Current Evaluation = 450(450)
Front Size = 10
17 18 2 5 30 3 1 2 7 0 2 7 1 2 7 0 2 7 13 6 3 12 16 2 1 2 7 16 30 2 5 31 3 0 2 7 8 9 2 0 2 7 0 2 7 1 2 7 0 2 7 0 2 7 17 18 2 0 2 7 0 2 7 0 2 7 12 16 2 5 30 3 1 2 7 12 16 2 5 31 3 0 2 7 12 16 2 1 2 4 0 2 7 0 2 7 16 30 2 1 2 7 0 2 7 1 2 7 0 2 7 1 2 7 0 2 4 0 2 7 0 40.7925076484680176
0 2 7 0 2 3 0 2 7 5 30 3 5 31 3 0 2 3 0 2 3 0 2 7 16 19 11 0 2 11 0 2 3 1 2 3 16 6 2 12 16 2 0 2 3 5 30 3 9 2 7 0 2 3 0 2 3 0 2 3 1 2 3 5 30 3 1 2 3 5 30 3 0 2 3 0 2 12 5 30 3 0 2 3 0 2 7 0 2 3 0 2 7 16 19 12 0 2 7 0 2 3 0 2 7 16 19 12 0 2 7 0 2 3 0 2 3 16 19 12 0 44.3501118421554565
8 18 2 16 19 12 8 18 2 0 2 8 1 2 8 0 2 8 12 16 2 12 16 2 16 19 12 0 2 8 5 30 3 0 2 8 8 18 2 1 2 8 0 2 8 5 30 3 8 18 2 0 2 8 0 2 8 8 9 2 0 2 8 0 2 8 0 2 8 0 2 8 0 2 8 16 19 12 1 2 8 5 30 3 0 2 8 16 19 12 0 2 8 5 30 3 8 18 2 1 2 8 12 16 2 0 2 8 0 2 8 0 2 8 5 30 3 0 2 8 0.000872501400828283894 46.228583812713623
0 2 4 0 2 7 0 2 3 5 30 3 0 2 3 0 2 7 16 18 11 0 2 7 16 6 2 12 16 2 6 2 7 5 30 3 5 30 3 5 30 3 1 2 3 12 16 2 1 2 3 0 2 3 0 2 7 0 2 7 13 6 3 0 2 7 1 2 3 0 2 7 1 2 7 1 2 7 0 2 7 0 2 7 12 16 2 8 18 2 0 2 3 0 2 3 12 16 2 1 2 3 0 2 3 16 19 11 0 2 3 1 2 3 0 2 7 17 18 2 0 42.362824559211731
17 18 2 0 2 1 12 16 2 5 30 3 5 30 3 5 30 3 5 30 3 12 16 2 1 2 7 0 2 11 8 18 2 0 2 7 16 19 11 1 2 7 0 2 11 0 2 7 0 2 7 8 18 2 0 2 11 0 2 7 17 18 2 0 2 7 0 2 11 6 2 11 0 2 4 5 30 3 0 2 7 1 2 11 1 2 7 0 2 11 0 2 7 0 2 7 8 9 2 1 2 11 17 9 2 0 2 7 0 2 7 0 2 7 1 2 7 1 2 7 0 42.6547337770462036
0 2 3 1 2 7 5 30 3 0 2 7 0 2 7 0 2 7 16 6 2 12 16 2 5 30 3 5 31 3 5 31 3 0 2 7 1 2 7 0 2 7 0 2 7 0 2 7 6 2 3 0 2 7 0 2 7 1 2 7 0 2 7 0 2 7 0 2 7 0 2 7 0 2 7 0 2 7 0 2 7 16 19 11 12 16 2 0 2 7 0 2 7 0 2 3 0 2 7 5 31 3 16 6 2 0 2 7 5 30 3 16 19 11 16 19 11 0 2 7 0 42.4108452796936035
0 2 3 0 2 11 0 2 3 5 30 3 5 30 3 12 16 2 0 2 8 0 2 3 0 2 8 0 2 8 0 2 11 0 2 3 0 2 8 8 18 2 5 30 3 5 30 3 0 2 7 0 2 8 0 2 8 1 2 7 1 2 11 5 30 3 0 2 8 0 2 8 0 2 7 12 16 2 16 19 11 16 19 11 16 19 11 0 2 3 0 2 8 0 2 3 8 9 2 0 2 8 0 2 7 0 2 8 5 30 3 0 2 8 16 6 2 12 16 2 0 45.2846682071685791
17 18 2 16 6 2 17 18 2 0 2 11 0 2 11 6 2 7 12 16 2 12 16 2 16 19 11 0 2 11 5 30 3 0 2 11 5 30 3 0 2 11 0 2 7 5 30 3 8 18 2 0 2 3 0 2 11 0 2 7 0 2 7 0 2 11 0 2 3 1 2 11 0 2 10 13 6 3 1 2 7 5 30 3 0 2 7 0 2 11 0 2 10 5 30 3 12 16 2 0 2 11 12 16 2 0 2 7 0 2 7 0 2 11 5 30 3 6 2 11 0 43.258385956287384
1 2 8 0 2 7 0 2 7 1 2 8 5 30 3 5 30 3 0 2 7 0 2 7 0 2 7 16 19 11 8 9 2 0 2 8 0 2 7 13 6 3 16 6 2 1 2 8 12 16 2 0 2 8 5 30 3 0 2 7 0 2 8 0 2 8 16 6 2 0 2 7 0 2 8 1 2 7 0 2 3 5 30 3 0 2 7 1 2 7 16 19 11 0 2 7 8 9 2 0 2 8 5 30 3 16 18 8 0 2 3 0 2 3 5 30 3 0 2 7 0.000620891607594271705 43.0074476003646851
8 18 2 5 30 3 5 30 3 0 2 7 1 2 7 0 2 7 13 6 3 12 16 2 1 2 11 0 2 3 0 2 7 0 2 3 0 2 7 5 31 3 1 2 3 0 2 7 12 16 2 5 30 3 6 2 3 12 16 2 12 16 2 0 2 7 16 30 2 0 2 7 16 30 2 0 2 7 0 2 7 0 2 7 16 19 11 17 9 2 0 2 7 0 2 7 0 2 7 5 30 3 1 2 7 0 2 7 0 2 3 0 2 7 1 2 7 1 2 7 0 41.8019274473190308

Current Evaluation = 900(900)
Front Size = 10
17 18 2 5 30 3 1 2 7 0 2 7 1 2 7 0 2 7 13 6 3 12 16 2 1 2 7 16 30 2 5 31 3 0 2 7 8 9 2 0 2 7 0 2 7 1 2 7 0 2 7 0 2 7 17 18 2 0 2 7 0 2 7 0 2 7 12 16 2 5 30 3 1 2 7 12 16 2 5 31 3 0 2 7 12 16 2 1 2 4 0 2 7 0 2 7 16 30 2 1 2 7 0 2 7 1 2 7 0 2 7 1 2 7 0 2 4 0 2 7 0 40.7925076484680176
17 18 2 16 6 2 17 18 2 0 2 11 0 2 11 6 2 7 12 16 2 12 16 2 16 19 11 0 2 11 5 30 3 0 2 11 5 30 3 0 2 11 0 2 7 5 30 3 8 18 2 0 2 3 0 2 11 0 2 7 0 2 7 0 2 11 0 2 3 1 2 11 0 2 10 13 6 3 1 2 7 5 30 3 0 2 7 0 2 11 0 2 10 5 30 3 12 16 2 0 2 11 12 16 2 0 2 7 0 2 7 0 2 11 5 30 3 6 2 11 0 43.258385956287384
5 30 3 12 16 2 5 30 3 0 2 3 0 2 7 1 2 3 0 2 3 1 2 3 1 2 7 1 2 3 1 2 3 0 2 7 0 2 3 0 2 7 0 2 7 0 2 7 12 16 2 17 18 2 0 2 7 1 2 7 0 2 3 0 2 3 0 2 7 8 9 2 0 2 3 16 6 2 1 2 7 12 16 2 13 6 3 5 30 3 0 2 3 0 2 3 0 2 3 0 2 3 1 2 7 16 19 11 16 6 2 0 2 7 0 2 7 5 30 3 0 42.1875165700912476
17 18 2 5 30 3 0 2 7 0 2 7 0 2 7 12 16 2 0 2 7 5 30 3 0 2 7 1 2 4 0 2 3 0 2 4 1 2 7 12 16 2 1 2 12 13 6 3 0 2 7 5 30 3 12 16 2 12 16 2 1 2 7 1 2 3 0 2 3 17 18 2 1 2 3 1 2 7 0 2 3 0 2 7 5 30 3 0 2 7 1 2 7 0 2 7 1 2 7 0 2 7 17 9 2 0 2 4 0 2 7 13 6 3 16 30 2 8 18 2 0 41.0619266033172607
0 2 3 0 2 11 0 2 3 5 30 3 5 30 3 12 16 2 0 2 8 0 2 3 0 2 8 0 2 8 0 2 11 0 2 3 0 2 8 8 18 2 5 30 3 5 30 3 0 2 7 0 2 8 0 2 8 1 2 7 1 2 11 5 30 3 0 2 8 0 2 8 0 2 7 12 16 2 16 19 11 16 19 11 16 19 11 0 2 3 0 2 8 0 2 3 8 9 2 0 2 8 0 2 7 0 2 8 5 30 3 0 2 8 16 6 2 12 16 2 0 45.2846682071685791
1 2 8 0 2 7 0 2 7 1 2 8 5 30 3 5 30 3 0 2 7 0 2 7 0 2 7 16 19 11 8 9 2 0 2 8 0 2 7 13 6 3 16 6 2 1 2 8 12 16 2 0 2 8 5 30 3 0 2 7 0 2 8 0 2 8 16 6 2 0 2 7 0 2 8 1 2 7 0 2 3 5 30 3 0 2 7 1 2 7 16 19 11 0 2 7 8 9 2 0 2 8 5 30 3 16 18 8 0 2 3 0 2 3 5 30 3 0 2 7 0.000620891607594271705 43.0074476003646851
17 18 2 5 30 3 0 2 7 1 2 1 1 2 7 0 2 7 12 16 2 1 2 7 5 30 3 17 9 2 0 2 11 0 2 7 0 2 7 1 2 7 0 2 7 8 18 2 0 2 7 0 2 11 0 2 1 12 16 2 5 30 3 1 2 7 0 2 7 6 2 7 5 30 3 0 2 7 5 30 3 12 16 2 0 2 7 12 16 2 8 18 2 0 2 7 0 2 7 16 32 2 17 9 2 0 2 11 0 2 7 6 2 7 0 2 11 8 18 2 0 42.5030298233032227
5 31 3 12 16 2 0 2 7 0 2 7 5 30 3 0 2 7 0 2 7 0 2 7 0 2 7 0 2 7 0 2 7 0 2 7 0 2 7 1 2 7 0 2 7 1 2 7 0 2 7 5 30 3 6 2 7 0 2 7 5 30 3 1 2 7 16 19 11 1 2 7 0 2 7 16 6 2 0 2 7 0 2 7 16 19 11 5 31 3 0 2 7 5 31 3 17 18 2 6 2 10 0 2 7 0 2 7 1 2 7 17 9 2 0 2 7 0 2 7 0 41.8234164118766785
8 18 2 16 19 12 8 18 2 0 2 8 1 2 8 0 2 8 12 16 2 12 16 2 16 19 12 0 2 8 5 30 3 0 2 8 8 18 2 1 2 8 0 2 8 5 30 3 8 18 2 0 2 8 0 2 8 8 9 2 0 2 8 0 2 8 0 2 8 0 2 8 0 2 8 16 19 12 1 2 8 5 30 3 0 2 8 16 19 12 0 2 8 5 30 3 8 18 2 1 2 8 12 16 2 0 2 8 0 2 8 0 2 8 5 30 3 0 2 8 0.000872501400828283894 46.228583812713623
12 16 2 5 30 3 5 30 3 5 30 3 8 18 2 6 2 7 8 18 2 0 2 7 1 2 8 0 2 7 0 2 7 16 19 12 1 2 7 1 2 7 0 2 7 0 2 7 0 2 8 17 9 2 0 2 7 0 2 8 17 18 2 6 2 10 1 2 7 0 2 8 0 2 7 16 19 11 0 2 7 0 2 7 0 2 8 16 19 12 5 31 3 5 30 3 8 18 2 1 2 8 0 2 7 0 2 8 1 2 7 16 6 2 5 31 3 0 2 8 0.0402091443607157928 43.132250964641571

Current Evaluation = 1350(1350)
Front Size = 10
12 16 2 12 16 2 0 2 7 1 2 7 0 2 7 0 2 7 1 2 7 17 9 2 12 16 2 17 18 2 0 2 7 0 2 7 0 2 7 1 2 7 6 2 7 1 2 7 13 6 3 0 2 7 17 9 2 1 2 7 0 2 7 0 2 4 0 2 7 1 2 7 1 2 4 5 30 3 0 2 7 5 31 3 0 2 7 1 2 7 0 2 7 1 2 7 0 2 7 1 2 7 0 2 7 17 18 2 1 2 7 13 6 3 5 31 3 0 2 7 0 40.2815956473350525
5 30 3 5 30 3 0 2 7 12 16 2 1 2 11 8 9 2 0 2 10 0 2 7 0 2 7 1 2 7 8 18 2 9 2 7 5 30 3 12 16 2 0 2 7 5 31 3 17 18 2 16 18 11 6 2 7 0 2 7 6 2 3 0 2 11 17 18 2 0 2 7 6 2 7 0 2 7 0 2 10 0 2 7 1 3 2 1 2 7 12 16 2 0 2 7 12 16 2 16 6 2 0 2 7 0 2 7 12 16 2 0 2 7 0 2 7 5 30 3 0 42.4584143757820129
17 9 2 6 2 11 0 2 7 0 2 11 12 16 2 12 16 2 16 19 11 0 2 11 12 16 2 0 2 7 8 9 2 0 2 4 0 2 7 5 30 3 17 18 2 1 2 7 0 2 11 1 2 7 1 2 11 5 30 3 0 2 7 5 30 3 12 16 2 12 16 2 12 16 2 0 2 7 1 2 4 8 18 2 0 2 1 16 18 8 0 2 7 12 16 2 0 2 11 13 6 3 0 2 11 0 2 11 8 9 2 0 2 7 5 30 3 0 2 11 0 43.2541717290878296
17 18 2 17 18 2 0 2 7 12 16 2 12 16 2 5 30 3 1 2 7 1 2 7 0 2 7 13 6 3 0 2 7 0 2 7 12 16 2 0 2 7 0 2 11 16 30 2 1 2 11 0 2 4 17 18 2 5 31 3 1 2 7 0 2 7 1 2 7 6 2 4 8 18 2 0 2 7 0 2 4 0 2 11 0 2 7 0 2 3 1 2 3 0 2 7 0 2 7 0 2 7 5 30 3 0 2 7 1 2 7 1 2 4 5 30 3 1 2 7 0 41.1481397747993469
0 2 3 0 2 11 0 2 3 5 30 3 5 30 3 12 16 2 0 2 8 0 2 3 0 2 8 0 2 8 0 2 11 0 2 3 0 2 8 8 18 2 5 30 3 5 30 3 0 2 7 0 2 8 0 2 8 1 2 7 1 2 11 5 30 3 0 2 8 0 2 8 0 2 7 12 16 2 16 19 11 16 19 11 16 19 11 0 2 3 0 2 8 0 2 3 8 9 2 0 2 8 0 2 7 0 2 8 5 30 3 0 2 8 16 6 2 12 16 2 0 45.2846682071685791
6 2 7 0 2 7 5 31 3 5 31 3 12 16 2 0 2 4 0 2 7 5 30 3 5 30 3 0 2 7 0 2 7 0 2 7 12 16 2 16 18 11 0 2 7 0 2 7 0 2 7 0 2 7 16 31 2 12 16 2 0 2 7 16 6 2 0 2 7 0 2 7 0 2 7 12 16 2 12 16 2 0 2 3 0 2 7 6 2 7 1 2 7 0 2 7 1 2 7 16 19 11 6 2 7 0 2 7 1 2 7 0 2 7 5 31 3 1 2 7 0 42.0952894687652588
5 30 3 5 30 3 1 2 7 5 30 3 0 2 7 0 2 7 0 2 7 0 2 7 0 2 7 8 9 2 16 19 11 1 2 7 5 30 3 12 16 2 0 2 7 5 30 3 0 2 7 16 19 11 1 2 10 12 16 2 0 2 7 1 2 7 0 2 7 8 9 2 0 2 7 12 16 2 0 2 7 8 18 2 0 2 7 17 9 2 0 2 10 12 16 2 0 2 7 0 2 7 0 2 7 0 2 7 1 2 7 0 2 7 16 19 11 0 2 7 0 42.646010160446167
16 24 2 0 2 11 0 2 7 12 16 2 12 16 2 16 19 11 5 30 3 5 30 3 0 2 7 5 30 3 8 18 2 0 2 7 1 2 11 0 2 7 0 2 7 0 2 7 0 2 7 5 30 3 5 30 3 12 16 2 12 16 2 17 18 2 8 18 2 0 2 7 0 2 7 0 2 7 8 9 2 0 2 11 0 2 11 0 2 7 1 2 11 0 2 11 0 2 11 0 2 11 1 2 4 12 16 2 0 2 7 0 2 7 16 19 11 6 2 7 0 43.1854385733604431
1 2 3 0 2 3 5 30 3 5 30 3 1 2 3 1 2 7 0 2 3 0 2 3 12 16 2 0 2 7 0 2 7 0 2 7 0 2 3 0 2 3 0 2 7 0 2 3 0 2 7 1 2 7 0 2 3 0 2 3 0 2 3 16 19 11 1 2 7 0 2 7 0 2 3 5 30 3 0 2 3 12 16 2 1 2 3 0 2 7 5 30 3 16 6 2 0 2 3 0 2 3 8 18 2 1 2 3 0 2 7 16 18 8 16 19 12 5 30 3 0 43.4643806219100952
1 2 8 0 2 7 0 2 7 1 2 8 5 30 3 5 30 3 0 2 7 0 2 7 0 2 7 16 19 11 8 9 2 0 2 8 0 2 7 13 6 3 16 6 2 1 2 8 12 16 2 0 2 8 5 30 3 0 2 7 0 2 8 0 2 8 16 6 2 0 2 7 0 2 8 1 2 7 0 2 3 5 30 3 0 2 7 1 2 7 16 19 11 0 2 7 8 9 2 0 2 8 5 30 3 16 18 8 0 2 3 0 2 3 5 30 3 0 2 7 0.000620891607594271705 43.0074476003646851

Current Evaluation = 1800(1800)
Front Size = 10
12 16 2 12 16 2 0 2 7 1 2 7 0 2 7 0 2 7 1 2 7 12 16 2 17 18 2 0 2 7 0 2 7 0 2 7 1 2 7 1 2 7 1 2 7 0 2 7 1 2 7 0 2 7 5 30 3 0 2 7 5 31 3 0 2 7 0 2 7 0 2 7 0 2 7 0 2 7 17 9 2 13 6 3 17 9 2 1 2 7 1 2 7 1 2 4 1 2 7 0 2 4 1 2 7 0 2 7 17 18 2 6 2 7 13 6 3 5 31 3 0 40.2815956473350525
0 2 3 0 2 11 0 2 3 5 30 3 5 30 3 12 16 2 0 2 8 0 2 3 0 2 8 0 2 8 0 2 11 0 2 3 0 2 8 8 18 2 5 30 3 5 30 3 0 2 7 0 2 8 0 2 8 1 2 7 1 2 11 5 30 3 0 2 8 0 2 8 0 2 7 12 16 2 16 19 11 16 19 11 16 19 11 0 2 3 0 2 8 0 2 3 8 9 2 0 2 8 0 2 7 0 2 8 5 30 3 0 2 8 16 6 2 12 16 2 0 45.2846682071685791
0 2 7 5 31 3 5 31 3 6 2 7 0 2 7 12 16 2 5 31 3 5 30 3 0 2 7 0 2 7 0 2 7 5 31 3 16 19 11 16 6 2 5 30 3 1 2 7 16 6 2 0 2 7 1 2 7 0 2 7 0 2 10 6 2 7 0 2 7 0 2 7 0 2 7 0 2 7 6 2 3 16 6 2 0 2 11 0 2 7 0 2 7 17 18 2 1 2 7 0 2 7 0 2 7 0 2 7 0 2 11 12 16 2 6 2 7 0 2 7 0 41.7536386847496033
17 9 2 6 2 11 0 2 7 0 2 11 12 16 2 12 16 2 16 19 11 0 2 11 12 16 2 0 2 7 8 9 2 0 2 4 0 2 7 5 30 3 17 18 2 1 2 7 0 2 11 1 2 7 1 2 11 5 30 3 0 2 7 5 30 3 12 16 2 12 16 2 12 16 2 0 2 7 1 2 4 8 18 2 0 2 1 16 18 8 0 2 7 12 16 2 0 2 11 13 6 3 0 2 11 0 2 11 8 9 2 0 2 7 5 30 3 0 2 11 0 43.2541717290878296
17 18 2 17 18 2 12 16 2 12 16 2 5 30 3 0 2 7 0 2 7 13 6 3 0 2 7 0 2 4 0 2 7 0 2 7 0 2 4 0 2 7 1 2 11 0 2 7 0 2 7 0 2 7 0 2 7 1 2 11 1 2 3 12 16 2 1 2 7 1 2 7 0 2 4 1 2 7 5 30 3 0 2 4 12 16 2 1 2 7 1 2 7 8 9 2 5 30 3 13 6 3 17 18 2 0 2 7 1 2 4 0 2 4 1 2 7 17 18 2 0 40.6660994291305542
0 2 7 5 31 3 5 30 3 16 30 2 0 2 3 1 2 7 12 16 2 0 2 3 1 2 7 0 2 3 0 2 7 0 2 3 0 2 7 16 19 11 0 2 7 5 30 3 0 2 7 5 30 3 16 6 2 0 2 3 16 19 11 5 31 3 0 2 3 0 2 3 1 2 7 16 6 2 0 2 3 0 2 3 0 2 7 0 2 7 0 2 7 0 2 7 0 2 7 0 2 7 0 2 7 1 2 7 0 2 7 5 30 3 0 2 3 1 2 7 0 42.4146965742111206
6 2 7 12 16 2 12 16 2 6 2 7 6 2 7 5 31 3 0 2 7 0 2 7 6 2 7 0 2 7 0 2 7 5 30 3 5 31 3 1 2 7 12 16 2 1 2 7 0 2 7 0 2 7 5 31 3 12 16 2 0 2 7 0 2 4 6 2 7 0 2 7 0 2 7 17 18 2 0 2 7 0 2 1 1 3 2 16 9 8 17 9 2 17 18 2 12 16 2 13 6 3 1 2 7 0 2 4 0 2 4 12 16 2 6 2 7 0 2 7 0 41.6761316061019897
1 2 7 0 2 7 5 30 3 1 2 3 0 2 7 0 2 7 0 2 3 12 16 2 0 2 7 0 2 7 1 2 7 0 2 7 6 2 7 0 2 3 0 2 3 1 2 7 5 30 3 12 16 2 0 2 7 5 30 3 0 2 3 1 2 7 8 18 2 0 2 7 1 2 7 12 16 2 13 6 3 17 18 2 16 15 2 0 2 7 0 2 3 17 18 2 0 2 7 0 2 7 5 30 3 1 2 7 16 31 2 6 2 7 0 2 7 0 2 7 0 41.3151335716247559
1 2 8 0 2 7 0 2 7 1 2 8 5 30 3 5 30 3 0 2 7 0 2 7 0 2 7 16 19 11 8 9 2 0 2 8 0 2 7 13 6 3 16 6 2 1 2 8 12 16 2 0 2 8 5 30 3 0 2 7 0 2 8 0 2 8 16 6 2 0 2 7 0 2 8 1 2 7 0 2 3 5 30 3 0 2 7 1 2 7 16 19 11 0 2 7 8 9 2 0 2 8 5 30 3 16 18 8 0 2 3 0 2 3 5 30 3 0 2 7 0.000620891607594271705 43.0074476003646851
0 2 3 5 30 3 5 31 3 1 2 7 12 16 2 1 2 7 0 2 7 0 2 7 1 2 7 0 2 7 5 31 3 0 2 7 0 2 7 0 2 7 0 2 7 0 2 7 1 2 7 1 2 7 0 2 3 0 2 7 0 2 7 0 2 7 16 6 2 0 2 7 0 2 7 1 2 7 0 2 7 17 1 2 5 31 3 5 30 3 6 2 4 17 9 2 17 18 2 6 2 7 0 2 7 16 6 2 1 2 7 0 2 7 0 2 7 0 2 7 0 40.9474647045135498

Current Evaluation = 2250(2250)
Front Size = 10
12 16 2 12 16 2 0 2 7 1 2 7 0 2 7 0 2 7 1 2 7 12 16 2 17 18 2 0 2 7 0 2 7 0 2 7 1 2 7 1 2 7 1 2 7 0 2 7 1 2 7 0 2 7 5 30 3 0 2 7 5 31 3 0 2 7 0 2 7 0 2 7 0 2 7 0 2 7 17 9 2 13 6 3 17 9 2 1 2 7 1 2 7 1 2 4 1 2 7 0 2 4 1 2 7 0 2 7 17 18 2 6 2 7 13 6 3 5 31 3 0 40.2815956473350525
0 2 4 0 2 7 12 16 2 1 2 7 0 2 3 1 2 7 8 18 2 0 2 3 1 2 7 12 16 2 12 16 2 1 2 7 5 30 3 5 31 3 16 6 2 0 2 7 0 2 7 0 2 3 0 2 7 0 2 7 0 2 7 0 2 7 17 18 2 1 2 7 12 16 2 12 16 2 0 2 3 1 2 7 0 2 3 1 2 7 8 9 2 0 2 7 16 6 2 5 30 3 16 6 2 13 6 3 0 2 7 1 2 3 0 2 7 0 2 3 0 41.3601515293121338
17 18 2 17 18 2 12 16 2 12 16 2 5 30 3 0 2 7 0 2 7 13 6 3 0 2 7 0 2 4 0 2 7 0 2 7 0 2 4 0 2 7 1 2 11 0 2 7 0 2 7 0 2 7 0 2 7 1 2 11 1 2 3 12 16 2 1 2 7 1 2 7 0 2 4 1 2 7 5 30 3 0 2 4 12 16 2 1 2 7 1 2 7 8 9 2 5 30 3 13 6 3 17 18 2 0 2 7 1 2 4 0 2 4 1 2 7 17 18 2 0 40.6660994291305542
6 2 7 6 2 7 0 2 7 0 2 7 12 16 2 1 2 7 0 2 4 0 2 7 1 2 7 1 2 7 0 2 7 0 2 11 12 16 2 1 2 7 0 2 7 0 2 7 0 2 7 12 16 2 13 6 3 17 18 2 17 18 2 5 30 3 5 31 3 0 2 7 0 2 7 5 31 3 1 2 7 16 30 2 12 16 2 5 31 3 0 2 4 1 2 7 0 2 7 0 2 7 0 2 3 0 2 7 16 30 2 0 2 7 1 2 12 1 2 3 0 41.1341679096221924
0 2 3 0 2 11 0 2 3 5 30 3 5 30 3 12 16 2 0 2 8 0 2 3 0 2 8 0 2 8 0 2 11 0 2 3 0 2 8 8 18 2 5 30 3 5 30 3 0 2 7 0 2 8 0 2 8 1 2 7 1 2 11 5 30 3 0 2 8 0 2 8 0 2 7 12 16 2 16 19 11 16 19 11 16 19 11 0 2 3 0 2 8 0 2 3 8 9 2 0 2 8 0 2 7 0 2 8 5 30 3 0 2 8 16 6 2 12 16 2 0 45.2846682071685791
1 2 7 0 2 7 5 30 3 1 2 3 0 2 7 0 2 7 0 2 3 12 16 2 0 2 7 0 2 7 1 2 7 0 2 7 1 2 7 0 2 7 0 2 3 1 2 7 5 30 3 12 16 2 0 2 7 5 30 3 0 2 3 1 2 7 8 18 2 0 2 7 1 2 7 12 16 2 13 6 3 17 18 2 16 15 2 0 2 7 0 2 7 17 18 2 0 2 7 0 2 7 5 30 3 0 2 7 16 31 2 6 2 3 0 2 7 0 2 7 0 41.3093924522399902
0 2 7 1 2 7 12 16 2 6 2 4 0 2 7 0 2 7 0 2 7 1 2 7 1 2 7 0 2 7 0 2 7 12 16 2 12 16 2 17 9 2 12 16 2 12 16 2 12 16 2 5 30 3 5 31 3 16 6 2 5 30 3 1 2 4 0 2 7 1 2 7 0 2 7 6 2 7 0 2 7 0 2 7 6 3 2 8 9 2 0 2 7 8 18 2 5 31 3 16 31 2 6 2 7 0 2 4 0 2 7 0 2 7 17 9 2 0 2 7 0 41.502809464931488
0 2 7 12 16 2 5 30 3 0 2 7 12 16 2 0 2 7 6 2 7 6 2 7 0 2 7 1 2 7 16 19 11 5 31 3 5 31 3 16 6 2 0 2 7 0 2 7 0 2 7 5 31 3 5 30 3 0 2 7 16 19 11 0 2 7 0 2 7 5 31 3 0 2 7 0 2 7 0 2 7 0 2 7 0 2 7 0 2 7 1 2 7 0 2 7 16 19 11 0 2 7 0 2 7 6 2 7 0 2 7 0 2 7 17 9 2 1 2 7 0 42.2263974547386169
0 2 7 6 2 4 17 18 2 0 2 7 0 2 11 0 2 4 0 2 7 0 2 4 12 16 2 12 16 2 1 2 7 12 16 2 12 16 2 12 16 2 5 31 3 0 2 7 0 2 4 0 2 11 13 6 3 17 18 2 1 2 7 5 31 3 1 2 7 16 9 11 12 16 2 0 2 7 1 2 4 0 2 7 1 2 7 0 2 4 0 2 7 1 2 7 0 2 7 1 2 11 16 6 2 5 31 3 0 2 7 1 2 7 12 16 2 0 2 4 0 41.6093486547470093
17 9 2 1 2 7 12 16 2 12 16 2 12 16 2 0 2 7 13 6 3 0 2 7 0 2 7 5 31 3 0 2 3 0 2 7 13 6 3 12 16 2 12 16 2 12 16 2 0 2 7 0 2 3 17 9 2 0 2 7 0 2 4 5 30 3 0 2 4 16 20 12 0 2 7 5 31 3 0 2 3 6 2 7 0 2 7 5 30 3 6 2 7 16 19 11 0 2 7 1 2 7 0 2 4 1 2 4 12 16 2 1 2 7 0 2 7 6 2 7 0 41.6800704598426819

Current Evaluation = 2700(2700)
Front Size = 10
12 16 2 12 16 2 0 2 7 1 2 7 0 2 7 0 2 7 1 2 7 12 16 2 17 18 2 0 2 7 0 2 7 0 2 7 1 2 7 1 2 7 1 2 7 0 2 7 1 2 7 0 2 7 5 30 3 0 2 7 5 31 3 0 2 7 0 2 7 0 2 7 0 2 7 0 2 7 17 9 2 13 6 3 17 9 2 1 2 7 1 2 7 1 2 4 1 2 7 0 2 4 1 2 7 0 2 7 17 18 2 6 2 7 13 6 3 5 31 3 0 40.2815956473350525
0 2 4 0 2 7 17 18 2 0 2 7 12 16 2 15 2 11 12 16 2 12 16 2 12 16 2 5 30 3 5 30 3 0 2 7 13 6 3 0 2 7 17 18 2 1 2 7 1 2 4 0 2 4 17 9 2 0 2 7 12 16 2 0 2 7 5 30 3 8 9 2 16 15 2 1 2 7 6 2 7 0 2 4 1 2 7 1 2 7 8 18 2 0 2 7 1 2 7 1 2 7 0 2 7 0 2 7 0 2 7 0 2 4 0 2 4 0 2 7 0 41.0667324662208557
17 18 2 17 18 2 12 16 2 12 16 2 5 30 3 0 2 7 0 2 4 13 6 3 0 2 7 0 2 7 1 2 7 0 2 7 0 2 7 0 2 7 1 2 3 0 2 7 0 2 3 0 2 7 0 2 7 1 2 7 1 2 7 1 2 7 1 2 7 1 2 7 0 2 11 1 2 7 5 30 3 0 2 7 12 16 2 1 2 7 1 2 11 8 9 2 5 30 3 13 6 3 17 18 2 0 2 7 1 2 4 0 2 4 0 2 7 17 18 2 0 40.6077495813369751
12 16 2 12 16 2 5 30 3 12 16 2 0 2 7 0 2 7 0 2 7 12 16 2 0 2 7 5 30 3 8 9 2 5 30 3 8 9 2 15 2 11 1 2 7 0 2 7 0 2 7 0 2 7 0 2 7 0 2 7 0 2 7 0 2 7 17 18 2 0 2 7 0 2 7 0 2 7 1 2 7 15 2 11 0 2 7 0 2 7 12 16 2 1 2 7 16 19 11 0 2 7 5 30 3 5 30 3 0 2 7 16 19 11 0 2 7 16 19 11 0 42.9341490268707275
0 2 7 1 2 7 1 2 7 0 2 7 12 16 2 1 2 3 0 2 3 0 2 7 0 2 7 12 16 2 1 2 7 12 16 2 5 30 3 5 30 3 0 2 7 1 2 3 13 6 3 0 2 7 8 18 2 1 2 3 0 2 7 5 30 3 0 2 7 0 2 7 0 2 7 13 6 3 17 9 2 1 2 3 1 2 3 0 2 7 0 2 3 1 2 7 16 19 11 12 16 2 0 2 7 0 2 7 17 9 2 16 30 2 0 2 7 12 16 2 0 41.3281404972076416
0 2 3 0 2 11 0 2 3 5 30 3 5 30 3 12 16 2 0 2 8 0 2 3 0 2 8 0 2 8 0 2 11 0 2 3 0 2 8 8 18 2 5 30 3 5 30 3 0 2 7 0 2 8 0 2 8 1 2 7 1 2 11 5 30 3 0 2 8 0 2 8 0 2 7 12 16 2 16 19 11 16 19 11 16 19 11 0 2 3 0 2 8 0 2 3 8 9 2 0 2 8 0 2 7 0 2 8 5 30 3 0 2 8 16 6 2 12 16 2 0 45.2846682071685791
0 2 7 1 2 7 0 2 7 0 2 7 12 16 2 1 2 4 0 2 7 0 2 7 0 2 7 0 2 7 12 16 2 17 18 2 0 2 7 12 16 2 5 30 3 5 30 3 1 2 7 17 9 2 12 16 2 1 2 4 0 2 7 0 2 7 12 16 2 17 9 2 6 2 7 1 2 11 5 31 3 0 2 10 9 2 7 5 31 3 0 2 7 6 2 4 2 3 3 13 6 3 16 30 2 0 2 7 1 2 4 0 2 7 6 2 7 0 2 10 0 41.5476396679878235
0 2 4 0 2 7 12 16 2 1 2 7 0 2 3 1 2 7 8 18 2 0 2 3 1 2 7 12 16 2 12 16 2 1 2 7 5 30 3 5 31 3 16 6 2 0 2 7 0 2 7 0 2 3 0 2 7 0 2 7 0 2 7 0 2 7 17 18 2 1 2 7 12 16 2 12 16 2 0 2 3 1 2 7 0 2 3 1 2 7 8 9 2 0 2 7 16 6 2 5 30 3 16 6 2 13 6 3 0 2 7 1 2 3 0 2 7 0 2 3 0 41.3601515293121338
0 2 7 0 2 7 1 2 11 0 2 7 12 16 2 1 2 7 0 2 4 0 2 11 0 2 7 1 2 4 12 16 2 1 2 11 6 2 4 12 16 2 5 30 3 5 30 3 0 2 7 17 9 2 12 16 2 13 6 3 0 2 1 1 2 7 12 16 2 17 18 2 0 2 7 0 2 4 5 30 3 0 2 7 0 2 11 0 2 7 0 2 4 13 6 3 17 9 2 8 9 2 1 2 7 8 9 2 0 2 7 16 6 2 12 16 2 12 16 2 0 41.4611044526100159
12 16 2 12 16 2 5 30 3 0 2 7 0 2 7 0 2 7 1 2 11 12 16 2 1 2 7 5 30 3 8 9 2 5 30 3 0 2 8 0 2 8 13 6 3 0 2 4 5 30 3 0 2 7 0 2 8 0 2 7 16 6 2 0 2 3 0 2 7 0 2 8 0 2 8 0 2 8 0 2 8 0 2 4 1 2 7 0 2 3 0 2 8 1 2 7 0 2 8 13 6 3 16 19 11 0 2 7 5 30 3 0 2 4 0 2 11 17 18 2 0.00168107962174732705 42.9315210580825806

Current Evaluation = 3150(3150)
Front Size = 10
12 16 2 12 16 2 0 2 7 1 2 7 0 2 7 0 2 7 1 2 7 12 16 2 17 18 2 0 2 7 0 2 7 0 2 7 1 2 7 1 2 7 1 2 7 0 2 7 1 2 7 0 2 7 5 30 3 0 2 7 5 31 3 0 2 7 0 2 7 0 2 7 0 2 7 0 2 7 17 9 2 13 6 3 17 9 2 1 2 7 1 2 7 1 2 4 1 2 7 0 2 4 1 2 7 0 2 7 17 18 2 6 2 7 13 6 3 5 31 3 0 40.2815956473350525
0 2 4 0 2 7 12 16 2 1 2 7 0 2 3 1 2 7 8 18 2 0 2 3 1 2 7 12 16 2 12 16 2 1 2 7 5 30 3 5 31 3 16 6 2 0 2 7 0 2 7 0 2 3 0 2 7 0 2 7 0 2 7 0 2 7 17 18 2 1 2 7 12 16 2 12 16 2 0 2 3 1 2 7 0 2 3 1 2 7 8 9 2 0 2 7 16 6 2 5 30 3 16 6 2 13 6 3 0 2 7 1 2 3 0 2 7 0 2 3 0 41.3601515293121338
1 2 7 1 2 3 0 2 7 1 2 4 1 2 11 0 2 3 1 2 7 12 16 2 0 2 7 12 16 2 5 31 3 1 2 7 13 6 3 5 30 3 0 2 4 5 30 3 0 2 7 0 2 7 13 6 3 17 9 2 12 16 2 17 9 2 0 2 4 0 2 7 17 18 2 0 2 7 1 2 7 0 2 7 6 2 7 1 2 4 12 16 2 0 2 4 0 2 7 17 18 2 0 2 7 1 2 7 0 2 4 0 2 4 1 2 7 0 2 7 0 40.5992665886878967
0 2 7 1 2 4 1 2 7 6 2 7 12 16 2 0 2 7 0 2 7 0 2 4 0 2 7 12 16 2 17 18 2 0 2 7 12 16 2 5 31 3 5 30 3 6 2 7 12 16 2 0 2 7 6 2 7 12 16 2 5 31 3 13 6 3 1 2 7 0 2 7 1 2 7 16 30 2 0 2 7 0 2 7 1 2 7 0 2 7 5 31 3 0 2 7 16 30 2 2 3 3 17 18 2 0 2 4 1 2 4 12 16 2 0 2 7 0 2 7 0 41.1742357611656189
0 2 7 0 2 7 17 18 2 0 2 7 12 16 2 0 2 7 12 16 2 12 16 2 12 16 2 5 30 3 0 2 4 13 6 3 0 2 4 17 9 2 0 2 7 1 2 7 1 2 7 1 2 7 6 2 4 5 30 3 0 2 7 0 2 7 1 2 7 5 30 3 0 2 7 1 2 11 0 2 7 0 2 4 1 2 10 0 2 7 17 18 2 17 9 2 0 2 11 5 30 3 1 2 11 1 2 4 0 2 7 8 9 2 13 6 3 0 2 7 0 40.97718745470047
1 2 7 0 2 7 1 2 7 12 16 2 0 2 7 12 16 2 5 31 3 1 2 7 13 6 3 5 30 3 0 2 7 5 30 3 0 2 7 0 2 7 13 6 3 17 9 2 12 16 2 0 2 7 17 18 2 0 2 11 1 2 7 0 2 7 12 16 2 0 2 7 0 2 7 1 2 3 0 2 7 0 2 7 1 2 7 5 30 3 1 2 7 0 2 7 16 30 2 0 2 7 12 16 2 15 2 11 16 6 2 0 2 7 0 2 3 0 2 4 0 41.0009084939956665
0 2 3 0 2 11 0 2 3 5 30 3 5 30 3 12 16 2 0 2 8 0 2 3 0 2 8 0 2 8 0 2 11 0 2 3 0 2 8 8 18 2 5 30 3 5 30 3 0 2 7 0 2 8 0 2 8 1 2 7 1 2 11 5 30 3 0 2 8 0 2 8 0 2 7 12 16 2 16 19 11 16 19 11 16 19 11 0 2 3 0 2 8 0 2 3 8 9 2 0 2 8 0 2 7 0 2 8 5 30 3 0 2 8 16 6 2 12 16 2 0 45.2846682071685791
0 2 7 1 2 7 0 2 7 0 2 7 12 16 2 1 2 4 0 2 7 0 2 7 0 2 7 0 2 7 12 16 2 17 18 2 0 2 7 12 16 2 5 30 3 5 30 3 1 2 7 17 9 2 12 16 2 1 2 4 0 2 7 0 2 7 12 16 2 17 9 2 6 2 7 1 2 11 5 31 3 0 2 10 9 2 7 5 31 3 0 2 7 6 2 4 2 3 3 13 6 3 16 30 2 0 2 7 1 2 4 0 2 7 6 2 7 0 2 10 0 41.5476396679878235
1 2 7 12 16 2 12 16 2 0 2 7 5 30 3 0 2 7 0 2 7 17 18 2 0 2 7 6 2 7 0 2 7 0 2 7 6 2 7 1 2 7 0 2 7 0 2 7 0 2 7 0 2 7 0 2 7 1 2 7 0 2 7 16 19 11 0 2 7 17 9 2 0 2 7 5 31 3 0 2 7 5 30 3 0 2 7 0 2 7 5 30 3 5 31 3 16 19 11 0 2 8 0 2 7 6 2 7 5 30 3 0 2 7 13 6 3 1 2 7 0 41.8915814757347107
12 16 2 12 16 2 0 2 4 1 2 7 1 2 7 1 2 7 1 2 7 12 16 2 8 18 2 0 2 7 0 2 7 1 2 7 0 2 7 0 2 7 5 30 3 0 2 4 1 2 7 0 2 7 0 2 7 0 2 7 0 2 7 17 9 2 13 6 3 17 9 2 1 2 7 0 2 4 5 31 3 16 6 2 0 2 7 12 16 2 1 2 7 5 30 3 12 16 2 0 2 7 0 2 4 0 2 7 1 2 7 0 2 7 17 18 2 13 6 3 0 40.5217374563217163

Current Evaluation = 3600(3600)
Front Size = 10
12 16 2 12 16 2 0 2 7 1 2 7 0 2 7 0 2 7 1 2 7 12 16 2 17 18 2 0 2 7 0 2 7 0 2 7 1 2 7 1 2 7 1 2 7 0 2 7 1 2 7 0 2 7 5 30 3 0 2 7 5 31 3 0 2 7 0 2 7 0 2 7 0 2 7 0 2 7 17 9 2 13 6 3 17 9 2 1 2 7 1 2 7 1 2 4 1 2 7 0 2 4 1 2 7 0 2 7 17 18 2 6 2 7 13 6 3 5 31 3 0 40.2815956473350525
1 2 7 1 2 3 0 2 7 1 2 4 1 2 11 0 2 3 1 2 7 12 16 2 0 2 7 12 16 2 5 31 3 1 2 7 13 6 3 5 30 3 0 2 4 5 30 3 0 2 7 0 2 7 13 6 3 17 9 2 12 16 2 17 9 2 0 2 4 0 2 7 17 18 2 0 2 7 1 2 7 0 2 7 6 2 7 1 2 4 12 16 2 0 2 4 0 2 7 17 18 2 0 2 7 1 2 7 0 2 4 0 2 4 1 2 7 0 2 7 0 40.5992665886878967
1 2 3 0 2 7 12 16 2 0 2 7 1 2 7 5 30 3 0 2 7 12 16 2 12 16 2 1 2 7 5 30 3 0 2 3 0 2 7 0 2 7 0 2 7 0 2 7 1 2 7 8 18 2 0 2 7 12 16 2 0 2 7 13 6 3 16 6 2 5 30 3 0 2 7 0 2 7 5 30 3 16 19 11 0 2 7 0 2 3 16 19 11 0 2 3 0 2 7 8 9 2 0 2 7 1 2 7 17 18 2 0 2 7 5 30 3 0 2 7 0 42.1567162275314331
0 2 3 0 2 11 0 2 3 5 30 3 5 30 3 12 16 2 0 2 8 0 2 3 0 2 8 0 2 8 0 2 11 0 2 3 0 2 8 8 18 2 5 30 3 5 30 3 0 2 7 0 2 8 0 2 8 1 2 7 1 2 11 5 30 3 0 2 8 0 2 8 0 2 7 12 16 2 16 19 11 16 19 11 16 19 11 0 2 3 0 2 8 0 2 3 8 9 2 0 2 8 0 2 7 0 2 8 5 30 3 0 2 8 16 6 2 12 16 2 0 45.2846682071685791
0 2 7 0 2 7 12 16 2 0 2 7 1 2 7 5 30 3 1 2 4 12 16 2 12 16 2 1 2 7 5 30 3 5 31 3 0 2 7 0 2 7 0 2 7 0 2 7 0 2 7 0 2 7 17 18 2 6 2 7 12 16 2 1 2 7 0 2 7 6 2 7 13 6 3 0 2 7 1 2 11 0 2 7 13 6 3 0 2 7 1 2 7 0 2 7 17 9 2 0 2 7 1 2 4 17 18 2 0 2 7 5 31 3 16 6 2 0 2 7 0 40.7037944793701172
5 30 3 5 30 3 12 16 2 5 30 3 0 2 7 1 2 7 0 2 7 12 16 2 0 2 7 12 16 2 0 2 3 16 31 2 0 2 3 0 2 8 0 2 3 0 2 8 0 2 8 17 18 2 0 2 3 0 2 4 8 18 2 12 16 2 0 2 8 0 2 7 1 2 11 0 2 4 0 2 8 0 2 7 16 19 11 16 19 11 16 31 2 0 2 7 0 2 7 0 2 3 8 9 2 0 2 8 0 2 4 17 18 2 0 2 7 16 6 2 0.216064010851398675 42.8286408185958862
17 18 2 5 30 3 0 2 7 5 30 3 1 2 7 1 2 3 0 2 7 12 16 2 0 2 7 12 16 2 0 2 3 0 2 3 0 2 7 0 2 7 0 2 3 0 2 7 0 2 3 1 2 4 0 2 3 5 30 3 1 2 7 5 30 3 1 2 3 0 2 3 6 2 7 1 2 7 13 6 3 12 16 2 16 19 11 8 9 2 16 6 2 0 2 3 0 2 7 16 18 11 0 2 7 12 16 2 1 2 3 0 2 7 0 2 3 0 2 3 0 42.362824559211731
0 2 7 0 2 7 12 16 2 1 2 7 1 2 3 8 18 2 1 2 7 12 16 2 12 16 2 1 2 7 5 30 3 5 30 3 0 2 7 0 2 7 0 2 7 0 2 7 0 2 7 0 2 7 17 18 2 1 2 7 12 16 2 1 2 7 1 2 4 0 2 7 13 6 3 0 2 7 1 2 7 0 2 3 13 6 3 0 2 3 1 2 4 0 2 3 17 9 2 0 2 3 1 2 4 17 18 2 0 2 7 5 30 3 16 6 2 0 2 3 0 40.8231085538864136
0 2 7 1 2 7 12 16 2 1 2 7 0 2 3 0 2 4 0 2 7 1 2 7 5 30 3 1 2 7 1 2 7 0 2 7 0 2 7 17 9 2 1 2 4 8 18 2 0 2 7 13 6 3 5 30 3 0 2 7 17 9 2 0 2 7 0 2 7 0 2 7 17 18 2 5 31 3 0 2 4 12 16 2 0 2 3 1 2 7 0 2 7 1 2 7 0 2 7 1 2 7 0 2 4 1 2 7 0 2 7 5 30 3 0 2 3 16 6 2 0 40.8606256246566772
1 2 7 1 2 7 17 18 2 0 2 7 12 16 2 0 2 7 12 16 2 12 16 2 12 16 2 0 2 7 1 2 7 13 6 3 0 2 7 0 2 7 5 30 3 0 2 4 6 2 7 0 2 7 0 2 7 1 2 7 6 2 7 0 2 7 0 2 7 17 18 2 0 2 4 0 2 7 0 2 7 12 16 2 1 2 7 5 31 3 5 30 3 1 2 7 0 2 4 1 2 7 5 30 3 16 31 2 0 2 7 0 2 4 0 2 7 16 31 2 0 40.8999174833297729

Current Evaluation = 4050(4050)
Front Size = 10
0 2 7 0 2 4 0 2 7 1 2 7 12 16 2 0 2 7 12 16 2 5 31 3 1 2 7 13 6 3 5 31 3 0 2 7 1 2 7 0 2 4 13 6 3 17 9 2 12 16 2 17 9 2 1 2 7 17 18 2 0 2 7 1 2 7 0 2 7 1 2 7 1 2 7 17 18 2 0 2 7 0 2 7 1 2 7 0 2 7 1 2 7 1 2 7 6 2 7 5 30 3 0 2 7 1 2 7 0 2 7 0 2 7 0 2 7 0 2 7 0 40.2815956473350525
0 2 3 0 2 11 0 2 3 5 30 3 5 30 3 12 16 2 0 2 8 0 2 3 0 2 8 0 2 8 0 2 11 0 2 3 0 2 8 8 18 2 5 30 3 5 30 3 0 2 7 0 2 8 0 2 8 1 2 7 1 2 11 5 30 3 0 2 8 0 2 8 0 2 7 12 16 2 16 19 11 16 19 11 16 19 11 0 2 3 0 2 8 0 2 3 8 9 2 0 2 8 0 2 7 0 2 8 5 30 3 0 2 8 16 6 2 12 16 2 0 45.2846682071685791
0 2 7 0 2 7 12 16 2 1 2 7 1 2 3 8 18 2 1 2 7 12 16 2 12 16 2 1 2 7 5 30 3 5 30 3 0 2 7 0 2 7 0 2 7 0 2 7 0 2 7 0 2 7 17 18 2 1 2 7 12 16 2 1 2 7 1 2 4 0 2 7 13 6 3 0 2 7 1 2 7 0 2 3 13 6 3 0 2 3 1 2 4 0 2 3 17 9 2 0 2 3 1 2 4 17 18 2 0 2 7 5 30 3 16 6 2 0 2 3 0 40.8231085538864136
0 2 7 0 2 4 12 16 2 17 9 2 1 2 7 5 30 3 12 16 2 12 16 2 1 2 7 5 31 3 0 2 4 0 2 3 1 2 3 0 2 7 0 2 7 0 2 4 17 18 2 1 2 7 1 2 7 0 2 4 13 6 3 1 2 7 0 2 7 13 6 3 0 2 4 0 2 7 0 2 7 17 9 2 17 18 2 5 30 3 1 2 7 0 2 4 12 16 2 0 2 4 1 2 3 1 2 4 0 2 7 0 2 7 6 2 7 1 2 7 0 40.5796666741371155
0 2 7 1 2 7 0 2 7 0 2 7 16 6 2 13 6 3 0 2 7 12 16 2 0 2 7 12 16 2 5 30 3 0 2 7 5 30 3 0 2 7 5 30 3 0 2 7 0 2 7 8 9 2 12 16 2 1 2 7 17 18 2 0 2 7 12 16 2 0 2 7 1 2 7 8 9 2 0 2 7 16 15 2 0 2 7 1 2 7 0 2 7 0 2 7 1 2 7 5 30 3 17 18 2 1 2 7 0 2 3 8 9 2 1 2 7 0 2 7 0 41.1930533647537231
0 2 7 0 2 7 12 16 2 0 2 7 1 2 7 5 30 3 1 2 4 12 16 2 12 16 2 1 2 7 5 30 3 5 31 3 0 2 7 0 2 7 0 2 7 0 2 7 0 2 7 0 2 7 17 18 2 6 2 7 12 16 2 1 2 7 0 2 7 6 2 7 13 6 3 0 2 7 1 2 11 0 2 7 13 6 3 0 2 7 1 2 7 0 2 7 17 9 2 0 2 7 1 2 4 17 18 2 0 2 7 5 31 3 16 6 2 0 2 7 0 40.7037944793701172
0 2 7 1 2 7 12 16 2 1 2 7 0 2 3 0 2 4 0 2 7 1 2 7 5 30 3 1 2 7 1 2 7 0 2 7 0 2 7 17 9 2 1 2 4 8 18 2 0 2 7 13 6 3 5 30 3 0 2 7 17 9 2 0 2 7 0 2 7 0 2 7 17 18 2 5 31 3 0 2 4 12 16 2 0 2 3 1 2 7 0 2 7 1 2 7 0 2 7 1 2 7 0 2 4 1 2 7 0 2 7 5 30 3 0 2 3 16 6 2 0 40.8606256246566772
0 2 7 0 2 7 12 16 2 0 2 7 0 2 7 5 30 3 12 16 2 12 16 2 1 2 7 5 30 3 1 2 7 1 2 4 0 2 7 1 2 7 0 2 4 0 2 11 17 18 2 1 2 7 13 6 3 0 2 7 8 9 2 0 2 7 1 2 4 5 30 3 5 30 3 0 2 7 1 2 7 0 2 7 0 2 11 17 9 2 16 19 11 0 2 7 1 2 7 17 9 2 0 2 7 0 2 7 0 2 11 8 9 2 0 2 7 1 2 7 0 41.4165996313095093
0 2 7 0 2 4 12 16 2 0 2 3 1 2 7 12 16 2 12 16 2 0 2 7 5 31 3 5 31 3 0 2 7 0 2 3 0 2 7 0 2 7 0 2 7 0 2 7 17 18 2 1 2 7 12 16 2 1 2 7 0 2 7 13 6 3 6 2 7 1 2 7 0 2 7 17 18 2 1 2 4 5 30 3 16 6 2 16 6 2 1 2 7 1 2 7 8 9 2 0 2 7 1 2 7 1 2 3 0 2 7 0 2 7 0 2 7 0 2 7 0 40.8783596158027649
1 2 7 1 2 7 12 16 2 0 2 7 5 30 3 12 16 2 12 16 2 5 30 3 0 2 3 17 1 2 16 6 2 6 2 7 0 2 7 0 2 7 0 2 7 1 2 3 0 2 7 17 18 2 0 2 3 0 2 7 0 2 7 5 30 3 0 2 3 0 2 3 1 2 7 17 9 2 8 18 2 0 2 7 5 30 3 1 2 11 13 6 3 0 2 7 6 2 7 0 2 7 0 2 3 0 2 3 0 2 7 0 2 3 5 30 3 1 2 7 0 41.7297815084457397

Current Evaluation = 4500(4500)
Front Size = 10
0 2 7 0 2 7 12 16 2 17 9 2 0 2 7 5 31 3 12 16 2 0 2 7 1 2 7 5 31 3 0 2 7 0 2 7 0 2 7 0 2 7 1 2 7 0 2 7 17 18 2 1 2 7 6 2 7 0 2 7 13 6 3 1 2 7 0 2 4 13 6 3 0 2 7 0 2 7 1 2 7 17 9 2 17 18 2 5 30 3 0 2 7 1 2 7 12 16 2 0 2 7 1 2 7 1 2 4 1 2 7 0 2 7 1 2 7 1 2 7 0 40.2815956473350525
0 2 7 12 16 2 17 18 2 1 2 3 0 2 4 1 2 3 5 30 3 15 2 11 0 2 4 1 2 7 1 2 7 0 2 7 13 6 3 0 2 7 1 2 7 0 2 4 17 18 2 12 16 2 0 2 4 0 2 4 0 2 7 0 2 7 1 2 3 0 2 7 0 2 7 1 2 7 1 2 4 0 2 7 5 30 3 1 2 7 1 2 3 0 2 7 16 31 2 17 9 2 5 30 3 0 2 7 0 2 7 12 16 2 0 2 7 1 2 3 0 40.8988436460494995
1 2 7 1 2 7 12 16 2 0 2 7 5 30 3 12 16 2 12 16 2 5 30 3 0 2 3 17 1 2 16 6 2 6 2 7 0 2 7 0 2 7 0 2 7 1 2 3 0 2 7 17 18 2 0 2 3 0 2 7 0 2 7 5 30 3 0 2 3 0 2 3 1 2 7 17 9 2 8 18 2 0 2 7 5 30 3 1 2 11 13 6 3 0 2 7 6 2 7 0 2 7 0 2 3 0 2 3 0 2 7 0 2 3 5 30 3 1 2 7 0 41.7297815084457397
0 2 7 0 2 7 12 16 2 17 9 2 1 2 7 5 30 3 12 16 2 12 16 2 1 2 7 5 31 3 0 2 4 0 2 3 0 2 3 0 2 7 0 2 7 0 2 4 17 18 2 1 2 7 1 2 7 0 2 4 13 6 3 1 2 7 0 2 7 13 6 3 0 2 4 0 2 7 0 2 7 17 9 2 17 18 2 5 30 3 1 2 7 1 2 4 12 16 2 0 2 4 1 2 7 1 2 4 0 2 7 0 2 7 1 2 4 1 2 7 0 40.5033736228942871
1 2 7 0 2 7 12 16 2 17 9 2 1 2 7 5 30 3 12 16 2 12 16 2 1 2 4 5 31 3 0 2 12 0 2 7 1 2 7 0 2 7 0 2 7 0 2 3 17 18 2 1 2 4 1 2 7 0 2 7 13 6 3 1 2 7 0 2 7 13 6 3 0 2 7 0 2 7 0 2 7 17 9 2 17 18 2 8 9 2 1 2 7 0 2 7 12 16 2 0 2 7 1 2 3 1 2 7 0 2 7 0 2 7 1 2 4 1 2 7 0 40.5084316730499268
0 2 7 0 2 7 12 16 2 0 2 7 5 30 3 12 16 2 0 2 7 1 2 7 1 2 7 1 2 7 1 2 7 0 2 4 17 18 2 0 2 7 13 6 3 0 2 7 0 2 7 1 2 4 17 18 2 5 30 3 0 2 7 5 31 3 0 2 7 1 2 7 0 2 7 17 18 2 0 2 4 0 2 3 5 30 3 0 2 3 8 9 2 0 2 7 0 2 7 1 2 4 0 2 7 16 6 2 0 2 7 1 2 3 1 2 7 1 2 7 0 40.8606256246566772
1 2 7 1 2 7 12 16 2 5 30 3 12 16 2 12 16 2 0 2 7 0 2 7 0 2 7 0 2 7 0 2 4 0 2 7 17 18 2 1 2 7 0 2 4 12 16 2 1 2 7 0 2 1 17 18 2 0 2 7 13 6 3 0 2 7 1 2 7 0 2 7 0 2 7 0 2 7 8 9 2 17 18 2 16 6 2 1 2 7 1 2 7 1 2 7 1 2 4 5 31 3 6 2 7 0 2 7 0 2 4 5 31 3 0 2 7 0 2 4 0 40.9171506762504578
0 2 7 12 16 2 0 2 7 0 2 7 12 16 2 1 2 7 5 30 3 5 30 3 0 2 7 0 2 7 0 2 7 8 18 2 0 2 7 0 2 7 13 6 3 0 2 7 1 2 7 0 2 7 17 9 2 0 2 7 16 31 2 0 2 7 17 18 2 12 16 2 0 2 7 1 2 3 0 2 3 1 2 4 0 2 7 0 2 7 16 6 2 1 2 7 5 31 3 1 2 7 1 2 7 1 2 7 0 2 7 1 2 7 12 16 2 1 2 4 0 40.7666895389556885
0 2 7 0 2 7 12 16 2 8 9 2 0 2 7 5 31 3 12 16 2 0 2 4 1 2 3 0 2 7 0 2 7 0 2 7 0 2 7 1 2 7 0 2 7 17 18 2 1 2 3 0 2 7 13 6 3 1 2 7 0 2 7 0 2 7 1 2 7 5 30 3 6 2 7 1 2 7 1 2 7 0 2 3 6 2 3 16 15 2 5 30 3 17 9 2 17 18 2 0 2 7 0 2 7 5 30 3 0 2 7 0 2 7 0 2 7 1 2 7 0 41.1159515976905823
0 2 3 0 2 11 0 2 3 5 30 3 5 30 3 12 16 2 0 2 8 0 2 3 0 2 8 0 2 8 0 2 11 0 2 3 0 2 8 8 18 2 5 30 3 5 30 3 0 2 7 0 2 8 0 2 8 1 2 7 1 2 11 5 30 3 0 2 8 0 2 8 0 2 7 12 16 2 16 19 11 16 19 11 16 19 11 0 2 3 0 2 8 0 2 3 8 9 2 0 2 8 0 2 7 0 2 8 5 30 3 0 2 8 16 6 2 12 16 2 0 45.2846682071685791

Current Evaluation = 4950(4950)
Front Size = 10
0 2 7 12 16 2 0 2 7 13 6 3 5 31 3 1 2 7 5 30 3 1 2 7 0 2 7 0 2 4 1 2 7 1 2 7 13 6 3 0 2 7 1 2 7 17 9 2 0 2 7 17 18 2 12 16 2 1 2 7 1 2 7 0 2 7 0 2 7 0 2 7 12 16 2 17 9 2 13 6 3 0 2 7 0 2 7 0 2 7 0 2 7 0 2 7 0 2 7 1 2 7 1 2 7 12 16 2 17 9 2 12 16 2 1 2 7 1 2 7 0 40.0383374691009521
0 2 7 12 16 2 17 18 2 1 2 3 0 2 4 1 2 3 5 30 3 15 2 11 0 2 4 1 2 7 1 2 7 0 2 7 13 6 3 0 2 7 1 2 7 0 2 4 17 18 2 12 16 2 0 2 4 0 2 4 0 2 7 0 2 7 1 2 3 0 2 7 0 2 7 1 2 7 1 2 4 0 2 7 5 30 3 1 2 7 1 2 3 0 2 7 16 31 2 17 9 2 5 30 3 0 2 7 0 2 7 12 16 2 0 2 7 1 2 3 0 40.8988436460494995
0 2 7 12 16 2 0 2 7 0 2 7 5 31 3 0 2 7 5 30 3 0 2 7 0 2 7 0 2 7 1 2 11 0 2 7 13 6 3 1 2 7 17 9 2 1 2 7 17 18 2 12 16 2 1 2 7 1 2 7 1 2 7 17 18 2 1 2 7 1 2 7 0 2 7 16 31 2 1 2 7 0 2 7 0 2 7 0 2 7 0 2 7 0 2 7 0 2 7 0 2 7 6 2 7 13 6 3 12 16 2 1 2 7 5 30 3 12 16 2 0 40.4003774523735046
0 2 4 1 2 4 12 16 2 17 9 2 12 16 2 5 30 3 12 16 2 12 16 2 1 2 7 5 31 3 1 2 7 0 2 4 0 2 4 17 18 2 1 2 7 1 2 4 13 6 3 1 2 4 1 2 7 13 6 3 0 2 3 0 2 7 17 9 2 17 18 2 1 2 7 1 2 4 1 2 7 0 2 7 0 2 4 1 2 7 1 2 7 0 2 7 0 2 4 0 2 3 0 2 3 0 2 7 12 16 2 0 2 7 0 2 7 0 2 7 0 40.4699766635894775
1 2 4 12 16 2 8 18 2 1 2 4 5 31 3 0 2 7 12 16 2 1 2 7 0 2 7 13 6 3 0 2 7 0 2 4 0 2 7 17 18 2 12 16 2 17 9 2 0 2 4 0 2 7 1 2 7 1 2 7 1 2 7 0 2 4 5 30 3 0 2 7 0 2 7 16 6 2 17 9 2 0 2 4 0 2 7 12 16 2 1 2 4 0 2 7 13 6 3 12 16 2 0 2 7 0 2 7 5 30 3 1 2 7 0 2 7 12 16 2 0 40.6800874471664429
0 2 7 12 16 2 0 2 7 0 2 4 1 2 7 5 30 3 1 2 4 0 2 4 0 2 7 1 2 7 1 2 7 13 6 3 0 2 7 1 2 3 17 9 2 6 2 3 0 2 7 1 2 7 12 16 2 1 2 7 1 2 7 17 18 2 0 2 7 1 2 7 0 2 7 12 16 2 0 2 7 0 2 4 0 2 7 1 2 7 17 9 2 13 6 3 5 31 3 17 9 2 0 2 7 0 2 7 0 2 7 5 30 3 1 2 7 0 2 3 0 40.4413166046142578
0 2 7 12 16 2 0 2 7 0 2 4 5 31 3 0 2 7 5 30 3 5 30 3 0 2 7 0 2 7 0 2 7 0 2 7 1 2 7 13 6 3 0 2 7 1 2 7 6 2 4 17 9 2 0 2 7 16 31 2 1 2 7 17 18 2 12 16 2 1 2 7 1 2 3 1 2 7 1 2 7 1 2 7 17 18 2 0 2 4 1 2 3 1 2 7 0 2 7 0 2 4 5 30 3 0 2 7 0 2 7 0 2 7 0 2 7 0 2 7 0 40.6780156493186951
1 2 7 1 2 7 12 16 2 0 2 7 5 30 3 12 16 2 12 16 2 5 30 3 0 2 3 17 1 2 16 6 2 6 2 7 0 2 7 0 2 7 0 2 7 1 2 3 0 2 7 17 18 2 0 2 3 0 2 7 0 2 7 5 30 3 0 2 3 0 2 3 1 2 7 17 9 2 8 18 2 0 2 7 5 30 3 1 2 11 13 6 3 0 2 7 6 2 7 0 2 7 0 2 3 0 2 3 0 2 7 0 2 3 5 30 3 1 2 7 0 41.7297815084457397
0 2 7 0 2 11 5 30 3 17 9 2 0 2 7 5 30 3 13 6 3 12 16 2 1 2 7 0 2 7 0 2 11 0 2 7 8 9 2 17 18 2 1 2 7 0 2 7 0 2 7 13 6 3 0 2 7 0 2 7 1 2 7 0 2 11 0 2 7 17 18 2 5 30 3 1 2 7 1 2 11 0 2 7 0 2 7 5 30 3 1 2 7 1 2 7 0 2 7 17 9 2 0 2 7 12 16 2 1 2 7 1 2 7 0 2 7 1 2 7 0 40.7803466320037842
0 2 7 12 16 2 0 2 7 0 2 7 12 16 2 1 2 7 5 30 3 5 30 3 0 2 7 0 2 7 0 2 7 8 18 2 0 2 7 0 2 7 13 6 3 0 2 7 1 2 7 0 2 7 17 9 2 0 2 7 16 31 2 0 2 7 17 18 2 12 16 2 0 2 7 1 2 3 0 2 3 1 2 4 0 2 7 0 2 7 16 6 2 1 2 7 5 31 3 1 2 7 1 2 7 1 2 7 0 2 7 1 2 7 12 16 2 1 2 4 0 40.7666895389556885

Current Evaluation = 5400(5400)
Front Size = 10
0 2 4 12 16 2 17 9 2 12 16 2 5 30 3 1 2 7 12 16 2 1 2 7 5 31 3 1 2 7 17 18 2 1 2 7 13 6 3 0 2 7 13 6 3 0 2 7 1 2 7 17 9 2 1 2 7 0 2 7 0 2 7 1 2 7 1 2 7 0 2 7 0 2 7 0 2 7 1 2 7 0 2 7 0 2 7 0 2 7 0 2 7 1 2 7 12 16 2 0 2 7 13 6 3 1 2 7 17 18 2 12 16 2 0 2 7 0 2 7 0 40.0383374691009521
0 2 4 1 2 4 12 16 2 17 9 2 12 16 2 5 30 3 12 16 2 12 16 2 1 2 7 5 31 3 1 2 7 0 2 4 0 2 4 17 18 2 1 2 7 1 2 4 13 6 3 1 2 4 1 2 7 13 6 3 0 2 3 0 2 7 17 9 2 17 18 2 1 2 7 1 2 4 1 2 7 0 2 7 0 2 4 1 2 7 1 2 7 0 2 7 0 2 4 0 2 3 0 2 3 0 2 7 12 16 2 0 2 7 0 2 7 0 2 7 0 40.4699766635894775
1 2 7 1 2 7 12 16 2 0 2 7 5 30 3 12 16 2 12 16 2 5 30 3 0 2 3 17 1 2 16 6 2 6 2 7 0 2 7 0 2 7 0 2 7 1 2 3 0 2 7 17 18 2 0 2 3 0 2 7 0 2 7 5 30 3 0 2 3 0 2 3 1 2 7 17 9 2 8 18 2 0 2 7 5 30 3 1 2 11 13 6 3 0 2 7 6 2 7 0 2 7 0 2 3 0 2 3 0 2 7 0 2 3 5 30 3 1 2 7 0 41.7297815084457397
0 2 7 12 16 2 17 18 2 1 2 3 0 2 4 1 2 3 5 30 3 15 2 11 0 2 4 1 2 7 1 2 7 0 2 7 13 6 3 0 2 7 1 2 7 0 2 4 17 18 2 12 16 2 0 2 4 0 2 4 0 2 7 0 2 7 1 2 3 0 2 7 0 2 7 1 2 7 1 2 4 0 2 7 5 30 3 1 2 7 1 2 3 0 2 7 16 31 2 17 9 2 5 30 3 0 2 7 0 2 7 12 16 2 0 2 7 1 2 3 0 40.8988436460494995
0 2 7 12 16 2 0 2 7 0 2 4 1 2 7 5 30 3 1 2 4 0 2 4 0 2 7 1 2 7 1 2 7 13 6 3 0 2 7 1 2 3 17 9 2 6 2 3 0 2 7 1 2 7 12 16 2 1 2 7 1 2 7 17 18 2 0 2 7 1 2 7 0 2 7 12 16 2 0 2 7 0 2 4 0 2 7 1 2 7 17 9 2 13 6 3 5 31 3 17 9 2 0 2 7 0 2 7 0 2 7 5 30 3 1 2 7 0 2 3 0 40.4413166046142578
0 2 7 12 16 2 1 2 7 0 2 7 5 30 3 1 2 7 0 2 7 0 2 7 1 2 7 1 2 7 13 6 3 0 2 7 1 2 7 17 9 2 0 2 7 0 2 7 1 2 7 5 31 3 1 2 7 6 2 7 17 18 2 0 2 7 1 2 7 0 2 7 12 16 2 0 2 7 0 2 7 1 2 7 17 9 2 13 6 3 17 9 2 5 30 3 1 2 7 0 2 7 5 31 3 0 2 7 0 2 7 0 2 7 0 2 7 0 2 7 0 40.4349926114082336
0 2 7 12 16 2 0 2 7 0 2 4 5 31 3 0 2 7 5 30 3 5 30 3 0 2 7 0 2 7 0 2 7 0 2 7 1 2 7 13 6 3 0 2 7 1 2 7 6 2 4 17 9 2 0 2 7 16 31 2 1 2 7 17 18 2 12 16 2 1 2 7 1 2 3 1 2 7 1 2 7 1 2 7 17 18 2 0 2 4 1 2 3 1 2 7 0 2 7 0 2 4 5 30 3 0 2 7 0 2 7 0 2 7 0 2 7 0 2 7 0 40.6780156493186951
0 2 7 12 16 2 0 2 10 0 2 7 12 16 2 0 2 4 5 30 3 0 2 7 1 2 7 0 2 7 0 2 7 13 6 3 0 2 4 0 2 4 17 18 2 12 16 2 0 2 7 0 2 3 1 2 3 1 2 7 0 2 3 0 2 7 17 9 2 0 2 7 1 2 7 0 2 7 5 30 3 5 30 3 1 2 4 12 16 2 0 2 7 12 16 2 1 2 3 13 6 3 1 2 4 17 18 2 1 2 7 16 31 2 1 2 7 1 2 7 0 40.7965555191040039
0 2 7 12 16 2 1 2 4 5 31 3 1 2 7 5 30 3 0 2 7 0 2 7 0 2 7 0 2 4 1 2 7 13 6 3 0 2 7 1 2 7 17 9 2 0 2 7 0 2 7 17 18 2 12 16 2 6 2 7 0 2 7 1 2 7 0 2 7 17 18 2 1 2 7 6 2 7 12 16 2 0 2 3 0 2 4 1 2 7 0 2 7 0 2 7 0 2 4 1 2 7 16 6 2 12 16 2 5 31 3 13 6 3 12 16 2 0 2 7 0 40.5507975816726685
0 2 7 12 16 2 0 2 7 0 2 7 12 16 2 1 2 7 5 30 3 0 2 7 1 2 7 0 2 7 0 2 7 13 6 3 1 2 7 17 9 2 17 18 2 12 16 2 0 2 7 1 2 7 1 2 7 5 31 3 1 2 7 0 2 3 12 16 2 12 16 2 1 2 7 13 6 3 17 9 2 1 2 7 0 2 4 0 2 3 0 2 3 0 2 7 0 2 7 1 2 4 12 16 2 1 2 7 0 2 4 0 2 4 13 6 3 0 2 7 0.000331164407644336366 40.5992405414581299

Current Evaluation = 5850(5850)
Front Size = 10
0 2 7 12 16 2 0 2 7 5 30 3 1 2 7 5 31 3 1 2 7 0 2 7 0 2 7 0 2 7 1 2 7 13 6 3 0 2 7 1 2 7 17 9 2 0 2 7 17 18 2 12 16 2 1 2 7 1 2 7 1 2 7 17 18 2 1 2 7 12 16 2 0 2 7 0 2 7 0 2 7 12 16 2 13 6 3 12 16 2 1 2 7 0 2 7 1 2 7 13 6 3 0 2 4 0 2 7 0 2 7 1 2 7 0 2 7 17 9 2 0 40.0383374691009521
0 2 7 12 16 2 0 2 10 0 2 7 12 16 2 0 2 4 5 30 3 0 2 7 1 2 7 0 2 7 0 2 7 13 6 3 0 2 4 0 2 4 17 18 2 12 16 2 0 2 7 0 2 3 1 2 3 1 2 7 0 2 3 0 2 7 17 9 2 0 2 7 1 2 7 0 2 7 5 30 3 5 30 3 1 2 4 12 16 2 0 2 7 12 16 2 1 2 3 13 6 3 1 2 4 17 18 2 1 2 7 16 31 2 1 2 7 1 2 7 0 40.7965555191040039
0 2 7 1 2 7 0 2 7 0 2 7 5 31 3 0 2 7 5 30 3 0 2 4 0 2 7 0 2 4 0 2 7 0 2 7 13 6 3 1 2 7 0 2 7 1 2 4 17 9 2 1 2 7 0 2 7 17 18 2 12 16 2 1 2 7 12 16 2 1 2 7 1 2 7 17 18 2 0 2 7 1 2 7 0 2 7 0 2 7 0 2 7 0 2 7 0 2 7 5 30 3 1 2 7 17 9 2 1 2 7 5 30 3 0 2 7 13 6 3 0 40.3689725399017334
0 2 4 1 2 4 12 16 2 17 9 2 12 16 2 5 30 3 12 16 2 12 16 2 1 2 7 5 31 3 1 2 7 0 2 4 0 2 4 17 18 2 1 2 7 1 2 4 13 6 3 1 2 4 1 2 7 13 6 3 0 2 3 0 2 7 17 9 2 17 18 2 1 2 7 1 2 4 1 2 7 0 2 7 0 2 4 1 2 7 1 2 7 0 2 7 0 2 4 0 2 3 0 2 3 0 2 7 12 16 2 0 2 7 0 2 7 0 2 7 0 40.4699766635894775
1 2 4 12 16 2 0 2 7 5 30 3 0 2 7 0 2 7 0 2 7 0 2 7 0 2 7 1 2 7 13 6 3 0 2 7 1 2 7 17 9 2 0 2 7 17 18 2 12 16 2 1 2 7 1 2 4 17 18 2 12 16 2 0 2 7 0 2 7 8 9 2 12 16 2 13 6 3 12 16 2 0 2 7 16 6 2 5 30 3 1 2 4 6 2 7 5 30 3 0 2 7 5 31 3 0 2 7 0 2 7 0 2 7 1 2 4 0 2 7 0 40.7592254281044006
0 2 7 12 16 2 1 2 7 5 31 3 6 2 7 5 30 3 0 2 7 0 2 7 0 2 7 0 2 7 1 2 4 13 6 3 0 2 7 6 2 7 17 9 2 0 2 7 0 2 7 17 18 2 12 16 2 1 2 7 0 2 7 1 2 7 0 2 7 17 18 2 1 2 3 1 2 3 1 2 7 0 2 7 0 2 7 1 2 7 0 2 7 0 2 7 0 2 7 1 2 7 16 6 2 12 16 2 5 31 3 13 6 3 12 16 2 0 2 7 0 40.4924476146697998
0 2 7 1 2 7 0 2 7 5 30 3 1 2 7 5 31 3 1 2 7 0 2 7 0 2 7 0 2 7 1 2 7 13 6 3 0 2 7 1 2 7 17 9 2 0 2 7 17 18 2 12 16 2 6 2 7 1 2 7 1 2 7 1 2 7 12 16 2 0 2 7 0 2 7 0 2 7 12 16 2 13 6 3 1 2 7 0 2 7 1 2 7 0 2 7 0 2 11 0 2 7 17 9 2 0 2 7 12 16 2 5 31 3 0 2 7 16 30 2 0 40.4003776907920837
1 2 7 1 2 7 12 16 2 0 2 7 5 30 3 12 16 2 12 16 2 5 30 3 0 2 3 17 1 2 16 6 2 6 2 7 0 2 7 0 2 7 0 2 7 1 2 3 0 2 7 17 18 2 0 2 3 0 2 7 0 2 7 5 30 3 0 2 3 0 2 3 1 2 7 17 9 2 8 18 2 0 2 7 5 30 3 1 2 11 13 6 3 0 2 7 6 2 7 0 2 7 0 2 3 0 2 3 0 2 7 0 2 3 5 30 3 1 2 7 0 41.7297815084457397
0 2 7 12 16 2 1 2 7 5 31 3 1 2 7 5 30 3 0 2 7 0 2 7 0 2 7 0 2 7 1 2 7 13 6 3 0 2 7 0 2 7 17 9 2 0 2 4 17 18 2 12 16 2 1 2 7 0 2 7 0 2 7 17 18 2 1 2 7 12 16 2 1 2 7 0 2 7 1 2 7 12 16 2 13 6 3 12 16 2 0 2 7 0 2 7 6 2 7 0 2 4 1 2 4 0 2 7 0 2 7 16 30 2 5 31 3 1 2 4 0 40.4391276240348816
0 2 7 12 16 2 0 2 7 0 2 4 1 2 7 5 30 3 1 2 4 0 2 4 0 2 7 1 2 7 1 2 7 13 6 3 0 2 7 1 2 3 17 9 2 6 2 3 0 2 7 1 2 7 12 16 2 1 2 7 1 2 7 17 18 2 0 2 7 1 2 7 0 2 7 12 16 2 0 2 7 0 2 4 0 2 7 1 2 7 17 9 2 13 6 3 5 31 3 17 9 2 0 2 7 0 2 7 0 2 7 5 30 3 1 2 7 0 2 3 0 40.4413166046142578

Current Evaluation = 6300(6300)
Front Size = 10
0 2 7 0 2 7 1 2 7 0 2 7 5 31 3 5 30 3 0 2 7 1 2 7 0 2 7 0 2 7 13 6 3 1 2 7 0 2 7 1 2 7 17 9 2 1 2 7 13 6 3 17 18 2 12 16 2 1 2 7 12 16 2 1 2 7 1 2 4 17 18 2 1 2 7 0 2 7 13 6 3 12 16 2 12 16 2 12 16 2 1 2 7 1 2 7 17 9 2 0 2 7 0 2 7 0 2 7 0 2 7 0 2 7 0 2 7 0 2 7 0 40.0383374691009521
0 2 7 12 16 2 0 2 7 6 2 7 1 2 7 5 30 3 1 2 7 0 2 7 0 2 7 1 2 7 0 2 7 13 6 3 1 2 7 1 2 7 17 9 2 1 2 7 0 2 7 1 2 7 12 16 2 1 2 7 1 2 7 17 18 2 0 2 7 1 2 7 0 2 7 12 16 2 0 2 7 0 2 4 0 2 7 0 2 4 17 9 2 13 6 3 5 31 3 17 9 2 0 2 7 0 2 7 0 2 7 5 31 3 0 2 7 1 2 7 0 40.2815956473350525
0 2 7 12 16 2 0 2 10 0 2 7 12 16 2 0 2 4 5 30 3 0 2 7 1 2 7 0 2 7 0 2 7 13 6 3 0 2 4 0 2 4 17 18 2 12 16 2 0 2 7 0 2 3 1 2 3 1 2 7 0 2 3 0 2 7 17 9 2 0 2 7 1 2 7 0 2 7 5 30 3 5 30 3 1 2 4 12 16 2 0 2 7 12 16 2 1 2 3 13 6 3 1 2 4 17 18 2 1 2 7 16 31 2 1 2 7 1 2 7 0 40.7965555191040039
0 2 7 0 2 7 1 2 7 0 2 7 0 2 7 5 30 3 1 2 7 1 2 10 0 2 7 5 31 3 0 2 7 13 6 3 0 2 7 1 2 7 0 2 7 0 2 7 17 18 2 1 2 10 12 16 2 0 2 7 6 2 7 0 2 3 5 30 3 12 16 2 0 2 7 5 30 3 16 30 2 5 31 3 0 2 7 17 18 2 17 9 2 1 2 7 0 2 7 0 2 4 6 2 7 0 2 7 1 2 7 0 2 7 0 2 7 1 2 4 0 40.9635037183761597
0 2 4 1 2 4 12 16 2 17 9 2 12 16 2 5 30 3 12 16 2 12 16 2 1 2 7 5 31 3 1 2 7 0 2 4 0 2 4 17 18 2 1 2 7 1 2 4 13 6 3 1 2 4 1 2 7 13 6 3 0 2 3 0 2 7 17 9 2 17 18 2 1 2 7 1 2 4 1 2 7 0 2 7 0 2 4 1 2 7 1 2 7 0 2 7 0 2 4 0 2 3 0 2 3 0 2 7 12 16 2 0 2 7 0 2 7 0 2 7 0 40.4699766635894775
0 2 7 12 16 2 0 2 7 12 16 2 0 2 4 5 31 3 1 2 7 1 2 4 0 2 7 17 18 2 13 6 3 0 2 7 0 2 7 17 18 2 12 16 2 0 2 7 0 2 7 1 2 7 0 2 7 0 2 7 17 9 2 1 2 4 0 2 4 12 16 2 12 16 2 13 6 3 0 2 7 17 18 2 0 2 7 1 2 7 1 2 4 0 2 7 0 2 4 1 2 7 1 2 7 1 2 4 5 31 3 1 2 7 1 2 7 1 2 7 0 40.3102556467056274
1 2 4 12 16 2 0 2 7 5 30 3 0 2 7 0 2 7 0 2 7 0 2 7 0 2 7 1 2 7 13 6 3 0 2 7 1 2 7 17 9 2 0 2 7 17 18 2 12 16 2 1 2 7 1 2 4 17 18 2 12 16 2 0 2 7 0 2 7 8 9 2 12 16 2 13 6 3 12 16 2 0 2 7 16 6 2 5 30 3 1 2 4 6 2 7 5 30 3 0 2 7 5 31 3 0 2 7 0 2 7 0 2 7 1 2 4 0 2 7 0 40.7592254281044006
0 2 7 1 2 7 0 2 7 0 2 7 5 31 3 0 2 7 5 30 3 0 2 4 0 2 7 0 2 4 0 2 7 0 2 7 13 6 3 1 2 7 0 2 7 1 2 4 17 9 2 1 2 7 0 2 7 17 18 2 12 16 2 1 2 7 12 16 2 1 2 7 1 2 7 17 18 2 0 2 7 1 2 7 0 2 7 0 2 7 0 2 7 0 2 7 0 2 7 5 30 3 1 2 7 17 9 2 1 2 7 5 30 3 0 2 7 13 6 3 0 40.3689725399017334
0 2 7 12 16 2 1 2 7 5 31 3 6 2 7 5 30 3 0 2 7 0 2 7 0 2 7 0 2 7 1 2 4 13 6 3 0 2 7 6 2 7 17 9 2 0 2 7 0 2 7 17 18 2 12 16 2 1 2 7 0 2 7 1 2 7 0 2 7 17 18 2 1 2 3 1 2 3 1 2 7 0 2 7 0 2 7 1 2 7 0 2 7 0 2 7 0 2 7 1 2 7 16 6 2 12 16 2 5 31 3 13 6 3 12 16 2 0 2 7 0 40.4924476146697998
0 2 7 0 2 7 0 2 7 1 2 7 5 31 3 5 30 3 0 2 7 0 2 7 0 2 4 1 2 7 0 2 7 13 6 3 1 2 7 0 2 4 1 2 7 17 9 2 0 2 7 0 2 7 17 18 2 12 16 2 1 2 7 12 16 2 1 2 3 1 2 7 17 18 2 0 2 7 1 2 4 0 2 7 0 2 7 0 2 7 13 6 3 0 2 7 5 30 3 0 2 7 1 2 7 0 2 4 1 2 3 1 2 4 12 16 2 17 9 2 0 40.4155756235122681

Current Evaluation = 6750(6750)
Front Size = 10
0 2 7 12 16 2 0 2 7 12 16 2 0 2 7 5 30 3 1 2 7 1 2 4 0 2 7 17 18 2 13 6 3 0 2 7 0 2 7 17 18 2 12 16 2 0 2 7 0 2 7 1 2 7 0 2 7 13 6 3 17 9 2 1 2 7 0 2 7 12 16 2 12 16 2 13 6 3 0 2 7 17 18 2 0 2 7 0 2 7 1 2 7 0 2 7 0 2 7 1 2 7 1 2 7 1 2 7 5 31 3 1 2 7 1 2 7 1 2 7 0 40.0383374691009521
0 2 4 1 2 4 12 16 2 17 9 2 12 16 2 5 30 3 12 16 2 12 16 2 1 2 7 5 31 3 1 2 7 0 2 4 0 2 4 17 18 2 1 2 7 1 2 4 13 6 3 1 2 4 1 2 7 13 6 3 0 2 3 0 2 7 17 9 2 17 18 2 1 2 7 1 2 4 1 2 7 0 2 7 0 2 4 1 2 7 1 2 7 0 2 7 0 2 4 0 2 3 0 2 3 0 2 7 12 16 2 0 2 7 0 2 7 0 2 7 0 40.4699766635894775
0 2 7 12 16 2 0 2 7 1 2 7 5 30 3 1 2 7 0 2 7 0 2 7 1 2 7 0 2 7 13 6 3 1 2 7 1 2 7 17 9 2 1 2 7 0 2 7 1 2 7 12 16 2 17 18 2 0 2 7 0 2 7 12 16 2 0 2 7 0 2 4 0 2 7 0 2 4 17 9 2 13 6 3 5 31 3 0 2 3 0 2 7 0 2 7 0 2 7 1 2 4 1 2 4 17 18 2 1 2 7 5 30 3 0 2 4 1 2 3 0 40.4155756235122681
0 2 7 1 2 7 0 2 4 1 2 7 5 30 3 0 2 7 0 2 7 17 9 2 1 2 7 0 2 4 13 6 3 1 2 7 1 2 11 0 2 7 17 9 2 1 2 11 0 2 7 8 18 2 1 2 7 5 30 3 12 16 2 0 2 4 0 2 7 0 2 4 13 6 3 0 2 7 12 16 2 1 2 7 5 30 3 17 18 2 1 2 7 0 2 4 1 2 7 0 2 7 17 18 2 0 2 4 12 16 2 12 16 2 0 2 3 0 2 7 0 40.6660994291305542
1 2 7 1 2 7 1 2 7 1 2 7 0 2 7 0 2 4 0 2 4 0 2 7 13 6 3 0 2 7 0 2 4 8 9 2 1 2 7 0 2 4 12 16 2 17 18 2 1 2 7 12 16 2 0 2 7 0 2 7 0 2 4 0 2 7 13 6 3 5 30 3 0 2 4 5 31 3 0 2 7 17 18 2 12 16 2 0 2 7 1 2 7 1 2 7 17 18 2 1 2 4 0 2 11 5 30 3 12 16 2 1 2 7 12 16 2 17 18 2 0 40.694576621055603
0 2 7 12 16 2 0 2 7 6 2 7 1 2 7 5 30 3 1 2 7 0 2 7 0 2 7 1 2 7 0 2 7 13 6 3 1 2 7 1 2 7 17 9 2 1 2 7 0 2 7 1 2 7 12 16 2 1 2 7 1 2 7 17 18 2 0 2 7 1 2 7 0 2 7 12 16 2 0 2 7 0 2 4 0 2 7 0 2 4 17 9 2 13 6 3 5 31 3 17 9 2 0 2 7 0 2 7 0 2 7 5 31 3 0 2 7 1 2 7 0 40.2815956473350525
0 2 7 0 2 7 1 2 7 0 2 4 5 31 3 0 2 4 12 16 2 1 2 4 1 2 7 0 2 7 13 6 3 0 2 7 0 2 7 1 2 7 17 9 2 0 2 7 0 2 7 17 18 2 12 16 2 1 2 7 12 16 2 1 2 7 0 2 7 0 2 4 13 6 3 1 2 7 12 16 2 0 2 4 1 2 7 1 2 7 1 2 7 1 2 4 0 2 7 0 2 7 12 16 2 17 18 2 5 31 3 17 9 2 1 2 7 0 2 4 0 40.3102556467056274
0 2 7 12 16 2 0 2 10 0 2 7 12 16 2 0 2 4 5 30 3 0 2 7 1 2 7 0 2 7 0 2 7 13 6 3 0 2 4 0 2 4 17 18 2 12 16 2 0 2 7 0 2 3 1 2 3 1 2 7 0 2 3 0 2 7 17 9 2 0 2 7 1 2 7 0 2 7 5 30 3 5 30 3 1 2 4 12 16 2 0 2 7 12 16 2 1 2 3 13 6 3 1 2 4 17 18 2 1 2 7 16 31 2 1 2 7 1 2 7 0 40.7965555191040039
0 2 7 12 16 2 0 2 7 12 16 2 0 2 4 5 31 3 1 2 7 1 2 4 0 2 7 17 18 2 13 6 3 0 2 7 0 2 7 17 18 2 12 16 2 0 2 7 0 2 7 1 2 7 0 2 7 0 2 7 17 9 2 1 2 4 0 2 4 12 16 2 12 16 2 13 6 3 0 2 7 17 18 2 0 2 7 1 2 7 1 2 4 0 2 7 0 2 4 1 2 7 1 2 7 1 2 4 5 31 3 1 2 7 1 2 7 1 2 7 0 40.3102556467056274
0 2 7 12 16 2 0 2 7 12 16 2 0 2 7 5 30 3 1 2 7 1 2 4 0 2 7 17 18 2 13 6 3 0 2 7 0 2 7 17 18 2 12 16 2 0 2 7 0 2 7 1 2 7 0 2 7 13 6 3 17 9 2 1 2 7 0 2 7 0 2 7 0 2 7 0 2 7 1 2 7 0 2 7 0 2 7 1 2 7 1 2 7 1 2 7 5 31 3 1 2 7 1 2 7 1 2 7 0 2 7 5 31 3 17 9 2 6 2 4 0 40.2815956473350525

Current Evaluation = 7200(7200)
Front Size = 10
0 2 7 12 16 2 0 2 7 12 16 2 0 2 7 5 30 3 1 2 7 1 2 7 0 2 7 17 18 2 13 6 3 13 6 3 0 2 7 17 18 2 12 16 2 0 2 7 0 2 7 1 2 7 0 2 7 0 2 7 17 9 2 1 2 7 0 2 7 12 16 2 1 2 7 1 2 7 1 2 7 1 2 7 1 2 7 0 2 4 12 16 2 13 6 3 1 2 7 5 31 3 0 2 7 1 2 7 17 18 2 0 2 7 0 2 7 0 2 7 0 40.0383374691009521
0 2 7 0 2 7 1 2 7 5 31 3 12 16 2 1 2 7 1 2 7 0 2 7 13 6 3 0 2 7 0 2 7 1 2 7 17 9 2 0 2 7 0 2 7 17 18 2 12 16 2 1 2 7 12 16 2 1 2 7 1 2 7 13 6 3 0 2 7 12 16 2 1 2 4 1 2 7 1 2 7 0 2 7 0 2 7 12 16 2 17 18 2 17 9 2 13 6 3 0 2 7 0 2 7 0 2 7 1 2 7 0 2 7 5 30 3 0 2 7 0 40.0383374691009521
0 2 7 1 2 7 0 2 4 1 2 7 5 30 3 0 2 7 0 2 7 17 9 2 1 2 7 0 2 4 13 6 3 1 2 7 1 2 11 0 2 7 17 9 2 1 2 11 0 2 7 8 18 2 1 2 7 5 30 3 12 16 2 0 2 4 0 2 7 0 2 4 13 6 3 0 2 7 12 16 2 1 2 7 5 30 3 17 18 2 1 2 7 0 2 4 1 2 7 0 2 7 17 18 2 0 2 4 12 16 2 12 16 2 0 2 3 0 2 7 0 40.6660994291305542
0 2 4 1 2 7 1 2 7 0 2 7 5 30 3 12 16 2 1 2 7 0 2 7 13 6 3 0 2 7 0 2 7 1 2 7 17 9 2 0 2 7 0 2 7 17 18 2 12 16 2 0 2 7 12 16 2 1 2 7 6 2 7 13 6 3 0 2 7 12 16 2 1 2 7 1 2 7 1 2 7 0 2 7 0 2 4 12 16 2 17 18 2 1 2 7 5 31 3 0 2 7 0 2 7 0 2 7 13 6 3 5 30 3 17 18 2 0 2 7 0 40.2558254599571228
17 9 2 12 16 2 1 2 4 12 16 2 6 2 7 5 30 3 0 2 7 0 2 7 17 18 2 0 2 7 0 2 7 17 18 2 5 31 3 0 2 7 0 2 7 1 2 7 0 2 7 13 6 3 17 9 2 0 2 7 0 2 7 1 2 7 1 2 7 1 2 4 0 2 7 0 2 3 1 2 7 5 31 3 0 2 7 0 2 7 0 2 3 1 2 7 1 2 4 0 2 4 0 2 11 0 2 7 6 2 7 1 2 7 1 2 4 1 2 4 0 40.6213299036026001
0 2 7 12 16 2 1 2 7 12 16 2 0 2 7 1 2 7 0 2 7 17 18 2 13 6 3 0 2 7 17 18 2 17 18 2 12 16 2 0 2 4 0 2 4 1 2 7 0 2 4 0 2 4 17 9 2 0 2 7 12 16 2 13 6 3 1 2 7 0 2 4 1 2 7 1 2 7 1 2 7 0 2 7 0 2 4 5 31 3 1 2 7 0 2 4 12 16 2 1 2 7 0 2 7 0 2 7 1 2 7 1 2 7 1 2 7 5 31 3 0 40.3102556467056274
0 2 7 12 16 2 0 2 7 6 2 7 1 2 7 5 30 3 1 2 7 0 2 7 0 2 7 1 2 7 0 2 7 13 6 3 1 2 7 1 2 7 17 9 2 1 2 7 0 2 7 1 2 7 12 16 2 1 2 7 1 2 7 17 18 2 0 2 7 1 2 7 0 2 7 12 16 2 0 2 7 0 2 4 0 2 7 0 2 4 17 9 2 13 6 3 5 31 3 17 9 2 0 2 7 0 2 7 0 2 7 5 31 3 0 2 7 1 2 7 0 40.2815956473350525
0 2 7 0 2 7 1 2 7 5 31 3 12 16 2 1 2 7 1 2 7 0 2 7 13 6 3 0 2 7 0 2 7 6 2 7 17 9 2 0 2 7 0 2 7 17 18 2 12 16 2 1 2 7 12 16 2 1 2 7 1 2 7 13 6 3 0 2 7 1 2 4 1 2 7 1 2 7 0 2 7 0 2 7 17 18 2 17 9 2 0 2 7 0 2 7 0 2 7 0 2 7 5 30 3 0 2 7 0 2 7 1 2 4 5 31 3 1 2 7 0 40.2815956473350525
0 2 7 12 16 2 0 2 7 12 16 2 0 2 4 5 31 3 1 2 7 1 2 4 0 2 7 17 18 2 13 6 3 0 2 7 0 2 7 17 18 2 12 16 2 0 2 7 0 2 7 1 2 7 0 2 7 0 2 7 17 9 2 1 2 4 0 2 4 12 16 2 12 16 2 13 6 3 0 2 7 17 18 2 0 2 7 1 2 7 1 2 4 0 2 7 0 2 4 1 2 7 1 2 7 1 2 4 5 31 3 1 2 7 1 2 7 1 2 7 0 40.3102556467056274
0 2 7 12 16 2 0 2 7 1 2 7 5 30 3 1 2 7 0 2 7 0 2 7 1 2 7 0 2 7 13 6 3 1 2 7 1 2 7 17 9 2 1 2 4 0 2 7 1 2 7 12 16 2 1 2 7 17 18 2 0 2 7 0 2 7 12 16 2 0 2 7 0 2 4 0 2 7 0 2 4 17 9 2 13 6 3 5 31 3 0 2 7 0 2 7 0 2 7 0 2 3 1 2 3 5 30 3 17 9 2 1 2 4 0 2 7 1 2 4 0 40.4155756235122681

Current Evaluation = 7650(7650)
Front Size = 10
0 2 7 12 16 2 0 2 7 12 16 2 0 2 7 1 2 7 1 2 7 17 18 2 13 6 3 0 2 7 12 16 2 0 2 7 0 2 7 1 2 7 17 9 2 0 2 7 12 16 2 13 6 3 1 2 7 1 2 7 0 2 7 1 2 7 0 2 7 5 31 3 1 2 4 12 16 2 1 2 7 0 2 7 0 2 7 17 18 2 17 18 2 0 2 7 0 2 7 5 30 3 0 2 7 13 6 3 0 2 7 1 2 7 1 2 7 1 2 7 0 40.0383374691009521
0 2 7 12 16 2 0 2 7 12 16 2 0 2 7 1 2 7 1 2 7 17 18 2 13 6 3 0 2 7 12 16 2 0 2 7 0 2 7 1 2 7 17 9 2 0 2 4 12 16 2 13 6 3 1 2 7 1 2 7 0 2 7 1 2 7 5 30 3 12 16 2 1 2 7 17 18 2 17 18 2 1 2 7 1 2 7 1 2 7 0 2 7 0 2 7 1 2 7 0 2 7 0 2 7 0 2 7 5 31 3 0 2 7 13 6 3 0 2 7 0 40.0383374691009521
0 2 7 12 16 2 1 2 7 12 16 2 0 2 7 1 2 7 0 2 7 17 18 2 13 6 3 0 2 7 17 18 2 17 18 2 12 16 2 0 2 4 0 2 4 1 2 7 0 2 4 0 2 4 17 9 2 0 2 7 12 16 2 13 6 3 1 2 7 0 2 4 1 2 7 1 2 7 1 2 7 0 2 7 0 2 4 5 31 3 1 2 7 0 2 4 12 16 2 1 2 7 0 2 7 0 2 7 1 2 7 1 2 7 1 2 7 5 31 3 0 40.3102556467056274
0 2 7 12 16 2 0 2 4 12 16 2 1 2 7 5 30 3 1 2 7 0 2 7 17 9 2 13 6 3 0 2 7 0 2 7 17 18 2 12 16 2 1 2 7 0 2 4 0 2 7 0 2 7 0 2 7 17 9 2 0 2 7 12 16 2 12 16 2 13 6 3 0 2 7 1 2 7 0 2 7 1 2 7 0 2 7 1 2 7 0 2 7 1 2 7 13 6 3 1 2 7 0 2 3 1 2 7 17 9 2 1 2 7 1 2 7 5 31 3 0 40.1183375120162964
0 2 7 12 16 2 0 2 7 12 16 2 0 2 4 5 31 3 1 2 7 1 2 4 0 2 7 17 18 2 13 6 3 0 2 7 0 2 7 17 18 2 12 16 2 0 2 7 0 2 7 1 2 7 0 2 7 0 2 7 17 9 2 1 2 4 0 2 4 12 16 2 12 16 2 13 6 3 0 2 7 17 18 2 0 2 7 1 2 7 1 2 4 0 2 7 0 2 4 1 2 7 1 2 7 1 2 4 5 31 3 1 2 7 1 2 7 1 2 7 0 40.3102556467056274
0 2 4 5 31 3 12 16 2 1 2 7 1 2 7 13 6 3 0 2 7 1 2 7 17 9 2 12 16 2 17 18 2 12 16 2 1 2 7 0 2 7 1 2 7 0 2 7 0 2 7 17 18 2 1 2 7 0 2 7 0 2 7 13 6 3 0 2 7 1 2 4 1 2 7 1 2 7 0 2 7 0 2 7 0 2 7 5 30 3 0 2 7 1 2 7 12 16 2 0 2 7 0 2 7 12 16 2 0 2 7 13 6 3 1 2 3 17 9 2 0 40.1183375120162964
0 2 7 0 2 7 1 2 7 5 31 3 12 16 2 1 2 7 1 2 7 0 2 7 13 6 3 0 2 7 0 2 7 6 2 7 17 9 2 0 2 7 0 2 7 17 18 2 12 16 2 1 2 7 12 16 2 1 2 7 1 2 7 13 6 3 0 2 7 1 2 4 1 2 7 1 2 7 0 2 7 0 2 7 17 18 2 17 9 2 0 2 7 0 2 7 0 2 7 0 2 7 5 30 3 0 2 7 0 2 7 1 2 4 5 31 3 1 2 7 0 40.2815956473350525
0 2 4 0 2 7 5 31 3 12 16 2 1 2 7 1 2 7 13 6 3 0 2 7 1 2 7 17 9 2 12 16 2 0 2 12 17 18 2 12 16 2 1 2 7 0 2 7 1 2 7 0 2 7 0 2 7 17 18 2 8 9 2 1 2 7 0 2 3 0 2 7 0 2 7 13 6 3 0 2 7 1 2 4 1 2 7 0 2 4 1 2 7 0 2 7 1 2 3 1 2 7 17 9 2 0 2 7 5 30 3 0 2 7 1 2 7 12 16 2 0 40.5084316730499268
17 9 2 12 16 2 1 2 4 12 16 2 6 2 7 5 30 3 0 2 7 0 2 7 17 18 2 0 2 7 0 2 7 17 18 2 5 31 3 0 2 7 0 2 7 1 2 7 0 2 7 13 6 3 17 9 2 0 2 7 0 2 7 1 2 7 1 2 7 1 2 4 0 2 7 0 2 3 1 2 7 5 31 3 0 2 7 0 2 7 0 2 3 1 2 7 1 2 4 0 2 4 0 2 11 0 2 7 6 2 7 1 2 7 1 2 4 1 2 4 0 40.6213299036026001
0 2 7 0 2 4 0 2 7 5 30 3 12 16 2 1 2 7 0 2 7 0 2 3 13 6 3 1 2 11 1 2 7 1 2 7 17 9 2 12 16 2 0 2 7 17 18 2 12 16 2 8 18 2 1 2 7 0 2 7 1 2 7 0 2 7 0 2 7 17 18 2 17 9 2 0 2 4 1 2 7 0 2 7 5 30 3 0 2 7 0 2 7 13 6 3 0 2 7 1 2 7 1 2 4 1 2 3 1 2 11 0 2 7 5 30 3 0 2 7 0 40.6077494621276855

Current Evaluation = 8100(8100)
Front Size = 10
0 2 7 12 16 2 0 2 7 12 16 2 0 2 7 0 2 7 17 18 2 13 6 3 0 2 7 17 18 2 17 9 2 12 16 2 1 2 7 0 2 7 12 16 2 13 6 3 1 2 7 1 2 7 0 2 7 1 2 7 0 2 7 5 30 3 1 2 4 12 16 2 0 2 7 0 2 7 1 2 7 1 2 7 1 2 7 0 2 7 0 2 7 0 2 7 13 6 3 0 2 7 5 31 3 1 2 7 1 2 7 17 9 2 0 2 7 1 2 7 0 40.0383374691009521
1 2 7 12 16 2 0 2 7 12 16 2 0 2 7 0 2 7 0 2 4 17 18 2 13 6 3 1 2 7 17 18 2 17 18 2 12 16 2 1 2 7 17 9 2 0 2 7 12 16 2 13 6 3 1 2 7 0 2 7 1 2 7 0 2 7 0 2 7 1 2 7 12 16 2 0 2 7 0 2 7 5 30 3 0 2 7 1 2 7 5 31 3 1 2 7 13 6 3 0 2 7 0 2 7 1 2 7 1 2 7 0 2 7 1 2 7 0 2 7 0 40.0383374691009521
0 2 7 12 16 2 1 2 7 12 16 2 0 2 7 1 2 7 0 2 7 17 18 2 13 6 3 0 2 7 17 18 2 17 18 2 12 16 2 0 2 4 0 2 4 1 2 7 0 2 4 0 2 4 17 9 2 0 2 7 12 16 2 13 6 3 1 2 7 0 2 4 1 2 7 1 2 7 1 2 7 0 2 7 0 2 4 5 31 3 1 2 7 0 2 4 12 16 2 1 2 7 0 2 7 0 2 7 1 2 7 1 2 7 1 2 7 5 31 3 0 40.3102556467056274
0 2 7 12 16 2 0 2 7 12 16 2 0 2 4 5 31 3 1 2 7 1 2 4 0 2 7 17 18 2 13 6 3 0 2 7 0 2 7 17 18 2 12 16 2 0 2 7 0 2 7 1 2 7 0 2 7 0 2 7 17 9 2 1 2 4 0 2 4 12 16 2 12 16 2 13 6 3 0 2 7 17 18 2 0 2 7 1 2 7 1 2 4 0 2 7 0 2 4 1 2 7 1 2 7 1 2 4 5 31 3 1 2 7 1 2 7 1 2 7 0 40.3102556467056274
0 2 7 12 16 2 0 2 4 12 16 2 1 2 7 5 30 3 1 2 7 0 2 7 17 9 2 13 6 3 0 2 7 0 2 7 17 18 2 12 16 2 1 2 7 0 2 4 0 2 7 0 2 7 0 2 7 12 16 2 12 16 2 13 6 3 0 2 7 1 2 7 0 2 7 1 2 7 0 2 7 1 2 7 0 2 7 1 2 7 13 6 3 1 2 7 1 2 7 1 2 7 1 2 7 5 31 3 0 2 7 17 9 2 0 2 3 17 9 2 0 40.1183375120162964
13 6 3 12 16 2 0 2 7 12 16 2 1 2 7 1 2 7 1 2 7 17 18 2 13 6 3 0 2 7 12 16 2 0 2 7 0 2 7 0 2 7 17 9 2 0 2 7 12 16 2 13 6 3 0 2 7 6 2 7 0 2 7 1 2 7 1 2 7 5 31 3 0 2 7 12 16 2 1 2 7 0 2 7 1 2 4 17 18 2 17 18 2 0 2 7 0 2 7 0 2 7 5 30 3 0 2 7 0 2 7 1 2 7 1 2 4 5 30 3 0 40.2558254599571228
0 2 7 12 16 2 0 2 7 12 16 2 1 2 7 5 31 3 0 2 7 0 2 4 17 18 2 13 6 3 0 2 4 0 2 7 0 2 7 12 16 2 1 2 7 1 2 7 1 2 7 0 2 7 1 2 7 17 9 2 0 2 7 13 6 3 0 2 7 0 2 7 0 2 7 0 2 7 6 2 7 1 2 7 0 2 7 1 2 7 5 31 3 0 2 7 17 9 2 1 2 7 17 18 2 1 2 7 0 2 7 1 2 7 5 30 3 1 2 7 0 40.2815956473350525
17 9 2 12 16 2 1 2 4 12 16 2 6 2 7 5 30 3 0 2 7 0 2 7 17 18 2 0 2 7 0 2 7 17 18 2 5 31 3 0 2 7 0 2 7 1 2 7 0 2 7 13 6 3 17 9 2 0 2 7 0 2 7 1 2 7 1 2 7 1 2 4 0 2 7 0 2 3 1 2 7 5 31 3 0 2 7 0 2 7 0 2 3 1 2 7 1 2 4 0 2 4 0 2 11 0 2 7 6 2 7 1 2 7 1 2 4 1 2 4 0 40.6213299036026001
0 2 7 0 2 4 0 2 7 5 30 3 12 16 2 1 2 7 0 2 7 0 2 3 13 6 3 1 2 11 1 2 7 1 2 7 17 9 2 12 16 2 0 2 7 17 18 2 12 16 2 8 18 2 1 2 7 0 2 7 1 2 7 0 2 7 0 2 7 17 18 2 17 9 2 0 2 4 1 2 7 0 2 7 5 30 3 0 2 7 0 2 7 13 6 3 0 2 7 1 2 7 1 2 4 1 2 3 1 2 11 0 2 7 5 30 3 0 2 7 0 40.6077494621276855
13 6 3 12 16 2 0 2 7 12 16 2 1 2 7 1 2 7 1 2 7 17 18 2 13 6 3 0 2 7 12 16 2 0 2 7 0 2 7 0 2 7 17 9 2 0 2 7 12 16 2 13 6 3 0 2 7 0 2 3 1 2 7 1 2 7 1 2 7 5 31 3 0 2 7 12 16 2 1 2 7 1 2 4 1 2 7 17 18 2 17 18 2 0 2 4 0 2 7 0 2 7 5 30 3 0 2 7 0 2 7 1 2 7 1 2 7 0 2 7 0 40.1183375120162964

Current Evaluation = 8550(8550)
Front Size = 10
0 2 4 12 16 2 1 2 7 12 16 2 0 2 7 1 2 7 0 2 7 17 18 2 13 6 3 1 2 7 17 18 2 12 16 2 1 2 7 17 9 2 0 2 7 12 16 2 13 6 3 1 2 7 0 2 7 1 2 7 1 2 7 0 2 7 5 31 3 1 2 7 12 16 2 1 2 7 0 2 7 0 2 7 1 2 7 1 2 7 13 6 3 0 2 7 0 2 7 0 2 7 0 2 7 0 2 7 0 2 7 0 2 7 5 30 3 17 9 2 0 40.0383374691009521
0 2 7 12 16 2 1 2 7 12 16 2 0 2 7 1 2 7 0 2 7 17 18 2 13 6 3 0 2 7 12 16 2 0 2 7 17 9 2 0 2 7 12 16 2 13 6 3 0 2 7 1 2 7 1 2 7 1 2 7 0 2 7 5 31 3 1 2 7 12 16 2 1 2 7 0 2 7 0 2 7 1 2 7 1 2 7 17 9 2 0 2 7 13 6 3 0 2 7 0 2 7 0 2 7 1 2 7 5 30 3 0 2 4 1 2 7 17 9 2 0 40.0383374691009521
0 2 7 12 16 2 0 2 7 12 16 2 0 2 7 0 2 7 17 18 2 13 6 3 0 2 7 17 18 2 17 18 2 12 16 2 1 2 7 0 2 7 12 16 2 13 6 3 0 2 7 0 2 7 1 2 7 0 2 7 5 30 3 1 2 7 12 16 2 0 2 7 0 2 7 1 2 7 5 31 3 17 9 2 1 2 7 1 2 7 0 2 7 1 2 7 0 2 7 13 6 3 1 2 7 1 2 7 0 2 7 1 2 7 1 2 4 0 2 7 0 40.0383374691009521
0 2 7 12 16 2 0 2 3 12 16 2 0 2 7 0 2 7 17 18 2 13 6 3 0 2 7 17 18 2 17 18 2 12 16 2 1 2 7 0 2 7 12 16 2 13 6 3 0 2 7 1 2 7 0 2 7 1 2 7 5 30 3 1 2 7 12 16 2 1 2 7 5 31 3 17 9 2 1 2 7 1 2 7 0 2 4 0 2 7 0 2 7 0 2 7 1 2 7 0 2 4 0 2 7 1 2 7 13 6 3 0 2 7 1 2 7 1 2 7 0 40.1183375120162964
0 2 7 12 16 2 1 2 7 12 16 2 0 2 7 1 2 7 0 2 7 17 18 2 13 6 3 0 2 7 17 18 2 17 18 2 12 16 2 0 2 4 0 2 4 1 2 7 0 2 4 0 2 4 17 9 2 0 2 7 12 16 2 13 6 3 1 2 7 0 2 4 1 2 7 1 2 7 1 2 7 0 2 7 0 2 4 5 31 3 1 2 7 0 2 4 12 16 2 1 2 7 0 2 7 0 2 7 1 2 7 1 2 7 1 2 7 5 31 3 0 40.3102556467056274
0 2 7 12 16 2 1 2 7 12 16 2 0 2 7 1 2 7 0 2 7 17 18 2 13 6 3 0 2 7 17 18 2 17 18 2 12 16 2 0 2 7 1 2 7 17 9 2 0 2 7 12 16 2 13 6 3 1 2 7 1 2 7 1 2 7 1 2 7 0 2 4 5 31 3 1 2 7 12 16 2 1 2 7 0 2 7 0 2 7 1 2 7 1 2 7 0 2 7 0 2 7 5 30 3 0 2 7 13 6 3 0 2 7 0 2 7 0 2 7 0 40.0383374691009521
0 2 7 12 16 2 1 2 4 12 16 2 0 2 7 1 2 7 0 2 7 17 18 2 13 6 3 0 2 7 12 16 2 0 2 7 1 2 4 17 9 2 0 2 4 12 16 2 13 6 3 1 2 7 1 2 7 1 2 7 1 2 7 0 2 7 5 31 3 1 2 4 12 16 2 1 2 7 0 2 7 0 2 7 1 2 7 1 2 7 17 18 2 17 18 2 0 2 4 0 2 7 0 2 7 0 2 7 0 2 4 0 2 7 1 2 4 5 31 3 0 40.3102556467056274
1 2 4 12 16 2 0 2 4 12 16 2 0 2 7 0 2 4 17 18 2 13 6 3 0 2 7 17 18 2 12 16 2 1 2 7 0 2 4 12 16 2 13 6 3 0 2 7 1 2 4 0 2 3 1 2 4 0 2 3 5 30 3 1 2 7 12 16 2 0 2 7 1 2 3 5 31 3 17 9 2 1 2 7 17 18 2 1 2 7 1 2 7 0 2 7 1 2 7 0 2 7 0 2 4 1 2 4 1 2 7 0 2 7 0 2 7 0 2 4 0 40.4699766635894775
0 2 7 12 16 2 1 2 7 12 16 2 0 2 7 1 2 7 0 2 7 17 18 2 13 6 3 0 2 7 12 16 2 0 2 7 17 9 2 0 2 7 12 16 2 13 6 3 0 2 7 1 2 7 1 2 7 1 2 7 0 2 7 5 31 3 1 2 7 12 16 2 1 2 7 0 2 7 0 2 7 1 2 7 1 2 7 17 9 2 0 2 7 13 6 3 17 9 2 0 2 7 0 2 7 0 2 7 1 2 7 5 30 3 1 2 4 0 2 7 0 40.0383374691009521
0 2 7 12 16 2 0 2 3 12 16 2 0 2 7 0 2 7 17 18 2 13 6 3 0 2 7 17 18 2 17 18 2 12 16 2 1 2 7 0 2 7 12 16 2 13 6 3 0 2 7 1 2 7 0 2 7 1 2 7 5 30 3 1 2 7 12 16 2 1 2 7 5 31 3 17 9 2 1 2 7 1 2 7 0 2 4 0 2 7 0 2 4 0 2 7 0 2 4 1 2 7 0 2 7 0 2 4 1 2 4 1 2 4 1 2 4 1 2 7 1.78815795619897359e-05 40.3099765777587891

Current Evaluation = 9000(9000)
Front Size = 10
0 2 7 12 16 2 0 2 7 12 16 2 0 2 7 0 2 7 17 18 2 13 6 3 0 2 7 17 18 2 17 18 2 12 16 2 1 2 7 0 2 7 12 16 2 13 6 3 0 2 7 0 2 7 1 2 7 0 2 7 5 30 3 1 2 7 12 16 2 0 2 7 0 2 7 1 2 7 5 31 3 17 9 2 1 2 7 1 2 7 0 2 7 1 2 7 0 2 7 13 6 3 1 2 7 1 2 7 0 2 7 1 2 7 1 2 7 0 2 4 0 40.0383374691009521
0 2 7 12 16 2 0 2 7 12 16 2 0 2 7 0 2 7 17 18 2 13 6 3 0 2 7 17 18 2 12 16 2 1 2 7 0 2 7 12 16 2 13 6 3 0 2 7 0 2 7 1 2 7 0 2 7 5 30 3 1 2 7 12 16 2 0 2 7 0 2 7 1 2 7 5 31 3 17 9 2 1 2 7 1 2 7 0 2 7 1 2 7 0 2 7 13 6 3 1 2 7 1 2 7 0 2 7 1 2 7 1 2 4 0 2 7 17 9 2 0 40.0383374691009521
0 2 7 12 16 2 0 2 3 12 16 2 0 2 7 0 2 7 17 18 2 13 6 3 0 2 7 17 18 2 17 18 2 12 16 2 1 2 7 0 2 7 12 16 2 13 6 3 0 2 7 1 2 7 0 2 7 1 2 7 5 30 3 1 2 7 12 16 2 1 2 7 5 31 3 17 9 2 1 2 7 1 2 7 0 2 4 0 2 7 0 2 7 0 2 7 1 2 7 0 2 4 0 2 7 1 2 7 13 6 3 0 2 7 1 2 7 1 2 7 0 40.1183375120162964
0 2 7 12 16 2 0 2 7 12 16 2 0 2 7 0 2 7 17 18 2 13 6 3 0 2 7 17 18 2 12 16 2 1 2 7 0 2 7 12 16 2 13 6 3 0 2 7 0 2 7 1 2 7 0 2 7 5 30 3 1 2 7 12 16 2 0 2 7 0 2 7 1 2 7 5 31 3 1 2 7 1 2 7 0 2 7 1 2 7 0 2 7 13 6 3 1 2 7 1 2 7 0 2 7 1 2 7 1 2 4 0 2 7 17 18 2 17 18 2 0 40.0383374691009521
0 2 7 12 16 2 0 2 7 12 16 2 0 2 7 0 2 7 13 6 3 0 2 7 12 16 2 1 2 7 0 2 7 12 16 2 13 6 3 0 2 7 0 2 7 1 2 7 0 2 7 5 30 3 1 2 7 12 16 2 0 2 7 0 2 7 1 2 7 5 31 3 17 9 2 1 2 7 1 2 3 0 2 7 1 2 7 0 2 7 1 2 7 1 2 4 17 9 2 17 18 2 0 2 4 13 6 3 1 2 7 0 2 7 1 2 7 17 9 2 0 40.1183375120162964
0 2 7 12 16 2 12 16 2 0 2 11 0 2 3 17 9 2 13 6 3 1 2 7 12 16 2 1 2 7 1 2 7 12 16 2 13 6 3 0 2 7 0 2 7 8 9 2 1 2 4 1 2 4 1 2 4 12 16 2 0 2 4 5 30 3 17 9 2 0 2 7 0 2 4 1 2 3 0 2 7 1 2 7 0 2 4 0 2 7 0 2 11 0 2 3 0 2 7 1 2 7 17 9 2 5 30 3 1 2 7 17 9 2 1 2 11 0 2 4 0 40.8323026895523071
0 2 7 12 16 2 1 2 7 12 16 2 0 2 7 1 2 7 0 2 7 17 18 2 13 6 3 0 2 7 17 18 2 17 18 2 12 16 2 0 2 4 0 2 4 1 2 7 0 2 4 0 2 4 17 9 2 0 2 7 12 16 2 13 6 3 1 2 7 0 2 4 1 2 7 1 2 7 1 2 7 0 2 7 0 2 4 5 31 3 1 2 7 0 2 4 12 16 2 1 2 7 0 2 7 0 2 7 1 2 7 1 2 7 1 2 7 5 31 3 0 40.3102556467056274
0 2 7 12 16 2 1 2 7 12 16 2 0 2 7 1 2 7 0 2 7 17 18 2 13 6 3 0 2 7 17 18 2 17 18 2 12 16 2 0 2 7 0 2 7 1 2 7 0 2 3 0 2 7 17 9 2 13 6 3 12 16 2 13 6 3 1 2 7 0 2 7 1 2 4 1 2 7 1 2 7 0 2 7 0 2 7 5 31 3 0 2 7 0 2 7 12 16 2 1 2 7 0 2 7 0 2 7 1 2 4 1 2 7 1 2 7 5 30 3 0 40.1183375120162964
0 2 7 12 16 2 1 2 7 12 16 2 0 2 7 1 2 7 0 2 7 17 18 2 13 6 3 0 2 7 12 16 2 0 2 4 1 2 4 17 9 2 0 2 7 12 16 2 13 6 3 1 2 7 1 2 7 1 2 7 1 2 7 0 2 7 5 31 3 1 2 7 12 16 2 1 2 7 0 2 7 0 2 7 1 2 4 1 2 7 17 18 2 0 2 4 0 2 4 0 2 4 1 2 7 5 31 3 0 2 7 17 9 2 0 2 4 0 2 7 0 40.3102556467056274
12 16 2 0 2 7 12 16 2 0 2 7 17 18 2 13 6 3 0 2 7 17 18 2 12 16 2 1 2 7 12 16 2 13 6 3 0 2 4 5 30 3 1 2 4 12 16 2 0 2 7 5 31 3 17 9 2 1 2 7 17 18 2 1 2 7 1 2 3 0 2 4 1 2 3 0 2 7 1 2 4 0 2 3 0 2 7 1 2 4 0 2 7 0 2 4 1 2 7 0 2 7 0 2 7 0 2 7 1 2 7 0 2 4 1 2 4 1 2 4 0 40.4699766635894775

MonoObjective Genetic Algorithm
Number of Evaluations = 0
Mutation Probability = 0
Crossover Probability = 1
Population Size = 10
Survival Selection Type = 16

Time =  9013.90285587310791

Current Evaluation = 2270
Front Size = 10
0 2 7 12 16 2 0 2 7 12 16 2 0 2 7 0 2 7 17 18 2 13 6 3 0 2 7 17 18 2 17 18 2 12 16 2 1 2 7 0 2 7 12 16 2 13 6 3 0 2 7 0 2 7 1 2 7 0 2 7 5 30 3 1 2 7 12 16 2 0 2 7 0 2 7 1 2 7 5 31 3 17 9 2 1 2 7 1 2 7 0 2 7 1 2 7 0 2 7 13 6 3 1 2 7 1 2 7 0 2 7 1 2 7 1 2 7 0 2 4 0 40.0383374691009521
0 2 7 12 16 2 0 2 7 12 16 2 0 2 7 0 2 7 17 18 2 13 6 3 0 2 7 17 18 2 12 16 2 1 2 7 0 2 7 12 16 2 13 6 3 0 2 7 0 2 7 1 2 7 0 2 7 5 30 3 1 2 7 12 16 2 0 2 7 0 2 7 1 2 7 5 31 3 17 9 2 1 2 7 1 2 7 0 2 7 1 2 7 0 2 7 13 6 3 1 2 7 1 2 7 0 2 7 1 2 7 1 2 4 0 2 7 17 9 2 0 40.0383374691009521
0 2 7 12 16 2 0 2 3 12 16 2 0 2 7 0 2 7 17 18 2 13 6 3 0 2 7 17 18 2 17 18 2 12 16 2 1 2 7 0 2 7 12 16 2 13 6 3 0 2 7 1 2 7 0 2 7 1 2 7 5 30 3 1 2 7 12 16 2 1 2 7 5 31 3 17 9 2 1 2 7 1 2 7 0 2 4 0 2 7 0 2 7 0 2 7 1 2 7 0 2 4 0 2 7 1 2 7 13 6 3 0 2 7 1 2 7 1 2 7 0 40.1183375120162964
0 2 7 12 16 2 0 2 7 12 16 2 0 2 7 0 2 7 17 18 2 13 6 3 0 2 7 17 18 2 12 16 2 1 2 7 0 2 7 12 16 2 13 6 3 0 2 7 0 2 7 1 2 7 0 2 7 5 30 3 1 2 7 12 16 2 0 2 7 0 2 7 1 2 7 5 31 3 1 2 7 1 2 7 0 2 7 1 2 7 0 2 7 13 6 3 1 2 7 1 2 7 0 2 7 1 2 7 1 2 4 0 2 7 17 18 2 17 18 2 0 40.0383374691009521
0 2 7 12 16 2 0 2 7 12 16 2 0 2 7 0 2 7 13 6 3 0 2 7 12 16 2 1 2 7 0 2 7 12 16 2 13 6 3 0 2 7 0 2 7 1 2 7 0 2 7 5 30 3 1 2 7 12 16 2 0 2 7 0 2 7 1 2 7 5 31 3 17 9 2 1 2 7 1 2 3 0 2 7 1 2 7 0 2 7 1 2 7 1 2 4 17 9 2 17 18 2 0 2 4 13 6 3 1 2 7 0 2 7 1 2 7 17 9 2 0 40.1183375120162964
0 2 7 12 16 2 12 16 2 0 2 11 0 2 3 17 9 2 13 6 3 1 2 7 12 16 2 1 2 7 1 2 7 12 16 2 13 6 3 0 2 7 0 2 7 8 9 2 1 2 4 1 2 4 1 2 4 12 16 2 0 2 4 5 30 3 17 9 2 0 2 7 0 2 4 1 2 3 0 2 7 1 2 7 0 2 4 0 2 7 0 2 11 0 2 3 0 2 7 1 2 7 17 9 2 5 30 3 1 2 7 17 9 2 1 2 11 0 2 4 0 40.8323026895523071
0 2 7 12 16 2 1 2 7 12 16 2 0 2 7 1 2 7 0 2 7 17 18 2 13 6 3 0 2 7 17 18 2 17 18 2 12 16 2 0 2 4 0 2 4 1 2 7 0 2 4 0 2 4 17 9 2 0 2 7 12 16 2 13 6 3 1 2 7 0 2 4 1 2 7 1 2 7 1 2 7 0 2 7 0 2 4 5 31 3 1 2 7 0 2 4 12 16 2 1 2 7 0 2 7 0 2 7 1 2 7 1 2 7 1 2 7 5 31 3 0 40.3102556467056274
0 2 7 12 16 2 1 2 7 12 16 2 0 2 7 1 2 7 0 2 7 17 18 2 13 6 3 0 2 7 17 18 2 17 18 2 12 16 2 0 2 7 0 2 7 1 2 7 0 2 3 0 2 7 17 9 2 13 6 3 12 16 2 13 6 3 1 2 7 0 2 7 1 2 4 1 2 7 1 2 7 0 2 7 0 2 7 5 31 3 0 2 7 0 2 7 12 16 2 1 2 7 0 2 7 0 2 7 1 2 4 1 2 7 1 2 7 5 30 3 0 40.1183375120162964
0 2 7 12 16 2 1 2 7 12 16 2 0 2 7 1 2 7 0 2 7 17 18 2 13 6 3 0 2 7 12 16 2 0 2 4 1 2 4 17 9 2 0 2 7 12 16 2 13 6 3 1 2 7 1 2 7 1 2 7 1 2 7 0 2 7 5 31 3 1 2 7 12 16 2 1 2 7 0 2 7 0 2 7 1 2 4 1 2 7 17 18 2 0 2 4 0 2 4 0 2 4 1 2 7 5 31 3 0 2 7 17 9 2 0 2 4 0 2 7 0 40.3102556467056274
12 16 2 0 2 7 12 16 2 0 2 7 17 18 2 13 6 3 0 2 7 17 18 2 12 16 2 1 2 7 12 16 2 13 6 3 0 2 4 5 30 3 1 2 4 12 16 2 0 2 7 5 31 3 17 9 2 1 2 7 17 18 2 1 2 7 1 2 3 0 2 4 1 2 3 0 2 7 1 2 4 0 2 3 0 2 7 1 2 4 0 2 7 0 2 4 1 2 7 0 2 7 0 2 7 0 2 7 1 2 7 0 2 4 1 2 4 1 2 4 0 40.4699766635894775

