Current Evaluation = 450(450)
Front Size = 10
0 2 7 16 6 2 1 2 4 0 2 7 5 31 3 0 2 7 5 31 3 0 2 7 0 2 7 0 2 4 0 2 7 0 2 7 0 2 7 0 2 7 0 2 7 1 2 7 1 2 11 12 16 2 1 2 4 1 2 7 5 31 3 0 2 7 0 2 7 5 30 3 5 30 3 6 2 7 0 2 7 0 2 7 0 2 7 0 2 7 16 6 2 17 9 2 17 18 2 0 2 7 1 2 7 1 2 7 17 18 2 13 6 3 1 2 7 0 2 7 0 40.6108766198158264
12 16 2 0 2 7 1 2 7 0 2 7 0 2 7 5 30 3 0 2 7 5 31 3 0 2 7 1 2 7 1 2 7 1 2 7 0 2 4 17 18 2 0 2 7 1 2 7 0 2 7 0 2 7 0 2 7 17 9 2 1 2 7 12 16 2 0 2 7 1 2 7 0 2 11 1 2 7 0 2 3 16 30 2 5 31 3 0 2 7 12 16 2 8 18 2 16 18 11 1 2 4 5 30 3 0 2 11 0 2 4 1 2 7 0 2 11 0 2 4 0 41.6017429232597351
0 2 7 0 2 3 0 2 7 5 30 3 5 30 3 1 2 7 0 2 7 1 2 7 12 16 2 0 2 7 16 19 11 17 18 2 8 9 2 0 2 7 0 2 7 1 2 7 16 6 2 0 2 7 1 2 7 0 2 7 5 31 3 0 2 7 1 2 7 16 6 2 1 2 7 16 6 2 0 2 7 0 2 7 0 2 7 0 2 3 1 2 3 0 2 7 0 2 3 1 2 3 0 2 3 5 31 3 0 2 7 0 2 4 5 30 3 0 2 3 0 41.6189686059951782
12 16 2 0 2 7 1 2 3 1 2 7 0 2 7 5 30 3 0 2 7 5 30 3 0 2 3 0 2 7 1 2 7 0 2 3 5 30 3 0 2 3 8 18 2 0 2 3 1 2 7 0 2 3 5 30 3 0 2 7 0 2 7 16 9 8 17 9 2 8 18 2 0 2 7 12 16 2 0 2 7 0 2 7 5 30 3 0 2 7 1 2 7 1 2 7 0 2 7 16 30 2 0 2 3 0 2 3 1 2 3 1 2 3 0 2 7 16 15 2 0 42.3131356239318848
16 19 11 0 2 7 0 2 8 0 2 12 0 2 7 5 30 3 0 2 8 0 2 8 0 2 11 5 30 3 0 2 7 16 19 11 5 30 3 5 30 3 12 16 2 0 2 7 0 2 8 0 2 8 16 19 11 0 2 8 0 2 8 0 2 8 0 2 8 0 2 11 6 2 11 0 2 7 0 2 7 5 30 3 5 31 3 0 2 11 0 2 11 16 19 11 17 18 2 0 2 11 0 2 8 0 2 8 0 2 11 5 31 3 0 2 7 0 2 8 0 45.495309591293335
16 19 11 16 19 12 0 2 7 0 2 3 0 2 3 0 2 3 5 30 3 1 2 11 0 2 7 5 30 3 0 2 3 0 2 3 16 9 12 0 2 3 5 30 3 0 2 12 0 2 3 5 30 3 5 31 3 0 2 3 0 2 3 1 2 3 0 2 3 1 2 7 0 2 3 0 2 3 0 2 7 0 2 3 16 19 12 16 19 12 0 2 3 0 2 3 5 30 3 0 2 3 0 2 7 12 16 2 0 2 7 1 2 3 0 2 3 0 2 8 4.71081510080521408e-06 44.7436639070510864
1 2 8 16 19 12 8 18 2 16 19 12 0 2 8 8 9 2 5 30 3 8 18 2 1 2 8 0 2 3 0 2 3 0 2 7 0 2 3 5 30 3 0 2 8 0 2 8 0 2 7 0 2 8 0 2 3 0 2 3 12 16 2 16 19 12 5 30 3 0 2 7 5 30 3 0 2 8 16 19 12 1 2 8 0 2 8 0 2 8 0 2 8 0 2 8 1 2 3 5 30 3 0 2 8 16 6 2 0 2 7 0 2 3 5 30 3 0 2 3 0.000217253453528551887 45.0697273015975952
12 16 2 0 2 3 0 2 3 0 2 11 5 30 3 15 2 11 5 30 3 0 2 7 6 2 8 0 2 7 5 30 3 0 2 3 0 2 7 0 2 7 0 2 11 5 30 3 0 2 3 5 30 3 0 2 7 0 2 3 12 16 2 0 2 7 0 2 7 0 2 11 0 2 7 16 19 11 17 9 2 0 2 7 0 2 7 0 2 7 0 2 11 6 2 7 15 2 11 0 2 11 0 2 3 1 2 7 5 30 3 1 2 3 16 19 11 16 24 2 0 43.4851117730140686
5 31 3 6 2 3 0 2 7 0 2 3 0 2 7 0 2 7 0 2 7 0 2 3 0 2 7 0 2 8 1 2 11 5 30 3 0 2 7 5 31 3 0 2 8 1 2 7 0 2 8 0 2 7 0 2 7 1 2 7 0 2 3 0 2 7 16 19 11 17 9 2 16 30 2 12 16 2 1 2 8 16 6 2 0 2 3 0 2 11 0 2 11 0 2 7 16 6 2 8 9 2 5 30 3 1 2 7 5 30 3 0 2 7 5 30 3 1 2 7 0 42.5566798448562622
0 2 7 5 30 3 0 2 7 5 30 3 5 31 3 1 2 7 0 2 7 0 2 7 12 16 2 0 2 7 0 2 7 16 19 12 0 2 3 1 2 7 0 2 3 17 9 2 0 2 3 0 2 7 16 9 12 0 2 3 0 2 4 0 2 7 1 2 4 5 30 3 1 2 7 0 2 3 1 2 7 0 2 3 5 31 3 1 2 7 0 2 3 16 19 12 16 19 12 6 2 7 0 2 7 0 2 7 0 2 7 1 2 3 0 2 3 0 2 8 3.08969383466462444e-05 42.9327259659767151

Current Evaluation = 900(900)
Front Size = 10
0 2 7 16 6 2 1 2 4 0 2 7 5 31 3 0 2 7 5 31 3 0 2 7 0 2 7 0 2 4 0 2 7 0 2 7 0 2 7 0 2 7 0 2 7 1 2 7 1 2 11 12 16 2 1 2 4 1 2 7 5 31 3 0 2 7 0 2 7 5 30 3 5 30 3 6 2 7 0 2 7 0 2 7 0 2 7 0 2 7 16 6 2 17 9 2 17 18 2 0 2 7 1 2 7 1 2 7 17 18 2 13 6 3 1 2 7 0 2 7 0 40.6108766198158264
12 16 2 0 2 4 1 2 7 0 2 3 0 2 7 5 30 3 0 2 7 5 31 3 0 2 7 0 2 3 1 2 7 1 2 4 1 2 7 17 18 2 0 2 7 1 2 3 0 2 7 1 2 7 0 2 4 17 9 2 1 2 7 12 16 2 0 2 7 1 2 7 0 2 7 1 2 7 0 2 7 16 6 2 5 31 3 0 2 7 12 16 2 8 18 2 16 18 11 1 2 7 0 2 4 0 2 7 0 2 7 1 2 7 0 2 4 0 2 3 0 41.3571247458457947
0 2 7 17 9 2 1 2 3 1 2 3 0 2 7 0 2 7 1 2 7 12 16 2 0 2 7 0 2 7 8 9 2 0 2 7 0 2 7 1 2 3 0 2 7 1 2 3 1 2 7 0 2 7 0 2 7 16 15 2 0 2 3 0 2 7 1 2 7 1 2 3 8 18 2 1 2 7 0 2 7 1 2 7 17 18 2 12 16 2 16 6 2 0 2 7 8 9 2 0 2 7 0 2 7 5 30 3 5 30 3 5 30 3 0 2 4 0 2 3 0 41.4373496770858765
0 2 7 1 2 7 0 2 7 5 31 3 1 2 3 1 2 7 0 2 7 1 2 7 12 16 2 0 2 7 16 19 11 1 2 7 17 9 2 0 2 7 0 2 7 1 2 3 16 6 2 1 2 7 1 2 7 0 2 7 5 30 3 0 2 3 0 2 7 16 30 2 0 2 7 16 6 2 0 2 7 0 2 7 0 2 7 0 2 7 1 2 3 0 2 7 0 2 3 1 2 7 0 2 3 5 31 3 0 2 3 0 2 7 5 31 3 0 2 7 0 41.3188707828521729
5 30 3 5 30 3 5 30 3 0 2 7 12 16 2 0 2 7 5 31 3 12 16 2 0 2 11 0 2 7 1 2 7 0 2 7 0 2 11 1 2 3 0 2 7 0 2 7 0 2 7 0 2 7 0 2 7 1 2 11 0 2 7 0 2 7 1 2 11 17 18 2 5 30 3 6 2 7 0 2 7 1 2 7 0 2 7 16 18 12 17 18 2 15 2 11 8 18 2 1 2 4 0 2 7 16 19 11 0 2 7 0 2 7 1 2 7 0 2 7 0 42.3161775469779968
5 30 3 0 2 11 0 2 8 0 2 8 0 2 8 0 2 8 0 2 7 12 16 2 0 2 8 12 16 2 16 6 2 0 2 8 16 6 2 16 19 11 0 2 8 5 30 3 0 2 11 0 2 8 0 2 7 0 2 8 5 30 3 5 30 3 16 19 11 0 2 8 0 2 8 16 19 11 5 31 3 0 2 11 0 2 8 0 2 8 0 2 11 0 2 8 0 2 8 0 2 7 0 2 8 5 31 3 0 2 8 0 2 11 5 31 3 0 2 8 0 45.8810049295425415
16 19 12 1 2 3 5 30 3 0 2 3 5 30 3 5 31 3 5 30 3 0 2 3 12 16 2 0 2 3 0 2 7 0 2 3 0 2 7 0 2 3 16 19 12 0 2 7 16 19 12 0 2 3 0 2 7 1 2 11 0 2 3 0 2 7 5 30 3 16 19 12 0 2 3 0 2 3 0 2 3 0 2 7 0 2 3 0 2 7 5 30 3 16 9 8 0 2 3 1 2 3 0 2 3 0 2 3 0 2 7 0 2 7 1 2 11 0 2 3 2.88950637707532132e-06 44.4306637048721313
0 2 7 0 2 3 0 2 7 0 2 7 0 2 7 0 2 7 0 2 3 0 2 3 1 2 7 0 2 11 5 30 3 1 2 7 0 2 3 16 19 11 12 16 2 0 2 7 5 30 3 5 31 3 5 30 3 0 2 11 0 2 7 5 30 3 0 2 3 0 2 7 17 18 2 1 2 7 16 19 11 5 30 3 16 19 11 16 6 2 0 2 7 1 2 7 0 2 11 0 2 3 0 2 11 1 2 3 0 2 3 1 2 11 0 2 6 0 2 7 0 43.2668836116790771
5 31 3 5 30 3 5 30 3 5 30 3 5 31 3 0 2 3 12 16 2 0 2 8 0 2 7 1 2 8 16 6 2 12 16 2 8 18 2 16 6 2 0 2 7 0 2 7 0 2 3 0 2 3 0 2 8 5 30 3 0 2 7 16 19 13 0 2 7 0 2 7 0 2 7 0 2 7 0 2 8 0 2 7 16 19 12 0 2 7 1 2 7 0 2 7 0 2 3 0 2 7 1 2 7 16 19 13 0 2 7 0 2 7 0 2 3 0 2 7 0 43.3150787353515625
1 2 8 16 19 12 8 18 2 16 19 12 0 2 8 8 9 2 5 30 3 8 18 2 1 2 8 0 2 3 0 2 3 0 2 7 0 2 3 5 30 3 0 2 8 0 2 8 0 2 7 0 2 8 0 2 3 0 2 3 12 16 2 16 19 12 5 30 3 0 2 7 5 30 3 0 2 8 16 19 12 1 2 8 0 2 8 0 2 8 0 2 8 0 2 8 1 2 3 5 30 3 0 2 8 16 6 2 0 2 7 0 2 3 5 30 3 0 2 3 0.000217253453528551887 45.0697273015975952

Current Evaluation = 1350(1350)
Front Size = 10
1 2 7 17 9 2 0 2 7 0 2 7 0 2 7 0 2 7 1 2 7 0 2 7 0 2 7 0 2 7 0 2 7 0 2 7 1 2 7 1 2 7 0 2 7 1 2 7 1 2 7 0 2 7 1 2 11 0 2 7 17 18 2 1 2 7 0 2 7 1 2 7 5 31 3 0 2 7 17 9 2 0 2 7 1 2 7 1 2 7 17 9 2 13 6 3 0 2 7 5 31 3 1 2 7 0 2 4 5 31 3 1 2 7 16 6 2 0 2 7 0 40.0670827627182007
5 30 3 1 2 7 5 30 3 5 31 3 0 2 7 12 16 2 0 2 7 0 2 7 0 2 3 0 2 7 1 2 7 0 2 7 5 30 3 0 2 7 0 2 3 0 2 7 6 2 7 0 2 7 17 18 2 1 2 3 0 2 7 13 6 3 1 2 7 1 2 4 17 18 2 16 6 2 0 2 7 0 2 7 0 2 7 0 2 7 12 16 2 1 2 3 12 16 2 16 19 11 0 2 3 1 2 7 0 2 7 8 18 2 0 2 7 1 2 7 0 41.4773275256156921
5 30 3 5 30 3 5 30 3 6 2 7 12 16 2 0 2 11 16 6 2 16 6 2 0 2 7 0 2 11 0 2 7 0 2 7 0 2 11 0 2 11 0 2 11 0 2 7 0 2 7 0 2 11 1 2 7 0 2 11 0 2 7 0 2 7 1 2 7 0 2 11 6 2 7 0 2 7 0 2 7 0 2 7 6 2 7 1 2 7 15 2 11 12 16 2 5 31 3 6 2 7 17 18 2 5 31 3 5 31 3 0 2 11 6 2 7 17 9 2 0 42.3268312811851501
5 31 3 0 2 3 12 16 2 16 6 2 16 6 2 5 30 3 1 2 3 5 30 3 1 2 7 5 30 3 8 9 2 0 2 3 0 2 7 0 2 7 0 2 4 1 2 3 0 2 3 1 2 7 0 2 3 1 2 3 0 2 7 0 2 7 0 2 7 0 2 7 0 2 3 5 30 3 16 19 13 0 2 7 0 2 7 16 19 11 1 2 4 1 2 3 0 2 7 0 2 3 17 9 2 6 2 7 0 2 7 0 2 7 0 2 3 0 2 7 0 42.2542327046394348
5 30 3 0 2 11 0 2 8 0 2 8 0 2 8 0 2 8 0 2 7 12 16 2 0 2 8 12 16 2 16 6 2 0 2 8 16 6 2 16 19 11 0 2 8 5 30 3 0 2 11 0 2 8 0 2 7 0 2 8 5 30 3 5 30 3 16 19 11 0 2 8 0 2 8 16 19 11 5 31 3 0 2 11 0 2 8 0 2 8 0 2 11 0 2 8 0 2 8 0 2 7 0 2 8 5 31 3 0 2 8 0 2 11 5 31 3 0 2 8 0 45.8810049295425415
5 31 3 5 30 3 5 30 3 5 30 3 5 31 3 0 2 3 12 16 2 0 2 8 0 2 7 1 2 8 16 6 2 12 16 2 8 18 2 16 6 2 0 2 7 0 2 7 0 2 3 0 2 3 0 2 8 5 30 3 0 2 7 16 19 13 0 2 7 0 2 7 0 2 7 0 2 7 0 2 8 0 2 7 16 19 12 0 2 7 1 2 7 0 2 7 0 2 3 0 2 7 1 2 7 16 19 13 0 2 7 0 2 7 0 2 3 0 2 7 0 43.3150787353515625
17 9 2 16 6 2 0 2 7 5 31 3 0 2 7 5 30 3 0 2 7 0 2 7 0 2 7 0 2 3 0 2 7 1 2 7 0 2 4 1 2 7 0 2 7 0 2 4 0 2 7 0 2 7 1 2 7 5 31 3 0 2 7 0 2 4 1 2 7 0 2 4 16 6 2 17 9 2 1 2 4 1 2 7 1 2 7 1 2 7 1 2 4 0 2 7 5 31 3 0 2 7 0 2 3 1 2 7 1 2 7 17 18 2 1 2 7 0 2 3 0 40.5870778560638428
1 2 8 16 19 12 8 18 2 16 19 12 0 2 8 8 9 2 5 30 3 8 18 2 1 2 8 0 2 3 0 2 3 0 2 7 0 2 3 5 30 3 0 2 8 0 2 8 0 2 7 0 2 8 0 2 3 0 2 3 12 16 2 16 19 12 5 30 3 0 2 7 5 30 3 0 2 8 16 19 12 1 2 8 0 2 8 0 2 8 0 2 8 0 2 8 1 2 3 5 30 3 0 2 8 16 6 2 0 2 7 0 2 3 5 30 3 0 2 3 0.000217253453528551887 45.0697273015975952
1 2 7 17 9 2 0 2 7 0 2 7 0 2 7 0 2 7 1 2 7 12 16 2 0 2 7 0 2 4 8 9 2 0 2 3 0 2 7 13 6 3 0 2 3 1 2 7 1 2 7 0 2 7 0 2 7 16 15 2 1 2 7 0 2 3 1 2 7 0 2 7 17 18 2 0 2 7 0 2 7 1 2 7 8 18 2 12 16 2 5 30 3 0 2 7 17 9 2 1 2 7 0 2 7 5 30 3 5 30 3 5 30 3 0 2 7 1 2 7 0 41.0868915319442749
0 2 7 1 2 7 0 2 7 5 31 3 1 2 3 1 2 7 0 2 7 1 2 7 12 16 2 0 2 7 16 19 11 1 2 7 17 9 2 0 2 7 0 2 7 1 2 3 16 6 2 1 2 7 1 2 7 0 2 7 5 30 3 0 2 3 0 2 7 16 30 2 0 2 7 16 6 2 0 2 7 0 2 7 0 2 7 0 2 7 1 2 3 0 2 7 0 2 3 1 2 7 0 2 3 5 31 3 0 2 3 0 2 7 5 31 3 0 2 7 0 41.3188707828521729

Current Evaluation = 1800(1800)
Front Size = 10
1 2 7 17 9 2 0 2 7 0 2 7 0 2 7 0 2 7 1 2 7 0 2 7 0 2 7 0 2 7 0 2 7 0 2 7 1 2 7 1 2 7 0 2 7 1 2 7 1 2 7 0 2 7 1 2 11 0 2 7 17 18 2 1 2 7 0 2 7 1 2 7 5 31 3 0 2 7 17 9 2 0 2 7 1 2 7 1 2 7 17 9 2 13 6 3 0 2 7 5 31 3 1 2 7 0 2 4 5 31 3 1 2 7 16 6 2 0 2 7 0 40.0670827627182007
0 2 7 17 9 2 6 2 4 0 2 7 0 2 7 1 2 7 0 2 4 1 2 7 1 2 7 0 2 7 0 2 4 0 2 7 0 2 7 0 2 7 0 2 7 0 2 4 1 2 7 1 2 7 0 2 7 1 2 7 5 30 3 1 2 3 12 16 2 0 2 4 17 9 2 1 2 3 13 6 3 0 2 4 15 2 11 17 18 2 1 2 7 0 2 7 17 9 2 1 2 7 5 31 3 1 2 7 5 30 3 0 2 7 0 2 4 12 16 2 0 40.5759547352790833
5 30 3 5 30 3 12 16 2 0 2 7 12 16 2 1 2 7 1 2 7 0 2 7 0 2 3 1 2 7 0 2 7 0 2 7 13 6 3 17 9 2 5 30 3 0 2 7 17 18 2 1 2 7 0 2 7 1 2 7 0 2 3 0 2 3 1 2 7 1 2 7 0 2 7 16 31 2 1 2 7 0 2 3 0 2 7 0 2 7 0 2 7 1 2 3 0 2 7 16 6 2 0 2 7 1 2 7 0 2 7 1 2 3 0 2 7 5 31 3 0 40.9779316186904907
5 31 3 5 31 3 12 16 2 12 16 2 0 2 7 6 2 7 16 19 13 0 2 7 0 2 7 5 31 3 0 2 7 0 2 7 0 2 7 1 2 7 0 2 7 1 2 7 0 2 7 0 2 7 6 2 7 0 2 7 0 2 7 0 2 7 0 2 7 5 30 3 1 2 7 0 2 7 1 2 7 0 2 4 0 2 7 17 18 2 0 2 7 1 2 7 16 19 13 0 2 7 16 6 2 0 2 7 0 2 7 16 6 2 0 2 7 5 31 3 0 41.6298596858978271
5 30 3 5 30 3 12 16 2 12 16 2 0 2 7 1 2 7 0 2 11 1 2 7 0 2 7 1 2 7 17 9 2 0 2 7 1 2 11 0 2 7 0 2 7 0 2 7 0 2 7 0 2 7 1 2 7 0 2 7 1 2 7 0 2 7 0 2 7 0 2 7 0 2 1 0 2 4 8 18 2 0 2 7 0 2 7 17 18 2 8 9 2 1 2 7 16 6 2 16 19 12 0 2 7 5 30 3 12 16 2 1 2 7 8 9 2 5 31 3 0 41.9478836059570312
1 2 8 16 19 12 8 18 2 16 19 12 0 2 8 8 9 2 5 30 3 8 18 2 1 2 8 0 2 3 0 2 3 0 2 7 0 2 3 5 30 3 0 2 8 0 2 8 0 2 7 0 2 8 0 2 3 0 2 3 12 16 2 16 19 12 5 30 3 0 2 7 5 30 3 0 2 8 16 19 12 1 2 8 0 2 8 0 2 8 0 2 8 0 2 8 1 2 3 5 30 3 0 2 8 16 6 2 0 2 7 0 2 3 5 30 3 0 2 3 0.000217253453528551887 45.0697273015975952
5 30 3 5 30 3 5 30 3 6 2 7 12 16 2 0 2 11 16 6 2 16 6 2 0 2 7 0 2 11 0 2 7 0 2 7 0 2 11 0 2 11 0 2 11 0 2 7 0 2 7 0 2 11 1 2 7 0 2 11 0 2 7 0 2 7 1 2 7 0 2 11 6 2 7 0 2 7 0 2 7 0 2 7 6 2 7 1 2 7 15 2 11 12 16 2 5 31 3 6 2 7 17 18 2 5 31 3 5 31 3 0 2 11 6 2 7 17 9 2 0 42.3268312811851501
5 31 3 5 30 3 5 30 3 5 30 3 5 31 3 0 2 3 12 16 2 0 2 8 0 2 7 1 2 8 16 6 2 12 16 2 8 18 2 16 6 2 0 2 7 0 2 7 0 2 3 0 2 3 0 2 8 5 30 3 0 2 7 16 19 13 0 2 7 0 2 7 0 2 7 0 2 7 0 2 8 0 2 7 16 19 12 0 2 7 1 2 7 0 2 7 0 2 3 0 2 7 1 2 7 16 19 13 0 2 7 0 2 7 0 2 3 0 2 7 0 43.3150787353515625
5 31 3 0 2 7 12 16 2 0 2 7 16 6 2 0 2 7 0 2 7 0 2 7 5 31 3 0 2 7 0 2 7 1 2 7 0 2 7 0 2 7 1 2 7 0 2 7 0 2 7 0 2 7 1 2 7 5 31 3 5 30 3 17 9 2 0 2 7 0 2 7 0 2 7 0 2 7 16 19 11 1 2 7 0 2 3 12 16 2 5 30 3 16 30 2 1 2 7 5 31 3 0 2 7 0 2 7 1 2 7 16 19 11 16 20 12 0 2 7 0.031999996975004559 41.7829735279083252
5 31 3 0 2 7 12 16 2 0 2 7 16 6 2 0 2 7 0 2 7 0 2 7 5 31 3 0 2 7 0 2 7 1 2 7 0 2 7 0 2 7 1 2 7 0 2 7 0 2 7 0 2 7 1 2 7 5 31 3 5 30 3 17 9 2 0 2 7 0 2 7 0 2 7 0 2 7 16 19 11 1 2 7 6 2 7 16 6 2 1 2 7 6 2 7 0 2 7 1 2 3 0 2 3 1 2 3 0 2 7 0 2 3 1 2 3 0 2 3 0.000370359396975250966 41.513177752494812

Current Evaluation = 2250(2250)
Front Size = 10
1 2 7 17 9 2 0 2 7 0 2 7 1 2 7 0 2 7 1 2 11 0 2 7 0 2 7 0 2 7 0 2 7 0 2 7 1 2 7 0 2 7 0 2 7 1 2 7 1 2 7 0 2 7 17 18 2 1 2 7 1 2 7 5 31 3 17 9 2 1 2 7 17 9 2 13 6 3 0 2 7 1 2 7 0 2 7 0 2 7 0 2 7 0 2 7 1 2 7 0 2 7 5 31 3 1 2 4 1 2 7 0 2 7 16 6 2 5 31 3 0 40.0670827627182007
1 2 3 0 2 3 5 31 3 0 2 7 0 2 7 1 2 3 0 2 7 1 2 7 0 2 7 0 2 7 0 2 7 0 2 7 1 2 7 1 2 3 0 2 3 1 2 7 1 2 7 0 2 3 17 18 2 0 2 7 0 2 3 1 2 3 0 2 3 0 2 7 5 31 3 16 6 2 0 2 7 1 2 3 0 2 7 16 9 11 1 2 7 0 2 7 1 2 7 0 2 7 17 9 2 16 6 2 0 2 3 1 2 7 5 31 3 1 2 7 0 41.3133090138435364
1 2 8 16 19 12 8 18 2 16 19 12 0 2 8 8 9 2 5 30 3 8 18 2 1 2 8 0 2 3 0 2 3 0 2 7 0 2 3 5 30 3 0 2 8 0 2 8 0 2 7 0 2 8 0 2 3 0 2 3 12 16 2 16 19 12 5 30 3 0 2 7 5 30 3 0 2 8 16 19 12 1 2 8 0 2 8 0 2 8 0 2 8 0 2 8 1 2 3 5 30 3 0 2 8 16 6 2 0 2 7 0 2 3 5 30 3 0 2 3 0.000217253453528551887 45.0697273015975952
0 2 7 17 9 2 0 2 7 0 2 7 6 2 7 0 2 4 1 2 7 1 2 7 12 16 2 0 2 4 0 2 7 0 2 7 0 2 7 0 2 7 0 2 7 1 2 4 1 2 4 0 2 4 0 2 7 5 30 3 12 16 2 17 18 2 1 2 7 0 2 4 5 31 3 0 2 7 0 2 4 1 2 7 5 31 3 17 9 2 1 2 7 13 6 3 1 2 7 1 2 7 17 9 2 1 2 7 1 2 7 1 2 3 0 2 7 0 2 7 0 40.425436794757843
5 30 3 5 31 3 0 2 4 1 2 11 0 2 7 0 2 7 17 9 2 1 2 7 0 2 7 0 2 4 0 2 7 0 2 7 5 31 3 1 2 7 0 2 7 5 30 3 0 2 7 0 2 7 1 2 4 1 2 7 1 2 7 17 9 2 1 2 11 0 2 7 1 2 7 16 6 2 0 2 4 0 2 7 0 2 7 1 2 7 0 2 7 0 2 7 16 31 2 0 2 7 0 2 7 17 18 2 1 2 4 1 2 11 0 2 7 0 2 7 0 40.6410526037216187
5 31 3 5 31 3 12 16 2 16 6 2 12 16 2 0 2 7 0 2 7 1 2 4 0 2 7 0 2 7 0 2 7 17 9 2 0 2 7 1 2 7 0 2 7 0 2 7 0 2 7 1 2 7 0 2 7 0 2 7 0 2 7 0 2 7 0 2 7 6 2 7 6 2 7 0 2 7 5 30 3 6 2 7 5 30 3 0 2 4 17 1 2 6 2 7 5 31 3 0 2 7 1 2 10 12 16 2 0 2 3 1 2 7 0 2 7 17 18 2 0 41.4359906911849976
5 30 3 5 31 3 5 31 3 12 16 2 0 2 7 16 6 2 0 2 7 16 6 2 1 2 3 0 2 7 1 2 7 16 19 11 0 2 7 0 2 7 0 2 7 1 2 7 0 2 7 0 2 7 0 2 7 0 2 3 0 2 3 1 2 7 16 19 11 0 2 7 1 2 7 0 2 7 1 2 7 0 2 7 5 30 3 0 2 7 0 2 3 8 18 2 0 2 7 17 18 2 0 2 7 1 2 7 0 2 7 5 30 3 0 2 7 0 2 7 0 41.7753704786300659
5 31 3 5 30 3 5 30 3 5 30 3 5 31 3 0 2 7 12 16 2 0 2 3 0 2 3 1 2 7 16 6 2 12 16 2 8 18 2 16 6 2 0 2 7 0 2 7 0 2 8 0 2 7 0 2 7 5 30 3 0 2 7 16 19 13 0 2 7 0 2 7 0 2 3 0 2 3 1 2 8 0 2 7 16 19 13 1 2 8 0 2 7 0 2 7 0 2 7 0 2 3 0 2 7 16 19 12 0 2 7 0 2 8 0 2 7 0 2 7 0 43.3150786161422729
0 2 7 0 2 7 0 2 7 1 2 7 1 2 7 0 2 7 0 2 7 0 2 7 0 2 7 0 2 7 0 2 7 5 30 3 12 16 2 0 2 7 5 31 3 5 30 3 0 2 7 12 16 2 17 9 2 1 2 8 0 2 4 1 2 7 0 2 3 0 2 4 1 2 7 1 2 7 0 2 3 0 2 8 0 2 4 5 30 3 0 2 7 8 18 2 0 2 7 15 2 11 17 18 2 1 2 7 0 2 7 16 19 12 1 2 7 0 2 4 0.000283422966473851603 42.1343686580657959
5 31 3 5 31 3 16 15 2 0 2 7 0 2 4 0 2 7 0 2 7 0 2 7 17 9 2 6 2 7 6 2 3 1 2 7 0 2 7 1 2 7 6 2 3 0 2 4 0 2 7 0 2 7 1 2 4 5 31 3 1 2 7 1 2 7 17 18 2 0 2 7 12 16 2 0 2 7 0 2 7 0 2 7 6 2 3 1 2 7 1 2 7 1 2 7 5 30 3 0 2 7 17 18 2 0 2 4 0 2 7 0 2 7 0 2 7 0 2 7 0 41.1291317343711853

Current Evaluation = 2700(2700)
Front Size = 10
1 2 7 17 9 2 0 2 7 0 2 7 1 2 7 0 2 7 1 2 11 0 2 7 0 2 7 0 2 7 0 2 7 0 2 7 1 2 7 0 2 7 0 2 7 1 2 7 1 2 7 0 2 7 17 18 2 1 2 7 1 2 7 5 31 3 17 9 2 1 2 7 17 9 2 13 6 3 0 2 7 1 2 7 0 2 7 0 2 7 0 2 7 0 2 7 1 2 7 0 2 7 5 31 3 1 2 4 1 2 7 0 2 7 16 6 2 5 31 3 0 40.0670827627182007
5 31 3 1 2 3 0 2 7 0 2 7 0 2 7 5 30 3 16 6 2 0 2 3 6 2 11 16 19 11 0 2 7 5 30 3 1 2 7 0 2 3 5 30 3 0 2 7 16 19 11 0 2 7 0 2 7 1 2 7 17 18 2 0 2 7 16 19 11 5 30 3 0 2 7 0 2 7 5 30 3 0 2 3 0 2 11 0 2 7 12 16 2 0 2 7 0 2 7 0 2 3 0 2 7 0 2 7 8 9 2 1 2 3 1 2 7 0 2 11 0 42.7772295475006104
0 2 7 17 9 2 0 2 7 1 2 7 0 2 7 0 2 4 0 2 4 0 2 11 0 2 7 0 2 7 0 2 7 5 31 3 1 2 4 1 2 11 0 2 7 17 18 2 5 30 3 1 2 7 0 2 7 0 2 7 0 2 7 6 2 7 0 2 7 5 30 3 1 2 7 17 18 2 5 30 3 17 9 2 0 2 7 1 2 7 1 2 7 0 2 4 12 16 2 1 2 7 8 9 2 13 6 3 0 2 7 12 16 2 1 2 4 1 2 7 0 40.8493576645851135
1 2 8 16 19 12 8 18 2 16 19 12 0 2 8 8 9 2 5 30 3 8 18 2 1 2 8 0 2 3 0 2 3 0 2 7 0 2 3 5 30 3 0 2 8 0 2 8 0 2 7 0 2 8 0 2 3 0 2 3 12 16 2 16 19 12 5 30 3 0 2 7 5 30 3 0 2 8 16 19 12 1 2 8 0 2 8 0 2 8 0 2 8 0 2 8 1 2 3 5 30 3 0 2 8 16 6 2 0 2 7 0 2 3 5 30 3 0 2 3 0.000217253453528551887 45.0697273015975952
5 30 3 0 2 7 0 2 7 0 2 7 0 2 7 5 30 3 16 6 2 5 31 3 0 2 8 0 2 8 16 19 12 1 2 7 0 2 4 0 2 7 5 31 3 1 2 7 0 2 7 0 2 7 0 2 7 1 2 4 1 2 8 0 2 3 0 2 3 1 2 11 0 2 3 1 2 7 0 2 4 0 2 7 5 30 3 1 2 7 0 2 7 0 2 3 16 19 12 0 2 7 0 2 8 0 2 8 1 2 4 1 2 11 0 2 7 0 2 3 0.00215790112344963186 42.8591129779815674
0 2 7 17 9 2 0 2 7 1 2 7 0 2 7 0 2 7 1 2 3 1 2 7 0 2 7 0 2 7 1 2 7 0 2 4 1 2 7 0 2 3 0 2 7 0 2 7 1 2 4 0 2 7 17 18 2 1 2 7 0 2 7 5 31 3 17 9 2 0 2 4 0 2 7 0 2 7 5 31 3 1 2 7 16 6 2 1 2 3 1 2 7 0 2 7 0 2 7 1 2 4 5 31 3 1 2 7 0 2 7 1 2 3 0 2 4 16 6 2 0 40.4458829164505005
5 30 3 5 31 3 0 2 7 0 2 7 6 2 7 17 9 2 1 2 7 0 2 7 0 2 7 0 2 7 5 31 3 1 2 7 0 2 7 5 30 3 0 2 7 0 2 7 1 2 7 0 2 4 0 2 7 16 6 2 0 2 7 0 2 7 0 2 7 0 2 7 0 2 7 0 2 7 17 18 2 0 2 7 0 2 7 1 2 7 1 2 7 0 2 7 17 1 2 1 2 7 1 2 7 0 2 7 12 16 2 16 31 2 1 2 7 5 30 3 0 40.7357946038246155
5 30 3 0 2 7 0 2 7 0 2 7 0 2 7 5 30 3 16 6 2 12 16 2 5 30 3 16 19 12 6 2 7 17 9 2 5 30 3 0 2 8 5 31 3 1 2 7 0 2 7 0 2 3 0 2 7 8 18 2 5 30 3 0 2 7 0 2 7 0 2 7 0 2 7 0 2 8 0 2 7 0 2 7 0 2 3 1 2 3 0 2 7 1 2 7 0 2 3 0 2 8 17 1 2 0 2 8 0 2 8 0 2 7 5 30 3 1 2 7 0.0116679189385263931 42.9601638913154602
5 30 3 0 2 7 5 30 3 0 2 7 0 2 7 0 2 11 1 2 7 0 2 7 0 2 7 17 9 2 1 2 7 0 2 7 0 2 7 0 2 7 0 2 7 0 2 7 0 2 7 1 2 7 0 2 7 0 2 7 5 30 3 8 18 2 0 2 7 0 2 7 1 2 7 17 9 2 5 30 3 16 6 2 1 2 7 0 2 7 8 9 2 1 2 7 12 16 2 12 16 2 16 6 2 0 2 7 1 2 7 5 31 3 13 6 3 12 16 2 0 41.1397844552993774
0 2 3 0 2 7 5 31 3 0 2 11 0 2 7 5 31 3 16 6 2 12 16 2 5 30 3 5 30 3 1 2 7 0 2 7 0 2 7 0 2 7 6 2 3 0 2 7 0 2 3 0 2 7 17 18 2 1 2 7 0 2 7 16 18 11 16 19 11 1 2 4 1 2 7 12 16 2 1 2 7 12 16 2 0 2 7 0 2 7 5 30 3 0 2 7 8 9 2 0 2 7 0 2 7 6 2 7 1 2 7 0 2 7 0 2 3 0 2 7 0 42.2443115711212158

Current Evaluation = 3150(3150)
Front Size = 10
1 2 7 17 9 2 0 2 7 0 2 7 1 2 7 0 2 7 1 2 11 0 2 7 0 2 7 0 2 7 0 2 7 0 2 7 1 2 7 0 2 7 0 2 7 1 2 7 1 2 7 0 2 7 17 18 2 1 2 7 1 2 7 5 31 3 17 9 2 1 2 7 17 9 2 13 6 3 0 2 7 1 2 7 0 2 7 0 2 7 0 2 7 0 2 7 1 2 7 0 2 7 5 31 3 1 2 4 1 2 7 0 2 7 16 6 2 5 31 3 0 40.0670827627182007
5 30 3 1 2 3 0 2 7 0 2 7 0 2 7 5 30 3 1 2 7 5 30 3 1 2 7 0 2 7 0 2 7 0 2 7 1 2 7 17 18 2 0 2 3 0 2 4 0 2 3 0 2 7 12 16 2 0 2 7 0 2 4 0 2 7 1 2 7 12 16 2 17 9 2 1 2 4 16 19 11 0 2 3 8 9 2 1 2 3 16 19 11 1 2 7 5 30 3 1 2 7 0 2 3 0 2 4 0 2 7 0 2 7 8 9 2 0 2 7 0 42.0742515325546265
0 2 10 17 9 2 0 2 7 0 2 7 0 2 7 0 2 7 1 2 7 0 2 7 0 2 7 5 30 3 0 2 7 0 2 7 17 18 2 5 30 3 1 2 7 0 2 7 0 2 7 0 2 7 0 2 7 0 2 3 5 30 3 1 2 7 5 31 3 16 9 11 1 2 7 6 2 7 8 9 2 0 2 7 0 2 7 0 2 7 1 2 7 8 18 2 1 2 7 16 15 2 12 16 2 5 30 3 0 2 7 12 16 2 1 2 7 0 2 7 0 41.7282755374908447
1 2 8 16 19 12 8 18 2 16 19 12 0 2 8 8 9 2 5 30 3 8 18 2 1 2 8 0 2 3 0 2 3 0 2 7 0 2 3 5 30 3 0 2 8 0 2 8 0 2 7 0 2 8 0 2 3 0 2 3 12 16 2 16 19 12 5 30 3 0 2 7 5 30 3 0 2 8 16 19 12 1 2 8 0 2 8 0 2 8 0 2 8 0 2 8 1 2 3 5 30 3 0 2 8 16 6 2 0 2 7 0 2 3 5 30 3 0 2 3 0.000217253453528551887 45.0697273015975952
5 31 3 1 2 7 1 2 3 1 2 7 17 18 2 0 2 4 0 2 7 0 2 7 0 2 4 1 2 3 0 2 7 1 2 7 0 2 7 0 2 7 1 2 7 1 2 3 0 2 4 1 2 7 12 16 2 5 30 3 0 2 7 0 2 7 13 6 3 5 30 3 17 9 2 12 16 2 1 2 7 12 16 2 0 2 7 6 2 7 0 2 7 0 2 7 0 2 7 1 2 7 0 2 7 17 9 2 0 2 7 1 2 4 13 6 3 17 9 2 0 40.4413166642189026
5 31 3 1 2 3 0 2 7 0 2 7 0 2 7 5 30 3 16 6 2 0 2 3 6 2 11 16 19 11 0 2 7 5 30 3 1 2 7 0 2 3 5 30 3 0 2 7 16 19 11 0 2 7 0 2 7 1 2 7 17 18 2 0 2 7 16 19 11 5 30 3 0 2 7 0 2 7 5 30 3 0 2 3 0 2 11 0 2 7 12 16 2 0 2 7 0 2 7 0 2 3 0 2 7 0 2 7 8 9 2 1 2 3 1 2 7 0 2 11 0 42.7772295475006104
0 2 7 17 9 2 0 2 7 1 2 7 0 2 7 0 2 7 1 2 3 1 2 7 0 2 7 0 2 7 1 2 7 0 2 4 1 2 7 0 2 3 0 2 7 0 2 7 1 2 4 0 2 7 17 18 2 1 2 7 0 2 7 5 31 3 17 9 2 0 2 4 0 2 7 0 2 7 5 31 3 1 2 7 16 6 2 1 2 3 1 2 7 0 2 7 0 2 7 1 2 4 5 31 3 1 2 7 0 2 7 1 2 3 0 2 4 16 6 2 0 40.4458829164505005
0 2 7 0 2 7 0 2 7 0 2 7 5 30 3 5 30 3 5 30 3 12 16 2 8 9 2 0 2 8 1 2 7 0 2 4 0 2 8 1 2 8 0 2 8 0 2 7 16 19 12 0 2 8 1 2 11 0 2 8 0 2 3 0 2 3 0 2 8 0 2 7 0 2 7 6 2 7 16 19 12 1 2 7 17 18 2 17 9 2 0 2 8 0 2 8 1 2 7 0 2 4 16 6 2 13 6 3 0 2 7 12 16 2 1 2 4 0 2 3 0.0104786395427040081 42.5134181380271912
0 2 7 17 18 2 1 2 4 0 2 7 0 2 7 0 2 4 1 2 7 0 2 7 0 2 7 0 2 7 1 2 7 1 2 7 0 2 7 0 2 7 0 2 7 1 2 7 0 2 4 17 18 2 1 2 7 1 2 7 5 30 3 17 9 2 1 2 7 5 31 3 0 2 4 0 2 7 1 2 7 0 2 7 0 2 7 1 2 7 1 2 7 0 2 7 0 2 11 5 30 3 5 31 3 0 2 7 16 19 11 1 2 7 16 31 2 0 2 7 0 40.7571507692337036
0 2 7 0 2 7 1 2 3 0 2 7 1 2 3 0 2 3 1 2 7 0 2 3 1 2 7 1 2 7 0 2 7 0 2 7 0 2 7 0 2 7 17 18 2 5 31 3 1 2 7 0 2 7 0 2 3 1 2 7 16 6 2 0 2 7 0 2 7 0 2 7 0 2 7 1 2 7 0 2 7 12 16 2 0 2 7 17 9 2 13 6 3 0 2 7 1 2 7 5 30 3 12 16 2 5 31 3 5 30 3 0 2 7 0 2 7 16 19 11 0 41.4202625751495361

Current Evaluation = 3600(3600)
Front Size = 10
1 2 7 17 9 2 0 2 7 0 2 7 1 2 7 0 2 7 1 2 11 0 2 7 0 2 7 0 2 7 0 2 7 0 2 7 1 2 7 0 2 7 0 2 7 1 2 7 1 2 7 0 2 7 17 18 2 1 2 7 1 2 7 5 31 3 17 9 2 1 2 7 17 9 2 13 6 3 0 2 7 1 2 7 0 2 7 0 2 7 0 2 7 0 2 7 1 2 7 0 2 7 5 31 3 1 2 4 1 2 7 0 2 7 16 6 2 5 31 3 0 40.0670827627182007
5 30 3 5 31 3 0 2 7 0 2 3 5 30 3 1 2 7 0 2 3 0 2 7 0 2 7 12 16 2 1 2 3 12 16 2 6 2 3 0 2 7 0 2 3 0 2 7 0 2 7 0 2 3 12 16 2 0 2 3 0 2 3 1 2 3 5 30 3 0 2 7 16 6 2 5 30 3 0 2 3 0 2 7 0 2 7 0 2 7 8 9 2 1 2 7 1 2 7 16 19 11 0 2 4 0 2 7 16 6 2 0 2 3 16 18 11 1 2 3 0 42.7349005341529846
1 2 8 16 19 12 8 18 2 16 19 12 0 2 8 8 9 2 5 30 3 8 18 2 1 2 8 0 2 3 0 2 3 0 2 7 0 2 3 5 30 3 0 2 8 0 2 8 0 2 7 0 2 8 0 2 3 0 2 3 12 16 2 16 19 12 5 30 3 0 2 7 5 30 3 0 2 8 16 19 12 1 2 8 0 2 8 0 2 8 0 2 8 0 2 8 1 2 3 5 30 3 0 2 8 16 6 2 0 2 7 0 2 3 5 30 3 0 2 3 0.000217253453528551887 45.0697273015975952
0 2 7 1 2 7 0 2 4 0 2 7 0 2 7 0 2 7 1 2 7 1 2 7 0 2 7 1 2 7 0 2 7 0 2 7 6 2 7 0 2 7 1 2 7 17 18 2 0 2 7 1 2 3 5 31 3 0 2 4 0 2 4 1 2 3 0 2 7 0 2 7 0 2 7 0 2 7 0 2 7 12 16 2 1 2 3 17 9 2 12 16 2 5 30 3 16 30 2 5 31 3 0 2 4 5 31 3 1 2 10 1 2 7 0 2 7 16 30 2 0 41.0553179383277893
0 2 7 0 2 7 0 2 7 0 2 7 16 6 2 5 30 3 12 16 2 0 2 3 1 2 11 0 2 8 0 2 7 0 2 7 1 2 8 0 2 8 0 2 7 0 2 3 1 2 7 1 2 7 0 2 8 17 18 2 1 2 7 16 19 12 0 2 8 17 9 2 0 2 3 17 9 2 1 2 3 16 19 12 1 2 7 0 2 7 0 2 7 0 2 7 0 2 7 8 18 2 16 19 12 0 2 8 1 2 4 1 2 8 0 2 7 0 2 8 0.209800067427408782 42.1852810382843018
5 31 3 1 2 3 1 2 7 0 2 7 17 18 2 0 2 4 0 2 7 0 2 7 0 2 4 1 2 7 0 2 7 0 2 4 0 2 7 1 2 7 1 2 7 1 2 7 0 2 7 1 2 7 12 16 2 5 30 3 0 2 7 0 2 4 13 6 3 5 30 3 17 9 2 12 16 2 6 2 3 12 16 2 0 2 7 1 2 7 0 2 7 0 2 7 0 2 3 1 2 7 1 2 7 17 9 2 0 2 7 1 2 7 13 6 3 17 9 2 0 40.4413166046142578
0 2 7 17 9 2 0 2 7 0 2 7 5 30 3 1 2 7 0 2 7 0 2 7 0 2 7 1 2 7 1 2 7 0 2 7 1 2 7 1 2 7 0 2 7 1 2 7 0 2 7 1 2 7 0 2 4 16 19 11 0 2 7 17 9 2 0 2 7 0 2 7 0 2 7 0 2 7 0 2 4 5 31 3 0 2 7 0 2 7 12 16 2 1 2 7 1 2 7 0 2 7 5 30 3 5 31 3 0 2 7 16 31 2 5 30 3 16 31 2 0 41.1087585687637329
0 2 7 17 9 2 0 2 7 1 2 7 0 2 7 0 2 7 1 2 3 1 2 7 0 2 7 0 2 7 1 2 7 0 2 4 1 2 7 0 2 3 0 2 7 0 2 7 1 2 4 0 2 7 17 18 2 1 2 7 0 2 7 5 31 3 17 9 2 0 2 4 0 2 7 0 2 7 5 31 3 1 2 7 16 6 2 1 2 3 1 2 7 0 2 7 0 2 7 1 2 4 5 31 3 1 2 7 0 2 7 1 2 3 0 2 4 16 6 2 0 40.4458829164505005
5 30 3 0 2 7 0 2 3 5 30 3 0 2 3 12 16 2 0 2 7 0 2 7 1 2 7 1 2 7 16 19 11 0 2 7 5 30 3 0 2 3 0 2 7 0 2 7 12 16 2 13 6 3 0 2 3 0 2 7 1 2 7 8 18 2 0 2 3 1 2 7 1 2 7 5 30 3 17 9 2 1 2 7 16 18 11 0 2 7 0 2 7 0 2 7 0 2 7 0 2 7 17 9 2 0 2 3 1 2 7 0 2 7 5 30 3 1 2 7 0 41.9053694605827332
5 30 3 0 2 7 1 2 7 1 2 7 5 30 3 0 2 7 1 2 7 1 2 7 17 18 2 0 2 7 0 2 3 12 16 2 17 9 2 0 2 7 12 16 2 0 2 4 0 2 3 0 2 10 0 2 7 1 2 7 0 2 7 8 9 2 0 2 7 13 6 3 0 2 7 1 2 7 5 30 3 0 2 7 0 2 7 0 2 7 5 30 3 0 2 7 16 6 2 5 31 3 0 2 7 0 2 7 6 2 7 1 2 10 17 9 2 1 2 7 0 41.166113555431366

Current Evaluation = 4050(4050)
Front Size = 10
1 2 7 17 9 2 1 2 7 0 2 7 0 2 7 0 2 7 0 2 7 0 2 7 1 2 4 1 2 7 0 2 7 1 2 7 1 2 7 0 2 7 1 2 7 0 2 7 1 2 11 17 18 2 1 2 7 0 2 7 5 31 3 17 9 2 1 2 7 17 9 2 0 2 7 0 2 7 1 2 7 1 2 7 0 2 7 5 31 3 0 2 7 0 2 7 0 2 7 0 2 7 5 31 3 0 2 7 0 2 7 1 2 7 16 6 2 13 6 3 0 40.0670827627182007
5 30 3 0 2 7 0 2 3 5 30 3 0 2 3 12 16 2 0 2 7 0 2 7 1 2 7 1 2 7 16 19 11 0 2 7 5 30 3 0 2 3 0 2 7 0 2 7 12 16 2 13 6 3 0 2 3 0 2 7 1 2 7 8 18 2 0 2 3 1 2 7 1 2 7 5 30 3 17 9 2 1 2 7 16 18 11 0 2 7 0 2 7 0 2 7 0 2 7 0 2 7 17 9 2 0 2 3 1 2 7 0 2 7 5 30 3 1 2 7 0 41.9053694605827332
0 2 7 1 2 7 0 2 4 0 2 7 0 2 7 0 2 7 1 2 7 1 2 7 0 2 7 1 2 7 0 2 7 0 2 7 6 2 7 0 2 7 1 2 7 17 18 2 0 2 7 1 2 3 5 31 3 0 2 4 0 2 4 1 2 3 0 2 7 0 2 7 0 2 7 0 2 7 0 2 7 12 16 2 1 2 3 17 9 2 12 16 2 5 30 3 16 30 2 5 31 3 0 2 4 5 31 3 1 2 10 1 2 7 0 2 7 16 30 2 0 41.0553179383277893
5 31 3 1 2 7 1 2 7 0 2 4 17 18 2 0 2 4 0 2 7 0 2 3 0 2 4 1 2 7 0 2 7 0 2 4 0 2 7 1 2 7 1 2 7 1 2 7 0 2 7 1 2 7 12 16 2 5 30 3 0 2 3 0 2 7 13 6 3 5 30 3 17 9 2 12 16 2 0 2 4 12 16 2 0 2 7 1 2 7 0 2 7 0 2 7 0 2 7 1 2 7 1 2 7 17 9 2 0 2 7 1 2 7 13 6 3 17 9 2 0 40.4155756235122681
5 30 3 1 2 7 0 2 7 1 2 7 17 9 2 0 2 4 0 2 7 1 2 7 5 30 3 1 2 7 1 2 4 0 2 7 0 2 7 1 2 7 0 2 7 0 2 7 0 2 4 0 2 7 12 16 2 5 31 3 1 2 7 0 2 7 17 9 2 12 16 2 0 2 7 0 2 7 5 30 3 0 2 7 13 6 3 16 6 2 0 2 7 8 9 2 1 2 4 0 2 3 1 2 3 0 2 3 0 2 7 1 2 7 0 2 7 17 9 2 0 40.8606256246566772
0 2 7 1 2 7 0 2 4 0 2 7 1 2 7 1 2 7 0 2 7 5 31 3 1 2 7 1 2 7 1 2 11 0 2 7 0 2 7 17 9 2 0 2 7 1 2 7 0 2 7 1 2 7 0 2 7 1 2 7 17 9 2 0 2 11 0 2 7 0 2 4 0 2 4 8 9 2 0 2 7 0 2 4 12 16 2 0 2 4 5 31 3 17 9 2 0 2 7 6 2 3 0 2 7 0 2 7 5 30 3 1 2 7 16 6 2 5 30 3 0 41.0602387189865112
0 2 7 0 2 7 0 2 7 0 2 11 1 2 7 1 2 7 0 2 7 0 2 7 1 2 4 0 2 10 0 2 7 0 2 7 0 2 7 17 9 2 6 2 7 0 2 7 0 2 7 6 2 7 1 2 3 0 2 7 17 9 2 0 2 7 5 30 3 5 31 3 0 2 3 1 2 7 17 9 2 16 19 11 0 2 7 0 2 7 5 30 3 1 2 7 1 2 7 1 2 6 5 31 3 0 2 4 0 2 7 16 19 11 0 2 7 5 30 3 0 41.7564316987991333
5 30 3 5 31 3 0 2 7 0 2 3 5 30 3 1 2 7 0 2 3 0 2 7 0 2 7 12 16 2 1 2 3 12 16 2 6 2 3 0 2 7 0 2 3 0 2 7 0 2 7 0 2 3 12 16 2 0 2 3 0 2 3 1 2 3 5 30 3 0 2 7 16 6 2 5 30 3 0 2 3 0 2 7 0 2 7 0 2 7 8 9 2 1 2 7 1 2 7 16 19 11 0 2 4 0 2 7 16 6 2 0 2 3 16 18 11 1 2 3 0 42.7349005341529846
5 31 3 0 2 7 0 2 4 0 2 7 0 2 7 1 2 7 0 2 7 0 2 7 0 2 7 6 2 7 0 2 7 1 2 7 0 2 7 17 9 2 1 2 7 1 2 7 0 2 4 0 2 7 0 2 7 0 2 7 0 2 4 1 2 11 0 2 7 17 18 2 5 31 3 1 2 7 0 2 7 6 2 7 17 18 2 1 2 7 0 2 7 5 30 3 0 2 7 16 19 11 1 2 7 5 30 3 16 19 11 0 2 7 0 2 7 5 31 3 0 41.4627106189727783
0 2 7 17 9 2 1 2 4 0 2 7 0 2 7 1 2 4 1 2 7 1 2 7 0 2 7 0 2 7 0 2 7 16 24 2 0 2 7 0 2 7 0 2 7 5 30 3 0 2 7 0 2 4 1 2 3 0 2 7 0 2 7 0 2 7 5 31 3 1 2 7 5 31 3 5 31 3 1 2 7 16 30 2 17 18 2 0 2 7 0 2 7 1 2 4 0 2 7 1 2 7 1 2 7 17 18 2 0 2 7 0 2 7 1 2 7 1 2 7 0 40.4335359334945679

Current Evaluation = 4500(4500)
Front Size = 10
1 2 7 17 9 2 1 2 7 0 2 7 0 2 7 0 2 7 0 2 7 0 2 7 1 2 4 1 2 7 0 2 7 1 2 7 1 2 7 0 2 7 1 2 7 0 2 7 1 2 11 17 18 2 1 2 7 0 2 7 5 31 3 17 9 2 1 2 7 17 9 2 0 2 7 0 2 7 1 2 7 1 2 7 0 2 7 5 31 3 0 2 7 0 2 7 0 2 7 0 2 7 5 31 3 0 2 7 0 2 7 1 2 7 16 6 2 13 6 3 0 40.0670827627182007
5 30 3 5 31 3 0 2 7 0 2 3 5 30 3 1 2 7 0 2 3 0 2 7 0 2 7 12 16 2 1 2 3 12 16 2 6 2 3 0 2 7 0 2 3 0 2 7 0 2 7 0 2 3 12 16 2 0 2 3 0 2 3 1 2 3 5 30 3 0 2 7 16 6 2 5 30 3 0 2 3 0 2 7 0 2 7 0 2 7 8 9 2 1 2 7 1 2 7 16 19 11 0 2 4 0 2 7 16 6 2 0 2 3 16 18 11 1 2 3 0 42.7349005341529846
0 2 7 1 2 7 0 2 4 0 2 7 0 2 7 0 2 7 1 2 7 1 2 7 0 2 7 1 2 7 0 2 7 0 2 7 6 2 7 0 2 7 1 2 7 17 18 2 0 2 7 1 2 3 5 31 3 0 2 4 0 2 4 1 2 3 0 2 7 0 2 7 0 2 7 0 2 7 0 2 7 12 16 2 1 2 3 17 9 2 12 16 2 5 30 3 16 30 2 5 31 3 0 2 4 5 31 3 1 2 10 1 2 7 0 2 7 16 30 2 0 41.0553179383277893
0 2 7 0 2 7 0 2 7 0 2 11 1 2 7 1 2 7 0 2 7 0 2 7 1 2 4 0 2 10 0 2 7 0 2 7 0 2 7 17 9 2 6 2 7 0 2 7 0 2 7 6 2 7 1 2 3 0 2 7 17 9 2 0 2 7 5 30 3 5 31 3 0 2 3 1 2 7 17 9 2 16 19 11 0 2 7 0 2 7 5 30 3 1 2 7 1 2 7 1 2 6 5 31 3 0 2 4 0 2 7 16 19 11 0 2 7 5 30 3 0 41.7564316987991333
1 2 3 1 2 7 1 2 7 1 2 7 0 2 7 1 2 3 5 30 3 1 2 4 1 2 7 0 2 7 0 2 7 1 2 3 0 2 7 0 2 3 0 2 7 0 2 7 1 2 7 0 2 7 0 2 7 5 31 3 0 2 7 0 2 7 0 2 7 16 6 2 1 2 3 17 18 2 17 9 2 0 2 3 0 2 7 1 2 7 1 2 7 0 2 7 0 2 7 0 2 7 0 2 3 5 31 3 16 6 2 1 2 7 0 2 3 16 31 2 0 40.6867148876190186
1 2 7 1 2 7 0 2 7 0 2 7 0 2 7 0 2 7 1 2 7 13 6 3 1 2 7 17 9 2 1 2 7 0 2 7 0 2 7 1 2 7 0 2 7 1 2 7 17 18 2 0 2 7 1 2 4 5 30 3 1 2 7 1 2 4 0 2 7 0 2 4 5 30 3 0 2 7 0 2 7 0 2 7 1 2 4 0 2 7 0 2 4 17 18 2 17 9 2 5 31 3 0 2 3 0 2 7 5 31 3 1 2 7 16 6 2 0 2 7 0 40.148398756980896
0 2 7 12 16 2 0 2 7 0 2 7 1 2 7 1 2 7 0 2 7 0 2 7 6 2 7 1 2 7 0 2 7 0 2 7 0 2 7 0 2 7 17 1 2 1 2 7 5 31 3 0 2 7 0 2 7 0 2 7 0 2 7 0 2 7 5 31 3 5 30 3 0 2 7 0 2 7 0 2 7 17 18 2 1 2 4 0 2 7 1 2 7 1 2 7 0 2 7 1 2 7 17 18 2 16 6 2 5 31 3 5 30 3 0 2 7 16 30 2 0 40.735794723033905
5 31 3 1 2 7 1 2 7 0 2 4 17 18 2 0 2 7 0 2 7 1 2 7 0 2 4 1 2 7 0 2 7 6 2 7 0 2 7 1 2 7 1 2 7 1 2 7 0 2 7 1 2 7 12 16 2 5 31 3 0 2 7 0 2 7 13 6 3 5 30 3 17 9 2 12 16 2 0 2 7 12 16 2 0 2 7 1 2 7 0 2 7 0 2 7 0 2 7 1 2 7 0 2 7 17 9 2 0 2 7 1 2 7 13 6 3 17 9 2 0 40.2815956473350525
1 2 7 1 2 7 1 2 7 1 2 7 0 2 3 1 2 7 5 31 3 1 2 7 1 2 4 1 2 3 0 2 7 0 2 7 1 2 7 0 2 3 0 2 7 0 2 3 0 2 3 6 2 3 0 2 7 0 2 7 0 2 7 1 2 7 0 2 7 0 2 7 5 31 3 0 2 7 0 2 3 0 2 3 0 2 7 0 2 3 0 2 7 16 6 2 16 6 2 1 2 7 1 2 7 5 31 3 16 6 2 17 18 2 17 9 2 0 2 7 0 40.7983849048614502
0 2 4 1 2 7 0 2 7 1 2 7 1 2 7 1 2 7 5 31 3 5 31 3 0 2 7 1 2 7 0 2 7 0 2 7 1 2 7 6 2 7 5 31 3 0 2 4 1 2 7 0 2 7 0 2 4 0 2 7 1 2 7 0 2 7 0 2 4 1 2 7 0 2 7 0 2 7 5 31 3 1 2 7 0 2 7 0 2 7 0 2 7 17 9 2 17 9 2 0 2 7 0 2 7 16 6 2 17 9 2 16 6 2 1 2 7 0 2 7 0 40.4036498665809631

Current Evaluation = 4950(4950)
Front Size = 10
1 2 7 17 9 2 1 2 7 0 2 7 0 2 7 0 2 7 0 2 7 0 2 7 1 2 4 1 2 7 0 2 7 1 2 7 1 2 7 0 2 7 1 2 7 0 2 7 1 2 11 17 18 2 1 2 7 0 2 7 5 31 3 17 9 2 1 2 7 17 9 2 0 2 7 0 2 7 1 2 7 1 2 7 0 2 7 5 31 3 0 2 7 0 2 7 0 2 7 0 2 7 5 31 3 0 2 7 0 2 7 1 2 7 16 6 2 13 6 3 0 40.0670827627182007
1 2 7 0 2 3 1 2 7 0 2 4 1 2 3 1 2 7 0 2 7 1 2 7 1 2 7 0 2 7 1 2 7 17 18 2 0 2 3 0 2 7 1 2 7 1 2 7 5 31 3 0 2 4 0 2 4 5 31 3 16 6 2 0 2 7 5 31 3 0 2 4 0 2 7 17 9 2 0 2 7 0 2 7 0 2 3 0 2 7 1 2 7 0 2 4 0 2 3 17 18 2 0 2 4 0 2 7 16 6 2 1 2 7 1 2 7 1 2 7 0 40.5258829593658447
1 2 7 1 2 7 1 2 7 0 2 7 1 2 7 0 2 7 0 2 7 0 2 7 0 2 7 0 2 3 1 2 7 0 2 7 0 2 7 5 31 3 0 2 7 0 2 7 0 2 4 16 6 2 17 9 2 0 2 7 1 2 7 1 2 7 0 2 7 0 2 7 0 2 7 5 31 3 16 6 2 1 2 3 1 2 3 0 2 7 5 30 3 1 2 3 1 2 3 1 2 3 1 2 3 17 9 2 0 2 7 0 2 7 0 2 3 16 31 2 0 40.6867148876190186
0 2 7 0 2 7 0 2 7 0 2 11 1 2 7 1 2 7 0 2 7 0 2 7 1 2 4 0 2 10 0 2 7 0 2 7 0 2 7 17 9 2 6 2 7 0 2 7 0 2 7 6 2 7 1 2 3 0 2 7 17 9 2 0 2 7 5 30 3 5 31 3 0 2 3 1 2 7 17 9 2 16 19 11 0 2 7 0 2 7 5 30 3 1 2 7 1 2 7 1 2 6 5 31 3 0 2 4 0 2 7 16 19 11 0 2 7 5 30 3 0 41.7564316987991333
1 2 7 1 2 7 1 2 7 0 2 7 0 2 3 0 2 7 0 2 3 0 2 7 0 2 7 1 2 7 1 2 7 0 2 7 5 31 3 0 2 7 1 2 7 0 2 7 16 6 2 17 9 2 0 2 7 1 2 7 0 2 7 1 2 7 0 2 3 0 2 3 5 31 3 16 6 2 0 2 7 17 9 2 0 2 3 0 2 7 1 2 7 1 2 7 5 30 3 1 2 7 0 2 3 1 2 7 1 2 4 0 2 3 0 2 3 16 31 2 0 40.6867148876190186
0 2 7 12 16 2 0 2 7 0 2 7 1 2 7 1 2 7 0 2 7 0 2 7 6 2 7 1 2 7 0 2 7 0 2 7 0 2 7 0 2 7 17 1 2 1 2 7 5 31 3 0 2 7 0 2 7 0 2 7 0 2 7 0 2 7 5 31 3 5 30 3 0 2 7 0 2 7 0 2 7 17 18 2 1 2 4 0 2 7 1 2 7 1 2 7 0 2 7 1 2 7 17 18 2 16 6 2 5 31 3 5 30 3 0 2 7 16 30 2 0 40.735794723033905
1 2 7 1 2 7 0 2 7 0 2 7 0 2 7 0 2 7 1 2 7 13 6 3 1 2 7 17 9 2 1 2 7 0 2 7 0 2 7 1 2 7 0 2 7 1 2 7 17 18 2 0 2 7 1 2 4 5 30 3 1 2 7 1 2 4 0 2 7 0 2 4 5 30 3 0 2 7 0 2 7 0 2 7 1 2 4 0 2 7 0 2 4 17 18 2 17 9 2 5 31 3 0 2 3 0 2 7 5 31 3 1 2 7 16 6 2 0 2 7 0 40.148398756980896
5 30 3 5 31 3 0 2 7 0 2 3 5 30 3 1 2 7 0 2 3 0 2 7 0 2 7 12 16 2 1 2 3 12 16 2 6 2 3 0 2 7 0 2 3 0 2 7 0 2 7 0 2 3 12 16 2 0 2 3 0 2 3 1 2 3 5 30 3 0 2 7 16 6 2 5 30 3 0 2 3 0 2 7 0 2 7 0 2 7 8 9 2 1 2 7 1 2 7 16 19 11 0 2 4 0 2 7 16 6 2 0 2 3 16 18 11 1 2 3 0 42.7349005341529846
5 31 3 1 2 7 1 2 7 0 2 4 17 18 2 0 2 7 0 2 7 1 2 7 0 2 4 1 2 7 0 2 7 6 2 7 0 2 7 1 2 7 1 2 7 1 2 7 0 2 7 1 2 7 12 16 2 5 31 3 0 2 7 0 2 7 13 6 3 5 30 3 17 9 2 12 16 2 0 2 7 12 16 2 0 2 7 1 2 7 0 2 7 0 2 7 0 2 7 1 2 7 0 2 7 17 9 2 0 2 7 1 2 7 13 6 3 17 9 2 0 40.2815956473350525
0 2 4 1 2 7 0 2 7 1 2 7 1 2 7 1 2 7 5 31 3 5 31 3 0 2 7 1 2 7 0 2 7 0 2 7 1 2 7 6 2 7 5 31 3 0 2 4 1 2 7 0 2 7 0 2 4 0 2 7 1 2 7 0 2 7 0 2 4 1 2 7 0 2 7 0 2 7 5 31 3 1 2 7 0 2 7 0 2 7 0 2 7 17 9 2 17 9 2 0 2 7 0 2 7 16 6 2 17 9 2 16 6 2 1 2 7 0 2 7 0 40.4036498665809631

Current Evaluation = 5400(5400)
Front Size = 10
1 2 7 1 2 7 0 2 7 0 2 7 0 2 7 0 2 7 1 2 7 13 6 3 1 2 7 17 9 2 0 2 7 0 2 7 0 2 7 1 2 7 0 2 7 1 2 7 17 18 2 0 2 7 1 2 7 5 31 3 1 2 7 0 2 7 0 2 7 1 2 7 0 2 7 0 2 7 0 2 7 0 2 7 1 2 7 0 2 7 1 2 7 17 18 2 17 9 2 5 31 3 0 2 4 0 2 7 5 31 3 1 2 11 16 6 2 1 2 7 0 40.0670827627182007
5 30 3 0 2 7 5 30 3 0 2 7 1 2 7 0 2 7 1 2 7 0 2 3 1 2 10 0 2 7 0 2 7 1 2 7 6 2 7 5 30 3 0 2 11 0 2 7 1 2 7 0 2 7 0 2 7 6 2 7 0 2 7 0 2 7 0 2 7 0 2 7 0 2 7 0 2 7 17 9 2 12 16 2 8 9 2 12 16 2 1 2 7 0 2 7 5 31 3 5 31 3 16 19 11 17 9 2 0 2 7 0 2 7 16 24 2 1 2 4 0 41.7543706893920898
1 2 7 1 2 7 0 2 7 0 2 7 0 2 7 0 2 7 1 2 7 13 6 3 1 2 7 17 9 2 1 2 7 0 2 7 0 2 7 1 2 7 0 2 7 1 2 7 17 18 2 0 2 7 1 2 4 5 30 3 1 2 7 1 2 4 0 2 7 0 2 4 5 30 3 0 2 7 0 2 7 0 2 7 1 2 4 0 2 7 0 2 4 17 18 2 17 9 2 5 31 3 0 2 3 0 2 7 5 31 3 1 2 7 16 6 2 0 2 7 0 40.148398756980896
1 2 7 1 2 7 1 2 7 0 2 7 0 2 3 0 2 7 0 2 3 0 2 7 0 2 7 1 2 7 1 2 7 0 2 7 5 31 3 0 2 7 1 2 7 0 2 7 16 6 2 17 9 2 0 2 7 1 2 7 0 2 7 1 2 7 0 2 3 0 2 3 5 31 3 16 6 2 0 2 7 17 9 2 0 2 3 0 2 7 1 2 7 1 2 7 5 30 3 1 2 7 0 2 3 1 2 7 1 2 4 0 2 3 0 2 3 16 31 2 0 40.6867148876190186
1 2 7 0 2 3 1 2 7 0 2 4 1 2 3 1 2 7 0 2 7 1 2 7 1 2 7 0 2 7 1 2 7 17 18 2 0 2 3 0 2 7 1 2 7 1 2 7 5 31 3 0 2 4 0 2 4 5 31 3 16 6 2 0 2 7 5 31 3 0 2 4 0 2 7 17 9 2 0 2 7 0 2 7 0 2 3 0 2 7 1 2 7 0 2 4 0 2 3 17 18 2 0 2 4 0 2 7 16 6 2 1 2 7 1 2 7 1 2 7 0 40.5258829593658447
1 2 7 1 2 7 1 2 7 0 2 7 1 2 7 0 2 7 0 2 7 0 2 7 0 2 7 0 2 3 1 2 7 0 2 7 0 2 7 5 31 3 0 2 7 0 2 7 0 2 4 16 6 2 17 9 2 0 2 7 1 2 7 1 2 7 0 2 7 0 2 7 0 2 7 5 31 3 16 6 2 1 2 3 1 2 3 0 2 7 5 30 3 1 2 3 1 2 3 1 2 3 1 2 3 17 9 2 0 2 7 0 2 7 0 2 3 16 31 2 0 40.6867148876190186
5 31 3 1 2 7 1 2 7 0 2 4 17 18 2 0 2 7 0 2 7 1 2 7 0 2 4 1 2 7 0 2 7 6 2 7 0 2 7 1 2 7 1 2 7 1 2 7 0 2 7 1 2 7 12 16 2 5 31 3 0 2 7 0 2 7 13 6 3 5 30 3 17 9 2 12 16 2 0 2 7 12 16 2 0 2 7 1 2 7 0 2 7 0 2 7 0 2 7 1 2 7 0 2 7 17 9 2 0 2 7 1 2 7 13 6 3 17 9 2 0 40.2815956473350525
5 31 3 1 2 7 12 16 2 5 30 3 1 2 7 1 2 7 0 2 7 1 2 7 0 2 7 0 2 7 0 2 7 0 2 7 0 2 7 0 2 7 0 2 7 12 16 2 5 31 3 0 2 7 0 2 7 1 2 7 0 2 3 0 2 7 0 2 7 6 2 3 1 2 4 1 2 7 0 2 7 1 2 7 0 2 7 6 2 7 13 6 3 17 18 2 12 16 2 12 16 2 17 18 2 0 2 7 17 9 2 16 6 2 13 6 3 1 2 7 0 40.492447555065155
0 2 4 0 2 7 1 2 7 0 2 7 0 2 7 0 2 7 0 2 7 0 2 7 0 2 7 1 2 4 5 31 3 0 2 7 1 2 7 0 2 7 16 6 2 17 9 2 1 2 7 1 2 7 0 2 7 5 31 3 5 30 3 0 2 4 17 9 2 0 2 7 1 2 7 1 2 7 12 16 2 0 2 7 0 2 7 0 2 7 0 2 7 17 9 2 16 6 2 13 6 3 5 30 3 0 2 7 5 31 3 0 2 7 1 2 7 1 2 7 0 40.5349836349487305
1 2 4 1 2 4 6 2 7 0 2 7 0 2 3 0 2 7 0 2 7 1 2 7 17 9 2 1 2 7 1 2 7 0 2 7 1 2 7 0 2 7 1 2 7 0 2 7 0 2 7 0 2 4 0 2 7 0 2 7 0 2 7 5 31 3 1 2 7 1 2 7 17 9 2 5 30 3 16 31 2 0 2 7 0 2 7 17 18 2 0 2 7 0 2 4 5 30 3 0 2 7 0 2 7 0 2 7 0 2 7 1 2 7 5 31 3 16 15 2 0 40.5812857747077942

Current Evaluation = 5850(5850)
Front Size = 10
0 2 7 1 2 7 0 2 7 1 2 7 0 2 7 0 2 4 1 2 7 13 6 3 1 2 7 17 9 2 0 2 7 0 2 7 0 2 7 1 2 7 0 2 7 1 2 7 17 18 2 1 2 11 1 2 7 0 2 7 1 2 7 0 2 7 0 2 7 0 2 7 1 2 7 17 18 2 17 9 2 0 2 7 0 2 7 5 31 3 1 2 7 16 6 2 0 2 7 1 2 7 5 31 3 0 2 7 5 31 3 1 2 7 0 2 7 0 2 7 0 40.0670827627182007
1 2 7 0 2 4 1 2 7 0 2 4 1 2 3 1 2 7 0 2 7 1 2 7 1 2 7 0 2 7 1 2 7 17 18 2 0 2 3 0 2 7 1 2 7 1 2 7 5 31 3 0 2 4 0 2 7 5 31 3 16 6 2 0 2 7 5 31 3 0 2 4 0 2 7 17 9 2 0 2 7 0 2 7 0 2 3 1 2 7 1 2 7 0 2 4 0 2 3 17 18 2 0 2 7 0 2 7 16 6 2 0 2 7 1 2 7 1 2 7 0 40.4458829164505005
1 2 7 0 2 3 1 2 7 1 2 7 0 2 7 0 2 7 0 2 7 0 2 4 0 2 7 5 31 3 0 2 7 5 30 3 16 31 2 0 2 7 1 2 3 1 2 7 0 2 7 0 2 7 0 2 7 1 2 7 0 2 7 16 31 2 16 19 11 0 2 7 17 18 2 1 2 7 0 2 7 0 2 7 12 16 2 5 30 3 0 2 7 0 2 7 0 2 7 0 2 3 1 2 7 0 2 8 5 30 3 16 6 2 0 2 3 5 30 3 0 41.449440598487854
1 2 11 1 2 7 1 2 7 0 2 4 1 2 7 0 2 7 0 2 7 0 2 7 15 2 11 1 2 7 17 18 2 5 31 3 0 2 4 1 2 7 0 2 7 17 9 2 0 2 7 0 2 7 5 30 3 0 2 7 17 9 2 0 2 4 5 30 3 0 2 7 5 30 3 0 2 4 0 2 7 0 2 7 0 2 7 12 16 2 1 2 4 12 16 2 1 2 7 17 9 2 0 2 7 6 2 11 0 2 7 1 2 7 13 6 3 0 2 7 0 40.9469015598297119
5 30 3 0 2 7 5 30 3 0 2 7 1 2 7 0 2 7 1 2 7 0 2 3 1 2 10 0 2 7 0 2 7 1 2 7 6 2 7 5 30 3 0 2 11 0 2 7 1 2 7 0 2 7 0 2 7 6 2 7 0 2 7 0 2 7 0 2 7 0 2 7 0 2 7 0 2 7 17 9 2 12 16 2 8 9 2 12 16 2 1 2 7 0 2 7 5 31 3 5 31 3 16 19 11 17 9 2 0 2 7 0 2 7 16 24 2 1 2 4 0 41.7543706893920898
0 2 7 1 2 7 0 2 7 0 2 4 0 2 7 0 2 7 1 2 7 13 6 3 1 2 7 17 9 2 0 2 7 0 2 7 0 2 7 1 2 7 0 2 4 1 2 7 17 18 2 1 2 7 1 2 7 0 2 7 1 2 4 0 2 7 0 2 7 0 2 7 1 2 7 17 18 2 17 9 2 5 31 3 0 2 7 5 30 3 1 2 7 16 24 2 0 2 7 1 2 7 5 31 3 0 2 7 5 30 3 1 2 7 0 2 7 0 2 7 0 40.1302337646484375
1 2 3 1 2 7 1 2 7 0 2 7 0 2 3 0 2 7 0 2 7 0 2 3 1 2 7 1 2 7 0 2 7 5 31 3 0 2 7 1 2 3 0 2 7 16 6 2 17 9 2 0 2 3 1 2 7 0 2 7 1 2 7 5 31 3 0 2 7 17 9 2 0 2 7 1 2 7 5 30 3 1 2 4 0 2 7 0 2 7 0 2 7 16 6 2 0 2 3 1 2 3 1 2 7 0 2 7 1 2 7 0 2 7 0 2 3 16 31 2 0 40.6867148876190186
5 31 3 1 2 7 1 2 7 0 2 4 17 18 2 0 2 7 0 2 7 1 2 7 0 2 4 1 2 7 0 2 7 6 2 7 0 2 7 1 2 7 1 2 7 1 2 7 0 2 7 1 2 7 12 16 2 5 31 3 0 2 7 0 2 7 13 6 3 5 30 3 17 9 2 12 16 2 0 2 7 12 16 2 0 2 7 1 2 7 0 2 7 0 2 7 0 2 7 1 2 7 0 2 7 17 9 2 0 2 7 1 2 7 13 6 3 17 9 2 0 40.2815956473350525
0 2 7 0 2 7 0 2 7 0 2 7 0 2 7 1 2 7 1 2 7 1 2 7 5 31 3 0 2 7 1 2 4 17 9 2 5 31 3 1 2 7 1 2 7 5 31 3 0 2 7 17 9 2 0 2 7 1 2 7 5 31 3 0 2 7 0 2 7 1 2 4 0 2 7 0 2 7 1 2 7 1 2 7 0 2 7 0 2 7 6 2 7 0 2 7 17 9 2 0 2 7 0 2 7 16 6 2 0 2 4 1 2 4 0 2 7 16 6 2 0 40.4036498665809631
1 2 7 0 2 7 1 2 7 0 2 7 1 2 7 0 2 7 0 2 7 1 2 7 5 31 3 0 2 7 1 2 7 17 18 2 0 2 4 0 2 7 1 2 4 0 2 7 5 31 3 0 2 7 0 2 4 5 31 3 16 6 2 0 2 7 5 31 3 0 2 7 0 2 7 17 9 2 1 2 7 6 2 7 0 2 7 0 2 4 1 2 7 0 2 7 0 2 7 17 18 2 1 2 7 0 2 7 16 6 2 1 2 7 0 2 7 1 2 7 0 40.4036498665809631

Current Evaluation = 6300(6300)
Front Size = 10
0 2 7 1 2 7 0 2 7 1 2 7 0 2 7 0 2 4 1 2 7 13 6 3 1 2 7 17 9 2 0 2 7 0 2 7 0 2 7 1 2 7 0 2 7 1 2 7 17 18 2 1 2 11 1 2 7 0 2 7 1 2 7 0 2 7 0 2 7 0 2 7 1 2 7 17 18 2 17 9 2 0 2 7 0 2 7 5 31 3 1 2 7 16 6 2 0 2 7 1 2 7 5 31 3 0 2 7 5 31 3 1 2 7 0 2 7 0 2 7 0 40.0670827627182007
5 31 3 1 2 7 1 2 7 0 2 4 17 18 2 0 2 7 0 2 7 1 2 7 0 2 4 1 2 7 0 2 7 6 2 7 0 2 7 1 2 7 1 2 7 1 2 7 0 2 7 1 2 7 12 16 2 5 31 3 0 2 7 0 2 7 13 6 3 5 30 3 17 9 2 12 16 2 0 2 7 12 16 2 0 2 7 1 2 7 0 2 7 0 2 7 0 2 7 1 2 7 0 2 7 17 9 2 0 2 7 1 2 7 13 6 3 17 9 2 0 40.2815956473350525
1 2 7 0 2 4 1 2 7 0 2 4 1 2 3 1 2 7 0 2 7 1 2 7 1 2 7 0 2 7 1 2 7 17 18 2 0 2 3 0 2 7 1 2 7 1 2 7 5 31 3 0 2 4 0 2 7 5 31 3 16 6 2 0 2 7 5 31 3 0 2 4 0 2 7 17 9 2 0 2 7 0 2 7 0 2 3 1 2 7 1 2 7 0 2 4 0 2 3 17 18 2 0 2 7 0 2 7 16 6 2 0 2 7 1 2 7 1 2 7 0 40.4458829164505005
1 2 3 1 2 7 1 2 7 0 2 7 0 2 3 0 2 7 0 2 7 0 2 3 1 2 7 1 2 7 0 2 7 5 31 3 0 2 7 1 2 3 0 2 7 16 6 2 17 9 2 0 2 3 1 2 7 0 2 7 1 2 7 5 31 3 0 2 7 17 9 2 0 2 7 1 2 7 5 30 3 1 2 4 0 2 7 0 2 7 0 2 7 16 6 2 0 2 3 1 2 3 1 2 7 0 2 7 1 2 7 0 2 7 0 2 3 16 31 2 0 40.6867148876190186
0 2 4 0 2 3 0 2 4 1 2 7 1 2 7 0 2 7 0 2 7 13 6 3 17 18 2 5 30 3 1 2 3 6 2 7 0 2 7 1 2 7 0 2 7 1 2 7 17 18 2 0 2 7 1 2 7 0 2 4 0 2 4 0 2 7 1 2 7 17 9 2 0 2 7 0 2 3 5 30 3 1 2 4 0 2 11 1 2 7 17 18 2 1 2 3 0 2 7 1 2 7 12 16 2 1 2 11 0 2 3 5 31 3 0 2 3 0 2 7 0 40.9165598750114441
0 2 7 1 2 7 1 2 7 1 2 7 1 2 7 0 2 7 0 2 7 0 2 7 17 9 2 0 2 7 0 2 7 1 2 4 0 2 7 0 2 7 0 2 7 17 18 2 0 2 7 0 2 7 1 2 7 0 2 7 0 2 7 0 2 4 0 2 7 17 18 2 5 30 3 5 31 3 17 18 2 1 2 4 5 30 3 5 31 3 1 2 7 13 6 3 0 2 7 0 2 7 0 2 7 1 2 7 1 2 7 1 2 7 1 2 7 16 24 2 0 40.1302337646484375
0 2 7 0 2 7 0 2 7 0 2 7 0 2 7 1 2 7 1 2 7 1 2 7 5 31 3 0 2 7 1 2 4 17 9 2 5 31 3 1 2 7 1 2 7 5 31 3 0 2 7 17 9 2 0 2 7 1 2 7 5 31 3 0 2 7 0 2 7 1 2 4 0 2 7 0 2 7 1 2 7 1 2 7 0 2 7 0 2 7 6 2 7 0 2 7 17 9 2 0 2 7 0 2 7 16 6 2 0 2 4 1 2 4 0 2 7 16 6 2 0 40.4036498665809631
1 2 7 0 2 3 1 2 7 1 2 7 0 2 7 0 2 7 0 2 7 0 2 4 0 2 7 5 31 3 0 2 7 5 30 3 16 31 2 0 2 7 1 2 3 1 2 7 0 2 7 0 2 7 0 2 7 1 2 7 0 2 7 16 31 2 16 19 11 0 2 7 17 18 2 1 2 7 0 2 7 0 2 7 12 16 2 5 30 3 0 2 7 0 2 7 0 2 7 0 2 3 1 2 7 0 2 8 5 30 3 16 6 2 0 2 3 5 30 3 0 41.449440598487854
1 2 7 0 2 4 1 2 7 1 2 7 0 2 7 1 2 7 1 2 7 0 2 7 1 2 7 0 2 7 1 2 7 1 2 7 5 31 3 0 2 7 5 31 3 16 6 2 0 2 7 5 31 3 0 2 7 17 9 2 0 2 7 0 2 7 0 2 7 0 2 7 16 6 2 0 2 7 0 2 4 1 2 3 1 2 4 0 2 7 0 2 4 0 2 4 0 2 3 0 2 7 0 2 7 6 2 7 0 2 3 1 2 4 1 2 7 0 2 7 0.00249969026606865988 40.5072819590568542
0 2 4 0 2 7 0 2 7 0 2 7 0 2 7 1 2 7 1 2 7 5 31 3 0 2 7 1 2 7 17 9 2 5 31 3 1 2 7 0 2 7 1 2 7 0 2 4 0 2 7 1 2 7 0 2 7 1 2 7 0 2 7 1 2 7 0 2 7 17 9 2 1 2 7 17 9 2 1 2 7 0 2 7 16 6 2 1 2 7 13 6 3 0 2 7 0 2 3 0 2 4 13 6 3 5 31 3 0 2 3 0 2 3 12 16 2 0 2 4 0.00191276887686764926 40.2367469072341919

Current Evaluation = 6750(6750)
Front Size = 10
0 2 7 0 2 7 0 2 7 0 2 7 1 2 7 1 2 7 1 2 7 5 31 3 0 2 7 0 2 7 17 9 2 1 2 7 0 2 7 1 2 7 0 2 7 1 2 7 1 2 7 0 2 4 1 2 7 1 2 7 1 2 7 0 2 7 0 2 7 0 2 7 0 2 7 0 2 7 1 2 7 17 18 2 0 2 7 1 2 11 5 31 3 0 2 7 16 6 2 0 2 7 0 2 7 17 9 2 1 2 7 13 6 3 17 18 2 5 31 3 0 40.0670827627182007
0 2 7 0 2 7 0 2 7 0 2 7 1 2 7 1 2 7 1 2 7 5 31 3 0 2 7 0 2 3 17 9 2 0 2 7 0 2 7 0 2 4 0 2 7 1 2 4 1 2 7 1 2 4 1 2 7 1 2 7 1 2 4 0 2 7 0 2 7 0 2 7 0 2 7 0 2 7 1 2 7 17 18 2 0 2 7 5 30 3 17 9 2 13 6 3 1 2 4 17 9 2 16 6 2 0 2 7 0 2 7 1 2 7 5 30 3 5 31 3 0 40.148398756980896
0 2 7 1 2 7 0 2 7 1 2 7 0 2 7 0 2 4 1 2 7 13 6 3 1 2 7 17 9 2 0 2 7 0 2 7 0 2 7 1 2 7 0 2 7 1 2 7 17 18 2 1 2 7 0 2 7 1 2 7 0 2 7 0 2 7 0 2 7 1 2 7 17 18 2 0 2 7 0 2 7 5 31 3 1 2 7 0 2 7 5 31 3 0 2 7 0 2 7 0 2 7 5 30 3 17 18 2 16 24 2 5 30 3 1 2 4 1 2 4 0 40.1302337646484375
0 2 7 0 2 7 0 2 7 0 2 7 0 2 7 1 2 7 1 2 7 1 2 7 5 31 3 0 2 4 0 2 7 17 9 2 5 31 3 1 2 7 1 2 7 0 2 4 1 2 7 0 2 7 0 2 4 0 2 7 0 2 7 0 2 7 1 2 7 0 2 7 1 2 7 0 2 7 16 24 2 17 18 2 1 2 7 17 18 2 1 2 7 1 2 7 1 2 7 0 2 7 0 2 7 0 2 7 17 9 2 5 30 3 13 6 3 5 30 3 0 40.1302337646484375
5 31 3 1 2 7 1 2 7 0 2 4 17 18 2 0 2 7 0 2 7 1 2 7 0 2 4 1 2 7 0 2 7 6 2 7 0 2 7 1 2 7 1 2 7 1 2 7 0 2 7 1 2 7 12 16 2 5 31 3 0 2 7 0 2 7 13 6 3 5 30 3 17 9 2 12 16 2 0 2 7 12 16 2 0 2 7 1 2 7 0 2 7 0 2 7 0 2 7 1 2 7 0 2 7 17 9 2 0 2 7 1 2 7 13 6 3 17 9 2 0 40.2815956473350525
0 2 4 0 2 3 0 2 4 1 2 7 1 2 7 0 2 7 0 2 7 13 6 3 17 18 2 5 30 3 1 2 3 6 2 7 0 2 7 1 2 7 0 2 7 1 2 7 17 18 2 0 2 7 1 2 7 0 2 4 0 2 4 0 2 7 1 2 7 17 9 2 0 2 7 0 2 3 5 30 3 1 2 4 0 2 11 1 2 7 17 18 2 1 2 3 0 2 7 1 2 7 12 16 2 1 2 11 0 2 3 5 31 3 0 2 3 0 2 7 0 40.9165598750114441
1 2 7 0 2 3 1 2 7 1 2 7 0 2 7 0 2 7 0 2 7 0 2 4 0 2 7 5 31 3 0 2 7 5 30 3 16 31 2 0 2 7 1 2 3 1 2 7 0 2 7 0 2 7 0 2 7 1 2 7 0 2 7 16 31 2 16 19 11 0 2 7 17 18 2 1 2 7 0 2 7 0 2 7 12 16 2 5 30 3 0 2 7 0 2 7 0 2 7 0 2 3 1 2 7 0 2 8 5 30 3 16 6 2 0 2 3 5 30 3 0 41.449440598487854
0 2 7 0 2 7 0 2 7 0 2 7 0 2 7 1 2 7 1 2 7 1 2 7 5 31 3 0 2 7 1 2 4 17 9 2 5 31 3 1 2 7 1 2 7 5 31 3 0 2 7 17 9 2 0 2 7 1 2 7 5 31 3 0 2 7 0 2 7 1 2 4 0 2 7 0 2 7 1 2 7 1 2 7 0 2 7 0 2 7 6 2 7 0 2 7 17 9 2 0 2 7 0 2 7 16 6 2 0 2 4 1 2 4 0 2 7 16 6 2 0 40.4036498665809631
1 2 7 0 2 4 1 2 7 0 2 4 1 2 3 1 2 7 0 2 7 1 2 7 1 2 7 0 2 7 1 2 7 17 18 2 0 2 3 0 2 7 1 2 7 1 2 7 5 31 3 0 2 4 0 2 7 5 31 3 16 6 2 0 2 7 5 31 3 0 2 4 0 2 7 17 9 2 0 2 7 0 2 7 0 2 3 1 2 7 1 2 7 0 2 4 0 2 3 17 18 2 0 2 7 0 2 7 16 6 2 0 2 7 1 2 7 1 2 7 0 40.4458829164505005
0 2 7 1 2 7 0 2 3 0 2 7 0 2 7 5 31 3 1 2 7 0 2 7 1 2 11 1 2 4 16 6 2 0 2 3 1 2 7 0 2 7 1 2 4 17 9 2 0 2 7 0 2 7 1 2 7 0 2 7 1 2 4 1 2 7 1 2 4 0 2 7 0 2 3 0 2 7 0 2 7 1 2 7 0 2 7 5 31 3 0 2 7 17 18 2 6 2 7 0 2 3 1 2 11 5 31 3 16 6 2 17 18 2 0 2 7 0 2 7 0 40.6413758397102356

Current Evaluation = 7200(7200)
Front Size = 10
1 2 7 0 2 7 0 2 7 0 2 7 5 31 3 0 2 7 0 2 7 17 9 2 0 2 7 0 2 7 1 2 7 0 2 7 1 2 4 0 2 7 0 2 7 1 2 7 0 2 7 1 2 7 1 2 7 17 18 2 5 31 3 1 2 7 0 2 7 0 2 7 1 2 11 0 2 7 13 6 3 1 2 7 0 2 7 1 2 7 5 31 3 17 18 2 0 2 7 0 2 7 1 2 7 0 2 7 16 6 2 17 9 2 1 2 7 1 2 7 0 40.0670827627182007
1 2 7 0 2 7 0 2 7 0 2 7 5 31 3 0 2 7 0 2 7 17 9 2 0 2 7 0 2 7 1 2 7 0 2 7 1 2 7 0 2 7 0 2 7 1 2 7 0 2 7 5 31 3 1 2 7 17 18 2 1 2 7 1 2 7 0 2 7 0 2 7 0 2 7 0 2 7 13 6 3 1 2 7 1 2 7 1 2 7 5 31 3 17 18 2 0 2 7 1 2 11 0 2 4 1 2 7 17 18 2 1 2 7 16 6 2 0 2 7 0 40.0670827627182007
0 2 7 0 2 7 0 2 7 0 2 7 0 2 7 1 2 7 1 2 7 1 2 7 5 31 3 0 2 4 0 2 7 17 9 2 5 31 3 1 2 7 1 2 7 0 2 4 1 2 7 0 2 7 0 2 4 0 2 7 0 2 7 0 2 7 1 2 7 0 2 7 1 2 7 0 2 7 16 24 2 17 18 2 1 2 7 17 18 2 1 2 7 1 2 7 1 2 7 0 2 7 0 2 7 0 2 7 17 9 2 5 30 3 13 6 3 5 30 3 0 40.1302337646484375
1 2 7 0 2 4 1 2 7 0 2 4 1 2 3 1 2 7 0 2 7 1 2 7 1 2 7 0 2 7 1 2 7 17 18 2 0 2 3 0 2 7 1 2 7 1 2 7 5 31 3 0 2 4 0 2 7 5 31 3 16 6 2 0 2 7 5 31 3 0 2 4 0 2 7 17 9 2 0 2 7 0 2 7 0 2 3 1 2 7 1 2 7 0 2 4 0 2 3 17 18 2 0 2 7 0 2 7 16 6 2 0 2 7 1 2 7 1 2 7 0 40.4458829164505005
0 2 11 0 2 7 0 2 11 0 2 11 16 19 11 1 2 4 5 31 3 17 9 2 0 2 4 0 2 7 0 2 7 0 2 7 0 2 7 1 2 7 1 2 7 0 2 7 1 2 7 5 30 3 1 2 11 8 18 2 5 30 3 0 2 7 1 2 7 0 2 7 1 2 7 0 2 7 12 16 2 1 2 4 8 18 2 0 2 4 17 18 2 12 16 2 0 2 7 1 2 7 6 2 7 5 30 3 0 2 7 0 2 7 0 2 7 17 9 2 0 41.7166127562522888
0 2 7 1 2 7 0 2 7 1 2 7 0 2 7 0 2 4 1 2 7 13 6 3 1 2 7 17 9 2 0 2 7 0 2 7 0 2 7 1 2 7 0 2 7 1 2 7 17 18 2 1 2 7 0 2 7 1 2 7 0 2 7 0 2 7 0 2 7 1 2 7 17 18 2 0 2 7 0 2 7 5 31 3 1 2 7 0 2 7 5 31 3 0 2 7 0 2 7 0 2 7 5 30 3 17 18 2 16 24 2 5 30 3 1 2 4 1 2 4 0 40.1302337646484375
0 2 7 1 2 7 0 2 3 0 2 7 0 2 7 5 31 3 1 2 7 0 2 7 1 2 11 1 2 4 16 6 2 0 2 3 1 2 7 0 2 7 1 2 4 17 9 2 0 2 7 0 2 7 1 2 7 0 2 7 1 2 4 1 2 7 1 2 4 0 2 7 0 2 3 0 2 7 0 2 7 1 2 7 0 2 7 5 31 3 0 2 7 17 18 2 6 2 7 0 2 3 1 2 11 5 31 3 16 6 2 17 18 2 0 2 7 0 2 7 0 40.6413758397102356
0 2 7 0 2 7 0 2 7 1 2 4 1 2 4 1 2 4 0 2 7 17 9 2 0 2 7 0 2 7 1 2 7 1 2 7 0 2 7 0 2 7 1 2 7 0 2 7 1 2 3 0 2 7 1 2 7 17 9 2 0 2 7 0 2 7 5 31 3 0 2 3 5 31 3 0 2 4 1 2 3 1 2 4 0 2 4 0 2 7 1 2 7 0 2 7 16 6 2 1 2 7 0 2 7 0 2 7 5 31 3 17 18 2 16 6 2 5 30 3 0 40.5870778560638428
1 2 7 0 2 7 0 2 7 5 31 3 1 2 7 1 2 7 17 9 2 0 2 7 0 2 4 1 2 7 0 2 7 1 2 7 0 2 7 0 2 7 1 2 7 0 2 7 1 2 7 0 2 7 17 18 2 0 2 7 0 2 7 0 2 7 13 6 3 0 2 7 0 2 7 17 18 2 0 2 7 0 2 11 17 9 2 1 2 7 0 2 7 5 31 3 1 2 7 16 6 2 1 2 7 1 2 7 0 2 7 1 2 7 5 31 3 1 2 7 0 40.0670828819274902
5 31 3 1 2 7 1 2 7 0 2 4 17 18 2 0 2 7 0 2 7 1 2 7 0 2 4 1 2 7 0 2 7 6 2 7 0 2 7 1 2 7 1 2 7 1 2 7 0 2 7 1 2 7 12 16 2 5 31 3 0 2 7 0 2 7 13 6 3 5 30 3 17 9 2 12 16 2 0 2 7 12 16 2 0 2 7 1 2 7 0 2 7 0 2 7 0 2 7 1 2 7 0 2 7 17 9 2 0 2 7 1 2 7 13 6 3 17 9 2 0 40.2815956473350525

Current Evaluation = 7650(7650)
Front Size = 10
0 2 7 0 2 7 0 2 7 0 2 7 0 2 7 1 2 7 1 2 7 1 2 7 5 31 3 0 2 7 0 2 7 17 9 2 5 31 3 0 2 7 0 2 7 1 2 11 0 2 7 0 2 7 0 2 7 0 2 7 1 2 7 0 2 4 1 2 7 0 2 7 17 18 2 1 2 7 17 18 2 1 2 7 1 2 7 1 2 7 0 2 7 1 2 7 1 2 7 17 9 2 13 6 3 0 2 7 0 2 7 16 6 2 1 2 7 5 31 3 0 40.0670827627182007
1 2 11 1 2 7 0 2 7 0 2 7 0 2 7 0 2 7 1 2 7 1 2 7 5 31 3 0 2 7 0 2 7 17 9 2 0 2 7 1 2 7 1 2 7 1 2 7 0 2 7 0 2 7 0 2 7 0 2 7 1 2 7 0 2 7 0 2 7 17 18 2 17 18 2 0 2 7 0 2 7 5 31 3 5 31 3 16 6 2 1 2 7 1 2 7 1 2 7 0 2 7 0 2 7 0 2 7 17 18 2 13 6 3 1 2 7 1 2 4 0 40.0670827627182007
0 2 11 0 2 7 0 2 11 0 2 11 16 19 11 1 2 4 5 31 3 17 9 2 0 2 4 0 2 7 0 2 7 0 2 7 0 2 7 1 2 7 1 2 7 0 2 7 1 2 7 5 30 3 1 2 11 8 18 2 5 30 3 0 2 7 1 2 7 0 2 7 1 2 7 0 2 7 12 16 2 1 2 4 8 18 2 0 2 4 17 18 2 12 16 2 0 2 7 1 2 7 6 2 7 5 30 3 0 2 7 0 2 7 0 2 7 17 9 2 0 41.7166127562522888
0 2 7 0 2 7 0 2 7 0 2 7 0 2 7 1 2 7 1 2 7 1 2 7 5 31 3 0 2 4 0 2 7 17 9 2 5 31 3 1 2 7 1 2 7 0 2 4 1 2 7 0 2 7 0 2 4 0 2 7 0 2 7 0 2 7 1 2 7 0 2 7 1 2 7 0 2 7 16 24 2 17 18 2 1 2 7 17 18 2 1 2 7 1 2 7 1 2 7 0 2 7 0 2 7 0 2 7 17 9 2 5 30 3 13 6 3 5 30 3 0 40.1302337646484375
0 2 7 0 2 4 0 2 4 0 2 7 1 2 7 0 2 7 5 31 3 0 2 7 17 9 2 5 30 3 1 2 7 1 2 4 5 31 3 1 2 7 0 2 7 0 2 7 0 2 7 0 2 7 17 18 2 0 2 7 1 2 7 0 2 7 17 9 2 5 30 3 0 2 7 0 2 7 1 2 4 1 2 7 17 18 2 1 2 4 1 2 7 0 2 7 13 6 3 0 2 7 1 2 7 16 6 2 1 2 7 0 2 3 1 2 7 0 2 7 0 40.148398756980896
0 2 7 0 2 7 0 2 7 0 2 7 0 2 7 1 2 4 0 2 4 16 6 2 5 31 3 0 2 7 0 2 4 17 9 2 5 30 3 1 2 7 1 2 7 0 2 7 1 2 7 0 2 7 0 2 7 1 2 3 0 2 7 0 2 4 0 2 7 17 18 2 0 2 7 1 2 7 0 2 7 17 9 2 5 31 3 0 2 7 1 2 4 1 2 7 1 2 7 1 2 7 17 18 2 1 2 7 0 2 7 1 2 7 13 6 3 5 30 3 0 40.148398756980896
0 2 7 0 2 7 0 2 7 0 2 7 0 2 7 1 2 7 1 2 7 1 2 7 5 31 3 0 2 7 0 2 7 17 9 2 5 31 3 0 2 7 0 2 7 0 2 7 0 2 7 0 2 7 0 2 7 1 2 7 0 2 4 1 2 7 0 2 7 17 18 2 1 2 7 17 18 2 1 2 7 1 2 7 1 2 7 0 2 7 1 2 7 1 2 7 17 9 2 13 6 3 1 2 7 16 24 2 0 2 7 0 2 7 5 30 3 5 31 3 0 40.2705128192901611
5 31 3 1 2 7 1 2 7 0 2 4 17 18 2 0 2 7 0 2 7 1 2 7 0 2 4 1 2 7 0 2 7 6 2 7 0 2 7 1 2 7 1 2 7 1 2 7 0 2 7 1 2 7 12 16 2 5 31 3 0 2 7 0 2 7 13 6 3 5 30 3 17 9 2 12 16 2 0 2 7 12 16 2 0 2 7 1 2 7 0 2 7 0 2 7 0 2 7 1 2 7 0 2 7 17 9 2 0 2 7 1 2 7 13 6 3 17 9 2 0 40.2815956473350525
1 2 7 0 2 4 1 2 7 0 2 7 1 2 7 1 2 7 5 31 3 0 2 7 1 2 7 0 2 7 1 2 7 17 18 2 0 2 7 0 2 7 0 2 7 1 2 7 5 31 3 0 2 7 0 2 7 5 31 3 16 6 2 0 2 4 5 31 3 0 2 7 0 2 7 17 9 2 0 2 7 0 2 7 0 2 7 1 2 7 1 2 7 0 2 7 0 2 4 17 18 2 1 2 7 0 2 4 16 6 2 0 2 7 1 2 7 6 2 7 0 40.4036498665809631
0 2 7 1 2 7 0 2 7 0 2 7 5 31 3 1 2 7 0 2 7 1 2 7 0 2 7 17 9 2 0 2 7 0 2 7 1 2 7 0 2 7 1 2 7 0 2 7 0 2 7 0 2 7 1 2 7 0 2 7 5 31 3 0 2 7 17 18 2 6 2 7 0 2 7 0 2 4 1 2 11 1 2 4 16 6 2 0 2 3 1 2 4 1 2 4 12 16 2 0 2 3 1 2 7 1 2 11 17 9 2 12 16 2 1 2 7 0 2 7 0.00308316906431150943 40.6818416714668274

Current Evaluation = 8100(8100)
Front Size = 10
0 2 7 0 2 7 0 2 7 0 2 7 1 2 7 1 2 7 1 2 7 1 2 11 0 2 7 0 2 7 17 9 2 5 31 3 0 2 7 1 2 7 1 2 7 0 2 7 0 2 7 0 2 4 0 2 7 1 2 7 0 2 7 1 2 7 0 2 7 17 18 2 0 2 7 17 18 2 0 2 7 0 2 7 1 2 7 17 9 2 5 31 3 13 6 3 5 31 3 0 2 7 0 2 7 1 2 7 1 2 7 16 6 2 1 2 7 1 2 7 0 40.0670827627182007
5 31 3 13 6 3 0 2 7 0 2 7 5 31 3 0 2 7 1 2 7 17 9 2 1 2 11 0 2 7 1 2 7 0 2 7 1 2 7 17 18 2 0 2 7 0 2 7 1 2 7 0 2 7 0 2 7 0 2 7 0 2 7 1 2 7 17 9 2 1 2 7 5 31 3 0 2 7 1 2 7 1 2 7 1 2 7 0 2 7 0 2 7 0 2 7 1 2 4 0 2 7 1 2 7 0 2 7 17 18 2 0 2 7 16 6 2 1 2 7 0 40.0670827627182007
5 31 3 1 2 7 0 2 11 0 2 7 0 2 7 0 2 7 17 9 2 0 2 7 1 2 7 0 2 3 17 18 2 0 2 7 0 2 7 1 2 7 0 2 3 0 2 7 0 2 4 15 2 11 17 9 2 1 2 7 5 30 3 0 2 7 1 2 7 1 2 7 1 2 7 0 2 7 0 2 7 0 2 4 0 2 4 1 2 7 5 30 3 1 2 7 1 2 7 0 2 7 1 2 7 17 18 2 12 16 2 13 6 3 1 2 7 0 2 4 0 40.6114637851715088
0 2 7 0 2 7 0 2 7 0 2 7 0 2 7 1 2 7 1 2 7 1 2 7 5 31 3 0 2 4 0 2 7 17 9 2 5 31 3 1 2 7 1 2 7 0 2 4 1 2 7 0 2 7 0 2 4 0 2 7 0 2 7 0 2 7 1 2 7 0 2 7 1 2 7 0 2 7 16 24 2 17 18 2 1 2 7 17 18 2 1 2 7 1 2 7 1 2 7 0 2 7 0 2 7 0 2 7 17 9 2 5 30 3 13 6 3 5 30 3 0 40.1302337646484375
5 31 3 0 2 7 1 2 7 0 2 7 5 30 3 1 2 4 0 2 7 17 9 2 0 2 4 1 2 7 1 2 7 1 2 7 0 2 7 17 18 2 0 2 7 0 2 7 1 2 7 1 2 4 0 2 7 1 2 7 0 2 4 0 2 7 17 9 2 0 2 7 5 31 3 0 2 7 0 2 7 1 2 7 0 2 7 1 2 7 1 2 3 0 2 7 0 2 7 0 2 7 1 2 4 0 2 7 13 6 3 17 9 2 5 30 3 16 6 2 0 40.148398756980896
5 31 3 1 2 7 0 2 4 0 2 7 5 30 3 0 2 7 1 2 7 17 9 2 0 2 7 1 2 7 0 2 3 1 2 7 1 2 4 0 2 11 17 18 2 0 2 7 0 2 7 0 2 7 0 2 7 0 2 7 0 2 4 0 2 7 0 2 7 17 9 2 1 2 7 5 31 3 0 2 7 8 18 2 12 16 2 1 2 7 1 2 7 16 30 2 1 2 4 1 2 7 1 2 7 1 2 3 0 2 7 0 2 7 0 2 7 1 2 7 0 40.7372219562530518
0 2 7 0 2 7 1 2 7 1 2 7 1 2 7 1 2 7 5 31 3 0 2 7 17 9 2 5 31 3 0 2 7 1 2 7 1 2 7 0 2 7 0 2 7 0 2 4 0 2 7 0 2 7 1 2 7 0 2 7 1 2 7 0 2 7 17 18 2 1 2 7 17 18 2 0 2 7 1 2 7 0 2 11 17 9 2 13 6 3 16 6 2 0 2 7 1 2 7 0 2 7 0 2 7 0 2 7 5 31 3 1 2 7 0 2 7 1 2 7 0 40.0670828819274902
5 31 3 1 2 7 1 2 7 0 2 4 17 18 2 0 2 7 0 2 7 1 2 7 0 2 4 1 2 7 0 2 7 6 2 7 0 2 7 1 2 7 1 2 7 1 2 7 0 2 7 1 2 7 12 16 2 5 31 3 0 2 7 0 2 7 13 6 3 5 30 3 17 9 2 12 16 2 0 2 7 12 16 2 0 2 7 1 2 7 0 2 7 0 2 7 0 2 7 1 2 7 0 2 7 17 9 2 0 2 7 1 2 7 13 6 3 17 9 2 0 40.2815956473350525
0 2 4 0 2 3 0 2 7 0 2 7 0 2 7 1 2 7 1 2 7 1 2 7 5 31 3 0 2 4 0 2 7 17 9 2 5 31 3 1 2 4 1 2 7 1 2 7 1 2 7 0 2 7 0 2 7 0 2 7 0 2 7 1 2 7 0 2 7 1 2 7 0 2 7 17 18 2 1 2 7 17 18 2 0 2 7 0 2 7 0 2 7 17 9 2 5 30 3 13 6 3 5 30 3 0 2 4 16 6 2 0 2 7 1 2 7 1 2 4 0 40.148398756980896
1 2 7 0 2 7 1 2 4 0 2 7 0 2 7 0 2 4 0 2 7 5 31 3 0 2 7 0 2 7 17 9 2 0 2 7 0 2 7 16 15 2 1 2 7 1 2 7 0 2 7 1 2 7 0 2 7 0 2 4 0 2 7 0 2 7 17 18 2 0 2 7 1 2 7 1 2 7 0 2 7 1 2 7 0 2 7 5 30 3 0 2 4 1 2 7 0 2 7 16 31 2 0 2 7 5 31 3 17 9 2 5 30 3 1 2 4 0 2 7 0 40.5555447340011597

Current Evaluation = 8550(8550)
Front Size = 10
1 2 7 0 2 7 0 2 7 0 2 7 1 2 7 0 2 7 5 31 3 1 2 7 17 18 2 1 2 7 0 2 7 1 2 7 1 2 7 1 2 11 1 2 7 0 2 7 0 2 7 0 2 7 1 2 7 0 2 7 5 31 3 1 2 7 1 2 4 1 2 7 17 9 2 13 6 3 0 2 7 0 2 7 0 2 7 0 2 7 17 9 2 17 18 2 16 6 2 1 2 7 0 2 7 5 31 3 0 2 7 0 2 7 0 2 7 0 2 7 0 40.0670827627182007
0 2 7 0 2 7 0 2 4 1 2 7 1 2 7 5 31 3 0 2 7 17 9 2 5 31 3 1 2 7 0 2 7 1 2 7 0 2 7 0 2 7 1 2 7 1 2 7 0 2 7 1 2 11 0 2 7 17 18 2 1 2 7 0 2 7 1 2 7 0 2 7 13 6 3 0 2 7 0 2 7 1 2 7 0 2 7 1 2 7 0 2 7 5 31 3 16 6 2 1 2 7 0 2 7 0 2 7 1 2 7 17 18 2 0 2 7 17 9 2 0 40.0670827627182007
5 31 3 1 2 7 0 2 4 0 2 7 5 30 3 0 2 7 1 2 7 17 9 2 0 2 7 1 2 7 0 2 3 1 2 7 1 2 4 0 2 11 17 18 2 0 2 7 0 2 7 0 2 7 0 2 7 0 2 7 0 2 4 0 2 7 0 2 7 17 9 2 1 2 7 5 31 3 0 2 7 8 18 2 12 16 2 1 2 7 1 2 7 16 30 2 1 2 4 1 2 7 1 2 7 1 2 3 0 2 7 0 2 7 0 2 7 1 2 7 0 40.7372219562530518
0 2 7 0 2 7 0 2 7 1 2 7 1 2 7 1 2 7 5 31 3 0 2 7 17 18 2 5 31 3 1 2 7 0 2 7 1 2 7 0 2 7 0 2 7 0 2 7 0 2 7 0 2 7 0 2 7 0 2 7 1 2 4 17 18 2 1 2 7 1 2 7 0 2 7 0 2 7 17 9 2 13 6 3 16 6 2 0 2 7 0 2 7 0 2 7 1 2 7 17 18 2 1 2 11 1 2 7 1 2 7 5 31 3 0 2 7 1 2 7 0 40.0670827627182007
1 2 7 0 2 7 0 2 7 0 2 4 0 2 4 0 2 7 5 31 3 0 2 7 0 2 7 17 9 2 0 2 7 0 2 7 1 2 7 1 2 7 0 2 7 1 2 7 0 2 7 0 2 4 0 2 7 0 2 7 17 18 2 0 2 7 1 2 7 1 2 7 0 2 7 1 2 7 0 2 7 5 30 3 0 2 4 1 2 7 5 31 3 17 9 2 5 30 3 1 2 7 16 15 2 0 2 7 16 31 2 0 2 4 1 2 7 0 2 7 0 40.5555447340011597
0 2 7 0 2 7 0 2 7 1 2 7 1 2 7 5 31 3 0 2 7 17 9 2 5 31 3 1 2 7 0 2 7 1 2 7 0 2 7 0 2 4 0 2 7 1 2 7 1 2 7 0 2 7 1 2 7 0 2 7 17 18 2 1 2 7 0 2 7 0 2 7 0 2 7 17 9 2 13 6 3 0 2 7 0 2 7 1 2 7 0 2 7 1 2 7 1 2 7 1 2 7 5 31 3 16 6 2 1 2 11 0 2 7 0 2 7 17 9 2 0 40.0670827627182007
5 31 3 0 2 7 1 2 7 0 2 7 5 30 3 1 2 4 0 2 7 17 9 2 0 2 4 1 2 7 1 2 7 1 2 7 0 2 7 17 18 2 0 2 7 0 2 7 1 2 7 1 2 4 0 2 7 1 2 7 0 2 4 0 2 7 17 9 2 0 2 7 5 31 3 0 2 7 0 2 7 1 2 7 0 2 7 1 2 7 1 2 3 0 2 7 0 2 7 0 2 7 1 2 4 0 2 7 13 6 3 17 9 2 5 30 3 16 6 2 0 40.148398756980896
0 2 7 0 2 7 0 2 7 0 2 7 0 2 7 1 2 7 1 2 7 1 2 7 5 31 3 0 2 4 0 2 7 17 9 2 5 31 3 1 2 7 1 2 7 0 2 4 1 2 7 0 2 7 0 2 4 0 2 7 0 2 7 0 2 7 1 2 7 0 2 7 1 2 7 0 2 7 16 24 2 17 18 2 1 2 7 17 18 2 1 2 7 1 2 7 1 2 7 0 2 7 0 2 7 0 2 7 17 9 2 5 30 3 13 6 3 5 30 3 0 40.1302337646484375
5 31 3 1 2 7 1 2 7 0 2 4 17 18 2 0 2 7 0 2 7 1 2 7 0 2 4 1 2 7 0 2 7 6 2 7 0 2 7 1 2 7 1 2 7 1 2 7 0 2 7 1 2 7 12 16 2 5 31 3 0 2 7 0 2 7 13 6 3 5 30 3 17 9 2 12 16 2 0 2 7 12 16 2 0 2 7 1 2 7 0 2 7 0 2 7 0 2 7 1 2 7 0 2 7 17 9 2 0 2 7 1 2 7 13 6 3 17 9 2 0 40.2815956473350525
5 30 3 1 2 7 0 2 7 0 2 7 5 31 3 1 2 7 17 9 2 0 2 4 0 2 7 0 2 7 1 2 7 1 2 7 1 2 7 0 2 7 0 2 4 1 2 7 1 2 7 1 2 7 0 2 4 0 2 7 17 9 2 0 2 7 5 31 3 1 2 7 0 2 7 1 2 7 0 2 7 1 2 7 0 2 7 0 2 7 0 2 4 13 6 3 5 30 3 0 2 4 0 2 7 0 2 7 1 2 3 17 18 2 17 18 2 16 6 2 0 40.148398756980896

Current Evaluation = 9000(9000)
Front Size = 10
1 2 7 1 2 7 0 2 7 0 2 7 5 31 3 0 2 7 17 9 2 1 2 7 0 2 7 0 2 7 1 2 7 0 2 7 0 2 7 0 2 7 1 2 7 1 2 7 1 2 7 0 2 7 0 2 7 17 9 2 0 2 7 5 31 3 1 2 4 1 2 7 0 2 7 1 2 11 1 2 7 0 2 7 0 2 7 0 2 7 13 6 3 5 31 3 0 2 7 17 18 2 16 6 2 0 2 7 1 2 7 0 2 7 1 2 7 17 18 2 0 40.0670827627182007
0 2 7 1 2 7 1 2 7 1 2 7 5 31 3 0 2 7 17 9 2 1 2 7 0 2 7 0 2 7 1 2 7 0 2 7 0 2 7 0 2 7 1 2 7 1 2 7 1 2 7 0 2 7 0 2 7 17 9 2 0 2 7 5 31 3 1 2 7 0 2 7 0 2 7 0 2 7 0 2 7 13 6 3 0 2 7 17 18 2 1 2 7 1 2 7 1 2 7 0 2 4 1 2 11 16 6 2 17 9 2 5 31 3 0 2 7 0 2 7 0 40.0670827627182007
0 2 7 0 2 7 0 2 7 0 2 7 0 2 7 1 2 7 1 2 7 1 2 7 5 31 3 0 2 4 0 2 7 17 9 2 5 31 3 1 2 7 1 2 7 0 2 4 1 2 7 0 2 7 0 2 4 0 2 7 0 2 7 0 2 7 1 2 7 0 2 7 1 2 7 0 2 7 16 24 2 17 18 2 1 2 7 17 18 2 1 2 7 1 2 7 1 2 7 0 2 7 0 2 7 0 2 7 17 9 2 5 30 3 13 6 3 5 30 3 0 40.1302337646484375
5 31 3 0 2 7 1 2 7 0 2 7 5 30 3 1 2 4 0 2 7 17 9 2 0 2 4 1 2 7 1 2 7 1 2 7 0 2 7 17 18 2 0 2 7 0 2 7 1 2 7 1 2 4 0 2 7 1 2 7 0 2 4 0 2 7 17 9 2 0 2 7 5 31 3 0 2 7 0 2 7 1 2 7 0 2 7 1 2 7 1 2 3 0 2 7 0 2 7 0 2 7 1 2 4 0 2 7 13 6 3 17 9 2 5 30 3 16 6 2 0 40.148398756980896
5 31 3 1 2 7 1 2 7 0 2 4 17 18 2 0 2 7 0 2 7 1 2 7 0 2 4 1 2 7 0 2 7 6 2 7 0 2 7 1 2 7 1 2 7 1 2 7 0 2 7 1 2 7 12 16 2 5 31 3 0 2 7 0 2 7 13 6 3 5 30 3 17 9 2 12 16 2 0 2 7 12 16 2 0 2 7 1 2 7 0 2 7 0 2 7 0 2 7 1 2 7 0 2 7 17 9 2 0 2 7 1 2 7 13 6 3 17 9 2 0 40.2815956473350525
1 2 7 0 2 4 0 2 4 0 2 3 5 31 3 0 2 7 17 9 2 1 2 7 0 2 4 0 2 7 1 2 7 1 2 7 1 2 7 0 2 7 0 2 7 1 2 7 1 2 7 1 2 4 0 2 7 0 2 3 17 9 2 0 2 7 5 31 3 1 2 4 1 2 7 0 2 7 0 2 7 0 2 7 1 2 3 0 2 7 1 2 7 17 18 2 0 2 7 16 6 2 1 2 7 5 31 3 0 2 7 0 2 3 16 6 2 0 2 7 0 40.4458829164505005
1 2 7 0 2 7 0 2 7 0 2 4 0 2 4 0 2 7 5 31 3 0 2 7 0 2 7 17 9 2 0 2 7 0 2 7 1 2 7 1 2 7 0 2 7 1 2 7 0 2 7 0 2 4 0 2 7 0 2 7 17 18 2 0 2 7 1 2 7 1 2 7 0 2 7 1 2 7 0 2 7 5 30 3 0 2 4 1 2 7 5 31 3 17 9 2 5 30 3 1 2 7 16 15 2 0 2 7 16 31 2 0 2 4 1 2 7 0 2 7 0 40.5555447340011597
5 31 3 1 2 7 0 2 4 0 2 7 5 30 3 0 2 7 1 2 7 17 9 2 0 2 7 1 2 7 0 2 3 1 2 7 1 2 4 0 2 11 17 18 2 0 2 7 0 2 7 0 2 7 0 2 7 0 2 7 0 2 4 0 2 7 0 2 7 17 9 2 1 2 7 5 31 3 0 2 7 8 18 2 12 16 2 1 2 7 1 2 7 16 30 2 1 2 4 1 2 7 1 2 7 1 2 3 0 2 7 0 2 7 0 2 7 1 2 7 0 40.7372219562530518
1 2 7 1 2 7 0 2 7 0 2 7 5 31 3 0 2 7 17 9 2 1 2 7 0 2 7 0 2 7 1 2 7 1 2 7 0 2 7 0 2 7 0 2 4 1 2 7 1 2 7 1 2 7 0 2 7 0 2 7 17 9 2 0 2 7 5 31 3 1 2 7 1 2 7 0 2 7 0 2 7 1 2 7 0 2 7 0 2 7 0 2 7 13 6 3 5 31 3 0 2 11 1 2 7 0 2 7 1 2 7 17 18 2 17 18 2 16 6 2 0 40.0670828819274902
0 2 7 1 2 7 1 2 7 1 2 7 5 31 3 0 2 7 17 9 2 1 2 7 0 2 7 0 2 7 1 2 7 0 2 7 0 2 7 0 2 7 1 2 7 1 2 7 1 2 7 0 2 7 0 2 7 17 9 2 0 2 7 5 31 3 1 2 7 0 2 7 0 2 7 0 2 7 0 2 7 13 6 3 17 18 2 1 2 7 17 9 2 1 2 7 0 2 4 12 16 2 12 16 2 0 2 4 5 31 3 0 2 7 6 2 7 12 16 2 0 40.7440657019615173

MonoObjective Genetic Algorithm
Number of Evaluations = 0
Mutation Probability = 0
Crossover Probability = 1
Population Size = 10
Survival Selection Type = 16

Time =  9010.91086888313293

Current Evaluation = 2210
Front Size = 10
1 2 7 1 2 7 0 2 7 0 2 7 5 31 3 0 2 7 17 9 2 1 2 7 0 2 7 0 2 7 1 2 7 0 2 7 0 2 7 0 2 7 1 2 7 1 2 7 1 2 7 0 2 7 0 2 7 17 9 2 0 2 7 5 31 3 1 2 4 1 2 7 0 2 7 1 2 11 1 2 7 0 2 7 0 2 7 0 2 7 13 6 3 5 31 3 0 2 7 17 18 2 16 6 2 0 2 7 1 2 7 0 2 7 1 2 7 17 18 2 0 40.0670827627182007
0 2 7 1 2 7 1 2 7 1 2 7 5 31 3 0 2 7 17 9 2 1 2 7 0 2 7 0 2 7 1 2 7 0 2 7 0 2 7 0 2 7 1 2 7 1 2 7 1 2 7 0 2 7 0 2 7 17 9 2 0 2 7 5 31 3 1 2 7 0 2 7 0 2 7 0 2 7 0 2 7 13 6 3 0 2 7 17 18 2 1 2 7 1 2 7 1 2 7 0 2 4 1 2 11 16 6 2 17 9 2 5 31 3 0 2 7 0 2 7 0 40.0670827627182007
0 2 7 0 2 7 0 2 7 0 2 7 0 2 7 1 2 7 1 2 7 1 2 7 5 31 3 0 2 4 0 2 7 17 9 2 5 31 3 1 2 7 1 2 7 0 2 4 1 2 7 0 2 7 0 2 4 0 2 7 0 2 7 0 2 7 1 2 7 0 2 7 1 2 7 0 2 7 16 24 2 17 18 2 1 2 7 17 18 2 1 2 7 1 2 7 1 2 7 0 2 7 0 2 7 0 2 7 17 9 2 5 30 3 13 6 3 5 30 3 0 40.1302337646484375
5 31 3 0 2 7 1 2 7 0 2 7 5 30 3 1 2 4 0 2 7 17 9 2 0 2 4 1 2 7 1 2 7 1 2 7 0 2 7 17 18 2 0 2 7 0 2 7 1 2 7 1 2 4 0 2 7 1 2 7 0 2 4 0 2 7 17 9 2 0 2 7 5 31 3 0 2 7 0 2 7 1 2 7 0 2 7 1 2 7 1 2 3 0 2 7 0 2 7 0 2 7 1 2 4 0 2 7 13 6 3 17 9 2 5 30 3 16 6 2 0 40.148398756980896
5 31 3 1 2 7 1 2 7 0 2 4 17 18 2 0 2 7 0 2 7 1 2 7 0 2 4 1 2 7 0 2 7 6 2 7 0 2 7 1 2 7 1 2 7 1 2 7 0 2 7 1 2 7 12 16 2 5 31 3 0 2 7 0 2 7 13 6 3 5 30 3 17 9 2 12 16 2 0 2 7 12 16 2 0 2 7 1 2 7 0 2 7 0 2 7 0 2 7 1 2 7 0 2 7 17 9 2 0 2 7 1 2 7 13 6 3 17 9 2 0 40.2815956473350525
1 2 7 0 2 4 0 2 4 0 2 3 5 31 3 0 2 7 17 9 2 1 2 7 0 2 4 0 2 7 1 2 7 1 2 7 1 2 7 0 2 7 0 2 7 1 2 7 1 2 7 1 2 4 0 2 7 0 2 3 17 9 2 0 2 7 5 31 3 1 2 4 1 2 7 0 2 7 0 2 7 0 2 7 1 2 3 0 2 7 1 2 7 17 18 2 0 2 7 16 6 2 1 2 7 5 31 3 0 2 7 0 2 3 16 6 2 0 2 7 0 40.4458829164505005
1 2 7 0 2 7 0 2 7 0 2 4 0 2 4 0 2 7 5 31 3 0 2 7 0 2 7 17 9 2 0 2 7 0 2 7 1 2 7 1 2 7 0 2 7 1 2 7 0 2 7 0 2 4 0 2 7 0 2 7 17 18 2 0 2 7 1 2 7 1 2 7 0 2 7 1 2 7 0 2 7 5 30 3 0 2 4 1 2 7 5 31 3 17 9 2 5 30 3 1 2 7 16 15 2 0 2 7 16 31 2 0 2 4 1 2 7 0 2 7 0 40.5555447340011597
5 31 3 1 2 7 0 2 4 0 2 7 5 30 3 0 2 7 1 2 7 17 9 2 0 2 7 1 2 7 0 2 3 1 2 7 1 2 4 0 2 11 17 18 2 0 2 7 0 2 7 0 2 7 0 2 7 0 2 7 0 2 4 0 2 7 0 2 7 17 9 2 1 2 7 5 31 3 0 2 7 8 18 2 12 16 2 1 2 7 1 2 7 16 30 2 1 2 4 1 2 7 1 2 7 1 2 3 0 2 7 0 2 7 0 2 7 1 2 7 0 40.7372219562530518
1 2 7 1 2 7 0 2 7 0 2 7 5 31 3 0 2 7 17 9 2 1 2 7 0 2 7 0 2 7 1 2 7 1 2 7 0 2 7 0 2 7 0 2 4 1 2 7 1 2 7 1 2 7 0 2 7 0 2 7 17 9 2 0 2 7 5 31 3 1 2 7 1 2 7 0 2 7 0 2 7 1 2 7 0 2 7 0 2 7 0 2 7 13 6 3 5 31 3 0 2 11 1 2 7 0 2 7 1 2 7 17 18 2 17 18 2 16 6 2 0 40.0670828819274902
0 2 7 1 2 7 1 2 7 1 2 7 5 31 3 0 2 7 17 9 2 1 2 7 0 2 7 0 2 7 1 2 7 0 2 7 0 2 7 0 2 7 1 2 7 1 2 7 1 2 7 0 2 7 0 2 7 17 9 2 0 2 7 5 31 3 1 2 7 0 2 7 0 2 7 0 2 7 0 2 7 13 6 3 17 18 2 1 2 7 17 9 2 1 2 7 0 2 4 12 16 2 12 16 2 0 2 4 5 31 3 0 2 7 6 2 7 12 16 2 0 40.7440657019615173

