Current Evaluation = 450(450)
Front Size = 10
16 6 2 0 2 7 5 31 3 1 2 7 0 2 7 1 2 7 0 2 7 0 2 7 6 2 7 16 6 2 0 2 7 5 31 3 0 2 7 5 31 3 1 2 7 5 31 3 0 2 7 0 2 7 0 2 3 0 2 7 12 16 2 0 2 7 0 2 7 1 2 7 1 2 7 0 2 3 17 9 2 1 2 7 0 2 7 17 9 2 0 2 7 13 6 3 1 2 7 17 9 2 0 2 7 1 2 7 1 2 7 0 2 7 1 2 7 0 2 7 0 40.5398088097572327
5 31 3 8 18 2 16 19 12 12 16 2 5 30 3 0 2 8 1 2 8 0 2 8 8 9 2 0 2 8 0 2 8 0 2 8 5 30 3 5 30 3 16 19 12 5 31 3 16 19 12 16 19 13 12 16 2 5 30 3 8 18 2 0 2 8 0 2 8 17 18 2 0 2 8 0 2 8 0 2 8 0 2 8 0 2 8 1 2 8 0 2 8 0 2 8 0 2 8 0 2 8 0 2 8 0 2 8 0 2 8 0 2 8 8 9 2 0 2 8 0.00133839941895136849 46.5582321882247925
5 31 3 1 2 7 5 30 3 5 30 3 12 16 2 0 2 4 0 2 7 1 2 7 17 9 2 8 9 2 0 2 7 1 2 7 0 2 7 0 2 7 0 2 7 0 2 7 0 2 7 0 2 7 12 16 2 12 16 2 12 16 2 1 2 7 8 9 2 0 2 7 0 2 4 0 2 4 1 2 4 17 18 2 0 2 7 1 2 7 12 16 2 0 2 7 8 18 2 1 2 7 1 2 7 1 2 4 0 2 7 0 2 7 16 24 2 0 2 7 0 41.4770135879516602
16 6 2 1 2 8 5 31 3 0 2 7 0 2 11 0 2 8 0 2 13 0 2 11 5 30 3 12 16 2 0 2 3 5 30 3 5 31 3 16 6 2 0 2 8 5 30 3 1 2 8 0 2 7 0 2 7 0 2 8 0 2 3 0 2 7 0 2 7 16 6 2 5 30 3 1 2 7 0 2 7 0 2 7 0 2 7 8 9 2 0 2 7 1 2 8 0 2 8 8 9 2 0 2 8 17 18 2 0 2 7 0 2 7 16 6 2 1 2 8 0 42.9286708831787109
12 16 2 0 2 3 0 2 3 0 2 11 13 6 3 16 19 11 5 30 3 0 2 11 0 2 7 16 19 11 0 2 11 5 30 3 5 30 3 17 9 2 0 2 3 0 2 11 5 30 3 0 2 11 5 30 3 5 30 3 0 2 6 16 6 2 0 2 8 0 2 11 0 2 3 0 2 11 12 16 2 0 2 11 0 2 3 0 2 7 12 16 2 12 16 2 12 16 2 0 2 11 0 2 11 0 2 11 0 2 10 0 2 7 0 2 8 0 2 8 0 44.5736120939254761
12 16 2 0 2 3 0 2 3 5 30 3 0 2 7 5 30 3 5 30 3 0 2 3 5 30 3 16 6 2 0 2 3 12 16 2 0 2 7 0 2 7 12 16 2 1 2 7 0 2 7 13 6 3 16 19 11 0 2 7 0 2 3 1 2 3 8 9 2 0 2 3 0 2 3 0 2 3 5 30 3 0 2 3 1 2 7 16 19 11 0 2 7 0 2 3 0 2 7 12 16 2 16 6 2 1 2 3 0 2 7 0 2 7 0 2 7 0 2 7 0 42.7702243328094482
16 19 11 0 2 8 5 30 3 0 2 8 5 30 3 5 30 3 0 2 8 0 2 8 0 2 7 16 19 11 5 30 3 0 2 7 0 2 8 0 2 8 0 2 8 0 2 7 5 30 3 5 31 3 0 2 7 0 2 7 0 2 7 0 2 7 0 2 3 16 19 11 16 19 11 0 2 3 0 2 8 0 2 8 0 2 8 12 16 2 0 2 8 0 2 3 8 9 2 5 30 3 0 2 3 0 2 3 0 2 7 16 19 11 8 18 2 0 2 8 0.0052581327115578556 45.447654128074646
12 16 2 1 2 4 0 2 3 0 2 3 12 16 2 5 30 3 0 2 11 0 2 10 16 9 11 0 2 7 5 30 3 5 30 3 0 2 7 8 18 2 5 30 3 16 6 2 1 2 7 0 2 10 0 2 11 1 2 10 0 2 7 0 2 4 0 2 4 17 18 2 1 2 3 1 2 7 17 9 2 1 2 3 0 2 3 12 16 2 0 2 7 0 2 3 12 16 2 12 16 2 1 2 7 13 6 3 0 2 3 0 2 11 0 2 7 0 2 4 0 42.3436227440834045
12 16 2 0 2 11 5 30 3 0 2 8 0 2 7 5 31 3 0 2 11 16 6 2 0 2 8 0 2 12 5 31 3 0 2 8 0 2 7 0 2 8 0 2 8 0 2 8 0 2 8 5 30 3 16 19 11 12 16 2 0 2 8 0 2 11 0 2 8 0 2 11 0 2 7 0 2 8 0 2 8 0 2 12 0 2 8 16 19 11 17 9 2 13 6 3 5 30 3 5 30 3 16 6 2 0 2 8 5 30 3 0 2 8 0 2 7 0 2 11 1.0583897946200438e-05 44.865675687789917
16 6 2 0 2 7 0 2 7 0 2 7 0 2 3 12 16 2 0 2 3 17 9 2 13 6 3 5 30 3 0 2 11 1 2 7 0 2 7 5 30 3 16 6 2 0 2 7 0 2 11 16 19 11 5 31 3 0 2 11 0 2 6 0 2 7 0 2 8 0 2 8 0 2 7 0 2 7 1 2 7 12 16 2 0 2 11 5 30 3 17 9 2 0 2 11 1 2 7 17 9 2 5 30 3 0 2 10 1 2 7 0 2 7 1 2 7 0 2 7 0.0419477601799084707 42.0643378496170044

Current Evaluation = 900(900)
Front Size = 10
12 16 2 0 2 7 0 2 7 0 2 7 0 2 7 1 2 7 17 9 2 13 6 3 0 2 7 0 2 7 5 31 3 0 2 7 0 2 7 1 2 7 0 2 7 0 2 7 0 2 7 1 2 7 0 2 7 0 2 7 0 2 7 16 6 2 1 2 7 0 2 7 5 31 3 0 2 7 5 31 3 1 2 7 5 31 3 17 9 2 1 2 7 1 2 7 0 2 7 1 2 7 0 2 7 0 2 7 17 18 2 1 2 7 1 2 7 16 6 2 0 40.4340677261352539
5 31 3 8 18 2 16 19 12 12 16 2 5 30 3 0 2 8 1 2 8 0 2 8 8 9 2 0 2 8 0 2 8 0 2 8 5 30 3 5 30 3 16 19 12 5 31 3 16 19 12 16 19 13 12 16 2 5 30 3 8 18 2 0 2 8 0 2 8 17 18 2 0 2 8 0 2 8 0 2 8 0 2 8 0 2 8 1 2 8 0 2 8 0 2 8 0 2 8 0 2 8 0 2 8 0 2 8 0 2 8 0 2 8 8 9 2 0 2 8 0.00133839941895136849 46.5582321882247925
12 16 2 0 2 4 5 30 3 0 2 7 5 30 3 1 2 3 1 2 3 13 6 3 0 2 7 12 16 2 17 9 2 0 2 7 0 2 7 17 18 2 0 2 7 1 2 3 0 2 7 1 2 4 5 31 3 1 2 7 1 2 4 0 2 7 13 6 3 16 6 2 0 2 7 0 2 4 12 16 2 0 2 7 12 16 2 0 2 7 0 2 7 0 2 3 1 2 7 6 2 7 0 2 7 1 2 7 1 2 7 17 18 2 0 2 3 0 2 3 0 40.8264276385307312
16 6 2 0 2 8 5 31 3 0 2 7 0 2 7 0 2 8 0 2 7 0 2 3 5 30 3 12 16 2 0 2 8 5 30 3 5 31 3 16 6 2 0 2 8 5 30 3 1 2 8 0 2 7 1 2 11 0 2 3 0 2 13 6 2 8 0 2 7 16 6 2 5 30 3 0 2 8 0 2 7 1 2 8 0 2 7 8 9 2 0 2 7 1 2 8 0 2 7 8 9 2 0 2 7 17 18 2 0 2 7 0 2 7 16 6 2 1 2 3 0 42.834811806678772
12 16 2 0 2 3 0 2 3 0 2 11 13 6 3 16 19 11 5 30 3 0 2 11 0 2 7 16 19 11 0 2 11 5 30 3 5 30 3 17 9 2 0 2 3 0 2 11 5 30 3 0 2 11 5 30 3 5 30 3 0 2 6 16 6 2 0 2 8 0 2 11 0 2 3 0 2 11 12 16 2 0 2 11 0 2 3 0 2 7 12 16 2 12 16 2 12 16 2 0 2 11 0 2 11 0 2 11 0 2 10 0 2 7 0 2 8 0 2 8 0 44.5736120939254761
12 16 2 12 16 2 5 30 3 5 30 3 5 30 3 8 18 2 5 30 3 17 18 2 1 2 4 8 9 2 0 2 3 0 2 11 0 2 10 16 9 11 0 2 7 0 2 7 16 6 2 1 2 7 0 2 10 0 2 8 1 2 10 16 19 12 0 2 8 0 2 4 0 2 8 0 2 8 17 9 2 0 2 8 0 2 8 0 2 8 0 2 7 0 2 8 0 2 8 12 16 2 1 2 7 13 6 3 0 2 8 0 2 11 1 2 8 0 2 4 0.00469080416326408782 43.3318904042243958
16 6 2 0 2 11 5 31 3 0 2 11 0 2 8 0 2 8 16 6 2 5 30 3 12 16 2 17 9 2 13 6 3 16 19 11 0 2 8 0 2 7 0 2 7 0 2 8 5 31 3 0 2 7 5 30 3 0 2 12 0 2 8 0 2 8 16 19 11 0 2 7 0 2 12 5 30 3 0 2 11 5 30 3 0 2 8 12 16 2 0 2 8 0 2 8 0 2 8 0 2 8 0 2 11 0 2 11 0 2 8 5 30 3 0 2 8 0 2 8 1.0583897946200438e-05 44.865675687789917
16 6 2 0 2 7 0 2 7 0 2 7 0 2 3 12 16 2 0 2 3 17 9 2 13 6 3 5 30 3 0 2 11 1 2 7 0 2 7 5 30 3 16 6 2 0 2 7 0 2 11 16 19 11 5 31 3 0 2 11 0 2 6 0 2 7 0 2 8 0 2 8 0 2 7 0 2 7 1 2 7 12 16 2 0 2 11 5 30 3 17 9 2 0 2 11 1 2 7 17 9 2 5 30 3 0 2 10 1 2 7 0 2 7 1 2 7 0 2 7 0.0419477601799084707 42.0643378496170044
12 16 2 12 16 2 5 30 3 5 30 3 5 30 3 5 30 3 0 2 7 1 2 7 8 9 2 0 2 7 0 2 7 8 9 2 1 2 4 0 2 11 0 2 7 17 9 2 1 2 11 12 16 2 13 6 3 0 2 7 16 19 11 17 18 2 1 2 7 1 2 7 0 2 7 0 2 7 0 2 7 0 2 7 0 2 7 0 2 7 0 2 7 5 30 3 1 2 11 0 2 7 0 2 7 0 2 7 0 2 7 17 18 2 0 2 7 1 2 7 0 41.7883462905883789
12 16 2 0 2 7 13 6 3 16 19 11 5 30 3 0 2 7 0 2 7 16 19 11 0 2 3 5 30 3 5 30 3 0 2 3 0 2 7 0 2 7 0 2 3 5 30 3 16 6 2 0 2 3 12 16 2 0 2 7 0 2 3 0 2 3 1 2 3 5 30 3 1 2 7 8 9 2 1 2 3 0 2 7 0 2 7 0 2 7 1 2 7 0 2 7 0 2 7 16 6 2 12 16 2 12 16 2 0 2 3 0 2 3 0 2 3 0 2 3 0 42.7702243328094482

Current Evaluation = 1350(1350)
Front Size = 10
12 16 2 1 2 7 13 6 3 0 2 7 17 9 2 0 2 7 0 2 7 17 9 2 0 2 4 0 2 7 5 30 3 1 2 7 0 2 7 13 6 3 0 2 4 0 2 7 0 2 7 0 2 7 1 2 7 0 2 7 1 2 7 1 2 7 1 2 7 0 2 7 0 2 7 1 2 4 0 2 7 5 30 3 1 2 7 0 2 7 0 2 7 5 31 3 0 2 7 17 9 2 12 16 2 1 2 7 1 2 7 17 18 2 5 30 3 0 2 7 0 40.3689725399017334
5 31 3 8 18 2 16 19 12 12 16 2 5 30 3 0 2 8 1 2 8 0 2 8 8 9 2 0 2 8 0 2 8 0 2 8 5 30 3 5 30 3 16 19 12 5 31 3 16 19 12 16 19 13 12 16 2 5 30 3 8 18 2 0 2 8 0 2 8 17 18 2 0 2 8 0 2 8 0 2 8 0 2 8 0 2 8 1 2 8 0 2 8 0 2 8 0 2 8 0 2 8 0 2 8 0 2 8 0 2 8 0 2 8 8 9 2 0 2 8 0.00133839941895136849 46.5582321882247925
5 30 3 1 2 3 5 30 3 12 16 2 5 30 3 5 30 3 0 2 7 0 2 3 0 2 3 0 2 7 16 6 2 0 2 7 5 31 3 0 2 7 17 9 2 16 6 2 1 2 7 16 19 11 16 19 11 0 2 3 0 2 7 0 2 3 0 2 3 8 18 2 0 2 3 1 2 7 0 2 7 0 2 7 1 2 7 0 2 7 1 2 3 0 2 7 0 2 4 1 2 7 0 2 7 0 2 7 0 2 3 0 2 3 0 2 7 1 2 4 0 42.2350915670394897
16 6 2 0 2 8 5 31 3 0 2 7 0 2 7 0 2 8 0 2 7 0 2 3 5 30 3 12 16 2 0 2 8 5 30 3 5 31 3 16 6 2 0 2 8 5 30 3 1 2 8 0 2 7 1 2 11 0 2 3 0 2 13 6 2 8 0 2 7 16 6 2 5 30 3 0 2 8 0 2 7 1 2 8 0 2 7 8 9 2 0 2 7 1 2 8 0 2 7 8 9 2 0 2 7 17 18 2 0 2 7 0 2 7 16 6 2 1 2 3 0 42.834811806678772
1 2 7 0 2 7 5 31 3 12 16 2 5 31 3 5 30 3 1 2 7 1 2 7 0 2 7 0 2 7 16 6 2 0 2 7 5 31 3 0 2 7 17 9 2 16 6 2 5 31 3 16 19 11 0 2 7 0 2 7 0 2 7 6 2 7 0 2 11 0 2 7 0 2 7 0 2 7 6 2 7 0 2 7 0 2 7 0 2 7 12 16 2 0 2 7 0 2 7 0 2 7 0 2 7 5 30 3 1 2 7 0 2 7 16 6 2 0 2 7 0 41.6180045604705811
12 16 2 0 2 3 0 2 3 0 2 11 13 6 3 16 19 11 5 30 3 0 2 11 0 2 7 16 19 11 0 2 11 5 30 3 5 30 3 17 9 2 0 2 3 0 2 11 5 30 3 0 2 11 5 30 3 5 30 3 0 2 6 16 6 2 0 2 8 0 2 11 0 2 3 0 2 11 12 16 2 0 2 11 0 2 3 0 2 7 12 16 2 12 16 2 12 16 2 0 2 11 0 2 11 0 2 11 0 2 10 0 2 7 0 2 8 0 2 8 0 44.5736120939254761
16 6 2 0 2 11 5 31 3 0 2 11 0 2 8 0 2 8 16 6 2 5 30 3 12 16 2 17 9 2 13 6 3 16 19 11 0 2 8 0 2 7 0 2 7 0 2 8 5 31 3 0 2 7 5 30 3 0 2 12 0 2 8 0 2 8 16 19 11 0 2 7 0 2 12 5 30 3 0 2 11 5 30 3 0 2 8 12 16 2 0 2 8 0 2 8 0 2 8 0 2 8 0 2 11 0 2 11 0 2 8 5 30 3 0 2 8 0 2 8 1.0583897946200438e-05 44.865675687789917
12 16 2 12 16 2 5 30 3 5 30 3 5 30 3 8 18 2 5 30 3 17 18 2 1 2 4 8 9 2 0 2 3 0 2 11 0 2 10 16 9 11 0 2 7 0 2 7 16 6 2 1 2 7 0 2 10 0 2 8 1 2 10 16 19 12 0 2 8 0 2 4 0 2 8 0 2 8 17 9 2 0 2 8 0 2 8 0 2 8 0 2 7 0 2 8 0 2 8 12 16 2 1 2 7 13 6 3 0 2 8 0 2 11 1 2 8 0 2 4 0.00469080416326408782 43.3318904042243958
12 16 2 0 2 11 5 30 3 0 2 7 5 30 3 5 30 3 12 16 2 0 2 7 12 16 2 12 16 2 0 2 7 0 2 7 0 2 7 0 2 4 16 19 11 0 2 7 16 19 11 1 2 7 17 9 2 0 2 3 0 2 7 8 9 2 1 2 7 1 2 7 5 30 3 0 2 6 16 6 2 0 2 8 0 2 11 1 2 7 1 2 7 0 2 7 0 2 7 12 16 2 1 2 7 1 2 7 17 18 2 17 18 2 1 2 7 1 2 7 0.0808812301293974495 42.088895320892334
12 16 2 1 2 7 0 2 7 17 9 2 0 2 7 0 2 7 0 2 7 5 30 3 1 2 7 0 2 7 0 2 7 0 2 7 0 2 7 1 2 7 0 2 7 1 2 7 0 2 7 0 2 7 0 2 7 5 30 3 0 2 7 0 2 7 5 31 3 0 2 7 5 30 3 0 2 3 0 2 3 0 2 4 6 2 3 0 2 4 1 2 7 0 2 11 16 6 2 1 2 7 16 19 11 5 31 3 0 2 11 16 6 2 0 2 11 5 30 3 0.00241456416131297352 41.9883476495742798

Current Evaluation = 1800(1800)
Front Size = 10
12 16 2 1 2 7 13 6 3 0 2 7 17 9 2 0 2 7 0 2 7 17 9 2 0 2 4 0 2 7 5 30 3 1 2 7 0 2 7 13 6 3 0 2 4 0 2 7 0 2 7 0 2 7 1 2 7 0 2 7 1 2 7 1 2 7 1 2 7 0 2 7 0 2 7 1 2 4 0 2 7 5 30 3 1 2 7 0 2 7 0 2 7 5 31 3 0 2 7 17 9 2 12 16 2 1 2 7 1 2 7 17 18 2 5 30 3 0 2 7 0 40.3689725399017334
16 6 2 0 2 8 5 31 3 0 2 7 0 2 7 0 2 8 0 2 7 0 2 3 5 30 3 12 16 2 0 2 8 5 30 3 5 31 3 16 6 2 0 2 8 5 30 3 1 2 8 0 2 7 1 2 11 0 2 3 0 2 13 6 2 8 0 2 7 16 6 2 5 30 3 0 2 8 0 2 7 1 2 8 0 2 7 8 9 2 0 2 7 1 2 8 0 2 7 8 9 2 0 2 7 17 18 2 0 2 7 0 2 7 16 6 2 1 2 3 0 42.834811806678772
16 30 2 0 2 3 0 2 3 0 2 3 0 2 3 5 30 3 12 16 2 12 16 2 13 6 3 16 19 11 0 2 7 15 2 11 0 2 7 0 2 7 5 30 3 16 30 2 5 30 3 0 2 7 0 2 7 12 16 2 6 2 7 1 2 4 5 30 3 0 2 3 16 6 2 12 16 2 5 31 3 0 2 7 12 16 2 0 2 3 0 2 7 1 2 3 0 2 7 0 2 3 0 2 7 0 2 7 1 2 3 0 2 7 1 2 3 0 2 7 0 42.2944305539131165
12 16 2 0 2 3 0 2 3 0 2 11 13 6 3 16 19 11 5 30 3 0 2 11 0 2 7 16 19 11 0 2 11 5 30 3 5 30 3 17 9 2 0 2 3 0 2 11 5 30 3 0 2 11 5 30 3 5 30 3 0 2 6 16 6 2 0 2 8 0 2 11 0 2 3 0 2 11 12 16 2 0 2 11 0 2 3 0 2 7 12 16 2 12 16 2 12 16 2 0 2 11 0 2 11 0 2 11 0 2 10 0 2 7 0 2 8 0 2 8 0 44.5736120939254761
5 31 3 8 18 2 16 19 12 12 16 2 5 30 3 0 2 8 1 2 8 0 2 8 8 9 2 0 2 8 0 2 8 0 2 8 5 30 3 5 30 3 16 19 12 5 31 3 16 19 12 16 19 13 12 16 2 5 30 3 8 18 2 0 2 8 0 2 8 17 18 2 0 2 8 0 2 8 0 2 8 0 2 8 0 2 8 1 2 8 0 2 8 0 2 8 0 2 8 0 2 8 0 2 8 0 2 8 0 2 8 0 2 8 8 9 2 0 2 8 0.00133839941895136849 46.5582321882247925
16 6 2 0 2 11 5 31 3 0 2 11 0 2 8 0 2 8 16 6 2 5 30 3 12 16 2 17 9 2 13 6 3 16 19 11 0 2 8 0 2 7 0 2 7 0 2 8 5 31 3 0 2 7 5 30 3 0 2 12 0 2 8 0 2 8 16 19 11 0 2 7 0 2 12 5 30 3 0 2 11 5 30 3 0 2 8 12 16 2 0 2 8 0 2 8 0 2 8 0 2 8 0 2 11 0 2 11 0 2 8 5 30 3 0 2 8 0 2 8 1.0583897946200438e-05 44.865675687789917
12 16 2 0 2 7 1 2 7 0 2 7 6 2 11 5 30 3 0 2 7 0 2 7 6 2 7 0 2 7 0 2 7 0 2 7 1 2 7 0 2 11 5 30 3 5 31 3 17 18 2 5 30 3 8 9 2 13 6 3 6 2 11 17 9 2 0 2 7 1 2 11 0 2 7 0 2 11 16 6 2 1 2 11 5 30 3 0 2 7 0 2 11 1 2 11 0 2 7 0 2 11 5 30 3 17 9 2 12 16 2 0 2 11 0 2 7 0 2 7 0 42.0878947377204895
0 2 7 5 31 3 12 16 2 5 31 3 0 2 3 16 6 2 0 2 3 16 6 2 0 2 3 1 2 3 0 2 3 0 2 3 1 2 7 0 2 7 5 30 3 16 6 2 0 2 7 0 2 3 8 9 2 0 2 3 0 2 3 1 2 7 0 2 7 0 2 3 1 2 7 1 2 7 17 18 2 16 6 2 0 2 7 1 2 11 1 2 4 0 2 7 0 2 7 1 2 7 0 2 7 5 30 3 0 2 7 0 2 7 1 2 7 0 2 7 0 41.3915237188339233
12 16 2 13 6 3 0 2 7 17 9 2 0 2 7 0 2 7 5 30 3 5 30 3 12 16 2 5 30 3 1 2 7 0 2 11 0 2 11 16 6 2 1 2 7 0 2 8 13 6 3 12 16 2 0 2 7 0 2 7 0 2 8 1 2 7 0 2 11 0 2 11 1 2 7 1 2 7 0 2 7 0 2 7 5 30 3 0 2 7 1 2 7 12 16 2 0 2 11 0 2 3 0 2 11 5 30 3 0 2 11 0 2 11 17 18 2 0 2 7 6.56278012149012421e-05 42.2011029720306396
12 16 2 12 16 2 5 30 3 5 30 3 5 30 3 8 18 2 5 30 3 17 18 2 1 2 4 8 9 2 0 2 3 0 2 11 0 2 10 16 9 11 0 2 7 0 2 7 16 6 2 1 2 7 0 2 10 0 2 8 1 2 10 16 19 12 0 2 8 0 2 4 0 2 8 0 2 8 17 9 2 0 2 8 0 2 8 0 2 8 0 2 7 0 2 8 0 2 8 12 16 2 1 2 7 13 6 3 0 2 8 0 2 11 1 2 8 0 2 4 0.00469080416326408782 43.3318904042243958

Current Evaluation = 2250(2250)
Front Size = 10
12 16 2 1 2 7 13 6 3 0 2 7 17 9 2 0 2 7 0 2 4 13 6 3 0 2 7 5 30 3 1 2 7 0 2 7 0 2 7 0 2 7 1 2 7 0 2 7 1 2 4 0 2 7 1 2 7 5 30 3 0 2 7 5 31 3 12 16 2 17 18 2 5 30 3 1 2 7 0 2 7 0 2 7 0 2 4 0 2 7 1 2 7 1 2 7 0 2 7 1 2 7 0 2 7 17 9 2 17 9 2 0 2 7 1 2 7 0 2 7 0 40.3689725399017334
16 30 2 0 2 3 0 2 3 0 2 3 0 2 3 5 30 3 12 16 2 12 16 2 13 6 3 16 19 11 0 2 7 15 2 11 0 2 7 0 2 7 5 30 3 16 30 2 5 30 3 0 2 7 0 2 7 12 16 2 6 2 7 1 2 4 5 30 3 0 2 3 16 6 2 12 16 2 5 31 3 0 2 7 12 16 2 0 2 3 0 2 7 1 2 3 0 2 7 0 2 3 0 2 7 0 2 7 1 2 3 0 2 7 1 2 3 0 2 7 0 42.2944305539131165
12 16 2 0 2 7 1 2 7 0 2 7 6 2 11 5 30 3 0 2 7 0 2 7 6 2 7 0 2 7 0 2 7 0 2 7 1 2 7 0 2 11 5 30 3 5 31 3 17 18 2 5 30 3 8 9 2 13 6 3 6 2 11 17 9 2 0 2 7 1 2 11 0 2 7 0 2 11 16 6 2 1 2 11 5 30 3 0 2 7 0 2 11 1 2 11 0 2 7 0 2 11 5 30 3 17 9 2 12 16 2 0 2 11 0 2 7 0 2 7 0 42.0878947377204895
1 2 10 5 30 3 5 30 3 5 30 3 12 16 2 0 2 7 5 30 3 1 2 7 1 2 10 0 2 7 8 9 2 0 2 7 0 2 3 0 2 11 0 2 7 0 2 7 1 2 7 8 9 2 17 18 2 17 9 2 0 2 7 0 2 7 1 2 11 0 2 7 0 2 4 0 2 4 1 2 1 1 2 7 0 2 3 0 2 7 1 2 11 1 2 7 0 2 7 0 2 7 0 2 4 17 18 2 17 9 2 0 2 4 1 2 7 1 2 7 0 41.6630316972732544
12 16 2 0 2 3 0 2 3 0 2 11 13 6 3 16 19 11 5 30 3 0 2 11 0 2 7 16 19 11 0 2 11 5 30 3 5 30 3 17 9 2 0 2 3 0 2 11 5 30 3 0 2 11 5 30 3 5 30 3 0 2 6 16 6 2 0 2 8 0 2 11 0 2 3 0 2 11 12 16 2 0 2 11 0 2 3 0 2 7 12 16 2 12 16 2 12 16 2 0 2 11 0 2 11 0 2 11 0 2 10 0 2 7 0 2 8 0 2 8 0 44.5736120939254761
0 2 7 5 30 3 12 16 2 1 2 3 0 2 7 5 31 3 0 2 11 0 2 3 17 18 2 0 2 3 0 2 3 0 2 7 1 2 3 0 2 7 0 2 7 16 31 2 0 2 7 16 6 2 16 30 2 0 2 7 16 6 2 0 2 7 1 2 7 5 30 3 0 2 7 5 31 3 0 2 7 1 2 7 5 30 3 1 2 4 1 2 3 0 2 7 1 2 7 0 2 7 0 2 7 1 2 11 0 2 7 1 2 7 0 2 7 0 2 7 0 41.2580387592315674
5 31 3 8 18 2 16 19 12 12 16 2 5 30 3 0 2 8 1 2 8 0 2 8 8 9 2 0 2 8 0 2 8 0 2 8 5 30 3 5 30 3 16 19 12 5 31 3 16 19 12 16 19 13 12 16 2 5 30 3 8 18 2 0 2 8 0 2 8 17 18 2 0 2 8 0 2 8 0 2 8 0 2 8 0 2 8 1 2 8 0 2 8 0 2 8 0 2 8 0 2 8 0 2 8 0 2 8 0 2 8 0 2 8 8 9 2 0 2 8 0.00133839941895136849 46.5582321882247925
16 6 2 0 2 11 5 31 3 0 2 11 0 2 8 0 2 8 16 6 2 5 30 3 12 16 2 17 9 2 13 6 3 16 19 11 0 2 8 0 2 7 0 2 7 0 2 8 5 31 3 0 2 7 5 30 3 0 2 12 0 2 8 0 2 8 16 19 11 0 2 7 0 2 12 5 30 3 0 2 11 5 30 3 0 2 8 12 16 2 0 2 8 0 2 8 0 2 8 0 2 8 0 2 11 0 2 11 0 2 8 5 30 3 0 2 8 0 2 8 1.0583897946200438e-05 44.865675687789917
0 2 3 5 31 3 12 16 2 1 2 3 0 2 7 5 31 3 0 2 3 0 2 7 17 18 2 0 2 7 0 2 7 0 2 7 0 2 7 0 2 7 0 2 7 16 6 2 0 2 7 16 6 2 16 6 2 0 2 7 16 6 2 1 2 7 0 2 13 1 2 7 0 2 8 0 2 3 1 2 8 0 2 3 5 31 3 0 2 7 0 2 3 1 2 11 0 2 8 5 30 3 1 2 8 0 2 8 1 2 7 8 9 2 8 9 2 1 2 7 0.00019047205089633336 42.1196079254150391
5 31 3 12 16 2 5 30 3 5 30 3 5 30 3 12 16 2 17 18 2 8 18 2 1 2 7 0 2 8 1 2 7 0 2 8 17 9 2 1 2 7 0 2 7 0 2 7 0 2 4 5 31 3 16 19 12 16 19 13 5 30 3 1 2 7 0 2 8 0 2 8 0 2 7 0 2 7 0 2 7 1 2 7 0 2 8 17 9 2 0 2 8 0 2 7 0 2 7 0 2 8 1 2 7 0 2 8 0 2 8 0 2 8 8 9 2 0 2 8 0.00458577304312958629 43.9481993913650513

Current Evaluation = 2700(2700)
Front Size = 10
12 16 2 1 2 7 13 6 3 0 2 7 17 9 2 0 2 7 0 2 4 13 6 3 0 2 7 5 30 3 1 2 7 0 2 7 0 2 7 0 2 7 1 2 7 0 2 7 1 2 4 0 2 7 1 2 7 5 30 3 0 2 7 5 31 3 12 16 2 17 18 2 5 30 3 1 2 7 0 2 7 0 2 7 0 2 4 0 2 7 1 2 7 1 2 7 0 2 7 1 2 7 0 2 7 17 9 2 17 9 2 0 2 7 1 2 7 0 2 7 0 40.3689725399017334
12 16 2 0 2 7 0 2 7 0 2 7 0 2 7 0 2 7 16 6 2 0 2 7 1 2 11 0 2 7 0 2 7 0 2 7 5 31 3 0 2 7 0 2 7 5 30 3 17 1 2 16 6 2 5 31 3 1 2 7 6 2 7 5 30 3 16 6 2 5 31 3 17 9 2 12 16 2 0 2 3 1 2 11 0 2 7 0 2 3 0 2 7 6 2 7 0 2 11 5 30 3 0 2 7 0 2 7 0 2 7 0 2 7 0 2 7 0 2 7 0 41.6831225156784058
12 16 2 0 2 7 1 2 3 12 16 2 0 2 7 1 2 7 5 30 3 6 2 3 5 31 3 0 2 7 0 2 7 0 2 7 0 2 3 16 6 2 5 30 3 17 18 2 0 2 4 0 2 4 0 2 3 0 2 7 8 9 2 0 2 3 0 2 3 12 16 2 1 2 7 0 2 7 0 2 7 0 2 7 1 2 7 5 30 3 1 2 7 0 2 7 1 2 11 0 2 3 1 2 7 13 6 3 16 6 2 1 2 7 0 2 7 17 18 2 0 41.3910775184631348
5 31 3 8 18 2 16 19 12 12 16 2 5 30 3 0 2 8 1 2 8 0 2 8 8 9 2 0 2 8 0 2 8 0 2 8 5 30 3 5 30 3 16 19 12 5 31 3 16 19 12 16 19 13 12 16 2 5 30 3 8 18 2 0 2 8 0 2 8 17 18 2 0 2 8 0 2 8 0 2 8 0 2 8 0 2 8 1 2 8 0 2 8 0 2 8 0 2 8 0 2 8 0 2 8 0 2 8 0 2 8 0 2 8 8 9 2 0 2 8 0.00133839941895136849 46.5582321882247925
12 16 2 0 2 7 1 2 7 0 2 7 6 2 11 5 30 3 0 2 7 0 2 7 6 2 7 0 2 7 0 2 7 0 2 7 1 2 7 0 2 11 5 30 3 5 31 3 17 18 2 5 30 3 8 9 2 13 6 3 6 2 11 17 9 2 0 2 7 1 2 11 0 2 7 0 2 11 16 6 2 1 2 11 5 30 3 0 2 7 0 2 11 1 2 11 0 2 7 0 2 11 5 30 3 17 9 2 12 16 2 0 2 11 0 2 7 0 2 7 0 42.0878947377204895
12 16 2 0 2 3 0 2 3 0 2 11 13 6 3 16 19 11 5 30 3 0 2 11 0 2 7 16 19 11 0 2 11 5 30 3 5 30 3 17 9 2 0 2 3 0 2 11 5 30 3 0 2 11 5 30 3 5 30 3 0 2 6 16 6 2 0 2 8 0 2 11 0 2 3 0 2 11 12 16 2 0 2 11 0 2 3 0 2 7 12 16 2 12 16 2 12 16 2 0 2 11 0 2 11 0 2 11 0 2 10 0 2 7 0 2 8 0 2 8 0 44.5736120939254761
12 16 2 0 2 7 0 2 7 13 6 3 16 19 11 5 30 3 0 2 7 0 2 7 5 30 3 0 2 7 5 30 3 16 6 2 1 2 7 1 2 3 0 2 3 0 2 3 12 16 2 12 16 2 12 16 2 0 2 7 0 2 3 0 2 3 16 19 11 0 2 7 0 2 3 0 2 3 1 2 3 5 30 3 0 2 3 0 2 7 0 2 7 0 2 3 0 2 7 6 2 7 0 2 3 0 2 7 16 30 2 1 2 3 5 31 3 0 2 3 0 42.7876145243644714
16 6 2 0 2 11 5 31 3 0 2 11 0 2 8 0 2 8 16 6 2 5 30 3 12 16 2 17 9 2 13 6 3 16 19 11 0 2 8 0 2 7 0 2 7 0 2 8 5 31 3 0 2 7 5 30 3 0 2 12 0 2 8 0 2 8 16 19 11 0 2 7 0 2 12 5 30 3 0 2 11 5 30 3 0 2 8 12 16 2 0 2 8 0 2 8 0 2 8 0 2 8 0 2 11 0 2 11 0 2 8 5 30 3 0 2 8 0 2 8 1.0583897946200438e-05 44.865675687789917
12 16 2 0 2 3 0 2 3 5 30 3 0 2 7 0 2 3 16 6 2 0 2 7 0 2 7 0 2 11 13 6 3 16 6 2 0 2 7 16 19 11 5 31 3 0 2 7 0 2 7 0 2 7 5 31 3 1 2 7 0 2 11 5 30 3 5 31 3 0 2 6 0 2 7 0 2 11 0 2 7 16 30 2 12 16 2 0 2 11 0 2 7 0 2 7 16 6 2 12 16 2 1 2 7 0 2 11 1 2 7 1 2 7 17 18 2 0 2 8 0.0397119394739605044 41.9320869445800781
0 2 7 5 31 3 12 16 2 1 2 7 0 2 3 5 31 3 0 2 7 0 2 7 17 18 2 0 2 7 1 2 7 0 2 7 0 2 7 5 31 3 0 2 3 16 6 2 0 2 7 16 6 2 5 31 3 1 2 7 0 2 7 0 2 7 0 2 7 1 2 7 5 30 3 1 2 7 1 2 7 16 6 2 0 2 7 0 2 7 0 2 3 1 2 7 0 2 7 0 2 7 0 2 7 0 2 7 1 2 7 16 30 2 0 2 7 6 2 7 0 40.8907877802848816

Current Evaluation = 3150(3150)
Front Size = 10
12 16 2 1 2 7 13 6 3 0 2 7 17 9 2 0 2 7 0 2 4 13 6 3 0 2 7 5 30 3 1 2 7 0 2 7 0 2 7 0 2 7 1 2 7 0 2 7 1 2 4 0 2 7 1 2 7 5 30 3 0 2 7 5 31 3 12 16 2 17 18 2 5 30 3 1 2 7 0 2 7 0 2 7 0 2 4 0 2 7 1 2 7 1 2 7 0 2 7 1 2 7 0 2 7 17 9 2 17 9 2 0 2 7 1 2 7 0 2 7 0 40.3689725399017334
5 31 3 12 16 2 0 2 4 12 16 2 0 2 7 0 2 11 1 2 4 1 2 7 0 2 7 1 2 7 1 2 4 0 2 4 0 2 7 8 18 2 1 2 4 0 2 7 1 2 3 0 2 7 0 2 4 17 18 2 5 31 3 0 2 7 0 2 7 1 2 7 0 2 7 5 30 3 0 2 7 1 2 7 0 2 7 1 2 11 0 2 7 16 6 2 17 18 2 1 2 7 0 2 7 17 18 2 0 2 7 1 2 3 0 2 4 1 2 7 0 41.0305488109588623
5 30 3 12 16 2 5 30 3 17 18 2 12 16 2 0 2 3 0 2 7 1 2 7 17 9 2 0 2 7 1 2 11 0 2 7 1 2 7 0 2 7 17 9 2 0 2 7 1 2 7 0 2 7 13 6 3 0 2 4 1 2 11 0 2 7 0 2 4 1 2 7 0 2 11 15 2 11 5 30 3 1 2 7 17 18 2 0 2 7 0 2 7 1 2 11 1 2 7 0 2 3 8 9 2 1 2 11 1 2 7 0 2 7 0 2 4 0 2 4 0 41.1811875104904175
12 16 2 0 2 3 0 2 3 0 2 11 13 6 3 16 19 11 5 30 3 0 2 11 0 2 7 16 19 11 0 2 11 5 30 3 5 30 3 17 9 2 0 2 3 0 2 11 5 30 3 0 2 11 5 30 3 5 30 3 0 2 6 16 6 2 0 2 8 0 2 11 0 2 3 0 2 11 12 16 2 0 2 11 0 2 3 0 2 7 12 16 2 12 16 2 12 16 2 0 2 11 0 2 11 0 2 11 0 2 10 0 2 7 0 2 8 0 2 8 0 44.5736120939254761
12 16 2 1 2 7 1 2 7 6 2 7 1 2 7 5 30 3 0 2 7 1 2 7 0 2 3 1 2 7 0 2 3 5 30 3 12 16 2 5 30 3 0 2 7 0 2 7 0 2 7 0 2 3 0 2 3 1 2 7 17 9 2 16 6 2 0 2 7 5 31 3 16 6 2 0 2 3 1 2 7 17 9 2 0 2 7 0 2 7 0 2 3 0 2 7 13 6 3 0 2 3 0 2 7 1 2 7 8 18 2 1 2 3 0 2 7 0 2 7 0 41.2131276726722717
12 16 2 0 2 7 0 2 7 0 2 10 6 2 7 1 2 7 1 2 3 5 30 3 0 2 7 5 31 3 12 16 2 0 2 7 0 2 7 1 2 7 1 2 7 1 2 11 16 6 2 5 31 3 0 2 7 1 2 4 0 2 7 0 2 7 0 2 7 0 2 7 0 2 7 0 2 7 16 30 2 12 16 2 0 2 7 5 31 3 5 30 3 0 2 7 0 2 7 0 2 7 6 2 7 17 18 2 0 2 7 0 2 7 8 9 2 16 6 2 0 41.4261466264724731
12 16 2 1 2 11 6 2 11 17 9 2 0 2 7 0 2 7 0 2 4 0 2 7 0 2 7 0 2 7 1 2 11 0 2 7 5 30 3 0 2 11 5 31 3 12 16 2 5 30 3 0 2 7 0 2 4 0 2 11 0 2 7 0 2 7 0 2 7 0 2 11 16 6 2 5 31 3 0 2 7 1 2 7 6 2 4 1 2 4 1 2 3 17 18 2 1 2 7 0 2 7 1 2 7 0 2 11 6 2 7 17 9 2 8 9 2 1 2 4 0 41.6586229801177979
12 16 2 1 2 7 0 2 7 5 31 3 5 31 3 0 2 3 0 2 7 5 30 3 0 2 7 5 30 3 16 6 2 0 2 7 0 2 7 13 6 3 1 2 7 12 16 2 0 2 7 0 2 7 0 2 7 0 2 7 0 2 7 0 2 3 0 2 7 0 2 3 1 2 7 0 2 7 0 2 7 0 2 7 5 30 3 16 19 11 16 6 2 0 2 7 16 19 11 17 9 2 1 2 7 0 2 7 0 2 7 5 30 3 0 2 7 0 2 7 0 41.810023307800293
12 16 2 0 2 7 0 2 7 13 6 3 16 19 11 5 30 3 0 2 7 0 2 7 5 30 3 0 2 7 5 30 3 16 6 2 1 2 7 1 2 3 0 2 3 0 2 3 12 16 2 12 16 2 12 16 2 0 2 7 0 2 3 0 2 3 16 19 11 0 2 7 0 2 3 0 2 3 1 2 3 5 30 3 0 2 3 0 2 7 0 2 7 0 2 3 0 2 7 6 2 7 0 2 3 0 2 7 16 30 2 1 2 3 5 31 3 0 2 3 0 42.7876145243644714
12 16 2 17 9 2 1 2 7 0 2 7 0 2 7 0 2 7 0 2 7 0 2 7 0 2 7 5 31 3 1 2 7 12 16 2 16 6 2 0 2 7 0 2 7 1 2 7 1 2 7 0 2 7 5 30 3 0 2 7 1 2 7 8 18 2 0 2 7 0 2 7 0 2 11 17 9 2 1 2 11 0 2 7 1 2 7 0 2 7 1 2 11 16 6 2 5 31 3 6 2 11 5 30 3 1 2 7 0 2 7 0 2 7 8 18 2 0 2 7 0 41.327250599861145

Current Evaluation = 3600(3600)
Front Size = 10
12 16 2 1 2 7 13 6 3 0 2 7 17 9 2 0 2 7 0 2 4 13 6 3 0 2 7 5 30 3 1 2 7 0 2 7 0 2 7 0 2 7 1 2 7 0 2 7 1 2 4 0 2 7 1 2 7 5 30 3 0 2 7 5 31 3 12 16 2 17 18 2 5 30 3 1 2 7 0 2 7 0 2 7 0 2 4 0 2 7 1 2 7 1 2 7 0 2 7 1 2 7 0 2 7 17 9 2 17 9 2 0 2 7 1 2 7 0 2 7 0 40.3689725399017334
12 16 2 1 2 3 0 2 7 0 2 7 16 19 11 5 30 3 0 2 3 5 31 3 5 30 3 16 6 2 0 2 3 0 2 3 12 16 2 16 6 2 12 16 2 0 2 7 1 2 3 16 18 11 1 2 3 0 2 3 0 2 7 1 2 7 0 2 7 0 2 7 0 2 3 0 2 7 0 2 3 8 18 2 1 2 7 0 2 7 0 2 7 0 2 3 1 2 3 0 2 3 1 2 7 0 2 3 0 2 7 1 2 7 5 30 3 0 2 7 0 42.6174126267433167
5 31 3 16 6 2 5 31 3 12 16 2 0 2 7 0 2 7 0 2 7 16 6 2 0 2 7 0 2 7 1 2 7 0 2 7 0 2 7 0 2 7 0 2 7 17 18 2 5 31 3 0 2 7 1 2 7 1 2 4 1 2 7 0 2 7 0 2 7 0 2 7 8 18 2 1 2 7 0 2 7 0 2 7 5 31 3 16 6 2 1 2 7 0 2 7 17 9 2 0 2 7 1 2 7 0 2 7 0 2 7 1 2 7 1 2 7 1 2 7 0 40.625720739364624
12 16 2 1 2 11 6 2 11 17 9 2 0 2 7 0 2 7 0 2 4 0 2 7 0 2 7 0 2 7 1 2 11 0 2 7 5 30 3 0 2 11 5 31 3 12 16 2 5 30 3 0 2 7 0 2 4 0 2 11 0 2 7 0 2 7 0 2 7 0 2 11 16 6 2 5 31 3 0 2 7 1 2 7 6 2 4 1 2 4 1 2 3 17 18 2 1 2 7 0 2 7 1 2 7 0 2 11 6 2 7 17 9 2 8 9 2 1 2 4 0 41.6586229801177979
5 30 3 12 16 2 5 30 3 17 18 2 12 16 2 0 2 3 0 2 7 1 2 7 17 9 2 0 2 7 1 2 11 0 2 7 1 2 7 0 2 7 17 9 2 0 2 7 1 2 7 0 2 7 13 6 3 0 2 4 1 2 11 0 2 7 0 2 4 1 2 7 0 2 11 15 2 11 5 30 3 1 2 7 17 18 2 0 2 7 0 2 7 1 2 11 1 2 7 0 2 3 8 9 2 1 2 11 1 2 7 0 2 7 0 2 4 0 2 4 0 41.1811875104904175
12 16 2 0 2 7 0 2 7 1 2 7 2 3 3 16 18 11 1 2 7 5 31 3 1 2 7 16 6 2 0 2 7 1 2 7 12 16 2 12 16 2 12 16 2 1 2 7 0 2 7 8 18 2 0 2 7 5 31 3 17 9 2 0 2 3 0 2 7 6 2 7 5 30 3 0 2 7 6 2 7 0 2 7 6 2 7 0 2 7 9 2 7 0 2 7 0 2 7 12 16 2 0 2 7 0 2 7 16 6 2 0 2 7 0 2 7 5 31 3 0 42.0053266286849976
5 31 3 12 16 2 1 2 4 0 2 7 0 2 7 1 2 7 1 2 7 1 2 7 0 2 4 17 18 2 1 2 7 1 2 7 0 2 3 0 2 7 17 18 2 5 31 3 1 2 7 0 2 7 0 2 4 0 2 7 1 2 7 0 2 7 1 2 7 0 2 4 1 2 4 0 2 7 0 2 7 12 16 2 1 2 4 0 2 7 1 2 7 0 2 4 0 2 7 5 30 3 0 2 7 16 31 2 17 18 2 1 2 7 0 2 4 0 2 7 0 40.6524457931518555
12 16 2 0 2 3 0 2 3 0 2 11 13 6 3 16 19 11 5 30 3 0 2 11 0 2 7 16 19 11 0 2 11 5 30 3 5 30 3 17 9 2 0 2 3 0 2 11 5 30 3 0 2 11 5 30 3 5 30 3 0 2 6 16 6 2 0 2 8 0 2 11 0 2 3 0 2 11 12 16 2 0 2 11 0 2 3 0 2 7 12 16 2 12 16 2 12 16 2 0 2 11 0 2 11 0 2 11 0 2 10 0 2 7 0 2 8 0 2 8 0 44.5736120939254761
12 16 2 0 2 7 0 2 7 0 2 10 6 2 7 1 2 7 1 2 3 5 30 3 0 2 7 5 31 3 12 16 2 0 2 7 0 2 7 1 2 7 1 2 7 1 2 11 16 6 2 5 31 3 0 2 7 1 2 4 0 2 7 0 2 7 0 2 7 0 2 7 0 2 7 0 2 7 16 30 2 12 16 2 0 2 7 5 31 3 5 30 3 0 2 7 0 2 7 0 2 7 6 2 7 17 18 2 0 2 7 0 2 7 8 9 2 16 6 2 0 41.4261466264724731
12 16 2 0 2 7 13 6 3 0 2 3 8 9 2 0 2 7 0 2 7 5 31 3 0 2 7 1 2 7 0 2 7 0 2 4 1 2 7 1 2 7 1 2 7 0 2 7 16 6 2 1 2 7 5 30 3 12 16 2 1 2 7 0 2 7 1 2 7 0 2 7 0 2 4 0 2 7 0 2 3 0 2 7 1 2 7 17 18 2 16 30 2 0 2 7 12 16 2 5 31 3 0 2 7 1 2 7 0 2 7 17 9 2 12 16 2 1 2 7 0 40.766689658164978

Current Evaluation = 4050(4050)
Front Size = 10
12 16 2 1 2 7 13 6 3 0 2 7 17 9 2 0 2 7 0 2 4 13 6 3 0 2 7 5 30 3 1 2 7 0 2 7 0 2 7 0 2 7 1 2 7 0 2 7 1 2 4 0 2 7 1 2 7 5 30 3 0 2 7 5 31 3 12 16 2 17 18 2 5 30 3 1 2 7 0 2 7 0 2 7 0 2 4 0 2 7 1 2 7 1 2 7 0 2 7 1 2 7 0 2 7 17 9 2 17 9 2 0 2 7 1 2 7 0 2 7 0 40.3689725399017334
5 30 3 12 16 2 17 18 2 12 16 2 1 2 7 0 2 7 0 2 4 1 2 7 0 2 7 1 2 7 1 2 7 5 31 3 0 2 4 0 2 4 0 2 7 0 2 11 5 30 3 0 2 7 0 2 7 0 2 7 0 2 3 1 2 7 1 2 7 0 2 7 1 2 7 1 2 7 16 30 2 8 9 2 0 2 11 0 2 4 13 6 3 1 2 7 0 2 3 1 2 7 1 2 7 17 18 2 0 2 3 17 18 2 0 2 7 12 16 2 0 40.911051869392395
5 31 3 17 18 2 1 2 4 0 2 7 1 2 7 1 2 7 1 2 7 0 2 7 17 18 2 0 2 7 5 30 3 0 2 7 0 2 7 0 2 7 0 2 7 0 2 7 12 16 2 6 2 4 16 6 2 0 2 7 1 2 7 1 2 7 0 2 7 1 2 7 1 2 3 0 2 7 1 2 7 5 31 3 16 31 2 0 2 7 0 2 7 0 2 4 5 31 3 0 2 7 16 6 2 0 2 7 0 2 7 0 2 7 0 2 7 1 2 7 0 40.502831757068634
5 31 3 12 16 2 1 2 4 0 2 7 0 2 7 1 2 7 1 2 7 1 2 7 0 2 4 17 18 2 1 2 7 1 2 7 0 2 3 0 2 7 17 18 2 5 31 3 1 2 7 0 2 7 0 2 4 0 2 7 1 2 7 0 2 7 1 2 7 0 2 4 1 2 4 0 2 7 0 2 7 12 16 2 1 2 4 0 2 7 1 2 7 0 2 4 0 2 7 5 30 3 0 2 7 16 31 2 17 18 2 1 2 7 0 2 4 0 2 7 0 40.6524457931518555
5 30 3 12 16 2 5 30 3 17 18 2 12 16 2 0 2 3 0 2 7 1 2 7 17 9 2 0 2 7 1 2 11 0 2 7 1 2 7 0 2 7 17 9 2 0 2 7 1 2 7 0 2 7 13 6 3 0 2 4 1 2 11 0 2 7 0 2 4 1 2 7 0 2 11 15 2 11 5 30 3 1 2 7 17 18 2 0 2 7 0 2 7 1 2 11 1 2 7 0 2 3 8 9 2 1 2 11 1 2 7 0 2 7 0 2 4 0 2 4 0 41.1811875104904175
12 16 2 0 2 7 1 2 7 12 16 2 1 2 7 0 2 7 0 2 7 17 18 2 0 2 7 0 2 7 0 2 7 0 2 7 5 30 3 0 2 7 5 31 3 0 2 7 6 2 7 5 31 3 16 6 2 8 18 2 0 2 7 0 2 7 1 2 4 0 2 7 0 2 7 12 16 2 12 16 2 1 2 7 0 2 7 13 6 3 5 30 3 5 30 3 17 9 2 0 2 7 6 2 7 16 19 11 0 2 7 1 2 7 0 2 7 0 2 7 0 41.5334444046020508
12 16 2 0 2 7 0 2 7 1 2 7 2 3 3 16 20 12 6 2 7 5 31 3 0 2 4 16 6 2 0 2 7 1 2 7 12 16 2 12 16 2 12 16 2 1 2 4 0 2 7 17 18 2 0 2 7 5 31 3 17 9 2 0 2 7 0 2 7 6 2 7 5 31 3 0 2 7 1 2 7 0 2 7 1 2 7 0 2 7 6 2 4 15 2 11 0 2 7 12 16 2 0 2 7 0 2 4 1 2 7 0 2 7 0 2 7 5 31 3 0 41.7329327464103699
12 16 2 0 2 3 5 31 3 0 2 7 12 16 2 0 2 7 1 2 3 0 2 7 1 2 7 0 2 7 1 2 4 6 2 7 16 6 2 16 6 2 5 31 3 1 2 7 8 9 2 0 2 7 17 18 2 0 2 7 0 2 4 5 30 3 16 9 11 0 2 7 1 2 7 0 2 3 0 2 7 1 2 7 5 30 3 0 2 3 1 2 11 1 2 7 12 16 2 0 2 7 0 2 3 0 2 7 0 2 3 0 2 7 0 2 3 0 2 7 0 41.9209736585617065
12 16 2 0 2 3 0 2 3 0 2 11 13 6 3 16 19 11 5 30 3 0 2 11 0 2 7 16 19 11 0 2 11 5 30 3 5 30 3 17 9 2 0 2 3 0 2 11 5 30 3 0 2 11 5 30 3 5 30 3 0 2 6 16 6 2 0 2 8 0 2 11 0 2 3 0 2 11 12 16 2 0 2 11 0 2 3 0 2 7 12 16 2 12 16 2 12 16 2 0 2 11 0 2 11 0 2 11 0 2 10 0 2 7 0 2 8 0 2 8 0 44.5736120939254761
12 16 2 0 2 3 5 30 3 0 2 7 12 16 2 0 2 7 0 2 7 0 2 3 1 2 7 13 6 3 16 19 11 1 2 4 0 2 7 1 2 4 0 2 7 5 30 3 0 2 4 0 2 3 0 2 11 5 30 3 0 2 11 1 2 4 5 30 3 1 2 7 16 6 2 0 2 8 17 18 2 0 2 3 0 2 11 0 2 7 0 2 3 12 16 2 5 31 3 12 16 2 0 2 11 0 2 11 0 2 7 0 2 10 17 18 2 16 31 2 0.0038259014083506771 42.4731888771057129

Current Evaluation = 4500(4500)
Front Size = 10
5 31 3 17 18 2 1 2 7 0 2 7 0 2 7 1 2 11 0 2 7 1 2 4 1 2 7 1 2 7 0 2 7 1 2 7 0 2 7 0 2 7 0 2 7 0 2 7 0 2 7 1 2 7 1 2 7 13 6 3 0 2 7 1 2 7 17 18 2 17 18 2 0 2 7 16 6 2 5 31 3 0 2 7 0 2 7 0 2 7 5 31 3 0 2 7 1 2 7 17 9 2 0 2 7 1 2 7 0 2 7 0 2 7 1 2 7 1 2 7 0 40.0670827627182007
12 16 2 0 2 7 0 2 3 0 2 11 13 6 3 16 19 11 5 31 3 0 2 7 0 2 3 0 2 7 5 30 3 5 30 3 0 2 7 0 2 11 5 30 3 0 2 7 16 6 2 1 2 3 0 2 7 12 16 2 0 2 7 0 2 7 12 16 2 12 16 2 0 2 11 0 2 7 16 19 11 0 2 3 5 30 3 5 30 3 0 2 7 0 2 3 0 2 7 0 2 7 0 2 11 0 2 7 0 2 3 0 2 11 16 6 2 0 2 7 0 43.1175495386123657
12 16 2 0 2 7 0 2 7 1 2 7 2 3 3 16 20 12 6 2 7 5 31 3 0 2 4 16 6 2 0 2 7 1 2 7 12 16 2 12 16 2 12 16 2 1 2 4 0 2 7 17 18 2 0 2 7 5 31 3 17 9 2 0 2 7 0 2 7 6 2 7 5 31 3 0 2 7 1 2 7 0 2 7 1 2 7 0 2 7 6 2 4 15 2 11 0 2 7 12 16 2 0 2 7 0 2 4 1 2 7 0 2 7 0 2 7 5 31 3 0 41.7329327464103699
12 16 2 0 2 3 0 2 3 0 2 11 13 6 3 16 19 11 5 30 3 0 2 11 0 2 7 16 19 11 0 2 11 5 30 3 5 30 3 17 9 2 0 2 3 0 2 11 5 30 3 0 2 11 5 30 3 5 30 3 0 2 6 16 6 2 0 2 8 0 2 11 0 2 3 0 2 11 12 16 2 0 2 11 0 2 3 0 2 7 12 16 2 12 16 2 12 16 2 0 2 11 0 2 11 0 2 11 0 2 10 0 2 7 0 2 8 0 2 8 0 44.5736120939254761
5 31 3 12 16 2 1 2 11 0 2 4 0 2 7 1 2 7 0 2 7 0 2 7 0 2 7 6 2 7 1 2 7 0 2 7 1 2 7 0 2 7 1 2 7 0 2 7 13 6 3 0 2 7 0 2 7 17 18 2 5 30 3 1 2 7 1 2 4 1 2 4 0 2 7 17 9 2 1 2 4 1 2 11 17 18 2 5 30 3 0 2 7 12 16 2 0 2 7 5 30 3 0 2 4 0 2 7 17 9 2 0 2 7 0 2 7 8 18 2 0 40.849357545375824
5 30 3 17 18 2 0 2 7 1 2 7 0 2 4 0 2 7 0 2 4 0 2 7 0 2 7 0 2 7 6 2 7 1 2 7 0 2 7 1 2 7 0 2 7 0 2 7 1 2 7 5 31 3 1 2 7 13 6 3 0 2 7 0 2 4 17 18 2 17 18 2 0 2 7 1 2 7 0 2 4 5 31 3 0 2 7 8 9 2 5 30 3 1 2 7 0 2 7 17 9 2 12 16 2 1 2 7 1 2 7 1 2 7 0 2 11 12 16 2 0 40.870036780834198
5 30 3 12 16 2 12 16 2 0 2 7 0 2 7 0 2 7 0 2 7 5 30 3 0 2 7 1 2 7 0 2 7 5 30 3 0 2 7 0 2 7 0 2 7 0 2 11 0 2 7 13 6 3 0 2 7 0 2 7 0 2 7 12 16 2 17 18 2 5 31 3 1 2 7 1 2 7 1 2 7 16 6 2 5 30 3 1 2 7 0 2 7 0 2 7 16 6 2 8 9 2 0 2 7 0 2 7 1 2 7 1 2 7 17 18 2 8 18 2 0 41.1397844552993774
5 31 3 12 16 2 12 16 2 1 2 3 0 2 7 15 2 11 0 2 3 5 30 3 1 2 7 0 2 7 0 2 3 16 15 2 6 2 4 6 2 7 0 2 7 1 2 7 0 2 7 13 6 3 0 2 7 0 2 7 0 2 7 12 16 2 0 2 7 1 2 3 16 18 11 0 2 7 0 2 4 6 2 7 0 2 7 0 2 3 1 2 7 0 2 7 17 18 2 17 9 2 0 2 3 0 2 7 12 16 2 5 30 3 5 30 3 0 2 7 0 41.8033626079559326
0 2 7 0 2 7 0 2 7 5 31 3 16 6 2 0 2 3 0 2 7 1 2 7 0 2 7 17 18 2 1 2 7 5 31 3 17 9 2 0 2 3 0 2 7 5 30 3 1 2 7 0 2 7 6 2 7 1 2 7 0 2 7 1 2 7 0 2 7 1 2 7 0 2 7 0 2 3 12 16 2 16 19 11 13 6 3 0 2 7 0 2 7 0 2 7 12 16 2 0 2 7 5 30 3 1 2 7 1 2 7 0 2 7 0 2 7 5 30 3 0 41.3871985077857971
5 31 3 0 2 7 1 2 7 0 2 4 0 2 7 5 30 3 1 2 7 1 2 7 0 2 7 16 30 2 0 2 7 1 2 7 1 2 7 0 2 7 1 2 7 0 2 3 0 2 7 0 2 7 0 2 7 0 2 7 12 16 2 0 2 7 0 2 3 0 2 7 0 2 7 17 18 2 17 9 2 6 2 7 5 31 3 0 2 4 1 2 4 12 16 2 0 2 7 16 18 11 1 2 7 5 31 3 0 2 7 12 16 2 1 2 7 0 2 4 0 41.4262617826461792

Current Evaluation = 4950(4950)
Front Size = 10
5 31 3 17 18 2 1 2 7 0 2 7 0 2 7 1 2 11 0 2 7 1 2 4 1 2 7 1 2 7 0 2 7 1 2 7 0 2 7 0 2 7 0 2 7 0 2 7 0 2 7 1 2 7 1 2 7 13 6 3 0 2 7 1 2 7 17 18 2 17 18 2 0 2 7 16 6 2 5 31 3 0 2 7 0 2 7 0 2 7 5 31 3 0 2 7 1 2 7 17 9 2 0 2 7 1 2 7 0 2 7 0 2 7 1 2 7 1 2 7 0 40.0670827627182007
12 16 2 12 16 2 0 2 7 0 2 7 5 30 3 1 2 7 0 2 4 1 2 7 0 2 7 0 2 4 13 6 3 1 2 4 1 2 4 0 2 4 12 16 2 1 2 7 0 2 7 1 2 7 0 2 7 0 2 7 0 2 7 17 18 2 0 2 7 5 30 3 5 30 3 1 2 7 0 2 7 1 2 7 1 2 7 17 18 2 0 2 7 0 2 7 5 31 3 17 18 2 17 18 2 0 2 7 0 2 7 13 6 3 0 2 7 1 2 7 0 40.4767705202102661
12 16 2 0 2 3 0 2 3 0 2 11 13 6 3 16 19 11 5 30 3 0 2 11 0 2 7 16 19 11 0 2 11 5 30 3 5 30 3 17 9 2 0 2 3 0 2 11 5 30 3 0 2 11 5 30 3 5 30 3 0 2 6 16 6 2 0 2 8 0 2 11 0 2 3 0 2 11 12 16 2 0 2 11 0 2 3 0 2 7 12 16 2 12 16 2 12 16 2 0 2 11 0 2 11 0 2 11 0 2 10 0 2 7 0 2 8 0 2 8 0 44.5736120939254761
1 2 7 17 18 2 1 2 7 0 2 10 0 2 3 0 2 7 0 2 7 0 2 10 0 2 3 1 2 7 0 2 7 0 2 7 0 2 7 1 2 4 1 2 7 1 2 3 17 18 2 1 2 4 17 18 2 0 2 7 16 30 2 5 30 3 0 2 7 1 2 4 6 2 3 5 31 3 0 2 7 0 2 3 1 2 7 1 2 7 0 2 7 0 2 4 1 2 10 12 16 2 5 30 3 5 31 3 0 2 7 0 2 4 0 2 7 0 2 7 0 41.2638568878173828
12 16 2 1 2 3 0 2 7 1 2 7 5 30 3 1 2 7 0 2 7 17 18 2 0 2 3 1 2 7 0 2 7 8 18 2 0 2 7 0 2 4 1 2 7 0 2 7 1 2 7 0 2 3 1 2 7 0 2 7 17 18 2 1 2 7 5 31 3 0 2 7 0 2 7 0 2 7 1 2 3 0 2 7 1 2 7 0 2 7 1 2 7 5 30 3 0 2 11 0 2 7 13 6 3 12 16 2 16 30 2 0 2 7 17 9 2 1 2 7 0 40.7531018257141113
0 2 7 17 18 2 0 2 7 1 2 4 0 2 3 15 2 11 1 2 7 0 2 7 1 2 3 16 6 2 1 2 7 8 9 2 0 2 7 17 9 2 0 2 7 5 30 3 0 2 4 0 2 7 0 2 7 0 2 7 0 2 7 12 16 2 5 30 3 0 2 4 1 2 3 0 2 7 1 2 7 1 2 7 0 2 7 1 2 3 5 31 3 1 2 4 0 2 7 17 18 2 0 2 4 0 2 4 0 2 4 12 16 2 1 2 7 1 2 7 0 41.0818667411804199
5 31 3 17 18 2 1 2 4 6 2 3 0 2 7 0 2 4 1 2 7 0 2 7 1 2 7 0 2 7 1 2 7 0 2 7 0 2 7 0 2 7 16 6 2 0 2 7 0 2 3 1 2 7 0 2 7 1 2 7 0 2 7 16 6 2 5 31 3 0 2 7 0 2 7 0 2 7 5 31 3 0 2 7 17 9 2 0 2 7 0 2 7 1 2 7 0 2 7 16 6 2 12 16 2 1 2 7 0 2 7 1 2 4 5 31 3 6 2 7 0 40.6145017743110657
5 31 3 12 16 2 12 16 2 1 2 3 0 2 7 15 2 11 0 2 3 5 30 3 1 2 7 0 2 7 0 2 3 16 15 2 6 2 4 6 2 7 0 2 7 1 2 7 0 2 7 13 6 3 0 2 7 0 2 7 0 2 7 12 16 2 0 2 7 1 2 3 16 18 11 0 2 7 0 2 4 6 2 7 0 2 7 0 2 3 1 2 7 0 2 7 17 18 2 17 9 2 0 2 3 0 2 7 12 16 2 5 30 3 5 30 3 0 2 7 0 41.8033626079559326
12 16 2 0 2 4 1 2 7 0 2 7 0 2 7 17 18 2 1 2 11 0 2 7 0 2 7 0 2 11 1 2 7 0 2 7 1 2 7 0 2 7 5 31 3 0 2 7 0 2 7 0 2 7 0 2 7 0 2 11 0 2 7 12 16 2 0 2 7 17 9 2 5 31 3 12 16 2 1 2 4 8 18 2 16 6 2 0 2 7 8 18 2 1 2 7 0 2 7 1 2 7 1 2 7 5 30 3 1 2 7 0 2 4 16 6 2 1 2 7 0 41.1485127210617065
0 2 7 0 2 7 13 6 3 5 30 3 1 2 7 1 2 4 0 2 7 0 2 7 5 30 3 0 2 11 12 16 2 0 2 7 0 2 7 0 2 7 0 2 7 0 2 4 1 2 7 0 2 7 0 2 7 17 18 2 0 2 7 5 30 3 17 18 2 8 9 2 5 31 3 1 2 11 0 2 7 1 2 4 1 2 4 17 18 2 0 2 7 1 2 7 6 2 7 12 16 2 0 2 7 17 9 2 1 2 4 0 2 7 1 2 7 1 2 7 0 40.8493576645851135

Current Evaluation = 5400(5400)
Front Size = 10
5 31 3 17 18 2 1 2 7 0 2 7 0 2 7 1 2 11 0 2 7 1 2 4 1 2 7 1 2 7 0 2 7 1 2 7 0 2 7 0 2 7 0 2 7 0 2 7 0 2 7 1 2 7 1 2 7 13 6 3 0 2 7 1 2 7 17 18 2 17 18 2 0 2 7 16 6 2 5 31 3 0 2 7 0 2 7 0 2 7 5 31 3 0 2 7 1 2 7 17 9 2 0 2 7 1 2 7 0 2 7 0 2 7 1 2 7 1 2 7 0 40.0670827627182007
5 30 3 1 2 4 0 2 7 6 2 3 0 2 7 1 2 7 1 2 7 1 2 7 0 2 4 0 2 4 0 2 7 0 2 7 5 30 3 1 2 7 5 30 3 1 2 11 0 2 7 0 2 7 1 2 11 0 2 7 12 16 2 5 30 3 0 2 7 0 2 7 0 2 11 13 6 3 17 9 2 1 2 7 0 2 7 0 2 7 0 2 7 0 2 7 17 18 2 16 31 2 8 9 2 17 9 2 12 16 2 1 2 3 12 16 2 0 2 4 0 41.148139476776123
0 2 7 0 2 7 5 30 3 1 2 3 1 2 4 0 2 7 5 31 3 12 16 2 0 2 7 0 2 7 1 2 7 1 2 7 0 2 7 0 2 3 17 18 2 1 2 7 17 18 2 0 2 7 0 2 7 12 16 2 1 2 4 0 2 7 13 6 3 0 2 7 5 30 3 0 2 7 0 2 7 1 2 3 0 2 7 0 2 7 1 2 7 13 6 3 6 2 4 1 2 7 17 18 2 1 2 7 17 9 2 12 16 2 1 2 4 0 2 7 0 40.4413166642189026
5 31 3 12 16 2 12 16 2 1 2 3 0 2 7 15 2 11 0 2 3 5 30 3 1 2 7 0 2 7 0 2 3 16 15 2 6 2 4 6 2 7 0 2 7 1 2 7 0 2 7 13 6 3 0 2 7 0 2 7 0 2 7 12 16 2 0 2 7 1 2 3 16 18 11 0 2 7 0 2 4 6 2 7 0 2 7 0 2 3 1 2 7 0 2 7 17 18 2 17 9 2 0 2 3 0 2 7 12 16 2 5 30 3 5 30 3 0 2 7 0 41.8033626079559326
5 31 3 17 18 2 0 2 7 0 2 7 1 2 7 0 2 7 1 2 7 0 2 7 1 2 7 0 2 7 0 2 7 0 2 7 1 2 7 0 2 7 1 2 7 0 2 7 1 2 7 0 2 7 6 2 7 0 2 7 0 2 7 0 2 7 17 9 2 1 2 7 0 2 7 1 2 4 12 16 2 1 2 7 1 2 7 0 2 4 13 6 3 5 30 3 5 31 3 12 16 2 12 16 2 13 6 3 1 2 7 17 18 2 17 18 2 0 2 7 0 40.2815956473350525
1 2 7 17 18 2 1 2 7 0 2 10 0 2 3 0 2 7 0 2 7 0 2 10 0 2 3 1 2 7 0 2 7 0 2 7 0 2 7 1 2 4 1 2 7 1 2 3 17 18 2 1 2 4 17 18 2 0 2 7 16 30 2 5 30 3 0 2 7 1 2 4 6 2 3 5 31 3 0 2 7 0 2 3 1 2 7 1 2 7 0 2 7 0 2 4 1 2 10 12 16 2 5 30 3 5 31 3 0 2 7 0 2 4 0 2 7 0 2 7 0 41.2638568878173828
12 16 2 0 2 7 5 30 3 0 2 3 0 2 7 1 2 7 0 2 3 5 30 3 13 6 3 12 16 2 5 30 3 1 2 4 5 30 3 1 2 7 0 2 3 0 2 7 16 6 2 0 2 3 0 2 7 12 16 2 17 18 2 0 2 7 0 2 3 0 2 3 0 2 7 1 2 7 5 30 3 0 2 3 1 2 7 0 2 7 0 2 7 0 2 7 0 2 7 0 2 4 0 2 3 1 2 7 0 2 7 0 2 3 16 31 2 16 19 11 0 41.9909124374389648
5 31 3 17 18 2 1 2 4 6 2 3 0 2 7 0 2 4 1 2 7 0 2 7 1 2 7 0 2 7 1 2 7 0 2 7 0 2 7 0 2 7 16 6 2 0 2 7 0 2 3 1 2 7 0 2 7 1 2 7 0 2 7 16 6 2 5 31 3 0 2 7 0 2 7 0 2 7 5 31 3 0 2 7 17 9 2 0 2 7 0 2 7 1 2 7 0 2 7 16 6 2 12 16 2 1 2 7 0 2 7 1 2 4 5 31 3 6 2 7 0 40.6145017743110657
8 9 2 1 2 7 0 2 7 0 2 7 6 2 7 0 2 7 0 2 7 0 2 7 1 2 7 1 2 7 0 2 7 0 2 7 16 6 2 1 2 7 0 2 7 0 2 7 0 2 7 0 2 7 0 2 4 0 2 7 0 2 7 12 16 2 5 31 3 1 2 7 12 16 2 5 30 3 16 19 11 0 2 7 5 31 3 17 9 2 0 2 7 12 16 2 0 2 7 1 2 7 17 18 2 0 2 7 0 2 7 5 30 3 5 30 3 15 2 11 0 41.8517894148826599
12 16 2 0 2 7 1 2 3 5 30 3 1 2 11 0 2 7 17 18 2 0 2 7 0 2 3 0 2 7 0 2 7 1 2 7 0 2 7 1 2 7 0 2 7 17 18 2 5 31 3 0 2 7 0 2 4 0 2 3 0 2 7 0 2 7 5 30 3 0 2 7 0 2 7 13 6 3 12 16 2 1 2 7 17 9 2 1 2 7 0 2 7 8 9 2 0 2 7 1 2 3 1 2 7 1 2 7 1 2 7 1 2 7 16 30 2 1 2 7 0 40.7531017065048218

Current Evaluation = 5850(5850)
Front Size = 10
5 31 3 17 18 2 1 2 7 0 2 7 0 2 7 1 2 11 0 2 7 1 2 4 1 2 7 1 2 7 0 2 7 1 2 7 0 2 7 0 2 7 0 2 7 0 2 7 0 2 7 1 2 7 1 2 7 13 6 3 0 2 7 1 2 7 17 18 2 17 18 2 0 2 7 16 6 2 5 31 3 0 2 7 0 2 7 0 2 7 5 31 3 0 2 7 1 2 7 17 9 2 0 2 7 1 2 7 0 2 7 0 2 7 1 2 7 1 2 7 0 40.0670827627182007
5 31 3 12 16 2 12 16 2 1 2 3 0 2 7 15 2 11 0 2 3 5 30 3 1 2 7 0 2 7 0 2 3 16 15 2 6 2 4 6 2 7 0 2 7 1 2 7 0 2 7 13 6 3 0 2 7 0 2 7 0 2 7 12 16 2 0 2 7 1 2 3 16 18 11 0 2 7 0 2 4 6 2 7 0 2 7 0 2 3 1 2 7 0 2 7 17 18 2 17 9 2 0 2 3 0 2 7 12 16 2 5 30 3 5 30 3 0 2 7 0 41.8033626079559326
5 30 3 17 18 2 0 2 7 0 2 7 13 6 3 1 2 7 1 2 7 1 2 7 0 2 7 1 2 7 1 2 4 1 2 7 0 2 4 0 2 7 0 2 7 0 2 7 0 2 7 1 2 7 5 30 3 0 2 3 0 2 7 0 2 7 1 2 7 17 9 2 0 2 7 0 2 7 1 2 7 5 31 3 17 18 2 17 18 2 0 2 7 1 2 4 0 2 7 0 2 7 1 2 4 0 2 7 16 6 2 5 31 3 0 2 4 1 2 7 0 40.148398756980896
5 30 3 1 2 4 0 2 7 6 2 3 0 2 7 1 2 7 1 2 7 1 2 7 0 2 4 0 2 4 0 2 7 0 2 7 5 30 3 1 2 7 5 30 3 1 2 11 0 2 7 0 2 7 1 2 11 0 2 7 12 16 2 5 30 3 0 2 7 0 2 7 0 2 11 13 6 3 17 9 2 1 2 7 0 2 7 0 2 7 0 2 7 0 2 7 17 18 2 16 31 2 8 9 2 17 9 2 12 16 2 1 2 3 12 16 2 0 2 4 0 41.148139476776123
5 31 3 17 18 2 0 2 7 0 2 7 13 6 3 1 2 7 1 2 7 1 2 7 0 2 7 1 2 7 0 2 7 1 2 7 0 2 7 0 2 7 0 2 7 0 2 4 0 2 7 1 2 7 5 30 3 0 2 7 0 2 7 0 2 7 1 2 7 17 9 2 0 2 7 0 2 7 1 2 7 5 31 3 17 18 2 17 18 2 0 2 7 1 2 7 0 2 7 1 2 7 13 6 3 12 16 2 12 16 2 12 16 2 6 2 7 1 2 4 0 40.2815956473350525
0 2 7 0 2 7 5 30 3 1 2 7 1 2 7 0 2 7 12 16 2 0 2 7 0 2 7 1 2 7 1 2 7 0 2 10 17 18 2 0 2 7 0 2 4 0 2 4 12 16 2 0 2 7 13 6 3 0 2 7 5 30 3 0 2 4 0 2 4 0 2 11 1 2 4 1 2 4 15 2 11 12 16 2 5 31 3 0 2 7 17 9 2 1 2 7 1 2 7 6 2 4 17 9 2 1 2 7 17 18 2 1 2 3 0 2 4 0 2 7 0 40.8279047608375549
5 31 3 17 18 2 1 2 4 6 2 3 0 2 7 0 2 4 1 2 7 0 2 7 1 2 7 0 2 7 1 2 7 0 2 7 0 2 7 0 2 7 16 6 2 0 2 7 0 2 3 1 2 7 0 2 7 1 2 7 0 2 7 16 6 2 5 31 3 0 2 7 0 2 7 0 2 7 5 31 3 0 2 7 17 9 2 0 2 7 0 2 7 1 2 7 0 2 7 16 6 2 12 16 2 1 2 7 0 2 7 1 2 4 5 31 3 6 2 7 0 40.6145017743110657
5 31 3 17 18 2 0 2 7 0 2 7 5 30 3 0 2 7 0 2 7 0 2 7 0 2 7 0 2 7 1 2 7 1 2 7 0 2 7 16 6 2 0 2 7 0 2 7 0 2 7 5 30 3 1 2 7 0 2 7 17 9 2 0 2 7 1 2 7 0 2 7 0 2 7 0 2 7 0 2 7 5 30 3 1 2 7 0 2 7 0 2 7 1 2 7 0 2 7 5 31 3 0 2 7 0 2 7 16 6 2 17 1 2 5 31 3 6 2 11 0 41.0747206211090088
0 2 7 0 2 7 5 30 3 1 2 3 1 2 4 0 2 7 5 31 3 12 16 2 0 2 7 0 2 7 1 2 7 1 2 7 0 2 7 0 2 3 17 18 2 1 2 7 17 18 2 0 2 7 0 2 7 12 16 2 1 2 4 0 2 7 13 6 3 0 2 7 5 30 3 0 2 7 0 2 7 1 2 3 0 2 7 0 2 7 1 2 7 13 6 3 6 2 4 1 2 7 17 18 2 1 2 7 17 9 2 12 16 2 1 2 4 0 2 7 0 40.4413166642189026
0 2 7 0 2 7 5 31 3 0 2 7 0 2 7 0 2 7 0 2 7 0 2 7 1 2 7 1 2 7 1 2 7 1 2 7 13 6 3 0 2 7 5 30 3 1 2 7 0 2 7 5 30 3 0 2 7 17 9 2 1 2 7 1 2 7 1 2 7 0 2 7 1 2 7 0 2 7 0 2 7 0 2 3 0 2 7 0 2 7 17 18 2 12 16 2 17 1 2 12 16 2 12 16 2 17 9 2 8 9 2 1 2 7 0 2 7 1 2 7 0 40.6887235641479492

Current Evaluation = 6300(6300)
Front Size = 10
17 18 2 0 2 7 0 2 7 13 6 3 0 2 7 0 2 7 1 2 7 0 2 7 1 2 7 1 2 7 1 2 7 0 2 7 1 2 7 1 2 7 0 2 7 0 2 7 0 2 4 0 2 7 0 2 7 17 9 2 0 2 7 1 2 11 1 2 7 5 31 3 17 18 2 17 18 2 0 2 7 0 2 7 0 2 7 1 2 7 16 6 2 5 31 3 1 2 7 0 2 7 1 2 7 5 31 3 0 2 7 1 2 7 1 2 7 0 2 7 0 40.0670827627182007
5 31 3 12 16 2 12 16 2 1 2 3 0 2 7 15 2 11 0 2 3 5 30 3 1 2 7 0 2 7 0 2 3 16 15 2 6 2 4 6 2 7 0 2 7 1 2 7 0 2 7 13 6 3 0 2 7 0 2 7 0 2 7 12 16 2 0 2 7 1 2 3 16 18 11 0 2 7 0 2 4 6 2 7 0 2 7 0 2 3 1 2 7 0 2 7 17 18 2 17 9 2 0 2 3 0 2 7 12 16 2 5 30 3 5 30 3 0 2 7 0 41.8033626079559326
0 2 7 0 2 7 0 2 7 0 2 7 17 9 2 0 2 7 17 9 2 13 6 3 1 2 7 0 2 4 5 31 3 0 2 7 0 2 7 1 2 7 17 18 2 0 2 4 1 2 7 0 2 7 1 2 7 1 2 11 0 2 11 1 2 7 0 2 7 1 2 7 0 2 7 0 2 7 1 2 4 0 2 7 5 30 3 0 2 4 1 2 11 0 2 7 17 9 2 0 2 7 5 31 3 16 6 2 1 2 7 5 30 3 1 2 7 0 2 7 0 40.4377506971359253
0 2 7 0 2 7 5 30 3 1 2 3 1 2 4 0 2 7 5 31 3 12 16 2 0 2 7 0 2 7 1 2 7 1 2 7 0 2 7 0 2 3 17 18 2 1 2 7 17 18 2 0 2 7 0 2 7 12 16 2 1 2 4 0 2 7 13 6 3 0 2 7 5 30 3 0 2 7 0 2 7 1 2 3 0 2 7 0 2 7 1 2 7 13 6 3 6 2 4 1 2 7 17 18 2 1 2 7 17 9 2 12 16 2 1 2 4 0 2 7 0 40.4413166642189026
5 30 3 17 18 2 0 2 7 0 2 7 13 6 3 1 2 7 1 2 7 1 2 7 0 2 7 1 2 7 1 2 4 1 2 7 0 2 4 0 2 7 0 2 7 0 2 7 0 2 7 1 2 7 5 30 3 0 2 3 0 2 7 0 2 7 1 2 7 17 9 2 0 2 7 0 2 7 1 2 7 5 31 3 17 18 2 17 18 2 0 2 7 1 2 4 0 2 7 0 2 7 1 2 4 0 2 7 16 6 2 5 31 3 0 2 4 1 2 7 0 40.148398756980896
5 30 3 17 18 2 0 2 7 5 31 3 0 2 7 0 2 7 1 2 7 1 2 7 0 2 7 0 2 7 5 31 3 0 2 7 0 2 7 0 2 7 5 30 3 1 2 7 0 2 7 17 9 2 0 2 7 1 2 7 0 2 7 0 2 7 1 2 7 17 18 2 13 6 3 0 2 7 1 2 7 13 6 3 12 16 2 12 16 2 0 2 7 12 16 2 0 2 7 0 2 7 6 2 7 0 2 7 16 30 2 5 30 3 1 2 7 1 2 7 0 40.6753695607185364
0 2 4 0 2 7 0 2 7 1 2 7 17 9 2 0 2 7 13 6 3 1 2 7 0 2 7 5 31 3 0 2 7 0 2 7 0 2 7 17 18 2 1 2 7 0 2 7 5 31 3 1 2 7 0 2 4 1 2 7 0 2 7 0 2 7 0 2 7 5 30 3 0 2 7 1 2 7 5 30 3 1 2 7 0 2 7 6 2 7 17 18 2 0 2 7 1 2 7 0 2 7 1 2 7 0 2 7 1 2 7 17 9 2 1 2 7 1 2 7 0 40.3204837441444397
0 2 7 1 2 7 5 30 3 1 2 4 1 2 7 0 2 7 5 31 3 12 16 2 0 2 7 0 2 7 0 2 7 1 2 7 0 2 7 0 2 4 17 18 2 0 2 7 17 18 2 0 2 7 0 2 7 12 16 2 1 2 7 0 2 7 13 6 3 15 2 11 5 30 3 0 2 7 0 2 7 0 2 7 1 2 7 1 2 7 17 18 2 1 2 7 17 9 2 1 2 7 1 2 7 0 2 7 13 6 3 1 2 7 12 16 2 0 2 7 0 40.3558205366134644
0 2 7 0 2 7 5 30 3 1 2 7 6 2 3 0 2 4 0 2 7 0 2 4 1 2 4 1 2 4 17 18 2 0 2 7 0 2 7 0 2 4 0 2 4 13 6 3 0 2 7 5 30 3 1 2 7 1 2 7 5 31 3 0 2 7 17 9 2 0 2 7 1 2 7 1 2 7 17 18 2 0 2 4 12 16 2 1 2 7 12 16 2 1 2 7 0 2 7 17 18 2 15 2 11 0 2 7 1 2 7 0 2 3 1 2 7 0 2 7 0 40.5759546756744385
5 30 3 17 18 2 0 2 7 0 2 7 13 6 3 1 2 7 1 2 7 1 2 7 0 2 7 0 2 4 0 2 7 0 2 7 0 2 7 0 2 7 5 30 3 0 2 3 0 2 7 0 2 7 17 9 2 0 2 7 0 2 7 5 31 3 0 2 7 0 2 7 1 2 7 1 2 4 1 2 7 12 16 2 12 16 2 0 2 3 17 18 2 0 2 3 15 2 11 1 2 3 5 30 3 16 15 2 12 16 2 5 31 3 0 2 4 1 2 7 0.00261030048083797303 41.7301815748214722

Current Evaluation = 6750(6750)
Front Size = 10
0 2 7 0 2 7 0 2 7 0 2 7 17 9 2 0 2 7 17 9 2 13 6 3 0 2 7 1 2 7 5 31 3 1 2 11 0 2 7 1 2 4 17 18 2 0 2 7 1 2 7 0 2 7 1 2 7 1 2 7 0 2 7 0 2 7 0 2 7 0 2 7 0 2 7 0 2 7 1 2 7 0 2 7 5 31 3 1 2 7 1 2 7 1 2 7 17 9 2 0 2 7 5 31 3 16 6 2 1 2 7 1 2 7 1 2 7 0 2 7 0 40.0670827627182007
0 2 7 0 2 7 5 31 3 0 2 7 0 2 7 5 31 3 1 2 7 0 2 7 1 2 7 1 2 7 0 2 7 17 18 2 1 2 7 17 18 2 0 2 4 0 2 7 13 6 3 0 2 7 0 2 7 0 2 7 0 2 7 0 2 7 17 18 2 1 2 7 17 9 2 0 2 7 1 2 7 0 2 7 1 2 7 1 2 7 6 2 7 1 2 7 12 16 2 0 2 7 12 16 2 1 2 4 13 6 3 1 2 7 12 16 2 5 30 3 0 40.2815956473350525
0 2 7 0 2 7 0 2 7 1 2 7 17 9 2 5 31 3 0 2 7 0 2 7 0 2 7 17 18 2 1 2 7 0 2 4 1 2 7 1 2 4 0 2 7 0 2 7 0 2 7 0 2 7 0 2 4 1 2 7 1 2 7 0 2 7 1 2 7 1 2 7 5 30 3 17 18 2 1 2 11 13 6 3 0 2 7 0 2 4 0 2 4 5 30 3 1 2 7 0 2 7 8 9 2 1 2 7 12 16 2 17 9 2 1 2 4 12 16 2 0 40.4922696352005005
0 2 4 0 2 7 0 2 7 0 2 7 17 9 2 5 31 3 0 2 7 0 2 7 0 2 7 17 18 2 1 2 7 0 2 7 1 2 7 1 2 7 0 2 7 0 2 7 0 2 7 0 2 7 0 2 7 1 2 7 1 2 7 0 2 7 0 2 7 0 2 7 5 31 3 17 18 2 1 2 7 1 2 4 0 2 7 1 2 7 5 31 3 5 31 3 0 2 7 1 2 4 0 2 7 16 6 2 16 6 2 1 2 7 1 2 4 6 2 7 0 40.4036498665809631
5 31 3 12 16 2 12 16 2 1 2 3 0 2 7 15 2 11 0 2 3 5 30 3 1 2 7 0 2 7 0 2 3 16 15 2 6 2 4 6 2 7 0 2 7 1 2 7 0 2 7 13 6 3 0 2 7 0 2 7 0 2 7 12 16 2 0 2 7 1 2 3 16 18 11 0 2 7 0 2 4 6 2 7 0 2 7 0 2 3 1 2 7 0 2 7 17 18 2 17 9 2 0 2 3 0 2 7 12 16 2 5 30 3 5 30 3 0 2 7 0 41.8033626079559326
0 2 7 0 2 7 0 2 4 0 2 7 17 9 2 0 2 7 17 9 2 13 6 3 1 2 7 0 2 7 5 31 3 0 2 7 0 2 7 1 2 7 17 18 2 0 2 3 1 2 7 0 2 7 1 2 7 1 2 7 0 2 7 1 2 7 0 2 4 0 2 7 0 2 7 0 2 7 1 2 7 0 2 7 5 30 3 1 2 4 1 2 7 1 2 7 17 9 2 0 2 4 5 31 3 16 6 2 1 2 4 5 30 3 1 2 7 0 2 7 0 40.148398756980896
1 2 7 0 2 7 0 2 7 0 2 7 17 9 2 1 2 7 13 6 3 0 2 7 0 2 7 5 30 3 0 2 7 17 18 2 0 2 7 0 2 7 0 2 7 0 2 7 0 2 7 6 2 7 0 2 7 0 2 7 16 19 11 1 2 7 5 30 3 6 2 7 0 2 7 16 6 2 1 2 7 17 9 2 5 31 3 1 2 7 0 2 7 0 2 7 12 16 2 1 2 7 5 31 3 5 31 3 0 2 7 0 2 7 5 30 3 0 2 7 0 41.1746145486831665
0 2 4 0 2 7 0 2 7 1 2 7 17 9 2 0 2 7 13 6 3 1 2 7 0 2 7 5 31 3 0 2 7 0 2 7 0 2 7 17 18 2 1 2 7 0 2 7 5 31 3 1 2 7 0 2 4 1 2 7 0 2 7 0 2 7 0 2 7 5 30 3 0 2 7 1 2 7 5 30 3 1 2 7 0 2 7 6 2 7 17 18 2 0 2 7 1 2 7 0 2 7 1 2 7 0 2 7 1 2 7 17 9 2 1 2 7 1 2 7 0 40.3204837441444397
0 2 7 0 2 7 5 30 3 1 2 3 1 2 4 0 2 7 5 31 3 12 16 2 0 2 7 0 2 7 1 2 7 1 2 7 0 2 7 0 2 3 17 18 2 1 2 7 17 18 2 0 2 7 0 2 7 12 16 2 1 2 4 0 2 7 13 6 3 0 2 7 5 30 3 0 2 7 0 2 7 1 2 3 0 2 7 0 2 7 1 2 7 13 6 3 6 2 4 1 2 7 17 18 2 1 2 7 17 9 2 12 16 2 1 2 4 0 2 7 0 40.4413166642189026
0 2 7 0 2 7 0 2 7 1 2 7 17 9 2 5 31 3 0 2 7 0 2 7 0 2 7 17 18 2 1 2 7 0 2 4 1 2 7 0 2 7 0 2 7 0 2 7 0 2 7 0 2 4 1 2 7 1 2 7 0 2 7 1 2 7 1 2 7 5 30 3 17 18 2 13 6 3 0 2 4 5 30 3 1 2 7 0 2 7 1 2 4 17 9 2 6 2 7 1 2 7 0 2 4 0 2 7 0 2 7 1 2 7 5 31 3 12 16 2 0 40.4788337349891663

Current Evaluation = 7200(7200)
Front Size = 10
0 2 7 0 2 7 0 2 7 0 2 7 5 31 3 1 2 7 1 2 7 1 2 7 17 18 2 1 2 7 0 2 7 0 2 4 0 2 7 1 2 7 1 2 7 0 2 7 1 2 11 1 2 7 1 2 7 1 2 7 17 9 2 0 2 7 0 2 7 1 2 7 0 2 7 13 6 3 16 6 2 17 18 2 17 9 2 0 2 7 0 2 7 0 2 7 0 2 7 1 2 7 0 2 7 1 2 7 5 31 3 5 31 3 0 2 7 0 2 7 0 40.0670827627182007
0 2 7 0 2 7 0 2 4 0 2 7 17 9 2 0 2 7 17 9 2 13 6 3 1 2 7 0 2 7 5 31 3 0 2 7 0 2 7 1 2 7 17 18 2 0 2 3 1 2 7 0 2 7 1 2 7 1 2 7 0 2 7 1 2 7 0 2 4 0 2 7 0 2 7 0 2 7 1 2 7 0 2 7 5 30 3 1 2 4 1 2 7 1 2 7 17 9 2 0 2 4 5 31 3 16 6 2 1 2 4 5 30 3 1 2 7 0 2 7 0 40.148398756980896
0 2 4 0 2 7 0 2 7 0 2 4 5 31 3 0 2 7 5 31 3 1 2 7 1 2 4 1 2 7 17 18 2 0 2 7 0 2 7 0 2 7 0 2 7 1 2 7 1 2 7 0 2 7 1 2 7 1 2 4 1 2 7 0 2 7 0 2 7 17 9 2 0 2 7 0 2 7 1 2 7 0 2 7 5 30 3 5 30 3 13 6 3 16 6 2 17 18 2 1 2 3 17 9 2 1 2 4 0 2 7 0 2 7 0 2 7 1 2 7 0 40.148398756980896
5 31 3 12 16 2 12 16 2 1 2 3 0 2 7 15 2 11 0 2 3 5 30 3 1 2 7 0 2 7 0 2 3 16 15 2 6 2 4 6 2 7 0 2 7 1 2 7 0 2 7 13 6 3 0 2 7 0 2 7 0 2 7 12 16 2 0 2 7 1 2 3 16 18 11 0 2 7 0 2 4 6 2 7 0 2 7 0 2 3 1 2 7 0 2 7 17 18 2 17 9 2 0 2 3 0 2 7 12 16 2 5 30 3 5 30 3 0 2 7 0 41.8033626079559326
0 2 7 0 2 7 1 2 7 17 9 2 0 2 4 13 6 3 1 2 7 0 2 7 5 31 3 0 2 4 0 2 7 0 2 7 17 18 2 1 2 7 0 2 7 5 30 3 1 2 7 1 2 7 0 2 7 0 2 4 0 2 7 5 31 3 0 2 7 1 2 7 5 30 3 0 2 4 0 2 7 1 2 7 0 2 7 0 2 7 17 9 2 0 2 4 1 2 7 1 2 7 17 18 2 0 2 7 1 2 3 1 2 7 1 2 7 16 6 2 0 40.148398756980896
1 2 7 0 2 7 0 2 7 0 2 7 17 9 2 1 2 7 13 6 3 0 2 7 0 2 7 5 30 3 0 2 7 17 18 2 0 2 7 0 2 7 0 2 7 0 2 7 0 2 7 6 2 7 0 2 7 0 2 7 16 19 11 1 2 7 5 30 3 6 2 7 0 2 7 16 6 2 1 2 7 17 9 2 5 31 3 1 2 7 0 2 7 0 2 7 12 16 2 1 2 7 5 31 3 5 31 3 0 2 7 0 2 7 5 30 3 0 2 7 0 41.1746145486831665
0 2 7 0 2 7 5 30 3 1 2 3 1 2 4 0 2 7 5 31 3 12 16 2 0 2 7 0 2 7 1 2 7 1 2 7 0 2 7 0 2 3 17 18 2 1 2 7 17 18 2 0 2 7 0 2 7 12 16 2 1 2 4 0 2 7 13 6 3 0 2 7 5 30 3 0 2 7 0 2 7 1 2 3 0 2 7 0 2 7 1 2 7 13 6 3 6 2 4 1 2 7 17 18 2 1 2 7 17 9 2 12 16 2 1 2 4 0 2 7 0 40.4413166642189026
0 2 7 0 2 7 5 30 3 1 2 7 0 2 7 5 31 3 12 16 2 0 2 7 0 2 4 1 2 7 1 2 7 0 2 7 17 18 2 1 2 7 17 18 2 0 2 7 0 2 7 12 16 2 0 2 7 13 6 3 0 2 4 0 2 7 0 2 7 0 2 7 0 2 7 1 2 7 13 6 3 1 2 7 17 18 2 6 2 7 17 9 2 12 16 2 0 2 7 0 2 7 1 2 7 5 31 3 1 2 7 1 2 7 1 2 7 1 2 7 0 40.2815956473350525
0 2 4 0 2 7 0 2 7 0 2 7 17 9 2 5 31 3 0 2 7 0 2 7 0 2 7 17 18 2 1 2 7 0 2 7 1 2 7 1 2 7 0 2 7 0 2 7 0 2 7 0 2 7 0 2 7 1 2 7 1 2 7 0 2 7 0 2 7 0 2 7 5 31 3 17 18 2 1 2 7 1 2 4 0 2 7 1 2 7 5 31 3 5 31 3 0 2 7 1 2 4 0 2 7 16 6 2 16 6 2 1 2 7 1 2 4 6 2 7 0 40.4036498665809631
0 2 7 0 2 7 1 2 7 17 9 2 0 2 4 13 6 3 1 2 7 0 2 7 5 31 3 0 2 4 0 2 7 0 2 7 17 18 2 1 2 7 0 2 7 5 30 3 1 2 7 1 2 7 0 2 7 0 2 4 0 2 7 0 2 7 1 2 7 5 30 3 0 2 4 0 2 7 1 2 7 0 2 7 0 2 7 17 9 2 1 2 7 1 2 7 17 18 2 0 2 7 12 16 2 1 2 4 1 2 4 1 2 11 8 9 2 12 16 2 0 40.4922696352005005

Current Evaluation = 7650(7650)
Front Size = 10
0 2 7 0 2 4 1 2 7 17 9 2 0 2 7 13 6 3 0 2 7 0 2 7 0 2 7 1 2 7 0 2 7 17 18 2 1 2 7 0 2 7 1 2 7 0 2 7 0 2 7 1 2 7 0 2 7 0 2 7 5 31 3 1 2 7 1 2 7 0 2 7 1 2 7 0 2 7 1 2 7 17 18 2 1 2 7 1 2 7 0 2 7 1 2 11 0 2 7 5 31 3 5 31 3 16 6 2 17 18 2 0 2 7 0 2 7 1 2 7 0 40.0670827627182007
0 2 7 0 2 7 0 2 4 0 2 7 17 9 2 0 2 7 17 9 2 13 6 3 1 2 7 0 2 7 5 31 3 0 2 7 0 2 7 1 2 7 17 18 2 0 2 3 1 2 7 0 2 7 1 2 7 1 2 7 0 2 7 1 2 7 0 2 4 0 2 7 0 2 7 0 2 7 1 2 7 0 2 7 5 30 3 1 2 4 1 2 7 1 2 7 17 9 2 0 2 4 5 31 3 16 6 2 1 2 4 5 30 3 1 2 7 0 2 7 0 40.148398756980896
5 31 3 12 16 2 12 16 2 1 2 3 0 2 7 15 2 11 0 2 3 5 30 3 1 2 7 0 2 7 0 2 3 16 15 2 6 2 4 6 2 7 0 2 7 1 2 7 0 2 7 13 6 3 0 2 7 0 2 7 0 2 7 12 16 2 0 2 7 1 2 3 16 18 11 0 2 7 0 2 4 6 2 7 0 2 7 0 2 3 1 2 7 0 2 7 17 18 2 17 9 2 0 2 3 0 2 7 12 16 2 5 30 3 5 30 3 0 2 7 0 41.8033626079559326
0 2 7 0 2 7 5 30 3 1 2 7 0 2 7 5 31 3 0 2 7 0 2 4 1 2 7 1 2 7 0 2 7 17 18 2 1 2 7 17 18 2 0 2 7 0 2 7 0 2 7 13 6 3 0 2 4 0 2 7 0 2 7 0 2 7 0 2 7 1 2 7 1 2 7 17 9 2 0 2 7 0 2 7 1 2 7 5 31 3 1 2 7 1 2 7 1 2 7 1 2 7 0 2 7 0 2 4 16 24 2 1 2 7 5 30 3 17 9 2 0 40.1302337646484375
0 2 7 0 2 7 5 30 3 1 2 7 0 2 7 5 31 3 12 16 2 0 2 7 0 2 4 1 2 7 1 2 7 0 2 7 17 18 2 1 2 7 17 18 2 0 2 7 0 2 7 12 16 2 0 2 7 13 6 3 0 2 4 0 2 7 0 2 7 0 2 7 0 2 7 1 2 7 13 6 3 1 2 7 17 18 2 6 2 7 17 9 2 12 16 2 0 2 7 0 2 7 1 2 7 5 31 3 1 2 7 1 2 7 1 2 7 1 2 7 0 40.2815956473350525
0 2 7 0 2 7 5 30 3 0 2 7 5 31 3 0 2 7 1 2 7 1 2 7 0 2 4 0 2 4 17 18 2 1 2 7 17 18 2 0 2 7 0 2 7 0 2 7 13 6 3 0 2 7 5 30 3 0 2 7 0 2 3 0 2 7 0 2 7 1 2 7 1 2 7 1 2 7 17 9 2 1 2 4 1 2 7 5 30 3 12 16 2 0 2 7 12 16 2 1 2 7 0 2 7 13 6 3 1 2 7 17 18 2 0 2 7 1 2 7 0 40.3984205722808838
1 2 3 0 2 7 0 2 7 0 2 7 0 2 7 13 6 3 1 2 7 0 2 7 1 2 7 0 2 7 0 2 7 0 2 3 0 2 7 17 18 2 17 9 2 0 2 7 0 2 7 1 2 7 0 2 7 1 2 7 1 2 7 1 2 7 0 2 7 17 18 2 1 2 7 5 30 3 0 2 4 5 30 3 5 31 3 1 2 7 0 2 7 1 2 7 8 9 2 0 2 7 17 18 2 12 16 2 1 2 7 0 2 7 1 2 4 1 2 4 0 40.4343197345733643
0 2 7 0 2 7 5 30 3 1 2 3 1 2 4 0 2 7 5 31 3 12 16 2 0 2 7 0 2 7 1 2 7 1 2 7 0 2 7 0 2 3 17 18 2 1 2 7 17 18 2 0 2 7 0 2 7 12 16 2 1 2 4 0 2 7 13 6 3 0 2 7 5 30 3 0 2 7 0 2 7 1 2 3 0 2 7 0 2 7 1 2 7 13 6 3 6 2 4 1 2 7 17 18 2 1 2 7 17 9 2 12 16 2 1 2 4 0 2 7 0 40.4413166642189026
0 2 7 0 2 7 0 2 7 1 2 7 0 2 7 13 6 3 1 2 7 0 2 7 8 18 2 0 2 7 1 2 7 0 2 7 0 2 7 1 2 7 17 18 2 17 9 2 0 2 7 0 2 7 12 16 2 0 2 7 0 2 4 1 2 7 0 2 7 1 2 7 1 2 7 17 18 2 12 16 2 1 2 7 5 31 3 0 2 4 12 16 2 5 30 3 5 31 3 1 2 7 16 6 2 1 2 7 1 2 4 0 2 7 0 2 7 0 2 7 0 40.5675076246261597
0 2 7 0 2 7 0 2 7 0 2 7 5 31 3 1 2 7 1 2 7 0 2 7 17 18 2 1 2 7 0 2 7 0 2 3 0 2 3 1 2 7 1 2 3 0 2 7 1 2 7 1 2 7 17 9 2 0 2 3 0 2 7 0 2 7 13 6 3 16 6 2 17 18 2 0 2 7 0 2 3 0 2 3 0 2 7 0 2 7 5 31 3 1 2 7 1 2 7 12 16 2 0 2 7 1 2 7 5 30 3 1 2 7 6 2 7 1 2 7 0 40.713847815990448

Current Evaluation = 8100(8100)
Front Size = 10
0 2 7 1 2 7 17 9 2 0 2 7 13 6 3 0 2 7 0 2 7 0 2 7 1 2 7 0 2 7 17 18 2 1 2 11 0 2 7 1 2 7 0 2 7 0 2 7 1 2 7 1 2 7 0 2 7 5 31 3 1 2 7 1 2 7 0 2 7 1 2 7 0 2 7 0 2 7 17 18 2 1 2 7 1 2 7 0 2 7 1 2 7 0 2 7 5 31 3 5 31 3 16 6 2 0 2 7 0 2 7 0 2 7 17 9 2 1 2 4 0 40.0670827627182007
0 2 7 0 2 7 0 2 4 1 2 7 5 31 3 1 2 7 0 2 7 0 2 7 17 18 2 0 2 7 1 2 7 0 2 7 0 2 7 17 9 2 0 2 7 0 2 7 17 9 2 17 18 2 0 2 7 0 2 7 0 2 7 1 2 7 0 2 7 5 31 3 1 2 7 1 2 7 1 2 7 1 2 7 13 6 3 1 2 7 1 2 11 0 2 7 0 2 7 0 2 7 16 6 2 0 2 7 1 2 7 1 2 7 5 31 3 1 2 7 0 40.0670827627182007
0 2 7 1 2 4 5 30 3 1 2 7 0 2 7 5 31 3 12 16 2 0 2 7 0 2 3 1 2 7 1 2 7 0 2 7 0 2 7 17 18 2 1 2 7 17 18 2 0 2 4 0 2 7 12 16 2 0 2 7 13 6 3 0 2 7 0 2 4 0 2 3 0 2 7 13 6 3 0 2 7 1 2 7 17 9 2 12 16 2 1 2 4 1 2 7 5 30 3 0 2 7 0 2 7 1 2 7 1 2 7 17 18 2 1 2 7 0 2 4 0 40.4155756235122681
0 2 7 0 2 7 0 2 7 0 2 7 5 31 3 1 2 7 1 2 7 0 2 7 17 18 2 1 2 7 0 2 7 0 2 3 0 2 3 1 2 7 1 2 3 0 2 7 1 2 7 1 2 7 17 9 2 0 2 3 0 2 7 0 2 7 13 6 3 16 6 2 17 18 2 0 2 7 0 2 3 0 2 3 0 2 7 0 2 7 5 31 3 1 2 7 1 2 7 12 16 2 0 2 7 1 2 7 5 30 3 1 2 7 6 2 7 1 2 7 0 40.713847815990448
0 2 7 0 2 7 5 30 3 1 2 7 0 2 7 5 31 3 12 16 2 0 2 7 0 2 4 1 2 7 1 2 7 0 2 7 17 18 2 1 2 7 17 18 2 0 2 7 0 2 7 12 16 2 0 2 7 13 6 3 0 2 4 0 2 7 0 2 7 0 2 7 0 2 7 1 2 7 13 6 3 1 2 7 17 18 2 6 2 7 17 9 2 12 16 2 0 2 7 0 2 7 1 2 7 5 31 3 1 2 7 1 2 7 1 2 7 1 2 7 0 40.2815956473350525
0 2 4 0 2 7 1 2 7 0 2 7 5 31 3 1 2 7 1 2 7 0 2 7 17 18 2 0 2 7 1 2 7 0 2 7 1 2 7 17 9 2 0 2 7 0 2 7 17 9 2 17 18 2 0 2 7 0 2 11 1 2 7 5 31 3 0 2 7 1 2 7 1 2 7 0 2 7 0 2 7 0 2 7 13 6 3 1 2 7 1 2 7 1 2 7 1 2 7 5 31 3 1 2 7 16 6 2 0 2 7 0 2 7 0 2 7 0 2 7 0 40.0670828819274902
0 2 7 0 2 7 5 30 3 1 2 3 1 2 4 0 2 7 5 31 3 12 16 2 0 2 7 0 2 7 1 2 7 1 2 7 0 2 7 0 2 3 17 18 2 1 2 7 17 18 2 0 2 7 0 2 7 12 16 2 1 2 4 0 2 7 13 6 3 0 2 7 5 30 3 0 2 7 0 2 7 1 2 3 0 2 7 0 2 7 1 2 7 13 6 3 6 2 4 1 2 7 17 18 2 1 2 7 17 9 2 12 16 2 1 2 4 0 2 7 0 40.4413166642189026
6 2 7 0 2 7 5 30 3 1 2 11 5 30 3 0 2 7 0 2 7 0 2 7 1 2 7 17 18 2 0 2 7 1 2 7 0 2 7 0 2 7 16 19 11 0 2 7 5 30 3 1 2 7 1 2 7 0 2 7 1 2 7 17 18 2 5 30 3 12 16 2 6 2 7 12 16 2 0 2 7 0 2 7 17 18 2 0 2 4 0 2 8 0 2 11 0 2 7 5 31 3 0 2 7 13 6 3 0 2 7 8 18 2 0 2 4 1 2 7 0 41.5336565971374512
0 2 7 0 2 7 0 2 4 1 2 7 5 31 3 1 2 7 0 2 7 0 2 7 17 18 2 0 2 7 1 2 7 0 2 7 0 2 7 17 9 2 0 2 7 0 2 7 17 9 2 17 18 2 0 2 7 0 2 7 0 2 7 1 2 7 0 2 7 5 31 3 1 2 7 1 2 7 1 2 7 0 2 7 1 2 7 0 2 7 13 6 3 1 2 7 1 2 7 1 2 7 1 2 7 0 2 4 5 30 3 16 24 2 5 30 3 0 2 4 0 40.1302337646484375
0 2 4 0 2 7 1 2 7 0 2 7 5 31 3 1 2 7 1 2 7 0 2 7 17 18 2 6 2 4 0 2 7 1 2 7 1 2 7 1 2 4 0 2 7 17 9 2 0 2 7 0 2 7 17 9 2 17 18 2 0 2 7 1 2 4 0 2 7 5 30 3 1 2 4 0 2 4 12 16 2 1 2 7 0 2 4 5 31 3 0 2 7 1 2 7 1 2 7 0 2 3 0 2 7 0 2 7 0 2 7 13 6 3 1 2 7 12 16 2 0 40.425436794757843

Current Evaluation = 8550(8550)
Front Size = 10
0 2 7 1 2 11 17 9 2 0 2 7 13 6 3 0 2 7 0 2 7 0 2 7 1 2 7 0 2 7 17 18 2 1 2 7 0 2 7 1 2 7 0 2 7 0 2 7 1 2 7 1 2 7 0 2 7 5 31 3 1 2 7 1 2 7 0 2 7 1 2 7 17 18 2 1 2 7 5 31 3 1 2 7 0 2 7 1 2 7 0 2 7 1 2 4 5 31 3 17 18 2 0 2 7 0 2 7 0 2 7 0 2 7 16 6 2 0 2 7 0 40.0670827627182007
1 2 7 1 2 7 17 9 2 0 2 7 13 6 3 0 2 7 1 2 7 0 2 7 1 2 7 1 2 7 1 2 7 1 2 7 0 2 7 0 2 7 0 2 7 1 2 7 1 2 11 0 2 7 5 31 3 1 2 7 0 2 4 1 2 7 0 2 7 1 2 7 17 18 2 0 2 7 1 2 7 0 2 7 0 2 7 5 31 3 0 2 7 5 31 3 16 6 2 17 18 2 0 2 7 0 2 7 0 2 7 0 2 7 0 2 7 17 9 2 0 40.0670827627182007
1 2 7 1 2 7 5 30 3 1 2 7 0 2 7 0 2 7 0 2 7 17 18 2 1 2 3 17 18 2 0 2 7 0 2 3 0 2 3 13 6 3 0 2 7 0 2 7 0 2 3 0 2 7 1 2 7 1 2 3 17 9 2 0 2 7 1 2 4 1 2 7 0 2 7 6 2 3 5 30 3 0 2 3 5 30 3 0 2 7 0 2 7 12 16 2 1 2 7 12 16 2 12 16 2 0 2 4 17 1 2 0 2 7 8 18 2 1 2 7 0 41.1247376203536987
0 2 7 0 2 7 0 2 4 1 2 7 5 31 3 1 2 7 0 2 7 0 2 7 17 18 2 0 2 7 1 2 7 0 2 7 0 2 7 17 9 2 0 2 7 0 2 7 17 9 2 17 18 2 0 2 7 0 2 7 0 2 7 1 2 7 0 2 7 5 31 3 1 2 7 1 2 7 1 2 7 0 2 7 1 2 7 0 2 7 13 6 3 1 2 7 1 2 7 1 2 7 1 2 7 0 2 4 5 30 3 16 24 2 5 30 3 0 2 4 0 40.1302337646484375
0 2 7 0 2 7 5 30 3 0 2 7 0 2 7 5 31 3 12 16 2 1 2 7 0 2 7 1 2 7 1 2 4 0 2 7 0 2 7 17 18 2 1 2 7 17 18 2 0 2 7 0 2 7 12 16 2 1 2 7 0 2 7 13 6 3 0 2 7 5 31 3 6 2 7 0 2 7 1 2 7 13 6 3 0 2 7 17 18 2 0 2 7 17 9 2 12 16 2 1 2 7 0 2 7 0 2 7 1 2 4 1 2 7 1 2 7 1 2 7 0 40.2815956473350525
0 2 7 0 2 7 0 2 7 0 2 7 5 31 3 1 2 7 1 2 7 0 2 7 17 18 2 1 2 7 0 2 7 0 2 3 0 2 3 1 2 7 1 2 3 0 2 7 1 2 7 1 2 7 17 9 2 0 2 3 0 2 7 0 2 7 13 6 3 16 6 2 17 18 2 0 2 7 0 2 3 0 2 3 0 2 7 0 2 7 5 31 3 1 2 7 1 2 7 12 16 2 0 2 7 1 2 7 5 30 3 1 2 7 6 2 7 1 2 7 0 40.713847815990448
0 2 7 1 2 4 5 30 3 1 2 7 0 2 7 5 31 3 12 16 2 0 2 7 0 2 3 1 2 7 1 2 7 0 2 7 0 2 7 17 18 2 1 2 7 17 18 2 0 2 4 0 2 7 12 16 2 0 2 7 13 6 3 0 2 7 0 2 4 0 2 3 0 2 7 13 6 3 0 2 7 1 2 7 17 9 2 12 16 2 1 2 4 1 2 7 5 30 3 0 2 7 0 2 7 1 2 7 1 2 7 17 18 2 1 2 7 0 2 4 0 40.4155756235122681
0 2 7 0 2 7 5 30 3 1 2 3 1 2 4 0 2 7 5 31 3 12 16 2 0 2 7 0 2 7 1 2 7 1 2 7 0 2 7 0 2 3 17 18 2 1 2 7 17 18 2 0 2 7 0 2 7 12 16 2 1 2 4 0 2 7 13 6 3 0 2 7 5 30 3 0 2 7 0 2 7 1 2 3 0 2 7 0 2 7 1 2 7 13 6 3 6 2 4 1 2 7 17 18 2 1 2 7 17 9 2 12 16 2 1 2 4 0 2 7 0 40.4413166642189026
0 2 7 0 2 7 5 30 3 6 2 7 0 2 7 5 31 3 12 16 2 0 2 7 0 2 4 1 2 7 1 2 7 0 2 7 17 18 2 1 2 7 17 18 2 0 2 7 0 2 7 12 16 2 0 2 7 13 6 3 0 2 7 1 2 7 0 2 7 0 2 7 0 2 7 1 2 7 13 6 3 1 2 7 17 18 2 17 9 2 12 16 2 1 2 7 1 2 7 1 2 7 1 2 7 0 2 7 0 2 4 5 31 3 1 2 7 0 2 7 0 40.2815956473350525
0 2 7 1 2 4 5 30 3 1 2 7 0 2 7 5 31 3 12 16 2 0 2 7 0 2 3 1 2 7 1 2 7 0 2 7 0 2 7 17 18 2 1 2 7 17 18 2 0 2 7 12 16 2 0 2 7 13 6 3 0 2 7 0 2 7 13 6 3 0 2 7 1 2 7 17 9 2 12 16 2 1 2 4 1 2 7 5 30 3 0 2 7 0 2 7 17 18 2 0 2 4 0 2 7 0 2 7 1 2 7 1 2 4 1 2 3 0 2 4 0 40.4155756235122681

Current Evaluation = 9000(9000)
Front Size = 10
0 2 7 0 2 7 1 2 7 0 2 7 13 6 3 1 2 7 0 2 7 0 2 7 0 2 7 0 2 7 17 18 2 1 2 7 1 2 7 1 2 7 1 2 7 0 2 7 1 2 7 0 2 7 0 2 7 5 31 3 1 2 11 0 2 7 0 2 7 17 18 2 1 2 7 5 31 3 1 2 7 0 2 7 1 2 7 5 31 3 0 2 7 0 2 7 0 2 7 0 2 7 16 6 2 1 2 7 17 9 2 1 2 7 0 2 4 17 18 2 0 40.0670827627182007
0 2 7 0 2 7 1 2 7 0 2 7 13 6 3 1 2 7 0 2 7 0 2 7 0 2 7 0 2 7 17 18 2 1 2 7 1 2 7 1 2 7 1 2 7 0 2 7 0 2 7 0 2 7 0 2 7 5 31 3 1 2 7 0 2 7 0 2 7 17 18 2 1 2 7 5 31 3 0 2 7 0 2 7 0 2 7 0 2 7 17 18 2 17 9 2 1 2 11 1 2 7 1 2 7 5 31 3 16 6 2 1 2 7 1 2 4 0 2 7 0 40.0670827627182007
0 2 7 0 2 7 0 2 4 1 2 7 5 31 3 1 2 7 0 2 7 0 2 7 17 18 2 0 2 7 1 2 7 0 2 7 0 2 7 17 9 2 0 2 7 0 2 7 17 9 2 17 18 2 0 2 7 0 2 7 0 2 7 1 2 7 0 2 7 5 31 3 1 2 7 1 2 7 1 2 7 0 2 7 1 2 7 0 2 7 13 6 3 1 2 7 1 2 7 1 2 7 1 2 7 0 2 4 5 30 3 16 24 2 5 30 3 0 2 4 0 40.1302337646484375
0 2 7 0 2 7 1 2 7 0 2 7 13 6 3 1 2 7 0 2 7 0 2 7 0 2 7 0 2 7 17 18 2 1 2 7 1 2 7 1 2 7 1 2 7 0 2 7 1 2 7 0 2 7 0 2 7 5 31 3 0 2 7 0 2 7 17 18 2 1 2 7 5 31 3 1 2 7 0 2 7 0 2 7 0 2 7 0 2 7 17 9 2 17 18 2 13 6 3 6 2 7 12 16 2 12 16 2 5 30 3 12 16 2 1 2 4 1 2 4 0 40.2815956473350525
0 2 7 0 2 7 0 2 7 1 2 7 0 2 7 0 2 7 0 2 7 0 2 4 17 18 2 1 2 7 1 2 7 1 2 7 1 2 7 0 2 7 1 2 7 0 2 7 0 2 7 5 31 3 1 2 4 0 2 7 0 2 7 17 18 2 1 2 4 5 31 3 1 2 7 0 2 7 1 2 7 5 31 3 0 2 7 0 2 7 0 2 7 0 2 7 16 6 2 0 2 7 16 6 2 5 31 3 6 2 4 17 9 2 1 2 7 0 2 7 0 40.4036498665809631
1 2 7 1 2 7 0 2 7 0 2 3 1 2 4 1 2 3 17 18 2 8 9 2 1 2 7 16 15 2 0 2 7 0 2 7 0 2 7 0 2 7 17 9 2 0 2 7 6 2 3 0 2 7 0 2 7 0 2 7 0 2 7 1 2 3 0 2 7 1 2 7 5 31 3 8 9 2 0 2 7 1 2 4 0 2 7 1 2 7 0 2 7 1 2 7 5 30 3 0 2 7 0 2 7 12 16 2 0 2 7 1 2 7 17 18 2 5 30 3 0 41.0555577278137207
0 2 7 1 2 4 5 30 3 1 2 7 0 2 7 5 31 3 12 16 2 0 2 7 0 2 3 1 2 7 1 2 7 0 2 7 0 2 7 17 18 2 1 2 7 17 18 2 0 2 7 12 16 2 0 2 7 13 6 3 0 2 7 0 2 7 13 6 3 0 2 7 1 2 7 17 9 2 12 16 2 1 2 4 1 2 7 5 30 3 0 2 7 0 2 7 17 18 2 0 2 4 0 2 7 0 2 7 1 2 7 1 2 4 1 2 3 0 2 4 0 40.4155756235122681
1 2 7 0 2 7 5 30 3 17 18 2 1 2 7 8 18 2 0 2 7 0 2 7 0 2 7 17 9 2 0 2 7 0 2 7 0 2 4 0 2 4 0 2 7 1 2 7 5 31 3 0 2 7 0 2 7 0 2 7 1 2 7 0 2 7 1 2 7 0 2 7 1 2 7 17 18 2 5 31 3 13 6 3 1 2 7 1 2 7 16 6 2 12 16 2 0 2 4 0 2 7 1 2 7 0 2 7 12 16 2 1 2 7 1 2 7 12 16 2 0 40.5675076246261597
0 2 7 0 2 7 1 2 11 0 2 7 13 6 3 1 2 7 0 2 7 0 2 7 0 2 7 0 2 4 17 18 2 1 2 7 1 2 7 1 2 7 1 2 7 0 2 7 1 2 7 0 2 7 0 2 7 5 31 3 1 2 7 0 2 7 0 2 7 17 18 2 1 2 7 5 31 3 1 2 7 0 2 7 1 2 7 5 31 3 0 2 7 0 2 7 0 2 7 0 2 7 16 6 2 1 2 7 17 9 2 1 2 7 0 2 7 17 9 2 0 40.0670827627182007
0 2 7 0 2 7 0 2 7 13 6 3 1 2 7 0 2 7 0 2 7 0 2 3 17 18 2 1 2 7 1 2 4 1 2 7 1 2 7 0 2 7 1 2 7 0 2 4 0 2 7 5 31 3 1 2 7 0 2 7 0 2 7 17 18 2 1 2 7 5 30 3 1 2 7 0 2 7 1 2 7 0 2 7 0 2 4 16 6 2 17 9 2 5 30 3 0 2 7 5 31 3 0 2 7 0 2 4 1 2 4 1 2 7 0 2 7 17 9 2 0 40.148398756980896

MonoObjective Genetic Algorithm
Number of Evaluations = 0
Mutation Probability = 0
Crossover Probability = 1
Population Size = 10
Survival Selection Type = 16

Time =  9039.37778520584106

Current Evaluation = 2230
Front Size = 10
0 2 7 0 2 7 1 2 7 0 2 7 13 6 3 1 2 7 0 2 7 0 2 7 0 2 7 0 2 7 17 18 2 1 2 7 1 2 7 1 2 7 1 2 7 0 2 7 1 2 7 0 2 7 0 2 7 5 31 3 1 2 11 0 2 7 0 2 7 17 18 2 1 2 7 5 31 3 1 2 7 0 2 7 1 2 7 5 31 3 0 2 7 0 2 7 0 2 7 0 2 7 16 6 2 1 2 7 17 9 2 1 2 7 0 2 4 17 18 2 0 40.0670827627182007
0 2 7 0 2 7 1 2 7 0 2 7 13 6 3 1 2 7 0 2 7 0 2 7 0 2 7 0 2 7 17 18 2 1 2 7 1 2 7 1 2 7 1 2 7 0 2 7 0 2 7 0 2 7 0 2 7 5 31 3 1 2 7 0 2 7 0 2 7 17 18 2 1 2 7 5 31 3 0 2 7 0 2 7 0 2 7 0 2 7 17 18 2 17 9 2 1 2 11 1 2 7 1 2 7 5 31 3 16 6 2 1 2 7 1 2 4 0 2 7 0 40.0670827627182007
0 2 7 0 2 7 0 2 4 1 2 7 5 31 3 1 2 7 0 2 7 0 2 7 17 18 2 0 2 7 1 2 7 0 2 7 0 2 7 17 9 2 0 2 7 0 2 7 17 9 2 17 18 2 0 2 7 0 2 7 0 2 7 1 2 7 0 2 7 5 31 3 1 2 7 1 2 7 1 2 7 0 2 7 1 2 7 0 2 7 13 6 3 1 2 7 1 2 7 1 2 7 1 2 7 0 2 4 5 30 3 16 24 2 5 30 3 0 2 4 0 40.1302337646484375
0 2 7 0 2 7 1 2 7 0 2 7 13 6 3 1 2 7 0 2 7 0 2 7 0 2 7 0 2 7 17 18 2 1 2 7 1 2 7 1 2 7 1 2 7 0 2 7 1 2 7 0 2 7 0 2 7 5 31 3 0 2 7 0 2 7 17 18 2 1 2 7 5 31 3 1 2 7 0 2 7 0 2 7 0 2 7 0 2 7 17 9 2 17 18 2 13 6 3 6 2 7 12 16 2 12 16 2 5 30 3 12 16 2 1 2 4 1 2 4 0 40.2815956473350525
0 2 7 0 2 7 0 2 7 1 2 7 0 2 7 0 2 7 0 2 7 0 2 4 17 18 2 1 2 7 1 2 7 1 2 7 1 2 7 0 2 7 1 2 7 0 2 7 0 2 7 5 31 3 1 2 4 0 2 7 0 2 7 17 18 2 1 2 4 5 31 3 1 2 7 0 2 7 1 2 7 5 31 3 0 2 7 0 2 7 0 2 7 0 2 7 16 6 2 0 2 7 16 6 2 5 31 3 6 2 4 17 9 2 1 2 7 0 2 7 0 40.4036498665809631
1 2 7 1 2 7 0 2 7 0 2 3 1 2 4 1 2 3 17 18 2 8 9 2 1 2 7 16 15 2 0 2 7 0 2 7 0 2 7 0 2 7 17 9 2 0 2 7 6 2 3 0 2 7 0 2 7 0 2 7 0 2 7 1 2 3 0 2 7 1 2 7 5 31 3 8 9 2 0 2 7 1 2 4 0 2 7 1 2 7 0 2 7 1 2 7 5 30 3 0 2 7 0 2 7 12 16 2 0 2 7 1 2 7 17 18 2 5 30 3 0 41.0555577278137207
0 2 7 1 2 4 5 30 3 1 2 7 0 2 7 5 31 3 12 16 2 0 2 7 0 2 3 1 2 7 1 2 7 0 2 7 0 2 7 17 18 2 1 2 7 17 18 2 0 2 7 12 16 2 0 2 7 13 6 3 0 2 7 0 2 7 13 6 3 0 2 7 1 2 7 17 9 2 12 16 2 1 2 4 1 2 7 5 30 3 0 2 7 0 2 7 17 18 2 0 2 4 0 2 7 0 2 7 1 2 7 1 2 4 1 2 3 0 2 4 0 40.4155756235122681
1 2 7 0 2 7 5 30 3 17 18 2 1 2 7 8 18 2 0 2 7 0 2 7 0 2 7 17 9 2 0 2 7 0 2 7 0 2 4 0 2 4 0 2 7 1 2 7 5 31 3 0 2 7 0 2 7 0 2 7 1 2 7 0 2 7 1 2 7 0 2 7 1 2 7 17 18 2 5 31 3 13 6 3 1 2 7 1 2 7 16 6 2 12 16 2 0 2 4 0 2 7 1 2 7 0 2 7 12 16 2 1 2 7 1 2 7 12 16 2 0 40.5675076246261597
0 2 7 0 2 7 1 2 11 0 2 7 13 6 3 1 2 7 0 2 7 0 2 7 0 2 7 0 2 4 17 18 2 1 2 7 1 2 7 1 2 7 1 2 7 0 2 7 1 2 7 0 2 7 0 2 7 5 31 3 1 2 7 0 2 7 0 2 7 17 18 2 1 2 7 5 31 3 1 2 7 0 2 7 1 2 7 5 31 3 0 2 7 0 2 7 0 2 7 0 2 7 16 6 2 1 2 7 17 9 2 1 2 7 0 2 7 17 9 2 0 40.0670827627182007
0 2 7 0 2 7 0 2 7 13 6 3 1 2 7 0 2 7 0 2 7 0 2 3 17 18 2 1 2 7 1 2 4 1 2 7 1 2 7 0 2 7 1 2 7 0 2 4 0 2 7 5 31 3 1 2 7 0 2 7 0 2 7 17 18 2 1 2 7 5 30 3 1 2 7 0 2 7 1 2 7 0 2 7 0 2 4 16 6 2 17 9 2 5 30 3 0 2 7 5 31 3 0 2 7 0 2 4 1 2 4 1 2 7 0 2 7 17 9 2 0 40.148398756980896

