Current Evaluation = 450(450)
Front Size = 10
12 16 2 17 18 2 1 2 4 16 30 2 5 30 3 1 2 4 1 2 7 0 2 7 0 2 7 0 2 3 0 2 7 1 2 7 0 2 7 1 2 7 6 2 7 17 9 2 0 2 7 1 2 7 0 2 3 1 2 4 0 2 7 0 2 7 5 31 3 1 2 7 0 2 7 17 9 2 0 2 7 12 16 2 1 2 7 0 2 7 5 31 3 1 2 7 0 2 7 5 30 3 0 2 4 13 6 3 0 2 7 0 2 7 0 2 7 0 2 7 0 40.6780157685279846
0 2 8 16 19 12 8 9 2 5 30 3 5 30 3 0 2 8 5 30 3 0 2 8 0 2 8 1 2 8 8 18 2 16 19 12 8 18 2 8 18 2 8 18 2 13 6 3 0 2 8 8 18 2 5 30 3 0 2 8 6 2 8 0 2 8 0 2 8 13 6 3 1 2 8 0 2 8 1 2 8 0 2 8 0 2 8 8 9 2 16 19 12 16 19 12 8 9 2 0 2 8 0 2 8 6 2 8 5 30 3 5 30 3 0 2 8 16 19 12 0.0204980730853888023 44.8502969741821289
17 18 2 0 2 7 1 2 7 0 2 7 0 2 7 0 2 11 0 2 7 12 16 2 5 30 3 0 2 7 0 2 7 0 2 7 0 2 8 0 2 7 1 2 3 0 2 7 0 2 7 0 2 7 1 2 7 0 2 3 0 2 7 5 30 3 0 2 7 0 2 7 0 2 7 1 2 11 0 2 7 16 19 11 8 18 2 5 30 3 0 2 7 0 2 7 16 19 11 16 19 11 16 19 11 0 2 7 5 30 3 5 31 3 0 2 7 5 30 3 0 42.9624903202056885
9 2 7 0 2 7 0 2 7 5 30 3 16 19 12 0 2 3 0 2 3 0 2 3 0 2 7 0 2 3 12 16 2 0 2 12 0 2 3 1 2 3 1 2 3 0 2 7 0 2 3 0 2 3 0 2 3 5 30 3 1 2 12 5 31 3 0 2 3 0 2 3 0 2 3 16 6 2 16 19 12 0 2 3 5 30 3 0 2 3 0 2 12 0 2 3 16 19 12 16 19 12 0 2 7 5 30 3 0 2 3 0 2 3 0 2 3 5 30 3 0 44.689911961555481
0 2 8 0 2 3 0 2 8 1 2 8 5 30 3 16 19 12 0 2 8 0 2 3 0 2 8 0 2 8 0 2 8 12 16 2 1 2 8 5 30 3 0 2 8 16 6 2 16 19 12 12 16 2 0 2 8 0 2 3 0 2 8 16 6 2 0 2 8 0 2 8 0 2 3 0 2 8 0 2 3 5 30 3 0 2 8 0 2 8 8 18 2 0 2 8 5 30 3 12 16 2 0 2 3 0 2 8 5 31 3 0 2 8 8 9 2 5 31 3 4.79926003544570237e-09 45.9267767667770386
12 16 2 0 2 8 0 2 7 0 2 3 0 2 8 1 2 12 0 2 8 12 16 2 5 30 3 0 2 8 0 2 3 0 2 7 0 2 3 0 2 7 0 2 8 0 2 3 0 2 8 0 2 7 1 2 3 0 2 3 0 2 11 5 30 3 0 2 3 0 2 3 0 2 8 0 2 8 0 2 3 16 9 8 8 18 2 5 30 3 0 2 3 0 2 3 16 19 11 16 19 11 16 19 12 0 2 8 5 30 3 5 30 3 1 2 3 5 30 3 1.69623238944041089e-08 45.40348219871521
12 16 2 5 30 3 5 30 3 12 16 2 8 18 2 5 30 3 5 31 3 8 18 2 1 2 7 1 2 3 0 2 8 1 2 7 16 18 8 0 2 8 8 9 2 0 2 7 0 2 7 0 2 4 0 2 4 0 2 8 0 2 7 8 18 2 0 2 8 0 2 11 17 9 2 0 2 8 0 2 8 16 19 1 8 18 2 1 2 8 1 2 7 0 2 7 1 2 7 8 18 2 0 2 8 0 2 7 16 19 1 8 18 2 16 15 2 0 2 8 0.00725673277099764258 43.829074501991272
12 16 2 5 30 3 0 2 7 0 2 3 0 2 7 0 2 3 16 30 2 0 2 7 5 30 3 0 2 7 16 30 2 12 16 2 5 30 3 5 31 3 0 2 7 1 2 7 0 2 3 1 2 7 0 2 3 0 2 7 0 2 3 1 2 7 1 2 7 1 2 7 1 2 3 0 2 7 12 16 2 5 30 3 8 18 2 0 2 7 1 2 3 0 2 3 0 2 3 16 19 11 0 2 7 0 2 3 16 19 11 0 2 7 0 2 7 0 2 7 0 42.6024866104125977
5 30 3 12 16 2 5 30 3 16 6 2 12 16 2 5 31 3 5 31 3 0 2 7 0 2 7 0 2 7 1 2 8 16 19 12 0 2 8 0 2 3 6 2 7 0 2 7 0 2 7 0 2 7 0 2 8 16 19 12 5 31 3 0 2 7 0 2 7 1 2 7 0 2 7 16 19 11 0 2 3 0 2 8 0 2 3 0 2 7 0 2 8 0 2 7 8 18 2 0 2 8 5 30 3 0 2 7 0 2 7 1 2 7 0 2 7 8 9 2 0.00152301159685964711 43.7756959795951843
12 16 2 5 30 3 0 2 7 0 2 4 5 30 3 12 16 2 5 30 3 5 30 3 0 2 7 17 9 2 0 2 10 0 2 7 15 2 11 1 2 3 5 30 3 0 2 7 17 9 2 1 2 10 0 2 3 0 2 7 0 2 3 0 2 11 0 2 7 6 2 11 0 2 7 0 2 7 0 2 7 16 30 2 17 9 2 0 2 7 8 1 2 1 2 11 0 2 7 12 16 2 0 2 7 0 2 7 1 2 3 1 2 7 0 2 7 1 2 7 0 42.1182994842529297

Current Evaluation = 900(900)
Front Size = 10
5 31 3 12 16 2 16 6 2 5 31 3 1 2 7 0 2 7 0 2 7 0 2 7 0 2 7 0 2 7 1 2 7 0 2 7 1 2 7 0 2 7 0 2 7 0 2 7 0 2 7 0 2 3 1 2 7 1 2 7 1 2 4 0 2 7 17 9 2 1 2 7 16 30 2 0 2 7 17 18 2 5 31 3 6 2 7 1 2 4 5 31 3 0 2 7 0 2 7 0 2 7 0 2 7 0 2 7 1 2 7 0 2 4 16 6 2 1 2 7 0 40.5028318762779236
0 2 8 16 19 12 8 9 2 5 30 3 5 30 3 0 2 8 5 30 3 0 2 8 0 2 8 1 2 8 8 18 2 16 19 12 8 18 2 8 18 2 8 18 2 13 6 3 0 2 8 8 18 2 5 30 3 0 2 8 6 2 8 0 2 8 0 2 8 13 6 3 1 2 8 0 2 8 1 2 8 0 2 8 0 2 8 8 9 2 16 19 12 16 19 12 8 9 2 0 2 8 0 2 8 6 2 8 5 30 3 5 30 3 0 2 8 16 19 12 0.0204980730853888023 44.8502969741821289
12 16 2 0 2 8 0 2 11 0 2 3 0 2 7 0 2 7 17 18 2 5 30 3 1 2 7 0 2 8 0 2 3 0 2 7 0 2 3 0 2 7 0 2 7 5 30 3 17 18 2 6 2 3 6 2 8 5 30 3 1 2 8 0 2 8 0 2 7 6 2 11 0 2 11 1 2 11 0 2 11 0 2 8 0 2 7 16 19 11 8 9 2 0 2 8 16 19 11 1 2 8 8 9 2 0 2 8 5 30 3 5 30 3 0 2 11 5 30 3 0 44.2431230545043945
12 16 2 5 30 3 0 2 7 0 2 3 0 2 3 0 2 4 1 2 7 0 2 7 1 2 3 17 9 2 0 2 7 1 2 3 5 30 3 12 16 2 5 30 3 0 2 7 0 2 7 1 2 7 16 31 2 1 2 7 0 2 4 8 18 2 0 2 7 1 2 3 0 2 3 0 2 7 1 2 7 6 2 7 16 6 2 0 2 3 0 2 3 0 2 3 5 30 3 16 19 11 0 2 3 1 2 3 0 2 7 1 2 3 0 2 7 0 2 7 0 42.0620006918907166
12 16 2 0 2 4 5 30 3 0 2 7 1 2 7 0 2 4 1 2 7 1 2 7 0 2 7 0 2 7 17 18 2 0 2 7 1 2 7 0 2 7 1 2 7 0 2 3 17 9 2 13 6 3 12 16 2 0 2 7 0 2 7 5 30 3 1 2 7 0 2 4 0 2 7 1 2 11 17 18 2 0 2 3 0 2 7 1 2 7 1 2 7 5 30 3 12 16 2 8 9 2 1 2 11 17 9 2 1 2 7 0 2 7 13 6 3 0 2 7 0 40.6077494621276855
1 2 3 0 2 7 0 2 7 5 30 3 16 19 11 0 2 3 0 2 7 0 2 7 0 2 7 0 2 7 12 16 2 0 2 3 0 2 7 12 16 2 0 2 7 0 2 7 0 2 7 0 2 7 0 2 7 5 30 3 0 2 7 5 31 3 0 2 7 1 2 7 0 2 7 16 6 2 16 19 11 0 2 7 5 30 3 0 2 7 0 2 3 0 2 7 1 2 7 16 19 11 0 2 7 5 31 3 0 2 7 0 2 11 0 2 7 5 30 3 0 42.9107693433761597
9 2 7 0 2 7 0 2 7 5 30 3 16 19 12 0 2 3 0 2 3 0 2 3 0 2 7 0 2 3 12 16 2 0 2 12 0 2 3 1 2 3 1 2 3 0 2 7 0 2 3 0 2 3 0 2 3 5 30 3 1 2 12 5 31 3 0 2 3 0 2 3 0 2 3 16 6 2 16 19 12 0 2 3 5 30 3 0 2 3 0 2 12 0 2 3 16 19 12 16 19 12 0 2 7 5 30 3 0 2 3 0 2 3 0 2 3 5 30 3 0 44.689911961555481
0 2 8 0 2 3 0 2 8 1 2 8 5 30 3 16 19 12 0 2 8 0 2 3 0 2 8 0 2 8 0 2 8 12 16 2 1 2 8 5 30 3 0 2 8 16 6 2 16 19 12 12 16 2 0 2 8 0 2 3 0 2 8 16 6 2 0 2 8 0 2 8 0 2 3 0 2 8 0 2 3 5 30 3 0 2 8 0 2 8 8 18 2 0 2 8 5 30 3 12 16 2 0 2 3 0 2 8 5 31 3 0 2 8 8 9 2 5 31 3 4.79926003544570237e-09 45.9267767667770386
12 16 2 5 30 3 5 30 3 12 16 2 8 18 2 5 30 3 5 31 3 8 18 2 1 2 7 1 2 3 1 2 7 0 2 7 0 2 7 0 2 7 0 2 11 17 9 2 1 2 7 0 2 7 0 2 7 0 2 8 0 2 3 0 2 7 8 9 2 0 2 4 16 6 2 0 2 8 6 2 11 0 2 8 1 2 11 0 2 8 16 19 1 8 18 2 0 2 7 16 6 2 8 18 2 0 2 8 16 19 1 8 18 2 0 2 7 0 2 11 0.00512202390413513727 43.0855573415756226
12 16 2 0 2 8 0 2 7 0 2 3 0 2 8 1 2 12 0 2 8 12 16 2 5 30 3 0 2 8 0 2 3 0 2 7 0 2 3 0 2 7 0 2 8 0 2 3 0 2 8 0 2 7 1 2 3 0 2 3 0 2 11 5 30 3 0 2 3 0 2 3 0 2 8 0 2 8 0 2 3 16 9 8 8 18 2 5 30 3 0 2 3 0 2 3 16 19 11 16 19 11 16 19 12 0 2 8 5 30 3 5 30 3 1 2 3 5 30 3 1.69623238944041089e-08 45.40348219871521

Current Evaluation = 1350(1350)
Front Size = 10
5 31 3 12 16 2 16 6 2 5 31 3 1 2 7 0 2 7 0 2 7 0 2 7 0 2 7 0 2 7 0 2 7 0 2 7 1 2 7 0 2 7 0 2 7 0 2 4 0 2 7 1 2 7 1 2 7 1 2 7 6 2 3 0 2 7 17 9 2 1 2 7 16 31 2 0 2 7 17 18 2 5 30 3 1 2 7 1 2 7 5 31 3 0 2 7 0 2 4 0 2 7 0 2 7 0 2 4 1 2 7 0 2 7 16 6 2 1 2 7 0 40.5028316974639893
12 16 2 5 30 3 8 9 2 0 2 11 0 2 11 0 2 12 0 2 12 1 2 8 17 9 2 0 2 12 1 2 8 0 2 12 0 2 8 1 2 8 16 6 2 0 2 8 16 6 2 0 2 3 5 30 3 12 16 2 0 2 12 5 30 3 17 18 2 1 2 3 0 2 3 5 30 3 0 2 7 1 2 3 0 2 8 0 2 3 1 2 3 0 2 8 0 2 7 8 18 2 8 18 2 5 30 3 1 2 8 0 2 8 8 9 2 0 2 8 0 44.167005181312561
12 16 2 5 30 3 1 2 7 1 2 3 0 2 7 1 2 7 0 2 3 5 30 3 5 30 3 13 6 3 0 2 3 12 16 2 0 2 3 0 2 3 0 2 3 0 2 7 0 2 3 0 2 7 1 2 7 0 2 3 5 30 3 0 2 3 1 2 7 6 2 7 16 30 2 16 15 2 1 2 7 0 2 7 0 2 7 0 2 7 17 9 2 0 2 3 1 2 7 0 2 7 1 2 7 0 2 3 0 2 7 8 18 2 17 9 2 0 2 7 0 41.5907637476921082
12 16 2 0 2 7 1 2 11 0 2 7 0 2 7 1 2 7 5 30 3 0 2 7 0 2 11 0 2 7 0 2 12 5 30 3 1 2 11 0 2 11 1 2 7 8 9 2 5 30 3 0 2 7 1 2 4 1 2 7 17 18 2 16 6 2 0 2 11 8 9 2 0 2 7 8 9 2 0 2 7 0 2 12 0 2 7 0 2 7 0 2 11 0 2 11 1 2 11 17 9 2 5 30 3 1 2 3 17 18 2 0 2 7 1 2 7 5 30 3 0 42.2252408266067505
0 2 8 0 2 3 0 2 8 1 2 8 5 30 3 16 19 12 0 2 8 0 2 3 0 2 8 0 2 8 0 2 8 12 16 2 1 2 8 5 30 3 0 2 8 16 6 2 16 19 12 12 16 2 0 2 8 0 2 3 0 2 8 16 6 2 0 2 8 0 2 8 0 2 3 0 2 8 0 2 3 5 30 3 0 2 8 0 2 8 8 18 2 0 2 8 5 30 3 12 16 2 0 2 3 0 2 8 5 31 3 0 2 8 8 9 2 5 31 3 4.79926003544570237e-09 45.9267767667770386
12 16 2 5 31 3 0 2 7 1 2 7 0 2 7 0 2 3 1 2 3 0 2 4 1 2 7 5 30 3 0 2 3 12 16 2 1 2 3 1 2 7 0 2 4 0 2 7 0 2 7 0 2 3 0 2 3 0 2 7 5 30 3 0 2 4 0 2 7 8 9 2 17 18 2 0 2 7 0 2 7 16 19 11 5 30 3 1 2 7 17 18 2 16 9 11 0 2 7 1 2 7 0 2 4 1 2 7 1 2 7 0 2 7 1 2 7 0 2 7 0 41.9560926556587219
12 16 2 5 30 3 5 30 3 12 16 2 8 18 2 5 30 3 5 31 3 8 18 2 1 2 7 1 2 3 1 2 7 0 2 7 0 2 7 0 2 7 0 2 11 17 9 2 1 2 7 0 2 7 0 2 7 0 2 8 0 2 3 0 2 7 8 9 2 0 2 4 16 6 2 0 2 8 6 2 11 0 2 8 1 2 11 0 2 8 16 19 1 8 18 2 0 2 7 16 6 2 8 18 2 0 2 8 16 19 1 8 18 2 0 2 7 0 2 11 0.00512202390413513727 43.0855573415756226
12 16 2 0 2 7 6 2 7 0 2 7 0 2 7 0 2 7 0 2 7 5 31 3 0 2 7 1 2 3 16 19 11 0 2 7 0 2 7 16 19 11 5 30 3 17 18 2 5 30 3 17 18 2 0 2 7 5 30 3 12 16 2 1 2 7 15 2 11 1 2 7 0 2 7 0 2 7 0 2 7 0 2 7 6 2 7 5 31 3 1 2 4 0 2 7 0 2 7 0 2 7 0 2 7 1 2 4 0 2 7 0 2 7 0 2 7 1 2 7 0 42.0023294687271118
0 2 7 0 2 3 0 2 7 5 30 3 16 19 11 0 2 3 0 2 7 0 2 7 1 2 3 0 2 3 12 16 2 0 2 3 0 2 3 0 2 3 1 2 3 0 2 7 0 2 3 0 2 3 0 2 3 5 30 3 1 2 3 5 31 3 0 2 3 9 2 7 0 2 3 16 6 2 16 19 12 0 2 3 5 30 3 0 2 11 0 2 11 0 2 7 16 6 2 16 19 11 1 2 3 5 30 3 0 2 7 0 2 3 0 2 12 5 30 3 0 43.9865097999572754
0 2 8 16 19 12 8 9 2 5 30 3 5 30 3 0 2 8 5 30 3 0 2 8 0 2 8 1 2 8 8 18 2 16 19 12 8 18 2 8 18 2 8 18 2 13 6 3 0 2 8 8 18 2 5 30 3 0 2 8 6 2 8 0 2 8 0 2 8 13 6 3 1 2 8 0 2 8 1 2 8 0 2 8 0 2 8 8 9 2 16 19 12 16 19 12 8 9 2 0 2 8 0 2 8 6 2 8 5 30 3 5 30 3 0 2 8 16 19 12 0.0204980730853888023 44.8502969741821289

Current Evaluation = 1800(1800)
Front Size = 10
5 31 3 12 16 2 16 6 2 5 31 3 1 2 7 0 2 7 0 2 7 0 2 7 0 2 7 0 2 7 0 2 7 1 2 7 0 2 7 1 2 7 0 2 4 0 2 7 0 2 7 0 2 7 1 2 7 1 2 7 0 2 7 0 2 7 17 9 2 0 2 7 16 6 2 1 2 7 17 18 2 5 31 3 1 2 7 0 2 7 5 31 3 1 2 7 0 2 7 0 2 4 0 2 7 0 2 7 1 2 7 1 2 4 16 30 2 1 2 7 0 40.4265388250350952
12 16 2 5 30 3 8 9 2 0 2 11 0 2 11 0 2 12 0 2 12 1 2 8 17 9 2 0 2 12 1 2 8 0 2 12 0 2 8 1 2 8 16 6 2 0 2 8 16 6 2 0 2 3 5 30 3 12 16 2 0 2 12 5 30 3 17 18 2 1 2 3 0 2 3 5 30 3 0 2 7 1 2 3 0 2 8 0 2 3 1 2 3 0 2 8 0 2 7 8 18 2 8 18 2 5 30 3 1 2 8 0 2 8 8 9 2 0 2 8 0 44.167005181312561
5 30 3 12 16 2 16 6 2 15 2 11 0 2 7 0 2 7 0 2 7 0 2 7 0 2 7 0 2 3 1 2 7 1 2 4 0 2 4 0 2 4 0 2 4 0 2 3 1 2 3 1 2 7 0 2 7 0 2 4 1 2 7 17 18 2 5 31 3 0 2 7 5 30 3 17 18 2 0 2 7 1 2 4 1 2 7 1 2 7 1 2 7 0 2 7 8 18 2 0 2 7 1 2 7 1 2 3 17 18 2 0 2 4 12 16 2 0 2 7 0 41.0818667411804199
12 16 2 0 2 7 1 2 11 0 2 7 0 2 7 1 2 7 5 30 3 0 2 7 0 2 11 0 2 7 0 2 12 5 30 3 1 2 11 0 2 11 1 2 7 8 9 2 5 30 3 0 2 7 1 2 4 1 2 7 17 18 2 16 6 2 0 2 11 8 9 2 0 2 7 8 9 2 0 2 7 0 2 12 0 2 7 0 2 7 0 2 11 0 2 11 1 2 11 17 9 2 5 30 3 1 2 3 17 18 2 0 2 7 1 2 7 5 30 3 0 42.2252408266067505
0 2 8 16 19 12 8 9 2 5 30 3 5 30 3 0 2 8 5 30 3 0 2 8 0 2 8 1 2 8 8 18 2 16 19 12 8 18 2 8 18 2 8 18 2 13 6 3 0 2 8 8 18 2 5 30 3 0 2 8 6 2 8 0 2 8 0 2 8 13 6 3 1 2 8 0 2 8 1 2 8 0 2 8 0 2 8 8 9 2 16 19 12 16 19 12 8 9 2 0 2 8 0 2 8 6 2 8 5 30 3 5 30 3 0 2 8 16 19 12 0.0204980730853888023 44.8502969741821289
12 16 2 5 30 3 5 30 3 12 16 2 8 18 2 5 30 3 5 31 3 8 18 2 1 2 7 1 2 3 1 2 7 0 2 7 0 2 7 0 2 7 0 2 11 17 9 2 1 2 7 0 2 7 0 2 7 0 2 8 0 2 3 0 2 7 8 9 2 0 2 4 16 6 2 0 2 8 6 2 11 0 2 8 1 2 11 0 2 8 16 19 1 8 18 2 0 2 7 16 6 2 8 18 2 0 2 8 16 19 1 8 18 2 0 2 7 0 2 11 0.00512202390413513727 43.0855573415756226
0 2 8 0 2 3 0 2 8 1 2 8 5 30 3 16 19 12 0 2 8 0 2 3 0 2 8 0 2 8 0 2 8 12 16 2 1 2 8 5 30 3 0 2 8 16 6 2 16 19 12 12 16 2 0 2 8 0 2 3 0 2 8 16 6 2 0 2 8 0 2 8 0 2 3 0 2 8 0 2 3 5 30 3 0 2 8 0 2 8 8 18 2 0 2 8 5 30 3 12 16 2 0 2 3 0 2 8 5 31 3 0 2 8 8 9 2 5 31 3 4.79926003544570237e-09 45.9267767667770386
12 16 2 5 30 3 17 9 2 16 6 2 16 6 2 17 1 2 0 2 7 0 2 7 1 2 8 0 2 7 6 2 7 5 30 3 0 2 7 0 2 7 0 2 10 0 2 8 0 2 7 1 2 7 0 2 7 0 2 8 0 2 7 5 30 3 0 2 7 0 2 7 5 31 3 0 2 7 0 2 7 5 30 3 0 2 7 5 31 3 1 2 7 0 2 8 0 2 7 1 2 8 0 2 7 17 18 2 1 2 7 0 2 8 8 9 2 0 2 8 0 42.2798448204994202
12 16 2 5 30 3 5 30 3 12 16 2 8 18 2 5 30 3 5 31 3 0 2 7 0 2 7 1 2 7 0 2 7 0 2 3 0 2 7 1 2 7 1 2 7 0 2 7 0 2 7 0 2 7 0 2 7 0 2 4 1 2 11 16 15 2 1 2 7 0 2 7 8 18 2 0 2 8 0 2 11 6 2 7 0 2 7 16 19 1 0 2 7 0 2 7 0 2 7 0 2 7 1 2 7 0 2 7 0 2 8 16 18 11 0 2 11 6 2 7 0.00223295049978294857 42.407137930393219
12 16 2 5 30 3 5 30 3 12 16 2 0 2 7 5 30 3 5 30 3 0 2 7 0 2 7 0 2 7 0 2 11 0 2 7 1 2 3 0 2 11 1 2 11 0 2 7 0 2 7 1 2 7 1 2 3 0 2 7 0 2 7 12 16 2 16 6 2 16 6 2 0 2 3 5 30 3 0 2 7 8 18 2 1 2 11 0 2 7 16 19 11 0 2 7 0 2 11 0 2 7 8 9 2 17 9 2 1 2 7 0 2 7 0 2 3 8 9 2 0 42.4859604835510254

Current Evaluation = 2250(2250)
Front Size = 10
5 31 3 17 9 2 16 6 2 1 2 7 0 2 4 0 2 7 0 2 7 0 2 7 0 2 7 13 6 3 0 2 7 0 2 11 17 18 2 5 31 3 0 2 4 1 2 7 1 2 7 1 2 7 1 2 7 1 2 4 5 30 3 1 2 7 0 2 7 0 2 7 0 2 7 0 2 7 0 2 7 0 2 7 1 2 7 17 18 2 0 2 7 0 2 4 1 2 11 0 2 7 1 2 7 5 30 3 1 2 7 17 18 2 1 2 7 0 2 7 0 40.2675987482070923
0 2 8 0 2 3 0 2 8 1 2 8 5 30 3 16 19 12 0 2 8 0 2 3 0 2 8 0 2 8 0 2 8 12 16 2 1 2 8 5 30 3 0 2 8 16 6 2 16 19 12 12 16 2 0 2 8 0 2 3 0 2 8 16 6 2 0 2 8 0 2 8 0 2 3 0 2 8 0 2 3 5 30 3 0 2 8 0 2 8 8 18 2 0 2 8 5 30 3 12 16 2 0 2 3 0 2 8 5 31 3 0 2 8 8 9 2 5 31 3 4.79926003544570237e-09 45.9267767667770386
12 16 2 5 30 3 1 2 7 0 2 7 17 18 2 5 31 3 1 2 7 5 30 3 12 16 2 0 2 7 17 18 2 0 2 3 0 2 3 1 2 7 1 2 3 0 2 7 1 2 7 1 2 3 0 2 7 0 2 7 1 2 3 1 2 7 0 2 7 1 2 7 0 2 7 0 2 3 0 2 7 13 6 3 0 2 7 0 2 7 16 6 2 8 18 2 0 2 7 16 6 2 0 2 7 6 2 7 0 2 3 0 2 7 0 2 3 5 30 3 0 41.2131276726722717
12 16 2 5 30 3 8 9 2 0 2 11 0 2 11 0 2 12 0 2 12 1 2 8 17 9 2 0 2 12 1 2 8 0 2 12 0 2 8 1 2 8 16 6 2 0 2 8 16 6 2 0 2 3 5 30 3 12 16 2 0 2 12 5 30 3 17 18 2 1 2 3 0 2 3 5 30 3 0 2 7 1 2 3 0 2 8 0 2 3 1 2 3 0 2 8 0 2 7 8 18 2 8 18 2 5 30 3 1 2 8 0 2 8 8 9 2 0 2 8 0 44.167005181312561
12 16 2 5 30 3 8 9 2 1 2 3 1 2 7 17 9 2 16 15 2 17 9 2 0 2 7 5 30 3 12 16 2 0 2 7 0 2 11 0 2 4 8 18 2 8 18 2 0 2 7 0 2 11 1 2 7 0 2 4 1 2 7 0 2 7 0 2 11 0 2 7 1 2 7 1 2 7 0 2 4 6 2 4 0 2 7 5 30 3 12 16 2 1 2 7 0 2 3 1 2 4 0 2 7 1 2 4 0 2 7 0 2 7 17 9 2 0 2 7 0 41.4640318751335144
5 31 3 12 16 2 0 2 7 1 2 7 0 2 7 0 2 7 1 2 7 0 2 7 6 2 7 1 2 4 1 2 7 0 2 7 6 2 7 1 2 7 5 30 3 0 2 10 0 2 7 0 2 10 5 30 3 12 16 2 17 18 2 5 31 3 0 2 7 0 2 7 0 2 7 0 2 7 16 19 11 16 30 2 0 2 7 1 2 7 17 18 2 0 2 7 0 2 7 0 2 7 0 2 7 5 31 3 0 2 7 0 2 7 1 2 4 0 2 7 0 41.5585846900939941
12 16 2 5 30 3 17 9 2 16 6 2 16 6 2 17 1 2 0 2 7 0 2 7 1 2 8 0 2 7 6 2 7 5 30 3 0 2 7 0 2 7 0 2 10 0 2 8 0 2 7 1 2 7 0 2 7 0 2 8 0 2 7 5 30 3 0 2 7 0 2 7 5 31 3 0 2 7 0 2 7 5 30 3 0 2 7 5 31 3 1 2 7 0 2 8 0 2 7 1 2 8 0 2 7 17 18 2 1 2 7 0 2 8 8 9 2 0 2 8 0 42.2798448204994202
12 16 2 5 30 3 1 2 7 12 16 2 0 2 3 5 30 3 5 30 3 0 2 7 0 2 7 0 2 11 1 2 3 0 2 7 0 2 7 8 9 2 0 2 3 0 2 3 0 2 7 0 2 3 5 30 3 16 6 2 0 2 3 1 2 7 16 6 2 0 2 4 0 2 3 12 16 2 0 2 7 1 2 7 0 2 3 0 2 3 5 30 3 0 2 7 0 2 7 16 19 11 0 2 3 0 2 3 1 2 7 16 19 11 0 2 7 8 9 2 0 42.9469184875488281
12 16 2 16 6 2 0 2 7 0 2 7 17 9 2 16 6 2 17 18 2 0 2 3 1 2 8 0 2 11 5 30 3 0 2 7 0 2 7 0 2 8 1 2 7 0 2 3 1 2 7 0 2 4 5 30 3 0 2 7 0 2 7 1 2 7 0 2 8 1 2 8 8 9 2 1 2 8 8 9 2 0 2 12 1 2 7 0 2 7 5 31 3 1 2 3 1 2 3 0 2 4 0 2 7 12 16 2 0 2 8 0 2 12 16 30 2 1 2 7 0.00243119710002935628 41.9307149648666382
12 16 2 12 16 2 1 2 3 1 2 3 1 2 4 0 2 7 0 2 3 1 2 7 0 2 7 0 2 4 5 30 3 1 2 7 0 2 7 8 9 2 0 2 7 12 16 2 0 2 7 0 2 7 5 30 3 5 30 3 16 15 2 8 9 2 17 9 2 0 2 7 0 2 7 16 19 11 1 2 7 17 18 2 6 2 7 0 2 7 0 2 7 0 2 4 1 2 7 5 30 3 0 2 7 0 2 7 0 2 7 8 9 2 0 2 7 0 2 7 0 41.8190374970436096

Current Evaluation = 2700(2700)
Front Size = 10
5 31 3 17 9 2 16 6 2 1 2 4 0 2 3 0 2 7 0 2 7 0 2 7 0 2 7 13 6 3 0 2 7 0 2 7 17 18 2 5 30 3 0 2 7 1 2 7 1 2 7 1 2 4 1 2 7 1 2 7 5 31 3 1 2 7 0 2 7 0 2 7 0 2 7 0 2 7 0 2 4 0 2 7 1 2 7 17 18 2 0 2 7 0 2 4 1 2 7 0 2 7 1 2 7 5 30 3 1 2 4 17 18 2 1 2 7 0 2 7 0 40.148398756980896
0 2 7 13 6 3 12 16 2 5 30 3 5 30 3 1 2 7 0 2 3 0 2 7 5 30 3 0 2 7 0 2 7 0 2 11 1 2 7 17 9 2 8 18 2 1 2 11 0 2 7 0 2 3 0 2 3 0 2 3 1 2 3 0 2 7 0 2 3 1 2 3 0 2 7 1 2 7 0 2 8 12 16 2 12 16 2 8 18 2 16 6 2 16 6 2 1 2 7 0 2 7 1 2 7 1 2 3 0 2 7 17 9 2 0 2 3 1 2 8 0 41.7545636892318726
5 31 3 0 2 7 1 2 7 0 2 7 0 2 7 0 2 7 0 2 7 17 18 2 5 30 3 0 2 7 1 2 7 0 2 7 0 2 7 1 2 11 1 2 7 6 2 7 1 2 7 0 2 7 0 2 7 5 30 3 0 2 7 0 2 7 0 2 7 0 2 7 0 2 7 5 31 3 6 2 7 5 30 3 16 15 2 0 2 7 1 2 7 13 6 3 0 2 7 5 31 3 17 18 2 17 18 2 0 2 7 6 2 7 17 18 2 0 2 7 0 41.0128386616706848
12 16 2 5 30 3 8 9 2 1 2 3 1 2 7 17 9 2 16 15 2 17 9 2 0 2 7 5 30 3 12 16 2 0 2 7 0 2 11 0 2 4 8 18 2 8 18 2 0 2 7 0 2 11 1 2 7 0 2 4 1 2 7 0 2 7 0 2 11 0 2 7 1 2 7 1 2 7 0 2 4 6 2 4 0 2 7 5 30 3 12 16 2 1 2 7 0 2 3 1 2 4 0 2 7 1 2 4 0 2 7 0 2 7 17 9 2 0 2 7 0 41.4640318751335144
0 2 7 1 2 7 0 2 7 0 2 7 1 2 7 0 2 7 1 2 7 1 2 7 0 2 7 0 2 7 0 2 7 0 2 7 12 16 2 5 30 3 5 30 3 5 30 3 17 9 2 17 1 2 0 2 7 0 2 7 12 16 2 1 2 7 8 18 2 0 2 7 1 2 7 17 18 2 1 2 7 1 2 7 5 30 3 0 2 7 5 30 3 0 2 7 0 2 7 0 2 7 0 2 7 0 2 7 16 31 2 0 2 7 15 2 11 0 2 7 0 41.2371354103088379
0 2 8 0 2 3 0 2 8 1 2 8 5 30 3 16 19 12 0 2 8 0 2 3 0 2 8 0 2 8 0 2 8 12 16 2 1 2 8 5 30 3 0 2 8 16 6 2 16 19 12 12 16 2 0 2 8 0 2 3 0 2 8 16 6 2 0 2 8 0 2 8 0 2 3 0 2 8 0 2 3 5 30 3 0 2 8 0 2 8 8 18 2 0 2 8 5 30 3 12 16 2 0 2 3 0 2 8 5 31 3 0 2 8 8 9 2 5 31 3 4.79926003544570237e-09 45.9267767667770386
12 16 2 5 30 3 17 9 2 16 6 2 16 6 2 17 1 2 0 2 7 0 2 7 1 2 8 0 2 7 6 2 7 5 30 3 0 2 7 0 2 7 0 2 10 0 2 8 0 2 7 1 2 7 0 2 7 0 2 8 0 2 7 5 30 3 0 2 7 0 2 7 5 31 3 0 2 7 0 2 7 5 30 3 0 2 7 5 31 3 1 2 7 0 2 8 0 2 7 1 2 8 0 2 7 17 18 2 1 2 7 0 2 8 8 9 2 0 2 8 0 42.2798448204994202
6 2 11 1 2 7 0 2 7 0 2 7 1 2 7 0 2 3 5 30 3 0 2 7 0 2 7 1 2 7 0 2 7 6 2 7 0 2 7 1 2 7 0 2 7 0 2 11 5 31 3 1 2 7 5 31 3 16 6 2 0 2 7 5 30 3 17 18 2 0 2 7 0 2 7 16 19 11 0 2 7 0 2 7 0 2 7 5 30 3 0 2 11 8 9 2 0 2 7 5 30 3 1 2 7 17 18 2 0 2 3 0 2 11 16 6 2 0 2 11 0 41.8361908793449402
12 16 2 5 30 3 8 9 2 0 2 11 0 2 11 0 2 12 0 2 12 1 2 8 17 9 2 0 2 12 1 2 8 0 2 12 0 2 8 1 2 8 16 6 2 0 2 8 16 6 2 0 2 3 5 30 3 12 16 2 0 2 12 5 30 3 17 18 2 1 2 3 0 2 3 5 30 3 0 2 7 1 2 3 0 2 8 0 2 3 1 2 3 0 2 8 0 2 7 8 18 2 8 18 2 5 30 3 1 2 8 0 2 8 8 9 2 0 2 8 0 44.167005181312561
0 2 3 5 30 3 12 16 2 5 30 3 12 16 2 5 30 3 8 18 2 12 16 2 8 9 2 0 2 8 0 2 8 1 2 8 0 2 7 0 2 8 0 2 3 17 9 2 1 2 7 0 2 8 1 2 8 17 9 2 16 6 2 1 2 7 0 2 11 17 9 2 1 2 7 0 2 11 0 2 8 0 2 8 0 2 3 1 2 4 0 2 4 0 2 7 0 2 8 0 2 8 0 2 7 0 2 11 1 2 7 5 31 3 6 2 4 5 31 3 0.00177991548388912579 43.6929873824119568

Current Evaluation = 3150(3150)
Front Size = 10
5 30 3 0 2 7 1 2 7 0 2 7 0 2 7 0 2 7 0 2 7 17 18 2 5 30 3 1 2 7 1 2 7 1 2 7 0 2 7 0 2 7 0 2 7 1 2 4 0 2 7 5 31 3 0 2 7 1 2 4 0 2 7 0 2 4 0 2 7 1 2 7 0 2 7 13 6 3 17 18 2 17 18 2 0 2 7 1 2 7 1 2 7 16 24 2 0 2 7 0 2 7 0 2 7 5 31 3 1 2 7 1 2 7 17 18 2 1 2 7 0 40.1302337646484375
0 2 8 0 2 3 0 2 8 1 2 8 5 30 3 16 19 12 0 2 8 0 2 3 0 2 8 0 2 8 0 2 8 12 16 2 1 2 8 5 30 3 0 2 8 16 6 2 16 19 12 12 16 2 0 2 8 0 2 3 0 2 8 16 6 2 0 2 8 0 2 8 0 2 3 0 2 8 0 2 3 5 30 3 0 2 8 0 2 8 8 18 2 0 2 8 5 30 3 12 16 2 0 2 3 0 2 8 5 31 3 0 2 8 8 9 2 5 31 3 4.79926003544570237e-09 45.9267767667770386
0 2 7 12 16 2 5 30 3 0 2 7 16 6 2 12 16 2 5 30 3 17 9 2 8 18 2 5 30 3 17 18 2 1 2 7 0 2 3 0 2 11 15 2 11 5 30 3 1 2 7 5 31 3 1 2 8 0 2 4 0 2 3 8 9 2 1 2 8 0 2 12 0 2 12 1 2 8 16 6 2 0 2 7 0 2 12 0 2 12 0 2 11 1 2 4 0 2 8 0 2 8 0 2 12 5 30 3 1 2 3 0 2 8 17 18 2 1 2 7 0.0138596135474757833 43.3017609119415283
12 16 2 5 30 3 0 2 7 1 2 7 17 9 2 17 9 2 0 2 7 5 30 3 12 16 2 0 2 7 8 9 2 1 2 7 1 2 7 1 2 7 0 2 7 1 2 7 0 2 4 0 2 7 5 31 3 12 16 2 0 2 4 1 2 4 1 2 7 0 2 4 0 2 4 0 2 7 17 9 2 0 2 4 0 2 7 0 2 7 13 6 3 0 2 10 1 2 7 0 2 7 0 2 4 0 2 7 1 2 7 1 2 7 1 2 7 17 9 2 0 40.6450196504592896
12 16 2 12 16 2 0 2 7 0 2 7 0 2 7 0 2 7 0 2 7 6 2 7 5 30 3 0 2 3 6 2 11 0 2 3 1 2 7 0 2 7 5 31 3 5 30 3 0 2 3 1 2 4 1 2 7 5 31 3 0 2 7 0 2 7 0 2 3 0 2 7 0 2 3 1 2 7 8 9 2 0 2 3 0 2 3 16 6 2 16 15 2 12 16 2 6 2 7 0 2 7 0 2 7 17 18 2 5 30 3 0 2 3 6 2 7 16 30 2 0 42.0671938061714172
0 2 7 12 16 2 5 30 3 1 2 7 0 2 4 0 2 7 0 2 7 15 2 11 1 2 7 1 2 7 5 31 3 16 6 2 1 2 7 0 2 4 0 2 7 13 6 3 0 2 4 0 2 7 1 2 7 0 2 7 0 2 7 0 2 7 0 2 7 0 2 7 0 2 7 12 16 2 5 30 3 17 9 2 1 2 4 0 2 7 8 18 2 5 30 3 1 2 7 12 16 2 17 18 2 0 2 7 0 2 7 1 2 12 17 18 2 1 2 7 0 40.9722205400466919
12 16 2 5 30 3 0 2 7 0 2 7 0 2 7 5 31 3 12 16 2 0 2 4 0 2 7 1 2 7 0 2 3 1 2 7 0 2 3 1 2 7 0 2 7 1 2 3 0 2 7 12 16 2 0 2 3 0 2 3 1 2 7 1 2 3 0 2 7 0 2 7 1 2 7 17 9 2 17 9 2 13 6 3 0 2 7 1 2 7 16 6 2 5 31 3 1 2 4 0 2 7 1 2 7 1 2 7 0 2 7 0 2 7 16 30 2 0 2 3 0 40.9950867891311646
12 16 2 5 30 3 17 9 2 16 6 2 16 6 2 17 1 2 0 2 7 0 2 7 1 2 8 0 2 7 6 2 7 5 30 3 0 2 7 0 2 7 0 2 10 0 2 8 0 2 7 1 2 7 0 2 7 0 2 8 0 2 7 5 30 3 0 2 7 0 2 7 5 31 3 0 2 7 0 2 7 5 30 3 0 2 7 5 31 3 1 2 7 0 2 8 0 2 7 1 2 8 0 2 7 17 18 2 1 2 7 0 2 8 8 9 2 0 2 8 0 42.2798448204994202
0 2 11 0 2 7 17 18 2 5 30 3 5 30 3 5 30 3 5 30 3 1 2 7 0 2 11 0 2 7 0 2 7 0 2 11 8 9 2 1 2 3 0 2 7 0 2 7 0 2 7 0 2 11 12 16 2 6 2 7 0 2 11 6 2 11 0 2 7 1 2 7 1 2 7 0 2 7 5 30 3 0 2 7 0 2 7 0 2 10 0 2 11 13 6 3 12 16 2 5 30 3 17 18 2 0 2 11 1 2 11 0 2 7 17 18 2 16 19 11 0 42.5021248459815979
12 16 2 12 16 2 0 2 7 0 2 10 0 2 4 0 2 7 0 2 7 0 2 7 5 30 3 0 2 3 0 2 7 1 2 7 0 2 7 0 2 7 5 31 3 5 30 3 0 2 7 1 2 7 1 2 7 5 31 3 0 2 11 0 2 7 0 2 7 0 2 7 0 2 7 6 2 7 8 9 2 0 2 7 0 2 7 16 6 2 16 30 2 12 16 2 1 2 7 1 2 7 1 2 7 17 18 2 5 31 3 6 2 7 0 2 7 16 6 2 0 41.4261467456817627

Current Evaluation = 3600(3600)
Front Size = 10
1 2 7 0 2 7 1 2 7 0 2 7 0 2 7 0 2 7 0 2 7 5 31 3 1 2 7 1 2 11 0 2 7 0 2 7 0 2 7 0 2 7 1 2 7 0 2 7 5 31 3 0 2 7 1 2 7 1 2 7 1 2 7 1 2 7 1 2 7 0 2 7 0 2 7 1 2 7 17 18 2 1 2 7 0 2 7 0 2 7 13 6 3 1 2 7 17 18 2 17 9 2 16 6 2 0 2 7 0 2 4 0 2 7 5 31 3 17 9 2 0 40.0670827627182007
12 16 2 12 16 2 0 2 7 0 2 7 0 2 7 0 2 7 0 2 7 6 2 7 5 30 3 0 2 3 6 2 11 0 2 3 1 2 7 0 2 7 5 31 3 5 30 3 0 2 3 1 2 4 1 2 7 5 31 3 0 2 7 0 2 7 0 2 3 0 2 7 0 2 3 1 2 7 8 9 2 0 2 3 0 2 3 16 6 2 16 15 2 12 16 2 6 2 7 0 2 7 0 2 7 17 18 2 5 30 3 0 2 3 6 2 7 16 30 2 0 42.0671938061714172
0 2 11 17 18 2 5 30 3 5 30 3 16 19 11 5 30 3 0 2 7 0 2 7 0 2 3 8 9 2 0 2 11 0 2 7 1 2 11 12 16 2 0 2 11 0 2 7 6 2 11 1 2 11 0 2 7 6 2 7 0 2 11 13 6 3 12 16 2 0 2 7 0 2 7 0 2 10 0 2 7 0 2 11 0 2 7 1 2 7 0 2 7 1 2 7 5 30 3 0 2 7 5 30 3 17 18 2 1 2 7 17 9 2 0 2 11 5 30 3 0 42.5021247267723083
0 2 7 17 18 2 15 2 11 5 30 3 1 2 4 0 2 4 1 2 7 0 2 3 0 2 7 17 9 2 1 2 7 6 2 7 0 2 4 12 16 2 0 2 7 0 2 7 1 2 7 5 30 3 0 2 7 0 2 7 1 2 7 13 6 3 12 16 2 1 2 7 1 2 4 0 2 3 0 2 4 16 6 2 0 2 3 0 2 3 0 2 7 1 2 3 12 16 2 1 2 7 0 2 4 0 2 3 0 2 7 1 2 7 17 18 2 5 31 3 0 41.0105137228965759
0 2 8 0 2 3 0 2 8 1 2 8 5 30 3 16 19 12 0 2 8 0 2 3 0 2 8 0 2 8 0 2 8 12 16 2 1 2 8 5 30 3 0 2 8 16 6 2 16 19 12 12 16 2 0 2 8 0 2 3 0 2 8 16 6 2 0 2 8 0 2 8 0 2 3 0 2 8 0 2 3 5 30 3 0 2 8 0 2 8 8 18 2 0 2 8 5 30 3 12 16 2 0 2 3 0 2 8 5 31 3 0 2 8 8 9 2 5 31 3 4.79926003544570237e-09 45.9267767667770386
12 16 2 0 2 7 1 2 7 6 2 7 0 2 3 0 2 7 1 2 3 17 1 2 0 2 7 0 2 7 5 30 3 5 31 3 1 2 7 5 31 3 0 2 7 0 2 7 0 2 7 1 2 7 1 2 7 5 31 3 0 2 7 17 9 2 0 2 7 0 2 7 17 9 2 1 2 4 6 2 7 0 2 7 0 2 7 5 30 3 0 2 7 0 2 7 16 6 2 0 2 7 16 6 2 0 2 7 0 2 7 1 2 7 0 2 7 0 2 7 0 40.9474647045135498
0 2 3 5 30 3 12 16 2 5 30 3 12 16 2 5 31 3 0 2 8 0 2 7 0 2 7 16 19 12 0 2 8 0 2 3 0 2 8 1 2 4 0 2 7 1 2 8 1 2 4 0 2 7 0 2 7 0 2 8 0 2 3 0 2 7 1 2 7 0 2 8 1 2 7 1 2 7 0 2 8 0 2 3 5 30 3 0 2 8 0 2 8 1 2 3 17 18 2 0 2 7 1 2 7 0 2 3 0 2 7 0 2 8 8 9 2 1 2 7 0.00043863217841150383 43.7597253322601318
12 16 2 0 2 7 0 2 7 0 2 7 0 2 7 1 2 7 0 2 7 17 9 2 1 2 7 8 9 2 5 30 3 5 30 3 0 2 3 5 30 3 0 2 7 0 2 3 0 2 7 1 2 7 0 2 7 5 30 3 0 2 7 1 2 7 0 2 7 1 2 3 12 16 2 0 2 7 0 2 7 0 2 7 0 2 3 1 2 7 13 6 3 17 18 2 1 2 3 0 2 7 0 2 7 5 31 3 1 2 7 1 2 7 16 30 2 16 6 2 0 41.1626526117324829
0 2 7 5 31 3 12 16 2 5 31 3 12 16 2 0 2 7 0 2 4 1 2 7 1 2 7 0 2 7 1 2 7 0 2 4 1 2 7 0 2 7 17 18 2 0 2 7 5 30 3 0 2 4 17 9 2 1 2 7 1 2 7 0 2 7 0 2 7 0 2 7 17 9 2 0 2 7 1 2 7 0 2 4 0 2 7 1 2 3 1 2 7 1 2 4 0 2 7 1 2 4 0 2 4 0 2 7 1 2 7 13 6 3 17 9 2 6 2 7 0 40.425436794757843
5 30 3 5 30 3 17 9 2 0 2 7 1 2 7 0 2 7 0 2 7 1 2 7 0 2 7 0 2 7 0 2 7 0 2 7 1 2 7 0 2 7 0 2 7 0 2 7 0 2 7 5 31 3 17 9 2 0 2 7 1 2 7 0 2 7 0 2 7 5 30 3 1 2 7 0 2 7 0 2 7 5 30 3 12 16 2 16 19 11 0 2 7 16 30 2 0 2 10 6 2 11 12 16 2 1 2 7 8 9 2 6 2 10 17 18 2 1 2 4 0.00201423687842907078 41.4283264875411987

Current Evaluation = 4050(4050)
Front Size = 10
1 2 7 0 2 7 1 2 7 0 2 7 0 2 7 0 2 7 0 2 7 5 31 3 1 2 7 1 2 11 0 2 7 0 2 7 0 2 7 0 2 7 1 2 7 0 2 7 5 31 3 0 2 7 1 2 7 1 2 7 1 2 7 1 2 7 1 2 7 0 2 7 0 2 7 1 2 7 17 18 2 1 2 7 0 2 7 0 2 7 13 6 3 1 2 7 17 18 2 17 9 2 16 6 2 0 2 7 0 2 4 0 2 7 5 31 3 17 9 2 0 40.0670827627182007
12 16 2 8 18 2 0 2 7 1 2 3 0 2 7 0 2 3 0 2 3 1 2 3 5 30 3 1 2 3 0 2 3 1 2 3 0 2 4 5 30 3 5 30 3 0 2 3 0 2 7 1 2 3 1 2 4 0 2 3 0 2 3 0 2 3 1 2 7 16 31 2 12 16 2 17 18 2 1 2 7 12 16 2 1 2 4 1 2 7 0 2 4 0 2 3 16 6 2 0 2 7 1 2 7 0 2 3 0 2 3 0 2 7 0 2 4 16 6 2 0 41.8464608192443848
12 16 2 12 16 2 0 2 7 0 2 7 0 2 7 0 2 7 0 2 7 6 2 7 5 30 3 0 2 3 6 2 11 0 2 3 1 2 7 0 2 7 5 31 3 5 30 3 0 2 3 1 2 4 1 2 7 5 31 3 0 2 7 0 2 7 0 2 3 0 2 7 0 2 3 1 2 7 8 9 2 0 2 3 0 2 3 16 6 2 16 15 2 12 16 2 6 2 7 0 2 7 0 2 7 17 18 2 5 30 3 0 2 3 6 2 7 16 30 2 0 42.0671938061714172
0 2 7 5 31 3 12 16 2 5 31 3 12 16 2 0 2 7 0 2 4 1 2 7 1 2 7 0 2 7 1 2 7 0 2 4 1 2 7 0 2 7 17 18 2 0 2 7 5 30 3 0 2 4 17 9 2 1 2 7 1 2 7 0 2 7 0 2 7 0 2 7 17 9 2 0 2 7 1 2 7 0 2 4 0 2 7 1 2 3 1 2 7 1 2 4 0 2 7 1 2 4 0 2 4 0 2 7 1 2 7 13 6 3 17 9 2 6 2 7 0 40.425436794757843
12 16 2 12 16 2 0 2 11 0 2 7 0 2 7 0 2 7 0 2 7 0 2 7 5 31 3 0 2 7 1 2 7 0 2 7 1 2 7 5 30 3 5 31 3 0 2 7 0 2 7 0 2 7 0 2 7 0 2 3 8 9 2 16 31 2 12 16 2 0 2 7 0 2 7 17 18 2 0 2 7 0 2 4 1 2 7 1 2 7 1 2 7 1 2 7 0 2 7 0 2 4 1 2 7 0 2 7 16 6 2 1 2 7 5 30 3 16 6 2 0 41.2089176177978516
0 2 8 0 2 3 0 2 8 1 2 8 5 30 3 16 19 12 0 2 8 0 2 3 0 2 8 0 2 8 0 2 8 12 16 2 1 2 8 5 30 3 0 2 8 16 6 2 16 19 12 12 16 2 0 2 8 0 2 3 0 2 8 16 6 2 0 2 8 0 2 8 0 2 3 0 2 8 0 2 3 5 30 3 0 2 8 0 2 8 8 18 2 0 2 8 5 30 3 12 16 2 0 2 3 0 2 8 5 31 3 0 2 8 8 9 2 5 31 3 4.79926003544570237e-09 45.9267767667770386
12 16 2 12 16 2 0 2 3 0 2 7 6 2 3 1 2 7 0 2 3 0 2 7 5 30 3 0 2 7 1 2 3 0 2 3 0 2 3 1 2 7 0 2 7 0 2 3 0 2 3 0 2 3 0 2 7 17 18 2 1 2 3 0 2 7 8 18 2 5 30 3 5 30 3 5 30 3 0 2 4 0 2 7 16 19 11 0 2 7 0 2 7 1 2 7 5 30 3 0 2 7 0 2 7 16 24 2 1 2 7 8 18 2 1 2 3 16 6 2 0 42.3439335823059082
17 18 2 5 31 3 1 2 3 17 9 2 0 2 7 6 2 7 6 2 7 1 2 7 0 2 7 5 30 3 0 2 7 0 2 7 0 2 3 5 30 3 0 2 7 1 2 7 1 2 7 12 16 2 0 2 7 0 2 7 17 18 2 16 6 2 0 2 7 12 16 2 5 31 3 0 2 3 0 2 7 0 2 7 1 2 4 13 6 3 0 2 3 0 2 7 0 2 7 1 2 4 1 2 4 0 2 7 1 2 7 0 2 7 0 2 4 1 2 7 0 40.8896857500076294
0 2 11 17 18 2 5 30 3 5 30 3 16 19 11 5 30 3 0 2 7 0 2 7 0 2 3 8 9 2 0 2 11 0 2 7 1 2 11 12 16 2 0 2 11 0 2 7 6 2 11 1 2 11 0 2 7 6 2 7 0 2 11 13 6 3 12 16 2 0 2 7 0 2 7 0 2 10 0 2 7 0 2 11 0 2 7 1 2 7 0 2 7 1 2 7 5 30 3 0 2 7 5 30 3 17 18 2 1 2 7 17 9 2 0 2 11 5 30 3 0 42.5021247267723083
12 16 2 0 2 3 0 2 7 1 2 7 0 2 7 5 30 3 0 2 7 1 2 3 1 2 7 0 2 7 0 2 7 0 2 7 5 30 3 0 2 7 0 2 7 0 2 7 1 2 7 0 2 7 0 2 7 1 2 7 16 6 2 1 2 7 16 6 2 0 2 3 0 2 7 0 2 3 0 2 7 5 31 3 0 2 3 6 2 7 1 2 3 0 2 7 17 1 2 5 30 3 0 2 7 16 19 11 5 30 3 16 24 2 0 2 7 0 2 7 0.000410920305502018813 41.2612685561180115

Current Evaluation = 4500(4500)
Front Size = 10
1 2 7 0 2 7 1 2 7 0 2 7 0 2 7 0 2 7 0 2 7 5 31 3 1 2 7 1 2 11 0 2 7 0 2 7 0 2 7 0 2 7 1 2 7 0 2 7 5 31 3 0 2 7 1 2 7 1 2 7 1 2 7 1 2 7 1 2 7 0 2 7 0 2 7 1 2 7 17 18 2 1 2 7 0 2 7 0 2 7 13 6 3 1 2 7 17 18 2 17 9 2 16 6 2 0 2 7 0 2 4 0 2 7 5 31 3 17 9 2 0 40.0670827627182007
0 2 7 1 2 4 0 2 7 0 2 7 1 2 3 1 2 4 0 2 7 17 18 2 0 2 7 5 31 3 1 2 7 5 31 3 0 2 7 1 2 4 1 2 7 0 2 7 0 2 7 0 2 11 0 2 7 1 2 7 1 2 4 0 2 7 0 2 3 0 2 7 1 2 7 1 2 7 17 9 2 1 2 7 0 2 4 5 31 3 1 2 7 0 2 3 17 18 2 0 2 7 0 2 11 16 6 2 0 2 7 0 2 7 16 6 2 0 2 7 0 40.6156350374221802
12 16 2 0 2 3 6 2 7 5 30 3 0 2 7 5 30 3 5 30 3 0 2 7 0 2 3 0 2 7 0 2 11 0 2 7 1 2 7 0 2 3 1 2 7 0 2 3 13 6 3 1 2 7 0 2 7 1 2 7 5 30 3 1 2 7 0 2 7 17 9 2 1 2 7 1 2 7 0 2 7 0 2 4 0 2 7 16 30 2 12 16 2 0 2 3 12 16 2 17 9 2 0 2 7 5 31 3 8 9 2 0 2 7 0 2 7 16 6 2 0 41.4368956685066223
1 2 7 0 2 4 0 2 7 0 2 7 0 2 3 1 2 3 0 2 4 1 2 11 0 2 7 1 2 7 5 30 3 0 2 7 0 2 7 1 2 11 0 2 7 0 2 7 0 2 4 17 18 2 0 2 7 0 2 7 6 2 7 1 2 7 0 2 4 1 2 7 0 2 4 1 2 7 0 2 7 16 6 2 1 2 7 5 31 3 17 9 2 17 9 2 5 31 3 0 2 7 1 2 7 16 31 2 1 2 7 0 2 7 5 30 3 0 2 7 0 40.6471937298774719
0 2 8 0 2 3 0 2 8 1 2 8 5 30 3 16 19 12 0 2 8 0 2 3 0 2 8 0 2 8 0 2 8 12 16 2 1 2 8 5 30 3 0 2 8 16 6 2 16 19 12 12 16 2 0 2 8 0 2 3 0 2 8 16 6 2 0 2 8 0 2 8 0 2 3 0 2 8 0 2 3 5 30 3 0 2 8 0 2 8 8 18 2 0 2 8 5 30 3 12 16 2 0 2 3 0 2 8 5 31 3 0 2 8 8 9 2 5 31 3 4.79926003544570237e-09 45.9267767667770386
12 16 2 8 18 2 0 2 7 1 2 3 0 2 7 0 2 3 0 2 3 1 2 3 5 30 3 1 2 3 0 2 3 1 2 3 0 2 4 5 30 3 5 30 3 0 2 3 0 2 7 1 2 3 1 2 4 0 2 3 0 2 3 0 2 3 1 2 7 16 31 2 12 16 2 17 18 2 1 2 7 12 16 2 1 2 4 1 2 7 0 2 4 0 2 3 16 6 2 0 2 7 1 2 7 0 2 3 0 2 3 0 2 7 0 2 4 16 6 2 0 41.8464608192443848
0 2 7 1 2 3 1 2 7 0 2 7 0 2 3 0 2 7 1 2 7 1 2 7 0 2 7 17 18 2 16 30 2 0 2 7 5 30 3 5 31 3 0 2 7 5 31 3 0 2 7 12 16 2 1 2 7 5 30 3 0 2 3 0 2 7 0 2 7 1 2 11 12 16 2 0 2 3 0 2 3 0 2 3 1 2 3 0 2 7 16 18 11 0 2 7 0 2 4 0 2 3 1 2 7 1 2 7 0 2 7 0 2 7 16 30 2 1 2 3 0 41.8223238587379456
1 2 7 1 2 7 0 2 7 0 2 4 0 2 7 0 2 7 0 2 7 5 30 3 1 2 7 1 2 4 0 2 7 0 2 3 0 2 7 8 18 2 0 2 7 1 2 7 0 2 7 1 2 7 1 2 7 1 2 7 0 2 7 1 2 7 0 2 7 0 2 7 1 2 7 17 18 2 1 2 7 0 2 7 13 6 3 17 9 2 17 9 2 5 30 3 0 2 7 1 2 4 5 31 3 12 16 2 0 2 3 1 2 7 0 2 7 17 9 2 0 40.4343197345733643
5 30 3 12 16 2 0 2 7 8 18 2 16 15 2 17 18 2 5 31 3 5 30 3 17 9 2 0 2 7 8 18 2 1 2 11 0 2 7 0 2 7 0 2 11 0 2 3 0 2 3 0 2 7 6 2 7 1 2 7 6 2 7 0 2 4 1 2 7 0 2 11 17 9 2 0 2 4 5 30 3 0 2 11 1 2 11 1 2 7 0 2 4 0 2 7 0 2 7 0 2 3 0 2 7 12 16 2 1 2 7 1 2 7 0 2 11 6 2 7 0 41.9652889370918274
5 31 3 5 31 3 16 6 2 0 2 8 0 2 7 1 2 7 0 2 8 0 2 7 0 2 8 0 2 8 0 2 8 1 2 11 0 2 7 0 2 8 12 16 2 0 2 7 8 9 2 0 2 7 5 30 3 16 19 12 1 2 7 1 2 7 16 6 2 1 2 7 5 30 3 0 2 7 1 2 7 17 18 2 1 2 7 0 2 7 0 2 8 13 6 3 0 2 3 5 30 3 17 9 2 0 2 7 0 2 4 0 2 7 5 31 3 0 2 8 0.00062351147580245775 42.5686432123184204

Current Evaluation = 4950(4950)
Front Size = 10
1 2 7 0 2 7 1 2 7 0 2 7 0 2 7 0 2 7 0 2 7 1 2 7 0 2 7 17 18 2 0 2 7 1 2 4 5 31 3 1 2 11 0 2 7 1 2 7 0 2 7 0 2 7 0 2 7 1 2 7 0 2 7 0 2 7 0 2 7 1 2 7 1 2 7 0 2 7 1 2 7 1 2 7 1 2 7 1 2 7 16 6 2 17 18 2 13 6 3 5 31 3 17 18 2 17 9 2 0 2 7 0 2 7 5 31 3 0 2 7 0 40.0670827627182007
5 30 3 1 2 7 16 6 2 17 18 2 5 30 3 13 6 3 0 2 7 0 2 3 1 2 7 0 2 7 0 2 7 1 2 7 1 2 7 0 2 3 1 2 7 0 2 7 0 2 7 0 2 7 1 2 7 0 2 7 0 2 3 1 2 7 0 2 7 1 2 7 0 2 3 12 16 2 8 18 2 0 2 7 5 31 3 1 2 7 0 2 3 0 2 3 17 18 2 0 2 7 5 30 3 1 2 7 0 2 3 16 6 2 12 16 2 0 2 7 0 41.1368346214294434
12 16 2 0 2 4 1 2 7 0 2 7 0 2 7 0 2 4 1 2 7 5 30 3 0 2 7 0 2 7 5 30 3 5 31 3 0 2 7 0 2 3 0 2 3 12 16 2 0 2 7 12 16 2 0 2 7 16 6 2 1 2 7 1 2 7 0 2 7 0 2 7 0 2 7 1 2 3 5 31 3 8 9 2 0 2 4 1 2 7 12 16 2 16 30 2 16 30 2 0 2 7 0 2 7 1 2 3 0 2 7 16 31 2 1 2 7 12 16 2 0 41.4103686809539795
1 2 7 5 30 3 0 2 7 0 2 7 0 2 7 0 2 7 0 2 7 6 2 7 0 2 7 5 30 3 0 2 7 0 2 7 6 2 7 0 2 7 5 31 3 0 2 7 0 2 7 1 2 7 0 2 7 6 2 7 0 2 3 0 2 7 5 31 3 5 31 3 0 2 7 6 2 3 5 30 3 1 2 7 0 2 7 0 2 7 0 2 7 1 2 7 0 2 7 16 15 2 17 9 2 17 9 2 16 19 11 1 2 7 16 30 2 0 2 3 0 41.4746137261390686
12 16 2 8 18 2 0 2 7 1 2 3 0 2 7 0 2 3 0 2 3 1 2 3 5 30 3 1 2 3 0 2 3 1 2 3 0 2 4 5 30 3 5 30 3 0 2 3 0 2 7 1 2 3 1 2 4 0 2 3 0 2 3 0 2 3 1 2 7 16 31 2 12 16 2 17 18 2 1 2 7 12 16 2 1 2 4 1 2 7 0 2 4 0 2 3 16 6 2 0 2 7 1 2 7 0 2 3 0 2 3 0 2 7 0 2 4 16 6 2 0 41.8464608192443848
5 31 3 1 2 3 17 18 2 5 31 3 1 2 7 0 2 4 0 2 7 1 2 4 0 2 7 0 2 7 1 2 10 0 2 7 0 2 7 0 2 7 16 6 2 1 2 7 6 2 7 1 2 7 0 2 4 1 2 4 0 2 7 5 30 3 1 2 7 17 18 2 0 2 7 1 2 7 1 2 7 17 9 2 1 2 7 0 2 7 0 2 7 0 2 7 5 31 3 0 2 7 0 2 4 0 2 3 0 2 3 0 2 7 16 6 2 0 2 7 0 40.6373708844184875
0 2 4 6 2 7 1 2 7 0 2 4 1 2 7 0 2 7 0 2 7 1 2 7 0 2 7 17 18 2 0 2 11 5 30 3 0 2 7 1 2 7 0 2 4 0 2 7 0 2 7 1 2 7 0 2 3 0 2 4 16 31 2 0 2 7 0 2 7 1 2 7 0 2 7 0 2 7 16 19 11 5 30 3 1 2 7 0 2 7 1 2 7 17 9 2 1 2 7 1 2 7 5 31 3 17 18 2 0 2 7 0 2 7 5 31 3 1 2 7 0 40.833443820476532
0 2 7 1 2 7 0 2 7 0 2 4 0 2 7 0 2 7 5 30 3 1 2 7 0 2 7 0 2 7 0 2 7 0 2 7 1 2 7 0 2 7 0 2 7 1 2 7 0 2 7 1 2 7 0 2 7 5 30 3 13 6 3 15 2 11 17 9 2 5 30 3 1 2 7 5 30 3 12 16 2 1 2 6 0 2 7 0 2 7 17 18 2 0 2 7 1 2 7 16 30 2 0 2 7 1 2 7 5 31 3 0 2 7 0 2 7 17 9 2 0 40.8456375598907471
12 16 2 0 2 7 0 2 7 16 6 2 0 2 7 0 2 7 0 2 7 5 31 3 1 2 7 0 2 7 5 31 3 5 30 3 1 2 7 0 2 7 1 2 7 12 16 2 1 2 7 12 16 2 6 2 7 16 6 2 0 2 7 5 30 3 0 2 7 8 9 2 17 9 2 0 2 7 1 2 7 1 2 7 0 2 7 0 2 7 0 2 7 17 9 2 0 2 7 0 2 7 13 6 3 5 30 3 0 2 7 0 2 4 1 2 11 0 2 7 0 41.072551429271698
1 2 7 5 31 3 0 2 7 0 2 7 0 2 4 0 2 7 6 2 7 0 2 4 5 30 3 1 2 7 1 2 7 0 2 7 0 2 7 1 2 7 0 2 7 0 2 7 0 2 7 0 2 7 0 2 7 0 2 7 5 31 3 1 2 7 17 18 2 5 31 3 17 18 2 0 2 7 1 2 7 16 6 2 5 31 3 16 30 2 0 2 7 0 2 7 6 2 7 0 2 7 1 2 7 12 16 2 0 2 7 0 2 7 6 2 7 12 16 2 0 41.0907548069953918

Current Evaluation = 5400(5400)
Front Size = 10
0 2 7 0 2 7 0 2 7 1 2 7 1 2 7 0 2 7 0 2 7 1 2 7 0 2 7 17 18 2 0 2 7 1 2 4 5 31 3 0 2 7 1 2 7 0 2 7 0 2 7 0 2 7 1 2 7 0 2 7 0 2 7 0 2 7 1 2 7 1 2 7 16 6 2 17 18 2 5 31 3 17 9 2 5 31 3 1 2 7 0 2 7 1 2 7 0 2 7 1 2 7 1 2 7 13 6 3 17 18 2 1 2 11 0 2 7 0 2 7 0 40.0670827627182007
12 16 2 1 2 3 0 2 7 0 2 4 0 2 7 5 30 3 1 2 3 1 2 7 5 30 3 5 31 3 1 2 4 0 2 7 0 2 7 12 16 2 0 2 7 0 2 4 16 6 2 1 2 7 0 2 7 0 2 7 0 2 7 0 2 3 0 2 3 0 2 7 1 2 7 0 2 4 1 2 7 12 16 2 13 6 3 0 2 7 1 2 7 1 2 3 12 16 2 17 18 2 1 2 3 0 2 7 0 2 3 17 18 2 16 30 2 8 9 2 0 41.1264107227325439
1 2 7 0 2 4 16 6 2 0 2 7 0 2 4 5 31 3 0 2 7 6 2 7 5 31 3 0 2 4 1 2 7 0 2 7 1 2 7 17 9 2 0 2 7 0 2 7 1 2 3 0 2 7 0 2 7 0 2 7 6 2 7 0 2 7 1 2 7 0 2 7 5 31 3 5 31 3 0 2 7 0 2 7 16 6 2 0 2 7 12 16 2 1 2 7 17 9 2 0 2 7 16 6 2 0 2 3 1 2 7 1 2 7 1 2 7 0 2 7 0 40.6145018339157104
0 2 4 6 2 7 1 2 7 0 2 4 1 2 7 0 2 7 0 2 7 1 2 7 0 2 7 17 18 2 0 2 11 5 30 3 0 2 7 1 2 7 0 2 4 0 2 7 0 2 7 1 2 7 0 2 3 0 2 4 16 31 2 0 2 7 0 2 7 1 2 7 0 2 7 0 2 7 16 19 11 5 30 3 1 2 7 0 2 7 1 2 7 17 9 2 1 2 7 1 2 7 5 31 3 17 18 2 0 2 7 0 2 7 5 31 3 1 2 7 0 40.833443820476532
1 2 7 0 2 7 1 2 7 0 2 3 1 2 7 0 2 3 1 2 7 1 2 7 0 2 7 17 18 2 0 2 7 1 2 3 5 31 3 0 2 7 0 2 7 0 2 7 0 2 7 0 2 7 0 2 7 0 2 7 0 2 4 0 2 7 1 2 4 0 2 4 16 6 2 17 18 2 5 31 3 17 9 2 1 2 7 1 2 4 5 31 3 1 2 7 1 2 3 0 2 7 1 2 7 16 6 2 0 2 7 0 2 7 1 2 4 0 2 7 0 40.4458829164505005
5 30 3 1 2 7 16 6 2 17 18 2 5 30 3 13 6 3 0 2 7 0 2 3 1 2 7 0 2 7 0 2 7 1 2 7 1 2 7 0 2 3 1 2 7 0 2 7 0 2 7 0 2 7 1 2 7 0 2 7 0 2 3 1 2 7 0 2 7 1 2 7 0 2 3 12 16 2 8 18 2 0 2 7 5 31 3 1 2 7 0 2 3 0 2 3 17 18 2 0 2 7 5 30 3 1 2 7 0 2 3 16 6 2 12 16 2 0 2 7 0 41.1368346214294434
0 2 7 1 2 7 0 2 7 0 2 4 0 2 7 0 2 7 5 30 3 1 2 7 0 2 7 0 2 7 0 2 7 0 2 7 1 2 7 0 2 7 0 2 7 1 2 7 0 2 7 1 2 7 0 2 7 5 30 3 13 6 3 15 2 11 17 9 2 5 30 3 1 2 7 5 30 3 12 16 2 1 2 6 0 2 7 0 2 7 17 18 2 0 2 7 1 2 7 16 30 2 0 2 7 1 2 7 5 31 3 0 2 7 0 2 7 17 9 2 0 40.8456375598907471
12 16 2 8 18 2 0 2 7 1 2 3 0 2 7 0 2 3 0 2 3 1 2 3 5 30 3 1 2 3 0 2 3 1 2 3 0 2 4 5 30 3 5 30 3 0 2 3 0 2 7 1 2 3 1 2 4 0 2 3 0 2 3 0 2 3 1 2 7 16 31 2 12 16 2 17 18 2 1 2 7 12 16 2 1 2 4 1 2 7 0 2 4 0 2 3 16 6 2 0 2 7 1 2 7 0 2 3 0 2 3 0 2 7 0 2 4 16 6 2 0 41.8464608192443848
0 2 7 0 2 7 0 2 7 0 2 4 5 31 3 1 2 7 0 2 7 5 31 3 1 2 7 0 2 7 16 6 2 16 6 2 0 2 7 6 2 7 17 9 2 0 2 7 5 31 3 0 2 7 0 2 7 1 2 4 0 2 7 0 2 7 0 2 4 0 2 7 1 2 7 5 30 3 0 2 7 0 2 7 0 2 7 1 2 7 1 2 7 1 2 7 1 2 11 13 6 3 17 9 2 0 2 7 17 18 2 0 2 7 5 30 3 12 16 2 0 40.6108766198158264
12 16 2 0 2 7 0 2 7 5 30 3 1 2 7 5 31 3 5 31 3 0 2 7 0 2 7 12 16 2 0 2 7 16 6 2 1 2 7 0 2 7 6 2 3 8 9 2 1 2 3 0 2 7 0 2 7 0 2 7 1 2 7 13 6 3 0 2 7 1 2 7 17 18 2 0 2 7 1 2 3 17 18 2 1 2 7 0 2 7 12 16 2 1 2 7 0 2 7 0 2 7 12 16 2 0 2 4 1 2 7 0 2 4 16 6 2 0 2 7 0 40.8783595561981201

Current Evaluation = 5850(5850)
Front Size = 10
1 2 7 1 2 4 0 2 7 5 31 3 0 2 7 0 2 7 0 2 7 1 2 7 1 2 7 1 2 7 1 2 7 0 2 7 0 2 7 0 2 7 0 2 7 0 2 7 0 2 7 1 2 7 0 2 7 0 2 7 0 2 7 1 2 11 1 2 7 16 6 2 5 31 3 17 9 2 0 2 7 13 6 3 5 31 3 17 18 2 0 2 7 0 2 7 1 2 7 1 2 7 0 2 7 0 2 7 1 2 7 17 9 2 1 2 7 17 18 2 0 40.0670827627182007
0 2 7 0 2 4 0 2 7 1 2 11 1 2 7 0 2 7 0 2 7 1 2 11 0 2 7 17 9 2 0 2 7 1 2 4 5 31 3 1 2 7 0 2 7 0 2 7 0 2 7 0 2 4 1 2 7 0 2 7 0 2 7 0 2 7 1 2 11 16 6 2 1 2 4 17 9 2 5 31 3 0 2 7 0 2 7 13 6 3 1 2 7 0 2 7 5 30 3 17 18 2 1 2 7 5 30 3 1 2 7 0 2 7 17 18 2 0 2 7 0 40.4377505779266357
5 30 3 1 2 7 16 6 2 17 18 2 5 30 3 13 6 3 0 2 7 0 2 3 1 2 7 0 2 7 0 2 7 1 2 7 1 2 7 0 2 3 1 2 7 0 2 7 0 2 7 0 2 7 1 2 7 0 2 7 0 2 3 1 2 7 0 2 7 1 2 7 0 2 3 12 16 2 8 18 2 0 2 7 5 31 3 1 2 7 0 2 3 0 2 3 17 18 2 0 2 7 5 30 3 1 2 7 0 2 3 16 6 2 12 16 2 0 2 7 0 41.1368346214294434
0 2 7 0 2 7 16 6 2 0 2 7 0 2 7 5 31 3 0 2 7 5 31 3 0 2 7 1 2 7 6 2 4 16 6 2 0 2 7 0 2 7 0 2 7 0 2 7 0 2 7 0 2 7 17 18 2 0 2 7 1 2 4 1 2 7 1 2 7 12 16 2 1 2 3 0 2 7 0 2 7 1 2 3 0 2 7 1 2 7 0 2 7 1 2 4 0 2 7 5 31 3 5 31 3 16 6 2 17 9 2 1 2 7 6 2 7 0 2 7 0 40.6145018339157104
12 16 2 8 18 2 0 2 7 1 2 3 0 2 7 0 2 3 0 2 3 1 2 3 5 30 3 1 2 3 0 2 3 1 2 3 0 2 4 5 30 3 5 30 3 0 2 3 0 2 7 1 2 3 1 2 4 0 2 3 0 2 3 0 2 3 1 2 7 16 31 2 12 16 2 17 18 2 1 2 7 12 16 2 1 2 4 1 2 7 0 2 4 0 2 3 16 6 2 0 2 7 1 2 7 0 2 3 0 2 3 0 2 7 0 2 4 16 6 2 0 41.8464608192443848
0 2 7 1 2 7 0 2 7 1 2 4 1 2 7 0 2 4 0 2 7 0 2 7 17 18 2 0 2 3 1 2 7 0 2 7 0 2 7 1 2 7 0 2 7 1 2 7 0 2 3 0 2 4 0 2 7 0 2 7 1 2 3 0 2 7 1 2 4 17 9 2 5 31 3 17 18 2 0 2 7 0 2 7 5 31 3 1 2 7 1 2 7 16 6 2 0 2 4 0 2 7 16 6 2 0 2 7 5 31 3 1 2 7 1 2 3 1 2 7 0 40.4458829164505005
12 16 2 1 2 7 0 2 7 1 2 7 5 31 3 0 2 7 0 2 3 0 2 7 0 2 7 1 2 7 1 2 7 0 2 7 1 2 7 0 2 7 0 2 7 0 2 7 0 2 7 0 2 3 1 2 7 0 2 7 1 2 7 0 2 7 0 2 7 0 2 7 0 2 7 0 2 7 16 6 2 5 31 3 16 6 2 17 9 2 1 2 7 13 6 3 5 31 3 17 18 2 1 2 7 0 2 7 17 9 2 6 2 7 1 2 7 5 31 3 0 40.5398088097572327
0 2 4 6 2 7 1 2 7 0 2 4 1 2 7 0 2 7 0 2 7 1 2 7 0 2 7 17 18 2 0 2 11 5 30 3 0 2 7 1 2 7 0 2 4 0 2 7 0 2 7 1 2 7 0 2 3 0 2 4 16 31 2 0 2 7 0 2 7 1 2 7 0 2 7 0 2 7 16 19 11 5 30 3 1 2 7 0 2 7 1 2 7 17 9 2 1 2 7 1 2 7 5 31 3 17 18 2 0 2 7 0 2 7 5 31 3 1 2 7 0 40.833443820476532
12 16 2 0 2 7 0 2 4 0 2 7 0 2 7 5 30 3 1 2 7 1 2 7 5 30 3 5 31 3 1 2 7 0 2 7 0 2 7 12 16 2 5 30 3 0 2 7 16 31 2 1 2 7 0 2 3 0 2 4 0 2 7 1 2 7 0 2 7 0 2 7 1 2 7 0 2 7 1 2 7 12 16 2 13 6 3 0 2 7 6 2 7 0 2 4 12 16 2 17 18 2 1 2 7 0 2 7 0 2 7 17 18 2 16 6 2 8 9 2 0 40.8841775059700012
5 31 3 1 2 7 17 18 2 5 30 3 0 2 7 0 2 7 1 2 7 0 2 7 0 2 7 1 2 7 0 2 7 0 2 7 1 2 4 0 2 7 0 2 7 6 2 7 0 2 7 1 2 7 0 2 7 0 2 7 0 2 7 5 31 3 1 2 7 17 18 2 0 2 7 1 2 7 0 2 7 17 9 2 13 6 3 0 2 4 0 2 7 0 2 7 1 2 7 16 19 11 0 2 7 0 2 7 5 30 3 5 31 3 16 6 2 12 16 2 0 40.8971266150474548

Current Evaluation = 6300(6300)
Front Size = 10
0 2 7 0 2 7 1 2 7 1 2 7 1 2 7 0 2 7 0 2 7 1 2 7 0 2 7 1 2 7 1 2 7 0 2 7 0 2 7 5 31 3 17 18 2 0 2 7 1 2 7 0 2 7 1 2 7 0 2 7 17 18 2 16 6 2 5 31 3 5 31 3 17 9 2 0 2 7 0 2 7 0 2 7 0 2 7 0 2 7 0 2 7 0 2 7 1 2 11 0 2 7 1 2 7 1 2 7 1 2 4 13 6 3 17 9 2 1 2 7 0 40.0670827627182007
0 2 3 0 2 7 0 2 7 0 2 4 5 31 3 1 2 4 5 31 3 0 2 7 1 2 3 0 2 4 0 2 7 0 2 7 0 2 7 0 2 7 1 2 7 17 18 2 0 2 7 1 2 7 1 2 7 1 2 4 17 9 2 0 2 7 0 2 7 16 6 2 1 2 7 0 2 3 1 2 7 1 2 7 1 2 3 0 2 7 0 2 7 1 2 7 0 2 7 0 2 4 1 2 7 0 2 7 1 2 7 5 31 3 16 6 2 17 18 2 0 40.4458829164505005
0 2 7 0 2 7 0 2 7 0 2 7 5 30 3 1 2 7 0 2 3 5 30 3 5 31 3 1 2 7 0 2 7 1 2 11 5 30 3 0 2 7 1 2 7 0 2 3 0 2 7 0 2 11 1 2 7 0 2 7 0 2 3 0 2 7 17 18 2 17 18 2 16 6 2 1 2 3 0 2 7 16 31 2 0 2 7 5 30 3 0 2 7 13 6 3 0 2 7 16 6 2 1 2 7 12 16 2 1 2 7 0 2 11 0 2 7 0 2 7 0 41.0248886346817017
0 2 7 1 2 4 0 2 7 0 2 7 5 30 3 1 2 7 5 31 3 0 2 7 1 2 7 1 2 7 0 2 7 0 2 7 0 2 7 0 2 7 1 2 7 17 18 2 0 2 7 1 2 4 1 2 7 1 2 7 17 9 2 0 2 7 5 31 3 16 31 2 1 2 7 0 2 7 1 2 4 0 2 7 0 2 7 0 2 7 0 2 7 1 2 4 0 2 7 0 2 7 0 2 7 0 2 7 1 2 7 5 31 3 16 6 2 17 18 2 0 40.3919798135757446
5 30 3 1 2 7 16 6 2 17 18 2 5 30 3 13 6 3 0 2 7 0 2 3 1 2 7 0 2 7 0 2 7 1 2 7 1 2 7 0 2 3 1 2 7 0 2 7 0 2 7 0 2 7 1 2 7 0 2 7 0 2 3 1 2 7 0 2 7 1 2 7 0 2 3 12 16 2 8 18 2 0 2 7 5 31 3 1 2 7 0 2 3 0 2 3 17 18 2 0 2 7 5 30 3 1 2 7 0 2 3 16 6 2 12 16 2 0 2 7 0 41.1368346214294434
0 2 7 0 2 3 0 2 7 1 2 4 5 31 3 1 2 4 5 31 3 0 2 7 1 2 4 0 2 7 0 2 7 0 2 7 0 2 7 0 2 7 0 2 7 17 18 2 0 2 7 1 2 7 1 2 7 1 2 3 17 9 2 0 2 7 0 2 7 16 6 2 1 2 4 0 2 3 1 2 4 1 2 7 1 2 7 0 2 3 0 2 3 1 2 4 0 2 7 0 2 7 1 2 7 0 2 7 1 2 7 5 31 3 16 6 2 17 18 2 0 40.5258829593658447
0 2 7 0 2 7 0 2 3 5 31 3 0 2 7 1 2 7 0 2 4 0 2 7 0 2 7 0 2 7 0 2 7 17 18 2 0 2 7 1 2 4 1 2 7 0 2 7 1 2 7 16 31 2 0 2 7 1 2 7 1 2 7 0 2 7 1 2 7 0 2 4 16 6 2 17 18 2 0 2 4 5 31 3 0 2 3 1 2 7 1 2 7 0 2 7 1 2 7 17 9 2 1 2 7 0 2 4 0 2 7 1 2 7 5 30 3 5 30 3 0 40.4717007875442505
12 16 2 8 18 2 0 2 7 1 2 3 0 2 7 0 2 3 0 2 3 1 2 3 5 30 3 1 2 3 0 2 3 1 2 3 0 2 4 5 30 3 5 30 3 0 2 3 0 2 7 1 2 3 1 2 4 0 2 3 0 2 3 0 2 3 1 2 7 16 31 2 12 16 2 17 18 2 1 2 7 12 16 2 1 2 4 1 2 7 0 2 4 0 2 3 16 6 2 0 2 7 1 2 7 0 2 3 0 2 3 0 2 7 0 2 4 16 6 2 0 41.8464608192443848
12 16 2 0 2 7 0 2 4 0 2 7 0 2 7 5 30 3 6 2 7 1 2 7 5 30 3 1 2 7 0 2 4 0 2 7 12 16 2 5 30 3 16 31 2 1 2 7 0 2 7 0 2 7 12 16 2 0 2 4 17 18 2 16 6 2 5 31 3 0 2 7 1 2 7 1 2 7 0 2 7 0 2 7 0 2 7 0 2 7 1 2 3 13 6 3 0 2 7 1 2 7 12 16 2 1 2 7 0 2 7 0 2 7 17 18 2 8 9 2 0 40.8841775059700012
0 2 7 0 2 7 0 2 4 5 31 3 0 2 7 1 2 3 0 2 7 0 2 7 0 2 7 0 2 7 0 2 7 17 18 2 0 2 3 1 2 7 1 2 7 0 2 7 1 2 4 16 6 2 0 2 3 0 2 7 1 2 11 1 2 7 0 2 3 0 2 7 0 2 7 0 2 7 16 6 2 17 18 2 0 2 7 16 31 2 5 31 3 0 2 7 1 2 3 1 2 7 0 2 7 1 2 7 5 30 3 1 2 7 1 2 7 5 30 3 0 40.798061728477478

Current Evaluation = 6750(6750)
Front Size = 10
0 2 7 0 2 7 1 2 7 1 2 7 1 2 7 0 2 7 1 2 7 1 2 7 0 2 7 1 2 11 1 2 7 0 2 7 0 2 7 5 31 3 17 18 2 0 2 7 0 2 7 0 2 7 17 18 2 16 6 2 5 31 3 5 31 3 17 9 2 0 2 7 0 2 7 0 2 7 0 2 7 0 2 7 1 2 7 1 2 7 0 2 7 0 2 7 0 2 7 1 2 4 1 2 7 1 2 7 0 2 7 13 6 3 17 9 2 1 2 7 0 40.0670827627182007
0 2 7 0 2 7 0 2 7 1 2 7 5 31 3 1 2 4 5 31 3 0 2 7 0 2 7 0 2 7 0 2 7 0 2 7 0 2 4 0 2 7 17 18 2 0 2 7 1 2 7 1 2 7 0 2 3 17 9 2 0 2 4 0 2 7 16 6 2 0 2 4 1 2 7 1 2 7 1 2 4 0 2 7 1 2 7 1 2 7 5 31 3 16 6 2 17 18 2 1 2 7 1 2 3 1 2 3 0 2 3 0 2 7 1 2 7 0 2 7 0 40.4458829164505005
12 16 2 8 18 2 0 2 7 1 2 3 0 2 7 0 2 3 0 2 3 1 2 3 5 30 3 1 2 3 0 2 3 1 2 3 0 2 4 5 30 3 5 30 3 0 2 3 0 2 7 1 2 3 1 2 4 0 2 3 0 2 3 0 2 3 1 2 7 16 31 2 12 16 2 17 18 2 1 2 7 12 16 2 1 2 4 1 2 7 0 2 4 0 2 3 16 6 2 0 2 7 1 2 7 0 2 3 0 2 3 0 2 7 0 2 4 16 6 2 0 41.8464608192443848
0 2 7 0 2 7 1 2 7 0 2 7 1 2 7 0 2 7 0 2 7 1 2 7 0 2 7 1 2 7 1 2 7 6 2 4 0 2 7 5 30 3 17 18 2 0 2 7 0 2 7 0 2 7 1 2 7 0 2 7 17 18 2 16 6 2 0 2 4 12 16 2 1 2 7 13 6 3 5 31 3 5 31 3 17 9 2 0 2 4 0 2 11 5 31 3 0 2 7 16 6 2 5 30 3 1 2 7 0 2 7 0 2 7 0 2 7 0 2 7 0 40.610876739025116
0 2 7 0 2 7 0 2 7 0 2 7 5 30 3 1 2 7 0 2 3 5 30 3 5 31 3 1 2 7 0 2 7 1 2 11 5 30 3 0 2 7 1 2 7 0 2 3 0 2 7 0 2 11 1 2 7 0 2 7 0 2 3 0 2 7 17 18 2 17 18 2 16 6 2 1 2 3 0 2 7 16 31 2 0 2 7 5 30 3 0 2 7 13 6 3 0 2 7 16 6 2 1 2 7 12 16 2 1 2 7 0 2 11 0 2 7 0 2 7 0 41.0248886346817017
0 2 7 0 2 3 0 2 7 1 2 4 5 31 3 1 2 4 5 31 3 0 2 7 1 2 4 0 2 7 0 2 7 0 2 7 0 2 7 0 2 7 0 2 7 17 18 2 0 2 7 1 2 7 1 2 7 1 2 3 17 9 2 0 2 7 0 2 7 16 6 2 1 2 4 0 2 3 1 2 4 1 2 7 1 2 7 0 2 3 0 2 3 1 2 4 0 2 7 0 2 7 1 2 7 0 2 7 1 2 7 5 31 3 16 6 2 17 18 2 0 40.5258829593658447
0 2 4 1 2 7 0 2 7 0 2 7 0 2 7 0 2 7 17 18 2 1 2 3 0 2 7 0 2 4 1 2 7 0 2 7 5 30 3 17 18 2 1 2 7 0 2 7 0 2 4 1 2 7 1 2 7 8 18 2 16 6 2 1 2 7 12 16 2 0 2 4 13 6 3 0 2 3 1 2 3 0 2 7 5 31 3 0 2 7 0 2 7 12 16 2 5 30 3 0 2 7 5 30 3 1 2 7 0 2 7 17 9 2 1 2 7 0 2 7 0 40.8606256246566772
1 2 7 16 24 2 1 2 7 0 2 4 0 2 7 0 2 7 0 2 7 1 2 7 0 2 7 0 2 7 1 2 7 0 2 4 0 2 7 5 31 3 17 18 2 1 2 7 0 2 7 1 2 7 1 2 7 1 2 7 5 31 3 17 9 2 0 2 7 0 2 7 0 2 7 0 2 7 0 2 7 0 2 7 0 2 7 1 2 7 1 2 7 13 6 3 17 9 2 1 2 4 17 18 2 5 30 3 0 2 7 5 30 3 1 2 7 0 2 7 0 40.1302337646484375
0 2 7 1 2 7 0 2 7 0 2 7 1 2 7 0 2 7 1 2 7 0 2 7 0 2 7 1 2 7 0 2 7 17 18 2 0 2 7 0 2 4 0 2 7 1 2 4 0 2 7 17 18 2 16 6 2 5 31 3 5 31 3 17 9 2 5 31 3 5 31 3 16 6 2 0 2 7 0 2 7 0 2 7 0 2 4 1 2 7 6 2 7 1 2 7 1 2 7 0 2 7 1 2 4 0 2 7 0 2 7 0 2 7 1 2 7 1 2 7 0 40.4036498665809631
5 30 3 1 2 7 16 6 2 17 18 2 5 30 3 13 6 3 0 2 7 0 2 3 1 2 7 0 2 7 0 2 7 1 2 7 1 2 7 0 2 3 1 2 7 0 2 7 0 2 7 0 2 7 1 2 7 0 2 7 0 2 3 1 2 7 0 2 7 1 2 7 0 2 3 12 16 2 8 18 2 0 2 7 5 31 3 1 2 7 0 2 3 0 2 3 17 18 2 0 2 7 5 30 3 1 2 7 0 2 3 16 6 2 12 16 2 0 2 7 0 41.1368346214294434

Current Evaluation = 7200(7200)
Front Size = 10
0 2 7 0 2 7 1 2 7 5 31 3 1 2 7 5 31 3 0 2 7 0 2 7 0 2 7 0 2 4 0 2 7 0 2 7 0 2 7 17 18 2 0 2 7 1 2 7 1 2 7 0 2 7 17 9 2 0 2 7 16 6 2 1 2 7 1 2 7 1 2 7 0 2 7 1 2 7 5 31 3 17 18 2 1 2 7 1 2 7 0 2 7 0 2 7 1 2 7 0 2 7 13 6 3 0 2 7 1 2 7 0 2 7 17 9 2 1 2 11 0 40.0670827627182007
12 16 2 8 18 2 0 2 7 1 2 3 0 2 7 0 2 3 0 2 3 1 2 3 5 30 3 1 2 3 0 2 3 1 2 3 0 2 4 5 30 3 5 30 3 0 2 3 0 2 7 1 2 3 1 2 4 0 2 3 0 2 3 0 2 3 1 2 7 16 31 2 12 16 2 17 18 2 1 2 7 12 16 2 1 2 4 1 2 7 0 2 4 0 2 3 16 6 2 0 2 7 1 2 7 0 2 3 0 2 3 0 2 7 0 2 4 16 6 2 0 41.8464608192443848
0 2 7 0 2 7 6 2 7 1 2 7 5 31 3 1 2 7 5 31 3 0 2 7 0 2 7 0 2 7 0 2 4 0 2 7 0 2 7 0 2 7 17 18 2 0 2 7 1 2 7 1 2 7 0 2 7 17 9 2 0 2 4 0 2 7 16 6 2 0 2 4 1 2 7 1 2 7 1 2 7 0 2 7 1 2 7 0 2 4 5 31 3 16 6 2 17 18 2 1 2 7 5 31 3 1 2 7 0 2 7 0 2 7 1 2 7 0 2 7 0 40.4036498665809631
0 2 7 0 2 7 0 2 7 1 2 7 5 31 3 1 2 4 5 31 3 0 2 7 0 2 7 0 2 7 0 2 7 0 2 7 0 2 4 0 2 7 17 18 2 0 2 7 1 2 7 1 2 7 0 2 3 17 9 2 0 2 4 0 2 7 16 6 2 0 2 4 1 2 7 1 2 7 1 2 4 0 2 7 1 2 7 1 2 7 5 31 3 16 6 2 17 18 2 1 2 7 1 2 3 1 2 3 0 2 3 0 2 7 1 2 7 0 2 7 0 40.4458829164505005
1 2 7 1 2 7 0 2 7 6 2 7 1 2 7 17 18 2 1 2 7 1 2 7 0 2 7 17 18 2 0 2 7 0 2 7 0 2 7 16 6 2 0 2 7 13 6 3 0 2 7 0 2 7 0 2 7 1 2 4 0 2 7 0 2 7 0 2 7 17 9 2 6 2 7 5 31 3 0 2 7 0 2 7 1 2 7 12 16 2 5 31 3 12 16 2 5 31 3 0 2 7 1 2 7 0 2 7 1 2 4 0 2 7 5 30 3 0 2 7 0 40.6299647092819214
1 2 7 16 24 2 1 2 7 0 2 4 0 2 7 0 2 7 0 2 7 1 2 7 0 2 7 0 2 7 1 2 7 0 2 4 0 2 7 5 31 3 17 18 2 1 2 7 0 2 7 1 2 7 1 2 7 1 2 7 5 31 3 17 9 2 0 2 7 0 2 7 0 2 7 0 2 7 0 2 7 0 2 7 0 2 7 1 2 7 1 2 7 13 6 3 17 9 2 1 2 4 17 18 2 5 30 3 0 2 7 5 30 3 1 2 7 0 2 7 0 40.1302337646484375
6 2 7 0 2 3 0 2 7 0 2 7 0 2 7 0 2 7 0 2 7 0 2 3 1 2 7 1 2 7 17 18 2 1 2 7 0 2 3 0 2 3 1 2 7 16 6 2 0 2 7 13 6 3 1 2 3 5 30 3 1 2 7 1 2 7 0 2 7 1 2 7 0 2 7 17 9 2 1 2 7 0 2 7 0 2 7 0 2 7 5 31 3 0 2 3 17 9 2 12 16 2 5 31 3 0 2 7 1 2 7 0 2 7 1 2 7 1 2 7 0 40.713847815990448
0 2 7 0 2 7 1 2 7 5 31 3 6 2 7 5 31 3 0 2 4 0 2 7 0 2 7 0 2 7 0 2 7 0 2 7 0 2 7 17 18 2 1 2 7 1 2 4 1 2 7 0 2 4 17 9 2 0 2 7 16 6 2 0 2 7 1 2 7 0 2 7 1 2 7 5 31 3 5 31 3 17 18 2 1 2 7 0 2 7 0 2 7 1 2 7 1 2 7 16 6 2 0 2 7 0 2 7 1 2 7 0 2 7 1 2 4 0 2 7 0 40.4036498665809631
1 2 7 0 2 7 0 2 7 0 2 7 0 2 7 13 6 3 0 2 7 0 2 7 1 2 7 0 2 7 5 31 3 17 18 2 1 2 7 0 2 7 1 2 7 0 2 7 1 2 7 5 31 3 8 9 2 0 2 7 0 2 7 0 2 7 0 2 7 0 2 7 0 2 7 1 2 7 1 2 7 5 31 3 17 9 2 5 30 3 1 2 7 16 6 2 16 6 2 0 2 7 0 2 7 12 16 2 17 18 2 1 2 7 5 30 3 0 2 7 0 40.6482366323471069
16 6 2 17 18 2 0 2 7 0 2 7 1 2 7 0 2 7 0 2 7 0 2 7 0 2 7 1 2 7 0 2 3 0 2 7 0 2 7 5 30 3 0 2 7 0 2 7 1 2 4 0 2 7 5 31 3 16 31 2 0 2 10 16 31 2 0 2 7 1 2 7 1 2 7 1 2 7 1 2 7 0 2 7 0 2 3 0 2 7 5 30 3 1 2 4 17 9 2 0 2 7 0 2 7 0 2 7 5 30 3 1 2 7 1 2 3 5 30 3 0 40.7782796621322632

Current Evaluation = 7650(7650)
Front Size = 10
0 2 7 0 2 7 1 2 7 5 31 3 1 2 7 5 31 3 0 2 7 0 2 7 0 2 7 0 2 7 0 2 7 0 2 7 17 18 2 0 2 7 1 2 7 1 2 7 0 2 7 17 9 2 0 2 7 1 2 7 1 2 7 1 2 7 0 2 7 1 2 4 17 18 2 1 2 7 1 2 7 0 2 7 0 2 7 1 2 7 0 2 7 13 6 3 0 2 7 17 9 2 0 2 7 0 2 7 1 2 7 5 31 3 16 6 2 1 2 11 0 40.0670827627182007
13 6 3 0 2 7 0 2 4 0 2 7 5 31 3 0 2 4 1 2 4 1 2 7 0 2 7 0 2 7 17 18 2 0 2 3 0 2 7 17 9 2 16 6 2 1 2 7 1 2 7 1 2 7 0 2 7 5 31 3 0 2 7 0 2 7 0 2 7 0 2 7 1 2 7 17 9 2 1 2 7 0 2 7 0 2 7 17 9 2 1 2 7 1 2 7 1 2 7 5 30 3 1 2 7 0 2 7 0 2 4 0 2 7 1 2 4 5 30 3 0 40.148398756980896
0 2 7 0 2 7 0 2 7 0 2 7 0 2 10 17 18 2 0 2 7 1 2 7 17 18 2 0 2 7 0 2 10 0 2 7 12 16 2 17 9 2 6 2 7 1 2 7 0 2 10 13 6 3 0 2 10 0 2 7 12 16 2 0 2 4 5 30 3 1 2 7 1 2 7 1 2 7 5 31 3 0 2 7 16 30 2 0 2 7 5 31 3 0 2 7 12 16 2 6 2 7 0 2 7 5 30 3 1 2 7 1 2 7 0 2 10 5 30 3 0 41.2638536691665649
12 16 2 8 18 2 0 2 7 1 2 3 0 2 7 0 2 3 0 2 3 1 2 3 5 30 3 1 2 3 0 2 3 1 2 3 0 2 4 5 30 3 5 30 3 0 2 3 0 2 7 1 2 3 1 2 4 0 2 3 0 2 3 0 2 3 1 2 7 16 31 2 12 16 2 17 18 2 1 2 7 12 16 2 1 2 4 1 2 7 0 2 4 0 2 3 16 6 2 0 2 7 1 2 7 0 2 3 0 2 3 0 2 7 0 2 4 16 6 2 0 41.8464608192443848
1 2 7 0 2 7 1 2 7 13 6 3 5 31 3 5 30 3 0 2 3 0 2 7 0 2 7 0 2 7 1 2 7 0 2 7 0 2 7 17 18 2 1 2 3 1 2 3 0 2 7 17 18 2 0 2 7 1 2 7 1 2 7 1 2 7 1 2 7 1 2 7 17 18 2 1 2 7 0 2 7 6 2 3 0 2 7 0 2 7 5 31 3 12 16 2 16 6 2 0 2 3 0 2 7 0 2 7 0 2 7 0 2 7 1 2 3 0 2 7 0 40.7138477563858032
0 2 7 0 2 7 0 2 7 1 2 7 5 31 3 1 2 4 5 31 3 0 2 7 0 2 7 0 2 7 0 2 7 0 2 7 0 2 4 0 2 7 17 18 2 0 2 7 1 2 7 1 2 7 0 2 3 17 9 2 0 2 4 0 2 7 16 6 2 0 2 4 1 2 7 1 2 7 1 2 4 0 2 7 1 2 7 1 2 7 5 31 3 16 6 2 17 18 2 1 2 7 1 2 3 1 2 3 0 2 3 0 2 7 1 2 7 0 2 7 0 40.4458829164505005
0 2 7 0 2 7 1 2 7 5 31 3 1 2 7 5 31 3 0 2 4 0 2 7 0 2 7 0 2 4 0 2 7 0 2 7 0 2 7 17 18 2 0 2 7 1 2 7 1 2 7 0 2 7 17 9 2 0 2 7 1 2 7 1 2 7 1 2 7 0 2 7 1 2 7 17 18 2 1 2 7 1 2 7 0 2 7 0 2 7 1 2 7 0 2 7 13 6 3 0 2 7 17 9 2 5 30 3 5 30 3 16 24 2 0 2 7 1 2 4 0 40.1302337646484375
0 2 7 1 2 11 0 2 7 0 2 7 0 2 11 0 2 7 1 2 4 0 2 7 0 2 7 1 2 7 0 2 11 8 18 2 1 2 4 5 31 3 5 30 3 0 2 11 0 2 7 5 30 3 1 2 7 0 2 7 1 2 7 1 2 7 12 16 2 0 2 7 17 9 2 0 2 7 16 30 2 1 2 7 0 2 7 0 2 7 0 2 7 0 2 7 1 2 7 1 2 7 8 18 2 17 9 2 17 18 2 0 2 7 1 2 11 5 30 3 0 41.2603428363800049
0 2 7 0 2 7 0 2 7 1 2 7 5 31 3 0 2 7 0 2 7 0 2 7 0 2 7 1 2 4 0 2 7 17 18 2 0 2 7 1 2 7 1 2 4 0 2 7 17 9 2 1 2 7 16 6 2 6 2 7 1 2 7 0 2 3 0 2 7 0 2 7 1 2 7 0 2 7 0 2 7 1 2 7 5 31 3 1 2 7 0 2 7 16 31 2 5 30 3 1 2 4 0 2 7 12 16 2 5 31 3 16 6 2 0 2 7 0 2 7 0 40.502831757068634
0 2 7 0 2 7 5 31 3 1 2 7 0 2 7 0 2 7 0 2 7 0 2 7 0 2 7 0 2 7 0 2 7 17 18 2 0 2 7 1 2 7 1 2 7 0 2 7 17 9 2 0 2 7 1 2 7 0 2 7 1 2 7 1 2 7 0 2 7 1 2 7 16 6 2 5 31 3 1 2 7 1 2 7 1 2 4 5 31 3 1 2 11 1 2 3 0 2 4 0 2 4 13 6 3 0 2 3 17 9 2 1 2 3 1 2 7 1 2 7 0.000509542533572706724 40.2885318994522095

Current Evaluation = 8100(8100)
Front Size = 10
0 2 7 0 2 7 0 2 7 1 2 7 5 31 3 5 31 3 0 2 7 0 2 7 0 2 7 0 2 7 0 2 7 17 18 2 0 2 7 1 2 7 1 2 7 17 9 2 0 2 7 16 6 2 1 2 7 1 2 7 0 2 7 1 2 7 1 2 7 1 2 7 0 2 7 1 2 7 1 2 7 1 2 7 17 9 2 13 6 3 5 31 3 17 18 2 0 2 7 0 2 7 0 2 7 0 2 7 0 2 7 1 2 11 1 2 4 0 2 7 0 40.0670827627182007
0 2 7 0 2 7 0 2 7 1 2 7 5 31 3 5 31 3 0 2 7 0 2 3 0 2 4 0 2 7 0 2 7 0 2 4 0 2 7 17 18 2 0 2 7 1 2 7 1 2 7 17 9 2 0 2 3 16 6 2 1 2 7 1 2 7 0 2 4 1 2 7 1 2 7 5 31 3 17 18 2 1 2 7 0 2 4 1 2 3 0 2 7 0 2 7 1 2 7 0 2 7 0 2 4 16 6 2 0 2 3 1 2 7 1 2 7 1 2 7 0 40.4458829164505005
0 2 7 0 2 4 0 2 7 1 2 7 5 31 3 0 2 7 0 2 7 0 2 4 0 2 7 0 2 7 17 18 2 0 2 7 1 2 7 1 2 7 0 2 4 1 2 7 1 2 7 0 2 7 1 2 4 1 2 7 1 2 7 0 2 7 17 18 2 0 2 7 0 2 7 0 2 4 0 2 7 5 31 3 17 9 2 12 16 2 5 30 3 1 2 7 1 2 7 17 18 2 0 2 7 8 9 2 1 2 4 1 2 4 1 2 7 0 2 7 0 40.6167898178100586
0 2 7 0 2 7 0 2 7 1 2 7 5 31 3 5 31 3 0 2 7 0 2 7 0 2 7 0 2 7 0 2 7 17 18 2 0 2 7 1 2 7 1 2 7 17 9 2 0 2 7 16 6 2 1 2 7 1 2 7 0 2 7 1 2 7 1 2 7 1 2 7 0 2 7 1 2 7 1 2 7 1 2 7 17 9 2 13 6 3 5 31 3 17 18 2 0 2 7 0 2 7 0 2 7 0 2 7 0 2 4 0 2 11 1 2 7 1 2 7 0 40.0670828819274902
0 2 7 1 2 11 0 2 7 0 2 7 0 2 11 0 2 7 1 2 4 0 2 7 0 2 7 1 2 7 0 2 11 8 18 2 1 2 4 5 31 3 5 30 3 0 2 11 0 2 7 5 30 3 1 2 7 0 2 7 1 2 7 1 2 7 12 16 2 0 2 7 17 9 2 0 2 7 16 30 2 1 2 7 0 2 7 0 2 7 0 2 7 0 2 7 1 2 7 1 2 7 8 18 2 17 9 2 17 18 2 0 2 7 1 2 11 5 30 3 0 41.2603428363800049
13 6 3 0 2 7 0 2 4 0 2 7 5 31 3 0 2 4 1 2 4 1 2 7 0 2 7 0 2 7 17 18 2 0 2 3 0 2 7 17 9 2 16 6 2 1 2 7 1 2 7 1 2 7 0 2 7 5 31 3 0 2 7 0 2 7 0 2 7 0 2 7 1 2 7 17 9 2 1 2 7 0 2 7 0 2 7 17 9 2 1 2 7 1 2 7 1 2 7 5 30 3 1 2 7 0 2 7 0 2 4 0 2 7 1 2 4 5 30 3 0 40.148398756980896
0 2 7 0 2 7 0 2 7 1 2 7 5 31 3 0 2 7 0 2 7 0 2 7 0 2 7 1 2 4 0 2 7 17 18 2 0 2 7 1 2 7 1 2 4 0 2 7 17 9 2 1 2 7 16 6 2 6 2 7 1 2 7 0 2 3 0 2 7 0 2 7 1 2 7 0 2 7 0 2 7 1 2 7 5 31 3 1 2 7 0 2 7 16 31 2 5 30 3 1 2 4 0 2 7 12 16 2 5 31 3 16 6 2 0 2 7 0 2 7 0 40.502831757068634
0 2 7 0 2 7 0 2 7 1 2 7 5 31 3 5 31 3 0 2 7 0 2 7 0 2 7 1 2 7 0 2 7 0 2 4 0 2 7 17 18 2 0 2 7 1 2 7 0 2 7 0 2 7 17 9 2 0 2 4 0 2 7 16 6 2 0 2 7 1 2 4 1 2 7 1 2 7 1 2 4 5 31 3 16 6 2 17 18 2 6 2 7 1 2 7 5 31 3 1 2 7 0 2 7 1 2 7 1 2 7 0 2 7 0 2 7 0 2 7 0 40.4036498665809631
0 2 7 0 2 7 0 2 7 0 2 7 5 31 3 5 30 3 0 2 7 5 30 3 0 2 4 0 2 7 0 2 7 0 2 7 0 2 7 1 2 7 1 2 7 1 2 7 1 2 7 17 9 2 0 2 7 17 18 2 1 2 7 1 2 7 0 2 7 1 2 7 0 2 7 5 31 3 17 18 2 1 2 7 0 2 7 5 30 3 0 2 4 0 2 7 1 2 7 0 2 7 0 2 7 17 9 2 16 6 2 0 2 7 1 2 4 13 6 3 0 40.4201456308364868
0 2 7 1 2 7 1 2 7 17 18 2 1 2 7 0 2 7 1 2 7 0 2 7 5 31 3 6 2 7 1 2 7 5 30 3 0 2 7 0 2 7 1 2 3 0 2 7 0 2 7 1 2 3 0 2 7 0 2 7 0 2 7 0 2 3 0 2 4 0 2 7 1 2 7 1 2 7 17 18 2 17 18 2 0 2 7 1 2 3 0 2 7 8 18 2 8 18 2 1 2 7 0 2 4 0 2 7 16 15 2 12 16 2 0 2 7 5 30 3 0 41.0555577874183655

Current Evaluation = 8550(8550)
Front Size = 10
0 2 7 0 2 7 1 2 7 0 2 7 0 2 7 0 2 7 5 31 3 0 2 7 0 2 7 1 2 7 1 2 7 17 9 2 0 2 7 1 2 7 1 2 7 0 2 7 0 2 7 1 2 7 0 2 7 1 2 7 0 2 7 17 18 2 1 2 7 0 2 7 0 2 7 1 2 7 0 2 7 17 9 2 0 2 7 1 2 7 5 31 3 1 2 11 5 31 3 1 2 4 0 2 7 13 6 3 0 2 7 17 18 2 16 6 2 1 2 7 0 40.0670827627182007
0 2 7 0 2 7 0 2 7 1 2 7 1 2 7 1 2 7 5 31 3 5 31 3 1 2 7 0 2 7 0 2 7 0 2 7 0 2 7 0 2 7 1 2 7 0 2 7 0 2 7 1 2 7 1 2 7 1 2 4 1 2 7 0 2 7 5 31 3 0 2 7 0 2 7 1 2 7 17 18 2 17 18 2 1 2 7 16 6 2 17 9 2 0 2 7 13 6 3 1 2 11 0 2 7 0 2 7 0 2 7 17 18 2 0 2 7 1 2 7 0 40.0670827627182007
0 2 7 0 2 7 0 2 11 0 2 3 1 2 3 0 2 4 1 2 4 1 2 4 5 31 3 1 2 4 5 30 3 0 2 7 0 2 7 0 2 7 0 2 3 0 2 7 0 2 7 0 2 4 1 2 7 0 2 4 0 2 7 1 2 7 1 2 7 0 2 3 1 2 7 1 2 3 1 2 7 0 2 7 5 31 3 0 2 7 0 2 7 1 2 7 17 18 2 17 18 2 1 2 7 17 18 2 1 2 7 6 2 4 1 2 4 17 9 2 0 40.8305280804634094
1 2 7 1 2 7 0 2 7 0 2 7 1 2 7 0 2 7 0 2 7 17 18 2 1 2 7 0 2 7 17 9 2 16 6 2 1 2 11 1 2 7 0 2 4 0 2 7 0 2 7 0 2 7 0 2 7 0 2 7 0 2 7 0 2 7 1 2 7 1 2 7 0 2 7 1 2 7 0 2 7 17 18 2 1 2 7 5 31 3 5 31 3 0 2 7 1 2 7 5 31 3 13 6 3 1 2 7 17 9 2 1 2 7 0 2 7 0 2 7 0 40.0670827627182007
0 2 7 1 2 7 1 2 7 17 18 2 1 2 7 0 2 7 1 2 7 0 2 7 5 31 3 6 2 7 1 2 7 5 30 3 0 2 7 0 2 7 1 2 3 0 2 7 0 2 7 1 2 3 0 2 7 0 2 7 0 2 7 0 2 3 0 2 4 0 2 7 1 2 7 1 2 7 17 18 2 17 18 2 0 2 7 1 2 3 0 2 7 8 18 2 8 18 2 1 2 7 0 2 4 0 2 7 16 15 2 12 16 2 0 2 7 5 30 3 0 41.0555577874183655
0 2 7 0 2 7 0 2 7 1 2 7 5 31 3 5 31 3 0 2 7 0 2 3 0 2 4 0 2 7 0 2 7 0 2 4 0 2 7 17 18 2 0 2 7 1 2 7 1 2 7 17 9 2 0 2 3 16 6 2 1 2 7 1 2 7 0 2 4 1 2 7 1 2 7 5 31 3 17 18 2 1 2 7 0 2 4 1 2 3 0 2 7 0 2 7 1 2 7 0 2 7 0 2 4 16 6 2 0 2 3 1 2 7 1 2 7 1 2 7 0 40.4458829164505005
0 2 7 1 2 11 0 2 7 0 2 7 0 2 11 0 2 7 1 2 4 0 2 7 0 2 7 1 2 7 0 2 11 8 18 2 1 2 4 5 31 3 5 30 3 0 2 11 0 2 7 5 30 3 1 2 7 0 2 7 1 2 7 1 2 7 12 16 2 0 2 7 17 9 2 0 2 7 16 30 2 1 2 7 0 2 7 0 2 7 0 2 7 0 2 7 1 2 7 1 2 7 8 18 2 17 9 2 17 18 2 0 2 7 1 2 11 5 30 3 0 41.2603428363800049
0 2 7 0 2 7 0 2 7 0 2 7 1 2 3 0 2 7 0 2 7 5 31 3 5 30 3 1 2 3 0 2 4 0 2 7 1 2 7 1 2 7 17 9 2 0 2 4 0 2 7 1 2 7 1 2 7 0 2 7 8 18 2 0 2 7 1 2 7 0 2 7 0 2 7 0 2 7 17 18 2 1 2 11 1 2 7 0 2 4 12 16 2 16 30 2 0 2 7 1 2 7 0 2 7 1 2 4 17 9 2 1 2 7 1 2 7 5 31 3 0 40.7372218370437622
1 2 7 0 2 7 0 2 7 5 30 3 0 2 7 1 2 7 0 2 7 0 2 4 17 18 2 1 2 7 0 2 7 17 9 2 16 6 2 1 2 7 1 2 7 1 2 4 0 2 7 5 30 3 0 2 7 0 2 4 0 2 4 0 2 7 0 2 7 1 2 7 0 2 7 1 2 7 1 2 7 0 2 3 1 2 7 0 2 7 13 6 3 0 2 7 17 9 2 1 2 4 17 18 2 1 2 7 0 2 7 0 2 7 5 31 3 5 31 3 0 40.148398756980896
5 31 3 1 2 7 0 2 7 0 2 7 0 2 7 1 2 7 1 2 7 17 18 2 0 2 7 6 2 7 17 9 2 0 2 7 0 2 7 0 2 7 1 2 4 5 31 3 0 2 7 0 2 7 1 2 7 1 2 7 0 2 7 17 18 2 0 2 7 16 6 2 1 2 7 0 2 7 0 2 7 1 2 7 0 2 7 1 2 7 1 2 7 5 31 3 1 2 7 0 2 7 0 2 4 16 6 2 0 2 7 0 2 4 5 31 3 0 2 4 0 40.4036498665809631

Current Evaluation = 9000(9000)
Front Size = 10
0 2 7 0 2 7 0 2 7 1 2 7 1 2 7 1 2 7 5 31 3 5 31 3 1 2 7 0 2 7 0 2 7 0 2 7 0 2 7 0 2 7 1 2 7 0 2 7 0 2 7 1 2 7 1 2 7 1 2 7 0 2 7 5 31 3 0 2 7 0 2 7 1 2 7 17 18 2 17 18 2 1 2 7 16 6 2 17 9 2 0 2 7 13 6 3 1 2 11 0 2 7 0 2 7 0 2 7 1 2 7 17 9 2 0 2 7 1 2 4 0 40.0670827627182007
1 2 7 1 2 7 0 2 7 0 2 7 1 2 7 0 2 7 0 2 7 17 18 2 1 2 7 0 2 7 17 9 2 16 6 2 1 2 11 1 2 7 0 2 7 0 2 7 0 2 7 0 2 7 0 2 7 0 2 7 0 2 7 1 2 7 1 2 7 0 2 7 1 2 7 0 2 7 17 18 2 1 2 7 5 31 3 5 31 3 0 2 7 1 2 7 5 31 3 13 6 3 1 2 7 0 2 7 0 2 7 0 2 7 17 18 2 1 2 4 0 40.0670827627182007
0 2 7 0 2 7 0 2 7 1 2 7 1 2 7 1 2 7 5 31 3 5 31 3 1 2 7 0 2 7 0 2 7 0 2 7 0 2 7 0 2 7 1 2 7 0 2 7 0 2 7 1 2 7 1 2 7 1 2 7 0 2 4 0 2 7 0 2 4 1 2 7 17 18 2 17 18 2 1 2 7 16 6 2 17 9 2 0 2 7 13 6 3 17 9 2 1 2 4 0 2 4 1 2 4 0 2 7 5 30 3 0 2 7 5 30 3 0 2 3 0 40.148398756980896
0 2 7 0 2 7 0 2 7 1 2 7 1 2 7 1 2 7 5 31 3 5 31 3 1 2 7 0 2 7 0 2 7 0 2 7 0 2 7 0 2 7 1 2 11 0 2 7 0 2 7 1 2 7 1 2 7 0 2 7 0 2 4 5 31 3 0 2 7 0 2 7 1 2 7 17 18 2 17 18 2 1 2 7 16 6 2 17 9 2 0 2 7 13 6 3 1 2 7 0 2 7 0 2 7 0 2 7 1 2 7 17 9 2 1 2 7 1 2 7 0 40.0670827627182007
0 2 7 0 2 7 1 2 7 5 30 3 0 2 7 0 2 7 0 2 7 0 2 7 0 2 7 1 2 7 0 2 7 1 2 7 1 2 7 1 2 7 1 2 11 0 2 7 5 31 3 0 2 7 0 2 7 1 2 7 17 18 2 17 18 2 1 2 7 17 18 2 1 2 7 17 9 2 0 2 7 0 2 7 1 2 3 1 2 7 1 2 7 1 2 7 13 6 3 0 2 7 0 2 7 0 2 3 0 2 7 0 2 7 6 2 7 5 31 3 0 40.3988887667655945
0 2 7 0 2 7 0 2 7 1 2 7 5 31 3 5 31 3 0 2 7 0 2 3 0 2 4 0 2 7 0 2 7 0 2 4 0 2 7 17 18 2 0 2 7 1 2 7 1 2 7 17 9 2 0 2 3 16 6 2 1 2 7 1 2 7 0 2 4 1 2 7 1 2 7 5 31 3 17 18 2 1 2 7 0 2 4 1 2 3 0 2 7 0 2 7 1 2 7 0 2 7 0 2 4 16 6 2 0 2 3 1 2 7 1 2 7 1 2 7 0 40.4458829164505005
0 2 4 0 2 7 0 2 7 0 2 7 0 2 7 0 2 7 5 31 3 5 30 3 1 2 7 0 2 7 1 2 4 0 2 11 17 9 2 0 2 4 0 2 7 1 2 7 1 2 7 0 2 7 0 2 7 1 2 7 0 2 7 0 2 7 0 2 7 17 18 2 13 6 3 0 2 7 1 2 7 1 2 7 0 2 7 17 9 2 1 2 7 17 9 2 5 31 3 1 2 11 1 2 7 1 2 7 1 2 7 12 16 2 0 2 4 0 2 7 0 40.5310977697372437
1 2 7 1 2 7 0 2 7 0 2 7 1 2 7 0 2 7 0 2 7 17 18 2 1 2 7 0 2 7 17 9 2 16 6 2 1 2 11 1 2 7 0 2 7 0 2 7 0 2 7 0 2 7 0 2 7 0 2 7 0 2 7 1 2 7 1 2 7 0 2 7 1 2 7 0 2 7 17 18 2 1 2 7 5 31 3 5 31 3 0 2 7 1 2 7 5 31 3 13 6 3 1 2 7 0 2 4 0 2 7 17 18 2 0 2 7 1 2 7 0 40.0670827627182007
0 2 7 1 2 11 0 2 7 0 2 7 0 2 11 0 2 7 1 2 4 0 2 7 0 2 7 1 2 7 0 2 11 8 18 2 1 2 4 5 31 3 5 30 3 0 2 11 0 2 7 5 30 3 1 2 7 0 2 7 1 2 7 1 2 7 12 16 2 0 2 7 17 9 2 0 2 7 16 30 2 1 2 7 0 2 7 0 2 7 0 2 7 0 2 7 1 2 7 1 2 7 8 18 2 17 9 2 17 18 2 0 2 7 1 2 11 5 30 3 0 41.2603428363800049
0 2 7 0 2 7 0 2 7 0 2 7 1 2 7 0 2 3 0 2 7 5 30 3 0 2 7 0 2 4 1 2 4 8 9 2 17 9 2 0 2 7 0 2 3 1 2 7 1 2 7 0 2 7 0 2 7 1 2 7 0 2 7 17 18 2 1 2 7 0 2 7 1 2 7 1 2 4 1 2 7 5 31 3 5 30 3 0 2 7 1 2 7 0 2 4 0 2 7 1 2 11 12 16 2 16 31 2 0 2 7 1 2 7 1 2 7 17 18 2 0 40.7372217178344727

MonoObjective Genetic Algorithm
Number of Evaluations = 0
Mutation Probability = 0
Crossover Probability = 1
Population Size = 10
Survival Selection Type = 16

Time =  9032.71904897689819

Current Evaluation = 2220
Front Size = 10
0 2 7 0 2 7 0 2 7 1 2 7 1 2 7 1 2 7 5 31 3 5 31 3 1 2 7 0 2 7 0 2 7 0 2 7 0 2 7 0 2 7 1 2 7 0 2 7 0 2 7 1 2 7 1 2 7 1 2 7 0 2 7 5 31 3 0 2 7 0 2 7 1 2 7 17 18 2 17 18 2 1 2 7 16 6 2 17 9 2 0 2 7 13 6 3 1 2 11 0 2 7 0 2 7 0 2 7 1 2 7 17 9 2 0 2 7 1 2 4 0 40.0670827627182007
1 2 7 1 2 7 0 2 7 0 2 7 1 2 7 0 2 7 0 2 7 17 18 2 1 2 7 0 2 7 17 9 2 16 6 2 1 2 11 1 2 7 0 2 7 0 2 7 0 2 7 0 2 7 0 2 7 0 2 7 0 2 7 1 2 7 1 2 7 0 2 7 1 2 7 0 2 7 17 18 2 1 2 7 5 31 3 5 31 3 0 2 7 1 2 7 5 31 3 13 6 3 1 2 7 0 2 7 0 2 7 0 2 7 17 18 2 1 2 4 0 40.0670827627182007
0 2 7 0 2 7 0 2 7 1 2 7 1 2 7 1 2 7 5 31 3 5 31 3 1 2 7 0 2 7 0 2 7 0 2 7 0 2 7 0 2 7 1 2 7 0 2 7 0 2 7 1 2 7 1 2 7 1 2 7 0 2 4 0 2 7 0 2 4 1 2 7 17 18 2 17 18 2 1 2 7 16 6 2 17 9 2 0 2 7 13 6 3 17 9 2 1 2 4 0 2 4 1 2 4 0 2 7 5 30 3 0 2 7 5 30 3 0 2 3 0 40.148398756980896
0 2 7 0 2 7 0 2 7 1 2 7 1 2 7 1 2 7 5 31 3 5 31 3 1 2 7 0 2 7 0 2 7 0 2 7 0 2 7 0 2 7 1 2 11 0 2 7 0 2 7 1 2 7 1 2 7 0 2 7 0 2 4 5 31 3 0 2 7 0 2 7 1 2 7 17 18 2 17 18 2 1 2 7 16 6 2 17 9 2 0 2 7 13 6 3 1 2 7 0 2 7 0 2 7 0 2 7 1 2 7 17 9 2 1 2 7 1 2 7 0 40.0670827627182007
0 2 7 0 2 7 1 2 7 5 30 3 0 2 7 0 2 7 0 2 7 0 2 7 0 2 7 1 2 7 0 2 7 1 2 7 1 2 7 1 2 7 1 2 11 0 2 7 5 31 3 0 2 7 0 2 7 1 2 7 17 18 2 17 18 2 1 2 7 17 18 2 1 2 7 17 9 2 0 2 7 0 2 7 1 2 3 1 2 7 1 2 7 1 2 7 13 6 3 0 2 7 0 2 7 0 2 3 0 2 7 0 2 7 6 2 7 5 31 3 0 40.3988887667655945
0 2 7 0 2 7 0 2 7 1 2 7 5 31 3 5 31 3 0 2 7 0 2 3 0 2 4 0 2 7 0 2 7 0 2 4 0 2 7 17 18 2 0 2 7 1 2 7 1 2 7 17 9 2 0 2 3 16 6 2 1 2 7 1 2 7 0 2 4 1 2 7 1 2 7 5 31 3 17 18 2 1 2 7 0 2 4 1 2 3 0 2 7 0 2 7 1 2 7 0 2 7 0 2 4 16 6 2 0 2 3 1 2 7 1 2 7 1 2 7 0 40.4458829164505005
0 2 4 0 2 7 0 2 7 0 2 7 0 2 7 0 2 7 5 31 3 5 30 3 1 2 7 0 2 7 1 2 4 0 2 11 17 9 2 0 2 4 0 2 7 1 2 7 1 2 7 0 2 7 0 2 7 1 2 7 0 2 7 0 2 7 0 2 7 17 18 2 13 6 3 0 2 7 1 2 7 1 2 7 0 2 7 17 9 2 1 2 7 17 9 2 5 31 3 1 2 11 1 2 7 1 2 7 1 2 7 12 16 2 0 2 4 0 2 7 0 40.5310977697372437
1 2 7 1 2 7 0 2 7 0 2 7 1 2 7 0 2 7 0 2 7 17 18 2 1 2 7 0 2 7 17 9 2 16 6 2 1 2 11 1 2 7 0 2 7 0 2 7 0 2 7 0 2 7 0 2 7 0 2 7 0 2 7 1 2 7 1 2 7 0 2 7 1 2 7 0 2 7 17 18 2 1 2 7 5 31 3 5 31 3 0 2 7 1 2 7 5 31 3 13 6 3 1 2 7 0 2 4 0 2 7 17 18 2 0 2 7 1 2 7 0 40.0670827627182007
0 2 7 1 2 11 0 2 7 0 2 7 0 2 11 0 2 7 1 2 4 0 2 7 0 2 7 1 2 7 0 2 11 8 18 2 1 2 4 5 31 3 5 30 3 0 2 11 0 2 7 5 30 3 1 2 7 0 2 7 1 2 7 1 2 7 12 16 2 0 2 7 17 9 2 0 2 7 16 30 2 1 2 7 0 2 7 0 2 7 0 2 7 0 2 7 1 2 7 1 2 7 8 18 2 17 9 2 17 18 2 0 2 7 1 2 11 5 30 3 0 41.2603428363800049
0 2 7 0 2 7 0 2 7 0 2 7 1 2 7 0 2 3 0 2 7 5 30 3 0 2 7 0 2 4 1 2 4 8 9 2 17 9 2 0 2 7 0 2 3 1 2 7 1 2 7 0 2 7 0 2 7 1 2 7 0 2 7 17 18 2 1 2 7 0 2 7 1 2 7 1 2 4 1 2 7 5 31 3 5 30 3 0 2 7 1 2 7 0 2 4 0 2 7 1 2 11 12 16 2 16 31 2 0 2 7 1 2 7 1 2 7 17 18 2 0 40.7372217178344727

