Current Evaluation = 450(450)
Front Size = 10
0 2 7 0 2 7 1 2 7 1 2 7 5 30 3 5 31 3 1 2 4 5 31 3 17 9 2 17 18 2 8 9 2 1 2 7 0 2 7 0 2 7 0 2 7 1 2 7 0 2 7 1 2 7 0 2 7 16 19 11 0 2 7 1 2 7 0 2 7 17 9 2 1 2 7 0 2 7 0 2 7 5 31 3 0 2 7 0 2 7 0 2 7 1 2 7 0 2 7 0 2 7 0 2 7 16 6 2 1 2 4 0 2 7 0 2 7 1 2 7 0 40.8567327260971069
1 2 3 5 30 3 12 16 2 0 2 11 0 2 4 5 30 3 1 2 7 0 2 7 0 2 7 6 2 7 1 2 7 12 16 2 0 2 7 1 2 7 1 2 7 0 2 7 5 31 3 8 9 2 0 2 7 0 2 4 16 18 11 0 2 7 0 2 11 12 16 2 0 2 7 1 2 4 0 2 4 1 2 3 16 30 2 1 2 7 0 2 7 0 2 3 0 2 7 0 2 12 0 2 7 17 18 2 1 2 7 0 2 7 17 9 2 5 31 3 0 41.7914359569549561
5 30 3 12 16 2 0 2 7 1 2 4 5 31 3 5 30 3 0 2 10 0 2 7 0 2 10 17 9 2 5 31 3 8 18 2 6 2 7 0 2 7 0 2 7 16 6 2 0 2 7 12 16 2 1 2 3 0 2 7 0 2 10 0 2 7 6 2 7 0 2 7 0 2 7 12 16 2 0 2 7 16 19 11 6 2 7 0 2 10 0 2 7 0 2 7 0 2 7 0 2 7 0 2 7 1 2 10 17 9 2 5 30 3 1 2 1 12 16 2 0 42.4369285702705383
16 6 2 0 2 8 16 19 12 0 2 8 1 2 8 8 9 2 17 9 2 0 2 7 0 2 8 0 2 8 17 18 2 0 2 8 5 30 3 5 30 3 5 30 3 0 2 8 0 2 8 0 2 12 6 2 8 0 2 8 12 16 2 1 2 7 5 30 3 0 2 8 8 18 2 5 31 3 1 2 8 0 2 8 8 9 2 0 2 12 0 2 8 0 2 7 0 2 8 0 2 3 1 2 8 0 2 8 1 2 8 0 2 8 0 2 8 5 30 3 0 45.1867716312408447
0 2 3 8 18 2 16 19 13 16 19 13 5 31 3 16 19 13 16 15 2 1 2 8 8 18 2 8 9 2 1 2 3 8 18 2 5 31 3 0 2 3 0 2 3 16 9 8 8 18 2 12 16 2 8 18 2 0 2 8 0 2 3 0 2 3 0 2 8 0 2 3 0 2 3 0 2 3 8 9 2 1 2 8 12 16 2 1 2 3 5 31 3 0 2 3 0 2 8 5 31 3 0 2 3 0 2 8 0 2 8 0 2 8 1 2 8 12 16 2 0.00722752882467575953 45.4001206159591675
0 2 4 5 30 3 12 16 2 1 2 7 0 2 3 5 30 3 5 30 3 5 30 3 1 2 3 0 2 7 0 2 7 0 2 3 8 18 2 0 2 3 0 2 3 12 16 2 0 2 7 1 2 7 0 2 3 0 2 7 5 30 3 0 2 7 0 2 3 0 2 10 12 16 2 0 2 10 16 19 11 16 19 11 1 2 3 0 2 3 0 2 7 0 2 7 1 2 3 0 2 7 0 2 7 0 2 3 6 2 10 16 18 11 1 2 7 17 9 2 0 43.2662624716758728
0 2 8 5 30 3 16 19 11 0 2 8 0 2 3 5 30 3 5 30 3 0 2 11 0 2 8 0 2 8 0 2 8 0 2 8 0 2 8 16 19 11 0 2 3 0 2 8 0 2 11 0 2 8 5 30 3 5 30 3 0 2 11 0 2 8 8 18 2 16 19 11 5 30 3 0 2 8 0 2 8 0 2 8 0 2 8 16 19 11 16 19 11 0 2 8 0 2 11 0 2 3 0 2 8 0 2 3 0 2 11 5 30 3 12 16 2 0 2 8 3.56213824551476738e-05 46.4631227254867554
0 2 8 5 30 3 12 16 2 0 2 8 0 2 3 16 9 8 5 30 3 5 30 3 5 30 3 0 2 8 0 2 8 0 2 3 16 19 12 12 16 2 0 2 3 0 2 8 16 19 12 0 2 3 1 2 3 1 2 3 8 9 2 1 2 3 0 2 8 1 2 3 0 2 3 0 2 3 1 2 3 1 2 3 5 30 3 0 2 3 0 2 3 1 2 3 0 2 3 0 2 3 0 2 8 0 2 3 0 2 3 16 18 8 0 2 3 8 18 2 7.4005308852607518e-05 45.2362513542175293
12 16 2 12 16 2 5 31 3 12 16 2 8 18 2 1 2 7 5 30 3 8 9 2 1 2 3 0 2 3 5 30 3 1 2 8 16 9 8 0 2 7 1 2 7 16 19 13 17 18 2 0 2 11 1 2 7 0 2 7 1 2 7 16 15 2 0 2 7 17 9 2 0 2 7 1 2 11 0 2 7 16 9 11 0 2 8 1 2 7 16 19 13 1 2 3 0 2 3 0 2 3 0 2 8 8 18 2 16 19 13 8 18 2 0 2 8 8 18 2 0.402562622927519542 43.0078930258750916
16 19 11 12 16 2 5 30 3 16 6 2 0 2 11 0 2 8 0 2 8 5 31 3 1 2 7 0 2 4 5 31 3 0 2 11 5 30 3 0 2 7 0 2 7 0 2 8 1 2 7 0 2 7 0 2 3 0 2 7 0 2 7 0 2 8 0 2 7 5 30 3 16 6 2 0 2 8 0 2 7 16 19 11 0 2 7 0 2 7 0 2 8 12 16 2 5 30 3 16 19 11 0 2 8 1 2 7 0 2 7 0 2 8 0 2 7 0 2 8 9.75854551740043178e-05 43.7718260288238525

Current Evaluation = 900(900)
Front Size = 10
12 16 2 5 31 3 16 6 2 1 2 7 0 2 7 5 31 3 1 2 7 5 31 3 1 2 7 0 2 7 1 2 3 0 2 7 0 2 7 5 31 3 0 2 7 1 2 7 0 2 7 1 2 7 1 2 7 0 2 7 0 2 7 0 2 7 0 2 7 0 2 7 1 2 7 17 9 2 0 2 7 0 2 7 0 2 7 17 9 2 0 2 7 0 2 7 16 6 2 1 2 7 17 18 2 0 2 7 13 6 3 1 2 7 1 2 7 0 2 7 0 40.4635157585144043
5 30 3 12 16 2 5 30 3 5 30 3 5 30 3 5 30 3 16 19 11 8 18 2 16 19 11 1 2 7 0 2 7 0 2 7 0 2 3 0 2 7 0 2 7 17 9 2 0 2 7 1 2 7 0 2 3 0 2 7 0 2 7 0 2 7 0 2 7 6 2 3 0 2 3 0 2 3 0 2 3 1 2 7 0 2 7 17 18 2 1 2 7 1 2 7 1 2 7 0 2 7 0 2 3 12 16 2 13 6 3 1 2 7 0 2 7 0 2 7 0 42.0762953758239746
0 2 8 5 30 3 16 19 11 0 2 8 0 2 3 5 30 3 5 30 3 0 2 11 0 2 8 0 2 8 0 2 8 0 2 8 0 2 8 16 19 11 0 2 3 0 2 8 0 2 11 0 2 8 5 30 3 5 30 3 0 2 11 0 2 8 8 18 2 16 19 11 5 30 3 0 2 8 0 2 8 0 2 8 0 2 8 16 19 11 16 19 11 0 2 8 0 2 11 0 2 3 0 2 8 0 2 3 0 2 11 5 30 3 12 16 2 0 2 8 3.56213824551476738e-05 46.4631227254867554
0 2 8 5 30 3 12 16 2 0 2 8 0 2 3 16 9 8 5 30 3 5 30 3 5 30 3 0 2 8 0 2 8 0 2 3 16 19 12 12 16 2 0 2 3 0 2 8 16 19 12 0 2 3 1 2 3 1 2 3 8 9 2 1 2 3 0 2 8 1 2 3 0 2 3 0 2 3 1 2 3 1 2 3 5 30 3 0 2 3 0 2 3 1 2 3 0 2 3 0 2 3 0 2 8 0 2 3 0 2 3 16 18 8 0 2 3 8 18 2 7.4005308852607518e-05 45.2362513542175293
12 16 2 12 16 2 5 31 3 12 16 2 8 18 2 1 2 7 5 30 3 8 9 2 1 2 3 0 2 3 5 30 3 1 2 8 16 9 8 0 2 7 1 2 7 16 19 13 17 18 2 0 2 11 1 2 7 0 2 7 1 2 7 16 15 2 0 2 7 17 9 2 0 2 7 1 2 11 0 2 7 16 9 11 0 2 8 1 2 7 16 19 13 1 2 3 0 2 3 0 2 3 0 2 8 8 18 2 16 19 13 8 18 2 0 2 8 8 18 2 0.402562622927519542 43.0078930258750916
5 30 3 12 16 2 0 2 7 1 2 4 5 31 3 5 30 3 0 2 10 0 2 7 0 2 10 17 9 2 5 31 3 8 18 2 6 2 7 0 2 7 0 2 7 16 6 2 0 2 7 12 16 2 1 2 3 0 2 7 0 2 10 0 2 7 6 2 7 0 2 7 0 2 7 12 16 2 0 2 7 16 19 11 6 2 7 0 2 10 0 2 7 0 2 7 0 2 7 0 2 7 0 2 7 1 2 10 17 9 2 5 30 3 1 2 1 12 16 2 0 42.4369285702705383
0 2 3 8 18 2 16 19 13 16 19 13 5 31 3 16 19 13 16 15 2 1 2 8 8 18 2 8 9 2 1 2 3 8 18 2 5 31 3 0 2 3 0 2 3 16 9 8 8 18 2 12 16 2 8 18 2 0 2 8 0 2 3 0 2 3 0 2 8 0 2 3 0 2 3 0 2 3 8 9 2 1 2 8 12 16 2 1 2 3 5 31 3 0 2 3 0 2 8 5 31 3 0 2 3 0 2 8 0 2 8 0 2 8 1 2 8 12 16 2 0.00722752882467575953 45.4001206159591675
16 6 2 0 2 8 16 19 11 0 2 11 1 2 8 8 9 2 17 9 2 0 2 7 0 2 7 0 2 8 17 18 2 0 2 8 5 30 3 5 30 3 5 30 3 0 2 8 0 2 8 1 2 11 6 2 8 0 2 7 12 16 2 0 2 11 5 30 3 1 2 7 8 18 2 5 30 3 0 2 8 0 2 8 8 9 2 0 2 8 0 2 11 0 2 7 0 2 8 0 2 8 1 2 8 0 2 3 1 2 8 0 2 8 0 2 8 5 30 3 0 44.6286923885345459
5 30 3 12 16 2 5 30 3 5 30 3 5 30 3 5 30 3 16 19 11 8 18 2 16 19 11 0 2 11 0 2 8 0 2 7 0 2 7 16 19 11 0 2 8 0 2 11 1 2 3 16 19 11 0 2 8 0 2 3 1 2 1 12 16 2 0 2 7 0 2 8 5 30 3 0 2 8 0 2 3 0 2 7 0 2 8 0 2 8 0 2 7 0 2 7 0 2 7 0 2 7 1 2 7 0 2 8 0 2 7 0 2 7 0 2 7 0 2 7 0.000102393850998651871 44.5575149059295654
12 16 2 5 31 3 1 2 7 0 2 7 5 31 3 1 2 7 0 2 7 0 2 7 0 2 7 0 2 7 0 2 7 0 2 7 0 2 7 0 2 7 17 9 2 13 6 3 16 6 2 5 31 3 1 2 7 0 2 8 5 31 3 1 2 7 5 30 3 1 2 7 0 2 8 0 2 4 0 2 3 5 30 3 0 2 8 16 19 11 17 9 2 0 2 7 5 30 3 0 2 8 0 2 3 17 18 2 0 2 4 1 2 7 0 2 8 0 2 8 0.0239835046533300976 42.7392550706863403

Current Evaluation = 1350(1350)
Front Size = 10
12 16 2 5 31 3 16 6 2 1 2 7 0 2 7 5 31 3 1 2 7 5 31 3 0 2 7 0 2 7 0 2 7 0 2 7 0 2 7 5 31 3 0 2 7 1 2 7 0 2 7 1 2 7 1 2 7 0 2 7 1 2 7 0 2 7 0 2 7 0 2 7 1 2 7 17 9 2 0 2 7 0 2 7 0 2 7 17 9 2 0 2 7 0 2 7 16 6 2 1 2 7 17 18 2 0 2 7 13 6 3 1 2 7 1 2 7 0 2 7 0 40.4340677261352539
1 2 7 12 16 2 5 30 3 8 9 2 12 16 2 0 2 3 5 30 3 1 2 7 0 2 7 5 30 3 0 2 7 16 18 11 0 2 3 12 16 2 5 30 3 0 2 3 1 2 7 0 2 7 16 31 2 0 2 7 0 2 3 0 2 3 0 2 7 1 2 7 0 2 7 0 2 3 12 16 2 8 9 2 16 19 11 0 2 7 1 2 7 0 2 7 1 2 7 0 2 7 0 2 7 0 2 7 0 2 7 16 15 2 0 2 7 12 16 2 0 42.5147283673286438
16 6 2 0 2 7 0 2 7 0 2 11 1 2 8 8 9 2 17 9 2 0 2 11 0 2 7 0 2 11 17 18 2 0 2 12 5 30 3 5 31 3 5 30 3 0 2 7 0 2 7 1 2 7 6 2 11 6 2 7 12 16 2 0 2 7 5 30 3 6 2 11 17 18 2 5 30 3 0 2 11 0 2 7 8 9 2 0 2 11 0 2 7 0 2 11 0 2 12 0 2 11 1 2 7 0 2 11 0 2 11 1 2 11 1 2 11 5 30 3 0 43.0345411896705627
0 2 8 5 30 3 16 19 11 0 2 8 0 2 3 5 30 3 5 30 3 0 2 11 0 2 8 0 2 8 0 2 8 0 2 8 0 2 8 16 19 11 0 2 3 0 2 8 0 2 11 0 2 8 5 30 3 5 30 3 0 2 11 0 2 8 8 18 2 16 19 11 5 30 3 0 2 8 0 2 8 0 2 8 0 2 8 16 19 11 16 19 11 0 2 8 0 2 11 0 2 3 0 2 8 0 2 3 0 2 11 5 30 3 12 16 2 0 2 8 3.56213824551476738e-05 46.4631227254867554
0 2 8 5 30 3 12 16 2 0 2 8 0 2 3 16 9 8 5 30 3 5 30 3 5 30 3 0 2 8 0 2 8 0 2 3 16 19 12 12 16 2 0 2 3 0 2 8 16 19 12 0 2 3 1 2 3 1 2 3 8 9 2 1 2 3 0 2 8 1 2 3 0 2 3 0 2 3 1 2 3 1 2 3 5 30 3 0 2 3 0 2 3 1 2 3 0 2 3 0 2 3 0 2 8 0 2 3 0 2 3 16 18 8 0 2 3 8 18 2 7.4005308852607518e-05 45.2362513542175293
1 2 3 8 9 2 0 2 3 12 16 2 8 18 2 0 2 3 0 2 11 0 2 4 0 2 8 1 2 7 1 2 8 0 2 7 8 18 2 0 2 7 0 2 8 0 2 3 5 30 3 0 2 3 16 19 13 0 2 8 1 2 7 8 18 2 1 2 7 0 2 7 8 9 2 5 31 3 8 18 2 1 2 7 0 2 7 0 2 8 0 2 8 16 19 13 1 2 11 0 2 11 1 2 4 12 16 2 0 2 3 0 2 7 16 15 2 5 31 3 0.00684655848835640565 43.7000335454940796
5 30 3 12 16 2 0 2 7 1 2 7 5 31 3 0 2 7 17 9 2 8 18 2 0 2 7 1 2 7 0 2 7 0 2 7 6 2 4 0 2 4 1 2 7 1 2 7 0 2 7 1 2 10 0 2 1 17 9 2 5 30 3 0 2 11 1 2 4 0 2 7 5 30 3 0 2 7 16 31 2 0 2 7 1 2 7 0 2 11 0 2 7 1 2 7 1 2 7 0 2 7 6 2 7 17 18 2 0 2 11 0 2 4 0 2 7 12 16 2 0 41.4175529479980469
5 30 3 12 16 2 0 2 7 1 2 4 5 31 3 5 30 3 0 2 10 0 2 7 0 2 10 17 9 2 5 31 3 8 18 2 6 2 7 0 2 7 0 2 7 16 6 2 0 2 7 12 16 2 1 2 3 0 2 7 0 2 10 0 2 7 6 2 7 0 2 7 0 2 7 12 16 2 0 2 7 16 19 11 6 2 7 0 2 10 0 2 7 0 2 7 0 2 7 0 2 7 0 2 7 1 2 10 17 9 2 5 30 3 1 2 1 12 16 2 0 42.4369285702705383
12 16 2 0 2 8 0 2 7 16 19 11 17 9 2 0 2 3 5 30 3 5 30 3 17 9 2 0 2 8 0 2 8 0 2 7 0 2 7 0 2 8 16 19 11 0 2 3 0 2 7 0 2 7 0 2 8 1 2 7 5 30 3 0 2 7 0 2 8 8 18 2 16 6 2 0 2 7 5 31 3 0 2 8 0 2 7 0 2 8 0 2 7 0 2 7 0 2 8 13 6 3 0 2 3 0 2 8 1 2 7 0 2 11 17 18 2 1 2 7 0.0461271931740517005 43.0473042726516724
5 30 3 12 16 2 16 6 2 5 30 3 0 2 3 5 30 3 1 2 3 12 16 2 1 2 3 0 2 7 5 31 3 5 30 3 1 2 7 0 2 4 1 2 7 0 2 7 0 2 11 16 30 2 12 16 2 0 2 3 0 2 7 0 2 7 0 2 3 0 2 3 0 2 3 0 2 7 1 2 3 0 2 7 0 2 3 16 6 2 0 2 3 1 2 7 0 2 7 16 9 11 0 2 7 0 2 3 8 18 2 0 2 7 0 2 3 1 2 11 0 42.5565807223320007

Current Evaluation = 1800(1800)
Front Size = 10
12 16 2 5 31 3 16 6 2 1 2 7 0 2 7 5 31 3 1 2 7 5 31 3 0 2 7 0 2 7 0 2 7 0 2 7 0 2 7 5 31 3 0 2 7 1 2 7 0 2 7 1 2 7 1 2 7 0 2 7 1 2 7 0 2 7 0 2 7 0 2 7 1 2 7 17 9 2 0 2 7 0 2 7 0 2 7 17 9 2 0 2 7 0 2 7 16 6 2 1 2 7 17 18 2 0 2 7 13 6 3 1 2 7 1 2 7 0 2 7 0 40.4340677261352539
5 30 3 12 16 2 0 2 7 5 30 3 5 30 3 16 15 2 5 30 3 0 2 7 17 9 2 0 2 7 0 2 7 0 2 4 0 2 7 0 2 7 12 16 2 12 16 2 0 2 3 1 2 7 16 19 11 1 2 7 0 2 3 0 2 7 6 2 7 1 2 4 1 2 7 0 2 7 0 2 3 8 9 2 0 2 7 17 18 2 0 2 7 0 2 7 0 2 7 0 2 7 1 2 4 1 2 7 1 2 7 8 9 2 0 2 7 8 9 2 0 41.8190374970436096
0 2 8 5 30 3 12 16 2 0 2 8 0 2 3 16 9 8 5 30 3 5 30 3 5 30 3 0 2 8 0 2 8 0 2 3 16 19 12 12 16 2 0 2 3 0 2 8 16 19 12 0 2 3 1 2 3 1 2 3 8 9 2 1 2 3 0 2 8 1 2 3 0 2 3 0 2 3 1 2 3 1 2 3 5 30 3 0 2 3 0 2 3 1 2 3 0 2 3 0 2 3 0 2 8 0 2 3 0 2 3 16 18 8 0 2 3 8 18 2 7.4005308852607518e-05 45.2362513542175293
16 6 2 0 2 7 0 2 7 0 2 11 1 2 8 8 9 2 17 9 2 0 2 11 0 2 7 0 2 11 17 18 2 0 2 12 5 30 3 5 31 3 5 30 3 0 2 7 0 2 7 1 2 7 6 2 11 6 2 7 12 16 2 0 2 7 5 30 3 6 2 11 17 18 2 5 30 3 0 2 11 0 2 7 8 9 2 0 2 11 0 2 7 0 2 11 0 2 12 0 2 11 1 2 7 0 2 11 0 2 11 1 2 11 1 2 11 5 30 3 0 43.0345411896705627
0 2 7 5 30 3 16 19 11 0 2 8 0 2 3 5 30 3 5 30 3 0 2 8 0 2 8 0 2 8 0 2 11 0 2 7 0 2 8 16 19 11 0 2 3 0 2 7 0 2 11 0 2 11 5 30 3 5 30 3 0 2 8 0 2 8 0 2 7 16 19 11 5 30 3 0 2 11 0 2 8 0 2 3 0 2 8 16 19 11 16 19 11 0 2 8 0 2 8 0 2 7 0 2 7 0 2 3 0 2 8 5 31 3 12 16 2 0 2 8 6.77025728285666376e-06 45.7937483787536621
1 2 3 8 9 2 0 2 3 12 16 2 8 18 2 0 2 3 0 2 11 0 2 4 0 2 8 1 2 7 1 2 8 0 2 7 8 18 2 0 2 7 0 2 8 0 2 3 5 30 3 0 2 3 16 19 13 0 2 8 1 2 7 8 18 2 1 2 7 0 2 7 8 9 2 5 31 3 8 18 2 1 2 7 0 2 7 0 2 8 0 2 8 16 19 13 1 2 11 0 2 11 1 2 4 12 16 2 0 2 3 0 2 7 16 15 2 5 31 3 0.00684655848835640565 43.7000335454940796
0 2 7 0 2 7 0 2 7 0 2 7 0 2 7 0 2 7 5 31 3 12 16 2 5 31 3 16 19 11 0 2 8 0 2 3 0 2 7 5 30 3 0 2 8 0 2 8 0 2 8 0 2 11 0 2 7 16 19 11 1 2 7 0 2 7 0 2 7 1 2 7 5 30 3 17 9 2 17 9 2 1 2 7 0 2 7 5 31 3 0 2 7 0 2 3 0 2 8 16 19 11 1 2 7 0 2 8 0 2 8 0 2 3 0 2 8 1 2 7 0.000628655857279499224 43.7663421630859375
1 2 7 0 2 7 0 2 7 0 2 7 17 18 2 0 2 7 0 2 7 5 30 3 6 2 3 5 30 3 0 2 7 5 30 3 0 2 11 0 2 3 0 2 7 6 2 3 17 9 2 0 2 3 0 2 7 0 2 7 0 2 7 0 2 7 0 2 7 16 6 2 1 2 7 1 2 11 5 30 3 0 2 1 0 2 7 1 2 7 5 31 3 0 2 7 1 2 7 1 2 7 16 6 2 0 2 11 5 31 3 0 2 11 8 18 2 16 6 2 0 41.7657407522201538
16 31 2 0 2 7 0 2 7 8 9 2 17 9 2 0 2 4 17 18 2 5 30 3 5 31 3 0 2 7 0 2 4 1 2 7 12 16 2 0 2 7 17 18 2 1 2 7 0 2 3 1 2 7 1 2 7 1 2 7 1 2 7 0 2 4 0 2 7 1 2 7 1 2 7 0 2 7 0 2 7 1 2 7 5 30 3 0 2 7 0 2 7 0 2 7 0 2 7 0 2 3 0 2 7 1 2 7 1 2 11 1 2 4 1 2 7 0 2 7 0 40.7372217178344727
0 2 3 5 30 3 5 30 3 0 2 3 0 2 3 5 30 3 12 16 2 0 2 3 1 2 7 0 2 7 0 2 3 5 30 3 12 16 2 0 2 7 16 19 12 0 2 7 1 2 7 16 19 11 0 2 3 0 2 8 0 2 3 8 18 2 0 2 11 1 2 3 16 6 2 0 2 3 0 2 7 0 2 3 0 2 3 0 2 3 0 2 7 1 2 3 0 2 7 1 2 3 1 2 7 16 18 8 0 2 8 0 2 3 5 30 3 0 2 3 0 43.8429328203201294

Current Evaluation = 2250(2250)
Front Size = 10
12 16 2 5 31 3 16 6 2 1 2 7 0 2 7 5 31 3 1 2 7 5 31 3 0 2 7 0 2 7 0 2 7 0 2 7 0 2 7 5 31 3 0 2 7 1 2 7 0 2 7 1 2 7 1 2 7 0 2 7 1 2 7 0 2 7 0 2 7 0 2 7 1 2 7 17 9 2 0 2 7 0 2 7 0 2 7 17 9 2 0 2 7 0 2 7 16 6 2 1 2 7 17 18 2 0 2 7 13 6 3 1 2 7 1 2 7 0 2 7 0 40.4340677261352539
16 15 2 0 2 7 0 2 3 0 2 10 0 2 7 17 9 2 1 2 7 0 2 10 0 2 7 0 2 10 0 2 7 6 2 7 5 31 3 5 31 3 5 30 3 0 2 4 0 2 3 1 2 7 0 2 7 1 2 3 16 6 2 0 2 7 5 30 3 1 2 4 17 18 2 5 30 3 1 2 7 0 2 7 17 9 2 0 2 4 6 2 7 0 2 7 0 2 7 1 2 7 0 2 3 0 2 7 0 2 3 0 2 7 1 2 10 0 2 7 0 41.4604238271713257
16 6 2 0 2 7 0 2 7 0 2 11 1 2 8 8 9 2 17 9 2 0 2 11 0 2 7 0 2 11 17 18 2 0 2 12 5 30 3 5 31 3 5 30 3 0 2 7 0 2 7 1 2 7 6 2 11 6 2 7 12 16 2 0 2 7 5 30 3 6 2 11 17 18 2 5 30 3 0 2 11 0 2 7 8 9 2 0 2 11 0 2 7 0 2 11 0 2 12 0 2 11 1 2 7 0 2 11 0 2 11 1 2 11 1 2 11 5 30 3 0 43.0345411896705627
0 2 8 5 30 3 12 16 2 0 2 8 0 2 3 16 9 8 5 30 3 5 30 3 5 30 3 0 2 8 0 2 8 0 2 3 16 19 12 12 16 2 0 2 3 0 2 8 16 19 12 0 2 3 1 2 3 1 2 3 8 9 2 1 2 3 0 2 8 1 2 3 0 2 3 0 2 3 1 2 3 1 2 3 5 30 3 0 2 3 0 2 3 1 2 3 0 2 3 0 2 3 0 2 8 0 2 3 0 2 3 16 18 8 0 2 3 8 18 2 7.4005308852607518e-05 45.2362513542175293
1 2 3 8 9 2 0 2 3 12 16 2 8 18 2 0 2 3 0 2 11 0 2 4 0 2 8 1 2 7 1 2 8 0 2 7 8 18 2 0 2 7 0 2 8 0 2 3 5 30 3 0 2 3 16 19 13 0 2 8 1 2 7 8 18 2 1 2 7 0 2 7 8 9 2 5 31 3 8 18 2 1 2 7 0 2 7 0 2 8 0 2 8 16 19 13 1 2 11 0 2 11 1 2 4 12 16 2 0 2 3 0 2 7 16 15 2 5 31 3 0.00684655848835640565 43.7000335454940796
17 18 2 17 18 2 0 2 7 1 2 7 12 16 2 0 2 7 0 2 7 0 2 4 1 2 4 1 2 7 1 2 7 0 2 7 5 30 3 1 2 7 5 30 3 17 18 2 8 18 2 0 2 7 0 2 3 1 2 4 1 2 7 12 16 2 0 2 7 1 2 7 0 2 7 5 31 3 1 2 3 0 2 7 0 2 7 0 2 7 8 9 2 0 2 4 1 2 7 0 2 7 0 2 7 1 2 7 0 2 4 0 2 7 0 2 7 16 15 2 0 41.0376147031784058
5 30 3 12 16 2 5 30 3 5 30 3 5 30 3 8 9 2 5 30 3 0 2 7 0 2 8 0 2 3 16 19 11 0 2 8 6 2 8 0 2 7 16 19 1 12 16 2 0 2 3 0 2 7 0 2 8 0 2 7 0 2 8 0 2 11 5 30 3 0 2 8 1 2 8 0 2 8 6 2 8 0 2 8 0 2 8 0 2 8 0 2 3 17 18 2 1 2 3 0 2 3 0 2 3 0 2 11 0 2 8 16 19 11 0 2 8 8 18 2 0 45.456343412399292
1 2 7 12 16 2 5 30 3 0 2 7 5 30 3 1 2 7 12 16 2 0 2 7 17 9 2 5 31 3 5 31 3 0 2 7 6 2 7 16 18 11 1 2 7 17 9 2 0 2 7 0 2 11 6 2 7 0 2 7 0 2 7 1 2 7 2 3 3 0 2 4 0 2 7 0 2 7 15 2 11 5 30 3 0 2 7 16 30 2 12 16 2 0 2 7 9 2 7 0 2 7 1 2 7 0 2 7 0 2 11 0 2 7 1 2 7 0 2 7 0 42.0984078049659729
0 2 7 0 2 7 0 2 7 0 2 7 0 2 7 0 2 7 5 31 3 12 16 2 5 31 3 16 19 11 0 2 8 0 2 3 0 2 7 5 30 3 0 2 8 0 2 8 0 2 8 0 2 11 0 2 7 16 19 11 1 2 7 0 2 7 0 2 7 1 2 7 5 30 3 17 9 2 17 9 2 1 2 7 0 2 7 5 31 3 0 2 7 0 2 3 0 2 8 16 19 11 1 2 7 0 2 8 0 2 8 0 2 3 0 2 8 1 2 7 0.000628655857279499224 43.7663421630859375
0 2 7 0 2 7 0 2 13 17 9 2 0 2 7 0 2 7 5 31 3 5 30 3 5 30 3 1 2 11 0 2 7 0 2 7 0 2 11 12 16 2 0 2 7 5 31 3 1 2 11 0 2 11 6 2 7 16 6 2 0 2 7 8 9 2 0 2 7 17 18 2 1 2 7 6 2 7 0 2 7 16 19 11 1 2 7 0 2 7 0 2 11 5 31 3 16 6 2 0 2 7 0 2 7 0 2 7 0 2 7 1 2 7 0 2 7 5 30 3 0 42.0678197145462036

Current Evaluation = 2700(2700)
Front Size = 10
12 16 2 5 31 3 16 6 2 1 2 7 0 2 7 5 31 3 1 2 7 5 31 3 0 2 7 0 2 7 0 2 7 0 2 7 0 2 7 5 31 3 0 2 7 1 2 7 0 2 7 1 2 7 1 2 7 0 2 7 1 2 7 0 2 7 0 2 7 0 2 7 1 2 7 17 9 2 0 2 7 0 2 7 0 2 7 17 9 2 0 2 7 0 2 7 16 6 2 1 2 7 17 18 2 0 2 7 13 6 3 1 2 7 1 2 7 0 2 7 0 40.4340677261352539
16 6 2 0 2 7 0 2 7 0 2 11 1 2 8 8 9 2 17 9 2 0 2 11 0 2 7 0 2 11 17 18 2 0 2 12 5 30 3 5 31 3 5 30 3 0 2 7 0 2 7 1 2 7 6 2 11 6 2 7 12 16 2 0 2 7 5 30 3 6 2 11 17 18 2 5 30 3 0 2 11 0 2 7 8 9 2 0 2 11 0 2 7 0 2 11 0 2 12 0 2 11 1 2 7 0 2 11 0 2 11 1 2 11 1 2 11 5 30 3 0 43.0345411896705627
17 18 2 12 16 2 0 2 7 1 2 7 5 31 3 0 2 4 1 2 7 17 9 2 5 30 3 8 18 2 0 2 7 0 2 7 1 2 7 1 2 7 0 2 7 0 2 4 0 2 7 1 2 4 0 2 7 16 15 2 1 2 7 1 2 7 5 30 3 12 16 2 0 2 7 1 2 7 0 2 7 0 2 7 1 2 4 0 2 7 0 2 7 1 2 7 0 2 7 0 2 3 8 18 2 0 2 7 0 2 4 0 2 7 1 2 3 17 18 2 0 41.0376147031784058
16 6 2 17 1 2 0 2 7 1 2 7 12 16 2 0 2 7 0 2 7 0 2 3 0 2 3 5 30 3 5 30 3 0 2 3 0 2 3 0 2 7 5 30 3 0 2 3 1 2 7 5 31 3 1 2 7 1 2 7 16 6 2 17 18 2 8 18 2 1 2 7 0 2 7 0 2 3 0 2 7 1 2 7 0 2 7 0 2 3 0 2 3 5 30 3 0 2 7 0 2 7 0 2 3 0 2 7 0 2 7 16 6 2 0 2 3 1 2 8 0 41.7590866088867188
12 16 2 0 2 7 0 2 7 1 2 7 0 2 7 0 2 7 0 2 11 0 2 7 1 2 7 0 2 7 12 16 2 1 2 7 0 2 7 17 18 2 5 30 3 16 9 11 5 30 3 5 30 3 12 16 2 6 2 7 0 2 10 5 30 3 0 2 7 6 2 7 12 16 2 8 9 2 0 2 7 0 2 7 0 2 7 6 2 7 16 19 11 17 9 2 1 3 2 5 31 3 0 2 7 0 2 7 12 16 2 9 2 7 0 2 7 8 18 2 0 42.5706644058227539
12 16 2 5 31 3 16 6 2 1 2 7 0 2 7 16 6 2 0 2 11 5 30 3 0 2 7 1 2 7 0 2 7 0 2 7 0 2 7 0 2 7 0 2 7 0 2 7 1 2 11 0 2 7 0 2 11 0 2 7 8 9 2 0 2 7 0 2 7 0 2 7 17 9 2 1 2 7 16 6 2 5 31 3 0 2 7 17 18 2 5 30 3 6 2 7 1 2 11 6 2 7 0 2 1 0 2 7 5 31 3 0 2 7 0 2 11 5 30 3 0 41.7839697599411011
5 30 3 12 16 2 5 30 3 5 30 3 5 30 3 8 9 2 5 30 3 0 2 7 0 2 8 0 2 3 16 19 11 0 2 8 6 2 8 0 2 7 16 19 1 12 16 2 0 2 3 0 2 7 0 2 8 0 2 7 0 2 8 0 2 11 5 30 3 0 2 8 1 2 8 0 2 8 6 2 8 0 2 8 0 2 8 0 2 8 0 2 3 17 18 2 1 2 3 0 2 3 0 2 3 0 2 11 0 2 8 16 19 11 0 2 8 8 18 2 0 45.456343412399292
12 16 2 0 2 3 0 2 3 0 2 7 0 2 7 1 2 7 5 30 3 0 2 12 0 2 7 5 30 3 0 2 7 17 18 2 12 16 2 5 30 3 5 30 3 0 2 7 0 2 7 5 30 3 16 6 2 0 2 7 0 2 7 0 2 7 0 2 7 1 2 7 13 6 3 8 18 2 16 31 2 1 2 3 0 2 11 0 2 3 0 2 3 16 19 12 1 2 3 1 2 3 1 2 3 15 2 11 12 16 2 16 19 11 0 2 11 0 2 3 0.00281270562950415755 42.5495166778564453
12 16 2 16 19 11 0 2 3 0 2 7 0 2 3 0 2 7 5 30 3 0 2 7 0 2 3 5 30 3 0 2 3 17 18 2 12 16 2 5 30 3 1 2 7 0 2 7 1 2 7 16 9 11 12 16 2 1 2 7 0 2 3 0 2 4 0 2 7 6 2 7 13 6 3 0 2 3 1 2 7 17 9 2 1 2 7 1 2 3 0 2 7 5 31 3 0 2 7 0 2 7 1 2 7 1 2 7 1 2 7 0 2 4 0 2 7 0 2 3 0 41.9047396183013916
16 30 2 0 2 7 1 2 7 0 2 7 0 2 7 17 18 2 0 2 3 5 30 3 5 30 3 5 30 3 0 2 7 1 2 7 1 2 7 0 2 7 12 16 2 0 2 7 5 30 3 1 2 7 0 2 11 0 2 3 1 2 7 0 2 7 0 2 3 1 2 7 0 2 10 1 2 7 0 2 7 0 2 7 8 1 2 0 2 7 0 2 7 0 2 7 8 18 2 17 9 2 5 30 3 0 2 7 1 2 7 0 2 3 17 9 2 12 16 2 0 41.6634645462036133

Current Evaluation = 3150(3150)
Front Size = 10
16 6 2 0 2 7 0 2 7 0 2 4 17 18 2 5 31 3 5 31 3 5 30 3 1 2 7 0 2 7 0 2 7 1 2 4 12 16 2 0 2 7 5 31 3 17 18 2 1 2 7 0 2 7 1 2 7 16 31 2 1 2 7 0 2 7 0 2 7 0 2 7 0 2 7 0 2 7 16 6 2 1 2 7 0 2 7 1 2 7 1 2 7 0 2 7 0 2 7 0 2 7 1 2 7 1 2 4 1 2 7 0 2 7 0 2 7 0 2 7 0 40.4265387058258057
12 16 2 0 2 7 0 2 4 1 2 7 5 30 3 0 2 7 0 2 7 0 2 3 12 16 2 1 2 7 0 2 7 1 2 4 0 2 7 1 2 7 0 2 7 0 2 7 5 30 3 0 2 4 1 2 3 13 6 3 0 2 7 1 2 7 0 2 7 5 30 3 1 2 7 12 16 2 0 2 7 1 2 3 0 2 3 0 2 3 1 2 7 17 9 2 16 6 2 17 9 2 1 2 3 13 6 3 17 18 2 12 16 2 8 18 2 0 2 7 0 40.8231085538864136
16 6 2 0 2 7 0 2 7 0 2 11 1 2 8 8 9 2 17 9 2 0 2 11 0 2 7 0 2 11 17 18 2 0 2 12 5 30 3 5 31 3 5 30 3 0 2 7 0 2 7 1 2 7 6 2 11 6 2 7 12 16 2 0 2 7 5 30 3 6 2 11 17 18 2 5 30 3 0 2 11 0 2 7 8 9 2 0 2 11 0 2 7 0 2 11 0 2 12 0 2 11 1 2 7 0 2 11 0 2 11 1 2 11 1 2 11 5 30 3 0 43.0345411896705627
12 16 2 0 2 3 0 2 3 5 30 3 12 16 2 0 2 3 0 2 7 0 2 7 5 30 3 5 31 3 0 2 3 5 31 3 0 2 7 1 2 3 1 2 7 0 2 3 0 2 3 0 2 7 0 2 7 0 2 7 0 2 7 1 2 7 0 2 3 16 31 2 1 2 7 0 2 7 16 6 2 0 2 3 5 30 3 1 2 4 0 2 7 16 6 2 16 6 2 0 2 3 16 6 2 1 2 3 0 2 7 0 2 4 1 2 7 1 2 7 0 41.5887746810913086
5 30 3 12 16 2 5 30 3 5 30 3 5 30 3 8 9 2 5 30 3 0 2 7 0 2 8 0 2 3 16 19 11 0 2 8 6 2 8 0 2 7 16 19 1 12 16 2 0 2 3 0 2 7 0 2 8 0 2 7 0 2 8 0 2 11 5 30 3 0 2 8 1 2 8 0 2 8 6 2 8 0 2 8 0 2 8 0 2 8 0 2 3 17 18 2 1 2 3 0 2 3 0 2 3 0 2 11 0 2 8 16 19 11 0 2 8 8 18 2 0 45.456343412399292
5 31 3 5 30 3 5 30 3 8 18 2 5 30 3 1 2 7 0 2 7 12 16 2 0 2 7 0 2 3 0 2 7 16 19 11 1 2 7 5 30 3 0 2 7 0 2 7 0 2 7 1 2 7 0 2 7 0 2 3 0 2 7 0 2 7 0 2 7 17 18 2 1 2 7 0 2 7 0 2 3 0 2 3 0 2 7 0 2 7 17 18 2 0 2 7 13 6 3 0 2 3 1 2 7 1 2 7 1 2 7 16 6 2 6 2 7 12 16 2 0 41.6107245087623596
5 30 3 12 16 2 5 30 3 5 31 3 5 31 3 5 30 3 0 2 7 0 2 7 1 2 7 12 16 2 0 2 7 0 2 7 0 2 7 0 2 7 0 2 7 0 2 7 5 31 3 17 1 2 0 2 7 16 19 13 0 2 7 0 2 7 16 19 11 0 2 7 0 2 7 0 2 7 17 18 2 1 2 8 1 2 7 0 2 7 0 2 7 16 6 2 0 2 7 0 2 7 0 2 7 0 2 7 0 2 7 0 2 7 6 2 7 0 2 7 0 42.1778814196586609
5 30 3 12 16 2 5 30 3 5 30 3 5 30 3 0 2 7 0 2 11 12 16 2 0 2 7 0 2 11 1 2 7 8 9 2 0 2 7 5 30 3 1 2 7 0 2 7 0 2 11 0 2 7 0 2 11 1 2 7 0 2 7 1 2 7 0 2 7 8 9 2 1 2 7 0 2 7 1 2 7 0 2 11 16 19 11 0 2 11 0 2 7 0 2 7 17 18 2 1 2 7 16 6 2 8 9 2 0 2 7 0 2 11 0 2 7 17 9 2 0 42.2706018686294556
5 30 3 12 16 2 5 30 3 5 30 3 5 30 3 0 2 7 0 2 7 12 16 2 0 2 7 0 2 7 0 2 11 8 18 2 0 2 7 5 30 3 0 2 8 0 2 7 16 19 11 0 2 7 0 2 7 16 19 1 6 2 7 0 2 7 0 2 8 0 2 7 0 2 8 17 9 2 0 2 7 6 2 8 0 2 8 1 2 7 17 9 2 0 2 3 17 18 2 1 2 3 0 2 3 0 2 7 0 2 11 0 2 8 1 2 7 12 16 2 0.00401618021765207112 43.4914808869361877
16 6 2 0 2 11 0 2 7 0 2 3 0 2 7 8 18 2 1 2 3 1 2 8 5 30 3 5 31 3 5 30 3 0 2 7 6 2 7 0 2 3 0 2 3 12 16 2 0 2 11 5 31 3 0 2 3 0 2 7 0 2 7 1 2 7 16 6 2 6 2 7 16 19 11 1 2 7 0 2 7 0 2 3 1 2 7 0 2 11 0 2 3 17 9 2 5 30 3 0 2 7 0 2 3 5 30 3 0 2 11 0 2 7 0 2 7 16 6 2 0 42.50534987449646

Current Evaluation = 3600(3600)
Front Size = 10
16 6 2 0 2 7 0 2 7 0 2 4 17 18 2 5 31 3 5 31 3 5 30 3 1 2 7 0 2 7 0 2 7 1 2 4 12 16 2 0 2 7 5 31 3 17 18 2 1 2 7 0 2 7 1 2 7 16 31 2 1 2 7 0 2 7 0 2 7 0 2 7 0 2 7 0 2 7 16 6 2 1 2 7 0 2 7 1 2 7 1 2 7 0 2 7 0 2 7 0 2 7 1 2 7 1 2 4 1 2 7 0 2 7 0 2 7 0 2 7 0 40.4265387058258057
16 6 2 0 2 11 0 2 7 0 2 3 0 2 7 8 18 2 1 2 3 1 2 8 5 30 3 5 31 3 5 30 3 0 2 7 6 2 7 0 2 3 0 2 3 12 16 2 0 2 11 5 31 3 0 2 3 0 2 7 0 2 7 1 2 7 16 6 2 6 2 7 16 19 11 1 2 7 0 2 7 0 2 3 1 2 7 0 2 11 0 2 3 17 9 2 5 30 3 0 2 7 0 2 3 5 30 3 0 2 11 0 2 7 0 2 7 16 6 2 0 42.50534987449646
12 16 2 0 2 7 1 2 7 5 31 3 1 2 4 0 2 7 0 2 7 1 2 4 0 2 7 6 2 7 1 2 7 1 2 7 0 2 7 5 30 3 1 2 7 0 2 4 0 2 7 5 30 3 1 2 7 0 2 3 0 2 4 0 2 7 0 2 7 17 9 2 17 9 2 0 2 3 1 2 7 12 16 2 0 2 7 0 2 7 15 2 11 13 6 3 1 2 4 1 2 7 1 2 4 0 2 4 17 9 2 17 18 2 0 2 7 0 2 7 0 40.5759547352790833
16 6 2 1 2 7 0 2 7 0 2 7 0 2 10 5 31 3 12 16 2 1 2 7 1 2 7 0 2 7 0 2 7 0 2 7 0 2 10 0 2 7 0 2 7 1 2 11 0 2 7 0 2 7 0 2 7 12 16 2 5 30 3 0 2 7 0 2 7 0 2 7 1 2 7 17 9 2 0 2 7 5 31 3 5 31 3 0 2 7 5 30 3 6 2 7 16 6 2 6 2 7 13 6 3 0 2 7 0 2 7 16 6 2 5 30 3 17 9 2 0 41.0309234857559204
16 6 2 0 2 7 0 2 7 0 2 11 1 2 8 8 9 2 17 9 2 0 2 11 0 2 7 0 2 11 17 18 2 0 2 12 5 30 3 5 31 3 5 30 3 0 2 7 0 2 7 1 2 7 6 2 11 6 2 7 12 16 2 0 2 7 5 30 3 6 2 11 17 18 2 5 30 3 0 2 11 0 2 7 8 9 2 0 2 11 0 2 7 0 2 11 0 2 12 0 2 11 1 2 7 0 2 11 0 2 11 1 2 11 1 2 11 5 30 3 0 43.0345411896705627
5 30 3 5 30 3 5 30 3 5 30 3 0 2 7 12 16 2 0 2 7 0 2 7 17 9 2 0 2 7 0 2 3 1 2 7 1 2 7 0 2 3 0 2 7 0 2 3 0 2 7 8 9 2 0 2 7 6 2 7 0 2 7 0 2 7 0 2 7 0 2 7 0 2 7 16 15 2 8 9 2 0 2 7 17 9 2 5 30 3 0 2 7 0 2 7 1 2 7 1 2 7 1 2 7 1 2 7 1 2 7 16 31 2 0 2 7 1 2 7 0 41.3493315577507019
16 30 2 12 16 2 6 2 7 16 30 2 0 2 3 5 30 3 5 30 3 0 2 3 0 2 3 0 2 3 0 2 7 12 16 2 0 2 3 0 2 7 0 2 7 1 2 7 5 31 3 0 2 7 1 2 7 16 6 2 0 2 7 0 2 4 1 2 7 0 2 3 12 16 2 12 16 2 1 2 7 1 2 11 8 9 2 0 2 7 1 2 11 0 2 7 5 31 3 0 2 7 0 2 3 0 2 3 0 2 3 16 6 2 1 2 3 0 2 4 0 41.9931617379188538
5 30 3 12 16 2 5 30 3 5 30 3 5 30 3 8 9 2 5 30 3 0 2 7 0 2 8 0 2 3 16 19 11 0 2 8 6 2 8 0 2 7 16 19 1 12 16 2 0 2 3 0 2 7 0 2 8 0 2 7 0 2 8 0 2 11 5 30 3 0 2 8 1 2 8 0 2 8 6 2 8 0 2 8 0 2 8 0 2 8 0 2 3 17 18 2 1 2 3 0 2 3 0 2 3 0 2 11 0 2 8 16 19 11 0 2 8 8 18 2 0 45.456343412399292
12 16 2 0 2 7 1 2 7 5 30 3 0 2 7 0 2 7 1 2 7 0 2 7 0 2 7 0 2 7 0 2 7 5 30 3 0 2 7 5 30 3 17 9 2 16 6 2 17 18 2 1 2 11 0 2 3 12 16 2 0 2 12 1 2 7 0 2 11 1 2 3 0 2 11 1 2 7 0 2 11 0 2 12 12 16 2 0 2 7 0 2 11 0 2 3 0 2 3 1 2 7 5 30 3 0 2 11 13 6 3 0 2 11 8 9 2 6 2 11 7.93955678978346959e-05 42.330894947052002
12 16 2 0 2 7 0 2 4 1 2 7 5 30 3 0 2 7 0 2 7 0 2 3 12 16 2 1 2 7 0 2 7 1 2 4 0 2 7 1 2 7 0 2 7 0 2 7 5 30 3 0 2 4 1 2 3 13 6 3 0 2 7 1 2 7 0 2 7 5 30 3 1 2 7 12 16 2 0 2 7 1 2 3 0 2 3 0 2 3 1 2 7 17 9 2 16 6 2 17 9 2 1 2 3 13 6 3 17 18 2 12 16 2 8 18 2 0 2 7 0 40.8231085538864136

Current Evaluation = 4050(4050)
Front Size = 10
16 6 2 0 2 7 0 2 7 0 2 4 17 18 2 5 31 3 5 31 3 5 30 3 1 2 7 0 2 7 0 2 7 1 2 4 12 16 2 0 2 7 5 31 3 17 18 2 1 2 7 0 2 7 1 2 7 16 31 2 1 2 7 0 2 7 0 2 7 0 2 7 0 2 7 0 2 7 16 6 2 1 2 7 0 2 7 1 2 7 1 2 7 0 2 7 0 2 7 0 2 7 1 2 7 1 2 4 1 2 7 0 2 7 0 2 7 0 2 7 0 40.4265387058258057
12 16 2 0 2 7 1 2 4 0 2 7 0 2 7 0 2 7 0 2 4 1 2 7 1 2 7 0 2 4 5 30 3 1 2 7 0 2 7 5 30 3 1 2 4 1 2 7 0 2 7 0 2 4 17 9 2 17 9 2 17 9 2 1 2 7 0 2 7 0 2 7 1 2 11 1 2 7 0 2 7 5 31 3 1 2 7 1 2 7 0 2 7 0 2 7 12 16 2 0 2 7 13 6 3 8 9 2 1 2 7 0 2 7 0 2 4 17 9 2 0 40.4922696352005005
12 16 2 5 31 3 0 2 7 0 2 7 0 2 7 6 2 3 5 31 3 0 2 3 1 2 3 16 6 2 0 2 7 1 2 7 0 2 3 1 2 7 1 2 3 1 2 7 5 31 3 0 2 3 16 6 2 16 6 2 0 2 7 0 2 7 0 2 7 0 2 3 0 2 3 1 2 3 0 2 7 17 18 2 1 2 3 0 2 7 1 2 3 1 2 3 0 2 7 16 6 2 1 2 7 0 2 7 0 2 7 0 2 3 0 2 7 1 2 7 0 41.2329438924789429
12 16 2 0 2 7 0 2 4 1 2 7 5 30 3 0 2 7 0 2 7 0 2 3 12 16 2 1 2 7 0 2 7 1 2 4 0 2 7 1 2 7 0 2 7 0 2 7 5 30 3 0 2 4 1 2 3 13 6 3 0 2 7 1 2 7 0 2 7 5 30 3 1 2 7 12 16 2 0 2 7 1 2 3 0 2 3 0 2 3 1 2 7 17 9 2 16 6 2 17 9 2 1 2 3 13 6 3 17 18 2 12 16 2 8 18 2 0 2 7 0 40.8231085538864136
12 16 2 0 2 7 0 2 7 0 2 7 5 30 3 0 2 7 0 2 3 12 16 2 1 2 7 0 2 7 1 2 7 0 2 7 1 2 7 0 2 7 0 2 7 5 31 3 0 2 7 13 6 3 1 2 7 1 2 7 0 2 7 0 2 7 0 2 7 1 2 7 17 9 2 17 18 2 0 2 7 1 2 7 1 2 7 5 30 3 12 16 2 1 2 7 0 2 7 0 2 7 16 6 2 1 2 7 13 6 3 8 18 2 12 16 2 17 18 2 0 40.4833874702453613
16 6 2 0 2 7 0 2 7 0 2 11 1 2 8 8 9 2 17 9 2 0 2 11 0 2 7 0 2 11 17 18 2 0 2 12 5 30 3 5 31 3 5 30 3 0 2 7 0 2 7 1 2 7 6 2 11 6 2 7 12 16 2 0 2 7 5 30 3 6 2 11 17 18 2 5 30 3 0 2 11 0 2 7 8 9 2 0 2 11 0 2 7 0 2 11 0 2 12 0 2 11 1 2 7 0 2 11 0 2 11 1 2 11 1 2 11 5 30 3 0 43.0345411896705627
5 30 3 12 16 2 5 30 3 5 30 3 5 30 3 8 9 2 5 30 3 0 2 7 0 2 8 0 2 3 16 19 11 0 2 8 6 2 8 0 2 7 16 19 1 12 16 2 0 2 3 0 2 7 0 2 8 0 2 7 0 2 8 0 2 11 5 30 3 0 2 8 1 2 8 0 2 8 6 2 8 0 2 8 0 2 8 0 2 8 0 2 3 17 18 2 1 2 3 0 2 3 0 2 3 0 2 11 0 2 8 16 19 11 0 2 8 8 18 2 0 45.456343412399292
16 6 2 0 2 7 0 2 7 0 2 7 0 2 7 5 31 3 12 16 2 1 2 7 1 2 7 0 2 7 0 2 7 0 2 7 1 2 3 0 2 7 0 2 7 1 2 11 0 2 7 6 2 7 0 2 7 12 16 2 5 30 3 0 2 7 0 2 7 0 2 7 1 2 7 17 9 2 0 2 7 5 31 3 5 31 3 0 2 7 5 30 3 0 2 7 16 6 2 6 2 7 13 6 3 0 2 7 0 2 7 16 6 2 5 30 3 17 9 2 0 41.022923469543457
12 16 2 0 2 7 1 2 7 0 2 4 0 2 7 0 2 7 0 2 7 0 2 7 0 2 7 0 2 7 0 2 7 1 2 7 0 2 7 5 31 3 0 2 3 1 2 7 0 2 4 16 24 2 0 2 3 0 2 7 17 18 2 0 2 7 16 6 2 5 31 3 0 2 7 1 2 7 1 2 7 16 6 2 5 30 3 5 31 3 6 2 7 12 16 2 0 2 7 0 2 3 1 2 7 0 2 7 6 2 7 0 2 7 5 31 3 16 6 2 0 41.1226427555084229
16 6 2 1 2 7 0 2 7 17 9 2 0 2 7 1 2 11 5 30 3 5 30 3 0 2 7 0 2 7 0 2 3 8 18 2 0 2 4 5 30 3 0 2 7 0 2 11 1 2 7 1 2 7 0 2 7 17 9 2 0 2 7 12 16 2 12 16 2 0 2 7 0 2 7 0 2 7 0 2 7 17 18 2 5 30 3 0 2 7 0 2 10 1 2 7 0 2 7 13 6 3 1 2 11 1 2 4 0 2 7 6 2 7 1 2 7 5 31 3 0 41.2909135222434998

Current Evaluation = 4500(4500)
Front Size = 10
16 6 2 0 2 7 0 2 7 0 2 4 17 18 2 5 31 3 5 31 3 5 30 3 1 2 7 0 2 7 0 2 7 1 2 4 12 16 2 0 2 7 5 31 3 17 18 2 1 2 7 0 2 7 1 2 7 16 31 2 1 2 7 0 2 7 0 2 7 0 2 7 0 2 7 0 2 7 16 6 2 1 2 7 0 2 7 1 2 7 1 2 7 0 2 7 0 2 7 0 2 7 1 2 7 1 2 4 1 2 7 0 2 7 0 2 7 0 2 7 0 40.4265387058258057
16 6 2 0 2 7 0 2 7 0 2 11 1 2 8 8 9 2 17 9 2 0 2 11 0 2 7 0 2 11 17 18 2 0 2 12 5 30 3 5 31 3 5 30 3 0 2 7 0 2 7 1 2 7 6 2 11 6 2 7 12 16 2 0 2 7 5 30 3 6 2 11 17 18 2 5 30 3 0 2 11 0 2 7 8 9 2 0 2 11 0 2 7 0 2 11 0 2 12 0 2 11 1 2 7 0 2 11 0 2 11 1 2 11 1 2 11 5 30 3 0 43.0345411896705627
12 16 2 0 2 7 0 2 4 1 2 7 5 30 3 0 2 7 0 2 7 0 2 3 12 16 2 1 2 7 0 2 7 1 2 4 0 2 7 1 2 7 0 2 7 0 2 7 5 30 3 0 2 4 1 2 3 13 6 3 0 2 7 1 2 7 0 2 7 5 30 3 1 2 7 12 16 2 0 2 7 1 2 3 0 2 3 0 2 3 1 2 7 17 9 2 16 6 2 17 9 2 1 2 3 13 6 3 17 18 2 12 16 2 8 18 2 0 2 7 0 40.8231085538864136
5 30 3 12 16 2 5 30 3 5 30 3 5 30 3 8 9 2 5 30 3 0 2 7 0 2 8 0 2 3 16 19 11 0 2 8 6 2 8 0 2 7 16 19 1 12 16 2 0 2 3 0 2 7 0 2 8 0 2 7 0 2 8 0 2 11 5 30 3 0 2 8 1 2 8 0 2 8 6 2 8 0 2 8 0 2 8 0 2 8 0 2 3 17 18 2 1 2 3 0 2 3 0 2 3 0 2 11 0 2 8 16 19 11 0 2 8 8 18 2 0 45.456343412399292
12 16 2 0 2 7 1 2 4 0 2 7 0 2 7 0 2 7 0 2 4 1 2 7 1 2 7 0 2 4 5 30 3 1 2 7 0 2 7 5 30 3 1 2 4 1 2 7 0 2 7 0 2 4 17 9 2 17 9 2 17 9 2 1 2 7 0 2 7 0 2 7 1 2 11 1 2 7 0 2 7 5 31 3 1 2 7 1 2 7 0 2 7 0 2 7 12 16 2 0 2 7 13 6 3 8 9 2 1 2 7 0 2 7 0 2 4 17 9 2 0 40.4922696352005005
16 6 2 0 2 7 0 2 7 0 2 7 0 2 7 5 31 3 12 16 2 1 2 7 1 2 7 0 2 7 0 2 7 0 2 7 1 2 3 0 2 7 0 2 7 1 2 11 0 2 7 6 2 7 0 2 7 12 16 2 5 30 3 0 2 7 0 2 7 0 2 7 1 2 7 17 9 2 0 2 7 5 31 3 5 31 3 0 2 7 5 30 3 0 2 7 16 6 2 6 2 7 13 6 3 0 2 7 0 2 7 16 6 2 5 30 3 17 9 2 0 41.022923469543457
12 16 2 5 31 3 0 2 7 0 2 7 0 2 7 6 2 3 5 31 3 0 2 3 1 2 3 16 6 2 0 2 7 1 2 7 0 2 3 1 2 7 1 2 3 1 2 7 5 31 3 0 2 3 16 6 2 16 6 2 0 2 7 0 2 7 0 2 7 0 2 3 0 2 3 1 2 3 0 2 7 17 18 2 1 2 3 0 2 7 1 2 3 1 2 3 0 2 7 16 6 2 1 2 7 0 2 7 0 2 7 0 2 3 0 2 7 1 2 7 0 41.2329438924789429
12 16 2 0 2 7 0 2 7 0 2 7 5 30 3 0 2 7 0 2 3 12 16 2 1 2 7 0 2 7 1 2 7 0 2 7 1 2 7 0 2 7 0 2 7 5 31 3 0 2 7 13 6 3 1 2 7 1 2 7 0 2 7 0 2 7 0 2 7 1 2 7 17 9 2 17 18 2 0 2 7 1 2 7 1 2 7 5 30 3 12 16 2 1 2 7 0 2 7 0 2 7 16 6 2 1 2 7 13 6 3 8 18 2 12 16 2 17 18 2 0 40.4833874702453613
12 16 2 0 2 7 1 2 7 0 2 4 0 2 7 0 2 7 0 2 7 0 2 7 0 2 7 0 2 7 0 2 7 1 2 7 0 2 7 5 31 3 0 2 3 1 2 7 0 2 4 16 24 2 0 2 3 0 2 7 17 18 2 0 2 7 16 6 2 5 31 3 0 2 7 1 2 7 1 2 7 16 6 2 5 30 3 5 31 3 6 2 7 12 16 2 0 2 7 0 2 3 1 2 7 0 2 7 6 2 7 0 2 7 5 31 3 16 6 2 0 41.1226427555084229
16 6 2 1 2 7 0 2 7 17 9 2 0 2 7 1 2 11 5 30 3 5 30 3 0 2 7 0 2 7 0 2 3 8 18 2 0 2 4 5 30 3 0 2 7 0 2 11 1 2 7 1 2 7 0 2 7 17 9 2 0 2 7 12 16 2 12 16 2 0 2 7 0 2 7 0 2 7 0 2 7 17 18 2 5 30 3 0 2 7 0 2 10 1 2 7 0 2 7 13 6 3 1 2 11 1 2 4 0 2 7 6 2 7 1 2 7 5 31 3 0 41.2909135222434998

Current Evaluation = 4950(4950)
Front Size = 10
12 16 2 0 2 7 0 2 7 0 2 7 0 2 7 15 2 11 1 2 7 5 30 3 1 2 7 0 2 7 5 30 3 1 2 7 0 2 7 17 9 2 0 2 7 0 2 7 0 2 4 1 2 7 0 2 7 5 31 3 1 2 7 1 2 7 0 2 7 0 2 7 12 16 2 0 2 7 13 6 3 1 2 4 1 2 7 1 2 7 1 2 7 0 2 7 1 2 7 0 2 7 17 9 2 17 9 2 12 16 2 0 2 7 13 6 3 17 9 2 0 40.3558205366134644
16 6 2 0 2 7 0 2 7 0 2 7 0 2 7 5 31 3 12 16 2 1 2 7 1 2 7 0 2 7 0 2 7 0 2 7 1 2 3 0 2 7 0 2 7 1 2 11 0 2 7 6 2 7 0 2 7 12 16 2 5 30 3 0 2 7 0 2 7 0 2 7 1 2 7 17 9 2 0 2 7 5 31 3 5 31 3 0 2 7 5 30 3 0 2 7 16 6 2 6 2 7 13 6 3 0 2 7 0 2 7 16 6 2 5 30 3 17 9 2 0 41.022923469543457
12 16 2 0 2 7 0 2 3 1 2 4 5 31 3 1 2 7 0 2 4 0 2 4 1 2 7 0 2 7 1 2 7 1 2 7 0 2 7 0 2 7 0 2 7 1 2 4 1 2 7 1 2 7 0 2 7 0 2 7 0 2 7 17 18 2 5 31 3 0 2 7 0 2 7 0 2 7 0 2 7 1 2 4 5 31 3 0 2 4 17 9 2 0 2 7 1 2 7 0 2 7 1 2 7 0 2 3 1 2 7 17 9 2 1 2 7 16 6 2 0 40.6800248622894287
12 16 2 0 2 3 0 2 7 0 2 7 5 31 3 0 2 7 0 2 3 1 2 7 0 2 7 1 2 7 0 2 7 1 2 7 0 2 7 0 2 7 0 2 3 1 2 7 13 6 3 1 2 7 0 2 3 0 2 7 0 2 7 0 2 7 17 9 2 17 18 2 1 2 7 5 31 3 0 2 7 0 2 7 1 2 7 0 2 3 0 2 7 1 2 7 5 30 3 1 2 7 1 2 7 1 2 3 17 9 2 16 6 2 1 2 7 6 2 7 0 40.713847815990448
16 6 2 0 2 7 0 2 7 0 2 11 1 2 8 8 9 2 17 9 2 0 2 11 0 2 7 0 2 11 17 18 2 0 2 12 5 30 3 5 31 3 5 30 3 0 2 7 0 2 7 1 2 7 6 2 11 6 2 7 12 16 2 0 2 7 5 30 3 6 2 11 17 18 2 5 30 3 0 2 11 0 2 7 8 9 2 0 2 11 0 2 7 0 2 11 0 2 12 0 2 11 1 2 7 0 2 11 0 2 11 1 2 11 1 2 11 5 30 3 0 43.0345411896705627
5 30 3 12 16 2 5 30 3 5 30 3 5 30 3 8 9 2 5 30 3 0 2 7 0 2 8 0 2 3 16 19 11 0 2 8 6 2 8 0 2 7 16 19 1 12 16 2 0 2 3 0 2 7 0 2 8 0 2 7 0 2 8 0 2 11 5 30 3 0 2 8 1 2 8 0 2 8 6 2 8 0 2 8 0 2 8 0 2 8 0 2 3 17 18 2 1 2 3 0 2 3 0 2 3 0 2 11 0 2 8 16 19 11 0 2 8 8 18 2 0 45.456343412399292
12 16 2 1 2 3 0 2 7 0 2 7 0 2 4 1 2 7 0 2 4 0 2 7 0 2 11 5 30 3 0 2 7 8 9 2 0 2 7 1 2 7 5 30 3 0 2 7 1 2 11 8 9 2 17 18 2 0 2 7 1 2 4 1 2 7 1 2 7 0 2 7 12 16 2 0 2 7 5 30 3 0 2 7 0 2 4 1 2 7 1 2 11 0 2 11 0 2 7 5 30 3 17 9 2 16 6 2 12 16 2 0 2 3 13 6 3 17 9 2 0 41.3303495645523071
0 2 7 0 2 7 0 2 4 17 18 2 0 2 7 5 31 3 5 30 3 5 30 3 1 2 7 1 2 7 0 2 7 1 2 7 12 16 2 0 2 4 5 31 3 1 2 7 0 2 7 1 2 7 0 2 7 0 2 7 13 6 3 17 9 2 0 2 7 1 2 7 0 2 7 1 2 7 1 2 7 0 2 7 17 18 2 16 6 2 0 2 7 16 19 13 0 2 4 0 2 7 0 2 7 0 2 7 0 2 7 0 2 7 5 30 3 0 2 7 0 40.8845065832138062
12 16 2 5 31 3 0 2 7 0 2 7 0 2 7 6 2 3 5 31 3 0 2 3 1 2 3 16 6 2 0 2 7 1 2 7 0 2 3 1 2 7 1 2 3 1 2 7 5 31 3 0 2 3 16 6 2 16 6 2 0 2 7 0 2 7 0 2 7 0 2 3 0 2 3 1 2 3 0 2 7 17 18 2 1 2 3 0 2 7 1 2 3 1 2 3 0 2 7 16 6 2 1 2 7 0 2 7 0 2 7 0 2 3 0 2 7 1 2 7 0 41.2329438924789429
16 6 2 0 2 7 0 2 1 8 9 2 0 2 7 17 9 2 5 30 3 5 30 3 0 2 7 1 2 7 1 2 7 12 16 2 6 2 7 5 30 3 0 2 7 0 2 4 0 2 12 16 19 11 0 2 7 17 9 2 0 2 7 1 2 7 0 2 7 13 6 3 0 2 7 5 31 3 0 2 7 0 2 7 12 16 2 0 2 7 8 9 2 12 16 2 0 2 7 0 2 7 1 2 7 1 2 7 0 2 7 0 2 7 12 16 2 5 30 3 0 41.8886774182319641

Current Evaluation = 5400(5400)
Front Size = 10
12 16 2 0 2 4 0 2 7 0 2 7 0 2 7 1 2 7 1 2 7 5 31 3 0 2 7 0 2 7 5 30 3 1 2 7 0 2 7 17 9 2 0 2 7 0 2 7 0 2 7 1 2 7 0 2 7 5 31 3 6 2 7 1 2 7 0 2 7 1 2 4 12 16 2 1 2 7 13 6 3 1 2 7 1 2 7 0 2 7 1 2 7 0 2 7 1 2 7 0 2 7 17 9 2 17 9 2 12 16 2 0 2 7 13 6 3 17 9 2 0 40.2815956473350525
12 16 2 0 2 3 0 2 3 0 2 7 0 2 4 1 2 7 1 2 7 5 30 3 0 2 7 0 2 7 5 30 3 0 2 4 0 2 4 17 9 2 0 2 7 0 2 7 0 2 7 1 2 3 0 2 7 1 2 7 0 2 7 12 16 2 1 2 3 13 6 3 1 2 7 1 2 7 0 2 7 12 16 2 17 18 2 1 2 7 12 16 2 1 2 7 0 2 7 1 2 3 8 9 2 17 9 2 0 2 3 16 6 2 13 6 3 5 30 3 0 40.8231085538864136
0 2 7 0 2 7 1 2 7 0 2 7 0 2 7 1 2 7 0 2 7 5 30 3 1 2 4 0 2 7 5 31 3 0 2 7 17 9 2 8 9 2 0 2 7 0 2 7 0 2 7 0 2 7 1 2 7 1 2 7 0 2 7 1 2 7 0 2 7 1 2 7 1 2 7 1 2 7 0 2 7 1 2 7 1 2 7 0 2 7 17 18 2 13 6 3 5 31 3 0 2 7 0 2 7 17 18 2 1 2 7 12 16 2 1 2 7 17 9 2 0 40.3745987415313721
5 30 3 12 16 2 5 30 3 5 30 3 5 30 3 8 9 2 5 30 3 0 2 7 0 2 8 0 2 3 16 19 11 0 2 8 6 2 8 0 2 7 16 19 1 12 16 2 0 2 3 0 2 7 0 2 8 0 2 7 0 2 8 0 2 11 5 30 3 0 2 8 1 2 8 0 2 8 6 2 8 0 2 8 0 2 8 0 2 8 0 2 3 17 18 2 1 2 3 0 2 3 0 2 3 0 2 11 0 2 8 16 19 11 0 2 8 8 18 2 0 45.456343412399292
12 16 2 0 2 7 0 2 3 1 2 4 5 31 3 1 2 7 1 2 3 0 2 4 1 2 7 0 2 7 1 2 7 1 2 7 1 2 7 0 2 7 0 2 7 1 2 7 1 2 7 1 2 7 0 2 7 0 2 7 0 2 7 17 18 2 5 31 3 0 2 4 0 2 7 0 2 7 0 2 7 1 2 7 5 31 3 0 2 4 17 9 2 0 2 7 1 2 7 0 2 7 1 2 7 0 2 7 1 2 4 17 9 2 0 2 7 16 30 2 0 40.5940959453582764
1 2 7 16 6 2 0 2 7 0 2 7 0 2 7 5 30 3 1 2 7 0 2 7 0 2 4 0 2 7 17 18 2 0 2 7 1 2 11 1 2 7 0 2 4 0 2 7 12 16 2 0 2 7 6 2 7 1 2 7 0 2 7 17 9 2 16 6 2 13 6 3 17 9 2 1 2 7 0 2 4 0 2 7 0 2 7 5 31 3 0 2 7 1 2 7 5 31 3 5 30 3 0 2 7 1 2 7 0 2 7 5 31 3 0 2 7 0 2 7 0 40.6108766198158264
12 16 2 0 2 7 0 2 7 0 2 3 5 31 3 0 2 7 0 2 3 1 2 7 0 2 7 1 2 7 0 2 7 1 2 7 0 2 7 0 2 7 0 2 7 1 2 7 13 6 3 1 2 7 0 2 3 0 2 7 6 2 3 0 2 7 17 9 2 17 18 2 1 2 7 5 31 3 0 2 7 0 2 3 1 2 7 0 2 3 0 2 7 1 2 7 5 30 3 1 2 7 1 2 7 1 2 7 17 9 2 16 6 2 1 2 7 0 2 7 0 40.7138477563858032
16 6 2 0 2 7 0 2 7 0 2 11 1 2 8 8 9 2 17 9 2 0 2 11 0 2 7 0 2 11 17 18 2 0 2 12 5 30 3 5 31 3 5 30 3 0 2 7 0 2 7 1 2 7 6 2 11 6 2 7 12 16 2 0 2 7 5 30 3 6 2 11 17 18 2 5 30 3 0 2 11 0 2 7 8 9 2 0 2 11 0 2 7 0 2 11 0 2 12 0 2 11 1 2 7 0 2 11 0 2 11 1 2 11 1 2 11 5 30 3 0 43.0345411896705627
12 16 2 5 30 3 0 2 3 0 2 7 1 2 7 12 16 2 0 2 7 1 2 7 0 2 3 0 2 7 0 2 7 1 2 7 0 2 7 0 2 7 0 2 7 1 2 7 1 2 7 0 2 7 0 2 11 1 2 7 1 2 3 5 31 3 13 6 3 1 2 7 12 16 2 17 9 2 0 2 7 0 2 4 5 30 3 0 2 7 1 2 7 0 2 7 0 2 7 16 30 2 17 9 2 1 2 7 0 2 7 5 30 3 17 9 2 13 6 3 0 40.7172026634216309
12 16 2 0 2 7 5 31 3 1 2 7 1 2 7 0 2 7 1 2 7 0 2 7 0 2 7 1 2 7 0 2 7 17 18 2 1 2 7 17 9 2 0 2 7 1 2 7 5 31 3 0 2 7 1 2 4 1 2 7 0 2 7 0 2 7 0 2 10 1 2 4 5 30 3 0 2 7 0 2 7 0 2 7 1 2 4 0 2 7 0 2 7 0 2 7 6 2 7 17 18 2 0 2 7 5 30 3 1 2 4 0 2 4 0 2 7 16 31 2 0 40.7561357617378235

Current Evaluation = 5850(5850)
Front Size = 10
1 2 7 0 2 4 0 2 7 0 2 7 1 2 7 0 2 7 0 2 7 0 2 7 17 18 2 0 2 7 1 2 7 1 2 7 0 2 7 0 2 7 1 2 7 0 2 7 17 9 2 17 9 2 1 2 7 0 2 7 5 31 3 0 2 7 1 2 7 5 31 3 0 2 7 1 2 7 1 2 7 0 2 7 1 2 7 1 2 11 13 6 3 1 2 7 0 2 7 0 2 7 5 31 3 0 2 7 0 2 7 17 9 2 16 6 2 1 2 7 0 40.0670827627182007
1 2 4 0 2 7 0 2 7 0 2 7 5 30 3 1 2 7 1 2 7 0 2 7 0 2 7 1 2 7 0 2 7 0 2 7 12 16 2 0 2 7 1 2 7 1 2 7 0 2 7 17 9 2 13 6 3 17 9 2 1 2 7 0 2 7 1 2 7 5 30 3 0 2 7 0 2 4 5 30 3 0 2 7 0 2 7 1 2 7 0 2 4 0 2 7 17 18 2 1 2 7 0 2 7 13 6 3 12 16 2 5 31 3 17 9 2 0 2 7 0 40.3689725399017334
5 30 3 12 16 2 5 30 3 5 30 3 5 30 3 8 9 2 5 30 3 0 2 7 0 2 8 0 2 3 16 19 11 0 2 8 6 2 8 0 2 7 16 19 1 12 16 2 0 2 3 0 2 7 0 2 8 0 2 7 0 2 8 0 2 11 5 30 3 0 2 8 1 2 8 0 2 8 6 2 8 0 2 8 0 2 8 0 2 8 0 2 3 17 18 2 1 2 3 0 2 3 0 2 3 0 2 11 0 2 8 16 19 11 0 2 8 8 18 2 0 45.456343412399292
16 6 2 0 2 7 0 2 7 1 2 4 5 31 3 1 2 7 1 2 4 0 2 7 1 2 7 0 2 7 1 2 7 1 2 3 0 2 7 0 2 7 0 2 7 1 2 7 1 2 4 1 2 4 0 2 3 0 2 7 0 2 7 17 18 2 5 31 3 0 2 7 0 2 7 0 2 7 0 2 4 1 2 7 5 31 3 0 2 4 17 9 2 0 2 3 1 2 7 0 2 7 1 2 7 0 2 7 1 2 3 17 9 2 0 2 3 16 6 2 0 40.5258829593658447
1 2 7 0 2 4 0 2 7 0 2 7 5 30 3 1 2 4 0 2 7 0 2 7 0 2 7 17 18 2 0 2 7 1 2 7 1 2 7 0 2 7 12 16 2 0 2 7 1 2 7 0 2 4 17 9 2 13 6 3 17 9 2 1 2 7 6 2 7 0 2 3 0 2 4 5 31 3 0 2 7 1 2 7 5 31 3 0 2 7 1 2 7 1 2 4 12 16 2 0 2 4 1 2 7 1 2 7 17 9 2 0 2 7 1 2 7 0 2 4 0 40.425436794757843
1 2 7 16 6 2 0 2 7 0 2 7 0 2 7 5 30 3 1 2 7 0 2 7 0 2 4 0 2 7 17 18 2 0 2 7 1 2 11 1 2 7 0 2 4 0 2 7 12 16 2 0 2 7 6 2 7 1 2 7 0 2 7 17 9 2 16 6 2 13 6 3 17 9 2 1 2 7 0 2 4 0 2 7 0 2 7 5 31 3 0 2 7 1 2 7 5 31 3 5 30 3 0 2 7 1 2 7 0 2 7 5 31 3 0 2 7 0 2 7 0 40.6108766198158264
16 6 2 0 2 7 0 2 7 0 2 11 1 2 8 8 9 2 17 9 2 0 2 11 0 2 7 0 2 11 17 18 2 0 2 12 5 30 3 5 31 3 5 30 3 0 2 7 0 2 7 1 2 7 6 2 11 6 2 7 12 16 2 0 2 7 5 30 3 6 2 11 17 18 2 5 30 3 0 2 11 0 2 7 8 9 2 0 2 11 0 2 7 0 2 11 0 2 12 0 2 11 1 2 7 0 2 11 0 2 11 1 2 11 1 2 11 5 30 3 0 43.0345411896705627
16 6 2 1 2 3 0 2 7 5 30 3 0 2 4 0 2 4 1 2 7 0 2 7 1 2 7 0 2 7 0 2 7 0 2 7 1 2 7 0 2 7 0 2 4 17 18 2 5 31 3 0 2 7 0 2 7 1 2 7 0 2 7 1 2 7 5 30 3 17 9 2 0 2 7 0 2 7 1 2 4 1 2 7 17 9 2 0 2 7 1 2 7 0 2 4 1 2 7 0 2 7 0 2 7 1 2 7 13 6 3 1 2 7 5 31 3 17 9 2 0 40.148398756980896
12 16 2 0 2 3 0 2 3 0 2 7 0 2 4 1 2 7 1 2 7 5 30 3 0 2 7 0 2 7 5 30 3 0 2 4 0 2 4 17 9 2 0 2 7 0 2 7 0 2 7 1 2 3 0 2 7 1 2 7 0 2 7 12 16 2 1 2 3 13 6 3 1 2 7 1 2 7 0 2 7 12 16 2 17 18 2 1 2 7 12 16 2 1 2 7 0 2 7 1 2 3 8 9 2 17 9 2 0 2 3 16 6 2 13 6 3 5 30 3 0 40.8231085538864136
12 16 2 0 2 7 0 2 7 0 2 3 5 31 3 0 2 7 0 2 3 1 2 7 0 2 7 1 2 7 0 2 7 1 2 7 0 2 7 0 2 7 0 2 7 1 2 7 13 6 3 1 2 7 0 2 3 0 2 7 6 2 3 0 2 7 17 9 2 17 18 2 1 2 7 5 31 3 0 2 7 0 2 3 1 2 7 0 2 3 0 2 7 1 2 7 5 30 3 1 2 7 1 2 7 1 2 7 17 9 2 16 6 2 1 2 7 0 2 7 0 40.7138477563858032

Current Evaluation = 6300(6300)
Front Size = 10
1 2 7 5 31 3 0 2 7 1 2 7 0 2 7 16 6 2 0 2 7 0 2 7 0 2 7 5 31 3 0 2 7 17 18 2 5 31 3 0 2 7 1 2 7 1 2 7 0 2 7 1 2 7 17 9 2 0 2 7 0 2 7 1 2 7 17 9 2 0 2 7 1 2 7 1 2 7 0 2 7 0 2 4 1 2 7 13 6 3 1 2 11 1 2 7 17 9 2 0 2 7 1 2 7 0 2 7 0 2 7 1 2 7 0 2 7 0 2 7 0 40.0670827627182007
1 2 4 0 2 7 0 2 7 0 2 4 1 2 7 0 2 7 0 2 7 0 2 7 17 18 2 0 2 7 0 2 7 1 2 7 1 2 7 0 2 7 1 2 7 5 31 3 17 9 2 17 9 2 1 2 4 0 2 7 5 30 3 0 2 7 1 2 4 5 31 3 0 2 7 1 2 7 5 30 3 0 2 7 13 6 3 0 2 7 17 9 2 16 6 2 1 2 7 0 2 7 1 2 7 1 2 3 0 2 7 0 2 4 1 2 7 0 2 7 0 40.148398756980896
16 6 2 0 2 7 0 2 7 0 2 11 1 2 8 8 9 2 17 9 2 0 2 11 0 2 7 0 2 11 17 18 2 0 2 12 5 30 3 5 31 3 5 30 3 0 2 7 0 2 7 1 2 7 6 2 11 6 2 7 12 16 2 0 2 7 5 30 3 6 2 11 17 18 2 5 30 3 0 2 11 0 2 7 8 9 2 0 2 11 0 2 7 0 2 11 0 2 12 0 2 11 1 2 7 0 2 11 0 2 11 1 2 11 1 2 11 5 30 3 0 43.0345411896705627
12 16 2 0 2 3 0 2 3 0 2 7 0 2 4 1 2 7 1 2 7 5 30 3 0 2 7 0 2 7 5 30 3 0 2 4 0 2 4 17 9 2 0 2 7 0 2 7 0 2 7 1 2 3 0 2 7 1 2 7 0 2 7 12 16 2 1 2 3 13 6 3 1 2 7 1 2 7 0 2 7 12 16 2 17 18 2 1 2 7 12 16 2 1 2 7 0 2 7 1 2 3 8 9 2 17 9 2 0 2 3 16 6 2 13 6 3 5 30 3 0 40.8231085538864136
1 2 7 0 2 4 0 2 7 0 2 7 5 30 3 1 2 4 0 2 7 0 2 7 0 2 7 17 18 2 0 2 7 1 2 7 1 2 7 0 2 7 12 16 2 0 2 7 1 2 7 0 2 4 17 9 2 13 6 3 17 9 2 1 2 7 6 2 7 0 2 3 0 2 4 5 31 3 0 2 7 1 2 7 5 31 3 0 2 7 1 2 7 1 2 4 12 16 2 0 2 4 1 2 7 1 2 7 17 9 2 0 2 7 1 2 7 0 2 4 0 40.425436794757843
0 2 7 1 2 7 0 2 7 5 30 3 0 2 7 1 2 7 0 2 7 0 2 4 1 2 7 0 2 7 0 2 7 17 9 2 8 9 2 1 2 7 1 2 7 0 2 7 17 9 2 13 6 3 17 9 2 1 2 7 0 2 7 1 2 7 0 2 7 1 2 7 1 2 7 0 2 7 17 18 2 1 2 7 5 31 3 1 2 7 5 30 3 0 2 3 1 2 7 0 2 7 0 2 7 0 2 7 0 2 3 12 16 2 0 2 4 1 2 4 0 40.4343197345733643
12 16 2 6 2 7 0 2 7 0 2 7 0 2 4 1 2 4 5 30 3 0 2 7 0 2 11 0 2 7 0 2 7 17 9 2 0 2 7 0 2 7 5 30 3 8 9 2 0 2 7 13 6 3 0 2 7 1 2 4 0 2 7 17 18 2 0 2 7 17 9 2 1 2 7 0 2 7 12 16 2 1 2 11 1 2 7 1 2 7 0 2 4 1 2 7 0 2 7 5 30 3 1 2 7 17 18 2 5 31 3 1 2 7 0 2 4 1 2 7 0 40.8493576645851135
12 16 2 0 2 7 1 2 7 1 2 7 0 2 7 0 2 7 5 30 3 0 2 7 1 2 7 0 2 7 0 2 7 17 9 2 0 2 7 5 31 3 1 2 7 5 31 3 0 2 7 0 2 7 12 16 2 13 6 3 1 2 7 0 2 7 1 2 7 17 18 2 1 2 7 1 2 7 0 2 7 17 9 2 0 2 4 0 2 7 17 9 2 1 2 7 12 16 2 1 2 7 0 2 4 0 2 7 0 2 7 6 2 7 13 6 3 1 2 7 0 40.2815956473350525
16 6 2 0 2 7 0 2 7 1 2 4 5 31 3 1 2 7 1 2 4 0 2 7 1 2 7 0 2 7 1 2 7 1 2 3 0 2 7 0 2 7 0 2 7 1 2 7 1 2 4 1 2 4 0 2 3 0 2 7 0 2 7 17 18 2 5 31 3 0 2 7 0 2 7 0 2 7 0 2 4 1 2 7 5 31 3 0 2 4 17 9 2 0 2 3 1 2 7 0 2 7 1 2 7 0 2 7 1 2 3 17 9 2 0 2 3 16 6 2 0 40.5258829593658447
12 16 2 1 2 7 1 2 1 1 2 7 0 2 11 0 2 7 5 31 3 6 2 7 1 2 7 0 2 7 17 9 2 5 30 3 0 2 7 17 18 2 0 2 7 0 2 7 1 2 3 0 2 11 13 6 3 0 2 7 0 2 7 0 2 7 0 2 7 0 2 7 1 2 7 17 9 2 1 2 7 0 2 7 1 2 7 0 2 7 0 2 7 0 2 7 0 2 7 5 30 3 1 2 7 17 9 2 1 2 7 1 2 7 8 9 2 1 2 3 0 40.8648129105567932

Current Evaluation = 6750(6750)
Front Size = 10
0 2 7 0 2 7 1 2 7 5 31 3 1 2 7 1 2 11 0 2 7 1 2 7 0 2 7 0 2 7 0 2 7 0 2 7 1 2 7 1 2 7 0 2 7 0 2 7 0 2 7 17 18 2 5 31 3 0 2 7 1 2 7 17 9 2 0 2 7 1 2 7 1 2 7 17 9 2 1 2 7 17 9 2 13 6 3 16 6 2 1 2 7 0 2 7 0 2 7 0 2 4 0 2 7 0 2 7 1 2 7 5 31 3 0 2 7 1 2 7 0 40.0670827627182007
1 2 10 1 2 7 0 2 7 5 30 3 0 2 6 0 2 4 0 2 7 0 2 7 0 2 4 17 9 2 1 2 7 0 2 7 0 2 7 17 18 2 5 30 3 0 2 3 12 16 2 1 2 7 1 2 7 0 2 7 8 9 2 17 9 2 0 2 7 17 9 2 1 2 4 0 2 3 1 2 11 0 2 3 0 2 7 5 30 3 1 2 11 1 2 4 0 2 4 0 2 7 1 2 7 0 2 4 0 2 4 1 2 7 15 2 11 1 2 11 0 41.3398286104202271
0 2 7 0 2 7 0 2 4 5 30 3 0 2 4 1 2 7 0 2 7 1 2 7 1 2 7 0 2 3 0 2 7 17 9 2 1 2 7 0 2 7 0 2 4 0 2 7 13 6 3 1 2 7 1 2 7 0 2 7 0 2 7 17 18 2 0 2 7 17 18 2 5 31 3 0 2 7 0 2 7 0 2 7 17 9 2 1 2 7 1 2 7 1 2 7 0 2 7 12 16 2 1 2 7 5 31 3 0 2 4 1 2 7 1 2 7 1 2 7 0 40.3613457679748535
16 6 2 0 2 7 0 2 7 1 2 4 5 31 3 1 2 7 1 2 4 0 2 7 1 2 4 0 2 7 1 2 4 0 2 3 0 2 7 0 2 7 0 2 7 1 2 7 1 2 4 1 2 7 0 2 7 0 2 7 0 2 7 17 18 2 5 31 3 0 2 7 0 2 7 0 2 7 0 2 7 1 2 7 5 31 3 0 2 3 17 9 2 1 2 3 1 2 7 0 2 7 1 2 7 0 2 7 1 2 3 17 9 2 0 2 7 16 6 2 0 40.4458829164505005
1 2 4 0 2 7 0 2 7 0 2 4 1 2 7 0 2 7 0 2 7 0 2 7 17 18 2 0 2 7 0 2 7 1 2 7 1 2 7 0 2 7 1 2 7 5 31 3 17 9 2 17 9 2 1 2 4 0 2 7 5 30 3 0 2 7 1 2 4 5 31 3 0 2 7 1 2 7 5 30 3 0 2 7 13 6 3 0 2 7 17 9 2 16 6 2 1 2 7 0 2 7 1 2 7 1 2 3 0 2 7 0 2 4 1 2 7 0 2 7 0 40.148398756980896
1 2 7 0 2 4 0 2 7 0 2 7 5 30 3 1 2 4 0 2 7 0 2 7 0 2 7 17 18 2 0 2 7 1 2 7 1 2 7 0 2 7 12 16 2 0 2 7 1 2 7 0 2 4 17 9 2 13 6 3 17 9 2 1 2 7 6 2 7 0 2 3 0 2 4 5 31 3 0 2 7 1 2 7 5 31 3 0 2 7 1 2 7 1 2 4 12 16 2 0 2 4 1 2 7 1 2 7 17 9 2 0 2 7 1 2 7 0 2 4 0 40.425436794757843
12 16 2 0 2 3 0 2 3 0 2 7 0 2 4 1 2 7 1 2 7 5 30 3 0 2 7 0 2 7 5 30 3 0 2 4 0 2 4 17 9 2 0 2 7 0 2 7 0 2 7 1 2 3 0 2 7 1 2 7 0 2 7 12 16 2 1 2 3 13 6 3 1 2 7 1 2 7 0 2 7 12 16 2 17 18 2 1 2 7 12 16 2 1 2 7 0 2 7 1 2 3 8 9 2 17 9 2 0 2 3 16 6 2 13 6 3 5 30 3 0 40.8231085538864136
0 2 7 0 2 7 0 2 7 5 30 3 0 2 7 1 2 7 0 2 7 0 2 4 1 2 7 0 2 7 0 2 7 17 9 2 1 2 7 1 2 7 0 2 7 17 9 2 13 6 3 17 9 2 1 2 7 0 2 7 1 2 7 0 2 7 1 2 7 0 2 7 17 18 2 5 31 3 5 30 3 0 2 7 0 2 7 0 2 7 0 2 3 1 2 4 8 9 2 1 2 7 1 2 7 1 2 7 0 2 3 1 2 7 1 2 4 12 16 2 0 40.4343197345733643
1 2 7 0 2 7 1 2 11 0 2 7 1 2 4 0 2 7 0 2 7 0 2 4 17 18 2 0 2 4 0 2 7 1 2 7 0 2 7 8 9 2 17 9 2 0 2 7 1 2 7 17 9 2 0 2 7 1 2 7 17 9 2 0 2 7 1 2 7 5 31 3 5 30 3 0 2 4 0 2 11 5 30 3 0 2 11 5 30 3 0 2 7 1 2 7 0 2 7 8 9 2 1 2 7 1 2 7 0 2 7 1 2 7 1 2 11 0 2 7 0 41.1415607929229736
1 2 7 0 2 4 1 2 7 1 2 7 0 2 7 1 2 7 0 2 7 0 2 4 1 2 7 1 2 7 0 2 4 0 2 7 0 2 7 17 18 2 0 2 7 0 2 7 0 2 7 0 2 7 1 2 7 17 9 2 0 2 3 0 2 7 0 2 7 17 9 2 5 30 3 5 30 3 13 6 3 16 6 2 12 16 2 5 31 3 13 6 3 17 9 2 0 2 7 0 2 7 0 2 7 1 2 7 1 2 7 0 2 3 12 16 2 1 2 7 0.00128480165185281773 40.0719856023788452

Current Evaluation = 7200(7200)
Front Size = 10
1 2 7 0 2 7 1 2 7 0 2 7 0 2 7 0 2 7 17 18 2 0 2 7 0 2 7 0 2 7 0 2 7 1 2 7 0 2 7 5 31 3 17 9 2 17 9 2 0 2 7 5 31 3 0 2 7 1 2 11 1 2 7 0 2 7 0 2 7 13 6 3 1 2 7 0 2 7 1 2 7 1 2 7 1 2 7 1 2 7 5 31 3 17 9 2 16 6 2 0 2 7 0 2 7 0 2 4 0 2 7 1 2 7 1 2 7 1 2 7 0 40.0670827627182007
0 2 7 0 2 7 0 2 7 0 2 7 0 2 7 0 2 7 0 2 7 1 2 7 0 2 7 0 2 7 1 2 7 1 2 7 1 2 4 5 31 3 17 9 2 17 9 2 0 2 7 0 2 7 0 2 7 0 2 7 0 2 7 1 2 7 17 9 2 0 2 7 0 2 7 5 30 3 5 31 3 5 30 3 1 2 7 1 2 7 1 2 7 1 2 7 1 2 7 17 18 2 13 6 3 16 24 2 1 2 4 0 2 7 1 2 4 0 2 7 0 40.1302337646484375
0 2 7 0 2 7 0 2 7 0 2 7 0 2 7 0 2 7 0 2 7 1 2 7 0 2 7 0 2 7 1 2 7 1 2 7 1 2 4 5 31 3 17 9 2 17 9 2 0 2 7 0 2 7 0 2 7 0 2 7 0 2 7 1 2 7 17 9 2 0 2 7 0 2 7 5 30 3 5 31 3 5 30 3 1 2 7 1 2 7 1 2 7 1 2 7 1 2 7 17 18 2 13 6 3 16 24 2 1 2 7 0 2 4 0 2 4 1 2 7 0 40.1302337646484375
16 6 2 0 2 7 0 2 7 1 2 4 5 31 3 1 2 7 1 2 4 0 2 7 1 2 4 0 2 7 1 2 4 0 2 3 0 2 7 0 2 7 0 2 7 1 2 7 1 2 4 1 2 7 0 2 7 0 2 7 0 2 7 17 18 2 5 31 3 0 2 7 0 2 7 0 2 7 0 2 7 1 2 7 5 31 3 0 2 3 17 9 2 1 2 3 1 2 7 0 2 7 1 2 7 0 2 7 1 2 3 17 9 2 0 2 7 16 6 2 0 40.4458829164505005
12 16 2 0 2 3 0 2 3 0 2 7 0 2 4 1 2 7 1 2 7 5 30 3 0 2 7 0 2 7 5 30 3 0 2 4 0 2 4 17 9 2 0 2 7 0 2 7 0 2 7 1 2 3 0 2 7 1 2 7 0 2 7 12 16 2 1 2 3 13 6 3 1 2 7 1 2 7 0 2 7 12 16 2 17 18 2 1 2 7 12 16 2 1 2 7 0 2 7 1 2 3 8 9 2 17 9 2 0 2 3 16 6 2 13 6 3 5 30 3 0 40.8231085538864136
1 2 7 0 2 4 0 2 7 0 2 7 5 30 3 1 2 4 0 2 7 0 2 7 0 2 7 17 18 2 0 2 7 1 2 7 1 2 7 0 2 7 12 16 2 0 2 7 1 2 7 0 2 4 17 9 2 13 6 3 17 9 2 1 2 7 6 2 7 0 2 3 0 2 4 5 31 3 0 2 7 1 2 7 5 31 3 0 2 7 1 2 7 1 2 4 12 16 2 0 2 4 1 2 7 1 2 7 17 9 2 0 2 7 1 2 7 0 2 4 0 40.425436794757843
0 2 4 0 2 7 0 2 7 0 2 7 0 2 7 0 2 7 1 2 7 1 2 7 1 2 7 1 2 7 1 2 7 0 2 7 1 2 7 5 31 3 0 2 7 17 9 2 0 2 7 0 2 4 0 2 7 6 2 7 0 2 7 1 2 7 1 2 7 17 9 2 1 2 7 1 2 7 5 31 3 5 31 3 5 31 3 0 2 7 16 19 11 0 2 7 0 2 7 1 2 4 0 2 7 0 2 7 0 2 7 17 18 2 0 2 7 16 6 2 0 40.789499819278717
1 2 10 1 2 7 0 2 7 5 30 3 0 2 6 0 2 4 0 2 7 0 2 7 0 2 4 17 9 2 1 2 7 0 2 7 0 2 7 17 18 2 5 30 3 0 2 3 12 16 2 1 2 7 1 2 7 0 2 7 8 9 2 17 9 2 0 2 7 17 9 2 1 2 4 0 2 3 1 2 11 0 2 3 0 2 7 5 30 3 1 2 11 1 2 4 0 2 4 0 2 7 1 2 7 0 2 4 0 2 4 1 2 7 15 2 11 1 2 11 0 41.3398286104202271
0 2 7 0 2 7 0 2 7 1 2 7 0 2 4 0 2 7 0 2 7 17 18 2 0 2 7 0 2 7 0 2 7 1 2 4 5 30 3 17 9 2 17 9 2 0 2 4 0 2 7 5 31 3 1 2 7 1 2 7 0 2 7 13 6 3 0 2 7 17 9 2 16 6 2 1 2 7 0 2 7 1 2 7 1 2 7 0 2 7 1 2 4 0 2 7 1 2 7 5 30 3 5 31 3 1 2 7 1 2 3 0 2 4 1 2 7 0 2 7 0 40.148398756980896
0 2 7 0 2 7 0 2 7 0 2 7 0 2 7 0 2 7 0 2 7 1 2 7 0 2 7 0 2 7 1 2 7 1 2 7 17 9 2 17 9 2 0 2 7 1 2 7 5 30 3 5 30 3 1 2 7 1 2 7 1 2 7 17 18 2 13 6 3 0 2 3 5 31 3 0 2 7 0 2 7 0 2 3 12 16 2 0 2 4 0 2 3 0 2 7 1 2 3 5 30 3 8 9 2 16 24 2 1 2 3 13 6 3 1 2 4 12 16 2 0.000353476753493231054 40.7802697420120239

Current Evaluation = 7650(7650)
Front Size = 10
1 2 7 0 2 7 1 2 11 0 2 7 0 2 7 0 2 7 17 18 2 0 2 7 1 2 7 0 2 7 0 2 7 0 2 7 0 2 7 17 9 2 17 9 2 16 6 2 1 2 7 1 2 7 0 2 7 1 2 7 1 2 7 0 2 7 17 9 2 1 2 7 0 2 7 5 31 3 0 2 7 13 6 3 0 2 7 1 2 7 1 2 7 5 31 3 0 2 7 0 2 7 1 2 4 5 31 3 0 2 7 0 2 7 1 2 7 1 2 7 0 40.0670827627182007
1 2 7 0 2 4 1 2 7 1 2 7 0 2 7 0 2 3 17 18 2 0 2 7 0 2 4 0 2 7 1 2 7 0 2 7 0 2 7 5 31 3 17 9 2 17 9 2 0 2 7 5 31 3 1 2 7 6 2 7 0 2 7 13 6 3 1 2 4 1 2 7 1 2 7 1 2 7 1 2 4 17 9 2 1 2 7 12 16 2 0 2 4 12 16 2 0 2 4 0 2 7 1 2 7 5 30 3 0 2 7 0 2 7 0 2 7 0 2 4 0 40.425436794757843
1 2 4 0 2 7 1 2 4 1 2 7 1 2 7 0 2 7 17 18 2 0 2 7 0 2 7 0 2 7 0 2 7 1 2 7 17 9 2 5 30 3 1 2 7 1 2 4 5 30 3 0 2 7 1 2 7 0 2 7 0 2 4 0 2 7 0 2 7 5 31 3 1 2 7 16 6 2 0 2 7 0 2 4 0 2 7 0 2 3 0 2 7 17 9 2 0 2 7 13 6 3 5 31 3 1 2 7 0 2 7 1 2 7 17 18 2 1 2 7 0 40.148398756980896
12 16 2 0 2 3 0 2 3 0 2 7 0 2 4 1 2 7 1 2 7 5 30 3 0 2 7 0 2 7 5 30 3 0 2 4 0 2 4 17 9 2 0 2 7 0 2 7 0 2 7 1 2 3 0 2 7 1 2 7 0 2 7 12 16 2 1 2 3 13 6 3 1 2 7 1 2 7 0 2 7 12 16 2 17 18 2 1 2 7 12 16 2 1 2 7 0 2 7 1 2 3 8 9 2 17 9 2 0 2 3 16 6 2 13 6 3 5 30 3 0 40.8231085538864136
1 2 10 1 2 7 0 2 7 5 30 3 0 2 6 0 2 4 0 2 7 0 2 7 0 2 4 17 9 2 1 2 7 0 2 7 0 2 7 17 18 2 5 30 3 0 2 3 12 16 2 1 2 7 1 2 7 0 2 7 8 9 2 17 9 2 0 2 7 17 9 2 1 2 4 0 2 3 1 2 11 0 2 3 0 2 7 5 30 3 1 2 11 1 2 4 0 2 4 0 2 7 1 2 7 0 2 4 0 2 4 1 2 7 15 2 11 1 2 11 0 41.3398286104202271
0 2 7 0 2 7 1 2 7 1 2 7 0 2 7 0 2 7 17 18 2 1 2 7 0 2 7 0 2 11 0 2 4 8 9 2 0 2 11 5 30 3 17 9 2 17 9 2 1 2 7 1 2 3 0 2 3 0 2 7 0 2 3 1 2 11 1 2 7 1 2 7 5 30 3 0 2 7 8 9 2 0 2 11 1 2 4 17 9 2 0 2 7 0 2 7 0 2 7 0 2 1 5 30 3 1 2 3 0 2 7 1 2 4 1 2 7 1 2 11 0 41.4946869611740112
1 2 7 0 2 4 1 2 7 5 31 3 1 2 7 6 2 7 1 2 7 0 2 7 1 2 7 0 2 7 0 2 7 1 2 7 0 2 7 0 2 7 1 2 7 1 2 7 5 31 3 0 2 4 0 2 7 0 2 7 0 2 4 0 2 7 16 6 2 5 31 3 0 2 7 16 6 2 17 9 2 0 2 4 0 2 7 0 2 7 0 2 7 17 9 2 0 2 7 1 2 7 0 2 7 1 2 7 1 2 7 5 31 3 0 2 7 17 18 2 0 40.4036498665809631
16 6 2 0 2 7 0 2 7 1 2 4 5 31 3 0 2 7 0 2 7 0 2 7 0 2 7 0 2 7 0 2 7 1 2 7 1 2 7 0 2 7 0 2 7 0 2 7 17 18 2 5 31 3 0 2 7 0 2 7 0 2 7 5 31 3 16 6 2 5 31 3 0 2 7 1 2 7 1 2 4 1 2 7 6 2 7 17 9 2 0 2 7 0 2 7 1 2 4 1 2 7 0 2 4 0 2 7 17 9 2 1 2 7 1 2 7 1 2 7 0 40.4036498665809631
0 2 7 0 2 7 0 2 7 0 2 7 0 2 7 0 2 7 0 2 7 1 2 7 0 2 7 0 2 4 1 2 4 1 2 7 1 2 4 5 31 3 17 9 2 17 9 2 0 2 7 0 2 7 0 2 7 0 2 7 0 2 7 1 2 7 17 9 2 0 2 7 0 2 7 5 30 3 5 31 3 5 30 3 1 2 7 1 2 7 1 2 7 1 2 7 1 2 7 17 18 2 13 6 3 16 24 2 0 2 7 0 2 7 1 2 7 1 2 7 0 40.1302337646484375
12 16 2 0 2 7 0 2 4 1 2 7 1 2 7 5 30 3 0 2 7 0 2 7 0 2 4 17 9 2 0 2 7 0 2 7 0 2 7 1 2 3 0 2 7 1 2 7 0 2 7 13 6 3 1 2 7 1 2 7 0 2 7 17 18 2 1 2 7 1 2 7 0 2 7 17 9 2 0 2 3 0 2 3 0 2 7 1 2 7 0 2 7 1 2 3 12 16 2 1 2 7 1 2 4 0 2 7 0 2 3 17 18 2 1 2 4 0 2 7 0.0137727284659547554 40.3272997140884399

Current Evaluation = 8100(8100)
Front Size = 10
1 2 7 0 2 7 0 2 7 1 2 7 1 2 7 0 2 7 17 18 2 0 2 7 0 2 4 0 2 7 0 2 7 1 2 7 17 9 2 5 31 3 1 2 7 1 2 11 1 2 7 1 2 7 0 2 7 0 2 7 1 2 7 5 31 3 0 2 7 0 2 7 0 2 7 0 2 7 0 2 7 1 2 7 0 2 7 0 2 7 13 6 3 1 2 7 1 2 7 0 2 7 16 6 2 0 2 7 1 2 7 17 9 2 17 18 2 5 31 3 0 40.0670827627182007
0 2 7 0 2 7 0 2 7 0 2 7 0 2 7 0 2 7 0 2 7 1 2 7 0 2 7 1 2 7 1 2 7 1 2 7 0 2 7 17 9 2 17 9 2 0 2 7 0 2 7 0 2 7 0 2 7 0 2 7 1 2 7 17 9 2 0 2 7 0 2 7 5 31 3 5 31 3 5 31 3 1 2 7 1 2 7 1 2 7 1 2 7 0 2 7 17 18 2 13 6 3 16 6 2 1 2 11 1 2 7 1 2 7 1 2 4 0 2 7 0 40.0670827627182007
1 2 7 0 2 7 1 2 7 1 2 7 1 2 7 0 2 7 17 18 2 0 2 7 1 2 7 0 2 7 0 2 7 1 2 7 17 9 2 5 31 3 1 2 7 1 2 7 0 2 7 1 2 7 0 2 7 0 2 7 0 2 4 0 2 7 5 31 3 0 2 7 0 2 7 0 2 7 0 2 7 0 2 7 0 2 7 17 9 2 0 2 7 13 6 3 1 2 4 1 2 7 1 2 4 5 30 3 16 24 2 0 2 7 17 18 2 5 30 3 0 40.1302337646484375
12 16 2 0 2 3 0 2 3 0 2 7 0 2 4 1 2 7 1 2 7 5 30 3 0 2 7 0 2 7 5 30 3 0 2 4 0 2 4 17 9 2 0 2 7 0 2 7 0 2 7 1 2 3 0 2 7 1 2 7 0 2 7 12 16 2 1 2 3 13 6 3 1 2 7 1 2 7 0 2 7 12 16 2 17 18 2 1 2 7 12 16 2 1 2 7 0 2 7 1 2 3 8 9 2 17 9 2 0 2 3 16 6 2 13 6 3 5 30 3 0 40.8231085538864136
1 2 7 1 2 7 5 30 3 0 2 7 0 2 7 0 2 4 17 9 2 1 2 7 0 2 7 5 31 3 17 18 2 5 30 3 1 2 7 0 2 7 1 2 7 17 9 2 0 2 7 17 9 2 15 2 11 0 2 7 1 2 7 0 2 11 6 2 7 1 2 7 1 2 4 0 2 4 0 2 7 1 2 7 12 16 2 0 2 7 1 2 11 0 2 4 0 2 7 5 30 3 0 2 7 0 2 7 13 6 3 0 2 7 0 2 7 0 2 7 0 40.7485516667366028
1 2 7 1 2 7 1 2 7 0 2 7 17 18 2 0 2 4 0 2 7 1 2 7 0 2 4 1 2 7 17 9 2 1 2 7 0 2 7 1 2 7 0 2 4 0 2 7 0 2 7 0 2 7 0 2 7 1 2 7 16 6 2 0 2 7 0 2 4 0 2 7 17 9 2 0 2 7 13 6 3 5 31 3 1 2 7 0 2 7 1 2 7 17 18 2 1 2 7 0 2 4 1 2 7 5 30 3 5 31 3 5 30 3 0 2 3 0 2 7 0 40.148398756980896
1 2 7 0 2 4 1 2 7 5 31 3 1 2 7 6 2 7 1 2 7 0 2 7 1 2 7 0 2 7 0 2 7 1 2 7 0 2 7 0 2 7 1 2 7 1 2 7 5 31 3 0 2 4 0 2 7 0 2 7 0 2 4 0 2 7 16 6 2 5 31 3 0 2 7 16 6 2 17 9 2 0 2 4 0 2 7 0 2 7 0 2 7 17 9 2 0 2 7 1 2 7 0 2 7 1 2 7 1 2 7 5 31 3 0 2 7 17 18 2 0 40.4036498665809631
1 2 7 1 2 7 0 2 7 0 2 7 17 9 2 0 2 7 0 2 7 5 30 3 17 18 2 1 2 7 0 2 7 1 2 7 17 9 2 0 2 7 17 9 2 5 31 3 1 2 7 1 2 7 1 2 4 0 2 7 1 2 7 0 2 7 1 2 7 0 2 7 0 2 7 0 2 7 13 6 3 0 2 7 0 2 7 0 2 7 5 30 3 0 2 4 5 30 3 16 6 2 0 2 7 1 2 7 0 2 7 0 2 7 0 2 4 5 31 3 0 40.4201456308364868
1 2 10 1 2 7 0 2 7 5 30 3 0 2 6 0 2 4 0 2 7 0 2 7 0 2 4 17 9 2 1 2 7 0 2 7 0 2 7 17 18 2 5 30 3 0 2 3 12 16 2 1 2 7 1 2 7 0 2 7 8 9 2 17 9 2 0 2 7 17 9 2 1 2 4 0 2 3 1 2 11 0 2 3 0 2 7 5 30 3 1 2 11 1 2 4 0 2 4 0 2 7 1 2 7 0 2 4 0 2 4 1 2 7 15 2 11 1 2 11 0 41.3398286104202271
1 2 7 0 2 4 1 2 7 1 2 7 1 2 7 0 2 7 1 2 7 0 2 7 0 2 7 1 2 7 0 2 7 0 2 7 0 2 4 0 2 7 0 2 7 0 2 4 0 2 7 0 2 7 17 9 2 0 2 4 17 9 2 17 18 2 1 2 11 1 2 4 1 2 7 1 2 7 5 31 3 16 6 2 5 31 3 16 6 2 0 2 7 0 2 7 0 2 7 15 2 11 1 2 10 0 2 7 1 2 7 8 9 2 1 2 4 5 30 3 0.00112422101660657279 40.2127017974853516

Current Evaluation = 8550(8550)
Front Size = 10
1 2 7 0 2 7 1 2 7 1 2 7 1 2 7 0 2 7 0 2 7 0 2 7 0 2 7 1 2 7 0 2 7 1 2 7 0 2 7 0 2 7 0 2 7 0 2 7 1 2 7 17 9 2 0 2 7 17 9 2 0 2 7 5 31 3 5 31 3 5 31 3 0 2 7 13 6 3 17 18 2 1 2 7 1 2 7 0 2 7 17 18 2 1 2 7 16 6 2 0 2 7 0 2 7 0 2 7 1 2 4 0 2 7 1 2 11 1 2 7 0 40.0670827627182007
1 2 7 0 2 7 1 2 7 1 2 7 0 2 7 17 18 2 0 2 7 0 2 7 0 2 7 0 2 7 0 2 7 17 9 2 5 31 3 1 2 7 0 2 7 0 2 7 0 2 7 1 2 7 5 31 3 0 2 7 1 2 7 0 2 7 0 2 7 0 2 7 0 2 4 1 2 7 13 6 3 0 2 7 17 9 2 1 2 7 0 2 7 5 31 3 16 6 2 1 2 11 1 2 7 1 2 7 1 2 7 17 9 2 0 2 7 1 2 7 0 40.0670827627182007
1 2 4 1 2 7 1 2 7 5 30 3 1 2 8 0 2 7 0 2 7 16 6 2 0 2 7 0 2 7 0 2 7 1 2 4 0 2 7 1 2 7 1 2 3 0 2 7 0 2 4 0 2 7 1 2 7 0 2 7 17 9 2 0 2 7 6 2 7 17 9 2 0 2 7 5 31 3 5 30 3 5 31 3 0 2 7 13 6 3 17 18 2 1 2 11 0 2 7 0 2 7 0 2 11 0 2 7 17 18 2 0 2 3 1 2 7 1 2 4 0 40.5980917811393738
1 2 7 0 2 7 1 2 7 1 2 7 1 2 7 0 2 7 17 18 2 0 2 7 1 2 7 0 2 7 0 2 7 1 2 7 17 9 2 5 31 3 1 2 7 1 2 7 0 2 7 1 2 7 0 2 7 0 2 7 0 2 4 0 2 7 5 31 3 0 2 7 0 2 7 0 2 7 0 2 7 0 2 7 0 2 7 17 9 2 0 2 7 13 6 3 1 2 4 1 2 7 1 2 4 5 30 3 16 24 2 0 2 7 17 18 2 5 30 3 0 40.1302337646484375
12 16 2 0 2 3 0 2 3 0 2 7 0 2 4 1 2 7 1 2 7 5 30 3 0 2 7 0 2 7 5 30 3 0 2 4 0 2 4 17 9 2 0 2 7 0 2 7 0 2 7 1 2 3 0 2 7 1 2 7 0 2 7 12 16 2 1 2 3 13 6 3 1 2 7 1 2 7 0 2 7 12 16 2 17 18 2 1 2 7 12 16 2 1 2 7 0 2 7 1 2 3 8 9 2 17 9 2 0 2 3 16 6 2 13 6 3 5 30 3 0 40.8231085538864136
12 16 2 1 2 7 0 2 7 1 2 7 5 31 3 5 30 3 0 2 7 0 2 7 5 30 3 0 2 7 0 2 7 17 9 2 0 2 7 0 2 7 0 2 7 0 2 7 0 2 7 0 2 7 13 6 3 1 2 7 1 2 7 0 2 7 0 2 7 0 2 7 0 2 7 17 9 2 16 6 2 1 2 7 6 2 7 1 2 7 12 16 2 0 2 7 12 16 2 5 31 3 0 2 7 1 2 4 17 9 2 0 2 7 13 6 3 5 30 3 0 40.7612984776496887
1 2 10 1 2 7 0 2 7 5 30 3 0 2 6 0 2 4 0 2 7 0 2 7 0 2 4 17 9 2 1 2 7 0 2 7 0 2 7 17 18 2 5 30 3 0 2 3 12 16 2 1 2 7 1 2 7 0 2 7 8 9 2 17 9 2 0 2 7 17 9 2 1 2 4 0 2 3 1 2 11 0 2 3 0 2 7 5 30 3 1 2 11 1 2 4 0 2 4 0 2 7 1 2 7 0 2 4 0 2 4 1 2 7 15 2 11 1 2 11 0 41.3398286104202271
1 2 7 1 2 7 1 2 7 0 2 7 17 18 2 0 2 4 0 2 7 1 2 7 0 2 4 1 2 7 17 9 2 1 2 7 0 2 7 1 2 7 0 2 4 0 2 7 0 2 7 0 2 7 0 2 7 1 2 7 16 6 2 0 2 7 0 2 4 0 2 7 17 9 2 0 2 7 13 6 3 5 31 3 1 2 7 0 2 7 1 2 7 17 18 2 1 2 7 0 2 4 1 2 7 5 30 3 5 31 3 5 30 3 0 2 3 0 2 7 0 40.148398756980896
1 2 7 1 2 7 0 2 7 0 2 7 1 2 4 0 2 4 1 2 7 0 2 4 0 2 7 0 2 7 1 2 7 17 9 2 5 31 3 1 2 4 1 2 3 1 2 7 0 2 7 0 2 7 1 2 7 5 31 3 0 2 4 0 2 7 0 2 7 0 2 7 0 2 7 1 2 7 13 6 3 1 2 7 0 2 7 16 6 2 17 9 2 17 18 2 17 9 2 0 2 7 0 2 7 0 2 7 5 30 3 5 30 3 0 2 7 1 2 7 0 40.148398756980896
1 2 7 1 2 7 0 2 4 5 31 3 6 2 7 1 2 7 1 2 7 0 2 7 16 6 2 0 2 4 0 2 7 0 2 7 0 2 7 0 2 7 1 2 7 1 2 7 0 2 7 16 6 2 0 2 7 0 2 7 0 2 7 0 2 7 17 9 2 0 2 7 0 2 7 0 2 7 17 9 2 0 2 7 0 2 7 0 2 4 5 30 3 5 31 3 5 30 3 1 2 7 0 2 7 17 9 2 12 16 2 1 2 11 5 31 3 13 6 3 0 40.6108766198158264

Current Evaluation = 9000(9000)
Front Size = 10
5 31 3 1 2 7 0 2 7 0 2 7 1 2 7 1 2 7 1 2 7 0 2 7 0 2 7 17 9 2 5 31 3 1 2 7 0 2 7 1 2 11 1 2 7 5 31 3 16 6 2 0 2 7 0 2 7 0 2 7 0 2 7 13 6 3 1 2 7 0 2 7 0 2 7 17 9 2 17 18 2 1 2 7 0 2 7 1 2 7 17 18 2 1 2 7 1 2 7 0 2 7 0 2 7 0 2 7 0 2 7 0 2 7 1 2 7 0 2 4 0 40.0670827627182007
5 31 3 1 2 7 0 2 7 1 2 7 0 2 7 1 2 7 0 2 7 0 2 7 1 2 7 17 9 2 1 2 11 1 2 7 0 2 7 1 2 7 16 6 2 0 2 7 0 2 7 0 2 7 0 2 7 5 31 3 0 2 7 0 2 7 17 9 2 1 2 7 0 2 7 0 2 7 0 2 7 1 2 7 0 2 7 5 31 3 0 2 7 1 2 7 17 18 2 1 2 7 1 2 7 17 9 2 0 2 7 1 2 4 13 6 3 0 2 7 0 40.0670827627182007
1 2 4 1 2 7 1 2 7 0 2 7 17 18 2 0 2 4 0 2 7 1 2 7 1 2 7 17 9 2 1 2 7 0 2 7 1 2 7 0 2 7 1 2 7 0 2 7 0 2 7 1 2 7 0 2 7 0 2 7 17 9 2 0 2 7 13 6 3 5 31 3 1 2 7 0 2 7 1 2 7 17 18 2 5 30 3 5 31 3 5 30 3 0 2 7 0 2 7 0 2 7 0 2 7 0 2 4 16 24 2 0 2 7 1 2 7 0 2 7 0 40.1302337646484375
1 2 10 1 2 7 0 2 7 5 30 3 0 2 6 0 2 4 0 2 7 0 2 7 0 2 4 17 9 2 1 2 7 0 2 7 0 2 7 17 18 2 5 30 3 0 2 3 12 16 2 1 2 7 1 2 7 0 2 7 8 9 2 17 9 2 0 2 7 17 9 2 1 2 4 0 2 3 1 2 11 0 2 3 0 2 7 5 30 3 1 2 11 1 2 4 0 2 4 0 2 7 1 2 7 0 2 4 0 2 4 1 2 7 15 2 11 1 2 11 0 41.3398286104202271
1 2 7 1 2 7 1 2 7 0 2 7 17 18 2 0 2 4 0 2 7 1 2 7 0 2 4 1 2 7 17 9 2 1 2 7 0 2 7 1 2 7 0 2 4 0 2 7 0 2 7 0 2 7 0 2 7 1 2 7 16 6 2 0 2 7 0 2 4 0 2 7 17 9 2 0 2 7 13 6 3 5 31 3 1 2 7 0 2 7 1 2 7 17 18 2 1 2 7 0 2 4 1 2 7 5 30 3 5 31 3 5 30 3 0 2 3 0 2 7 0 40.148398756980896
12 16 2 1 2 7 0 2 7 1 2 7 5 31 3 5 30 3 0 2 7 0 2 7 5 30 3 0 2 7 0 2 7 17 9 2 0 2 7 0 2 7 0 2 7 0 2 7 0 2 7 0 2 7 13 6 3 1 2 7 1 2 7 0 2 7 0 2 7 0 2 7 0 2 7 17 9 2 16 6 2 1 2 7 6 2 7 1 2 7 12 16 2 0 2 7 12 16 2 5 31 3 0 2 7 1 2 4 17 9 2 0 2 7 13 6 3 5 30 3 0 40.7612984776496887
12 16 2 0 2 3 0 2 3 0 2 7 0 2 4 1 2 7 1 2 7 5 30 3 0 2 7 0 2 7 5 30 3 0 2 4 0 2 4 17 9 2 0 2 7 0 2 7 0 2 7 1 2 3 0 2 7 1 2 7 0 2 7 12 16 2 1 2 3 13 6 3 1 2 7 1 2 7 0 2 7 12 16 2 17 18 2 1 2 7 12 16 2 1 2 7 0 2 7 1 2 3 8 9 2 17 9 2 0 2 3 16 6 2 13 6 3 5 30 3 0 40.8231085538864136
1 2 7 0 2 7 0 2 7 1 2 4 1 2 7 0 2 7 0 2 7 0 2 7 16 19 11 0 2 7 0 2 7 1 2 7 0 2 7 0 2 7 1 2 7 1 2 7 0 2 7 17 9 2 0 2 7 17 9 2 0 2 7 5 31 3 5 30 3 0 2 7 17 18 2 1 2 4 5 30 3 1 2 7 0 2 7 0 2 7 5 31 3 13 6 3 0 2 7 1 2 11 0 2 7 0 2 4 0 2 7 17 18 2 1 2 7 1 2 7 0 40.6244006156921387
5 31 3 1 2 7 0 2 7 0 2 7 1 2 7 1 2 7 1 2 7 0 2 7 0 2 7 17 9 2 5 31 3 1 2 7 0 2 7 1 2 7 16 6 2 0 2 7 0 2 7 0 2 7 0 2 7 13 6 3 0 2 7 0 2 7 17 9 2 0 2 7 0 2 7 0 2 7 0 2 7 0 2 7 0 2 7 1 2 11 5 31 3 12 16 2 5 30 3 12 16 2 1 2 4 17 18 2 12 16 2 5 30 3 1 2 7 0 2 4 2.27417275909142296e-05 41.2565234899520874
1 2 7 1 2 7 0 2 7 0 2 7 1 2 7 1 2 7 0 2 7 0 2 7 0 2 7 17 9 2 5 31 3 1 2 7 0 2 7 0 2 7 1 2 7 5 31 3 0 2 7 0 2 7 0 2 7 0 2 7 1 2 7 13 6 3 1 2 7 0 2 7 17 9 2 17 18 2 0 2 7 0 2 7 0 2 7 0 2 7 1 2 7 1 2 7 17 18 2 1 2 7 1 2 4 16 24 2 0 2 7 5 30 3 0 2 4 0 2 7 0.000172788596087834095 39.9595907926559448

MonoObjective Genetic Algorithm
Number of Evaluations = 0
Mutation Probability = 0
Crossover Probability = 1
Population Size = 10
Survival Selection Type = 16

Time =  9003.9835422039032

Current Evaluation = 2220
Front Size = 10
5 31 3 1 2 7 0 2 7 0 2 7 1 2 7 1 2 7 1 2 7 0 2 7 0 2 7 17 9 2 5 31 3 1 2 7 0 2 7 1 2 11 1 2 7 5 31 3 16 6 2 0 2 7 0 2 7 0 2 7 0 2 7 13 6 3 1 2 7 0 2 7 0 2 7 17 9 2 17 18 2 1 2 7 0 2 7 1 2 7 17 18 2 1 2 7 1 2 7 0 2 7 0 2 7 0 2 7 0 2 7 0 2 7 1 2 7 0 2 4 0 40.0670827627182007
5 31 3 1 2 7 0 2 7 1 2 7 0 2 7 1 2 7 0 2 7 0 2 7 1 2 7 17 9 2 1 2 11 1 2 7 0 2 7 1 2 7 16 6 2 0 2 7 0 2 7 0 2 7 0 2 7 5 31 3 0 2 7 0 2 7 17 9 2 1 2 7 0 2 7 0 2 7 0 2 7 1 2 7 0 2 7 5 31 3 0 2 7 1 2 7 17 18 2 1 2 7 1 2 7 17 9 2 0 2 7 1 2 4 13 6 3 0 2 7 0 40.0670827627182007
1 2 4 1 2 7 1 2 7 0 2 7 17 18 2 0 2 4 0 2 7 1 2 7 1 2 7 17 9 2 1 2 7 0 2 7 1 2 7 0 2 7 1 2 7 0 2 7 0 2 7 1 2 7 0 2 7 0 2 7 17 9 2 0 2 7 13 6 3 5 31 3 1 2 7 0 2 7 1 2 7 17 18 2 5 30 3 5 31 3 5 30 3 0 2 7 0 2 7 0 2 7 0 2 7 0 2 4 16 24 2 0 2 7 1 2 7 0 2 7 0 40.1302337646484375
1 2 10 1 2 7 0 2 7 5 30 3 0 2 6 0 2 4 0 2 7 0 2 7 0 2 4 17 9 2 1 2 7 0 2 7 0 2 7 17 18 2 5 30 3 0 2 3 12 16 2 1 2 7 1 2 7 0 2 7 8 9 2 17 9 2 0 2 7 17 9 2 1 2 4 0 2 3 1 2 11 0 2 3 0 2 7 5 30 3 1 2 11 1 2 4 0 2 4 0 2 7 1 2 7 0 2 4 0 2 4 1 2 7 15 2 11 1 2 11 0 41.3398286104202271
1 2 7 1 2 7 1 2 7 0 2 7 17 18 2 0 2 4 0 2 7 1 2 7 0 2 4 1 2 7 17 9 2 1 2 7 0 2 7 1 2 7 0 2 4 0 2 7 0 2 7 0 2 7 0 2 7 1 2 7 16 6 2 0 2 7 0 2 4 0 2 7 17 9 2 0 2 7 13 6 3 5 31 3 1 2 7 0 2 7 1 2 7 17 18 2 1 2 7 0 2 4 1 2 7 5 30 3 5 31 3 5 30 3 0 2 3 0 2 7 0 40.148398756980896
12 16 2 1 2 7 0 2 7 1 2 7 5 31 3 5 30 3 0 2 7 0 2 7 5 30 3 0 2 7 0 2 7 17 9 2 0 2 7 0 2 7 0 2 7 0 2 7 0 2 7 0 2 7 13 6 3 1 2 7 1 2 7 0 2 7 0 2 7 0 2 7 0 2 7 17 9 2 16 6 2 1 2 7 6 2 7 1 2 7 12 16 2 0 2 7 12 16 2 5 31 3 0 2 7 1 2 4 17 9 2 0 2 7 13 6 3 5 30 3 0 40.7612984776496887
12 16 2 0 2 3 0 2 3 0 2 7 0 2 4 1 2 7 1 2 7 5 30 3 0 2 7 0 2 7 5 30 3 0 2 4 0 2 4 17 9 2 0 2 7 0 2 7 0 2 7 1 2 3 0 2 7 1 2 7 0 2 7 12 16 2 1 2 3 13 6 3 1 2 7 1 2 7 0 2 7 12 16 2 17 18 2 1 2 7 12 16 2 1 2 7 0 2 7 1 2 3 8 9 2 17 9 2 0 2 3 16 6 2 13 6 3 5 30 3 0 40.8231085538864136
1 2 7 0 2 7 0 2 7 1 2 4 1 2 7 0 2 7 0 2 7 0 2 7 16 19 11 0 2 7 0 2 7 1 2 7 0 2 7 0 2 7 1 2 7 1 2 7 0 2 7 17 9 2 0 2 7 17 9 2 0 2 7 5 31 3 5 30 3 0 2 7 17 18 2 1 2 4 5 30 3 1 2 7 0 2 7 0 2 7 5 31 3 13 6 3 0 2 7 1 2 11 0 2 7 0 2 4 0 2 7 17 18 2 1 2 7 1 2 7 0 40.6244006156921387
5 31 3 1 2 7 0 2 7 0 2 7 1 2 7 1 2 7 1 2 7 0 2 7 0 2 7 17 9 2 5 31 3 1 2 7 0 2 7 1 2 7 16 6 2 0 2 7 0 2 7 0 2 7 0 2 7 13 6 3 0 2 7 0 2 7 17 9 2 0 2 7 0 2 7 0 2 7 0 2 7 0 2 7 0 2 7 1 2 11 5 31 3 12 16 2 5 30 3 12 16 2 1 2 4 17 18 2 12 16 2 5 30 3 1 2 7 0 2 4 2.27417275909142296e-05 41.2565234899520874
1 2 7 1 2 7 0 2 7 0 2 7 1 2 7 1 2 7 0 2 7 0 2 7 0 2 7 17 9 2 5 31 3 1 2 7 0 2 7 0 2 7 1 2 7 5 31 3 0 2 7 0 2 7 0 2 7 0 2 7 1 2 7 13 6 3 1 2 7 0 2 7 17 9 2 17 18 2 0 2 7 0 2 7 0 2 7 0 2 7 1 2 7 1 2 7 17 18 2 1 2 7 1 2 4 16 24 2 0 2 7 5 30 3 0 2 4 0 2 7 0.000172788596087834095 39.9595907926559448

