Current Evaluation = 450(450)
Front Size = 10
5 31 3 1 2 7 0 2 7 1 2 7 0 2 7 0 2 4 1 2 7 0 2 7 1 2 7 12 16 2 13 6 3 5 30 3 0 2 7 1 2 3 0 2 7 1 2 4 17 9 2 5 30 3 0 2 7 0 2 7 17 9 2 0 2 7 1 2 7 1 2 4 17 9 2 8 18 2 0 2 7 0 2 3 1 2 7 1 2 7 0 2 7 17 18 2 0 2 7 1 2 7 0 2 7 0 2 7 0 2 7 1 2 7 1 2 7 0 2 7 0 40.4343197345733643
0 2 7 5 31 3 0 2 7 5 31 3 5 30 3 6 2 7 0 2 7 0 2 7 6 2 7 0 2 7 5 30 3 0 2 7 12 16 2 0 2 7 17 9 2 0 2 7 5 30 3 16 19 11 0 2 7 0 2 7 0 2 7 16 19 11 0 2 7 1 2 7 16 6 2 0 2 7 0 2 7 0 2 7 0 2 7 1 2 7 0 2 7 0 2 7 0 2 7 5 31 3 0 2 7 0 2 7 16 19 11 1 2 7 0 2 7 1 2 3 0 42.102027416229248
12 16 2 5 30 3 1 2 11 5 30 3 16 19 11 6 2 3 0 2 7 1 2 3 0 2 7 0 2 7 6 2 7 1 2 7 12 16 2 0 2 4 17 18 2 1 2 4 5 31 3 12 16 2 0 2 10 17 18 2 0 2 3 0 2 3 0 2 7 0 2 7 1 2 7 5 30 3 0 2 7 12 16 2 0 2 7 0 2 7 5 30 3 0 2 11 16 9 11 0 2 10 0 2 3 0 2 7 0 2 7 0 2 7 13 6 3 0 2 7 0 42.4383294582366943
12 16 2 0 2 8 0 2 11 0 2 8 0 2 8 0 2 8 0 2 8 5 30 3 16 6 2 5 30 3 16 19 11 16 19 12 0 2 8 0 2 8 0 2 11 5 30 3 0 2 11 5 30 3 5 30 3 0 2 8 0 2 8 0 2 8 5 30 3 0 2 8 0 2 8 0 2 12 6 2 8 0 2 8 0 2 8 8 18 2 0 2 8 16 19 11 13 6 3 0 2 8 5 30 3 0 2 8 0 2 8 0 2 8 8 9 2 16 19 11 0.000822044576056509208 45.6838759183883667
12 16 2 5 30 3 0 2 3 5 30 3 5 30 3 16 6 2 1 2 3 0 2 3 0 2 3 0 2 7 0 2 7 0 2 7 5 30 3 0 2 7 0 2 7 0 2 3 5 31 3 16 19 12 5 30 3 0 2 3 9 2 7 16 19 11 0 2 3 0 2 7 0 2 3 0 2 8 0 2 7 0 2 3 0 2 11 1 2 3 0 2 3 0 2 3 0 2 7 1 2 3 0 2 3 0 2 3 16 19 12 0 2 7 0 2 7 16 19 11 0 44.1779117584228516
1 2 8 0 2 8 5 30 3 0 2 7 0 2 8 0 2 7 0 2 8 5 30 3 16 19 12 8 18 2 0 2 8 8 18 2 1 2 8 0 2 3 5 30 3 5 30 3 0 2 3 0 2 8 16 6 2 0 2 8 0 2 3 5 30 3 0 2 7 0 2 8 1 2 8 0 2 8 0 2 8 0 2 8 0 2 8 5 30 3 16 19 12 8 18 2 0 2 7 12 16 2 0 2 8 1 2 8 16 6 2 8 18 2 16 19 12 0 2 8 0.000429662537650719715 44.8605303764343262
5 30 3 1 2 7 0 2 7 6 2 7 1 2 7 6 2 7 12 16 2 0 2 7 0 2 7 0 2 7 6 2 7 0 2 4 12 16 2 0 2 4 5 31 3 13 6 3 5 30 3 0 2 7 0 2 3 0 2 3 1 2 7 0 2 7 1 2 7 17 9 2 5 30 3 0 2 4 1 2 7 0 2 7 8 9 2 0 2 7 0 2 4 0 2 3 1 2 7 0 2 7 12 16 2 17 9 2 16 15 2 17 18 2 1 2 7 0 2 3 0 41.1800426840782166
0 2 7 0 2 7 12 16 2 0 2 7 0 2 7 0 2 7 0 2 7 0 2 7 5 30 3 0 2 7 1 2 7 1 2 7 0 2 7 0 2 7 16 19 12 8 18 2 0 2 7 16 9 8 0 2 4 8 18 2 0 2 8 8 9 2 1 2 8 0 2 7 8 18 2 0 2 8 0 2 8 1 2 3 8 9 2 0 2 7 0 2 7 5 30 3 0 2 7 0 2 7 0 2 8 16 19 12 5 30 3 5 31 3 5 30 3 16 6 2 0.00605254755986951547 43.0059299468994141
0 2 3 1 2 7 5 30 3 12 16 2 5 30 3 5 31 3 1 2 3 16 6 2 16 30 2 5 31 3 0 2 3 1 2 7 1 2 7 0 2 3 1 2 7 1 2 7 0 2 3 0 2 7 0 2 7 1 2 7 0 2 7 0 2 3 1 2 7 0 2 3 0 2 7 17 9 2 0 2 7 0 2 3 0 2 3 0 2 7 1 2 7 0 2 7 0 2 3 0 2 3 0 2 3 0 2 7 0 2 7 16 9 8 1 2 7 1 2 7 0 41.9143508672714233
5 30 3 0 2 7 0 2 7 0 2 3 5 30 3 0 2 11 12 16 2 0 2 7 0 2 11 0 2 7 0 2 7 0 2 3 5 30 3 0 2 11 5 30 3 0 2 7 5 30 3 0 2 3 0 2 7 0 2 7 0 2 7 1 2 7 0 2 7 8 9 2 5 30 3 0 2 11 0 2 11 0 2 11 16 19 11 0 2 7 15 2 11 1 2 7 1 2 11 0 2 7 12 16 2 17 9 2 16 6 2 16 19 11 0 2 8 0 2 11 0 43.4330507516860962

Current Evaluation = 900(900)
Front Size = 10
5 31 3 1 2 7 0 2 7 1 2 7 0 2 4 0 2 7 1 2 7 0 2 7 1 2 7 12 16 2 13 6 3 5 30 3 0 2 7 0 2 7 17 9 2 5 30 3 0 2 7 0 2 7 17 9 2 0 2 7 1 2 7 0 2 4 0 2 7 1 2 3 1 2 7 17 18 2 0 2 7 0 2 7 1 2 7 1 2 7 8 18 2 0 2 7 1 2 3 0 2 7 1 2 7 1 2 7 0 2 7 17 9 2 1 2 7 0 2 4 0 40.4343197345733643
12 16 2 5 31 3 5 30 3 0 2 7 1 2 7 0 2 7 0 2 7 0 2 7 0 2 7 5 31 3 1 2 7 0 2 7 0 2 7 16 19 13 5 31 3 1 2 7 0 2 7 16 6 2 0 2 7 0 2 7 0 2 7 0 2 7 17 18 2 6 2 7 5 31 3 0 2 7 6 2 7 0 2 7 0 2 7 0 2 4 0 2 7 12 16 2 16 19 13 0 2 7 1 2 7 1 2 7 0 2 7 0 2 7 16 6 2 0 2 7 0 41.6298596858978271
0 2 3 0 2 3 5 30 3 0 2 7 1 2 13 0 2 3 0 2 3 5 30 3 16 19 11 0 2 7 0 2 3 1 2 3 0 2 3 0 2 3 5 30 3 5 30 3 0 2 11 0 2 3 16 6 2 1 2 7 0 2 7 5 31 3 0 2 7 0 2 3 0 2 3 0 2 3 0 2 3 0 2 7 0 2 3 5 30 3 16 19 11 0 2 3 0 2 7 12 16 2 0 2 12 9 2 7 16 6 2 0 2 3 16 19 11 0 2 12 0 44.0700616836547852
1 2 8 0 2 8 5 30 3 0 2 7 0 2 8 0 2 7 0 2 8 5 30 3 16 19 12 8 18 2 0 2 8 8 18 2 1 2 8 0 2 3 5 30 3 5 30 3 0 2 3 0 2 8 16 6 2 0 2 8 0 2 3 5 30 3 0 2 7 0 2 8 1 2 8 0 2 8 0 2 8 0 2 8 0 2 8 5 30 3 16 19 12 8 18 2 0 2 7 12 16 2 0 2 8 1 2 8 16 6 2 8 18 2 16 19 12 0 2 8 0.000429662537650719715 44.8605303764343262
0 2 3 1 2 7 5 30 3 12 16 2 5 30 3 5 31 3 1 2 3 16 6 2 16 30 2 5 31 3 0 2 3 1 2 7 1 2 7 0 2 3 1 2 7 1 2 7 0 2 3 0 2 7 0 2 7 1 2 7 0 2 7 0 2 3 1 2 7 0 2 3 0 2 7 17 9 2 0 2 7 0 2 3 0 2 3 0 2 7 1 2 7 0 2 7 0 2 3 0 2 3 0 2 3 0 2 7 0 2 7 16 9 8 1 2 7 1 2 7 0 41.9143508672714233
5 30 3 0 2 7 0 2 7 0 2 3 5 30 3 0 2 11 12 16 2 0 2 7 0 2 11 0 2 7 0 2 7 0 2 3 5 30 3 0 2 11 5 30 3 0 2 7 5 30 3 0 2 3 0 2 7 0 2 7 0 2 7 1 2 7 0 2 7 8 9 2 5 30 3 0 2 11 0 2 11 0 2 11 16 19 11 0 2 7 15 2 11 1 2 7 1 2 11 0 2 7 12 16 2 17 9 2 16 6 2 16 19 11 0 2 8 0 2 11 0 43.4330507516860962
12 16 2 0 2 8 0 2 11 0 2 8 0 2 8 0 2 8 0 2 8 5 30 3 16 6 2 5 30 3 16 19 11 16 19 12 0 2 8 0 2 8 0 2 11 5 30 3 0 2 11 5 30 3 5 30 3 0 2 8 0 2 8 0 2 8 5 30 3 0 2 8 0 2 8 0 2 12 6 2 8 0 2 8 0 2 8 8 18 2 0 2 8 16 19 11 13 6 3 0 2 8 5 30 3 0 2 8 0 2 8 0 2 8 8 9 2 16 19 11 0.000822044576056509208 45.6838759183883667
12 16 2 5 30 3 5 30 3 5 30 3 13 6 3 8 9 2 12 16 2 0 2 11 12 16 2 0 2 8 17 9 2 0 2 8 0 2 4 16 19 11 0 2 4 0 2 8 1 2 7 0 2 3 0 2 7 5 31 3 5 30 3 0 2 7 0 2 7 1 2 7 16 15 2 0 2 7 0 2 8 1 2 7 0 2 3 0 2 8 0 2 7 17 9 2 0 2 8 16 19 11 0 2 3 1 2 7 1 2 7 0 2 8 0 2 8 0 2 7 0.00195308748243124344 43.2893320322036743
12 16 2 5 30 3 1 2 11 5 30 3 16 19 11 6 2 3 0 2 7 1 2 3 0 2 7 0 2 7 6 2 7 1 2 7 12 16 2 0 2 4 17 18 2 1 2 4 5 31 3 12 16 2 0 2 10 17 18 2 0 2 3 0 2 3 0 2 7 0 2 7 1 2 7 5 30 3 0 2 7 12 16 2 0 2 7 0 2 7 5 30 3 0 2 11 16 9 11 0 2 10 0 2 3 0 2 7 0 2 7 0 2 7 13 6 3 0 2 7 0 42.4383294582366943
12 16 2 5 30 3 0 2 7 0 2 7 0 2 7 0 2 7 5 30 3 5 30 3 16 6 2 16 6 2 0 2 3 16 19 12 0 2 7 8 18 2 0 2 7 0 2 7 0 2 3 0 2 7 0 2 8 0 2 7 17 18 2 0 2 7 0 2 8 0 2 8 0 2 8 1 2 7 6 2 7 5 30 3 5 30 3 1 2 8 0 2 7 12 16 2 0 2 8 0 2 7 1 2 7 0 2 7 0 2 7 0 2 8 8 18 2 6 2 7 0.00149293207344382631 42.7028478384017944

Current Evaluation = 1350(1350)
Front Size = 10
5 31 3 1 2 7 0 2 7 1 2 7 0 2 4 0 2 7 1 2 7 0 2 7 1 2 7 12 16 2 13 6 3 5 30 3 0 2 7 0 2 7 17 9 2 5 30 3 0 2 7 0 2 7 17 9 2 0 2 7 1 2 7 0 2 4 0 2 7 1 2 3 1 2 7 17 18 2 0 2 7 0 2 7 1 2 7 1 2 7 8 18 2 0 2 7 1 2 3 0 2 7 1 2 7 1 2 7 0 2 7 17 9 2 1 2 7 0 2 4 0 40.4343197345733643
12 16 2 5 30 3 1 2 11 5 30 3 16 19 11 6 2 3 0 2 7 1 2 3 0 2 7 0 2 7 6 2 7 1 2 7 12 16 2 0 2 4 17 18 2 1 2 4 5 31 3 12 16 2 0 2 10 17 18 2 0 2 3 0 2 3 0 2 7 0 2 7 1 2 7 5 30 3 0 2 7 12 16 2 0 2 7 0 2 7 5 30 3 0 2 11 16 9 11 0 2 10 0 2 3 0 2 7 0 2 7 0 2 7 13 6 3 0 2 7 0 42.4383294582366943
1 2 8 0 2 8 5 30 3 0 2 7 0 2 8 0 2 7 0 2 8 5 30 3 16 19 12 8 18 2 0 2 8 8 18 2 1 2 8 0 2 3 5 30 3 5 30 3 0 2 3 0 2 8 16 6 2 0 2 8 0 2 3 5 30 3 0 2 7 0 2 8 1 2 8 0 2 8 0 2 8 0 2 8 0 2 8 5 30 3 16 19 12 8 18 2 0 2 7 12 16 2 0 2 8 1 2 8 16 6 2 8 18 2 16 19 12 0 2 8 0.000429662537650719715 44.8605303764343262
0 2 3 0 2 3 5 30 3 0 2 7 1 2 13 0 2 3 0 2 3 5 30 3 16 19 11 0 2 7 0 2 3 1 2 3 0 2 3 0 2 3 5 30 3 5 30 3 0 2 11 0 2 3 16 6 2 1 2 7 0 2 7 5 31 3 0 2 7 0 2 3 0 2 3 0 2 3 0 2 3 0 2 7 0 2 3 5 30 3 16 19 11 0 2 3 0 2 7 12 16 2 0 2 12 9 2 7 16 6 2 0 2 3 16 19 11 0 2 12 0 44.0700616836547852
0 2 7 16 6 2 5 31 3 0 2 7 5 31 3 0 2 7 5 31 3 1 2 7 0 2 7 6 2 7 0 2 7 12 16 2 0 2 7 0 2 7 0 2 7 1 2 7 1 2 7 1 2 7 1 2 7 16 6 2 6 2 7 16 6 2 0 2 4 5 31 3 0 2 7 5 31 3 16 6 2 0 2 7 1 2 7 0 2 7 12 16 2 0 2 7 0 2 7 0 2 7 0 2 7 0 2 7 0 2 7 0 2 7 17 18 2 0 2 7 0 40.901086688041687
0 2 3 1 2 7 5 30 3 12 16 2 5 30 3 5 31 3 1 2 3 16 6 2 16 30 2 5 31 3 0 2 3 1 2 7 1 2 7 0 2 3 1 2 7 1 2 7 0 2 3 0 2 7 0 2 7 1 2 7 0 2 7 0 2 3 1 2 7 0 2 3 0 2 7 17 9 2 0 2 7 0 2 3 0 2 3 0 2 7 1 2 7 0 2 7 0 2 3 0 2 3 0 2 3 0 2 7 0 2 7 16 9 8 1 2 7 1 2 7 0 41.9143508672714233
12 16 2 13 6 3 5 30 3 5 30 3 8 18 2 0 2 11 0 2 8 16 19 12 1 2 7 0 2 4 0 2 7 1 2 7 5 30 3 0 2 12 0 2 7 0 2 8 17 9 2 16 19 11 0 2 7 0 2 8 0 2 7 16 19 11 0 2 4 0 2 7 0 2 8 1 2 7 0 2 8 0 2 7 0 2 7 1 2 7 5 30 3 0 2 7 1 2 3 0 2 7 1 2 7 5 30 3 0 2 8 16 19 11 0 2 8 0 2 4 0.000601953572030721851 42.9602739810943604
12 16 2 0 2 8 0 2 11 0 2 8 0 2 8 0 2 8 0 2 8 5 30 3 16 6 2 5 30 3 16 19 11 16 19 12 0 2 8 0 2 8 0 2 11 5 30 3 0 2 11 5 30 3 5 30 3 0 2 8 0 2 8 0 2 8 5 30 3 0 2 8 0 2 8 0 2 12 6 2 8 0 2 8 0 2 8 8 18 2 0 2 8 16 19 11 13 6 3 0 2 8 5 30 3 0 2 8 0 2 8 0 2 8 8 9 2 16 19 11 0.000822044576056509208 45.6838759183883667
1 2 7 5 30 3 12 16 2 5 30 3 5 30 3 0 2 7 0 2 4 0 2 7 0 2 4 0 2 7 0 2 3 0 2 7 1 2 7 0 2 7 1 2 7 0 2 4 1 2 3 0 2 3 0 2 7 1 2 7 1 2 4 0 2 4 0 2 4 0 2 7 0 2 7 1 2 4 16 31 2 1 2 7 1 2 3 1 2 3 8 9 2 0 2 7 1 2 3 17 18 2 1 2 3 17 18 2 17 9 2 1 2 7 0 2 3 0 2 7 0 41.0773428678512573
5 30 3 0 2 7 0 2 7 12 16 2 5 30 3 12 16 2 0 2 7 0 2 7 0 2 7 0 2 7 8 9 2 5 30 3 0 2 7 1 2 7 0 2 7 1 2 11 0 2 7 1 2 7 0 2 7 16 20 12 0 2 7 1 2 11 12 16 2 16 15 2 0 2 7 0 2 7 0 2 7 6 2 7 1 2 7 5 30 3 8 9 2 5 31 3 8 9 2 0 2 7 1 2 7 17 18 2 0 2 7 0 2 7 17 9 2 0 2 7 0 41.8668873906135559

Current Evaluation = 1800(1800)
Front Size = 10
5 31 3 1 2 7 0 2 7 1 2 7 0 2 4 0 2 7 1 2 7 0 2 7 1 2 7 12 16 2 13 6 3 5 30 3 0 2 7 0 2 7 17 9 2 5 30 3 0 2 7 0 2 7 17 9 2 0 2 7 1 2 7 0 2 4 0 2 7 1 2 3 1 2 7 17 18 2 0 2 7 0 2 7 1 2 7 1 2 7 8 18 2 0 2 7 1 2 3 0 2 7 1 2 7 1 2 7 0 2 7 17 9 2 1 2 7 0 2 4 0 40.4343197345733643
12 16 2 0 2 8 0 2 11 0 2 8 0 2 8 0 2 8 0 2 8 5 30 3 16 6 2 5 30 3 16 19 11 16 19 12 0 2 8 0 2 8 0 2 11 5 30 3 0 2 11 5 30 3 5 30 3 0 2 8 0 2 8 0 2 8 5 30 3 0 2 8 0 2 8 0 2 12 6 2 8 0 2 8 0 2 8 8 18 2 0 2 8 16 19 11 13 6 3 0 2 8 5 30 3 0 2 8 0 2 8 0 2 8 8 9 2 16 19 11 0.000822044576056509208 45.6838759183883667
5 30 3 5 30 3 0 2 7 0 2 7 12 16 2 0 2 11 0 2 7 1 2 7 0 2 3 1 2 7 1 2 7 0 2 7 8 9 2 0 2 3 1 2 7 0 2 3 0 2 7 0 2 3 17 18 2 0 2 7 0 2 3 0 2 3 1 2 4 0 2 7 1 2 3 0 2 3 1 2 7 0 2 3 1 2 7 16 24 2 1 2 3 1 2 7 0 2 7 5 30 3 16 24 2 12 16 2 1 2 7 17 18 2 8 9 2 0 2 3 0 41.7540749311447144
5 31 3 0 2 3 0 2 3 5 30 3 1 2 7 5 30 3 5 30 3 0 2 7 16 6 2 0 2 3 5 30 3 0 2 11 0 2 3 12 16 2 16 6 2 0 2 3 0 2 3 0 2 6 0 2 3 0 2 8 0 2 8 0 2 3 9 2 7 16 19 11 0 2 3 5 30 3 1 2 8 0 2 3 0 2 11 1 2 3 0 2 3 0 2 7 0 2 7 16 19 12 0 2 3 0 2 3 0 2 11 16 6 2 0 2 11 0 2 3 1.06243402873038238e-09 44.1600120067596436
1 2 8 0 2 8 5 30 3 0 2 7 0 2 8 0 2 7 0 2 8 5 30 3 16 19 12 8 18 2 0 2 8 8 18 2 1 2 8 0 2 3 5 30 3 5 30 3 0 2 3 0 2 8 16 6 2 0 2 8 0 2 3 5 30 3 0 2 7 0 2 8 1 2 8 0 2 8 0 2 8 0 2 8 0 2 8 5 30 3 16 19 12 8 18 2 0 2 7 12 16 2 0 2 8 1 2 8 16 6 2 8 18 2 16 19 12 0 2 8 0.000429662537650719715 44.8605303764343262
1 2 7 12 16 2 0 2 7 0 2 7 0 2 7 0 2 7 0 2 7 1 2 7 0 2 7 0 2 7 0 2 7 1 2 7 0 2 4 0 2 7 0 2 7 0 2 7 17 18 2 1 2 7 0 2 7 5 31 3 5 31 3 6 2 7 0 2 7 16 6 2 1 2 7 16 6 2 1 2 7 0 2 7 5 31 3 0 2 7 1 2 4 0 2 7 1 2 7 16 6 2 8 9 2 0 2 7 0 2 7 17 18 2 5 31 3 5 30 3 0 40.8432087302207947
1 2 7 5 30 3 12 16 2 5 30 3 5 30 3 0 2 7 0 2 4 0 2 7 0 2 4 0 2 7 0 2 3 0 2 7 1 2 7 0 2 7 1 2 7 0 2 4 1 2 3 0 2 3 0 2 7 1 2 7 1 2 4 0 2 4 0 2 4 0 2 7 0 2 7 1 2 4 16 31 2 1 2 7 1 2 3 1 2 3 8 9 2 0 2 7 1 2 3 17 18 2 1 2 3 17 18 2 17 9 2 1 2 7 0 2 3 0 2 7 0 41.0773428678512573
5 31 3 5 31 3 1 2 3 0 2 7 12 16 2 0 2 7 0 2 7 0 2 7 0 2 3 0 2 7 5 30 3 0 2 3 8 18 2 1 2 7 16 6 2 0 2 7 0 2 7 5 31 3 1 2 7 16 6 2 16 6 2 0 2 7 0 2 3 16 6 2 0 2 7 0 2 3 0 2 3 0 2 3 0 2 7 1 2 7 5 30 3 0 2 7 0 2 3 1 2 3 16 6 2 12 16 2 1 2 7 1 2 7 0 2 7 0 2 3 0 41.687956690788269
5 30 3 5 30 3 1 2 11 0 2 7 12 16 2 0 2 7 0 2 7 8 18 2 0 2 7 0 2 7 5 30 3 1 2 7 1 2 7 0 2 7 0 2 7 0 2 7 0 2 4 1 2 7 5 30 3 15 2 11 0 2 7 1 2 7 1 2 7 0 2 7 0 2 7 0 2 11 5 30 3 8 18 2 0 2 7 0 2 7 16 19 11 0 2 7 17 18 2 16 19 11 0 2 7 0 2 7 0 2 7 17 9 2 1 2 7 12 16 2 0 42.145443320274353
5 30 3 5 31 3 13 6 3 0 2 7 12 16 2 0 2 7 0 2 3 1 2 7 0 2 7 1 2 7 1 2 7 0 2 7 17 9 2 0 2 3 1 2 7 1 2 7 0 2 7 0 2 7 17 18 2 0 2 7 0 2 7 0 2 7 1 2 7 0 2 7 0 2 3 0 2 7 6 2 3 0 2 3 1 2 11 16 6 2 1 2 7 1 2 7 0 2 7 5 30 3 1 2 4 12 16 2 1 2 11 17 18 2 8 9 2 0 2 7 0 40.9643715620040894

Current Evaluation = 2250(2250)
Front Size = 10
1 2 4 5 31 3 12 16 2 5 30 3 0 2 7 0 2 4 0 2 7 1 2 3 0 2 7 0 2 7 1 2 7 0 2 7 1 2 7 0 2 4 0 2 7 0 2 7 0 2 7 17 18 2 0 2 7 1 2 7 0 2 7 0 2 3 17 18 2 17 9 2 1 2 7 0 2 7 5 30 3 1 2 7 13 6 3 0 2 7 0 2 7 0 2 7 8 9 2 1 2 7 1 2 7 17 9 2 1 2 7 1 2 7 1 2 7 1 2 7 0 40.4343197345733643
5 31 3 0 2 3 0 2 3 5 30 3 1 2 7 5 30 3 5 30 3 0 2 7 16 6 2 0 2 3 5 30 3 0 2 11 0 2 3 12 16 2 16 6 2 0 2 3 0 2 3 0 2 6 0 2 3 0 2 8 0 2 8 0 2 3 9 2 7 16 19 11 0 2 3 5 30 3 1 2 8 0 2 3 0 2 11 1 2 3 0 2 3 0 2 7 0 2 7 16 19 12 0 2 3 0 2 3 0 2 11 16 6 2 0 2 11 0 2 3 1.06243402873038238e-09 44.1600120067596436
0 2 7 12 16 2 16 30 2 0 2 7 0 2 7 1 2 7 0 2 7 6 2 7 1 2 7 5 31 3 1 2 7 0 2 7 12 16 2 5 31 3 0 2 7 0 2 7 16 6 2 0 2 7 16 6 2 5 31 3 0 2 7 0 2 7 1 2 7 0 2 7 5 31 3 0 2 7 0 2 7 0 2 7 0 2 7 1 2 7 0 2 7 0 2 4 0 2 7 0 2 7 0 2 7 1 2 7 5 31 3 17 9 2 1 2 7 16 6 2 0 40.8894167542457581
1 2 4 0 2 7 12 16 2 0 2 3 1 2 3 1 2 3 0 2 3 1 2 7 0 2 4 0 2 3 0 2 7 0 2 3 0 2 7 0 2 3 0 2 3 0 2 7 0 2 7 0 2 3 0 2 7 1 2 3 5 30 3 1 2 7 0 2 7 12 16 2 5 31 3 0 2 7 0 2 7 16 6 2 16 6 2 0 2 3 16 6 2 5 31 3 16 6 2 0 2 7 0 2 7 16 6 2 1 2 7 0 2 7 5 31 3 0 2 3 0 41.6040607690811157
0 2 8 5 30 3 0 2 8 0 2 11 5 30 3 16 19 11 0 2 11 0 2 8 5 30 3 5 31 3 0 2 8 16 6 2 0 2 8 5 30 3 0 2 8 0 2 8 6 2 12 0 2 8 0 2 8 5 30 3 12 16 2 0 2 8 0 2 8 0 2 8 0 2 8 5 31 3 0 2 8 0 2 12 0 2 8 0 2 11 0 2 8 0 2 8 0 2 8 16 19 11 0 2 8 6 2 8 17 9 2 0 2 8 8 18 2 16 19 11 2.44118650891606126e-06 46.1908540725708008
1 2 8 0 2 8 5 30 3 0 2 7 0 2 8 0 2 7 0 2 8 5 30 3 16 19 12 8 18 2 0 2 8 8 18 2 1 2 8 0 2 3 5 30 3 5 30 3 0 2 3 0 2 8 16 6 2 0 2 8 0 2 3 5 30 3 0 2 7 0 2 8 1 2 8 0 2 8 0 2 8 0 2 8 0 2 8 5 30 3 16 19 12 8 18 2 0 2 7 12 16 2 0 2 8 1 2 8 16 6 2 8 18 2 16 19 12 0 2 8 0.000429662537650719715 44.8605303764343262
1 2 7 5 30 3 12 16 2 5 30 3 5 30 3 0 2 7 0 2 4 0 2 7 0 2 4 0 2 7 0 2 3 0 2 7 1 2 7 0 2 7 1 2 7 0 2 4 1 2 3 0 2 3 0 2 7 1 2 7 1 2 4 0 2 4 0 2 4 0 2 7 0 2 7 1 2 4 16 31 2 1 2 7 1 2 3 1 2 3 8 9 2 0 2 7 1 2 3 17 18 2 1 2 3 17 18 2 17 9 2 1 2 7 0 2 3 0 2 7 0 41.0773428678512573
5 30 3 5 30 3 0 2 7 0 2 7 12 16 2 0 2 11 0 2 7 1 2 7 0 2 3 1 2 7 1 2 7 0 2 7 8 9 2 0 2 3 1 2 7 0 2 3 0 2 7 0 2 3 17 18 2 0 2 7 0 2 3 0 2 3 1 2 4 0 2 7 1 2 3 0 2 3 1 2 7 0 2 3 1 2 7 16 24 2 1 2 3 1 2 7 0 2 7 5 30 3 16 24 2 12 16 2 1 2 7 17 18 2 8 9 2 0 2 3 0 41.7540749311447144
12 16 2 0 2 7 5 30 3 5 31 3 1 2 7 5 30 3 0 2 7 5 30 3 0 2 3 0 2 3 0 2 7 0 2 3 0 2 7 0 2 8 0 2 7 5 31 3 0 2 7 0 2 7 1 2 7 0 2 7 13 6 3 0 2 7 0 2 7 1 2 7 1 2 7 0 2 7 1 2 7 1 2 7 1 2 7 16 19 12 0 2 7 17 9 2 0 2 3 17 18 2 0 2 7 0 2 7 16 6 2 0 2 7 0 2 7 16 19 12 0 41.7447177171707153
0 2 11 5 30 3 12 16 2 5 30 3 5 30 3 0 2 7 1 2 7 12 16 2 0 2 7 0 2 7 0 2 7 0 2 7 0 2 7 0 2 7 1 2 11 0 2 7 1 2 7 1 2 7 16 19 11 0 2 7 0 2 7 8 9 2 0 2 7 17 18 2 8 9 2 0 2 10 0 2 4 5 30 3 0 2 7 0 2 7 0 2 7 1 2 7 1 2 7 16 30 2 1 2 7 0 2 7 5 31 3 1 2 7 17 18 2 0 2 7 0 41.7476985454559326

Current Evaluation = 2700(2700)
Front Size = 10
5 30 3 5 30 3 0 2 7 0 2 7 12 16 2 0 2 7 1 2 7 0 2 7 1 2 7 1 2 7 0 2 7 8 9 2 1 2 7 1 2 7 17 18 2 1 2 7 0 2 3 1 2 7 1 2 7 1 2 7 0 2 7 0 2 7 0 2 7 5 31 3 0 2 4 0 2 7 0 2 4 0 2 7 1 2 4 0 2 7 1 2 7 17 18 2 0 2 7 17 9 2 17 9 2 0 2 7 1 2 7 13 6 3 0 2 7 1 2 3 0 40.4343197345733643
5 31 3 1 2 7 0 2 7 0 2 3 5 31 3 1 2 7 5 31 3 0 2 7 0 2 7 0 2 7 0 2 7 0 2 7 12 16 2 0 2 7 1 2 7 16 6 2 1 2 7 0 2 7 0 2 3 0 2 7 16 6 2 5 31 3 16 30 2 0 2 3 0 2 7 0 2 7 0 2 7 0 2 7 17 9 2 6 2 7 0 2 7 5 30 3 1 2 7 1 2 7 1 2 7 0 2 7 16 6 2 0 2 7 0 2 7 1 2 7 0 40.8907877802848816
0 2 11 5 30 3 0 2 7 0 2 11 5 30 3 0 2 7 0 2 11 0 2 11 5 30 3 5 31 3 6 2 11 16 6 2 0 2 8 5 30 3 0 2 7 0 2 8 0 2 8 0 2 8 0 2 11 5 30 3 12 16 2 0 2 8 0 2 11 0 2 11 0 2 8 5 31 3 0 2 11 0 2 8 0 2 7 0 2 7 0 2 8 6 2 8 0 2 7 16 19 11 0 2 8 0 2 7 16 19 11 0 2 7 17 18 2 16 19 11 0 44.8130005598068237
1 2 4 0 2 7 12 16 2 0 2 3 1 2 3 1 2 3 0 2 3 1 2 7 0 2 4 0 2 3 0 2 7 0 2 3 0 2 7 0 2 3 0 2 3 0 2 7 0 2 7 0 2 3 0 2 7 1 2 3 5 30 3 1 2 7 0 2 7 12 16 2 5 31 3 0 2 7 0 2 7 16 6 2 16 6 2 0 2 3 16 6 2 5 31 3 16 6 2 0 2 7 0 2 7 16 6 2 1 2 7 0 2 7 5 31 3 0 2 3 0 41.6040607690811157
5 30 3 0 2 7 5 31 3 1 2 7 5 30 3 1 2 7 12 16 2 0 2 7 0 2 7 0 2 7 0 2 7 5 30 3 0 2 11 0 2 3 5 30 3 0 2 7 0 2 7 16 19 11 1 2 11 0 2 7 1 2 7 0 2 7 5 30 3 1 2 3 0 2 7 8 18 2 16 19 11 0 2 3 0 2 3 0 2 7 0 2 7 0 2 7 17 18 2 16 19 11 0 2 11 0 2 3 0 2 7 16 6 2 6 2 3 0 2 7 0 42.7772294282913208
5 30 3 5 30 3 0 2 7 0 2 7 12 16 2 0 2 11 0 2 7 1 2 7 0 2 3 1 2 7 1 2 7 0 2 7 8 9 2 0 2 3 1 2 7 0 2 3 0 2 7 0 2 3 17 18 2 0 2 7 0 2 3 0 2 3 1 2 4 0 2 7 1 2 3 0 2 3 1 2 7 0 2 3 1 2 7 16 24 2 1 2 3 1 2 7 0 2 7 5 30 3 16 24 2 12 16 2 1 2 7 17 18 2 8 9 2 0 2 3 0 41.7540749311447144
1 2 7 5 30 3 12 16 2 5 30 3 5 30 3 0 2 7 0 2 4 0 2 7 0 2 4 0 2 7 0 2 3 0 2 7 1 2 7 0 2 7 1 2 7 0 2 4 1 2 3 0 2 3 0 2 7 1 2 7 1 2 4 0 2 4 0 2 4 0 2 7 0 2 7 1 2 4 16 31 2 1 2 7 1 2 3 1 2 3 8 9 2 0 2 7 1 2 3 17 18 2 1 2 3 17 18 2 17 9 2 1 2 7 0 2 3 0 2 7 0 41.0773428678512573
5 30 3 5 31 3 16 19 13 5 31 3 1 2 8 0 2 7 12 16 2 5 30 3 0 2 7 0 2 3 0 2 7 1 2 3 8 9 2 0 2 3 0 2 7 5 30 3 12 16 2 0 2 7 0 2 7 16 6 2 0 2 7 5 30 3 16 6 2 0 2 3 0 2 7 0 2 7 0 2 7 16 19 12 0 2 8 0 2 7 0 2 7 0 2 7 0 2 7 16 19 13 0 2 8 0 2 7 0 2 7 0 2 7 1 2 3 0 2 8 0 43.3150787353515625
5 31 3 0 2 3 0 2 3 5 30 3 1 2 7 5 30 3 5 30 3 0 2 7 16 6 2 0 2 3 5 30 3 0 2 11 0 2 3 12 16 2 16 6 2 0 2 3 0 2 3 0 2 6 0 2 3 0 2 8 0 2 8 0 2 3 9 2 7 16 19 11 0 2 3 5 30 3 1 2 8 0 2 3 0 2 11 1 2 3 0 2 3 0 2 7 0 2 7 16 19 12 0 2 3 0 2 3 0 2 11 16 6 2 0 2 11 0 2 3 1.06243402873038238e-09 44.1600120067596436
0 2 8 5 30 3 0 2 8 0 2 11 5 30 3 16 19 11 0 2 11 0 2 8 5 30 3 5 31 3 0 2 8 16 6 2 0 2 8 5 30 3 0 2 8 0 2 8 6 2 12 0 2 8 0 2 8 5 30 3 12 16 2 0 2 8 0 2 8 0 2 8 0 2 8 5 31 3 0 2 8 0 2 12 0 2 8 0 2 11 0 2 8 0 2 8 0 2 8 16 19 11 0 2 8 6 2 8 17 9 2 0 2 8 8 18 2 16 19 11 2.44118650891606126e-06 46.1908540725708008

Current Evaluation = 3150(3150)
Front Size = 10
0 2 7 5 30 3 5 31 3 5 31 3 0 2 7 1 2 7 0 2 7 6 2 7 0 2 7 0 2 7 1 2 7 0 2 7 0 2 7 0 2 7 0 2 7 1 2 7 1 2 7 0 2 7 1 2 7 0 2 7 1 2 7 1 2 7 17 9 2 17 18 2 17 9 2 1 2 7 0 2 7 0 2 7 13 6 3 0 2 7 6 2 7 5 31 3 0 2 7 16 15 2 0 2 7 1 2 7 17 9 2 1 2 7 0 2 7 0 2 7 0 40.3440037965774536
1 2 7 5 30 3 12 16 2 5 30 3 5 30 3 0 2 7 0 2 4 0 2 7 0 2 4 0 2 7 0 2 3 0 2 7 1 2 7 0 2 7 1 2 7 0 2 4 1 2 3 0 2 3 0 2 7 1 2 7 1 2 4 0 2 4 0 2 4 0 2 7 0 2 7 1 2 4 16 31 2 1 2 7 1 2 3 1 2 3 8 9 2 0 2 7 1 2 3 17 18 2 1 2 3 17 18 2 17 9 2 1 2 7 0 2 3 0 2 7 0 41.0773428678512573
5 31 3 5 31 3 1 2 7 0 2 7 0 2 3 0 2 3 0 2 7 1 2 7 1 2 4 0 2 7 0 2 7 0 2 7 0 2 7 0 2 3 0 2 7 0 2 7 0 2 7 5 30 3 16 6 2 6 2 7 5 31 3 0 2 7 1 2 3 17 9 2 1 2 7 1 2 3 0 2 7 1 2 7 12 16 2 0 2 7 1 2 3 1 2 3 16 30 2 12 16 2 0 2 3 0 2 7 0 2 7 1 2 7 16 30 2 0 2 7 0 41.357526957988739
5 30 3 0 2 7 1 2 11 5 30 3 0 2 7 5 30 3 5 30 3 0 2 7 16 30 2 0 2 7 0 2 7 16 6 2 1 2 11 5 31 3 0 2 7 1 2 11 5 30 3 0 2 7 1 2 7 0 2 3 0 2 7 0 2 3 0 2 7 8 18 2 17 18 2 0 2 7 1 2 7 1 2 7 1 2 7 0 2 7 0 2 11 0 2 7 0 2 7 16 19 11 0 2 3 0 2 11 0 2 11 17 18 2 0 2 7 0 2 3 0 42.118100643157959
5 30 3 5 30 3 0 2 7 0 2 7 12 16 2 0 2 11 0 2 7 1 2 7 0 2 3 1 2 7 1 2 7 0 2 7 8 9 2 0 2 3 1 2 7 0 2 3 0 2 7 0 2 3 17 18 2 0 2 7 0 2 3 0 2 3 1 2 4 0 2 7 1 2 3 0 2 3 1 2 7 0 2 3 1 2 7 16 24 2 1 2 3 1 2 7 0 2 7 5 30 3 16 24 2 12 16 2 1 2 7 17 18 2 8 9 2 0 2 3 0 41.7540749311447144
5 30 3 5 30 3 0 2 7 12 16 2 8 18 2 0 2 3 0 2 3 0 2 11 0 2 7 8 18 2 1 2 7 0 2 7 0 2 4 0 2 4 0 2 7 0 2 11 0 2 7 0 2 7 5 30 3 0 2 3 0 2 7 0 2 3 5 30 3 0 2 7 12 16 2 0 2 7 12 16 2 1 2 7 0 2 4 16 19 1 1 2 11 16 18 8 1 2 7 1 2 7 17 18 2 0 2 11 1 2 3 1 2 7 1 2 4 17 18 2 0 42.6463687419891357
5 30 3 5 30 3 0 2 7 0 2 7 12 16 2 0 2 7 1 2 7 0 2 7 1 2 7 1 2 7 0 2 7 8 9 2 1 2 7 1 2 7 17 18 2 1 2 7 0 2 3 1 2 7 1 2 7 1 2 7 0 2 7 0 2 7 0 2 7 5 31 3 0 2 4 0 2 7 0 2 4 0 2 7 1 2 4 0 2 7 1 2 7 17 18 2 0 2 7 17 9 2 17 9 2 0 2 7 1 2 7 13 6 3 0 2 7 1 2 3 0 40.4343197345733643
5 31 3 17 18 2 0 2 7 0 2 7 1 2 7 0 2 7 1 2 7 16 19 11 17 18 2 0 2 7 5 31 3 6 2 7 0 2 7 5 30 3 0 2 7 0 2 7 0 2 7 0 2 3 0 2 7 0 2 7 1 2 4 0 2 7 0 2 7 1 2 7 5 30 3 0 2 7 1 2 7 0 2 3 0 2 7 0 2 7 17 9 2 1 2 7 1 2 7 0 2 7 6 2 7 5 30 3 17 1 2 1 2 4 0 2 7 0 2 4 0 41.158476710319519
5 31 3 0 2 7 1 2 7 12 16 2 16 19 11 0 2 7 0 2 4 0 2 7 5 31 3 1 2 7 0 2 7 1 2 7 0 2 4 17 9 2 0 2 7 0 2 7 0 2 7 1 2 7 0 2 7 5 31 3 1 2 7 0 2 7 0 2 7 0 2 7 0 2 7 16 6 2 0 2 7 0 2 4 5 31 3 0 2 7 6 2 7 0 2 7 12 16 2 16 6 2 5 30 3 0 2 7 16 6 2 1 2 7 0 2 7 0 2 7 0 41.2209165692329407
5 30 3 5 31 3 16 19 13 5 31 3 1 2 8 0 2 7 12 16 2 5 30 3 0 2 7 0 2 3 0 2 7 1 2 3 8 9 2 0 2 3 0 2 7 5 30 3 12 16 2 0 2 7 0 2 7 16 6 2 0 2 7 5 30 3 16 6 2 0 2 3 0 2 7 0 2 7 0 2 7 16 19 12 0 2 8 0 2 7 0 2 7 0 2 7 0 2 7 16 19 13 0 2 8 0 2 7 0 2 7 0 2 7 1 2 3 0 2 8 0 43.3150787353515625

Current Evaluation = 3600(3600)
Front Size = 10
1 2 7 5 30 3 5 30 3 0 2 7 0 2 7 0 2 4 0 2 7 0 2 7 1 2 4 0 2 7 0 2 3 0 2 4 16 6 2 0 2 7 1 2 7 1 2 7 0 2 7 1 2 7 1 2 7 1 2 4 17 9 2 17 18 2 17 9 2 0 2 7 0 2 4 0 2 7 13 6 3 0 2 7 0 2 7 1 2 7 5 31 3 17 18 2 1 2 7 1 2 7 1 2 7 5 31 3 0 2 7 0 2 7 1 2 7 0 2 7 0 40.148398756980896
1 2 7 0 2 7 1 2 7 5 31 3 0 2 7 0 2 7 5 31 3 1 2 7 0 2 7 1 2 7 0 2 7 17 9 2 0 2 7 0 2 7 0 2 7 1 2 7 0 2 7 5 31 3 1 2 7 0 2 7 0 2 7 0 2 7 16 30 2 0 2 7 16 6 2 5 31 3 16 6 2 1 2 7 1 2 7 0 2 7 1 2 7 0 2 7 1 2 7 0 2 7 0 2 7 0 2 7 1 2 7 0 2 7 17 9 2 0 2 7 0 40.3387408256530762
5 30 3 5 30 3 0 2 7 0 2 7 12 16 2 0 2 11 0 2 7 1 2 7 0 2 3 1 2 7 1 2 7 0 2 7 8 9 2 0 2 3 1 2 7 0 2 3 0 2 7 0 2 3 17 18 2 0 2 7 0 2 3 0 2 3 1 2 4 0 2 7 1 2 3 0 2 3 1 2 7 0 2 3 1 2 7 16 24 2 1 2 3 1 2 7 0 2 7 5 30 3 16 24 2 12 16 2 1 2 7 17 18 2 8 9 2 0 2 3 0 41.7540749311447144
5 30 3 5 31 3 16 19 13 5 31 3 1 2 8 0 2 7 12 16 2 5 30 3 0 2 7 0 2 3 0 2 7 1 2 3 8 9 2 0 2 3 0 2 7 5 30 3 12 16 2 0 2 7 0 2 7 16 6 2 0 2 7 5 30 3 16 6 2 0 2 3 0 2 7 0 2 7 0 2 7 16 19 12 0 2 8 0 2 7 0 2 7 0 2 7 0 2 7 16 19 13 0 2 8 0 2 7 0 2 7 0 2 7 1 2 3 0 2 8 0 43.3150787353515625
0 2 7 0 2 4 5 31 3 1 2 4 1 2 7 12 16 2 1 2 7 17 18 2 0 2 7 0 2 7 0 2 7 1 2 4 0 2 7 0 2 7 0 2 7 16 6 2 16 6 2 5 31 3 0 2 7 5 31 3 1 2 7 1 2 7 0 2 7 0 2 7 0 2 7 0 2 3 0 2 7 0 2 7 1 2 7 6 2 7 0 2 7 1 2 7 0 2 7 16 6 2 0 2 3 1 2 7 6 2 7 0 2 7 5 31 3 17 18 2 0 40.6145018339157104
0 2 7 0 2 7 0 2 7 0 2 7 0 2 7 16 6 2 5 30 3 0 2 7 0 2 7 1 2 7 0 2 3 0 2 4 0 2 3 0 2 7 0 2 7 0 2 3 1 2 3 1 2 7 0 2 4 0 2 3 0 2 7 5 30 3 1 2 7 5 30 3 5 30 3 1 2 7 16 30 2 1 2 11 1 2 11 5 31 3 8 18 2 1 2 7 17 9 2 0 2 7 0 2 11 16 19 11 1 2 3 0 2 3 17 18 2 0 2 7 0 41.7475537061691284
1 2 7 5 30 3 12 16 2 5 30 3 5 30 3 0 2 7 0 2 4 0 2 7 0 2 4 0 2 7 0 2 3 0 2 7 1 2 7 0 2 7 1 2 7 0 2 4 1 2 3 0 2 3 0 2 7 1 2 7 1 2 4 0 2 4 0 2 4 0 2 7 0 2 7 1 2 4 16 31 2 1 2 7 1 2 3 1 2 3 8 9 2 0 2 7 1 2 3 17 18 2 1 2 3 17 18 2 17 9 2 1 2 7 0 2 3 0 2 7 0 41.0773428678512573
1 2 7 0 2 3 0 2 7 1 2 7 0 2 3 0 2 3 1 2 7 0 2 7 16 6 2 0 2 7 1 2 7 1 2 3 0 2 7 1 2 7 1 2 7 17 9 2 17 9 2 0 2 7 0 2 3 0 2 7 0 2 7 1 2 4 5 31 3 1 2 7 0 2 3 1 2 3 5 31 3 0 2 7 0 2 7 16 6 2 5 31 3 1 2 7 0 2 7 0 2 7 0 2 3 16 30 2 1 2 7 1 2 7 0 2 7 0 2 7 0 40.6867150068283081
5 30 3 5 30 3 0 2 7 12 16 2 8 18 2 0 2 3 0 2 3 0 2 11 0 2 7 8 18 2 1 2 7 0 2 7 0 2 4 0 2 4 0 2 7 0 2 11 0 2 7 0 2 7 5 30 3 0 2 3 0 2 7 0 2 3 5 30 3 0 2 7 12 16 2 0 2 7 12 16 2 1 2 7 0 2 4 16 19 1 1 2 11 16 18 8 1 2 7 1 2 7 17 18 2 0 2 11 1 2 3 1 2 7 1 2 4 17 18 2 0 42.6463687419891357
1 2 7 0 2 11 1 2 7 5 31 3 0 2 7 0 2 7 6 2 7 0 2 7 6 2 7 0 2 7 17 9 2 0 2 7 0 2 7 0 2 7 1 2 7 0 2 7 0 2 7 0 2 11 0 2 7 16 6 2 16 6 2 5 30 3 5 31 3 1 2 7 5 30 3 5 31 3 0 2 7 0 2 7 13 6 3 5 30 3 1 2 7 0 2 7 0 2 7 0 2 7 1 2 7 17 18 2 1 2 7 0 2 7 17 9 2 0 2 7 0 40.7896147966384888

Current Evaluation = 4050(4050)
Front Size = 10
1 2 7 0 2 7 0 2 7 0 2 7 0 2 7 0 2 7 0 2 7 16 6 2 0 2 7 1 2 7 1 2 7 0 2 7 1 2 7 1 2 7 17 9 2 17 18 2 17 9 2 0 2 4 0 2 7 13 6 3 0 2 7 0 2 7 1 2 7 5 31 3 17 18 2 1 2 7 1 2 7 1 2 7 5 31 3 0 2 7 0 2 7 1 2 7 0 2 7 1 2 7 5 31 3 0 2 7 0 2 7 0 2 7 1 2 11 1 2 7 0 40.0670827627182007
5 30 3 5 30 3 0 2 7 0 2 7 12 16 2 0 2 11 0 2 7 1 2 7 0 2 3 1 2 7 1 2 7 0 2 7 8 9 2 0 2 3 1 2 7 0 2 3 0 2 7 0 2 3 17 18 2 0 2 7 0 2 3 0 2 3 1 2 4 0 2 7 1 2 3 0 2 3 1 2 7 0 2 3 1 2 7 16 24 2 1 2 3 1 2 7 0 2 7 5 30 3 16 24 2 12 16 2 1 2 7 17 18 2 8 9 2 0 2 3 0 41.7540749311447144
0 2 7 0 2 4 5 31 3 1 2 4 1 2 7 12 16 2 1 2 7 17 18 2 0 2 7 0 2 7 0 2 7 1 2 4 0 2 7 0 2 7 0 2 7 16 6 2 16 6 2 5 31 3 0 2 7 5 31 3 1 2 7 1 2 7 0 2 7 0 2 7 0 2 7 0 2 3 0 2 7 0 2 7 1 2 7 6 2 7 0 2 7 1 2 7 0 2 7 16 6 2 0 2 3 1 2 7 6 2 7 0 2 7 5 31 3 17 18 2 0 40.6145018339157104
1 2 7 5 30 3 12 16 2 5 30 3 5 30 3 0 2 7 0 2 4 0 2 7 0 2 4 0 2 7 0 2 3 0 2 7 1 2 7 0 2 7 1 2 7 0 2 4 1 2 3 0 2 3 0 2 7 1 2 7 1 2 4 0 2 4 0 2 4 0 2 7 0 2 7 1 2 4 16 31 2 1 2 7 1 2 3 1 2 3 8 9 2 0 2 7 1 2 3 17 18 2 1 2 3 17 18 2 17 9 2 1 2 7 0 2 3 0 2 7 0 41.0773428678512573
5 30 3 5 31 3 16 19 13 5 31 3 1 2 8 0 2 7 12 16 2 5 30 3 0 2 7 0 2 3 0 2 7 1 2 3 8 9 2 0 2 3 0 2 7 5 30 3 12 16 2 0 2 7 0 2 7 16 6 2 0 2 7 5 30 3 16 6 2 0 2 3 0 2 7 0 2 7 0 2 7 16 19 12 0 2 8 0 2 7 0 2 7 0 2 7 0 2 7 16 19 13 0 2 8 0 2 7 0 2 7 0 2 7 1 2 3 0 2 8 0 43.3150787353515625
1 2 7 0 2 7 0 2 7 0 2 7 0 2 7 0 2 7 0 2 7 16 6 2 0 2 7 0 2 7 1 2 7 0 2 7 1 2 7 6 2 7 17 9 2 17 1 2 0 2 7 0 2 7 0 2 7 0 2 7 0 2 7 5 31 3 17 18 2 5 31 3 1 2 3 0 2 7 0 2 7 5 31 3 0 2 7 17 9 2 6 2 4 1 2 7 5 30 3 1 2 3 1 2 7 1 2 7 0 2 7 0 2 7 1 2 7 1 2 7 0 40.6011588573455811
0 2 11 0 2 7 0 2 7 1 2 7 0 2 7 0 2 7 0 2 7 16 6 2 0 2 7 1 2 3 0 2 7 0 2 7 6 2 7 1 2 3 17 9 2 17 18 2 1 2 4 1 2 7 1 2 4 1 2 7 5 31 3 0 2 7 1 2 4 16 30 2 0 2 7 5 30 3 17 18 2 0 2 7 1 2 7 0 2 11 1 2 7 0 2 7 1 2 7 0 2 7 0 2 4 5 31 3 0 2 7 5 31 3 0 2 4 0 2 7 0 40.6471940875053406
0 2 7 0 2 3 1 2 7 1 2 7 1 2 3 0 2 7 16 31 2 0 2 7 0 2 3 0 2 3 1 2 3 1 2 7 17 9 2 17 9 2 0 2 7 1 2 3 0 2 7 1 2 3 5 31 3 1 2 7 5 31 3 0 2 7 0 2 7 1 2 7 0 2 4 1 2 7 0 2 7 0 2 7 0 2 7 0 2 7 0 2 3 0 2 7 1 2 7 0 2 7 0 2 7 1 2 7 16 6 2 5 30 3 1 2 7 16 6 2 0 40.6867148876190186
5 30 3 1 2 7 0 2 7 6 2 7 12 16 2 5 30 3 0 2 7 1 2 3 0 2 7 0 2 7 0 2 7 8 9 2 0 2 7 1 2 7 17 18 2 0 2 7 0 2 7 13 6 3 1 2 7 1 2 7 0 2 7 1 2 7 17 18 2 0 2 7 1 2 7 0 2 7 0 2 7 0 2 3 17 9 2 5 30 3 0 2 7 0 2 7 0 2 7 0 2 7 0 2 4 16 15 2 12 16 2 1 2 4 5 31 3 0 2 7 0 40.9902105927467346
5 30 3 1 2 7 0 2 4 1 2 7 12 16 2 0 2 7 0 2 7 1 2 4 0 2 7 1 2 7 0 2 4 8 9 2 1 2 4 0 2 7 17 18 2 0 2 3 1 2 7 0 2 7 1 2 7 1 2 3 1 2 7 0 2 7 17 18 2 1 2 7 5 31 3 5 31 3 0 2 7 0 2 7 0 2 4 0 2 7 0 2 7 0 2 10 17 18 2 0 2 7 1 2 4 16 6 2 12 16 2 1 2 4 0 2 7 0 2 7 0 40.8853487968444824

Current Evaluation = 4500(4500)
Front Size = 10
1 2 7 0 2 7 0 2 7 0 2 7 0 2 7 0 2 7 0 2 7 16 6 2 0 2 7 1 2 7 1 2 7 0 2 7 1 2 7 1 2 7 17 9 2 17 18 2 17 9 2 0 2 4 0 2 7 13 6 3 0 2 7 0 2 7 1 2 7 5 31 3 17 18 2 1 2 7 1 2 7 1 2 7 5 31 3 0 2 7 0 2 7 1 2 7 0 2 7 1 2 7 5 31 3 0 2 7 0 2 7 0 2 7 1 2 11 1 2 7 0 40.0670827627182007
13 6 3 1 2 7 1 2 7 0 2 7 1 2 4 0 2 7 17 9 2 17 9 2 0 2 7 0 2 4 5 30 3 1 2 4 5 31 3 0 2 7 0 2 7 1 2 3 0 2 7 0 2 7 1 2 4 0 2 4 1 2 7 0 2 7 0 2 7 0 2 7 0 2 7 1 2 7 1 2 7 17 18 2 1 2 7 1 2 7 0 2 7 0 2 7 17 9 2 16 6 2 5 31 3 0 2 7 1 2 7 5 30 3 0 2 7 0 2 7 0 40.148398756980896
1 2 7 0 2 4 1 2 7 0 2 7 0 2 7 0 2 7 0 2 11 16 30 2 1 2 7 0 2 7 0 2 4 17 18 2 1 2 3 1 2 7 0 2 7 0 2 7 0 2 7 0 2 7 0 2 7 5 31 3 17 18 2 5 31 3 0 2 11 1 2 7 5 31 3 1 2 7 1 2 7 1 2 4 1 2 7 1 2 7 0 2 7 16 6 2 0 2 7 0 2 4 5 30 3 0 2 7 17 18 2 0 2 7 0 2 4 1 2 7 0 40.5709010362625122
5 30 3 5 30 3 0 2 7 0 2 7 12 16 2 0 2 11 0 2 7 1 2 7 0 2 3 1 2 7 1 2 7 0 2 7 8 9 2 0 2 3 1 2 7 0 2 3 0 2 7 0 2 3 17 18 2 0 2 7 0 2 3 0 2 3 1 2 4 0 2 7 1 2 3 0 2 3 1 2 7 0 2 3 1 2 7 16 24 2 1 2 3 1 2 7 0 2 7 5 30 3 16 24 2 12 16 2 1 2 7 17 18 2 8 9 2 0 2 3 0 41.7540749311447144
1 2 7 5 30 3 12 16 2 5 30 3 5 30 3 0 2 7 0 2 4 0 2 7 0 2 4 0 2 7 0 2 3 0 2 7 1 2 7 0 2 7 1 2 7 0 2 4 1 2 3 0 2 3 0 2 7 1 2 7 1 2 4 0 2 4 0 2 4 0 2 7 0 2 7 1 2 4 16 31 2 1 2 7 1 2 3 1 2 3 8 9 2 0 2 7 1 2 3 17 18 2 1 2 3 17 18 2 17 9 2 1 2 7 0 2 3 0 2 7 0 41.0773428678512573
1 2 7 0 2 7 0 2 7 0 2 7 0 2 7 0 2 7 0 2 7 16 6 2 0 2 7 0 2 7 1 2 7 0 2 7 1 2 7 6 2 7 17 9 2 17 1 2 0 2 7 0 2 7 0 2 7 0 2 7 0 2 7 5 31 3 17 18 2 5 31 3 1 2 3 0 2 7 0 2 7 5 31 3 0 2 7 17 9 2 6 2 4 1 2 7 5 30 3 1 2 3 1 2 7 1 2 7 0 2 7 0 2 7 1 2 7 1 2 7 0 40.6011588573455811
0 2 7 0 2 4 5 31 3 1 2 4 1 2 7 12 16 2 1 2 7 17 18 2 0 2 7 0 2 7 0 2 7 1 2 4 0 2 7 0 2 7 0 2 7 16 6 2 16 6 2 5 31 3 0 2 7 5 31 3 1 2 7 1 2 7 0 2 7 0 2 7 0 2 7 0 2 3 0 2 7 0 2 7 1 2 7 6 2 7 0 2 7 1 2 7 0 2 7 16 6 2 0 2 3 1 2 7 6 2 7 0 2 7 5 31 3 17 18 2 0 40.6145018339157104
5 30 3 5 31 3 16 19 13 5 31 3 1 2 8 0 2 7 12 16 2 5 30 3 0 2 7 0 2 3 0 2 7 1 2 3 8 9 2 0 2 3 0 2 7 5 30 3 12 16 2 0 2 7 0 2 7 16 6 2 0 2 7 5 30 3 16 6 2 0 2 3 0 2 7 0 2 7 0 2 7 16 19 12 0 2 8 0 2 7 0 2 7 0 2 7 0 2 7 16 19 13 0 2 8 0 2 7 0 2 7 0 2 7 1 2 3 0 2 8 0 43.3150787353515625
1 2 7 0 2 7 0 2 7 0 2 7 0 2 7 0 2 7 0 2 7 0 2 7 1 2 7 1 2 7 0 2 7 1 2 7 1 2 7 17 18 2 1 2 7 17 18 2 1 2 7 1 2 7 1 2 4 12 16 2 0 2 3 0 2 4 0 2 7 16 24 2 5 30 3 0 2 11 1 2 3 1 2 7 0 2 3 0 2 3 0 2 3 1 2 7 0 2 3 1 2 7 5 31 3 0 2 7 0 2 7 0 2 7 8 9 2 1 2 7 0.00365081813489898186 40.9955129623413086
0 2 7 1 2 7 1 2 4 0 2 7 0 2 7 1 2 7 17 9 2 17 9 2 0 2 7 0 2 7 5 31 3 1 2 7 5 31 3 0 2 7 0 2 7 1 2 7 0 2 7 0 2 7 1 2 7 0 2 4 0 2 7 0 2 4 0 2 7 1 2 7 0 2 3 0 2 4 1 2 7 16 6 2 1 2 3 17 18 2 5 31 3 16 6 2 1 2 7 1 2 4 1 2 7 1 2 3 0 2 7 0 2 7 0 2 3 0 2 7 0 40.4458829164505005

Current Evaluation = 4950(4950)
Front Size = 10
0 2 7 0 2 7 1 2 11 1 2 7 0 2 4 0 2 7 1 2 7 0 2 7 0 2 7 1 2 7 0 2 7 1 2 7 0 2 7 0 2 7 0 2 7 0 2 7 0 2 7 5 31 3 17 18 2 1 2 7 1 2 7 0 2 7 0 2 7 0 2 7 13 6 3 1 2 7 5 31 3 0 2 7 1 2 7 1 2 7 16 6 2 17 18 2 5 31 3 1 2 7 1 2 7 0 2 7 17 9 2 1 2 7 17 18 2 0 2 7 0 40.0670827627182007
1 2 7 0 2 7 1 2 7 0 2 7 0 2 4 0 2 7 0 2 3 16 6 2 1 2 4 0 2 7 0 2 7 17 18 2 1 2 7 1 2 7 0 2 4 0 2 4 0 2 7 0 2 3 0 2 7 1 2 3 17 18 2 5 31 3 0 2 7 1 2 4 5 31 3 1 2 7 1 2 7 1 2 7 0 2 3 1 2 7 0 2 7 16 6 2 0 2 7 0 2 7 5 31 3 0 2 7 17 18 2 0 2 7 1 2 7 1 2 7 0 40.4458829164505005
1 2 7 5 30 3 12 16 2 5 30 3 5 30 3 0 2 7 0 2 4 0 2 7 0 2 4 0 2 7 0 2 3 0 2 7 1 2 7 0 2 7 1 2 7 0 2 4 1 2 3 0 2 3 0 2 7 1 2 7 1 2 4 0 2 4 0 2 4 0 2 7 0 2 7 1 2 4 16 31 2 1 2 7 1 2 3 1 2 3 8 9 2 0 2 7 1 2 3 17 18 2 1 2 3 17 18 2 17 9 2 1 2 7 0 2 3 0 2 7 0 41.0773428678512573
5 30 3 5 31 3 16 19 13 5 31 3 1 2 8 0 2 7 12 16 2 5 30 3 0 2 7 0 2 3 0 2 7 1 2 3 8 9 2 0 2 3 0 2 7 5 30 3 12 16 2 0 2 7 0 2 7 16 6 2 0 2 7 5 30 3 16 6 2 0 2 3 0 2 7 0 2 7 0 2 7 16 19 12 0 2 8 0 2 7 0 2 7 0 2 7 0 2 7 16 19 13 0 2 8 0 2 7 0 2 7 0 2 7 1 2 3 0 2 8 0 43.3150787353515625
5 30 3 5 30 3 0 2 7 0 2 7 12 16 2 0 2 11 0 2 7 1 2 7 0 2 3 1 2 7 1 2 7 0 2 7 8 9 2 0 2 3 1 2 7 0 2 3 0 2 7 0 2 3 17 18 2 0 2 7 0 2 3 0 2 3 1 2 4 0 2 7 1 2 3 0 2 3 1 2 7 0 2 3 1 2 7 16 24 2 1 2 3 1 2 7 0 2 7 5 30 3 16 24 2 12 16 2 1 2 7 17 18 2 8 9 2 0 2 3 0 41.7540749311447144
0 2 4 0 2 4 1 2 7 0 2 7 5 31 3 0 2 7 17 9 2 0 2 7 1 2 7 1 2 7 0 2 7 1 2 7 1 2 4 0 2 7 1 2 11 0 2 7 0 2 7 0 2 7 0 2 4 0 2 7 5 30 3 17 18 2 1 2 4 5 30 3 8 18 2 1 2 7 1 2 7 17 9 2 12 16 2 0 2 7 13 6 3 1 2 7 1 2 7 0 2 7 1 2 7 0 2 7 17 18 2 0 2 7 12 16 2 0 2 4 0 40.4922696352005005
1 2 7 0 2 7 0 2 7 0 2 7 0 2 7 0 2 7 0 2 7 16 6 2 0 2 7 0 2 7 1 2 7 0 2 7 1 2 7 6 2 7 17 9 2 17 1 2 0 2 7 0 2 7 0 2 7 0 2 7 0 2 7 5 31 3 17 18 2 5 31 3 1 2 3 0 2 7 0 2 7 5 31 3 0 2 7 17 9 2 6 2 4 1 2 7 5 30 3 1 2 3 1 2 7 1 2 7 0 2 7 0 2 7 1 2 7 1 2 7 0 40.6011588573455811
0 2 3 1 2 7 1 2 7 1 2 7 5 30 3 0 2 7 17 9 2 0 2 3 0 2 3 1 2 7 0 2 7 1 2 3 1 2 7 1 2 7 1 2 4 0 2 7 1 2 7 0 2 7 0 2 7 0 2 4 0 2 4 0 2 7 5 31 3 17 18 2 1 2 7 0 2 6 1 2 3 5 30 3 0 2 3 16 30 2 0 2 7 1 2 4 0 2 7 0 2 7 17 9 2 12 16 2 12 16 2 0 2 3 0 2 7 13 6 3 0 40.9602488279342651
0 2 7 1 2 7 1 2 3 0 2 7 0 2 7 1 2 7 1 2 7 0 2 7 0 2 7 1 2 7 0 2 4 0 2 7 0 2 7 1 2 7 0 2 7 0 2 7 0 2 7 5 31 3 8 18 2 1 2 7 0 2 7 0 2 7 0 2 3 0 2 7 17 18 2 1 2 7 17 9 2 5 31 3 1 2 7 0 2 7 1 2 7 0 2 7 5 31 3 1 2 7 16 6 2 0 2 7 16 6 2 12 16 2 12 16 2 6 2 7 0 40.8241297602653503
1 2 7 0 2 7 0 2 7 0 2 7 0 2 7 0 2 7 0 2 7 0 2 7 0 2 7 1 2 7 0 2 7 1 2 7 17 9 2 0 2 7 0 2 7 0 2 7 0 2 7 5 31 3 17 18 2 17 9 2 1 2 7 5 30 3 1 2 7 1 2 7 1 2 7 1 2 7 17 18 2 12 16 2 5 30 3 0 2 7 0 2 4 1 2 7 0 2 7 0 2 7 1 2 4 12 16 2 6 2 4 1 2 3 0 2 7 0 2 7 0.00076846286957101234 40.8379005789756775

Current Evaluation = 5400(5400)
Front Size = 10
1 2 7 0 2 7 1 2 7 0 2 7 0 2 7 1 2 7 16 6 2 0 2 7 17 9 2 1 2 11 1 2 7 0 2 7 0 2 7 0 2 7 17 18 2 5 31 3 0 2 7 5 31 3 1 2 7 0 2 7 0 2 7 1 2 7 0 2 7 5 31 3 0 2 7 0 2 7 0 2 7 0 2 7 0 2 7 0 2 7 0 2 7 17 18 2 1 2 7 1 2 4 1 2 7 1 2 7 17 9 2 13 6 3 1 2 7 1 2 7 0 40.0670827627182007
1 2 7 0 2 4 1 2 7 0 2 4 0 2 4 0 2 7 0 2 7 1 2 7 0 2 7 0 2 7 17 18 2 1 2 7 1 2 7 0 2 7 0 2 4 0 2 7 0 2 7 1 2 7 5 31 3 0 2 7 5 31 3 1 2 4 1 2 7 1 2 7 1 2 4 0 2 7 0 2 7 0 2 7 0 2 7 0 2 7 12 16 2 8 18 2 17 18 2 1 2 7 17 9 2 0 2 7 5 30 3 17 18 2 1 2 4 1 2 7 0 40.6167898178100586
1 2 7 1 2 7 0 2 7 0 2 7 6 2 7 0 2 7 1 2 7 1 2 7 1 2 7 0 2 7 1 2 4 1 2 7 0 2 7 0 2 7 0 2 7 6 2 4 0 2 7 17 9 2 17 18 2 1 2 7 0 2 7 5 31 3 12 16 2 0 2 7 16 6 2 0 2 7 0 2 3 0 2 7 1 2 3 0 2 7 0 2 7 0 2 4 5 31 3 0 2 7 5 31 3 5 31 3 16 6 2 0 2 7 16 6 2 0 2 7 0 40.6145018339157104
0 2 7 0 2 7 5 31 3 1 2 7 0 2 7 1 2 7 0 2 7 0 2 4 13 6 3 1 2 7 17 18 2 0 2 7 0 2 7 5 31 3 1 2 7 0 2 7 1 2 7 1 2 7 1 2 7 0 2 7 1 2 7 1 2 7 0 2 7 12 16 2 8 18 2 17 9 2 5 30 3 17 9 2 0 2 7 0 2 7 1 2 7 0 2 7 0 2 7 17 9 2 1 2 7 1 2 7 0 2 7 0 2 7 1 2 7 0 2 7 0 40.3745987415313721
1 2 7 0 2 7 1 2 7 0 2 7 0 2 7 1 2 7 16 6 2 0 2 7 17 18 2 1 2 7 1 2 7 0 2 7 0 2 7 0 2 7 17 18 2 5 31 3 0 2 7 5 31 3 1 2 7 1 2 7 0 2 7 0 2 7 0 2 7 5 31 3 0 2 7 0 2 7 0 2 7 0 2 7 0 2 7 0 2 4 0 2 4 17 18 2 1 2 7 1 2 7 1 2 4 1 2 7 1 2 4 16 30 2 5 31 3 0 2 7 0 40.3919799327850342
0 2 4 0 2 7 6 2 7 1 2 7 5 30 3 0 2 7 17 9 2 0 2 7 1 2 3 1 2 7 0 2 7 1 2 7 1 2 7 1 2 7 1 2 7 0 2 7 0 2 7 0 2 7 0 2 4 5 31 3 0 2 7 0 2 7 5 31 3 17 18 2 1 2 7 0 2 7 1 2 7 5 30 3 0 2 3 16 30 2 0 2 7 1 2 4 0 2 7 0 2 7 17 9 2 12 16 2 12 16 2 0 2 7 0 2 4 13 6 3 0 40.6780157685279846
0 2 7 0 2 7 1 2 7 0 2 4 1 2 7 0 2 7 0 2 7 1 2 7 0 2 7 0 2 7 1 2 7 0 2 7 0 2 7 5 31 3 0 2 4 0 2 7 0 2 7 17 18 2 1 2 7 0 2 7 1 2 4 0 2 7 16 6 2 0 2 7 1 2 7 0 2 4 17 18 2 5 31 3 1 2 4 0 2 7 1 2 3 1 2 7 0 2 7 1 2 7 5 31 3 16 6 2 1 2 3 1 2 3 17 9 2 0 2 3 0 40.4458829164505005
1 2 7 5 30 3 12 16 2 5 30 3 5 30 3 0 2 7 0 2 4 0 2 7 0 2 4 0 2 7 0 2 3 0 2 7 1 2 7 0 2 7 1 2 7 0 2 4 1 2 3 0 2 3 0 2 7 1 2 7 1 2 4 0 2 4 0 2 4 0 2 7 0 2 7 1 2 4 16 31 2 1 2 7 1 2 3 1 2 3 8 9 2 0 2 7 1 2 3 17 18 2 1 2 3 17 18 2 17 9 2 1 2 7 0 2 3 0 2 7 0 41.0773428678512573
1 2 7 0 2 7 0 2 7 0 2 7 0 2 7 0 2 7 0 2 7 16 6 2 0 2 7 0 2 7 1 2 7 0 2 7 1 2 7 6 2 7 17 9 2 17 1 2 0 2 7 0 2 7 0 2 7 0 2 7 0 2 7 5 31 3 17 18 2 5 31 3 1 2 3 0 2 7 0 2 7 5 31 3 0 2 7 17 9 2 6 2 4 1 2 7 5 30 3 1 2 3 1 2 7 1 2 7 0 2 7 0 2 7 1 2 7 1 2 7 0 40.6011588573455811
0 2 4 0 2 7 5 30 3 0 2 7 0 2 7 1 2 7 8 18 2 0 2 7 0 2 7 17 18 2 0 2 7 8 18 2 6 2 7 6 2 7 1 2 11 0 2 7 0 2 7 17 18 2 0 2 7 17 9 2 1 2 11 0 2 7 0 2 7 5 30 3 1 2 7 0 2 7 12 16 2 0 2 7 1 2 7 1 2 7 5 31 3 0 2 3 0 2 7 16 15 2 1 2 7 0 2 7 1 2 4 5 30 3 1 2 3 0 2 7 0 41.292245626449585

Current Evaluation = 5850(5850)
Front Size = 10
0 2 7 0 2 7 1 2 7 1 2 7 0 2 7 0 2 7 1 2 11 0 2 7 0 2 7 1 2 7 0 2 7 0 2 7 5 31 3 0 2 7 0 2 7 17 18 2 1 2 7 0 2 7 1 2 7 0 2 7 16 6 2 1 2 7 1 2 7 17 18 2 5 31 3 0 2 7 1 2 7 0 2 7 1 2 4 5 31 3 17 9 2 0 2 7 0 2 7 0 2 7 1 2 7 1 2 7 17 9 2 1 2 7 13 6 3 0 2 7 0 40.0670827627182007
0 2 7 0 2 7 1 2 7 0 2 4 1 2 7 0 2 7 0 2 7 1 2 7 0 2 7 0 2 7 1 2 7 0 2 7 0 2 7 5 31 3 0 2 4 0 2 7 0 2 7 17 18 2 1 2 7 0 2 7 1 2 4 0 2 7 16 6 2 0 2 7 1 2 7 0 2 4 17 18 2 5 31 3 1 2 4 0 2 7 1 2 3 1 2 7 0 2 7 1 2 7 5 31 3 16 6 2 1 2 3 1 2 3 17 9 2 0 2 3 0 40.4458829164505005
1 2 4 0 2 7 0 2 4 0 2 7 0 2 7 0 2 7 0 2 7 1 2 7 0 2 7 1 2 7 0 2 7 1 2 7 1 2 4 0 2 7 0 2 7 1 2 7 1 2 4 0 2 7 17 18 2 17 18 2 1 2 7 1 2 7 0 2 7 0 2 7 5 31 3 6 2 7 0 2 7 0 2 7 1 2 7 0 2 7 1 2 4 5 31 3 1 2 7 17 18 2 5 31 3 0 2 7 1 2 7 1 2 7 17 9 2 0 2 4 0 40.3712069392204285
1 2 11 0 2 7 1 2 4 0 2 7 1 2 7 1 2 7 16 6 2 0 2 7 17 18 2 1 2 7 1 2 7 17 18 2 0 2 7 0 2 7 17 9 2 5 30 3 0 2 7 5 30 3 0 2 4 1 2 11 0 2 7 0 2 7 1 2 7 5 31 3 0 2 7 0 2 7 0 2 11 1 2 4 0 2 7 0 2 7 0 2 7 0 2 7 0 2 4 0 2 7 17 18 2 0 2 7 1 2 7 13 6 3 5 31 3 1 2 7 0 40.4377506971359253
1 2 7 0 2 7 5 31 3 1 2 7 5 30 3 0 2 7 0 2 7 0 2 7 6 2 7 17 18 2 0 2 4 0 2 7 5 30 3 1 2 7 0 2 7 0 2 7 1 2 7 0 2 7 1 2 7 1 2 7 1 2 7 1 2 7 17 9 2 0 2 7 0 2 7 1 2 7 0 2 7 0 2 7 0 2 7 0 2 7 0 2 7 13 6 3 0 2 7 17 18 2 1 2 7 0 2 4 17 9 2 1 2 7 5 31 3 1 2 7 0 40.3204837441444397
1 2 7 5 30 3 12 16 2 5 30 3 5 30 3 0 2 7 0 2 4 0 2 7 0 2 4 0 2 7 0 2 3 0 2 7 1 2 7 0 2 7 1 2 7 0 2 4 1 2 3 0 2 3 0 2 7 1 2 7 1 2 4 0 2 4 0 2 4 0 2 7 0 2 7 1 2 4 16 31 2 1 2 7 1 2 3 1 2 3 8 9 2 0 2 7 1 2 3 17 18 2 1 2 3 17 18 2 17 9 2 1 2 7 0 2 3 0 2 7 0 41.0773428678512573
0 2 4 0 2 7 1 2 4 5 31 3 0 2 7 17 9 2 0 2 7 0 2 7 17 9 2 15 2 11 1 2 7 1 2 7 1 2 4 0 2 7 0 2 7 0 2 4 5 30 3 0 2 7 0 2 7 5 30 3 17 18 2 1 2 7 0 2 4 1 2 7 0 2 7 0 2 4 1 2 7 17 9 2 12 16 2 6 2 7 13 6 3 0 2 7 1 2 3 0 2 7 0 2 3 1 2 7 1 2 4 1 2 7 12 16 2 0 2 7 0 40.5759547352790833
0 2 4 0 2 7 5 30 3 0 2 7 0 2 7 1 2 7 8 18 2 0 2 7 0 2 7 17 18 2 0 2 7 8 18 2 6 2 7 6 2 7 1 2 11 0 2 7 0 2 7 17 18 2 0 2 7 17 9 2 1 2 11 0 2 7 0 2 7 5 30 3 1 2 7 0 2 7 12 16 2 0 2 7 1 2 7 1 2 7 5 31 3 0 2 3 0 2 7 16 15 2 1 2 7 0 2 7 1 2 4 5 30 3 1 2 3 0 2 7 0 41.292245626449585
1 2 7 0 2 7 0 2 7 0 2 7 0 2 7 0 2 7 0 2 7 16 6 2 0 2 7 0 2 7 1 2 7 0 2 7 1 2 7 6 2 7 17 9 2 17 1 2 0 2 7 0 2 7 0 2 7 0 2 7 0 2 7 5 31 3 17 18 2 5 31 3 1 2 3 0 2 7 0 2 7 5 31 3 0 2 7 17 9 2 6 2 4 1 2 7 5 30 3 1 2 3 1 2 7 1 2 7 0 2 7 0 2 7 1 2 7 1 2 7 0 40.6011588573455811
1 2 7 1 2 7 0 2 7 0 2 7 6 2 7 0 2 7 1 2 7 1 2 7 1 2 7 0 2 7 1 2 4 1 2 7 0 2 7 0 2 7 0 2 7 6 2 4 0 2 7 17 9 2 17 18 2 1 2 7 0 2 7 5 31 3 12 16 2 0 2 7 16 6 2 0 2 7 0 2 3 0 2 7 1 2 3 0 2 7 0 2 7 0 2 4 5 31 3 0 2 7 5 31 3 5 31 3 16 6 2 0 2 7 16 6 2 0 2 7 0 40.6145018339157104

Current Evaluation = 6300(6300)
Front Size = 10
1 2 7 1 2 7 1 2 7 0 2 7 0 2 7 1 2 7 1 2 7 0 2 7 0 2 7 1 2 7 1 2 7 0 2 7 0 2 7 0 2 7 0 2 7 17 9 2 17 18 2 1 2 4 1 2 11 5 31 3 0 2 7 16 6 2 0 2 7 0 2 7 0 2 7 0 2 7 0 2 7 5 31 3 1 2 7 1 2 7 1 2 7 0 2 7 1 2 7 0 2 7 5 31 3 13 6 3 17 18 2 0 2 7 17 9 2 0 2 7 0 40.0670827627182007
0 2 4 0 2 7 1 2 4 5 31 3 0 2 7 17 9 2 0 2 7 0 2 7 17 9 2 15 2 11 1 2 7 1 2 7 1 2 4 0 2 7 0 2 7 0 2 4 5 30 3 0 2 7 0 2 7 5 30 3 17 18 2 1 2 7 0 2 4 1 2 7 0 2 7 0 2 4 1 2 7 17 9 2 12 16 2 6 2 7 13 6 3 0 2 7 1 2 3 0 2 7 0 2 3 1 2 7 1 2 4 1 2 7 12 16 2 0 2 7 0 40.5759547352790833
1 2 7 0 2 7 1 2 7 1 2 7 0 2 7 0 2 7 0 2 7 0 2 7 0 2 7 1 2 7 5 31 3 17 9 2 1 2 7 5 31 3 17 18 2 1 2 4 17 9 2 1 2 4 5 30 3 0 2 7 1 2 7 0 2 4 16 24 2 1 2 7 0 2 7 13 6 3 0 2 7 0 2 7 5 30 3 0 2 7 1 2 7 0 2 7 0 2 7 0 2 7 0 2 7 1 2 7 0 2 7 0 2 7 17 18 2 1 2 7 0 40.1302337646484375
6 2 7 0 2 4 0 2 7 0 2 7 0 2 7 0 2 7 0 2 7 0 2 7 1 2 7 1 2 7 0 2 7 16 31 2 0 2 7 0 2 7 1 2 7 16 6 2 17 18 2 1 2 7 0 2 3 5 31 3 1 2 7 16 6 2 1 2 7 0 2 7 0 2 7 0 2 7 0 2 7 1 2 7 5 31 3 0 2 7 1 2 4 17 9 2 1 2 7 12 16 2 0 2 4 5 30 3 0 2 7 0 2 7 5 31 3 1 2 7 0 40.502831757068634
1 2 7 0 2 7 0 2 7 0 2 7 0 2 7 0 2 7 0 2 7 16 6 2 0 2 7 0 2 7 1 2 7 0 2 7 1 2 7 6 2 7 17 9 2 17 1 2 0 2 7 0 2 7 0 2 7 0 2 7 0 2 7 5 31 3 17 18 2 5 31 3 1 2 3 0 2 7 0 2 7 5 31 3 0 2 7 17 9 2 6 2 4 1 2 7 5 30 3 1 2 3 1 2 7 1 2 7 0 2 7 0 2 7 1 2 7 1 2 7 0 40.6011588573455811
1 2 7 5 30 3 12 16 2 5 30 3 5 30 3 0 2 7 0 2 4 0 2 7 0 2 4 0 2 7 0 2 3 0 2 7 1 2 7 0 2 7 1 2 7 0 2 4 1 2 3 0 2 3 0 2 7 1 2 7 1 2 4 0 2 4 0 2 4 0 2 7 0 2 7 1 2 4 16 31 2 1 2 7 1 2 3 1 2 3 8 9 2 0 2 7 1 2 3 17 18 2 1 2 3 17 18 2 17 9 2 1 2 7 0 2 3 0 2 7 0 41.0773428678512573
1 2 7 0 2 7 5 31 3 1 2 7 5 30 3 0 2 7 0 2 7 0 2 7 16 6 2 17 18 2 0 2 4 0 2 3 5 30 3 1 2 7 0 2 7 0 2 4 1 2 4 0 2 7 1 2 7 1 2 7 1 2 7 1 2 7 17 9 2 0 2 7 0 2 4 1 2 7 0 2 7 0 2 7 0 2 7 0 2 7 0 2 7 13 6 3 0 2 7 17 18 2 1 2 7 0 2 4 17 9 2 1 2 7 5 31 3 1 2 7 0 40.148398756980896
1 2 7 0 2 7 0 2 7 0 2 7 0 2 7 0 2 7 0 2 7 0 2 7 0 2 7 1 2 4 0 2 7 16 30 2 0 2 7 0 2 7 1 2 7 16 6 2 17 18 2 1 2 4 1 2 7 5 31 3 1 2 7 16 6 2 6 2 7 0 2 7 0 2 7 0 2 7 0 2 7 1 2 4 5 31 3 0 2 3 0 2 7 17 9 2 1 2 7 12 16 2 0 2 7 5 31 3 0 2 7 1 2 7 5 31 3 1 2 7 0 40.5028318762779236
0 2 4 0 2 7 5 30 3 0 2 7 0 2 7 1 2 7 8 18 2 0 2 7 0 2 7 17 18 2 0 2 7 8 18 2 6 2 7 6 2 7 1 2 11 0 2 7 0 2 7 17 18 2 0 2 7 17 9 2 1 2 11 0 2 7 0 2 7 5 30 3 1 2 7 0 2 7 12 16 2 0 2 7 1 2 7 1 2 7 5 31 3 0 2 3 0 2 7 16 15 2 1 2 7 0 2 7 1 2 4 5 30 3 1 2 3 0 2 7 0 41.292245626449585
1 2 7 0 2 7 1 2 7 0 2 7 0 2 7 0 2 7 0 2 7 1 2 7 0 2 4 1 2 3 0 2 7 1 2 7 1 2 7 17 9 2 1 2 7 5 31 3 17 18 2 1 2 7 17 9 2 0 2 7 0 2 7 0 2 7 1 2 4 17 9 2 0 2 7 13 6 3 0 2 7 0 2 7 1 2 4 15 2 11 5 31 3 1 2 7 16 6 2 12 16 2 0 2 7 1 2 7 0 2 7 6 2 7 0 2 7 1 2 7 0.00294104159428253652 39.8703448176383972

Current Evaluation = 6750(6750)
Front Size = 10
1 2 7 0 2 7 1 2 7 0 2 4 0 2 7 1 2 7 17 18 2 1 2 7 5 31 3 1 2 7 0 2 7 1 2 7 0 2 7 1 2 7 1 2 7 1 2 11 1 2 7 17 9 2 0 2 7 0 2 7 0 2 7 0 2 7 0 2 7 0 2 7 0 2 7 1 2 7 0 2 7 17 9 2 0 2 7 0 2 7 0 2 7 0 2 7 13 6 3 17 18 2 0 2 7 1 2 7 1 2 7 5 31 3 16 6 2 5 31 3 0 40.0670827627182007
1 2 7 0 2 7 5 31 3 1 2 7 5 30 3 0 2 7 0 2 7 0 2 7 17 18 2 16 24 2 5 30 3 1 2 7 0 2 7 0 2 7 1 2 7 0 2 7 1 2 7 1 2 4 1 2 7 1 2 7 17 9 2 0 2 7 0 2 7 1 2 7 0 2 7 0 2 7 0 2 7 0 2 7 0 2 7 13 6 3 0 2 7 1 2 4 17 9 2 1 2 7 5 31 3 0 2 7 0 2 7 17 18 2 0 2 7 1 2 4 0 40.1302337646484375
1 2 7 0 2 7 5 31 3 1 2 7 5 30 3 0 2 7 0 2 7 0 2 7 16 6 2 17 18 2 0 2 4 0 2 3 5 30 3 1 2 7 0 2 7 0 2 4 1 2 4 0 2 7 1 2 7 1 2 7 1 2 7 1 2 7 17 9 2 0 2 7 0 2 4 1 2 7 0 2 7 0 2 7 0 2 7 0 2 7 0 2 7 13 6 3 0 2 7 17 18 2 1 2 7 0 2 4 17 9 2 1 2 7 5 31 3 1 2 7 0 40.148398756980896
1 2 7 1 2 7 0 2 7 0 2 7 0 2 7 1 2 7 1 2 7 0 2 7 0 2 7 1 2 7 1 2 7 0 2 7 0 2 7 0 2 7 0 2 7 17 9 2 17 18 2 5 31 3 0 2 7 16 6 2 0 2 7 0 2 7 0 2 7 5 31 3 1 2 7 1 2 7 1 2 7 5 31 3 0 2 7 1 2 7 1 2 7 0 2 7 0 2 7 1 2 7 0 2 3 1 2 7 17 1 2 0 2 7 17 9 2 0 2 7 0 40.307377815246582
1 2 7 5 30 3 12 16 2 5 30 3 5 30 3 0 2 7 0 2 4 0 2 7 0 2 4 0 2 7 0 2 3 0 2 7 1 2 7 0 2 7 1 2 7 0 2 4 1 2 3 0 2 3 0 2 7 1 2 7 1 2 4 0 2 4 0 2 4 0 2 7 0 2 7 1 2 4 16 31 2 1 2 7 1 2 3 1 2 3 8 9 2 0 2 7 1 2 3 17 18 2 1 2 3 17 18 2 17 9 2 1 2 7 0 2 3 0 2 7 0 41.0773428678512573
0 2 7 1 2 4 0 2 4 5 31 3 1 2 7 1 2 7 0 2 7 17 18 2 0 2 7 1 2 7 0 2 7 17 9 2 0 2 7 0 2 7 0 2 7 0 2 7 1 2 4 1 2 7 6 2 4 17 9 2 0 2 7 0 2 7 0 2 4 0 2 7 1 2 7 0 2 7 1 2 4 5 31 3 12 16 2 1 2 7 1 2 7 0 2 7 0 2 7 1 2 7 1 2 4 0 2 7 17 9 2 1 2 4 5 31 3 0 2 7 0 40.5495569109916687
1 2 4 0 2 3 0 2 7 0 2 7 0 2 7 0 2 7 0 2 7 0 2 7 0 2 7 1 2 4 0 2 7 16 6 2 0 2 7 0 2 7 1 2 7 16 31 2 17 18 2 1 2 7 6 2 7 5 31 3 1 2 7 16 6 2 1 2 7 0 2 7 0 2 7 0 2 7 0 2 7 1 2 4 5 31 3 0 2 7 0 2 7 17 9 2 1 2 7 12 16 2 0 2 7 5 30 3 0 2 7 1 2 7 5 31 3 1 2 7 0 40.502831757068634
0 2 7 1 2 7 0 2 7 5 30 3 1 2 11 1 2 11 0 2 7 17 18 2 0 2 7 1 2 7 0 2 7 17 9 2 0 2 7 0 2 7 0 2 7 1 2 4 1 2 7 1 2 7 17 9 2 0 2 7 0 2 4 0 2 7 0 2 7 1 2 7 0 2 7 1 2 4 12 16 2 1 2 7 1 2 7 17 9 2 6 2 7 1 2 7 0 2 7 0 2 7 5 31 3 0 2 7 0 2 7 0 2 7 5 31 3 13 6 3 0 40.4568386673927307
0 2 4 0 2 7 1 2 4 5 31 3 0 2 7 17 9 2 0 2 7 0 2 7 17 9 2 15 2 11 1 2 7 1 2 7 1 2 4 0 2 7 0 2 7 0 2 4 5 30 3 0 2 7 0 2 7 5 30 3 17 18 2 1 2 7 0 2 4 1 2 7 0 2 7 0 2 4 1 2 7 17 9 2 12 16 2 6 2 7 13 6 3 0 2 7 1 2 3 0 2 7 0 2 3 1 2 7 1 2 4 1 2 7 12 16 2 0 2 7 0 40.5759547352790833
1 2 7 1 2 7 0 2 7 0 2 7 0 2 7 1 2 7 1 2 7 0 2 7 0 2 7 1 2 7 6 2 4 0 2 7 0 2 7 0 2 7 0 2 7 17 9 2 17 18 2 5 30 3 0 2 7 0 2 7 1 2 7 1 2 7 0 2 4 17 9 2 5 30 3 13 6 3 5 31 3 0 2 4 1 2 7 5 31 3 0 2 7 1 2 7 1 2 4 0 2 7 0 2 7 1 2 7 17 9 2 12 16 2 0 2 4 0 2 7 0 40.4788337349891663

Current Evaluation = 7200(7200)
Front Size = 10
1 2 7 0 2 7 5 31 3 1 2 7 0 2 7 0 2 7 1 2 7 17 18 2 1 2 7 0 2 7 16 6 2 1 2 7 1 2 7 0 2 7 1 2 7 0 2 7 17 9 2 0 2 7 1 2 7 1 2 7 0 2 7 0 2 7 0 2 7 1 2 7 0 2 7 13 6 3 0 2 7 17 9 2 0 2 7 5 31 3 0 2 7 0 2 7 17 18 2 0 2 7 1 2 7 5 31 3 0 2 4 1 2 11 0 2 7 1 2 7 0 40.0670827627182007
1 2 7 5 30 3 12 16 2 5 30 3 5 30 3 0 2 7 0 2 4 0 2 7 0 2 4 0 2 7 0 2 3 0 2 7 1 2 7 0 2 7 1 2 7 0 2 4 1 2 3 0 2 3 0 2 7 1 2 7 1 2 4 0 2 4 0 2 4 0 2 7 0 2 7 1 2 4 16 31 2 1 2 7 1 2 3 1 2 3 8 9 2 0 2 7 1 2 3 17 18 2 1 2 3 17 18 2 17 9 2 1 2 7 0 2 3 0 2 7 0 41.0773428678512573
1 2 7 0 2 7 5 31 3 1 2 7 5 30 3 0 2 7 0 2 7 0 2 7 17 18 2 16 24 2 5 30 3 1 2 7 0 2 7 0 2 7 1 2 7 0 2 7 1 2 7 1 2 4 1 2 7 1 2 7 17 9 2 0 2 7 0 2 7 1 2 7 0 2 7 0 2 7 0 2 7 0 2 7 0 2 7 13 6 3 0 2 7 1 2 4 17 9 2 1 2 7 5 31 3 0 2 7 0 2 7 17 18 2 0 2 7 1 2 4 0 40.1302337646484375
0 2 4 0 2 7 1 2 4 5 31 3 0 2 7 17 9 2 0 2 7 0 2 7 17 9 2 15 2 11 1 2 7 1 2 7 1 2 4 0 2 7 0 2 7 0 2 4 5 30 3 0 2 7 0 2 7 5 30 3 17 18 2 1 2 7 0 2 4 1 2 7 0 2 7 0 2 4 1 2 7 17 9 2 12 16 2 6 2 7 13 6 3 0 2 7 1 2 3 0 2 7 0 2 3 1 2 7 1 2 4 1 2 7 12 16 2 0 2 7 0 40.5759547352790833
1 2 7 0 2 7 5 31 3 1 2 7 5 30 3 0 2 7 0 2 7 0 2 7 16 6 2 17 18 2 0 2 4 0 2 3 5 30 3 1 2 7 0 2 7 0 2 4 1 2 4 0 2 7 1 2 7 1 2 7 1 2 7 1 2 7 17 9 2 0 2 7 0 2 4 1 2 7 0 2 7 0 2 7 0 2 7 0 2 7 0 2 7 13 6 3 0 2 7 17 18 2 1 2 7 0 2 4 17 9 2 1 2 7 5 31 3 1 2 7 0 40.148398756980896
1 2 7 0 2 7 5 31 3 1 2 7 5 30 3 0 2 7 0 2 7 0 2 7 17 18 2 5 30 3 1 2 7 0 2 4 0 2 7 1 2 7 0 2 7 1 2 7 1 2 7 1 2 7 17 9 2 0 2 7 0 2 7 1 2 7 0 2 7 0 2 7 0 2 7 0 2 7 0 2 7 13 6 3 17 9 2 1 2 7 5 31 3 17 18 2 1 2 4 1 2 7 1 2 7 0 2 4 16 24 2 0 2 7 0 2 7 0 2 7 0 40.1302337646484375
6 2 7 0 2 7 5 30 3 1 2 4 0 2 7 0 2 7 0 2 7 17 18 2 0 2 4 1 2 7 0 2 7 0 2 7 1 2 4 0 2 7 1 2 7 1 2 7 1 2 7 1 2 7 17 9 2 0 2 7 1 2 7 0 2 7 0 2 7 0 2 7 0 2 7 0 2 7 0 2 7 17 9 2 5 31 3 5 30 3 5 31 3 0 2 7 12 16 2 0 2 7 13 6 3 1 2 4 1 2 7 1 2 4 0 2 7 17 9 2 0 40.4788337349891663
1 2 4 0 2 3 0 2 7 0 2 7 0 2 7 0 2 7 0 2 7 0 2 7 0 2 7 1 2 4 0 2 7 16 6 2 0 2 7 0 2 7 1 2 7 16 31 2 17 18 2 1 2 7 6 2 7 5 31 3 1 2 7 16 6 2 1 2 7 0 2 7 0 2 7 0 2 7 0 2 7 1 2 4 5 31 3 0 2 7 0 2 7 17 9 2 1 2 7 12 16 2 0 2 7 5 30 3 0 2 7 1 2 7 5 31 3 1 2 7 0 40.502831757068634
0 2 7 1 2 4 0 2 4 5 31 3 1 2 7 1 2 7 0 2 7 17 18 2 0 2 7 1 2 7 0 2 7 17 9 2 0 2 7 0 2 7 0 2 7 0 2 7 1 2 4 1 2 7 6 2 4 17 9 2 0 2 7 0 2 7 0 2 4 0 2 7 1 2 7 0 2 7 1 2 4 5 31 3 12 16 2 1 2 7 1 2 7 0 2 7 0 2 7 1 2 7 1 2 4 0 2 7 17 9 2 1 2 4 5 31 3 0 2 7 0 40.5495569109916687
1 2 7 1 2 7 0 2 7 0 2 3 0 2 7 1 2 7 1 2 7 0 2 3 0 2 7 1 2 7 0 2 7 0 2 7 0 2 7 17 9 2 17 18 2 0 2 7 0 2 7 1 2 7 16 6 2 0 2 7 1 2 7 5 30 3 1 2 7 0 2 7 1 2 7 5 31 3 0 2 7 0 2 3 0 2 7 1 2 7 0 2 7 17 9 2 5 31 3 1 2 7 0 2 7 1 2 3 0 2 7 0 2 7 13 6 3 12 16 2 0 40.6081067323684692

Current Evaluation = 7650(7650)
Front Size = 10
1 2 7 0 2 7 0 2 7 17 18 2 1 2 7 1 2 7 5 31 3 0 2 7 17 9 2 0 2 7 1 2 7 0 2 7 13 6 3 0 2 7 1 2 7 0 2 7 1 2 7 0 2 4 0 2 7 1 2 7 0 2 7 0 2 7 0 2 7 0 2 7 17 9 2 0 2 7 0 2 7 17 18 2 0 2 7 0 2 7 5 31 3 0 2 7 1 2 7 1 2 7 1 2 7 1 2 7 16 6 2 1 2 11 1 2 7 5 31 3 0 40.0670827627182007
1 2 7 5 31 3 1 2 7 1 2 7 1 2 4 17 18 2 1 2 4 0 2 4 0 2 7 0 2 7 1 2 7 6 2 7 1 2 7 17 9 2 0 2 7 0 2 3 0 2 7 0 2 7 0 2 7 0 2 4 0 2 7 0 2 7 1 2 4 0 2 7 0 2 7 0 2 7 0 2 7 5 31 3 12 16 2 17 9 2 13 6 3 17 9 2 1 2 7 5 30 3 1 2 4 1 2 4 0 2 7 12 16 2 1 2 7 0 2 7 0 40.425436794757843
1 2 7 1 2 4 5 31 3 1 2 7 0 2 7 0 2 7 1 2 7 17 18 2 1 2 7 0 2 7 17 9 2 0 2 4 0 2 7 0 2 7 1 2 4 0 2 7 17 9 2 0 2 7 0 2 7 0 2 7 1 2 4 1 2 7 0 2 7 1 2 7 5 31 3 0 2 7 0 2 3 1 2 7 5 31 3 0 2 7 1 2 7 1 2 7 0 2 7 0 2 4 16 6 2 0 2 3 0 2 3 16 6 2 1 2 3 0 2 7 0 40.4458829164505005
1 2 7 5 30 3 12 16 2 5 30 3 5 30 3 0 2 7 0 2 4 0 2 7 0 2 4 0 2 7 0 2 3 0 2 7 1 2 7 0 2 7 1 2 7 0 2 4 1 2 3 0 2 3 0 2 7 1 2 7 1 2 4 0 2 4 0 2 4 0 2 7 0 2 7 1 2 4 16 31 2 1 2 7 1 2 3 1 2 3 8 9 2 0 2 7 1 2 3 17 18 2 1 2 3 17 18 2 17 9 2 1 2 7 0 2 3 0 2 7 0 41.0773428678512573
0 2 7 0 2 7 1 2 4 1 2 7 17 18 2 0 2 7 0 2 7 0 2 4 17 18 2 5 31 3 1 2 7 17 9 2 0 2 7 0 2 7 5 30 3 0 2 7 5 30 3 13 6 3 0 2 3 1 2 7 5 31 3 1 2 7 0 2 7 0 2 7 0 2 7 1 2 4 0 2 7 0 2 7 0 2 7 0 2 7 17 9 2 1 2 7 1 2 7 0 2 4 0 2 4 1 2 7 16 6 2 1 2 7 1 2 7 1 2 7 0 40.148398756980896
1 2 7 0 2 7 5 31 3 1 2 7 5 30 3 0 2 7 0 2 7 0 2 7 17 18 2 5 30 3 1 2 7 0 2 4 0 2 7 1 2 7 0 2 7 1 2 7 1 2 7 1 2 7 17 9 2 0 2 7 0 2 7 1 2 7 0 2 7 0 2 7 0 2 7 0 2 7 0 2 7 13 6 3 17 9 2 1 2 7 5 31 3 17 18 2 1 2 4 1 2 7 1 2 7 0 2 4 16 24 2 0 2 7 0 2 7 0 2 7 0 40.1302337646484375
13 6 3 1 2 7 5 31 3 1 2 7 1 2 7 1 2 7 17 18 2 0 2 7 0 2 7 0 2 7 17 18 2 0 2 7 6 2 7 1 2 7 1 2 7 1 2 7 17 9 2 0 2 7 0 2 7 0 2 7 0 2 7 0 2 7 5 30 3 1 2 7 1 2 7 0 2 7 0 2 7 0 2 7 0 2 7 5 30 3 0 2 7 0 2 7 0 2 7 5 31 3 12 16 2 13 6 3 12 16 2 1 2 7 17 9 2 0 2 7 0 40.4349926114082336
1 2 7 5 31 3 0 2 7 1 2 7 1 2 7 17 18 2 1 2 7 0 2 7 1 2 7 0 2 7 1 2 7 1 2 7 1 2 7 17 9 2 0 2 7 0 2 7 0 2 7 0 2 7 0 2 7 0 2 7 0 2 7 0 2 7 0 2 7 16 6 2 0 2 7 0 2 7 0 2 7 5 31 3 12 16 2 8 9 2 13 6 3 17 9 2 1 2 7 5 30 3 1 2 7 1 2 7 0 2 7 12 16 2 1 2 7 0 2 7 0 40.4091576337814331
1 2 4 0 2 3 0 2 7 0 2 7 0 2 7 0 2 7 0 2 7 0 2 7 0 2 7 1 2 4 0 2 7 16 6 2 0 2 7 0 2 7 1 2 7 16 31 2 17 18 2 1 2 7 6 2 7 5 31 3 1 2 7 16 6 2 1 2 7 0 2 7 0 2 7 0 2 7 0 2 7 1 2 4 5 31 3 0 2 7 0 2 7 17 9 2 1 2 7 12 16 2 0 2 7 5 30 3 0 2 7 1 2 7 5 31 3 1 2 7 0 40.502831757068634
0 2 7 0 2 7 1 2 4 1 2 7 17 18 2 0 2 7 0 2 7 0 2 7 17 18 2 5 31 3 1 2 7 17 9 2 0 2 7 0 2 7 1 2 4 5 30 3 0 2 7 5 30 3 13 6 3 0 2 7 1 2 4 1 2 7 5 31 3 1 2 7 0 2 7 0 2 7 0 2 7 1 2 7 0 2 7 0 2 7 0 2 7 0 2 7 17 9 2 0 2 7 1 2 7 1 2 7 6 2 7 12 16 2 1 2 4 0 2 4 0 40.4788337349891663

Current Evaluation = 8100(8100)
Front Size = 10
0 2 7 0 2 7 0 2 7 17 18 2 0 2 7 0 2 7 0 2 7 17 18 2 5 31 3 17 9 2 1 2 7 1 2 7 13 6 3 0 2 7 5 31 3 1 2 7 16 6 2 0 2 7 0 2 4 1 2 7 0 2 7 0 2 7 0 2 7 1 2 7 17 9 2 0 2 7 1 2 7 0 2 7 1 2 7 1 2 7 1 2 7 1 2 7 0 2 7 5 31 3 0 2 7 1 2 7 0 2 7 1 2 7 1 2 11 0 2 7 0 40.0670827627182007
0 2 7 0 2 7 1 2 7 1 2 7 17 18 2 0 2 7 0 2 7 17 18 2 5 31 3 1 2 7 17 9 2 0 2 7 0 2 7 13 6 3 0 2 7 5 31 3 1 2 7 0 2 7 0 2 7 0 2 7 1 2 7 0 2 7 0 2 7 0 2 7 0 2 7 17 9 2 0 2 7 0 2 7 0 2 7 1 2 7 16 6 2 1 2 7 1 2 7 0 2 7 1 2 7 1 2 7 5 31 3 1 2 11 1 2 7 1 2 4 0 40.0670827627182007
0 2 11 0 2 7 1 2 7 1 2 7 17 18 2 0 2 7 0 2 7 0 2 7 17 18 2 5 31 3 1 2 7 17 9 2 0 2 7 0 2 4 5 31 3 1 2 7 13 6 3 0 2 7 5 31 3 0 2 7 1 2 7 0 2 7 0 2 7 0 2 7 0 2 7 0 2 7 0 2 7 0 2 7 17 9 2 0 2 7 1 2 7 0 2 7 1 2 7 1 2 7 1 2 7 16 6 2 1 2 7 1 2 7 1 2 7 1 2 7 0 40.0670828819274902
0 2 7 0 2 7 1 2 4 1 2 7 17 18 2 0 2 7 0 2 7 17 18 2 5 31 3 1 2 7 17 9 2 0 2 7 0 2 7 13 6 3 0 2 7 5 31 3 1 2 7 1 2 7 0 2 4 0 2 7 1 2 7 0 2 7 1 2 7 0 2 7 0 2 7 17 9 2 0 2 7 0 2 7 0 2 4 1 2 7 16 6 2 1 2 7 1 2 7 0 2 3 5 30 3 0 2 7 5 30 3 1 2 4 1 2 4 0 2 7 0 40.148398756980896
1 2 7 1 2 7 0 2 7 0 2 7 0 2 7 0 2 7 0 2 7 0 2 7 0 2 7 0 2 7 0 2 7 17 9 2 0 2 7 0 2 7 0 2 7 1 2 7 0 2 7 5 30 3 1 2 7 5 31 3 12 16 2 5 30 3 1 2 3 1 2 7 0 2 7 0 2 3 0 2 7 0 2 7 0 2 7 5 31 3 1 2 4 17 9 2 0 2 7 16 30 2 16 30 2 1 2 3 12 16 2 5 30 3 1 2 7 13 6 3 0 40.9543017148971558
1 2 7 0 2 7 5 31 3 1 2 7 5 30 3 0 2 7 0 2 7 0 2 7 17 18 2 5 30 3 1 2 7 0 2 4 0 2 7 1 2 7 0 2 7 1 2 7 1 2 7 1 2 7 17 9 2 0 2 7 0 2 7 1 2 7 0 2 7 0 2 7 0 2 7 0 2 7 0 2 7 13 6 3 17 9 2 1 2 7 5 31 3 17 18 2 1 2 4 1 2 7 1 2 7 0 2 4 16 24 2 0 2 7 0 2 7 0 2 7 0 40.1302337646484375
1 2 7 5 30 3 12 16 2 5 30 3 5 30 3 0 2 7 0 2 4 0 2 7 0 2 4 0 2 7 0 2 3 0 2 7 1 2 7 0 2 7 1 2 7 0 2 4 1 2 3 0 2 3 0 2 7 1 2 7 1 2 4 0 2 4 0 2 4 0 2 7 0 2 7 1 2 4 16 31 2 1 2 7 1 2 3 1 2 3 8 9 2 0 2 7 1 2 3 17 18 2 1 2 3 17 18 2 17 9 2 1 2 7 0 2 3 0 2 7 0 41.0773428678512573
0 2 7 0 2 7 1 2 4 1 2 7 17 18 2 0 2 7 0 2 7 0 2 4 17 18 2 5 31 3 1 2 7 17 9 2 0 2 7 0 2 7 5 30 3 0 2 3 5 30 3 13 6 3 0 2 7 5 31 3 1 2 7 1 2 7 0 2 7 0 2 7 1 2 7 0 2 7 0 2 7 0 2 7 0 2 7 17 9 2 1 2 4 1 2 4 0 2 7 0 2 7 0 2 7 1 2 7 16 6 2 1 2 7 1 2 7 1 2 4 0 40.148398756980896
0 2 7 0 2 7 1 2 7 1 2 7 17 18 2 0 2 7 0 2 7 17 18 2 5 31 3 1 2 7 17 9 2 0 2 7 0 2 7 13 6 3 0 2 7 5 31 3 1 2 7 0 2 7 0 2 7 0 2 7 1 2 7 0 2 7 0 2 7 0 2 7 0 2 7 17 9 2 0 2 7 0 2 7 1 2 7 1 2 7 1 2 7 1 2 7 1 2 7 1 2 7 1 2 4 0 2 4 16 6 2 0 2 7 5 31 3 5 30 3 0 40.2086777687072754
1 2 7 0 2 7 0 2 4 17 18 2 1 2 7 1 2 7 5 31 3 1 2 7 17 9 2 0 2 7 1 2 7 0 2 7 1 2 7 1 2 7 0 2 7 1 2 7 1 2 7 0 2 7 1 2 7 0 2 7 0 2 7 0 2 7 0 2 7 17 9 2 0 2 7 0 2 7 17 18 2 5 31 3 0 2 7 1 2 7 1 2 7 0 2 4 5 30 3 0 2 7 0 2 4 1 2 4 0 2 4 8 9 2 1 2 7 0 2 4 0 40.4184398651123047

Current Evaluation = 8550(8550)
Front Size = 10
0 2 7 0 2 7 1 2 7 17 18 2 0 2 7 0 2 7 17 18 2 5 31 3 17 9 2 0 2 7 0 2 7 13 6 3 0 2 7 5 31 3 1 2 7 1 2 7 0 2 7 0 2 7 1 2 7 0 2 7 0 2 7 0 2 7 0 2 7 17 9 2 0 2 7 0 2 7 0 2 7 1 2 7 16 6 2 1 2 7 1 2 7 0 2 7 1 2 7 1 2 7 1 2 4 0 2 7 1 2 7 1 2 11 5 31 3 1 2 7 0 40.0670827627182007
0 2 7 0 2 7 0 2 7 1 2 7 17 18 2 0 2 7 0 2 7 0 2 7 1 2 7 17 9 2 0 2 7 0 2 7 0 2 7 5 31 3 1 2 7 1 2 7 1 2 7 0 2 7 0 2 7 0 2 7 0 2 7 17 9 2 1 2 7 1 2 7 1 2 7 1 2 7 1 2 11 1 2 7 0 2 7 13 6 3 16 6 2 5 31 3 0 2 7 0 2 7 5 31 3 0 2 7 0 2 7 1 2 7 1 2 4 17 9 2 0 40.0670827627182007
1 2 7 1 2 7 17 9 2 0 2 7 0 2 7 17 18 2 17 9 2 0 2 7 0 2 7 13 6 3 5 31 3 0 2 7 0 2 7 0 2 7 0 2 4 0 2 7 0 2 7 1 2 4 0 2 7 0 2 7 1 2 7 0 2 7 1 2 7 16 24 2 1 2 7 1 2 4 0 2 7 1 2 7 1 2 7 1 2 7 5 30 3 0 2 7 1 2 7 5 31 3 0 2 7 1 2 7 17 9 2 0 2 7 5 30 3 0 2 7 0 40.1302337646484375
0 2 7 0 2 7 0 2 7 17 18 2 0 2 4 0 2 7 5 31 3 1 2 7 13 6 3 1 2 7 5 30 3 1 2 7 0 2 7 1 2 7 1 2 7 1 2 7 0 2 7 0 2 7 0 2 7 0 2 4 1 2 7 0 2 7 17 9 2 0 2 4 5 30 3 0 2 7 1 2 3 0 2 7 0 2 7 0 2 7 0 2 4 1 2 7 1 2 7 1 2 4 0 2 7 1 2 7 17 9 2 17 18 2 5 31 3 16 6 2 0 40.148398756980896
0 2 7 0 2 7 0 2 7 1 2 7 17 18 2 0 2 7 0 2 7 17 18 2 5 31 3 1 2 7 17 9 2 0 2 7 0 2 7 0 2 7 1 2 7 0 2 7 0 2 7 0 2 7 1 2 7 0 2 7 0 2 7 0 2 7 0 2 7 1 2 3 1 2 7 1 2 7 1 2 7 13 6 3 16 6 2 0 2 11 1 2 3 12 16 2 0 2 7 8 9 2 5 30 3 5 30 3 1 2 7 5 30 3 0 2 3 1 2 7 0 40.8218756914138794
0 2 7 0 2 7 0 2 7 1 2 7 17 18 2 0 2 7 0 2 7 17 18 2 5 31 3 1 2 7 17 9 2 0 2 7 0 2 7 0 2 7 5 31 3 1 2 7 0 2 7 0 2 7 0 2 7 1 2 7 0 2 7 0 2 7 0 2 7 0 2 7 17 9 2 0 2 7 0 2 7 1 2 7 1 2 7 1 2 7 1 2 7 1 2 7 5 31 3 1 2 7 1 2 7 13 6 3 16 6 2 1 2 11 0 2 4 1 2 7 0 40.0670827627182007
0 2 7 0 2 7 1 2 4 1 2 7 17 18 2 0 2 7 0 2 7 17 18 2 5 31 3 1 2 4 17 9 2 0 2 7 0 2 7 13 6 3 0 2 7 5 31 3 1 2 7 1 2 7 0 2 7 0 2 7 1 2 7 0 2 7 0 2 7 0 2 7 0 2 7 17 9 2 0 2 7 0 2 7 0 2 7 1 2 7 16 6 2 1 2 7 1 2 7 0 2 4 5 30 3 0 2 3 5 30 3 1 2 4 1 2 7 1 2 4 0 40.148398756980896
0 2 7 0 2 7 0 2 7 1 2 7 17 18 2 0 2 7 0 2 7 0 2 7 1 2 7 17 9 2 0 2 7 0 2 7 0 2 7 5 31 3 1 2 7 1 2 7 1 2 7 0 2 7 0 2 7 0 2 7 0 2 7 17 9 2 1 2 7 1 2 7 1 2 7 1 2 7 1 2 7 13 6 3 5 31 3 0 2 4 0 2 7 0 2 7 17 9 2 0 2 7 0 2 7 5 30 3 1 2 4 16 6 2 1 2 7 5 31 3 0 40.2086777687072754
1 2 7 1 2 7 0 2 7 0 2 7 0 2 7 0 2 7 0 2 7 0 2 7 0 2 7 0 2 7 0 2 7 17 9 2 0 2 7 0 2 7 0 2 7 1 2 7 0 2 7 5 30 3 1 2 7 5 31 3 12 16 2 5 30 3 1 2 3 1 2 7 0 2 7 0 2 3 0 2 7 0 2 7 0 2 7 5 31 3 1 2 4 17 9 2 0 2 7 16 30 2 16 30 2 1 2 3 12 16 2 5 30 3 1 2 7 13 6 3 0 40.9543017148971558
1 2 7 0 2 7 0 2 4 17 18 2 1 2 7 1 2 7 5 31 3 1 2 7 17 9 2 0 2 7 1 2 7 0 2 7 1 2 7 1 2 7 0 2 7 1 2 7 1 2 7 0 2 7 1 2 7 0 2 7 0 2 7 0 2 7 0 2 7 17 9 2 0 2 7 0 2 7 17 18 2 5 31 3 0 2 7 1 2 7 1 2 7 0 2 4 5 30 3 0 2 7 0 2 4 1 2 4 0 2 4 8 9 2 1 2 7 0 2 4 0 40.4184398651123047

Current Evaluation = 9000(9000)
Front Size = 10
0 2 7 0 2 7 1 2 7 17 18 2 0 2 7 0 2 4 5 31 3 17 9 2 0 2 7 0 2 7 13 6 3 0 2 7 5 31 3 1 2 7 1 2 7 0 2 7 0 2 7 1 2 7 0 2 7 0 2 7 0 2 7 0 2 7 17 9 2 0 2 7 0 2 7 0 2 7 1 2 7 16 6 2 1 2 7 1 2 7 0 2 7 1 2 7 1 2 7 1 2 7 1 2 11 5 31 3 1 2 7 1 2 7 0 2 7 17 18 2 0 40.0670827627182007
1 2 7 1 2 4 17 9 2 0 2 7 0 2 7 17 18 2 17 9 2 0 2 7 0 2 7 13 6 3 5 31 3 0 2 7 0 2 7 0 2 7 0 2 7 0 2 7 0 2 7 0 2 7 0 2 7 1 2 7 0 2 7 1 2 7 1 2 11 0 2 7 1 2 7 1 2 7 1 2 7 0 2 7 1 2 7 5 31 3 0 2 7 1 2 7 0 2 7 0 2 7 1 2 7 1 2 7 1 2 7 5 31 3 17 9 2 16 6 2 0 40.0670827627182007
1 2 7 1 2 7 17 9 2 0 2 7 0 2 7 17 18 2 17 9 2 0 2 7 0 2 7 13 6 3 5 31 3 0 2 7 0 2 7 0 2 7 0 2 4 0 2 7 0 2 7 1 2 4 0 2 7 0 2 7 1 2 7 0 2 7 1 2 7 16 24 2 1 2 7 1 2 4 0 2 7 1 2 7 1 2 7 1 2 7 5 30 3 0 2 7 1 2 7 5 31 3 0 2 7 1 2 7 17 9 2 0 2 7 5 30 3 0 2 7 0 40.1302337646484375
0 2 7 0 2 7 1 2 4 1 2 7 17 18 2 0 2 7 0 2 7 17 18 2 5 31 3 1 2 4 17 9 2 0 2 7 0 2 7 13 6 3 0 2 7 5 31 3 1 2 7 1 2 7 0 2 7 0 2 7 1 2 7 0 2 7 0 2 7 0 2 7 0 2 7 17 9 2 0 2 7 0 2 7 0 2 7 1 2 7 16 6 2 1 2 7 1 2 7 0 2 4 5 30 3 0 2 3 5 30 3 1 2 4 1 2 7 1 2 4 0 40.148398756980896
0 2 7 0 2 7 1 2 7 17 18 2 0 2 7 0 2 4 5 31 3 17 9 2 0 2 7 0 2 7 0 2 7 5 31 3 1 2 7 1 2 7 0 2 7 0 2 7 1 2 7 0 2 7 0 2 7 0 2 7 0 2 7 17 9 2 0 2 7 1 2 7 1 2 7 1 2 7 1 2 7 1 2 7 1 2 7 1 2 7 1 2 7 17 18 2 13 6 3 0 2 4 0 2 7 16 6 2 0 2 7 5 30 3 5 31 3 0 2 4 0 40.1886777877807617
1 2 7 1 2 7 0 2 7 0 2 7 0 2 7 0 2 7 0 2 7 0 2 7 0 2 7 0 2 7 0 2 7 17 9 2 0 2 7 0 2 7 0 2 7 1 2 7 0 2 7 5 30 3 1 2 7 5 31 3 12 16 2 5 30 3 1 2 3 1 2 7 0 2 7 0 2 3 0 2 7 0 2 7 0 2 7 5 31 3 1 2 4 17 9 2 0 2 7 16 30 2 16 30 2 1 2 3 12 16 2 5 30 3 1 2 7 13 6 3 0 40.9543017148971558
0 2 7 0 2 7 1 2 4 1 2 7 17 18 2 0 2 7 0 2 7 5 31 3 1 2 4 17 9 2 0 2 7 0 2 4 13 6 3 0 2 7 5 31 3 1 2 7 1 2 7 0 2 7 0 2 7 1 2 7 0 2 7 0 2 7 0 2 4 0 2 7 17 9 2 0 2 7 0 2 7 0 2 7 1 2 7 1 2 7 1 2 7 0 2 4 5 30 3 5 30 3 1 2 7 1 2 7 16 6 2 0 2 3 17 9 2 1 2 7 0 40.148398756980896
1 2 7 0 2 7 0 2 4 17 18 2 1 2 7 1 2 7 5 31 3 1 2 7 17 9 2 0 2 7 1 2 7 0 2 7 1 2 7 1 2 7 0 2 7 1 2 7 1 2 7 0 2 7 1 2 7 0 2 7 0 2 7 0 2 7 0 2 7 17 9 2 0 2 7 0 2 7 17 18 2 5 31 3 0 2 7 1 2 7 1 2 7 0 2 4 5 30 3 0 2 7 0 2 4 1 2 4 0 2 4 8 9 2 1 2 7 0 2 4 0 40.4184398651123047
1 2 7 1 2 7 0 2 7 0 2 7 0 2 7 0 2 7 0 2 7 0 2 7 0 2 7 0 2 7 0 2 3 17 9 2 0 2 7 0 2 7 0 2 7 1 2 7 0 2 7 1 2 7 5 30 3 1 2 4 0 2 7 0 2 7 0 2 7 0 2 7 5 31 3 17 9 2 1 2 7 13 6 3 0 2 7 12 16 2 17 18 2 1 2 3 1 2 7 1 2 7 16 18 11 5 31 3 1 2 7 1 2 7 12 16 2 1 2 7 0 40.8071216940879822
1 2 7 0 2 7 1 2 7 8 18 2 1 2 7 0 2 7 5 31 3 17 9 2 0 2 7 0 2 7 1 2 7 5 30 3 1 2 4 1 2 7 0 2 7 0 2 7 17 18 2 0 2 7 0 2 7 1 2 7 0 2 7 17 9 2 0 2 7 1 2 7 0 2 4 1 2 7 1 2 7 1 2 7 1 2 4 0 2 7 0 2 7 17 18 2 0 2 7 0 2 4 5 31 3 1 2 4 0 2 7 1 2 7 0 2 4 0 2 7 0 40.4184398651123047

MonoObjective Genetic Algorithm
Number of Evaluations = 0
Mutation Probability = 0
Crossover Probability = 1
Population Size = 10
Survival Selection Type = 16

Time =  9024.82496809959412

Current Evaluation = 2220
Front Size = 10
0 2 7 0 2 7 1 2 7 17 18 2 0 2 7 0 2 4 5 31 3 17 9 2 0 2 7 0 2 7 13 6 3 0 2 7 5 31 3 1 2 7 1 2 7 0 2 7 0 2 7 1 2 7 0 2 7 0 2 7 0 2 7 0 2 7 17 9 2 0 2 7 0 2 7 0 2 7 1 2 7 16 6 2 1 2 7 1 2 7 0 2 7 1 2 7 1 2 7 1 2 7 1 2 11 5 31 3 1 2 7 1 2 7 0 2 7 17 18 2 0 40.0670827627182007
1 2 7 1 2 4 17 9 2 0 2 7 0 2 7 17 18 2 17 9 2 0 2 7 0 2 7 13 6 3 5 31 3 0 2 7 0 2 7 0 2 7 0 2 7 0 2 7 0 2 7 0 2 7 0 2 7 1 2 7 0 2 7 1 2 7 1 2 11 0 2 7 1 2 7 1 2 7 1 2 7 0 2 7 1 2 7 5 31 3 0 2 7 1 2 7 0 2 7 0 2 7 1 2 7 1 2 7 1 2 7 5 31 3 17 9 2 16 6 2 0 40.0670827627182007
1 2 7 1 2 7 17 9 2 0 2 7 0 2 7 17 18 2 17 9 2 0 2 7 0 2 7 13 6 3 5 31 3 0 2 7 0 2 7 0 2 7 0 2 4 0 2 7 0 2 7 1 2 4 0 2 7 0 2 7 1 2 7 0 2 7 1 2 7 16 24 2 1 2 7 1 2 4 0 2 7 1 2 7 1 2 7 1 2 7 5 30 3 0 2 7 1 2 7 5 31 3 0 2 7 1 2 7 17 9 2 0 2 7 5 30 3 0 2 7 0 40.1302337646484375
0 2 7 0 2 7 1 2 4 1 2 7 17 18 2 0 2 7 0 2 7 17 18 2 5 31 3 1 2 4 17 9 2 0 2 7 0 2 7 13 6 3 0 2 7 5 31 3 1 2 7 1 2 7 0 2 7 0 2 7 1 2 7 0 2 7 0 2 7 0 2 7 0 2 7 17 9 2 0 2 7 0 2 7 0 2 7 1 2 7 16 6 2 1 2 7 1 2 7 0 2 4 5 30 3 0 2 3 5 30 3 1 2 4 1 2 7 1 2 4 0 40.148398756980896
0 2 7 0 2 7 1 2 7 17 18 2 0 2 7 0 2 4 5 31 3 17 9 2 0 2 7 0 2 7 0 2 7 5 31 3 1 2 7 1 2 7 0 2 7 0 2 7 1 2 7 0 2 7 0 2 7 0 2 7 0 2 7 17 9 2 0 2 7 1 2 7 1 2 7 1 2 7 1 2 7 1 2 7 1 2 7 1 2 7 1 2 7 17 18 2 13 6 3 0 2 4 0 2 7 16 6 2 0 2 7 5 30 3 5 31 3 0 2 4 0 40.1886777877807617
1 2 7 1 2 7 0 2 7 0 2 7 0 2 7 0 2 7 0 2 7 0 2 7 0 2 7 0 2 7 0 2 7 17 9 2 0 2 7 0 2 7 0 2 7 1 2 7 0 2 7 5 30 3 1 2 7 5 31 3 12 16 2 5 30 3 1 2 3 1 2 7 0 2 7 0 2 3 0 2 7 0 2 7 0 2 7 5 31 3 1 2 4 17 9 2 0 2 7 16 30 2 16 30 2 1 2 3 12 16 2 5 30 3 1 2 7 13 6 3 0 40.9543017148971558
0 2 7 0 2 7 1 2 4 1 2 7 17 18 2 0 2 7 0 2 7 5 31 3 1 2 4 17 9 2 0 2 7 0 2 4 13 6 3 0 2 7 5 31 3 1 2 7 1 2 7 0 2 7 0 2 7 1 2 7 0 2 7 0 2 7 0 2 4 0 2 7 17 9 2 0 2 7 0 2 7 0 2 7 1 2 7 1 2 7 1 2 7 0 2 4 5 30 3 5 30 3 1 2 7 1 2 7 16 6 2 0 2 3 17 9 2 1 2 7 0 40.148398756980896
1 2 7 0 2 7 0 2 4 17 18 2 1 2 7 1 2 7 5 31 3 1 2 7 17 9 2 0 2 7 1 2 7 0 2 7 1 2 7 1 2 7 0 2 7 1 2 7 1 2 7 0 2 7 1 2 7 0 2 7 0 2 7 0 2 7 0 2 7 17 9 2 0 2 7 0 2 7 17 18 2 5 31 3 0 2 7 1 2 7 1 2 7 0 2 4 5 30 3 0 2 7 0 2 4 1 2 4 0 2 4 8 9 2 1 2 7 0 2 4 0 40.4184398651123047
1 2 7 1 2 7 0 2 7 0 2 7 0 2 7 0 2 7 0 2 7 0 2 7 0 2 7 0 2 7 0 2 3 17 9 2 0 2 7 0 2 7 0 2 7 1 2 7 0 2 7 1 2 7 5 30 3 1 2 4 0 2 7 0 2 7 0 2 7 0 2 7 5 31 3 17 9 2 1 2 7 13 6 3 0 2 7 12 16 2 17 18 2 1 2 3 1 2 7 1 2 7 16 18 11 5 31 3 1 2 7 1 2 7 12 16 2 1 2 7 0 40.8071216940879822
1 2 7 0 2 7 1 2 7 8 18 2 1 2 7 0 2 7 5 31 3 17 9 2 0 2 7 0 2 7 1 2 7 5 30 3 1 2 4 1 2 7 0 2 7 0 2 7 17 18 2 0 2 7 0 2 7 1 2 7 0 2 7 17 9 2 0 2 7 1 2 7 0 2 4 1 2 7 1 2 7 1 2 7 1 2 4 0 2 7 0 2 7 17 18 2 0 2 7 0 2 4 5 31 3 1 2 4 0 2 7 1 2 7 0 2 4 0 2 7 0 40.4184398651123047

