Current Evaluation = 450(450)
Front Size = 10
1 2 7 5 31 3 17 9 2 13 6 3 12 16 2 5 31 3 0 2 4 1 2 7 12 16 2 0 2 7 0 2 4 1 2 7 0 2 7 0 2 7 1 2 7 0 2 7 5 30 3 0 2 7 1 2 7 5 30 3 1 2 7 1 2 7 0 2 7 0 2 7 0 2 7 0 2 7 0 2 3 16 30 2 6 2 7 1 2 7 0 2 7 0 2 7 0 2 7 0 2 4 8 18 2 12 16 2 12 16 2 0 2 7 17 9 2 16 6 2 0 40.8841776251792908
0 2 3 5 30 3 8 9 2 5 30 3 8 9 2 12 16 2 16 6 2 8 18 2 0 2 8 16 19 12 5 30 3 0 2 8 0 2 3 0 2 12 0 2 3 12 16 2 0 2 7 0 2 12 1 2 11 0 2 12 0 2 7 1 2 3 0 2 8 16 6 2 0 2 8 16 19 12 0 2 3 0 2 8 0 2 3 1 2 7 12 16 2 0 2 3 5 30 3 12 16 2 0 2 8 8 9 2 1 2 3 0 2 3 5 30 3 12 16 2 0 44.5305730104446411
5 30 3 16 19 11 16 19 11 5 30 3 12 16 2 0 2 8 16 19 11 5 30 3 5 30 3 0 2 8 0 2 8 0 2 8 0 2 8 0 2 8 0 2 8 0 2 7 8 9 2 0 2 8 16 19 11 0 2 8 0 2 11 0 2 8 0 2 8 0 2 8 0 2 11 0 2 11 12 16 2 13 6 3 0 2 8 0 2 11 0 2 7 0 2 8 5 30 3 5 30 3 0 2 7 0 2 8 16 19 11 0 2 7 0 2 8 5 30 3 0.000381567678098510639 45.5949294567108154
6 2 10 0 2 3 0 2 3 0 2 3 0 2 7 5 30 3 5 30 3 17 9 2 5 30 3 12 16 2 12 16 2 5 30 3 5 30 3 0 2 7 1 2 7 0 2 7 0 2 3 0 2 3 0 2 3 0 2 7 0 2 7 0 2 7 0 2 7 1 2 4 0 2 3 0 2 3 1 2 7 0 2 3 0 2 7 1 2 7 16 24 2 8 9 2 16 9 11 1 2 3 0 2 7 16 19 11 0 2 3 1 2 7 0 2 3 1 2 3 0 42.8158976435661316
1 2 3 0 2 7 0 2 7 0 2 3 0 2 3 5 31 3 5 30 3 0 2 7 0 2 7 5 31 3 12 16 2 0 2 7 16 19 11 12 16 2 5 30 3 16 19 11 5 30 3 0 2 3 16 19 11 0 2 7 0 2 3 1 2 7 16 19 11 0 2 7 0 2 7 0 2 7 0 2 7 5 30 3 0 2 7 1 2 7 16 6 2 0 2 7 0 2 7 0 2 7 0 2 7 0 2 7 0 2 7 0 2 7 0 2 7 0 2 7 0 42.9706752300262451
8 18 2 0 2 3 16 9 8 0 2 3 0 2 3 6 2 8 0 2 3 0 2 8 5 30 3 5 30 3 8 9 2 1 2 3 0 2 3 5 30 3 12 16 2 0 2 3 0 2 3 1 2 3 1 2 3 0 2 3 0 2 3 16 19 12 12 16 2 0 2 3 5 30 3 0 2 3 1 2 3 0 2 3 16 19 12 0 2 3 0 2 3 5 30 3 0 2 8 1 2 3 16 19 12 0 2 8 0 2 3 1 2 3 0 2 8 0 2 3 7.02249339797108966e-05 45.1575772762298584
5 31 3 13 6 3 12 16 2 12 16 2 0 2 7 0 2 7 0 2 7 0 2 7 5 30 3 0 2 7 5 30 3 0 2 7 0 2 7 0 2 3 12 16 2 0 2 3 17 9 2 5 31 3 0 2 3 0 2 8 0 2 4 1 2 7 1 2 8 0 2 8 0 2 8 0 2 8 5 30 3 0 2 8 16 30 2 6 2 7 1 2 7 0 2 8 0 2 7 0 2 3 16 19 12 8 9 2 0 2 8 0 2 7 5 30 3 16 6 2 0.00239866829946009958 43.2194851040840149
17 18 2 1 2 8 1 2 8 12 16 2 8 9 2 13 6 3 8 18 2 8 9 2 0 2 8 16 19 12 0 2 8 0 2 8 0 2 8 12 16 2 5 30 3 0 2 8 0 2 8 0 2 8 8 9 2 0 2 8 8 9 2 1 2 8 8 18 2 0 2 8 5 30 3 0 2 8 0 2 8 0 2 8 16 19 12 5 30 3 1 2 8 0 2 8 0 2 8 1 2 8 16 19 12 0 2 8 5 30 3 0 2 8 1 2 8 5 30 3 0.00220073638615670948 45.4020316600799561
5 30 3 5 30 3 12 16 2 0 2 7 0 2 7 5 30 3 5 30 3 0 2 7 0 2 7 16 19 11 12 16 2 1 2 7 1 2 7 0 2 3 6 2 7 8 18 2 0 2 7 0 2 7 0 2 7 0 2 7 0 2 7 5 30 3 0 2 7 0 2 11 0 2 11 16 19 11 0 2 8 0 2 7 8 9 2 8 9 2 0 2 10 16 15 2 1 2 7 0 2 7 0 2 8 1 2 7 0 2 3 0 2 7 17 18 2 0 2 7 0.000199991198818666286 42.7571976780891418
0 2 3 0 2 3 16 30 2 6 2 7 5 30 3 5 31 3 5 31 3 12 16 2 12 16 2 5 31 3 0 2 7 0 2 4 0 2 7 6 2 7 0 2 7 0 2 7 0 2 7 6 2 7 0 2 7 0 2 7 6 2 7 0 2 7 5 30 3 1 2 7 0 2 7 1 2 7 0 2 7 0 2 7 0 2 7 1 2 7 1 2 7 1 2 10 1 2 3 0 2 7 0 2 7 17 18 2 17 18 2 0 2 7 0 2 7 1 2 10 0 41.6305608749389648

Current Evaluation = 900(900)
Front Size = 10
1 2 7 5 31 3 17 9 2 13 6 3 12 16 2 5 31 3 0 2 7 1 2 7 12 16 2 0 2 7 0 2 7 1 2 7 0 2 4 0 2 4 1 2 7 0 2 7 5 30 3 0 2 7 1 2 7 5 30 3 1 2 7 0 2 7 0 2 7 0 2 7 0 2 7 1 2 7 0 2 7 16 30 2 0 2 7 1 2 7 1 2 7 0 2 7 0 2 7 0 2 7 8 18 2 12 16 2 12 16 2 0 2 4 17 9 2 16 6 2 0 40.8078845739364624
0 2 3 5 30 3 8 9 2 5 30 3 8 9 2 12 16 2 16 6 2 8 18 2 0 2 8 16 19 12 5 30 3 0 2 8 0 2 3 0 2 12 0 2 3 12 16 2 0 2 7 0 2 12 1 2 11 0 2 12 0 2 7 1 2 3 0 2 8 16 6 2 0 2 8 16 19 12 0 2 3 0 2 8 0 2 3 1 2 7 12 16 2 0 2 3 5 30 3 12 16 2 0 2 8 8 9 2 1 2 3 0 2 3 5 30 3 12 16 2 0 44.5305730104446411
0 2 7 5 31 3 5 31 3 17 9 2 5 30 3 12 16 2 12 16 2 0 2 7 5 30 3 0 2 7 6 2 7 0 2 10 17 18 2 0 2 7 16 30 2 0 2 7 0 2 3 1 2 7 1 2 6 1 2 11 12 16 2 6 2 7 0 2 7 0 2 11 0 2 7 16 9 11 1 2 7 6 2 7 0 2 11 0 2 10 0 2 3 0 2 11 0 2 7 0 2 7 1 2 11 0 2 7 5 30 3 0 2 3 1 2 4 0 2 3 0 42.5257638692855835
1 2 7 0 2 7 0 2 3 0 2 3 1 2 3 8 9 2 5 30 3 17 9 2 5 30 3 12 16 2 12 16 2 5 30 3 5 30 3 0 2 7 1 2 3 0 2 3 0 2 7 0 2 3 0 2 7 0 2 7 0 2 7 1 2 7 1 2 7 0 2 3 0 2 3 0 2 7 0 2 7 0 2 7 0 2 7 1 2 7 16 6 2 8 9 2 16 19 11 1 2 3 0 2 7 16 19 11 1 2 3 1 2 7 0 2 7 0 2 3 0 42.4504605531692505
5 31 3 12 16 2 0 2 7 0 2 7 5 31 3 0 2 7 17 18 2 0 2 7 0 2 7 0 2 7 1 2 7 5 31 3 16 19 11 0 2 7 1 2 7 0 2 7 0 2 7 6 2 7 5 30 3 0 2 7 0 2 7 0 2 7 16 19 11 5 30 3 0 2 7 0 2 7 16 6 2 0 2 7 0 2 7 5 31 3 12 16 2 0 2 7 1 2 7 6 2 7 6 2 7 0 2 7 16 19 11 0 2 7 0 2 7 0 2 7 0 42.2263974547386169
5 30 3 16 19 11 16 19 11 5 30 3 12 16 2 0 2 8 16 19 11 5 30 3 5 30 3 0 2 8 0 2 8 0 2 8 0 2 8 0 2 8 0 2 8 0 2 7 8 9 2 0 2 8 16 19 11 0 2 8 0 2 11 0 2 8 0 2 8 0 2 8 0 2 11 0 2 11 12 16 2 13 6 3 0 2 8 0 2 11 0 2 7 0 2 8 5 30 3 5 30 3 0 2 7 0 2 8 16 19 11 0 2 7 0 2 8 5 30 3 0.000381567678098510639 45.5949294567108154
8 18 2 0 2 3 16 9 8 0 2 3 0 2 3 6 2 8 0 2 3 0 2 8 5 30 3 5 30 3 8 9 2 1 2 3 0 2 3 5 30 3 12 16 2 0 2 3 0 2 3 1 2 3 1 2 3 0 2 3 0 2 3 16 19 12 12 16 2 0 2 3 5 30 3 0 2 3 1 2 3 0 2 3 16 19 12 0 2 3 0 2 3 5 30 3 0 2 8 1 2 3 16 19 12 0 2 8 0 2 3 1 2 3 0 2 8 0 2 3 7.02249339797108966e-05 45.1575772762298584
8 9 2 5 30 3 5 30 3 12 16 2 12 16 2 5 30 3 5 30 3 8 9 2 1 2 7 0 2 7 0 2 8 0 2 3 16 19 12 1 2 8 0 2 7 16 19 12 0 2 8 0 2 8 0 2 3 1 2 8 0 2 7 0 2 8 8 9 2 1 2 7 0 2 8 16 19 12 0 2 7 1 2 8 0 2 7 0 2 7 1 2 7 0 2 8 8 18 2 0 2 8 0 2 7 0 2 8 0 2 8 1 2 7 5 30 3 0 2 3 0.000701779517196836821 44.4477171897888184
0 2 3 0 2 3 5 30 3 12 16 2 12 16 2 0 2 7 0 2 7 5 30 3 1 2 7 1 2 3 16 30 2 16 19 12 16 6 2 5 31 3 5 31 3 16 19 12 6 2 7 0 2 7 0 2 8 1 2 11 6 2 7 8 18 2 8 9 2 6 2 7 8 9 2 0 2 7 1 2 7 0 2 7 12 16 2 12 16 2 1 2 3 1 2 7 1 2 10 5 30 3 0 2 3 17 18 2 17 18 2 0 2 8 0 2 12 0 2 8 0.0718139011624710777 42.7605640292167664
17 18 2 1 2 8 1 2 8 12 16 2 8 9 2 13 6 3 8 18 2 8 9 2 0 2 8 16 19 12 0 2 8 0 2 8 0 2 8 12 16 2 5 30 3 0 2 8 0 2 8 0 2 8 8 9 2 0 2 8 8 9 2 1 2 8 8 18 2 0 2 8 5 30 3 0 2 8 0 2 8 0 2 8 16 19 12 5 30 3 1 2 8 0 2 8 0 2 8 1 2 8 16 19 12 0 2 8 5 30 3 0 2 8 1 2 8 5 30 3 0.00220073638615670948 45.4020316600799561

Current Evaluation = 1350(1350)
Front Size = 10
0 2 7 5 31 3 5 31 3 17 9 2 5 30 3 12 16 2 1 2 7 1 2 7 5 30 3 0 2 7 0 2 7 16 31 2 0 2 7 1 2 7 12 16 2 0 2 7 0 2 7 1 2 7 0 2 7 0 2 7 0 2 7 0 2 7 0 2 7 17 18 2 0 2 7 0 2 7 1 2 7 6 2 7 1 2 7 16 30 2 13 6 3 0 2 7 12 16 2 1 2 7 0 2 7 0 2 7 0 2 7 0 2 7 1 2 7 1 2 7 0 40.6374766230583191
0 2 3 5 30 3 8 9 2 5 30 3 8 9 2 12 16 2 16 6 2 8 18 2 0 2 8 16 19 12 5 30 3 0 2 8 0 2 3 0 2 12 0 2 3 12 16 2 0 2 7 0 2 12 1 2 11 0 2 12 0 2 7 1 2 3 0 2 8 16 6 2 0 2 8 16 19 12 0 2 3 0 2 8 0 2 3 1 2 7 12 16 2 0 2 3 5 30 3 12 16 2 0 2 8 8 9 2 1 2 3 0 2 3 5 30 3 12 16 2 0 44.5305730104446411
8 18 2 0 2 7 0 2 3 0 2 11 12 16 2 0 2 11 5 30 3 5 30 3 8 9 2 6 2 3 0 2 7 5 30 3 12 16 2 0 2 7 0 2 7 0 2 7 16 19 11 12 16 2 5 30 3 16 19 11 5 30 3 0 2 7 1 2 3 0 2 11 0 2 7 0 2 7 0 2 7 0 2 7 12 16 2 1 2 7 0 2 7 0 2 7 0 2 3 8 9 2 0 2 7 16 6 2 16 19 11 1 2 7 12 16 2 0 2 7 0 43.2276623249053955
5 30 3 16 19 11 16 19 11 5 30 3 12 16 2 0 2 8 16 19 11 5 30 3 5 30 3 0 2 8 0 2 8 0 2 8 0 2 8 0 2 8 0 2 8 0 2 7 8 9 2 0 2 8 16 19 11 0 2 8 0 2 11 0 2 8 0 2 8 0 2 8 0 2 11 0 2 11 12 16 2 13 6 3 0 2 8 0 2 11 0 2 7 0 2 8 5 30 3 5 30 3 0 2 7 0 2 8 16 19 11 0 2 7 0 2 8 5 30 3 0.000381567678098510639 45.5949294567108154
5 30 3 5 30 3 12 16 2 12 16 2 0 2 7 0 2 7 0 2 7 12 16 2 0 2 7 8 18 2 13 6 3 1 2 4 17 18 2 0 2 4 17 18 2 6 2 7 1 2 7 0 2 7 0 2 11 0 2 7 0 2 7 1 2 4 0 2 7 1 2 7 0 2 7 1 2 10 1 2 11 16 19 11 0 2 7 0 2 11 0 2 7 0 2 7 5 31 3 12 16 2 0 2 4 17 9 2 1 2 7 0 2 4 5 30 3 6 2 7 0 41.5780096054077148
12 16 2 0 2 3 16 18 11 0 2 3 1 2 7 0 2 7 0 2 3 1 2 7 5 30 3 5 30 3 0 2 3 0 2 7 1 2 3 5 30 3 12 16 2 0 2 3 0 2 3 8 18 2 0 2 3 0 2 3 0 2 7 16 19 11 12 16 2 0 2 7 5 30 3 1 2 3 0 2 7 0 2 3 16 19 11 0 2 3 0 2 7 5 30 3 0 2 7 1 2 7 16 9 8 0 2 3 0 2 12 6 2 3 0 2 3 1 2 3 0 43.8592885136604309
8 18 2 0 2 3 16 9 8 0 2 3 0 2 3 6 2 8 0 2 3 0 2 8 5 30 3 5 30 3 8 9 2 1 2 3 0 2 3 5 30 3 12 16 2 0 2 3 0 2 3 1 2 3 1 2 3 0 2 3 0 2 3 16 19 12 12 16 2 0 2 3 5 30 3 0 2 3 1 2 3 0 2 3 16 19 12 0 2 3 0 2 3 5 30 3 0 2 8 1 2 3 16 19 12 0 2 8 0 2 3 1 2 3 0 2 8 0 2 3 7.02249339797108966e-05 45.1575772762298584
5 30 3 5 30 3 12 16 2 12 16 2 0 2 7 0 2 7 1 2 7 12 16 2 0 2 7 0 2 7 1 2 7 16 6 2 8 18 2 0 2 8 16 30 2 5 30 3 13 6 3 6 2 7 0 2 7 0 2 3 0 2 12 5 31 3 0 2 12 1 2 3 0 2 8 16 6 2 0 2 8 1 2 7 5 31 3 0 2 8 0 2 3 0 2 3 1 2 7 1 2 7 0 2 7 0 2 7 1 2 3 0 2 3 16 31 2 12 16 2 0.000285078371691132161 42.2054930329322815
8 9 2 5 30 3 5 30 3 12 16 2 12 16 2 5 30 3 5 30 3 8 9 2 1 2 7 0 2 7 0 2 8 0 2 3 16 19 12 1 2 8 0 2 7 16 19 12 0 2 8 0 2 8 0 2 3 1 2 8 0 2 7 0 2 8 8 9 2 1 2 7 0 2 8 16 19 12 0 2 7 1 2 8 0 2 7 0 2 7 1 2 7 0 2 8 8 18 2 0 2 8 0 2 7 0 2 8 0 2 8 1 2 7 5 30 3 0 2 3 0.000701779517196836821 44.4477171897888184
17 18 2 1 2 8 1 2 8 12 16 2 8 9 2 13 6 3 8 18 2 8 9 2 0 2 8 16 19 12 0 2 8 0 2 8 0 2 8 12 16 2 5 30 3 0 2 8 0 2 8 0 2 8 8 9 2 0 2 8 8 9 2 1 2 8 8 18 2 0 2 8 5 30 3 0 2 8 0 2 8 0 2 8 16 19 12 5 30 3 1 2 8 0 2 8 0 2 8 1 2 8 16 19 12 0 2 8 5 30 3 0 2 8 1 2 8 5 30 3 0.00220073638615670948 45.4020316600799561

Current Evaluation = 1800(1800)
Front Size = 10
0 2 7 5 30 3 5 31 3 13 6 3 6 2 7 5 31 3 0 2 7 1 2 7 0 2 7 1 2 7 5 31 3 0 2 7 0 2 7 1 2 7 0 2 7 17 9 2 5 30 3 0 2 7 16 6 2 0 2 7 1 2 7 0 2 7 1 2 8 17 9 2 0 2 7 0 2 7 0 2 7 1 2 7 17 9 2 16 6 2 0 2 7 0 2 7 0 2 7 1 2 7 0 2 7 0 2 7 0 2 7 1 2 7 1 2 7 0 2 7 0 40.5071266293525696
5 30 3 0 2 7 0 2 7 0 2 7 16 30 2 5 30 3 0 2 3 0 2 7 0 2 7 16 6 2 13 6 3 1 2 3 0 2 7 0 2 3 8 9 2 12 16 2 0 2 7 12 16 2 5 30 3 1 2 3 12 16 2 1 2 3 17 9 2 0 2 7 0 2 7 1 2 3 12 16 2 5 31 3 0 2 4 1 2 3 1 2 7 0 2 7 0 2 7 0 2 7 1 2 3 0 2 4 0 2 7 1 2 3 0 2 7 16 6 2 0 41.4943666458129883
1 2 7 5 30 3 5 30 3 0 2 7 6 2 7 0 2 7 0 2 7 16 15 2 1 2 7 0 2 7 1 2 7 0 2 3 0 2 3 0 2 7 0 2 3 0 2 11 0 2 7 13 6 3 12 16 2 8 18 2 12 16 2 1 2 7 0 2 7 17 18 2 8 9 2 1 2 4 0 2 7 5 30 3 0 2 3 1 2 7 0 2 7 1 2 7 0 2 7 17 18 2 1 2 4 0 2 7 17 9 2 1 2 7 0 2 7 12 16 2 0 41.1293876767158508
5 30 3 8 9 2 12 16 2 12 16 2 12 16 2 1 2 3 1 2 3 12 16 2 0 2 7 0 2 7 0 2 7 16 6 2 8 18 2 5 30 3 0 2 3 0 2 7 0 2 3 0 2 3 0 2 7 1 2 4 12 16 2 0 2 7 16 6 2 13 6 3 1 2 7 5 30 3 0 2 3 0 2 7 1 2 3 16 6 2 0 2 3 0 2 3 5 30 3 1 2 3 0 2 3 0 2 3 0 2 3 0 2 7 0 2 3 16 6 2 0 42.087828516960144
0 2 8 5 31 3 13 6 3 5 30 3 0 2 8 0 2 8 0 2 8 5 30 3 0 2 8 0 2 8 0 2 11 0 2 8 5 30 3 16 19 11 0 2 7 5 30 3 0 2 8 0 2 12 0 2 7 16 6 2 0 2 8 16 6 2 16 19 11 0 2 7 0 2 8 0 2 8 0 2 11 0 2 8 0 2 7 17 9 2 12 16 2 0 2 8 0 2 11 5 30 3 0 2 11 5 31 3 12 16 2 0 2 12 0 2 8 0 2 11 1.0583897946200438e-05 44.865675687789917
8 18 2 0 2 3 16 9 8 0 2 3 0 2 3 6 2 8 0 2 3 0 2 8 5 30 3 5 30 3 8 9 2 1 2 3 0 2 3 5 30 3 12 16 2 0 2 3 0 2 3 1 2 3 1 2 3 0 2 3 0 2 3 16 19 12 12 16 2 0 2 3 5 30 3 0 2 3 1 2 3 0 2 3 16 19 12 0 2 3 0 2 3 5 30 3 0 2 8 1 2 3 16 19 12 0 2 8 0 2 3 1 2 3 0 2 8 0 2 3 7.02249339797108966e-05 45.1575772762298584
17 18 2 1 2 8 1 2 8 12 16 2 8 9 2 13 6 3 8 18 2 8 9 2 0 2 8 16 19 12 0 2 8 0 2 8 0 2 8 12 16 2 5 30 3 0 2 8 0 2 8 0 2 8 8 9 2 0 2 8 8 9 2 1 2 8 8 18 2 0 2 8 5 30 3 0 2 8 0 2 8 0 2 8 16 19 12 5 30 3 1 2 8 0 2 8 0 2 8 1 2 8 16 19 12 0 2 8 5 30 3 0 2 8 1 2 8 5 30 3 0.00220073638615670948 45.4020316600799561
5 30 3 5 30 3 12 16 2 5 30 3 5 31 3 0 2 11 0 2 7 1 2 7 0 2 7 12 16 2 1 2 11 5 30 3 0 2 7 0 2 7 0 2 7 1 2 11 8 18 2 0 2 7 17 18 2 12 16 2 12 16 2 12 16 2 8 9 2 0 2 7 16 19 11 0 2 7 16 20 12 1 2 7 0 2 11 0 2 7 0 2 7 0 2 7 16 6 2 8 9 2 0 2 7 0 2 7 1 2 7 0 2 7 0 2 7 0 2 7 0 42.5458133220672607
0 2 7 5 30 3 5 30 3 0 2 7 5 30 3 0 2 7 0 2 3 0 2 7 0 2 7 1 2 11 0 2 7 0 2 11 1 2 7 0 2 7 0 2 11 6 2 7 0 2 11 1 2 7 0 2 3 1 2 3 0 2 7 0 2 7 1 2 7 17 9 2 16 6 2 8 18 2 0 2 7 12 16 2 0 2 3 5 30 3 0 2 3 5 31 3 5 30 3 0 2 3 16 19 11 0 2 7 0 2 3 16 6 2 16 19 11 0 2 11 0 42.7105796933174133
0 2 3 5 30 3 8 9 2 5 30 3 8 9 2 12 16 2 16 6 2 8 18 2 0 2 8 16 19 12 5 30 3 0 2 8 0 2 3 0 2 12 0 2 3 12 16 2 0 2 7 0 2 12 1 2 11 0 2 12 0 2 7 1 2 3 0 2 8 16 6 2 0 2 8 16 19 12 0 2 3 0 2 8 0 2 3 1 2 7 12 16 2 0 2 3 5 30 3 12 16 2 0 2 8 8 9 2 1 2 3 0 2 3 5 30 3 12 16 2 0 44.5305730104446411

Current Evaluation = 2250(2250)
Front Size = 10
0 2 7 5 30 3 5 30 3 13 6 3 0 2 7 5 31 3 0 2 7 1 2 7 0 2 7 1 2 7 5 31 3 0 2 7 0 2 4 1 2 7 0 2 7 17 9 2 5 30 3 0 2 4 17 18 2 0 2 7 1 2 7 0 2 7 1 2 7 17 9 2 1 2 7 0 2 7 0 2 4 1 2 7 17 9 2 16 6 2 0 2 7 0 2 7 0 2 7 1 2 7 0 2 7 0 2 7 0 2 7 1 2 7 1 2 7 0 2 7 0 40.4201456308364868
5 30 3 5 30 3 12 16 2 0 2 7 1 2 7 16 6 2 0 2 7 0 2 7 0 2 7 0 2 7 12 16 2 0 2 11 1 2 7 12 16 2 1 2 3 1 2 7 0 2 7 5 30 3 0 2 7 0 2 7 0 2 3 13 6 3 0 2 7 1 2 7 0 2 3 1 2 7 0 2 7 1 2 7 0 2 7 16 31 2 13 6 3 12 16 2 0 2 7 17 9 2 12 16 2 8 18 2 1 2 7 0 2 7 17 18 2 5 30 3 0 41.0233644247055054
8 18 2 0 2 3 16 9 8 0 2 3 0 2 3 6 2 8 0 2 3 0 2 8 5 30 3 5 30 3 8 9 2 1 2 3 0 2 3 5 30 3 12 16 2 0 2 3 0 2 3 1 2 3 1 2 3 0 2 3 0 2 3 16 19 12 12 16 2 0 2 3 5 30 3 0 2 3 1 2 3 0 2 3 16 19 12 0 2 3 0 2 3 5 30 3 0 2 8 1 2 3 16 19 12 0 2 8 0 2 3 1 2 3 0 2 8 0 2 3 7.02249339797108966e-05 45.1575772762298584
5 30 3 8 9 2 12 16 2 12 16 2 12 16 2 1 2 3 1 2 3 12 16 2 0 2 7 0 2 7 0 2 7 16 6 2 8 18 2 5 30 3 0 2 3 0 2 7 0 2 3 0 2 3 0 2 7 1 2 4 12 16 2 0 2 7 16 6 2 13 6 3 1 2 7 5 30 3 0 2 3 0 2 7 1 2 3 16 6 2 0 2 3 0 2 3 5 30 3 1 2 3 0 2 3 0 2 3 0 2 3 0 2 7 0 2 3 16 6 2 0 42.087828516960144
6 2 7 5 31 3 5 31 3 0 2 7 1 2 7 0 2 7 0 2 7 0 2 7 0 2 7 0 2 7 0 2 7 0 2 7 6 2 7 0 2 7 0 2 7 0 2 7 1 2 7 17 9 2 16 15 2 8 18 2 0 2 7 12 16 2 0 2 3 0 2 7 5 30 3 6 2 7 16 30 2 12 16 2 5 31 3 12 16 2 0 2 7 6 2 7 0 2 7 5 30 3 6 2 7 12 16 2 17 1 2 0 2 7 12 16 2 0 2 7 0 41.7918086647987366
0 2 7 5 30 3 5 30 3 0 2 8 5 31 3 0 2 11 0 2 12 0 2 8 0 2 8 0 2 8 5 30 3 16 6 2 12 16 2 5 30 3 5 31 3 5 30 3 16 19 11 16 6 2 16 19 11 0 2 7 0 2 8 0 2 11 0 2 8 0 2 11 0 2 8 0 2 7 0 2 8 0 2 8 0 2 7 13 6 3 0 2 8 0 2 12 0 2 8 17 18 2 0 2 8 0 2 11 0 2 8 0 2 11 12 16 2 0 2 8 1.0583897946200438e-05 44.865675687789917
0 2 3 5 30 3 8 9 2 5 30 3 8 9 2 12 16 2 16 6 2 8 18 2 0 2 8 16 19 12 5 30 3 0 2 8 0 2 3 0 2 12 0 2 3 12 16 2 0 2 7 0 2 12 1 2 11 0 2 12 0 2 7 1 2 3 0 2 8 16 6 2 0 2 8 16 19 12 0 2 3 0 2 8 0 2 3 1 2 7 12 16 2 0 2 3 5 30 3 12 16 2 0 2 8 8 9 2 1 2 3 0 2 3 5 30 3 12 16 2 0 44.5305730104446411
17 18 2 1 2 8 1 2 8 12 16 2 8 9 2 13 6 3 8 18 2 8 9 2 0 2 8 16 19 12 0 2 8 0 2 8 0 2 8 12 16 2 5 30 3 0 2 8 0 2 8 0 2 8 8 9 2 0 2 8 8 9 2 1 2 8 8 18 2 0 2 8 5 30 3 0 2 8 0 2 8 0 2 8 16 19 12 5 30 3 1 2 8 0 2 8 0 2 8 1 2 8 16 19 12 0 2 8 5 30 3 0 2 8 1 2 8 5 30 3 0.00220073638615670948 45.4020316600799561
0 2 7 5 30 3 5 30 3 0 2 7 5 30 3 0 2 7 0 2 3 0 2 7 0 2 7 1 2 11 0 2 7 0 2 11 1 2 7 0 2 7 0 2 11 6 2 7 0 2 11 1 2 7 0 2 3 1 2 3 0 2 7 0 2 7 1 2 7 17 9 2 16 6 2 8 18 2 0 2 7 12 16 2 0 2 3 5 30 3 0 2 3 5 31 3 5 30 3 0 2 3 16 19 11 0 2 7 0 2 3 16 6 2 16 19 11 0 2 11 0 42.7105796933174133
5 31 3 12 16 2 12 16 2 6 2 7 16 6 2 0 2 7 5 31 3 1 2 7 6 2 3 12 16 2 0 2 7 0 2 7 0 2 3 5 31 3 0 2 3 6 2 4 12 16 2 1 2 7 0 2 7 0 2 7 1 2 7 8 18 2 12 16 2 0 2 7 0 2 7 0 2 7 0 2 7 0 2 7 0 2 7 0 2 7 0 2 7 16 6 2 16 6 2 1 2 7 1 2 7 0 2 7 0 2 4 5 31 3 0 2 3 16 6 2 0 41.5656576156616211

Current Evaluation = 2700(2700)
Front Size = 10
0 2 7 5 30 3 5 30 3 13 6 3 0 2 7 5 31 3 0 2 7 1 2 7 0 2 7 1 2 7 5 31 3 0 2 7 0 2 4 1 2 7 0 2 7 17 9 2 5 30 3 0 2 4 17 18 2 0 2 7 1 2 7 0 2 7 1 2 7 17 9 2 1 2 7 0 2 7 0 2 4 1 2 7 17 9 2 16 6 2 0 2 7 0 2 7 0 2 7 1 2 7 0 2 7 0 2 7 0 2 7 1 2 7 1 2 7 0 2 7 0 40.4201456308364868
0 2 3 5 30 3 8 9 2 5 30 3 8 9 2 12 16 2 16 6 2 8 18 2 0 2 8 16 19 12 5 30 3 0 2 8 0 2 3 0 2 12 0 2 3 12 16 2 0 2 7 0 2 12 1 2 11 0 2 12 0 2 7 1 2 3 0 2 8 16 6 2 0 2 8 16 19 12 0 2 3 0 2 8 0 2 3 1 2 7 12 16 2 0 2 3 5 30 3 12 16 2 0 2 8 8 9 2 1 2 3 0 2 3 5 30 3 12 16 2 0 44.5305730104446411
0 2 7 5 30 3 0 2 7 12 16 2 8 18 2 5 30 3 16 6 2 0 2 11 1 2 3 12 16 2 0 2 7 5 30 3 0 2 3 0 2 11 5 30 3 8 9 2 1 2 7 0 2 11 0 2 7 0 2 7 1 2 7 0 2 7 16 6 2 0 2 7 5 30 3 0 2 3 0 2 11 0 2 7 0 2 7 0 2 3 1 2 3 1 2 3 0 2 7 0 2 7 8 9 2 17 9 2 1 2 7 1 2 7 12 16 2 0 2 7 0 42.4563027620315552
0 2 7 5 30 3 5 30 3 0 2 8 5 31 3 0 2 11 0 2 12 0 2 8 0 2 8 0 2 8 5 30 3 16 6 2 12 16 2 5 30 3 5 31 3 5 30 3 16 19 11 16 6 2 16 19 11 0 2 7 0 2 8 0 2 11 0 2 8 0 2 11 0 2 8 0 2 7 0 2 8 0 2 8 0 2 7 13 6 3 0 2 8 0 2 12 0 2 8 17 18 2 0 2 8 0 2 11 0 2 8 0 2 11 12 16 2 0 2 8 1.0583897946200438e-05 44.865675687789917
0 2 7 5 30 3 1 2 7 16 24 2 12 16 2 5 31 3 16 6 2 1 2 7 1 2 7 0 2 7 17 18 2 12 16 2 5 30 3 0 2 7 0 2 7 0 2 7 1 2 7 1 2 7 0 2 7 0 2 3 1 2 7 0 2 3 0 2 3 8 9 2 1 2 3 0 2 3 0 2 3 0 2 7 1 2 7 1 2 7 12 16 2 13 6 3 0 2 7 0 2 7 0 2 7 0 2 7 17 9 2 1 2 7 0 2 3 0 2 7 0 41.1358246803283691
5 30 3 8 9 2 12 16 2 12 16 2 12 16 2 1 2 3 1 2 3 12 16 2 0 2 7 0 2 7 0 2 7 16 6 2 8 18 2 5 30 3 0 2 3 0 2 7 0 2 3 0 2 3 0 2 7 1 2 4 12 16 2 0 2 7 16 6 2 13 6 3 1 2 7 5 30 3 0 2 3 0 2 7 1 2 3 16 6 2 0 2 3 0 2 3 5 30 3 1 2 3 0 2 3 0 2 3 0 2 3 0 2 7 0 2 3 16 6 2 0 42.087828516960144
5 31 3 17 9 2 12 16 2 12 16 2 12 16 2 0 2 4 1 2 7 12 16 2 1 2 11 0 2 7 17 18 2 0 2 7 0 2 7 1 2 4 0 2 4 0 2 7 1 2 7 16 6 2 0 2 7 5 30 3 1 2 4 0 2 4 0 2 7 5 31 3 0 2 7 0 2 7 0 2 7 0 2 4 8 9 2 1 2 11 0 2 7 0 2 7 1 2 7 16 6 2 0 2 7 0 2 7 1 2 7 1 2 7 0 2 7 8 9 2 0 41.2072625160217285
1 2 7 5 31 3 5 30 3 5 31 3 0 2 7 5 31 3 16 19 13 12 16 2 5 30 3 5 30 3 16 19 13 16 6 2 16 19 11 0 2 7 0 2 7 0 2 7 0 2 7 0 2 7 0 2 7 0 2 7 0 2 7 0 2 10 0 2 7 1 2 7 0 2 8 0 2 7 0 2 7 0 2 7 0 2 7 0 2 7 0 2 7 0 2 7 0 2 7 6 2 7 17 18 2 1 2 7 0 2 7 0 2 7 12 16 2 0 2 7 0 42.5496365427970886
8 18 2 0 2 3 16 9 8 0 2 3 0 2 3 6 2 8 0 2 3 0 2 8 5 30 3 5 30 3 8 9 2 1 2 3 0 2 3 5 30 3 12 16 2 0 2 3 0 2 3 1 2 3 1 2 3 0 2 3 0 2 3 16 19 12 12 16 2 0 2 3 5 30 3 0 2 3 1 2 3 0 2 3 16 19 12 0 2 3 0 2 3 5 30 3 0 2 8 1 2 3 16 19 12 0 2 8 0 2 3 1 2 3 0 2 8 0 2 3 7.02249339797108966e-05 45.1575772762298584
0 2 7 5 30 3 5 30 3 13 6 3 0 2 7 5 31 3 0 2 7 0 2 7 5 31 3 5 30 3 17 18 2 16 6 2 1 2 7 0 2 8 0 2 8 0 2 4 16 19 11 16 6 2 0 2 8 0 2 11 0 2 7 0 2 12 0 2 7 1 2 7 17 9 2 0 2 8 0 2 7 0 2 8 0 2 11 16 19 11 0 2 12 0 2 7 0 2 7 0 2 8 0 2 8 0 2 7 0 2 7 1 2 7 1 2 7 5 30 3 0.0240153155081396057 42.5964751243591309

Current Evaluation = 3150(3150)
Front Size = 10
0 2 7 5 31 3 5 31 3 13 6 3 1 2 7 5 31 3 0 2 7 1 2 7 0 2 7 1 2 7 1 2 7 0 2 7 0 2 7 1 2 7 1 2 7 17 9 2 0 2 7 0 2 7 17 18 2 0 2 7 0 2 7 0 2 7 1 2 7 17 9 2 0 2 7 0 2 7 1 2 7 1 2 7 17 9 2 16 6 2 0 2 7 0 2 4 0 2 7 1 2 7 0 2 7 1 2 7 0 2 7 1 2 11 1 2 7 0 2 7 0 40.0670827627182007
1 2 7 0 2 7 1 2 7 1 2 4 1 2 7 0 2 7 0 2 7 0 2 7 0 2 7 0 2 7 0 2 4 0 2 7 1 2 7 5 31 3 17 18 2 12 16 2 0 2 7 1 2 7 8 9 2 17 18 2 17 18 2 0 2 4 0 2 4 12 16 2 0 2 4 1 2 7 0 2 7 1 2 7 0 2 7 5 31 3 1 2 4 17 18 2 0 2 7 5 30 3 1 2 7 0 2 7 1 2 7 1 2 7 0 2 7 0 2 4 0 40.8351397514343262
0 2 3 0 2 7 1 2 7 1 2 4 0 2 7 0 2 7 16 6 2 8 18 2 1 2 7 0 2 7 0 2 3 1 2 4 1 2 7 0 2 7 1 2 7 0 2 7 0 2 7 0 2 7 17 18 2 0 2 4 5 31 3 1 2 7 5 30 3 12 16 2 1 2 4 0 2 7 13 6 3 1 2 7 1 2 7 17 9 2 0 2 7 17 18 2 5 30 3 5 30 3 0 2 7 0 2 7 0 2 3 12 16 2 0 2 7 0 2 7 0 40.8606256246566772
8 18 2 0 2 3 16 9 8 0 2 3 0 2 3 6 2 8 0 2 3 0 2 8 5 30 3 5 30 3 8 9 2 1 2 3 0 2 3 5 30 3 12 16 2 0 2 3 0 2 3 1 2 3 1 2 3 0 2 3 0 2 3 16 19 12 12 16 2 0 2 3 5 30 3 0 2 3 1 2 3 0 2 3 16 19 12 0 2 3 0 2 3 5 30 3 0 2 8 1 2 3 16 19 12 0 2 8 0 2 3 1 2 3 0 2 8 0 2 3 7.02249339797108966e-05 45.1575772762298584
0 2 7 5 30 3 5 30 3 0 2 8 5 31 3 0 2 11 0 2 12 0 2 8 0 2 8 0 2 8 5 30 3 16 6 2 12 16 2 5 30 3 5 31 3 5 30 3 16 19 11 16 6 2 16 19 11 0 2 7 0 2 8 0 2 11 0 2 8 0 2 11 0 2 8 0 2 7 0 2 8 0 2 8 0 2 7 13 6 3 0 2 8 0 2 12 0 2 8 17 18 2 0 2 8 0 2 11 0 2 8 0 2 11 12 16 2 0 2 8 1.0583897946200438e-05 44.865675687789917
0 2 3 5 31 3 6 2 7 0 2 7 0 2 7 0 2 7 5 31 3 12 16 2 5 30 3 5 30 3 12 16 2 0 2 7 5 30 3 16 19 12 1 2 3 16 6 2 5 31 3 0 2 7 16 6 2 0 2 7 0 2 7 0 2 7 0 2 7 0 2 7 0 2 7 1 2 7 0 2 7 0 2 7 16 19 12 0 2 7 0 2 3 0 2 7 0 2 7 6 2 7 1 2 3 0 2 7 16 19 11 0 2 3 0 2 3 0 2 3 0 42.7433866262435913
0 2 7 5 30 3 0 2 7 12 16 2 8 18 2 5 30 3 16 6 2 0 2 11 1 2 3 12 16 2 0 2 7 5 30 3 0 2 3 0 2 11 5 30 3 8 9 2 1 2 7 0 2 11 0 2 7 0 2 7 1 2 7 0 2 7 16 6 2 0 2 7 5 30 3 0 2 3 0 2 11 0 2 7 0 2 7 0 2 3 1 2 3 1 2 3 0 2 7 0 2 7 8 9 2 17 9 2 1 2 7 1 2 7 12 16 2 0 2 7 0 42.4563027620315552
1 2 4 0 2 7 1 2 7 5 31 3 16 6 2 1 2 7 0 2 7 0 2 7 0 2 7 0 2 7 0 2 7 1 2 7 0 2 7 5 31 3 5 30 3 12 16 2 0 2 7 0 2 7 16 19 11 0 2 7 5 31 3 0 2 7 0 2 7 12 16 2 0 2 7 0 2 7 0 2 4 0 2 7 16 6 2 0 2 7 1 2 7 16 6 2 0 2 7 5 31 3 1 2 7 0 2 7 0 2 7 17 18 2 6 2 4 0 2 7 0 41.2209165692329407
6 2 7 0 2 7 1 2 11 1 2 7 0 2 11 0 2 7 0 2 7 0 2 11 0 2 7 0 2 7 1 2 7 0 2 7 0 2 7 1 2 11 6 2 4 0 2 7 0 2 7 0 2 7 17 18 2 1 2 11 5 30 3 5 30 3 5 31 3 12 16 2 1 2 7 0 2 7 13 6 3 6 2 3 1 2 4 17 9 2 0 2 7 17 18 2 5 30 3 5 31 3 0 2 7 0 2 7 16 30 2 12 16 2 0 2 7 0 2 7 0 41.3297966718673706
0 2 3 5 30 3 16 6 2 5 31 3 0 2 8 0 2 3 0 2 7 0 2 7 17 18 2 0 2 3 0 2 3 0 2 3 1 2 7 0 2 7 1 2 7 0 2 3 0 2 7 5 30 3 0 2 7 0 2 7 1 2 7 16 19 12 16 6 2 16 19 11 0 2 3 9 2 7 0 2 3 0 2 7 1 2 7 1 2 3 1 2 7 0 2 8 5 30 3 0 2 3 0 2 3 0 2 7 0 2 7 0 2 7 5 31 3 1 2 7 0 42.770832896232605

Current Evaluation = 3600(3600)
Front Size = 10
0 2 7 5 31 3 5 31 3 13 6 3 1 2 7 5 31 3 0 2 7 1 2 7 0 2 7 1 2 7 1 2 7 0 2 7 0 2 7 1 2 7 1 2 7 17 9 2 0 2 7 0 2 7 17 18 2 0 2 7 0 2 7 0 2 7 1 2 7 17 9 2 0 2 7 0 2 7 1 2 7 1 2 7 17 9 2 16 6 2 0 2 7 0 2 4 0 2 7 1 2 7 0 2 7 1 2 7 0 2 7 1 2 11 1 2 7 0 2 7 0 40.0670827627182007
0 2 7 0 2 3 0 2 7 0 2 7 0 2 7 1 2 7 1 2 7 0 2 7 0 2 7 0 2 4 1 2 3 0 2 7 0 2 4 17 18 2 16 6 2 12 16 2 1 2 11 13 6 3 8 9 2 0 2 7 5 30 3 0 2 4 1 2 7 0 2 4 0 2 3 17 18 2 5 31 3 0 2 4 1 2 7 1 2 7 0 2 4 5 30 3 12 16 2 12 16 2 6 2 7 1 2 3 17 9 2 1 2 11 0 2 4 12 16 2 0 41.1810715794563293
0 2 7 5 30 3 5 30 3 0 2 8 5 31 3 0 2 11 0 2 12 0 2 8 0 2 8 0 2 8 5 30 3 16 6 2 12 16 2 5 30 3 5 31 3 5 30 3 16 19 11 16 6 2 16 19 11 0 2 7 0 2 8 0 2 11 0 2 8 0 2 11 0 2 8 0 2 7 0 2 8 0 2 8 0 2 7 13 6 3 0 2 8 0 2 12 0 2 8 17 18 2 0 2 8 0 2 11 0 2 8 0 2 11 12 16 2 0 2 8 1.0583897946200438e-05 44.865675687789917
8 18 2 0 2 3 16 9 8 0 2 3 0 2 3 6 2 8 0 2 3 0 2 8 5 30 3 5 30 3 8 9 2 1 2 3 0 2 3 5 30 3 12 16 2 0 2 3 0 2 3 1 2 3 1 2 3 0 2 3 0 2 3 16 19 12 12 16 2 0 2 3 5 30 3 0 2 3 1 2 3 0 2 3 16 19 12 0 2 3 0 2 3 5 30 3 0 2 8 1 2 3 16 19 12 0 2 8 0 2 3 1 2 3 0 2 8 0 2 3 7.02249339797108966e-05 45.1575772762298584
0 2 7 1 2 7 0 2 3 1 2 3 5 30 3 17 18 2 12 16 2 12 16 2 0 2 7 0 2 3 0 2 3 1 2 7 0 2 3 0 2 3 0 2 7 8 9 2 17 1 2 0 2 7 1 2 3 1 2 7 1 2 7 5 30 3 0 2 3 0 2 7 0 2 7 0 2 7 17 18 2 0 2 7 0 2 7 16 6 2 8 18 2 1 2 7 1 2 7 0 2 3 1 2 7 5 30 3 1 2 7 1 2 7 0 2 7 0 2 7 0 41.4522997140884399
1 2 7 0 2 7 1 2 7 1 2 7 1 2 10 0 2 7 0 2 7 0 2 7 0 2 7 0 2 10 0 2 10 0 2 7 1 2 7 5 31 3 17 18 2 12 16 2 1 2 7 0 2 7 17 9 2 17 18 2 0 2 3 0 2 4 12 16 2 0 2 7 1 2 7 1 2 4 5 31 3 0 2 4 8 18 2 12 16 2 0 2 7 0 2 4 5 30 3 1 2 7 1 2 7 0 2 4 16 6 2 0 2 7 1 2 4 0 2 4 0 41.1116987466812134
0 2 3 0 2 3 0 2 7 0 2 8 0 2 7 0 2 7 17 18 2 5 30 3 5 31 3 5 31 3 12 16 2 13 6 3 5 31 3 5 31 3 12 16 2 0 2 7 1 2 7 0 2 7 5 30 3 0 2 7 0 2 7 0 2 7 0 2 7 0 2 7 16 6 2 6 2 7 16 6 2 1 2 7 0 2 12 0 2 7 6 2 7 0 2 8 16 6 2 6 2 7 17 18 2 0 2 11 0 2 13 1 2 7 0 2 7 1 2 7 0 41.7338959574699402
0 2 7 0 2 7 0 2 4 0 2 7 0 2 7 0 2 7 1 2 4 1 2 7 0 2 7 0 2 7 0 2 7 1 2 7 0 2 7 17 18 2 16 31 2 12 16 2 0 2 7 13 6 3 17 9 2 1 2 7 5 30 3 0 2 7 1 2 7 0 2 4 0 2 7 17 18 2 5 30 3 1 2 11 1 2 7 0 2 4 0 2 7 5 30 3 12 16 2 12 16 2 1 2 7 1 2 7 8 9 2 5 31 3 0 2 7 12 16 2 0 41.0912754535675049
16 6 2 5 30 3 1 2 3 0 2 7 1 2 11 0 2 7 5 30 3 0 2 7 0 2 7 5 31 3 0 2 3 1 2 4 12 16 2 1 2 3 0 2 7 0 2 11 1 2 7 0 2 7 0 2 7 0 2 7 1 2 11 1 2 7 1 2 3 0 2 3 12 16 2 0 2 4 8 9 2 0 2 7 1 2 7 0 2 7 0 2 7 0 2 7 17 9 2 16 6 2 17 18 2 0 2 3 1 2 7 0 2 7 1 2 7 8 18 2 0 41.4498836994171143
0 2 7 5 30 3 5 30 3 5 30 3 16 6 2 12 16 2 0 2 7 0 2 7 0 2 7 17 18 2 12 16 2 1 2 3 1 2 7 8 18 2 0 2 12 0 2 8 0 2 8 0 2 8 5 30 3 0 2 7 1 2 7 16 19 11 0 2 7 16 19 11 0 2 8 0 2 11 0 2 8 1 2 7 0 2 8 8 9 2 0 2 8 13 6 3 0 2 8 0 2 3 0 2 8 0 2 8 0 2 3 1 2 7 17 18 2 0 2 8 0.00241203769597599571 43.3767253160476685

Current Evaluation = 4050(4050)
Front Size = 10
0 2 7 5 31 3 5 31 3 13 6 3 1 2 7 5 31 3 0 2 7 1 2 7 0 2 7 1 2 7 1 2 7 0 2 7 0 2 7 1 2 7 1 2 7 17 9 2 0 2 7 0 2 7 17 18 2 0 2 7 0 2 7 0 2 7 1 2 7 17 9 2 0 2 7 0 2 7 1 2 7 1 2 7 17 9 2 16 6 2 0 2 7 0 2 4 0 2 7 1 2 7 0 2 7 1 2 7 0 2 7 1 2 11 1 2 7 0 2 7 0 40.0670827627182007
0 2 7 0 2 4 0 2 4 12 16 2 0 2 7 6 2 12 1 2 7 0 2 7 0 2 4 0 2 7 0 2 4 1 2 4 17 18 2 16 30 2 12 16 2 0 2 7 1 2 7 1 2 7 1 2 7 0 2 4 17 18 2 5 31 3 1 2 7 1 2 7 0 2 7 12 16 2 12 16 2 17 9 2 0 2 7 5 31 3 13 6 3 8 9 2 1 2 7 0 2 7 5 30 3 0 2 7 1 2 7 0 2 4 0 2 7 12 16 2 0 40.9075716733932495
5 30 3 0 2 7 12 16 2 12 16 2 6 2 7 6 2 7 17 18 2 0 2 7 0 2 4 0 2 7 1 2 7 0 2 7 1 2 11 1 2 4 0 2 7 0 2 7 1 2 7 0 2 7 0 2 7 5 31 3 0 2 7 0 2 3 16 19 11 5 31 3 5 30 3 0 2 7 0 2 7 0 2 7 16 19 11 0 2 7 0 2 7 5 30 3 6 2 7 0 2 7 17 18 2 0 2 7 1 2 7 8 9 2 0 2 7 1 2 7 0 41.9806784987449646
8 18 2 0 2 3 16 9 8 0 2 3 0 2 3 6 2 8 0 2 3 0 2 8 5 30 3 5 30 3 8 9 2 1 2 3 0 2 3 5 30 3 12 16 2 0 2 3 0 2 3 1 2 3 1 2 3 0 2 3 0 2 3 16 19 12 12 16 2 0 2 3 5 30 3 0 2 3 1 2 3 0 2 3 16 19 12 0 2 3 0 2 3 5 30 3 0 2 8 1 2 3 16 19 12 0 2 8 0 2 3 1 2 3 0 2 8 0 2 3 7.02249339797108966e-05 45.1575772762298584
5 30 3 5 30 3 0 2 11 0 2 8 0 2 8 0 2 7 1 2 3 5 30 3 12 16 2 5 30 3 5 30 3 12 16 2 1 2 8 0 2 3 16 19 11 1 2 11 0 2 8 16 19 11 0 2 8 0 2 3 0 2 8 8 9 2 0 2 7 0 2 3 0 2 8 0 2 8 16 9 8 6 2 7 0 2 7 0 2 11 0 2 8 0 2 3 0 2 8 0 2 8 17 18 2 1 2 8 0 2 8 8 18 2 0 2 8 5 30 3 0 45.2736652493476868
5 30 3 5 30 3 5 31 3 12 16 2 0 2 7 0 2 7 13 6 3 17 18 2 0 2 7 0 2 7 12 16 2 0 2 7 1 2 4 0 2 8 0 2 8 0 2 11 0 2 7 6 2 8 0 2 8 5 30 3 1 2 4 5 31 3 1 2 7 5 30 3 16 19 11 16 6 2 16 6 2 0 2 11 0 2 7 0 2 11 0 2 8 0 2 8 1 2 7 17 9 2 0 2 7 0 2 3 0 2 7 0 2 11 0 2 3 1 2 7 0.000531438303060734131 42.6667541265487671
5 30 3 0 2 7 12 16 2 12 16 2 1 2 7 1 2 3 16 6 2 0 2 3 1 2 7 0 2 3 1 2 7 0 2 7 0 2 3 1 2 3 0 2 7 0 2 7 0 2 7 0 2 7 0 2 7 5 31 3 0 2 7 0 2 3 16 19 11 0 2 7 5 30 3 0 2 7 0 2 4 0 2 7 16 18 11 1 2 7 0 2 3 5 30 3 1 2 3 0 2 3 17 18 2 0 2 7 1 2 7 8 9 2 0 2 3 1 2 7 0 42.2828536629676819
0 2 7 0 2 7 13 6 3 0 2 7 1 2 4 0 2 7 1 2 7 0 2 3 0 2 7 1 2 4 17 18 2 12 16 2 0 2 7 5 30 3 17 18 2 5 31 3 1 2 7 12 16 2 1 2 7 17 9 2 13 6 3 17 9 2 1 2 7 12 16 2 5 30 3 0 2 7 1 2 7 0 2 7 0 2 3 1 2 7 1 2 4 0 2 7 1 2 7 0 2 7 0 2 7 0 2 3 1 2 7 0 2 7 6 2 4 0 2 7 0 40.4413166642189026
0 2 11 5 30 3 5 30 3 0 2 8 5 31 3 0 2 8 0 2 11 0 2 8 6 2 8 0 2 8 5 30 3 16 6 2 12 16 2 5 31 3 5 30 3 5 30 3 16 19 11 16 6 2 16 6 2 0 2 11 0 2 8 0 2 11 0 2 8 0 2 8 0 2 7 0 2 7 0 2 11 0 2 8 0 2 8 13 6 3 0 2 11 0 2 11 0 2 11 17 18 2 0 2 8 0 2 8 0 2 7 0 2 7 12 16 2 0 2 7 9.35546588293969343e-06 44.1699666976928711
5 30 3 5 30 3 0 2 7 1 2 7 12 16 2 0 2 7 6 2 4 0 2 7 0 2 7 1 2 7 8 18 2 17 9 2 0 2 7 1 2 7 1 2 7 5 30 3 0 2 7 5 31 3 0 2 7 1 2 7 0 2 7 1 2 7 0 2 7 13 6 3 1 2 11 17 9 2 0 2 7 17 18 2 0 2 7 0 2 7 0 2 7 0 2 7 0 2 7 17 9 2 0 2 11 0 2 11 1 2 7 0 2 7 1 2 4 5 30 3 0 41.1223546862602234

Current Evaluation = 4500(4500)
Front Size = 10
0 2 7 5 31 3 5 31 3 13 6 3 1 2 7 5 31 3 0 2 7 1 2 7 0 2 7 1 2 7 1 2 7 0 2 7 0 2 7 1 2 7 1 2 7 17 9 2 0 2 7 0 2 7 17 18 2 0 2 7 0 2 7 0 2 7 1 2 7 17 9 2 0 2 7 0 2 7 1 2 7 1 2 7 17 9 2 16 6 2 0 2 7 0 2 4 0 2 7 1 2 7 0 2 7 1 2 7 0 2 7 1 2 11 1 2 7 0 2 7 0 40.0670827627182007
0 2 3 0 2 10 16 19 11 0 2 7 17 9 2 12 16 2 5 30 3 12 16 2 5 30 3 0 2 4 1 2 10 0 2 7 1 2 7 5 30 3 1 2 7 0 2 7 0 2 7 0 2 7 1 2 11 1 2 7 0 2 7 0 2 7 5 30 3 0 2 11 8 18 2 6 2 7 0 2 3 0 2 7 1 2 3 1 2 11 0 2 3 16 19 11 5 30 3 8 18 2 0 2 7 0 2 7 0 2 7 0 2 7 17 9 2 0 2 7 0 42.5785394310951233
5 30 3 5 30 3 0 2 11 0 2 8 0 2 8 0 2 7 1 2 3 5 30 3 12 16 2 5 30 3 5 30 3 12 16 2 1 2 8 0 2 3 16 19 11 1 2 11 0 2 8 16 19 11 0 2 8 0 2 3 0 2 8 8 9 2 0 2 7 0 2 3 0 2 8 0 2 8 16 9 8 6 2 7 0 2 7 0 2 11 0 2 8 0 2 3 0 2 8 0 2 8 17 18 2 1 2 8 0 2 8 8 18 2 0 2 8 5 30 3 0 45.2736652493476868
0 2 7 5 30 3 13 6 3 0 2 7 1 2 7 0 2 7 1 2 7 0 2 7 0 2 7 0 2 7 5 31 3 0 2 7 0 2 7 1 2 4 1 2 4 16 30 2 0 2 4 5 30 3 1 2 4 12 16 2 0 2 7 1 2 7 17 9 2 0 2 7 0 2 7 0 2 7 12 16 2 12 16 2 12 16 2 1 2 7 0 2 7 17 18 2 13 6 3 8 18 2 0 2 7 0 2 7 17 9 2 5 30 3 12 16 2 1 2 7 0 40.7475554943084717
8 18 2 0 2 3 16 9 8 0 2 3 0 2 3 6 2 8 0 2 3 0 2 8 5 30 3 5 30 3 8 9 2 1 2 3 0 2 3 5 30 3 12 16 2 0 2 3 0 2 3 1 2 3 1 2 3 0 2 3 0 2 3 16 19 12 12 16 2 0 2 3 5 30 3 0 2 3 1 2 3 0 2 3 16 19 12 0 2 3 0 2 3 5 30 3 0 2 8 1 2 3 16 19 12 0 2 8 0 2 3 1 2 3 0 2 8 0 2 3 7.02249339797108966e-05 45.1575772762298584
0 2 7 5 30 3 13 6 3 1 2 7 0 2 7 0 2 7 0 2 7 1 2 7 0 2 4 0 2 7 1 2 7 17 18 2 0 2 7 0 2 7 0 2 3 0 2 7 0 2 7 16 6 2 0 2 7 5 31 3 5 30 3 1 2 3 12 16 2 1 2 3 1 2 3 8 9 2 1 2 3 17 9 2 1 2 3 0 2 7 0 2 3 16 6 2 1 2 7 12 16 2 12 16 2 0 2 7 0 2 7 0 2 4 1 2 7 0 2 3 0 41.1539896726608276
0 2 4 5 30 3 13 6 3 1 2 7 1 2 7 1 2 7 0 2 7 1 2 4 0 2 7 0 2 7 0 2 3 17 18 2 0 2 7 0 2 7 0 2 4 1 2 4 16 31 2 0 2 4 5 30 3 5 30 3 12 16 2 17 9 2 1 2 7 1 2 7 12 16 2 0 2 11 0 2 11 0 2 7 0 2 4 1 2 4 0 2 7 0 2 3 0 2 7 0 2 7 8 9 2 1 2 7 12 16 2 12 16 2 17 9 2 1 2 7 0 40.9694017171859741
0 2 4 12 16 2 5 31 3 0 2 7 5 30 3 1 2 4 0 2 7 0 2 7 0 2 7 0 2 7 0 2 7 1 2 7 0 2 7 1 2 7 6 2 7 0 2 7 0 2 7 0 2 3 1 2 7 17 9 2 0 2 7 0 2 7 5 30 3 0 2 7 1 2 3 0 2 7 16 31 2 1 2 4 17 18 2 5 31 3 1 2 7 1 2 7 0 2 7 16 18 11 0 2 7 1 2 7 12 16 2 0 2 7 0 2 7 1 2 7 0 41.2279117107391357
12 16 2 0 2 7 1 2 7 1 2 7 0 2 7 12 16 2 1 2 7 0 2 7 5 30 3 0 2 7 0 2 3 17 9 2 0 2 7 0 2 3 0 2 3 17 9 2 0 2 7 1 2 3 0 2 3 0 2 7 0 2 7 12 16 2 8 18 2 5 30 3 0 2 3 1 2 3 1 2 3 5 30 3 16 9 11 12 16 2 0 2 7 1 2 7 13 6 3 12 16 2 13 6 3 1 2 7 16 6 2 0 2 7 0 2 7 1 2 7 0 41.3688845038414001
0 2 7 0 2 7 0 2 7 6 2 7 17 18 2 5 31 3 12 16 2 0 2 7 0 2 7 0 2 7 0 2 7 5 31 3 0 2 7 5 31 3 5 30 3 1 2 7 0 2 7 16 19 11 16 19 11 0 2 7 16 19 11 0 2 7 0 2 7 0 2 7 0 2 7 1 2 7 1 2 7 16 6 2 0 2 7 6 2 7 5 30 3 0 2 7 0 2 7 12 16 2 0 2 7 0 2 7 0 2 7 0 2 7 6 2 7 5 31 3 0 42.2263974547386169

Current Evaluation = 4950(4950)
Front Size = 10
0 2 7 5 31 3 5 31 3 13 6 3 1 2 7 5 31 3 0 2 7 1 2 7 0 2 7 1 2 7 1 2 7 0 2 7 0 2 7 1 2 7 1 2 7 17 9 2 0 2 7 0 2 7 17 18 2 0 2 7 0 2 7 0 2 7 1 2 7 17 9 2 0 2 7 0 2 7 1 2 7 1 2 7 17 9 2 16 6 2 0 2 7 0 2 4 0 2 7 1 2 7 0 2 7 1 2 7 0 2 7 1 2 11 1 2 7 0 2 7 0 40.0670827627182007
8 18 2 0 2 3 16 9 8 0 2 3 0 2 3 6 2 8 0 2 3 0 2 8 5 30 3 5 30 3 8 9 2 1 2 3 0 2 3 5 30 3 12 16 2 0 2 3 0 2 3 1 2 3 1 2 3 0 2 3 0 2 3 16 19 12 12 16 2 0 2 3 5 30 3 0 2 3 1 2 3 0 2 3 16 19 12 0 2 3 0 2 3 5 30 3 0 2 8 1 2 3 16 19 12 0 2 8 0 2 3 1 2 3 0 2 8 0 2 3 7.02249339797108966e-05 45.1575772762298584
0 2 3 0 2 10 16 19 11 0 2 7 17 9 2 12 16 2 5 30 3 12 16 2 5 30 3 0 2 4 1 2 10 0 2 7 1 2 7 5 30 3 1 2 7 0 2 7 0 2 7 0 2 7 1 2 11 1 2 7 0 2 7 0 2 7 5 30 3 0 2 11 8 18 2 6 2 7 0 2 3 0 2 7 1 2 3 1 2 11 0 2 3 16 19 11 5 30 3 8 18 2 0 2 7 0 2 7 0 2 7 0 2 7 17 9 2 0 2 7 0 42.5785394310951233
8 18 2 0 2 3 5 31 3 0 2 7 1 2 7 17 18 2 5 31 3 0 2 8 5 30 3 0 2 7 0 2 7 0 2 7 0 2 3 5 30 3 12 16 2 1 2 7 0 2 7 1 2 3 0 2 7 17 18 2 0 2 7 0 2 7 12 16 2 0 2 3 5 30 3 0 2 3 1 2 3 0 2 4 16 19 12 0 2 3 0 2 3 5 31 3 0 2 8 0 2 7 16 19 12 1 2 11 5 31 3 1 2 3 0 2 8 0 2 3 0.039923850723328505 44.2547000646591187
1 2 3 1 2 3 16 19 12 5 30 3 0 2 7 0 2 3 0 2 3 1 2 3 0 2 11 5 30 3 9 2 7 0 2 7 1 2 7 0 2 3 0 2 3 0 2 12 0 2 3 0 2 3 0 2 11 0 2 12 0 2 7 16 19 11 1 2 3 1 2 3 0 2 3 0 2 11 0 2 3 0 2 3 17 18 2 0 2 3 5 30 3 5 30 3 1 2 7 0 2 8 16 6 2 5 30 3 0 2 3 0 2 3 16 31 2 0 2 7 9.14395332213097915e-07 43.6057771444320679
0 2 7 5 31 3 1 2 11 0 2 7 0 2 7 0 2 7 1 2 11 8 9 2 0 2 7 0 2 7 0 2 7 0 2 7 0 2 7 0 2 7 0 2 7 16 6 2 0 2 7 0 2 7 0 2 7 0 2 7 1 2 7 5 31 3 5 30 3 5 30 3 0 2 7 0 2 7 1 2 8 0 2 7 5 30 3 17 18 2 1 2 7 0 2 7 1 2 11 5 30 3 17 9 2 0 2 7 6 2 7 16 19 11 0 2 7 16 19 11 0 42.0512992739677429
1 2 7 0 2 7 6 2 7 12 16 2 1 2 7 17 18 2 0 2 7 0 2 10 0 2 7 17 9 2 17 9 2 0 2 7 0 2 7 0 2 7 1 2 7 1 2 7 0 2 11 6 2 7 0 2 7 1 2 4 1 2 7 1 2 7 5 31 3 1 2 7 13 6 3 5 30 3 1 2 7 12 16 2 0 2 7 5 31 3 0 2 7 17 18 2 0 2 4 0 2 4 0 2 4 0 2 7 0 2 7 1 2 4 0 2 3 1 2 7 0 40.5953298807144165
5 31 3 0 2 7 1 2 7 12 16 2 12 16 2 0 2 7 0 2 7 1 2 7 0 2 7 17 18 2 5 30 3 0 2 4 1 2 10 1 2 7 5 31 3 0 2 7 5 30 3 0 2 7 16 18 11 0 2 7 12 16 2 1 2 7 6 2 7 17 18 2 0 2 7 0 2 7 5 31 3 1 2 7 16 9 11 0 2 7 0 2 11 0 2 7 1 2 7 6 2 7 0 2 7 0 2 7 0 2 7 0 2 7 0 2 7 0 2 7 0 41.9839437007904053
1 2 7 5 30 3 0 2 7 1 2 4 1 2 7 1 2 11 0 2 7 0 2 7 0 2 7 0 2 4 1 2 4 0 2 3 1 2 3 0 2 7 0 2 7 17 18 2 0 2 7 0 2 7 1 2 3 1 2 7 1 2 11 1 2 7 17 9 2 0 2 3 0 2 3 0 2 7 5 30 3 12 16 2 5 30 3 1 2 7 1 2 7 0 2 7 0 2 4 13 6 3 8 18 2 17 9 2 0 2 3 17 18 2 1 2 7 0 2 11 0 41.012840747833252
5 30 3 0 2 7 1 2 3 0 2 11 0 2 7 0 2 7 6 2 7 1 2 3 0 2 7 0 2 3 5 30 3 12 16 2 5 31 3 8 18 2 0 2 7 0 2 7 0 2 7 0 2 7 0 2 7 0 2 3 0 2 7 1 2 11 0 2 11 1 2 3 5 30 3 16 19 11 5 30 3 0 2 3 5 30 3 16 19 11 0 2 7 0 2 7 16 19 11 0 2 7 0 2 7 16 6 2 1 2 7 17 9 2 0 2 7 0 2 7 0 42.7772294878959656

Current Evaluation = 5400(5400)
Front Size = 10
0 2 7 5 31 3 5 31 3 13 6 3 1 2 7 5 31 3 0 2 7 1 2 7 0 2 7 1 2 7 1 2 7 0 2 7 0 2 7 1 2 7 1 2 7 17 9 2 0 2 7 0 2 7 17 18 2 0 2 7 0 2 7 0 2 7 1 2 7 17 9 2 0 2 7 0 2 7 1 2 7 1 2 7 17 9 2 16 6 2 0 2 7 0 2 4 0 2 7 1 2 7 0 2 7 1 2 7 0 2 7 1 2 11 1 2 7 0 2 7 0 40.0670827627182007
0 2 7 0 2 7 6 2 7 12 16 2 1 2 7 17 18 2 0 2 7 0 2 7 0 2 7 17 9 2 17 9 2 0 2 7 0 2 7 1 2 7 1 2 7 0 2 7 1 2 7 1 2 7 1 2 7 5 30 3 1 2 7 13 6 3 1 2 7 5 31 3 0 2 7 17 18 2 0 2 4 0 2 7 0 2 7 1 2 7 0 2 7 1 2 11 0 2 7 0 2 7 0 2 7 0 2 4 5 31 3 0 2 11 1 2 4 1 2 7 0 40.4568387866020203
1 2 7 0 2 3 0 2 7 12 16 2 0 2 7 0 2 11 0 2 7 1 2 3 17 9 2 17 9 2 6 2 7 1 2 7 0 2 11 0 2 7 0 2 7 0 2 7 5 30 3 12 16 2 5 30 3 0 2 4 5 30 3 1 2 10 0 2 7 1 2 1 5 30 3 0 2 7 8 18 2 0 2 7 5 30 3 1 2 10 8 18 2 0 2 7 0 2 7 1 2 7 0 2 10 17 18 2 0 2 7 0 2 7 16 19 11 0 2 10 0 42.4198806881904602
1 2 7 0 2 7 1 2 7 12 16 2 0 2 7 1 2 7 1 2 7 17 9 2 17 9 2 0 2 7 0 2 7 1 2 7 1 2 4 0 2 4 1 2 7 0 2 7 0 2 7 0 2 7 13 6 3 5 30 3 1 2 7 0 2 7 0 2 7 1 2 7 0 2 7 0 2 4 1 2 7 0 2 7 5 31 3 1 2 4 0 2 7 17 9 2 17 18 2 12 16 2 0 2 4 8 18 2 5 30 3 0 2 11 0 2 4 1 2 7 0 40.49226975440979
1 2 7 0 2 7 16 15 2 6 2 7 0 2 11 1 2 11 0 2 7 0 2 11 0 2 7 0 2 7 0 2 11 5 31 3 5 30 3 5 31 3 0 2 7 0 2 7 0 2 7 0 2 7 0 2 7 6 2 7 17 18 2 0 2 7 1 2 7 17 18 2 1 2 7 0 2 7 16 6 2 17 9 2 0 2 7 5 30 3 0 2 7 6 2 7 0 2 7 5 30 3 1 2 11 0 2 7 0 2 7 8 18 2 5 30 3 0 2 7 0 41.5931647419929504
0 2 7 1 2 7 1 2 7 0 2 7 1 2 4 0 2 7 0 2 7 1 2 7 0 2 4 5 30 3 0 2 7 0 2 7 0 2 7 1 2 7 1 2 4 0 2 7 0 2 7 1 2 4 1 2 7 5 30 3 1 2 4 0 2 7 0 2 7 0 2 7 17 9 2 0 2 7 5 31 3 12 16 2 17 9 2 1 2 7 1 2 7 13 6 3 0 2 7 17 9 2 0 2 7 0 2 7 15 2 11 5 30 3 0 2 7 17 9 2 0 40.5530586242675781
0 2 7 5 31 3 5 30 3 0 2 7 1 2 7 0 2 7 0 2 7 0 2 7 0 2 4 1 2 7 0 2 7 1 2 3 0 2 7 5 30 3 0 2 3 16 19 11 8 18 2 0 2 7 16 19 11 0 2 7 0 2 7 0 2 3 0 2 7 1 2 11 16 6 2 1 2 3 0 2 7 5 30 3 0 2 7 1 2 3 17 9 2 1 2 7 1 2 7 0 2 3 17 9 2 0 2 3 1 2 7 0 2 7 0 2 7 1 2 3 0 41.8083856105804443
0 2 7 0 2 7 0 2 7 0 2 7 0 2 7 0 2 7 0 2 7 5 31 3 5 30 3 5 31 3 1 2 7 1 2 7 0 2 7 5 30 3 1 2 7 0 2 7 17 18 2 0 2 7 1 2 7 17 18 2 1 2 7 1 2 7 17 1 2 16 6 2 6 2 3 0 2 7 0 2 7 1 2 7 0 2 7 5 31 3 0 2 7 0 2 7 0 2 7 0 2 7 0 2 7 12 16 2 0 2 7 16 19 12 0 2 7 6 2 7 0 41.2467146515846252
1 2 7 17 9 2 0 2 7 0 2 7 0 2 4 1 2 7 0 2 4 0 2 7 1 2 7 5 30 3 0 2 7 0 2 7 0 2 7 1 2 7 0 2 7 0 2 7 0 2 7 0 2 7 0 2 7 5 30 3 0 2 7 0 2 7 1 2 7 1 2 7 0 2 7 0 2 7 5 31 3 6 2 7 16 15 2 0 2 7 1 2 7 17 9 2 0 2 7 0 2 7 1 2 7 5 31 3 16 19 11 17 18 2 5 30 3 8 18 2 0 41.2072336077690125
1 2 7 5 31 3 0 2 7 0 2 7 0 2 4 0 2 7 5 30 3 0 2 7 0 2 7 0 2 7 0 2 7 0 2 7 1 2 7 17 18 2 0 2 7 0 2 7 1 2 7 0 2 7 8 9 2 1 2 7 5 30 3 8 9 2 17 18 2 0 2 4 6 2 7 1 2 7 12 16 2 17 9 2 0 2 3 0 2 7 16 15 2 0 2 7 0 2 3 1 2 7 1 2 7 1 2 7 0 2 7 1 2 4 5 30 3 1 2 7 0 41.0967527031898499

Current Evaluation = 5850(5850)
Front Size = 10
0 2 7 5 31 3 5 31 3 13 6 3 1 2 7 5 31 3 0 2 7 1 2 7 0 2 7 1 2 7 1 2 7 0 2 7 0 2 7 1 2 7 1 2 7 17 9 2 0 2 7 0 2 7 17 18 2 0 2 7 0 2 7 0 2 7 1 2 7 17 9 2 0 2 7 0 2 7 1 2 7 1 2 7 17 9 2 16 6 2 0 2 7 0 2 4 0 2 7 1 2 7 0 2 7 1 2 7 0 2 7 1 2 11 1 2 7 0 2 7 0 40.0670827627182007
1 2 4 5 31 3 1 2 7 0 2 7 1 2 7 0 2 7 5 30 3 0 2 7 0 2 7 0 2 7 0 2 7 0 2 7 0 2 7 17 18 2 0 2 7 0 2 3 1 2 3 0 2 7 8 9 2 1 2 7 0 2 7 8 9 2 17 18 2 0 2 7 6 2 3 0 2 7 12 16 2 17 9 2 0 2 3 1 2 7 16 15 2 0 2 7 0 2 7 1 2 4 1 2 7 1 2 7 0 2 7 1 2 7 5 30 3 1 2 7 0 41.0555577278137207
1 2 7 0 2 3 0 2 7 12 16 2 0 2 7 0 2 11 0 2 7 1 2 3 17 9 2 17 9 2 6 2 7 1 2 7 0 2 11 0 2 7 0 2 7 0 2 7 5 30 3 12 16 2 5 30 3 0 2 4 5 30 3 1 2 10 0 2 7 1 2 1 5 30 3 0 2 7 8 18 2 0 2 7 5 30 3 1 2 10 8 18 2 0 2 7 0 2 7 1 2 7 0 2 10 17 18 2 0 2 7 0 2 7 16 19 11 0 2 10 0 42.4198806881904602
0 2 7 0 2 7 0 2 7 0 2 4 0 2 7 0 2 7 1 2 4 12 16 2 5 30 3 1 2 4 1 2 4 5 31 3 0 2 7 0 2 7 0 2 4 1 2 7 1 2 11 17 9 2 0 2 7 0 2 7 1 2 7 1 2 4 0 2 7 0 2 7 0 2 7 0 2 7 1 2 7 12 16 2 0 2 7 1 2 7 0 2 7 1 2 7 5 30 3 8 9 2 17 9 2 1 2 7 17 9 2 17 9 2 1 2 7 13 6 3 0 40.4922696352005005
0 2 7 0 2 7 0 2 7 0 2 7 0 2 7 0 2 7 1 2 7 5 31 3 5 30 3 5 31 3 6 2 7 1 2 4 0 2 7 5 30 3 0 2 7 0 2 7 17 18 2 0 2 7 1 2 7 17 18 2 1 2 7 0 2 7 17 1 2 16 6 2 0 2 7 0 2 7 0 2 7 1 2 7 1 2 7 5 31 3 0 2 7 0 2 7 0 2 7 1 2 7 0 2 7 12 16 2 0 2 7 16 6 2 0 2 4 0 2 7 0 40.8217236399650574
0 2 7 1 2 7 1 2 7 0 2 4 1 2 7 0 2 3 0 2 7 1 2 7 0 2 7 5 30 3 0 2 7 0 2 7 0 2 7 1 2 7 0 2 4 8 9 2 0 2 7 5 30 3 0 2 7 0 2 7 0 2 7 17 9 2 0 2 7 5 31 3 12 16 2 17 9 2 1 2 7 1 2 7 13 6 3 0 2 7 17 9 2 0 2 7 17 9 2 1 2 3 1 2 7 1 2 7 0 2 7 1 2 4 1 2 7 1 2 7 0 40.4343197345733643
1 2 7 0 2 7 16 15 2 6 2 7 0 2 11 1 2 11 0 2 7 0 2 11 0 2 7 0 2 7 0 2 11 5 31 3 5 30 3 5 31 3 0 2 7 0 2 7 0 2 7 0 2 7 0 2 7 6 2 7 17 18 2 0 2 7 1 2 7 17 18 2 1 2 7 0 2 7 16 6 2 17 9 2 0 2 7 5 30 3 0 2 7 6 2 7 0 2 7 5 30 3 1 2 11 0 2 7 0 2 7 8 18 2 5 30 3 0 2 7 0 41.5931647419929504
1 2 7 1 2 7 1 2 7 12 16 2 12 16 2 17 18 2 0 2 7 0 2 4 0 2 4 17 9 2 0 2 4 0 2 7 1 2 4 1 2 4 0 2 7 1 2 7 1 2 7 1 2 11 5 30 3 1 2 7 1 2 7 5 31 3 0 2 7 17 18 2 0 2 4 0 2 7 0 2 7 1 2 7 0 2 7 0 2 7 0 2 7 0 2 7 1 2 7 5 30 3 13 6 3 0 2 7 0 2 7 17 9 2 8 9 2 0 2 7 0 40.4922696352005005
0 2 7 5 31 3 5 30 3 0 2 7 1 2 7 0 2 7 0 2 7 0 2 7 0 2 4 1 2 7 0 2 7 1 2 3 0 2 7 5 30 3 0 2 3 16 19 11 8 18 2 0 2 7 16 19 11 0 2 7 0 2 7 0 2 3 0 2 7 1 2 11 16 6 2 1 2 3 0 2 7 5 30 3 0 2 7 1 2 3 17 9 2 1 2 7 1 2 7 0 2 3 17 9 2 0 2 3 1 2 7 0 2 7 0 2 7 1 2 3 0 41.8083856105804443
0 2 7 0 2 7 0 2 7 0 2 7 0 2 4 1 2 7 1 2 7 5 31 3 1 2 7 0 2 7 0 2 7 5 31 3 0 2 7 0 2 7 0 2 7 1 2 7 1 2 7 0 2 7 0 2 7 1 2 7 0 2 7 16 6 2 1 2 7 0 2 7 0 2 7 0 2 7 1 2 7 12 16 2 1 2 7 5 31 3 17 9 2 8 18 2 17 18 2 0 2 7 16 6 2 5 31 3 1 2 7 0 2 7 16 6 2 0 2 7 0 40.625720739364624

Current Evaluation = 6300(6300)
Front Size = 10
0 2 7 5 31 3 5 31 3 13 6 3 1 2 7 5 31 3 0 2 7 1 2 7 0 2 7 1 2 7 1 2 7 0 2 7 0 2 7 1 2 7 1 2 7 17 9 2 0 2 7 0 2 7 17 18 2 0 2 7 0 2 7 0 2 7 1 2 7 17 9 2 0 2 7 0 2 7 1 2 7 1 2 7 17 9 2 16 6 2 0 2 7 0 2 4 0 2 7 1 2 7 0 2 7 1 2 7 0 2 7 1 2 11 1 2 7 0 2 7 0 40.0670827627182007
0 2 4 0 2 7 17 18 2 0 2 7 1 2 7 1 2 7 0 2 7 1 2 7 0 2 7 1 2 7 5 30 3 1 2 7 0 2 7 0 2 7 1 2 7 5 31 3 1 2 7 0 2 7 1 2 7 0 2 7 0 2 7 0 2 4 0 2 4 0 2 7 0 2 4 1 2 7 0 2 4 5 31 3 17 9 2 0 2 7 0 2 7 1 2 7 16 6 2 13 6 3 17 18 2 1 2 7 17 9 2 5 30 3 0 2 3 1 2 7 0 40.148398756980896
1 2 7 1 2 7 1 2 7 1 2 7 17 18 2 0 2 7 0 2 7 0 2 7 1 2 7 0 2 3 0 2 3 1 2 7 5 30 3 1 2 7 17 18 2 1 2 7 17 18 2 0 2 7 0 2 7 5 31 3 0 2 7 0 2 3 0 2 7 5 30 3 1 2 7 6 2 7 0 2 7 12 16 2 0 2 7 0 2 7 0 2 7 0 2 7 0 2 7 1 2 7 0 2 7 0 2 7 1 2 7 13 6 3 16 31 2 5 30 3 0 40.6396656632423401
0 2 7 1 2 7 1 2 3 0 2 7 1 2 7 0 2 7 1 2 7 0 2 7 5 30 3 0 2 7 0 2 7 0 2 7 1 2 7 0 2 7 8 9 2 0 2 7 5 30 3 0 2 7 0 2 7 0 2 7 17 9 2 0 2 7 5 31 3 12 16 2 17 9 2 1 2 7 1 2 7 13 6 3 0 2 7 0 2 7 1 2 7 1 2 7 1 2 4 1 2 4 17 9 2 17 9 2 1 2 3 0 2 7 0 2 4 1 2 7 0 40.4343197345733643
0 2 7 0 2 7 17 18 2 0 2 7 1 2 7 1 2 7 1 2 7 1 2 7 0 2 7 1 2 7 5 31 3 1 2 7 17 18 2 0 2 7 0 2 7 1 2 7 5 31 3 0 2 7 0 2 7 1 2 7 0 2 7 0 2 7 0 2 7 0 2 7 0 2 7 0 2 7 1 2 7 0 2 7 12 16 2 5 31 3 17 9 2 0 2 7 0 2 7 0 2 7 1 2 7 16 6 2 13 6 3 5 31 3 16 6 2 0 2 7 0 40.4340677261352539
0 2 4 0 2 7 17 9 2 17 18 2 0 2 7 1 2 7 1 2 7 1 2 7 0 2 7 0 2 7 1 2 7 5 30 3 1 2 7 17 18 2 0 2 7 0 2 7 1 2 7 5 31 3 0 2 7 0 2 7 1 2 7 5 30 3 0 2 7 6 2 7 0 2 7 0 2 4 0 2 7 0 2 7 0 2 4 0 2 7 1 2 7 1 2 7 1 2 4 13 6 3 0 2 4 17 18 2 0 2 7 1 2 7 12 16 2 5 31 3 0 40.4788337349891663
0 2 7 0 2 7 0 2 7 0 2 7 0 2 7 0 2 7 1 2 7 5 31 3 5 30 3 5 31 3 6 2 7 1 2 4 0 2 7 5 30 3 0 2 7 0 2 7 17 18 2 0 2 7 1 2 7 17 18 2 1 2 7 0 2 7 17 1 2 16 6 2 0 2 7 0 2 7 0 2 7 1 2 7 1 2 7 5 31 3 0 2 7 0 2 7 0 2 7 1 2 7 0 2 7 12 16 2 0 2 7 16 6 2 0 2 4 0 2 7 0 40.8217236399650574
0 2 7 5 31 3 1 2 3 0 2 7 0 2 7 0 2 7 1 2 7 0 2 3 0 2 7 1 2 7 1 2 7 0 2 7 17 9 2 0 2 7 0 2 4 1 2 3 0 2 7 1 2 7 1 2 7 0 2 4 1 2 7 1 2 3 0 2 7 0 2 4 6 2 7 0 2 7 0 2 7 5 31 3 0 2 4 5 30 3 17 9 2 1 2 7 8 9 2 16 6 2 0 2 7 12 16 2 0 2 7 17 18 2 1 2 4 1 2 7 0 40.8292918801307678
1 2 4 5 31 3 1 2 7 0 2 7 1 2 7 0 2 7 5 30 3 0 2 7 0 2 7 0 2 7 0 2 7 0 2 7 0 2 7 17 18 2 0 2 7 0 2 3 1 2 3 0 2 7 8 9 2 1 2 7 0 2 7 8 9 2 17 18 2 0 2 7 6 2 3 0 2 7 12 16 2 17 9 2 0 2 3 1 2 7 16 15 2 0 2 7 0 2 7 1 2 4 1 2 7 1 2 7 0 2 7 1 2 7 5 30 3 1 2 7 0 41.0555577278137207
0 2 7 5 30 3 0 2 7 1 2 7 17 9 2 1 2 7 0 2 11 0 2 3 1 2 7 1 2 7 5 30 3 0 2 4 0 2 10 0 2 3 0 2 3 6 2 3 0 2 7 1 2 7 5 31 3 1 2 7 17 18 2 0 2 7 1 2 3 0 2 4 0 2 7 5 30 3 0 2 10 0 2 11 1 2 4 1 2 7 17 9 2 1 2 7 8 18 2 0 2 7 0 2 4 16 6 2 12 16 2 0 2 7 0 2 4 0 2 3 0 41.5679599046707153

Current Evaluation = 6750(6750)
Front Size = 10
1 2 7 5 31 3 5 31 3 13 6 3 1 2 7 0 2 7 1 2 7 0 2 7 1 2 7 1 2 7 0 2 4 0 2 7 1 2 7 1 2 7 17 9 2 0 2 7 0 2 7 0 2 7 0 2 7 0 2 7 1 2 7 17 9 2 0 2 7 0 2 7 0 2 7 1 2 7 17 18 2 16 6 2 0 2 7 0 2 7 0 2 7 1 2 11 17 18 2 5 31 3 1 2 7 1 2 7 0 2 7 0 2 7 0 2 7 1 2 7 0 40.0670827627182007
0 2 4 0 2 7 17 9 2 17 18 2 0 2 7 1 2 7 1 2 7 1 2 7 0 2 7 1 2 7 0 2 4 5 30 3 1 2 7 17 18 2 0 2 7 5 30 3 0 2 3 0 2 7 0 2 7 1 2 4 0 2 7 0 2 7 0 2 7 0 2 7 0 2 7 1 2 7 5 31 3 0 2 7 1 2 7 17 9 2 1 2 7 1 2 7 13 6 3 16 6 2 1 2 7 0 2 4 5 31 3 1 2 4 0 2 7 0 2 7 0 40.148398756980896
0 2 7 0 2 7 1 2 7 0 2 7 16 6 2 0 2 7 1 2 7 5 31 3 0 2 4 0 2 7 12 16 2 0 2 7 0 2 7 17 18 2 0 2 7 1 2 7 0 2 7 1 2 7 0 2 4 1 2 7 0 2 4 0 2 7 0 2 7 0 2 7 1 2 7 1 2 7 0 2 7 5 31 3 0 2 7 0 2 7 1 2 7 1 2 7 0 2 7 1 2 7 5 30 3 1 2 7 17 18 2 5 31 3 16 6 2 16 31 2 0 40.4265387058258057
0 2 7 5 31 3 13 6 3 1 2 7 1 2 7 0 2 7 0 2 3 1 2 7 1 2 7 0 2 7 0 2 7 1 2 7 1 2 7 17 9 2 0 2 4 1 2 7 0 2 4 0 2 7 0 2 7 1 2 7 17 9 2 0 2 7 0 2 7 0 2 7 1 2 7 0 2 7 0 2 7 0 2 7 0 2 3 1 2 7 1 2 7 17 9 2 0 2 7 17 9 2 8 18 2 1 2 7 1 2 4 12 16 2 5 30 3 5 30 3 0 40.4343197345733643
0 2 7 0 2 7 0 2 7 0 2 7 16 6 2 0 2 7 5 31 3 0 2 7 0 2 7 1 2 7 0 2 7 1 2 7 0 2 7 1 2 7 1 2 7 16 6 2 0 2 7 0 2 4 0 2 7 0 2 7 6 2 4 0 2 7 17 9 2 0 2 7 17 9 2 16 6 2 5 31 3 0 2 7 1 2 4 1 2 7 1 2 7 5 31 3 5 31 3 0 2 7 0 2 7 0 2 7 1 2 7 12 16 2 1 2 4 0 2 3 0 40.5887607932090759
1 2 7 1 2 7 1 2 7 1 2 7 17 18 2 0 2 7 0 2 7 0 2 7 1 2 7 0 2 3 0 2 3 1 2 7 5 30 3 1 2 7 17 18 2 1 2 7 17 18 2 0 2 7 0 2 7 5 31 3 0 2 7 0 2 3 0 2 7 5 30 3 1 2 7 6 2 7 0 2 7 12 16 2 0 2 7 0 2 7 0 2 7 0 2 7 0 2 7 1 2 7 0 2 7 0 2 7 1 2 7 13 6 3 16 31 2 5 30 3 0 40.6396656632423401
0 2 7 1 2 7 0 2 7 0 2 7 0 2 7 0 2 3 1 2 7 5 31 3 5 30 3 0 2 7 0 2 7 6 2 7 1 2 3 13 6 3 0 2 7 0 2 3 1 2 7 1 2 7 0 2 7 1 2 3 0 2 7 1 2 7 0 2 7 0 2 7 1 2 7 0 2 7 12 16 2 0 2 3 1 2 7 1 2 7 17 9 2 1 2 7 17 9 2 16 6 2 5 31 3 1 2 3 0 2 7 0 2 7 17 9 2 0 2 7 0 40.713847815990448
0 2 7 1 2 7 0 2 4 0 2 7 0 2 7 1 2 7 5 31 3 5 30 3 6 2 4 0 2 7 1 2 7 0 2 4 12 16 2 1 2 7 0 2 7 0 2 7 1 2 4 0 2 4 0 2 7 1 2 7 0 2 7 12 16 2 17 18 2 5 31 3 0 2 4 1 2 4 0 2 7 0 2 7 17 18 2 13 6 3 0 2 7 1 2 7 0 2 7 1 2 7 1 2 7 0 2 7 1 2 3 17 9 2 1 2 7 17 9 2 0 40.425436794757843
1 2 4 5 31 3 1 2 7 0 2 7 1 2 7 0 2 7 5 30 3 0 2 7 0 2 7 0 2 7 0 2 7 0 2 7 0 2 7 17 18 2 0 2 7 0 2 3 1 2 3 0 2 7 8 9 2 1 2 7 0 2 7 8 9 2 17 18 2 0 2 7 6 2 3 0 2 7 12 16 2 17 9 2 0 2 3 1 2 7 16 15 2 0 2 7 0 2 7 1 2 4 1 2 7 1 2 7 0 2 7 1 2 7 5 30 3 1 2 7 0 41.0555577278137207
0 2 7 0 2 7 0 2 7 13 6 3 1 2 7 0 2 7 1 2 7 5 30 3 5 31 3 1 2 11 0 2 11 5 30 3 0 2 11 0 2 7 17 18 2 1 2 7 0 2 7 17 18 2 0 2 7 0 2 7 1 2 7 0 2 7 0 2 7 1 2 7 1 2 4 1 2 4 0 2 7 1 2 7 5 31 3 5 30 3 17 18 2 17 9 2 16 6 2 0 2 7 1 2 7 8 9 2 0 2 7 0 2 7 0 2 7 0 2 7 0 40.7921987771987915

Current Evaluation = 7200(7200)
Front Size = 10
0 2 7 1 2 7 0 2 7 0 2 7 0 2 7 1 2 7 5 31 3 1 2 7 0 2 7 1 2 7 0 2 7 0 2 7 1 2 7 1 2 4 0 2 7 17 18 2 5 31 3 0 2 7 0 2 7 0 2 7 17 18 2 13 6 3 1 2 11 0 2 7 1 2 7 1 2 7 0 2 7 1 2 7 17 9 2 17 9 2 1 2 7 16 6 2 0 2 7 5 31 3 0 2 7 0 2 7 1 2 7 0 2 7 1 2 7 0 2 7 0 40.0670827627182007
0 2 7 5 31 3 13 6 3 1 2 7 1 2 7 0 2 7 0 2 3 1 2 7 1 2 7 0 2 7 0 2 7 1 2 7 1 2 7 17 9 2 0 2 4 1 2 7 0 2 4 0 2 7 0 2 7 1 2 7 17 9 2 0 2 7 0 2 7 0 2 7 1 2 7 0 2 7 0 2 7 0 2 7 0 2 3 1 2 7 1 2 7 17 9 2 0 2 7 17 9 2 8 18 2 1 2 7 1 2 4 12 16 2 5 30 3 5 30 3 0 40.4343197345733643
0 2 7 1 2 7 0 2 7 0 2 4 0 2 7 1 2 7 5 31 3 5 30 3 6 2 3 0 2 7 1 2 4 0 2 7 12 16 2 1 2 7 0 2 7 0 2 7 1 2 7 0 2 7 0 2 4 0 2 7 0 2 4 12 16 2 17 18 2 5 31 3 0 2 4 1 2 7 0 2 7 0 2 7 17 18 2 13 6 3 0 2 4 1 2 7 1 2 7 1 2 7 1 2 7 0 2 7 1 2 7 17 9 2 1 2 4 17 9 2 0 40.4254367351531982
0 2 7 0 2 7 0 2 7 0 2 7 16 6 2 0 2 7 5 31 3 0 2 7 0 2 7 1 2 7 0 2 7 1 2 7 0 2 7 1 2 7 1 2 7 16 6 2 0 2 7 0 2 4 0 2 7 0 2 7 6 2 4 0 2 7 17 9 2 0 2 7 17 9 2 16 6 2 5 31 3 0 2 7 1 2 4 1 2 7 1 2 7 5 31 3 5 31 3 0 2 7 0 2 7 0 2 7 1 2 7 12 16 2 1 2 4 0 2 3 0 40.5887607932090759
1 2 4 5 31 3 1 2 7 0 2 7 1 2 7 0 2 7 5 30 3 0 2 7 0 2 7 0 2 7 0 2 7 0 2 7 0 2 7 17 18 2 0 2 7 0 2 3 1 2 3 0 2 7 8 9 2 1 2 7 0 2 7 8 9 2 17 18 2 0 2 7 6 2 3 0 2 7 12 16 2 17 9 2 0 2 3 1 2 7 16 15 2 0 2 7 0 2 7 1 2 4 1 2 7 1 2 7 0 2 7 1 2 7 5 30 3 1 2 7 0 41.0555577278137207
0 2 7 1 2 7 0 2 7 0 2 4 0 2 7 1 2 7 5 31 3 5 30 3 0 2 7 1 2 4 0 2 7 1 2 7 0 2 7 0 2 7 1 2 7 0 2 7 0 2 4 0 2 7 0 2 4 17 18 2 5 31 3 1 2 7 0 2 7 0 2 7 17 18 2 13 6 3 1 2 7 1 2 7 1 2 7 1 2 7 0 2 7 1 2 7 17 9 2 1 2 4 17 9 2 0 2 7 5 30 3 16 6 2 0 2 3 0 2 7 0 40.148398756980896
0 2 7 1 2 7 0 2 7 0 2 7 1 2 7 1 2 7 1 2 4 5 31 3 5 30 3 0 2 7 0 2 7 0 2 3 1 2 7 0 2 7 0 2 7 0 2 7 1 2 4 1 2 7 0 2 7 0 2 7 0 2 7 1 2 7 1 2 7 0 2 7 1 2 7 0 2 7 12 16 2 0 2 4 0 2 3 1 2 7 17 9 2 1 2 4 17 9 2 16 31 2 5 31 3 1 2 7 0 2 7 0 2 4 17 9 2 1 2 7 0 40.5940958261489868
1 2 7 1 2 7 1 2 7 1 2 7 17 18 2 0 2 7 0 2 7 0 2 7 1 2 7 0 2 3 0 2 3 1 2 7 5 30 3 1 2 7 17 18 2 1 2 7 17 18 2 0 2 7 0 2 7 5 31 3 0 2 7 0 2 3 0 2 7 5 30 3 1 2 7 6 2 7 0 2 7 12 16 2 0 2 7 0 2 7 0 2 7 0 2 7 0 2 7 1 2 7 0 2 7 0 2 7 1 2 7 13 6 3 16 31 2 5 30 3 0 40.6396656632423401
0 2 7 1 2 7 0 2 7 0 2 7 0 2 7 0 2 7 1 2 7 5 31 3 5 30 3 0 2 7 6 2 3 0 2 7 0 2 7 13 6 3 0 2 3 0 2 7 0 2 7 1 2 7 0 2 3 1 2 7 0 2 7 1 2 7 0 2 7 0 2 7 1 2 7 0 2 7 12 16 2 0 2 3 1 2 7 1 2 3 17 9 2 1 2 7 17 9 2 16 6 2 5 31 3 1 2 7 1 2 3 0 2 7 17 9 2 1 2 7 0 40.7138477563858032
0 2 7 0 2 7 0 2 7 0 2 7 16 6 2 0 2 7 5 31 3 0 2 7 0 2 7 1 2 7 0 2 7 1 2 7 0 2 7 1 2 7 1 2 7 16 6 2 0 2 7 0 2 4 0 2 7 0 2 7 0 2 7 0 2 7 5 31 3 0 2 7 1 2 7 1 2 7 5 31 3 0 2 7 1 2 7 12 16 2 6 2 4 17 9 2 16 31 2 16 6 2 1 2 7 17 18 2 0 2 4 0 2 4 5 30 3 1 2 7 0.0312953577816150116 40.1470397114753723

Current Evaluation = 7650(7650)
Front Size = 10
0 2 7 13 6 3 1 2 7 1 2 7 1 2 7 0 2 7 1 2 7 0 2 7 1 2 7 17 9 2 5 31 3 0 2 7 0 2 7 0 2 7 17 9 2 0 2 7 0 2 7 0 2 7 1 2 11 0 2 7 0 2 7 0 2 7 1 2 7 1 2 7 0 2 7 5 31 3 0 2 7 0 2 7 1 2 7 0 2 7 1 2 7 0 2 7 1 2 7 17 9 2 5 31 3 1 2 7 1 2 7 17 18 2 16 6 2 0 2 4 0 40.0670827627182007
0 2 7 5 31 3 13 6 3 1 2 7 1 2 7 0 2 7 1 2 7 1 2 7 1 2 4 1 2 7 0 2 7 1 2 7 0 2 7 0 2 7 0 2 7 1 2 7 17 9 2 1 2 11 0 2 7 0 2 7 17 18 2 0 2 7 1 2 7 0 2 7 0 2 7 0 2 7 0 2 7 17 18 2 0 2 7 17 9 2 1 2 7 1 2 7 1 2 7 0 2 7 0 2 7 16 6 2 5 31 3 0 2 7 0 2 7 5 31 3 0 40.0670827627182007
0 2 7 1 2 7 0 2 7 0 2 4 0 2 7 1 2 7 5 31 3 5 30 3 0 2 7 1 2 4 0 2 7 1 2 7 0 2 7 0 2 7 1 2 7 0 2 7 0 2 4 0 2 7 0 2 4 17 18 2 5 31 3 1 2 7 0 2 7 0 2 7 17 18 2 13 6 3 1 2 7 1 2 7 1 2 7 1 2 7 0 2 7 1 2 7 17 9 2 1 2 4 17 9 2 0 2 7 5 30 3 16 6 2 0 2 3 0 2 7 0 40.148398756980896
0 2 7 5 31 3 13 6 3 1 2 7 1 2 7 0 2 7 1 2 7 0 2 7 1 2 7 1 2 7 0 2 7 1 2 7 0 2 7 0 2 7 0 2 7 1 2 7 17 9 2 1 2 7 0 2 4 0 2 7 0 2 11 17 18 2 0 2 7 1 2 7 0 2 7 0 2 7 16 6 2 0 2 7 5 31 3 17 18 2 0 2 7 17 9 2 1 2 7 1 2 7 1 2 7 1 2 7 0 2 7 0 2 7 0 2 7 5 31 3 0 40.0670828819274902
1 2 7 1 2 7 0 2 7 0 2 7 0 2 7 1 2 7 5 30 3 0 2 7 6 2 7 0 2 7 1 2 7 0 2 7 0 2 7 1 2 7 0 2 7 0 2 7 0 2 7 17 18 2 5 31 3 1 2 7 0 2 7 0 2 4 17 18 2 13 6 3 1 2 7 1 2 7 1 2 7 1 2 7 0 2 7 1 2 7 17 9 2 17 9 2 0 2 7 0 2 7 5 30 3 0 2 4 1 2 7 0 2 7 0 2 7 5 31 3 0 40.3204837441444397
0 2 7 5 31 3 13 6 3 1 2 7 0 2 7 0 2 7 1 2 4 0 2 7 0 2 7 1 2 7 0 2 7 1 2 7 0 2 7 0 2 7 0 2 7 1 2 7 17 9 2 1 2 7 0 2 7 0 2 7 0 2 7 17 18 2 1 2 4 0 2 4 0 2 7 0 2 7 0 2 7 17 9 2 0 2 7 0 2 7 1 2 7 0 2 7 16 6 2 1 2 7 1 2 7 5 30 3 5 30 3 17 18 2 5 31 3 5 30 3 0 40.4201456308364868
1 2 7 1 2 7 0 2 7 0 2 7 0 2 7 1 2 7 5 31 3 5 30 3 0 2 4 1 2 7 0 2 7 1 2 7 0 2 7 0 2 7 1 2 7 0 2 7 0 2 4 0 2 7 0 2 7 17 18 2 5 31 3 1 2 7 0 2 7 0 2 7 17 18 2 13 6 3 1 2 7 1 2 7 1 2 7 1 2 7 0 2 7 1 2 7 17 9 2 1 2 3 17 9 2 0 2 7 0 2 4 0 2 4 0 2 7 12 16 2 0 40.3613457679748535
0 2 7 5 31 3 13 6 3 1 2 7 1 2 7 0 2 7 0 2 3 1 2 7 1 2 7 0 2 7 0 2 7 1 2 7 1 2 7 17 9 2 0 2 4 1 2 7 0 2 4 0 2 7 0 2 7 1 2 7 17 9 2 0 2 7 0 2 7 0 2 7 1 2 7 0 2 7 0 2 7 0 2 7 0 2 3 1 2 7 1 2 7 17 9 2 0 2 7 17 9 2 8 18 2 1 2 7 1 2 4 12 16 2 5 30 3 5 30 3 0 40.4343197345733643
0 2 7 0 2 7 0 2 7 0 2 7 16 6 2 0 2 7 5 31 3 0 2 7 0 2 7 1 2 7 0 2 7 1 2 7 0 2 7 1 2 7 1 2 7 16 6 2 0 2 7 0 2 4 0 2 7 0 2 7 6 2 4 0 2 7 17 9 2 0 2 7 17 9 2 16 6 2 5 31 3 0 2 7 1 2 4 1 2 7 1 2 7 5 31 3 5 31 3 0 2 7 0 2 7 0 2 7 1 2 7 12 16 2 1 2 4 0 2 3 0 40.5887607932090759
0 2 7 5 31 3 13 6 3 1 2 7 1 2 7 0 2 4 1 2 7 0 2 7 1 2 7 1 2 7 0 2 7 1 2 7 0 2 7 0 2 7 0 2 7 1 2 7 17 9 2 1 2 7 0 2 7 0 2 7 0 2 7 17 18 2 0 2 7 0 2 7 0 2 7 0 2 7 0 2 7 17 9 2 0 2 7 1 2 7 1 2 7 1 2 4 8 9 2 1 2 3 1 2 4 12 16 2 17 9 2 0 2 7 0 2 3 5 31 3 0.00194985047720739354 40.3439558744430542

Current Evaluation = 8100(8100)
Front Size = 10
0 2 7 1 2 7 1 2 7 0 2 7 0 2 7 16 6 2 5 31 3 0 2 7 1 2 7 1 2 7 0 2 7 1 2 7 0 2 7 0 2 7 17 18 2 5 31 3 1 2 4 0 2 7 0 2 7 13 6 3 1 2 7 1 2 7 1 2 7 0 2 7 0 2 7 1 2 11 17 9 2 17 9 2 1 2 7 1 2 7 0 2 7 1 2 7 0 2 7 0 2 7 5 31 3 0 2 7 0 2 7 0 2 7 0 2 7 17 9 2 0 40.0670827627182007
1 2 7 16 6 2 0 2 7 0 2 7 0 2 7 0 2 7 5 31 3 5 31 3 0 2 7 0 2 7 0 2 7 1 2 7 0 2 7 0 2 7 1 2 7 0 2 7 0 2 7 0 2 7 17 18 2 5 31 3 1 2 7 0 2 7 1 2 7 17 18 2 13 6 3 1 2 7 1 2 7 17 9 2 17 9 2 1 2 11 0 2 7 0 2 7 1 2 7 1 2 7 0 2 7 1 2 7 1 2 7 0 2 4 1 2 7 0 2 7 0 40.0670827627182007
0 2 7 1 2 7 1 2 7 0 2 7 1 2 7 16 6 2 5 31 3 0 2 7 0 2 7 0 2 7 1 2 7 1 2 4 0 2 7 0 2 7 5 31 3 1 2 7 0 2 7 0 2 7 0 2 7 1 2 4 1 2 4 0 2 7 17 9 2 17 9 2 6 2 7 0 2 7 0 2 7 5 31 3 0 2 7 0 2 7 0 2 7 0 2 7 16 30 2 5 31 3 0 2 7 1 2 7 12 16 2 1 2 3 16 6 2 0 2 7 0 40.5028318762779236
0 2 7 5 31 3 13 6 3 1 2 7 1 2 7 0 2 7 0 2 3 1 2 7 1 2 7 0 2 7 0 2 7 1 2 7 1 2 7 17 9 2 0 2 4 1 2 7 0 2 4 0 2 7 0 2 7 1 2 7 17 9 2 0 2 7 0 2 7 0 2 7 1 2 7 0 2 7 0 2 7 0 2 7 0 2 3 1 2 7 1 2 7 17 9 2 0 2 7 17 9 2 8 18 2 1 2 7 1 2 4 12 16 2 5 30 3 5 30 3 0 40.4343197345733643
0 2 7 1 2 7 0 2 7 0 2 4 0 2 7 1 2 7 5 31 3 5 30 3 0 2 7 1 2 4 0 2 7 1 2 7 0 2 7 0 2 7 1 2 7 0 2 7 0 2 4 0 2 7 0 2 4 17 18 2 5 31 3 1 2 7 0 2 7 0 2 7 17 18 2 13 6 3 1 2 7 1 2 7 1 2 7 1 2 7 0 2 7 1 2 7 17 9 2 1 2 4 17 9 2 0 2 7 5 30 3 16 6 2 0 2 3 0 2 7 0 40.148398756980896
1 2 7 16 6 2 0 2 7 0 2 11 0 2 7 1 2 7 5 31 3 5 31 3 0 2 7 1 2 7 0 2 7 1 2 7 0 2 7 0 2 7 1 2 7 0 2 7 0 2 7 0 2 7 17 18 2 5 31 3 1 2 7 0 2 7 0 2 7 17 18 2 13 6 3 1 2 7 0 2 7 17 9 2 17 9 2 0 2 7 0 2 7 0 2 7 1 2 7 1 2 7 1 2 7 1 2 7 1 2 7 1 2 4 0 2 7 0 2 7 0 40.0670828819274902
1 2 7 1 2 7 0 2 7 0 2 7 0 2 7 0 2 7 5 30 3 0 2 7 0 2 4 1 2 7 0 2 7 0 2 4 1 2 7 0 2 7 0 2 7 0 2 7 17 18 2 5 30 3 1 2 7 0 2 7 0 2 7 17 18 2 13 6 3 1 2 7 1 2 7 1 2 7 1 2 7 0 2 7 1 2 7 17 9 2 17 9 2 0 2 7 0 2 7 1 2 7 0 2 7 1 2 7 5 31 3 16 24 2 5 31 3 0 2 4 0 40.1302337646484375
0 2 7 1 2 7 1 2 4 0 2 7 0 2 7 16 6 2 5 31 3 0 2 7 0 2 7 0 2 7 0 2 4 1 2 7 0 2 7 0 2 7 17 18 2 5 31 3 1 2 7 0 2 7 0 2 7 13 6 3 1 2 7 1 2 7 1 2 7 0 2 7 0 2 7 1 2 7 17 9 2 17 9 2 0 2 7 0 2 7 0 2 7 0 2 7 0 2 7 17 18 2 0 2 7 5 30 3 1 2 4 5 30 3 1 2 7 5 30 3 0 40.4201456308364868
0 2 7 1 2 7 0 2 7 0 2 7 0 2 7 1 2 7 5 31 3 0 2 7 1 2 7 0 2 4 0 2 7 1 2 7 0 2 7 0 2 7 1 2 7 1 2 7 0 2 7 17 18 2 5 31 3 1 2 7 0 2 7 0 2 7 17 18 2 13 6 3 1 2 7 1 2 7 1 2 7 1 2 7 0 2 7 1 2 7 17 9 2 1 2 7 17 9 2 0 2 7 5 31 3 0 2 7 0 2 11 0 2 7 16 6 2 0 2 7 0 40.0670828819274902
1 2 7 1 2 7 0 2 7 0 2 4 16 6 2 5 30 3 0 2 7 0 2 7 0 2 7 0 2 4 0 2 7 0 2 7 1 2 7 17 18 2 5 31 3 0 2 7 0 2 7 0 2 7 13 6 3 0 2 7 1 2 7 1 2 7 0 2 7 0 2 7 1 2 3 17 9 2 17 9 2 0 2 7 0 2 4 0 2 4 0 2 7 1 2 4 17 18 2 1 2 7 1 2 7 5 31 3 1 2 7 1 2 7 5 30 3 1 2 7 0 40.148398756980896

Current Evaluation = 8550(8550)
Front Size = 10
1 2 7 1 2 7 0 2 7 16 6 2 1 2 7 0 2 7 1 2 11 0 2 7 0 2 7 17 18 2 1 2 7 0 2 7 0 2 7 0 2 7 13 6 3 0 2 7 1 2 7 0 2 7 0 2 7 17 9 2 0 2 7 0 2 7 1 2 7 17 18 2 0 2 7 1 2 7 5 31 3 0 2 7 5 31 3 0 2 7 5 31 3 0 2 7 1 2 7 1 2 7 0 2 7 1 2 7 1 2 7 1 2 7 17 18 2 0 2 4 0 40.0670827627182007
1 2 7 1 2 7 0 2 7 16 6 2 1 2 7 0 2 7 1 2 11 0 2 7 0 2 7 17 18 2 1 2 7 0 2 7 0 2 7 0 2 7 13 6 3 0 2 7 1 2 7 0 2 7 0 2 7 17 9 2 0 2 7 0 2 7 1 2 7 17 18 2 0 2 7 1 2 7 5 31 3 0 2 4 5 31 3 0 2 7 5 31 3 0 2 7 1 2 7 1 2 7 0 2 7 1 2 7 17 9 2 1 2 7 1 2 7 0 2 7 0 40.0670827627182007
1 2 7 1 2 4 0 2 7 16 6 2 1 2 7 0 2 7 0 2 7 0 2 7 17 18 2 1 2 7 0 2 7 0 2 7 0 2 7 13 6 3 0 2 7 1 2 7 0 2 7 0 2 7 17 9 2 0 2 7 0 2 7 1 2 7 17 18 2 0 2 7 1 2 7 5 31 3 0 2 7 5 31 3 0 2 7 5 31 3 0 2 7 1 2 7 1 2 7 1 2 7 1 2 7 1 2 11 1 2 7 17 18 2 0 2 7 0 2 7 0 40.0670827627182007
1 2 7 1 2 7 0 2 7 0 2 7 0 2 7 0 2 3 5 30 3 0 2 7 0 2 7 1 2 7 0 2 7 0 2 7 1 2 7 0 2 7 0 2 7 0 2 7 17 18 2 5 30 3 1 2 7 0 2 7 0 2 7 17 18 2 13 6 3 16 6 2 1 2 7 1 2 4 0 2 7 17 9 2 0 2 7 0 2 4 0 2 4 5 31 3 5 31 3 1 2 7 1 2 7 1 2 4 1 2 7 17 18 2 1 2 4 0 2 7 0 40.148398756980896
0 2 7 5 31 3 13 6 3 1 2 7 1 2 7 0 2 7 0 2 3 1 2 7 1 2 7 0 2 7 0 2 7 1 2 7 1 2 7 17 9 2 0 2 4 1 2 7 0 2 4 0 2 7 0 2 7 1 2 7 17 9 2 0 2 7 0 2 7 0 2 7 1 2 7 0 2 7 0 2 7 0 2 7 0 2 3 1 2 7 1 2 7 17 9 2 0 2 7 17 9 2 8 18 2 1 2 7 1 2 4 12 16 2 5 30 3 5 30 3 0 40.4343197345733643
0 2 7 1 2 7 1 2 7 0 2 7 1 2 7 16 6 2 5 31 3 0 2 7 0 2 7 0 2 7 1 2 7 1 2 4 0 2 7 0 2 7 5 31 3 1 2 7 0 2 7 0 2 7 0 2 7 1 2 4 1 2 4 0 2 7 17 9 2 17 9 2 6 2 7 0 2 7 0 2 7 5 31 3 0 2 7 0 2 7 0 2 7 0 2 7 16 30 2 5 31 3 0 2 7 1 2 7 12 16 2 1 2 3 16 6 2 0 2 7 0 40.5028318762779236
1 2 7 1 2 7 0 2 7 16 6 2 1 2 7 0 2 7 1 2 11 0 2 7 0 2 7 17 18 2 1 2 7 0 2 7 0 2 7 0 2 7 13 6 3 0 2 7 1 2 7 0 2 7 0 2 7 17 9 2 0 2 7 0 2 7 1 2 7 17 18 2 0 2 7 1 2 7 5 31 3 0 2 7 5 31 3 0 2 7 5 31 3 0 2 7 1 2 7 1 2 7 0 2 7 1 2 7 1 2 7 1 2 4 17 9 2 0 2 7 0 40.0670827627182007
0 2 7 16 6 2 1 2 7 1 2 7 0 2 7 1 2 7 5 31 3 5 31 3 0 2 11 0 2 7 0 2 7 1 2 7 0 2 7 1 2 7 1 2 7 0 2 7 1 2 7 17 18 2 1 2 7 1 2 7 0 2 4 17 18 2 13 6 3 0 2 7 0 2 7 17 9 2 0 2 7 0 2 7 0 2 7 1 2 7 1 2 7 5 31 3 0 2 7 0 2 7 0 2 7 1 2 7 17 18 2 0 2 7 1 2 7 0 2 7 0 40.0670828819274902
1 2 7 1 2 7 0 2 7 0 2 7 0 2 7 0 2 7 5 30 3 0 2 7 0 2 4 1 2 7 0 2 7 0 2 4 1 2 7 0 2 7 0 2 7 0 2 7 17 18 2 5 30 3 1 2 7 0 2 7 0 2 7 17 18 2 13 6 3 1 2 7 1 2 7 1 2 7 1 2 7 0 2 7 1 2 7 17 9 2 17 9 2 0 2 7 0 2 7 1 2 7 0 2 7 1 2 7 5 31 3 16 24 2 5 31 3 0 2 4 0 40.1302337646484375
0 2 7 1 2 7 0 2 7 5 31 3 5 31 3 0 2 7 1 2 7 0 2 7 1 2 7 1 2 7 0 2 7 1 2 7 0 2 7 1 2 7 0 2 11 17 18 2 0 2 7 0 2 7 0 2 7 17 18 2 13 6 3 0 2 7 1 2 7 17 9 2 0 2 7 0 2 7 1 2 7 1 2 7 1 2 4 16 6 2 0 2 7 0 2 7 1 2 7 17 9 2 0 2 7 1 2 7 1 2 7 5 31 3 0 2 7 0 2 7 0 40.0670828819274902

Current Evaluation = 9000(9000)
Front Size = 10
1 2 11 1 2 7 0 2 7 0 2 7 0 2 7 0 2 7 1 2 7 0 2 7 0 2 7 1 2 7 0 2 7 0 2 7 0 2 7 0 2 7 0 2 7 17 18 2 1 2 4 0 2 7 0 2 7 1 2 7 1 2 7 1 2 7 1 2 7 0 2 7 1 2 7 17 9 2 0 2 7 0 2 7 0 2 7 5 31 3 5 31 3 5 31 3 17 18 2 13 6 3 17 9 2 1 2 7 16 6 2 0 2 7 1 2 7 1 2 7 0 40.0670827627182007
1 2 7 0 2 7 1 2 7 0 2 7 0 2 7 0 2 7 17 18 2 1 2 7 0 2 7 1 2 7 0 2 7 13 6 3 0 2 7 1 2 7 0 2 7 0 2 4 17 9 2 0 2 7 1 2 7 0 2 7 17 18 2 0 2 7 16 6 2 5 31 3 0 2 7 5 31 3 0 2 7 1 2 7 1 2 7 0 2 7 0 2 7 1 2 11 0 2 7 5 31 3 1 2 7 1 2 7 1 2 7 17 18 2 0 2 7 1 2 7 0 40.0670827627182007
1 2 7 1 2 7 0 2 7 0 2 7 0 2 7 0 2 7 5 30 3 0 2 7 0 2 4 1 2 7 0 2 7 0 2 4 1 2 7 0 2 7 0 2 7 0 2 7 17 18 2 5 30 3 1 2 7 0 2 7 0 2 7 17 18 2 13 6 3 1 2 7 1 2 7 1 2 7 1 2 7 0 2 7 1 2 7 17 9 2 17 9 2 0 2 7 0 2 7 1 2 7 0 2 7 1 2 7 5 31 3 16 24 2 5 31 3 0 2 4 0 40.1302337646484375
0 2 7 1 2 7 1 2 7 0 2 7 1 2 7 16 6 2 5 31 3 0 2 7 0 2 7 0 2 7 1 2 7 1 2 4 0 2 7 0 2 7 5 31 3 1 2 7 0 2 7 0 2 7 0 2 7 1 2 4 1 2 4 0 2 7 17 9 2 17 9 2 6 2 7 0 2 7 0 2 7 5 31 3 0 2 7 0 2 7 0 2 7 0 2 7 16 30 2 5 31 3 0 2 7 1 2 7 12 16 2 1 2 3 16 6 2 0 2 7 0 40.5028318762779236
0 2 7 5 31 3 13 6 3 1 2 7 0 2 7 0 2 7 1 2 7 1 2 7 0 2 7 0 2 7 1 2 7 1 2 7 17 9 2 1 2 4 0 2 7 0 2 7 0 2 7 1 2 7 0 2 7 0 2 7 0 2 7 1 2 7 0 2 7 1 2 7 0 2 7 1 2 7 1 2 7 0 2 7 1 2 7 5 31 3 0 2 7 0 2 7 0 2 7 16 6 2 1 2 11 0 2 7 5 31 3 17 18 2 17 9 2 17 9 2 0 40.0670827627182007
0 2 7 5 31 3 13 6 3 1 2 7 1 2 7 0 2 7 0 2 3 1 2 7 1 2 7 0 2 7 0 2 7 1 2 7 1 2 7 17 9 2 0 2 4 1 2 7 0 2 4 0 2 7 0 2 7 1 2 7 17 9 2 0 2 7 0 2 7 0 2 7 1 2 7 0 2 7 0 2 7 0 2 7 0 2 3 1 2 7 1 2 7 17 9 2 0 2 7 17 9 2 8 18 2 1 2 7 1 2 4 12 16 2 5 30 3 5 30 3 0 40.4343197345733643
0 2 7 1 2 7 1 2 7 0 2 7 1 2 7 16 6 2 5 31 3 0 2 7 0 2 7 0 2 3 1 2 7 6 2 7 0 2 7 0 2 7 5 31 3 1 2 7 0 2 4 0 2 7 0 2 7 0 2 4 0 2 7 17 9 2 17 9 2 1 2 7 0 2 7 5 31 3 0 2 7 0 2 7 0 2 7 0 2 7 16 30 2 5 31 3 0 2 7 1 2 4 12 16 2 16 6 2 1 2 7 1 2 7 1 2 7 0 2 7 0 40.5028318762779236
1 2 7 1 2 7 0 2 7 0 2 7 0 2 7 0 2 7 0 2 7 1 2 11 0 2 7 1 2 7 0 2 7 0 2 7 0 2 4 17 18 2 1 2 7 1 2 7 0 2 7 13 6 3 1 2 7 1 2 7 1 2 7 1 2 7 0 2 7 1 2 7 17 9 2 0 2 7 0 2 7 1 2 7 0 2 7 5 31 3 5 31 3 5 31 3 0 2 7 0 2 7 1 2 7 17 18 2 0 2 7 16 6 2 0 2 7 17 9 2 0 40.0670827627182007
0 2 7 1 2 7 1 2 7 0 2 7 0 2 7 1 2 7 1 2 7 0 2 7 0 2 7 1 2 7 1 2 7 17 9 2 0 2 7 0 2 3 0 2 7 1 2 3 1 2 7 6 2 3 0 2 7 1 2 7 0 2 7 1 2 7 0 2 3 0 2 7 5 31 3 0 2 3 0 2 7 0 2 7 16 6 2 5 31 3 0 2 7 0 2 3 0 2 7 17 18 2 1 2 7 12 16 2 17 9 2 13 6 3 1 2 7 5 30 3 0 40.7138477563858032
1 2 7 1 2 7 0 2 7 0 2 7 0 2 4 0 2 7 0 2 7 0 2 7 0 2 7 0 2 7 1 2 7 0 2 7 1 2 7 0 2 7 17 18 2 1 2 7 0 2 7 0 2 7 0 2 7 1 2 7 1 2 7 1 2 7 0 2 7 1 2 7 17 9 2 1 2 7 0 2 7 16 6 2 5 31 3 5 31 3 17 18 2 13 6 3 1 2 7 0 2 7 5 31 3 1 2 7 0 2 7 17 9 2 1 2 7 0 2 11 0 40.0670828819274902

MonoObjective Genetic Algorithm
Number of Evaluations = 0
Mutation Probability = 0
Crossover Probability = 1
Population Size = 10
Survival Selection Type = 16

Time =  9022.79068613052368

Current Evaluation = 2220
Front Size = 10
1 2 11 1 2 7 0 2 7 0 2 7 0 2 7 0 2 7 1 2 7 0 2 7 0 2 7 1 2 7 0 2 7 0 2 7 0 2 7 0 2 7 0 2 7 17 18 2 1 2 4 0 2 7 0 2 7 1 2 7 1 2 7 1 2 7 1 2 7 0 2 7 1 2 7 17 9 2 0 2 7 0 2 7 0 2 7 5 31 3 5 31 3 5 31 3 17 18 2 13 6 3 17 9 2 1 2 7 16 6 2 0 2 7 1 2 7 1 2 7 0 40.0670827627182007
1 2 7 0 2 7 1 2 7 0 2 7 0 2 7 0 2 7 17 18 2 1 2 7 0 2 7 1 2 7 0 2 7 13 6 3 0 2 7 1 2 7 0 2 7 0 2 4 17 9 2 0 2 7 1 2 7 0 2 7 17 18 2 0 2 7 16 6 2 5 31 3 0 2 7 5 31 3 0 2 7 1 2 7 1 2 7 0 2 7 0 2 7 1 2 11 0 2 7 5 31 3 1 2 7 1 2 7 1 2 7 17 18 2 0 2 7 1 2 7 0 40.0670827627182007
1 2 7 1 2 7 0 2 7 0 2 7 0 2 7 0 2 7 5 30 3 0 2 7 0 2 4 1 2 7 0 2 7 0 2 4 1 2 7 0 2 7 0 2 7 0 2 7 17 18 2 5 30 3 1 2 7 0 2 7 0 2 7 17 18 2 13 6 3 1 2 7 1 2 7 1 2 7 1 2 7 0 2 7 1 2 7 17 9 2 17 9 2 0 2 7 0 2 7 1 2 7 0 2 7 1 2 7 5 31 3 16 24 2 5 31 3 0 2 4 0 40.1302337646484375
0 2 7 1 2 7 1 2 7 0 2 7 1 2 7 16 6 2 5 31 3 0 2 7 0 2 7 0 2 7 1 2 7 1 2 4 0 2 7 0 2 7 5 31 3 1 2 7 0 2 7 0 2 7 0 2 7 1 2 4 1 2 4 0 2 7 17 9 2 17 9 2 6 2 7 0 2 7 0 2 7 5 31 3 0 2 7 0 2 7 0 2 7 0 2 7 16 30 2 5 31 3 0 2 7 1 2 7 12 16 2 1 2 3 16 6 2 0 2 7 0 40.5028318762779236
0 2 7 5 31 3 13 6 3 1 2 7 0 2 7 0 2 7 1 2 7 1 2 7 0 2 7 0 2 7 1 2 7 1 2 7 17 9 2 1 2 4 0 2 7 0 2 7 0 2 7 1 2 7 0 2 7 0 2 7 0 2 7 1 2 7 0 2 7 1 2 7 0 2 7 1 2 7 1 2 7 0 2 7 1 2 7 5 31 3 0 2 7 0 2 7 0 2 7 16 6 2 1 2 11 0 2 7 5 31 3 17 18 2 17 9 2 17 9 2 0 40.0670827627182007
0 2 7 5 31 3 13 6 3 1 2 7 1 2 7 0 2 7 0 2 3 1 2 7 1 2 7 0 2 7 0 2 7 1 2 7 1 2 7 17 9 2 0 2 4 1 2 7 0 2 4 0 2 7 0 2 7 1 2 7 17 9 2 0 2 7 0 2 7 0 2 7 1 2 7 0 2 7 0 2 7 0 2 7 0 2 3 1 2 7 1 2 7 17 9 2 0 2 7 17 9 2 8 18 2 1 2 7 1 2 4 12 16 2 5 30 3 5 30 3 0 40.4343197345733643
0 2 7 1 2 7 1 2 7 0 2 7 1 2 7 16 6 2 5 31 3 0 2 7 0 2 7 0 2 3 1 2 7 6 2 7 0 2 7 0 2 7 5 31 3 1 2 7 0 2 4 0 2 7 0 2 7 0 2 4 0 2 7 17 9 2 17 9 2 1 2 7 0 2 7 5 31 3 0 2 7 0 2 7 0 2 7 0 2 7 16 30 2 5 31 3 0 2 7 1 2 4 12 16 2 16 6 2 1 2 7 1 2 7 1 2 7 0 2 7 0 40.5028318762779236
1 2 7 1 2 7 0 2 7 0 2 7 0 2 7 0 2 7 0 2 7 1 2 11 0 2 7 1 2 7 0 2 7 0 2 7 0 2 4 17 18 2 1 2 7 1 2 7 0 2 7 13 6 3 1 2 7 1 2 7 1 2 7 1 2 7 0 2 7 1 2 7 17 9 2 0 2 7 0 2 7 1 2 7 0 2 7 5 31 3 5 31 3 5 31 3 0 2 7 0 2 7 1 2 7 17 18 2 0 2 7 16 6 2 0 2 7 17 9 2 0 40.0670827627182007
0 2 7 1 2 7 1 2 7 0 2 7 0 2 7 1 2 7 1 2 7 0 2 7 0 2 7 1 2 7 1 2 7 17 9 2 0 2 7 0 2 3 0 2 7 1 2 3 1 2 7 6 2 3 0 2 7 1 2 7 0 2 7 1 2 7 0 2 3 0 2 7 5 31 3 0 2 3 0 2 7 0 2 7 16 6 2 5 31 3 0 2 7 0 2 3 0 2 7 17 18 2 1 2 7 12 16 2 17 9 2 13 6 3 1 2 7 5 30 3 0 40.7138477563858032
1 2 7 1 2 7 0 2 7 0 2 7 0 2 4 0 2 7 0 2 7 0 2 7 0 2 7 0 2 7 1 2 7 0 2 7 1 2 7 0 2 7 17 18 2 1 2 7 0 2 7 0 2 7 0 2 7 1 2 7 1 2 7 1 2 7 0 2 7 1 2 7 17 9 2 1 2 7 0 2 7 16 6 2 5 31 3 5 31 3 17 18 2 13 6 3 1 2 7 0 2 7 5 31 3 1 2 7 0 2 7 17 9 2 1 2 7 0 2 11 0 40.0670828819274902

