Current Evaluation = 450(450)
Front Size = 10
12 16 2 5 30 3 0 2 7 0 2 7 1 2 7 0 2 7 1 2 12 17 9 2 1 2 7 0 2 7 0 2 7 0 2 7 1 2 7 0 2 7 1 2 7 0 2 7 0 2 7 6 2 7 1 2 7 0 2 7 5 31 3 0 2 7 0 2 7 12 16 2 1 2 7 5 30 3 0 2 7 12 16 2 13 6 3 16 15 2 0 2 7 0 2 7 0 2 7 1 2 7 1 2 7 17 9 2 17 9 2 8 9 2 0 2 7 8 9 2 0 40.8830665946006775
12 16 2 8 18 2 5 30 3 0 2 8 0 2 7 5 30 3 0 2 11 0 2 11 5 30 3 5 30 3 0 2 11 0 2 7 17 18 2 12 16 2 0 2 11 5 30 3 0 2 3 0 2 7 5 30 3 16 19 11 0 2 12 16 19 11 0 2 11 0 2 7 0 2 7 1 2 8 0 2 11 0 2 7 1 2 11 0 2 3 6 2 11 0 2 11 0 2 7 0 2 11 0 2 8 0 2 3 12 16 2 16 9 8 15 2 11 0 2 7 0 44.503558874130249
16 6 2 16 19 11 0 2 3 0 2 3 0 2 3 12 16 2 8 18 2 5 30 3 1 2 8 1 2 8 16 9 8 16 18 8 5 30 3 0 2 8 0 2 8 0 2 3 0 2 3 1 2 8 5 30 3 5 30 3 0 2 8 0 2 8 8 18 2 0 2 3 1 2 8 0 2 3 12 16 2 0 2 8 1 2 7 0 2 3 0 2 3 5 30 3 0 2 8 0 2 3 1 2 3 12 16 2 0 2 3 0 2 3 0 2 3 0 2 8 0 45.0787508487701416
16 19 11 0 2 3 0 2 8 16 19 11 0 2 8 0 2 3 0 2 11 5 30 3 5 30 3 0 2 8 5 30 3 16 19 11 5 30 3 12 16 2 0 2 8 5 30 3 0 2 8 8 9 2 0 2 11 0 2 8 0 2 8 16 19 11 0 2 8 0 2 11 5 30 3 0 2 11 0 2 8 0 2 8 0 2 8 0 2 8 0 2 11 0 2 8 0 2 8 0 2 8 16 19 11 0 2 8 0 2 3 0 2 8 0 2 3 5 30 3 3.56213824551476738e-05 46.4631227254867554
0 2 7 1 2 7 17 9 2 5 30 3 0 2 10 1 2 7 1 2 7 0 2 7 8 18 2 0 2 4 0 2 4 1 2 7 0 2 7 0 2 7 0 2 4 1 2 7 17 9 2 0 2 4 0 2 7 12 16 2 1 2 10 0 2 7 0 2 3 12 16 2 0 2 7 5 30 3 5 31 3 0 2 3 0 2 7 17 9 2 0 2 10 16 9 11 12 16 2 1 2 11 1 2 4 0 2 7 1 2 3 1 2 3 0 2 4 1 2 4 0 41.6822367310523987
0 2 3 5 30 3 0 2 7 5 30 3 0 2 7 12 16 2 16 19 11 0 2 3 1 2 4 12 16 2 5 30 3 16 19 11 0 2 3 0 2 7 5 30 3 1 2 7 0 2 7 0 2 7 1 2 4 0 2 7 0 2 3 8 9 2 0 2 3 1 2 7 0 2 7 0 2 7 0 2 7 6 2 3 5 31 3 0 2 7 0 2 7 1 2 3 1 2 3 0 2 7 0 2 7 0 2 7 0 2 7 16 6 2 0 2 7 17 18 2 0 42.4655264616012573
0 2 7 0 2 11 8 18 2 5 30 3 0 2 7 5 30 3 0 2 7 0 2 11 0 2 7 0 2 7 0 2 11 0 2 11 6 2 7 1 2 11 0 2 7 12 16 2 16 19 11 5 31 3 17 18 2 5 31 3 16 6 2 0 2 7 0 2 7 6 2 7 17 9 2 0 2 7 12 16 2 1 2 11 6 2 11 0 2 11 0 2 7 0 2 7 0 2 7 0 2 7 6 2 7 5 30 3 1 2 11 5 30 3 6 2 11 0 2 7 0 42.6650097966194153
12 16 2 5 30 3 1 2 7 0 2 3 12 16 2 5 30 3 12 16 2 0 2 3 8 18 2 0 2 3 17 9 2 1 2 7 0 2 7 0 2 7 0 2 7 0 2 7 0 2 7 1 2 7 6 2 7 0 2 7 0 2 7 0 2 8 0 2 7 0 2 3 1 2 7 16 18 8 1 2 8 16 19 11 13 6 3 16 15 2 0 2 8 0 2 8 0 2 7 0 2 3 0 2 8 17 9 2 0 2 3 5 30 3 16 9 8 16 6 2 0.183123842925973945 42.1644036173820496
16 19 12 0 2 8 0 2 8 16 19 13 0 2 8 1 2 8 0 2 7 5 30 3 5 30 3 0 2 8 5 30 3 16 19 13 8 18 2 12 16 2 0 2 8 5 30 3 0 2 8 8 9 2 0 2 8 0 2 8 0 2 8 16 19 12 0 2 8 0 2 8 5 30 3 0 2 8 0 2 8 0 2 8 0 2 7 0 2 8 1 2 8 0 2 8 0 2 7 12 16 2 16 19 12 0 2 8 8 18 2 0 2 8 8 9 2 5 31 3 0.00116231424223199749 46.1708118915557861
12 16 2 5 30 3 5 31 3 0 2 7 0 2 7 0 2 7 16 6 2 17 18 2 1 2 7 5 30 3 16 6 2 5 31 3 0 2 8 12 16 2 5 31 3 6 2 7 5 30 3 1 2 8 0 2 12 0 2 7 16 19 11 17 9 2 0 2 8 0 2 11 1 2 11 8 9 2 0 2 8 1 2 7 0 2 7 0 2 8 1 2 8 0 2 11 0 2 7 6 2 8 8 9 2 0 2 7 8 9 2 0 2 7 6 2 8 0 2 7 0.00380158499083211102 43.2622650265693665

Current Evaluation = 900(900)
Front Size = 10
1 2 4 1 2 7 5 31 3 0 2 7 0 2 7 0 2 7 8 18 2 1 2 7 0 2 7 0 2 4 1 2 7 0 2 7 12 16 2 0 2 7 0 2 4 12 16 2 0 2 7 5 30 3 0 2 7 0 2 7 6 2 7 0 2 7 1 2 11 17 9 2 13 6 3 0 2 4 1 2 7 0 2 7 17 18 2 17 18 2 1 2 7 5 30 3 17 9 2 0 2 7 1 2 7 0 2 7 0 2 7 5 30 3 1 2 4 1 2 11 0 40.849357545375824
12 16 2 5 30 3 0 2 7 1 2 3 5 30 3 0 2 3 8 9 2 0 2 3 1 2 7 0 2 3 5 30 3 0 2 7 0 2 3 1 2 7 0 2 7 0 2 7 0 2 7 1 2 7 12 16 2 0 2 3 0 2 7 16 6 2 16 19 12 8 9 2 0 2 7 5 31 3 1 2 7 0 2 7 1 2 7 0 2 3 16 6 2 0 2 7 0 2 7 1 2 7 1 2 7 17 18 2 1 2 7 0 2 3 0 2 7 0 2 3 0 41.9982897043228149
16 6 2 16 19 11 0 2 3 0 2 3 0 2 3 12 16 2 8 18 2 5 30 3 1 2 8 1 2 8 16 9 8 16 18 8 5 30 3 0 2 8 0 2 8 0 2 3 0 2 3 1 2 8 5 30 3 5 30 3 0 2 8 0 2 8 8 18 2 0 2 3 1 2 8 0 2 3 12 16 2 0 2 8 1 2 7 0 2 3 0 2 3 5 30 3 0 2 8 0 2 3 1 2 3 12 16 2 0 2 3 0 2 3 0 2 3 0 2 8 0 45.0787508487701416
16 19 11 0 2 7 0 2 7 1 2 7 5 30 3 5 31 3 0 2 7 5 30 3 12 16 2 6 2 7 17 18 2 0 2 7 16 6 2 1 2 7 0 2 7 16 19 11 5 30 3 5 31 3 0 2 7 0 2 7 6 2 7 0 2 3 1 2 11 0 2 7 0 2 7 0 2 7 0 2 7 0 2 7 0 2 7 16 30 2 5 31 3 0 2 7 0 2 7 0 2 7 0 2 7 0 2 7 1 2 7 0 2 7 0 2 7 1 2 3 0 41.8298485279083252
12 16 2 8 18 2 5 30 3 0 2 8 0 2 7 5 30 3 0 2 11 0 2 11 5 30 3 5 30 3 0 2 11 0 2 7 17 18 2 12 16 2 0 2 11 5 30 3 0 2 3 0 2 7 5 30 3 16 19 11 0 2 12 16 19 11 0 2 11 0 2 7 0 2 7 1 2 8 0 2 11 0 2 7 1 2 11 0 2 3 6 2 11 0 2 11 0 2 7 0 2 11 0 2 8 0 2 3 12 16 2 16 9 8 15 2 11 0 2 7 0 44.503558874130249
12 16 2 5 30 3 0 2 8 0 2 7 0 2 12 0 2 12 5 30 3 0 2 12 12 16 2 5 30 3 0 2 8 0 2 8 17 9 2 0 2 8 0 2 11 0 2 7 5 31 3 16 19 11 13 6 3 0 2 8 16 6 2 0 2 8 5 30 3 16 19 11 5 30 3 16 19 11 0 2 8 5 31 3 0 2 8 0 2 8 0 2 8 0 2 8 0 2 8 0 2 7 0 2 8 0 2 11 0 2 8 0 2 7 0 2 8 0 2 11 2.7912368085002724e-05 45.2995256185531616
16 19 12 0 2 7 5 30 3 5 30 3 5 30 3 12 16 2 8 9 2 0 2 7 0 2 7 12 16 2 8 9 2 5 31 3 0 2 8 0 2 8 16 19 13 0 2 3 1 2 8 0 2 8 0 2 3 0 2 3 0 2 8 0 2 7 0 2 8 0 2 8 1 2 7 1 2 3 0 2 7 17 18 2 0 2 3 5 30 3 16 6 2 0 2 8 0 2 7 0 2 8 1 2 8 0 2 7 16 19 12 0 2 8 8 18 2 0 2 8 0.00119158947574775874 44.497502326965332
12 16 2 5 30 3 5 31 3 0 2 7 0 2 7 0 2 7 16 6 2 17 18 2 1 2 7 5 30 3 16 6 2 5 31 3 0 2 8 12 16 2 5 31 3 6 2 7 5 30 3 1 2 8 0 2 12 0 2 7 16 19 11 17 9 2 0 2 8 0 2 11 1 2 11 8 9 2 0 2 8 1 2 7 0 2 7 0 2 8 1 2 8 0 2 11 0 2 7 6 2 8 8 9 2 0 2 7 8 9 2 0 2 7 6 2 8 0 2 7 0.00380158499083211102 43.2622650265693665
12 16 2 8 18 2 5 30 3 5 30 3 5 30 3 12 16 2 1 2 7 17 18 2 0 2 4 0 2 3 0 2 7 0 2 3 1 2 8 1 2 8 16 9 8 16 18 8 0 2 8 1 2 7 0 2 7 1 2 4 1 2 8 1 2 4 0 2 7 0 2 8 17 18 2 0 2 3 0 2 7 1 2 7 0 2 8 0 2 3 17 9 2 0 2 7 0 2 8 0 2 7 13 6 3 12 16 2 0 2 3 0 2 3 0 2 7 0 2 4 0.00707599953825896466 42.5832957029342651
16 19 11 0 2 3 0 2 8 16 19 11 0 2 8 0 2 3 0 2 11 5 30 3 5 30 3 0 2 8 5 30 3 16 19 11 5 30 3 12 16 2 0 2 8 5 30 3 0 2 8 8 9 2 0 2 11 0 2 8 0 2 8 16 19 11 0 2 8 0 2 11 5 30 3 0 2 11 0 2 8 0 2 8 0 2 8 0 2 8 0 2 11 0 2 8 0 2 8 0 2 8 16 19 11 0 2 8 0 2 3 0 2 8 0 2 3 5 30 3 3.56213824551476738e-05 46.4631227254867554

Current Evaluation = 1350(1350)
Front Size = 10
0 2 7 1 2 7 0 2 7 16 6 2 1 2 7 5 30 3 5 31 3 0 2 7 0 2 7 0 2 7 0 2 7 1 2 7 0 2 7 6 2 8 1 2 7 1 2 7 0 2 7 0 2 7 0 2 7 0 2 7 17 9 2 0 2 7 0 2 7 5 30 3 1 2 7 0 2 7 1 2 7 5 31 3 0 2 7 5 31 3 0 2 7 17 18 2 16 6 2 0 2 7 1 2 7 1 2 7 13 6 3 17 18 2 0 2 7 0 2 7 0 40.5071266889572144
12 16 2 5 30 3 12 16 2 12 16 2 5 30 3 1 2 7 1 2 7 16 31 2 0 2 4 0 2 3 5 30 3 0 2 3 17 9 2 5 30 3 1 2 7 0 2 7 0 2 7 0 2 7 0 2 7 1 2 7 8 9 2 0 2 7 0 2 7 0 2 7 0 2 3 1 2 7 0 2 7 0 2 7 1 2 7 0 2 7 1 2 7 16 19 11 1 2 7 0 2 3 0 2 7 13 6 3 0 2 7 17 9 2 0 2 7 1 2 7 0 41.3656574487686157
6 2 11 5 30 3 5 30 3 12 16 2 0 2 7 0 2 11 12 16 2 5 30 3 6 2 12 0 2 11 1 2 7 0 2 11 0 2 7 0 2 7 0 2 3 1 2 11 8 9 2 5 30 3 0 2 11 17 9 2 5 30 3 0 2 7 0 2 11 0 2 11 0 2 11 16 6 2 0 2 11 6 2 11 5 30 3 0 2 3 8 9 2 0 2 3 0 2 11 0 2 7 0 2 3 0 2 11 16 19 11 0 2 11 17 9 2 1 2 7 0 43.6176232099533081
0 2 12 5 31 3 0 2 7 12 16 2 0 2 7 16 6 2 0 2 8 16 19 12 5 31 3 16 19 11 16 19 11 5 30 3 16 19 11 12 16 2 5 30 3 5 30 3 0 2 8 0 2 8 0 2 8 0 2 8 0 2 8 0 2 8 0 2 7 0 2 8 0 2 8 0 2 8 0 2 8 0 2 8 0 2 8 0 2 13 5 31 3 0 2 8 0 2 8 0 2 8 0 2 8 0 2 11 0 2 8 5 30 3 0 2 8 0 2 8 0 46.3962548971176147
16 6 2 16 19 12 0 2 3 1 2 3 0 2 3 12 16 2 5 31 3 5 30 3 0 2 7 5 30 3 5 30 3 12 16 2 0 2 4 12 16 2 0 2 3 1 2 7 1 2 7 16 9 8 0 2 3 0 2 3 1 2 7 0 2 7 0 2 3 0 2 7 0 2 7 16 6 2 0 2 3 8 9 2 1 2 3 0 2 7 0 2 3 1 2 3 0 2 3 0 2 7 1 2 7 1 2 3 0 2 3 0 2 3 0 2 7 0 2 7 0 42.865412712097168
16 6 2 16 19 11 0 2 3 0 2 3 0 2 3 12 16 2 8 18 2 5 30 3 1 2 8 1 2 8 16 9 8 16 18 8 5 30 3 0 2 8 0 2 8 0 2 3 0 2 3 1 2 8 5 30 3 5 30 3 0 2 8 0 2 8 8 18 2 0 2 3 1 2 8 0 2 3 12 16 2 0 2 8 1 2 7 0 2 3 0 2 3 5 30 3 0 2 8 0 2 3 1 2 3 12 16 2 0 2 3 0 2 3 0 2 3 0 2 8 0 45.0787508487701416
16 19 12 0 2 7 5 30 3 5 30 3 5 30 3 12 16 2 8 9 2 0 2 7 0 2 7 12 16 2 8 9 2 5 31 3 0 2 8 0 2 8 16 19 13 0 2 3 1 2 8 0 2 8 0 2 3 0 2 3 0 2 8 0 2 7 0 2 8 0 2 8 1 2 7 1 2 3 0 2 7 17 18 2 0 2 3 5 30 3 16 6 2 0 2 8 0 2 7 0 2 8 1 2 8 0 2 7 16 19 12 0 2 8 8 18 2 0 2 8 0.00119158947574775874 44.497502326965332
12 16 2 5 30 3 12 16 2 16 6 2 0 2 7 17 9 2 0 2 7 0 2 7 0 2 7 0 2 7 0 2 7 0 2 7 0 2 7 0 2 7 1 2 7 0 2 7 0 2 7 16 19 13 5 30 3 6 2 4 6 2 7 0 2 7 5 30 3 5 30 3 0 2 7 0 2 3 0 2 7 0 2 7 0 2 7 1 2 7 16 6 2 0 2 3 8 18 2 16 19 13 1 2 3 9 2 7 13 6 3 1 2 1 1 2 4 0 2 3 0.00223439097590645216 41.4788756370544434
12 16 2 5 30 3 5 31 3 0 2 7 0 2 7 0 2 7 16 6 2 17 18 2 1 2 7 5 30 3 16 6 2 5 31 3 0 2 8 12 16 2 5 31 3 6 2 7 5 30 3 1 2 8 0 2 12 0 2 7 16 19 11 17 9 2 0 2 8 0 2 11 1 2 11 8 9 2 0 2 8 1 2 7 0 2 7 0 2 8 1 2 8 0 2 11 0 2 7 6 2 8 8 9 2 0 2 7 8 9 2 0 2 7 6 2 8 0 2 7 0.00380158499083211102 43.2622650265693665
12 16 2 8 18 2 5 30 3 5 30 3 5 30 3 12 16 2 1 2 7 17 18 2 0 2 4 0 2 3 0 2 7 0 2 3 1 2 8 1 2 8 16 9 8 16 18 8 0 2 8 1 2 7 0 2 7 1 2 4 1 2 8 1 2 4 0 2 7 0 2 8 17 18 2 0 2 3 0 2 7 1 2 7 0 2 8 0 2 3 17 9 2 0 2 7 0 2 8 0 2 7 13 6 3 12 16 2 0 2 3 0 2 3 0 2 7 0 2 4 0.00707599953825896466 42.5832957029342651

Current Evaluation = 1800(1800)
Front Size = 10
0 2 7 1 2 7 1 2 7 16 6 2 1 2 7 5 30 3 5 31 3 0 2 7 0 2 7 0 2 7 0 2 7 1 2 7 0 2 7 6 2 7 1 2 7 1 2 7 0 2 7 0 2 7 0 2 7 0 2 7 17 9 2 0 2 7 0 2 7 5 30 3 1 2 8 0 2 7 1 2 7 5 31 3 0 2 7 5 31 3 0 2 7 17 18 2 16 6 2 0 2 7 0 2 7 1 2 7 13 6 3 17 18 2 0 2 7 0 2 7 0 40.5071266293525696
16 6 2 16 19 11 0 2 3 0 2 3 0 2 3 12 16 2 8 18 2 5 30 3 1 2 8 1 2 8 16 9 8 16 18 8 5 30 3 0 2 8 0 2 8 0 2 3 0 2 3 1 2 8 5 30 3 5 30 3 0 2 8 0 2 8 8 18 2 0 2 3 1 2 8 0 2 3 12 16 2 0 2 8 1 2 7 0 2 3 0 2 3 5 30 3 0 2 8 0 2 3 1 2 3 12 16 2 0 2 3 0 2 3 0 2 3 0 2 8 0 45.0787508487701416
16 6 2 0 2 7 1 2 7 1 2 3 12 16 2 5 30 3 0 2 7 1 2 4 12 16 2 0 2 7 0 2 7 1 2 7 12 16 2 0 2 7 17 18 2 0 2 7 0 2 4 1 2 7 0 2 4 0 2 3 0 2 7 0 2 4 0 2 7 1 2 7 0 2 3 0 2 7 0 2 7 16 6 2 1 2 7 1 2 7 12 16 2 5 31 3 8 9 2 0 2 3 0 2 7 1 2 3 16 6 2 8 18 2 0 2 7 5 31 3 0 41.3442716598510742
6 2 11 5 30 3 5 30 3 12 16 2 0 2 7 0 2 11 12 16 2 5 30 3 6 2 12 0 2 11 1 2 7 0 2 11 0 2 7 0 2 7 0 2 3 1 2 11 8 9 2 5 30 3 0 2 11 17 9 2 5 30 3 0 2 7 0 2 11 0 2 11 0 2 11 16 6 2 0 2 11 6 2 11 5 30 3 0 2 3 8 9 2 0 2 3 0 2 11 0 2 7 0 2 3 0 2 11 16 19 11 0 2 11 17 9 2 1 2 7 0 43.6176232099533081
0 2 12 5 31 3 0 2 7 12 16 2 0 2 7 16 6 2 0 2 8 16 19 12 5 31 3 16 19 11 16 19 11 5 30 3 16 19 11 12 16 2 5 30 3 5 30 3 0 2 8 0 2 8 0 2 8 0 2 8 0 2 8 0 2 8 0 2 7 0 2 8 0 2 8 0 2 8 0 2 8 0 2 8 0 2 8 0 2 13 5 31 3 0 2 8 0 2 8 0 2 8 0 2 8 0 2 11 0 2 8 5 30 3 0 2 8 0 2 8 0 46.3962548971176147
6 2 7 0 2 7 5 30 3 12 16 2 0 2 3 5 30 3 16 19 11 0 2 3 5 30 3 0 2 7 5 30 3 1 2 3 5 31 3 16 19 11 1 2 7 16 31 2 0 2 3 0 2 7 0 2 7 16 6 2 0 2 7 0 2 3 0 2 7 0 2 7 1 2 7 0 2 3 6 2 7 1 2 7 0 2 3 0 2 3 1 2 3 0 2 7 0 2 7 0 2 3 17 9 2 1 2 4 0 2 7 0 2 7 0 2 7 1 2 11 0 42.1778225898742676
16 19 12 0 2 7 5 30 3 5 30 3 5 30 3 12 16 2 8 9 2 0 2 7 0 2 7 12 16 2 8 9 2 5 31 3 0 2 8 0 2 8 16 19 13 0 2 3 1 2 8 0 2 8 0 2 3 0 2 3 0 2 8 0 2 7 0 2 8 0 2 8 1 2 7 1 2 3 0 2 7 17 18 2 0 2 3 5 30 3 16 6 2 0 2 8 0 2 7 0 2 8 1 2 8 0 2 7 16 19 12 0 2 8 8 18 2 0 2 8 0.00119158947574775874 44.497502326965332
0 2 7 5 30 3 5 30 3 12 16 2 1 2 10 0 2 7 12 16 2 5 30 3 0 2 7 0 2 7 1 2 4 0 2 11 0 2 3 0 2 7 0 2 3 1 2 7 17 9 2 1 2 7 1 2 7 17 1 2 5 30 3 0 2 4 0 2 7 0 2 7 0 2 11 12 16 2 0 2 4 1 2 7 1 2 4 0 2 7 8 9 2 0 2 7 0 2 7 17 18 2 0 2 11 0 2 7 8 18 2 6 2 7 17 9 2 1 2 11 0 41.7843287587165833
12 16 2 5 30 3 5 31 3 0 2 7 0 2 7 0 2 7 16 6 2 17 18 2 1 2 7 5 30 3 16 6 2 5 31 3 0 2 8 12 16 2 5 31 3 6 2 7 5 30 3 1 2 8 0 2 12 0 2 7 16 19 11 17 9 2 0 2 8 0 2 11 1 2 11 8 9 2 0 2 8 1 2 7 0 2 7 0 2 8 1 2 8 0 2 11 0 2 7 6 2 8 8 9 2 0 2 7 8 9 2 0 2 7 6 2 8 0 2 7 0.00380158499083211102 43.2622650265693665
1 2 7 1 2 3 0 2 7 16 6 2 1 2 4 5 31 3 0 2 7 0 2 7 0 2 7 5 30 3 0 2 7 6 2 7 12 16 2 1 2 3 5 31 3 0 2 7 0 2 7 17 9 2 0 2 7 0 2 7 0 2 4 0 2 7 0 2 7 0 2 3 0 2 7 1 2 7 6 2 10 5 31 3 0 2 7 0 2 7 0 2 11 16 30 2 12 16 2 17 18 2 1 2 3 0 2 7 6 2 7 1 2 7 5 30 3 0 2 7 0 41.5440758466720581

Current Evaluation = 2250(2250)
Front Size = 10
16 31 2 0 2 7 1 2 4 5 31 3 0 2 7 0 2 7 0 2 7 1 2 7 0 2 7 17 18 2 0 2 4 1 2 7 0 2 7 0 2 7 1 2 7 0 2 7 0 2 7 16 6 2 1 2 7 1 2 7 5 31 3 0 2 7 0 2 7 5 31 3 1 2 7 12 16 2 1 2 4 5 30 3 1 2 7 0 2 7 0 2 7 0 2 7 1 2 7 0 2 7 0 2 7 1 2 7 0 2 7 0 2 7 16 6 2 17 18 2 0 40.4265387058258057
1 2 7 12 16 2 5 30 3 5 30 3 5 30 3 0 2 4 0 2 4 0 2 7 13 6 3 0 2 7 0 2 7 12 16 2 1 2 7 5 31 3 0 2 7 0 2 7 6 2 7 0 2 7 1 2 7 0 2 7 1 2 7 0 2 4 1 2 11 0 2 7 0 2 7 1 2 7 1 2 11 1 2 7 0 2 7 1 2 4 17 9 2 8 18 2 17 18 2 17 9 2 17 9 2 0 2 7 0 2 7 1 2 7 0 2 7 0 2 4 0 40.849357545375824
16 6 2 16 19 11 0 2 7 0 2 7 12 16 2 5 30 3 5 30 3 12 16 2 0 2 7 6 2 3 1 2 7 1 2 7 0 2 7 1 2 7 1 2 4 0 2 7 0 2 7 1 2 7 6 2 7 0 2 3 1 2 3 13 6 3 5 30 3 0 2 7 0 2 7 17 18 2 5 30 3 0 2 7 0 2 10 0 2 7 5 31 3 0 2 7 17 18 2 0 2 7 0 2 3 12 16 2 8 9 2 0 2 7 0 2 7 0 2 7 0 41.6688154339790344
6 2 11 5 30 3 5 30 3 12 16 2 0 2 7 0 2 11 12 16 2 5 30 3 6 2 12 0 2 11 1 2 7 0 2 11 0 2 7 0 2 7 0 2 3 1 2 11 8 9 2 5 30 3 0 2 11 17 9 2 5 30 3 0 2 7 0 2 11 0 2 11 0 2 11 16 6 2 0 2 11 6 2 11 5 30 3 0 2 3 8 9 2 0 2 3 0 2 11 0 2 7 0 2 3 0 2 11 16 19 11 0 2 11 17 9 2 1 2 7 0 43.6176232099533081
0 2 12 5 31 3 0 2 7 12 16 2 0 2 7 16 6 2 0 2 8 16 19 12 5 31 3 16 19 11 16 19 11 5 30 3 16 19 11 12 16 2 5 30 3 5 30 3 0 2 8 0 2 8 0 2 8 0 2 8 0 2 8 0 2 8 0 2 7 0 2 8 0 2 8 0 2 8 0 2 8 0 2 8 0 2 8 0 2 13 5 31 3 0 2 8 0 2 8 0 2 8 0 2 8 0 2 11 0 2 8 5 30 3 0 2 8 0 2 8 0 46.3962548971176147
16 15 2 1 2 7 0 2 3 0 2 3 12 16 2 5 30 3 5 30 3 0 2 7 0 2 7 5 30 3 5 30 3 0 2 3 1 2 7 8 18 2 0 2 7 0 2 7 12 16 2 0 2 7 6 2 4 0 2 7 16 6 2 1 2 3 16 19 11 17 18 2 1 2 3 0 2 7 0 2 3 0 2 7 8 18 2 0 2 7 0 2 3 0 2 7 0 2 3 0 2 7 1 2 7 0 2 7 5 30 3 0 2 3 1 2 7 0 2 3 0 42.4153905510902405
16 6 2 16 19 11 0 2 3 0 2 3 0 2 3 12 16 2 8 18 2 5 30 3 1 2 8 1 2 8 16 9 8 16 18 8 5 30 3 0 2 8 0 2 8 0 2 3 0 2 3 1 2 8 5 30 3 5 30 3 0 2 8 0 2 8 8 18 2 0 2 3 1 2 8 0 2 3 12 16 2 0 2 8 1 2 7 0 2 3 0 2 3 5 30 3 0 2 8 0 2 3 1 2 3 12 16 2 0 2 3 0 2 3 0 2 3 0 2 8 0 45.0787508487701416
16 19 12 0 2 7 5 30 3 5 30 3 5 30 3 12 16 2 8 9 2 0 2 7 0 2 7 12 16 2 8 9 2 5 31 3 0 2 8 0 2 8 16 19 13 0 2 3 1 2 8 0 2 8 0 2 3 0 2 3 0 2 8 0 2 7 0 2 8 0 2 8 1 2 7 1 2 3 0 2 7 17 18 2 0 2 3 5 30 3 16 6 2 0 2 8 0 2 7 0 2 8 1 2 8 0 2 7 16 19 12 0 2 8 8 18 2 0 2 8 0.00119158947574775874 44.497502326965332
16 6 2 16 19 11 0 2 3 0 2 3 12 16 2 5 30 3 5 30 3 12 16 2 1 2 7 1 2 3 0 2 7 8 18 2 1 2 8 1 2 4 0 2 11 16 18 8 0 2 8 8 9 2 0 2 3 0 2 3 17 18 2 5 30 3 0 2 7 0 2 8 6 2 7 0 2 7 0 2 3 0 2 4 1 2 7 6 2 7 0 2 3 17 18 2 5 30 3 0 2 7 1 2 7 12 16 2 0 2 3 0 2 3 5 31 3 0 2 7 0.00467696088374606588 43.0919327735900879
5 31 3 5 30 3 12 16 2 5 30 3 12 16 2 5 30 3 0 2 3 0 2 7 0 2 7 0 2 7 5 31 3 0 2 10 16 30 2 1 2 7 0 2 7 0 2 3 0 2 7 13 6 3 1 2 7 0 2 4 0 2 7 0 2 10 12 16 2 1 2 7 6 2 7 0 2 7 1 2 7 17 18 2 0 2 7 0 2 7 0 2 10 1 2 7 0 2 7 0 2 7 17 18 2 1 2 7 0 2 10 12 16 2 16 30 2 1 2 7 0 41.4127426743507385

Current Evaluation = 2700(2700)
Front Size = 10
16 31 2 0 2 7 1 2 4 5 31 3 0 2 7 0 2 7 0 2 7 1 2 7 0 2 7 17 18 2 0 2 4 1 2 7 0 2 7 0 2 7 1 2 7 0 2 7 0 2 7 16 6 2 1 2 7 1 2 7 5 31 3 0 2 7 0 2 7 5 31 3 1 2 7 12 16 2 1 2 4 5 30 3 1 2 7 0 2 7 0 2 7 0 2 7 1 2 7 0 2 7 0 2 7 1 2 7 0 2 7 0 2 7 16 6 2 17 18 2 0 40.4265387058258057
1 2 3 0 2 7 5 30 3 1 2 11 0 2 7 0 2 7 0 2 7 0 2 7 12 16 2 8 18 2 1 2 7 13 6 3 16 9 12 0 2 7 0 2 7 0 2 4 17 18 2 5 30 3 1 2 7 0 2 7 5 31 3 1 2 11 0 2 7 0 2 7 17 18 2 0 2 3 1 2 3 1 2 3 0 2 7 0 2 7 0 2 7 1 2 7 0 2 4 1 2 7 1 2 7 12 16 2 0 2 4 1 2 7 12 16 2 17 9 2 0 41.3510456085205078
5 30 3 0 2 11 12 16 2 0 2 7 16 6 2 0 2 7 0 2 7 5 31 3 12 16 2 5 31 3 5 30 3 1 2 7 0 2 11 6 2 7 5 30 3 0 2 7 8 9 2 5 30 3 0 2 7 0 2 11 0 2 7 1 2 11 0 2 11 0 2 7 0 2 11 0 2 7 6 2 11 6 2 11 6 2 7 17 18 2 0 2 11 0 2 7 0 2 7 0 2 7 6 2 11 17 18 2 0 2 7 0 2 7 16 19 11 1 2 7 0 42.6650099754333496
0 2 3 12 16 2 5 30 3 12 16 2 5 31 3 1 2 7 1 2 3 0 2 3 12 16 2 0 2 7 0 2 7 0 2 3 0 2 3 1 2 7 16 19 11 16 6 2 0 2 3 0 2 7 16 6 2 8 18 2 5 30 3 0 2 3 0 2 3 0 2 3 0 2 7 0 2 3 16 9 8 5 30 3 0 2 7 0 2 7 1 2 7 0 2 3 0 2 7 1 2 7 1 2 7 0 2 3 0 2 11 1 2 3 0 2 7 1 2 7 0 42.7716126441955566
12 16 2 5 30 3 0 2 7 16 19 11 0 2 3 0 2 7 1 2 3 5 30 3 5 30 3 16 6 2 16 19 11 0 2 3 0 2 7 0 2 7 0 2 3 0 2 7 5 30 3 5 30 3 0 2 3 1 2 7 0 2 7 0 2 7 0 2 7 0 2 7 8 18 2 0 2 7 0 2 7 12 16 2 0 2 7 12 16 2 0 2 7 0 2 7 12 16 2 0 2 7 16 19 11 0 2 7 15 2 11 1 2 7 1 2 7 8 18 2 0 42.9317631721496582
0 2 12 5 31 3 0 2 7 12 16 2 0 2 7 16 6 2 0 2 8 16 19 12 5 31 3 16 19 11 16 19 11 5 30 3 16 19 11 12 16 2 5 30 3 5 30 3 0 2 8 0 2 8 0 2 8 0 2 8 0 2 8 0 2 8 0 2 7 0 2 8 0 2 8 0 2 8 0 2 8 0 2 8 0 2 8 0 2 13 5 31 3 0 2 8 0 2 8 0 2 8 0 2 8 0 2 11 0 2 8 5 30 3 0 2 8 0 2 8 0 46.3962548971176147
16 6 2 16 19 11 0 2 3 0 2 3 0 2 3 12 16 2 8 18 2 5 30 3 1 2 8 1 2 8 16 9 8 16 18 8 5 30 3 0 2 8 0 2 8 0 2 3 0 2 3 1 2 8 5 30 3 5 30 3 0 2 8 0 2 8 8 18 2 0 2 3 1 2 8 0 2 3 12 16 2 0 2 8 1 2 7 0 2 3 0 2 3 5 30 3 0 2 8 0 2 3 1 2 3 12 16 2 0 2 3 0 2 3 0 2 3 0 2 8 0 45.0787508487701416
5 31 3 5 30 3 12 16 2 5 30 3 12 16 2 5 30 3 0 2 3 0 2 7 0 2 7 0 2 7 5 31 3 0 2 10 16 30 2 1 2 7 0 2 7 0 2 3 0 2 7 13 6 3 1 2 7 0 2 4 0 2 7 0 2 10 12 16 2 1 2 7 6 2 7 0 2 7 1 2 7 17 18 2 0 2 7 0 2 7 0 2 10 1 2 7 0 2 7 0 2 7 17 18 2 1 2 7 0 2 10 12 16 2 16 30 2 1 2 7 0 41.4127426743507385
5 30 3 12 16 2 1 2 7 0 2 7 5 30 3 0 2 7 5 30 3 1 2 7 0 2 7 0 2 7 0 2 7 0 2 7 1 2 7 1 2 11 0 2 7 1 2 7 0 2 7 0 2 7 1 2 7 5 31 3 0 2 7 0 2 7 8 18 2 0 2 7 16 19 11 0 2 7 16 30 2 1 2 11 6 2 7 0 2 7 0 2 7 0 2 7 17 9 2 0 2 7 17 9 2 1 2 7 0 2 7 5 31 3 0 2 11 0 2 7 0 41.6182675957679749
5 30 3 12 16 2 0 2 7 0 2 4 0 2 7 5 30 3 12 16 2 5 30 3 1 2 7 1 2 7 5 30 3 1 2 11 0 2 7 0 2 7 1 2 7 0 2 4 1 2 11 1 2 3 0 2 7 0 2 7 0 2 7 0 2 4 0 2 11 1 2 11 0 2 7 0 2 11 1 2 7 1 2 10 0 2 3 17 9 2 17 18 2 8 9 2 0 2 4 0 2 11 1 2 7 17 9 2 0 2 3 0 2 7 8 18 2 16 9 11 0 42.0986077189445496

Current Evaluation = 3150(3150)
Front Size = 10
16 31 2 0 2 7 1 2 4 5 31 3 0 2 7 0 2 7 0 2 7 1 2 7 0 2 7 17 18 2 0 2 4 1 2 7 0 2 7 0 2 7 1 2 7 0 2 7 0 2 7 16 6 2 1 2 7 1 2 7 5 31 3 0 2 7 0 2 7 5 31 3 1 2 7 12 16 2 1 2 4 5 30 3 1 2 7 0 2 7 0 2 7 0 2 7 1 2 7 0 2 7 0 2 7 1 2 7 0 2 7 0 2 7 16 6 2 17 18 2 0 40.4265387058258057
5 30 3 12 16 2 0 2 7 5 30 3 0 2 7 0 2 3 0 2 11 0 2 7 0 2 7 0 2 7 0 2 7 0 2 3 1 2 1 0 2 3 0 2 3 0 2 7 12 16 2 1 2 7 0 2 11 0 2 11 5 30 3 5 30 3 1 2 7 17 9 2 0 2 7 0 2 3 16 31 2 0 2 7 0 2 3 0 2 7 6 2 3 5 30 3 8 9 2 16 18 11 1 2 3 16 30 2 1 2 4 1 2 7 1 2 7 12 16 2 0 42.5253358483314514
12 16 2 0 2 7 1 2 7 6 2 7 12 16 2 1 2 7 17 9 2 1 2 7 0 2 7 1 2 7 0 2 7 0 2 3 1 2 4 0 2 7 0 2 4 1 2 3 0 2 4 5 31 3 0 2 4 13 6 3 12 16 2 17 9 2 5 31 3 0 2 7 1 2 7 16 6 2 0 2 4 17 9 2 1 2 3 1 2 7 5 30 3 0 2 3 6 2 7 0 2 7 0 2 7 0 2 4 1 2 7 0 2 3 0 2 7 0 2 7 0 40.8362888097763062
5 30 3 12 16 2 0 2 7 5 30 3 0 2 10 1 2 11 0 2 7 0 2 10 1 2 7 0 2 7 0 2 7 1 2 7 0 2 7 12 16 2 0 2 7 0 2 11 0 2 4 5 30 3 5 30 3 1 2 11 17 9 2 1 2 7 1 2 7 8 9 2 0 2 7 0 2 7 1 2 7 0 2 7 0 2 7 0 2 7 0 2 11 16 6 2 8 18 2 1 2 7 0 2 3 5 31 3 17 18 2 16 30 2 0 2 7 0 2 7 0 41.7350486516952515
12 16 2 5 30 3 0 2 7 16 19 11 0 2 7 5 31 3 5 30 3 16 6 2 0 2 7 1 2 3 1 2 3 5 30 3 0 2 7 12 16 2 0 2 3 0 2 7 0 2 7 0 2 7 0 2 7 12 16 2 1 2 11 8 9 2 0 2 7 0 2 7 0 2 7 16 30 2 1 2 3 0 2 7 5 30 3 0 2 3 8 18 2 12 16 2 0 2 7 0 2 7 0 2 7 16 19 11 0 2 7 1 2 7 0 2 7 6 2 3 0 42.5853593349456787
5 31 3 12 16 2 1 2 3 0 2 7 0 2 7 12 16 2 5 31 3 0 2 11 0 2 7 1 2 3 1 2 7 0 2 7 0 2 7 0 2 7 1 2 7 0 2 7 0 2 7 0 2 7 1 2 7 0 2 7 13 6 3 0 2 7 1 2 7 0 2 7 0 2 3 5 30 3 12 16 2 17 18 2 0 2 7 1 2 7 1 2 7 0 2 7 1 2 3 0 2 7 1 2 7 16 9 11 0 2 7 1 2 3 17 9 2 16 6 2 0 41.241280734539032
5 30 3 0 2 11 12 16 2 0 2 7 16 6 2 0 2 7 0 2 7 5 31 3 12 16 2 5 31 3 5 30 3 1 2 7 0 2 11 6 2 7 5 30 3 0 2 7 8 9 2 5 30 3 0 2 7 0 2 11 0 2 7 1 2 11 0 2 11 0 2 7 0 2 11 0 2 7 6 2 11 6 2 11 6 2 7 17 18 2 0 2 11 0 2 7 0 2 7 0 2 7 6 2 11 17 18 2 0 2 7 0 2 7 16 19 11 1 2 7 0 42.6650099754333496
0 2 12 5 31 3 0 2 7 12 16 2 0 2 7 16 6 2 0 2 8 16 19 12 5 31 3 16 19 11 16 19 11 5 30 3 16 19 11 12 16 2 5 30 3 5 30 3 0 2 8 0 2 8 0 2 8 0 2 8 0 2 8 0 2 8 0 2 7 0 2 8 0 2 8 0 2 8 0 2 8 0 2 8 0 2 8 0 2 13 5 31 3 0 2 8 0 2 8 0 2 8 0 2 8 0 2 11 0 2 8 5 30 3 0 2 8 0 2 8 0 46.3962548971176147
16 19 11 12 16 2 0 2 7 1 2 7 1 2 4 0 2 7 12 16 2 12 16 2 5 31 3 0 2 7 0 2 7 1 2 11 1 2 7 0 2 7 0 2 7 0 2 7 17 9 2 6 2 7 5 31 3 5 30 3 0 2 7 0 2 7 8 9 2 0 2 7 0 2 7 0 2 7 1 2 7 0 2 7 0 2 7 0 2 7 16 6 2 5 31 3 6 2 7 5 30 3 0 2 7 6 2 3 0 2 7 0 2 7 16 6 2 0 2 7 0 41.7496664524078369
5 30 3 12 16 2 12 16 2 1 2 7 0 2 7 0 2 7 0 2 7 0 2 7 0 2 7 0 2 7 5 30 3 8 9 2 13 6 3 0 2 7 0 2 7 1 2 7 16 30 2 1 2 11 1 2 4 0 2 7 0 2 7 17 9 2 0 2 7 5 30 3 17 18 2 0 2 7 0 2 7 0 2 3 1 2 7 1 2 7 1 2 3 0 2 7 13 6 3 1 2 7 5 30 3 0 2 7 12 16 2 5 30 3 17 9 2 0 2 7 0 40.9019234180450439

Current Evaluation = 3600(3600)
Front Size = 10
16 31 2 0 2 7 1 2 7 5 31 3 0 2 7 1 2 7 0 2 7 1 2 7 0 2 7 17 18 2 0 2 7 1 2 7 0 2 7 0 2 7 1 2 7 0 2 7 0 2 7 16 6 2 1 2 7 1 2 7 5 31 3 0 2 7 0 2 7 5 31 3 1 2 7 0 2 7 0 2 7 5 30 3 1 2 7 0 2 7 0 2 7 0 2 7 1 2 7 0 2 7 0 2 7 1 2 7 0 2 7 0 2 7 16 6 2 17 18 2 0 40.3387407064437866
5 31 3 1 2 4 13 6 3 1 2 7 6 2 7 5 30 3 12 16 2 0 2 7 1 2 7 17 9 2 1 2 7 1 2 4 0 2 4 1 2 7 0 2 7 1 2 7 0 2 7 12 16 2 12 16 2 0 2 7 13 6 3 17 9 2 0 2 7 17 18 2 1 2 7 0 2 4 0 2 4 0 2 3 0 2 7 0 2 4 1 2 7 0 2 4 0 2 4 5 30 3 0 2 7 1 2 3 0 2 7 0 2 3 12 16 2 17 9 2 0 40.5796666741371155
5 30 3 12 16 2 0 2 11 16 6 2 0 2 7 1 2 7 5 30 3 12 16 2 5 30 3 0 2 7 0 2 7 8 9 2 1 2 7 0 2 7 0 2 7 1 2 7 16 31 2 0 2 7 0 2 7 0 2 7 8 18 2 0 2 7 0 2 7 1 2 7 12 16 2 0 2 7 0 2 7 0 2 7 12 16 2 5 30 3 5 30 3 0 2 7 0 2 7 0 2 7 0 2 7 1 2 7 13 6 3 17 9 2 12 16 2 16 19 11 0 41.7031662464141846
0 2 12 5 31 3 0 2 7 12 16 2 0 2 7 16 6 2 0 2 8 16 19 12 5 31 3 16 19 11 16 19 11 5 30 3 16 19 11 12 16 2 5 30 3 5 30 3 0 2 8 0 2 8 0 2 8 0 2 8 0 2 8 0 2 8 0 2 7 0 2 8 0 2 8 0 2 8 0 2 8 0 2 8 0 2 8 0 2 13 5 31 3 0 2 8 0 2 8 0 2 8 0 2 8 0 2 11 0 2 8 5 30 3 0 2 8 0 2 8 0 46.3962548971176147
5 30 3 12 16 2 5 30 3 1 2 7 0 2 7 0 2 7 1 2 7 0 2 7 12 16 2 0 2 3 1 2 7 5 30 3 0 2 3 0 2 3 0 2 3 17 9 2 0 2 3 16 6 2 0 2 3 0 2 3 0 2 7 1 2 7 0 2 7 0 2 3 5 30 3 0 2 3 8 18 2 0 2 7 0 2 10 1 2 3 1 2 3 1 2 7 16 30 2 8 18 2 1 2 11 16 6 2 0 2 3 5 30 3 0 2 7 0 2 10 0 42.2521786689758301
12 16 2 0 2 7 5 31 3 0 2 3 0 2 7 0 2 7 13 6 3 1 2 7 0 2 3 1 2 7 0 2 7 12 16 2 0 2 4 1 2 7 1 2 7 0 2 7 0 2 7 0 2 7 1 2 7 1 2 11 5 30 3 1 2 7 17 9 2 1 2 7 1 2 7 0 2 3 0 2 7 17 18 2 0 2 7 0 2 3 8 18 2 1 2 7 0 2 7 1 2 7 0 2 7 1 2 7 5 30 3 0 2 7 16 30 2 17 9 2 0 40.7531017065048218
5 30 3 0 2 7 5 30 3 0 2 7 0 2 7 5 30 3 12 16 2 12 16 2 5 31 3 1 2 7 0 2 11 0 2 7 0 2 7 0 2 7 17 9 2 13 6 3 0 2 8 0 2 8 0 2 12 1 2 4 1 2 7 0 2 8 17 9 2 0 2 13 17 18 2 0 2 7 16 19 11 1 2 7 0 2 8 0 2 7 16 6 2 1 2 7 0 2 8 1 2 3 1 2 7 0 2 4 1 2 7 0 2 8 17 18 2 0 2 8 0.0484752836668166584 42.1504300832748413
5 30 3 12 16 2 0 2 7 5 30 3 0 2 7 0 2 7 5 31 3 1 2 7 1 2 4 0 2 7 12 16 2 1 2 7 1 2 11 0 2 4 17 9 2 6 2 7 1 2 7 0 2 7 1 2 7 0 2 7 1 2 4 0 2 11 0 2 7 0 2 7 5 30 3 17 18 2 0 2 7 0 2 4 0 2 7 8 9 2 0 2 7 0 2 7 17 18 2 1 2 7 17 9 2 0 2 7 0 2 7 1 2 4 13 6 3 1 2 7 0 40.8493576645851135
12 16 2 0 2 3 6 2 7 5 31 3 0 2 7 1 2 3 0 2 7 0 2 7 13 6 3 0 2 7 5 31 3 0 2 7 0 2 7 0 2 7 12 16 2 0 2 7 5 30 3 0 2 3 1 2 7 0 2 7 1 2 7 0 2 7 1 2 7 0 2 7 1 2 3 5 30 3 0 2 7 17 9 2 1 2 3 0 2 7 1 2 7 0 2 4 16 6 2 0 2 7 0 2 7 17 18 2 1 2 3 1 2 7 16 6 2 0 2 3 0 41.140153706073761
5 30 3 12 16 2 5 30 3 12 16 2 0 2 7 0 2 11 1 2 7 1 2 7 12 16 2 1 2 3 1 2 7 17 9 2 16 6 2 0 2 7 0 2 3 0 2 3 1 2 7 8 18 2 0 2 4 1 2 11 5 31 3 1 2 7 1 2 4 0 2 7 12 16 2 0 2 7 0 2 7 0 2 3 8 18 2 0 2 4 0 2 7 0 2 7 0 2 7 0 2 7 16 24 2 8 18 2 0 2 7 16 6 2 12 16 2 0 2 7 0 41.6766306161880493

Current Evaluation = 4050(4050)
Front Size = 10
5 31 3 1 2 7 13 6 3 1 2 7 0 2 7 5 30 3 6 2 7 0 2 7 1 2 7 17 9 2 1 2 7 0 2 7 0 2 7 1 2 7 0 2 4 1 2 7 0 2 7 12 16 2 12 16 2 0 2 7 13 6 3 17 9 2 1 2 7 17 18 2 1 2 7 0 2 7 0 2 7 1 2 7 1 2 7 0 2 7 0 2 7 0 2 4 0 2 7 5 31 3 0 2 7 1 2 7 0 2 7 0 2 7 12 16 2 17 9 2 0 40.2815956473350525
5 30 3 12 16 2 5 30 3 12 16 2 0 2 7 0 2 11 1 2 7 1 2 7 12 16 2 1 2 3 1 2 7 17 9 2 16 6 2 0 2 7 0 2 3 0 2 3 1 2 7 8 18 2 0 2 4 1 2 11 5 31 3 1 2 7 1 2 4 0 2 7 12 16 2 0 2 7 0 2 7 0 2 3 8 18 2 0 2 4 0 2 7 0 2 7 0 2 7 0 2 7 16 24 2 8 18 2 0 2 7 16 6 2 12 16 2 0 2 7 0 41.6766306161880493
0 2 12 5 31 3 0 2 7 12 16 2 0 2 7 16 6 2 0 2 8 16 19 12 5 31 3 16 19 11 16 19 11 5 30 3 16 19 11 12 16 2 5 30 3 5 30 3 0 2 8 0 2 8 0 2 8 0 2 8 0 2 8 0 2 8 0 2 7 0 2 8 0 2 8 0 2 8 0 2 8 0 2 8 0 2 8 0 2 13 5 31 3 0 2 8 0 2 8 0 2 8 0 2 8 0 2 11 0 2 8 5 30 3 0 2 8 0 2 8 0 46.3962548971176147
0 2 7 0 2 7 0 2 7 5 30 3 5 31 3 0 2 7 17 9 2 0 2 7 5 30 3 0 2 7 1 2 4 1 2 7 12 16 2 12 16 2 1 2 7 16 15 2 12 16 2 13 6 3 1 2 7 0 2 7 0 2 7 1 2 7 8 9 2 0 2 7 8 18 2 0 2 7 0 2 7 6 2 7 0 2 7 0 2 7 12 16 2 0 2 7 0 2 7 1 2 4 16 30 2 0 2 4 0 2 7 5 30 3 12 16 2 17 9 2 0 41.1687934994697571
5 30 3 12 16 2 5 30 3 1 2 7 0 2 7 0 2 7 1 2 7 0 2 7 12 16 2 0 2 3 1 2 7 5 30 3 0 2 3 0 2 3 0 2 3 17 9 2 0 2 3 16 6 2 0 2 3 0 2 3 0 2 7 1 2 7 0 2 7 0 2 3 5 30 3 0 2 3 8 18 2 0 2 7 0 2 10 1 2 3 1 2 3 1 2 7 16 30 2 8 18 2 1 2 11 16 6 2 0 2 3 5 30 3 0 2 7 0 2 10 0 42.2521786689758301
5 30 3 12 16 2 0 2 7 6 2 7 5 31 3 0 2 7 0 2 7 0 2 7 16 6 2 0 2 7 6 2 7 6 2 7 0 2 7 0 2 7 0 2 7 1 2 7 1 2 3 12 16 2 0 2 4 1 2 7 0 2 7 1 2 7 0 2 7 13 6 3 17 9 2 0 2 7 16 6 2 0 2 7 0 2 7 0 2 7 5 31 3 17 18 2 12 16 2 5 31 3 5 30 3 0 2 7 0 2 7 0 2 7 1 2 7 1 2 4 0 40.982011616230011
5 30 3 0 2 7 5 30 3 0 2 7 0 2 7 5 30 3 12 16 2 12 16 2 5 31 3 1 2 7 0 2 11 0 2 7 0 2 7 0 2 7 17 9 2 13 6 3 0 2 8 0 2 8 0 2 12 1 2 4 1 2 7 0 2 8 17 9 2 0 2 13 17 18 2 0 2 7 16 19 11 1 2 7 0 2 8 0 2 7 16 6 2 1 2 7 0 2 8 1 2 3 1 2 7 0 2 4 1 2 7 0 2 8 17 18 2 0 2 8 0.0484752836668166584 42.1504300832748413
0 2 7 12 16 2 0 2 3 16 6 2 13 6 3 5 30 3 12 16 2 1 2 7 5 30 3 0 2 7 0 2 11 0 2 7 0 2 7 0 2 7 0 2 7 16 6 2 5 30 3 5 31 3 0 2 3 0 2 7 17 9 2 0 2 11 12 16 2 1 2 3 16 19 12 1 2 7 0 2 7 0 2 3 13 6 3 0 2 3 0 2 3 1 2 3 5 30 3 1 2 3 12 16 2 0 2 3 0 2 7 0 2 7 0 2 7 12 16 2 0 42.2828465700149536
5 30 3 12 16 2 0 2 7 5 30 3 0 2 7 0 2 7 16 6 2 12 16 2 5 31 3 5 31 3 5 30 3 0 2 7 0 2 7 0 2 7 1 2 7 0 2 7 16 19 11 6 2 3 0 2 7 0 2 7 0 2 7 16 19 11 1 2 3 0 2 3 5 31 3 0 2 7 0 2 7 0 2 7 0 2 7 16 6 2 0 2 7 0 2 7 0 2 7 16 19 11 0 2 7 0 2 7 0 2 7 0 2 7 1 2 7 0 2 7 0 42.4108452796936035
5 30 3 12 16 2 16 6 2 1 2 7 0 2 7 5 30 3 12 16 2 5 30 3 0 2 7 0 2 7 0 2 7 0 2 4 1 2 7 0 2 7 0 2 7 0 2 7 8 18 2 1 2 7 1 2 7 5 31 3 1 2 7 8 9 2 0 2 7 0 2 4 17 18 2 1 2 7 0 2 7 16 24 2 12 16 2 0 2 7 0 2 4 0 2 7 12 16 2 0 2 10 0 2 7 1 2 7 17 9 2 13 6 3 12 16 2 0 2 7 0 41.1809724569320679

Current Evaluation = 4500(4500)
Front Size = 10
5 31 3 1 2 7 13 6 3 1 2 7 0 2 7 5 30 3 6 2 7 0 2 7 1 2 7 17 9 2 1 2 7 0 2 7 0 2 7 1 2 7 0 2 4 1 2 7 0 2 7 12 16 2 12 16 2 0 2 7 13 6 3 17 9 2 1 2 7 17 18 2 1 2 7 0 2 7 0 2 7 1 2 7 1 2 7 0 2 7 0 2 7 0 2 4 0 2 7 5 31 3 0 2 7 1 2 7 0 2 7 0 2 7 12 16 2 17 9 2 0 40.2815956473350525
0 2 11 0 2 7 5 30 3 12 16 2 17 9 2 17 9 2 0 2 7 1 2 7 12 16 2 0 2 7 13 6 3 0 2 7 0 2 7 13 6 3 12 16 2 0 2 7 0 2 7 1 2 4 0 2 7 1 2 3 17 9 2 0 2 7 1 2 7 0 2 7 0 2 7 1 2 4 1 2 7 0 2 3 5 30 3 5 30 3 1 2 7 0 2 7 8 18 2 0 2 7 1 2 11 17 9 2 0 2 7 1 2 7 1 2 4 1 2 7 0 40.6077495813369751
5 31 3 0 2 7 5 30 3 0 2 7 0 2 7 12 16 2 12 16 2 5 30 3 0 2 7 0 2 7 0 2 7 5 31 3 6 2 7 17 9 2 5 30 3 0 2 7 1 2 7 0 2 7 0 2 7 0 2 7 5 31 3 16 6 2 6 2 7 0 2 7 16 6 2 0 2 7 1 2 11 0 2 7 0 2 7 0 2 7 0 2 7 0 2 7 16 19 11 0 2 7 0 2 7 0 2 7 1 2 7 0 2 7 0 2 7 17 1 2 0 41.6497724056243896
6 2 7 0 2 7 0 2 7 5 30 3 5 30 3 12 16 2 17 9 2 6 3 2 5 31 3 8 9 2 1 2 7 12 16 2 12 16 2 0 2 7 12 16 2 13 6 3 0 2 7 0 2 7 0 2 7 0 2 4 0 2 7 12 16 2 5 30 3 12 16 2 6 2 7 16 31 2 0 2 7 0 2 7 0 2 4 17 18 2 6 2 7 1 2 7 0 2 7 1 2 7 0 2 7 6 2 4 0 2 4 1 2 7 1 2 7 17 9 2 0 41.0766184329986572
0 2 12 5 31 3 0 2 7 12 16 2 0 2 7 16 6 2 0 2 8 16 19 12 5 31 3 16 19 11 16 19 11 5 30 3 16 19 11 12 16 2 5 30 3 5 30 3 0 2 8 0 2 8 0 2 8 0 2 8 0 2 8 0 2 8 0 2 7 0 2 8 0 2 8 0 2 8 0 2 8 0 2 8 0 2 8 0 2 13 5 31 3 0 2 8 0 2 8 0 2 8 0 2 8 0 2 11 0 2 8 5 30 3 0 2 8 0 2 8 0 46.3962548971176147
5 30 3 12 16 2 5 30 3 1 2 7 0 2 7 0 2 7 1 2 7 0 2 7 12 16 2 0 2 3 1 2 7 5 30 3 0 2 3 0 2 3 0 2 3 17 9 2 0 2 3 16 6 2 0 2 3 0 2 3 0 2 7 1 2 7 0 2 7 0 2 3 5 30 3 0 2 3 8 18 2 0 2 7 0 2 10 1 2 3 1 2 3 1 2 7 16 30 2 8 18 2 1 2 11 16 6 2 0 2 3 5 30 3 0 2 7 0 2 10 0 42.2521786689758301
0 2 7 0 2 7 0 2 7 1 2 4 5 30 3 0 2 7 17 9 2 6 2 4 5 30 3 1 2 4 6 2 4 12 16 2 12 16 2 0 2 7 12 16 2 13 6 3 1 2 7 0 2 7 0 2 7 0 2 7 17 9 2 0 2 7 0 2 7 1 2 4 0 2 7 12 16 2 1 2 4 5 31 3 12 16 2 8 9 2 0 2 7 17 18 2 8 18 2 1 2 7 16 15 2 0 2 7 0 2 7 0 2 7 0 2 7 1 2 7 0 40.9925075769424438
12 16 2 0 2 7 1 2 7 0 2 4 5 31 3 17 9 2 1 2 7 1 2 4 8 9 2 0 2 4 0 2 4 0 2 4 1 2 7 0 2 7 1 2 7 12 16 2 12 16 2 1 2 7 1 2 7 17 18 2 0 2 7 1 2 7 0 2 7 0 2 7 1 2 7 0 2 7 6 2 7 0 2 7 12 16 2 12 16 2 6 3 2 1 2 7 16 18 11 0 2 7 0 2 7 5 31 3 0 2 7 5 31 3 17 18 2 0 2 7 0 41.417258620262146
5 30 3 12 16 2 5 31 3 0 2 7 6 2 4 0 2 7 1 2 7 0 2 7 0 2 7 0 2 7 1 2 7 5 30 3 17 9 2 0 2 7 1 2 7 0 2 7 8 18 2 0 2 7 1 2 11 1 2 7 1 2 11 0 2 4 0 2 7 12 16 2 0 2 7 1 2 7 1 2 4 0 2 7 0 2 7 0 2 11 5 30 3 0 2 7 0 2 7 17 9 2 1 2 11 8 18 2 16 19 11 0 2 4 17 18 2 0 2 7 0 41.7166125178337097
5 31 3 0 2 7 12 16 2 0 2 7 5 30 3 12 16 2 5 30 3 5 30 3 0 2 7 0 2 7 1 2 7 0 2 7 16 18 11 9 3 2 0 2 3 1 2 7 0 2 7 1 2 4 12 16 2 1 2 7 0 2 7 16 31 2 0 2 7 1 2 7 6 2 7 17 9 2 17 18 2 0 2 7 0 2 7 0 2 7 0 2 7 0 2 7 1 2 7 1 2 7 0 2 7 0 2 7 12 16 2 0 2 3 1 2 7 15 2 11 0 41.8377244472503662

Current Evaluation = 4950(4950)
Front Size = 10
5 31 3 1 2 7 13 6 3 1 2 7 0 2 7 5 30 3 6 2 7 0 2 7 1 2 7 17 9 2 1 2 7 0 2 7 0 2 7 1 2 7 0 2 4 1 2 7 0 2 7 12 16 2 12 16 2 0 2 7 13 6 3 17 9 2 1 2 7 17 18 2 1 2 7 0 2 7 0 2 7 1 2 7 1 2 7 0 2 7 0 2 7 0 2 4 0 2 7 5 31 3 0 2 7 1 2 7 0 2 7 0 2 7 12 16 2 17 9 2 0 40.2815956473350525
5 30 3 12 16 2 5 30 3 1 2 7 0 2 7 0 2 7 1 2 7 0 2 7 12 16 2 0 2 3 1 2 7 5 30 3 0 2 3 0 2 3 0 2 3 17 9 2 0 2 3 16 6 2 0 2 3 0 2 3 0 2 7 1 2 7 0 2 7 0 2 3 5 30 3 0 2 3 8 18 2 0 2 7 0 2 10 1 2 3 1 2 3 1 2 7 16 30 2 8 18 2 1 2 11 16 6 2 0 2 3 5 30 3 0 2 7 0 2 10 0 42.2521786689758301
0 2 7 0 2 7 0 2 7 1 2 4 5 30 3 0 2 7 17 9 2 6 2 4 5 30 3 1 2 4 6 2 4 12 16 2 12 16 2 0 2 7 12 16 2 13 6 3 1 2 7 0 2 7 0 2 7 0 2 7 17 9 2 0 2 7 0 2 7 1 2 4 0 2 7 12 16 2 1 2 4 5 31 3 12 16 2 8 9 2 0 2 7 17 18 2 8 18 2 1 2 7 16 15 2 0 2 7 0 2 7 0 2 7 0 2 7 1 2 7 0 40.9925075769424438
5 30 3 1 2 4 13 6 3 1 2 4 0 2 7 5 30 3 17 9 2 1 2 7 17 9 2 1 2 7 0 2 4 0 2 7 1 2 7 1 2 7 0 2 7 12 16 2 12 16 2 0 2 7 13 6 3 1 2 7 17 18 2 1 2 3 0 2 7 0 2 7 0 2 7 0 2 7 0 2 7 0 2 7 1 2 7 0 2 7 12 16 2 0 2 7 0 2 7 17 9 2 1 2 11 1 2 11 0 2 3 0 2 7 5 30 3 8 9 2 0 40.6077494621276855
0 2 12 5 31 3 0 2 7 12 16 2 0 2 7 16 6 2 0 2 8 16 19 12 5 31 3 16 19 11 16 19 11 5 30 3 16 19 11 12 16 2 5 30 3 5 30 3 0 2 8 0 2 8 0 2 8 0 2 8 0 2 8 0 2 8 0 2 7 0 2 8 0 2 8 0 2 8 0 2 8 0 2 8 0 2 8 0 2 13 5 31 3 0 2 8 0 2 8 0 2 8 0 2 8 0 2 11 0 2 8 5 30 3 0 2 8 0 2 8 0 46.3962548971176147
1 2 7 1 2 7 0 2 7 5 30 3 0 2 7 1 2 11 17 9 2 1 2 7 0 2 7 0 2 7 1 2 7 0 2 4 12 16 2 12 16 2 0 2 7 0 2 7 0 2 7 0 2 7 5 30 3 0 2 7 8 18 2 5 31 3 17 9 2 0 2 7 0 2 7 1 2 7 0 2 7 0 2 7 0 2 7 0 2 7 16 6 2 0 2 7 0 2 7 5 30 3 1 2 7 1 2 7 0 2 7 16 6 2 8 18 2 5 31 3 0 41.3639044761657715
0 2 7 0 2 7 0 2 7 0 2 4 5 30 3 1 2 7 17 9 2 5 30 3 12 16 2 12 16 2 0 2 7 13 6 3 0 2 7 1 2 7 0 2 10 1 2 7 1 2 7 17 18 2 0 2 7 0 2 4 13 6 3 0 2 7 0 2 4 5 30 3 0 2 7 5 31 3 12 16 2 0 2 7 0 2 7 1 2 7 0 2 7 0 2 7 17 9 2 6 2 4 17 18 2 12 16 2 1 2 4 1 2 7 0 2 10 1 2 7 0 40.7794135212898254
5 31 3 0 2 7 1 2 7 1 2 7 17 9 2 0 2 3 1 2 7 1 2 3 0 2 7 1 2 7 0 2 7 0 2 7 1 2 7 1 2 7 0 2 7 1 2 3 0 2 7 0 2 7 1 2 7 0 2 3 0 2 7 0 2 7 16 6 2 16 6 2 0 2 3 1 2 3 5 30 3 1 2 7 0 2 7 0 2 7 12 16 2 0 2 4 8 18 2 0 2 7 5 31 3 1 2 7 0 2 7 0 2 3 17 9 2 0 2 7 0 41.0997598171234131
0 2 7 0 2 7 0 2 7 5 30 3 0 2 7 17 9 2 5 31 3 12 16 2 12 16 2 0 2 7 0 2 7 1 2 7 0 2 7 1 2 7 1 2 7 0 2 7 0 2 7 5 30 3 0 2 7 0 2 7 1 2 7 13 6 3 17 18 2 0 2 7 13 6 3 16 6 2 0 2 7 5 30 3 1 2 7 1 2 7 0 2 7 0 2 7 0 2 7 1 2 7 0 2 7 17 18 2 12 16 2 8 18 2 1 2 7 5 30 3 0 40.7579793930053711
0 2 7 0 2 7 0 2 7 0 2 7 5 30 3 0 2 4 17 9 2 5 31 3 0 2 4 12 16 2 12 16 2 1 2 7 12 16 2 13 6 3 1 2 7 1 2 7 1 2 7 1 2 7 0 2 7 0 2 7 8 9 2 1 2 7 6 2 7 0 2 7 17 18 2 0 2 7 1 2 7 0 2 4 0 2 4 0 2 7 5 30 3 12 16 2 1 2 7 0 2 7 12 16 2 8 9 2 17 18 2 16 32 2 1 2 7 0 2 7 0 40.8980275988578796

Current Evaluation = 5400(5400)
Front Size = 10
1 2 7 1 2 7 0 2 4 5 31 3 1 2 7 17 9 2 12 16 2 12 16 2 0 2 7 13 6 3 0 2 4 1 2 7 0 2 7 17 18 2 0 2 7 0 2 7 0 2 7 5 31 3 1 2 7 0 2 7 1 2 7 0 2 7 17 9 2 0 2 7 0 2 7 0 2 7 0 2 7 0 2 7 6 2 7 17 9 2 1 2 7 13 6 3 12 16 2 5 30 3 1 2 7 1 2 7 1 2 7 0 2 7 0 2 7 1 2 7 0 40.2815956473350525
0 2 7 0 2 7 0 2 7 1 2 4 5 30 3 0 2 7 17 9 2 6 2 4 5 30 3 1 2 4 6 2 4 12 16 2 12 16 2 0 2 7 12 16 2 13 6 3 1 2 7 0 2 7 0 2 7 0 2 7 17 9 2 0 2 7 0 2 7 1 2 4 0 2 7 12 16 2 1 2 4 5 31 3 12 16 2 8 9 2 0 2 7 17 18 2 8 18 2 1 2 7 16 15 2 0 2 7 0 2 7 0 2 7 0 2 7 1 2 7 0 40.9925075769424438
5 30 3 0 2 7 0 2 7 17 9 2 1 2 7 0 2 7 0 2 7 1 2 4 1 2 4 0 2 4 0 2 7 1 2 7 1 2 7 1 2 7 0 2 4 0 2 7 0 2 7 5 31 3 1 2 11 0 2 7 12 16 2 17 9 2 0 2 7 17 18 2 0 2 7 13 6 3 0 2 7 0 2 4 0 2 7 12 16 2 1 2 7 5 30 3 0 2 7 1 2 7 8 9 2 0 2 7 1 2 7 17 18 2 1 2 4 1 2 7 0 40.4922696352005005
5 30 3 6 2 11 5 30 3 0 2 7 6 2 7 0 2 7 1 2 7 0 2 7 5 31 3 16 6 2 0 2 7 0 2 11 1 2 7 5 31 3 0 2 7 1 2 7 0 2 7 17 18 2 0 2 7 0 2 7 1 2 7 0 2 7 0 2 7 1 2 7 16 6 2 5 30 3 0 2 7 1 2 7 17 9 2 5 31 3 0 2 7 1 2 7 13 6 3 0 2 7 17 18 2 0 2 7 0 2 7 0 2 7 0 2 7 0 2 7 0 40.789614737033844
0 2 12 5 31 3 0 2 7 12 16 2 0 2 7 16 6 2 0 2 8 16 19 12 5 31 3 16 19 11 16 19 11 5 30 3 16 19 11 12 16 2 5 30 3 5 30 3 0 2 8 0 2 8 0 2 8 0 2 8 0 2 8 0 2 8 0 2 7 0 2 8 0 2 8 0 2 8 0 2 8 0 2 8 0 2 8 0 2 13 5 31 3 0 2 8 0 2 8 0 2 8 0 2 8 0 2 11 0 2 8 5 30 3 0 2 8 0 2 8 0 46.3962548971176147
5 30 3 0 2 7 12 16 2 0 2 3 5 30 3 17 18 2 0 2 7 0 2 3 16 6 2 16 19 11 16 19 12 0 2 7 8 18 2 1 2 7 1 2 7 0 2 3 5 31 3 1 2 7 1 2 7 0 2 7 0 2 3 1 2 7 16 6 2 0 2 3 0 2 7 1 2 7 0 2 3 0 2 7 0 2 7 1 2 7 5 30 3 0 2 7 0 2 7 0 2 3 0 2 7 0 2 7 0 2 7 5 31 3 1 2 7 0 2 3 0 42.1182186603546143
1 2 4 0 2 7 1 2 7 5 30 3 6 2 7 17 9 2 12 16 2 12 16 2 0 2 7 13 6 3 1 2 7 17 18 2 1 2 7 0 2 7 5 31 3 12 16 2 0 2 7 0 2 4 0 2 7 17 9 2 0 2 7 5 31 3 0 2 7 0 2 4 1 2 4 1 2 7 1 2 7 0 2 7 17 18 2 0 2 4 1 2 7 1 2 7 0 2 3 0 2 7 1 2 7 0 2 7 0 2 4 1 2 7 0 2 4 0 2 4 0 40.6237867474555969
0 2 11 0 2 7 0 2 3 5 30 3 0 2 7 17 9 2 12 16 2 1 2 7 1 2 7 1 2 7 0 2 3 17 18 2 17 18 2 1 2 7 0 2 7 0 2 3 5 30 3 1 2 7 0 2 7 0 2 3 1 2 7 0 2 7 17 9 2 1 2 7 0 2 7 0 2 12 1 2 7 5 30 3 0 2 7 1 2 7 1 2 7 0 2 7 8 9 2 13 6 3 0 2 7 12 16 2 0 2 7 1 2 7 13 6 3 1 2 7 0 40.6627997159957886
0 2 7 0 2 7 0 2 7 5 30 3 0 2 7 17 9 2 12 16 2 12 16 2 0 2 7 0 2 7 13 6 3 0 2 7 1 2 7 0 2 11 0 2 7 17 9 2 0 2 7 0 2 7 8 1 2 5 30 3 1 2 7 17 18 2 1 2 7 0 2 7 0 2 7 1 2 7 0 2 7 5 30 3 5 30 3 1 2 7 1 2 7 0 2 7 12 16 2 1 2 7 1 2 7 8 9 2 17 9 2 0 2 7 0 2 7 1 2 7 0 40.9730443954467773
0 2 7 1 2 7 0 2 4 5 30 3 1 2 7 17 9 2 12 16 2 12 16 2 0 2 7 13 6 3 0 2 7 0 2 7 1 2 7 17 18 2 1 2 7 0 2 7 0 2 4 5 31 3 0 2 7 0 2 7 0 2 7 0 2 7 0 2 7 17 9 2 1 2 7 1 2 7 0 2 7 1 2 7 1 2 7 0 2 7 0 2 4 0 2 4 1 2 7 8 18 2 1 2 11 1 2 4 5 30 3 17 9 2 0 2 4 1 2 7 0 40.4922696352005005

Current Evaluation = 5850(5850)
Front Size = 10
1 2 7 1 2 7 0 2 4 5 31 3 1 2 7 17 9 2 12 16 2 12 16 2 0 2 7 13 6 3 0 2 4 1 2 7 0 2 7 17 18 2 0 2 7 0 2 7 0 2 7 5 31 3 1 2 7 0 2 7 1 2 7 0 2 7 17 9 2 0 2 7 0 2 7 0 2 7 0 2 7 0 2 7 6 2 7 17 9 2 1 2 7 13 6 3 12 16 2 5 30 3 1 2 7 1 2 7 1 2 7 0 2 7 0 2 7 1 2 7 0 40.2815956473350525
0 2 7 12 16 2 0 2 7 17 18 2 1 2 7 16 6 2 0 2 7 0 2 7 1 2 7 5 31 3 1 2 7 1 2 7 1 2 7 0 2 7 16 6 2 0 2 7 1 2 4 0 2 7 0 2 7 0 2 7 0 2 7 0 2 4 12 16 2 0 2 7 5 31 3 5 31 3 0 2 7 5 30 3 0 2 7 0 2 7 16 19 13 0 2 7 16 19 13 0 2 7 0 2 7 0 2 7 0 2 7 5 31 3 0 2 7 0 2 7 0 41.7278256416320801
5 30 3 0 2 7 12 16 2 0 2 3 5 30 3 17 18 2 0 2 7 0 2 3 16 6 2 16 19 11 16 19 12 0 2 7 8 18 2 1 2 7 1 2 7 0 2 3 5 31 3 1 2 7 1 2 7 0 2 7 0 2 3 1 2 7 16 6 2 0 2 3 0 2 7 1 2 7 0 2 3 0 2 7 0 2 7 1 2 7 5 30 3 0 2 7 0 2 7 0 2 3 0 2 7 0 2 7 0 2 7 5 31 3 1 2 7 0 2 3 0 42.1182186603546143
0 2 12 5 31 3 0 2 7 12 16 2 0 2 7 16 6 2 0 2 8 16 19 12 5 31 3 16 19 11 16 19 11 5 30 3 16 19 11 12 16 2 5 30 3 5 30 3 0 2 8 0 2 8 0 2 8 0 2 8 0 2 8 0 2 8 0 2 7 0 2 8 0 2 8 0 2 8 0 2 8 0 2 8 0 2 8 0 2 13 5 31 3 0 2 8 0 2 8 0 2 8 0 2 8 0 2 11 0 2 8 5 30 3 0 2 8 0 2 8 0 46.3962548971176147
0 2 11 0 2 7 0 2 3 5 30 3 0 2 7 17 9 2 12 16 2 1 2 7 1 2 7 1 2 7 0 2 3 17 18 2 17 18 2 1 2 7 0 2 7 0 2 3 5 30 3 1 2 7 0 2 7 0 2 3 1 2 7 0 2 7 17 9 2 1 2 7 0 2 7 0 2 12 1 2 7 5 30 3 0 2 7 1 2 7 1 2 7 0 2 7 8 9 2 13 6 3 0 2 7 12 16 2 0 2 7 1 2 7 13 6 3 1 2 7 0 40.6627997159957886
5 30 3 0 2 7 0 2 7 17 9 2 0 2 7 0 2 7 0 2 7 0 2 7 1 2 7 1 2 7 0 2 7 0 2 7 5 31 3 0 2 7 0 2 7 0 2 7 5 30 3 0 2 7 13 6 3 1 2 7 1 2 7 17 18 2 1 2 7 1 2 7 1 2 7 17 9 2 1 2 7 0 2 4 1 2 4 12 16 2 0 2 7 1 2 7 0 2 4 13 6 3 0 2 7 5 30 3 0 2 7 0 2 7 17 18 2 12 16 2 0 40.3689725399017334
0 2 7 5 31 3 17 18 2 0 2 3 1 2 7 0 2 7 0 2 7 0 2 7 0 2 7 0 2 7 0 2 7 0 2 7 1 2 7 0 2 7 1 2 7 0 2 7 1 2 3 17 9 2 0 2 7 1 2 7 0 2 7 5 31 3 0 2 7 1 2 7 13 6 3 1 2 7 16 6 2 6 2 7 17 18 2 5 31 3 1 2 7 12 16 2 1 2 7 0 2 7 0 2 7 1 2 7 5 31 3 16 6 2 0 2 7 0 2 7 0 40.5398088097572327
1 2 7 0 2 7 1 2 7 5 30 3 0 2 7 17 9 2 12 16 2 12 16 2 0 2 7 13 6 3 1 2 7 17 18 2 6 2 7 1 2 7 5 31 3 12 16 2 0 2 7 0 2 4 0 2 7 17 9 2 0 2 7 5 30 3 0 2 7 13 6 3 1 2 7 1 2 3 1 2 7 0 2 3 17 18 2 0 2 4 1 2 7 1 2 7 0 2 3 0 2 7 1 2 7 0 2 7 0 2 4 1 2 7 0 2 4 0 2 7 0 40.4413166642189026
0 2 7 12 16 2 5 31 3 17 18 2 1 2 4 0 2 7 1 2 7 1 2 7 12 16 2 12 16 2 0 2 4 0 2 7 0 2 7 0 2 7 0 2 7 0 2 7 0 2 7 1 2 7 0 2 7 0 2 7 0 2 7 1 2 11 12 16 2 17 9 2 0 2 7 1 2 11 0 2 7 0 2 7 8 9 2 1 2 4 5 31 3 0 2 7 1 2 7 13 6 3 6 2 7 16 6 2 5 30 3 17 18 2 0 2 4 1 2 4 0 40.9213505387306213
1 2 4 0 2 7 1 2 7 5 30 3 0 2 7 17 9 2 12 16 2 12 16 2 0 2 7 13 6 3 0 2 7 17 18 2 1 2 4 0 2 7 5 30 3 6 2 3 0 2 3 0 2 7 0 2 7 17 9 2 0 2 7 5 31 3 0 2 7 0 2 4 1 2 7 1 2 7 1 2 7 0 2 7 17 18 2 0 2 4 0 2 7 1 2 7 0 2 7 0 2 4 1 2 7 0 2 7 1 2 4 1 2 4 1 2 7 15 2 11 0 40.5759546756744385

Current Evaluation = 6300(6300)
Front Size = 10
5 31 3 0 2 7 0 2 7 5 31 3 1 2 7 17 9 2 12 16 2 12 16 2 1 2 7 13 6 3 1 2 7 1 2 4 0 2 7 17 18 2 0 2 7 0 2 7 1 2 7 1 2 7 0 2 7 1 2 7 0 2 7 17 9 2 0 2 7 0 2 7 0 2 7 1 2 7 0 2 7 0 2 7 13 6 3 12 16 2 5 30 3 1 2 7 0 2 7 1 2 4 6 2 7 17 9 2 0 2 7 1 2 7 0 2 7 0 2 7 0 40.2815956473350525
0 2 12 5 31 3 0 2 7 12 16 2 0 2 7 16 6 2 0 2 8 16 19 12 5 31 3 16 19 11 16 19 11 5 30 3 16 19 11 12 16 2 5 30 3 5 30 3 0 2 8 0 2 8 0 2 8 0 2 8 0 2 8 0 2 8 0 2 7 0 2 8 0 2 8 0 2 8 0 2 8 0 2 8 0 2 8 0 2 13 5 31 3 0 2 8 0 2 8 0 2 8 0 2 8 0 2 11 0 2 8 5 30 3 0 2 8 0 2 8 0 46.3962548971176147
5 31 3 0 2 7 0 2 4 5 31 3 1 2 7 17 9 2 12 16 2 1 2 7 13 6 3 1 2 7 1 2 4 0 2 7 17 18 2 0 2 7 0 2 7 1 2 7 1 2 7 0 2 7 1 2 7 0 2 4 17 9 2 0 2 4 0 2 4 0 2 7 1 2 7 0 2 7 0 2 3 5 30 3 1 2 7 0 2 7 6 2 4 1 2 7 0 2 7 12 16 2 1 2 7 0 2 7 1 2 7 0 2 4 17 9 2 0 2 7 0 40.425436794757843
0 2 7 12 16 2 5 31 3 17 18 2 0 2 7 0 2 7 1 2 7 0 2 7 0 2 7 0 2 7 0 2 7 0 2 7 6 2 7 1 2 7 0 2 7 0 2 7 0 2 7 17 9 2 0 2 7 0 2 7 0 2 7 5 31 3 0 2 7 1 2 3 13 6 3 0 2 7 16 6 2 17 18 2 1 2 7 5 31 3 1 2 7 1 2 7 1 2 7 1 2 7 1 2 3 5 31 3 0 2 7 16 6 2 0 2 7 1 2 7 0 40.5398088097572327
0 2 7 0 2 7 5 31 3 0 2 7 17 9 2 12 16 2 1 2 7 1 2 7 0 2 7 0 2 7 17 18 2 17 18 2 1 2 7 0 2 7 5 30 3 1 2 7 1 2 4 0 2 4 1 2 7 17 9 2 0 2 7 0 2 7 0 2 4 0 2 7 0 2 7 1 2 4 0 2 3 13 6 3 0 2 7 12 16 2 0 2 7 13 6 3 1 2 7 0 2 7 1 2 3 0 2 4 5 30 3 12 16 2 1 2 7 1 2 7 0 40.4155756235122681
0 2 11 0 2 7 0 2 3 5 30 3 0 2 7 17 9 2 12 16 2 1 2 7 1 2 7 1 2 7 0 2 3 17 18 2 17 18 2 1 2 7 0 2 7 0 2 3 5 30 3 1 2 7 0 2 7 0 2 3 1 2 7 0 2 7 17 9 2 1 2 7 0 2 7 0 2 12 1 2 7 5 30 3 0 2 7 1 2 7 1 2 7 0 2 7 8 9 2 13 6 3 0 2 7 12 16 2 0 2 7 1 2 7 13 6 3 1 2 7 0 40.6627997159957886
0 2 7 0 2 7 17 9 2 12 16 2 1 2 7 0 2 4 0 2 7 5 31 3 17 18 2 1 2 3 1 2 7 1 2 7 0 2 7 0 2 7 0 2 7 0 2 7 0 2 7 1 2 4 0 2 7 13 6 3 1 2 7 0 2 4 0 2 7 1 2 7 5 30 3 0 2 7 0 2 7 1 2 4 17 9 2 1 2 7 1 2 7 5 31 3 0 2 4 6 2 7 0 2 4 17 9 2 1 2 4 12 16 2 1 2 7 0 2 7 0 40.425436794757843
0 2 7 0 2 7 17 9 2 12 16 2 1 2 7 0 2 7 0 2 7 5 31 3 17 18 2 1 2 7 1 2 7 1 2 7 0 2 7 0 2 7 0 2 7 0 2 4 0 2 7 0 2 7 1 2 7 0 2 7 13 6 3 1 2 7 0 2 7 0 2 7 1 2 7 5 30 3 0 2 7 0 2 7 0 2 4 1 2 4 17 9 2 1 2 7 5 30 3 0 2 4 1 2 7 17 18 2 5 31 3 1 2 7 6 2 4 0 2 7 0 40.4788337349891663
0 2 7 0 2 7 5 31 3 17 18 2 1 2 7 0 2 7 1 2 11 1 2 4 0 2 7 12 16 2 0 2 7 0 2 7 0 2 7 1 2 4 0 2 7 0 2 7 0 2 7 1 2 7 1 2 4 0 2 7 0 2 7 1 2 4 12 16 2 0 2 4 1 2 7 0 2 7 17 9 2 0 2 7 8 9 2 13 6 3 5 30 3 17 18 2 0 2 4 5 30 3 17 9 2 1 2 7 1 2 7 0 2 7 1 2 7 1 2 7 0 40.4922696352005005
0 2 7 5 30 3 0 2 7 17 9 2 12 16 2 1 2 7 1 2 7 1 2 7 17 18 2 1 2 7 0 2 7 5 30 3 1 2 7 0 2 7 1 2 7 0 2 7 17 9 2 1 2 7 0 2 7 1 2 7 5 30 3 0 2 7 1 2 7 0 2 7 13 6 3 0 2 7 12 16 2 0 2 7 13 6 3 0 2 11 0 2 7 0 2 4 1 2 4 0 2 4 0 2 3 0 2 7 1 2 7 8 9 2 0 2 7 0 2 7 0.000709876842931762928 40.3629046678543091

Current Evaluation = 6750(6750)
Front Size = 10
5 31 3 0 2 4 0 2 7 0 2 7 17 9 2 16 6 2 1 2 11 0 2 7 1 2 7 1 2 7 0 2 7 17 18 2 0 2 7 0 2 7 1 2 7 0 2 7 0 2 7 0 2 7 17 9 2 0 2 7 1 2 7 1 2 7 0 2 7 5 31 3 1 2 7 0 2 7 1 2 7 0 2 7 0 2 7 1 2 7 1 2 7 0 2 7 0 2 7 5 31 3 1 2 7 17 9 2 1 2 7 13 6 3 0 2 7 1 2 7 0 40.0670827627182007
0 2 7 0 2 7 5 31 3 0 2 7 17 9 2 12 16 2 1 2 7 1 2 7 0 2 7 0 2 7 17 18 2 17 18 2 1 2 7 0 2 7 1 2 7 1 2 7 0 2 7 0 2 7 0 2 7 0 2 7 13 6 3 0 2 7 0 2 7 1 2 7 0 2 7 1 2 7 1 2 7 1 2 7 5 30 3 1 2 7 0 2 4 17 9 2 0 2 7 1 2 4 5 31 3 12 16 2 13 6 3 0 2 7 6 2 7 12 16 2 0 40.2815956473350525
0 2 7 0 2 7 5 31 3 0 2 7 17 9 2 12 16 2 1 2 7 1 2 7 0 2 7 0 2 7 17 18 2 17 18 2 1 2 7 0 2 7 5 30 3 1 2 7 1 2 4 0 2 4 1 2 7 17 9 2 0 2 7 0 2 7 0 2 4 0 2 7 0 2 7 1 2 4 0 2 3 13 6 3 0 2 7 12 16 2 0 2 7 13 6 3 1 2 7 0 2 7 1 2 3 0 2 4 5 30 3 12 16 2 1 2 7 1 2 7 0 40.4155756235122681
1 2 3 1 2 4 12 16 2 0 2 7 5 30 3 5 30 3 12 16 2 0 2 11 0 2 7 0 2 7 0 2 7 0 2 7 16 19 11 17 9 2 16 19 11 1 2 10 5 30 3 0 2 7 1 2 7 0 2 7 8 9 2 0 2 7 0 2 7 0 2 7 0 2 7 6 2 3 0 2 7 0 2 3 0 2 7 0 2 7 8 18 2 0 2 7 5 30 3 0 2 11 1 2 7 17 18 2 1 2 3 5 30 3 1 2 3 0 2 7 0 42.5249395370483398
0 2 11 0 2 7 0 2 3 5 30 3 0 2 7 17 9 2 12 16 2 1 2 7 1 2 7 1 2 7 0 2 3 17 18 2 17 18 2 1 2 7 0 2 7 0 2 3 5 30 3 1 2 7 0 2 7 0 2 3 1 2 7 0 2 7 17 9 2 1 2 7 0 2 7 0 2 12 1 2 7 5 30 3 0 2 7 1 2 7 1 2 7 0 2 7 8 9 2 13 6 3 0 2 7 12 16 2 0 2 7 1 2 7 13 6 3 1 2 7 0 40.6627997159957886
0 2 12 5 31 3 0 2 7 12 16 2 0 2 7 16 6 2 0 2 8 16 19 12 5 31 3 16 19 11 16 19 11 5 30 3 16 19 11 12 16 2 5 30 3 5 30 3 0 2 8 0 2 8 0 2 8 0 2 8 0 2 8 0 2 8 0 2 7 0 2 8 0 2 8 0 2 8 0 2 8 0 2 8 0 2 8 0 2 13 5 31 3 0 2 8 0 2 8 0 2 8 0 2 8 0 2 11 0 2 8 5 30 3 0 2 8 0 2 8 0 46.3962548971176147
5 31 3 0 2 7 0 2 7 5 31 3 12 16 2 0 2 7 5 30 3 12 16 2 0 2 8 0 2 8 0 2 11 13 6 3 1 2 7 1 2 7 17 18 2 16 19 11 0 2 8 1 2 7 0 2 7 1 2 4 0 2 7 17 9 2 0 2 8 0 2 8 0 2 8 0 2 8 0 2 8 0 2 8 0 2 13 0 2 8 0 2 12 0 2 7 0 2 7 0 2 8 6 2 7 16 6 2 0 2 7 5 31 3 12 16 2 0 2 7 0.0022808250860965767 43.4286414980888367
0 2 7 0 2 7 0 2 7 1 2 7 1 2 7 0 2 7 0 2 7 0 2 7 12 16 2 1 2 7 0 2 7 0 2 4 0 2 7 0 2 7 0 2 7 1 2 7 1 2 7 0 2 7 1 2 7 17 9 2 17 18 2 17 18 2 5 31 3 1 2 7 1 2 7 0 2 7 1 2 7 1 2 7 0 2 7 0 2 7 0 2 7 13 6 3 1 2 7 1 2 7 8 18 2 5 31 3 17 9 2 5 30 3 1 2 7 0 2 7 0 40.3745987415313721
5 31 3 0 2 7 0 2 4 5 31 3 1 2 7 17 9 2 12 16 2 1 2 7 13 6 3 1 2 7 1 2 4 0 2 7 17 18 2 0 2 7 0 2 7 1 2 7 1 2 7 0 2 7 1 2 7 0 2 4 17 9 2 0 2 4 0 2 4 0 2 7 1 2 7 0 2 7 0 2 3 5 30 3 1 2 7 0 2 7 6 2 4 1 2 7 0 2 7 12 16 2 1 2 7 0 2 7 1 2 7 0 2 4 17 9 2 0 2 7 0 40.425436794757843
5 31 3 1 2 4 0 2 7 0 2 4 17 9 2 6 2 7 0 2 7 1 2 7 0 2 4 0 2 7 17 18 2 0 2 7 0 2 7 1 2 7 0 2 7 0 2 7 0 2 7 0 2 7 0 2 7 1 2 7 0 2 7 1 2 7 0 2 7 1 2 7 0 2 7 0 2 7 0 2 4 13 6 3 1 2 7 17 9 2 5 30 3 1 2 7 1 2 4 5 30 3 5 31 3 0 2 7 17 9 2 1 2 7 12 16 2 1 2 7 0 40.4788337349891663

Current Evaluation = 7200(7200)
Front Size = 10
0 2 7 5 31 3 0 2 7 17 9 2 16 6 2 1 2 7 1 2 7 1 2 7 17 18 2 17 18 2 0 2 7 0 2 7 0 2 7 0 2 7 0 2 7 0 2 7 17 9 2 1 2 7 0 2 7 1 2 7 1 2 7 1 2 7 1 2 11 1 2 7 13 6 3 0 2 7 1 2 7 0 2 4 1 2 7 0 2 7 0 2 7 0 2 7 0 2 7 0 2 7 1 2 7 1 2 7 5 31 3 0 2 7 5 31 3 0 2 7 0 40.0670827627182007
0 2 11 0 2 7 0 2 3 5 30 3 0 2 7 17 9 2 12 16 2 1 2 7 1 2 7 1 2 7 0 2 3 17 18 2 17 18 2 1 2 7 0 2 7 0 2 3 5 30 3 1 2 7 0 2 7 0 2 3 1 2 7 0 2 7 17 9 2 1 2 7 0 2 7 0 2 12 1 2 7 5 30 3 0 2 7 1 2 7 1 2 7 0 2 7 8 9 2 13 6 3 0 2 7 12 16 2 0 2 7 1 2 7 13 6 3 1 2 7 0 40.6627997159957886
0 2 7 0 2 7 5 31 3 0 2 7 17 9 2 12 16 2 1 2 7 1 2 7 0 2 7 0 2 7 17 18 2 17 18 2 1 2 7 0 2 7 5 30 3 1 2 7 1 2 4 0 2 4 1 2 7 17 9 2 0 2 7 0 2 7 0 2 4 0 2 7 0 2 7 1 2 4 0 2 3 13 6 3 0 2 7 12 16 2 0 2 7 13 6 3 1 2 7 0 2 7 1 2 3 0 2 4 5 30 3 12 16 2 1 2 7 1 2 7 0 40.4155756235122681
5 31 3 0 2 7 0 2 4 5 31 3 1 2 7 17 9 2 12 16 2 1 2 7 13 6 3 1 2 7 1 2 4 0 2 7 17 18 2 0 2 7 0 2 7 1 2 7 1 2 7 0 2 7 1 2 7 0 2 4 17 9 2 0 2 4 0 2 4 0 2 7 1 2 7 0 2 7 0 2 3 5 30 3 1 2 7 0 2 7 6 2 4 1 2 7 0 2 7 12 16 2 1 2 7 0 2 7 1 2 7 0 2 4 17 9 2 0 2 7 0 40.425436794757843
0 2 7 0 2 7 5 31 3 0 2 7 17 9 2 12 16 2 1 2 7 1 2 7 0 2 7 0 2 7 17 9 2 17 18 2 1 2 7 0 2 7 5 30 3 1 2 4 6 2 7 0 2 7 1 2 7 17 9 2 0 2 7 0 2 7 0 2 4 0 2 7 13 6 3 0 2 7 12 16 2 0 2 7 13 6 3 1 2 7 0 2 7 12 16 2 1 2 7 1 2 7 1 2 7 5 31 3 1 2 7 1 2 7 0 2 7 0 2 7 0 40.2815956473350525
1 2 3 1 2 4 12 16 2 0 2 7 5 30 3 5 30 3 12 16 2 0 2 11 0 2 7 0 2 7 0 2 7 0 2 7 16 19 11 17 9 2 16 19 11 1 2 10 5 30 3 0 2 7 1 2 7 0 2 7 8 9 2 0 2 7 0 2 7 0 2 7 0 2 7 6 2 3 0 2 7 0 2 3 0 2 7 0 2 7 8 18 2 0 2 7 5 30 3 0 2 11 1 2 7 17 18 2 1 2 3 5 30 3 1 2 3 0 2 7 0 42.5249395370483398
0 2 7 0 2 7 5 31 3 0 2 7 17 9 2 17 18 2 1 2 7 0 2 7 0 2 7 0 2 7 17 18 2 17 18 2 0 2 7 17 9 2 1 2 7 1 2 7 1 2 7 0 2 7 5 31 3 0 2 7 13 6 3 0 2 7 0 2 11 1 2 7 1 2 4 0 2 7 5 31 3 1 2 7 0 2 7 1 2 7 1 2 4 0 2 4 1 2 7 5 31 3 0 2 7 0 2 7 1 2 7 1 2 7 0 2 4 0 2 4 0 40.5523480176925659
0 2 7 0 2 7 0 2 7 5 30 3 0 2 7 17 9 2 12 16 2 0 2 7 1 2 7 1 2 7 0 2 7 17 18 2 17 18 2 1 2 4 0 2 7 0 2 7 5 30 3 1 2 7 0 2 7 0 2 7 1 2 7 0 2 7 5 31 3 1 2 7 0 2 4 0 2 7 1 2 7 5 30 3 0 2 7 0 2 7 1 2 7 0 2 7 17 9 2 13 6 3 0 2 7 12 16 2 0 2 4 1 2 7 13 6 3 1 2 7 0 40.3689725399017334
0 2 7 0 2 7 5 31 3 0 2 7 17 9 2 12 16 2 1 2 7 1 2 7 0 2 7 0 2 7 17 18 2 17 18 2 1 2 7 0 2 7 1 2 7 1 2 7 0 2 7 0 2 7 0 2 7 0 2 7 13 6 3 0 2 7 0 2 7 1 2 7 0 2 7 1 2 7 1 2 7 5 30 3 0 2 4 17 9 2 1 2 7 1 2 7 1 2 4 12 16 2 0 2 4 1 2 3 1 2 7 1 2 7 8 18 2 0 2 7 0.000117053827253570542 40.2209227085113525
0 2 7 0 2 7 5 31 3 0 2 7 17 9 2 12 16 2 1 2 7 1 2 7 0 2 7 0 2 7 17 18 2 17 18 2 1 2 7 0 2 7 1 2 7 1 2 7 0 2 7 0 2 7 0 2 7 0 2 7 13 6 3 0 2 7 0 2 7 1 2 7 0 2 7 1 2 7 1 2 7 1 2 7 5 30 3 1 2 7 0 2 4 17 9 2 0 2 7 5 31 3 0 2 7 1 2 7 1 2 7 1 2 7 8 18 2 0 2 7 0 40.3745987415313721

Current Evaluation = 7650(7650)
Front Size = 10
1 2 7 0 2 7 0 2 7 0 2 7 0 2 7 0 2 7 17 9 2 0 2 7 1 2 7 0 2 7 0 2 7 0 2 7 1 2 7 1 2 7 1 2 7 0 2 7 17 18 2 1 2 7 5 31 3 1 2 7 5 31 3 17 18 2 1 2 7 1 2 7 13 6 3 0 2 7 0 2 7 0 2 7 0 2 7 1 2 4 5 31 3 0 2 7 1 2 11 1 2 7 0 2 7 16 6 2 0 2 7 17 9 2 0 2 7 1 2 7 0 40.0670827627182007
0 2 4 0 2 11 0 2 7 5 30 3 0 2 7 17 9 2 12 16 2 1 2 7 0 2 7 1 2 7 1 2 7 17 18 2 17 18 2 1 2 3 0 2 7 0 2 7 5 30 3 1 2 7 0 2 4 0 2 7 1 2 3 0 2 7 17 9 2 1 2 11 0 2 4 0 2 7 1 2 7 5 30 3 0 2 7 1 2 7 12 16 2 0 2 7 8 9 2 13 6 3 0 2 7 12 16 2 0 2 7 1 2 7 13 6 3 1 2 7 0 40.6077495813369751
1 2 7 0 2 7 0 2 7 0 2 7 0 2 4 0 2 4 17 9 2 0 2 7 1 2 7 0 2 3 0 2 7 0 2 7 0 2 7 1 2 7 1 2 4 0 2 4 1 2 4 1 2 4 17 18 2 1 2 7 6 2 7 5 31 3 1 2 7 5 30 3 17 18 2 1 2 7 1 2 7 13 6 3 0 2 7 17 18 2 0 2 7 0 2 7 1 2 4 12 16 2 0 2 7 0 2 7 12 16 2 5 31 3 0 2 7 1 2 7 0 40.425436794757843
1 2 7 12 16 2 0 2 3 5 30 3 5 30 3 12 16 2 16 6 2 8 18 2 0 2 7 0 2 7 16 30 2 5 30 3 0 2 7 1 2 7 0 2 7 0 2 7 0 2 3 0 2 7 1 2 7 0 2 7 0 2 3 5 31 3 0 2 7 1 2 7 0 2 7 0 2 3 0 2 7 0 2 7 1 2 7 16 19 11 0 2 7 8 9 2 1 2 7 0 2 7 1 2 7 17 18 2 0 2 3 0 2 7 5 30 3 1 2 7 0 41.8107075691223145
0 2 7 0 2 7 0 2 7 17 9 2 0 2 7 12 16 2 0 2 7 17 18 2 1 2 7 1 2 4 0 2 7 6 2 7 1 2 3 1 2 7 0 2 4 1 2 7 1 2 7 13 6 3 0 2 7 0 2 7 0 2 7 0 2 7 17 9 2 5 31 3 1 2 4 0 2 4 17 18 2 12 16 2 1 2 4 0 2 7 0 2 7 12 16 2 5 30 3 5 30 3 5 30 3 0 2 7 1 2 7 0 2 7 13 6 3 0 2 7 0 40.5530635714530945
5 31 3 0 2 7 0 2 7 5 31 3 0 2 4 17 9 2 1 2 7 13 6 3 1 2 7 1 2 7 1 2 7 17 18 2 1 2 7 1 2 7 1 2 7 1 2 7 0 2 7 1 2 7 0 2 7 17 9 2 0 2 7 0 2 7 0 2 7 0 2 4 1 2 7 0 2 7 0 2 7 0 2 7 0 2 7 0 2 4 0 2 3 5 30 3 17 18 2 0 2 7 0 2 7 1 2 7 1 2 4 5 30 3 0 2 4 16 6 2 0 40.148398756980896
6 2 7 0 2 7 0 2 4 0 2 7 17 9 2 1 2 7 1 2 7 0 2 7 1 2 7 17 18 2 17 18 2 0 2 7 0 2 7 0 2 7 0 2 7 1 2 7 5 31 3 1 2 4 0 2 7 12 16 2 0 2 7 1 2 7 1 2 7 0 2 7 0 2 7 0 2 7 1 2 7 0 2 7 1 2 7 13 6 3 1 2 7 5 30 3 0 2 7 12 16 2 0 2 7 12 16 2 5 31 3 17 18 2 13 6 3 1 2 7 0 40.2815956473350525
5 31 3 0 2 7 0 2 7 5 31 3 0 2 4 17 9 2 1 2 7 13 6 3 1 2 7 1 2 7 1 2 7 17 18 2 1 2 7 1 2 7 1 2 7 1 2 7 0 2 7 1 2 7 0 2 7 17 9 2 0 2 7 0 2 7 0 2 7 0 2 4 1 2 7 1 2 7 1 2 7 0 2 7 1 2 7 0 2 7 0 2 7 0 2 7 0 2 4 0 2 3 0 2 4 5 30 3 12 16 2 17 18 2 0 2 7 0 2 7 0 40.3613457679748535
1 2 3 1 2 4 12 16 2 0 2 7 5 30 3 5 30 3 12 16 2 0 2 11 0 2 7 0 2 7 0 2 7 0 2 7 16 19 11 17 9 2 16 19 11 1 2 10 5 30 3 0 2 7 1 2 7 0 2 7 8 9 2 0 2 7 0 2 7 0 2 7 0 2 7 6 2 3 0 2 7 0 2 3 0 2 7 0 2 7 8 18 2 0 2 7 5 30 3 0 2 11 1 2 7 17 18 2 1 2 3 5 30 3 1 2 3 0 2 7 0 42.5249395370483398
0 2 11 0 2 7 0 2 3 5 30 3 0 2 7 17 9 2 12 16 2 1 2 7 1 2 7 1 2 7 0 2 3 17 18 2 17 18 2 1 2 7 0 2 7 0 2 3 5 30 3 1 2 7 0 2 7 0 2 3 1 2 7 0 2 7 17 9 2 1 2 7 0 2 7 0 2 12 1 2 7 5 30 3 0 2 7 1 2 7 1 2 7 0 2 7 8 9 2 13 6 3 0 2 7 12 16 2 0 2 7 1 2 7 13 6 3 1 2 7 0 40.6627997159957886

Current Evaluation = 8100(8100)
Front Size = 10
0 2 7 0 2 7 17 9 2 1 2 7 13 6 3 1 2 7 1 2 7 1 2 7 17 18 2 0 2 7 1 2 7 1 2 7 0 2 7 1 2 7 0 2 7 17 9 2 0 2 7 0 2 7 1 2 7 1 2 7 1 2 7 0 2 7 0 2 7 0 2 7 17 18 2 0 2 7 0 2 7 0 2 7 5 31 3 0 2 7 0 2 7 5 31 3 1 2 7 0 2 7 0 2 7 1 2 11 5 31 3 1 2 4 0 2 7 16 6 2 0 40.0670827627182007
1 2 11 0 2 7 1 2 7 0 2 7 0 2 7 1 2 7 17 9 2 0 2 7 1 2 7 1 2 7 1 2 7 0 2 7 17 18 2 1 2 7 1 2 7 0 2 7 5 31 3 1 2 7 5 31 3 1 2 7 5 31 3 17 18 2 1 2 7 13 6 3 0 2 7 0 2 7 0 2 7 0 2 4 1 2 7 0 2 7 0 2 7 0 2 7 0 2 7 1 2 7 0 2 7 16 6 2 0 2 7 17 9 2 0 2 7 0 2 7 0 40.0670827627182007
0 2 7 1 2 7 0 2 7 17 9 2 0 2 7 0 2 7 1 2 4 1 2 7 0 2 7 0 2 7 1 2 7 17 18 2 0 2 7 0 2 7 5 30 3 17 9 2 1 2 7 0 2 7 1 2 7 0 2 7 0 2 7 1 2 7 1 2 7 0 2 4 1 2 4 5 31 3 0 2 7 0 2 7 0 2 7 5 30 3 0 2 3 13 6 3 1 2 4 0 2 7 16 6 2 5 31 3 17 18 2 1 2 7 0 2 4 1 2 7 0 40.148398756980896
5 31 3 0 2 7 0 2 7 5 31 3 0 2 4 17 9 2 1 2 7 13 6 3 1 2 7 1 2 7 1 2 7 17 18 2 1 2 7 1 2 7 1 2 7 1 2 7 0 2 7 1 2 7 0 2 7 17 9 2 0 2 7 0 2 7 0 2 7 0 2 4 1 2 7 0 2 7 0 2 7 0 2 7 0 2 7 0 2 4 0 2 3 5 30 3 17 18 2 0 2 7 0 2 7 1 2 7 1 2 4 5 30 3 0 2 4 16 6 2 0 40.148398756980896
0 2 11 0 2 7 0 2 3 5 30 3 0 2 7 17 9 2 12 16 2 1 2 7 1 2 7 1 2 7 0 2 3 17 18 2 17 18 2 1 2 7 0 2 7 0 2 3 5 30 3 1 2 7 0 2 7 0 2 3 1 2 7 0 2 7 17 9 2 1 2 7 0 2 7 0 2 12 1 2 7 5 30 3 0 2 7 1 2 7 1 2 7 0 2 7 8 9 2 13 6 3 0 2 7 12 16 2 0 2 7 1 2 7 13 6 3 1 2 7 0 40.6627997159957886
1 2 7 12 16 2 0 2 3 5 30 3 5 30 3 12 16 2 16 6 2 8 18 2 0 2 7 0 2 7 16 30 2 5 30 3 0 2 7 1 2 7 0 2 7 0 2 7 0 2 3 0 2 7 1 2 7 0 2 7 0 2 3 5 31 3 0 2 7 1 2 7 0 2 7 0 2 3 0 2 7 0 2 7 1 2 7 16 19 11 0 2 7 8 9 2 1 2 7 0 2 7 1 2 7 17 18 2 0 2 3 0 2 7 5 30 3 1 2 7 0 41.8107075691223145
1 2 3 1 2 4 12 16 2 0 2 7 5 30 3 5 30 3 12 16 2 0 2 11 0 2 7 0 2 7 0 2 7 0 2 7 16 19 11 17 9 2 16 19 11 1 2 10 5 30 3 0 2 7 1 2 7 0 2 7 8 9 2 0 2 7 0 2 7 0 2 7 0 2 7 6 2 3 0 2 7 0 2 3 0 2 7 0 2 7 8 18 2 0 2 7 5 30 3 0 2 11 1 2 7 17 18 2 1 2 3 5 30 3 1 2 3 0 2 7 0 42.5249395370483398
6 2 7 0 2 7 0 2 4 0 2 7 17 9 2 1 2 7 1 2 7 0 2 7 1 2 7 17 18 2 17 18 2 0 2 7 0 2 7 0 2 7 0 2 7 1 2 7 5 31 3 1 2 4 0 2 7 12 16 2 0 2 7 1 2 7 1 2 7 0 2 7 0 2 7 0 2 7 1 2 7 0 2 7 1 2 7 13 6 3 1 2 7 5 30 3 0 2 7 12 16 2 0 2 7 12 16 2 5 31 3 17 18 2 13 6 3 1 2 7 0 40.2815956473350525
0 2 7 0 2 7 17 9 2 1 2 7 1 2 7 1 2 7 17 18 2 17 18 2 1 2 7 0 2 7 1 2 7 0 2 7 1 2 7 0 2 7 17 9 2 1 2 7 0 2 7 1 2 7 0 2 7 1 2 7 1 2 7 0 2 7 13 6 3 0 2 7 0 2 7 1 2 7 0 2 11 0 2 3 0 2 7 12 16 2 0 2 7 0 2 3 0 2 7 0 2 3 16 6 2 5 31 3 8 9 2 12 16 2 5 31 3 0 2 7 0.00444935515592193888 40.5861138105392456
5 31 3 0 2 7 0 2 7 5 31 3 0 2 4 17 9 2 13 6 3 1 2 7 1 2 7 1 2 7 17 18 2 1 2 7 1 2 7 0 2 7 1 2 4 0 2 7 0 2 7 0 2 7 0 2 7 0 2 7 0 2 4 0 2 7 0 2 7 0 2 7 0 2 7 0 2 7 0 2 7 5 30 3 17 18 2 1 2 4 1 2 7 17 9 2 1 2 7 1 2 7 5 30 3 16 6 2 0 2 4 1 2 7 0 2 7 1 2 3 0 40.148398756980896

Current Evaluation = 8550(8550)
Front Size = 10
0 2 7 0 2 7 17 9 2 1 2 7 13 6 3 1 2 7 1 2 7 17 18 2 0 2 7 0 2 7 1 2 7 0 2 7 1 2 7 0 2 7 17 9 2 0 2 7 0 2 7 1 2 7 1 2 7 0 2 7 0 2 7 0 2 7 17 18 2 0 2 7 0 2 7 0 2 7 5 31 3 1 2 7 0 2 7 5 31 3 16 6 2 0 2 7 1 2 7 5 31 3 0 2 7 1 2 7 1 2 7 1 2 11 0 2 4 1 2 7 0 40.0670827627182007
0 2 7 0 2 7 17 9 2 1 2 7 13 6 3 1 2 7 1 2 4 1 2 7 17 18 2 0 2 7 0 2 7 1 2 7 0 2 7 1 2 7 0 2 7 17 9 2 0 2 7 0 2 7 1 2 7 1 2 7 0 2 7 0 2 7 0 2 7 17 18 2 0 2 7 0 2 7 0 2 7 5 31 3 1 2 7 0 2 7 5 31 3 16 6 2 0 2 7 1 2 7 5 31 3 0 2 7 1 2 7 1 2 7 1 2 11 0 2 7 0 40.0670827627182007
1 2 7 12 16 2 5 30 3 12 16 2 0 2 7 0 2 7 0 2 7 1 2 7 0 2 7 0 2 3 0 2 7 1 2 7 0 2 3 5 30 3 0 2 7 1 2 7 0 2 7 0 2 3 1 2 7 1 2 7 0 2 7 1 2 7 16 31 2 1 2 11 17 18 2 0 2 3 0 2 7 17 18 2 5 30 3 13 6 3 8 18 2 16 6 2 5 30 3 0 2 7 0 2 4 1 2 7 0 2 4 0 2 7 0 2 3 12 16 2 0 41.1794074773788452
0 2 7 5 30 3 0 2 7 17 9 2 12 16 2 1 2 7 1 2 7 1 2 7 17 18 2 17 18 2 1 2 7 0 2 7 1 2 7 0 2 7 1 2 7 0 2 7 1 2 7 0 2 7 1 2 7 0 2 7 1 2 7 1 2 7 0 2 7 13 6 3 0 2 7 12 16 2 0 2 7 13 6 3 0 2 11 0 2 7 0 2 3 0 2 7 5 30 3 0 2 3 0 2 7 1 2 4 0 2 7 5 31 3 17 18 2 1 2 7 0 40.3768256902694702
0 2 7 5 30 3 0 2 7 17 9 2 12 16 2 1 2 7 1 2 7 1 2 7 17 18 2 17 18 2 1 2 3 0 2 7 1 2 7 0 2 7 1 2 7 0 2 7 1 2 7 0 2 7 1 2 7 0 2 3 1 2 7 1 2 7 0 2 7 13 6 3 6 2 7 12 16 2 0 2 4 0 2 7 13 6 3 0 2 7 0 2 4 0 2 7 1 2 7 5 30 3 0 2 4 5 31 3 12 16 2 0 2 3 17 9 2 0 2 4 0 40.4413166642189026
0 2 7 0 2 4 12 16 2 1 2 7 13 6 3 1 2 4 0 2 7 17 18 2 0 2 7 5 31 3 0 2 4 1 2 7 1 2 7 0 2 7 17 9 2 0 2 7 0 2 7 1 2 4 1 2 4 0 2 7 0 2 7 1 2 7 0 2 7 0 2 7 0 2 7 5 30 3 1 2 7 0 2 7 1 2 7 17 18 2 13 6 3 5 30 3 12 16 2 0 2 7 5 30 3 17 9 2 0 2 7 0 2 7 12 16 2 1 2 7 0 40.4767705202102661
0 2 7 0 2 7 17 9 2 1 2 7 13 6 3 1 2 7 1 2 7 1 2 7 17 18 2 0 2 7 1 2 7 1 2 7 0 2 7 1 2 7 0 2 7 17 9 2 0 2 7 0 2 7 1 2 7 1 2 7 0 2 7 0 2 7 0 2 7 17 18 2 0 2 7 0 2 7 0 2 7 5 31 3 0 2 7 0 2 7 5 31 3 1 2 4 16 6 2 0 2 4 5 30 3 5 30 3 0 2 4 1 2 3 1 2 4 0 2 4 0 40.148398756980896
0 2 7 0 2 7 0 2 7 5 30 3 0 2 7 17 9 2 12 16 2 1 2 7 1 2 7 1 2 7 0 2 3 17 18 2 17 18 2 1 2 3 0 2 7 0 2 7 5 30 3 1 2 7 0 2 7 0 2 7 1 2 11 0 2 12 17 9 2 1 2 3 0 2 7 0 2 7 1 2 7 5 30 3 0 2 7 1 2 7 1 2 7 0 2 7 8 9 2 13 6 3 0 2 7 12 16 2 0 2 7 1 2 7 13 6 3 1 2 3 0 40.662799596786499
0 2 11 0 2 7 0 2 3 5 30 3 0 2 7 17 9 2 12 16 2 1 2 7 1 2 7 1 2 7 0 2 3 17 18 2 17 18 2 1 2 7 0 2 7 0 2 3 5 30 3 1 2 7 0 2 7 0 2 3 1 2 7 0 2 7 17 9 2 1 2 7 0 2 7 0 2 12 1 2 7 5 30 3 0 2 7 1 2 7 1 2 7 0 2 7 8 9 2 13 6 3 0 2 7 12 16 2 0 2 7 1 2 7 13 6 3 1 2 7 0 40.6627997159957886
0 2 7 0 2 7 17 9 2 1 2 7 0 2 7 1 2 4 17 18 2 17 18 2 0 2 7 0 2 7 0 2 7 0 2 7 1 2 7 0 2 7 17 9 2 1 2 3 0 2 7 0 2 4 1 2 4 1 2 7 1 2 7 1 2 7 0 2 7 0 2 7 0 2 7 1 2 7 0 2 7 0 2 7 5 31 3 1 2 4 0 2 7 0 2 7 5 30 3 1 2 7 0 2 7 1 2 4 16 6 2 5 30 3 13 6 3 5 31 3 0 40.148398756980896

Current Evaluation = 9000(9000)
Front Size = 10
0 2 7 0 2 7 17 9 2 1 2 7 13 6 3 1 2 7 1 2 7 17 18 2 0 2 7 0 2 7 0 2 7 1 2 7 0 2 7 17 18 2 0 2 7 0 2 7 1 2 7 1 2 7 0 2 7 0 2 7 0 2 7 0 2 7 0 2 7 0 2 7 5 31 3 1 2 7 5 31 3 16 6 2 1 2 7 1 2 7 1 2 11 1 2 7 0 2 7 0 2 7 5 31 3 1 2 7 0 2 7 1 2 7 17 18 2 0 2 4 0 40.0670827627182007
1 2 7 0 2 7 17 9 2 0 2 7 13 6 3 0 2 7 1 2 7 17 18 2 0 2 7 1 2 7 1 2 7 0 2 7 1 2 7 0 2 7 17 9 2 0 2 7 0 2 7 1 2 7 0 2 7 0 2 7 0 2 7 0 2 7 5 31 3 1 2 7 1 2 11 1 2 7 1 2 7 5 31 3 5 31 3 0 2 7 17 18 2 0 2 7 1 2 7 1 2 7 0 2 7 0 2 7 1 2 7 0 2 7 0 2 4 16 6 2 0 40.0670827627182007
1 2 7 12 16 2 5 30 3 12 16 2 0 2 7 0 2 7 0 2 7 1 2 7 0 2 7 0 2 3 0 2 7 1 2 7 0 2 3 5 30 3 0 2 7 1 2 7 0 2 7 0 2 3 1 2 7 1 2 7 0 2 7 1 2 7 16 31 2 1 2 11 17 18 2 0 2 3 0 2 7 17 18 2 5 30 3 13 6 3 8 18 2 16 6 2 5 30 3 0 2 7 0 2 4 1 2 7 0 2 4 0 2 7 0 2 3 12 16 2 0 41.1794074773788452
0 2 7 0 2 7 17 9 2 1 2 7 13 6 3 1 2 7 1 2 7 17 18 2 1 2 4 0 2 7 0 2 7 0 2 7 1 2 7 0 2 7 17 18 2 0 2 7 0 2 7 1 2 7 1 2 7 0 2 7 0 2 7 0 2 7 17 18 2 0 2 7 0 2 7 0 2 7 5 31 3 1 2 7 5 31 3 16 6 2 1 2 7 1 2 7 1 2 11 1 2 7 0 2 7 0 2 7 5 31 3 1 2 7 0 2 7 0 2 7 0 40.0670827627182007
0 2 7 0 2 7 17 9 2 1 2 7 13 6 3 1 2 7 1 2 7 17 18 2 0 2 4 0 2 7 1 2 7 0 2 7 1 2 7 0 2 7 17 9 2 0 2 7 0 2 7 1 2 7 0 2 7 17 18 2 0 2 7 0 2 7 0 2 7 5 31 3 0 2 7 5 31 3 0 2 7 0 2 7 1 2 7 1 2 7 0 2 7 0 2 7 0 2 7 1 2 7 1 2 7 1 2 4 1 2 4 16 24 2 5 30 3 5 30 3 0 40.1302337646484375
0 2 7 5 30 3 0 2 7 8 9 2 1 2 7 1 2 7 1 2 7 17 18 2 17 18 2 17 9 2 1 2 7 0 2 7 1 2 7 0 2 7 0 2 7 0 2 7 1 2 3 1 2 7 1 2 3 0 2 7 13 6 3 0 2 4 0 2 7 0 2 7 0 2 4 0 2 4 1 2 7 5 30 3 0 2 7 5 31 3 17 9 2 1 2 7 1 2 7 0 2 7 1 2 7 1 2 7 0 2 7 12 16 2 0 2 7 0 2 7 0 40.4343197345733643
0 2 7 5 30 3 0 2 7 17 9 2 12 16 2 1 2 7 1 2 7 1 2 7 17 18 2 17 18 2 1 2 3 0 2 7 1 2 7 0 2 7 1 2 7 0 2 7 1 2 7 0 2 7 1 2 7 0 2 3 1 2 7 1 2 7 0 2 7 13 6 3 6 2 7 12 16 2 0 2 4 0 2 7 13 6 3 0 2 7 0 2 4 0 2 7 1 2 7 5 30 3 0 2 4 5 31 3 12 16 2 0 2 3 17 9 2 0 2 4 0 40.4413166642189026
1 2 7 5 30 3 0 2 7 0 2 7 0 2 7 1 2 7 0 2 7 0 2 7 1 2 7 5 30 3 0 2 7 1 2 7 0 2 7 1 2 7 1 2 7 0 2 7 1 2 7 17 18 2 0 2 7 17 18 2 13 6 3 0 2 7 0 2 4 1 2 7 0 2 4 0 2 7 12 16 2 0 2 7 17 9 2 1 2 7 0 2 3 16 31 2 1 2 7 5 31 3 5 30 3 8 18 2 16 24 2 5 30 3 0 2 3 0 2 7 0.000260574611232203539 40.6438636779785156
0 2 7 0 2 7 17 9 2 1 2 7 13 6 3 1 2 7 1 2 7 17 18 2 0 2 7 0 2 7 1 2 7 0 2 4 1 2 7 0 2 7 17 9 2 0 2 7 0 2 7 1 2 7 1 2 7 0 2 4 0 2 3 0 2 7 17 18 2 0 2 7 0 2 7 0 2 7 5 31 3 0 2 7 5 31 3 16 6 2 0 2 7 0 2 7 0 2 4 5 30 3 1 2 7 5 30 3 1 2 7 1 2 4 1 2 4 1 2 7 0 40.148398756980896
0 2 7 0 2 7 17 9 2 1 2 7 13 6 3 1 2 7 1 2 7 17 18 2 1 2 4 0 2 7 0 2 7 0 2 7 1 2 7 0 2 7 17 18 2 0 2 7 0 2 7 1 2 7 1 2 7 0 2 7 0 2 7 0 2 7 0 2 7 0 2 7 0 2 7 5 31 3 1 2 7 5 31 3 1 2 7 1 2 7 1 2 7 5 30 3 17 9 2 0 2 4 0 2 7 0 2 7 16 6 2 0 2 4 5 31 3 1 2 7 0 40.1886777877807617

MonoObjective Genetic Algorithm
Number of Evaluations = 0
Mutation Probability = 0
Crossover Probability = 1
Population Size = 10
Survival Selection Type = 16

Time =  9031.66509199142456

Current Evaluation = 2250
Front Size = 10
0 2 7 0 2 7 17 9 2 1 2 7 13 6 3 1 2 7 1 2 7 17 18 2 0 2 7 0 2 7 0 2 7 1 2 7 0 2 7 17 18 2 0 2 7 0 2 7 1 2 7 1 2 7 0 2 7 0 2 7 0 2 7 0 2 7 0 2 7 0 2 7 5 31 3 1 2 7 5 31 3 16 6 2 1 2 7 1 2 7 1 2 11 1 2 7 0 2 7 0 2 7 5 31 3 1 2 7 0 2 7 1 2 7 17 18 2 0 2 4 0 40.0670827627182007
1 2 7 0 2 7 17 9 2 0 2 7 13 6 3 0 2 7 1 2 7 17 18 2 0 2 7 1 2 7 1 2 7 0 2 7 1 2 7 0 2 7 17 9 2 0 2 7 0 2 7 1 2 7 0 2 7 0 2 7 0 2 7 0 2 7 5 31 3 1 2 7 1 2 11 1 2 7 1 2 7 5 31 3 5 31 3 0 2 7 17 18 2 0 2 7 1 2 7 1 2 7 0 2 7 0 2 7 1 2 7 0 2 7 0 2 4 16 6 2 0 40.0670827627182007
1 2 7 12 16 2 5 30 3 12 16 2 0 2 7 0 2 7 0 2 7 1 2 7 0 2 7 0 2 3 0 2 7 1 2 7 0 2 3 5 30 3 0 2 7 1 2 7 0 2 7 0 2 3 1 2 7 1 2 7 0 2 7 1 2 7 16 31 2 1 2 11 17 18 2 0 2 3 0 2 7 17 18 2 5 30 3 13 6 3 8 18 2 16 6 2 5 30 3 0 2 7 0 2 4 1 2 7 0 2 4 0 2 7 0 2 3 12 16 2 0 41.1794074773788452
0 2 7 0 2 7 17 9 2 1 2 7 13 6 3 1 2 7 1 2 7 17 18 2 1 2 4 0 2 7 0 2 7 0 2 7 1 2 7 0 2 7 17 18 2 0 2 7 0 2 7 1 2 7 1 2 7 0 2 7 0 2 7 0 2 7 17 18 2 0 2 7 0 2 7 0 2 7 5 31 3 1 2 7 5 31 3 16 6 2 1 2 7 1 2 7 1 2 11 1 2 7 0 2 7 0 2 7 5 31 3 1 2 7 0 2 7 0 2 7 0 40.0670827627182007
0 2 7 0 2 7 17 9 2 1 2 7 13 6 3 1 2 7 1 2 7 17 18 2 0 2 4 0 2 7 1 2 7 0 2 7 1 2 7 0 2 7 17 9 2 0 2 7 0 2 7 1 2 7 0 2 7 17 18 2 0 2 7 0 2 7 0 2 7 5 31 3 0 2 7 5 31 3 0 2 7 0 2 7 1 2 7 1 2 7 0 2 7 0 2 7 0 2 7 1 2 7 1 2 7 1 2 4 1 2 4 16 24 2 5 30 3 5 30 3 0 40.1302337646484375
0 2 7 5 30 3 0 2 7 8 9 2 1 2 7 1 2 7 1 2 7 17 18 2 17 18 2 17 9 2 1 2 7 0 2 7 1 2 7 0 2 7 0 2 7 0 2 7 1 2 3 1 2 7 1 2 3 0 2 7 13 6 3 0 2 4 0 2 7 0 2 7 0 2 4 0 2 4 1 2 7 5 30 3 0 2 7 5 31 3 17 9 2 1 2 7 1 2 7 0 2 7 1 2 7 1 2 7 0 2 7 12 16 2 0 2 7 0 2 7 0 40.4343197345733643
0 2 7 5 30 3 0 2 7 17 9 2 12 16 2 1 2 7 1 2 7 1 2 7 17 18 2 17 18 2 1 2 3 0 2 7 1 2 7 0 2 7 1 2 7 0 2 7 1 2 7 0 2 7 1 2 7 0 2 3 1 2 7 1 2 7 0 2 7 13 6 3 6 2 7 12 16 2 0 2 4 0 2 7 13 6 3 0 2 7 0 2 4 0 2 7 1 2 7 5 30 3 0 2 4 5 31 3 12 16 2 0 2 3 17 9 2 0 2 4 0 40.4413166642189026
1 2 7 5 30 3 0 2 7 0 2 7 0 2 7 1 2 7 0 2 7 0 2 7 1 2 7 5 30 3 0 2 7 1 2 7 0 2 7 1 2 7 1 2 7 0 2 7 1 2 7 17 18 2 0 2 7 17 18 2 13 6 3 0 2 7 0 2 4 1 2 7 0 2 4 0 2 7 12 16 2 0 2 7 17 9 2 1 2 7 0 2 3 16 31 2 1 2 7 5 31 3 5 30 3 8 18 2 16 24 2 5 30 3 0 2 3 0 2 7 0.000260574611232203539 40.6438636779785156
0 2 7 0 2 7 17 9 2 1 2 7 13 6 3 1 2 7 1 2 7 17 18 2 0 2 7 0 2 7 1 2 7 0 2 4 1 2 7 0 2 7 17 9 2 0 2 7 0 2 7 1 2 7 1 2 7 0 2 4 0 2 3 0 2 7 17 18 2 0 2 7 0 2 7 0 2 7 5 31 3 0 2 7 5 31 3 16 6 2 0 2 7 0 2 7 0 2 4 5 30 3 1 2 7 5 30 3 1 2 7 1 2 4 1 2 4 1 2 7 0 40.148398756980896
0 2 7 0 2 7 17 9 2 1 2 7 13 6 3 1 2 7 1 2 7 17 18 2 1 2 4 0 2 7 0 2 7 0 2 7 1 2 7 0 2 7 17 18 2 0 2 7 0 2 7 1 2 7 1 2 7 0 2 7 0 2 7 0 2 7 0 2 7 0 2 7 0 2 7 5 31 3 1 2 7 5 31 3 1 2 7 1 2 7 1 2 7 5 30 3 17 9 2 0 2 4 0 2 7 0 2 7 16 6 2 0 2 4 5 31 3 1 2 7 0 40.1886777877807617

