Current Evaluation = 450(450)
Front Size = 10
0 2 7 12 16 2 0 2 7 15 2 11 5 30 3 1 2 7 5 30 3 0 2 7 0 2 7 12 16 2 0 2 7 0 2 7 1 2 4 0 2 7 1 2 7 0 2 7 16 6 2 0 2 7 0 2 7 0 2 7 0 2 7 0 2 7 1 2 7 5 31 3 1 2 4 0 2 7 0 2 4 13 6 3 0 2 4 5 31 3 17 18 2 6 2 7 1 2 7 0 2 7 17 18 2 1 2 4 17 18 2 12 16 2 0 2 7 1 2 7 0 40.8625395894050598
16 19 11 1 2 3 5 30 3 1 2 3 5 30 3 1 2 7 0 2 7 16 19 11 5 30 3 0 2 3 0 2 7 0 2 7 0 2 12 0 2 3 0 2 7 0 2 3 5 30 3 5 31 3 17 9 2 16 19 11 0 2 7 0 2 8 0 2 7 16 19 11 0 2 3 0 2 7 5 30 3 0 2 3 9 2 7 0 2 3 0 2 7 0 2 3 1 2 7 0 2 7 0 2 3 0 2 7 0 2 7 0 2 7 0 2 7 1 2 7 0 43.5794005393981934
0 2 11 0 2 11 6 2 7 6 2 3 5 30 3 8 9 2 5 30 3 0 2 8 0 2 8 8 18 2 0 2 11 16 19 11 16 19 11 0 2 7 0 2 8 12 16 2 0 2 3 0 2 11 12 16 2 0 2 11 5 30 3 6 2 7 0 2 7 0 2 3 0 2 11 0 2 11 0 2 11 17 18 2 12 16 2 5 30 3 5 30 3 6 2 11 12 16 2 0 2 11 16 19 11 0 2 7 0 2 11 0 2 11 0 2 7 5 30 3 0 44.6089252233505249
0 2 7 12 16 2 16 9 11 0 2 3 0 2 7 5 30 3 12 16 2 0 2 4 5 30 3 0 2 3 5 31 3 0 2 7 0 2 7 0 2 7 5 31 3 1 2 7 0 2 11 0 2 7 1 2 7 1 2 3 17 9 2 0 2 7 0 2 3 12 16 2 0 2 4 6 2 7 12 16 2 1 2 11 0 2 7 0 2 4 1 2 11 16 30 2 1 2 7 0 2 4 0 2 3 0 2 11 1 2 7 0 2 3 1 2 3 16 9 11 0 42.5101588368415833
5 30 3 1 2 7 5 30 3 0 2 7 12 16 2 0 2 7 0 2 3 12 16 2 0 2 1 16 19 12 0 2 7 0 2 7 0 2 3 0 2 1 8 9 2 16 19 1 0 2 3 0 2 7 12 16 2 5 30 3 0 2 7 8 18 2 0 2 7 12 16 2 5 30 3 16 19 11 16 6 2 0 2 7 6 2 7 12 16 2 12 16 2 6 2 3 5 30 3 0 2 3 0 2 11 0 2 3 0 2 7 0 2 7 0 2 11 8 18 2 0 44.0215055346488953
0 2 8 8 18 2 8 9 2 16 19 12 0 2 8 12 16 2 0 2 8 8 18 2 1 2 8 0 2 8 5 30 3 0 2 8 0 2 12 8 18 2 8 9 2 0 2 8 1 2 12 8 9 2 1 2 8 5 30 3 0 2 8 12 16 2 0 2 8 0 2 8 0 2 12 0 2 8 0 2 8 1 2 8 5 30 3 16 6 2 5 30 3 0 2 8 16 19 12 0 2 8 1 2 8 5 30 3 0 2 8 0 2 12 17 9 2 12 16 2 0.000442751423653513167 45.4385225772857666
5 30 3 0 2 7 1 2 7 0 2 7 5 30 3 5 30 3 5 31 3 0 2 11 16 19 11 0 2 3 8 9 2 13 6 3 0 2 8 12 16 2 0 2 8 0 2 3 0 2 4 1 2 7 0 2 12 0 2 8 0 2 12 0 2 8 6 2 7 0 2 3 0 2 8 0 2 3 0 2 7 0 2 7 16 19 11 5 31 3 0 2 8 17 18 2 0 2 11 8 9 2 0 2 7 1 2 7 5 30 3 0 2 7 0 2 12 16 19 11 0.00344168522205968389 43.9606192708015442
17 9 2 16 19 13 1 2 7 12 16 2 5 30 3 0 2 7 0 2 7 5 31 3 0 2 7 16 19 13 0 2 7 0 2 7 16 19 13 16 19 13 5 30 3 12 16 2 0 2 7 1 2 7 0 2 7 0 2 7 0 2 7 0 2 7 0 2 7 0 2 7 1 2 7 0 2 7 5 31 3 0 2 7 0 2 7 5 30 3 0 2 7 5 31 3 0 2 7 0 2 7 0 2 7 0 2 7 0 2 7 0 2 7 0 2 7 0 2 7 0 42.8283455371856689
0 2 8 12 16 2 16 19 12 0 2 8 5 30 3 8 18 2 5 30 3 1 2 8 1 2 3 5 30 3 0 2 8 5 30 3 0 2 8 0 2 3 0 2 3 0 2 3 0 2 8 0 2 3 0 2 7 16 19 12 16 19 12 5 30 3 0 2 8 0 2 3 5 30 3 0 2 8 0 2 3 0 2 8 16 19 12 0 2 8 0 2 8 8 9 2 0 2 3 0 2 3 0 2 8 0 2 8 8 9 2 1 2 8 0 2 3 16 19 12 0.000295689073934750379 45.8737295866012573
5 30 3 1 2 3 5 30 3 0 2 7 1 2 7 1 2 11 0 2 7 6 2 7 0 2 7 1 2 3 0 2 7 5 31 3 1 2 3 0 2 7 5 31 3 1 2 7 0 2 7 0 2 11 0 2 3 0 2 3 0 2 7 0 2 7 0 2 3 12 16 2 0 2 7 16 18 11 0 2 7 0 2 7 16 18 8 12 16 2 17 18 2 1 2 4 0 2 7 0 2 3 1 2 3 12 16 2 0 2 7 1 2 3 0 2 7 16 9 11 0 42.7138027548789978

Current Evaluation = 900(900)
Front Size = 10
0 2 7 12 16 2 0 2 7 1 2 4 5 30 3 1 2 7 5 30 3 0 2 7 0 2 7 12 16 2 0 2 7 1 2 7 1 2 7 1 2 7 0 2 7 0 2 7 16 30 2 0 2 7 0 2 7 0 2 7 0 2 7 0 2 7 1 2 7 5 31 3 1 2 7 5 31 3 0 2 7 13 6 3 0 2 4 8 18 2 17 18 2 0 2 7 1 2 7 0 2 7 17 18 2 1 2 4 17 18 2 12 16 2 0 2 7 1 2 4 0 40.7733256816864014
12 16 2 5 30 3 5 31 3 12 16 2 16 6 2 12 16 2 5 30 3 8 18 2 0 2 7 5 30 3 1 2 4 0 2 7 0 2 7 1 2 3 1 2 7 0 2 7 0 2 7 0 2 3 1 2 3 0 2 7 0 2 3 0 2 7 1 2 7 0 2 3 5 30 3 0 2 7 0 2 7 0 2 7 0 2 3 0 2 7 16 19 11 16 6 2 0 2 3 6 2 3 0 2 3 0 2 3 1 2 3 0 2 3 16 18 11 0 2 7 0 42.7349005341529846
0 2 11 0 2 11 6 2 7 6 2 3 5 30 3 8 9 2 5 30 3 0 2 8 0 2 8 8 18 2 0 2 11 16 19 11 16 19 11 0 2 7 0 2 8 12 16 2 0 2 3 0 2 11 12 16 2 0 2 11 5 30 3 6 2 7 0 2 7 0 2 3 0 2 11 0 2 11 0 2 11 17 18 2 12 16 2 5 30 3 5 30 3 6 2 11 12 16 2 0 2 11 16 19 11 0 2 7 0 2 11 0 2 11 0 2 7 5 30 3 0 44.6089252233505249
0 2 4 12 16 2 0 2 4 5 31 3 0 2 3 0 2 11 0 2 4 0 2 7 0 2 3 1 2 7 1 2 7 0 2 1 5 30 3 5 30 3 1 2 7 1 2 7 17 18 2 1 2 7 8 9 2 17 9 2 1 2 7 16 6 2 0 2 7 0 2 7 0 2 7 1 2 7 0 2 7 0 2 7 1 2 7 0 2 7 17 18 2 0 2 7 1 2 3 0 2 7 5 30 3 1 2 7 6 2 3 8 9 2 0 2 7 0 2 11 0 41.5482128858566284
0 2 7 1 2 7 0 2 7 5 30 3 5 30 3 16 19 13 16 19 11 0 2 7 12 16 2 5 30 3 0 2 7 0 2 7 16 6 2 0 2 7 0 2 7 0 2 7 0 2 7 0 2 7 1 2 8 5 31 3 0 2 7 0 2 7 0 2 7 5 31 3 17 1 2 1 2 7 0 2 7 0 2 7 0 2 7 0 2 7 0 2 7 0 2 7 0 2 7 17 9 2 0 2 7 12 16 2 5 31 3 6 2 7 0 2 7 0 2 7 0 42.1778814196586609
0 2 8 8 18 2 8 9 2 16 19 12 0 2 8 12 16 2 0 2 8 8 18 2 1 2 8 0 2 8 5 30 3 0 2 8 0 2 12 8 18 2 8 9 2 0 2 8 1 2 12 8 9 2 1 2 8 5 30 3 0 2 8 12 16 2 0 2 8 0 2 8 0 2 12 0 2 8 0 2 8 1 2 8 5 30 3 16 6 2 5 30 3 0 2 8 16 19 12 0 2 8 1 2 8 5 30 3 0 2 8 0 2 12 17 9 2 12 16 2 0.000442751423653513167 45.4385225772857666
0 2 7 12 16 2 5 30 3 5 30 3 0 2 8 5 30 3 5 30 3 0 2 3 1 2 8 16 19 12 0 2 3 0 2 7 0 2 8 5 30 3 0 2 3 1 2 3 0 2 8 0 2 7 8 18 2 0 2 8 0 2 7 0 2 7 1 2 7 16 19 12 1 2 4 0 2 8 0 2 4 13 6 3 0 2 4 5 31 3 0 2 8 0 2 8 0 2 3 16 19 12 0 2 3 1 2 4 16 19 12 1 2 8 0 2 7 0 2 8 0.011066654593585596 44.1239492893218994
12 16 2 5 30 3 5 30 3 12 16 2 16 6 2 12 16 2 0 2 7 0 2 7 15 2 11 1 2 7 0 2 7 0 2 7 0 2 7 0 2 8 1 2 4 0 2 7 1 2 7 0 2 8 1 2 8 0 2 7 0 2 8 0 2 12 0 2 7 1 2 8 8 18 2 1 2 4 0 2 8 0 2 8 8 9 2 8 9 2 16 19 12 8 18 2 0 2 8 1 2 7 0 2 7 17 18 2 1 2 4 0 2 8 0 2 7 1 2 7 0.0103584976702853441 42.698418140411377
5 30 3 0 2 7 1 2 7 0 2 7 5 30 3 5 30 3 5 31 3 0 2 11 16 19 11 0 2 3 8 9 2 13 6 3 0 2 8 12 16 2 0 2 8 0 2 3 0 2 4 1 2 7 0 2 12 0 2 8 0 2 12 0 2 8 6 2 7 0 2 3 0 2 8 0 2 3 0 2 7 0 2 7 16 19 11 5 31 3 0 2 8 17 18 2 0 2 11 8 9 2 0 2 7 1 2 7 5 30 3 0 2 7 0 2 12 16 19 11 0.00344168522205968389 43.9606192708015442
8 18 2 12 16 2 5 30 3 5 30 3 12 16 2 5 30 3 16 6 2 5 30 3 12 16 2 0 2 8 5 31 3 0 2 3 0 2 8 0 2 8 8 18 2 0 2 7 0 2 7 1 2 3 0 2 12 6 2 3 8 9 2 0 2 8 1 2 12 0 2 3 1 2 8 16 18 11 0 2 3 1 2 3 0 2 3 0 2 8 0 2 3 1 2 7 16 19 11 1 2 7 0 2 8 1 2 3 5 30 3 0 2 8 16 6 2 17 9 2 0.0106555395189726117 44.0385450720787048

Current Evaluation = 1350(1350)
Front Size = 10
0 2 7 12 16 2 0 2 7 1 2 7 5 30 3 1 2 7 5 31 3 0 2 7 0 2 7 0 2 7 1 2 7 1 2 7 0 2 7 16 6 2 0 2 7 0 2 7 0 2 7 0 2 7 0 2 7 1 2 7 1 2 7 0 2 7 17 18 2 1 2 7 17 18 2 1 2 7 12 16 2 8 9 2 1 2 7 5 31 3 0 2 7 13 6 3 0 2 7 0 2 7 1 2 7 0 2 7 1 2 7 17 18 2 1 2 7 0 2 7 0 40.4091576337814331
12 16 2 0 2 7 12 16 2 12 16 2 0 2 7 8 18 2 0 2 7 5 30 3 0 2 7 17 9 2 5 30 3 5 30 3 0 2 7 0 2 7 0 2 7 0 2 7 0 2 7 0 2 7 17 9 2 1 2 11 6 2 7 1 2 7 0 2 7 1 2 7 13 6 3 1 2 7 0 2 7 1 2 7 5 30 3 0 2 11 8 9 2 16 15 2 17 9 2 5 30 3 0 2 7 8 9 2 0 2 7 0 2 7 1 2 11 0 2 7 0 41.6147823929786682
12 16 2 5 30 3 5 30 3 1 2 3 0 2 7 0 2 3 0 2 7 1 2 7 0 2 3 0 2 3 0 2 3 0 2 3 1 2 3 9 2 7 0 2 3 0 2 3 0 2 7 0 2 3 5 30 3 1 2 3 0 2 3 8 18 2 0 2 3 16 19 11 16 19 12 0 2 7 16 19 12 0 2 3 0 2 3 17 9 2 0 2 3 5 30 3 1 2 3 1 2 3 5 30 3 0 2 7 1 2 7 0 2 7 0 2 7 6 2 3 0 43.8542608022689819
0 2 8 8 18 2 8 9 2 16 19 12 0 2 8 12 16 2 0 2 8 8 18 2 1 2 8 0 2 8 5 30 3 0 2 8 0 2 12 8 18 2 8 9 2 0 2 8 1 2 12 8 9 2 1 2 8 5 30 3 0 2 8 12 16 2 0 2 8 0 2 8 0 2 12 0 2 8 0 2 8 1 2 8 5 30 3 16 6 2 5 30 3 0 2 8 16 19 12 0 2 8 1 2 8 5 30 3 0 2 8 0 2 12 17 9 2 12 16 2 0.000442751423653513167 45.4385225772857666
0 2 7 5 31 3 5 30 3 16 30 2 1 2 7 12 16 2 12 16 2 5 30 3 0 2 7 0 2 7 12 16 2 0 2 7 0 2 3 0 2 7 8 9 2 0 2 7 0 2 3 16 19 11 1 2 7 6 2 3 0 2 7 16 6 2 0 2 4 0 2 7 0 2 3 1 2 7 0 2 3 0 2 7 0 2 7 1 2 7 5 30 3 5 30 3 13 6 3 1 2 7 12 16 2 1 2 3 17 9 2 0 2 7 0 2 3 0 2 7 0 41.9177044630050659
0 2 11 0 2 11 6 2 7 6 2 3 5 30 3 8 9 2 5 30 3 0 2 8 0 2 8 8 18 2 0 2 11 16 19 11 16 19 11 0 2 7 0 2 8 12 16 2 0 2 3 0 2 11 12 16 2 0 2 11 5 30 3 6 2 7 0 2 7 0 2 3 0 2 11 0 2 11 0 2 11 17 18 2 12 16 2 5 30 3 5 30 3 6 2 11 12 16 2 0 2 11 16 19 11 0 2 7 0 2 11 0 2 11 0 2 7 5 30 3 0 44.6089252233505249
0 2 7 1 2 7 0 2 7 5 30 3 5 30 3 16 19 13 16 19 11 0 2 7 12 16 2 5 30 3 0 2 7 0 2 7 16 6 2 0 2 7 0 2 7 0 2 7 0 2 7 0 2 7 1 2 8 5 31 3 0 2 7 0 2 7 0 2 7 5 31 3 17 1 2 1 2 7 0 2 7 0 2 7 0 2 7 0 2 7 0 2 7 0 2 7 0 2 7 17 9 2 0 2 7 12 16 2 5 31 3 6 2 7 0 2 7 0 2 7 0 42.1778814196586609
12 16 2 5 30 3 5 30 3 12 16 2 16 6 2 12 16 2 0 2 7 0 2 7 15 2 11 1 2 7 0 2 7 0 2 7 0 2 7 0 2 8 1 2 4 0 2 7 1 2 7 0 2 8 1 2 8 0 2 7 0 2 8 0 2 12 0 2 7 1 2 8 8 18 2 1 2 4 0 2 8 0 2 8 8 9 2 8 9 2 16 19 12 8 18 2 0 2 8 1 2 7 0 2 7 17 18 2 1 2 4 0 2 8 0 2 7 1 2 7 0.0103584976702853441 42.698418140411377
5 30 3 0 2 7 1 2 7 0 2 7 5 30 3 5 30 3 5 31 3 0 2 11 16 19 11 0 2 3 8 9 2 13 6 3 0 2 8 12 16 2 0 2 8 0 2 3 0 2 4 1 2 7 0 2 12 0 2 8 0 2 12 0 2 8 6 2 7 0 2 3 0 2 8 0 2 3 0 2 7 0 2 7 16 19 11 5 31 3 0 2 8 17 18 2 0 2 11 8 9 2 0 2 7 1 2 7 5 30 3 0 2 7 0 2 12 16 19 11 0.00344168522205968389 43.9606192708015442
0 2 7 12 16 2 5 30 3 5 30 3 0 2 8 5 30 3 5 30 3 0 2 3 1 2 8 16 19 12 0 2 3 0 2 7 0 2 8 5 30 3 0 2 3 1 2 3 0 2 8 0 2 7 8 18 2 0 2 8 0 2 7 0 2 7 1 2 7 16 19 12 1 2 4 0 2 8 0 2 4 13 6 3 0 2 4 5 31 3 0 2 8 0 2 8 0 2 3 16 19 12 0 2 3 1 2 4 16 19 12 1 2 8 0 2 7 0 2 8 0.011066654593585596 44.1239492893218994

Current Evaluation = 1800(1800)
Front Size = 10
0 2 7 12 16 2 0 2 7 1 2 7 5 30 3 1 2 7 5 31 3 0 2 7 0 2 7 0 2 7 1 2 7 1 2 7 0 2 7 16 6 2 0 2 7 0 2 7 0 2 7 0 2 7 0 2 7 1 2 7 1 2 7 0 2 7 17 18 2 1 2 7 17 18 2 1 2 7 12 16 2 8 9 2 1 2 7 5 31 3 0 2 7 13 6 3 0 2 7 0 2 7 1 2 7 0 2 7 1 2 7 17 18 2 1 2 7 0 2 7 0 40.4091576337814331
0 2 11 0 2 11 6 2 7 6 2 3 5 30 3 8 9 2 5 30 3 0 2 8 0 2 8 8 18 2 0 2 11 16 19 11 16 19 11 0 2 7 0 2 8 12 16 2 0 2 3 0 2 11 12 16 2 0 2 11 5 30 3 6 2 7 0 2 7 0 2 3 0 2 11 0 2 11 0 2 11 17 18 2 12 16 2 5 30 3 5 30 3 6 2 11 12 16 2 0 2 11 16 19 11 0 2 7 0 2 11 0 2 11 0 2 7 5 30 3 0 44.6089252233505249
5 30 3 0 2 7 5 31 3 0 2 7 6 2 7 0 2 4 0 2 7 12 16 2 12 16 2 5 30 3 12 16 2 5 30 3 5 31 3 8 18 2 0 2 10 12 16 2 0 2 7 17 9 2 16 24 2 6 2 7 0 2 7 0 2 7 0 2 7 6 2 7 0 2 7 6 2 11 0 2 7 17 1 2 12 16 2 17 9 2 0 2 7 1 2 7 2 3 3 0 2 7 0 2 7 0 2 7 1 2 7 6 2 7 0 2 7 1 2 7 0 41.9430676698684692
0 2 8 8 18 2 8 9 2 16 19 12 0 2 8 12 16 2 0 2 8 8 18 2 1 2 8 0 2 8 5 30 3 0 2 8 0 2 12 8 18 2 8 9 2 0 2 8 1 2 12 8 9 2 1 2 8 5 30 3 0 2 8 12 16 2 0 2 8 0 2 8 0 2 12 0 2 8 0 2 8 1 2 8 5 30 3 16 6 2 5 30 3 0 2 8 16 19 12 0 2 8 1 2 8 5 30 3 0 2 8 0 2 12 17 9 2 12 16 2 0.000442751423653513167 45.4385225772857666
12 16 2 1 2 7 0 2 7 1 2 7 5 31 3 1 2 7 5 31 3 12 16 2 12 16 2 0 2 3 1 2 4 5 30 3 0 2 3 16 18 11 0 2 7 0 2 3 0 2 7 1 2 3 0 2 7 0 2 7 0 2 7 16 30 2 0 2 3 0 2 7 17 9 2 0 2 4 0 2 3 5 30 3 1 2 7 1 2 7 0 2 7 1 2 7 1 2 3 0 2 4 0 2 7 0 2 3 1 2 7 0 2 3 0 2 7 16 9 11 0 42.1371158361434937
5 30 3 17 9 2 8 9 2 0 2 7 0 2 7 8 18 2 0 2 3 12 16 2 12 16 2 5 30 3 12 16 2 5 30 3 5 30 3 0 2 3 0 2 7 1 2 7 0 2 7 1 2 7 0 2 7 0 2 11 0 2 7 0 2 7 0 2 3 1 2 7 0 2 7 16 19 11 0 2 7 1 2 7 0 2 7 0 2 7 8 18 2 0 2 7 0 2 7 1 2 7 16 19 11 0 2 7 16 6 2 1 2 11 0 2 7 5 30 3 0 42.4530103206634521
0 2 7 1 2 7 0 2 7 5 30 3 5 30 3 16 19 13 16 19 11 0 2 7 12 16 2 5 30 3 0 2 7 0 2 7 16 6 2 0 2 7 0 2 7 0 2 7 0 2 7 0 2 7 1 2 8 5 31 3 0 2 7 0 2 7 0 2 7 5 31 3 17 1 2 1 2 7 0 2 7 0 2 7 0 2 7 0 2 7 0 2 7 0 2 7 0 2 7 17 9 2 0 2 7 12 16 2 5 31 3 6 2 7 0 2 7 0 2 7 0 42.1778814196586609
0 2 3 0 2 7 5 30 3 0 2 7 0 2 7 0 2 7 12 16 2 12 16 2 5 31 3 5 30 3 1 2 3 0 2 3 0 2 3 0 2 3 1 2 3 1 2 7 1 2 3 0 2 7 0 2 7 16 6 2 8 9 2 16 19 11 0 2 7 0 2 7 0 2 3 12 16 2 1 2 3 0 2 7 0 2 7 0 2 7 16 18 11 1 2 3 1 2 3 1 2 3 0 2 7 0 2 7 0 2 3 5 30 3 16 6 2 0 2 7 0 42.6174126267433167
5 30 3 0 2 7 1 2 7 0 2 7 5 30 3 5 30 3 5 31 3 0 2 11 16 19 11 0 2 3 8 9 2 13 6 3 0 2 8 12 16 2 0 2 8 0 2 3 0 2 4 1 2 7 0 2 12 0 2 8 0 2 12 0 2 8 6 2 7 0 2 3 0 2 8 0 2 3 0 2 7 0 2 7 16 19 11 5 31 3 0 2 8 17 18 2 0 2 11 8 9 2 0 2 7 1 2 7 5 30 3 0 2 7 0 2 12 16 19 11 0.00344168522205968389 43.9606192708015442
12 16 2 0 2 7 0 2 3 0 2 7 0 2 4 0 2 7 1 2 7 0 2 7 1 2 7 1 2 7 0 2 7 8 9 2 0 2 4 17 18 2 17 18 2 1 2 11 5 30 3 0 2 7 12 16 2 12 16 2 1 2 7 0 2 4 0 2 3 5 30 3 13 6 3 1 2 7 1 2 4 0 2 7 0 2 11 5 31 3 1 2 11 5 30 3 6 2 7 0 2 7 1 2 7 0 2 7 0 2 7 17 18 2 16 30 2 0 2 7 0 41.1481396555900574

Current Evaluation = 2250(2250)
Front Size = 10
0 2 7 12 16 2 0 2 7 1 2 7 5 30 3 1 2 7 5 31 3 0 2 7 0 2 7 0 2 7 1 2 7 1 2 7 0 2 7 16 6 2 0 2 7 0 2 7 0 2 7 0 2 7 0 2 7 1 2 7 1 2 7 0 2 7 17 18 2 1 2 7 17 18 2 1 2 7 12 16 2 8 9 2 1 2 7 5 31 3 0 2 7 13 6 3 0 2 7 0 2 7 1 2 7 0 2 7 1 2 7 17 18 2 1 2 7 0 2 7 0 40.4091576337814331
0 2 11 0 2 11 6 2 7 6 2 3 5 30 3 8 9 2 5 30 3 0 2 8 0 2 8 8 18 2 0 2 11 16 19 11 16 19 11 0 2 7 0 2 8 12 16 2 0 2 3 0 2 11 12 16 2 0 2 11 5 30 3 6 2 7 0 2 7 0 2 3 0 2 11 0 2 11 0 2 11 17 18 2 12 16 2 5 30 3 5 30 3 6 2 11 12 16 2 0 2 11 16 19 11 0 2 7 0 2 11 0 2 11 0 2 7 5 30 3 0 44.6089252233505249
12 16 2 5 30 3 16 6 2 12 16 2 8 9 2 0 2 7 5 30 3 5 30 3 1 2 7 5 31 3 0 2 8 0 2 7 5 30 3 1 2 12 1 2 7 17 9 2 0 2 8 0 2 7 0 2 7 0 2 7 0 2 7 1 2 7 1 2 7 0 2 8 0 2 8 1 2 7 0 2 8 0 2 8 1 2 8 0 2 8 0 2 8 8 9 2 0 2 8 1 2 8 8 9 2 0 2 7 0 2 8 17 18 2 0 2 12 0 2 7 0 43.620023250579834
0 2 3 0 2 7 5 30 3 0 2 7 0 2 7 0 2 7 12 16 2 12 16 2 5 31 3 5 30 3 1 2 3 0 2 3 0 2 3 0 2 3 1 2 3 1 2 7 1 2 3 0 2 7 0 2 7 16 6 2 8 9 2 16 19 11 0 2 7 0 2 7 0 2 3 12 16 2 1 2 3 0 2 7 0 2 7 0 2 7 16 18 11 1 2 3 1 2 3 1 2 3 0 2 7 0 2 7 0 2 3 5 30 3 16 6 2 0 2 7 0 42.6174126267433167
0 2 7 5 30 3 0 2 7 12 16 2 8 18 2 0 2 7 0 2 4 1 2 7 0 2 7 0 2 7 0 2 7 1 2 7 1 2 7 1 2 7 1 2 7 1 2 7 16 15 2 17 18 2 17 9 2 8 9 2 0 2 7 5 30 3 0 2 10 0 2 4 17 9 2 0 2 7 1 2 7 0 2 7 8 18 2 12 16 2 0 2 7 5 30 3 0 2 3 0 2 7 1 2 7 0 2 7 5 30 3 1 2 7 0 2 4 0 2 7 0 41.3163355588912964
1 2 11 0 2 7 5 31 3 0 2 7 0 2 4 12 16 2 12 16 2 5 31 3 6 2 7 0 2 7 0 2 7 0 2 4 1 2 7 0 2 7 0 2 7 1 2 4 0 2 7 1 2 7 0 2 7 1 2 7 0 2 7 1 2 7 6 2 4 0 2 7 0 2 7 12 16 2 5 31 3 8 18 2 0 2 4 12 16 2 1 2 7 16 6 2 1 2 7 0 2 4 17 18 2 17 9 2 12 16 2 17 9 2 2 3 3 1 2 4 0 41.4479867219924927
0 2 7 1 2 7 0 2 7 5 30 3 5 30 3 16 19 13 16 19 11 0 2 7 12 16 2 5 30 3 0 2 7 0 2 7 16 6 2 0 2 7 0 2 7 0 2 7 0 2 7 0 2 7 1 2 8 5 31 3 0 2 7 0 2 7 0 2 7 5 31 3 17 1 2 1 2 7 0 2 7 0 2 7 0 2 7 0 2 7 0 2 7 0 2 7 0 2 7 17 9 2 0 2 7 12 16 2 5 31 3 6 2 7 0 2 7 0 2 7 0 42.1778814196586609
0 2 3 5 30 3 0 2 7 12 16 2 1 2 12 13 6 3 1 2 7 0 2 7 0 2 7 1 2 3 17 9 2 0 2 7 0 2 7 0 2 3 0 2 7 12 16 2 0 2 3 5 30 3 1 2 3 0 2 3 0 2 12 8 18 2 1 2 7 0 2 7 1 2 7 1 2 7 1 2 4 16 6 2 17 18 2 0 2 11 5 30 3 0 2 7 1 2 7 0 2 4 17 18 2 8 18 2 1 2 7 5 30 3 0 2 7 0 2 7 0 41.4791997671127319
5 30 3 6 2 7 5 30 3 1 2 7 0 2 7 0 2 7 0 2 7 12 16 2 12 16 2 5 30 3 12 16 2 17 18 2 5 31 3 8 18 2 0 2 7 12 16 2 1 2 4 17 1 2 16 24 2 0 2 7 0 2 7 0 2 7 0 2 7 0 2 7 0 2 7 1 2 7 0 2 7 17 18 2 12 16 2 8 18 2 0 2 7 6 2 7 2 3 3 0 2 3 0 2 7 0 2 7 1 2 7 6 2 7 0 2 7 1 2 7 0 41.6992126107215881
0 2 8 8 18 2 8 9 2 16 19 12 0 2 8 12 16 2 0 2 8 8 18 2 1 2 8 0 2 8 5 30 3 0 2 8 0 2 12 8 18 2 8 9 2 0 2 8 1 2 12 8 9 2 1 2 8 5 30 3 0 2 8 12 16 2 0 2 8 0 2 8 0 2 12 0 2 8 0 2 8 1 2 8 5 30 3 16 6 2 5 30 3 0 2 8 16 19 12 0 2 8 1 2 8 5 30 3 0 2 8 0 2 12 17 9 2 12 16 2 0.000442751423653513167 45.4385225772857666

Current Evaluation = 2700(2700)
Front Size = 10
0 2 7 12 16 2 0 2 7 1 2 7 5 30 3 1 2 7 5 31 3 0 2 7 0 2 7 0 2 7 1 2 7 1 2 7 0 2 7 16 6 2 0 2 7 0 2 7 0 2 7 0 2 7 0 2 7 1 2 7 1 2 7 0 2 7 17 18 2 1 2 7 17 18 2 1 2 7 12 16 2 8 9 2 1 2 7 5 31 3 0 2 7 13 6 3 0 2 7 0 2 7 1 2 7 0 2 7 1 2 7 17 18 2 1 2 7 0 2 7 0 40.4091576337814331
12 16 2 12 16 2 0 2 7 1 2 7 0 2 7 8 9 2 1 2 3 1 2 7 1 2 7 0 2 4 0 2 3 17 18 2 5 30 3 0 2 3 17 9 2 1 2 11 1 2 7 16 6 2 0 2 7 0 2 7 0 2 7 0 2 7 1 2 7 1 2 7 12 16 2 0 2 7 1 2 3 13 6 3 17 9 2 0 2 7 5 30 3 5 30 3 5 30 3 0 2 7 0 2 7 0 2 7 0 2 7 0 2 7 0 2 7 13 6 3 0 40.8761054277420044
0 2 8 8 18 2 8 9 2 16 19 12 0 2 8 12 16 2 0 2 8 8 18 2 1 2 8 0 2 8 5 30 3 0 2 8 0 2 12 8 18 2 8 9 2 0 2 8 1 2 12 8 9 2 1 2 8 5 30 3 0 2 8 12 16 2 0 2 8 0 2 8 0 2 12 0 2 8 0 2 8 1 2 8 5 30 3 16 6 2 5 30 3 0 2 8 16 19 12 0 2 8 1 2 8 5 30 3 0 2 8 0 2 12 17 9 2 12 16 2 0.000442751423653513167 45.4385225772857666
0 2 11 0 2 11 6 2 7 6 2 3 5 30 3 8 9 2 5 30 3 0 2 8 0 2 8 8 18 2 0 2 11 16 19 11 16 19 11 0 2 7 0 2 8 12 16 2 0 2 3 0 2 11 12 16 2 0 2 11 5 30 3 6 2 7 0 2 7 0 2 3 0 2 11 0 2 11 0 2 11 17 18 2 12 16 2 5 30 3 5 30 3 6 2 11 12 16 2 0 2 11 16 19 11 0 2 7 0 2 11 0 2 11 0 2 7 5 30 3 0 44.6089252233505249
0 2 7 12 16 2 0 2 7 0 2 4 5 31 3 1 2 7 6 3 2 6 2 7 0 2 7 0 2 7 0 2 4 1 2 7 6 2 7 1 2 7 0 2 7 1 2 7 0 2 4 0 2 4 1 2 7 17 18 2 17 9 2 12 16 2 0 2 4 1 2 7 12 2 7 17 9 2 12 16 2 0 2 7 0 2 7 1 2 7 17 9 2 1 2 4 5 31 3 0 2 7 1 2 7 1 2 7 0 2 7 5 31 3 12 16 2 0 2 4 0 41.0645726919174194
0 2 3 12 16 2 6 2 7 1 2 7 5 30 3 1 2 7 5 31 3 0 2 7 0 2 3 0 2 7 16 9 11 16 30 2 1 2 7 0 2 3 0 2 7 0 2 3 0 2 7 0 2 7 12 16 2 16 30 2 0 2 4 0 2 7 0 2 3 0 2 3 1 2 3 1 2 3 5 31 3 0 2 3 0 2 3 1 2 7 0 2 7 1 2 7 1 2 7 0 2 7 1 2 7 0 2 3 1 2 7 0 2 7 17 18 2 5 30 3 0 41.8284649848937988
0 2 7 1 2 7 0 2 7 5 30 3 5 30 3 16 19 13 16 19 11 0 2 7 12 16 2 5 30 3 0 2 7 0 2 7 16 6 2 0 2 7 0 2 7 0 2 7 0 2 7 0 2 7 1 2 8 5 31 3 0 2 7 0 2 7 0 2 7 5 31 3 17 1 2 1 2 7 0 2 7 0 2 7 0 2 7 0 2 7 0 2 7 0 2 7 0 2 7 17 9 2 0 2 7 12 16 2 5 31 3 6 2 7 0 2 7 0 2 7 0 42.1778814196586609
12 16 2 5 30 3 16 6 2 12 16 2 8 9 2 0 2 7 5 30 3 5 30 3 1 2 7 5 31 3 0 2 8 0 2 7 5 30 3 1 2 12 1 2 7 17 9 2 0 2 8 0 2 7 0 2 7 0 2 7 0 2 7 1 2 7 1 2 7 0 2 8 0 2 8 1 2 7 0 2 8 0 2 8 1 2 8 0 2 8 0 2 8 8 9 2 0 2 8 1 2 8 8 9 2 0 2 7 0 2 8 17 18 2 0 2 12 0 2 7 0 43.620023250579834
0 2 3 0 2 7 5 30 3 0 2 7 0 2 7 0 2 7 12 16 2 12 16 2 5 31 3 5 30 3 1 2 3 0 2 3 0 2 3 0 2 3 1 2 3 1 2 7 1 2 3 0 2 7 0 2 7 16 6 2 8 9 2 16 19 11 0 2 7 0 2 7 0 2 3 12 16 2 1 2 3 0 2 7 0 2 7 0 2 7 16 18 11 1 2 3 1 2 3 1 2 3 0 2 7 0 2 7 0 2 3 5 30 3 16 6 2 0 2 7 0 42.6174126267433167
0 2 7 12 16 2 0 2 7 0 2 7 5 30 3 1 2 7 5 31 3 1 2 7 0 2 7 1 2 11 1 2 11 1 2 11 1 2 10 16 6 2 0 2 7 0 2 7 1 2 11 17 18 2 12 16 2 8 9 2 0 2 7 0 2 7 5 30 3 0 2 11 0 2 11 6 2 4 0 2 7 0 2 7 0 2 7 0 2 7 5 30 3 17 9 2 1 2 7 1 2 4 0 2 7 0 2 4 0 2 7 17 18 2 0 2 4 8 9 2 0 41.6039626002311707

Current Evaluation = 3150(3150)
Front Size = 10
0 2 7 12 16 2 0 2 7 1 2 7 5 30 3 1 2 7 5 31 3 0 2 7 0 2 7 0 2 7 1 2 7 1 2 7 0 2 7 16 6 2 0 2 7 0 2 7 0 2 7 0 2 7 0 2 7 1 2 7 1 2 7 0 2 7 17 18 2 1 2 7 17 18 2 1 2 7 12 16 2 8 9 2 1 2 7 5 31 3 0 2 7 13 6 3 0 2 7 0 2 7 1 2 7 0 2 7 1 2 7 17 18 2 1 2 7 0 2 7 0 40.4091576337814331
0 2 4 0 2 7 5 30 3 17 9 2 12 16 2 5 30 3 0 2 11 0 2 7 16 6 2 0 2 4 0 2 3 1 2 7 0 2 4 1 2 3 12 16 2 0 2 7 17 18 2 0 2 7 1 2 7 1 2 3 0 2 3 0 2 7 5 30 3 5 30 3 0 2 4 1 2 3 0 2 11 15 2 11 1 2 7 1 2 3 0 2 7 15 2 11 0 2 7 0 2 7 0 2 7 8 9 2 0 2 7 1 2 7 0 2 11 16 6 2 0 41.8191407918930054
0 2 7 12 16 2 0 2 3 5 30 3 1 2 7 0 2 7 1 2 3 1 2 7 0 2 4 0 2 7 13 6 3 17 18 2 17 9 2 12 16 2 0 2 7 6 2 7 1 2 7 1 2 7 0 2 7 0 2 7 5 31 3 1 2 7 12 16 2 0 2 7 1 2 4 0 2 4 17 9 2 5 30 3 0 2 7 0 2 7 1 2 7 0 2 4 1 2 7 0 2 3 13 6 3 0 2 7 1 2 7 1 2 7 0 2 7 17 9 2 0 40.4413166642189026
0 2 7 1 2 7 0 2 7 5 30 3 5 30 3 16 19 13 16 19 11 0 2 7 12 16 2 5 30 3 0 2 7 0 2 7 16 6 2 0 2 7 0 2 7 0 2 7 0 2 7 0 2 7 1 2 8 5 31 3 0 2 7 0 2 7 0 2 7 5 31 3 17 1 2 1 2 7 0 2 7 0 2 7 0 2 7 0 2 7 0 2 7 0 2 7 0 2 7 17 9 2 0 2 7 12 16 2 5 31 3 6 2 7 0 2 7 0 2 7 0 42.1778814196586609
0 2 7 17 9 2 0 2 7 0 2 7 0 2 7 1 2 4 8 18 2 1 2 7 0 2 7 1 2 7 13 6 3 12 16 2 17 9 2 1 2 7 5 30 3 0 2 7 1 2 7 1 2 4 0 2 7 5 31 3 1 2 4 0 2 7 1 2 7 0 2 7 1 2 4 0 2 4 1 2 7 17 9 2 0 2 7 0 2 7 12 16 2 5 30 3 17 9 2 0 2 7 1 2 4 1 2 11 0 2 7 0 2 7 0 2 7 0 2 7 0 40.4922696352005005
0 2 8 8 18 2 8 9 2 16 19 12 0 2 8 12 16 2 0 2 8 8 18 2 1 2 8 0 2 8 5 30 3 0 2 8 0 2 12 8 18 2 8 9 2 0 2 8 1 2 12 8 9 2 1 2 8 5 30 3 0 2 8 12 16 2 0 2 8 0 2 8 0 2 12 0 2 8 0 2 8 1 2 8 5 30 3 16 6 2 5 30 3 0 2 8 16 19 12 0 2 8 1 2 8 5 30 3 0 2 8 0 2 12 17 9 2 12 16 2 0.000442751423653513167 45.4385225772857666
12 16 2 5 31 3 12 16 2 12 16 2 0 2 7 5 31 3 5 30 3 0 2 7 0 2 7 5 31 3 6 2 7 0 2 7 12 16 2 0 2 7 16 6 2 12 16 2 0 2 7 12 16 2 1 2 7 12 16 2 17 9 2 0 2 7 0 2 7 6 3 2 5 31 3 1 2 7 0 2 7 0 2 7 0 2 7 0 2 7 0 2 7 6 2 7 8 9 2 0 2 7 6 2 7 0 2 7 16 18 11 0 2 7 6 2 7 16 20 12 0 42.2615024447441101
0 2 7 12 16 2 0 2 4 5 30 3 1 2 4 0 2 7 1 2 7 1 2 7 1 2 4 0 2 7 1 2 4 1 2 7 17 18 2 17 9 2 12 16 2 0 2 4 0 2 3 0 2 7 0 2 7 1 2 7 1 2 4 0 2 7 0 2 7 0 2 10 16 6 2 5 31 3 0 2 10 0 2 7 0 2 7 12 16 2 1 2 7 0 2 4 1 2 7 0 2 7 1 2 10 17 9 2 0 2 7 5 31 3 8 9 2 0 2 7 0 41.1116987466812134
0 2 3 1 2 7 0 2 7 5 31 3 17 9 2 0 2 3 12 16 2 5 30 3 0 2 7 0 2 7 16 6 2 0 2 3 0 2 7 0 2 7 0 2 3 1 2 7 0 2 4 0 2 7 1 2 7 1 2 4 0 2 3 8 18 2 12 16 2 1 2 4 6 2 7 0 2 7 17 18 2 5 31 3 0 2 7 1 2 7 1 2 7 1 2 7 0 2 3 1 2 7 1 2 7 0 2 4 1 2 3 0 2 7 0 2 3 16 6 2 0 41.2638508677482605
1 2 7 5 30 3 16 15 2 12 16 2 8 9 2 1 2 7 5 30 3 5 30 3 1 2 7 0 2 7 0 2 3 1 2 7 17 9 2 0 2 7 0 2 7 0 2 7 0 2 7 1 2 7 0 2 3 1 2 7 17 18 2 0 2 7 5 30 3 0 2 7 0 2 4 0 2 7 0 2 7 1 2 7 1 2 7 0 2 7 0 2 7 17 9 2 1 2 7 0 2 7 8 9 2 0 2 3 0 2 4 8 9 2 1 2 7 0 2 4 0 41.243985652923584

Current Evaluation = 3600(3600)
Front Size = 10
0 2 7 12 16 2 5 30 3 1 2 7 0 2 7 1 2 7 1 2 7 1 2 7 1 2 7 1 2 7 17 18 2 17 9 2 0 2 7 0 2 4 0 2 7 0 2 7 1 2 7 0 2 7 0 2 7 0 2 7 5 31 3 0 2 7 0 2 7 0 2 7 0 2 7 1 2 7 17 9 2 0 2 7 5 31 3 1 2 7 1 2 3 0 2 7 0 2 4 1 2 7 17 9 2 0 2 7 1 2 4 0 2 4 13 6 3 1 2 7 0 40.3613457679748535
12 16 2 5 31 3 12 16 2 12 16 2 0 2 7 5 31 3 5 30 3 0 2 7 0 2 7 5 31 3 6 2 7 0 2 7 12 16 2 0 2 7 16 6 2 12 16 2 0 2 7 12 16 2 1 2 7 12 16 2 17 9 2 0 2 7 0 2 7 6 3 2 5 31 3 1 2 7 0 2 7 0 2 7 0 2 7 0 2 7 0 2 7 6 2 7 8 9 2 0 2 7 6 2 7 0 2 7 16 18 11 0 2 7 6 2 7 16 20 12 0 42.2615024447441101
0 2 7 12 16 2 0 2 7 0 2 1 5 30 3 1 2 7 5 31 3 0 2 7 1 2 4 1 2 11 1 2 4 0 2 4 0 2 7 0 2 7 0 2 4 17 9 2 1 2 7 0 2 4 1 2 7 6 2 7 0 2 7 0 2 7 0 2 4 0 2 4 0 2 7 17 9 2 17 9 2 5 30 3 17 18 2 13 6 3 0 2 7 0 2 7 1 2 7 1 2 7 8 9 2 1 2 7 12 16 2 0 2 7 12 16 2 1 2 11 0 40.9615126252174377
17 9 2 12 16 2 5 30 3 12 16 2 16 6 2 17 18 2 12 16 2 0 2 7 8 18 2 13 6 3 0 2 7 1 2 3 6 2 7 1 2 4 0 2 7 0 2 4 12 16 2 1 2 3 0 2 7 0 2 7 0 2 7 1 2 3 0 2 7 0 2 7 5 30 3 1 2 3 13 6 3 0 2 7 0 2 7 0 2 7 0 2 7 5 30 3 5 30 3 12 16 2 16 19 11 0 2 3 0 2 7 1 2 7 0 2 3 0 2 7 0 41.5315573811531067
17 18 2 12 16 2 5 31 3 5 30 3 0 2 7 1 2 4 1 2 7 6 2 4 0 2 7 0 2 7 0 2 7 0 2 7 0 2 7 12 16 2 0 2 7 0 2 7 5 31 3 6 2 4 0 2 7 0 2 7 0 2 10 1 2 7 1 2 7 1 2 7 16 6 2 12 16 2 0 2 7 0 2 7 17 9 2 0 2 7 0 2 7 0 2 7 0 2 4 8 9 2 5 31 3 1 2 7 16 6 2 0 2 7 1 2 11 1 2 7 0 41.1735676527023315
0 2 3 1 2 7 0 2 7 5 31 3 17 9 2 0 2 3 12 16 2 5 30 3 0 2 7 0 2 7 16 6 2 0 2 3 0 2 7 0 2 7 0 2 3 1 2 7 0 2 4 0 2 7 1 2 7 1 2 4 0 2 3 8 18 2 12 16 2 1 2 4 6 2 7 0 2 7 17 18 2 5 31 3 0 2 7 1 2 7 1 2 7 1 2 7 0 2 3 1 2 7 1 2 7 0 2 4 1 2 3 0 2 7 0 2 3 16 6 2 0 41.2638508677482605
0 2 8 8 18 2 8 9 2 16 19 12 0 2 8 12 16 2 0 2 8 8 18 2 1 2 8 0 2 8 5 30 3 0 2 8 0 2 12 8 18 2 8 9 2 0 2 8 1 2 12 8 9 2 1 2 8 5 30 3 0 2 8 12 16 2 0 2 8 0 2 8 0 2 12 0 2 8 0 2 8 1 2 8 5 30 3 16 6 2 5 30 3 0 2 8 16 19 12 0 2 8 1 2 8 5 30 3 0 2 8 0 2 12 17 9 2 12 16 2 0.000442751423653513167 45.4385225772857666
8 18 2 12 16 2 5 30 3 12 16 2 16 6 2 17 9 2 1 2 4 8 9 2 16 19 12 0 2 7 0 2 8 0 2 3 1 2 7 0 2 8 0 2 8 0 2 3 8 18 2 8 9 2 0 2 4 1 2 4 0 2 7 6 2 7 5 30 3 0 2 8 1 2 7 0 2 8 0 2 12 0 2 8 0 2 8 1 2 7 5 30 3 17 18 2 0 2 3 0 2 7 0 2 3 1 2 8 0 2 7 0 2 7 1 2 3 0 2 7 0.00512552840953688169 42.951110303401947
8 18 2 12 16 2 5 30 3 5 30 3 16 15 2 17 9 2 0 2 7 17 9 2 0 2 7 0 2 7 0 2 7 1 2 7 0 2 7 0 2 7 0 2 7 0 2 7 8 18 2 0 2 7 0 2 11 6 2 7 0 2 7 1 2 7 0 2 7 0 2 3 0 2 7 8 18 2 0 2 7 1 2 7 0 2 7 1 2 7 5 30 3 5 30 3 0 2 7 16 19 11 0 2 7 1 2 7 5 30 3 0 2 7 1 2 11 12 16 2 0 41.9916344285011292
0 2 7 12 16 2 0 2 7 0 2 7 5 31 3 0 2 3 1 2 7 1 2 3 0 2 7 0 2 7 1 2 7 0 2 7 0 2 7 0 2 7 0 2 7 0 2 7 1 2 3 0 2 3 0 2 3 0 2 3 0 2 7 5 31 3 0 2 7 0 2 7 17 9 2 0 2 7 16 19 11 5 30 3 1 2 3 1 2 7 8 18 2 0 2 7 16 6 2 1 2 7 1 2 7 1 2 7 0 2 3 16 6 2 16 6 2 5 30 3 0 41.4777736663818359

Current Evaluation = 4050(4050)
Front Size = 10
1 2 7 0 2 7 1 2 4 5 30 3 1 2 7 1 2 7 1 2 7 17 18 2 17 18 2 0 2 7 1 2 7 0 2 7 0 2 7 0 2 7 17 9 2 5 30 3 13 6 3 0 2 7 0 2 7 1 2 7 0 2 7 0 2 4 0 2 7 0 2 7 1 2 7 0 2 7 1 2 7 0 2 7 0 2 7 5 31 3 15 2 11 0 2 7 1 2 7 12 16 2 17 18 2 1 2 7 13 6 3 12 16 2 12 16 2 0 2 7 0 40.3558205366134644
0 2 4 1 2 7 0 2 4 5 31 3 17 9 2 0 2 7 12 16 2 5 30 3 1 2 3 0 2 7 16 6 2 0 2 4 0 2 4 1 2 7 1 2 7 1 2 7 0 2 7 0 2 4 0 2 7 1 2 7 0 2 3 8 18 2 12 16 2 1 2 3 0 2 7 1 2 7 17 18 2 5 31 3 0 2 3 0 2 7 1 2 7 0 2 7 1 2 3 0 2 7 0 2 3 0 2 7 0 2 7 1 2 7 0 2 7 16 6 2 0 41.1381098031997681
17 9 2 12 16 2 5 31 3 12 16 2 1 2 7 12 16 2 0 2 7 13 6 3 0 2 3 1 2 7 0 2 7 1 2 7 0 2 7 0 2 4 0 2 7 0 2 7 1 2 7 1 2 3 13 6 3 0 2 7 0 2 4 0 2 4 1 2 7 0 2 7 1 2 3 17 9 2 1 2 4 17 18 2 17 18 2 1 2 4 12 16 2 1 2 7 0 2 4 1 2 4 5 30 3 0 2 4 12 16 2 1 2 7 0 2 7 0 2 4 0 40.4699766635894775
0 2 8 8 18 2 8 9 2 16 19 12 0 2 8 12 16 2 0 2 8 8 18 2 1 2 8 0 2 8 5 30 3 0 2 8 0 2 12 8 18 2 8 9 2 0 2 8 1 2 12 8 9 2 1 2 8 5 30 3 0 2 8 12 16 2 0 2 8 0 2 8 0 2 12 0 2 8 0 2 8 1 2 8 5 30 3 16 6 2 5 30 3 0 2 8 16 19 12 0 2 8 1 2 8 5 30 3 0 2 8 0 2 12 17 9 2 12 16 2 0.000442751423653513167 45.4385225772857666
0 2 7 12 16 2 8 9 2 0 2 4 12 16 2 5 31 3 0 2 3 16 6 2 0 2 7 6 2 7 0 2 7 12 16 2 0 2 7 5 31 3 16 20 12 1 2 7 0 2 7 6 2 7 1 2 7 0 2 7 0 2 7 0 2 7 12 16 2 12 16 2 0 2 7 0 2 7 5 31 3 0 2 7 1 2 7 6 3 2 17 18 2 5 31 3 1 2 7 12 16 2 0 2 7 6 2 7 0 2 7 12 16 2 1 2 7 16 30 2 0 41.7268685698509216
0 2 7 12 16 2 16 6 2 5 31 3 0 2 7 0 2 7 0 2 7 0 2 7 6 2 7 0 2 7 1 2 7 0 2 7 5 31 3 0 2 7 1 2 7 0 2 7 1 2 7 12 16 2 0 2 7 5 31 3 0 2 7 16 6 2 0 2 7 1 2 7 0 2 7 0 2 7 0 2 7 17 9 2 17 18 2 0 2 7 0 2 7 13 6 3 0 2 7 5 30 3 1 2 7 1 2 7 1 2 7 16 6 2 5 31 3 0 2 7 0 40.6861146092414856
0 2 7 12 16 2 0 2 7 5 30 3 1 2 7 5 30 3 0 2 4 1 2 3 0 2 7 0 2 7 0 2 7 17 9 2 1 2 7 1 2 11 0 2 7 0 2 7 0 2 4 5 30 3 8 18 2 13 6 3 1 2 7 0 2 7 0 2 7 1 2 7 1 2 4 12 16 2 0 2 7 12 16 2 17 18 2 1 2 7 1 2 7 0 2 7 1 2 11 0 2 7 0 2 3 13 6 3 17 9 2 0 2 7 17 9 2 1 2 7 0 40.6077494621276855
17 9 2 12 16 2 5 30 3 12 16 2 16 6 2 17 18 2 12 16 2 0 2 7 8 18 2 13 6 3 0 2 7 1 2 3 6 2 7 1 2 4 0 2 7 0 2 4 12 16 2 1 2 3 0 2 7 0 2 7 0 2 7 1 2 3 0 2 7 0 2 7 5 30 3 1 2 3 13 6 3 0 2 7 0 2 7 0 2 7 0 2 7 5 30 3 5 30 3 12 16 2 16 19 11 0 2 3 0 2 7 1 2 7 0 2 3 0 2 7 0 41.5315573811531067
12 16 2 5 30 3 12 16 2 16 6 2 17 9 2 0 2 7 16 6 2 8 9 2 16 19 12 0 2 8 0 2 8 0 2 7 1 2 8 0 2 8 0 2 8 17 18 2 8 18 2 0 2 7 0 2 7 0 2 7 13 6 3 1 2 8 5 31 3 0 2 7 0 2 7 0 2 8 0 2 7 5 31 3 0 2 7 0 2 7 1 2 7 5 30 3 5 31 3 0 2 7 0 2 8 1 2 8 5 31 3 0 2 8 0 2 7 12 16 2 0.00194431131061057524 43.358227014541626
0 2 7 12 16 2 0 2 7 5 30 3 1 2 7 0 2 7 0 2 7 0 2 7 1 2 7 1 2 7 0 2 7 0 2 7 0 2 7 0 2 11 8 18 2 0 2 7 0 2 7 1 2 7 1 2 7 5 30 3 12 16 2 0 2 7 8 9 2 0 2 7 0 2 7 0 2 7 0 2 7 0 2 7 1 2 7 5 30 3 17 18 2 1 2 7 8 18 2 5 30 3 12 16 2 16 15 2 13 6 3 17 9 2 17 9 2 1 2 7 0 41.1780945062637329

Current Evaluation = 4500(4500)
Front Size = 10
17 9 2 12 16 2 5 31 3 12 16 2 1 2 7 12 16 2 1 2 7 13 6 3 0 2 7 1 2 7 0 2 7 1 2 7 0 2 7 0 2 7 0 2 7 0 2 7 0 2 7 1 2 7 13 6 3 0 2 7 0 2 7 0 2 7 1 2 7 0 2 7 1 2 7 17 9 2 1 2 4 17 18 2 17 18 2 13 6 3 12 16 2 1 2 7 0 2 7 1 2 7 5 30 3 0 2 7 12 16 2 1 2 7 0 2 7 0 2 7 0 40.0383374691009521
1 2 7 12 16 2 17 18 2 17 18 2 0 2 7 17 18 2 6 2 4 0 2 3 0 2 3 1 2 4 1 2 7 0 2 7 0 2 3 1 2 7 0 2 7 1 2 7 1 2 7 0 2 7 0 2 7 0 2 7 0 2 7 5 30 3 1 2 7 0 2 7 1 2 7 17 9 2 0 2 7 13 6 3 0 2 4 12 16 2 1 2 7 5 31 3 0 2 7 0 2 4 0 2 7 13 6 3 1 2 7 1 2 7 12 16 2 5 30 3 0 40.4413166642189026
0 2 7 12 16 2 8 9 2 0 2 4 12 16 2 5 31 3 0 2 3 16 6 2 0 2 7 6 2 7 0 2 7 12 16 2 0 2 7 5 31 3 16 20 12 1 2 7 0 2 7 6 2 7 1 2 7 0 2 7 0 2 7 0 2 7 12 16 2 12 16 2 0 2 7 0 2 7 5 31 3 0 2 7 1 2 7 6 3 2 17 18 2 5 31 3 1 2 7 12 16 2 0 2 7 6 2 7 0 2 7 12 16 2 1 2 7 16 30 2 0 41.7268685698509216
17 9 2 12 16 2 5 30 3 12 16 2 16 6 2 17 18 2 12 16 2 0 2 7 8 18 2 13 6 3 0 2 7 1 2 3 6 2 7 1 2 4 0 2 7 0 2 4 12 16 2 1 2 3 0 2 7 0 2 7 0 2 7 1 2 3 0 2 7 0 2 7 5 30 3 1 2 3 13 6 3 0 2 7 0 2 7 0 2 7 0 2 7 5 30 3 5 30 3 12 16 2 16 19 11 0 2 3 0 2 7 1 2 7 0 2 3 0 2 7 0 41.5315573811531067
0 2 4 12 16 2 1 2 7 5 30 3 1 2 4 0 2 7 1 2 7 1 2 7 0 2 7 0 2 3 17 9 2 1 2 4 1 2 7 0 2 4 0 2 4 13 6 3 1 2 4 0 2 3 1 2 7 12 16 2 12 16 2 17 18 2 0 2 7 0 2 7 13 6 3 1 2 3 0 2 4 5 31 3 1 2 4 12 16 2 1 2 7 1 2 7 0 2 7 12 16 2 0 2 7 0 2 7 17 18 2 0 2 4 0 2 7 17 9 2 0 40.4699766635894775
0 2 8 8 18 2 8 9 2 16 19 12 0 2 8 12 16 2 0 2 8 8 18 2 1 2 8 0 2 8 5 30 3 0 2 8 0 2 12 8 18 2 8 9 2 0 2 8 1 2 12 8 9 2 1 2 8 5 30 3 0 2 8 12 16 2 0 2 8 0 2 8 0 2 12 0 2 8 0 2 8 1 2 8 5 30 3 16 6 2 5 30 3 0 2 8 16 19 12 0 2 8 1 2 8 5 30 3 0 2 8 0 2 12 17 9 2 12 16 2 0.000442751423653513167 45.4385225772857666
0 2 7 12 16 2 16 6 2 5 31 3 0 2 7 0 2 7 0 2 7 0 2 7 6 2 7 0 2 7 1 2 7 0 2 7 5 31 3 0 2 7 1 2 7 0 2 7 1 2 7 12 16 2 0 2 7 5 31 3 0 2 7 16 6 2 0 2 7 1 2 7 0 2 7 0 2 7 0 2 7 17 9 2 17 18 2 0 2 7 0 2 7 13 6 3 0 2 7 5 30 3 1 2 7 1 2 7 1 2 7 16 6 2 5 31 3 0 2 7 0 40.6861146092414856
17 9 2 12 16 2 5 30 3 12 16 2 1 2 7 1 2 7 0 2 7 0 2 7 0 2 7 0 2 7 0 2 7 0 2 7 0 2 7 1 2 7 0 2 7 0 2 7 1 2 7 1 2 7 0 2 7 1 2 3 0 2 4 0 2 7 17 18 2 6 2 7 5 30 3 0 2 7 1 2 3 13 6 3 17 9 2 1 2 7 8 18 2 5 31 3 16 6 2 1 2 3 1 2 3 0 2 11 0 2 3 1 2 7 0 2 7 0 2 11 0 40.9643718600273132
1 2 7 17 18 2 5 30 3 0 2 7 0 2 7 1 2 10 1 2 7 0 2 7 0 2 7 0 2 10 5 30 3 8 9 2 1 2 7 0 2 10 0 2 7 12 16 2 0 2 7 0 2 7 1 2 7 17 9 2 17 18 2 13 6 3 5 30 3 0 2 4 0 2 7 12 16 2 12 16 2 1 2 7 0 2 7 1 2 4 12 16 2 1 2 7 0 2 4 0 2 7 1 2 7 0 2 4 5 30 3 0 2 7 17 18 2 13 6 3 0 40.8300944566726685
0 2 4 1 2 7 0 2 4 5 31 3 17 9 2 0 2 7 12 16 2 5 30 3 1 2 3 0 2 7 16 6 2 0 2 4 0 2 4 1 2 7 1 2 7 1 2 7 0 2 7 0 2 4 0 2 7 1 2 7 0 2 3 8 18 2 12 16 2 1 2 3 0 2 7 1 2 7 17 18 2 5 31 3 0 2 3 0 2 7 1 2 7 0 2 7 1 2 3 0 2 7 0 2 3 0 2 7 0 2 7 1 2 7 0 2 7 16 6 2 0 41.1381098031997681

Current Evaluation = 4950(4950)
Front Size = 10
12 16 2 1 2 7 5 30 3 1 2 7 0 2 7 1 2 7 1 2 7 0 2 7 17 9 2 1 2 7 13 6 3 1 2 7 12 16 2 12 16 2 17 18 2 0 2 7 0 2 7 13 6 3 5 31 3 12 16 2 1 2 7 1 2 7 0 2 7 12 16 2 0 2 7 0 2 7 17 18 2 0 2 7 17 9 2 0 2 4 0 2 7 1 2 7 0 2 7 0 2 7 1 2 7 0 2 7 0 2 7 0 2 7 13 6 3 1 2 7 0 40.0383374691009521
0 2 8 8 18 2 8 9 2 16 19 12 0 2 8 12 16 2 0 2 8 8 18 2 1 2 8 0 2 8 5 30 3 0 2 8 0 2 12 8 18 2 8 9 2 0 2 8 1 2 12 8 9 2 1 2 8 5 30 3 0 2 8 12 16 2 0 2 8 0 2 8 0 2 12 0 2 8 0 2 8 1 2 8 5 30 3 16 6 2 5 30 3 0 2 8 16 19 12 0 2 8 1 2 8 5 30 3 0 2 8 0 2 12 17 9 2 12 16 2 0.000442751423653513167 45.4385225772857666
12 16 2 0 2 7 0 2 7 0 2 4 12 16 2 1 2 3 0 2 7 0 2 7 0 2 7 1 2 7 0 2 7 1 2 7 1 2 7 0 2 7 1 2 7 1 2 7 17 9 2 17 18 2 13 6 3 5 30 3 0 2 7 0 2 7 0 2 7 5 31 3 0 2 7 13 6 3 0 2 7 17 18 2 0 2 3 12 16 2 0 2 4 0 2 4 1 2 7 5 30 3 1 2 7 0 2 7 1 2 4 1 2 4 1 2 7 17 18 2 0 40.4155756235122681
12 16 2 12 16 2 16 6 2 17 9 2 5 30 3 0 2 7 5 30 3 0 2 12 0 2 7 0 2 7 0 2 7 1 2 7 0 2 7 8 18 2 0 2 12 1 2 7 0 2 7 8 9 2 8 18 2 16 19 12 8 9 2 16 19 12 13 6 3 5 31 3 0 2 7 0 2 8 0 2 7 0 2 8 1 2 7 8 18 2 0 2 8 0 2 8 0 2 8 0 2 7 0 2 8 8 9 2 5 31 3 0 2 8 16 6 2 1 2 7 0.00777970368961596655 42.7804564237594604
12 16 2 1 2 7 1 2 4 0 2 7 12 16 2 1 2 7 0 2 3 1 2 7 0 2 3 1 2 7 0 2 7 1 2 7 1 2 4 0 2 3 1 2 7 1 2 4 17 9 2 17 18 2 13 6 3 5 30 3 0 2 7 0 2 7 0 2 4 5 31 3 0 2 4 13 6 3 0 2 7 17 18 2 0 2 7 12 16 2 0 2 7 0 2 4 0 2 4 12 16 2 12 16 2 1 2 7 1 2 7 0 2 4 17 9 2 1 2 4 0 40.4699766635894775
0 2 7 12 16 2 0 2 7 0 2 7 0 2 7 0 2 7 0 2 7 1 2 7 0 2 7 0 2 7 1 2 7 1 2 7 0 2 7 12 16 2 1 2 7 0 2 7 0 2 7 0 2 7 17 18 2 13 6 3 5 31 3 0 2 7 1 2 7 0 2 7 16 6 2 5 31 3 1 2 7 17 9 2 5 31 3 16 6 2 0 2 7 0 2 7 0 2 7 0 2 7 6 2 7 5 31 3 0 2 7 16 6 2 5 30 3 1 2 7 0 40.6861146092414856
0 2 7 12 16 2 0 2 7 0 2 7 0 2 7 0 2 7 0 2 7 1 2 7 1 2 7 0 2 7 1 2 7 0 2 7 0 2 7 12 16 2 1 2 7 0 2 7 0 2 11 0 2 7 17 18 2 5 30 3 0 2 11 0 2 7 17 9 2 5 30 3 13 6 3 6 2 7 1 2 7 5 31 3 0 2 7 5 31 3 16 6 2 0 2 7 16 31 2 0 2 7 0 2 7 1 2 7 5 30 3 6 2 7 12 16 2 6 2 7 0 41.0858346819877625
12 16 2 5 30 3 12 16 2 17 9 2 12 16 2 0 2 8 17 9 2 8 9 2 0 2 3 13 6 3 0 2 8 8 18 2 1 2 8 0 2 8 0 2 8 0 2 12 1 2 4 0 2 3 0 2 8 1 2 12 0 2 4 1 2 8 5 30 3 1 2 7 0 2 8 1 2 7 0 2 12 1 2 4 0 2 8 1 2 8 0 2 4 16 6 2 0 2 4 17 18 2 12 16 2 1 2 7 17 18 2 5 30 3 0 2 8 0 2 4 0.00895219119214548525 42.7817521095275879
12 16 2 5 30 3 5 30 3 12 16 2 5 31 3 16 19 11 17 9 2 12 16 2 0 2 7 6 2 3 1 2 7 1 2 7 1 2 7 13 6 3 8 18 2 0 2 7 0 2 7 0 2 7 1 2 7 16 30 2 0 2 7 5 30 3 1 2 7 0 2 7 0 2 7 0 2 7 0 2 4 1 2 7 0 2 7 0 2 7 17 9 2 0 2 7 5 30 3 0 2 7 0 2 3 0 2 7 1 2 7 0 2 7 0 2 7 0 2 3 0 41.5031454563140869
12 16 2 12 16 2 16 15 2 17 9 2 5 30 3 17 18 2 0 2 7 1 2 7 6 2 4 0 2 3 1 2 7 5 30 3 1 2 7 0 2 7 0 2 7 1 2 11 0 2 7 0 2 7 0 2 7 0 2 7 0 2 3 8 18 2 12 16 2 0 2 7 0 2 4 6 2 4 0 2 7 5 31 3 0 2 7 5 30 3 16 30 2 0 2 7 0 2 7 1 2 7 0 2 7 0 2 3 1 2 11 8 9 2 1 2 3 0 2 7 0 41.6697776317596436

Current Evaluation = 5400(5400)
Front Size = 10
12 16 2 1 2 7 1 2 7 0 2 7 1 2 7 0 2 7 5 30 3 17 9 2 1 2 7 13 6 3 0 2 7 12 16 2 12 16 2 17 18 2 0 2 7 0 2 7 13 6 3 5 31 3 12 16 2 1 2 7 1 2 7 0 2 7 12 16 2 0 2 7 1 2 7 17 18 2 17 9 2 0 2 7 0 2 7 1 2 7 1 2 7 0 2 7 1 2 7 0 2 7 0 2 7 0 2 4 0 2 7 0 2 7 13 6 3 1 2 7 0 40.0383374691009521
0 2 7 12 16 2 0 2 7 0 2 7 0 2 7 0 2 7 0 2 7 1 2 7 0 2 7 0 2 7 1 2 7 1 2 7 0 2 7 12 16 2 1 2 7 0 2 7 0 2 7 0 2 7 17 18 2 13 6 3 5 31 3 0 2 7 1 2 7 0 2 7 16 6 2 5 31 3 1 2 7 17 9 2 5 31 3 16 6 2 0 2 7 0 2 7 0 2 7 0 2 7 6 2 7 5 31 3 0 2 7 16 6 2 5 30 3 1 2 7 0 40.6861146092414856
12 16 2 0 2 7 12 16 2 12 16 2 1 2 7 16 19 11 5 30 3 8 9 2 8 9 2 5 30 3 12 16 2 0 2 3 0 2 7 1 2 7 0 2 7 0 2 7 5 30 3 0 2 7 0 2 7 16 19 11 0 2 7 0 2 7 1 2 7 16 19 11 0 2 7 0 2 7 5 30 3 0 2 7 0 2 7 8 18 2 1 2 7 16 19 11 0 2 7 0 2 7 0 2 3 0 2 7 12 16 2 0 2 7 0 2 7 5 30 3 0 43.1184190511703491
0 2 8 8 18 2 8 9 2 16 19 12 0 2 8 12 16 2 0 2 8 8 18 2 1 2 8 0 2 8 5 30 3 0 2 8 0 2 12 8 18 2 8 9 2 0 2 8 1 2 12 8 9 2 1 2 8 5 30 3 0 2 8 12 16 2 0 2 8 0 2 8 0 2 12 0 2 8 0 2 8 1 2 8 5 30 3 16 6 2 5 30 3 0 2 8 16 19 12 0 2 8 1 2 8 5 30 3 0 2 8 0 2 12 17 9 2 12 16 2 0.000442751423653513167 45.4385225772857666
12 16 2 5 31 3 8 9 2 12 16 2 12 16 2 0 2 7 1 2 7 0 2 7 6 2 7 0 2 12 1 2 4 5 31 3 0 2 7 0 2 7 17 18 2 0 2 7 1 2 7 0 2 7 5 30 3 5 30 3 0 2 7 0 2 11 1 2 7 0 2 11 0 2 7 1 2 11 17 18 2 17 9 2 0 2 7 16 19 11 0 2 11 0 2 7 6 2 7 1 2 11 0 2 7 0 2 7 8 18 2 5 30 3 0 2 7 0 2 7 0 42.5453296899795532
12 16 2 5 30 3 17 9 2 12 16 2 12 16 2 1 2 7 1 2 7 0 2 7 1 2 7 0 2 8 1 2 12 1 2 7 13 6 3 0 2 4 5 30 3 0 2 7 0 2 7 13 6 3 5 30 3 12 16 2 1 2 7 0 2 12 5 30 3 12 16 2 0 2 8 8 18 2 16 6 2 0 2 8 0 2 7 0 2 7 5 30 3 1 2 7 8 9 2 0 2 8 1 2 7 0 2 7 0 2 7 0 2 7 0 2 8 1 2 7 0.000738808342358693998 42.1181037425994873
0 2 3 12 16 2 0 2 7 1 2 4 0 2 4 0 2 7 0 2 7 0 2 4 0 2 3 1 2 4 0 2 7 0 2 3 12 16 2 0 2 7 0 2 7 0 2 4 17 18 2 5 30 3 0 2 4 1 2 4 1 2 7 1 2 7 17 9 2 1 2 7 17 18 2 1 2 7 1 2 4 1 2 7 0 2 7 12 16 2 1 2 4 13 6 3 12 16 2 1 2 7 0 2 7 13 6 3 17 9 2 5 31 3 12 16 2 1 2 7 0 40.4699766635894775
12 16 2 0 2 7 5 30 3 1 2 11 0 2 7 0 2 7 1 2 7 1 2 3 17 9 2 1 2 3 13 6 3 12 16 2 17 18 2 1 2 11 0 2 7 5 30 3 0 2 7 0 2 7 0 2 7 1 2 7 17 9 2 0 2 7 0 2 7 0 2 7 0 2 7 0 2 7 0 2 7 1 2 4 1 2 7 12 16 2 13 6 3 5 30 3 0 2 4 8 18 2 17 18 2 1 2 4 1 2 7 1 2 7 0 2 7 0 2 7 0 40.6077494621276855
12 16 2 1 2 7 5 31 3 1 2 7 0 2 7 1 2 7 0 2 4 1 2 7 17 9 2 1 2 7 13 6 3 6 2 7 12 16 2 5 30 3 17 18 2 0 2 4 0 2 4 13 6 3 12 16 2 0 2 7 0 2 4 0 2 7 0 2 7 17 18 2 17 9 2 1 2 7 0 2 4 1 2 7 0 2 7 0 2 7 0 2 7 0 2 7 0 2 7 5 30 3 0 2 7 0 2 3 1 2 7 1 2 7 0 2 7 5 30 3 0 40.5530635714530945
12 16 2 0 2 3 16 6 2 5 31 3 5 30 3 6 2 3 0 2 7 5 30 3 0 2 7 5 31 3 0 2 10 1 2 7 0 2 7 16 19 11 0 2 7 0 2 7 0 2 7 1 2 7 0 2 7 17 18 2 0 2 7 0 2 3 0 2 7 1 2 7 0 2 7 16 19 11 16 19 11 5 30 3 1 2 7 5 30 3 1 2 7 0 2 7 0 2 7 0 2 7 0 2 3 0 2 3 0 2 3 0 2 7 0 2 7 1 2 7 0 42.5089033842086792

Current Evaluation = 5850(5850)
Front Size = 10
12 16 2 0 2 7 0 2 7 0 2 7 0 2 7 0 2 7 5 30 3 17 18 2 1 2 7 13 6 3 0 2 7 12 16 2 12 16 2 17 18 2 0 2 7 1 2 7 13 6 3 5 31 3 12 16 2 1 2 7 1 2 7 0 2 7 12 16 2 17 9 2 1 2 7 1 2 7 1 2 7 17 9 2 1 2 7 1 2 7 0 2 7 13 6 3 0 2 7 0 2 7 0 2 7 0 2 4 0 2 7 1 2 7 1 2 7 0 2 7 0 40.0383374691009521
16 19 11 12 16 2 5 31 3 0 2 3 0 2 7 0 2 3 0 2 3 0 2 3 1 2 3 1 2 3 0 2 7 0 2 3 16 6 2 0 2 7 1 2 7 0 2 4 16 6 2 0 2 7 0 2 7 0 2 7 1 2 7 0 2 3 5 31 3 0 2 7 0 2 7 1 2 7 0 2 4 0 2 7 16 6 2 0 2 7 0 2 3 12 16 2 5 30 3 0 2 3 0 2 3 0 2 4 16 19 11 0 2 7 5 30 3 5 30 3 0 42.4472285509109497
0 2 3 12 16 2 0 2 7 1 2 4 0 2 4 0 2 7 0 2 7 0 2 4 0 2 3 1 2 4 0 2 7 0 2 3 12 16 2 0 2 7 0 2 7 0 2 4 17 18 2 5 30 3 0 2 4 1 2 4 1 2 7 1 2 7 17 9 2 1 2 7 17 18 2 1 2 7 1 2 4 1 2 7 0 2 7 12 16 2 1 2 4 13 6 3 12 16 2 1 2 7 0 2 7 13 6 3 17 9 2 5 31 3 12 16 2 1 2 7 0 40.4699766635894775
12 16 2 1 2 7 12 16 2 5 30 3 17 9 2 8 9 2 5 30 3 5 30 3 12 16 2 8 18 2 0 2 7 0 2 7 0 2 7 0 2 7 0 2 3 16 15 2 0 2 4 1 2 7 8 18 2 0 2 3 0 2 7 0 2 7 1 2 7 0 2 7 1 2 7 0 2 7 0 2 4 1 2 7 0 2 7 1 2 7 16 19 11 5 30 3 17 9 2 6 2 7 0 2 3 1 2 7 0 2 7 0 2 7 0 2 7 0 2 4 0 41.8190374970436096
12 16 2 0 2 7 5 31 3 0 2 7 0 2 7 0 2 7 17 9 2 13 6 3 12 16 2 5 31 3 1 2 7 0 2 7 0 2 7 0 2 7 1 2 7 0 2 7 1 2 7 0 2 7 0 2 7 0 2 7 0 2 7 1 2 7 1 2 7 0 2 7 0 2 7 0 2 7 5 30 3 16 6 2 0 2 7 16 6 2 16 6 2 17 9 2 6 2 7 5 31 3 0 2 7 5 31 3 1 2 7 0 2 7 0 2 7 1 2 7 0 40.6861146092414856
0 2 7 0 2 7 5 30 3 0 2 7 0 2 7 0 2 7 17 9 2 5 31 3 12 16 2 1 2 3 0 2 7 0 2 7 12 16 2 1 2 7 17 9 2 0 2 7 0 2 7 0 2 7 0 2 7 0 2 7 0 2 3 0 2 7 1 2 7 1 2 7 1 2 4 1 2 7 17 18 2 1 2 4 1 2 7 5 30 3 1 2 3 0 2 7 1 2 4 1 2 7 1 2 7 0 2 7 0 2 7 0 2 7 16 31 2 13 6 3 0 40.5605276823043823
12 16 2 12 16 2 12 16 2 0 2 7 0 2 7 0 2 7 6 2 7 1 2 7 0 2 3 1 2 1 0 2 7 8 18 2 0 2 7 0 2 7 12 16 2 5 30 3 0 2 11 0 2 7 1 2 7 0 2 7 0 2 7 0 2 7 16 19 11 8 9 2 0 2 7 0 2 7 16 19 11 5 30 3 8 18 2 0 2 7 5 30 3 0 2 7 0 2 7 17 9 2 1 2 7 5 30 3 16 19 11 0 2 7 5 30 3 0 2 7 0 42.9089033007621765
12 16 2 5 31 3 16 19 11 0 2 7 12 16 2 0 2 7 1 2 7 17 18 2 5 31 3 6 2 7 0 2 7 17 9 2 0 2 7 1 2 7 0 2 7 0 2 7 12 16 2 13 6 3 5 30 3 0 2 7 0 2 7 5 30 3 1 2 7 0 2 7 12 16 2 0 2 7 0 2 7 1 2 7 0 2 7 1 2 7 6 2 7 0 2 7 5 30 3 13 6 3 16 30 2 0 2 7 0 2 7 0 2 7 12 16 2 0 2 7 0 41.250421404838562
12 16 2 12 16 2 12 16 2 0 2 7 0 2 7 0 2 7 1 2 7 0 2 7 0 2 7 0 2 7 12 16 2 0 2 7 1 2 7 0 2 7 0 2 7 0 2 7 17 9 2 1 2 7 6 2 7 0 2 3 1 2 1 1 2 4 17 18 2 0 2 11 16 19 11 8 9 2 0 2 4 1 2 7 16 19 11 5 30 3 17 18 2 1 2 7 5 30 3 0 2 7 0 2 7 1 2 4 16 19 11 0 2 4 0 2 4 0 2 7 0.0912944130021204475 41.6431544423103333
12 16 2 0 2 7 0 2 7 0 2 7 0 2 7 0 2 7 5 31 3 17 18 2 1 2 7 13 6 3 0 2 4 12 16 2 12 16 2 17 18 2 0 2 4 1 2 7 13 6 3 5 31 3 12 16 2 1 2 4 1 2 7 0 2 4 12 16 2 17 9 2 0 2 7 0 2 7 1 2 7 17 9 2 0 2 7 0 2 4 1 2 7 1 2 7 1 2 7 1 2 7 1 2 7 1 2 4 0 2 7 0 2 4 0 2 7 1 2 7 0 40.3102556467056274

Current Evaluation = 6300(6300)
Front Size = 10
0 2 7 5 30 3 17 9 2 5 31 3 12 16 2 0 2 7 0 2 7 12 16 2 0 2 7 0 2 7 0 2 7 12 16 2 0 2 7 1 2 7 1 2 7 17 18 2 0 2 7 1 2 7 1 2 7 13 6 3 13 6 3 17 9 2 12 16 2 0 2 7 1 2 7 0 2 7 0 2 7 12 16 2 0 2 7 1 2 7 0 2 7 1 2 7 1 2 7 17 9 2 1 2 4 1 2 7 0 2 7 1 2 7 13 6 3 0 2 7 0 40.0383374691009521
12 16 2 0 2 4 0 2 3 0 2 7 1 2 7 0 2 7 0 2 7 12 16 2 0 2 7 0 2 7 0 2 4 17 18 2 5 30 3 0 2 4 1 2 7 17 18 2 17 9 2 1 2 7 0 2 4 1 2 7 0 2 4 12 16 2 13 6 3 12 16 2 1 2 7 0 2 4 13 6 3 17 9 2 5 31 3 12 16 2 1 2 7 0 2 4 1 2 3 0 2 3 1 2 7 1 2 4 0 2 7 1 2 7 1 2 7 1 2 4 0 40.4699766635894775
0 2 4 0 2 7 5 30 3 0 2 4 17 9 2 5 31 3 12 16 2 0 2 7 0 2 7 12 16 2 0 2 7 0 2 7 0 2 4 0 2 3 0 2 7 12 16 2 0 2 7 1 2 4 1 2 7 17 18 2 0 2 7 1 2 4 1 2 7 1 2 7 1 2 3 13 6 3 13 6 3 17 9 2 12 16 2 1 2 4 0 2 7 1 2 7 1 2 4 0 2 7 1 2 4 0 2 7 1 2 4 12 16 2 1 2 3 17 9 2 0 40.4699766635894775
0 2 7 0 2 7 5 30 3 0 2 7 0 2 7 0 2 7 17 9 2 5 31 3 12 16 2 1 2 3 0 2 7 0 2 7 12 16 2 1 2 7 17 9 2 0 2 7 0 2 7 0 2 7 0 2 7 0 2 7 0 2 3 0 2 7 1 2 7 1 2 7 1 2 4 1 2 7 17 18 2 1 2 4 1 2 7 5 30 3 1 2 3 0 2 7 1 2 4 1 2 7 1 2 7 0 2 7 0 2 7 0 2 7 16 31 2 13 6 3 0 40.5605276823043823
1 2 4 0 2 7 5 30 3 1 2 7 0 2 7 0 2 7 5 30 3 12 16 2 17 9 2 0 2 7 1 2 7 12 16 2 0 2 7 0 2 7 0 2 3 0 2 7 0 2 7 0 2 3 6 2 7 1 2 7 0 2 7 0 2 3 17 18 2 0 2 7 5 30 3 1 2 3 16 30 2 13 6 3 12 16 2 8 9 2 1 2 7 0 2 3 12 16 2 0 2 7 5 31 3 0 2 4 1 2 7 6 2 7 1 2 7 0 2 3 0 41.5159837007522583
16 19 11 12 16 2 5 31 3 0 2 3 0 2 7 0 2 3 0 2 3 0 2 3 1 2 3 1 2 3 0 2 7 0 2 3 16 6 2 0 2 7 1 2 7 0 2 4 16 6 2 0 2 7 0 2 7 0 2 7 1 2 7 0 2 3 5 31 3 0 2 7 0 2 7 1 2 7 0 2 4 0 2 7 16 6 2 0 2 7 0 2 3 12 16 2 5 30 3 0 2 3 0 2 3 0 2 4 16 19 11 0 2 7 5 30 3 5 30 3 0 42.4472285509109497
12 16 2 0 2 7 0 2 7 0 2 7 0 2 7 0 2 7 5 31 3 17 18 2 1 2 7 13 6 3 0 2 4 12 16 2 12 16 2 17 18 2 0 2 4 1 2 7 13 6 3 5 31 3 12 16 2 1 2 4 1 2 7 0 2 4 12 16 2 17 9 2 0 2 7 0 2 7 1 2 7 17 9 2 0 2 7 0 2 4 1 2 7 1 2 7 1 2 7 1 2 7 1 2 7 1 2 4 0 2 7 0 2 4 0 2 7 1 2 7 0 40.3102556467056274
0 2 7 0 2 7 5 30 3 0 2 4 0 2 7 0 2 4 17 9 2 5 31 3 12 16 2 0 2 7 0 2 7 12 16 2 6 2 7 0 2 7 1 2 7 0 2 7 0 2 7 0 2 7 0 2 4 12 16 2 1 2 7 1 2 7 1 2 7 17 18 2 1 2 7 5 30 3 0 2 7 1 2 7 0 2 7 13 6 3 13 6 3 17 9 2 12 16 2 6 2 7 5 30 3 12 16 2 1 2 7 0 2 7 0 2 4 16 31 2 0 40.6766154766082764
12 16 2 1 2 7 0 2 7 1 2 7 0 2 7 1 2 7 0 2 7 5 31 3 0 2 7 1 2 7 0 2 7 17 18 2 5 30 3 0 2 7 17 18 2 17 9 2 1 2 7 1 2 7 12 16 2 13 6 3 12 16 2 1 2 7 13 6 3 5 30 3 1 2 7 0 2 4 0 2 7 0 2 11 0 2 7 0 2 7 0 2 11 17 9 2 1 2 7 1 2 7 0 2 7 6 2 7 0 2 7 0 2 7 15 2 11 0 2 7 0 40.5513136982917786
12 16 2 1 2 4 0 2 7 0 2 7 0 2 7 0 2 4 0 2 7 12 16 2 0 2 11 0 2 7 17 18 2 5 30 3 6 2 7 0 2 7 1 2 7 1 2 7 17 18 2 1 2 7 1 2 7 6 2 10 12 16 2 13 6 3 0 2 7 0 2 3 0 2 7 13 6 3 5 31 3 12 16 2 0 2 7 17 18 2 5 30 3 0 2 4 0 2 7 5 30 3 0 2 11 0 2 7 1 2 4 1 2 4 17 9 2 1 2 7 0 40.9303546547889709

Current Evaluation = 6750(6750)
Front Size = 10
12 16 2 0 2 7 1 2 7 0 2 7 0 2 7 5 31 3 17 18 2 1 2 7 13 6 3 1 2 7 1 2 7 0 2 4 17 9 2 0 2 7 0 2 7 1 2 7 17 9 2 0 2 7 1 2 7 0 2 7 1 2 7 1 2 7 0 2 7 13 6 3 12 16 2 12 16 2 12 16 2 17 9 2 12 16 2 1 2 7 0 2 7 0 2 7 1 2 7 0 2 7 1 2 7 0 2 7 5 30 3 13 6 3 0 2 7 0 2 7 0 40.0383374691009521
16 19 11 12 16 2 5 31 3 0 2 3 0 2 7 0 2 3 0 2 3 0 2 3 1 2 3 1 2 3 0 2 7 0 2 3 16 6 2 0 2 7 1 2 7 0 2 4 16 6 2 0 2 7 0 2 7 0 2 7 1 2 7 0 2 3 5 31 3 0 2 7 0 2 7 1 2 7 0 2 4 0 2 7 16 6 2 0 2 7 0 2 3 12 16 2 5 30 3 0 2 3 0 2 3 0 2 4 16 19 11 0 2 7 5 30 3 5 30 3 0 42.4472285509109497
12 16 2 0 2 7 0 2 7 0 2 7 0 2 7 0 2 7 5 31 3 17 18 2 1 2 7 13 6 3 0 2 7 12 16 2 12 16 2 1 2 4 13 6 3 12 16 2 1 2 7 12 16 2 17 9 2 0 2 7 0 2 7 1 2 7 17 9 2 0 2 7 1 2 7 1 2 4 1 2 7 1 2 7 1 2 7 0 2 7 0 2 7 0 2 7 6 2 7 5 30 3 5 30 3 0 2 7 0 2 7 0 2 7 17 9 2 13 6 3 0 40.2558254599571228
1 2 7 0 2 3 1 2 11 0 2 7 0 2 7 8 9 2 17 18 2 1 2 7 13 6 3 12 16 2 12 16 2 0 2 7 0 2 7 17 9 2 0 2 7 0 2 7 0 2 7 1 2 7 1 2 4 5 30 3 0 2 7 0 2 3 17 9 2 12 16 2 0 2 4 5 30 3 1 2 7 0 2 7 1 2 7 0 2 7 0 2 11 16 31 2 1 2 4 5 30 3 1 2 7 0 2 4 0 2 7 1 2 7 0 2 3 1 2 7 0 40.9110516309738159
12 16 2 0 2 7 0 2 7 0 2 7 0 2 7 0 2 7 5 31 3 17 18 2 1 2 7 13 6 3 0 2 4 12 16 2 12 16 2 17 18 2 0 2 4 1 2 7 13 6 3 5 31 3 12 16 2 1 2 4 1 2 7 0 2 4 12 16 2 17 9 2 0 2 7 0 2 7 1 2 7 17 9 2 0 2 7 0 2 4 1 2 7 1 2 7 1 2 7 1 2 7 1 2 7 1 2 4 0 2 7 0 2 4 0 2 7 1 2 7 0 40.3102556467056274
0 2 7 17 9 2 5 31 3 12 16 2 0 2 7 0 2 7 12 16 2 0 2 7 0 2 7 0 2 7 12 16 2 0 2 7 1 2 7 1 2 7 17 18 2 0 2 7 1 2 4 1 2 7 13 6 3 13 6 3 17 9 2 12 16 2 0 2 7 1 2 7 0 2 7 0 2 7 12 16 2 17 9 2 0 2 7 1 2 7 1 2 4 1 2 7 1 2 7 0 2 4 0 2 4 1 2 4 5 31 3 1 2 4 1 2 4 0 2 7 0 40.3102556467056274
0 2 7 0 2 7 5 30 3 0 2 7 0 2 7 0 2 7 17 9 2 5 31 3 12 16 2 1 2 3 0 2 7 0 2 7 12 16 2 1 2 7 17 9 2 0 2 7 0 2 7 0 2 7 0 2 7 0 2 7 0 2 3 0 2 7 1 2 7 1 2 7 1 2 4 1 2 7 17 18 2 1 2 4 1 2 7 5 30 3 1 2 3 0 2 7 1 2 4 1 2 7 1 2 7 0 2 7 0 2 7 0 2 7 16 31 2 13 6 3 0 40.5605276823043823
12 16 2 0 2 7 0 2 7 1 2 7 0 2 7 0 2 7 5 31 3 17 18 2 1 2 4 13 6 3 1 2 7 1 2 7 0 2 7 17 9 2 0 2 7 0 2 7 1 2 7 17 9 2 0 2 7 0 2 7 0 2 7 1 2 4 1 2 7 1 2 4 0 2 7 13 6 3 12 16 2 12 16 2 1 2 7 5 30 3 0 2 7 0 2 7 1 2 4 0 2 3 0 2 4 1 2 7 5 30 3 0 2 3 0 2 7 17 18 2 0 40.4155756235122681
12 16 2 0 2 7 0 2 7 1 2 4 0 2 7 5 31 3 17 18 2 1 2 7 13 6 3 0 2 7 1 2 7 0 2 4 17 9 2 5 30 3 0 2 7 1 2 7 17 9 2 0 2 7 0 2 7 1 2 7 0 2 7 0 2 7 13 6 3 5 30 3 12 16 2 1 2 7 5 30 3 1 2 7 0 2 7 0 2 7 0 2 7 0 2 7 0 2 7 17 18 2 0 2 7 1 2 4 0 2 7 0 2 7 1 2 7 1 2 7 0 40.3689725399017334
12 16 2 0 2 4 0 2 7 0 2 7 0 2 7 0 2 7 5 31 3 17 18 2 1 2 4 13 6 3 0 2 4 12 16 2 12 16 2 0 2 4 1 2 7 13 6 3 12 16 2 1 2 4 1 2 4 0 2 3 12 16 2 17 9 2 0 2 7 0 2 7 1 2 7 17 9 2 0 2 7 1 2 4 0 2 7 0 2 3 1 2 7 0 2 3 0 2 7 1 2 4 5 30 3 1 2 7 1 2 7 1 2 4 17 9 2 1 2 7 0 40.4699766635894775

Current Evaluation = 7200(7200)
Front Size = 10
0 2 7 17 9 2 5 31 3 12 16 2 0 2 7 0 2 7 12 16 2 0 2 7 0 2 7 0 2 7 12 16 2 0 2 7 1 2 7 1 2 7 17 18 2 0 2 7 1 2 7 13 6 3 13 6 3 13 6 3 17 9 2 12 16 2 0 2 7 1 2 7 0 2 7 12 16 2 1 2 7 1 2 7 1 2 7 1 2 7 0 2 7 0 2 7 5 30 3 1 2 4 0 2 7 0 2 7 17 18 2 1 2 7 1 2 7 0 2 7 0 40.0383374691009521
12 16 2 0 2 7 1 2 7 5 31 3 17 18 2 0 2 4 13 6 3 1 2 7 17 9 2 6 2 7 0 2 4 17 9 2 0 2 7 0 2 7 1 2 7 13 6 3 1 2 7 0 2 4 1 2 7 1 2 7 0 2 7 0 2 7 0 2 7 1 2 7 0 2 7 17 9 2 5 30 3 0 2 7 0 2 7 12 16 2 1 2 7 5 30 3 0 2 3 0 2 3 1 2 7 0 2 7 12 16 2 1 2 4 1 2 7 0 2 3 0 40.4413166642189026
12 16 2 1 2 7 0 2 7 0 2 7 1 2 7 5 31 3 17 18 2 1 2 7 13 6 3 1 2 7 1 2 7 0 2 7 17 9 2 0 2 7 0 2 7 1 2 7 17 9 2 0 2 7 0 2 7 0 2 7 0 2 7 0 2 7 1 2 7 0 2 7 13 6 3 12 16 2 12 16 2 1 2 7 0 2 7 1 2 7 0 2 7 1 2 7 5 30 3 0 2 7 17 9 2 0 2 7 6 2 4 0 2 7 5 31 3 1 2 4 0 40.2815956473350525
0 2 7 17 9 2 5 31 3 12 16 2 0 2 7 0 2 7 12 16 2 0 2 7 0 2 7 0 2 7 12 16 2 0 2 7 1 2 7 1 2 7 17 18 2 0 2 7 1 2 4 1 2 7 13 6 3 13 6 3 17 9 2 12 16 2 0 2 7 1 2 7 0 2 7 0 2 7 12 16 2 17 9 2 0 2 7 1 2 7 1 2 4 1 2 7 1 2 7 0 2 4 0 2 4 1 2 4 5 31 3 1 2 4 1 2 4 0 2 7 0 40.3102556467056274
0 2 7 0 2 7 5 30 3 0 2 7 0 2 7 0 2 7 17 9 2 5 31 3 12 16 2 1 2 3 0 2 7 0 2 7 12 16 2 1 2 7 17 9 2 0 2 7 0 2 7 0 2 7 0 2 7 0 2 7 0 2 3 0 2 7 1 2 7 1 2 7 1 2 4 1 2 7 17 18 2 1 2 4 1 2 7 5 30 3 1 2 3 0 2 7 1 2 4 1 2 7 1 2 7 0 2 7 0 2 7 0 2 7 16 31 2 13 6 3 0 40.5605276823043823
0 2 7 17 9 2 5 31 3 12 16 2 0 2 7 0 2 7 12 16 2 0 2 7 0 2 7 0 2 7 12 16 2 0 2 7 1 2 7 1 2 7 17 18 2 0 2 7 1 2 4 1 2 7 13 6 3 13 6 3 17 9 2 12 16 2 0 2 7 1 2 7 0 2 7 12 16 2 1 2 7 1 2 4 1 2 7 1 2 7 0 2 4 0 2 4 5 31 3 1 2 7 0 2 4 0 2 4 17 18 2 1 2 7 1 2 4 0 2 7 0 40.3102556467056274
12 16 2 0 2 4 0 2 7 0 2 7 0 2 7 0 2 7 5 31 3 17 18 2 1 2 4 13 6 3 0 2 4 12 16 2 12 16 2 0 2 4 1 2 7 13 6 3 12 16 2 1 2 4 1 2 4 0 2 3 12 16 2 17 9 2 0 2 7 0 2 7 1 2 7 17 9 2 0 2 7 1 2 4 0 2 7 0 2 3 1 2 7 0 2 3 0 2 7 1 2 4 5 30 3 1 2 7 1 2 7 1 2 4 17 9 2 1 2 7 0 40.4699766635894775
12 16 2 1 2 7 1 2 3 1 2 7 5 31 3 17 18 2 0 2 7 13 6 3 0 2 4 0 2 7 17 9 2 1 2 4 0 2 7 17 9 2 0 2 7 0 2 7 1 2 7 1 2 7 1 2 11 6 2 7 0 2 3 1 2 7 0 2 7 0 2 7 1 2 7 0 2 4 0 2 7 0 2 7 0 2 7 1 2 7 0 2 4 0 2 7 17 9 2 5 31 3 0 2 4 6 2 4 0 2 7 12 16 2 1 2 7 5 30 3 0 40.6213297843933105
1 2 7 0 2 3 1 2 11 0 2 7 0 2 7 8 9 2 17 18 2 1 2 7 13 6 3 12 16 2 12 16 2 0 2 7 0 2 7 17 9 2 0 2 7 0 2 7 0 2 7 1 2 7 1 2 4 5 30 3 0 2 7 0 2 3 17 9 2 12 16 2 0 2 4 5 30 3 1 2 7 0 2 7 1 2 7 0 2 7 0 2 11 16 31 2 1 2 4 5 30 3 1 2 7 0 2 4 0 2 7 1 2 7 0 2 3 1 2 7 0 40.9110516309738159
0 2 3 5 30 3 0 2 7 0 2 7 0 2 7 12 16 2 0 2 7 0 2 7 1 2 7 0 2 7 1 2 11 0 2 7 0 2 3 0 2 3 0 2 7 6 2 7 0 2 7 0 2 7 0 2 7 13 6 3 0 2 7 12 16 2 1 2 7 1 2 7 1 2 7 1 2 3 17 9 2 16 6 2 1 2 3 0 2 7 17 9 2 5 30 3 0 2 7 0 2 7 5 31 3 16 30 2 5 31 3 1 2 3 1 2 3 0 2 7 0 41.2243767380714417

Current Evaluation = 7650(7650)
Front Size = 10
0 2 7 17 9 2 5 31 3 12 16 2 0 2 7 1 2 7 12 16 2 0 2 7 1 2 7 0 2 7 12 16 2 1 2 7 1 2 7 17 18 2 0 2 7 1 2 7 13 6 3 13 6 3 17 9 2 12 16 2 0 2 7 1 2 7 0 2 7 12 16 2 0 2 7 1 2 7 1 2 7 0 2 7 0 2 7 0 2 7 0 2 7 0 2 7 0 2 7 0 2 7 5 30 3 1 2 7 17 18 2 1 2 4 13 6 3 1 2 7 0 40.0383374691009521
0 2 7 17 9 2 5 30 3 12 16 2 0 2 7 0 2 7 12 16 2 0 2 4 1 2 7 12 16 2 0 2 7 0 2 7 0 2 7 0 2 7 0 2 7 0 2 7 13 6 3 13 6 3 17 9 2 12 16 2 1 2 7 1 2 7 1 2 7 1 2 7 12 16 2 1 2 7 1 2 7 0 2 7 0 2 7 17 9 2 1 2 7 0 2 7 0 2 7 5 31 3 1 2 7 13 6 3 1 2 7 17 18 2 1 2 7 0 2 7 0 40.0383374691009521
1 2 7 5 31 3 12 16 2 1 2 7 1 2 7 12 16 2 0 2 7 0 2 7 0 2 7 12 16 2 0 2 4 1 2 7 1 2 7 17 18 2 0 2 7 1 2 4 13 6 3 13 6 3 12 16 2 0 2 7 0 2 7 0 2 7 12 16 2 0 2 7 1 2 7 1 2 7 1 2 7 0 2 7 17 18 2 1 2 7 13 6 3 0 2 7 0 2 7 0 2 7 0 2 7 17 18 2 0 2 3 17 9 2 1 2 7 5 30 3 0 40.1183375120162964
0 2 7 17 9 2 5 30 3 12 16 2 0 2 7 5 31 3 12 16 2 1 2 7 0 2 11 0 2 4 0 2 7 0 2 11 1 2 7 1 2 7 13 6 3 17 9 2 1 2 3 0 2 4 1 2 7 1 2 7 0 2 7 0 2 7 0 2 7 5 30 3 1 2 7 0 2 7 0 2 7 8 18 2 1 2 7 0 2 7 16 6 2 0 2 7 0 2 4 17 9 2 0 2 7 5 30 3 1 2 7 0 2 3 1 2 7 0 2 7 0 40.9798257350921631
0 2 3 5 30 3 0 2 7 0 2 7 0 2 7 12 16 2 0 2 7 0 2 7 1 2 7 0 2 7 1 2 11 0 2 7 0 2 3 0 2 3 0 2 7 6 2 7 0 2 7 0 2 7 0 2 7 13 6 3 0 2 7 12 16 2 1 2 7 1 2 7 1 2 7 1 2 3 17 9 2 16 6 2 1 2 3 0 2 7 17 9 2 5 30 3 0 2 7 0 2 7 5 31 3 16 30 2 5 31 3 1 2 3 1 2 3 0 2 7 0 41.2243767380714417
0 2 4 17 9 2 5 31 3 12 16 2 0 2 7 1 2 7 12 16 2 0 2 7 0 2 7 1 2 7 12 16 2 0 2 4 1 2 4 0 2 4 17 18 2 0 2 4 0 2 4 13 6 3 13 6 3 5 31 3 12 16 2 0 2 7 1 2 7 0 2 7 12 16 2 1 2 7 1 2 7 0 2 7 1 2 7 1 2 7 0 2 7 17 18 2 1 2 7 0 2 4 1 2 7 0 2 7 17 18 2 0 2 7 1 2 7 1 2 7 0 40.3102556467056274
0 2 7 5 31 3 12 16 2 0 2 7 1 2 7 12 16 2 0 2 7 0 2 4 0 2 7 12 16 2 5 30 3 1 2 7 1 2 7 17 18 2 0 2 7 1 2 7 13 6 3 13 6 3 12 16 2 0 2 7 1 2 7 0 2 7 12 16 2 0 2 7 1 2 7 1 2 7 1 2 7 0 2 7 17 18 2 1 2 7 13 6 3 0 2 7 0 2 7 0 2 7 0 2 7 17 18 2 1 2 7 0 2 7 17 18 2 1 2 7 0 40.0383374691009521
5 30 3 0 2 7 0 2 7 0 2 7 12 16 2 0 2 7 1 2 7 1 2 7 8 18 2 0 2 7 0 2 7 1 2 7 5 30 3 0 2 7 13 6 3 0 2 11 12 16 2 0 2 7 0 2 7 0 2 7 0 2 7 0 2 7 8 9 2 0 2 7 1 2 7 5 30 3 17 18 2 0 2 7 0 2 7 16 6 2 1 2 7 17 18 2 16 6 2 5 30 3 5 31 3 1 2 7 12 16 2 1 2 7 0 2 7 0 2 7 0 41.1397844552993774
5 30 3 0 2 3 1 2 7 0 2 7 12 16 2 0 2 7 0 2 7 1 2 3 0 2 7 0 2 7 17 18 2 1 2 7 0 2 4 0 2 7 13 6 3 0 2 7 12 16 2 0 2 7 0 2 4 5 30 3 8 9 2 0 2 3 17 9 2 0 2 7 0 2 7 5 30 3 0 2 3 16 15 2 0 2 3 1 2 7 12 16 2 1 2 7 0 2 7 17 18 2 1 2 7 1 2 7 13 6 3 1 2 7 0 2 7 12 16 2 0 41.0269525051116943
0 2 7 17 9 2 5 30 3 12 16 2 0 2 7 0 2 7 12 16 2 1 2 7 0 2 7 0 2 7 0 2 7 0 2 7 0 2 7 0 2 7 13 6 3 17 9 2 1 2 7 1 2 7 1 2 7 0 2 7 0 2 7 0 2 7 0 2 7 5 31 3 0 2 7 5 31 3 12 16 2 1 2 3 12 16 2 16 6 2 12 16 2 0 2 7 0 2 3 6 2 7 1 2 7 1 2 7 13 6 3 0 2 3 1 2 11 1 2 7 2.79483993689030305e-05 41.0566574931144714

Current Evaluation = 8100(8100)
Front Size = 10
5 30 3 12 16 2 0 2 7 1 2 7 12 16 2 0 2 7 0 2 7 1 2 7 12 16 2 1 2 4 17 18 2 13 6 3 13 6 3 12 16 2 1 2 7 0 2 7 0 2 7 12 16 2 1 2 7 0 2 7 1 2 7 0 2 7 1 2 7 0 2 7 17 18 2 1 2 7 1 2 7 0 2 7 17 18 2 0 2 7 1 2 7 0 2 7 13 6 3 0 2 7 0 2 7 5 31 3 0 2 7 17 18 2 0 2 7 1 2 7 0 40.0383374691009521
0 2 7 5 30 3 12 16 2 0 2 7 0 2 7 12 16 2 1 2 7 12 16 2 1 2 7 0 2 7 0 2 7 0 2 7 0 2 7 0 2 7 13 6 3 13 6 3 12 16 2 1 2 7 1 2 7 1 2 4 12 16 2 1 2 7 1 2 7 0 2 7 0 2 7 1 2 7 0 2 7 0 2 7 5 31 3 1 2 7 13 6 3 1 2 7 17 18 2 0 2 7 17 9 2 0 2 7 17 9 2 17 18 2 1 2 7 0 2 7 0 40.0383374691009521
0 2 7 0 2 7 12 16 2 0 2 4 5 30 3 12 16 2 0 2 7 0 2 3 13 6 3 8 18 2 1 2 7 0 2 4 1 2 7 0 2 7 1 2 11 0 2 7 1 2 4 1 2 4 0 2 7 0 2 7 1 2 7 0 2 7 0 2 7 0 2 7 5 30 3 1 2 7 12 16 2 12 16 2 17 18 2 17 18 2 0 2 7 13 6 3 1 2 7 0 2 4 1 2 11 17 18 2 0 2 7 5 30 3 17 9 2 1 2 4 0 40.6660994291305542
0 2 7 17 9 2 5 30 3 12 16 2 0 2 7 5 31 3 12 16 2 1 2 7 0 2 11 0 2 4 0 2 7 0 2 11 1 2 7 1 2 7 13 6 3 17 9 2 1 2 3 0 2 4 1 2 7 1 2 7 0 2 7 0 2 7 0 2 7 5 30 3 1 2 7 0 2 7 0 2 7 8 18 2 1 2 7 0 2 7 16 6 2 0 2 7 0 2 4 17 9 2 0 2 7 5 30 3 1 2 7 0 2 3 1 2 7 0 2 7 0 40.9798257350921631
5 31 3 5 30 3 12 16 2 0 2 7 0 2 7 0 2 7 0 2 7 1 2 7 0 2 7 0 2 7 13 6 3 0 2 7 1 2 7 0 2 7 1 2 7 0 2 7 1 2 7 1 2 7 1 2 7 0 2 7 1 2 7 0 2 7 0 2 7 12 16 2 17 18 2 17 18 2 12 16 2 17 18 2 13 6 3 0 2 7 17 18 2 12 16 2 1 2 7 1 2 7 1 2 7 0 2 7 13 6 3 12 16 2 1 2 7 0 2 4 0 40.0383374691009521
5 30 3 12 16 2 1 2 7 0 2 7 0 2 7 0 2 7 1 2 7 0 2 4 0 2 7 0 2 7 13 6 3 0 2 7 0 2 7 1 2 7 0 2 7 1 2 7 0 2 7 1 2 7 0 2 7 0 2 7 12 16 2 17 9 2 17 18 2 12 16 2 17 9 2 1 2 7 0 2 7 12 16 2 13 6 3 12 16 2 13 6 3 17 9 2 0 2 7 5 31 3 1 2 7 1 2 7 1 2 7 0 2 7 1 2 7 1 2 7 0 40.0383374691009521
0 2 4 17 9 2 5 31 3 12 16 2 0 2 7 1 2 7 12 16 2 0 2 7 0 2 7 1 2 7 12 16 2 0 2 4 1 2 4 0 2 4 17 18 2 0 2 4 0 2 4 13 6 3 13 6 3 5 31 3 12 16 2 0 2 7 1 2 7 0 2 7 12 16 2 1 2 7 1 2 7 0 2 7 1 2 7 1 2 7 0 2 7 17 18 2 1 2 7 0 2 4 1 2 7 0 2 7 17 18 2 0 2 7 1 2 7 1 2 7 0 40.3102556467056274
5 31 3 5 30 3 12 16 2 1 2 4 0 2 7 1 2 4 0 2 7 0 2 7 0 2 7 1 2 7 0 2 4 0 2 7 13 6 3 0 2 7 0 2 7 0 2 7 1 2 7 1 2 10 1 2 7 0 2 4 1 2 7 1 2 7 1 2 7 0 2 7 0 2 4 8 9 2 1 2 7 1 2 7 0 2 7 12 16 2 17 18 2 0 2 4 17 18 2 12 16 2 5 30 3 17 18 2 0 2 7 0 2 4 0 2 7 17 18 2 0 40.6450196504592896
5 30 3 5 30 3 12 16 2 1 2 7 0 2 7 0 2 7 0 2 4 0 2 7 0 2 7 0 2 7 0 2 7 13 6 3 0 2 7 0 2 7 1 2 7 0 2 7 1 2 4 1 2 7 1 2 4 1 2 11 0 2 7 1 2 7 1 2 7 0 2 7 12 16 2 17 18 2 17 18 2 12 16 2 17 9 2 1 2 7 0 2 7 12 16 2 13 6 3 12 16 2 1 2 11 13 6 3 12 16 2 17 9 2 0 2 7 8 18 2 0 40.3688613176345825
5 30 3 5 30 3 12 16 2 0 2 7 0 2 7 0 2 7 0 2 7 1 2 7 0 2 7 0 2 3 13 6 3 0 2 7 0 2 7 0 2 7 1 2 7 1 2 7 1 2 7 1 2 7 6 2 3 0 2 7 1 2 7 1 2 4 1 2 4 12 16 2 17 18 2 17 18 2 12 16 2 17 18 2 1 2 3 0 2 7 17 18 2 0 2 7 1 2 4 0 2 7 1 2 7 0 2 4 0 2 7 13 6 3 5 31 3 0 2 7 0 40.4413166046142578

Current Evaluation = 8550(8550)
Front Size = 10
5 30 3 12 16 2 0 2 7 1 2 7 12 16 2 0 2 7 0 2 7 0 2 7 12 16 2 17 9 2 13 6 3 13 6 3 12 16 2 1 2 7 0 2 7 0 2 7 12 16 2 1 2 7 0 2 7 1 2 7 1 2 7 1 2 7 0 2 7 1 2 7 1 2 7 1 2 7 0 2 7 1 2 7 0 2 7 13 6 3 0 2 7 0 2 7 5 31 3 0 2 4 1 2 7 0 2 7 17 9 2 17 18 2 17 9 2 0 2 7 0 40.0383374691009521
13 6 3 17 9 2 5 31 3 12 16 2 0 2 7 1 2 7 12 16 2 0 2 7 1 2 7 12 16 2 0 2 7 1 2 7 0 2 7 17 18 2 0 2 7 13 6 3 13 6 3 12 16 2 1 2 7 0 2 7 12 16 2 0 2 7 1 2 7 0 2 4 1 2 7 1 2 7 17 18 2 1 2 7 1 2 7 17 18 2 1 2 7 5 30 3 0 2 7 1 2 7 0 2 7 0 2 7 0 2 7 0 2 7 0 2 7 0 2 7 0 40.0383374691009521
0 2 7 0 2 7 12 16 2 0 2 4 5 30 3 12 16 2 0 2 7 0 2 3 13 6 3 8 18 2 1 2 7 0 2 4 1 2 7 0 2 7 1 2 11 0 2 7 1 2 4 1 2 4 0 2 7 0 2 7 1 2 7 0 2 7 0 2 7 0 2 7 5 30 3 1 2 7 12 16 2 12 16 2 17 18 2 17 18 2 0 2 7 13 6 3 1 2 7 0 2 4 1 2 11 17 18 2 0 2 7 5 30 3 17 9 2 1 2 4 0 40.6660994291305542
17 18 2 17 9 2 5 31 3 12 16 2 0 2 7 1 2 7 12 16 2 0 2 4 1 2 4 0 2 7 12 16 2 17 18 2 13 6 3 13 6 3 12 16 2 0 2 4 1 2 4 0 2 7 12 16 2 1 2 7 1 2 7 0 2 4 1 2 7 1 2 7 0 2 7 1 2 7 1 2 7 0 2 7 0 2 4 1 2 7 1 2 7 0 2 7 0 2 7 0 2 7 17 9 2 0 2 7 5 31 3 0 2 7 1 2 4 0 2 7 0 40.3102556467056274
0 2 7 5 30 3 12 16 2 0 2 7 0 2 7 12 16 2 1 2 7 12 16 2 1 2 7 0 2 7 0 2 7 0 2 7 0 2 7 0 2 7 13 6 3 13 6 3 12 16 2 1 2 7 1 2 7 1 2 4 12 16 2 1 2 7 1 2 7 0 2 7 0 2 7 1 2 7 0 2 7 0 2 7 5 31 3 1 2 7 13 6 3 1 2 7 17 18 2 0 2 7 17 9 2 0 2 7 17 9 2 17 18 2 1 2 7 0 2 7 0 40.0383374691009521
0 2 7 17 9 2 5 31 3 12 16 2 0 2 7 1 2 4 12 16 2 0 2 3 0 2 7 1 2 7 12 16 2 0 2 7 1 2 7 0 2 7 17 18 2 0 2 7 13 6 3 13 6 3 5 30 3 12 16 2 0 2 7 13 6 3 0 2 7 12 16 2 1 2 7 1 2 7 0 2 7 1 2 7 1 2 7 0 2 7 17 18 2 1 2 7 1 2 4 0 2 7 0 2 7 0 2 7 1 2 7 17 18 2 1 2 7 0 2 7 0 40.1183375120162964
5 31 3 5 30 3 12 16 2 1 2 4 0 2 7 1 2 4 0 2 7 0 2 7 0 2 7 1 2 7 0 2 4 0 2 7 13 6 3 0 2 7 0 2 7 0 2 7 1 2 7 1 2 10 1 2 7 0 2 4 1 2 7 1 2 7 1 2 7 0 2 7 0 2 4 8 9 2 1 2 7 1 2 7 0 2 7 12 16 2 17 18 2 0 2 4 17 18 2 12 16 2 5 30 3 17 18 2 0 2 7 0 2 4 0 2 7 17 18 2 0 40.6450196504592896
0 2 4 17 9 2 5 31 3 12 16 2 0 2 7 1 2 7 12 16 2 0 2 7 0 2 7 1 2 7 12 16 2 0 2 4 1 2 4 0 2 4 17 18 2 0 2 4 0 2 4 13 6 3 13 6 3 5 31 3 12 16 2 0 2 7 1 2 7 0 2 7 12 16 2 1 2 7 1 2 7 0 2 7 1 2 7 1 2 7 0 2 7 17 18 2 1 2 7 0 2 4 1 2 7 0 2 7 17 18 2 0 2 7 1 2 7 1 2 7 0 40.3102556467056274
0 2 7 17 9 2 5 30 3 12 16 2 0 2 7 1 2 7 12 16 2 0 2 7 0 2 4 1 2 7 12 16 2 0 2 7 1 2 7 0 2 7 17 18 2 13 6 3 0 2 7 13 6 3 13 6 3 5 31 3 12 16 2 0 2 7 1 2 7 0 2 7 12 16 2 1 2 7 1 2 7 0 2 4 1 2 7 1 2 7 0 2 7 17 18 2 1 2 7 0 2 7 1 2 7 0 2 7 17 18 2 0 2 7 0 2 3 1 2 7 0 40.1183375120162964
17 18 2 17 9 2 5 31 3 12 16 2 0 2 7 1 2 7 12 16 2 1 2 4 0 2 7 12 16 2 17 18 2 13 6 3 13 6 3 12 16 2 0 2 7 12 16 2 1 2 7 1 2 7 1 2 7 1 2 4 0 2 4 1 2 7 1 2 4 0 2 7 1 2 7 1 2 7 0 2 7 0 2 7 0 2 7 17 9 2 0 2 7 0 2 7 0 2 7 0 2 4 0 2 7 1 2 4 0 2 7 0 2 7 5 31 3 1 2 4 0 40.3102556467056274

Current Evaluation = 9000(9000)
Front Size = 10
0 2 7 1 2 7 5 31 3 12 16 2 0 2 7 12 16 2 0 2 7 1 2 7 12 16 2 0 2 7 1 2 7 0 2 7 17 18 2 13 6 3 1 2 7 13 6 3 13 6 3 5 30 3 12 16 2 1 2 7 1 2 7 1 2 7 12 16 2 0 2 4 0 2 7 1 2 7 0 2 7 0 2 7 1 2 7 0 2 7 0 2 7 0 2 7 0 2 7 1 2 7 0 2 7 17 9 2 1 2 7 0 2 7 17 18 2 17 18 2 0 40.0383374691009521
0 2 7 1 2 7 5 31 3 12 16 2 0 2 7 12 16 2 0 2 7 1 2 7 12 16 2 0 2 7 1 2 7 0 2 7 17 18 2 13 6 3 1 2 7 13 6 3 13 6 3 5 30 3 12 16 2 1 2 7 1 2 7 1 2 7 12 16 2 0 2 4 0 2 7 1 2 7 0 2 7 0 2 7 1 2 7 0 2 7 0 2 7 0 2 7 0 2 7 1 2 7 0 2 7 17 9 2 1 2 7 0 2 7 17 9 2 17 9 2 0 40.0383374691009521
0 2 7 17 9 2 5 30 3 12 16 2 0 2 7 12 16 2 0 2 7 1 2 7 12 16 2 1 2 7 1 2 7 0 2 7 17 18 2 13 6 3 0 2 7 13 6 3 0 2 7 5 31 3 12 16 2 0 2 7 0 2 7 1 2 7 12 16 2 0 2 3 1 2 7 1 2 7 1 2 7 0 2 7 17 18 2 1 2 4 1 2 4 0 2 7 0 2 7 0 2 7 13 6 3 1 2 7 1 2 7 17 18 2 0 2 7 0 2 7 0 40.1183375120162964
0 2 7 17 9 2 12 16 2 0 2 7 1 2 7 12 16 2 0 2 7 0 2 4 0 2 7 12 16 2 0 2 7 1 2 7 1 2 7 17 18 2 13 6 3 0 2 7 13 6 3 5 31 3 12 16 2 0 2 7 1 2 7 0 2 7 12 16 2 1 2 7 1 2 7 0 2 7 1 2 7 1 2 7 17 18 2 1 2 7 1 2 7 17 18 2 1 2 7 0 2 4 0 2 4 0 2 4 0 2 4 0 2 4 5 31 3 1 2 4 0 40.3102556467056274
0 2 7 0 2 7 5 30 3 12 16 2 0 2 7 12 16 2 0 2 7 0 2 7 12 16 2 1 2 7 1 2 7 0 2 7 17 18 2 13 6 3 0 2 7 13 6 3 12 16 2 1 2 7 0 2 7 12 16 2 1 2 7 1 2 7 1 2 7 0 2 7 0 2 7 0 2 7 0 2 7 1 2 4 17 9 2 17 9 2 1 2 7 17 18 2 5 31 3 13 6 3 1 2 7 1 2 7 1 2 7 0 2 7 0 2 7 0 2 7 0 40.0383374691009521
17 18 2 17 9 2 5 31 3 12 16 2 0 2 7 1 2 7 12 16 2 1 2 4 0 2 7 12 16 2 17 18 2 13 6 3 13 6 3 12 16 2 0 2 7 12 16 2 1 2 7 1 2 7 1 2 7 1 2 4 0 2 4 1 2 7 1 2 4 0 2 7 1 2 7 1 2 7 0 2 7 0 2 7 0 2 7 17 9 2 0 2 7 0 2 7 0 2 7 0 2 4 0 2 7 1 2 4 0 2 7 0 2 7 5 31 3 1 2 4 0 40.3102556467056274
0 2 7 1 2 4 5 31 3 12 16 2 0 2 7 12 16 2 0 2 7 1 2 7 12 16 2 0 2 7 1 2 7 0 2 7 17 18 2 13 6 3 1 2 7 13 6 3 12 16 2 1 2 7 1 2 7 1 2 7 12 16 2 0 2 7 0 2 7 1 2 7 0 2 7 0 2 7 1 2 4 1 2 7 1 2 4 17 9 2 1 2 7 5 31 3 0 2 4 0 2 7 0 2 7 0 2 4 17 18 2 0 2 4 17 9 2 0 2 4 0 40.3102556467056274
0 2 4 17 9 2 12 16 2 0 2 7 1 2 7 12 16 2 0 2 7 12 16 2 1 2 7 1 2 7 0 2 7 17 18 2 13 6 3 0 2 7 13 6 3 5 31 3 12 16 2 1 2 7 1 2 7 0 2 7 12 16 2 1 2 7 0 2 7 1 2 7 0 2 7 17 18 2 1 2 7 0 2 7 1 2 7 0 2 7 1 2 7 1 2 7 17 18 2 1 2 4 13 6 3 0 2 4 0 2 7 0 2 4 0 2 7 0 2 7 0.00271646765943206036 39.7171425819396973
0 2 4 17 9 2 12 16 2 0 2 7 1 2 7 12 16 2 0 2 7 12 16 2 1 2 7 1 2 7 0 2 7 17 18 2 13 6 3 0 2 7 13 6 3 5 31 3 12 16 2 1 2 7 1 2 7 0 2 7 12 16 2 1 2 7 0 2 7 1 2 7 0 2 7 17 18 2 1 2 7 0 2 7 1 2 7 0 2 7 1 2 7 1 2 7 17 18 2 5 30 3 0 2 4 0 2 7 0 2 4 0 2 7 0 2 4 5 31 3 2.24956389086507885e-05 40.6314505338668823
0 2 7 17 9 2 12 16 2 1 2 7 12 16 2 0 2 7 0 2 7 12 16 2 5 31 3 1 2 7 0 2 7 17 18 2 13 6 3 1 2 7 13 6 3 1 2 4 5 30 3 12 16 2 0 2 7 0 2 7 0 2 7 12 16 2 1 2 7 1 2 7 1 2 7 0 2 7 17 9 2 0 2 7 1 2 7 0 2 7 0 2 7 1 2 7 0 2 4 17 9 2 0 2 7 13 6 3 1 2 7 1 2 7 0 2 7 0 2 3 0 40.1183375120162964

MonoObjective Genetic Algorithm
Number of Evaluations = 0
Mutation Probability = 0
Crossover Probability = 1
Population Size = 10
Survival Selection Type = 16

Time =  9009.64344000816345

Current Evaluation = 2260
Front Size = 10
0 2 7 1 2 7 5 31 3 12 16 2 0 2 7 12 16 2 0 2 7 1 2 7 12 16 2 0 2 7 1 2 7 0 2 7 17 18 2 13 6 3 1 2 7 13 6 3 13 6 3 5 30 3 12 16 2 1 2 7 1 2 7 1 2 7 12 16 2 0 2 4 0 2 7 1 2 7 0 2 7 0 2 7 1 2 7 0 2 7 0 2 7 0 2 7 0 2 7 1 2 7 0 2 7 17 9 2 1 2 7 0 2 7 17 18 2 17 18 2 0 40.0383374691009521
0 2 7 1 2 7 5 31 3 12 16 2 0 2 7 12 16 2 0 2 7 1 2 7 12 16 2 0 2 7 1 2 7 0 2 7 17 18 2 13 6 3 1 2 7 13 6 3 13 6 3 5 30 3 12 16 2 1 2 7 1 2 7 1 2 7 12 16 2 0 2 4 0 2 7 1 2 7 0 2 7 0 2 7 1 2 7 0 2 7 0 2 7 0 2 7 0 2 7 1 2 7 0 2 7 17 9 2 1 2 7 0 2 7 17 9 2 17 9 2 0 40.0383374691009521
0 2 7 17 9 2 5 30 3 12 16 2 0 2 7 12 16 2 0 2 7 1 2 7 12 16 2 1 2 7 1 2 7 0 2 7 17 18 2 13 6 3 0 2 7 13 6 3 0 2 7 5 31 3 12 16 2 0 2 7 0 2 7 1 2 7 12 16 2 0 2 3 1 2 7 1 2 7 1 2 7 0 2 7 17 18 2 1 2 4 1 2 4 0 2 7 0 2 7 0 2 7 13 6 3 1 2 7 1 2 7 17 18 2 0 2 7 0 2 7 0 40.1183375120162964
0 2 7 17 9 2 12 16 2 0 2 7 1 2 7 12 16 2 0 2 7 0 2 4 0 2 7 12 16 2 0 2 7 1 2 7 1 2 7 17 18 2 13 6 3 0 2 7 13 6 3 5 31 3 12 16 2 0 2 7 1 2 7 0 2 7 12 16 2 1 2 7 1 2 7 0 2 7 1 2 7 1 2 7 17 18 2 1 2 7 1 2 7 17 18 2 1 2 7 0 2 4 0 2 4 0 2 4 0 2 4 0 2 4 5 31 3 1 2 4 0 40.3102556467056274
0 2 7 0 2 7 5 30 3 12 16 2 0 2 7 12 16 2 0 2 7 0 2 7 12 16 2 1 2 7 1 2 7 0 2 7 17 18 2 13 6 3 0 2 7 13 6 3 12 16 2 1 2 7 0 2 7 12 16 2 1 2 7 1 2 7 1 2 7 0 2 7 0 2 7 0 2 7 0 2 7 1 2 4 17 9 2 17 9 2 1 2 7 17 18 2 5 31 3 13 6 3 1 2 7 1 2 7 1 2 7 0 2 7 0 2 7 0 2 7 0 40.0383374691009521
17 18 2 17 9 2 5 31 3 12 16 2 0 2 7 1 2 7 12 16 2 1 2 4 0 2 7 12 16 2 17 18 2 13 6 3 13 6 3 12 16 2 0 2 7 12 16 2 1 2 7 1 2 7 1 2 7 1 2 4 0 2 4 1 2 7 1 2 4 0 2 7 1 2 7 1 2 7 0 2 7 0 2 7 0 2 7 17 9 2 0 2 7 0 2 7 0 2 7 0 2 4 0 2 7 1 2 4 0 2 7 0 2 7 5 31 3 1 2 4 0 40.3102556467056274
0 2 7 1 2 4 5 31 3 12 16 2 0 2 7 12 16 2 0 2 7 1 2 7 12 16 2 0 2 7 1 2 7 0 2 7 17 18 2 13 6 3 1 2 7 13 6 3 12 16 2 1 2 7 1 2 7 1 2 7 12 16 2 0 2 7 0 2 7 1 2 7 0 2 7 0 2 7 1 2 4 1 2 7 1 2 4 17 9 2 1 2 7 5 31 3 0 2 4 0 2 7 0 2 7 0 2 4 17 18 2 0 2 4 17 9 2 0 2 4 0 40.3102556467056274
0 2 4 17 9 2 12 16 2 0 2 7 1 2 7 12 16 2 0 2 7 12 16 2 1 2 7 1 2 7 0 2 7 17 18 2 13 6 3 0 2 7 13 6 3 5 31 3 12 16 2 1 2 7 1 2 7 0 2 7 12 16 2 1 2 7 0 2 7 1 2 7 0 2 7 17 18 2 1 2 7 0 2 7 1 2 7 0 2 7 1 2 7 1 2 7 17 18 2 1 2 4 13 6 3 0 2 4 0 2 7 0 2 4 0 2 7 0 2 7 0.00271646765943206036 39.7171425819396973
0 2 4 17 9 2 12 16 2 0 2 7 1 2 7 12 16 2 0 2 7 12 16 2 1 2 7 1 2 7 0 2 7 17 18 2 13 6 3 0 2 7 13 6 3 5 31 3 12 16 2 1 2 7 1 2 7 0 2 7 12 16 2 1 2 7 0 2 7 1 2 7 0 2 7 17 18 2 1 2 7 0 2 7 1 2 7 0 2 7 1 2 7 1 2 7 17 18 2 5 30 3 0 2 4 0 2 7 0 2 4 0 2 7 0 2 4 5 31 3 2.24956389086507885e-05 40.6314505338668823
0 2 7 17 9 2 12 16 2 1 2 7 12 16 2 0 2 7 0 2 7 12 16 2 5 31 3 1 2 7 0 2 7 17 18 2 13 6 3 1 2 7 13 6 3 1 2 4 5 30 3 12 16 2 0 2 7 0 2 7 0 2 7 12 16 2 1 2 7 1 2 7 1 2 7 0 2 7 17 9 2 0 2 7 1 2 7 0 2 7 0 2 7 1 2 7 0 2 4 17 9 2 0 2 7 13 6 3 1 2 7 1 2 7 0 2 7 0 2 3 0 40.1183375120162964

