Current Evaluation = 450(450)
Front Size = 10
5 30 3 1 2 7 0 2 7 0 2 7 1 2 7 0 2 7 0 2 7 1 2 4 1 2 7 1 2 4 1 2 7 0 2 7 1 2 7 0 2 7 0 2 7 1 2 7 5 31 3 0 2 4 12 16 2 0 2 7 5 31 3 1 2 7 0 2 7 0 2 7 0 2 7 6 2 7 0 2 7 16 6 2 0 2 7 5 31 3 0 2 7 16 6 2 0 2 7 0 2 7 1 2 7 0 2 3 17 9 2 0 2 7 16 31 2 17 18 2 0 40.502831757068634
5 30 3 16 18 8 0 2 8 0 2 8 0 2 8 16 19 11 0 2 3 0 2 8 0 2 8 12 16 2 8 18 2 0 2 8 5 30 3 0 2 8 0 2 8 0 2 8 16 19 11 12 16 2 5 30 3 0 2 8 0 2 8 0 2 3 0 2 8 12 16 2 16 19 11 5 30 3 0 2 3 5 30 3 8 9 2 0 2 11 0 2 3 0 2 8 0 2 7 0 2 3 5 30 3 0 2 8 1 2 3 0 2 8 0 2 8 1 2 8 0 46.1822854280471802
17 18 2 5 30 3 0 2 11 1 2 3 0 2 10 0 2 11 0 2 7 16 6 2 0 2 11 6 2 7 0 2 7 1 2 7 0 2 7 0 2 3 0 2 11 1 2 7 0 2 7 5 30 3 16 19 11 5 30 3 0 2 3 5 30 3 0 2 7 8 18 2 0 2 7 1 2 11 0 2 7 0 2 11 0 2 7 1 2 3 0 2 7 16 6 2 17 9 2 1 2 7 0 2 7 0 2 7 0 2 7 0 2 3 5 31 3 5 30 3 0 42.2837708592414856
5 31 3 0 2 7 0 2 3 0 2 3 0 2 3 1 2 3 0 2 7 0 2 3 0 2 3 0 2 3 5 30 3 16 19 12 5 30 3 0 2 8 5 31 3 16 9 8 12 16 2 0 2 7 0 2 3 0 2 12 0 2 7 5 30 3 0 2 7 0 2 12 0 2 3 16 6 2 0 2 3 0 2 3 1 2 7 1 2 3 16 19 12 5 30 3 0 2 7 0 2 7 16 6 2 1 2 3 0 2 3 0 2 7 0 2 7 1 2 7 1.0341238406270486e-06 43.5828908681869507
8 18 2 5 30 3 0 2 7 0 2 7 16 19 12 12 16 2 0 2 8 8 9 2 8 9 2 16 19 12 0 2 8 1 2 7 9 2 7 0 2 11 0 2 7 17 18 2 0 2 8 5 30 3 1 2 3 1 2 7 6 2 8 1 2 7 0 2 8 1 2 7 0 2 4 0 2 7 0 2 8 1 2 7 0 2 8 16 15 2 16 6 2 0 2 8 5 30 3 1 2 7 0 2 8 1 2 7 0 2 8 13 6 3 0 2 7 0 2 3 0.00356395342724774491 42.5388845205307007
12 16 2 8 9 2 16 19 12 5 30 3 0 2 8 0 2 3 16 19 12 0 2 8 0 2 7 0 2 3 0 2 8 0 2 7 8 9 2 1 2 8 0 2 3 0 2 3 0 2 3 1 2 3 5 30 3 6 2 3 0 2 3 0 2 3 0 2 8 0 2 8 0 2 8 0 2 3 0 2 8 1 2 3 0 2 8 5 30 3 0 2 3 5 30 3 5 30 3 5 30 3 0 2 3 16 19 12 0 2 3 16 19 12 16 19 12 0 2 3 8.18270551155501999e-05 45.4552173614501953
1 2 7 6 2 8 0 2 8 16 6 2 0 2 3 5 30 3 0 2 7 5 30 3 5 30 3 8 9 2 0 2 3 0 2 7 16 19 11 0 2 8 1 2 3 0 2 7 0 2 7 0 2 8 0 2 7 5 30 3 8 9 2 16 15 2 16 19 11 6 2 3 5 30 3 0 2 7 0 2 3 0 2 7 0 2 7 16 19 11 0 2 3 0 2 3 0 2 7 5 30 3 0 2 7 1 2 8 0 2 7 0 2 7 0 2 7 0 2 7 0.000351800659831303243 43.1403995752334595
0 2 7 0 2 7 6 2 3 8 9 2 5 30 3 12 16 2 0 2 7 0 2 11 5 30 3 0 2 7 1 2 7 5 30 3 0 2 7 0 2 7 0 2 7 0 2 7 1 2 7 17 18 2 5 31 3 0 2 7 1 2 3 0 2 7 0 2 7 0 2 7 17 18 2 12 16 2 0 2 7 16 9 11 5 30 3 0 2 7 12 16 2 0 2 7 16 19 11 1 2 7 0 2 7 1 2 3 13 6 3 1 2 7 0 2 7 1 2 7 0 41.9293394684791565
0 2 8 1 2 8 16 19 12 1 2 8 8 18 2 0 2 8 8 9 2 8 9 2 16 19 12 0 2 8 0 2 8 9 2 7 1 2 8 0 2 8 5 30 3 0 2 8 0 2 8 5 30 3 16 19 12 5 30 3 6 2 8 5 30 3 0 2 8 8 18 2 0 2 8 0 2 8 0 2 8 0 2 8 0 2 8 16 15 2 16 6 2 0 2 8 5 30 3 0 2 8 0 2 8 0 2 8 0 2 8 13 6 3 5 30 3 8 18 2 0.00371671027683780639 45.1685409545898438
5 30 3 16 19 11 0 2 7 0 2 3 6 2 7 16 24 2 1 2 7 0 2 3 0 2 7 12 16 2 17 18 2 0 2 11 5 30 3 1 2 7 0 2 7 0 2 3 6 2 3 12 16 2 5 30 3 0 2 3 0 2 7 1 2 7 0 2 7 12 16 2 16 19 11 5 30 3 0 2 3 5 30 3 8 9 2 0 2 7 0 2 7 0 2 7 0 2 3 0 2 3 8 18 2 0 2 3 0 2 7 0 2 11 1 2 7 1 2 4 0 42.9036266207695007

Current Evaluation = 900(900)
Front Size = 10
5 30 3 1 2 7 0 2 7 0 2 7 1 2 7 0 2 7 0 2 7 1 2 4 1 2 7 1 2 4 1 2 7 0 2 7 1 2 7 0 2 7 0 2 7 1 2 7 5 31 3 0 2 4 12 16 2 0 2 7 5 31 3 1 2 7 0 2 7 0 2 7 0 2 7 6 2 7 0 2 7 16 6 2 0 2 7 5 31 3 0 2 7 16 6 2 0 2 7 0 2 7 1 2 7 0 2 3 17 9 2 0 2 7 16 31 2 17 18 2 0 40.502831757068634
5 31 3 0 2 8 0 2 7 12 16 2 5 30 3 5 30 3 0 2 8 5 30 3 0 2 11 0 2 12 0 2 11 0 2 8 0 2 11 16 19 11 0 2 8 0 2 8 16 19 11 0 2 8 17 9 2 0 2 8 0 2 8 6 2 8 0 2 3 0 2 8 16 19 11 0 2 11 6 2 8 0 2 8 0 2 7 16 19 11 5 31 3 5 30 3 0 2 3 0 2 8 0 2 11 0 2 7 0 2 8 0 2 11 0 2 7 5 30 3 0 45.8098506927490234
1 2 7 5 31 3 0 2 3 0 2 3 12 16 2 0 2 3 1 2 3 0 2 3 0 2 3 5 31 3 16 9 8 16 6 2 16 9 8 1 2 7 5 30 3 0 2 3 0 2 3 1 2 3 0 2 3 1 2 7 0 2 7 0 2 3 0 2 3 0 2 7 0 2 3 0 2 7 0 2 7 5 30 3 0 2 3 0 2 3 0 2 3 1 2 7 1 2 7 1 2 3 16 6 2 0 2 3 0 2 3 16 19 12 0 2 3 1 2 12 7.16873852722690506e-05 43.1987639665603638
12 16 2 8 9 2 16 19 12 5 30 3 0 2 8 0 2 3 16 19 12 0 2 8 0 2 7 0 2 3 0 2 8 0 2 7 8 9 2 1 2 8 0 2 3 0 2 3 0 2 3 1 2 3 5 30 3 6 2 3 0 2 3 0 2 3 0 2 8 0 2 8 0 2 8 0 2 3 0 2 8 1 2 3 0 2 8 5 30 3 0 2 3 5 30 3 5 30 3 5 30 3 0 2 3 16 19 12 0 2 3 16 19 12 16 19 12 0 2 3 8.18270551155501999e-05 45.4552173614501953
5 30 3 0 2 7 0 2 7 12 16 2 0 2 3 1 2 7 0 2 3 0 2 7 0 2 3 1 2 4 1 2 7 1 2 4 1 2 7 0 2 7 5 30 3 0 2 7 0 2 8 1 2 7 0 2 8 0 2 3 16 19 12 0 2 8 1 2 7 0 2 7 8 9 2 1 2 3 6 2 7 0 2 7 5 30 3 16 19 12 5 31 3 0 2 7 5 30 3 0 2 8 0 2 7 0 2 3 17 9 2 0 2 8 16 31 2 0 2 3 0.000123008928409165002 42.9393271803855896
0 2 7 0 2 7 6 2 3 8 9 2 5 30 3 12 16 2 0 2 7 0 2 11 5 30 3 0 2 7 1 2 7 5 30 3 0 2 7 0 2 7 0 2 7 0 2 7 1 2 7 17 18 2 5 31 3 0 2 7 1 2 3 0 2 7 0 2 7 0 2 7 17 18 2 12 16 2 0 2 7 16 9 11 5 30 3 0 2 7 12 16 2 0 2 7 16 19 11 1 2 7 0 2 7 1 2 3 13 6 3 1 2 7 0 2 7 1 2 7 0 41.9293394684791565
5 30 3 0 2 7 0 2 7 1 2 7 0 2 3 0 2 7 0 2 7 0 2 7 0 2 3 0 2 3 1 2 7 5 30 3 0 2 7 16 19 12 0 2 7 0 2 3 0 2 3 16 19 11 5 31 3 1 2 7 0 2 3 5 30 3 1 2 7 0 2 3 0 2 7 0 2 7 16 19 11 5 31 3 16 6 2 0 2 7 0 2 7 0 2 7 16 6 2 0 2 7 12 16 2 0 2 7 0 2 7 0 2 3 0 2 3 5 30 3 0 42.7998754978179932
8 18 2 5 30 3 0 2 7 0 2 7 16 19 12 12 16 2 0 2 8 8 9 2 8 9 2 16 19 12 0 2 8 1 2 7 9 2 7 0 2 11 0 2 7 17 18 2 0 2 8 5 30 3 1 2 3 1 2 7 6 2 8 1 2 7 0 2 8 1 2 7 0 2 4 0 2 7 0 2 8 1 2 7 0 2 8 16 15 2 16 6 2 0 2 8 5 30 3 1 2 7 0 2 8 1 2 7 0 2 8 13 6 3 0 2 7 0 2 3 0.00356395342724774491 42.5388845205307007
5 30 3 16 18 8 0 2 8 0 2 8 0 2 8 16 19 11 0 2 3 0 2 8 0 2 8 12 16 2 8 18 2 0 2 8 5 30 3 0 2 8 0 2 8 0 2 8 16 19 11 12 16 2 5 30 3 0 2 8 0 2 8 0 2 3 0 2 8 12 16 2 16 19 11 5 30 3 0 2 3 5 30 3 8 9 2 0 2 11 0 2 3 0 2 8 0 2 7 0 2 3 5 30 3 0 2 8 1 2 3 0 2 8 0 2 8 1 2 8 0 46.1822854280471802
0 2 7 8 9 2 5 30 3 12 16 2 0 2 11 5 30 3 5 30 3 1 2 3 12 16 2 5 30 3 12 16 2 16 19 11 5 30 3 6 2 3 16 19 11 0 2 7 0 2 8 0 2 8 0 2 7 0 2 8 0 2 7 1 2 7 17 18 2 5 31 3 0 2 8 0 2 7 0 2 7 0 2 7 17 18 2 0 2 8 16 9 11 0 2 8 0 2 8 0 2 8 5 30 3 1 2 3 0 2 8 1 2 7 0 2 8 1 2 7 0.0147362012529990045 44.415427029132843

Current Evaluation = 1350(1350)
Front Size = 10
5 30 3 1 2 7 0 2 7 0 2 7 1 2 7 0 2 7 0 2 7 1 2 7 1 2 7 1 2 7 1 2 7 0 2 7 1 2 7 0 2 7 0 2 7 1 2 7 5 31 3 0 2 7 12 16 2 0 2 7 5 31 3 1 2 4 0 2 4 0 2 7 0 2 7 1 2 7 0 2 7 16 6 2 0 2 4 5 31 3 0 2 7 16 6 2 0 2 7 0 2 7 1 2 7 0 2 7 17 9 2 0 2 7 16 31 2 17 18 2 0 40.4265387058258057
5 30 3 0 2 3 0 2 4 12 16 2 8 9 2 8 9 2 1 2 7 1 2 7 17 18 2 5 30 3 1 2 3 1 2 7 1 2 7 0 2 7 0 2 7 1 2 7 16 6 2 0 2 4 1 2 11 0 2 3 0 2 4 17 18 2 5 31 3 12 16 2 0 2 7 0 2 7 1 2 7 1 2 7 0 2 3 1 2 7 0 2 11 0 2 4 0 2 7 0 2 4 16 6 2 0 2 7 0 2 4 12 16 2 0 2 3 0 2 3 0 41.4886337518692017
5 30 3 0 2 7 0 2 11 0 2 7 6 2 7 0 2 7 0 2 11 0 2 7 0 2 11 0 2 11 1 2 11 0 2 8 0 2 7 17 9 2 6 2 7 6 2 7 6 2 11 0 2 7 0 2 11 12 16 2 0 2 11 5 30 3 5 30 3 8 18 2 1 2 11 0 2 8 12 16 2 0 2 7 16 6 2 1 2 11 5 31 3 17 18 2 5 30 3 1 2 7 0 2 7 5 30 3 0 2 7 17 9 2 0 2 7 13 6 3 0 42.3725879788398743
5 30 3 16 18 8 0 2 8 0 2 8 0 2 8 16 19 11 0 2 3 0 2 8 0 2 8 12 16 2 8 18 2 0 2 8 5 30 3 0 2 8 0 2 8 0 2 8 16 19 11 12 16 2 5 30 3 0 2 8 0 2 8 0 2 3 0 2 8 12 16 2 16 19 11 5 30 3 0 2 3 5 30 3 8 9 2 0 2 11 0 2 3 0 2 8 0 2 7 0 2 3 5 30 3 0 2 8 1 2 3 0 2 8 0 2 8 1 2 8 0 46.1822854280471802
1 2 7 1 2 3 5 30 3 5 31 3 5 30 3 16 6 2 0 2 3 5 30 3 0 2 3 5 30 3 1 2 7 0 2 7 0 2 11 0 2 7 0 2 3 0 2 7 5 30 3 0 2 7 0 2 7 0 2 7 16 19 11 1 2 3 0 2 7 0 2 7 0 2 7 0 2 11 0 2 3 16 19 11 16 18 11 0 2 11 1 2 7 1 2 7 0 2 3 0 2 3 0 2 7 0 2 3 0 2 7 0 2 7 17 18 2 0 2 7 0 42.805252730846405
0 2 7 6 2 11 5 31 3 12 16 2 1 2 7 0 2 7 5 31 3 0 2 7 5 30 3 0 2 7 6 2 11 5 30 3 5 30 3 16 19 11 1 2 7 0 2 7 0 2 11 0 2 7 17 9 2 15 2 11 0 2 7 6 2 7 1 2 7 0 2 11 5 30 3 0 2 7 17 18 2 12 16 2 0 2 7 16 19 11 0 2 7 0 2 7 0 2 7 6 2 11 0 2 7 0 2 7 0 2 7 0 2 7 0 2 7 0 2 7 0 42.6541106104850769
1 2 7 5 31 3 0 2 3 0 2 3 12 16 2 0 2 3 1 2 3 0 2 3 0 2 3 5 31 3 16 9 8 16 6 2 16 9 8 1 2 7 5 30 3 0 2 3 0 2 3 1 2 3 0 2 3 1 2 7 0 2 7 0 2 3 0 2 3 0 2 7 0 2 3 0 2 7 0 2 7 5 30 3 0 2 3 0 2 3 0 2 3 1 2 7 1 2 7 1 2 3 16 6 2 0 2 3 0 2 3 16 19 12 0 2 3 1 2 12 7.16873852722690506e-05 43.1987639665603638
8 18 2 5 30 3 0 2 7 0 2 7 16 19 12 12 16 2 0 2 8 8 9 2 8 9 2 16 19 12 0 2 8 1 2 7 9 2 7 0 2 11 0 2 7 17 18 2 0 2 8 5 30 3 1 2 3 1 2 7 6 2 8 1 2 7 0 2 8 1 2 7 0 2 4 0 2 7 0 2 8 1 2 7 0 2 8 16 15 2 16 6 2 0 2 8 5 30 3 1 2 7 0 2 8 1 2 7 0 2 8 13 6 3 0 2 7 0 2 3 0.00356395342724774491 42.5388845205307007
0 2 8 0 2 7 5 30 3 12 16 2 0 2 8 0 2 7 5 30 3 0 2 8 5 30 3 5 30 3 5 30 3 16 19 11 6 2 7 17 9 2 5 31 3 0 2 8 0 2 11 0 2 7 0 2 8 0 2 7 0 2 11 0 2 8 0 2 11 16 19 11 0 2 8 0 2 8 0 2 8 0 2 11 0 2 11 0 2 8 0 2 11 16 19 11 16 19 11 0 2 7 0 2 8 5 31 3 0 2 8 0 2 7 0 2 8 6 2 7 0 45.3426506519317627
5 30 3 12 16 2 0 2 7 0 2 7 0 2 7 16 6 2 16 6 2 16 19 11 5 31 3 0 2 8 0 2 7 8 18 2 0 2 8 17 9 2 0 2 7 5 31 3 0 2 8 16 19 11 12 16 2 0 2 7 0 2 8 0 2 8 0 2 3 0 2 8 12 16 2 16 19 11 17 18 2 0 2 3 0 2 7 1 2 7 0 2 11 5 31 3 0 2 7 0 2 7 5 30 3 0 2 8 1 2 3 0 2 8 0 2 8 1 2 8 0.157139204961877943 43.9520070552825928

Current Evaluation = 1800(1800)
Front Size = 10
5 31 3 1 2 4 0 2 7 0 2 7 16 6 2 0 2 7 17 9 2 0 2 7 12 16 2 0 2 7 16 6 2 5 31 3 17 18 2 1 2 7 0 2 7 0 2 7 0 2 7 0 2 7 0 2 7 0 2 7 1 2 4 0 2 7 5 30 3 5 31 3 1 2 7 16 31 2 1 2 7 1 2 7 0 2 7 0 2 7 0 2 7 1 2 7 1 2 7 1 2 7 0 2 7 0 2 7 1 2 7 0 2 7 1 2 7 0 2 4 0 40.4265387058258057
5 30 3 16 18 8 0 2 8 0 2 8 0 2 8 16 19 11 0 2 3 0 2 8 0 2 8 12 16 2 8 18 2 0 2 8 5 30 3 0 2 8 0 2 8 0 2 8 16 19 11 12 16 2 5 30 3 0 2 8 0 2 8 0 2 3 0 2 8 12 16 2 16 19 11 5 30 3 0 2 3 5 30 3 8 9 2 0 2 11 0 2 3 0 2 8 0 2 7 0 2 3 5 30 3 0 2 8 1 2 3 0 2 8 0 2 8 1 2 8 0 46.1822854280471802
5 30 3 0 2 3 0 2 3 0 2 3 1 2 7 12 16 2 5 30 3 0 2 3 5 30 3 0 2 7 0 2 3 0 2 3 0 2 3 0 2 3 16 19 12 0 2 3 0 2 3 16 18 8 1 2 7 0 2 7 0 2 3 0 2 3 0 2 3 0 2 7 0 2 3 5 30 3 16 19 12 1 2 3 0 2 3 12 16 2 0 2 3 1 2 3 1 2 3 0 2 3 0 2 3 5 30 3 16 19 12 8 9 2 1 2 3 1 2 3 1.96015446427627957e-06 44.4570308923721313
5 31 3 6 2 7 1 2 7 1 2 7 12 16 2 5 30 3 5 31 3 12 16 2 5 30 3 0 2 7 12 16 2 0 2 7 0 2 11 17 9 2 0 2 4 0 2 7 0 2 3 1 2 7 0 2 11 12 16 2 0 2 7 0 2 7 1 2 7 0 2 7 0 2 7 0 2 7 1 2 7 17 9 2 0 2 7 0 2 4 0 2 7 16 30 2 1 2 11 5 30 3 6 2 7 0 2 7 0 2 11 0 2 11 16 18 11 13 6 3 0 41.8576298356056213
8 18 2 5 30 3 0 2 7 0 2 7 16 19 12 12 16 2 0 2 8 8 9 2 8 9 2 16 19 12 0 2 8 1 2 7 9 2 7 0 2 11 0 2 7 17 18 2 0 2 8 5 30 3 1 2 3 1 2 7 6 2 8 1 2 7 0 2 8 1 2 7 0 2 4 0 2 7 0 2 8 1 2 7 0 2 8 16 15 2 16 6 2 0 2 8 5 30 3 1 2 7 0 2 8 1 2 7 0 2 8 13 6 3 0 2 7 0 2 3 0.00356395342724774491 42.5388845205307007
5 30 3 0 2 3 0 2 3 12 16 2 8 9 2 17 18 2 5 30 3 1 2 3 1 2 7 0 2 7 1 2 7 0 2 7 1 2 7 16 6 2 0 2 7 0 2 7 17 18 2 5 30 3 12 16 2 0 2 7 0 2 3 1 2 7 1 2 7 1 2 7 12 16 2 1 2 7 13 6 3 16 31 2 0 2 7 0 2 3 1 2 7 0 2 7 1 2 7 0 2 7 0 2 3 0 2 3 1 2 7 0 2 7 0 2 3 0 2 4 0 41.0680606365203857
0 2 8 0 2 7 5 30 3 12 16 2 0 2 8 0 2 7 5 30 3 0 2 8 5 30 3 5 30 3 5 30 3 16 19 11 6 2 7 17 9 2 5 31 3 0 2 8 0 2 11 0 2 7 0 2 8 0 2 7 0 2 11 0 2 8 0 2 11 16 19 11 0 2 8 0 2 8 0 2 8 0 2 11 0 2 11 0 2 8 0 2 11 16 19 11 16 19 11 0 2 7 0 2 8 5 31 3 0 2 8 0 2 7 0 2 8 6 2 7 0 45.3426506519317627
5 30 3 0 2 7 0 2 7 1 2 7 0 2 7 0 2 10 0 2 7 0 2 7 1 2 3 1 2 7 0 2 11 0 2 7 17 9 2 1 2 7 0 2 7 0 2 7 12 16 2 0 2 3 5 30 3 12 16 2 0 2 7 5 30 3 5 30 3 5 31 3 1 2 7 0 2 7 8 18 2 0 2 7 8 18 2 16 19 11 0 2 7 16 6 2 1 2 7 1 2 7 0 2 7 0 2 7 0 2 3 16 18 8 0 2 7 12 16 2 0 42.3438514471054077
5 31 3 0 2 7 0 2 7 0 2 7 17 9 2 0 2 7 12 16 2 0 2 7 5 31 3 0 2 7 5 30 3 1 2 4 16 6 2 0 2 8 17 18 2 1 2 7 0 2 7 16 19 11 0 2 7 0 2 8 0 2 7 1 2 4 0 2 7 5 31 3 1 2 7 16 31 2 16 19 11 0 2 8 16 19 11 5 30 3 0 2 8 0 2 11 0 2 8 1 2 7 5 30 3 0 2 7 0 2 8 5 30 3 0 2 11 0 2 8 0.134113830038521953 43.2052420377731323
5 30 3 1 2 7 0 2 3 12 16 2 8 9 2 17 18 2 5 30 3 0 2 7 1 2 4 0 2 7 0 2 7 0 2 7 0 2 7 16 6 2 1 2 4 0 2 7 17 18 2 5 31 3 12 16 2 0 2 4 0 2 4 0 2 7 1 2 4 0 2 1 12 16 2 1 2 7 1 2 7 0 2 7 1 2 4 1 2 10 0 2 7 1 2 7 0 2 7 8 9 2 0 2 4 0 2 11 17 9 2 0 2 7 0 2 7 1 2 11 0 41.4214247465133667

Current Evaluation = 2250(2250)
Front Size = 10
5 31 3 1 2 4 0 2 7 0 2 7 16 6 2 0 2 7 17 9 2 0 2 7 12 16 2 0 2 7 16 6 2 5 31 3 17 18 2 1 2 7 0 2 7 0 2 7 0 2 7 0 2 7 0 2 7 0 2 7 1 2 4 0 2 7 5 30 3 5 31 3 1 2 7 16 31 2 1 2 7 1 2 7 0 2 7 0 2 7 0 2 7 1 2 7 1 2 7 1 2 7 0 2 7 0 2 7 1 2 7 0 2 7 1 2 7 0 2 4 0 40.4265387058258057
5 30 3 0 2 7 0 2 7 1 2 7 0 2 7 1 2 7 0 2 11 0 2 7 1 2 11 12 16 2 17 9 2 5 30 3 17 18 2 5 30 3 5 30 3 0 2 11 0 2 7 0 2 7 1 2 4 12 16 2 13 6 3 13 6 3 0 2 7 0 2 7 1 2 7 0 2 11 0 2 7 17 18 2 5 30 3 17 9 2 1 2 7 0 2 7 0 2 7 1 2 11 0 2 7 6 2 7 0 2 7 8 18 2 0 2 4 12 16 2 0 41.2957845330238342
5 30 3 16 18 8 0 2 8 0 2 8 0 2 8 16 19 11 0 2 3 0 2 8 0 2 8 12 16 2 8 18 2 0 2 8 5 30 3 0 2 8 0 2 8 0 2 8 16 19 11 12 16 2 5 30 3 0 2 8 0 2 8 0 2 3 0 2 8 12 16 2 16 19 11 5 30 3 0 2 3 5 30 3 8 9 2 0 2 11 0 2 3 0 2 8 0 2 7 0 2 3 5 30 3 0 2 8 1 2 3 0 2 8 0 2 8 1 2 8 0 46.1822854280471802
5 30 3 0 2 7 0 2 7 1 2 7 0 2 4 0 2 4 0 2 7 0 2 7 17 9 2 0 2 7 17 18 2 1 2 7 1 2 7 1 2 7 12 16 2 13 6 3 0 2 4 0 2 7 0 2 7 0 2 7 17 9 2 0 2 7 0 2 7 17 18 2 1 2 7 12 16 2 0 2 7 0 2 7 0 2 3 0 2 4 6 2 7 5 31 3 15 2 11 1 2 7 5 30 3 1 2 7 1 2 4 1 2 4 1 2 4 1 2 3 0 40.5759547352790833
5 30 3 0 2 3 0 2 3 0 2 3 1 2 7 12 16 2 5 30 3 0 2 3 5 30 3 0 2 7 0 2 3 0 2 3 0 2 3 0 2 3 16 19 12 0 2 3 0 2 3 16 18 8 1 2 7 0 2 7 0 2 3 0 2 3 0 2 3 0 2 7 0 2 3 5 30 3 16 19 12 1 2 3 0 2 3 12 16 2 0 2 3 1 2 3 1 2 3 0 2 3 0 2 3 5 30 3 16 19 12 8 9 2 1 2 3 1 2 3 1.96015446427627957e-06 44.4570308923721313
0 2 7 5 30 3 12 16 2 0 2 7 5 30 3 17 9 2 5 31 3 0 2 7 0 2 7 0 2 7 0 2 7 0 2 8 1 2 7 0 2 8 0 2 3 5 30 3 1 2 7 16 19 11 6 2 7 0 2 3 0 2 11 0 2 7 0 2 4 0 2 4 0 2 11 16 19 11 0 2 8 12 16 2 0 2 8 1 2 4 0 2 11 1 2 4 0 2 11 0 2 7 16 19 11 0 2 8 5 31 3 0 2 8 1 2 7 6 2 7 0.000823749273057663967 43.5382962226867676
8 18 2 5 30 3 0 2 7 0 2 7 16 19 12 12 16 2 0 2 8 8 9 2 8 9 2 16 19 12 0 2 8 1 2 7 9 2 7 0 2 11 0 2 7 17 18 2 0 2 8 5 30 3 1 2 3 1 2 7 6 2 8 1 2 7 0 2 8 1 2 7 0 2 4 0 2 7 0 2 8 1 2 7 0 2 8 16 15 2 16 6 2 0 2 8 5 30 3 1 2 7 0 2 8 1 2 7 0 2 8 13 6 3 0 2 7 0 2 3 0.00356395342724774491 42.5388845205307007
5 30 3 6 2 7 0 2 7 12 16 2 0 2 7 6 2 7 0 2 7 6 2 7 0 2 7 5 31 3 0 2 7 0 2 7 0 2 7 0 2 7 0 2 7 5 31 3 0 2 7 0 2 7 0 2 7 5 31 3 1 2 7 16 6 2 16 19 11 16 19 11 0 2 7 0 2 7 17 18 2 0 2 7 0 2 7 1 2 11 12 16 2 5 30 3 0 2 7 1 2 7 0 2 7 16 6 2 6 2 7 0 2 7 5 31 3 0 2 7 0 41.8658884763717651
5 31 3 1 2 7 1 2 7 1 2 7 0 2 11 0 2 7 1 2 7 12 16 2 0 2 7 12 16 2 5 30 3 5 30 3 0 2 7 16 6 2 5 30 3 0 2 7 17 9 2 0 2 7 0 2 7 1 2 3 0 2 7 1 2 3 0 2 7 16 31 2 1 2 7 0 2 7 8 18 2 1 2 3 16 19 11 1 2 7 0 2 7 0 2 3 0 2 7 0 2 7 0 2 7 0 2 7 5 30 3 0 2 7 0 2 7 0 2 7 0 41.7867815494537354
0 2 8 0 2 7 5 30 3 12 16 2 0 2 8 0 2 7 5 30 3 0 2 8 5 30 3 5 30 3 5 30 3 16 19 11 6 2 7 17 9 2 5 31 3 0 2 8 0 2 11 0 2 7 0 2 8 0 2 7 0 2 11 0 2 8 0 2 11 16 19 11 0 2 8 0 2 8 0 2 8 0 2 11 0 2 11 0 2 8 0 2 11 16 19 11 16 19 11 0 2 7 0 2 8 5 31 3 0 2 8 0 2 7 0 2 8 6 2 7 0 45.3426506519317627

Current Evaluation = 2700(2700)
Front Size = 10
5 31 3 1 2 4 0 2 7 0 2 7 16 6 2 0 2 7 17 9 2 0 2 7 12 16 2 0 2 7 16 6 2 5 31 3 17 18 2 1 2 7 0 2 7 0 2 7 0 2 7 0 2 7 0 2 7 0 2 7 1 2 4 0 2 7 5 30 3 5 31 3 1 2 7 16 31 2 1 2 7 1 2 7 0 2 7 0 2 7 0 2 7 1 2 7 1 2 7 1 2 7 0 2 7 0 2 7 1 2 7 0 2 7 1 2 7 0 2 4 0 40.4265387058258057
5 31 3 0 2 7 12 16 2 0 2 7 1 2 11 12 16 2 5 30 3 0 2 7 6 2 7 0 2 11 8 9 2 0 2 11 17 18 2 5 30 3 0 2 7 6 2 11 0 2 11 1 2 11 0 2 7 5 31 3 0 2 11 0 2 7 1 2 7 0 2 11 6 2 7 16 6 2 5 30 3 1 2 11 17 18 2 0 2 7 0 2 7 0 2 11 6 2 7 0 2 7 0 2 7 16 30 2 5 30 3 0 2 11 0 2 11 0 2 7 0 42.4866901040077209
1 2 7 6 2 3 0 2 7 0 2 7 0 2 7 0 2 4 0 2 7 1 2 7 5 31 3 12 16 2 1 2 4 1 2 7 17 18 2 1 2 7 5 30 3 0 2 7 0 2 7 0 2 4 0 2 7 12 16 2 13 6 3 13 6 3 1 2 7 1 2 4 0 2 7 1 2 7 1 2 7 17 18 2 5 30 3 17 9 2 0 2 7 1 2 3 1 2 7 0 2 7 0 2 7 0 2 7 0 2 7 17 18 2 0 2 3 12 16 2 0 40.4413166046142578
5 31 3 1 2 7 12 16 2 0 2 7 12 16 2 5 30 3 0 2 7 0 2 3 0 2 7 5 30 3 1 2 3 0 2 7 5 31 3 0 2 7 0 2 3 16 6 2 5 30 3 0 2 3 0 2 7 0 2 7 0 2 7 5 31 3 0 2 7 16 6 2 0 2 3 0 2 7 16 24 2 0 2 7 0 2 3 0 2 7 0 2 7 6 2 3 0 2 7 1 2 7 0 2 3 6 2 7 0 2 7 16 6 2 16 19 11 0 2 7 0 42.1267215609550476
1 2 3 0 2 7 0 2 3 0 2 3 0 2 7 17 9 2 1 2 7 12 16 2 0 2 3 5 31 3 1 2 7 0 2 3 0 2 7 1 2 7 1 2 7 5 31 3 1 2 3 1 2 7 0 2 7 16 6 2 0 2 7 1 2 3 1 2 7 1 2 7 0 2 7 0 2 7 5 31 3 16 6 2 0 2 7 0 2 3 0 2 3 1 2 3 0 2 7 12 16 2 16 9 8 0 2 3 0 2 7 0 2 3 0 2 7 1 2 7 0 41.9366098642349243
0 2 8 0 2 7 5 30 3 12 16 2 0 2 8 0 2 7 5 30 3 0 2 8 5 30 3 5 30 3 5 30 3 16 19 11 6 2 7 17 9 2 5 31 3 0 2 8 0 2 11 0 2 7 0 2 8 0 2 7 0 2 11 0 2 8 0 2 11 16 19 11 0 2 8 0 2 8 0 2 8 0 2 11 0 2 11 0 2 8 0 2 11 16 19 11 16 19 11 0 2 7 0 2 8 5 31 3 0 2 8 0 2 7 0 2 8 6 2 7 0 45.3426506519317627
5 30 3 0 2 3 16 19 12 12 16 2 1 2 3 0 2 3 0 2 7 1 2 3 0 2 7 0 2 3 5 30 3 0 2 11 0 2 7 5 31 3 0 2 3 5 30 3 0 2 3 5 30 3 0 2 3 0 2 3 0 2 7 0 2 12 5 30 3 0 2 3 0 2 3 0 2 3 0 2 3 0 2 3 9 2 7 1 2 7 0 2 7 16 6 2 0 2 3 16 19 12 0 2 7 16 19 12 0 2 3 16 19 11 0 2 3 0 2 7 0 44.3501118421554565
0 2 7 1 2 7 1 2 3 0 2 3 12 16 2 5 30 3 17 18 2 1 2 3 5 30 3 0 2 7 1 2 7 0 2 7 12 16 2 0 2 7 0 2 7 0 2 7 17 18 2 5 30 3 0 2 7 0 2 7 0 2 7 1 2 7 8 18 2 16 30 2 0 2 3 0 2 7 1 2 7 1 2 7 13 6 3 1 2 3 0 2 7 0 2 7 0 2 7 0 2 7 16 6 2 0 2 7 0 2 7 1 2 7 5 30 3 5 31 3 0 41.1626526117324829
5 30 3 6 2 7 0 2 7 12 16 2 0 2 7 6 2 7 0 2 7 6 2 7 0 2 7 5 31 3 0 2 7 0 2 7 0 2 7 0 2 7 0 2 7 5 31 3 0 2 7 0 2 7 0 2 7 5 31 3 1 2 7 16 6 2 16 19 11 16 19 11 0 2 7 0 2 7 17 18 2 0 2 7 0 2 7 1 2 11 12 16 2 5 30 3 0 2 7 1 2 7 0 2 7 16 6 2 6 2 7 0 2 7 5 31 3 0 2 7 0 41.8658884763717651
8 18 2 0 2 3 16 6 2 1 2 7 0 2 3 12 16 2 0 2 7 17 18 2 0 2 7 0 2 7 5 31 3 6 2 7 0 2 11 5 30 3 0 2 8 5 31 3 0 2 7 6 2 7 5 30 3 0 2 7 0 2 7 0 2 7 5 31 3 0 2 7 0 2 7 1 2 8 0 2 7 0 2 3 5 30 3 16 6 2 1 2 7 0 2 7 16 6 2 16 6 2 0 2 7 0 2 7 1 2 7 1 2 11 0 2 7 0 2 7 0 41.6947786808013916

Current Evaluation = 3150(3150)
Front Size = 10
5 31 3 1 2 7 0 2 7 0 2 7 16 6 2 0 2 7 17 9 2 0 2 7 0 2 7 0 2 7 16 6 2 5 31 3 17 18 2 1 2 7 0 2 7 0 2 7 0 2 7 0 2 7 0 2 7 0 2 7 1 2 7 0 2 7 5 30 3 5 31 3 1 2 7 16 31 2 1 2 7 1 2 7 0 2 7 0 2 7 0 2 7 1 2 7 1 2 7 1 2 7 0 2 7 0 2 7 1 2 7 0 2 7 1 2 7 0 2 7 0 40.3387407064437866
0 2 8 0 2 7 5 30 3 12 16 2 0 2 8 0 2 7 5 30 3 0 2 8 5 30 3 5 30 3 5 30 3 16 19 11 6 2 7 17 9 2 5 31 3 0 2 8 0 2 11 0 2 7 0 2 8 0 2 7 0 2 11 0 2 8 0 2 11 16 19 11 0 2 8 0 2 8 0 2 8 0 2 11 0 2 11 0 2 8 0 2 11 16 19 11 16 19 11 0 2 7 0 2 8 5 31 3 0 2 8 0 2 7 0 2 8 6 2 7 0 45.3426506519317627
5 31 3 0 2 7 12 16 2 0 2 7 1 2 11 12 16 2 5 30 3 0 2 7 6 2 7 0 2 11 8 9 2 0 2 11 17 18 2 5 30 3 0 2 7 6 2 11 0 2 11 1 2 11 0 2 7 5 31 3 0 2 11 0 2 7 1 2 7 0 2 11 6 2 7 16 6 2 5 30 3 1 2 11 17 18 2 0 2 7 0 2 7 0 2 11 6 2 7 0 2 7 0 2 7 16 30 2 5 30 3 0 2 11 0 2 11 0 2 7 0 42.4866901040077209
5 31 3 12 16 2 0 2 7 0 2 3 5 30 3 0 2 7 5 30 3 1 2 7 16 6 2 0 2 3 0 2 7 0 2 3 1 2 7 16 9 11 0 2 3 1 2 7 0 2 3 0 2 7 0 2 7 0 2 7 0 2 7 0 2 7 1 2 3 0 2 7 0 2 7 12 16 2 5 30 3 1 2 7 0 2 7 0 2 7 0 2 3 0 2 3 5 31 3 0 2 7 12 16 2 16 19 11 0 2 3 1 2 7 16 9 11 1 2 7 0 42.7968505620956421
5 30 3 1 2 7 12 16 2 0 2 4 12 16 2 1 2 4 0 2 4 0 2 7 0 2 7 0 2 7 0 2 7 0 2 7 0 2 7 5 30 3 1 2 7 0 2 7 0 2 7 1 2 7 0 2 7 0 2 7 1 2 7 17 18 2 1 2 7 5 31 3 0 2 4 0 2 7 1 2 7 17 18 2 0 2 7 0 2 7 8 18 2 0 2 7 1 2 4 17 9 2 13 6 3 17 18 2 1 2 7 1 2 7 1 2 11 1 2 4 0 40.4922696352005005
5 30 3 0 2 7 0 2 7 16 6 2 12 16 2 0 2 4 5 31 3 17 18 2 0 2 7 0 2 7 0 2 7 0 2 7 1 2 7 0 2 7 5 30 3 0 2 7 12 16 2 1 2 7 0 2 3 1 2 7 1 2 7 1 2 7 17 9 2 0 2 7 0 2 3 8 1 2 0 2 7 0 2 7 0 2 7 1 2 7 0 2 7 5 30 3 8 9 2 0 2 7 6 2 4 12 16 2 1 2 7 17 9 2 1 2 7 0 2 7 0 41.2684164643287659
5 31 3 0 2 7 12 16 2 0 2 7 1 2 4 0 2 7 5 30 3 0 2 7 0 2 7 0 2 7 0 2 4 0 2 7 0 2 7 16 6 2 16 6 2 0 2 7 0 2 7 12 16 2 5 31 3 0 2 7 5 31 3 0 2 7 6 2 7 0 2 7 1 2 3 0 2 7 0 2 7 1 2 7 1 2 7 1 2 7 5 31 3 16 19 11 6 2 3 17 18 2 16 6 2 0 2 7 0 2 7 0 2 7 1 2 7 0 2 7 0 41.3466575741767883
5 30 3 0 2 3 0 2 7 5 30 3 16 15 2 0 2 3 0 2 7 1 2 7 5 31 3 0 2 7 6 2 7 16 6 2 1 2 7 0 2 3 0 2 7 0 2 3 0 2 7 1 2 4 0 2 3 12 16 2 0 2 7 0 2 7 16 6 2 0 2 7 0 2 7 0 2 3 1 2 3 0 2 7 0 2 7 17 9 2 0 2 7 5 31 3 16 6 2 8 9 2 0 2 7 0 2 7 1 2 3 5 30 3 1 2 7 0 2 7 0 41.5427036881446838
5 30 3 0 2 7 0 2 7 16 6 2 1 2 11 0 2 11 12 16 2 0 2 7 5 31 3 17 18 2 1 2 7 1 2 7 15 2 11 0 2 7 0 2 7 0 2 7 0 2 7 5 30 3 5 30 3 8 9 2 0 2 7 12 16 2 0 2 7 0 2 7 1 2 7 1 2 7 0 2 11 1 2 4 0 2 11 1 2 7 16 6 2 5 30 3 0 2 7 0 2 7 17 9 2 8 9 2 0 2 7 0 2 7 0 2 7 0 2 7 0 41.7132226228713989
5 30 3 0 2 3 16 19 12 12 16 2 1 2 3 0 2 3 0 2 7 1 2 3 0 2 7 0 2 3 5 30 3 0 2 11 0 2 7 5 31 3 0 2 3 5 30 3 0 2 3 5 30 3 0 2 3 0 2 3 0 2 7 0 2 12 5 30 3 0 2 3 0 2 3 0 2 3 0 2 3 0 2 3 9 2 7 1 2 7 0 2 7 16 6 2 0 2 3 16 19 12 0 2 7 16 19 12 0 2 3 16 19 11 0 2 3 0 2 7 0 44.3501118421554565

Current Evaluation = 3600(3600)
Front Size = 10
5 31 3 1 2 7 0 2 7 0 2 7 16 6 2 0 2 7 17 9 2 0 2 7 0 2 7 0 2 7 16 6 2 5 31 3 17 18 2 1 2 7 0 2 7 0 2 7 0 2 7 0 2 7 0 2 7 0 2 7 1 2 7 0 2 7 5 30 3 5 31 3 1 2 7 16 31 2 1 2 7 1 2 7 0 2 7 0 2 7 0 2 7 1 2 7 1 2 7 1 2 7 0 2 7 0 2 7 1 2 7 0 2 7 1 2 7 0 2 7 0 40.3387407064437866
5 31 3 0 2 7 12 16 2 0 2 7 1 2 11 12 16 2 5 30 3 0 2 7 6 2 7 0 2 11 8 9 2 0 2 11 17 18 2 5 30 3 0 2 7 6 2 11 0 2 11 1 2 11 0 2 7 5 31 3 0 2 11 0 2 7 1 2 7 0 2 11 6 2 7 16 6 2 5 30 3 1 2 11 17 18 2 0 2 7 0 2 7 0 2 11 6 2 7 0 2 7 0 2 7 16 30 2 5 30 3 0 2 11 0 2 11 0 2 7 0 42.4866901040077209
5 30 3 0 2 3 16 19 12 12 16 2 1 2 3 0 2 3 0 2 7 1 2 3 0 2 7 0 2 3 5 30 3 0 2 11 0 2 7 5 31 3 0 2 3 5 30 3 0 2 3 5 30 3 0 2 3 0 2 3 0 2 7 0 2 12 5 30 3 0 2 3 0 2 3 0 2 3 0 2 3 0 2 3 9 2 7 1 2 7 0 2 7 16 6 2 0 2 3 16 19 12 0 2 7 16 19 12 0 2 3 16 19 11 0 2 3 0 2 7 0 44.3501118421554565
0 2 7 5 30 3 0 2 7 5 31 3 16 6 2 1 2 7 12 16 2 0 2 7 1 2 7 1 2 11 1 2 7 17 18 2 5 31 3 6 2 4 0 2 7 1 2 7 1 2 7 0 2 4 0 2 7 0 2 7 0 2 7 0 2 4 0 2 7 0 2 7 0 2 7 17 18 2 0 2 7 13 6 3 0 2 7 0 2 7 0 2 7 0 2 7 5 30 3 1 2 7 5 31 3 0 2 7 0 2 7 1 2 7 17 18 2 16 6 2 0 40.6108766198158264
0 2 8 0 2 7 5 30 3 12 16 2 0 2 8 0 2 7 5 30 3 0 2 8 5 30 3 5 30 3 5 30 3 16 19 11 6 2 7 17 9 2 5 31 3 0 2 8 0 2 11 0 2 7 0 2 8 0 2 7 0 2 11 0 2 8 0 2 11 16 19 11 0 2 8 0 2 8 0 2 8 0 2 11 0 2 11 0 2 8 0 2 11 16 19 11 16 19 11 0 2 7 0 2 8 5 31 3 0 2 8 0 2 7 0 2 8 6 2 7 0 45.3426506519317627
5 30 3 0 2 7 1 2 7 16 15 2 17 9 2 0 2 7 8 9 2 8 18 2 1 2 7 12 16 2 12 16 2 5 30 3 0 2 7 0 2 3 0 2 7 0 2 7 1 2 7 0 2 3 0 2 3 1 2 3 0 2 4 0 2 7 1 2 3 0 2 7 1 2 3 0 2 7 0 2 7 17 9 2 1 2 7 8 9 2 0 2 7 5 30 3 0 2 7 0 2 7 1 2 3 0 2 7 16 6 2 0 2 7 1 2 7 1 2 7 0 41.4373496770858765
5 30 3 0 2 7 1 2 8 8 9 2 1 2 7 0 2 7 0 2 7 5 31 3 0 2 8 0 2 7 0 2 7 0 2 8 0 2 7 0 2 7 6 2 13 16 6 2 5 30 3 5 31 3 5 31 3 0 2 7 6 2 7 12 16 2 16 6 2 0 2 7 0 2 8 0 2 7 5 31 3 0 2 7 0 2 7 0 2 7 0 2 8 1 2 7 1 2 7 17 18 2 12 16 2 0 2 8 0 2 13 0 2 7 16 6 2 16 6 2 0 42.3570079207420349
0 2 11 5 30 3 0 2 11 5 30 3 12 16 2 0 2 7 1 2 7 0 2 11 17 18 2 5 30 3 0 2 7 0 2 7 0 2 7 1 2 7 0 2 7 1 2 7 0 2 7 0 2 7 17 18 2 6 2 11 1 2 7 5 31 3 5 30 3 0 2 11 1 2 11 0 2 7 0 2 7 1 2 4 0 2 7 6 2 11 16 31 2 8 9 2 0 2 7 0 2 4 0 2 7 1 2 7 1 2 7 0 2 11 17 18 2 0 2 7 0 41.8199499845504761
5 30 3 1 2 3 0 2 7 0 2 3 16 6 2 1 2 3 1 2 3 0 2 7 0 2 7 5 30 3 17 18 2 0 2 7 0 2 3 0 2 3 8 9 2 1 2 7 5 30 3 12 16 2 1 2 11 12 16 2 0 2 3 0 2 3 0 2 3 1 2 7 16 18 11 1 2 7 5 30 3 0 2 7 0 2 7 1 2 4 0 2 3 16 31 2 0 2 7 1 2 7 0 2 7 0 2 7 1 2 7 0 2 3 0 2 7 0 2 7 0 42.0106746554374695
5 30 3 0 2 3 1 2 7 0 2 7 17 9 2 17 18 2 0 2 7 1 2 7 0 2 7 0 2 4 1 2 7 0 2 7 5 31 3 0 2 7 0 2 7 0 2 7 1 2 3 0 2 7 0 2 7 0 2 7 0 2 7 0 2 7 0 2 4 1 2 3 1 2 7 1 2 7 1 2 3 0 2 4 1 2 7 16 6 2 5 30 3 5 30 3 0 2 7 5 31 3 0 2 7 6 2 7 0 2 7 0 2 11 16 31 2 16 6 2 0 40.9155498147010803

Current Evaluation = 4050(4050)
Front Size = 10
5 31 3 1 2 7 0 2 7 0 2 7 16 6 2 0 2 7 17 9 2 0 2 7 0 2 7 0 2 7 16 6 2 5 31 3 17 18 2 1 2 7 0 2 7 0 2 7 0 2 7 0 2 7 0 2 7 0 2 7 1 2 7 0 2 7 5 30 3 5 31 3 1 2 7 16 31 2 1 2 7 1 2 7 0 2 7 0 2 7 0 2 7 1 2 7 1 2 7 1 2 7 0 2 7 0 2 7 1 2 7 0 2 7 1 2 7 0 2 7 0 40.3387407064437866
5 31 3 0 2 7 1 2 7 17 9 2 0 2 7 1 2 7 0 2 7 0 2 7 1 2 7 0 2 3 0 2 7 1 2 7 0 2 4 0 2 7 1 2 7 0 2 7 0 2 7 0 2 7 0 2 7 16 6 2 0 2 4 1 2 7 1 2 4 0 2 4 1 2 7 17 18 2 5 31 3 0 2 7 16 30 2 0 2 7 0 2 3 0 2 7 0 2 4 1 2 7 1 2 7 1 2 7 5 31 3 17 18 2 5 30 3 1 2 7 0 40.47170090675354
0 2 7 1 2 4 16 6 2 17 9 2 1 2 7 1 2 4 1 2 7 1 2 7 1 2 7 1 2 7 5 31 3 5 31 3 0 2 7 0 2 7 0 2 7 0 2 3 0 2 4 0 2 7 17 9 2 1 2 7 0 2 7 0 2 7 16 30 2 0 2 7 0 2 7 1 2 7 0 2 7 5 31 3 0 2 7 5 31 3 0 2 7 12 16 2 6 2 7 0 2 7 0 2 7 0 2 7 16 6 2 0 2 7 0 2 7 1 2 7 0 40.5028318762779236
0 2 3 1 2 3 16 6 2 0 2 3 0 2 7 0 2 3 1 2 7 0 2 7 0 2 7 1 2 3 1 2 7 1 2 7 5 31 3 5 31 3 1 2 7 0 2 7 0 2 3 0 2 7 0 2 7 0 2 7 1 2 7 17 9 2 5 31 3 1 2 7 1 2 7 0 2 3 0 2 7 1 2 7 0 2 7 16 6 2 12 16 2 0 2 3 1 2 7 0 2 3 0 2 3 0 2 7 16 6 2 16 6 2 0 2 10 0 2 3 0 41.1812028884887695
5 31 3 0 2 7 1 2 7 1 2 3 0 2 3 1 2 3 17 18 2 0 2 7 0 2 7 1 2 7 0 2 7 0 2 7 0 2 7 5 31 3 1 2 7 1 2 7 0 2 7 0 2 3 1 2 3 0 2 7 0 2 7 1 2 3 0 2 7 16 18 12 0 2 7 0 2 7 0 2 7 0 2 3 16 6 2 16 6 2 17 18 2 1 2 7 5 31 3 1 2 3 0 2 7 0 2 7 1 2 7 1 2 7 1 2 3 0 2 7 0 41.126708984375
0 2 4 0 2 7 0 2 7 16 6 2 0 2 3 17 9 2 0 2 7 0 2 7 0 2 7 1 2 7 1 2 7 1 2 7 1 2 7 0 2 3 0 2 4 0 2 7 1 2 3 1 2 7 5 30 3 1 2 11 1 2 7 0 2 7 1 2 7 8 18 2 0 2 3 5 30 3 17 18 2 5 31 3 16 31 2 0 2 7 0 2 3 0 2 4 1 2 7 0 2 3 1 2 7 12 16 2 0 2 7 12 16 2 1 2 7 0 2 7 0 41.1717807054519653
0 2 8 0 2 7 5 30 3 12 16 2 0 2 8 0 2 7 5 30 3 0 2 8 5 30 3 5 30 3 5 30 3 16 19 11 6 2 7 17 9 2 5 31 3 0 2 8 0 2 11 0 2 7 0 2 8 0 2 7 0 2 11 0 2 8 0 2 11 16 19 11 0 2 8 0 2 8 0 2 8 0 2 11 0 2 11 0 2 8 0 2 11 16 19 11 16 19 11 0 2 7 0 2 8 5 31 3 0 2 8 0 2 7 0 2 8 6 2 7 0 45.3426506519317627
5 30 3 0 2 3 16 19 12 12 16 2 1 2 3 0 2 3 0 2 7 1 2 3 0 2 7 0 2 3 5 30 3 0 2 11 0 2 7 5 31 3 0 2 3 5 30 3 0 2 3 5 30 3 0 2 3 0 2 3 0 2 7 0 2 12 5 30 3 0 2 3 0 2 3 0 2 3 0 2 3 0 2 3 9 2 7 1 2 7 0 2 7 16 6 2 0 2 3 16 19 12 0 2 7 16 19 12 0 2 3 16 19 11 0 2 3 0 2 7 0 44.3501118421554565
0 2 11 5 30 3 0 2 11 5 30 3 12 16 2 0 2 7 1 2 7 0 2 11 17 18 2 5 30 3 0 2 7 0 2 7 0 2 7 1 2 7 0 2 7 1 2 7 0 2 7 0 2 7 17 18 2 6 2 11 1 2 7 5 31 3 5 30 3 0 2 11 1 2 11 0 2 7 0 2 7 1 2 4 0 2 7 6 2 11 16 31 2 8 9 2 0 2 7 0 2 4 0 2 7 1 2 7 1 2 7 0 2 11 17 18 2 0 2 7 0 41.8199499845504761
1 2 7 0 2 3 0 2 7 16 15 2 0 2 7 17 9 2 0 2 3 0 2 7 1 2 7 6 2 7 1 2 7 0 2 7 1 2 4 6 2 4 0 2 7 0 2 7 1 2 7 5 31 3 1 2 3 0 2 7 5 30 3 17 18 2 1 2 7 16 6 2 6 2 7 0 2 7 0 2 7 0 2 7 0 2 7 1 2 4 1 2 7 0 2 7 5 31 3 0 2 7 0 2 3 0 2 7 17 18 2 0 2 4 5 31 3 0 2 7 0 40.7986969351768494

Current Evaluation = 4500(4500)
Front Size = 10
5 31 3 1 2 7 0 2 7 0 2 7 16 6 2 0 2 7 17 9 2 0 2 7 0 2 7 0 2 7 16 6 2 5 31 3 17 18 2 1 2 7 0 2 7 0 2 7 0 2 7 0 2 7 0 2 7 0 2 7 1 2 7 0 2 7 5 30 3 5 31 3 1 2 7 16 31 2 1 2 7 1 2 7 0 2 7 0 2 7 0 2 7 1 2 7 1 2 7 1 2 7 0 2 7 0 2 7 1 2 7 0 2 7 1 2 7 0 2 7 0 40.3387407064437866
0 2 7 0 2 3 0 2 7 16 6 2 0 2 7 17 9 2 0 2 3 0 2 7 1 2 7 6 2 7 1 2 4 1 2 4 1 2 7 1 2 11 0 2 7 0 2 7 1 2 7 5 31 3 1 2 7 0 2 7 5 30 3 17 18 2 1 2 7 16 30 2 1 2 7 0 2 7 0 2 7 0 2 7 0 2 7 1 2 4 1 2 7 0 2 11 5 31 3 0 2 7 0 2 7 0 2 7 17 18 2 0 2 4 5 31 3 0 2 4 0 40.647193968296051
0 2 3 1 2 3 16 6 2 0 2 3 0 2 7 0 2 3 1 2 7 0 2 7 0 2 7 1 2 3 1 2 7 1 2 7 5 31 3 5 31 3 1 2 7 0 2 7 0 2 3 0 2 7 0 2 7 0 2 7 1 2 7 17 9 2 5 31 3 1 2 7 1 2 7 0 2 3 0 2 7 1 2 7 0 2 7 16 6 2 12 16 2 0 2 3 1 2 7 0 2 3 0 2 3 0 2 7 16 6 2 16 6 2 0 2 10 0 2 3 0 41.1812028884887695
6 2 3 5 31 3 0 2 3 5 30 3 12 16 2 1 2 7 1 2 7 0 2 7 17 18 2 5 30 3 0 2 7 1 2 7 0 2 7 1 2 7 0 2 7 1 2 3 0 2 7 0 2 7 17 18 2 0 2 7 1 2 4 1 2 7 0 2 7 0 2 4 1 2 7 0 2 7 0 2 7 1 2 3 0 2 7 0 2 7 16 15 2 8 9 2 0 2 7 0 2 7 0 2 7 1 2 7 8 18 2 0 2 7 17 18 2 1 2 7 0 41.0555577278137207
1 2 4 0 2 7 17 18 2 0 2 7 0 2 7 1 2 4 0 2 7 1 2 7 1 2 7 17 18 2 1 2 7 5 31 3 0 2 7 0 2 7 1 2 7 0 2 7 0 2 4 1 2 7 0 2 7 0 2 7 0 2 7 1 2 7 0 2 4 0 2 7 0 2 7 5 31 3 0 2 7 5 31 3 0 2 7 5 31 3 16 6 2 1 2 7 6 2 7 0 2 7 1 2 7 0 2 7 1 2 7 16 6 2 0 2 7 17 18 2 0 40.4036498665809631
0 2 8 0 2 7 5 30 3 12 16 2 0 2 8 0 2 7 5 30 3 0 2 8 5 30 3 5 30 3 5 30 3 16 19 11 6 2 7 17 9 2 5 31 3 0 2 8 0 2 11 0 2 7 0 2 8 0 2 7 0 2 11 0 2 8 0 2 11 16 19 11 0 2 8 0 2 8 0 2 8 0 2 11 0 2 11 0 2 8 0 2 11 16 19 11 16 19 11 0 2 7 0 2 8 5 31 3 0 2 8 0 2 7 0 2 8 6 2 7 0 45.3426506519317627
5 30 3 0 2 3 16 19 12 12 16 2 1 2 3 0 2 3 0 2 7 1 2 3 0 2 7 0 2 3 5 30 3 0 2 11 0 2 7 5 31 3 0 2 3 5 30 3 0 2 3 5 30 3 0 2 3 0 2 3 0 2 7 0 2 12 5 30 3 0 2 3 0 2 3 0 2 3 0 2 3 0 2 3 9 2 7 1 2 7 0 2 7 16 6 2 0 2 3 16 19 12 0 2 7 16 19 12 0 2 3 16 19 11 0 2 3 0 2 7 0 44.3501118421554565
5 31 3 0 2 7 1 2 7 1 2 3 0 2 3 1 2 3 17 18 2 0 2 7 0 2 7 1 2 7 0 2 7 0 2 7 0 2 7 5 31 3 1 2 7 1 2 7 0 2 7 0 2 3 1 2 3 0 2 7 0 2 7 1 2 3 0 2 7 16 18 12 0 2 7 0 2 7 0 2 7 0 2 3 16 6 2 16 6 2 17 18 2 1 2 7 5 31 3 1 2 3 0 2 7 0 2 7 1 2 7 1 2 7 1 2 3 0 2 7 0 41.126708984375
0 2 11 5 30 3 0 2 11 5 30 3 12 16 2 0 2 7 1 2 7 0 2 11 17 18 2 5 30 3 0 2 7 0 2 7 0 2 7 1 2 7 0 2 7 1 2 7 0 2 7 0 2 7 17 18 2 6 2 11 1 2 7 5 31 3 5 30 3 0 2 11 1 2 11 0 2 7 0 2 7 1 2 4 0 2 7 6 2 11 16 31 2 8 9 2 0 2 7 0 2 4 0 2 7 1 2 7 1 2 7 0 2 11 17 18 2 0 2 7 0 41.8199499845504761
0 2 3 0 2 7 16 6 2 0 2 7 9 2 7 0 2 3 1 2 7 0 2 7 16 19 11 5 30 3 5 30 3 0 2 3 0 2 3 1 2 7 0 2 7 0 2 7 0 2 3 12 16 2 0 2 7 0 2 7 0 2 7 0 2 7 0 2 7 1 2 7 5 30 3 5 30 3 0 2 7 0 2 3 5 31 3 5 31 3 0 2 3 0 2 3 0 2 7 0 2 7 1 2 7 16 19 11 0 2 7 16 6 2 16 6 2 0 2 3 0 42.5953384637832642

Current Evaluation = 4950(4950)
Front Size = 10
5 31 3 1 2 7 0 2 7 0 2 7 16 6 2 0 2 7 17 9 2 0 2 7 0 2 7 0 2 7 16 6 2 5 31 3 17 18 2 1 2 7 0 2 7 0 2 7 0 2 7 0 2 7 0 2 7 0 2 7 1 2 7 0 2 7 5 30 3 5 31 3 1 2 7 16 31 2 1 2 7 1 2 7 0 2 7 0 2 7 0 2 7 1 2 7 1 2 7 1 2 7 0 2 7 0 2 7 1 2 7 0 2 7 1 2 7 0 2 7 0 40.3387407064437866
0 2 11 5 30 3 0 2 11 5 30 3 12 16 2 0 2 7 1 2 7 0 2 11 17 18 2 5 30 3 0 2 7 0 2 7 0 2 7 1 2 7 0 2 7 1 2 7 0 2 7 0 2 7 17 18 2 6 2 11 1 2 7 5 31 3 5 30 3 0 2 11 1 2 11 0 2 7 0 2 7 1 2 4 0 2 7 6 2 11 16 31 2 8 9 2 0 2 7 0 2 4 0 2 7 1 2 7 1 2 7 0 2 11 17 18 2 0 2 7 0 41.8199499845504761
5 31 3 0 2 3 1 2 7 0 2 3 16 6 2 0 2 7 0 2 3 1 2 7 0 2 7 16 6 2 5 31 3 1 2 7 0 2 3 0 2 7 0 2 7 0 2 3 5 30 3 1 2 3 1 2 3 0 2 7 5 30 3 0 2 7 0 2 7 0 2 7 17 18 2 0 2 3 16 6 2 1 2 3 0 2 7 0 2 7 0 2 7 1 2 7 0 2 7 9 2 7 0 2 3 16 19 11 5 30 3 0 2 7 0 2 7 1 2 3 0 42.0126307010650635
0 2 8 0 2 7 5 30 3 12 16 2 0 2 8 0 2 7 5 30 3 0 2 8 5 30 3 5 30 3 5 30 3 16 19 11 6 2 7 17 9 2 5 31 3 0 2 8 0 2 11 0 2 7 0 2 8 0 2 7 0 2 11 0 2 8 0 2 11 16 19 11 0 2 8 0 2 8 0 2 8 0 2 11 0 2 11 0 2 8 0 2 11 16 19 11 16 19 11 0 2 7 0 2 8 5 31 3 0 2 8 0 2 7 0 2 8 6 2 7 0 45.3426506519317627
5 31 3 5 31 3 1 2 7 1 2 7 6 2 7 5 31 3 0 2 7 1 2 7 0 2 7 12 16 2 0 2 7 1 2 4 0 2 7 0 2 7 6 2 7 5 31 3 0 2 7 0 2 7 0 2 7 1 2 7 0 2 7 0 2 7 0 2 7 0 2 4 16 6 2 1 2 7 17 18 2 0 2 7 1 2 4 0 2 7 0 2 7 1 2 3 0 2 7 16 6 2 16 6 2 0 2 7 1 2 3 0 2 7 0 2 7 17 18 2 0 40.6145018339157104
5 30 3 0 2 3 16 19 12 12 16 2 1 2 3 0 2 3 0 2 7 1 2 3 0 2 7 0 2 3 5 30 3 0 2 11 0 2 7 5 31 3 0 2 3 5 30 3 0 2 3 5 30 3 0 2 3 0 2 3 0 2 7 0 2 12 5 30 3 0 2 3 0 2 3 0 2 3 0 2 3 0 2 3 9 2 7 1 2 7 0 2 7 16 6 2 0 2 3 16 19 12 0 2 7 16 19 12 0 2 3 16 19 11 0 2 3 0 2 7 0 44.3501118421554565
0 2 3 1 2 3 16 6 2 0 2 3 0 2 7 0 2 3 1 2 7 0 2 7 0 2 7 1 2 3 1 2 7 1 2 7 5 31 3 5 31 3 1 2 7 0 2 7 0 2 3 0 2 7 0 2 7 0 2 7 1 2 7 17 9 2 5 31 3 1 2 7 1 2 7 0 2 3 0 2 7 1 2 7 0 2 7 16 6 2 12 16 2 0 2 3 1 2 7 0 2 3 0 2 3 0 2 7 16 6 2 16 6 2 0 2 10 0 2 3 0 41.1812028884887695
5 31 3 0 2 7 1 2 7 0 2 3 17 18 2 0 2 7 0 2 7 1 2 7 0 2 7 0 2 4 0 2 7 5 31 3 1 2 7 1 2 7 0 2 7 0 2 7 0 2 7 0 2 7 0 2 7 0 2 7 0 2 7 0 2 7 16 6 2 17 18 2 1 2 7 5 31 3 0 2 7 1 2 7 1 2 7 1 2 7 1 2 4 1 2 4 0 2 4 16 30 2 0 2 11 5 30 3 1 2 11 0 2 7 17 9 2 1 2 4 0 40.5709009170532227
5 30 3 12 16 2 0 2 7 0 2 7 5 30 3 0 2 7 5 31 3 0 2 7 1 2 7 0 2 7 16 6 2 0 2 7 0 2 7 0 2 3 16 19 12 0 2 7 0 2 4 1 2 7 0 2 3 0 2 4 0 2 3 5 30 3 0 2 3 5 30 3 5 31 3 0 2 3 0 2 12 17 9 2 0 2 3 13 6 3 0 2 7 17 9 2 6 2 7 9 2 7 0 2 3 0 2 7 1 2 11 1 2 7 16 19 11 5 31 3 0.0272799396821018676 42.8233926892280579
0 2 7 1 2 7 17 9 2 1 2 7 0 2 7 0 2 7 0 2 7 1 2 11 0 2 7 0 2 7 0 2 7 1 2 7 0 2 4 0 2 7 0 2 7 6 2 7 0 2 7 1 2 7 5 30 3 16 6 2 1 2 7 0 2 7 5 31 3 1 2 7 0 2 7 12 16 2 0 2 4 0 2 7 0 2 7 5 31 3 5 31 3 13 6 3 0 2 7 0 2 4 5 30 3 16 6 2 0 2 7 17 18 2 17 9 2 1 2 7 0 40.6108766198158264

Current Evaluation = 5400(5400)
Front Size = 10
5 31 3 0 2 7 1 2 11 1 2 7 0 2 7 1 2 7 1 2 7 0 2 7 5 31 3 0 2 7 0 2 7 1 2 7 0 2 7 1 2 7 1 2 7 1 2 7 1 2 7 0 2 7 0 2 7 13 6 3 16 6 2 0 2 7 17 9 2 0 2 7 0 2 7 17 18 2 1 2 7 0 2 7 0 2 7 1 2 7 0 2 7 1 2 7 17 18 2 0 2 7 5 31 3 0 2 4 1 2 7 0 2 7 0 2 7 17 9 2 0 40.0670827627182007
0 2 8 0 2 7 5 30 3 12 16 2 0 2 8 0 2 7 5 30 3 0 2 8 5 30 3 5 30 3 5 30 3 16 19 11 6 2 7 17 9 2 5 31 3 0 2 8 0 2 11 0 2 7 0 2 8 0 2 7 0 2 11 0 2 8 0 2 11 16 19 11 0 2 8 0 2 8 0 2 8 0 2 11 0 2 11 0 2 8 0 2 11 16 19 11 16 19 11 0 2 7 0 2 8 5 31 3 0 2 8 0 2 7 0 2 8 6 2 7 0 45.3426506519317627
1 2 7 16 6 2 0 2 7 0 2 7 1 2 7 0 2 7 0 2 4 0 2 4 1 2 7 6 2 7 0 2 7 1 2 7 0 2 7 1 2 7 0 2 7 0 2 7 0 2 7 0 2 7 1 2 7 1 2 7 0 2 7 5 31 3 0 2 7 16 6 2 5 31 3 1 2 7 17 18 2 17 9 2 1 2 7 5 31 3 17 18 2 5 31 3 1 2 4 0 2 7 0 2 7 0 2 7 0 2 4 0 2 7 1 2 7 0 2 7 0 40.4036498665809631
1 2 7 1 2 7 16 6 2 0 2 8 0 2 7 5 31 3 0 2 7 0 2 7 0 2 3 0 2 8 0 2 7 0 2 7 0 2 7 0 2 7 1 2 3 1 2 7 0 2 8 1 2 7 1 2 3 0 2 7 0 2 7 12 16 2 0 2 7 0 2 7 1 2 7 16 6 2 1 2 7 0 2 7 5 30 3 5 30 3 16 6 2 5 31 3 8 18 2 0 2 7 16 30 2 17 9 2 0 2 7 0 2 7 0 2 7 5 31 3 0 41.4006209373474121
0 2 11 5 30 3 0 2 11 5 30 3 12 16 2 0 2 7 1 2 7 0 2 11 17 18 2 5 30 3 0 2 7 0 2 7 0 2 7 1 2 7 0 2 7 1 2 7 0 2 7 0 2 7 17 18 2 6 2 11 1 2 7 5 31 3 5 30 3 0 2 11 1 2 11 0 2 7 0 2 7 1 2 4 0 2 7 6 2 11 16 31 2 8 9 2 0 2 7 0 2 4 0 2 7 1 2 7 1 2 7 0 2 11 17 18 2 0 2 7 0 41.8199499845504761
5 31 3 1 2 3 1 2 7 0 2 3 16 6 2 0 2 7 0 2 3 0 2 7 0 2 3 16 30 2 5 31 3 1 2 3 1 2 7 0 2 3 0 2 7 0 2 3 5 30 3 1 2 7 1 2 3 0 2 7 5 30 3 0 2 7 1 2 7 0 2 7 17 18 2 0 2 3 16 30 2 0 2 7 0 2 7 1 2 7 0 2 3 0 2 7 0 2 7 0 2 7 0 2 3 16 19 11 5 30 3 0 2 7 0 2 7 1 2 11 0 41.796211838722229
5 31 3 0 2 4 17 18 2 0 2 3 0 2 7 1 2 7 1 2 7 1 2 7 1 2 7 0 2 7 0 2 7 0 2 7 0 2 3 0 2 3 0 2 4 1 2 7 16 6 2 5 31 3 0 2 7 1 2 7 0 2 4 0 2 7 1 2 7 17 9 2 0 2 4 1 2 7 0 2 3 16 6 2 5 31 3 1 2 7 0 2 7 1 2 7 0 2 7 0 2 7 1 2 4 17 18 2 0 2 7 0 2 7 1 2 7 1 2 7 0 40.4458829164505005
5 31 3 0 2 4 1 2 7 0 2 7 17 18 2 0 2 7 0 2 7 0 2 7 0 2 7 0 2 7 0 2 7 5 31 3 1 2 4 0 2 7 0 2 7 0 2 7 0 2 7 0 2 7 1 2 7 0 2 7 0 2 7 0 2 7 16 6 2 17 18 2 1 2 4 5 31 3 0 2 7 1 2 7 1 2 7 1 2 4 1 2 7 1 2 7 0 2 4 16 6 2 0 2 3 5 30 3 1 2 3 0 2 7 17 9 2 1 2 4 0 40.5576298236846924
5 30 3 0 2 7 0 2 7 0 2 7 1 2 7 1 2 7 0 2 7 5 31 3 0 2 7 1 2 7 0 2 7 1 2 7 1 2 7 0 2 7 0 2 7 0 2 7 0 2 7 16 6 2 0 2 7 17 9 2 1 2 7 0 2 7 17 18 2 6 2 7 13 6 3 0 2 7 0 2 7 5 31 3 0 2 7 0 2 7 5 31 3 0 2 7 1 2 7 0 2 7 16 6 2 0 2 8 5 30 3 1 2 7 1 2 7 17 18 2 0 40.5071267485618591
0 2 7 1 2 7 17 9 2 1 2 7 0 2 7 0 2 7 0 2 7 1 2 11 0 2 7 0 2 7 0 2 7 1 2 7 0 2 4 0 2 7 0 2 7 6 2 7 0 2 7 1 2 7 5 30 3 16 6 2 1 2 7 0 2 7 5 31 3 1 2 7 0 2 7 12 16 2 0 2 4 0 2 7 0 2 7 5 31 3 5 31 3 13 6 3 0 2 7 0 2 4 5 30 3 16 6 2 0 2 7 17 18 2 17 9 2 1 2 7 0 40.6108766198158264

Current Evaluation = 5850(5850)
Front Size = 10
5 31 3 0 2 7 1 2 11 1 2 7 0 2 7 1 2 7 1 2 7 0 2 7 5 31 3 0 2 7 0 2 7 1 2 7 0 2 7 1 2 7 1 2 7 1 2 7 1 2 7 0 2 7 0 2 7 13 6 3 16 6 2 0 2 7 17 9 2 0 2 7 0 2 7 17 18 2 1 2 7 0 2 7 0 2 7 1 2 7 0 2 7 1 2 7 17 18 2 0 2 7 5 31 3 0 2 4 1 2 7 0 2 7 0 2 7 17 9 2 0 40.0670827627182007
5 31 3 1 2 4 1 2 7 0 2 7 1 2 7 0 2 7 0 2 7 5 31 3 1 2 7 0 2 7 0 2 7 0 2 4 1 2 7 0 2 7 0 2 7 1 2 7 16 6 2 17 9 2 0 2 7 0 2 7 0 2 7 0 2 7 0 2 7 1 2 7 5 31 3 0 2 7 1 2 7 12 16 2 16 6 2 5 31 3 1 2 7 0 2 7 1 2 4 0 2 7 1 2 7 0 2 7 0 2 7 0 2 7 17 18 2 16 30 2 0 40.4265388250350952
5 31 3 1 2 3 1 2 7 0 2 3 16 6 2 0 2 7 0 2 3 0 2 7 0 2 3 16 30 2 5 31 3 1 2 3 1 2 7 0 2 3 0 2 7 0 2 3 5 30 3 1 2 7 1 2 3 0 2 7 5 30 3 0 2 7 1 2 7 0 2 7 17 18 2 0 2 3 16 30 2 0 2 7 0 2 7 1 2 7 0 2 3 0 2 7 0 2 7 0 2 7 0 2 3 16 19 11 5 30 3 0 2 7 0 2 7 1 2 11 0 41.796211838722229
5 31 3 0 2 4 17 18 2 0 2 3 0 2 7 1 2 7 1 2 7 1 2 7 1 2 7 0 2 7 0 2 7 0 2 7 0 2 3 0 2 3 0 2 4 1 2 7 16 6 2 5 31 3 0 2 7 1 2 7 0 2 4 0 2 7 1 2 7 17 9 2 0 2 4 1 2 7 0 2 3 16 6 2 5 31 3 1 2 7 0 2 7 1 2 7 0 2 7 0 2 7 1 2 4 17 18 2 0 2 7 0 2 7 1 2 7 1 2 7 0 40.4458829164505005
5 31 3 0 2 4 1 2 7 0 2 7 1 2 7 1 2 3 0 2 7 5 31 3 0 2 7 0 2 4 1 2 3 0 2 7 1 2 3 0 2 4 0 2 7 1 2 7 16 6 2 0 2 7 17 9 2 0 2 4 0 2 7 1 2 7 0 2 7 0 2 7 1 2 7 5 31 3 0 2 7 0 2 7 17 9 2 0 2 7 1 2 4 1 2 4 1 2 7 16 6 2 1 2 3 0 2 3 0 2 7 17 18 2 0 2 7 1 2 7 0 40.5258829593658447
5 30 3 0 2 7 0 2 7 1 2 7 0 2 7 1 2 7 0 2 7 5 31 3 0 2 7 1 2 7 0 2 7 1 2 7 0 2 7 0 2 7 0 2 7 0 2 7 0 2 7 16 6 2 0 2 7 17 9 2 1 2 7 0 2 7 17 18 2 6 2 7 13 6 3 0 2 7 0 2 7 5 31 3 1 2 7 0 2 7 5 31 3 0 2 7 1 2 7 0 2 7 16 6 2 0 2 7 5 30 3 1 2 8 1 2 7 17 18 2 0 40.5071266293525696
1 2 7 1 2 7 16 6 2 0 2 8 0 2 7 5 31 3 0 2 7 0 2 7 0 2 3 0 2 8 0 2 7 0 2 7 0 2 7 0 2 7 1 2 3 1 2 7 0 2 8 1 2 7 1 2 3 0 2 7 0 2 7 12 16 2 0 2 7 0 2 7 1 2 7 16 6 2 1 2 7 0 2 7 5 30 3 5 30 3 16 6 2 5 31 3 8 18 2 0 2 7 16 30 2 17 9 2 0 2 7 0 2 7 0 2 7 5 31 3 0 41.4006209373474121
5 31 3 0 2 7 1 2 7 0 2 4 1 2 7 0 2 7 0 2 7 0 2 7 0 2 7 1 2 7 0 2 7 0 2 7 0 2 7 0 2 7 1 2 7 1 2 7 1 2 7 0 2 7 0 2 7 17 18 2 0 2 7 0 2 7 17 18 2 1 2 4 5 30 3 1 2 7 16 19 11 0 2 7 0 2 7 0 2 7 0 2 7 5 31 3 0 2 7 1 2 7 17 18 2 16 6 2 5 31 3 1 2 7 1 2 7 8 18 2 0 40.8567327260971069
5 31 3 0 2 7 1 2 7 0 2 4 1 2 7 0 2 7 0 2 7 1 2 7 0 2 7 0 2 7 0 2 7 0 2 7 0 2 7 1 2 7 1 2 7 0 2 7 0 2 7 5 31 3 0 2 7 16 6 2 5 31 3 17 9 2 17 18 2 1 2 7 1 2 7 1 2 7 5 30 3 6 2 7 16 30 2 0 2 3 0 2 4 0 2 3 0 2 7 1 2 7 17 18 2 0 2 7 0 2 3 5 31 3 1 2 7 0 2 7 7.0955899806793551e-06 40.9694679379463196
5 31 3 0 2 7 1 2 7 0 2 7 1 2 7 1 2 7 0 2 7 5 31 3 0 2 7 0 2 7 1 2 7 0 2 7 1 2 7 1 2 7 0 2 7 0 2 7 16 6 2 0 2 7 17 9 2 0 2 7 0 2 7 0 2 7 0 2 7 0 2 7 0 2 7 5 31 3 0 2 7 1 2 11 0 2 8 1 2 3 16 30 2 17 18 2 0 2 3 1 2 7 1 2 7 5 30 3 0 2 4 1 2 7 0 2 7 1 2 3 1.37616825082121483e-05 41.0080538988113403

Current Evaluation = 6300(6300)
Front Size = 10
5 31 3 0 2 7 0 2 7 0 2 7 1 2 7 1 2 7 0 2 7 5 31 3 0 2 7 0 2 7 1 2 7 0 2 7 1 2 11 1 2 7 1 2 7 0 2 7 0 2 7 16 6 2 0 2 7 17 9 2 0 2 7 0 2 7 17 18 2 0 2 7 0 2 7 0 2 7 5 31 3 0 2 4 17 9 2 1 2 7 13 6 3 17 18 2 0 2 7 1 2 7 1 2 7 1 2 7 0 2 7 1 2 7 1 2 7 1 2 7 0 40.0670827627182007
5 30 3 17 18 2 0 2 7 1 2 7 1 2 7 0 2 7 0 2 7 0 2 7 1 2 7 13 6 3 5 31 3 0 2 4 1 2 3 5 31 3 1 2 7 0 2 7 0 2 4 1 2 7 0 2 7 1 2 7 17 18 2 0 2 7 17 18 2 0 2 7 0 2 7 0 2 4 17 9 2 0 2 7 16 6 2 1 2 7 1 2 7 0 2 7 0 2 7 1 2 7 1 2 7 1 2 4 0 2 7 0 2 7 0 2 4 5 30 3 0 40.148398756980896
5 31 3 1 2 7 17 18 2 0 2 4 0 2 7 1 2 7 1 2 7 5 31 3 1 2 7 0 2 4 0 2 7 0 2 7 0 2 4 0 2 7 0 2 7 1 2 7 16 6 2 5 31 3 0 2 7 1 2 7 0 2 4 6 2 7 17 9 2 1 2 7 16 6 2 5 31 3 0 2 7 0 2 7 0 2 7 0 2 7 1 2 7 17 18 2 0 2 7 0 2 7 0 2 7 0 2 7 0 2 7 1 2 7 1 2 7 1 2 7 0 40.4036498665809631
1 2 7 1 2 7 16 6 2 0 2 8 0 2 7 5 31 3 0 2 7 0 2 7 0 2 3 0 2 8 0 2 7 0 2 7 0 2 7 0 2 7 1 2 3 1 2 7 0 2 8 1 2 7 1 2 3 0 2 7 0 2 7 12 16 2 0 2 7 0 2 7 1 2 7 16 6 2 1 2 7 0 2 7 5 30 3 5 30 3 16 6 2 5 31 3 8 18 2 0 2 7 16 30 2 17 9 2 0 2 7 0 2 7 0 2 7 5 31 3 0 41.4006209373474121
5 30 3 0 2 7 0 2 7 1 2 7 0 2 7 1 2 7 0 2 7 5 31 3 0 2 7 1 2 7 0 2 7 1 2 7 0 2 7 0 2 7 0 2 7 0 2 7 0 2 7 16 6 2 0 2 7 17 9 2 1 2 7 0 2 7 17 18 2 13 6 3 0 2 7 5 31 3 1 2 4 1 2 4 5 30 3 1 2 7 17 18 2 0 2 7 0 2 7 1 2 7 5 30 3 0 2 7 0 2 4 17 18 2 0 2 7 1 2 7 0 40.4201456308364868
17 9 2 0 2 7 1 2 7 1 2 7 0 2 7 1 2 7 0 2 7 0 2 7 0 2 7 0 2 7 0 2 4 1 2 7 5 30 3 0 2 7 1 2 7 1 2 4 0 2 7 1 2 7 0 2 7 0 2 7 1 2 4 17 9 2 1 2 7 17 18 2 0 2 7 5 31 3 0 2 7 0 2 7 12 16 2 0 2 4 17 9 2 1 2 4 15 2 11 0 2 7 1 2 4 0 2 4 1 2 7 1 2 4 0 2 7 5 31 3 0 40.6237818002700806
5 31 3 0 2 4 17 18 2 0 2 3 0 2 7 1 2 7 1 2 7 1 2 7 1 2 7 0 2 7 0 2 7 0 2 7 0 2 3 0 2 3 0 2 4 1 2 7 16 6 2 5 31 3 0 2 7 1 2 7 0 2 7 1 2 7 17 9 2 1 2 7 16 6 2 5 31 3 1 2 7 0 2 7 0 2 7 0 2 7 1 2 4 17 18 2 0 2 7 0 2 7 0 2 4 0 2 4 0 2 3 1 2 7 1 2 7 1 2 7 0 40.4458829164505005
5 30 3 17 18 2 12 16 2 0 2 7 0 2 7 0 2 3 0 2 10 0 2 7 1 2 7 0 2 7 1 2 7 0 2 7 0 2 7 0 2 7 1 2 7 5 31 3 6 2 4 0 2 7 1 2 11 0 2 7 16 6 2 0 2 4 1 2 7 0 2 7 1 2 11 0 2 7 0 2 7 17 9 2 0 2 4 17 18 2 0 2 11 6 2 7 0 2 4 1 2 4 8 9 2 5 31 3 12 16 2 1 2 10 5 30 3 1 2 7 0 41.3919297456741333
5 30 3 0 2 7 0 2 7 1 2 7 0 2 7 1 2 7 0 2 7 5 31 3 0 2 7 1 2 7 0 2 7 1 2 7 0 2 7 0 2 7 0 2 7 0 2 7 0 2 7 16 6 2 0 2 7 17 9 2 1 2 7 0 2 7 17 18 2 6 2 7 13 6 3 0 2 7 0 2 7 5 31 3 1 2 7 0 2 7 5 31 3 0 2 7 1 2 7 0 2 7 16 6 2 0 2 7 5 30 3 1 2 8 1 2 7 17 18 2 0 40.5071266293525696
0 2 7 0 2 7 16 6 2 0 2 7 0 2 7 5 31 3 0 2 7 1 2 7 1 2 7 0 2 7 0 2 7 1 2 7 17 18 2 0 2 7 0 2 7 0 2 7 0 2 7 0 2 4 6 2 4 0 2 7 16 6 2 5 31 3 1 2 7 0 2 7 5 31 3 0 2 7 0 2 7 17 18 2 5 31 3 1 2 7 16 6 2 0 2 7 1 2 7 12 16 2 1 2 3 6 2 3 0 2 7 1 2 7 1 2 4 0 2 7 0 40.6145017743110657

Current Evaluation = 6750(6750)
Front Size = 10
5 31 3 1 2 7 0 2 7 0 2 7 0 2 7 1 2 7 0 2 7 1 2 7 0 2 7 1 2 11 0 2 7 5 31 3 0 2 7 1 2 7 0 2 7 0 2 7 1 2 7 0 2 7 0 2 7 0 2 4 0 2 7 1 2 7 0 2 7 1 2 7 1 2 7 17 9 2 1 2 7 0 2 7 16 6 2 0 2 7 0 2 7 1 2 7 17 9 2 17 18 2 1 2 7 1 2 7 5 31 3 0 2 7 13 6 3 17 9 2 0 40.0670827627182007
5 31 3 0 2 7 0 2 4 1 2 7 1 2 7 1 2 7 0 2 3 5 31 3 6 2 7 0 2 4 1 2 7 0 2 7 1 2 7 1 2 7 1 2 7 0 2 7 0 2 7 16 6 2 0 2 7 17 9 2 0 2 7 0 2 4 8 18 2 0 2 7 17 18 2 0 2 4 0 2 7 0 2 7 0 2 7 17 9 2 1 2 7 0 2 7 5 30 3 1 2 3 1 2 7 1 2 7 12 16 2 1 2 4 0 2 3 0 2 3 0 40.8292918801307678
5 31 3 0 2 4 17 18 2 0 2 3 0 2 7 1 2 7 1 2 7 1 2 7 1 2 7 0 2 7 0 2 7 0 2 7 0 2 3 0 2 3 0 2 4 1 2 7 16 6 2 5 31 3 0 2 7 1 2 7 0 2 7 1 2 7 17 9 2 1 2 7 16 6 2 5 31 3 1 2 7 0 2 7 0 2 7 0 2 7 1 2 4 17 18 2 0 2 7 0 2 7 0 2 4 0 2 4 0 2 3 1 2 7 1 2 7 1 2 7 0 40.4458829164505005
5 31 3 1 2 7 17 1 2 0 2 7 0 2 7 0 2 7 5 31 3 0 2 7 0 2 7 0 2 7 1 2 7 0 2 7 5 30 3 0 2 7 1 2 7 0 2 7 0 2 7 1 2 7 0 2 7 0 2 7 0 2 7 0 2 7 1 2 7 0 2 7 1 2 7 1 2 7 17 9 2 1 2 7 17 9 2 0 2 7 16 6 2 6 2 7 1 2 11 0 2 7 1 2 7 0 2 7 5 31 3 0 2 7 6 2 7 17 9 2 0 40.5207587480545044
5 31 3 1 2 7 17 18 2 0 2 3 0 2 7 1 2 7 1 2 7 5 31 3 0 2 7 0 2 7 0 2 7 0 2 7 0 2 7 1 2 7 16 6 2 5 31 3 0 2 7 1 2 4 6 2 7 16 6 2 5 31 3 0 2 7 0 2 7 0 2 7 0 2 7 17 18 2 0 2 7 0 2 4 0 2 7 0 2 7 0 2 7 0 2 7 0 2 7 0 2 7 1 2 4 1 2 4 12 16 2 16 6 2 1 2 7 1 2 7 0 40.5887607932090759
17 9 2 0 2 7 1 2 7 1 2 7 0 2 7 1 2 7 0 2 7 0 2 7 0 2 7 0 2 7 0 2 4 1 2 7 5 30 3 0 2 7 1 2 7 1 2 4 0 2 7 1 2 7 0 2 7 0 2 7 1 2 4 17 9 2 1 2 7 17 18 2 0 2 7 5 31 3 0 2 7 0 2 7 12 16 2 0 2 4 17 9 2 1 2 4 15 2 11 0 2 7 1 2 4 0 2 4 1 2 7 1 2 4 0 2 7 5 31 3 0 40.6237818002700806
5 31 3 0 2 4 17 18 2 0 2 7 1 2 7 1 2 7 5 31 3 0 2 7 0 2 7 0 2 7 0 2 7 0 2 7 1 2 7 0 2 7 1 2 7 1 2 3 1 2 7 0 2 7 0 2 7 0 2 7 0 2 7 6 2 11 0 2 7 1 2 7 0 2 7 17 9 2 1 2 4 1 2 7 1 2 7 16 19 11 16 30 2 5 30 3 17 18 2 0 2 7 0 2 7 0 2 7 0 2 7 1 2 4 0 2 4 5 31 3 0 40.8334438800811768
5 31 3 0 2 4 17 18 2 0 2 3 0 2 7 1 2 7 1 2 7 1 2 7 1 2 7 0 2 7 0 2 7 0 2 7 1 2 7 16 6 2 5 31 3 0 2 7 1 2 7 0 2 7 16 6 2 5 31 3 0 2 7 0 2 7 0 2 7 1 2 4 17 18 2 0 2 7 0 2 7 0 2 7 0 2 3 5 31 3 0 2 7 12 16 2 1 2 4 0 2 7 0 2 7 0 2 4 0 2 3 1 2 4 0 2 7 1 2 7 3.44680597495287662e-05 41.0988118648529053
5 31 3 1 2 7 17 18 2 0 2 7 1 2 7 1 2 7 5 31 3 1 2 7 1 2 7 0 2 7 0 2 7 0 2 7 1 2 7 0 2 7 1 2 7 1 2 7 0 2 7 0 2 7 0 2 7 0 2 7 0 2 7 0 2 7 0 2 7 0 2 7 0 2 7 17 9 2 1 2 7 1 2 7 1 2 7 0 2 7 16 6 2 5 31 3 0 2 4 0 2 4 17 9 2 16 6 2 5 31 3 1 2 11 0 2 4 6 2 7 0.000117414969846234664 40.4526978135108948
5 31 3 1 2 7 0 2 7 0 2 7 0 2 7 5 31 3 0 2 7 0 2 7 0 2 7 1 2 7 0 2 7 5 30 3 0 2 7 1 2 7 0 2 7 0 2 7 1 2 7 0 2 7 0 2 7 0 2 7 0 2 7 1 2 7 0 2 7 1 2 7 1 2 7 17 9 2 1 2 7 0 2 7 16 6 2 0 2 7 0 2 7 17 1 2 5 30 3 6 2 7 1 2 4 0 2 4 5 30 3 17 18 2 6 2 7 1 2 4 0.000264770561503931731 40.5540757179260254

Current Evaluation = 7200(7200)
Front Size = 10
5 31 3 0 2 7 17 18 2 0 2 7 1 2 7 1 2 7 1 2 7 0 2 7 0 2 7 0 2 7 1 2 7 16 6 2 5 31 3 0 2 7 0 2 7 0 2 7 1 2 7 17 9 2 1 2 7 5 31 3 1 2 7 0 2 7 0 2 7 0 2 7 0 2 7 0 2 7 1 2 7 0 2 7 0 2 7 1 2 11 17 9 2 0 2 4 1 2 7 1 2 7 0 2 7 13 6 3 1 2 7 17 18 2 1 2 7 0 2 7 0 40.0670827627182007
17 9 2 0 2 7 1 2 7 1 2 7 0 2 7 1 2 7 0 2 7 0 2 7 0 2 7 0 2 7 0 2 4 1 2 7 5 30 3 0 2 7 1 2 7 1 2 4 0 2 7 1 2 7 0 2 7 0 2 7 1 2 4 17 9 2 1 2 7 17 18 2 0 2 7 5 31 3 0 2 7 0 2 7 12 16 2 0 2 4 17 9 2 1 2 4 15 2 11 0 2 7 1 2 4 0 2 4 1 2 7 1 2 4 0 2 7 5 31 3 0 40.6237818002700806
0 2 7 0 2 7 1 2 4 0 2 7 1 2 7 5 30 3 0 2 7 0 2 7 0 2 7 1 2 4 1 2 7 1 2 7 1 2 7 0 2 3 0 2 7 1 2 4 17 9 2 0 2 4 0 2 7 0 2 7 17 18 2 0 2 4 1 2 7 1 2 7 17 18 2 1 2 7 1 2 7 0 2 7 5 31 3 0 2 7 16 6 2 0 2 7 1 2 7 0 2 7 13 6 3 17 18 2 5 31 3 0 2 7 5 30 3 0 2 7 0 40.148398756980896
5 31 3 1 2 7 0 2 4 0 2 7 0 2 4 5 31 3 0 2 7 1 2 7 0 2 4 1 2 7 0 2 7 5 31 3 0 2 4 1 2 7 1 2 7 0 2 7 1 2 7 0 2 7 0 2 7 0 2 3 0 2 7 1 2 7 0 2 7 1 2 7 1 2 7 17 9 2 0 2 7 17 9 2 0 2 7 16 6 2 16 6 2 0 2 7 1 2 3 1 2 4 1 2 7 0 2 3 0 2 7 0 2 7 1 2 3 17 9 2 0 40.4458829164505005
5 31 3 1 2 7 17 18 2 0 2 7 1 2 7 1 2 7 0 2 4 0 2 7 0 2 7 16 6 2 0 2 7 0 2 7 0 2 4 1 2 7 17 9 2 1 2 7 1 2 4 1 2 3 0 2 7 0 2 7 0 2 4 0 2 7 0 2 7 0 2 7 1 2 7 1 2 7 0 2 7 17 18 2 0 2 4 17 9 2 13 6 3 1 2 7 0 2 7 0 2 7 5 31 3 5 30 3 5 30 3 0 2 7 1 2 7 1 2 7 0 40.148398756980896
5 30 3 0 2 7 0 2 7 1 2 7 0 2 7 1 2 7 5 31 3 0 2 7 0 2 7 0 2 7 1 2 7 1 2 4 1 2 4 1 2 7 0 2 7 0 2 7 16 24 2 1 2 7 17 9 2 0 2 7 0 2 7 0 2 7 17 18 2 13 6 3 0 2 7 0 2 7 1 2 7 1 2 7 0 2 7 0 2 7 17 18 2 17 18 2 1 2 7 1 2 7 5 30 3 0 2 4 0 2 7 1 2 7 5 31 3 0 2 7 0 40.1302337646484375
0 2 4 1 2 7 1 2 7 0 2 7 1 2 7 1 2 3 1 2 7 0 2 7 5 30 3 0 2 7 0 2 7 1 2 7 0 2 7 1 2 7 0 2 7 0 2 7 0 2 7 0 2 7 17 18 2 0 2 4 0 2 7 17 18 2 1 2 4 5 31 3 1 2 7 16 6 2 0 2 7 0 2 7 5 31 3 0 2 7 0 2 7 5 31 3 0 2 7 0 2 7 0 2 7 1 2 7 16 6 2 6 2 7 12 16 2 16 31 2 0 40.502831757068634
5 31 3 1 2 7 17 1 2 0 2 7 0 2 7 0 2 7 5 31 3 0 2 7 0 2 7 0 2 7 1 2 7 0 2 7 5 30 3 0 2 7 1 2 7 0 2 7 0 2 7 1 2 7 0 2 7 0 2 7 0 2 7 0 2 7 1 2 7 0 2 7 1 2 7 1 2 7 17 9 2 1 2 7 17 9 2 0 2 7 16 6 2 6 2 7 1 2 11 0 2 7 1 2 7 0 2 7 5 31 3 0 2 7 6 2 7 17 9 2 0 40.5207587480545044
5 31 3 0 2 7 1 2 7 0 2 7 6 2 7 5 31 3 1 2 7 1 2 7 0 2 7 1 2 7 0 2 4 1 2 7 16 6 2 0 2 7 5 31 3 0 2 7 0 2 7 0 2 7 1 2 7 0 2 7 0 2 7 0 2 7 1 2 7 0 2 7 0 2 7 0 2 7 1 2 7 0 2 4 0 2 7 17 9 2 0 2 7 0 2 4 16 6 2 1 2 7 17 18 2 17 18 2 1 2 7 1 2 7 5 31 3 0 2 4 0 40.4036498665809631
5 31 3 0 2 7 17 18 2 0 2 7 1 2 4 1 2 7 1 2 7 0 2 7 0 2 7 0 2 7 1 2 4 16 6 2 5 30 3 0 2 7 0 2 7 0 2 4 1 2 7 17 9 2 1 2 7 5 30 3 1 2 7 0 2 7 0 2 7 0 2 7 0 2 7 0 2 7 1 2 3 0 2 7 0 2 7 0 2 4 1 2 7 1 2 7 0 2 7 17 18 2 0 2 7 1 2 4 17 9 2 13 6 3 1 2 7 5 31 3 0 40.148398756980896

Current Evaluation = 7650(7650)
Front Size = 10
5 31 3 0 2 7 0 2 7 1 2 7 1 2 7 1 2 11 0 2 7 0 2 7 0 2 7 16 6 2 0 2 7 0 2 7 1 2 7 0 2 7 17 9 2 1 2 7 0 2 7 0 2 7 0 2 7 0 2 7 0 2 7 0 2 7 0 2 7 1 2 7 1 2 7 17 9 2 1 2 7 5 31 3 1 2 7 0 2 7 1 2 7 5 31 3 0 2 7 17 18 2 13 6 3 0 2 7 1 2 4 17 9 2 1 2 7 1 2 7 0 40.0670827627182007
0 2 4 0 2 7 1 2 7 0 2 7 1 2 7 5 31 3 0 2 7 0 2 7 0 2 7 1 2 7 1 2 7 1 2 7 0 2 7 0 2 7 1 2 7 17 9 2 0 2 7 1 2 7 0 2 7 1 2 7 0 2 7 0 2 7 1 2 11 1 2 7 1 2 7 0 2 7 1 2 7 5 31 3 5 31 3 0 2 7 16 6 2 17 18 2 13 6 3 0 2 7 0 2 7 17 18 2 17 18 2 1 2 7 0 2 7 0 2 7 0 40.0670827627182007
5 31 3 1 2 7 17 18 2 0 2 7 1 2 7 1 2 7 0 2 7 0 2 7 0 2 7 16 24 2 0 2 4 0 2 7 0 2 7 1 2 7 17 9 2 0 2 7 1 2 7 0 2 7 0 2 7 0 2 7 0 2 7 1 2 7 0 2 7 0 2 7 0 2 7 1 2 7 17 18 2 13 6 3 1 2 7 5 31 3 1 2 7 1 2 7 1 2 4 0 2 7 17 9 2 0 2 7 0 2 4 5 30 3 1 2 7 5 30 3 0 40.1302337646484375
5 31 3 1 2 7 0 2 4 0 2 7 0 2 4 5 31 3 0 2 7 1 2 7 0 2 4 1 2 7 0 2 7 5 31 3 0 2 4 1 2 7 1 2 7 0 2 7 1 2 7 0 2 7 0 2 7 0 2 3 0 2 7 1 2 7 0 2 7 1 2 7 1 2 7 17 9 2 0 2 7 17 9 2 0 2 7 16 6 2 16 6 2 0 2 7 1 2 3 1 2 4 1 2 7 0 2 3 0 2 7 0 2 7 1 2 3 17 9 2 0 40.4458829164505005
0 2 4 1 2 7 1 2 7 0 2 7 1 2 7 1 2 3 1 2 7 0 2 7 5 30 3 0 2 7 0 2 7 1 2 7 0 2 7 1 2 7 0 2 7 0 2 7 0 2 7 0 2 7 17 18 2 0 2 4 0 2 7 17 18 2 1 2 4 5 31 3 1 2 7 16 6 2 0 2 7 0 2 7 5 31 3 0 2 7 0 2 7 5 31 3 0 2 7 0 2 7 0 2 7 1 2 7 16 6 2 6 2 7 12 16 2 16 31 2 0 40.502831757068634
5 31 3 0 2 7 1 2 7 0 2 7 6 2 7 5 31 3 1 2 7 1 2 7 0 2 7 1 2 7 0 2 4 1 2 7 16 6 2 0 2 7 5 31 3 0 2 7 0 2 7 0 2 7 1 2 7 0 2 7 0 2 7 0 2 7 1 2 7 0 2 7 0 2 7 0 2 7 1 2 7 0 2 4 0 2 7 17 9 2 0 2 7 0 2 4 16 6 2 1 2 7 17 18 2 17 18 2 1 2 7 1 2 7 5 31 3 0 2 4 0 40.4036498665809631
5 31 3 0 2 7 0 2 7 0 2 3 1 2 4 1 2 7 0 2 7 0 2 7 0 2 7 16 6 2 1 2 7 0 2 7 0 2 7 1 2 7 17 9 2 1 2 4 1 2 7 0 2 7 0 2 7 0 2 3 0 2 7 0 2 7 1 2 4 0 2 7 1 2 7 1 2 7 1 2 7 17 9 2 1 2 7 5 31 3 17 18 2 1 2 4 5 31 3 1 2 3 0 2 7 0 2 7 16 6 2 0 2 3 0 2 4 0 2 7 0 40.4458829164505005
5 31 3 0 2 7 0 2 7 1 2 7 1 2 7 1 2 7 0 2 7 0 2 7 0 2 7 16 6 2 0 2 7 0 2 7 1 2 7 0 2 7 17 9 2 1 2 7 0 2 11 0 2 7 0 2 7 0 2 7 0 2 4 0 2 7 0 2 7 0 2 7 0 2 7 1 2 7 1 2 7 17 9 2 1 2 7 5 31 3 1 2 7 1 2 7 1 2 7 5 31 3 0 2 7 17 9 2 17 18 2 1 2 7 1 2 7 13 6 3 0 40.0670828819274902
5 31 3 0 2 7 17 18 2 0 2 7 1 2 4 1 2 7 1 2 7 0 2 7 0 2 7 0 2 7 1 2 4 16 6 2 5 30 3 0 2 7 0 2 7 0 2 4 1 2 7 17 9 2 1 2 7 5 30 3 1 2 7 0 2 7 0 2 7 0 2 7 0 2 7 0 2 7 1 2 3 0 2 7 0 2 7 0 2 4 1 2 7 1 2 7 0 2 7 17 18 2 0 2 7 1 2 4 17 9 2 13 6 3 1 2 7 5 31 3 0 40.148398756980896
5 30 3 0 2 7 0 2 7 1 2 7 0 2 7 1 2 7 5 31 3 0 2 7 0 2 7 0 2 7 1 2 7 1 2 4 1 2 4 1 2 7 0 2 7 0 2 7 16 24 2 1 2 7 17 9 2 0 2 7 0 2 7 0 2 7 17 18 2 13 6 3 0 2 7 0 2 7 1 2 7 1 2 7 0 2 7 0 2 7 17 18 2 17 18 2 1 2 7 1 2 7 5 30 3 0 2 4 0 2 7 1 2 7 5 31 3 0 2 7 0 40.1302337646484375

Current Evaluation = 8100(8100)
Front Size = 10
5 31 3 0 2 7 0 2 7 1 2 7 0 2 7 0 2 7 1 2 7 0 2 7 1 2 7 0 2 7 1 2 7 0 2 7 17 9 2 1 2 7 0 2 7 0 2 7 0 2 7 0 2 7 0 2 7 0 2 7 0 2 4 1 2 7 0 2 7 5 31 3 1 2 7 0 2 7 1 2 7 0 2 7 17 18 2 13 6 3 1 2 7 1 2 7 1 2 7 17 18 2 0 2 7 1 2 11 5 31 3 17 18 2 1 2 7 16 6 2 0 40.0670827627182007
0 2 7 0 2 7 1 2 7 0 2 7 1 2 7 5 31 3 1 2 7 0 2 7 0 2 7 0 2 7 1 2 7 0 2 7 0 2 7 1 2 7 17 9 2 0 2 7 1 2 7 0 2 7 1 2 7 0 2 7 0 2 7 1 2 7 1 2 7 0 2 7 1 2 7 5 31 3 0 2 7 17 18 2 13 6 3 0 2 7 0 2 7 1 2 7 0 2 7 1 2 11 0 2 4 16 6 2 1 2 7 5 31 3 17 9 2 17 9 2 0 40.0670827627182007
5 30 3 0 2 7 0 2 7 1 2 7 0 2 7 1 2 7 5 31 3 0 2 7 0 2 7 0 2 7 1 2 7 1 2 4 1 2 4 1 2 7 0 2 7 0 2 7 16 24 2 1 2 7 17 9 2 0 2 7 0 2 7 0 2 7 17 18 2 13 6 3 0 2 7 0 2 7 1 2 7 1 2 7 0 2 7 0 2 7 17 18 2 17 18 2 1 2 7 1 2 7 5 30 3 0 2 4 0 2 7 1 2 7 5 31 3 0 2 7 0 40.1302337646484375
5 31 3 1 2 7 0 2 4 0 2 7 0 2 4 5 31 3 0 2 7 1 2 7 0 2 4 1 2 7 0 2 7 5 31 3 0 2 4 1 2 7 1 2 7 0 2 7 1 2 7 0 2 7 0 2 7 0 2 3 0 2 7 1 2 7 0 2 7 1 2 7 1 2 7 17 9 2 0 2 7 17 9 2 0 2 7 16 6 2 16 6 2 0 2 7 1 2 3 1 2 4 1 2 7 0 2 3 0 2 7 0 2 7 1 2 3 17 9 2 0 40.4458829164505005
5 31 3 0 2 7 0 2 7 1 2 4 0 2 7 0 2 7 1 2 7 0 2 7 16 6 2 0 2 7 1 2 4 0 2 7 1 2 7 1 2 7 0 2 7 0 2 7 6 2 7 0 2 7 0 2 7 1 2 7 1 2 7 1 2 7 1 2 7 5 31 3 17 18 2 5 31 3 5 31 3 0 2 7 0 2 7 16 6 2 0 2 4 0 2 7 1 2 7 17 9 2 1 2 4 0 2 7 17 18 2 0 2 7 0 2 7 0 2 7 0 40.4036498665809631
5 31 3 0 2 7 0 2 7 1 2 7 0 2 7 0 2 7 1 2 7 0 2 7 0 2 7 0 2 7 1 2 4 0 2 7 17 9 2 1 2 7 0 2 7 0 2 7 0 2 7 0 2 7 0 2 7 0 2 7 0 2 7 1 2 7 1 2 11 1 2 7 5 31 3 1 2 7 0 2 7 1 2 7 0 2 7 17 18 2 13 6 3 1 2 7 1 2 7 0 2 7 5 31 3 16 6 2 1 2 7 1 2 7 17 18 2 17 9 2 0 40.0670827627182007
5 31 3 0 2 7 1 2 7 0 2 7 6 2 7 5 31 3 1 2 7 1 2 7 0 2 7 1 2 7 0 2 4 1 2 7 16 6 2 0 2 7 5 31 3 0 2 7 0 2 7 0 2 7 1 2 7 0 2 7 0 2 7 0 2 7 1 2 7 0 2 7 0 2 7 0 2 7 1 2 7 0 2 4 0 2 7 17 9 2 0 2 7 0 2 4 16 6 2 1 2 7 17 18 2 17 18 2 1 2 7 1 2 7 5 31 3 0 2 4 0 40.4036498665809631
5 31 3 0 2 4 17 18 2 0 2 4 1 2 7 1 2 7 0 2 7 1 2 7 0 2 7 0 2 7 0 2 7 5 30 3 0 2 7 0 2 7 0 2 7 1 2 7 17 9 2 0 2 4 5 30 3 1 2 7 1 2 7 0 2 7 0 2 7 0 2 7 0 2 7 0 2 7 0 2 7 1 2 7 1 2 7 0 2 7 17 18 2 0 2 7 13 6 3 1 2 7 5 31 3 16 24 2 1 2 7 1 2 7 1 2 7 17 9 2 0 40.1302337646484375
5 31 3 0 2 7 17 18 2 0 2 7 1 2 4 1 2 7 1 2 7 0 2 7 0 2 7 0 2 7 1 2 4 16 6 2 5 30 3 0 2 7 0 2 7 0 2 4 1 2 7 17 9 2 1 2 7 5 30 3 1 2 7 0 2 7 0 2 7 0 2 7 0 2 7 0 2 7 1 2 3 0 2 7 0 2 7 0 2 4 1 2 7 1 2 7 0 2 7 17 18 2 0 2 7 1 2 4 17 9 2 13 6 3 1 2 7 5 31 3 0 40.148398756980896
5 31 3 0 2 7 17 18 2 0 2 4 1 2 4 1 2 7 1 2 7 0 2 7 0 2 7 0 2 7 1 2 4 5 30 3 0 2 7 0 2 7 0 2 4 1 2 3 17 9 2 1 2 7 5 30 3 1 2 7 0 2 7 0 2 4 0 2 7 0 2 7 0 2 7 0 2 7 0 2 7 1 2 7 1 2 7 0 2 7 17 18 2 0 2 7 13 6 3 1 2 7 5 31 3 16 6 2 1 2 7 1 2 7 17 18 2 0 2 7 0 40.148398756980896

Current Evaluation = 8550(8550)
Front Size = 10
0 2 7 0 2 7 1 2 7 1 2 7 1 2 7 5 31 3 1 2 7 0 2 7 0 2 7 0 2 7 1 2 7 0 2 7 0 2 7 1 2 7 17 9 2 0 2 7 1 2 7 0 2 7 1 2 7 0 2 7 0 2 7 1 2 7 0 2 7 1 2 11 0 2 7 5 31 3 0 2 7 17 18 2 13 6 3 0 2 7 0 2 7 1 2 4 0 2 7 1 2 7 16 6 2 5 31 3 17 9 2 0 2 7 1 2 7 17 9 2 0 40.0670827627182007
0 2 7 0 2 7 1 2 7 0 2 7 1 2 7 5 31 3 1 2 7 0 2 7 0 2 7 0 2 7 1 2 7 0 2 4 0 2 7 1 2 7 17 9 2 0 2 7 1 2 7 0 2 7 1 2 7 0 2 7 0 2 7 1 2 7 1 2 7 0 2 7 1 2 7 5 31 3 0 2 7 17 18 2 13 6 3 0 2 7 0 2 7 1 2 7 0 2 7 1 2 11 16 6 2 5 31 3 0 2 7 1 2 7 17 9 2 17 9 2 0 40.0670827627182007
5 31 3 1 2 7 0 2 4 0 2 7 0 2 4 5 31 3 0 2 7 1 2 7 0 2 4 1 2 7 0 2 7 5 31 3 0 2 4 1 2 7 1 2 7 0 2 7 1 2 7 0 2 7 0 2 7 0 2 3 0 2 7 1 2 7 0 2 7 1 2 7 1 2 7 17 9 2 0 2 7 17 9 2 0 2 7 16 6 2 16 6 2 0 2 7 1 2 3 1 2 4 1 2 7 0 2 3 0 2 7 0 2 7 1 2 3 17 9 2 0 40.4458829164505005
5 30 3 0 2 7 0 2 7 1 2 7 0 2 7 1 2 7 5 31 3 0 2 7 0 2 7 0 2 7 1 2 7 1 2 4 1 2 4 1 2 7 0 2 7 0 2 7 16 24 2 1 2 7 17 9 2 0 2 7 0 2 7 0 2 7 17 18 2 13 6 3 0 2 7 0 2 7 1 2 7 1 2 7 0 2 7 0 2 7 17 18 2 17 18 2 1 2 7 1 2 7 5 30 3 0 2 4 0 2 7 1 2 7 5 31 3 0 2 7 0 40.1302337646484375
5 31 3 0 2 4 17 18 2 0 2 4 1 2 7 1 2 7 0 2 7 1 2 7 0 2 7 0 2 7 0 2 7 5 30 3 0 2 7 0 2 7 0 2 7 1 2 7 17 9 2 0 2 4 5 30 3 1 2 7 1 2 7 0 2 7 0 2 7 0 2 7 0 2 7 0 2 7 0 2 7 1 2 7 1 2 7 0 2 7 17 18 2 0 2 7 13 6 3 1 2 7 5 31 3 16 24 2 1 2 7 1 2 7 1 2 7 17 9 2 0 40.1302337646484375
5 31 3 0 2 7 0 2 7 1 2 4 0 2 7 0 2 7 1 2 7 0 2 7 16 6 2 0 2 7 1 2 4 0 2 7 1 2 7 1 2 7 0 2 7 0 2 7 6 2 7 0 2 7 0 2 7 1 2 7 1 2 7 1 2 7 1 2 7 5 31 3 17 18 2 5 31 3 5 31 3 0 2 7 0 2 7 16 6 2 0 2 4 0 2 7 1 2 7 17 9 2 1 2 4 0 2 7 17 18 2 0 2 7 0 2 7 0 2 7 0 40.4036498665809631
1 2 7 0 2 7 1 2 7 0 2 7 1 2 7 5 31 3 1 2 7 0 2 7 1 2 7 0 2 7 1 2 4 0 2 7 0 2 7 1 2 7 17 9 2 16 6 2 1 2 7 0 2 7 1 2 7 0 2 7 0 2 7 0 2 7 1 2 7 0 2 7 0 2 7 5 31 3 0 2 7 17 18 2 13 6 3 1 2 7 0 2 7 1 2 11 0 2 7 1 2 7 5 31 3 0 2 7 17 9 2 0 2 7 0 2 7 17 18 2 0 40.0670827627182007
5 31 3 0 2 7 0 2 7 1 2 7 0 2 7 0 2 7 0 2 7 1 2 7 1 2 7 0 2 4 0 2 7 0 2 7 17 9 2 1 2 7 0 2 7 1 2 11 0 2 7 0 2 7 1 2 7 0 2 7 0 2 7 1 2 7 0 2 7 1 2 7 1 2 7 0 2 7 1 2 7 0 2 7 17 18 2 13 6 3 1 2 7 1 2 7 17 18 2 0 2 7 17 18 2 0 2 7 1 2 7 5 31 3 16 6 2 5 31 3 0 40.0670827627182007
5 31 3 0 2 7 0 2 7 1 2 7 0 2 7 0 2 7 0 2 7 1 2 7 1 2 7 0 2 4 0 2 7 0 2 7 17 9 2 1 2 7 0 2 7 1 2 11 0 2 7 0 2 7 1 2 7 0 2 7 0 2 7 1 2 7 0 2 7 1 2 7 1 2 7 0 2 7 1 2 7 0 2 7 17 18 2 13 6 3 1 2 7 1 2 7 0 2 7 0 2 7 1 2 7 5 31 3 16 6 2 5 31 3 17 18 2 17 9 2 0 40.0670827627182007
5 31 3 0 2 7 17 18 2 0 2 7 1 2 7 1 2 7 0 2 7 0 2 7 0 2 7 5 30 3 0 2 7 0 2 7 0 2 4 1 2 7 17 9 2 1 2 7 5 30 3 1 2 7 0 2 7 0 2 7 0 2 7 0 2 7 0 2 7 0 2 7 0 2 7 0 2 4 1 2 7 1 2 7 0 2 7 17 18 2 17 9 2 13 6 3 1 2 7 5 31 3 0 2 4 1 2 4 16 6 2 1 2 3 1 2 7 1 2 4 0 40.148398756980896

Current Evaluation = 9000(9000)
Front Size = 10
1 2 7 0 2 7 1 2 7 0 2 7 1 2 4 5 31 3 1 2 7 0 2 7 1 2 7 0 2 7 0 2 7 0 2 7 1 2 7 17 9 2 16 6 2 1 2 7 0 2 7 1 2 7 0 2 7 0 2 7 0 2 7 1 2 7 0 2 7 0 2 7 5 31 3 0 2 7 17 18 2 13 6 3 1 2 7 0 2 7 1 2 7 0 2 7 1 2 11 5 31 3 0 2 7 17 9 2 0 2 7 17 18 2 0 2 7 1 2 7 0 40.0670827627182007
0 2 7 0 2 7 17 18 2 1 2 7 1 2 7 0 2 7 1 2 7 0 2 7 0 2 7 1 2 7 0 2 7 0 2 7 0 2 7 1 2 7 17 9 2 1 2 7 1 2 7 0 2 7 0 2 7 0 2 7 0 2 7 0 2 7 0 2 7 1 2 7 0 2 7 17 18 2 13 6 3 1 2 11 5 31 3 1 2 7 1 2 7 5 31 3 0 2 7 5 31 3 16 6 2 0 2 7 1 2 7 0 2 4 17 9 2 1 2 7 0 40.0670827627182007
5 30 3 0 2 7 0 2 7 1 2 7 0 2 7 1 2 7 5 31 3 0 2 7 0 2 7 0 2 7 1 2 7 1 2 4 1 2 4 1 2 7 0 2 7 0 2 7 16 24 2 1 2 7 17 9 2 0 2 7 0 2 7 0 2 7 17 18 2 13 6 3 0 2 7 0 2 7 1 2 7 1 2 7 0 2 7 0 2 7 17 18 2 17 18 2 1 2 7 1 2 7 5 30 3 0 2 4 0 2 7 1 2 7 5 31 3 0 2 7 0 40.1302337646484375
5 31 3 0 2 7 0 2 7 0 2 7 0 2 7 1 2 7 0 2 7 16 6 2 0 2 7 0 2 7 1 2 7 1 2 7 0 2 7 0 2 7 0 2 7 0 2 7 1 2 7 1 2 7 1 2 7 1 2 7 5 31 3 17 18 2 5 31 3 0 2 7 0 2 7 0 2 7 1 2 7 17 9 2 1 2 7 17 18 2 0 2 7 0 2 7 0 2 7 0 2 7 1 2 7 13 6 3 1 2 4 1 2 7 1 2 11 17 18 2 0 40.0670827627182007
5 31 3 1 2 7 0 2 4 0 2 7 0 2 4 5 31 3 0 2 7 1 2 7 0 2 4 1 2 7 0 2 7 5 31 3 0 2 4 1 2 7 1 2 7 0 2 7 1 2 7 0 2 7 0 2 7 0 2 3 0 2 7 1 2 7 0 2 7 1 2 7 1 2 7 17 9 2 0 2 7 17 9 2 0 2 7 16 6 2 16 6 2 0 2 7 1 2 3 1 2 4 1 2 7 0 2 3 0 2 7 0 2 7 1 2 3 17 9 2 0 40.4458829164505005
5 31 3 0 2 4 17 18 2 0 2 4 1 2 7 1 2 7 0 2 7 1 2 7 0 2 7 0 2 7 0 2 7 5 30 3 0 2 7 0 2 7 0 2 7 1 2 7 17 9 2 0 2 4 5 30 3 1 2 7 1 2 7 0 2 7 0 2 7 0 2 7 0 2 7 0 2 7 0 2 7 1 2 7 1 2 7 0 2 7 17 18 2 0 2 7 13 6 3 1 2 7 5 31 3 16 24 2 1 2 7 1 2 7 1 2 7 17 9 2 0 40.1302337646484375
1 2 7 0 2 7 17 18 2 1 2 7 1 2 7 0 2 7 1 2 7 0 2 7 0 2 7 0 2 7 0 2 7 0 2 7 0 2 7 1 2 7 17 1 2 1 2 7 1 2 7 0 2 3 0 2 7 0 2 7 0 2 7 0 2 7 0 2 7 1 2 7 1 2 7 0 2 7 17 18 2 1 2 7 5 31 3 5 31 3 0 2 7 5 31 3 16 6 2 0 2 7 0 2 7 0 2 7 1 2 7 1 2 7 1 2 7 17 18 2 0 40.307377815246582
5 31 3 0 2 7 0 2 7 0 2 7 0 2 7 1 2 7 0 2 7 16 6 2 0 2 7 0 2 4 1 2 7 1 2 7 0 2 7 0 2 7 0 2 7 0 2 7 1 2 7 1 2 7 1 2 7 1 2 7 5 31 3 17 18 2 5 31 3 0 2 7 0 2 7 0 2 4 0 2 7 1 2 7 17 9 2 1 2 7 17 18 2 0 2 7 1 2 4 1 2 4 6 2 7 5 31 3 16 6 2 0 2 7 0 2 7 0 2 7 0 40.4036498665809631
1 2 7 0 2 7 17 18 2 1 2 7 1 2 7 0 2 7 1 2 7 0 2 7 0 2 7 0 2 7 0 2 7 0 2 7 0 2 7 1 2 7 17 9 2 1 2 7 1 2 7 0 2 7 0 2 7 0 2 7 0 2 7 0 2 7 0 2 7 1 2 7 1 2 7 0 2 7 17 18 2 0 2 11 13 6 3 1 2 7 5 31 3 1 2 7 1 2 7 1 2 7 17 18 2 5 31 3 0 2 7 5 31 3 16 6 2 0 2 4 0 40.0670828819274902
0 2 7 0 2 7 1 2 7 0 2 7 0 2 7 0 2 7 0 2 7 16 6 2 1 2 7 0 2 7 1 2 7 1 2 7 0 2 7 1 2 7 0 2 7 0 2 7 1 2 7 1 2 7 1 2 3 1 2 7 5 31 3 17 18 2 5 31 3 0 2 7 0 2 7 0 2 7 1 2 7 17 1 2 1 2 7 17 18 2 0 2 7 0 2 7 0 2 7 17 18 2 1 2 7 0 2 7 0 2 7 5 31 3 1 2 7 0 2 7 0 40.307377815246582

MonoObjective Genetic Algorithm
Number of Evaluations = 0
Mutation Probability = 0
Crossover Probability = 1
Population Size = 10
Survival Selection Type = 16

Time =  9007.42133903503418

Current Evaluation = 2200
Front Size = 10
1 2 7 0 2 7 1 2 7 0 2 7 1 2 4 5 31 3 1 2 7 0 2 7 1 2 7 0 2 7 0 2 7 0 2 7 1 2 7 17 9 2 16 6 2 1 2 7 0 2 7 1 2 7 0 2 7 0 2 7 0 2 7 1 2 7 0 2 7 0 2 7 5 31 3 0 2 7 17 18 2 13 6 3 1 2 7 0 2 7 1 2 7 0 2 7 1 2 11 5 31 3 0 2 7 17 9 2 0 2 7 17 18 2 0 2 7 1 2 7 0 40.0670827627182007
0 2 7 0 2 7 17 18 2 1 2 7 1 2 7 0 2 7 1 2 7 0 2 7 0 2 7 1 2 7 0 2 7 0 2 7 0 2 7 1 2 7 17 9 2 1 2 7 1 2 7 0 2 7 0 2 7 0 2 7 0 2 7 0 2 7 0 2 7 1 2 7 0 2 7 17 18 2 13 6 3 1 2 11 5 31 3 1 2 7 1 2 7 5 31 3 0 2 7 5 31 3 16 6 2 0 2 7 1 2 7 0 2 4 17 9 2 1 2 7 0 40.0670827627182007
5 30 3 0 2 7 0 2 7 1 2 7 0 2 7 1 2 7 5 31 3 0 2 7 0 2 7 0 2 7 1 2 7 1 2 4 1 2 4 1 2 7 0 2 7 0 2 7 16 24 2 1 2 7 17 9 2 0 2 7 0 2 7 0 2 7 17 18 2 13 6 3 0 2 7 0 2 7 1 2 7 1 2 7 0 2 7 0 2 7 17 18 2 17 18 2 1 2 7 1 2 7 5 30 3 0 2 4 0 2 7 1 2 7 5 31 3 0 2 7 0 40.1302337646484375
5 31 3 0 2 7 0 2 7 0 2 7 0 2 7 1 2 7 0 2 7 16 6 2 0 2 7 0 2 7 1 2 7 1 2 7 0 2 7 0 2 7 0 2 7 0 2 7 1 2 7 1 2 7 1 2 7 1 2 7 5 31 3 17 18 2 5 31 3 0 2 7 0 2 7 0 2 7 1 2 7 17 9 2 1 2 7 17 18 2 0 2 7 0 2 7 0 2 7 0 2 7 1 2 7 13 6 3 1 2 4 1 2 7 1 2 11 17 18 2 0 40.0670827627182007
5 31 3 1 2 7 0 2 4 0 2 7 0 2 4 5 31 3 0 2 7 1 2 7 0 2 4 1 2 7 0 2 7 5 31 3 0 2 4 1 2 7 1 2 7 0 2 7 1 2 7 0 2 7 0 2 7 0 2 3 0 2 7 1 2 7 0 2 7 1 2 7 1 2 7 17 9 2 0 2 7 17 9 2 0 2 7 16 6 2 16 6 2 0 2 7 1 2 3 1 2 4 1 2 7 0 2 3 0 2 7 0 2 7 1 2 3 17 9 2 0 40.4458829164505005
5 31 3 0 2 4 17 18 2 0 2 4 1 2 7 1 2 7 0 2 7 1 2 7 0 2 7 0 2 7 0 2 7 5 30 3 0 2 7 0 2 7 0 2 7 1 2 7 17 9 2 0 2 4 5 30 3 1 2 7 1 2 7 0 2 7 0 2 7 0 2 7 0 2 7 0 2 7 0 2 7 1 2 7 1 2 7 0 2 7 17 18 2 0 2 7 13 6 3 1 2 7 5 31 3 16 24 2 1 2 7 1 2 7 1 2 7 17 9 2 0 40.1302337646484375
1 2 7 0 2 7 17 18 2 1 2 7 1 2 7 0 2 7 1 2 7 0 2 7 0 2 7 0 2 7 0 2 7 0 2 7 0 2 7 1 2 7 17 1 2 1 2 7 1 2 7 0 2 3 0 2 7 0 2 7 0 2 7 0 2 7 0 2 7 1 2 7 1 2 7 0 2 7 17 18 2 1 2 7 5 31 3 5 31 3 0 2 7 5 31 3 16 6 2 0 2 7 0 2 7 0 2 7 1 2 7 1 2 7 1 2 7 17 18 2 0 40.307377815246582
5 31 3 0 2 7 0 2 7 0 2 7 0 2 7 1 2 7 0 2 7 16 6 2 0 2 7 0 2 4 1 2 7 1 2 7 0 2 7 0 2 7 0 2 7 0 2 7 1 2 7 1 2 7 1 2 7 1 2 7 5 31 3 17 18 2 5 31 3 0 2 7 0 2 7 0 2 4 0 2 7 1 2 7 17 9 2 1 2 7 17 18 2 0 2 7 1 2 4 1 2 4 6 2 7 5 31 3 16 6 2 0 2 7 0 2 7 0 2 7 0 40.4036498665809631
1 2 7 0 2 7 17 18 2 1 2 7 1 2 7 0 2 7 1 2 7 0 2 7 0 2 7 0 2 7 0 2 7 0 2 7 0 2 7 1 2 7 17 9 2 1 2 7 1 2 7 0 2 7 0 2 7 0 2 7 0 2 7 0 2 7 0 2 7 1 2 7 1 2 7 0 2 7 17 18 2 0 2 11 13 6 3 1 2 7 5 31 3 1 2 7 1 2 7 1 2 7 17 18 2 5 31 3 0 2 7 5 31 3 16 6 2 0 2 4 0 40.0670828819274902
0 2 7 0 2 7 1 2 7 0 2 7 0 2 7 0 2 7 0 2 7 16 6 2 1 2 7 0 2 7 1 2 7 1 2 7 0 2 7 1 2 7 0 2 7 0 2 7 1 2 7 1 2 7 1 2 3 1 2 7 5 31 3 17 18 2 5 31 3 0 2 7 0 2 7 0 2 7 1 2 7 17 1 2 1 2 7 17 18 2 0 2 7 0 2 7 0 2 7 17 18 2 1 2 7 0 2 7 0 2 7 5 31 3 1 2 7 0 2 7 0 40.307377815246582

