Current Evaluation = 450(450)
Front Size = 10
0 2 7 1 2 7 1 2 7 5 30 3 0 2 7 5 30 3 0 2 7 5 31 3 12 16 2 0 2 7 0 2 7 0 2 7 5 31 3 17 9 2 1 2 7 0 2 7 17 18 2 0 2 7 0 2 7 0 2 7 1 2 7 1 2 7 0 2 7 1 2 7 0 2 7 0 2 7 1 2 7 0 2 7 1 2 7 0 2 7 0 2 7 0 2 4 5 31 3 13 6 3 0 2 7 1 2 7 16 6 2 17 18 2 16 20 12 0 2 7 0 40.6680096387863159
0 2 7 0 2 7 6 2 7 8 18 2 5 30 3 1 2 11 0 2 7 1 2 11 0 2 7 1 2 11 0 2 7 0 2 7 1 2 11 0 2 11 0 2 11 16 19 11 5 30 3 0 2 11 0 2 7 17 9 2 0 2 7 5 30 3 0 2 7 1 2 11 17 18 2 6 2 11 0 2 11 6 2 7 8 18 2 0 2 11 0 2 11 0 2 11 5 30 3 17 9 2 12 16 2 0 2 7 0 2 7 5 30 3 0 2 11 5 30 3 0 43.0195118188858032
8 18 2 12 16 2 5 30 3 1 2 7 5 30 3 0 2 4 0 2 7 0 2 7 0 2 7 8 18 2 1 2 7 5 30 3 0 2 7 16 19 11 0 2 7 1 2 7 0 2 3 5 30 3 16 15 2 0 2 7 12 16 2 17 9 2 17 9 2 0 2 10 1 2 7 1 2 7 1 2 3 0 2 4 0 2 7 0 2 7 8 9 2 12 16 2 0 2 7 0 2 4 6 2 10 0 2 7 0 2 7 0 2 7 12 16 2 0 2 7 0 42.0453873872756958
0 2 7 0 2 7 16 19 12 0 2 3 0 2 3 1 2 3 5 30 3 0 2 3 5 30 3 0 2 3 0 2 3 0 2 3 0 2 12 5 30 3 0 2 7 5 30 3 1 2 7 0 2 7 0 2 7 0 2 12 5 30 3 5 31 3 0 2 3 16 18 8 0 2 7 0 2 7 16 19 11 16 19 12 0 2 3 12 16 2 16 19 12 0 2 3 1 2 3 0 2 7 1 2 3 0 2 3 0 2 3 0 2 7 0 2 3 0 2 3 2.15778116205353711e-06 44.3440637588500977
8 18 2 1 2 8 12 16 2 0 2 3 5 30 3 0 2 7 8 9 2 0 2 8 5 30 3 8 9 2 12 16 2 17 18 2 0 2 7 16 19 12 0 2 3 0 2 7 0 2 3 1 2 7 6 2 8 0 2 7 8 18 2 5 30 3 5 30 3 0 2 8 0 2 7 0 2 12 0 2 8 16 19 11 0 2 8 0 2 8 12 16 2 0 2 8 1 2 3 0 2 7 0 2 3 12 16 2 0 2 7 0 2 7 16 15 2 5 30 3 0 44.2749989032745361
16 19 12 0 2 8 0 2 8 8 18 2 0 2 8 0 2 8 16 6 2 5 30 3 8 9 2 8 9 2 0 2 8 5 30 3 1 2 8 0 2 8 0 2 8 0 2 8 0 2 8 5 30 3 0 2 8 0 2 8 8 18 2 0 2 8 0 2 8 16 19 12 1 2 8 5 30 3 16 19 12 1 2 8 5 30 3 8 18 2 5 30 3 16 19 12 12 16 2 0 2 8 0 2 8 0 2 8 0 2 8 0 2 8 0 2 8 0 2 8 0.00113626924161326702 45.988785982131958
0 2 8 0 2 8 0 2 8 6 2 11 0 2 7 0 2 8 5 31 3 0 2 8 0 2 8 0 2 11 0 2 11 0 2 7 12 16 2 5 30 3 0 2 12 5 30 3 5 30 3 0 2 8 0 2 11 0 2 11 5 31 3 5 30 3 0 2 8 0 2 11 0 2 7 0 2 8 16 19 11 16 19 11 0 2 7 16 19 11 0 2 8 0 2 7 0 2 11 0 2 7 0 2 7 17 18 2 5 30 3 0 2 8 16 19 11 0 2 8 0 45.495309591293335
0 2 8 16 19 12 0 2 3 8 18 2 1 2 8 8 9 2 0 2 3 0 2 8 16 19 12 16 19 12 1 2 3 0 2 3 5 30 3 0 2 8 0 2 3 0 2 7 12 16 2 16 19 12 0 2 8 0 2 3 0 2 8 16 9 8 5 30 3 0 2 3 5 30 3 0 2 3 1 2 3 1 2 3 5 30 3 0 2 3 0 2 8 0 2 7 0 2 3 0 2 8 5 30 3 5 30 3 0 2 7 0 2 8 0 2 8 0 2 8 0.000168878742649848347 45.4338914155960083
0 2 7 0 2 7 0 2 7 0 2 7 5 31 3 0 2 7 0 2 7 5 30 3 1 2 7 0 2 7 1 2 7 5 30 3 0 2 7 5 30 3 0 2 7 12 16 2 0 2 7 0 2 7 0 2 7 17 18 2 8 18 2 0 2 7 1 2 7 0 2 8 0 2 13 0 2 7 6 2 7 0 2 8 16 19 11 5 31 3 0 2 13 1 2 8 0 2 11 5 30 3 16 19 11 1 2 8 0 2 3 16 6 2 16 19 13 16 6 2 0.0303453165663888393 42.7281646132469177
0 2 7 0 2 7 0 2 3 17 18 2 12 16 2 1 2 3 1 2 3 8 18 2 0 2 7 1 2 3 0 2 7 1 2 7 16 19 12 5 30 3 0 2 7 1 2 3 0 2 7 5 31 3 0 2 7 5 30 3 12 16 2 5 30 3 16 19 12 1 2 7 0 2 7 0 2 7 8 9 2 0 2 7 0 2 7 5 30 3 16 6 2 0 2 7 0 2 7 0 2 7 0 2 7 1 2 7 0 2 3 0 2 7 0 2 7 0 2 7 0 42.4092866182327271

Current Evaluation = 900(900)
Front Size = 10
12 16 2 0 2 7 1 2 7 1 2 4 12 16 2 17 9 2 1 2 7 0 2 4 0 2 7 5 30 3 5 30 3 17 9 2 8 9 2 0 2 10 1 2 7 1 2 7 17 9 2 0 2 4 0 2 7 17 9 2 13 6 3 1 2 7 12 16 2 5 31 3 1 2 7 0 2 4 0 2 7 0 2 4 0 2 7 0 2 7 0 2 4 0 2 4 1 2 7 1 2 7 0 2 7 1 2 7 1 2 7 0 2 7 0 2 7 0 2 7 0 40.6450196504592896
17 18 2 12 16 2 5 30 3 0 2 7 0 2 7 0 2 7 0 2 7 0 2 7 8 1 2 0 2 7 0 2 1 17 9 2 17 9 2 5 30 3 0 2 7 0 2 7 0 2 7 8 18 2 1 2 7 1 2 11 0 2 7 5 30 3 1 2 10 5 30 3 12 16 2 16 6 2 12 16 2 0 2 7 6 2 7 5 30 3 8 9 2 12 16 2 0 2 7 0 2 7 0 2 7 0 2 7 0 2 7 0 2 7 1 2 11 1 2 7 0 42.0596871972084045
0 2 8 0 2 8 0 2 8 6 2 11 0 2 7 0 2 8 5 31 3 0 2 8 0 2 8 0 2 11 0 2 11 0 2 7 12 16 2 5 30 3 0 2 12 5 30 3 5 30 3 0 2 8 0 2 11 0 2 11 5 31 3 5 30 3 0 2 8 0 2 11 0 2 7 0 2 8 16 19 11 16 19 11 0 2 7 16 19 11 0 2 8 0 2 7 0 2 11 0 2 7 0 2 7 17 18 2 5 30 3 0 2 8 16 19 11 0 2 8 0 45.495309591293335
1 2 7 1 2 7 1 2 7 1 2 3 0 2 7 0 2 7 0 2 7 0 2 7 12 16 2 5 30 3 0 2 7 5 31 3 0 2 7 5 31 3 0 2 7 5 31 3 0 2 7 0 2 7 5 30 3 0 2 7 0 2 7 16 19 11 0 2 4 0 2 7 1 2 7 0 2 7 1 2 4 0 2 3 0 2 7 16 19 11 0 2 7 1 2 7 1 2 7 6 2 7 0 2 7 0 2 7 17 18 2 0 2 7 16 20 12 17 9 2 0 41.7144026160240173
0 2 3 0 2 7 1 2 3 0 2 7 1 2 3 0 2 3 0 2 8 0 2 3 12 16 2 0 2 3 5 30 3 5 30 3 0 2 3 5 30 3 0 2 8 0 2 7 0 2 7 0 2 7 0 2 3 0 2 3 5 30 3 0 2 7 16 19 12 0 2 3 0 2 7 8 18 2 5 30 3 0 2 3 0 2 3 16 19 12 0 2 8 16 19 12 1 2 7 0 2 3 0 2 7 16 19 11 5 30 3 16 19 12 1 2 3 0 2 3 5.03516347074614574e-06 44.4870709180831909
0 2 7 0 2 7 6 2 7 8 18 2 5 30 3 1 2 11 0 2 7 1 2 11 0 2 7 1 2 11 0 2 7 0 2 7 1 2 11 0 2 11 0 2 11 16 19 11 5 30 3 0 2 11 0 2 7 17 9 2 0 2 7 5 30 3 0 2 7 1 2 11 17 18 2 6 2 11 0 2 11 6 2 7 8 18 2 0 2 11 0 2 11 0 2 11 5 30 3 17 9 2 12 16 2 0 2 7 0 2 7 5 30 3 0 2 11 5 30 3 0 43.0195118188858032
16 19 12 0 2 8 0 2 8 8 18 2 0 2 8 0 2 8 16 6 2 5 30 3 8 9 2 8 9 2 0 2 8 5 30 3 1 2 8 0 2 8 0 2 8 0 2 8 0 2 8 5 30 3 0 2 8 0 2 8 8 18 2 0 2 8 0 2 8 16 19 12 1 2 8 5 30 3 16 19 12 1 2 8 5 30 3 8 18 2 5 30 3 16 19 12 12 16 2 0 2 8 0 2 8 0 2 8 0 2 8 0 2 8 0 2 8 0 2 8 0.00113626924161326702 45.988785982131958
12 16 2 5 30 3 0 2 7 8 9 2 5 30 3 8 9 2 12 16 2 0 2 7 0 2 7 1 2 7 0 2 7 0 2 7 12 16 2 0 2 7 12 16 2 0 2 7 0 2 7 16 15 2 1 2 4 1 2 8 0 2 3 0 2 8 17 18 2 16 19 12 0 2 3 0 2 3 1 2 7 8 18 2 5 30 3 5 30 3 0 2 8 0 2 12 8 9 2 5 31 3 0 2 7 0 2 8 0 2 8 1 2 7 0 2 3 5 30 3 0.0257346579724617788 43.8769698143005371
1 2 3 5 30 3 0 2 3 0 2 7 5 30 3 0 2 7 0 2 7 12 16 2 5 30 3 0 2 7 0 2 7 0 2 7 0 2 7 1 2 7 0 2 7 0 2 7 0 2 7 0 2 7 5 30 3 0 2 3 17 9 2 1 2 7 0 2 4 15 2 11 1 2 7 0 2 10 16 19 11 17 9 2 0 2 6 17 1 2 12 16 2 12 16 2 17 18 2 0 2 3 0 2 10 0 2 4 5 30 3 16 19 11 1 2 7 0 2 4 0.0634232936864382174 42.3692373037338257
1 2 7 8 18 2 17 9 2 5 30 3 1 2 7 12 16 2 0 2 7 0 2 7 0 2 7 0 2 3 0 2 3 0 2 7 12 16 2 1 2 7 0 2 7 0 2 7 12 16 2 16 6 2 0 2 7 17 9 2 5 31 3 5 30 3 0 2 3 0 2 7 12 16 2 1 2 7 0 2 7 8 1 2 0 2 7 0 2 7 0 2 4 1 2 7 0 2 3 0 2 7 16 6 2 6 2 3 1 2 7 0 2 3 5 30 3 1 2 7 0 41.7029753923416138

Current Evaluation = 1350(1350)
Front Size = 10
12 16 2 0 2 7 1 2 7 1 2 4 1 2 3 17 9 2 1 2 7 0 2 7 0 2 7 5 30 3 5 30 3 17 9 2 8 9 2 0 2 7 1 2 7 1 2 7 17 9 2 0 2 7 0 2 7 17 9 2 13 6 3 1 2 3 1 2 7 5 31 3 1 2 4 0 2 7 0 2 7 0 2 7 0 2 7 0 2 7 0 2 4 0 2 7 1 2 7 1 2 7 0 2 7 1 2 7 1 2 7 0 2 7 0 2 7 0 2 7 0 40.4343197345733643
0 2 7 0 2 7 5 31 3 1 2 7 1 2 7 0 2 7 0 2 7 0 2 7 0 2 7 16 19 11 5 31 3 0 2 7 1 2 7 5 31 3 17 18 2 0 2 7 0 2 7 0 2 7 0 2 7 0 2 7 12 16 2 5 30 3 0 2 7 16 6 2 0 2 7 0 2 7 6 2 7 0 2 7 17 18 2 6 2 7 0 2 7 5 31 3 6 2 7 0 2 7 1 2 7 16 19 11 0 2 7 0 2 7 1 2 7 5 30 3 0 41.7754365801811218
0 2 8 0 2 8 0 2 8 6 2 11 0 2 7 0 2 8 5 31 3 0 2 8 0 2 8 0 2 11 0 2 11 0 2 7 12 16 2 5 30 3 0 2 12 5 30 3 5 30 3 0 2 8 0 2 11 0 2 11 5 31 3 5 30 3 0 2 8 0 2 11 0 2 7 0 2 8 16 19 11 16 19 11 0 2 7 16 19 11 0 2 8 0 2 7 0 2 11 0 2 7 0 2 7 17 18 2 5 30 3 0 2 8 16 19 11 0 2 8 0 45.495309591293335
16 19 12 0 2 3 0 2 7 1 2 3 0 2 3 5 30 3 5 30 3 0 2 3 16 19 12 5 30 3 16 19 12 5 30 3 5 30 3 16 9 12 12 16 2 0 2 3 0 2 3 0 2 12 0 2 3 0 2 3 0 2 3 0 2 3 0 2 7 0 2 3 0 2 7 16 19 11 0 2 3 5 31 3 1 2 7 0 2 7 1 2 3 0 2 3 0 2 7 1 2 8 0 2 3 0 2 3 0 2 7 0 2 7 0 2 7 0 2 7 2.15778116205353711e-06 44.3440637588500977
16 19 12 0 2 8 0 2 8 8 18 2 0 2 8 0 2 8 16 6 2 5 30 3 8 9 2 8 9 2 0 2 8 5 30 3 1 2 8 0 2 8 0 2 8 0 2 8 0 2 8 5 30 3 0 2 8 0 2 8 8 18 2 0 2 8 0 2 8 16 19 12 1 2 8 5 30 3 16 19 12 1 2 8 5 30 3 8 18 2 5 30 3 16 19 12 12 16 2 0 2 8 0 2 8 0 2 8 0 2 8 0 2 8 0 2 8 0 2 8 0.00113626924161326702 45.988785982131958
0 2 7 0 2 7 6 2 7 8 18 2 5 30 3 1 2 11 0 2 7 1 2 11 0 2 7 1 2 11 0 2 7 0 2 7 1 2 11 0 2 11 0 2 11 16 19 11 5 30 3 0 2 11 0 2 7 17 9 2 0 2 7 5 30 3 0 2 7 1 2 11 17 18 2 6 2 11 0 2 11 6 2 7 8 18 2 0 2 11 0 2 11 0 2 11 5 30 3 17 9 2 12 16 2 0 2 7 0 2 7 5 30 3 0 2 11 5 30 3 0 43.0195118188858032
12 16 2 5 30 3 5 30 3 8 9 2 0 2 7 1 2 7 1 2 4 12 16 2 1 2 8 1 2 7 0 2 8 0 2 8 16 6 2 0 2 4 1 2 7 0 2 8 17 9 2 0 2 8 0 2 7 0 2 8 13 6 3 1 2 7 1 2 7 5 31 3 0 2 8 0 2 7 0 2 8 0 2 8 0 2 7 0 2 8 5 30 3 8 18 2 0 2 8 8 18 2 0 2 8 1 2 7 0 2 8 0 2 7 0 2 8 0 2 8 0.00339502676185401151 43.3663426637649536
0 2 7 0 2 7 12 16 2 5 30 3 5 30 3 0 2 7 0 2 7 0 2 7 0 2 7 0 2 7 1 2 7 0 2 7 0 2 3 0 2 10 0 2 4 0 2 3 1 2 7 0 2 3 13 6 3 0 2 3 5 30 3 0 2 4 1 2 4 0 2 3 1 2 7 16 19 12 17 9 2 8 18 2 5 30 3 12 16 2 0 2 3 16 19 12 1 2 7 0 2 4 0 2 3 0 2 4 17 9 2 16 19 12 1 2 3 1 2 7 0.00146236028414652944 42.1336177587509155
12 16 2 5 30 3 0 2 7 8 9 2 5 30 3 8 9 2 12 16 2 0 2 7 0 2 7 1 2 7 0 2 7 0 2 7 12 16 2 0 2 7 12 16 2 0 2 7 0 2 7 16 15 2 1 2 4 1 2 8 0 2 3 0 2 8 17 18 2 16 19 12 0 2 3 0 2 3 1 2 7 8 18 2 5 30 3 5 30 3 0 2 8 0 2 12 8 9 2 5 31 3 0 2 7 0 2 8 0 2 8 1 2 7 0 2 3 5 30 3 0.0257346579724617788 43.8769698143005371
1 2 3 1 2 7 12 16 2 5 30 3 5 30 3 0 2 7 0 2 12 0 2 3 0 2 7 1 2 7 1 2 7 0 2 12 0 2 3 5 30 3 8 9 2 0 2 3 1 2 7 17 9 2 1 2 3 17 9 2 1 2 3 0 2 7 0 2 3 0 2 7 1 2 8 0 2 3 0 2 7 5 31 3 0 2 7 0 2 7 16 19 11 8 18 2 0 2 3 5 30 3 0 2 7 16 18 8 0 2 7 0 2 7 0 2 7 1 2 3 0 43.0375427007675171

Current Evaluation = 1800(1800)
Front Size = 10
5 31 3 0 2 7 1 2 7 1 2 4 1 2 7 1 2 7 1 2 7 0 2 7 0 2 7 5 31 3 5 30 3 17 9 2 17 9 2 0 2 7 1 2 7 6 2 7 17 9 2 0 2 7 0 2 7 17 9 2 13 6 3 1 2 4 0 2 7 5 30 3 1 2 7 0 2 7 0 2 7 0 2 7 0 2 7 0 2 7 0 2 7 0 2 7 1 2 7 1 2 7 0 2 7 1 2 7 1 2 7 0 2 7 0 2 7 0 2 7 0 40.3204837441444397
0 2 7 0 2 7 6 2 7 8 18 2 5 30 3 1 2 11 0 2 7 1 2 11 0 2 7 1 2 11 0 2 7 0 2 7 1 2 11 0 2 11 0 2 11 16 19 11 5 30 3 0 2 11 0 2 7 17 9 2 0 2 7 5 30 3 0 2 7 1 2 11 17 18 2 6 2 11 0 2 11 6 2 7 8 18 2 0 2 11 0 2 11 0 2 11 5 30 3 17 9 2 12 16 2 0 2 7 0 2 7 5 30 3 0 2 11 5 30 3 0 43.0195118188858032
0 2 7 1 2 7 5 30 3 0 2 3 1 2 7 1 2 3 12 16 2 0 2 7 0 2 7 5 30 3 0 2 3 0 2 7 0 2 7 5 30 3 0 2 3 5 30 3 12 16 2 0 2 3 12 16 2 0 2 7 1 2 7 16 19 11 8 18 2 1 2 3 0 2 7 17 18 2 0 2 3 13 6 3 8 18 2 0 2 7 16 6 2 0 2 7 1 2 3 12 16 2 16 6 2 0 2 7 1 2 7 0 2 7 0 2 3 0 2 7 0 41.959119439125061
12 16 2 5 31 3 6 2 7 5 30 3 0 2 4 2 3 3 0 2 7 0 2 7 0 2 7 6 2 7 1 2 7 0 2 7 17 18 2 0 2 7 8 18 2 0 2 11 6 2 7 0 2 7 0 2 7 12 16 2 12 16 2 12 16 2 16 6 2 16 24 2 6 2 7 6 2 11 0 2 7 13 6 3 12 16 2 0 2 10 0 2 7 0 2 7 5 30 3 0 2 11 6 2 7 12 16 2 5 30 3 5 31 3 0 2 7 17 18 2 0 41.9132247567176819
16 19 12 0 2 8 0 2 8 8 18 2 0 2 8 0 2 8 16 6 2 5 30 3 8 9 2 8 9 2 0 2 8 5 30 3 1 2 8 0 2 8 0 2 8 0 2 8 0 2 8 5 30 3 0 2 8 0 2 8 8 18 2 0 2 8 0 2 8 16 19 12 1 2 8 5 30 3 16 19 12 1 2 8 5 30 3 8 18 2 5 30 3 16 19 12 12 16 2 0 2 8 0 2 8 0 2 8 0 2 8 0 2 8 0 2 8 0 2 8 0.00113626924161326702 45.988785982131958
0 2 8 0 2 8 0 2 8 6 2 11 0 2 7 0 2 8 5 31 3 0 2 8 0 2 8 0 2 11 0 2 11 0 2 7 12 16 2 5 30 3 0 2 12 5 30 3 5 30 3 0 2 8 0 2 11 0 2 11 5 31 3 5 30 3 0 2 8 0 2 11 0 2 7 0 2 8 16 19 11 16 19 11 0 2 7 16 19 11 0 2 8 0 2 7 0 2 11 0 2 7 0 2 7 17 18 2 5 30 3 0 2 8 16 19 11 0 2 8 0 45.495309591293335
16 19 12 0 2 3 0 2 7 1 2 3 0 2 3 5 30 3 5 30 3 0 2 3 16 19 12 5 30 3 16 19 12 5 30 3 5 30 3 16 9 12 12 16 2 0 2 3 0 2 3 0 2 12 0 2 3 0 2 3 0 2 3 0 2 3 0 2 7 0 2 3 0 2 7 16 19 11 0 2 3 5 31 3 1 2 7 0 2 7 1 2 3 0 2 3 0 2 7 1 2 8 0 2 3 0 2 3 0 2 7 0 2 7 0 2 7 0 2 7 2.15778116205353711e-06 44.3440637588500977
0 2 7 1 2 7 5 30 3 1 2 7 12 16 2 1 2 7 0 2 7 0 2 7 0 2 7 12 16 2 12 16 2 0 2 7 1 2 7 0 2 7 17 18 2 13 6 3 1 2 7 0 2 7 12 16 2 0 2 7 8 9 2 5 31 3 0 2 7 0 2 7 5 31 3 1 2 7 16 6 2 0 2 7 0 2 7 12 16 2 12 16 2 8 18 2 0 2 7 0 2 7 0 2 4 16 6 2 0 2 4 16 6 2 1 2 7 0 2 7 0 40.9587804079055786
5 30 3 0 2 7 1 2 7 1 2 7 1 2 7 1 2 11 0 2 7 0 2 7 5 30 3 8 18 2 0 2 7 0 2 7 0 2 7 0 2 7 5 30 3 0 2 7 0 2 4 0 2 1 0 2 7 0 2 11 1 2 11 0 2 7 0 2 7 0 2 11 17 18 2 0 2 7 17 9 2 1 2 7 1 2 11 12 16 2 1 2 7 0 2 7 17 9 2 8 18 2 16 19 11 12 16 2 8 18 2 1 2 7 0 2 4 5 30 3 0 42.0984455347061157
12 16 2 5 30 3 5 31 3 0 2 7 0 2 7 0 2 7 12 16 2 0 2 7 0 2 7 0 2 7 5 31 3 0 2 7 0 2 7 16 19 13 5 31 3 0 2 7 5 30 3 0 2 7 0 2 7 1 2 7 5 30 3 0 2 7 16 19 13 0 2 7 0 2 7 17 9 2 0 2 7 0 2 7 0 2 7 0 2 7 16 19 13 0 2 7 0 2 7 0 2 7 0 2 7 16 19 13 0 2 7 1 2 7 1 2 7 0 2 7 0 42.8283455371856689

Current Evaluation = 2250(2250)
Front Size = 10
1 2 7 1 2 7 0 2 7 1 2 7 1 2 7 0 2 7 1 2 7 0 2 7 0 2 7 5 31 3 5 31 3 17 9 2 17 9 2 0 2 7 16 6 2 1 2 7 17 9 2 0 2 7 1 2 11 17 9 2 13 6 3 0 2 4 0 2 7 5 31 3 1 2 7 1 2 7 1 2 7 0 2 7 0 2 7 0 2 7 0 2 7 1 2 7 1 2 7 0 2 7 0 2 7 1 2 7 0 2 7 0 2 7 0 2 7 0 2 7 0 40.0670827627182007
12 16 2 5 31 3 0 2 7 5 31 3 0 2 7 2 3 3 0 2 4 0 2 7 0 2 7 0 2 7 1 2 7 6 2 7 17 18 2 0 2 4 17 18 2 0 2 7 0 2 7 0 2 7 12 16 2 12 16 2 0 2 7 16 15 2 6 2 7 12 16 2 0 2 7 0 2 7 5 31 3 6 2 7 17 18 2 6 2 7 0 2 7 0 2 7 6 2 7 13 6 3 6 2 7 5 30 3 6 2 7 5 30 3 12 16 2 6 2 7 0 41.555830717086792
0 2 8 0 2 8 0 2 8 6 2 11 0 2 7 0 2 8 5 31 3 0 2 8 0 2 8 0 2 11 0 2 11 0 2 7 12 16 2 5 30 3 0 2 12 5 30 3 5 30 3 0 2 8 0 2 11 0 2 11 5 31 3 5 30 3 0 2 8 0 2 11 0 2 7 0 2 8 16 19 11 16 19 11 0 2 7 16 19 11 0 2 8 0 2 7 0 2 11 0 2 7 0 2 7 17 18 2 5 30 3 0 2 8 16 19 11 0 2 8 0 45.495309591293335
16 19 12 0 2 3 0 2 7 1 2 3 0 2 3 5 30 3 5 30 3 0 2 3 16 19 12 5 30 3 16 19 12 5 30 3 5 30 3 16 9 12 12 16 2 0 2 3 0 2 3 0 2 12 0 2 3 0 2 3 0 2 3 0 2 3 0 2 7 0 2 3 0 2 7 16 19 11 0 2 3 5 31 3 1 2 7 0 2 7 1 2 3 0 2 3 0 2 7 1 2 8 0 2 3 0 2 3 0 2 7 0 2 7 0 2 7 0 2 7 2.15778116205353711e-06 44.3440637588500977
1 2 11 0 2 7 0 2 7 8 18 2 5 30 3 0 2 11 0 2 3 0 2 11 1 2 7 0 2 7 0 2 3 0 2 7 0 2 7 1 2 7 0 2 10 16 19 11 5 30 3 0 2 11 0 2 7 17 9 2 0 2 7 5 30 3 0 2 11 0 2 10 17 18 2 1 2 7 1 2 4 1 2 7 8 18 2 6 2 7 0 2 7 1 2 7 0 2 7 17 9 2 12 16 2 0 2 11 0 2 7 5 30 3 1 2 7 5 30 3 0 42.2969308495521545
16 19 12 0 2 8 0 2 8 8 18 2 0 2 8 0 2 8 16 6 2 5 30 3 8 9 2 8 9 2 0 2 8 5 30 3 1 2 8 0 2 8 0 2 8 0 2 8 0 2 8 5 30 3 0 2 8 0 2 8 8 18 2 0 2 8 0 2 8 16 19 12 1 2 8 5 30 3 16 19 12 1 2 8 5 30 3 8 18 2 5 30 3 16 19 12 12 16 2 0 2 8 0 2 8 0 2 8 0 2 8 0 2 8 0 2 8 0 2 8 0.00113626924161326702 45.988785982131958
0 2 7 0 2 3 6 2 7 0 2 3 0 2 7 0 2 4 1 2 7 1 2 7 5 30 3 0 2 7 12 16 2 0 2 7 17 18 2 13 6 3 12 16 2 0 2 7 0 2 3 1 2 7 1 2 4 12 16 2 1 2 7 1 2 7 1 2 7 0 2 4 16 31 2 0 2 7 17 9 2 0 2 3 0 2 7 0 2 3 12 16 2 1 2 7 13 6 3 1 2 7 5 30 3 17 18 2 1 2 7 5 30 3 0 2 7 0 2 3 0 40.7404986023902893
1 2 8 0 2 7 0 2 7 5 30 3 0 2 8 1 2 8 0 2 7 0 2 8 5 30 3 0 2 7 0 2 7 5 31 3 0 2 11 0 2 7 12 16 2 6 2 8 1 2 7 17 18 2 0 2 8 5 31 3 0 2 7 1 2 8 0 2 7 0 2 7 16 19 11 0 2 7 17 18 2 0 2 8 1 2 7 0 2 7 13 6 3 8 9 2 5 31 3 0 2 7 0 2 7 16 6 2 5 30 3 1 2 7 0 2 7 17 18 2 0 42.6553268432617188
0 2 7 0 2 7 5 31 3 0 2 7 5 30 3 0 2 7 0 2 7 6 2 7 12 16 2 0 2 7 6 2 7 0 2 7 1 2 7 1 2 11 0 2 7 5 30 3 5 31 3 0 2 7 0 2 7 0 2 7 16 6 2 0 2 7 0 2 7 0 2 7 0 2 7 0 2 7 5 30 3 0 2 7 0 2 7 12 16 2 1 2 7 0 2 7 0 2 7 17 1 2 16 19 11 0 2 7 0 2 7 16 6 2 5 31 3 17 9 2 0 41.6497724056243896
5 30 3 0 2 7 0 2 7 0 2 4 5 30 3 5 30 3 1 2 7 0 2 7 13 6 3 0 2 7 1 2 1 1 2 11 0 2 7 0 2 7 0 2 11 0 2 7 0 2 7 17 18 2 17 18 2 12 16 2 0 2 7 1 2 7 0 2 7 0 2 7 0 2 7 1 2 4 1 2 7 0 2 7 0 2 4 1 2 7 1 2 7 5 30 3 8 9 2 8 9 2 0 2 7 12 16 2 17 18 2 17 18 2 1 2 7 1 2 4 0 41.1115906238555908

Current Evaluation = 2700(2700)
Front Size = 10
1 2 7 1 2 7 0 2 7 1 2 7 1 2 7 0 2 7 1 2 7 0 2 7 0 2 7 5 31 3 5 31 3 17 9 2 17 9 2 0 2 7 16 6 2 1 2 7 17 9 2 0 2 7 1 2 11 17 9 2 13 6 3 0 2 4 0 2 7 5 31 3 1 2 7 1 2 7 1 2 7 0 2 7 0 2 7 0 2 7 0 2 7 1 2 7 1 2 7 0 2 7 0 2 7 1 2 7 0 2 7 0 2 7 0 2 7 0 2 7 0 40.0670827627182007
12 16 2 5 31 3 0 2 7 5 31 3 0 2 7 2 3 3 0 2 4 0 2 7 0 2 7 0 2 7 1 2 7 6 2 7 17 18 2 0 2 4 17 18 2 0 2 7 0 2 7 0 2 7 12 16 2 12 16 2 0 2 7 16 15 2 6 2 7 12 16 2 0 2 7 0 2 7 5 31 3 6 2 7 17 18 2 6 2 7 0 2 7 0 2 7 6 2 7 13 6 3 6 2 7 5 30 3 6 2 7 5 30 3 12 16 2 6 2 7 0 41.555830717086792
1 2 11 0 2 7 0 2 7 8 18 2 5 30 3 0 2 11 0 2 3 0 2 11 1 2 7 0 2 7 0 2 3 0 2 7 0 2 7 1 2 7 0 2 10 16 19 11 5 30 3 0 2 11 0 2 7 17 9 2 0 2 7 5 30 3 0 2 11 0 2 10 17 18 2 1 2 7 1 2 4 1 2 7 8 18 2 6 2 7 0 2 7 1 2 7 0 2 7 17 9 2 12 16 2 0 2 11 0 2 7 5 30 3 1 2 7 5 30 3 0 42.2969308495521545
16 19 12 0 2 8 0 2 8 8 18 2 0 2 8 0 2 8 16 6 2 5 30 3 8 9 2 8 9 2 0 2 8 5 30 3 1 2 8 0 2 8 0 2 8 0 2 8 0 2 8 5 30 3 0 2 8 0 2 8 8 18 2 0 2 8 0 2 8 16 19 12 1 2 8 5 30 3 16 19 12 1 2 8 5 30 3 8 18 2 5 30 3 16 19 12 12 16 2 0 2 8 0 2 8 0 2 8 0 2 8 0 2 8 0 2 8 0 2 8 0.00113626924161326702 45.988785982131958
0 2 7 1 2 7 1 2 7 1 2 7 0 2 7 0 2 4 0 2 7 0 2 4 12 16 2 1 2 7 1 2 7 0 2 7 5 30 3 0 2 7 5 31 3 0 2 7 0 2 4 1 2 7 1 2 7 1 2 7 0 2 7 0 2 7 0 2 7 0 2 4 0 2 7 17 9 2 0 2 7 5 30 3 13 6 3 17 18 2 16 30 2 17 9 2 12 16 2 12 16 2 12 16 2 12 16 2 0 2 7 13 6 3 5 30 3 8 18 2 0 40.7475554943084717
1 2 7 0 2 7 12 16 2 5 31 3 5 30 3 5 30 3 0 2 7 0 2 7 0 2 7 0 2 7 1 2 7 17 18 2 1 2 7 0 2 7 0 2 7 0 2 7 6 2 7 0 2 7 0 2 7 6 2 7 0 2 7 5 30 3 1 2 4 16 19 11 1 2 7 17 18 2 0 2 7 0 2 7 1 2 7 0 2 7 0 2 4 0 2 7 1 2 7 5 31 3 0 2 7 0 2 7 8 18 2 0 2 7 17 18 2 1 2 11 0 41.5239765644073486
0 2 8 0 2 8 0 2 8 6 2 11 0 2 7 0 2 8 5 31 3 0 2 8 0 2 8 0 2 11 0 2 11 0 2 7 12 16 2 5 30 3 0 2 12 5 30 3 5 30 3 0 2 8 0 2 11 0 2 11 5 31 3 5 30 3 0 2 8 0 2 11 0 2 7 0 2 8 16 19 11 16 19 11 0 2 7 16 19 11 0 2 8 0 2 7 0 2 11 0 2 7 0 2 7 17 18 2 5 30 3 0 2 8 16 19 11 0 2 8 0 45.495309591293335
0 2 7 0 2 7 5 30 3 0 2 7 5 31 3 0 2 7 0 2 7 5 31 3 0 2 7 12 16 2 0 2 7 5 30 3 0 2 7 0 2 7 6 2 7 16 19 11 0 2 7 0 2 7 1 2 8 8 9 2 0 2 8 1 2 7 16 6 2 0 2 7 0 2 11 0 2 7 0 2 8 1 2 8 1 2 7 0 2 7 0 2 8 17 18 2 1 2 8 1 2 8 17 18 2 0 2 8 13 6 3 5 31 3 5 30 3 17 18 2 0 42.655326783657074
0 2 7 12 16 2 12 16 2 5 30 3 5 30 3 5 30 3 0 2 7 0 2 7 0 2 7 1 2 7 0 2 7 17 18 2 0 2 11 0 2 7 0 2 11 6 2 7 8 9 2 0 2 7 0 2 7 1 2 11 1 2 7 5 30 3 0 2 7 16 19 11 0 2 7 8 18 2 0 2 7 5 30 3 8 18 2 0 2 7 12 16 2 12 16 2 17 9 2 0 2 7 0 2 1 0 2 1 16 19 11 0 2 7 1 2 7 0 2 7 0 43.0410444140434265
0 2 7 0 2 7 12 16 2 5 30 3 5 30 3 5 30 3 0 2 7 0 2 7 0 2 7 0 2 7 0 2 7 17 18 2 1 2 7 0 2 8 0 2 4 0 2 7 1 2 7 12 16 2 0 2 8 1 2 7 0 2 7 0 2 11 0 2 12 0 2 7 0 2 11 0 2 11 5 31 3 5 30 3 1 2 7 0 2 1 0 2 8 16 19 11 16 19 11 1 2 7 8 18 2 0 2 11 1 2 7 0 2 8 16 19 11 0 2 8 9.95619770789208145e-05 43.6230360269546509

Current Evaluation = 3150(3150)
Front Size = 10
1 2 7 1 2 7 0 2 7 1 2 7 1 2 7 0 2 7 1 2 7 0 2 7 0 2 7 5 31 3 5 31 3 17 9 2 17 9 2 0 2 7 16 6 2 1 2 7 17 9 2 0 2 7 1 2 11 17 9 2 13 6 3 0 2 4 0 2 7 5 31 3 1 2 7 1 2 7 1 2 7 0 2 7 0 2 7 0 2 7 0 2 7 1 2 7 1 2 7 0 2 7 0 2 7 1 2 7 0 2 7 0 2 7 0 2 7 0 2 7 0 40.0670827627182007
0 2 8 0 2 8 0 2 8 6 2 11 0 2 7 0 2 8 5 31 3 0 2 8 0 2 8 0 2 11 0 2 11 0 2 7 12 16 2 5 30 3 0 2 12 5 30 3 5 30 3 0 2 8 0 2 11 0 2 11 5 31 3 5 30 3 0 2 8 0 2 11 0 2 7 0 2 8 16 19 11 16 19 11 0 2 7 16 19 11 0 2 8 0 2 7 0 2 11 0 2 7 0 2 7 17 18 2 5 30 3 0 2 8 16 19 11 0 2 8 0 45.495309591293335
0 2 7 6 2 11 5 30 3 0 2 7 0 2 7 0 2 4 0 2 7 12 16 2 0 2 7 0 2 7 0 2 3 0 2 3 0 2 7 0 2 7 8 9 2 1 2 7 16 6 2 5 30 3 0 2 7 1 2 7 0 2 7 17 18 2 17 18 2 13 6 3 1 2 11 5 31 3 1 2 7 1 2 7 1 2 7 1 2 7 0 2 7 0 2 7 0 2 3 1 2 7 0 2 7 1 2 7 1 2 3 1 2 3 12 16 2 17 18 2 0 40.9643716812133789
16 19 12 0 2 8 0 2 8 8 18 2 0 2 8 0 2 8 16 6 2 5 30 3 8 9 2 8 9 2 0 2 8 5 30 3 1 2 8 0 2 8 0 2 8 0 2 8 0 2 8 5 30 3 0 2 8 0 2 8 8 18 2 0 2 8 0 2 8 16 19 12 1 2 8 5 30 3 16 19 12 1 2 8 5 30 3 8 18 2 5 30 3 16 19 12 12 16 2 0 2 8 0 2 8 0 2 8 0 2 8 0 2 8 0 2 8 0 2 8 0.00113626924161326702 45.988785982131958
12 16 2 5 30 3 0 2 7 0 2 7 0 2 7 0 2 7 1 2 1 0 2 7 1 2 7 0 2 4 17 18 2 13 6 3 0 2 7 0 2 7 0 2 7 1 2 7 0 2 7 0 2 7 0 2 7 13 6 3 5 30 3 5 30 3 0 2 7 0 2 7 8 18 2 5 30 3 12 16 2 1 2 7 5 30 3 17 18 2 17 18 2 17 18 2 6 2 7 1 2 7 0 2 7 1 2 11 1 2 4 0 2 7 0 2 7 12 16 2 0 41.092384397983551
0 2 3 0 2 3 0 2 3 0 2 11 1 2 7 1 2 7 12 16 2 5 30 3 0 2 3 5 30 3 0 2 3 0 2 3 0 2 3 0 2 11 0 2 3 5 30 3 0 2 3 0 2 7 0 2 3 0 2 7 5 31 3 0 2 7 5 30 3 0 2 3 0 2 7 16 6 2 1 2 7 5 30 3 0 2 3 0 2 7 16 19 11 0 2 7 0 2 7 16 19 12 16 19 11 0 2 7 0 2 7 0 2 3 1 2 3 16 19 12 0 43.778046727180481
12 16 2 5 31 3 0 2 7 5 31 3 0 2 7 2 3 3 0 2 4 0 2 7 0 2 7 0 2 7 1 2 7 6 2 7 17 18 2 0 2 4 17 18 2 0 2 7 0 2 7 0 2 7 12 16 2 12 16 2 0 2 7 16 15 2 6 2 7 12 16 2 0 2 7 0 2 7 5 31 3 6 2 7 17 18 2 6 2 7 0 2 7 0 2 7 6 2 7 13 6 3 6 2 7 5 30 3 6 2 7 5 30 3 12 16 2 6 2 7 0 41.555830717086792
0 2 7 0 2 7 5 30 3 0 2 7 5 31 3 0 2 7 0 2 7 5 31 3 0 2 7 12 16 2 0 2 7 5 30 3 0 2 7 0 2 7 6 2 7 16 19 11 0 2 7 0 2 7 1 2 8 8 9 2 0 2 8 1 2 7 16 6 2 0 2 7 0 2 11 0 2 7 0 2 8 1 2 8 1 2 7 0 2 7 0 2 8 17 18 2 1 2 8 1 2 8 17 18 2 0 2 8 13 6 3 5 31 3 5 30 3 17 18 2 0 42.655326783657074
12 16 2 5 30 3 6 2 7 6 2 7 1 2 11 0 2 7 0 2 7 1 2 12 0 2 7 0 2 7 17 18 2 1 2 7 0 2 8 0 2 7 0 2 7 0 2 7 0 2 7 13 6 3 5 30 3 5 30 3 1 2 7 0 2 7 16 19 11 5 31 3 5 31 3 5 31 3 17 9 2 0 2 7 0 2 7 6 2 7 16 19 11 0 2 7 0 2 7 1 2 7 0 2 7 0 2 7 17 18 2 0 2 7 0 2 7 0 2 12 0 41.9965576529502869
12 16 2 5 30 3 1 2 7 0 2 7 1 2 7 0 2 7 0 2 7 0 2 7 6 2 7 0 2 7 17 18 2 0 2 7 0 2 7 0 2 4 0 2 7 1 2 7 0 2 7 0 2 7 0 2 7 13 6 3 5 30 3 5 30 3 0 2 7 0 2 7 0 2 7 5 31 3 12 16 2 1 2 7 5 31 3 17 9 2 17 9 2 0 2 10 1 2 10 0 2 7 16 30 2 0 2 11 1 2 7 1 2 7 16 6 2 1 2 7 0.000477132285106611563 40.7710186839103699

Current Evaluation = 3600(3600)
Front Size = 10
1 2 7 1 2 7 1 2 11 0 2 7 1 2 7 0 2 7 1 2 4 0 2 7 0 2 7 5 31 3 17 9 2 17 9 2 0 2 7 1 2 7 1 2 7 1 2 7 13 6 3 0 2 7 0 2 7 1 2 7 0 2 7 0 2 7 0 2 7 0 2 7 0 2 7 0 2 7 0 2 7 0 2 7 0 2 7 5 31 3 16 6 2 1 2 7 17 9 2 17 18 2 1 2 7 1 2 7 5 31 3 0 2 7 1 2 7 0 2 7 0 40.0670827627182007
12 16 2 5 31 3 0 2 7 5 31 3 0 2 7 2 3 3 0 2 4 0 2 7 0 2 7 0 2 7 1 2 7 6 2 7 17 18 2 0 2 4 17 18 2 0 2 7 0 2 7 0 2 7 12 16 2 12 16 2 0 2 7 16 15 2 6 2 7 12 16 2 0 2 7 0 2 7 5 31 3 6 2 7 17 18 2 6 2 7 0 2 7 0 2 7 6 2 7 13 6 3 6 2 7 5 30 3 6 2 7 5 30 3 12 16 2 6 2 7 0 41.555830717086792
0 2 8 0 2 8 0 2 8 6 2 11 0 2 7 0 2 8 5 31 3 0 2 8 0 2 8 0 2 11 0 2 11 0 2 7 12 16 2 5 30 3 0 2 12 5 30 3 5 30 3 0 2 8 0 2 11 0 2 11 5 31 3 5 30 3 0 2 8 0 2 11 0 2 7 0 2 8 16 19 11 16 19 11 0 2 7 16 19 11 0 2 8 0 2 7 0 2 11 0 2 7 0 2 7 17 18 2 5 30 3 0 2 8 16 19 11 0 2 8 0 45.495309591293335
0 2 7 0 2 11 0 2 7 1 2 4 0 2 3 0 2 4 5 30 3 6 2 7 1 2 7 0 2 7 0 2 7 1 2 7 0 2 7 17 18 2 17 18 2 0 2 11 5 30 3 5 30 3 0 2 7 12 16 2 17 18 2 1 2 10 17 18 2 0 2 7 8 9 2 13 6 3 1 2 7 0 2 10 0 2 11 0 2 3 1 2 7 0 2 3 0 2 7 5 30 3 1 2 7 1 2 7 5 30 3 0 2 7 0 2 7 1 2 7 0 41.4300758242607117
6 2 7 0 2 7 0 2 3 0 2 7 0 2 7 0 2 7 1 2 7 0 2 7 1 2 7 17 18 2 13 6 3 0 2 7 0 2 4 13 6 3 0 2 7 5 31 3 12 16 2 1 2 4 1 2 7 1 2 3 12 16 2 0 2 4 1 2 7 0 2 7 1 2 7 0 2 7 1 2 7 0 2 7 1 2 7 17 18 2 5 30 3 5 30 3 0 2 7 17 18 2 17 18 2 0 2 4 12 16 2 1 2 7 1 2 7 0 2 3 0 40.4413166642189026
5 30 3 1 2 7 5 30 3 0 2 7 0 2 3 1 2 7 0 2 7 6 2 7 1 2 3 0 2 7 0 2 3 0 2 7 1 2 3 0 2 7 0 2 3 5 30 3 1 2 7 0 2 7 13 6 3 16 15 2 1 2 7 0 2 7 8 18 2 0 2 3 17 18 2 12 16 2 17 9 2 5 30 3 0 2 7 0 2 7 0 2 7 0 2 3 0 2 7 1 2 3 1 2 7 9 2 7 0 2 7 17 9 2 1 2 7 0 2 7 0 41.486294686794281
12 16 2 5 30 3 0 2 7 5 30 3 1 2 4 1 2 4 0 2 7 0 2 3 0 2 3 0 2 7 0 2 3 0 2 4 1 2 7 0 2 7 0 2 7 1 2 7 12 16 2 1 2 4 1 2 7 12 16 2 1 2 4 1 2 7 0 2 3 17 18 2 12 16 2 1 2 4 0 2 4 5 31 3 16 18 11 0 2 7 17 9 2 0 2 3 0 2 7 13 6 3 1 2 3 0 2 3 0 2 7 16 18 11 12 16 2 0 2 3 0 41.8387666940689087
0 2 4 1 2 3 0 2 7 1 2 3 1 2 7 0 2 7 1 2 7 1 2 3 0 2 4 5 30 3 5 31 3 17 9 2 0 2 7 16 6 2 1 2 4 0 2 7 1 2 4 0 2 7 1 2 7 0 2 7 0 2 7 0 2 7 0 2 7 1 2 7 17 9 2 0 2 4 0 2 3 12 16 2 5 31 3 0 2 7 16 18 11 8 9 2 1 2 7 12 16 2 0 2 7 0 2 7 0 2 7 0 2 7 1 2 7 12 16 2 0 41.3571247458457947
0 2 7 0 2 7 5 30 3 0 2 7 5 31 3 0 2 7 0 2 7 5 31 3 0 2 7 12 16 2 0 2 7 5 30 3 0 2 7 0 2 7 6 2 7 16 19 11 0 2 7 0 2 7 1 2 8 8 9 2 0 2 8 1 2 7 16 6 2 0 2 7 0 2 11 0 2 7 0 2 8 1 2 8 1 2 7 0 2 7 0 2 8 17 18 2 1 2 8 1 2 8 17 18 2 0 2 8 13 6 3 5 31 3 5 30 3 17 18 2 0 42.655326783657074
0 2 7 1 2 7 0 2 7 1 2 7 1 2 7 0 2 7 0 2 7 5 31 3 5 30 3 0 2 7 0 2 7 1 2 7 0 2 4 0 2 7 1 2 7 0 2 7 1 2 7 1 2 4 0 2 7 0 2 7 0 2 7 0 2 7 5 30 3 1 2 7 5 30 3 1 2 11 12 16 2 0 2 11 17 9 2 17 18 2 17 18 2 0 2 7 0 2 7 13 6 3 17 9 2 8 18 2 0 2 7 0 2 4 1 2 4 1 2 7 0 40.7452666759490967

Current Evaluation = 4050(4050)
Front Size = 10
1 2 7 1 2 7 1 2 11 0 2 7 1 2 7 0 2 7 1 2 4 0 2 7 0 2 7 5 31 3 17 9 2 17 9 2 0 2 7 1 2 7 1 2 7 1 2 7 13 6 3 0 2 7 0 2 7 1 2 7 0 2 7 0 2 7 0 2 7 0 2 7 0 2 7 0 2 7 0 2 7 0 2 7 0 2 7 5 31 3 16 6 2 1 2 7 17 9 2 17 18 2 1 2 7 1 2 7 5 31 3 0 2 7 1 2 7 0 2 7 0 40.0670827627182007
12 16 2 5 31 3 0 2 7 5 31 3 0 2 7 2 3 3 0 2 4 0 2 7 0 2 7 0 2 7 1 2 7 6 2 7 17 18 2 0 2 4 17 18 2 0 2 7 0 2 7 0 2 7 12 16 2 12 16 2 0 2 7 16 15 2 6 2 7 12 16 2 0 2 7 0 2 7 5 31 3 6 2 7 17 18 2 6 2 7 0 2 7 0 2 7 6 2 7 13 6 3 6 2 7 5 30 3 6 2 7 5 30 3 12 16 2 6 2 7 0 41.555830717086792
1 2 7 0 2 4 0 2 7 0 2 7 0 2 4 0 2 7 1 2 7 0 2 7 0 2 7 17 18 2 13 6 3 0 2 7 1 2 7 13 6 3 0 2 7 5 31 3 12 16 2 1 2 7 1 2 7 0 2 7 12 16 2 0 2 7 1 2 7 0 2 7 1 2 7 0 2 7 1 2 7 0 2 7 1 2 7 17 18 2 5 30 3 5 30 3 1 2 7 17 18 2 17 18 2 0 2 7 12 16 2 0 2 7 1 2 7 15 2 11 0 40.3558205366134644
1 2 7 13 6 3 1 2 7 0 2 7 0 2 7 0 2 7 1 2 7 0 2 7 0 2 7 0 2 7 0 2 7 0 2 7 1 2 3 5 30 3 0 2 7 0 2 7 1 2 4 5 30 3 5 30 3 1 2 7 17 18 2 0 2 7 0 2 7 17 18 2 5 30 3 12 16 2 8 18 2 1 2 7 16 30 2 1 2 7 17 18 2 0 2 7 5 31 3 0 2 7 0 2 7 0 2 7 1 2 7 0 2 7 0 2 7 1 2 7 0 40.7280936241149902
0 2 7 0 2 7 5 30 3 0 2 7 5 31 3 0 2 7 0 2 7 5 31 3 0 2 7 12 16 2 0 2 7 5 30 3 0 2 7 0 2 7 6 2 7 16 19 11 0 2 7 0 2 7 1 2 8 8 9 2 0 2 8 1 2 7 16 6 2 0 2 7 0 2 11 0 2 7 0 2 8 1 2 8 1 2 7 0 2 7 0 2 8 17 18 2 1 2 8 1 2 8 17 18 2 0 2 8 13 6 3 5 31 3 5 30 3 17 18 2 0 42.655326783657074
12 16 2 5 31 3 0 2 10 5 30 3 1 2 7 0 2 7 1 2 7 15 2 11 6 2 4 0 2 7 0 2 7 0 2 7 1 2 4 1 2 7 12 16 2 1 2 4 12 16 2 1 2 11 17 18 2 0 2 3 5 30 3 0 2 7 1 2 4 13 6 3 1 2 4 0 2 7 17 18 2 0 2 4 1 2 7 1 2 7 0 2 7 0 2 7 17 9 2 0 2 7 17 9 2 0 2 4 0 2 7 0 2 4 0 2 7 0 2 7 0 40.8279046416282654
1 2 3 13 6 3 0 2 7 0 2 7 0 2 3 0 2 7 1 2 7 0 2 3 1 2 7 0 2 7 12 16 2 0 2 7 0 2 7 5 30 3 5 30 3 0 2 3 17 18 2 12 16 2 0 2 3 0 2 7 0 2 7 0 2 7 0 2 7 12 16 2 8 9 2 16 31 2 1 2 7 1 2 7 1 2 7 5 30 3 1 2 3 1 2 7 0 2 7 1 2 3 0 2 4 17 9 2 1 2 7 0 2 3 1 2 7 16 6 2 0 41.0680606365203857
12 16 2 5 30 3 5 30 3 5 30 3 0 2 11 0 2 7 0 2 7 0 2 7 1 2 11 1 2 4 0 2 7 0 2 7 0 2 7 12 16 2 12 16 2 0 2 11 1 2 4 0 2 7 0 2 7 5 30 3 1 2 11 17 18 2 1 2 4 1 2 3 1 2 3 8 18 2 0 2 7 13 6 3 1 2 7 1 2 7 0 2 7 0 2 7 17 18 2 16 6 2 0 2 4 0 2 7 8 9 2 17 18 2 0 2 7 0 2 7 0 41.3303495645523071
13 6 3 0 2 7 0 2 4 0 2 7 0 2 7 1 2 7 1 2 7 0 2 7 12 16 2 0 2 11 0 2 7 5 31 3 5 30 3 17 18 2 12 16 2 0 2 7 0 2 7 0 2 7 0 2 7 12 16 2 1 2 7 1 2 7 0 2 7 0 2 7 0 2 7 17 18 2 1 2 7 1 2 4 17 9 2 1 2 11 8 9 2 0 2 7 5 31 3 0 2 7 0 2 7 6 2 7 1 2 7 1 2 7 1 2 7 16 6 2 0 40.7630006670951843
1 2 7 13 6 3 0 2 7 0 2 7 5 30 3 0 2 7 0 2 7 0 2 3 1 2 4 1 2 4 0 2 7 1 2 7 6 2 7 0 2 7 0 2 7 0 2 7 0 2 7 1 2 7 12 16 2 0 2 7 0 2 7 0 2 7 5 31 3 5 30 3 6 2 10 0 2 7 5 30 3 1 2 7 17 18 2 1 2 7 17 9 2 17 9 2 0 2 10 5 31 3 12 16 2 0 2 7 16 30 2 1 2 7 0 2 7 0 2 7 0 40.9635036587715149

Current Evaluation = 4500(4500)
Front Size = 10
1 2 7 1 2 7 1 2 11 0 2 7 1 2 7 0 2 7 1 2 4 0 2 7 0 2 7 5 31 3 17 9 2 17 9 2 0 2 7 1 2 7 1 2 7 1 2 7 13 6 3 0 2 7 0 2 7 1 2 7 0 2 7 0 2 7 0 2 7 0 2 7 0 2 7 0 2 7 0 2 7 0 2 7 0 2 7 5 31 3 16 6 2 1 2 7 17 9 2 17 18 2 1 2 7 1 2 7 5 31 3 0 2 7 1 2 7 0 2 7 0 40.0670827627182007
12 16 2 5 31 3 5 30 3 1 2 7 0 2 7 0 2 4 0 2 7 0 2 4 0 2 4 1 2 7 1 2 7 12 16 2 12 16 2 1 2 7 17 18 2 1 2 7 13 6 3 0 2 4 17 18 2 0 2 7 1 2 7 1 2 7 1 2 7 0 2 7 17 9 2 0 2 7 0 2 4 1 2 7 1 2 7 0 2 4 6 2 7 1 2 4 0 2 7 0 2 4 5 31 3 0 2 7 0 2 7 17 9 2 0 2 7 0 2 3 0 40.6237867474555969
12 16 2 5 31 3 0 2 7 5 31 3 0 2 7 2 3 3 0 2 4 0 2 7 0 2 7 0 2 7 1 2 7 6 2 7 17 18 2 0 2 4 17 18 2 0 2 7 0 2 7 0 2 7 12 16 2 12 16 2 0 2 7 16 15 2 6 2 7 12 16 2 0 2 7 0 2 7 5 31 3 6 2 7 17 18 2 6 2 7 0 2 7 0 2 7 6 2 7 13 6 3 6 2 7 5 30 3 6 2 7 5 30 3 12 16 2 6 2 7 0 41.555830717086792
1 2 7 0 2 7 5 31 3 0 2 4 0 2 7 1 2 7 1 2 7 0 2 7 0 2 7 0 2 7 1 2 10 17 18 2 16 9 11 0 2 7 8 9 2 1 2 3 1 2 7 0 2 7 1 2 7 5 30 3 0 2 7 5 30 3 12 16 2 5 30 3 0 2 7 0 2 7 5 30 3 0 2 7 0 2 3 17 18 2 0 2 3 0 2 7 0 2 7 1 2 7 16 19 11 0 2 3 0 2 7 1 2 7 0 2 7 0 2 7 0 41.9834895730018616
12 16 2 5 31 3 5 30 3 1 2 4 0 2 7 8 18 2 1 2 7 0 2 7 1 2 4 12 16 2 12 16 2 17 18 2 0 2 7 13 6 3 17 18 2 0 2 7 0 2 4 17 9 2 1 2 4 0 2 7 1 2 7 0 2 10 0 2 7 0 2 4 0 2 7 1 2 7 0 2 7 0 2 7 1 2 7 1 2 7 5 30 3 0 2 7 17 18 2 1 2 7 0 2 7 0 2 7 0 2 4 0 2 7 1 2 7 1 2 4 0 40.6450196504592896
0 2 7 0 2 7 5 30 3 0 2 7 5 31 3 0 2 7 0 2 7 5 31 3 0 2 7 12 16 2 0 2 7 5 30 3 0 2 7 0 2 7 6 2 7 16 19 11 0 2 7 0 2 7 1 2 8 8 9 2 0 2 8 1 2 7 16 6 2 0 2 7 0 2 11 0 2 7 0 2 8 1 2 8 1 2 7 0 2 7 0 2 8 17 18 2 1 2 8 1 2 8 17 18 2 0 2 8 13 6 3 5 31 3 5 30 3 17 18 2 0 42.655326783657074
0 2 7 5 31 3 5 30 3 1 2 7 16 30 2 0 2 7 1 2 3 0 2 7 0 2 3 12 16 2 12 16 2 17 18 2 1 2 3 13 6 3 17 9 2 0 2 7 1 2 7 1 2 7 8 9 2 0 2 7 0 2 7 17 9 2 0 2 11 1 2 7 0 2 7 1 2 3 1 2 7 1 2 4 1 2 7 0 2 7 0 2 7 0 2 7 0 2 7 0 2 7 0 2 7 0 2 7 0 2 7 5 30 3 1 2 7 1 2 7 0 40.7531018257141113
12 16 2 5 31 3 5 30 3 1 2 11 0 2 7 16 6 2 0 2 4 0 2 7 0 2 7 1 2 11 1 2 7 12 16 2 12 16 2 6 2 7 17 18 2 0 2 7 13 6 3 17 18 2 0 2 7 0 2 7 17 9 2 0 2 7 1 2 7 5 31 3 0 2 7 0 2 7 8 9 2 0 2 7 0 2 7 0 2 4 1 2 7 1 2 7 0 2 7 0 2 7 1 2 7 1 2 7 0 2 7 0 2 7 1 2 7 1 2 7 0 40.7630005478858948
12 16 2 5 31 3 5 30 3 5 30 3 0 2 7 0 2 7 17 18 2 0 2 4 0 2 7 0 2 3 12 16 2 12 16 2 0 2 7 0 2 3 17 18 2 1 2 7 1 2 7 1 2 7 13 6 3 1 2 7 1 2 3 0 2 7 1 2 7 16 6 2 1 2 7 8 9 2 1 2 7 16 30 2 0 2 3 0 2 7 1 2 7 1 2 7 1 2 7 0 2 3 0 2 7 0 2 3 0 2 7 0 2 3 0 2 7 0 2 3 0 41.0680607557296753
0 2 7 0 2 4 5 30 3 0 2 7 5 31 3 0 2 7 0 2 7 5 30 3 0 2 7 12 16 2 0 2 7 0 2 7 0 2 7 1 2 7 0 2 7 0 2 7 17 9 2 0 2 7 16 6 2 0 2 7 0 2 7 1 2 7 0 2 7 17 18 2 0 2 7 13 6 3 5 31 3 1 2 7 1 2 4 0 2 7 1 2 7 0 2 7 0 2 7 0 2 7 1 2 7 1 2 7 1 2 4 5 30 3 16 19 13 17 18 2 0 40.8845065832138062

Current Evaluation = 4950(4950)
Front Size = 10
1 2 7 1 2 7 1 2 11 0 2 7 1 2 7 0 2 7 1 2 4 0 2 7 0 2 7 5 31 3 17 9 2 17 9 2 0 2 7 1 2 7 1 2 7 1 2 7 13 6 3 0 2 7 0 2 7 1 2 7 0 2 7 0 2 7 0 2 7 0 2 7 0 2 7 0 2 7 0 2 7 0 2 7 0 2 7 5 31 3 16 6 2 1 2 7 17 9 2 17 18 2 1 2 7 1 2 7 5 31 3 0 2 7 1 2 7 0 2 7 0 40.0670827627182007
5 30 3 1 2 7 1 2 7 17 18 2 13 6 3 17 9 2 0 2 7 0 2 4 1 2 7 17 9 2 1 2 7 1 2 4 1 2 7 0 2 7 0 2 7 1 2 7 1 2 4 0 2 7 1 2 4 0 2 7 0 2 7 1 2 7 0 2 7 0 2 10 0 2 7 0 2 7 0 2 4 5 31 3 1 2 4 12 16 2 12 16 2 0 2 4 0 2 7 0 2 7 0 2 7 8 18 2 17 18 2 12 16 2 0 2 7 5 30 3 0 40.6450196504592896
1 2 3 5 31 3 1 2 7 0 2 7 1 2 7 5 31 3 13 6 3 16 6 2 0 2 7 0 2 7 0 2 7 0 2 7 1 2 3 0 2 3 0 2 7 0 2 7 5 30 3 17 18 2 5 30 3 17 18 2 0 2 7 0 2 7 0 2 7 12 16 2 1 2 7 1 2 3 1 2 7 0 2 4 1 2 7 0 2 7 0 2 7 0 2 7 16 6 2 0 2 7 8 9 2 1 2 7 0 2 7 17 18 2 5 31 3 0 2 7 0 41.0282367467880249
12 16 2 5 31 3 0 2 7 5 31 3 0 2 7 2 3 3 0 2 4 0 2 7 0 2 7 0 2 7 1 2 7 6 2 7 17 18 2 0 2 4 17 18 2 0 2 7 0 2 7 0 2 7 12 16 2 12 16 2 0 2 7 16 15 2 6 2 7 12 16 2 0 2 7 0 2 7 5 31 3 6 2 7 17 18 2 6 2 7 0 2 7 0 2 7 6 2 7 13 6 3 6 2 7 5 30 3 6 2 7 5 30 3 12 16 2 6 2 7 0 41.555830717086792
1 2 7 5 31 3 5 30 3 0 2 7 0 2 7 1 2 7 0 2 7 1 2 7 12 16 2 12 16 2 0 2 7 17 18 2 1 2 4 13 6 3 17 18 2 0 2 3 6 2 7 0 2 7 5 31 3 0 2 7 0 2 7 0 2 7 0 2 7 0 2 7 6 2 7 0 2 7 1 2 7 1 2 7 12 16 2 0 2 7 0 2 3 12 16 2 1 2 7 13 6 3 0 2 7 1 2 7 17 18 2 0 2 7 1 2 7 16 6 2 0 40.4924476146697998
12 16 2 5 30 3 5 30 3 5 30 3 0 2 7 0 2 7 17 18 2 0 2 7 0 2 7 12 16 2 12 16 2 0 2 7 8 18 2 0 2 7 1 2 7 0 2 7 13 6 3 0 2 7 0 2 7 1 2 7 0 2 7 1 2 7 0 2 7 0 2 7 0 2 11 0 2 7 0 2 7 1 2 7 1 2 7 16 15 2 17 18 2 17 18 2 8 9 2 0 2 7 1 2 7 15 2 11 0 2 7 1 2 7 1 2 7 1 2 7 0 40.9438915252685547
0 2 7 0 2 7 5 30 3 0 2 7 5 31 3 0 2 7 0 2 7 5 31 3 0 2 7 12 16 2 0 2 7 5 30 3 0 2 7 0 2 7 6 2 7 16 19 11 0 2 7 0 2 7 1 2 8 8 9 2 0 2 8 1 2 7 16 6 2 0 2 7 0 2 11 0 2 7 0 2 8 1 2 8 1 2 7 0 2 7 0 2 8 17 18 2 1 2 8 1 2 8 17 18 2 0 2 8 13 6 3 5 31 3 5 30 3 17 18 2 0 42.655326783657074
12 16 2 5 30 3 5 30 3 1 2 7 0 2 4 16 31 2 1 2 7 0 2 7 0 2 7 1 2 4 0 2 7 17 18 2 0 2 7 13 6 3 17 18 2 0 2 7 0 2 7 17 9 2 0 2 7 1 2 3 5 30 3 0 2 4 0 2 7 0 2 7 0 2 7 1 2 7 0 2 7 0 2 7 0 2 7 1 2 7 0 2 7 0 2 7 1 2 4 5 31 3 12 16 2 6 2 7 0 2 7 1 2 7 1 2 7 1 2 3 0 40.6780156493186951
0 2 7 5 31 3 5 30 3 1 2 7 16 30 2 0 2 7 1 2 3 0 2 7 0 2 3 12 16 2 12 16 2 17 18 2 1 2 3 13 6 3 17 9 2 0 2 7 1 2 7 1 2 7 8 9 2 0 2 7 0 2 7 17 9 2 0 2 11 1 2 7 0 2 7 1 2 3 1 2 7 1 2 4 1 2 7 0 2 7 0 2 7 0 2 7 0 2 7 0 2 7 0 2 7 0 2 7 0 2 7 5 30 3 1 2 7 1 2 7 0 40.7531018257141113
1 2 7 0 2 7 5 31 3 0 2 4 0 2 7 1 2 7 1 2 7 0 2 7 0 2 7 0 2 7 1 2 10 17 18 2 16 9 11 0 2 7 8 9 2 1 2 3 1 2 7 0 2 7 1 2 7 5 30 3 0 2 7 5 30 3 12 16 2 5 30 3 0 2 7 0 2 7 5 30 3 0 2 7 0 2 3 17 18 2 0 2 3 0 2 7 0 2 7 1 2 7 16 19 11 0 2 3 0 2 7 1 2 7 0 2 7 0 2 7 0 41.9834895730018616

Current Evaluation = 5400(5400)
Front Size = 10
1 2 7 1 2 11 17 18 2 13 6 3 17 9 2 1 2 7 0 2 7 17 9 2 0 2 7 1 2 7 1 2 7 0 2 7 1 2 7 1 2 7 0 2 7 0 2 7 0 2 7 1 2 7 0 2 7 0 2 7 0 2 7 1 2 7 0 2 7 0 2 7 0 2 7 0 2 7 5 31 3 0 2 7 5 31 3 1 2 7 0 2 7 5 31 3 1 2 7 1 2 7 0 2 7 0 2 4 1 2 7 17 18 2 0 2 7 16 6 2 0 40.0670827627182007
1 2 7 5 31 3 5 30 3 0 2 7 0 2 7 1 2 7 0 2 7 1 2 7 12 16 2 12 16 2 0 2 7 17 18 2 1 2 3 13 6 3 17 18 2 0 2 7 6 2 3 0 2 7 5 31 3 0 2 7 0 2 7 0 2 7 0 2 7 0 2 7 6 2 7 0 2 7 1 2 7 1 2 7 12 16 2 0 2 7 0 2 7 12 16 2 1 2 7 13 6 3 0 2 7 1 2 7 17 18 2 0 2 7 1 2 4 16 6 2 0 40.492447555065155
5 30 3 1 2 7 1 2 7 17 18 2 13 6 3 17 9 2 0 2 7 0 2 4 1 2 7 17 9 2 1 2 7 1 2 4 1 2 7 0 2 7 0 2 7 1 2 7 1 2 4 0 2 7 1 2 4 0 2 7 0 2 7 1 2 7 0 2 7 0 2 10 0 2 7 0 2 7 0 2 4 5 31 3 1 2 4 12 16 2 12 16 2 0 2 4 0 2 7 0 2 7 0 2 7 8 18 2 17 18 2 12 16 2 0 2 7 5 30 3 0 40.6450196504592896
1 2 7 0 2 7 17 18 2 13 6 3 17 9 2 1 2 7 17 9 2 1 2 7 1 2 7 0 2 7 0 2 7 1 2 7 0 2 4 1 2 7 0 2 7 5 30 3 0 2 7 0 2 7 0 2 4 5 31 3 0 2 7 1 2 7 0 2 7 1 2 7 0 2 4 1 2 7 0 2 7 0 2 7 0 2 7 0 2 3 0 2 7 1 2 7 17 9 2 1 2 7 5 31 3 0 2 7 0 2 4 5 30 3 1 2 4 16 6 2 0 40.148398756980896
12 16 2 5 30 3 5 30 3 5 30 3 0 2 7 0 2 7 17 18 2 0 2 7 0 2 7 12 16 2 12 16 2 0 2 7 8 18 2 0 2 7 1 2 7 0 2 7 13 6 3 0 2 7 0 2 7 1 2 7 0 2 7 1 2 7 0 2 7 0 2 7 0 2 11 0 2 7 0 2 7 1 2 7 1 2 7 16 15 2 17 18 2 17 18 2 8 9 2 0 2 7 1 2 7 15 2 11 0 2 7 1 2 7 1 2 7 1 2 7 0 40.9438915252685547
12 16 2 5 31 3 0 2 7 5 31 3 0 2 7 2 3 3 0 2 4 0 2 7 0 2 7 0 2 7 1 2 7 6 2 7 17 18 2 0 2 4 17 18 2 0 2 7 0 2 7 0 2 7 12 16 2 12 16 2 0 2 7 16 15 2 6 2 7 12 16 2 0 2 7 0 2 7 5 31 3 6 2 7 17 18 2 6 2 7 0 2 7 0 2 7 6 2 7 13 6 3 6 2 7 5 30 3 6 2 7 5 30 3 12 16 2 6 2 7 0 41.555830717086792
5 31 3 0 2 7 0 2 7 0 2 7 1 2 7 0 2 3 5 30 3 0 2 7 0 2 4 1 2 4 13 6 3 1 2 7 1 2 4 0 2 7 1 2 7 0 2 3 0 2 7 0 2 7 17 18 2 1 2 7 1 2 7 6 2 3 0 2 7 0 2 7 1 2 3 12 16 2 6 2 7 0 2 4 1 2 3 12 16 2 17 9 2 12 16 2 0 2 7 5 31 3 0 2 7 1 2 4 16 6 2 0 2 7 17 9 2 0 2 4 0 40.8362887501716614
1 2 4 1 2 7 17 18 2 13 6 3 17 9 2 8 9 2 1 2 7 17 9 2 1 2 7 1 2 4 1 2 7 0 2 7 0 2 7 1 2 7 0 2 7 0 2 7 1 2 7 1 2 7 0 2 7 0 2 7 0 2 7 5 31 3 0 2 4 0 2 7 1 2 7 0 2 3 5 30 3 0 2 7 1 2 7 0 2 7 1 2 7 0 2 7 0 2 7 12 16 2 5 30 3 0 2 7 1 2 3 17 18 2 0 2 7 0 2 7 0 40.4343197345733643
0 2 7 0 2 7 5 30 3 0 2 7 5 31 3 0 2 7 0 2 7 5 31 3 0 2 7 12 16 2 0 2 7 5 30 3 0 2 7 0 2 7 6 2 7 16 19 11 0 2 7 0 2 7 1 2 8 8 9 2 0 2 8 1 2 7 16 6 2 0 2 7 0 2 11 0 2 7 0 2 8 1 2 8 1 2 7 0 2 7 0 2 8 17 18 2 1 2 8 1 2 8 17 18 2 0 2 8 13 6 3 5 31 3 5 30 3 17 18 2 0 42.655326783657074
1 2 4 5 30 3 1 2 7 0 2 7 0 2 7 0 2 7 0 2 7 12 16 2 0 2 7 17 18 2 13 6 3 17 18 2 0 2 7 0 2 4 5 31 3 1 2 7 1 2 7 0 2 7 0 2 4 1 2 7 0 2 7 1 2 7 5 30 3 17 18 2 0 2 7 16 6 2 0 2 7 0 2 7 1 2 7 1 2 7 0 2 7 16 19 13 0 2 7 5 30 3 0 2 7 0 2 7 0 2 7 5 31 3 0 2 7 0 2 7 0 40.8845065832138062

Current Evaluation = 5850(5850)
Front Size = 10
1 2 7 17 18 2 13 6 3 17 9 2 1 2 7 0 2 7 17 9 2 0 2 7 1 2 7 1 2 7 0 2 7 1 2 11 1 2 7 0 2 7 0 2 7 0 2 7 1 2 7 0 2 7 0 2 7 0 2 7 1 2 7 0 2 7 0 2 7 0 2 7 0 2 7 5 31 3 5 31 3 1 2 7 1 2 7 1 2 7 0 2 4 16 6 2 0 2 7 5 31 3 0 2 7 1 2 7 0 2 7 1 2 7 17 18 2 0 2 7 0 40.0670827627182007
1 2 7 0 2 7 17 18 2 13 6 3 17 9 2 1 2 7 17 9 2 1 2 7 1 2 7 0 2 7 0 2 7 1 2 7 0 2 4 1 2 7 0 2 7 5 30 3 0 2 7 0 2 7 0 2 4 5 31 3 0 2 7 1 2 7 0 2 7 1 2 7 0 2 4 1 2 7 0 2 7 0 2 7 0 2 7 0 2 3 0 2 7 1 2 7 17 9 2 1 2 7 5 31 3 0 2 7 0 2 4 5 30 3 1 2 4 16 6 2 0 40.148398756980896
0 2 7 5 30 3 0 2 7 0 2 7 1 2 3 1 2 3 0 2 7 12 16 2 12 16 2 0 2 7 17 18 2 13 6 3 16 31 2 0 2 7 0 2 7 0 2 7 0 2 7 0 2 7 0 2 7 0 2 7 1 2 3 0 2 4 1 2 4 12 16 2 0 2 3 0 2 3 1 2 7 0 2 7 1 2 7 17 18 2 1 2 7 17 18 2 1 2 7 1 2 7 5 30 3 1 2 7 12 16 2 13 6 3 5 30 3 1 2 4 0 40.6642055511474609
1 2 7 5 31 3 5 30 3 0 2 7 0 2 7 1 2 7 0 2 7 1 2 7 12 16 2 12 16 2 0 2 7 17 18 2 1 2 3 13 6 3 17 18 2 0 2 7 6 2 3 0 2 7 5 31 3 0 2 7 0 2 7 0 2 7 0 2 7 0 2 7 6 2 7 0 2 7 1 2 7 1 2 7 12 16 2 0 2 7 0 2 7 12 16 2 1 2 7 13 6 3 0 2 7 1 2 7 17 18 2 0 2 7 1 2 4 16 6 2 0 40.492447555065155
12 16 2 5 31 3 0 2 7 5 31 3 0 2 7 2 3 3 0 2 4 0 2 7 0 2 7 0 2 7 1 2 7 6 2 7 17 18 2 0 2 4 17 18 2 0 2 7 0 2 7 0 2 7 12 16 2 12 16 2 0 2 7 16 15 2 6 2 7 12 16 2 0 2 7 0 2 7 5 31 3 6 2 7 17 18 2 6 2 7 0 2 7 0 2 7 6 2 7 13 6 3 6 2 7 5 30 3 6 2 7 5 30 3 12 16 2 6 2 7 0 41.555830717086792
0 2 7 0 2 7 5 30 3 0 2 7 5 31 3 0 2 7 0 2 7 5 31 3 0 2 7 12 16 2 0 2 7 5 30 3 0 2 7 0 2 7 6 2 7 16 19 11 0 2 7 0 2 7 1 2 8 8 9 2 0 2 8 1 2 7 16 6 2 0 2 7 0 2 11 0 2 7 0 2 8 1 2 8 1 2 7 0 2 7 0 2 8 17 18 2 1 2 8 1 2 8 17 18 2 0 2 8 13 6 3 5 31 3 5 30 3 17 18 2 0 42.655326783657074
1 2 4 1 2 7 17 18 2 13 6 3 17 9 2 8 9 2 1 2 7 17 9 2 1 2 7 1 2 4 1 2 7 0 2 7 0 2 7 1 2 7 0 2 7 0 2 7 1 2 7 1 2 7 0 2 7 0 2 7 0 2 7 5 31 3 0 2 4 0 2 7 1 2 7 0 2 3 5 30 3 0 2 7 1 2 7 0 2 7 1 2 7 0 2 7 0 2 7 12 16 2 5 30 3 0 2 7 1 2 3 17 18 2 0 2 7 0 2 7 0 40.4343197345733643
0 2 7 1 2 4 1 2 3 17 18 2 13 6 3 17 9 2 1 2 4 0 2 7 6 2 7 0 2 7 1 2 7 0 2 4 1 2 4 0 2 7 1 2 7 1 2 4 15 2 11 1 2 4 1 2 7 0 2 7 0 2 7 0 2 7 5 31 3 12 16 2 0 2 3 0 2 4 0 2 7 17 18 2 0 2 7 5 30 3 0 2 7 0 2 7 0 2 7 0 2 7 0 2 7 1 2 7 5 30 3 1 2 7 17 18 2 12 16 2 0 40.5759547352790833
1 2 7 17 18 2 13 6 3 17 18 2 0 2 7 0 2 3 0 2 7 1 2 7 1 2 7 0 2 7 5 31 3 0 2 7 0 2 7 5 30 3 0 2 7 0 2 7 0 2 4 1 2 4 1 2 7 5 30 3 0 2 4 17 18 2 0 2 7 0 2 4 0 2 7 6 2 7 16 30 2 5 31 3 0 2 7 1 2 7 12 16 2 1 2 7 12 16 2 0 2 7 0 2 7 1 2 7 0 2 7 1 2 7 0 2 3 1 2 7 0 40.6780157685279846
12 16 2 5 30 3 5 30 3 5 30 3 0 2 7 0 2 7 17 18 2 0 2 7 0 2 7 12 16 2 12 16 2 0 2 7 8 18 2 0 2 7 1 2 7 0 2 7 13 6 3 0 2 7 0 2 7 1 2 7 0 2 7 1 2 7 0 2 7 0 2 7 0 2 11 0 2 7 0 2 7 1 2 7 1 2 7 16 15 2 17 18 2 17 18 2 8 9 2 0 2 7 1 2 7 15 2 11 0 2 7 1 2 7 1 2 7 1 2 7 0 40.9438915252685547

Current Evaluation = 6300(6300)
Front Size = 10
1 2 7 17 18 2 13 6 3 17 9 2 1 2 7 0 2 7 17 9 2 0 2 7 1 2 7 1 2 7 0 2 7 1 2 11 1 2 7 0 2 7 0 2 7 0 2 7 1 2 7 0 2 7 0 2 7 0 2 7 1 2 7 0 2 7 0 2 7 0 2 7 0 2 7 5 31 3 5 31 3 1 2 7 1 2 7 1 2 7 0 2 4 16 6 2 0 2 7 5 31 3 0 2 7 1 2 7 0 2 7 1 2 7 17 18 2 0 2 7 0 40.0670827627182007
1 2 7 0 2 7 17 18 2 13 6 3 17 9 2 1 2 7 17 9 2 1 2 7 1 2 7 0 2 7 0 2 7 1 2 7 0 2 4 1 2 7 0 2 7 5 30 3 0 2 7 0 2 7 0 2 4 5 31 3 0 2 7 1 2 7 0 2 7 1 2 7 0 2 4 1 2 7 0 2 7 0 2 7 0 2 7 0 2 3 0 2 7 1 2 7 17 9 2 1 2 7 5 31 3 0 2 7 0 2 4 5 30 3 1 2 4 16 6 2 0 40.148398756980896
0 2 7 5 30 3 0 2 7 0 2 7 1 2 3 1 2 3 0 2 7 12 16 2 12 16 2 0 2 7 17 18 2 13 6 3 16 31 2 0 2 7 0 2 7 0 2 7 0 2 7 0 2 7 0 2 7 0 2 7 1 2 3 0 2 4 1 2 4 12 16 2 0 2 3 0 2 3 1 2 7 0 2 7 1 2 7 17 18 2 1 2 7 17 18 2 1 2 7 1 2 7 5 30 3 1 2 7 12 16 2 13 6 3 5 30 3 1 2 4 0 40.6642055511474609
0 2 7 17 18 2 13 6 3 0 2 7 1 2 4 6 2 7 0 2 7 1 2 7 1 2 7 0 2 7 0 2 4 0 2 7 5 31 3 0 2 7 17 18 2 0 2 7 0 2 7 0 2 7 0 2 4 0 2 7 0 2 7 1 2 7 1 2 7 1 2 4 1 2 7 1 2 7 1 2 7 0 2 7 5 31 3 5 30 3 0 2 7 12 16 2 17 9 2 0 2 7 1 2 4 12 16 2 1 2 4 17 9 2 0 2 3 1 2 4 0 40.425436794757843
1 2 4 17 18 2 13 6 3 17 18 2 0 2 7 1 2 4 1 2 7 1 2 7 0 2 4 5 30 3 0 2 7 0 2 7 5 30 3 0 2 4 0 2 3 1 2 7 1 2 7 17 18 2 1 2 7 0 2 3 0 2 4 5 31 3 0 2 4 1 2 7 12 16 2 1 2 7 12 16 2 0 2 3 0 2 7 1 2 7 0 2 7 0 2 7 0 2 7 17 9 2 6 2 4 0 2 7 0 2 4 13 6 3 12 16 2 12 16 2 0 40.5796666741371155
1 2 7 17 18 2 13 6 3 17 18 2 0 2 7 1 2 7 1 2 7 1 2 7 5 30 3 0 2 7 0 2 7 5 30 3 0 2 7 1 2 7 1 2 7 1 2 4 5 31 3 0 2 7 12 16 2 0 2 4 12 16 2 0 2 7 0 2 7 0 2 7 0 2 7 1 2 4 17 9 2 1 2 7 8 18 2 0 2 4 17 18 2 1 2 4 0 2 11 0 2 7 1 2 7 0 2 7 0 2 7 0 2 7 1 2 7 0 2 4 0 40.49226975440979
1 2 7 5 31 3 5 30 3 0 2 7 0 2 7 1 2 7 0 2 7 1 2 7 12 16 2 12 16 2 0 2 7 17 18 2 1 2 3 13 6 3 17 18 2 0 2 7 6 2 3 0 2 7 5 31 3 0 2 7 0 2 7 0 2 7 0 2 7 0 2 7 6 2 7 0 2 7 1 2 7 1 2 7 12 16 2 0 2 7 0 2 7 12 16 2 1 2 7 13 6 3 0 2 7 1 2 7 17 18 2 0 2 7 1 2 4 16 6 2 0 40.492447555065155
12 16 2 5 31 3 0 2 7 5 31 3 0 2 7 2 3 3 0 2 4 0 2 7 0 2 7 0 2 7 1 2 7 6 2 7 17 18 2 0 2 4 17 18 2 0 2 7 0 2 7 0 2 7 12 16 2 12 16 2 0 2 7 16 15 2 6 2 7 12 16 2 0 2 7 0 2 7 5 31 3 6 2 7 17 18 2 6 2 7 0 2 7 0 2 7 6 2 7 13 6 3 6 2 7 5 30 3 6 2 7 5 30 3 12 16 2 6 2 7 0 41.555830717086792
1 2 7 8 18 2 13 6 3 1 2 7 0 2 7 0 2 7 1 2 7 1 2 7 0 2 4 0 2 7 0 2 7 0 2 7 0 2 4 0 2 7 0 2 4 0 2 4 0 2 7 0 2 7 0 2 7 5 31 3 5 31 3 0 2 4 0 2 4 5 30 3 17 18 2 17 18 2 17 9 2 12 16 2 16 30 2 12 16 2 1 2 4 1 2 12 1 2 7 6 2 7 1 2 7 1 2 7 12 16 2 12 16 2 12 16 2 0 2 7 0 40.9075717329978943
0 2 7 17 18 2 0 2 7 17 9 2 1 2 7 0 2 7 0 2 7 1 2 3 0 2 7 1 2 7 1 2 7 0 2 7 0 2 4 0 2 7 0 2 7 1 2 4 0 2 7 0 2 3 0 2 7 0 2 7 0 2 7 1 2 3 0 2 7 5 31 3 1 2 3 0 2 7 0 2 4 1 2 7 1 2 7 0 2 7 17 1 2 17 9 2 1 2 7 5 30 3 0 2 7 16 6 2 5 31 3 6 2 3 1 2 7 5 30 3 0 40.7845867872238159

Current Evaluation = 6750(6750)
Front Size = 10
1 2 7 0 2 7 17 18 2 13 6 3 17 9 2 1 2 4 17 9 2 0 2 7 1 2 11 0 2 7 0 2 7 1 2 7 1 2 7 1 2 7 0 2 7 0 2 7 0 2 7 5 31 3 1 2 7 1 2 7 0 2 7 1 2 7 1 2 7 0 2 7 0 2 7 0 2 7 0 2 7 1 2 7 17 9 2 1 2 7 5 31 3 0 2 7 16 6 2 0 2 7 0 2 7 1 2 7 0 2 7 0 2 7 5 31 3 0 2 7 0 40.0670827627182007
0 2 7 17 18 2 13 6 3 0 2 7 0 2 7 1 2 7 0 2 7 0 2 7 0 2 7 5 31 3 0 2 3 0 2 7 0 2 7 0 2 7 0 2 7 0 2 7 1 2 7 1 2 7 0 2 7 0 2 7 5 31 3 17 9 2 17 9 2 1 2 7 1 2 7 17 18 2 0 2 7 1 2 7 0 2 4 1 2 7 1 2 4 1 2 4 5 30 3 12 16 2 1 2 4 6 2 7 0 2 4 12 16 2 1 2 4 1 2 4 0 40.425436794757843
1 2 7 0 2 7 17 18 2 13 6 3 17 9 2 1 2 7 17 9 2 1 2 7 1 2 7 0 2 7 0 2 7 1 2 7 0 2 4 1 2 7 0 2 7 5 30 3 0 2 7 0 2 7 0 2 4 5 31 3 0 2 7 1 2 7 0 2 7 1 2 7 0 2 4 1 2 7 0 2 7 0 2 7 0 2 7 0 2 3 0 2 7 1 2 7 17 9 2 1 2 7 5 31 3 0 2 7 0 2 4 5 30 3 1 2 4 16 6 2 0 40.148398756980896
1 2 4 17 18 2 13 6 3 17 18 2 0 2 7 1 2 4 1 2 7 1 2 7 0 2 4 5 30 3 0 2 7 0 2 7 5 30 3 0 2 4 0 2 3 1 2 7 1 2 7 17 18 2 1 2 7 0 2 3 0 2 4 5 31 3 0 2 4 1 2 7 12 16 2 1 2 7 12 16 2 0 2 3 0 2 7 1 2 7 0 2 7 0 2 7 0 2 7 17 9 2 6 2 4 0 2 7 0 2 4 13 6 3 12 16 2 12 16 2 0 40.5796666741371155
0 2 7 17 18 2 13 6 3 0 2 7 0 2 7 1 2 7 0 2 7 0 2 7 0 2 7 5 31 3 0 2 7 0 2 7 0 2 7 0 2 7 0 2 7 1 2 7 0 2 7 0 2 7 5 31 3 17 9 2 17 9 2 1 2 7 1 2 7 17 18 2 0 2 7 1 2 7 1 2 7 1 2 7 1 2 7 0 2 4 1 2 4 5 30 3 12 16 2 1 2 4 1 2 3 0 2 7 0 2 7 1 2 7 0 2 4 1 2 7 0 40.3613457679748535
0 2 7 5 30 3 0 2 7 0 2 7 1 2 3 1 2 3 0 2 7 12 16 2 12 16 2 0 2 7 17 18 2 13 6 3 16 31 2 0 2 7 0 2 7 0 2 7 0 2 7 0 2 7 0 2 7 0 2 7 1 2 3 0 2 4 1 2 4 12 16 2 0 2 3 0 2 3 1 2 7 0 2 7 1 2 7 17 18 2 1 2 7 17 18 2 1 2 7 1 2 7 5 30 3 1 2 7 12 16 2 13 6 3 5 30 3 1 2 4 0 40.6642055511474609
12 16 2 5 31 3 0 2 7 5 31 3 0 2 7 2 3 3 0 2 4 0 2 7 0 2 7 0 2 7 1 2 7 6 2 7 17 18 2 0 2 4 17 18 2 0 2 7 0 2 7 0 2 7 12 16 2 12 16 2 0 2 7 16 15 2 6 2 7 12 16 2 0 2 7 0 2 7 5 31 3 6 2 7 17 18 2 6 2 7 0 2 7 0 2 7 6 2 7 13 6 3 6 2 7 5 30 3 6 2 7 5 30 3 12 16 2 6 2 7 0 41.555830717086792
17 18 2 13 6 3 17 18 2 0 2 7 1 2 7 1 2 7 0 2 7 5 30 3 0 2 7 0 2 7 5 30 3 0 2 11 1 2 7 1 2 7 17 18 2 1 2 7 0 2 11 5 31 3 1 2 7 12 16 2 1 2 7 12 16 2 0 2 7 1 2 7 0 2 7 0 2 7 0 2 7 17 9 2 0 2 7 13 6 3 1 2 7 1 2 11 0 2 7 0 2 7 1 2 7 0 2 7 0 2 7 0 2 7 0 2 11 0 2 7 0 40.5661777257919312
1 2 7 17 18 2 13 6 3 17 18 2 0 2 7 1 2 7 1 2 7 1 2 7 5 30 3 0 2 7 0 2 7 0 2 7 1 2 7 1 2 7 1 2 7 5 31 3 0 2 7 12 16 2 0 2 4 0 2 7 0 2 7 0 2 7 0 2 7 1 2 4 17 9 2 1 2 7 1 2 4 0 2 7 1 2 7 0 2 7 0 2 7 0 2 7 0 2 7 0 2 3 1 2 7 5 30 3 8 18 2 0 2 3 17 18 2 1 2 7 0 40.4343197345733643
0 2 7 5 30 3 1 2 7 0 2 7 0 2 7 12 16 2 1 2 7 17 18 2 13 6 3 0 2 7 0 2 7 0 2 7 0 2 7 0 2 7 0 2 7 0 2 7 0 2 7 0 2 4 1 2 7 0 2 7 0 2 7 1 2 7 17 18 2 0 2 4 1 2 7 1 2 7 1 2 7 0 2 7 0 2 4 1 2 7 12 16 2 5 31 3 1 2 7 5 30 3 17 9 2 17 18 2 5 30 3 1 2 7 13 6 3 0 2 7 0 40.3689725399017334

Current Evaluation = 7200(7200)
Front Size = 10
1 2 7 0 2 7 17 18 2 13 6 3 17 9 2 1 2 11 17 9 2 1 2 4 0 2 7 0 2 7 0 2 7 1 2 7 1 2 7 1 2 7 0 2 7 5 31 3 1 2 7 0 2 7 0 2 7 5 31 3 1 2 7 1 2 7 0 2 7 1 2 7 0 2 7 1 2 7 0 2 7 0 2 7 0 2 7 0 2 7 0 2 7 0 2 7 17 9 2 1 2 7 5 31 3 0 2 7 0 2 7 0 2 7 1 2 7 16 6 2 0 40.0670827627182007
1 2 4 17 18 2 13 6 3 17 18 2 0 2 7 1 2 4 1 2 7 1 2 7 0 2 4 5 30 3 0 2 7 0 2 7 5 30 3 0 2 4 0 2 3 1 2 7 1 2 7 17 18 2 1 2 7 0 2 3 0 2 4 5 31 3 0 2 4 1 2 7 12 16 2 1 2 7 12 16 2 0 2 3 0 2 7 1 2 7 0 2 7 0 2 7 0 2 7 17 9 2 6 2 4 0 2 7 0 2 4 13 6 3 12 16 2 12 16 2 0 40.5796666741371155
0 2 7 17 18 2 13 6 3 0 2 7 0 2 7 1 2 7 0 2 7 0 2 7 0 2 7 5 31 3 0 2 3 0 2 7 0 2 7 0 2 7 0 2 7 0 2 7 1 2 7 1 2 7 0 2 7 0 2 7 5 31 3 17 9 2 17 9 2 1 2 7 1 2 7 17 18 2 0 2 7 1 2 7 0 2 4 1 2 7 1 2 4 1 2 4 5 30 3 12 16 2 1 2 4 6 2 7 0 2 4 12 16 2 1 2 4 1 2 4 0 40.425436794757843
1 2 7 0 2 7 17 18 2 13 6 3 17 9 2 1 2 7 17 9 2 1 2 7 1 2 7 0 2 7 0 2 7 1 2 7 0 2 4 1 2 7 0 2 7 5 30 3 0 2 7 0 2 7 0 2 4 5 31 3 0 2 7 1 2 7 0 2 7 1 2 7 0 2 4 1 2 7 0 2 7 0 2 7 0 2 7 0 2 3 0 2 7 1 2 7 17 9 2 1 2 7 5 31 3 0 2 7 0 2 4 5 30 3 1 2 4 16 6 2 0 40.148398756980896
0 2 7 17 18 2 13 6 3 0 2 7 0 2 7 1 2 7 0 2 7 0 2 7 0 2 7 5 31 3 0 2 3 0 2 7 0 2 7 0 2 7 0 2 7 0 2 7 1 2 7 1 2 7 0 2 7 0 2 7 5 31 3 17 9 2 17 9 2 1 2 7 1 2 7 17 18 2 0 2 7 1 2 7 0 2 4 1 2 7 1 2 4 1 2 7 5 30 3 12 16 2 1 2 4 0 2 7 1 2 7 0 2 7 1 2 4 1 2 7 0 40.3613457679748535
0 2 7 5 30 3 1 2 7 0 2 7 0 2 7 12 16 2 1 2 7 17 18 2 13 6 3 0 2 7 0 2 7 0 2 7 0 2 7 0 2 7 0 2 7 0 2 7 0 2 7 0 2 4 1 2 7 0 2 7 0 2 7 1 2 7 17 18 2 0 2 4 1 2 7 1 2 7 1 2 7 0 2 7 0 2 4 1 2 7 12 16 2 5 31 3 1 2 7 5 30 3 17 9 2 17 18 2 5 30 3 1 2 7 13 6 3 0 2 7 0 40.3689725399017334
1 2 7 1 2 7 17 18 2 13 6 3 1 2 7 0 2 7 0 2 7 0 2 7 0 2 7 1 2 7 0 2 7 0 2 7 0 2 7 0 2 7 5 31 3 0 2 7 0 2 7 0 2 7 0 2 7 0 2 7 1 2 7 5 31 3 0 2 7 1 2 7 0 2 7 1 2 7 1 2 7 1 2 7 1 2 7 17 18 2 1 2 7 17 9 2 5 30 3 16 6 2 0 2 7 12 16 2 1 2 7 8 9 2 0 2 7 12 16 2 0 40.4091576337814331
1 2 7 1 2 7 17 18 2 13 6 3 17 9 2 1 2 7 1 2 7 1 2 7 0 2 7 1 2 7 0 2 7 1 2 7 0 2 7 5 31 3 0 2 7 0 2 4 0 2 4 1 2 7 0 2 7 1 2 7 0 2 7 0 2 7 0 2 7 0 2 4 0 2 7 0 2 7 0 2 4 1 2 7 1 2 7 5 31 3 17 18 2 6 2 4 0 2 7 12 16 2 5 31 3 17 9 2 1 2 7 0 2 7 12 16 2 0 2 7 0 40.4657158255577087
17 18 2 13 6 3 17 18 2 0 2 7 1 2 7 1 2 7 0 2 4 5 30 3 0 2 7 0 2 3 5 30 3 0 2 4 1 2 7 1 2 7 17 18 2 1 2 7 0 2 4 5 31 3 1 2 7 12 16 2 1 2 7 12 16 2 0 2 7 1 2 7 0 2 7 0 2 7 0 2 7 17 9 2 0 2 7 13 6 3 1 2 3 1 2 4 1 2 7 0 2 7 0 2 7 0 2 7 0 2 4 0 2 7 12 16 2 0 2 7 0 40.4155756235122681
17 18 2 13 6 3 0 2 7 0 2 7 0 2 7 0 2 7 1 2 7 1 2 7 1 2 7 1 2 7 1 2 7 5 30 3 1 2 7 1 2 7 0 2 7 0 2 7 0 2 3 1 2 7 0 2 3 17 9 2 0 2 7 0 2 7 17 18 2 16 30 2 5 31 3 5 31 3 0 2 3 0 2 4 0 2 7 1 2 4 0 2 7 1 2 7 1 2 7 12 16 2 0 2 7 1 2 7 0 2 7 0 2 4 12 16 2 0 2 7 0 40.5605278015136719

Current Evaluation = 7650(7650)
Front Size = 10
0 2 7 0 2 7 17 18 2 13 6 3 17 9 2 1 2 7 17 9 2 0 2 7 5 31 3 0 2 7 0 2 4 1 2 7 1 2 7 0 2 7 0 2 7 0 2 7 5 31 3 0 2 7 1 2 7 0 2 7 1 2 7 1 2 7 0 2 7 1 2 7 0 2 7 1 2 7 1 2 7 17 9 2 0 2 7 1 2 7 1 2 7 1 2 7 16 6 2 1 2 11 5 31 3 0 2 7 0 2 7 0 2 7 0 2 7 0 2 7 0 40.0670827627182007
1 2 4 17 18 2 13 6 3 17 18 2 0 2 7 1 2 4 1 2 7 1 2 7 0 2 4 5 30 3 0 2 7 0 2 7 5 30 3 0 2 4 0 2 3 1 2 7 1 2 7 17 18 2 1 2 7 0 2 3 0 2 4 5 31 3 0 2 4 1 2 7 12 16 2 1 2 7 12 16 2 0 2 3 0 2 7 1 2 7 0 2 7 0 2 7 0 2 7 17 9 2 6 2 4 0 2 7 0 2 4 13 6 3 12 16 2 12 16 2 0 40.5796666741371155
0 2 7 5 30 3 1 2 7 0 2 7 0 2 7 12 16 2 1 2 7 17 18 2 13 6 3 0 2 7 0 2 7 0 2 7 0 2 7 0 2 7 0 2 7 0 2 7 0 2 7 0 2 4 1 2 7 0 2 7 0 2 7 1 2 7 17 18 2 0 2 4 1 2 7 1 2 7 1 2 7 0 2 7 0 2 4 1 2 7 12 16 2 5 31 3 1 2 7 5 30 3 17 9 2 17 18 2 5 30 3 1 2 7 13 6 3 0 2 7 0 40.3689725399017334
1 2 7 0 2 7 17 18 2 13 6 3 17 9 2 1 2 7 17 9 2 1 2 7 1 2 7 0 2 7 0 2 7 1 2 7 0 2 4 1 2 7 0 2 7 5 30 3 0 2 7 0 2 7 0 2 4 5 31 3 0 2 7 1 2 7 0 2 7 1 2 7 0 2 4 1 2 7 0 2 7 0 2 7 0 2 7 0 2 3 0 2 7 1 2 7 17 9 2 1 2 7 5 31 3 0 2 7 0 2 4 5 30 3 1 2 4 16 6 2 0 40.148398756980896
1 2 7 0 2 7 17 18 2 13 6 3 17 9 2 1 2 7 17 9 2 1 2 7 1 2 7 0 2 7 0 2 7 1 2 7 1 2 7 0 2 7 0 2 7 0 2 7 5 31 3 0 2 7 1 2 7 0 2 7 1 2 7 1 2 7 0 2 7 0 2 7 0 2 7 0 2 7 1 2 7 17 9 2 1 2 7 5 31 3 0 2 7 0 2 4 16 6 2 0 2 7 5 31 3 0 2 7 1 2 4 0 2 7 0 2 4 5 30 3 0 40.1886777877807617
1 2 7 6 2 7 17 18 2 13 6 3 17 9 2 17 9 2 0 2 4 0 2 4 0 2 7 1 2 7 1 2 7 1 2 4 0 2 7 5 31 3 1 2 7 0 2 7 0 2 4 5 30 3 1 2 3 1 2 7 0 2 7 12 16 2 0 2 7 0 2 4 1 2 7 0 2 7 0 2 4 1 2 7 0 2 7 5 31 3 1 2 7 0 2 7 1 2 7 0 2 7 1 2 7 17 18 2 0 2 7 0 2 4 0 2 7 12 16 2 0 40.425436794757843
0 2 7 17 18 2 13 6 3 0 2 7 0 2 7 1 2 7 0 2 7 0 2 7 0 2 7 5 31 3 0 2 3 0 2 7 0 2 7 0 2 7 0 2 7 0 2 7 1 2 7 1 2 7 0 2 7 0 2 7 5 31 3 17 9 2 17 9 2 1 2 7 1 2 7 17 18 2 0 2 7 1 2 7 0 2 4 1 2 7 1 2 4 1 2 7 5 30 3 12 16 2 1 2 4 0 2 7 1 2 7 0 2 7 1 2 4 1 2 7 0 40.3613457679748535
1 2 7 0 2 7 17 18 2 13 6 3 17 9 2 1 2 7 17 9 2 1 2 7 1 2 7 0 2 7 0 2 7 1 2 7 0 2 7 1 2 7 0 2 7 5 30 3 0 2 7 0 2 7 5 31 3 0 2 7 1 2 7 0 2 7 1 2 7 1 2 7 0 2 7 0 2 7 0 2 7 0 2 3 0 2 7 1 2 7 17 9 2 1 2 7 5 31 3 0 2 7 1 2 7 0 2 4 1 2 7 0 2 7 1 2 7 0 2 7 0 40.202995777130127
0 2 7 17 18 2 13 6 3 0 2 4 0 2 7 1 2 7 0 2 7 0 2 7 0 2 7 5 31 3 0 2 7 0 2 7 0 2 7 0 2 7 0 2 7 0 2 7 1 2 7 1 2 7 0 2 7 0 2 7 5 31 3 17 9 2 17 9 2 1 2 7 1 2 7 17 18 2 0 2 7 1 2 7 0 2 7 1 2 7 1 2 7 1 2 7 5 30 3 5 30 3 1 2 4 0 2 7 1 2 7 0 2 7 6 2 7 1 2 7 0 40.3204837441444397
1 2 7 0 2 7 17 18 2 13 6 3 17 9 2 1 2 7 17 9 2 1 2 7 1 2 7 0 2 7 0 2 7 1 2 7 0 2 7 1 2 7 0 2 7 0 2 7 0 2 7 5 31 3 0 2 7 1 2 7 0 2 7 1 2 7 1 2 7 0 2 7 0 2 7 0 2 7 0 2 7 1 2 7 1 2 7 5 31 3 0 2 7 1 2 7 0 2 4 0 2 7 0 2 7 5 30 3 0 2 3 0 2 7 17 18 2 1 2 11 1.92772001811455164e-05 40.37314772605896

Current Evaluation = 8100(8100)
Front Size = 10
1 2 7 0 2 7 17 18 2 13 6 3 17 9 2 1 2 7 17 9 2 1 2 7 1 2 7 0 2 7 0 2 7 1 2 7 0 2 7 0 2 7 0 2 7 5 31 3 0 2 7 0 2 7 0 2 7 1 2 7 0 2 7 1 2 7 0 2 7 1 2 4 0 2 7 1 2 7 0 2 7 0 2 7 0 2 7 0 2 7 0 2 7 1 2 7 17 9 2 1 2 7 5 31 3 1 2 7 0 2 7 5 31 3 1 2 11 16 6 2 0 40.0670827627182007
0 2 7 0 2 7 17 18 2 13 6 3 17 18 2 0 2 7 17 9 2 1 2 7 1 2 7 1 2 7 0 2 7 0 2 7 1 2 7 0 2 4 5 31 3 0 2 7 1 2 7 0 2 7 0 2 7 0 2 7 0 2 7 1 2 7 16 6 2 1 2 7 0 2 7 0 2 7 0 2 7 0 2 7 0 2 7 1 2 7 5 31 3 1 2 11 1 2 7 0 2 7 17 9 2 1 2 7 1 2 7 5 31 3 0 2 7 1 2 7 0 40.0670827627182007
1 2 4 17 18 2 13 6 3 17 18 2 0 2 7 1 2 4 1 2 7 1 2 7 0 2 4 5 30 3 0 2 7 0 2 7 5 30 3 0 2 4 0 2 3 1 2 7 1 2 7 17 18 2 1 2 7 0 2 3 0 2 4 5 31 3 0 2 4 1 2 7 12 16 2 1 2 7 12 16 2 0 2 3 0 2 7 1 2 7 0 2 7 0 2 7 0 2 7 17 9 2 6 2 4 0 2 7 0 2 4 13 6 3 12 16 2 12 16 2 0 40.5796666741371155
0 2 7 5 30 3 1 2 7 0 2 7 0 2 7 12 16 2 1 2 7 17 18 2 13 6 3 0 2 7 0 2 7 0 2 7 0 2 7 0 2 7 0 2 7 0 2 7 0 2 7 0 2 4 1 2 7 0 2 7 0 2 7 1 2 7 17 18 2 0 2 4 1 2 7 1 2 7 1 2 7 0 2 7 0 2 4 1 2 7 12 16 2 5 31 3 1 2 7 5 30 3 17 9 2 17 18 2 5 30 3 1 2 7 13 6 3 0 2 7 0 40.3689725399017334
1 2 7 1 2 7 17 18 2 13 6 3 17 18 2 0 2 7 17 9 2 1 2 7 1 2 4 0 2 7 1 2 7 0 2 7 0 2 11 1 2 7 0 2 7 5 31 3 0 2 7 1 2 7 1 2 7 0 2 7 0 2 7 0 2 7 1 2 7 16 6 2 0 2 7 1 2 7 0 2 7 0 2 7 0 2 7 17 18 2 0 2 7 1 2 7 1 2 7 5 31 3 5 31 3 0 2 7 0 2 7 0 2 7 0 2 7 1 2 7 0 40.0670828819274902
1 2 7 0 2 7 17 18 2 13 6 3 17 9 2 1 2 7 17 9 2 1 2 7 1 2 7 0 2 7 0 2 7 1 2 7 0 2 4 1 2 7 0 2 7 5 30 3 0 2 7 0 2 7 0 2 4 5 31 3 0 2 7 1 2 7 0 2 7 1 2 7 0 2 4 1 2 7 0 2 7 0 2 7 0 2 7 0 2 3 0 2 7 1 2 7 17 9 2 1 2 7 5 31 3 0 2 7 0 2 4 5 30 3 1 2 4 16 6 2 0 40.148398756980896
1 2 7 17 18 2 13 6 3 17 9 2 17 9 2 1 2 7 0 2 7 0 2 4 1 2 7 0 2 7 0 2 7 1 2 7 0 2 7 1 2 7 1 2 7 1 2 7 0 2 7 0 2 7 16 6 2 0 2 11 0 2 7 1 2 7 5 31 3 0 2 7 0 2 7 0 2 7 17 18 2 1 2 7 1 2 7 0 2 7 5 31 3 0 2 7 0 2 7 0 2 7 5 31 3 1 2 7 0 2 7 1 2 7 1 2 7 0 2 7 0 40.0670828819274902
1 2 7 0 2 4 17 18 2 13 6 3 17 9 2 17 9 2 1 2 7 0 2 7 0 2 7 1 2 4 0 2 7 0 2 7 1 2 7 5 30 3 0 2 7 1 2 7 0 2 4 1 2 7 1 2 7 0 2 7 0 2 7 16 6 2 0 2 7 0 2 7 1 2 7 1 2 3 5 31 3 0 2 7 0 2 7 0 2 7 17 18 2 0 2 7 1 2 7 0 2 7 5 31 3 0 2 7 1 2 4 5 30 3 0 2 4 1 2 7 0 40.148398756980896
1 2 7 0 2 4 17 18 2 13 6 3 17 9 2 0 2 7 17 9 2 0 2 7 1 2 7 0 2 3 0 2 7 1 2 7 0 2 7 1 2 7 0 2 7 5 31 3 0 2 7 0 2 7 5 31 3 0 2 7 0 2 7 1 2 7 1 2 7 0 2 7 0 2 7 0 2 7 0 2 7 1 2 7 0 2 7 0 2 7 1 2 7 17 18 2 1 2 7 1 2 7 1 2 7 1 2 7 5 30 3 1 2 7 1 2 7 0 2 7 0 40.202995777130127
1 2 7 17 18 2 13 6 3 17 9 2 17 9 2 1 2 7 0 2 7 0 2 4 1 2 7 0 2 7 0 2 7 1 2 7 0 2 7 1 2 7 1 2 7 1 2 7 0 2 7 0 2 7 16 6 2 0 2 7 1 2 7 5 31 3 0 2 7 0 2 7 0 2 7 17 18 2 1 2 7 0 2 7 5 31 3 0 2 7 0 2 7 0 2 7 0 2 7 1 2 4 1 2 7 1 2 4 1 2 7 0 2 4 5 30 3 0 2 7 1.97094751775922954e-05 39.8072037696838379

Current Evaluation = 8550(8550)
Front Size = 10
1 2 7 0 2 7 17 18 2 13 6 3 17 9 2 1 2 7 1 2 7 1 2 7 0 2 7 0 2 7 1 2 7 0 2 7 0 2 7 0 2 7 5 31 3 0 2 7 0 2 7 0 2 7 1 2 7 0 2 7 1 2 7 0 2 7 0 2 7 1 2 7 0 2 7 0 2 7 0 2 7 0 2 7 0 2 7 1 2 7 1 2 7 5 31 3 1 2 7 5 31 3 16 6 2 1 2 11 1 2 7 0 2 4 17 9 2 17 9 2 0 40.0670827627182007
1 2 7 0 2 7 17 18 2 13 6 3 17 9 2 1 2 7 1 2 7 1 2 7 0 2 7 0 2 7 1 2 7 0 2 7 0 2 7 0 2 7 5 31 3 0 2 7 0 2 7 0 2 7 1 2 7 0 2 7 1 2 7 0 2 7 0 2 7 1 2 7 0 2 7 0 2 7 0 2 7 0 2 7 0 2 7 1 2 7 1 2 7 5 31 3 1 2 7 5 31 3 16 6 2 17 18 2 17 18 2 1 2 11 1 2 4 0 2 7 0 40.0670827627182007
1 2 4 17 18 2 13 6 3 17 18 2 0 2 7 1 2 4 1 2 7 1 2 7 0 2 4 5 30 3 0 2 7 0 2 7 5 30 3 0 2 4 0 2 3 1 2 7 1 2 7 17 18 2 1 2 7 0 2 3 0 2 4 5 31 3 0 2 4 1 2 7 12 16 2 1 2 7 12 16 2 0 2 3 0 2 7 1 2 7 0 2 7 0 2 7 0 2 7 17 9 2 6 2 4 0 2 7 0 2 4 13 6 3 12 16 2 12 16 2 0 40.5796666741371155
1 2 7 0 2 7 17 18 2 13 6 3 17 9 2 1 2 7 17 9 2 1 2 7 1 2 7 0 2 7 0 2 7 1 2 7 0 2 4 1 2 7 0 2 7 5 30 3 0 2 7 0 2 7 0 2 4 5 31 3 0 2 7 1 2 7 0 2 7 1 2 7 0 2 4 1 2 7 0 2 7 0 2 7 0 2 7 0 2 3 0 2 7 1 2 7 17 9 2 1 2 7 5 31 3 0 2 7 0 2 4 5 30 3 1 2 4 16 6 2 0 40.148398756980896
0 2 7 17 18 2 13 6 3 17 18 2 0 2 7 1 2 7 1 2 7 0 2 7 0 2 7 1 2 4 1 2 7 17 18 2 1 2 7 5 31 3 1 2 7 0 2 4 0 2 3 1 2 7 0 2 7 0 2 7 0 2 7 1 2 7 0 2 7 0 2 7 1 2 3 5 30 3 0 2 7 0 2 7 5 30 3 0 2 7 0 2 7 0 2 3 12 16 2 1 2 7 1 2 7 16 31 2 1 2 4 0 2 7 0 2 7 12 16 2 0 40.5605276823043823
1 2 7 0 2 4 17 18 2 13 6 3 17 9 2 17 9 2 1 2 7 0 2 7 0 2 7 1 2 4 0 2 7 0 2 7 1 2 7 5 30 3 0 2 7 1 2 7 0 2 4 1 2 7 1 2 7 0 2 7 0 2 4 16 6 2 0 2 7 0 2 7 1 2 7 1 2 3 5 31 3 0 2 7 0 2 7 0 2 7 17 18 2 0 2 7 1 2 7 0 2 7 5 31 3 0 2 7 1 2 7 1 2 4 5 30 3 0 2 7 0 40.148398756980896
0 2 7 5 30 3 1 2 7 0 2 7 0 2 7 12 16 2 1 2 7 17 18 2 13 6 3 0 2 7 0 2 7 0 2 7 0 2 7 0 2 7 0 2 7 0 2 7 0 2 7 0 2 4 1 2 7 0 2 7 0 2 7 1 2 7 17 18 2 0 2 4 1 2 7 1 2 7 1 2 7 0 2 7 0 2 4 1 2 7 12 16 2 5 31 3 1 2 7 5 30 3 17 9 2 17 18 2 5 30 3 1 2 7 13 6 3 0 2 7 0 40.3689725399017334
1 2 7 0 2 7 17 18 2 13 6 3 17 9 2 1 2 7 1 2 7 1 2 7 0 2 7 0 2 7 1 2 7 0 2 7 0 2 7 0 2 7 5 31 3 0 2 7 0 2 7 0 2 7 1 2 7 0 2 7 1 2 7 0 2 7 0 2 7 1 2 7 0 2 7 0 2 7 0 2 7 1 2 7 5 31 3 16 6 2 17 18 2 0 2 4 5 30 3 0 2 7 1 2 7 17 9 2 5 31 3 1 2 3 1 2 4 0 2 4 0 40.2886778116226196
1 2 7 0 2 7 17 18 2 13 6 3 1 2 7 1 2 7 1 2 7 0 2 7 0 2 7 1 2 7 0 2 7 0 2 7 0 2 7 5 31 3 0 2 7 0 2 7 0 2 7 1 2 7 0 2 7 1 2 7 0 2 7 0 2 7 1 2 7 0 2 7 0 2 7 0 2 7 1 2 7 17 18 2 17 18 2 1 2 4 12 16 2 0 2 4 0 2 7 0 2 3 5 31 3 1 2 7 5 31 3 1 2 4 12 16 2 5 30 3 4.6688698636321474e-05 40.9931707382202148
1 2 7 0 2 7 17 18 2 13 6 3 1 2 7 1 2 7 1 2 7 0 2 7 0 2 7 1 2 7 0 2 7 0 2 7 0 2 7 5 31 3 0 2 7 0 2 7 0 2 7 1 2 7 0 2 7 1 2 7 0 2 7 0 2 7 1 2 7 0 2 7 0 2 7 0 2 7 1 2 7 17 18 2 17 18 2 1 2 4 17 9 2 0 2 7 16 31 2 1 2 7 5 30 3 1 2 3 0 2 3 16 6 2 1 2 11 0 2 7 0.0385499201825936708 39.6344397068023682

Current Evaluation = 9000(9000)
Front Size = 10
1 2 7 0 2 7 17 18 2 13 6 3 17 9 2 1 2 7 1 2 7 1 2 7 0 2 7 0 2 7 1 2 7 0 2 7 0 2 7 0 2 7 5 31 3 0 2 7 0 2 7 0 2 7 1 2 7 0 2 7 1 2 7 0 2 7 0 2 7 1 2 7 0 2 7 0 2 7 0 2 7 0 2 7 1 2 7 1 2 11 5 31 3 5 31 3 16 6 2 1 2 7 0 2 7 1 2 7 17 9 2 1 2 7 0 2 4 17 9 2 0 40.0670827627182007
1 2 7 17 18 2 13 6 3 17 9 2 17 9 2 1 2 7 0 2 7 0 2 7 1 2 7 0 2 7 0 2 7 0 2 7 1 2 11 1 2 7 1 2 7 0 2 7 0 2 7 16 6 2 0 2 7 0 2 7 1 2 7 5 31 3 0 2 7 0 2 7 0 2 7 17 18 2 1 2 7 0 2 7 0 2 4 5 31 3 0 2 7 1 2 7 0 2 7 0 2 7 5 31 3 1 2 7 0 2 7 1 2 7 1 2 7 1 2 7 0 40.0670827627182007
0 2 7 5 30 3 1 2 7 0 2 7 0 2 7 12 16 2 1 2 7 17 18 2 13 6 3 0 2 7 0 2 7 0 2 7 0 2 7 0 2 7 0 2 7 0 2 7 0 2 7 0 2 4 1 2 7 0 2 7 0 2 7 1 2 7 17 18 2 0 2 4 1 2 7 1 2 7 1 2 7 0 2 7 0 2 4 1 2 7 12 16 2 5 31 3 1 2 7 5 30 3 17 9 2 17 18 2 5 30 3 1 2 7 13 6 3 0 2 7 0 40.3689725399017334
1 2 7 1 2 7 17 18 2 13 6 3 17 9 2 1 2 7 0 2 7 1 2 7 0 2 7 1 2 7 0 2 7 0 2 7 1 2 7 5 31 3 0 2 7 0 2 4 0 2 7 1 2 7 0 2 4 1 2 7 0 2 4 0 2 7 0 2 7 1 2 7 0 2 7 0 2 7 5 30 3 16 6 2 0 2 7 0 2 3 17 9 2 1 2 7 0 2 4 0 2 4 17 9 2 5 30 3 5 31 3 1 2 7 0 2 7 1 2 7 0 40.148398756980896
1 2 7 0 2 4 17 18 2 13 6 3 17 9 2 17 9 2 1 2 7 0 2 7 0 2 7 1 2 4 0 2 7 0 2 7 1 2 7 5 30 3 0 2 7 1 2 7 0 2 4 1 2 7 1 2 7 0 2 7 0 2 4 16 6 2 0 2 7 0 2 7 1 2 7 1 2 3 5 31 3 0 2 7 0 2 7 0 2 7 17 18 2 0 2 7 1 2 7 0 2 7 5 31 3 0 2 7 1 2 7 1 2 4 5 30 3 0 2 7 0 40.148398756980896
0 2 7 1 2 7 1 2 11 0 2 7 1 2 7 17 18 2 13 6 3 0 2 7 0 2 7 0 2 7 0 2 7 1 2 7 0 2 7 1 2 7 0 2 7 0 2 7 0 2 7 0 2 7 17 9 2 1 2 7 1 2 4 1 2 7 0 2 7 0 2 7 5 31 3 1 2 7 17 18 2 1 2 7 1 2 7 16 6 2 5 31 3 17 18 2 0 2 7 1 2 7 0 2 7 0 2 7 0 2 7 5 31 3 0 2 7 1 2 7 0 40.0670827627182007
1 2 7 0 2 3 17 18 2 13 6 3 16 6 2 1 2 7 1 2 4 1 2 7 1 2 7 1 2 7 0 2 7 0 2 7 0 2 7 0 2 7 5 31 3 0 2 7 0 2 7 0 2 7 1 2 7 0 2 4 1 2 7 0 2 7 0 2 4 1 2 7 0 2 7 0 2 7 5 31 3 17 9 2 17 18 2 1 2 7 5 30 3 17 18 2 1 2 4 5 30 3 0 2 7 0 2 7 0 2 7 0 2 4 0 2 7 1 2 7 0 40.148398756980896
1 2 7 0 2 7 17 18 2 13 6 3 17 9 2 1 2 7 17 9 2 1 2 7 1 2 7 0 2 7 0 2 7 1 2 7 0 2 4 1 2 7 0 2 7 5 30 3 0 2 7 0 2 7 0 2 4 5 31 3 0 2 7 1 2 7 0 2 7 1 2 7 0 2 4 1 2 7 0 2 7 0 2 7 0 2 7 0 2 3 0 2 7 1 2 7 17 9 2 1 2 7 5 31 3 0 2 4 5 30 3 16 6 2 0 2 7 1 2 4 0 40.148398756980896
1 2 4 0 2 7 17 18 2 13 6 3 17 9 2 1 2 7 1 2 7 1 2 11 0 2 7 0 2 7 1 2 7 1 2 7 0 2 7 1 2 7 5 31 3 0 2 7 0 2 7 0 2 7 1 2 7 0 2 7 0 2 7 0 2 7 0 2 7 1 2 7 0 2 7 0 2 7 0 2 7 0 2 7 0 2 7 1 2 7 5 31 3 5 31 3 16 6 2 1 2 7 0 2 7 1 2 7 17 9 2 1 2 7 0 2 7 17 18 2 0 40.0670827627182007
1 2 7 0 2 7 17 18 2 13 6 3 17 9 2 1 2 7 17 9 2 1 2 7 1 2 7 0 2 7 0 2 7 1 2 7 1 2 7 0 2 7 0 2 7 0 2 7 5 31 3 0 2 7 1 2 7 0 2 7 1 2 7 1 2 7 0 2 7 0 2 7 0 2 7 0 2 7 1 2 7 17 9 2 1 2 7 5 31 3 0 2 7 1 2 4 16 6 2 0 2 4 5 30 3 0 2 4 0 2 7 0 2 7 0 2 4 5 30 3 2.30333411617759287e-06 40.0683987140655518

MonoObjective Genetic Algorithm
Number of Evaluations = 0
Mutation Probability = 0
Crossover Probability = 1
Population Size = 10
Survival Selection Type = 16

Time =  9014.80121898651123

Current Evaluation = 2220
Front Size = 10
1 2 7 0 2 7 17 18 2 13 6 3 17 9 2 1 2 7 1 2 7 1 2 7 0 2 7 0 2 7 1 2 7 0 2 7 0 2 7 0 2 7 5 31 3 0 2 7 0 2 7 0 2 7 1 2 7 0 2 7 1 2 7 0 2 7 0 2 7 1 2 7 0 2 7 0 2 7 0 2 7 0 2 7 1 2 7 1 2 11 5 31 3 5 31 3 16 6 2 1 2 7 0 2 7 1 2 7 17 9 2 1 2 7 0 2 4 17 9 2 0 40.0670827627182007
1 2 7 17 18 2 13 6 3 17 9 2 17 9 2 1 2 7 0 2 7 0 2 7 1 2 7 0 2 7 0 2 7 0 2 7 1 2 11 1 2 7 1 2 7 0 2 7 0 2 7 16 6 2 0 2 7 0 2 7 1 2 7 5 31 3 0 2 7 0 2 7 0 2 7 17 18 2 1 2 7 0 2 7 0 2 4 5 31 3 0 2 7 1 2 7 0 2 7 0 2 7 5 31 3 1 2 7 0 2 7 1 2 7 1 2 7 1 2 7 0 40.0670827627182007
0 2 7 5 30 3 1 2 7 0 2 7 0 2 7 12 16 2 1 2 7 17 18 2 13 6 3 0 2 7 0 2 7 0 2 7 0 2 7 0 2 7 0 2 7 0 2 7 0 2 7 0 2 4 1 2 7 0 2 7 0 2 7 1 2 7 17 18 2 0 2 4 1 2 7 1 2 7 1 2 7 0 2 7 0 2 4 1 2 7 12 16 2 5 31 3 1 2 7 5 30 3 17 9 2 17 18 2 5 30 3 1 2 7 13 6 3 0 2 7 0 40.3689725399017334
1 2 7 1 2 7 17 18 2 13 6 3 17 9 2 1 2 7 0 2 7 1 2 7 0 2 7 1 2 7 0 2 7 0 2 7 1 2 7 5 31 3 0 2 7 0 2 4 0 2 7 1 2 7 0 2 4 1 2 7 0 2 4 0 2 7 0 2 7 1 2 7 0 2 7 0 2 7 5 30 3 16 6 2 0 2 7 0 2 3 17 9 2 1 2 7 0 2 4 0 2 4 17 9 2 5 30 3 5 31 3 1 2 7 0 2 7 1 2 7 0 40.148398756980896
1 2 7 0 2 4 17 18 2 13 6 3 17 9 2 17 9 2 1 2 7 0 2 7 0 2 7 1 2 4 0 2 7 0 2 7 1 2 7 5 30 3 0 2 7 1 2 7 0 2 4 1 2 7 1 2 7 0 2 7 0 2 4 16 6 2 0 2 7 0 2 7 1 2 7 1 2 3 5 31 3 0 2 7 0 2 7 0 2 7 17 18 2 0 2 7 1 2 7 0 2 7 5 31 3 0 2 7 1 2 7 1 2 4 5 30 3 0 2 7 0 40.148398756980896
0 2 7 1 2 7 1 2 11 0 2 7 1 2 7 17 18 2 13 6 3 0 2 7 0 2 7 0 2 7 0 2 7 1 2 7 0 2 7 1 2 7 0 2 7 0 2 7 0 2 7 0 2 7 17 9 2 1 2 7 1 2 4 1 2 7 0 2 7 0 2 7 5 31 3 1 2 7 17 18 2 1 2 7 1 2 7 16 6 2 5 31 3 17 18 2 0 2 7 1 2 7 0 2 7 0 2 7 0 2 7 5 31 3 0 2 7 1 2 7 0 40.0670827627182007
1 2 7 0 2 3 17 18 2 13 6 3 16 6 2 1 2 7 1 2 4 1 2 7 1 2 7 1 2 7 0 2 7 0 2 7 0 2 7 0 2 7 5 31 3 0 2 7 0 2 7 0 2 7 1 2 7 0 2 4 1 2 7 0 2 7 0 2 4 1 2 7 0 2 7 0 2 7 5 31 3 17 9 2 17 18 2 1 2 7 5 30 3 17 18 2 1 2 4 5 30 3 0 2 7 0 2 7 0 2 7 0 2 4 0 2 7 1 2 7 0 40.148398756980896
1 2 7 0 2 7 17 18 2 13 6 3 17 9 2 1 2 7 17 9 2 1 2 7 1 2 7 0 2 7 0 2 7 1 2 7 0 2 4 1 2 7 0 2 7 5 30 3 0 2 7 0 2 7 0 2 4 5 31 3 0 2 7 1 2 7 0 2 7 1 2 7 0 2 4 1 2 7 0 2 7 0 2 7 0 2 7 0 2 3 0 2 7 1 2 7 17 9 2 1 2 7 5 31 3 0 2 4 5 30 3 16 6 2 0 2 7 1 2 4 0 40.148398756980896
1 2 4 0 2 7 17 18 2 13 6 3 17 9 2 1 2 7 1 2 7 1 2 11 0 2 7 0 2 7 1 2 7 1 2 7 0 2 7 1 2 7 5 31 3 0 2 7 0 2 7 0 2 7 1 2 7 0 2 7 0 2 7 0 2 7 0 2 7 1 2 7 0 2 7 0 2 7 0 2 7 0 2 7 0 2 7 1 2 7 5 31 3 5 31 3 16 6 2 1 2 7 0 2 7 1 2 7 17 9 2 1 2 7 0 2 7 17 18 2 0 40.0670827627182007
1 2 7 0 2 7 17 18 2 13 6 3 17 9 2 1 2 7 17 9 2 1 2 7 1 2 7 0 2 7 0 2 7 1 2 7 1 2 7 0 2 7 0 2 7 0 2 7 5 31 3 0 2 7 1 2 7 0 2 7 1 2 7 1 2 7 0 2 7 0 2 7 0 2 7 0 2 7 1 2 7 17 9 2 1 2 7 5 31 3 0 2 7 1 2 4 16 6 2 0 2 4 5 30 3 0 2 4 0 2 7 0 2 7 0 2 4 5 30 3 2.30333411617759287e-06 40.0683987140655518

