Current Evaluation = 450(450)
Front Size = 10
5 30 3 0 2 7 5 30 3 0 2 7 16 6 2 1 2 7 5 31 3 12 16 2 0 2 7 5 31 3 1 2 7 17 9 2 16 30 2 0 2 7 1 2 7 0 2 7 0 2 4 6 2 7 1 2 7 0 2 7 1 2 7 0 2 7 1 2 7 0 2 7 0 2 7 0 2 7 0 2 7 0 2 7 0 2 7 1 2 7 0 2 7 1 2 7 0 2 7 0 2 7 17 1 2 17 18 2 0 2 7 5 31 3 0 2 7 0 2 7 0 40.735794723033905
0 2 3 12 16 2 5 30 3 0 2 3 0 2 3 0 2 3 5 30 3 0 2 3 0 2 3 0 2 3 0 2 7 0 2 3 1 2 3 0 2 3 16 19 12 0 2 8 0 2 3 1 2 11 0 2 7 16 18 12 1 2 7 0 2 7 0 2 3 16 19 12 0 2 7 0 2 7 0 2 7 0 2 7 0 2 7 16 19 12 16 19 12 5 30 3 0 2 3 0 2 3 0 2 7 1 2 3 5 30 3 0 2 3 5 31 3 5 30 3 2.15778116205353711e-06 44.3440638780593872
8 18 2 0 2 8 1 2 8 0 2 8 0 2 8 12 16 2 5 30 3 8 18 2 0 2 8 16 15 2 8 9 2 8 18 2 0 2 8 16 9 8 5 30 3 5 30 3 12 16 2 0 2 8 0 2 8 5 30 3 8 18 2 13 6 3 0 2 8 1 2 8 0 2 8 0 2 8 0 2 8 0 2 8 0 2 8 1 2 8 13 6 3 8 18 2 1 2 8 0 2 8 5 30 3 16 19 12 8 18 2 16 19 12 8 18 2 16 19 12 0.0118552205618261772 44.6290726661682129
0 2 7 1 2 8 6 2 7 8 18 2 0 2 7 5 30 3 0 2 7 5 30 3 12 16 2 12 16 2 0 2 7 0 2 11 5 30 3 0 2 11 0 2 7 16 6 2 1 2 7 0 2 11 0 2 7 0 2 7 0 2 11 12 16 2 0 2 8 12 16 2 0 2 11 8 18 2 0 2 7 0 2 7 0 2 7 16 19 11 5 30 3 5 30 3 12 16 2 0 2 7 16 19 11 0 2 11 8 18 2 12 16 2 8 18 2 16 6 2 0 43.3406155705451965
0 2 8 0 2 7 12 16 2 5 30 3 12 16 2 0 2 7 9 2 7 0 2 7 0 2 8 0 2 8 0 2 7 5 30 3 0 2 8 16 19 11 0 2 7 0 2 8 1 2 7 5 30 3 6 2 7 0 2 3 16 9 8 9 3 2 0 2 7 0 2 7 1 2 8 0 2 3 0 2 8 12 16 2 16 9 8 16 19 11 5 30 3 0 2 8 0 2 3 5 30 3 12 2 8 0 2 8 0 2 8 0 2 8 0 2 8 5 31 3 0.000462578644486361795 45.4032759070396423
0 2 7 8 9 2 5 30 3 16 19 11 5 30 3 1 2 3 12 16 2 1 2 7 1 2 7 17 9 2 12 16 2 13 6 3 0 2 3 0 2 7 0 2 7 0 2 7 0 2 7 1 2 3 0 2 7 1 2 3 0 2 7 0 2 4 0 2 7 0 2 7 5 30 3 1 2 4 0 2 7 1 2 7 12 16 2 0 2 7 1 2 7 0 2 3 5 30 3 0 2 3 0 2 7 0 2 7 16 9 11 0 2 3 17 18 2 1 2 3 0 41.9519725441932678
0 2 7 5 30 3 5 30 3 12 16 2 5 30 3 8 18 2 0 2 3 0 2 7 0 2 8 0 2 7 1 2 8 8 9 2 0 2 8 1 2 3 16 19 12 0 2 3 0 2 8 0 2 7 1 2 7 5 30 3 16 19 11 0 2 8 16 15 2 0 2 3 0 2 7 0 2 7 1 2 7 12 16 2 0 2 8 0 2 3 0 2 7 8 18 2 0 2 7 0 2 4 0 2 3 16 19 12 16 19 12 8 18 2 0 2 3 17 18 2 0.053646860078679498 43.7168790102005005
5 30 3 0 2 8 5 30 3 0 2 8 0 2 8 16 19 12 0 2 7 0 2 3 16 19 12 0 2 8 8 18 2 0 2 8 0 2 3 0 2 3 5 30 3 5 30 3 16 19 12 0 2 8 0 2 8 8 9 2 0 2 8 5 30 3 0 2 3 1 2 8 0 2 8 0 2 3 0 2 8 0 2 8 0 2 3 8 9 2 0 2 8 12 16 2 0 2 8 16 19 12 5 30 3 16 19 12 1 2 3 0 2 3 0 2 3 1 2 3 0.000295689073934750379 45.8737297058105469
0 2 7 0 2 7 5 31 3 6 2 7 5 30 3 12 16 2 1 2 7 5 31 3 0 2 7 0 2 7 0 2 7 0 2 7 0 2 7 6 2 7 0 2 7 5 30 3 5 30 3 16 19 12 1 2 7 16 19 12 12 16 2 1 2 7 0 2 7 16 6 2 0 2 7 0 2 3 0 2 3 0 2 3 0 2 7 0 2 3 0 2 7 0 2 7 0 2 7 0 2 3 16 19 11 0 2 3 5 31 3 0 2 3 0 2 7 16 6 2 0 42.7433866262435913
0 2 7 5 31 3 16 18 11 5 30 3 12 16 2 1 2 4 1 2 7 12 16 2 0 2 7 0 2 4 0 2 7 0 2 7 0 2 7 0 2 7 0 2 7 0 2 7 0 2 7 1 2 7 5 31 3 1 2 7 1 2 7 0 2 4 0 2 7 0 2 11 0 2 4 0 2 7 17 9 2 8 9 2 1 2 7 0 2 7 17 18 2 1 2 7 1 2 7 1 2 4 17 18 2 12 16 2 1 2 7 0 2 4 1 2 7 0 2 4 0 41.2205157876014709

Current Evaluation = 900(900)
Front Size = 10
5 30 3 0 2 7 5 30 3 0 2 7 16 6 2 6 2 7 5 31 3 12 16 2 0 2 7 5 31 3 1 2 7 17 9 2 16 6 2 13 6 3 1 2 7 0 2 7 0 2 7 0 2 7 0 2 7 0 2 7 1 2 11 0 2 7 1 2 7 0 2 7 0 2 7 0 2 7 0 2 7 1 2 4 0 2 7 1 2 7 0 2 7 1 2 7 1 2 7 0 2 4 17 9 2 17 18 2 0 2 7 5 31 3 0 2 7 0 2 4 0 40.6108766198158264
0 2 3 0 2 3 12 16 2 5 30 3 1 2 3 6 2 8 5 30 3 0 2 3 0 2 7 5 30 3 0 2 3 0 2 3 0 2 8 0 2 7 5 31 3 6 2 7 0 2 7 5 30 3 0 2 3 0 2 7 0 2 7 6 2 3 5 30 3 0 2 10 0 2 7 0 2 3 0 2 3 0 2 8 1 2 7 0 2 8 16 18 11 0 2 3 12 16 2 0 2 11 0 2 8 16 19 11 12 16 2 16 19 11 0 2 11 16 19 11 0 44.6418808698654175
5 30 3 0 2 8 5 30 3 0 2 8 0 2 8 16 19 12 0 2 7 0 2 3 16 19 12 0 2 8 8 18 2 0 2 8 0 2 3 0 2 3 5 30 3 5 30 3 16 19 12 0 2 8 0 2 8 8 9 2 0 2 8 5 30 3 0 2 3 1 2 8 0 2 8 0 2 3 0 2 8 0 2 8 0 2 3 8 9 2 0 2 8 12 16 2 0 2 8 16 19 12 5 30 3 16 19 12 1 2 3 0 2 3 0 2 3 1 2 3 0.000295689073934750379 45.8737297058105469
0 2 7 0 2 7 0 2 7 5 30 3 1 2 7 16 19 11 12 16 2 0 2 3 5 30 3 1 2 7 16 6 2 0 2 7 1 2 7 0 2 7 0 2 3 0 2 7 0 2 3 0 2 7 5 30 3 0 2 7 16 19 11 8 9 2 12 16 2 1 2 7 0 2 3 0 2 7 0 2 3 12 16 2 12 16 2 8 9 2 8 18 2 0 2 7 5 30 3 1 2 3 0 2 7 5 30 3 0 2 7 0 2 3 0 2 7 16 6 2 0 42.6683692932128906
0 2 4 0 2 7 1 2 7 5 30 3 0 2 11 0 2 7 12 16 2 12 16 2 1 2 7 1 2 11 0 2 7 1 2 7 12 16 2 0 2 7 17 18 2 5 30 3 5 30 3 8 18 2 6 2 7 0 2 4 1 2 7 5 30 3 0 2 7 1 2 7 17 18 2 1 2 4 0 2 7 13 6 3 17 18 2 13 6 3 0 2 4 0 2 4 17 18 2 0 2 10 12 16 2 0 2 7 0 2 7 0 2 7 1 2 7 0 2 11 0 40.9771875739097595
5 30 3 0 2 7 5 30 3 12 16 2 1 2 8 0 2 8 1 2 7 0 2 8 5 30 3 5 31 3 0 2 3 17 9 2 16 6 2 13 6 3 0 2 8 0 2 7 0 2 7 6 2 11 1 2 7 0 2 7 0 2 8 0 2 7 1 2 7 0 2 7 0 2 7 0 2 8 16 19 12 0 2 8 0 2 3 1 2 7 0 2 7 0 2 3 0 2 8 8 9 2 17 9 2 5 30 3 0 2 7 5 31 3 0 2 7 0 2 7 0.000367741360762576051 43.0415531396865845
8 18 2 0 2 8 1 2 8 0 2 8 0 2 8 12 16 2 5 30 3 8 18 2 0 2 8 16 15 2 8 9 2 8 18 2 0 2 8 16 9 8 5 30 3 5 30 3 12 16 2 0 2 8 0 2 8 5 30 3 8 18 2 13 6 3 0 2 8 1 2 8 0 2 8 0 2 8 0 2 8 0 2 8 0 2 8 1 2 8 13 6 3 8 18 2 1 2 8 0 2 8 5 30 3 16 19 12 8 18 2 16 19 12 8 18 2 16 19 12 0.0118552205618261772 44.6290726661682129
0 2 7 1 2 8 6 2 7 8 18 2 0 2 7 5 30 3 0 2 7 5 30 3 12 16 2 12 16 2 0 2 7 0 2 11 5 30 3 0 2 11 0 2 7 16 6 2 1 2 7 0 2 11 0 2 7 0 2 7 0 2 11 12 16 2 0 2 8 12 16 2 0 2 11 8 18 2 0 2 7 0 2 7 0 2 7 16 19 11 5 30 3 5 30 3 12 16 2 0 2 7 16 19 11 0 2 11 8 18 2 12 16 2 8 18 2 16 6 2 0 43.3406155705451965
0 2 8 0 2 7 12 16 2 5 30 3 12 16 2 0 2 7 9 2 7 0 2 7 0 2 8 0 2 8 0 2 7 5 30 3 0 2 8 16 19 11 0 2 7 0 2 8 1 2 7 5 30 3 6 2 7 0 2 3 16 9 8 9 3 2 0 2 7 0 2 7 1 2 8 0 2 3 0 2 8 12 16 2 16 9 8 16 19 11 5 30 3 0 2 8 0 2 3 5 30 3 12 2 8 0 2 8 0 2 8 0 2 8 0 2 8 5 31 3 0.000462578644486361795 45.4032759070396423
5 30 3 1 2 8 5 30 3 0 2 3 0 2 3 16 19 12 1 2 7 0 2 3 16 19 12 0 2 3 0 2 3 0 2 8 0 2 7 0 2 3 5 30 3 1 2 3 16 19 12 0 2 3 0 2 7 5 30 3 0 2 7 5 30 3 0 2 3 0 2 7 0 2 3 0 2 7 0 2 7 0 2 3 0 2 7 8 18 2 0 2 3 12 16 2 1 2 7 16 19 12 5 30 3 16 19 11 0 2 3 0 2 3 0 2 3 0 2 8 5.03516347074614574e-06 44.4870707988739014

Current Evaluation = 1350(1350)
Front Size = 10
5 30 3 0 2 7 5 31 3 0 2 7 16 6 2 1 2 7 5 31 3 6 2 7 0 2 7 5 30 3 1 2 7 17 9 2 16 6 2 13 6 3 1 2 7 0 2 7 0 2 7 0 2 7 1 2 7 0 2 7 1 2 7 0 2 7 0 2 7 0 2 7 0 2 7 0 2 7 0 2 7 1 2 7 0 2 7 1 2 7 0 2 7 1 2 7 1 2 8 0 2 7 17 9 2 17 18 2 0 2 7 5 31 3 0 2 7 0 2 7 0 40.5071266293525696
1 2 7 12 16 2 12 16 2 5 30 3 0 2 7 0 2 7 12 16 2 0 2 7 5 30 3 1 2 3 0 2 3 1 2 7 0 2 7 0 2 3 1 2 7 0 2 7 0 2 7 0 2 3 0 2 3 12 16 2 5 31 3 0 2 7 0 2 7 16 30 2 0 2 7 13 6 3 0 2 3 16 19 11 5 30 3 0 2 3 0 2 7 0 2 7 1 2 7 0 2 3 0 2 3 0 2 3 0 2 3 16 19 11 5 30 3 16 6 2 0 42.6113214492797852
0 2 7 1 2 11 1 2 7 5 30 3 1 2 4 0 2 4 12 16 2 12 16 2 1 2 7 0 2 7 12 16 2 0 2 7 0 2 7 5 30 3 17 18 2 5 30 3 0 2 4 0 2 7 1 2 4 0 2 11 0 2 3 1 2 7 17 18 2 0 2 7 1 2 7 17 18 2 0 2 7 0 2 4 0 2 7 0 2 7 8 18 2 17 9 2 13 6 3 1 2 7 13 6 3 0 2 7 0 2 4 1 2 7 12 16 2 1 2 7 0 40.6660995483398438
0 2 7 12 16 2 5 30 3 5 30 3 0 2 3 0 2 7 8 9 2 5 31 3 0 2 7 0 2 7 0 2 7 16 9 11 5 30 3 5 30 3 0 2 4 1 2 3 0 2 7 0 2 7 1 2 7 12 16 2 0 2 7 0 2 10 17 9 2 0 2 7 0 2 7 16 19 11 0 2 11 0 2 7 1 2 3 16 19 11 0 2 3 0 2 7 0 2 7 6 2 10 12 16 2 12 16 2 1 2 11 0 2 7 1 2 10 0 2 7 0 43.0840913653373718
8 18 2 0 2 8 1 2 8 0 2 8 0 2 8 12 16 2 5 30 3 8 18 2 0 2 8 16 15 2 8 9 2 8 18 2 0 2 8 16 9 8 5 30 3 5 30 3 12 16 2 0 2 8 0 2 8 5 30 3 8 18 2 13 6 3 0 2 8 1 2 8 0 2 8 0 2 8 0 2 8 0 2 8 0 2 8 1 2 8 13 6 3 8 18 2 1 2 8 0 2 8 5 30 3 16 19 12 8 18 2 16 19 12 8 18 2 16 19 12 0.0118552205618261772 44.6290726661682129
0 2 8 0 2 7 12 16 2 5 30 3 12 16 2 0 2 7 9 2 7 0 2 7 0 2 8 0 2 8 0 2 7 5 30 3 0 2 8 16 19 11 0 2 7 0 2 8 1 2 7 5 30 3 6 2 7 0 2 3 16 9 8 9 3 2 0 2 7 0 2 7 1 2 8 0 2 3 0 2 8 12 16 2 16 9 8 16 19 11 5 30 3 0 2 8 0 2 3 5 30 3 12 2 8 0 2 8 0 2 8 0 2 8 0 2 8 5 31 3 0.000462578644486361795 45.4032759070396423
0 2 7 1 2 8 6 2 7 8 18 2 0 2 7 5 30 3 0 2 7 5 30 3 12 16 2 12 16 2 0 2 7 0 2 11 5 30 3 0 2 11 0 2 7 16 6 2 1 2 7 0 2 11 0 2 7 0 2 7 0 2 11 12 16 2 0 2 8 12 16 2 0 2 11 8 18 2 0 2 7 0 2 7 0 2 7 16 19 11 5 30 3 5 30 3 12 16 2 0 2 7 16 19 11 0 2 11 8 18 2 12 16 2 8 18 2 16 6 2 0 43.3406155705451965
5 30 3 0 2 7 5 30 3 1 2 8 5 31 3 0 2 7 0 2 8 1 2 7 1 2 3 8 9 2 0 2 3 0 2 3 17 9 2 16 6 2 13 6 3 1 2 7 16 19 12 16 19 12 0 2 8 0 2 3 16 19 12 0 2 8 0 2 7 0 2 3 0 2 8 0 2 7 8 9 2 0 2 7 1 2 7 0 2 8 1 2 7 0 2 7 5 30 3 0 2 3 0 2 8 17 18 2 0 2 7 5 31 3 0 2 7 0 2 8 0.0285785973341429606 43.1262843608856201
5 30 3 0 2 8 5 30 3 0 2 8 0 2 8 16 19 12 0 2 7 0 2 3 16 19 12 0 2 8 8 18 2 0 2 8 0 2 3 0 2 3 5 30 3 5 30 3 16 19 12 0 2 8 0 2 8 8 9 2 0 2 8 5 30 3 0 2 3 1 2 8 0 2 8 0 2 3 0 2 8 0 2 8 0 2 3 8 9 2 0 2 8 12 16 2 0 2 8 16 19 12 5 30 3 16 19 12 1 2 3 0 2 3 0 2 3 1 2 3 0.000295689073934750379 45.8737297058105469
0 2 7 5 30 3 0 2 7 0 2 7 0 2 7 5 30 3 0 2 7 1 2 7 6 2 7 0 2 7 0 2 7 1 2 8 5 31 3 1 2 7 12 16 2 0 2 7 9 2 7 0 2 8 0 2 7 17 9 2 16 19 11 0 2 8 16 6 2 0 2 7 16 9 8 9 3 2 17 18 2 0 2 8 12 16 2 16 9 8 16 6 2 5 30 3 0 2 7 1 2 7 5 31 3 0 2 7 0 2 8 0 2 8 0 2 7 0 2 8 0.233165942103583379 42.8714596629142761

Current Evaluation = 1800(1800)
Front Size = 10
5 30 3 0 2 7 0 2 7 0 2 7 5 31 3 5 30 3 1 2 7 17 9 2 13 6 3 1 2 7 0 2 7 1 2 7 1 2 7 1 2 7 0 2 7 1 2 7 0 2 7 0 2 7 0 2 7 0 2 7 0 2 7 17 18 2 5 31 3 12 16 2 0 2 7 1 2 7 0 2 7 1 2 7 0 2 7 0 2 7 1 2 7 17 18 2 1 2 7 13 6 3 0 2 7 17 9 2 0 2 7 12 16 2 0 2 7 6 2 7 0 40.4349926114082336
0 2 7 1 2 7 0 2 7 5 30 3 1 2 4 0 2 7 12 16 2 12 16 2 1 2 7 0 2 7 12 16 2 0 2 7 0 2 7 5 30 3 17 18 2 5 30 3 0 2 4 0 2 7 1 2 4 1 2 11 0 2 7 1 2 7 17 18 2 0 2 3 1 2 7 17 18 2 0 2 7 0 2 4 0 2 4 0 2 7 8 18 2 17 9 2 13 6 3 1 2 11 13 6 3 0 2 7 0 2 4 1 2 7 12 16 2 1 2 7 0 40.6660994291305542
12 16 2 12 16 2 5 31 3 1 2 7 0 2 7 12 16 2 0 2 7 5 31 3 0 2 7 6 2 7 1 2 7 0 2 7 0 2 7 6 2 7 0 2 7 12 16 2 0 2 7 0 2 4 1 2 7 5 31 3 2 3 3 5 30 3 16 6 2 12 16 2 0 2 4 8 9 2 0 2 7 17 18 2 12 16 2 17 18 2 6 2 7 0 2 7 0 2 4 0 2 7 8 9 2 16 6 2 0 2 7 1 2 7 0 2 7 0 2 7 0 41.8747906088829041
8 18 2 0 2 8 1 2 8 0 2 8 0 2 8 12 16 2 5 30 3 8 18 2 0 2 8 16 15 2 8 9 2 8 18 2 0 2 8 16 9 8 5 30 3 5 30 3 12 16 2 0 2 8 0 2 8 5 30 3 8 18 2 13 6 3 0 2 8 1 2 8 0 2 8 0 2 8 0 2 8 0 2 8 0 2 8 1 2 8 13 6 3 8 18 2 1 2 8 0 2 8 5 30 3 16 19 12 8 18 2 16 19 12 8 18 2 16 19 12 0.0118552205618261772 44.6290726661682129
0 2 7 1 2 8 6 2 7 8 18 2 0 2 7 5 30 3 0 2 7 5 30 3 12 16 2 12 16 2 0 2 7 0 2 11 5 30 3 0 2 11 0 2 7 16 6 2 1 2 7 0 2 11 0 2 7 0 2 7 0 2 11 12 16 2 0 2 8 12 16 2 0 2 11 8 18 2 0 2 7 0 2 7 0 2 7 16 19 11 5 30 3 5 30 3 12 16 2 0 2 7 16 19 11 0 2 11 8 18 2 12 16 2 8 18 2 16 6 2 0 43.3406155705451965
12 16 2 12 16 2 5 30 3 1 2 3 0 2 3 12 16 2 1 2 7 5 30 3 0 2 3 1 2 7 1 2 3 1 2 7 1 2 7 0 2 7 13 6 3 5 30 3 16 31 2 0 2 3 0 2 3 0 2 7 17 18 2 5 30 3 0 2 7 5 30 3 16 6 2 0 2 3 0 2 3 0 2 7 0 2 7 0 2 7 0 2 7 16 6 2 8 18 2 0 2 7 0 2 7 0 2 7 0 2 7 0 2 7 1 2 7 0 2 7 0 41.547763466835022
5 30 3 0 2 3 5 31 3 0 2 7 0 2 3 12 16 2 1 2 8 5 30 3 5 30 3 12 16 2 0 2 3 0 2 7 0 2 3 16 19 12 0 2 8 0 2 3 0 2 8 16 19 12 8 9 2 0 2 3 0 2 8 1 2 8 5 30 3 0 2 3 0 2 8 0 2 8 0 2 3 0 2 7 0 2 8 1 2 3 0 2 7 0 2 8 0 2 3 16 19 12 5 30 3 16 19 12 0 2 3 0 2 3 0 2 8 0 2 8 1.32028740077164439e-06 45.6797943115234375
12 16 2 12 16 2 5 30 3 1 2 7 0 2 7 12 16 2 1 2 7 5 31 3 0 2 11 0 2 4 0 2 11 0 2 7 1 2 7 1 2 7 0 2 7 0 2 4 12 16 2 0 2 7 13 6 3 5 30 3 0 2 8 0 2 11 0 2 11 8 18 2 17 9 2 16 30 2 0 2 3 0 2 3 0 2 7 17 18 2 0 2 11 0 2 10 6 2 3 6 2 7 5 30 3 1 2 7 0 2 11 0 2 7 5 30 3 16 6 2 0 42.1177390217781067
5 30 3 0 2 7 0 2 7 0 2 7 5 31 3 5 30 3 0 2 7 12 16 2 12 16 2 0 2 3 5 30 3 0 2 3 1 2 7 1 2 7 1 2 7 1 2 7 0 2 3 1 2 7 1 2 8 0 2 3 0 2 3 0 2 7 8 9 2 17 18 2 5 31 3 0 2 3 0 2 3 0 2 7 1 2 7 0 2 7 16 19 12 0 2 8 17 18 2 0 2 8 13 6 3 0 2 7 17 9 2 0 2 7 0 2 8 0 2 8 4.19867544524413597e-06 42.9934539794921875
0 2 8 0 2 7 12 16 2 5 30 3 12 16 2 0 2 7 9 2 7 0 2 7 0 2 8 0 2 8 0 2 7 5 30 3 0 2 8 16 19 11 0 2 7 0 2 8 1 2 7 5 30 3 6 2 7 0 2 3 16 9 8 9 3 2 0 2 7 0 2 7 1 2 8 0 2 3 0 2 8 12 16 2 16 9 8 16 19 11 5 30 3 0 2 8 0 2 3 5 30 3 12 2 8 0 2 8 0 2 8 0 2 8 0 2 8 5 31 3 0.000462578644486361795 45.4032759070396423

Current Evaluation = 2250(2250)
Front Size = 10
5 30 3 0 2 7 0 2 7 0 2 7 5 30 3 5 30 3 1 2 7 17 9 2 13 6 3 1 2 7 0 2 7 1 2 7 1 2 3 0 2 7 0 2 7 1 2 7 0 2 4 1 2 7 0 2 7 0 2 7 0 2 7 17 18 2 5 31 3 12 16 2 0 2 7 1 2 7 0 2 7 1 2 7 0 2 7 0 2 4 1 2 7 17 18 2 1 2 7 13 6 3 0 2 7 17 9 2 0 2 7 12 16 2 0 2 4 1 2 7 0 40.3984205722808838
5 30 3 0 2 3 5 31 3 0 2 7 0 2 3 12 16 2 1 2 8 5 30 3 5 30 3 12 16 2 0 2 3 0 2 7 0 2 3 16 19 12 0 2 8 0 2 3 0 2 8 16 19 12 8 9 2 0 2 3 0 2 8 1 2 8 5 30 3 0 2 3 0 2 8 0 2 8 0 2 3 0 2 7 0 2 8 1 2 3 0 2 7 0 2 8 0 2 3 16 19 12 5 30 3 16 19 12 0 2 3 0 2 3 0 2 8 0 2 8 1.32028740077164439e-06 45.6797943115234375
0 2 7 1 2 7 0 2 7 5 30 3 0 2 7 5 30 3 12 16 2 12 16 2 0 2 3 0 2 7 1 2 7 0 2 7 0 2 7 0 2 7 0 2 7 0 2 7 0 2 7 8 18 2 0 2 7 0 2 3 5 30 3 0 2 7 16 15 2 0 2 7 0 2 11 13 6 3 6 2 7 17 18 2 0 2 3 5 30 3 1 2 3 5 30 3 0 2 4 1 2 7 17 9 2 1 2 7 8 18 2 12 16 2 0 2 7 16 6 2 0 41.6090905070304871
0 2 7 1 2 8 6 2 7 8 18 2 0 2 7 5 30 3 0 2 7 5 30 3 12 16 2 12 16 2 0 2 7 0 2 11 5 30 3 0 2 11 0 2 7 16 6 2 1 2 7 0 2 11 0 2 7 0 2 7 0 2 11 12 16 2 0 2 8 12 16 2 0 2 11 8 18 2 0 2 7 0 2 7 0 2 7 16 19 11 5 30 3 5 30 3 12 16 2 0 2 7 16 19 11 0 2 11 8 18 2 12 16 2 8 18 2 16 6 2 0 43.3406155705451965
8 18 2 0 2 8 1 2 8 0 2 8 0 2 8 12 16 2 5 30 3 8 18 2 0 2 8 16 15 2 8 9 2 8 18 2 0 2 8 16 9 8 5 30 3 5 30 3 12 16 2 0 2 8 0 2 8 5 30 3 8 18 2 13 6 3 0 2 8 1 2 8 0 2 8 0 2 8 0 2 8 0 2 8 0 2 8 1 2 8 13 6 3 8 18 2 1 2 8 0 2 8 5 30 3 16 19 12 8 18 2 16 19 12 8 18 2 16 19 12 0.0118552205618261772 44.6290726661682129
12 16 2 0 2 7 0 2 7 0 2 7 0 2 7 0 2 7 5 30 3 8 9 2 5 30 3 5 30 3 5 30 3 0 2 7 1 2 7 1 2 7 8 9 2 12 16 2 12 16 2 5 30 3 0 2 7 0 2 7 17 9 2 0 2 7 1 2 7 0 2 7 0 2 7 16 19 11 0 2 7 0 2 3 16 19 11 0 2 7 0 2 7 1 2 7 0 2 7 0 2 7 0 2 7 16 19 11 8 9 2 1 2 7 1 2 7 0 2 7 0 42.419660210609436
5 30 3 0 2 3 0 2 7 12 16 2 5 30 3 5 30 3 12 16 2 0 2 7 5 30 3 0 2 7 0 2 7 0 2 3 17 18 2 0 2 3 0 2 4 6 2 7 0 2 7 1 2 7 12 16 2 0 2 3 13 6 3 0 2 7 1 2 10 1 2 7 0 2 3 0 2 7 5 31 3 1 2 8 16 19 12 12 16 2 1 2 4 0 2 10 0 2 8 0 2 8 0 2 8 17 9 2 0 2 7 16 19 12 0 2 3 8 9 2 0.000127768434529134436 43.2248747944831848
0 2 8 0 2 7 12 16 2 5 30 3 12 16 2 0 2 7 9 2 7 0 2 7 0 2 8 0 2 8 0 2 7 5 30 3 0 2 8 16 19 11 0 2 7 0 2 8 1 2 7 5 30 3 6 2 7 0 2 3 16 9 8 9 3 2 0 2 7 0 2 7 1 2 8 0 2 3 0 2 8 12 16 2 16 9 8 16 19 11 5 30 3 0 2 8 0 2 3 5 30 3 12 2 8 0 2 8 0 2 8 0 2 8 0 2 8 5 31 3 0.000462578644486361795 45.4032759070396423
12 16 2 12 16 2 1 2 7 0 2 4 0 2 7 0 2 7 0 2 7 1 2 7 0 2 7 5 30 3 17 9 2 12 16 2 1 2 4 12 16 2 0 2 7 0 2 7 5 30 3 8 9 2 0 2 7 5 31 3 13 6 3 0 2 7 17 18 2 1 2 7 6 2 7 0 2 4 1 2 7 1 2 4 16 6 2 1 2 7 0 2 3 0 2 4 1 2 7 17 9 2 0 2 4 0 2 7 0 2 3 0 2 3 12 16 2 1 2 10 3.83881896150626504e-05 41.1036695837974548
0 2 7 12 16 2 5 30 3 12 16 2 0 2 7 0 2 7 0 2 7 5 30 3 0 2 7 1 2 7 0 2 3 0 2 7 0 2 7 12 16 2 5 31 3 0 2 8 9 2 7 0 2 4 16 6 2 1 2 7 1 2 7 0 2 8 5 30 3 0 2 4 1 2 7 9 3 2 1 2 8 8 9 2 0 2 8 16 9 8 17 9 2 0 2 4 1 2 7 0 2 3 5 30 3 1 2 3 0 2 4 1 2 3 0 2 8 0 2 7 0.0114196448873541689 43.1258007287979126

Current Evaluation = 2700(2700)
Front Size = 10
5 30 3 0 2 7 0 2 7 0 2 7 5 30 3 5 30 3 1 2 7 17 9 2 13 6 3 1 2 7 0 2 7 1 2 7 1 2 3 0 2 7 0 2 7 1 2 7 0 2 4 1 2 7 0 2 7 0 2 7 0 2 7 17 18 2 5 31 3 12 16 2 0 2 7 1 2 7 0 2 7 1 2 7 0 2 7 0 2 4 1 2 7 17 18 2 1 2 7 13 6 3 0 2 7 17 9 2 0 2 7 12 16 2 0 2 4 1 2 7 0 40.3984205722808838
0 2 7 1 2 7 17 18 2 0 2 4 5 30 3 0 2 7 5 30 3 12 16 2 12 16 2 5 30 3 0 2 7 1 2 7 0 2 7 0 2 3 0 2 7 12 16 2 0 2 7 0 2 7 1 2 4 13 6 3 5 30 3 8 18 2 0 2 7 16 15 2 0 2 7 17 9 2 0 2 7 0 2 7 1 2 4 1 2 7 0 2 7 1 2 7 12 16 2 0 2 7 0 2 7 0 2 7 8 18 2 12 16 2 8 18 2 16 6 2 0 41.3514033555984497
12 16 2 12 16 2 0 2 3 0 2 11 1 2 7 0 2 7 5 30 3 0 2 4 17 9 2 5 30 3 0 2 4 0 2 7 0 2 3 1 2 11 0 2 3 0 2 7 17 9 2 0 2 4 1 2 11 12 16 2 0 2 3 0 2 7 16 9 8 13 6 3 0 2 7 8 18 2 1 2 7 17 9 2 0 2 4 1 2 3 1 2 3 1 2 7 1 2 7 0 2 7 1 2 3 5 30 3 0 2 7 0 2 4 1 2 7 1 2 7 0 41.6515666246414185
0 2 7 0 2 7 6 2 7 8 18 2 0 2 7 5 30 3 0 2 11 5 30 3 12 16 2 12 16 2 0 2 11 0 2 8 5 30 3 0 2 8 0 2 7 16 6 2 1 2 7 0 2 7 0 2 11 0 2 3 0 2 7 12 16 2 1 2 7 12 16 2 0 2 7 8 18 2 0 2 7 0 2 7 0 2 7 16 19 1 5 30 3 5 30 3 12 16 2 0 2 7 16 19 11 0 2 11 8 18 2 12 16 2 8 18 2 16 6 2 0 43.3368156552314758
5 30 3 0 2 3 0 2 7 12 16 2 5 30 3 5 30 3 12 16 2 0 2 7 5 30 3 0 2 7 0 2 7 0 2 3 17 18 2 0 2 3 0 2 4 6 2 7 0 2 7 1 2 7 12 16 2 0 2 3 13 6 3 0 2 7 1 2 10 1 2 7 0 2 3 0 2 7 5 31 3 1 2 8 16 19 12 12 16 2 1 2 4 0 2 10 0 2 8 0 2 8 0 2 8 17 9 2 0 2 7 16 19 12 0 2 3 8 9 2 0.000127768434529134436 43.2248747944831848
8 18 2 0 2 8 1 2 8 0 2 8 0 2 8 12 16 2 5 30 3 8 18 2 0 2 8 16 15 2 8 9 2 8 18 2 0 2 8 16 9 8 5 30 3 5 30 3 12 16 2 0 2 8 0 2 8 5 30 3 8 18 2 13 6 3 0 2 8 1 2 8 0 2 8 0 2 8 0 2 8 0 2 8 0 2 8 1 2 8 13 6 3 8 18 2 1 2 8 0 2 8 5 30 3 16 19 12 8 18 2 16 19 12 8 18 2 16 19 12 0.0118552205618261772 44.6290726661682129
1 2 7 12 16 2 5 30 3 12 16 2 0 2 11 0 2 7 0 2 3 5 30 3 0 2 3 0 2 3 5 30 3 0 2 3 16 19 11 0 2 8 0 2 8 0 2 8 12 16 2 0 2 7 0 2 8 0 2 11 12 16 2 15 2 11 0 2 7 16 19 11 0 2 11 0 2 7 5 30 3 0 2 8 0 2 7 16 19 11 16 19 11 5 30 3 0 2 7 0 2 11 0 2 7 8 18 2 5 30 3 0 2 11 0 2 11 0 2 11 0 45.0148599147796631
12 16 2 5 30 3 5 30 3 5 30 3 12 16 2 13 6 3 1 2 7 1 2 7 0 2 7 1 2 7 17 9 2 17 9 2 13 6 3 1 2 7 1 2 3 0 2 4 1 2 7 8 18 2 0 2 7 0 2 8 0 2 7 0 2 7 0 2 8 8 18 2 5 31 3 1 2 7 0 2 7 0 2 8 0 2 8 0 2 8 0 2 8 0 2 7 0 2 8 0 2 8 0 2 7 8 18 2 12 16 2 8 18 2 0 2 7 16 19 12 0.00290918887949076456 42.5930513143539429
12 16 2 12 16 2 1 2 3 0 2 7 5 31 3 0 2 3 17 9 2 5 30 3 0 2 7 0 2 7 0 2 7 17 9 2 1 2 3 0 2 7 13 6 3 1 2 7 1 2 7 0 2 7 0 2 7 1 2 7 0 2 7 5 30 3 0 2 7 0 2 7 6 2 7 5 31 3 1 2 7 0 2 7 0 2 7 0 2 7 0 2 7 16 20 12 12 16 2 1 2 7 0 2 7 0 2 3 1 2 3 0 2 7 16 19 11 0 2 7 0 41.6373795866966248
1 2 7 0 2 3 5 30 3 0 2 3 5 30 3 12 16 2 12 16 2 5 30 3 0 2 7 0 2 7 0 2 7 1 2 7 12 16 2 0 2 3 0 2 7 5 30 3 8 18 2 12 16 2 0 2 3 16 6 2 0 2 3 1 2 7 13 6 3 0 2 3 1 2 7 0 2 7 17 9 2 0 2 3 0 2 7 0 2 3 0 2 7 1 2 7 0 2 7 1 2 7 0 2 7 16 19 11 0 2 7 1 2 3 8 18 2 16 6 2 0 41.959119439125061

Current Evaluation = 3150(3150)
Front Size = 10
5 30 3 0 2 7 0 2 7 0 2 7 5 30 3 5 30 3 1 2 7 17 9 2 13 6 3 1 2 7 0 2 7 1 2 7 1 2 3 0 2 7 0 2 7 1 2 7 0 2 4 1 2 7 0 2 7 0 2 7 0 2 7 17 18 2 5 31 3 12 16 2 0 2 7 1 2 7 0 2 7 1 2 7 0 2 7 0 2 4 1 2 7 17 18 2 1 2 7 13 6 3 0 2 7 17 9 2 0 2 7 12 16 2 0 2 4 1 2 7 0 40.3984205722808838
0 2 7 0 2 7 17 18 2 1 2 7 5 30 3 0 2 4 5 30 3 0 2 7 5 30 3 0 2 4 0 2 7 12 16 2 0 2 3 0 2 4 0 2 7 0 2 7 17 18 2 1 2 4 12 16 2 0 2 7 0 2 7 8 18 2 0 2 7 12 16 2 1 2 7 12 16 2 16 31 2 0 2 4 1 2 7 0 2 7 1 2 4 0 2 4 13 6 3 17 18 2 1 2 11 0 2 7 1 2 7 1 2 11 1 2 7 1 2 3 0 40.969401478767395
0 2 7 0 2 7 0 2 7 5 30 3 5 30 3 12 16 2 12 16 2 5 30 3 0 2 7 0 2 3 0 2 7 0 2 3 0 2 7 0 2 7 0 2 3 0 2 3 1 2 7 0 2 7 0 2 7 1 2 7 0 2 7 1 2 7 0 2 7 0 2 3 16 6 2 0 2 7 0 2 7 1 2 3 12 16 2 0 2 3 16 19 11 5 30 3 5 30 3 8 9 2 16 19 11 8 18 2 1 2 7 12 16 2 8 18 2 16 6 2 0 42.6683692932128906
1 2 7 12 16 2 5 30 3 12 16 2 0 2 11 0 2 7 0 2 3 5 30 3 0 2 3 0 2 3 5 30 3 0 2 3 16 19 11 0 2 8 0 2 8 0 2 8 12 16 2 0 2 7 0 2 8 0 2 11 12 16 2 15 2 11 0 2 7 16 19 11 0 2 11 0 2 7 5 30 3 0 2 8 0 2 7 16 19 11 16 19 11 5 30 3 0 2 7 0 2 11 0 2 7 8 18 2 5 30 3 0 2 11 0 2 11 0 2 11 0 45.0148599147796631
8 18 2 0 2 8 1 2 8 0 2 8 0 2 8 12 16 2 5 30 3 8 18 2 0 2 8 16 15 2 8 9 2 8 18 2 0 2 8 16 9 8 5 30 3 5 30 3 12 16 2 0 2 8 0 2 8 5 30 3 8 18 2 13 6 3 0 2 8 1 2 8 0 2 8 0 2 8 0 2 8 0 2 8 0 2 8 1 2 8 13 6 3 8 18 2 1 2 8 0 2 8 5 30 3 16 19 12 8 18 2 16 19 12 8 18 2 16 19 12 0.0118552205618261772 44.6290726661682129
8 18 2 12 16 2 5 30 3 8 18 2 5 30 3 5 30 3 12 16 2 0 2 10 1 2 8 0 2 7 0 2 8 0 2 8 16 15 2 8 9 2 1 2 4 0 2 8 16 9 8 0 2 8 1 2 1 1 2 4 12 16 2 0 2 7 0 2 7 1 2 8 0 2 7 0 2 8 0 2 7 0 2 7 0 2 10 1 2 8 13 6 3 8 18 2 17 18 2 0 2 8 1 2 11 16 19 12 8 18 2 16 19 12 8 18 2 16 19 12 0.0711549338342066795 43.3118600845336914
0 2 7 12 16 2 5 31 3 0 2 7 1 2 7 6 2 7 0 2 7 5 31 3 1 2 4 5 30 3 0 2 7 1 2 7 0 2 7 0 2 7 12 16 2 0 2 11 12 16 2 17 18 2 6 2 7 17 9 2 0 2 7 0 2 7 0 2 4 1 2 4 5 30 3 1 2 11 0 2 7 0 2 7 1 2 4 13 6 3 0 2 10 0 2 7 0 2 7 1 2 11 6 2 4 17 18 2 0 2 7 17 9 2 0 2 7 1 2 7 0 41.1503676772117615
12 16 2 12 16 2 0 2 3 0 2 11 1 2 7 0 2 7 5 30 3 0 2 4 17 9 2 5 30 3 0 2 4 0 2 7 0 2 3 1 2 11 0 2 3 0 2 7 17 9 2 0 2 4 1 2 11 12 16 2 0 2 3 0 2 7 16 9 8 13 6 3 0 2 7 8 18 2 1 2 7 17 9 2 0 2 4 1 2 3 1 2 3 1 2 7 1 2 7 0 2 7 1 2 3 5 30 3 0 2 7 0 2 4 1 2 7 1 2 7 0 41.6515666246414185
8 18 2 12 16 2 5 30 3 17 18 2 5 30 3 5 30 3 12 16 2 1 2 7 12 16 2 1 2 7 0 2 3 0 2 7 6 2 7 16 31 2 1 2 7 0 2 7 0 2 7 1 2 4 1 2 7 5 30 3 17 1 2 13 6 3 0 2 7 0 2 7 0 2 7 12 16 2 0 2 7 0 2 7 0 2 7 0 2 7 0 2 7 0 2 7 0 2 7 0 2 7 5 30 3 1 2 7 0 2 7 17 18 2 0 2 7 0 2 7 0 41.2171403765678406
0 2 7 0 2 7 17 18 2 1 2 4 5 30 3 0 2 7 5 30 3 0 2 7 0 2 4 5 30 3 0 2 7 0 2 7 0 2 10 0 2 4 1 2 1 12 16 2 0 2 10 0 2 7 0 2 7 0 2 7 0 2 7 17 18 2 1 2 11 1 2 7 12 16 2 17 18 2 1 2 4 0 2 7 0 2 7 1 2 4 8 18 2 0 2 7 12 16 2 1 2 10 1 2 7 1 2 11 8 18 2 12 16 2 1 2 4 16 31 2 0 41.5618455410003662

Current Evaluation = 3600(3600)
Front Size = 10
0 2 4 1 2 4 1 2 7 1 2 7 0 2 7 0 2 7 0 2 7 0 2 7 0 2 7 17 18 2 0 2 7 16 24 2 1 2 7 5 31 3 1 2 7 0 2 7 0 2 7 1 2 7 0 2 7 5 30 3 1 2 7 17 18 2 0 2 7 13 6 3 5 31 3 0 2 7 1 2 7 1 2 4 0 2 7 0 2 7 0 2 7 1 2 7 5 30 3 0 2 7 17 9 2 0 2 7 1 2 7 0 2 7 17 18 2 1 2 7 0 40.1302337646484375
1 2 7 12 16 2 0 2 7 1 2 7 1 2 4 0 2 3 0 2 3 0 2 7 1 2 3 0 2 7 1 2 7 12 16 2 8 18 2 17 18 2 0 2 7 1 2 3 0 2 4 1 2 7 5 30 3 1 2 7 0 2 3 0 2 7 0 2 4 0 2 4 0 2 3 0 2 7 0 2 7 5 30 3 0 2 7 1 2 4 0 2 4 17 18 2 0 2 7 1 2 10 17 18 2 13 6 3 17 18 2 5 30 3 1 2 7 1 2 4 0 40.9263907670974731
1 2 7 12 16 2 5 30 3 12 16 2 0 2 11 0 2 7 0 2 3 5 30 3 0 2 3 0 2 3 5 30 3 0 2 3 16 19 11 0 2 8 0 2 8 0 2 8 12 16 2 0 2 7 0 2 8 0 2 11 12 16 2 15 2 11 0 2 7 16 19 11 0 2 11 0 2 7 5 30 3 0 2 8 0 2 7 16 19 11 16 19 11 5 30 3 0 2 7 0 2 11 0 2 7 8 18 2 5 30 3 0 2 11 0 2 11 0 2 11 0 45.0148599147796631
5 30 3 0 2 4 1 2 7 1 2 7 0 2 7 5 31 3 17 18 2 6 2 7 1 2 7 0 2 7 0 2 4 0 2 7 12 16 2 0 2 7 0 2 4 1 2 7 1 2 7 0 2 4 1 2 4 0 2 4 0 2 7 12 16 2 0 2 7 17 18 2 13 6 3 12 16 2 0 2 7 1 2 4 17 9 2 5 31 3 1 2 7 1 2 4 0 2 7 0 2 7 1 2 3 0 2 7 17 9 2 1 2 7 0 2 7 0 2 7 0 40.6237867474555969
0 2 7 12 16 2 0 2 7 0 2 7 17 9 2 0 2 7 5 31 3 1 2 7 5 31 3 17 9 2 0 2 7 0 2 7 5 31 3 0 2 7 0 2 7 0 2 7 0 2 7 0 2 7 0 2 7 0 2 7 0 2 7 1 2 7 1 2 7 0 2 7 0 2 7 1 2 7 16 6 2 1 2 7 0 2 4 1 2 7 1 2 7 16 19 11 5 31 3 16 6 2 1 2 7 6 2 7 0 2 7 1 2 4 0 2 7 0 2 7 0 40.8946107029914856
5 30 3 1 2 7 0 2 7 1 2 7 0 2 4 5 30 3 0 2 3 0 2 3 1 2 7 16 19 11 17 9 2 1 2 3 0 2 3 5 30 3 0 2 3 0 2 7 0 2 7 0 2 7 0 2 7 1 2 7 1 2 3 12 16 2 16 6 2 16 6 2 8 9 2 1 2 7 5 30 3 5 31 3 0 2 7 0 2 7 0 2 7 0 2 7 0 2 4 16 19 11 0 2 7 0 2 3 0 2 3 0 2 3 0 2 3 0 2 7 0 42.2350915670394897
1 2 4 0 2 7 5 31 3 0 2 7 5 30 3 16 15 2 6 2 4 5 30 3 1 2 7 1 2 7 0 2 7 12 16 2 0 2 7 0 2 3 0 2 7 12 16 2 8 18 2 12 16 2 1 2 4 1 2 7 17 9 2 0 2 7 0 2 7 1 2 7 0 2 3 0 2 7 0 2 7 0 2 7 17 18 2 8 18 2 1 2 7 0 2 7 16 6 2 0 2 7 0 2 7 0 2 7 8 18 2 12 16 2 1 2 7 0 2 4 0 41.3200696110725403
5 30 3 0 2 7 1 2 7 0 2 7 0 2 7 5 31 3 17 18 2 5 30 3 0 2 7 1 2 7 0 2 7 0 2 7 1 2 3 12 16 2 0 2 7 0 2 7 1 2 7 0 2 7 0 2 7 6 2 7 0 2 7 0 2 7 0 2 7 5 30 3 1 2 3 12 16 2 16 19 11 0 2 4 0 2 7 17 9 2 0 2 7 16 24 2 13 6 3 0 2 7 5 30 3 12 16 2 1 2 7 0 2 7 8 18 2 0 2 7 0 41.5509094595909119
8 18 2 0 2 8 1 2 8 0 2 8 0 2 8 12 16 2 5 30 3 8 18 2 0 2 8 16 15 2 8 9 2 8 18 2 0 2 8 16 9 8 5 30 3 5 30 3 12 16 2 0 2 8 0 2 8 5 30 3 8 18 2 13 6 3 0 2 8 1 2 8 0 2 8 0 2 8 0 2 8 0 2 8 0 2 8 1 2 8 13 6 3 8 18 2 1 2 8 0 2 8 5 30 3 16 19 12 8 18 2 16 19 12 8 18 2 16 19 12 0.0118552205618261772 44.6290726661682129
8 18 2 12 16 2 5 30 3 5 30 3 5 30 3 12 16 2 5 30 3 13 6 3 5 30 3 0 2 8 1 2 8 0 2 8 0 2 8 1 2 7 0 2 8 16 15 2 0 2 7 0 2 7 0 2 7 1 2 4 0 2 8 0 2 8 0 2 7 0 2 7 12 16 2 0 2 8 0 2 7 1 2 7 0 2 8 0 2 7 0 2 7 0 2 7 8 18 2 1 2 8 0 2 8 0 2 3 8 18 2 17 18 2 17 1 2 16 19 12 0.000803485787042782884 43.2901570796966553

Current Evaluation = 4050(4050)
Front Size = 10
0 2 7 1 2 7 1 2 7 1 2 7 0 2 4 0 2 7 0 2 7 0 2 7 0 2 7 17 18 2 0 2 7 16 6 2 1 2 7 5 31 3 1 2 7 0 2 7 0 2 7 1 2 7 0 2 7 5 31 3 1 2 7 17 18 2 0 2 7 13 6 3 5 31 3 0 2 7 1 2 11 1 2 7 0 2 7 0 2 7 0 2 7 1 2 7 1 2 7 0 2 7 17 9 2 0 2 7 1 2 7 0 2 7 17 18 2 1 2 7 0 40.0670827627182007
1 2 7 0 2 4 0 2 7 17 18 2 6 2 7 0 2 4 1 2 4 17 9 2 0 2 7 0 2 7 1 2 7 0 2 7 13 6 3 1 2 7 1 2 7 5 31 3 1 2 4 0 2 7 1 2 7 0 2 7 17 18 2 0 2 7 17 18 2 0 2 4 1 2 4 0 2 3 1 2 7 5 30 3 0 2 7 1 2 7 0 2 7 0 2 7 1 2 4 0 2 7 0 2 4 0 2 7 12 16 2 12 16 2 12 16 2 5 31 3 0 40.6237867474555969
8 9 2 12 16 2 5 30 3 0 2 7 1 2 3 0 2 3 1 2 7 0 2 7 1 2 7 12 16 2 0 2 7 1 2 7 1 2 7 1 2 7 16 19 11 0 2 7 0 2 3 5 30 3 0 2 3 8 9 2 0 2 7 1 2 7 1 2 3 0 2 7 0 2 3 16 19 11 0 2 7 1 2 3 0 2 7 5 30 3 0 2 3 0 2 7 16 6 2 5 30 3 0 2 3 0 2 3 0 2 7 17 18 2 0 2 7 0 2 3 0 42.4504605531692505
17 18 2 0 2 8 0 2 8 0 2 11 0 2 11 12 16 2 5 30 3 8 18 2 0 2 11 16 6 2 0 2 7 0 2 8 5 30 3 5 30 3 5 30 3 0 2 7 1 2 7 5 30 3 8 9 2 0 2 8 0 2 11 1 2 8 5 30 3 16 19 11 0 2 7 0 2 8 0 2 8 0 2 8 1 2 11 17 18 2 0 2 1 0 2 11 6 2 8 0 2 8 0 2 11 0 2 8 8 18 2 0 2 8 6 2 8 12 16 2 0 44.7545355558395386
0 2 7 1 2 7 1 2 7 1 2 7 0 2 3 0 2 7 0 2 7 0 2 7 0 2 7 17 18 2 0 2 7 1 2 7 5 31 3 1 2 7 0 2 7 0 2 7 1 2 7 0 2 7 1 2 7 17 18 2 0 2 7 13 6 3 0 2 7 1 2 7 1 2 7 0 2 7 0 2 7 0 2 7 17 9 2 1 2 4 1 2 4 0 2 3 1 2 7 5 30 3 17 9 2 5 30 3 8 9 2 0 2 7 1 2 4 12 16 2 0 40.4343197345733643
17 18 2 12 16 2 5 30 3 8 18 2 0 2 7 5 30 3 0 2 7 1 2 7 0 2 7 17 18 2 12 16 2 0 2 8 0 2 8 1 2 7 0 2 11 0 2 7 1 2 7 0 2 4 0 2 4 1 2 7 5 30 3 0 2 4 0 2 7 0 2 7 1 2 8 1 2 7 16 19 11 0 2 8 1 2 7 0 2 8 1 2 11 0 2 1 17 18 2 0 2 7 0 2 8 0 2 11 5 31 3 8 18 2 0 2 8 6 2 8 0 43.1361651420593262
8 18 2 0 2 8 1 2 8 0 2 8 0 2 8 12 16 2 5 30 3 8 18 2 0 2 8 16 15 2 8 9 2 8 18 2 0 2 8 16 9 8 5 30 3 5 30 3 12 16 2 0 2 8 0 2 8 5 30 3 8 18 2 13 6 3 0 2 8 1 2 8 0 2 8 0 2 8 0 2 8 0 2 8 0 2 8 1 2 8 13 6 3 8 18 2 1 2 8 0 2 8 5 30 3 16 19 12 8 18 2 16 19 12 8 18 2 16 19 12 0.0118552205618261772 44.6290726661682129
17 18 2 12 16 2 5 30 3 0 2 7 0 2 7 5 30 3 1 2 3 0 2 4 1 2 7 16 18 11 12 16 2 1 2 7 1 2 11 0 2 7 17 9 2 0 2 7 16 6 2 0 2 7 5 31 3 5 30 3 0 2 7 8 9 2 6 2 7 1 2 7 0 2 7 5 30 3 0 2 3 1 2 7 0 2 7 0 2 11 0 2 7 0 2 7 0 2 7 0 2 7 0 2 7 0 2 7 0 2 7 1 2 3 12 16 2 13 6 3 0 41.6430895328521729
12 16 2 5 30 3 5 30 3 12 16 2 13 6 3 1 2 4 0 2 8 1 2 8 0 2 7 0 2 8 0 2 7 0 2 8 1 2 7 8 9 2 17 18 2 0 2 8 16 9 8 5 30 3 0 2 7 0 2 8 0 2 7 6 2 7 0 2 3 1 2 8 1 2 4 1 2 7 5 31 3 1 2 7 0 2 8 0 2 7 13 6 3 15 2 11 0 2 7 17 9 2 5 30 3 0 2 4 0 2 7 16 19 12 1 2 7 16 19 12 0.00402603755931771942 42.4439499974250793
5 30 3 1 2 7 0 2 7 0 2 7 1 2 3 1 2 7 1 2 3 0 2 7 0 2 7 0 2 7 1 2 7 12 16 2 16 6 2 16 30 2 0 2 7 5 31 3 1 2 7 0 2 7 0 2 7 0 2 3 0 2 7 1 2 7 0 2 7 5 31 3 0 2 7 1 2 7 0 2 7 0 2 3 0 2 7 0 2 7 0 2 7 5 30 3 17 9 2 16 30 2 1 2 7 5 31 3 0 2 7 0 2 7 0 2 3 0 2 7 0 41.2851828336715698

Current Evaluation = 4500(4500)
Front Size = 10
0 2 7 0 2 7 0 2 7 1 2 11 0 2 7 0 2 7 0 2 7 0 2 7 17 18 2 0 2 7 1 2 4 5 31 3 1 2 7 0 2 7 0 2 7 1 2 7 16 6 2 1 2 7 17 18 2 0 2 7 13 6 3 0 2 7 1 2 7 0 2 7 0 2 7 0 2 7 1 2 7 1 2 7 0 2 7 17 9 2 1 2 7 1 2 7 5 31 3 1 2 7 1 2 7 0 2 7 0 2 7 5 31 3 17 18 2 1 2 7 0 40.0670827627182007
17 18 2 0 2 8 0 2 8 0 2 11 0 2 11 12 16 2 5 30 3 8 18 2 0 2 11 16 6 2 0 2 7 0 2 8 5 30 3 5 30 3 5 30 3 0 2 7 1 2 7 5 30 3 8 9 2 0 2 8 0 2 11 1 2 8 5 30 3 16 19 11 0 2 7 0 2 8 0 2 8 0 2 8 1 2 11 17 18 2 0 2 1 0 2 11 6 2 8 0 2 8 0 2 11 0 2 8 8 18 2 0 2 8 6 2 8 12 16 2 0 44.7545355558395386
17 9 2 12 16 2 5 30 3 1 2 4 0 2 7 0 2 7 12 16 2 5 30 3 8 18 2 5 30 3 0 2 7 0 2 7 1 2 4 0 2 7 0 2 7 0 2 7 0 2 7 0 2 7 1 2 7 0 2 7 1 2 7 0 2 7 17 18 2 0 2 4 1 2 7 1 2 11 1 2 7 1 2 7 0 2 4 17 18 2 17 9 2 0 2 7 1 2 7 13 6 3 0 2 7 0 2 7 5 31 3 0 2 4 1 2 11 6 2 7 0 40.849357545375824
12 16 2 5 30 3 13 6 3 12 16 2 1 2 7 0 2 7 1 2 7 0 2 3 0 2 7 1 2 3 1 2 12 17 18 2 1 2 7 5 30 3 1 2 7 0 2 3 0 2 7 0 2 7 5 31 3 0 2 3 8 18 2 1 2 7 1 2 7 1 2 3 0 2 3 0 2 7 1 2 11 1 2 7 17 9 2 0 2 3 17 18 2 0 2 7 1 2 7 0 2 3 0 2 7 0 2 7 0 2 7 0 2 3 16 20 12 0 2 3 0 41.6145048141479492
8 18 2 0 2 8 1 2 8 0 2 8 0 2 8 12 16 2 5 30 3 8 18 2 0 2 8 16 15 2 8 9 2 8 18 2 0 2 8 16 9 8 5 30 3 5 30 3 12 16 2 0 2 8 0 2 8 5 30 3 8 18 2 13 6 3 0 2 8 1 2 8 0 2 8 0 2 8 0 2 8 0 2 8 0 2 8 1 2 8 13 6 3 8 18 2 1 2 8 0 2 8 5 30 3 16 19 12 8 18 2 16 19 12 8 18 2 16 19 12 0.0118552205618261772 44.6290726661682129
5 31 3 0 2 7 1 2 7 0 2 7 0 2 7 0 2 7 0 2 7 1 2 11 0 2 7 6 2 7 1 2 4 1 2 7 5 31 3 1 2 7 0 2 4 1 2 4 1 2 7 1 2 7 0 2 4 0 2 7 0 2 4 0 2 7 0 2 7 0 2 7 17 9 2 17 9 2 0 2 7 1 2 4 1 2 7 0 2 7 5 31 3 0 2 7 17 9 2 0 2 7 16 6 2 5 31 3 17 18 2 0 2 7 0 2 7 1 2 7 0 40.6670408844947815
1 2 7 1 2 7 1 2 7 1 2 11 16 31 2 5 30 3 0 2 7 0 2 7 1 2 7 0 2 7 0 2 7 1 2 7 0 2 7 1 2 3 0 2 7 1 2 7 0 2 4 12 16 2 5 31 3 0 2 7 0 2 7 1 2 7 0 2 7 0 2 4 0 2 7 1 2 7 0 2 3 0 2 7 0 2 7 1 2 7 1 2 7 5 30 3 8 18 2 0 2 4 17 9 2 17 9 2 17 18 2 1 2 7 0 2 7 0 2 4 0 40.7372217178344727
0 2 7 0 2 7 17 18 2 1 2 7 17 9 2 0 2 7 13 6 3 0 2 7 5 31 3 1 2 7 0 2 7 0 2 7 0 2 7 1 2 7 5 31 3 6 2 7 0 2 7 0 2 7 0 2 7 0 2 7 0 2 7 0 2 7 0 2 7 12 16 2 5 31 3 6 2 7 1 2 7 1 2 11 0 2 7 0 2 7 0 2 7 0 2 7 16 6 2 0 2 7 5 30 3 5 30 3 17 9 2 5 30 3 16 6 2 1 2 11 0 41.0079644918441772
5 30 3 1 2 7 0 2 7 0 2 7 1 2 3 1 2 7 1 2 3 0 2 7 0 2 7 0 2 7 1 2 7 12 16 2 16 6 2 16 30 2 0 2 7 5 31 3 1 2 7 0 2 7 0 2 7 0 2 3 0 2 7 1 2 7 0 2 7 5 31 3 0 2 7 1 2 7 0 2 7 0 2 3 0 2 7 0 2 7 0 2 7 5 30 3 17 9 2 16 30 2 1 2 7 5 31 3 0 2 7 0 2 7 0 2 3 0 2 7 0 41.2851828336715698
12 16 2 5 30 3 16 6 2 0 2 7 5 30 3 0 2 7 1 2 7 0 2 7 17 18 2 0 2 8 0 2 8 0 2 11 1 2 3 8 18 2 0 2 7 0 2 8 5 30 3 5 31 3 5 30 3 0 2 3 16 30 2 0 2 11 1 2 7 5 30 3 1 2 7 0 2 8 0 2 7 0 2 8 1 2 11 16 30 2 0 2 1 0 2 11 0 2 7 0 2 8 1 2 7 0 2 7 8 18 2 0 2 8 6 2 8 12 16 2 0.00064404120143025153 43.1739693880081177

Current Evaluation = 4950(4950)
Front Size = 10
0 2 7 0 2 7 0 2 7 1 2 11 0 2 7 0 2 7 0 2 7 0 2 7 17 18 2 0 2 7 5 31 3 1 2 7 0 2 7 0 2 7 1 2 7 1 2 7 0 2 7 0 2 7 1 2 7 0 2 7 1 2 7 1 2 7 17 9 2 1 2 7 1 2 7 1 2 7 1 2 7 1 2 7 1 2 7 16 6 2 17 18 2 13 6 3 0 2 7 0 2 7 0 2 4 5 31 3 0 2 7 0 2 7 5 31 3 17 18 2 0 40.0670827627182007
0 2 7 0 2 7 1 2 7 0 2 7 0 2 7 0 2 7 1 2 7 0 2 7 1 2 4 0 2 7 0 2 4 1 2 7 1 2 7 0 2 4 0 2 7 0 2 7 17 18 2 1 2 3 0 2 7 0 2 7 0 2 7 0 2 7 0 2 4 1 2 7 1 2 7 5 31 3 5 31 3 17 9 2 0 2 7 5 30 3 17 9 2 0 2 7 1 2 7 5 30 3 16 6 2 1 2 7 1 2 7 13 6 3 17 18 2 1 2 4 0 40.148398756980896
1 2 3 0 2 7 1 2 7 0 2 7 0 2 7 1 2 7 0 2 7 0 2 7 1 2 7 0 2 7 1 2 3 6 2 3 0 2 7 5 30 3 0 2 7 0 2 3 0 2 7 0 2 7 0 2 7 1 2 7 0 2 7 17 9 2 17 18 2 0 2 7 0 2 7 0 2 7 17 1 2 1 2 3 5 31 3 12 16 2 5 30 3 5 30 3 5 30 3 16 6 2 0 2 11 0 2 7 8 18 2 0 2 7 0 2 7 1 2 7 0 41.5498106479644775
12 16 2 5 31 3 1 2 7 0 2 4 1 2 7 0 2 3 0 2 4 17 18 2 1 2 7 1 2 7 1 2 7 0 2 3 0 2 4 5 30 3 0 2 7 0 2 7 0 2 7 0 2 7 1 2 7 1 2 7 17 9 2 1 2 7 0 2 7 1 2 7 0 2 7 0 2 7 0 2 7 0 2 7 0 2 4 1 2 7 5 31 3 8 9 2 0 2 7 16 30 2 1 2 7 1 2 7 1 2 7 17 18 2 0 2 11 0 2 7 0 40.7372219562530518
17 18 2 0 2 7 12 16 2 5 31 3 17 18 2 16 6 2 6 2 3 5 30 3 5 31 3 5 30 3 6 2 7 0 2 7 0 2 7 0 2 7 1 2 7 0 2 7 0 2 7 0 2 7 0 2 7 1 2 4 1 2 11 1 2 7 0 2 7 16 19 11 0 2 7 0 2 4 0 2 4 1 2 7 0 2 7 0 2 7 1 2 7 0 2 7 0 2 7 1 2 7 5 31 3 0 2 7 16 19 11 0 2 7 0 2 7 0 2 7 0 41.5772694945335388
0 2 7 0 2 7 0 2 7 0 2 7 0 2 7 0 2 7 0 2 7 17 18 2 0 2 7 1 2 7 0 2 7 0 2 7 1 2 7 1 2 7 0 2 7 0 2 7 1 2 7 0 2 7 1 2 7 17 18 2 17 18 2 1 2 11 5 31 3 1 2 7 17 9 2 5 30 3 0 2 11 0 2 11 6 2 7 1 2 7 1 2 7 0 2 11 13 6 3 0 2 7 0 2 7 5 30 3 5 31 3 8 18 2 12 16 2 5 30 3 0 41.3622338175773621
5 30 3 6 2 7 0 2 11 0 2 11 17 18 2 0 2 8 0 2 7 5 30 3 0 2 11 0 2 3 0 2 8 0 2 8 0 2 11 0 2 11 16 19 11 0 2 11 0 2 7 12 16 2 0 2 11 0 2 8 5 30 3 6 2 8 0 2 7 16 6 2 0 2 8 0 2 8 0 2 11 5 31 3 5 30 3 0 2 7 0 2 7 0 2 11 5 30 3 0 2 11 0 2 11 0 2 11 16 6 2 16 19 11 5 31 3 0 2 7 0 44.383350670337677
0 2 7 16 15 2 0 2 11 6 2 7 6 2 11 1 2 7 1 2 4 17 18 2 0 2 7 0 2 7 8 18 2 0 2 7 12 16 2 0 2 11 17 18 2 0 2 11 0 2 7 0 2 7 5 30 3 0 2 11 5 30 3 8 9 2 0 2 11 0 2 7 0 2 7 5 30 3 0 2 7 5 30 3 1 2 7 0 2 7 1 2 7 5 30 3 1 2 7 0 2 7 0 2 7 0 2 7 8 18 2 17 18 2 1 2 7 12 16 2 0 42.0137168765068054
12 16 2 5 31 3 1 2 4 0 2 7 6 2 7 1 2 3 17 18 2 0 2 7 1 2 7 0 2 7 0 2 3 5 30 3 0 2 7 17 18 2 0 2 7 0 2 7 13 6 3 1 2 7 17 9 2 0 2 7 0 2 7 0 2 7 1 2 7 0 2 7 0 2 4 0 2 7 13 6 3 1 2 7 12 16 2 1 2 4 5 30 3 1 2 7 12 16 2 1 2 3 0 2 7 1 2 7 0 2 4 1 2 7 0 2 7 17 18 2 0 40.4413166642189026
0 2 11 0 2 7 1 2 7 1 2 7 1 2 11 0 2 4 0 2 7 0 2 7 16 6 2 0 2 7 1 2 7 1 2 7 5 30 3 0 2 7 0 2 7 0 2 7 0 2 7 1 2 7 0 2 7 0 2 4 8 9 2 17 18 2 0 2 7 5 31 3 12 16 2 5 30 3 0 2 7 1 2 7 1 2 7 0 2 7 13 6 3 15 2 11 12 16 2 17 18 2 12 16 2 1 2 7 0 2 7 17 18 2 1 2 7 0 2 7 0 40.8372255563735962

Current Evaluation = 5400(5400)
Front Size = 10
0 2 7 0 2 7 1 2 7 0 2 7 0 2 7 0 2 7 1 2 7 0 2 7 0 2 7 1 2 7 1 2 7 0 2 7 0 2 7 17 18 2 0 2 7 0 2 7 0 2 7 0 2 7 1 2 7 1 2 7 5 31 3 5 31 3 17 9 2 0 2 7 5 31 3 1 2 7 1 2 7 1 2 7 16 6 2 1 2 7 13 6 3 17 18 2 1 2 11 0 2 7 0 2 7 0 2 7 0 2 7 17 9 2 1 2 7 1 2 4 0 40.0670827627182007
0 2 7 0 2 7 1 2 7 0 2 7 0 2 7 0 2 7 1 2 7 0 2 7 1 2 4 0 2 7 0 2 4 1 2 7 1 2 7 0 2 4 0 2 7 0 2 7 17 18 2 1 2 3 0 2 7 0 2 7 0 2 7 0 2 7 0 2 4 1 2 7 1 2 7 5 31 3 5 31 3 17 9 2 0 2 7 5 30 3 17 9 2 0 2 7 1 2 7 5 30 3 16 6 2 1 2 7 1 2 7 13 6 3 17 18 2 1 2 4 0 40.148398756980896
12 16 2 5 31 3 1 2 7 0 2 4 1 2 7 0 2 3 0 2 4 17 18 2 1 2 7 1 2 7 1 2 7 0 2 3 0 2 4 5 30 3 0 2 7 0 2 7 0 2 7 0 2 7 1 2 7 1 2 7 17 9 2 1 2 7 0 2 7 1 2 7 0 2 7 0 2 7 0 2 7 0 2 7 0 2 4 1 2 7 5 31 3 8 9 2 0 2 7 16 30 2 1 2 7 1 2 7 1 2 7 17 18 2 0 2 11 0 2 7 0 40.7372219562530518
12 16 2 5 31 3 1 2 4 0 2 7 6 2 7 1 2 3 17 18 2 0 2 7 1 2 7 0 2 7 0 2 3 5 30 3 0 2 7 17 18 2 0 2 7 0 2 7 13 6 3 1 2 7 17 9 2 0 2 7 0 2 7 0 2 7 1 2 7 0 2 7 0 2 4 0 2 7 13 6 3 1 2 7 12 16 2 1 2 4 5 30 3 1 2 7 12 16 2 1 2 3 0 2 7 1 2 7 0 2 4 1 2 7 0 2 7 17 18 2 0 40.4413166642189026
0 2 7 0 2 7 1 2 7 0 2 7 1 2 7 0 2 7 1 2 4 0 2 7 0 2 7 17 18 2 1 2 7 0 2 7 0 2 7 8 18 2 0 2 7 0 2 7 0 2 7 1 2 7 6 2 7 5 30 3 5 30 3 17 18 2 5 30 3 12 16 2 0 2 7 8 18 2 5 31 3 17 18 2 0 2 7 0 2 7 1 2 7 12 16 2 0 2 7 1 2 7 1 2 7 1 2 7 0 2 7 17 1 2 0 2 7 0 2 1 0 41.2688576579093933
0 2 7 0 2 7 1 2 7 0 2 7 0 2 7 0 2 7 1 2 7 0 2 7 0 2 7 0 2 7 1 2 7 0 2 7 0 2 7 17 18 2 0 2 7 0 2 7 0 2 7 0 2 7 1 2 7 1 2 7 5 31 3 5 31 3 17 9 2 0 2 7 5 30 3 0 2 7 1 2 7 5 30 3 1 2 7 13 6 3 17 18 2 5 30 3 0 2 7 0 2 7 1 2 7 0 2 7 17 1 2 16 6 2 0 2 7 12 16 2 0 40.6267515420913696
5 30 3 6 2 7 0 2 11 0 2 11 17 18 2 0 2 8 0 2 7 5 30 3 0 2 11 0 2 3 0 2 8 0 2 8 0 2 11 0 2 11 16 19 11 0 2 11 0 2 7 12 16 2 0 2 11 0 2 8 5 30 3 6 2 8 0 2 7 16 6 2 0 2 8 0 2 8 0 2 11 5 31 3 5 30 3 0 2 7 0 2 7 0 2 11 5 30 3 0 2 11 0 2 11 0 2 11 16 6 2 16 19 11 5 31 3 0 2 7 0 44.383350670337677
0 2 7 16 15 2 0 2 11 6 2 7 6 2 11 1 2 7 1 2 4 17 18 2 0 2 7 0 2 7 8 18 2 0 2 7 12 16 2 0 2 11 17 18 2 0 2 11 0 2 7 0 2 7 5 30 3 0 2 11 5 30 3 8 9 2 0 2 11 0 2 7 0 2 7 5 30 3 0 2 7 5 30 3 1 2 7 0 2 7 1 2 7 5 30 3 1 2 7 0 2 7 0 2 7 0 2 7 8 18 2 17 18 2 1 2 7 12 16 2 0 42.0137168765068054
12 16 2 5 30 3 0 2 7 17 18 2 0 2 11 1 2 7 0 2 7 0 2 11 1 2 7 0 2 7 0 2 7 5 31 3 0 2 7 1 2 7 1 2 7 0 2 7 0 2 7 0 2 3 5 30 3 0 2 7 0 2 7 1 2 7 1 2 4 0 2 7 16 6 2 1 2 11 1 2 7 1 2 7 8 18 2 0 2 7 1 2 7 17 18 2 0 2 4 0 2 4 1 2 7 5 30 3 0 2 4 17 18 2 8 9 2 0 2 7 0 41.1565197706222534
1 2 3 0 2 7 1 2 7 0 2 7 0 2 7 1 2 7 0 2 7 0 2 7 1 2 7 0 2 7 1 2 3 6 2 3 0 2 7 5 30 3 0 2 7 0 2 3 0 2 7 0 2 7 0 2 7 1 2 7 0 2 7 17 9 2 17 18 2 0 2 7 0 2 7 0 2 7 17 1 2 1 2 3 5 31 3 12 16 2 5 30 3 5 30 3 5 30 3 16 6 2 0 2 11 0 2 7 8 18 2 0 2 7 0 2 7 1 2 7 0 41.5498106479644775

Current Evaluation = 5850(5850)
Front Size = 10
0 2 7 0 2 7 0 2 4 0 2 7 0 2 7 1 2 7 0 2 7 1 2 7 1 2 11 0 2 7 1 2 7 1 2 7 0 2 7 17 18 2 0 2 7 0 2 7 1 2 7 5 31 3 5 31 3 17 9 2 0 2 7 0 2 7 17 18 2 1 2 7 1 2 7 0 2 7 0 2 7 1 2 7 1 2 7 17 9 2 16 6 2 5 31 3 0 2 7 0 2 7 1 2 7 1 2 7 1 2 7 0 2 7 0 2 7 13 6 3 0 40.0670827627182007
1 2 7 0 2 7 1 2 7 0 2 7 0 2 7 0 2 7 1 2 7 0 2 7 0 2 7 1 2 4 0 2 7 0 2 7 17 18 2 0 2 7 0 2 7 0 2 7 0 2 7 1 2 7 1 2 7 5 31 3 5 30 3 17 9 2 0 2 7 1 2 4 1 2 4 1 2 7 17 18 2 1 2 7 16 6 2 0 2 4 0 2 7 17 9 2 0 2 4 0 2 3 0 2 7 1 2 7 13 6 3 5 30 3 5 31 3 1 2 7 0 40.148398756980896
0 2 7 16 15 2 0 2 11 6 2 7 6 2 11 1 2 7 1 2 4 17 18 2 0 2 7 0 2 7 8 18 2 0 2 7 12 16 2 0 2 11 17 18 2 0 2 11 0 2 7 0 2 7 5 30 3 0 2 11 5 30 3 8 9 2 0 2 11 0 2 7 0 2 7 5 30 3 0 2 7 5 30 3 1 2 7 0 2 7 1 2 7 5 30 3 1 2 7 0 2 7 0 2 7 0 2 7 8 18 2 17 18 2 1 2 7 12 16 2 0 42.0137168765068054
0 2 7 0 2 7 1 2 7 0 2 7 0 2 3 0 2 7 1 2 7 0 2 4 0 2 4 0 2 4 0 2 7 0 2 7 17 18 2 1 2 7 0 2 7 0 2 7 1 2 7 13 6 3 0 2 7 5 30 3 5 31 3 17 9 2 1 2 7 1 2 7 1 2 7 1 2 7 17 18 2 1 2 7 16 6 2 1 2 7 0 2 7 17 9 2 0 2 4 1 2 7 5 31 3 5 30 3 0 2 7 0 2 7 1 2 7 0 2 4 0 40.148398756980896
0 2 7 0 2 7 1 2 7 0 2 7 5 31 3 1 2 7 0 2 7 6 2 7 1 2 7 17 18 2 1 2 7 1 2 7 0 2 4 0 2 7 0 2 7 0 2 7 0 2 7 1 2 7 5 30 3 5 31 3 17 18 2 12 16 2 1 2 7 0 2 7 17 18 2 0 2 4 1 2 7 12 16 2 0 2 7 1 2 7 13 6 3 0 2 7 1 2 7 0 2 7 12 16 2 13 6 3 0 2 7 17 18 2 0 2 7 1 2 7 0 40.2815956473350525
5 30 3 6 2 7 0 2 11 0 2 11 17 18 2 0 2 8 0 2 7 5 30 3 0 2 11 0 2 3 0 2 8 0 2 8 0 2 11 0 2 11 16 19 11 0 2 11 0 2 7 12 16 2 0 2 11 0 2 8 5 30 3 6 2 8 0 2 7 16 6 2 0 2 8 0 2 8 0 2 11 5 31 3 5 30 3 0 2 7 0 2 7 0 2 11 5 30 3 0 2 11 0 2 11 0 2 11 16 6 2 16 19 11 5 31 3 0 2 7 0 44.383350670337677
0 2 7 0 2 7 1 2 7 0 2 7 5 31 3 1 2 7 1 2 7 1 2 7 1 2 4 17 18 2 1 2 7 0 2 7 0 2 7 0 2 7 0 2 7 0 2 4 0 2 7 0 2 7 5 30 3 5 30 3 17 18 2 12 16 2 0 2 7 0 2 7 17 18 2 1 2 7 0 2 7 5 30 3 0 2 7 1 2 7 13 6 3 0 2 4 1 2 7 0 2 7 12 16 2 13 6 3 0 2 7 17 9 2 0 2 7 1 2 7 0 40.3689725399017334
12 16 2 5 31 3 1 2 3 6 2 7 17 18 2 1 2 7 1 2 3 1 2 7 5 30 3 0 2 7 0 2 7 1 2 7 0 2 7 1 2 7 1 2 7 17 9 2 1 2 7 0 2 7 0 2 7 0 2 7 0 2 7 0 2 7 5 31 3 0 2 7 17 18 2 1 2 7 0 2 7 5 30 3 0 2 7 0 2 7 13 6 3 1 2 7 0 2 7 1 2 3 0 2 7 16 30 2 0 2 7 0 2 7 0 2 7 0 2 7 0 40.6396657824516296
6 2 7 0 2 7 1 2 7 0 2 7 5 31 3 1 2 7 1 2 7 1 2 7 1 2 4 17 18 2 1 2 7 0 2 7 0 2 7 0 2 3 0 2 7 0 2 7 0 2 7 1 2 7 5 30 3 5 30 3 17 18 2 12 16 2 0 2 3 0 2 7 17 18 2 0 2 7 1 2 7 12 16 2 0 2 7 1 2 4 13 6 3 0 2 4 1 2 7 0 2 7 12 16 2 13 6 3 0 2 7 17 9 2 0 2 3 1 2 4 0 40.4413166642189026
12 16 2 5 31 3 1 2 7 0 2 4 1 2 7 0 2 3 0 2 4 17 18 2 1 2 7 1 2 7 1 2 7 0 2 3 0 2 4 5 30 3 0 2 7 0 2 7 0 2 7 0 2 7 1 2 7 1 2 7 17 9 2 1 2 7 0 2 7 1 2 7 0 2 7 0 2 7 0 2 7 0 2 7 0 2 4 1 2 7 5 31 3 8 9 2 0 2 7 16 30 2 1 2 7 1 2 7 1 2 7 17 18 2 0 2 11 0 2 7 0 40.7372219562530518

Current Evaluation = 6300(6300)
Front Size = 10
0 2 7 0 2 7 1 2 7 0 2 7 0 2 7 1 2 7 0 2 7 0 2 7 17 18 2 1 2 7 0 2 7 0 2 7 0 2 7 13 6 3 0 2 7 5 31 3 17 9 2 1 2 7 1 2 7 0 2 7 1 2 7 17 18 2 1 2 7 16 6 2 0 2 4 1 2 7 17 9 2 1 2 7 5 31 3 0 2 7 0 2 7 1 2 7 1 2 7 0 2 7 1 2 11 0 2 7 0 2 7 5 31 3 1 2 7 0 2 7 0 40.0670827627182007
0 2 7 0 2 7 1 2 7 0 2 7 5 31 3 1 2 7 0 2 7 6 2 7 1 2 7 17 18 2 1 2 7 1 2 7 0 2 4 0 2 7 0 2 7 0 2 7 0 2 7 1 2 7 5 30 3 5 31 3 17 18 2 12 16 2 1 2 7 0 2 7 17 18 2 0 2 4 1 2 7 12 16 2 0 2 7 1 2 7 13 6 3 0 2 7 1 2 7 0 2 7 12 16 2 13 6 3 0 2 7 17 18 2 0 2 7 1 2 7 0 40.2815956473350525
1 2 7 0 2 7 1 2 7 0 2 7 0 2 7 0 2 7 1 2 7 0 2 7 0 2 7 0 2 7 0 2 7 17 18 2 0 2 7 0 2 7 0 2 7 0 2 7 1 2 7 1 2 7 5 31 3 5 30 3 17 9 2 1 2 7 17 18 2 1 2 7 0 2 4 0 2 4 1 2 7 13 6 3 5 30 3 1 2 7 16 6 2 17 9 2 0 2 3 5 31 3 0 2 4 1 2 7 0 2 7 0 2 4 1 2 7 1 2 4 0 40.148398756980896
12 16 2 5 31 3 1 2 3 6 2 7 17 18 2 1 2 7 1 2 3 1 2 7 5 30 3 0 2 7 0 2 7 1 2 7 0 2 7 1 2 7 1 2 7 17 9 2 1 2 7 0 2 7 0 2 7 0 2 7 0 2 7 0 2 7 5 31 3 0 2 7 17 18 2 1 2 7 0 2 7 5 30 3 0 2 7 0 2 7 13 6 3 1 2 7 0 2 7 1 2 3 0 2 7 16 30 2 0 2 7 0 2 7 0 2 7 0 2 7 0 40.6396657824516296
0 2 7 1 2 7 1 2 7 0 2 7 0 2 7 0 2 7 0 2 7 0 2 7 0 2 7 0 2 7 17 18 2 0 2 7 1 2 7 0 2 7 1 2 7 13 6 3 0 2 7 5 31 3 5 30 3 1 2 7 17 18 2 0 2 7 5 31 3 0 2 7 0 2 7 6 2 7 0 2 7 5 31 3 1 2 7 0 2 7 0 2 7 1 2 7 16 15 2 1 2 7 17 9 2 17 9 2 6 2 7 0 2 7 1 2 7 1 2 7 0 40.3440037965774536
0 2 7 0 2 7 1 2 7 0 2 7 5 31 3 0 2 7 1 2 4 1 2 7 17 18 2 1 2 7 0 2 7 0 2 4 0 2 7 0 2 7 0 2 7 0 2 7 5 30 3 5 30 3 17 18 2 12 16 2 0 2 7 0 2 7 1 2 7 0 2 7 0 2 7 1 2 7 13 6 3 1 2 7 0 2 7 0 2 7 17 9 2 0 2 7 1 2 7 0 2 4 17 18 2 1 2 7 5 30 3 12 16 2 13 6 3 1 2 7 0 40.3689725399017334
6 2 7 0 2 7 1 2 7 0 2 7 5 31 3 1 2 7 1 2 7 1 2 7 1 2 4 17 18 2 1 2 7 0 2 7 0 2 7 0 2 3 0 2 7 0 2 7 0 2 7 1 2 7 5 30 3 5 30 3 17 18 2 12 16 2 0 2 3 0 2 7 17 18 2 0 2 7 1 2 7 12 16 2 0 2 7 1 2 4 13 6 3 0 2 4 1 2 7 0 2 7 12 16 2 13 6 3 0 2 7 17 9 2 0 2 3 1 2 4 0 40.4413166642189026
0 2 7 16 15 2 0 2 11 6 2 7 6 2 11 1 2 7 1 2 4 17 18 2 0 2 7 0 2 7 8 18 2 0 2 7 12 16 2 0 2 11 17 18 2 0 2 11 0 2 7 0 2 7 5 30 3 0 2 11 5 30 3 8 9 2 0 2 11 0 2 7 0 2 7 5 30 3 0 2 7 5 30 3 1 2 7 0 2 7 1 2 7 5 30 3 1 2 7 0 2 7 0 2 7 0 2 7 8 18 2 17 18 2 1 2 7 12 16 2 0 42.0137168765068054
12 16 2 5 31 3 1 2 7 1 2 7 17 18 2 1 2 3 1 2 7 1 2 7 5 31 3 0 2 7 0 2 7 1 2 7 0 2 7 6 2 7 1 2 7 17 9 2 1 2 7 0 2 7 0 2 7 0 2 7 0 2 7 0 2 7 5 31 3 0 2 7 17 18 2 0 2 7 0 2 7 5 31 3 0 2 7 0 2 7 13 6 3 1 2 7 0 2 7 1 2 7 16 6 2 16 6 2 0 2 7 0 2 3 0 2 7 0 2 7 0 40.5398088097572327
0 2 7 1 2 7 1 2 7 0 2 7 0 2 7 1 2 7 0 2 7 0 2 7 0 2 7 0 2 7 17 18 2 0 2 7 0 2 4 0 2 7 1 2 4 13 6 3 0 2 7 5 30 3 5 30 3 6 2 7 17 18 2 0 2 7 5 31 3 0 2 7 0 2 7 0 2 7 0 2 7 5 31 3 1 2 7 0 2 7 0 2 4 1 2 7 16 15 2 1 2 7 17 9 2 17 9 2 0 2 7 5 30 3 6 2 7 1 2 7 0 40.5154716968536377

Current Evaluation = 6750(6750)
Front Size = 10
5 31 3 0 2 7 1 2 7 17 18 2 1 2 7 1 2 11 0 2 7 5 31 3 0 2 7 0 2 7 1 2 7 1 2 7 0 2 7 17 9 2 0 2 7 0 2 7 0 2 7 0 2 7 0 2 7 0 2 7 1 2 7 17 18 2 1 2 7 0 2 7 0 2 7 1 2 7 13 6 3 1 2 7 0 2 7 1 2 7 16 6 2 1 2 4 0 2 7 1 2 7 1 2 7 17 9 2 0 2 7 0 2 7 0 2 7 5 31 3 0 40.0670827627182007
0 2 7 16 15 2 0 2 11 6 2 7 6 2 11 1 2 7 1 2 4 17 18 2 0 2 7 0 2 7 8 18 2 0 2 7 12 16 2 0 2 11 17 18 2 0 2 11 0 2 7 0 2 7 5 30 3 0 2 11 5 30 3 8 9 2 0 2 11 0 2 7 0 2 7 5 30 3 0 2 7 5 30 3 1 2 7 0 2 7 1 2 7 5 30 3 1 2 7 0 2 7 0 2 7 0 2 7 8 18 2 17 18 2 1 2 7 12 16 2 0 42.0137168765068054
6 2 3 0 2 4 1 2 3 0 2 7 5 31 3 1 2 7 1 2 7 1 2 7 1 2 4 17 18 2 1 2 7 0 2 7 0 2 7 0 2 7 0 2 7 0 2 7 0 2 7 1 2 7 5 30 3 5 30 3 17 18 2 12 16 2 0 2 4 0 2 7 17 18 2 0 2 7 1 2 7 12 16 2 0 2 7 1 2 7 13 6 3 0 2 7 1 2 7 0 2 7 12 16 2 13 6 3 0 2 7 17 9 2 0 2 3 1 2 4 0 40.4413166046142578
12 16 2 5 31 3 1 2 3 6 2 7 17 18 2 1 2 7 1 2 3 1 2 7 5 30 3 0 2 7 0 2 7 1 2 7 0 2 7 1 2 7 1 2 7 17 9 2 1 2 7 0 2 7 0 2 7 0 2 7 0 2 7 0 2 7 5 31 3 0 2 7 17 18 2 1 2 7 0 2 7 5 30 3 0 2 7 0 2 7 13 6 3 1 2 7 0 2 7 1 2 3 0 2 7 16 30 2 0 2 7 0 2 7 0 2 7 0 2 7 0 40.6396657824516296
0 2 7 0 2 7 1 2 7 0 2 7 5 31 3 1 2 7 0 2 7 1 2 7 17 18 2 1 2 7 1 2 7 0 2 4 0 2 7 0 2 7 0 2 7 0 2 7 1 2 7 5 30 3 5 31 3 17 18 2 1 2 7 0 2 7 0 2 4 1 2 7 0 2 7 1 2 7 13 6 3 0 2 7 1 2 7 0 2 7 0 2 7 0 2 7 6 2 7 12 16 2 17 18 2 1 2 4 16 6 2 13 6 3 17 18 2 1 2 7 0.00028761012428983677 39.5891037583351135
0 2 7 1 2 7 1 2 7 0 2 7 1 2 7 0 2 4 1 2 7 0 2 7 0 2 7 0 2 4 17 18 2 0 2 4 0 2 7 13 6 3 0 2 7 5 30 3 1 2 7 17 18 2 0 2 7 5 31 3 1 2 7 0 2 7 0 2 7 0 2 7 5 30 3 1 2 7 0 2 7 1 2 7 16 6 2 1 2 7 17 9 2 17 9 2 1 2 4 0 2 4 0 2 7 5 31 3 1 2 3 1 2 7 0 2 7 0 2 7 0 40.148398756980896
0 2 7 0 2 7 1 2 7 0 2 7 17 18 2 0 2 7 0 2 7 0 2 7 1 2 7 1 2 7 0 2 7 0 2 7 1 2 7 1 2 7 1 2 4 0 2 7 0 2 7 0 2 7 0 2 7 0 2 7 0 2 7 17 18 2 1 2 7 0 2 7 1 2 7 0 2 7 5 31 3 1 2 7 1 2 7 16 6 2 1 2 4 5 31 3 5 31 3 5 30 3 17 18 2 17 18 2 13 6 3 0 2 4 0 2 7 1 2 7 0 40.1886777877807617
1 2 7 0 2 7 6 2 7 0 2 7 5 31 3 0 2 7 1 2 7 1 2 4 17 18 2 1 2 7 6 2 7 0 2 7 0 2 4 0 2 7 0 2 7 0 2 7 1 2 7 17 18 2 12 16 2 0 2 7 1 2 7 1 2 7 0 2 4 13 6 3 0 2 7 0 2 7 1 2 7 17 9 2 1 2 7 0 2 7 16 6 2 0 2 7 5 31 3 12 16 2 0 2 7 5 31 3 12 16 2 0 2 7 0 2 7 1 2 7 0 40.4965677261352539
1 2 7 0 2 7 1 2 7 0 2 7 5 31 3 1 2 7 1 2 7 1 2 7 1 2 7 17 18 2 0 2 7 0 2 7 0 2 7 0 2 7 1 2 7 0 2 7 0 2 7 1 2 7 5 30 3 5 30 3 17 18 2 12 16 2 0 2 7 15 2 11 17 18 2 0 2 7 0 2 7 12 16 2 0 2 7 1 2 7 13 6 3 0 2 4 1 2 7 0 2 7 12 16 2 13 6 3 0 2 7 17 9 2 0 2 7 1 2 4 0 40.3558205366134644
12 16 2 5 31 3 1 2 7 1 2 7 17 18 2 1 2 3 1 2 7 1 2 7 5 31 3 0 2 7 0 2 7 1 2 7 0 2 7 6 2 7 1 2 7 17 9 2 1 2 7 0 2 7 0 2 7 0 2 7 0 2 7 0 2 7 5 31 3 0 2 7 17 18 2 0 2 7 0 2 7 5 31 3 0 2 7 0 2 7 13 6 3 1 2 7 0 2 7 1 2 7 16 6 2 16 6 2 0 2 7 0 2 3 0 2 7 0 2 7 0 40.5398088097572327

Current Evaluation = 7200(7200)
Front Size = 10
0 2 7 0 2 7 1 2 7 1 2 7 17 18 2 0 2 7 0 2 7 0 2 7 1 2 7 0 2 7 0 2 7 0 2 7 0 2 7 1 2 7 1 2 7 0 2 7 0 2 7 0 2 7 0 2 7 1 2 7 0 2 7 17 18 2 0 2 7 1 2 7 5 31 3 1 2 7 16 6 2 1 2 7 1 2 4 5 31 3 13 6 3 1 2 11 1 2 7 0 2 7 1 2 7 17 18 2 0 2 7 5 31 3 0 2 7 17 18 2 0 40.0670827627182007
1 2 7 0 2 7 0 2 4 17 18 2 0 2 7 1 2 7 1 2 7 1 2 11 1 2 7 1 2 7 0 2 7 0 2 7 0 2 7 0 2 7 0 2 7 0 2 7 0 2 7 17 18 2 0 2 7 1 2 7 0 2 7 5 31 3 0 2 7 5 31 3 5 31 3 13 6 3 0 2 7 0 2 7 1 2 7 16 6 2 0 2 7 0 2 7 17 9 2 0 2 7 1 2 7 1 2 7 1 2 7 1 2 7 1 2 7 17 9 2 0 40.0670827627182007
12 16 2 5 30 3 17 18 2 1 2 7 1 2 7 5 30 3 0 2 7 0 2 4 1 2 4 0 2 7 1 2 4 1 2 7 17 9 2 1 2 7 0 2 7 0 2 7 0 2 4 0 2 4 0 2 7 17 9 2 17 18 2 0 2 7 0 2 7 5 30 3 0 2 7 0 2 7 13 6 3 1 2 7 0 2 7 0 2 7 0 2 7 13 6 3 12 16 2 1 2 7 5 31 3 1 2 7 1 2 7 0 2 7 12 16 2 0 2 7 0 40.4767705202102661
0 2 7 0 2 7 1 2 7 0 2 7 17 18 2 0 2 4 0 2 7 0 2 7 0 2 7 1 2 7 1 2 4 0 2 7 0 2 4 1 2 7 1 2 7 0 2 7 1 2 7 0 2 7 0 2 7 0 2 7 0 2 7 17 18 2 1 2 7 0 2 7 1 2 7 5 31 3 1 2 4 16 6 2 1 2 3 5 30 3 5 31 3 13 6 3 0 2 7 0 2 7 0 2 4 5 30 3 17 18 2 17 18 2 1 2 7 1 2 7 0 40.148398756980896
0 2 7 0 2 7 1 2 4 17 18 2 0 2 7 0 2 7 0 2 7 0 2 7 0 2 7 0 2 7 0 2 7 1 2 7 1 2 7 0 2 7 0 2 7 0 2 7 1 2 7 0 2 7 17 18 2 0 2 4 1 2 7 5 30 3 1 2 7 5 31 3 13 6 3 1 2 7 1 2 7 0 2 7 5 31 3 5 30 3 17 9 2 0 2 7 1 2 4 1 2 4 0 2 3 1 2 7 16 6 2 1 2 7 0 2 4 17 9 2 0 40.148398756980896
5 31 3 0 2 7 17 18 2 1 2 7 1 2 7 5 30 3 1 2 7 0 2 7 0 2 4 0 2 4 1 2 7 1 2 7 0 2 7 0 2 7 0 2 7 0 2 7 0 2 7 5 31 3 0 2 7 17 18 2 1 2 3 0 2 7 5 30 3 0 2 7 0 2 7 13 6 3 1 2 7 0 2 7 1 2 7 0 2 7 0 2 4 1 2 7 1 2 7 17 9 2 1 2 4 1 2 7 0 2 7 0 2 4 17 9 2 16 6 2 0 40.148398756980896
5 31 3 17 18 2 1 2 7 1 2 7 5 31 3 0 2 7 0 2 7 1 2 7 0 2 7 1 2 7 1 2 7 17 9 2 1 2 7 0 2 7 0 2 7 0 2 7 0 2 7 0 2 7 5 31 3 0 2 7 17 18 2 1 2 7 0 2 7 5 31 3 0 2 7 0 2 7 13 6 3 1 2 7 0 2 7 6 2 7 0 2 7 12 16 2 1 2 7 0 2 7 0 2 3 1 2 3 16 6 2 0 2 7 16 6 2 0 2 7 0 40.5398088097572327
5 31 3 1 2 7 17 18 2 1 2 7 1 2 7 5 30 3 1 2 7 0 2 7 6 2 7 0 2 7 1 2 7 1 2 4 1 2 7 0 2 7 0 2 7 0 2 7 0 2 7 0 2 7 5 31 3 0 2 7 17 18 2 1 2 4 0 2 7 5 30 3 0 2 7 0 2 7 13 6 3 1 2 7 0 2 7 0 2 7 0 2 7 0 2 7 1 2 7 1 2 7 17 9 2 1 2 7 17 18 2 0 2 7 0 2 7 0 2 7 0 40.3204837441444397
1 2 7 0 2 7 1 2 7 0 2 7 5 31 3 1 2 7 1 2 7 1 2 7 1 2 7 17 18 2 0 2 7 0 2 7 0 2 7 0 2 7 1 2 7 0 2 7 0 2 7 1 2 7 5 30 3 5 30 3 17 18 2 12 16 2 0 2 7 15 2 11 17 18 2 0 2 7 0 2 7 12 16 2 0 2 7 1 2 7 13 6 3 0 2 4 1 2 7 0 2 7 12 16 2 13 6 3 0 2 7 17 9 2 0 2 7 1 2 4 0 40.3558205366134644
12 16 2 1 2 7 17 18 2 1 2 7 1 2 7 5 31 3 0 2 7 0 2 7 6 2 7 1 2 7 1 2 7 0 2 7 0 2 7 0 2 7 0 2 7 0 2 4 5 31 3 0 2 7 17 18 2 0 2 7 0 2 7 1 2 7 8 18 2 1 2 7 0 2 4 0 2 7 0 2 7 0 2 7 1 2 7 0 2 7 1 2 7 17 18 2 1 2 7 1 2 7 0 2 7 1 2 7 16 6 2 5 31 3 0 2 7 0 2 7 0 40.5895708203315735

Current Evaluation = 7650(7650)
Front Size = 10
0 2 7 0 2 7 0 2 7 17 18 2 0 2 7 0 2 7 0 2 7 0 2 7 0 2 7 0 2 7 0 2 7 1 2 7 0 2 7 0 2 7 1 2 7 0 2 7 17 18 2 1 2 7 1 2 7 5 31 3 13 6 3 1 2 7 1 2 7 0 2 7 5 31 3 17 9 2 1 2 11 1 2 7 1 2 7 0 2 7 17 9 2 1 2 7 0 2 7 1 2 7 1 2 7 1 2 7 16 6 2 0 2 4 5 31 3 0 2 7 0 40.0670827627182007
0 2 7 0 2 7 0 2 7 17 18 2 1 2 7 0 2 7 0 2 7 0 2 7 0 2 7 0 2 7 0 2 7 1 2 7 1 2 7 0 2 7 0 2 7 1 2 7 0 2 7 17 18 2 1 2 7 5 30 3 1 2 7 5 31 3 13 6 3 1 2 7 1 2 7 0 2 7 5 31 3 5 30 3 17 9 2 0 2 4 1 2 7 0 2 4 1 2 7 0 2 7 0 2 7 17 9 2 16 24 2 1 2 7 1 2 7 0 2 4 0 40.1302337646484375
0 2 7 0 2 7 1 2 4 17 18 2 0 2 4 0 2 7 0 2 7 0 2 7 0 2 7 0 2 7 0 2 7 1 2 4 1 2 7 0 2 7 0 2 7 0 2 7 1 2 7 0 2 7 17 18 2 1 2 4 5 30 3 1 2 7 5 31 3 13 6 3 1 2 7 1 2 7 0 2 7 5 31 3 5 30 3 17 9 2 0 2 7 1 2 4 1 2 7 1 2 7 1 2 7 0 2 7 0 2 3 16 6 2 0 2 7 17 18 2 0 40.148398756980896
0 2 7 0 2 7 1 2 7 0 2 7 17 18 2 0 2 4 0 2 7 0 2 7 0 2 7 1 2 7 1 2 4 0 2 7 0 2 4 1 2 7 1 2 7 0 2 7 1 2 7 0 2 7 0 2 7 0 2 7 0 2 7 17 18 2 1 2 7 0 2 7 1 2 7 5 31 3 1 2 4 16 6 2 1 2 3 5 30 3 5 31 3 13 6 3 0 2 7 0 2 7 0 2 4 5 30 3 17 18 2 17 18 2 1 2 7 1 2 7 0 40.148398756980896
5 31 3 0 2 7 17 18 2 1 2 7 1 2 7 5 30 3 1 2 7 0 2 7 0 2 4 0 2 4 1 2 7 1 2 7 0 2 7 0 2 7 0 2 7 0 2 7 0 2 7 5 31 3 0 2 7 17 18 2 1 2 3 0 2 7 5 30 3 0 2 7 0 2 7 13 6 3 1 2 7 0 2 7 1 2 7 0 2 7 0 2 4 1 2 7 1 2 7 17 9 2 1 2 4 1 2 7 0 2 7 0 2 4 17 9 2 16 6 2 0 40.148398756980896
1 2 7 0 2 7 1 2 7 0 2 7 5 31 3 1 2 7 1 2 7 1 2 7 1 2 7 17 18 2 0 2 7 0 2 7 0 2 7 0 2 7 1 2 7 0 2 7 0 2 7 1 2 7 5 30 3 5 30 3 17 18 2 12 16 2 0 2 7 15 2 11 17 18 2 0 2 7 0 2 7 12 16 2 0 2 7 1 2 7 13 6 3 0 2 4 1 2 7 0 2 7 12 16 2 13 6 3 0 2 7 17 9 2 0 2 7 1 2 4 0 40.3558205366134644
5 31 3 0 2 7 17 18 2 1 2 7 1 2 7 5 30 3 1 2 7 0 2 7 0 2 3 1 2 7 1 2 7 0 2 7 0 2 7 0 2 7 0 2 7 0 2 7 5 31 3 0 2 7 17 18 2 0 2 7 5 30 3 0 2 7 0 2 7 13 6 3 1 2 7 0 2 7 1 2 7 0 2 7 1 2 7 17 9 2 1 2 4 0 2 7 16 6 2 0 2 4 1 2 4 0 2 4 1 2 4 1 2 7 0 2 7 17 9 2 0 40.148398756980896
5 31 3 17 18 2 1 2 7 1 2 7 5 31 3 0 2 7 0 2 7 1 2 7 0 2 7 1 2 7 1 2 7 17 9 2 1 2 7 0 2 7 0 2 7 0 2 7 0 2 7 0 2 7 5 31 3 0 2 7 17 18 2 1 2 7 0 2 7 5 31 3 0 2 7 0 2 7 13 6 3 1 2 7 0 2 7 6 2 7 0 2 7 12 16 2 1 2 7 0 2 7 0 2 3 1 2 3 16 6 2 0 2 7 16 6 2 0 2 7 0 40.5398088097572327
5 31 3 1 2 7 17 18 2 1 2 7 1 2 7 5 30 3 1 2 7 0 2 7 6 2 7 0 2 7 1 2 7 1 2 4 1 2 7 0 2 7 0 2 7 0 2 7 0 2 7 0 2 7 5 31 3 0 2 7 17 18 2 1 2 4 0 2 7 5 30 3 0 2 7 0 2 7 13 6 3 1 2 7 0 2 7 0 2 7 0 2 7 0 2 7 1 2 7 1 2 7 17 9 2 1 2 7 17 18 2 0 2 7 0 2 7 0 2 7 0 40.3204837441444397
5 30 3 17 18 2 1 2 7 1 2 4 0 2 7 0 2 4 1 2 4 0 2 7 1 2 7 17 9 2 1 2 7 0 2 7 0 2 7 0 2 7 17 9 2 17 18 2 0 2 7 0 2 7 0 2 7 0 2 7 13 6 3 1 2 11 1 2 7 0 2 7 0 2 4 1 2 7 5 31 3 1 2 7 1 2 7 0 2 7 0 2 7 0 2 7 1 2 7 1 2 4 5 31 3 0 2 4 0 2 7 1 2 7 12 16 2 12 16 2 0 40.4687436819076538

Current Evaluation = 8100(8100)
Front Size = 10
0 2 7 0 2 7 1 2 4 0 2 7 17 18 2 0 2 7 1 2 7 0 2 7 0 2 7 1 2 7 1 2 11 0 2 7 0 2 7 1 2 7 1 2 7 1 2 7 0 2 7 0 2 7 0 2 7 0 2 7 0 2 7 17 18 2 1 2 7 0 2 7 1 2 7 5 31 3 1 2 7 16 6 2 0 2 7 1 2 7 5 31 3 13 6 3 0 2 7 0 2 7 0 2 7 5 31 3 1 2 7 1 2 7 17 18 2 17 18 2 0 40.0670827627182007
5 31 3 1 2 7 17 18 2 1 2 7 1 2 7 0 2 7 0 2 4 0 2 7 1 2 7 1 2 7 0 2 7 1 2 7 1 2 7 0 2 7 0 2 7 5 31 3 0 2 7 17 18 2 0 2 7 1 2 7 13 6 3 1 2 7 0 2 7 0 2 7 0 2 7 0 2 7 0 2 7 1 2 7 1 2 11 17 18 2 0 2 7 1 2 7 0 2 7 0 2 7 0 2 7 17 18 2 16 6 2 5 31 3 1 2 7 0 2 7 0 40.0670827627182007
0 2 7 0 2 7 0 2 7 17 18 2 0 2 7 1 2 7 0 2 7 1 2 4 0 2 7 0 2 7 0 2 7 1 2 7 0 2 7 0 2 7 1 2 7 0 2 7 17 18 2 0 2 7 1 2 7 5 31 3 13 6 3 0 2 7 1 2 7 0 2 7 5 31 3 17 9 2 1 2 7 1 2 7 0 2 7 0 2 7 1 2 7 1 2 7 1 2 7 5 31 3 16 6 2 1 2 7 0 2 7 0 2 7 1 2 11 17 9 2 0 40.0670827627182007
1 2 7 0 2 7 1 2 7 0 2 7 5 31 3 1 2 7 1 2 7 1 2 7 1 2 7 17 18 2 0 2 7 0 2 7 0 2 7 0 2 7 1 2 7 0 2 7 0 2 7 1 2 7 5 30 3 5 30 3 17 18 2 12 16 2 0 2 7 15 2 11 17 18 2 0 2 7 0 2 7 12 16 2 0 2 7 1 2 7 13 6 3 0 2 4 1 2 7 0 2 7 12 16 2 13 6 3 0 2 7 17 9 2 0 2 7 1 2 4 0 40.3558205366134644
0 2 7 0 2 7 1 2 7 0 2 7 17 18 2 0 2 4 1 2 7 0 2 7 0 2 7 1 2 7 1 2 7 0 2 7 0 2 7 1 2 7 1 2 7 0 2 11 1 2 7 0 2 7 0 2 7 0 2 7 0 2 7 17 18 2 1 2 7 0 2 7 1 2 7 5 31 3 1 2 7 16 6 2 1 2 7 0 2 7 5 31 3 13 6 3 0 2 7 0 2 7 0 2 7 5 31 3 17 18 2 17 18 2 1 2 7 1 2 7 0 40.0670828819274902
5 31 3 0 2 7 17 18 2 1 2 7 1 2 7 5 30 3 1 2 7 0 2 7 0 2 4 0 2 4 1 2 7 1 2 7 0 2 7 0 2 7 0 2 7 0 2 7 0 2 7 5 31 3 0 2 7 17 18 2 0 2 7 5 30 3 0 2 7 0 2 7 13 6 3 1 2 7 0 2 7 1 2 7 0 2 7 0 2 4 1 2 7 1 2 7 17 9 2 1 2 7 0 2 7 17 9 2 1 2 7 1 2 7 16 24 2 0 2 7 0 40.1302337646484375
0 2 7 0 2 7 1 2 7 0 2 7 17 18 2 0 2 4 0 2 7 0 2 7 0 2 7 1 2 7 1 2 4 0 2 7 1 2 7 1 2 7 0 2 7 1 2 7 0 2 7 0 2 7 0 2 7 0 2 7 17 18 2 1 2 7 0 2 7 1 2 7 5 31 3 1 2 4 16 6 2 5 30 3 5 31 3 13 6 3 0 2 7 0 2 7 5 30 3 17 18 2 1 2 7 0 2 7 1 2 4 1 2 4 17 9 2 0 2 3 0 40.148398756980896
5 31 3 1 2 7 17 18 2 1 2 4 1 2 7 1 2 7 0 2 7 0 2 7 1 2 7 1 2 7 0 2 7 0 2 7 0 2 7 0 2 7 0 2 7 5 31 3 0 2 7 17 18 2 0 2 4 0 2 7 0 2 7 13 6 3 1 2 7 0 2 7 0 2 7 0 2 7 0 2 7 0 2 7 1 2 7 17 9 2 1 2 7 17 18 2 0 2 7 16 24 2 5 30 3 1 2 7 1 2 7 1 2 4 5 30 3 0 2 7 0 40.1302337646484375
5 31 3 17 18 2 1 2 7 1 2 7 5 31 3 0 2 7 0 2 7 1 2 7 0 2 7 1 2 7 1 2 7 17 9 2 1 2 7 0 2 7 0 2 7 0 2 7 0 2 7 0 2 7 5 31 3 0 2 7 17 18 2 1 2 7 0 2 7 5 31 3 0 2 7 0 2 7 13 6 3 1 2 7 0 2 7 6 2 7 0 2 7 12 16 2 1 2 7 0 2 7 0 2 3 1 2 3 16 6 2 0 2 7 16 6 2 0 2 7 0 40.5398088097572327
0 2 7 0 2 7 1 2 7 0 2 7 17 18 2 0 2 4 0 2 7 0 2 7 0 2 7 1 2 7 1 2 4 0 2 7 0 2 4 1 2 7 1 2 7 0 2 7 1 2 7 0 2 7 0 2 7 0 2 7 0 2 7 17 18 2 1 2 7 0 2 7 1 2 7 5 31 3 1 2 4 16 6 2 1 2 3 5 30 3 5 31 3 13 6 3 0 2 7 0 2 7 0 2 4 5 30 3 17 18 2 17 18 2 1 2 7 1 2 7 0 40.148398756980896

Current Evaluation = 8550(8550)
Front Size = 10
5 31 3 1 2 7 17 18 2 1 2 7 1 2 7 0 2 7 0 2 7 1 2 7 1 2 7 0 2 7 0 2 7 0 2 7 0 2 7 0 2 7 5 31 3 0 2 7 17 18 2 0 2 7 0 2 7 13 6 3 1 2 7 0 2 7 0 2 7 0 2 7 0 2 7 0 2 7 1 2 7 1 2 7 0 2 7 1 2 7 1 2 7 0 2 7 5 31 3 16 6 2 0 2 4 1 2 7 17 9 2 17 18 2 1 2 7 1 2 11 0 40.0670827627182007
5 31 3 1 2 7 17 18 2 1 2 7 1 2 7 0 2 7 0 2 7 1 2 7 1 2 7 0 2 7 0 2 7 0 2 7 0 2 7 0 2 7 5 31 3 0 2 7 17 18 2 0 2 7 0 2 7 13 6 3 1 2 7 0 2 7 0 2 7 0 2 7 0 2 7 0 2 7 1 2 7 1 2 7 0 2 7 1 2 7 1 2 7 0 2 7 5 31 3 16 6 2 1 2 7 1 2 11 1 2 4 17 9 2 0 2 7 17 9 2 0 40.0670827627182007
0 2 7 0 2 7 1 2 7 0 2 7 17 18 2 0 2 4 0 2 7 0 2 7 0 2 7 1 2 7 1 2 4 0 2 7 0 2 4 1 2 7 1 2 7 0 2 7 1 2 7 0 2 7 0 2 7 0 2 7 0 2 7 17 18 2 1 2 7 0 2 7 1 2 7 5 31 3 1 2 4 16 6 2 1 2 3 5 30 3 5 31 3 13 6 3 0 2 7 0 2 7 0 2 4 5 30 3 17 18 2 17 18 2 1 2 7 1 2 7 0 40.148398756980896
1 2 7 0 2 7 1 2 7 0 2 7 5 31 3 1 2 7 1 2 7 1 2 7 1 2 7 17 18 2 0 2 7 0 2 7 0 2 7 0 2 7 1 2 7 0 2 7 0 2 7 1 2 7 5 30 3 5 30 3 17 18 2 12 16 2 0 2 7 15 2 11 17 18 2 0 2 7 0 2 7 12 16 2 0 2 7 1 2 7 13 6 3 0 2 4 1 2 7 0 2 7 12 16 2 13 6 3 0 2 7 17 9 2 0 2 7 1 2 4 0 40.3558205366134644
5 31 3 1 2 11 17 18 2 1 2 7 1 2 7 0 2 7 0 2 7 0 2 7 1 2 7 1 2 7 0 2 7 1 2 7 1 2 7 0 2 7 5 31 3 0 2 7 17 18 2 1 2 7 0 2 7 13 6 3 1 2 7 1 2 7 0 2 7 0 2 7 1 2 7 0 2 7 0 2 7 0 2 7 1 2 7 0 2 7 0 2 7 5 31 3 0 2 7 16 6 2 0 2 7 0 2 7 17 18 2 17 18 2 0 2 4 1 2 7 0 40.0670827627182007
5 31 3 1 2 7 17 9 2 1 2 7 0 2 7 0 2 7 0 2 7 1 2 7 1 2 7 0 2 7 0 2 7 0 2 4 0 2 7 0 2 7 5 31 3 0 2 7 17 18 2 0 2 7 1 2 7 13 6 3 1 2 7 0 2 7 0 2 7 0 2 7 0 2 7 0 2 7 1 2 7 1 2 7 0 2 7 1 2 11 1 2 7 0 2 7 17 18 2 1 2 7 17 9 2 0 2 7 16 6 2 1 2 7 1 2 7 5 31 3 0 40.0670827627182007
5 31 3 0 2 7 17 18 2 1 2 7 1 2 7 1 2 7 0 2 7 1 2 7 1 2 7 0 2 7 0 2 7 0 2 7 0 2 7 0 2 7 5 31 3 0 2 7 17 18 2 0 2 7 0 2 7 0 2 7 13 6 3 1 2 7 0 2 7 1 2 7 0 2 7 1 2 7 1 2 7 17 9 2 1 2 7 0 2 7 17 9 2 1 2 7 0 2 7 5 30 3 0 2 4 0 2 4 5 30 3 0 2 4 1 2 7 16 24 2 0 40.1302337646484375
0 2 7 0 2 7 0 2 7 1 2 3 5 31 3 0 2 7 1 2 7 0 2 7 0 2 3 17 18 2 0 2 7 0 2 7 1 2 7 0 2 7 0 2 7 0 2 7 0 2 7 0 2 7 6 2 7 16 6 2 1 2 7 0 2 7 0 2 7 0 2 7 6 2 7 16 6 2 0 2 7 0 2 7 0 2 7 0 2 7 17 9 2 5 31 3 1 2 7 5 31 3 12 16 2 5 30 3 17 1 2 5 30 3 1 2 7 1 2 4 0 40.9474647045135498
5 31 3 1 2 11 17 18 2 1 2 7 1 2 7 0 2 7 0 2 7 0 2 7 1 2 7 1 2 7 0 2 7 1 2 7 1 2 7 0 2 7 5 31 3 0 2 7 17 18 2 1 2 7 0 2 7 13 6 3 1 2 7 1 2 7 0 2 7 0 2 7 1 2 7 0 2 7 0 2 7 17 18 2 0 2 7 1 2 7 0 2 7 0 2 7 5 31 3 0 2 7 16 6 2 0 2 7 0 2 7 17 18 2 1 2 4 0 2 7 0 40.0670827627182007
5 31 3 1 2 7 17 18 2 1 2 4 1 2 7 1 2 7 0 2 7 0 2 7 1 2 7 1 2 7 0 2 7 0 2 7 0 2 7 0 2 7 0 2 7 5 31 3 0 2 7 17 18 2 0 2 7 0 2 7 13 6 3 1 2 7 0 2 7 0 2 7 0 2 7 0 2 7 0 2 7 1 2 7 17 9 2 1 2 7 0 2 7 1 2 7 1 2 7 0 2 7 0 2 4 17 18 2 16 24 2 5 30 3 1 2 4 5 30 3 0 40.1302337646484375

Current Evaluation = 9000(9000)
Front Size = 10
5 31 3 1 2 11 17 18 2 1 2 7 1 2 7 0 2 7 0 2 7 0 2 7 1 2 7 1 2 7 0 2 7 1 2 7 1 2 7 0 2 7 5 31 3 0 2 7 17 18 2 1 2 7 0 2 7 13 6 3 1 2 7 1 2 7 0 2 7 0 2 7 1 2 7 0 2 7 0 2 7 0 2 7 1 2 7 0 2 7 0 2 7 5 31 3 0 2 7 16 6 2 0 2 7 0 2 7 0 2 7 1 2 4 17 9 2 17 9 2 0 40.0670827627182007
5 31 3 17 18 2 1 2 4 1 2 7 0 2 7 0 2 7 0 2 7 1 2 7 1 2 11 0 2 7 1 2 7 1 2 7 0 2 7 5 31 3 0 2 7 17 18 2 1 2 7 0 2 7 13 6 3 1 2 7 1 2 7 0 2 7 0 2 7 1 2 7 0 2 7 0 2 7 0 2 7 0 2 7 0 2 7 0 2 7 5 31 3 0 2 7 16 6 2 0 2 7 1 2 7 1 2 7 0 2 7 1 2 7 17 9 2 17 18 2 0 40.0670827627182007
0 2 7 0 2 7 0 2 7 1 2 3 5 31 3 0 2 7 1 2 7 0 2 7 0 2 3 17 18 2 0 2 7 0 2 7 1 2 7 0 2 7 0 2 7 0 2 7 0 2 7 0 2 7 6 2 7 16 6 2 1 2 7 0 2 7 0 2 7 0 2 7 6 2 7 16 6 2 0 2 7 0 2 7 0 2 7 0 2 7 17 9 2 5 31 3 1 2 7 5 31 3 12 16 2 5 30 3 17 1 2 5 30 3 1 2 7 1 2 4 0 40.9474647045135498
5 31 3 1 2 7 17 18 2 1 2 7 1 2 7 0 2 7 0 2 7 1 2 7 1 2 7 0 2 7 0 2 7 0 2 7 0 2 7 0 2 7 5 31 3 0 2 7 17 18 2 0 2 7 0 2 7 13 6 3 1 2 7 0 2 7 0 2 7 0 2 7 0 2 7 0 2 7 1 2 7 1 2 7 0 2 7 1 2 7 1 2 7 0 2 7 0 2 4 17 18 2 1 2 7 5 31 3 16 6 2 1 2 7 1 2 11 17 9 2 0 40.0670827627182007
5 31 3 1 2 11 17 18 2 1 2 7 1 2 7 0 2 7 0 2 7 0 2 7 1 2 7 1 2 7 0 2 7 1 2 7 1 2 7 0 2 7 5 31 3 0 2 7 17 18 2 1 2 7 0 2 7 13 6 3 1 2 7 1 2 7 0 2 7 0 2 7 1 2 7 0 2 7 0 2 7 0 2 7 1 2 7 0 2 7 0 2 7 5 31 3 0 2 7 16 6 2 0 2 7 0 2 7 17 18 2 17 18 2 0 2 7 1 2 4 0 40.0670827627182007
5 31 3 0 2 7 17 18 2 1 2 7 1 2 7 1 2 7 0 2 7 1 2 7 1 2 7 0 2 4 0 2 7 0 2 7 0 2 11 0 2 7 5 31 3 0 2 7 17 18 2 0 2 7 0 2 7 0 2 7 13 6 3 1 2 7 0 2 7 1 2 7 0 2 7 1 2 7 1 2 7 0 2 7 0 2 7 1 2 7 0 2 7 1 2 7 0 2 7 1 2 7 17 18 2 5 31 3 17 18 2 1 2 7 0 2 7 16 6 2 0 40.0670828819274902
5 31 3 1 2 7 17 18 2 1 2 7 1 2 7 1 2 7 0 2 7 1 2 7 1 2 7 0 2 11 0 2 7 0 2 7 0 2 7 1 2 7 1 2 7 0 2 7 17 18 2 0 2 7 0 2 7 13 6 3 0 2 7 0 2 7 0 2 7 0 2 7 0 2 7 0 2 7 1 2 7 17 9 2 1 2 7 0 2 7 1 2 7 0 2 7 16 6 2 5 31 3 5 31 3 1 2 4 0 2 7 0 2 7 17 18 2 1 2 7 0 40.0670828819274902
1 2 7 0 2 7 1 2 7 0 2 7 5 31 3 1 2 7 1 2 7 1 2 7 1 2 7 17 18 2 0 2 7 0 2 7 0 2 7 0 2 7 1 2 7 0 2 7 0 2 7 1 2 7 5 30 3 5 30 3 17 18 2 12 16 2 0 2 7 15 2 11 17 18 2 0 2 7 0 2 7 12 16 2 0 2 7 1 2 7 13 6 3 0 2 4 1 2 7 0 2 7 12 16 2 13 6 3 0 2 7 17 9 2 0 2 7 1 2 4 0 40.3558205366134644
5 31 3 17 18 2 0 2 7 0 2 7 0 2 7 1 2 7 0 2 4 1 2 7 0 2 7 1 2 3 1 2 4 0 2 7 5 30 3 1 2 7 0 2 7 0 2 7 0 2 7 0 2 7 1 2 7 0 2 7 0 2 7 1 2 4 5 31 3 0 2 7 16 6 2 0 2 7 0 2 7 0 2 7 1 2 7 1 2 7 5 31 3 17 18 2 6 2 7 1 2 7 0 2 7 6 2 7 0 2 3 17 9 2 0 2 3 1 2 7 0 40.8354558944702148
5 31 3 1 2 7 17 18 2 1 2 7 1 2 7 0 2 7 0 2 7 1 2 7 1 2 7 0 2 7 0 2 7 0 2 7 0 2 7 0 2 7 5 31 3 0 2 7 17 18 2 0 2 7 0 2 7 13 6 3 1 2 7 0 2 7 0 2 7 0 2 7 0 2 7 0 2 7 1 2 7 17 9 2 1 2 7 1 2 7 1 2 7 0 2 4 16 24 2 5 30 3 5 30 3 0 2 4 1 2 7 17 9 2 0 2 4 1 2 7 0 40.1302337646484375

MonoObjective Genetic Algorithm
Number of Evaluations = 0
Mutation Probability = 0
Crossover Probability = 1
Population Size = 10
Survival Selection Type = 16

Time =  9030.32233905792236

Current Evaluation = 2220
Front Size = 10
5 31 3 1 2 11 17 18 2 1 2 7 1 2 7 0 2 7 0 2 7 0 2 7 1 2 7 1 2 7 0 2 7 1 2 7 1 2 7 0 2 7 5 31 3 0 2 7 17 18 2 1 2 7 0 2 7 13 6 3 1 2 7 1 2 7 0 2 7 0 2 7 1 2 7 0 2 7 0 2 7 0 2 7 1 2 7 0 2 7 0 2 7 5 31 3 0 2 7 16 6 2 0 2 7 0 2 7 0 2 7 1 2 4 17 9 2 17 9 2 0 40.0670827627182007
5 31 3 17 18 2 1 2 4 1 2 7 0 2 7 0 2 7 0 2 7 1 2 7 1 2 11 0 2 7 1 2 7 1 2 7 0 2 7 5 31 3 0 2 7 17 18 2 1 2 7 0 2 7 13 6 3 1 2 7 1 2 7 0 2 7 0 2 7 1 2 7 0 2 7 0 2 7 0 2 7 0 2 7 0 2 7 0 2 7 5 31 3 0 2 7 16 6 2 0 2 7 1 2 7 1 2 7 0 2 7 1 2 7 17 9 2 17 18 2 0 40.0670827627182007
0 2 7 0 2 7 0 2 7 1 2 3 5 31 3 0 2 7 1 2 7 0 2 7 0 2 3 17 18 2 0 2 7 0 2 7 1 2 7 0 2 7 0 2 7 0 2 7 0 2 7 0 2 7 6 2 7 16 6 2 1 2 7 0 2 7 0 2 7 0 2 7 6 2 7 16 6 2 0 2 7 0 2 7 0 2 7 0 2 7 17 9 2 5 31 3 1 2 7 5 31 3 12 16 2 5 30 3 17 1 2 5 30 3 1 2 7 1 2 4 0 40.9474647045135498
5 31 3 1 2 7 17 18 2 1 2 7 1 2 7 0 2 7 0 2 7 1 2 7 1 2 7 0 2 7 0 2 7 0 2 7 0 2 7 0 2 7 5 31 3 0 2 7 17 18 2 0 2 7 0 2 7 13 6 3 1 2 7 0 2 7 0 2 7 0 2 7 0 2 7 0 2 7 1 2 7 1 2 7 0 2 7 1 2 7 1 2 7 0 2 7 0 2 4 17 18 2 1 2 7 5 31 3 16 6 2 1 2 7 1 2 11 17 9 2 0 40.0670827627182007
5 31 3 1 2 11 17 18 2 1 2 7 1 2 7 0 2 7 0 2 7 0 2 7 1 2 7 1 2 7 0 2 7 1 2 7 1 2 7 0 2 7 5 31 3 0 2 7 17 18 2 1 2 7 0 2 7 13 6 3 1 2 7 1 2 7 0 2 7 0 2 7 1 2 7 0 2 7 0 2 7 0 2 7 1 2 7 0 2 7 0 2 7 5 31 3 0 2 7 16 6 2 0 2 7 0 2 7 17 18 2 17 18 2 0 2 7 1 2 4 0 40.0670827627182007
5 31 3 0 2 7 17 18 2 1 2 7 1 2 7 1 2 7 0 2 7 1 2 7 1 2 7 0 2 4 0 2 7 0 2 7 0 2 11 0 2 7 5 31 3 0 2 7 17 18 2 0 2 7 0 2 7 0 2 7 13 6 3 1 2 7 0 2 7 1 2 7 0 2 7 1 2 7 1 2 7 0 2 7 0 2 7 1 2 7 0 2 7 1 2 7 0 2 7 1 2 7 17 18 2 5 31 3 17 18 2 1 2 7 0 2 7 16 6 2 0 40.0670828819274902
5 31 3 1 2 7 17 18 2 1 2 7 1 2 7 1 2 7 0 2 7 1 2 7 1 2 7 0 2 11 0 2 7 0 2 7 0 2 7 1 2 7 1 2 7 0 2 7 17 18 2 0 2 7 0 2 7 13 6 3 0 2 7 0 2 7 0 2 7 0 2 7 0 2 7 0 2 7 1 2 7 17 9 2 1 2 7 0 2 7 1 2 7 0 2 7 16 6 2 5 31 3 5 31 3 1 2 4 0 2 7 0 2 7 17 18 2 1 2 7 0 40.0670828819274902
1 2 7 0 2 7 1 2 7 0 2 7 5 31 3 1 2 7 1 2 7 1 2 7 1 2 7 17 18 2 0 2 7 0 2 7 0 2 7 0 2 7 1 2 7 0 2 7 0 2 7 1 2 7 5 30 3 5 30 3 17 18 2 12 16 2 0 2 7 15 2 11 17 18 2 0 2 7 0 2 7 12 16 2 0 2 7 1 2 7 13 6 3 0 2 4 1 2 7 0 2 7 12 16 2 13 6 3 0 2 7 17 9 2 0 2 7 1 2 4 0 40.3558205366134644
5 31 3 17 18 2 0 2 7 0 2 7 0 2 7 1 2 7 0 2 4 1 2 7 0 2 7 1 2 3 1 2 4 0 2 7 5 30 3 1 2 7 0 2 7 0 2 7 0 2 7 0 2 7 1 2 7 0 2 7 0 2 7 1 2 4 5 31 3 0 2 7 16 6 2 0 2 7 0 2 7 0 2 7 1 2 7 1 2 7 5 31 3 17 18 2 6 2 7 1 2 7 0 2 7 6 2 7 0 2 3 17 9 2 0 2 3 1 2 7 0 40.8354558944702148
5 31 3 1 2 7 17 18 2 1 2 7 1 2 7 0 2 7 0 2 7 1 2 7 1 2 7 0 2 7 0 2 7 0 2 7 0 2 7 0 2 7 5 31 3 0 2 7 17 18 2 0 2 7 0 2 7 13 6 3 1 2 7 0 2 7 0 2 7 0 2 7 0 2 7 0 2 7 1 2 7 17 9 2 1 2 7 1 2 7 1 2 7 0 2 4 16 24 2 5 30 3 5 30 3 0 2 4 1 2 7 17 9 2 0 2 4 1 2 7 0 40.1302337646484375

