Current Evaluation = 180(180)
Front Size = 10
0 2 7 0 2 7 5 30 3 13 6 3 1 2 7 0 2 7 0 2 7 1 2 7 0 2 7 17 18 2 0 2 7 1 2 7 12 16 2 1 2 7 0 2 7 5 31 3 1 2 7 0 2 7 0 2 7 17 18 2 0 20.2646257877349854
5 30 3 5 30 3 12 16 2 0 2 8 0 2 3 1 2 7 0 2 11 0 2 11 0 2 8 0 2 8 16 19 11 5 30 3 0 2 3 8 9 2 0 2 8 12 16 2 0 2 8 16 19 11 0 2 8 0 2 8 0 23.0031582117080688
12 16 2 0 2 3 0 2 7 6 2 7 0 2 7 5 30 3 1 2 7 0 2 3 0 2 3 1 2 7 1 2 7 0 2 3 12 16 2 0 2 3 1 2 7 16 6 2 0 2 3 0 2 3 5 31 3 0 2 3 0 21.4496698975563049
5 30 3 1 2 11 0 2 7 0 2 7 1 2 3 0 2 7 5 30 3 1 2 7 0 2 7 0 2 7 0 2 7 0 2 3 17 9 2 16 31 2 1 2 7 0 2 3 1 2 7 1 2 7 0 2 3 0 2 7 0 20.6688988208770752
16 6 2 0 2 7 5 31 3 0 2 11 5 30 3 12 16 2 5 31 3 6 2 11 12 16 2 0 2 7 0 2 7 6 2 7 0 2 7 1 2 11 0 2 7 17 9 2 0 2 7 0 2 11 0 2 11 0 2 11 0 21.5530360341072083
12 16 2 0 2 7 0 2 1 1 2 7 5 30 3 6 2 7 0 2 7 1 2 7 12 16 2 0 2 7 0 2 4 0 2 4 8 9 2 17 18 2 5 31 3 0 2 7 0 2 7 0 2 11 16 6 2 1 2 7 0 20.9255219101905823
0 2 7 5 31 3 5 30 3 17 9 2 1 2 11 1 2 7 0 2 7 17 9 2 1 2 7 0 2 7 0 2 7 8 18 2 0 2 7 0 2 7 1 2 11 12 16 2 1 2 4 0 2 7 0 2 4 0 2 11 0 20.938869833946228
0 2 7 5 30 3 17 18 2 1 2 11 0 2 11 0 2 7 0 2 11 12 16 2 0 2 7 1 2 11 0 2 11 0 2 7 0 2 7 5 30 3 1 2 11 13 6 3 17 18 2 0 2 7 5 30 3 1 2 7 0 21.0231417417526245
0 2 7 1 2 3 0 2 7 16 6 2 0 2 7 0 2 3 1 2 3 1 2 3 1 2 3 12 16 2 0 2 3 5 31 3 16 6 2 0 2 7 0 2 3 0 2 3 5 30 3 0 2 3 9 2 7 0 2 3 0 21.4644999504089355
12 16 2 12 16 2 8 18 2 0 2 8 0 2 11 1 2 7 5 30 3 1 2 11 8 18 2 0 2 7 16 19 11 0 2 7 5 30 3 0 2 8 0 2 12 1 2 7 0 2 11 17 9 2 0 2 12 0 2 8 0 22.0714050531387329

Current Evaluation = 360(360)
Front Size = 10
12 16 2 17 18 2 1 2 7 5 30 3 1 2 7 5 31 3 0 2 7 0 2 7 0 2 7 1 2 7 0 2 7 1 2 7 1 2 7 0 2 7 13 6 3 0 2 7 0 2 7 0 2 7 17 9 2 0 2 7 0 20.2646257877349854
0 2 7 5 30 3 0 2 7 0 2 7 0 2 11 12 16 2 0 2 7 0 2 11 1 2 4 0 2 11 1 2 10 1 2 3 1 2 4 1 2 7 0 2 7 8 9 2 17 18 2 17 18 2 0 2 7 5 30 3 0 20.9925910234451294
0 2 3 5 30 3 0 2 3 12 16 2 0 2 7 0 2 3 0 2 10 5 31 3 1 2 3 16 6 2 0 2 3 0 2 7 12 16 2 1 2 7 1 2 3 0 2 3 0 2 4 16 30 2 1 2 7 0 2 4 0 21.1162079572677612
12 16 2 12 16 2 8 18 2 0 2 8 0 2 11 1 2 7 5 30 3 1 2 11 8 18 2 0 2 7 16 19 11 0 2 7 5 30 3 0 2 8 0 2 12 1 2 7 0 2 11 17 9 2 0 2 12 0 2 8 0 22.0714050531387329
5 30 3 5 31 3 12 16 2 0 2 7 0 2 4 0 2 7 12 16 2 0 2 11 15 2 11 1 2 11 1 2 7 0 2 4 16 6 2 0 2 7 17 9 2 0 2 7 0 2 11 1 2 11 6 2 7 0 2 7 0 21.0563138127326965
0 2 10 5 30 3 0 2 7 0 2 7 0 2 4 12 16 2 0 2 10 0 2 7 1 2 7 0 2 11 1 2 11 1 2 7 1 2 11 1 2 7 0 2 10 8 9 2 17 18 2 17 18 2 0 2 4 5 30 3 0 21.0005908012390137
5 30 3 5 30 3 12 16 2 0 2 8 0 2 3 1 2 7 0 2 11 0 2 11 0 2 8 0 2 8 16 19 11 5 30 3 0 2 3 8 9 2 0 2 8 12 16 2 0 2 8 16 19 11 0 2 8 0 2 8 0 23.0031582117080688
5 30 3 5 30 3 1 2 7 0 2 7 0 2 7 0 2 7 0 2 3 0 2 7 17 9 2 1 2 11 0 2 7 1 2 7 0 2 7 12 16 2 12 16 2 8 9 2 0 2 4 12 16 2 16 31 2 1 2 3 0.000289489940656655303 21.0866496562957764
12 16 2 17 18 2 1 2 7 5 30 3 0 2 3 0 2 7 0 2 4 5 31 3 0 2 3 0 2 7 0 2 4 0 2 3 1 2 7 16 30 2 0 2 7 1 2 7 1 2 10 1 2 11 0 2 7 0 2 7 0 20.8012489080429077
12 16 2 12 16 2 8 18 2 0 2 7 1 2 4 0 2 7 5 30 3 1 2 3 0 2 7 0 2 11 16 19 11 1 2 3 5 30 3 0 2 3 1 2 4 0 2 7 0 2 7 17 9 2 0 2 11 0 2 7 0 21.4193998575210571

Current Evaluation = 540(540)
Front Size = 10
12 16 2 17 18 2 1 2 7 5 30 3 1 2 7 5 31 3 0 2 7 0 2 7 0 2 7 1 2 7 0 2 7 1 2 7 1 2 7 0 2 7 13 6 3 0 2 7 0 2 7 0 2 7 17 9 2 0 2 7 0 20.2646257877349854
5 30 3 5 30 3 12 16 2 0 2 8 0 2 3 1 2 7 0 2 11 0 2 11 0 2 8 0 2 8 16 19 11 5 30 3 0 2 3 8 9 2 0 2 8 12 16 2 0 2 8 16 19 11 0 2 8 0 2 8 0 23.0031582117080688
5 30 3 1 2 11 0 2 7 12 16 2 0 2 10 0 2 7 1 2 7 0 2 7 17 18 2 0 2 3 0 2 7 0 2 7 1 2 11 1 2 4 1 2 7 0 2 11 8 9 2 17 18 2 0 2 4 5 30 3 0 20.9925907850265503
5 31 3 1 2 3 0 2 3 0 2 3 1 2 7 1 2 7 0 2 3 12 16 2 0 2 3 0 2 7 0 2 11 0 2 7 16 9 11 5 30 3 0 2 3 0 2 4 12 16 2 1 2 7 0 2 7 16 6 2 0 21.3884019255638123
5 30 3 5 31 3 12 16 2 0 2 7 0 2 4 0 2 7 12 16 2 0 2 11 15 2 11 1 2 11 1 2 7 0 2 4 16 6 2 0 2 7 17 9 2 0 2 7 0 2 11 1 2 11 6 2 7 0 2 7 0 21.0563138127326965
12 16 2 17 18 2 1 2 7 5 30 3 0 2 3 0 2 7 0 2 4 5 31 3 0 2 3 0 2 7 0 2 4 0 2 3 1 2 7 16 30 2 0 2 7 1 2 7 1 2 10 1 2 11 0 2 7 0 2 7 0 20.8012489080429077
5 30 3 1 2 11 0 2 7 12 16 2 0 2 1 0 2 11 0 2 11 0 2 7 5 30 3 0 2 11 12 16 2 17 18 2 0 2 4 0 2 7 0 2 11 17 9 2 1 2 1 8 9 2 8 9 2 1 2 7 0 21.7899460792541504
12 16 2 12 16 2 8 18 2 0 2 8 0 2 11 1 2 7 5 30 3 1 2 11 8 18 2 0 2 7 16 19 11 0 2 7 5 30 3 0 2 8 0 2 12 1 2 7 0 2 11 17 9 2 0 2 12 0 2 8 0 22.0714050531387329
5 30 3 5 30 3 12 16 2 0 2 7 0 2 7 0 2 7 0 2 7 0 2 11 0 2 3 16 19 11 12 16 2 0 2 3 5 31 3 6 2 11 0 2 11 1 2 7 0 2 7 16 19 11 0 2 7 0 2 7 0 21.9761247634887695
0 2 7 9 2 7 0 2 7 5 30 3 1 2 7 0 2 3 0 2 7 1 2 11 1 2 7 0 2 7 0 2 7 0 2 3 5 31 3 0 2 7 1 2 3 17 18 2 16 6 2 1 2 3 0 2 7 0 2 7 0 20.9495408535003662

Current Evaluation = 720(720)
Front Size = 10
12 16 2 5 30 3 0 2 7 17 9 2 0 2 7 0 2 7 13 6 3 1 2 7 0 2 7 0 2 7 5 31 3 1 2 7 0 2 7 1 2 7 17 18 2 1 2 7 0 2 7 0 2 7 1 2 7 0 2 7 0 20.2646257877349854
12 16 2 17 18 2 0 2 11 5 30 3 0 2 11 0 2 7 0 2 11 17 9 2 5 30 3 5 30 3 0 2 11 0 2 11 12 16 2 0 2 7 0 2 7 13 6 3 6 2 10 1 2 7 1 2 11 0 2 7 0 21.2717849016189575
0 2 7 0 2 10 12 16 2 0 2 4 1 2 3 0 2 7 5 30 3 0 2 3 0 2 7 0 2 7 0 2 7 1 2 11 0 2 3 5 30 3 0 2 7 1 2 7 1 2 7 17 9 2 1 2 4 16 31 2 0 20.8012487888336182
5 30 3 5 30 3 12 16 2 0 2 8 0 2 3 1 2 7 0 2 11 0 2 11 0 2 8 0 2 8 16 19 11 5 30 3 0 2 3 8 9 2 0 2 8 12 16 2 0 2 8 16 19 11 0 2 8 0 2 8 0 23.0031582117080688
1 2 11 12 16 2 16 6 2 0 2 7 5 30 3 0 2 7 0 2 7 0 2 7 5 31 3 0 2 7 0 2 7 0 2 4 0 2 4 1 2 7 1 2 11 17 9 2 12 16 2 0 2 7 1 2 7 8 18 2 0 20.8538286685943604
0 2 8 0 2 7 5 31 3 0 2 7 6 2 11 0 2 7 0 2 7 0 2 3 0 2 7 5 31 3 0 2 8 0 2 3 6 2 7 0 2 7 16 19 11 5 30 3 6 2 7 16 6 2 12 16 2 12 16 2 0 21.7017879486083984
0 2 11 1 2 7 12 16 2 0 2 11 5 30 3 0 2 7 1 2 4 8 9 2 5 31 3 0 2 7 1 2 7 17 18 2 0 2 11 0 2 7 0 2 7 1 2 7 1 2 7 17 18 2 0 2 7 0 2 4 0 20.9388700723648071
12 16 2 12 16 2 8 18 2 0 2 8 0 2 11 1 2 7 5 30 3 1 2 11 8 18 2 0 2 7 16 19 11 0 2 7 5 30 3 0 2 8 0 2 12 1 2 7 0 2 11 17 9 2 0 2 12 0 2 8 0 22.0714050531387329
12 16 2 0 2 7 0 2 7 5 31 3 1 2 7 0 2 7 0 2 4 0 2 7 5 30 3 1 2 7 12 16 2 17 18 2 1 2 7 16 30 2 0 2 4 1 2 3 0 2 7 0 2 7 12 16 2 13 6 3 0 20.4516057968139648
15 2 11 12 16 2 0 2 7 0 2 7 5 30 3 0 2 3 0 2 7 1 2 4 0 2 7 0 2 7 5 31 3 0 2 7 1 2 7 17 18 2 1 2 7 1 2 4 0 2 7 16 6 2 0 2 7 0 2 7 0 20.6338227987289429

Current Evaluation = 900(900)
Front Size = 10
0 2 7 1 2 7 12 16 2 5 30 3 0 2 7 0 2 7 1 2 7 17 18 2 0 2 7 0 2 7 0 2 7 0 2 7 1 2 7 1 2 7 5 31 3 0 2 7 1 2 7 13 6 3 17 9 2 0 2 7 0 20.2646257877349854
12 16 2 17 18 2 0 2 7 0 2 10 0 2 11 13 6 3 0 2 7 0 2 7 1 2 11 5 30 3 0 2 4 0 2 4 1 2 10 17 9 2 12 16 2 5 30 3 0 2 7 0 2 3 1 2 7 1 2 7 0 20.749896764755249
5 30 3 0 2 7 0 2 7 0 2 3 5 31 3 0 2 4 0 2 10 6 2 7 17 18 2 0 2 3 1 2 3 1 2 7 0 2 7 16 6 2 1 2 4 0 2 10 0 2 7 1 2 3 0 2 3 12 16 2 0 20.9673189520835876
5 30 3 5 30 3 12 16 2 0 2 8 0 2 3 1 2 7 0 2 11 0 2 11 0 2 8 0 2 8 16 19 11 5 30 3 0 2 3 8 9 2 0 2 8 12 16 2 0 2 8 16 19 11 0 2 8 0 2 8 0 23.0031582117080688
5 30 3 16 24 2 0 2 3 0 2 3 1 2 3 0 2 3 0 2 3 1 2 3 1 2 4 0 2 3 0 2 3 0 2 3 12 16 2 1 2 3 0 2 3 5 30 3 12 16 2 16 9 11 0 2 4 0 2 7 0 21.7103579640388489
0 2 11 1 2 7 12 16 2 0 2 11 5 30 3 0 2 7 1 2 4 8 9 2 5 31 3 0 2 7 1 2 7 17 18 2 0 2 11 0 2 7 0 2 7 1 2 7 1 2 7 17 18 2 0 2 7 0 2 4 0 20.9388700723648071
12 16 2 12 16 2 8 18 2 0 2 8 0 2 11 1 2 7 5 30 3 1 2 11 8 18 2 0 2 7 16 19 11 0 2 7 5 30 3 0 2 8 0 2 12 1 2 7 0 2 11 17 9 2 0 2 12 0 2 8 0 22.0714050531387329
1 2 7 0 2 7 0 2 7 0 2 7 1 2 7 0 2 7 0 2 7 0 2 7 5 31 3 0 2 7 16 9 11 1 2 3 12 16 2 12 16 2 1 2 11 16 30 2 5 31 3 12 16 2 0 2 7 0 2 4 0 21.101101815700531
5 30 3 16 19 11 0 2 7 0 2 11 0 2 7 1 2 7 0 2 7 0 2 11 0 2 7 5 31 3 0 2 7 0 2 7 12 16 2 0 2 3 0 2 11 5 30 3 12 16 2 16 19 11 0 2 7 0 2 7 0 21.9703837633132935
1 2 7 5 30 3 1 2 3 9 2 7 16 6 2 0 2 7 0 2 7 0 2 7 1 2 11 1 2 7 0 2 3 0 2 7 0 2 7 0 2 7 17 9 2 5 31 3 1 2 3 0 2 7 0 2 7 0 2 3 0 20.9495408535003662

Current Evaluation = 1080(1080)
Front Size = 10
1 2 7 0 2 7 1 2 7 17 18 2 0 2 7 0 2 7 1 2 7 12 16 2 0 2 7 0 2 7 1 2 7 0 2 7 0 2 7 17 18 2 0 2 7 13 6 3 5 30 3 5 31 3 0 2 7 1 2 7 0 20.2646257877349854
5 30 3 0 2 11 12 16 2 12 16 2 6 2 7 0 2 11 12 16 2 5 31 3 17 9 2 0 2 7 16 6 2 0 2 7 0 2 7 13 6 3 5 30 3 0 2 11 0 2 7 0 2 7 0 2 11 6 2 11 0 21.2093159556388855
0 2 7 0 2 7 5 30 3 0 2 4 5 30 3 12 16 2 12 16 2 1 2 7 0 2 7 1 2 7 0 2 7 13 6 3 0 2 4 0 2 3 1 2 7 16 31 2 1 2 7 17 9 2 0 2 7 12 16 2 0 20.4516056776046753
5 30 3 5 30 3 12 16 2 0 2 8 0 2 3 1 2 7 0 2 11 0 2 11 0 2 8 0 2 8 16 19 11 5 30 3 0 2 3 8 9 2 0 2 8 12 16 2 0 2 8 16 19 11 0 2 8 0 2 8 0 23.0031582117080688
5 30 3 0 2 7 12 16 2 5 31 3 12 16 2 0 2 7 1 2 4 16 30 2 0 2 7 0 2 7 1 2 7 0 2 3 17 9 2 1 2 4 0 2 7 1 2 7 0 2 7 12 16 2 0 2 7 13 6 3 0 20.4516057968139648
0 2 7 12 16 2 5 31 3 0 2 10 17 18 2 1 2 7 6 2 7 0 2 7 0 2 7 0 2 7 0 2 4 0 2 7 1 2 7 12 16 2 0 2 7 1 2 7 5 31 3 16 6 2 1 2 4 0 2 7 0 20.6613958477973938
5 30 3 16 24 2 0 2 3 0 2 3 1 2 3 0 2 3 0 2 3 1 2 3 1 2 4 0 2 3 0 2 3 0 2 3 12 16 2 1 2 3 0 2 3 5 30 3 12 16 2 16 9 11 0 2 4 0 2 7 0 21.7103579640388489
0 2 7 12 16 2 0 2 7 0 2 7 0 2 7 1 2 7 1 2 7 5 30 3 0 2 4 8 9 2 17 18 2 0 2 7 12 16 2 1 2 3 17 1 2 0 2 7 0 2 7 0 2 7 5 30 3 1 2 7 0 20.7358447313308716
0 2 11 1 2 7 12 16 2 0 2 11 5 30 3 0 2 7 1 2 4 8 9 2 5 31 3 0 2 7 1 2 7 17 18 2 0 2 11 0 2 7 0 2 7 1 2 7 1 2 7 17 18 2 0 2 7 0 2 4 0 20.9388700723648071
12 16 2 12 16 2 8 18 2 0 2 8 0 2 11 1 2 7 5 30 3 1 2 11 8 18 2 0 2 7 16 19 11 0 2 7 5 30 3 0 2 8 0 2 12 1 2 7 0 2 11 17 9 2 0 2 12 0 2 8 0 22.0714050531387329

Current Evaluation = 1260(1260)
Front Size = 10
0 2 7 12 16 2 0 2 7 5 31 3 0 2 7 1 2 7 0 2 7 5 30 3 1 2 7 17 9 2 17 9 2 1 2 7 13 6 3 1 2 7 0 2 7 1 2 7 0 2 7 0 2 7 0 2 7 0 2 7 0 20.2646257877349854
0 2 7 12 16 2 5 30 3 17 18 2 12 16 2 1 2 7 5 31 3 13 6 3 1 2 3 0 2 7 0 2 7 0 2 3 0 2 4 0 2 7 6 2 7 1 2 4 0 2 7 12 16 2 0 2 7 16 6 2 0 20.5632757544517517
5 30 3 5 30 3 12 16 2 0 2 8 0 2 3 1 2 7 0 2 11 0 2 11 0 2 8 0 2 8 16 19 11 5 30 3 0 2 3 8 9 2 0 2 8 12 16 2 0 2 8 16 19 11 0 2 8 0 2 8 0 23.0031582117080688
5 30 3 12 16 2 0 2 7 5 30 3 0 2 10 0 2 11 13 6 3 0 2 11 0 2 11 1 2 11 0 2 7 17 18 2 6 2 7 0 2 7 0 2 7 12 16 2 0 2 11 17 9 2 1 2 11 5 30 3 0 21.2717848420143127
12 16 2 5 31 3 0 2 7 1 2 7 0 2 7 0 2 7 0 2 7 1 2 7 0 2 7 0 2 7 0 2 4 0 2 7 17 18 2 0 2 10 1 2 7 12 16 2 16 6 2 5 30 3 1 2 7 8 18 2 0 20.7286287546157837
0 2 7 0 2 7 1 2 3 12 16 2 1 2 3 5 30 3 0 2 7 0 2 7 1 2 3 0 2 3 1 2 3 0 2 3 16 30 2 5 31 3 0 2 7 16 6 2 0 2 3 0 2 7 1 2 3 0 2 7 0 20.9838579893112183
1 2 7 1 2 7 0 2 11 5 30 3 12 16 2 12 16 2 0 2 7 0 2 7 16 19 11 5 30 3 0 2 3 12 16 2 13 6 3 12 16 2 0 2 7 16 31 2 0 2 4 0 2 7 0 2 7 12 16 2 0 21.1699645519256592
1 2 7 0 2 7 0 2 7 12 16 2 0 2 7 5 30 3 0 2 3 0 2 7 1 2 7 5 30 3 8 9 2 0 2 7 0 2 7 17 9 2 1 2 3 0 2 3 1 2 3 1 2 3 0 2 7 6 2 7 0 21.088084876537323
5 31 3 0 2 7 12 16 2 5 31 3 12 16 2 1 2 7 1 2 7 16 6 2 0 2 7 0 2 7 1 2 3 1 2 7 0 2 7 0 2 7 0 2 7 0 2 3 16 18 8 0 2 7 0 2 7 0 2 3 0 21.1636807918548584
1 2 7 12 16 2 5 30 3 1 2 11 0 2 1 1 2 7 1 2 7 0 2 7 0 2 7 0 2 7 0 2 7 0 2 7 8 18 2 12 16 2 17 18 2 13 6 3 0 2 7 0 2 7 5 30 3 17 18 2 0 20.730549693107605

Current Evaluation = 1440(1440)
Front Size = 10
13 6 3 0 2 7 0 2 7 1 2 7 0 2 7 12 16 2 0 2 7 17 9 2 17 18 2 1 2 7 5 30 3 1 2 7 0 2 7 0 2 7 0 2 7 1 2 7 0 2 7 0 2 7 1 2 7 5 31 3 0 20.2646257877349854
5 30 3 5 30 3 12 16 2 0 2 8 0 2 3 1 2 7 0 2 11 0 2 11 0 2 8 0 2 8 16 19 11 5 30 3 0 2 3 8 9 2 0 2 8 12 16 2 0 2 8 16 19 11 0 2 8 0 2 8 0 23.0031582117080688
0 2 3 12 16 2 0 2 4 13 6 3 0 2 7 17 18 2 1 2 11 0 2 7 0 2 7 12 16 2 5 30 3 0 2 7 5 30 3 1 2 7 0 2 7 12 16 2 0 2 7 8 9 2 1 2 7 16 6 2 0 20.6301085948944092
0 2 7 0 2 7 1 2 3 12 16 2 1 2 3 5 30 3 0 2 7 0 2 7 1 2 3 0 2 3 1 2 3 0 2 3 16 30 2 5 31 3 0 2 7 16 6 2 0 2 3 0 2 7 1 2 3 0 2 7 0 20.9838579893112183
5 30 3 12 16 2 0 2 7 5 30 3 0 2 10 0 2 11 13 6 3 0 2 11 0 2 11 1 2 11 0 2 7 17 18 2 6 2 7 0 2 7 0 2 7 12 16 2 0 2 11 17 9 2 1 2 11 5 30 3 0 21.2717848420143127
1 2 7 1 2 7 12 16 2 0 2 3 1 2 3 5 30 3 0 2 3 16 6 2 0 2 3 0 2 7 16 31 2 1 2 3 0 2 7 5 30 3 0 2 7 1 2 7 0 2 3 0 2 3 0 2 3 0 2 7 0 20.9838578701019287
0 2 7 0 2 7 12 16 2 0 2 7 0 2 7 5 31 3 0 2 7 16 6 2 0 2 7 0 2 7 1 2 4 17 18 2 1 2 4 1 2 7 0 2 7 1 2 7 0 2 7 5 31 3 0 2 7 6 2 7 0 20.4595978856086731
0 2 7 8 9 2 0 2 7 0 2 7 5 30 3 16 15 2 12 16 2 12 16 2 0 2 7 1 2 7 1 2 7 0 2 7 0 2 7 17 9 2 0 2 7 0 2 4 8 9 2 5 30 3 0 2 7 1 2 7 0 20.8408946990966797
13 6 3 0 2 7 0 2 7 1 2 7 0 2 7 12 16 2 12 16 2 17 9 2 17 9 2 0 2 7 1 2 7 1 2 4 1 2 4 5 31 3 5 30 3 0 2 7 0 2 7 0 2 7 0 2 7 6 2 7 0 20.3487167954444885
0 2 7 12 16 2 0 2 7 13 6 3 0 2 7 17 18 2 1 2 7 0 2 7 0 2 7 12 16 2 5 30 3 0 2 4 5 31 3 6 2 7 0 2 4 12 16 2 1 2 7 17 9 2 1 2 7 0 2 7 0 20.5670667290687561

Current Evaluation = 1620(1620)
Front Size = 10
13 6 3 0 2 7 0 2 7 1 2 7 0 2 7 12 16 2 1 2 7 0 2 7 5 31 3 5 30 3 0 2 7 0 2 7 0 2 7 17 9 2 0 2 7 17 9 2 0 2 7 1 2 7 1 2 7 1 2 7 0 20.2646257877349854
13 6 3 0 2 4 0 2 7 1 2 7 0 2 7 12 16 2 0 2 7 17 18 2 0 2 4 17 18 2 6 2 7 1 2 7 5 30 3 5 31 3 12 16 2 1 2 7 0 2 7 1 2 7 0 2 7 0 2 7 0 20.3487167954444885
12 16 2 0 2 8 5 30 3 12 16 2 8 18 2 0 2 8 0 2 8 5 30 3 16 6 2 0 2 8 0 2 7 0 2 8 0 2 11 0 2 7 0 2 8 5 31 3 16 19 11 0 2 8 0 2 8 6 2 7 0 22.5684803128242493
1 2 7 1 2 7 12 16 2 0 2 3 1 2 3 5 30 3 0 2 3 16 6 2 0 2 3 0 2 7 16 31 2 1 2 3 0 2 7 5 30 3 0 2 7 1 2 7 0 2 3 0 2 3 0 2 3 0 2 7 0 20.9838578701019287
0 2 7 12 16 2 0 2 4 13 6 3 0 2 7 1 2 4 1 2 7 0 2 7 12 16 2 17 18 2 1 2 7 0 2 7 0 2 7 0 2 7 0 2 7 1 2 3 16 30 2 12 16 2 5 30 3 5 31 3 0 20.4516057968139648
1 2 3 0 2 7 1 2 7 5 30 3 8 9 2 12 16 2 0 2 7 17 9 2 12 16 2 0 2 4 16 6 2 1 2 7 0 2 7 12 16 2 0 2 11 0 2 7 0 2 7 13 6 3 0 2 7 5 30 3 0 20.6301087141036987
0 2 7 0 2 7 12 16 2 1 2 7 0 2 7 17 18 2 1 2 7 1 2 11 0 2 7 0 2 11 0 2 7 0 2 7 8 18 2 5 31 3 16 6 2 0 2 7 5 30 3 1 2 7 1 2 7 0 2 7 0 20.6754788160324097
13 6 3 0 2 11 1 2 7 0 2 3 12 16 2 0 2 7 17 9 2 1 2 11 12 16 2 1 2 4 1 2 7 0 2 3 17 18 2 0 2 7 1 2 10 5 30 3 0 2 4 0 2 7 5 30 3 0 2 11 0 20.8249448537826538
5 30 3 12 16 2 0 2 7 5 30 3 0 2 10 0 2 11 13 6 3 0 2 11 0 2 11 1 2 11 0 2 7 17 18 2 6 2 7 0 2 7 0 2 7 12 16 2 0 2 11 17 9 2 1 2 11 5 30 3 0 21.2717848420143127
5 30 3 5 30 3 12 16 2 0 2 8 0 2 3 1 2 7 0 2 11 0 2 11 0 2 8 0 2 8 16 19 11 5 30 3 0 2 3 8 9 2 0 2 8 12 16 2 0 2 8 16 19 11 0 2 8 0 2 8 0 23.0031582117080688

Current Evaluation = 1800(1800)
Front Size = 10
5 30 3 12 16 2 0 2 7 0 2 7 1 2 7 1 2 7 0 2 7 0 2 7 0 2 7 13 6 3 17 18 2 0 2 7 1 2 7 17 18 2 0 2 7 1 2 7 0 2 7 0 2 7 1 2 7 5 31 3 0 20.2646257877349854
1 2 7 1 2 7 12 16 2 0 2 3 1 2 3 5 30 3 0 2 3 16 6 2 0 2 3 0 2 7 16 31 2 1 2 3 0 2 7 5 30 3 0 2 7 1 2 7 0 2 3 0 2 3 0 2 3 0 2 7 0 20.9838578701019287
12 16 2 0 2 4 12 16 2 0 2 7 1 2 7 6 2 7 13 6 3 5 31 3 1 2 7 0 2 4 17 9 2 0 2 7 0 2 7 1 2 7 0 2 7 1 2 7 0 2 7 17 9 2 0 2 7 5 30 3 0 20.3487167954444885
0 2 7 0 2 7 12 16 2 0 2 7 12 16 2 0 2 7 12 16 2 1 2 3 0 2 7 1 2 4 0 2 7 13 6 3 0 2 7 5 30 3 1 2 11 8 9 2 16 6 2 0 2 7 17 9 2 5 30 3 0 20.6301085948944092
1 2 4 12 16 2 1 2 4 1 2 7 0 2 7 0 2 7 0 2 7 0 2 7 0 2 7 13 6 3 17 18 2 0 2 7 1 2 7 12 16 2 5 31 3 5 30 3 0 2 7 6 2 7 17 9 2 0 2 7 0 20.3487167954444885
17 18 2 0 2 7 5 30 3 1 2 7 1 2 7 0 2 4 0 2 3 0 2 7 0 2 7 0 2 4 1 2 7 1 2 7 0 2 7 17 9 2 0 2 4 0 2 11 5 31 3 0 2 1 1 2 7 6 2 7 0 20.7193600535392761
5 31 3 0 2 7 1 2 4 1 2 7 0 2 4 0 2 7 0 2 7 1 2 7 1 2 7 5 31 3 0 2 7 0 2 7 0 2 7 0 2 7 17 9 2 6 2 7 12 16 2 0 2 7 16 6 2 0 2 7 0 20.4595978856086731
0 2 7 0 2 7 12 16 2 15 2 11 12 16 2 0 2 7 0 2 7 0 2 7 13 6 3 5 30 3 1 2 11 17 9 2 5 30 3 17 9 2 1 2 7 0 2 4 0 2 7 0 2 4 1 2 11 1 2 7 0 20.6221415996551514
0 2 11 12 16 2 1 2 7 0 2 11 0 2 7 0 2 7 1 2 11 1 2 7 13 6 3 17 18 2 0 2 11 12 16 2 5 30 3 17 9 2 0 2 7 0 2 7 1 2 7 5 30 3 0 2 7 8 18 2 0 20.8343498706817627
5 31 3 0 2 7 1 2 7 1 2 11 17 18 2 0 2 7 1 2 7 0 2 4 0 2 7 0 2 7 1 2 7 1 2 7 0 2 7 0 2 7 16 18 11 0 2 4 12 16 2 5 31 3 0 2 7 12 16 2 0 21.0019198060035706

Current Evaluation = 1980(1980)
Front Size = 10
1 2 7 0 2 7 12 16 2 0 2 7 1 2 7 0 2 7 0 2 7 0 2 7 1 2 7 0 2 7 17 9 2 5 31 3 1 2 7 0 2 7 5 30 3 13 6 3 1 2 7 0 2 7 17 18 2 0 2 7 0 20.2646257877349854
12 16 2 12 16 2 0 2 7 1 2 7 0 2 7 13 6 3 5 31 3 1 2 7 17 9 2 0 2 7 6 2 7 0 2 7 0 2 7 0 2 4 5 30 3 0 2 4 1 2 7 0 2 7 1 2 7 17 9 2 0 20.3487167954444885
0 2 7 0 2 7 12 16 2 0 2 7 12 16 2 0 2 7 12 16 2 1 2 3 0 2 7 1 2 4 0 2 7 13 6 3 0 2 7 5 30 3 1 2 11 8 9 2 16 6 2 0 2 7 17 9 2 5 30 3 0 20.6301085948944092
0 2 7 0 2 3 12 16 2 1 2 4 12 16 2 0 2 7 12 16 2 0 2 7 1 2 7 1 2 7 13 6 3 5 30 3 17 9 2 5 30 3 0 2 7 16 31 2 1 2 4 0 2 7 0 2 7 0 2 7 0 20.4516056776046753
5 31 3 0 2 7 1 2 4 1 2 7 0 2 4 0 2 7 0 2 7 1 2 7 1 2 7 5 31 3 0 2 7 0 2 7 0 2 7 0 2 7 17 9 2 6 2 7 12 16 2 0 2 7 16 6 2 0 2 7 0 20.4595978856086731
12 16 2 12 16 2 0 2 7 12 16 2 13 6 3 1 2 4 0 2 7 1 2 7 0 2 7 1 2 11 0 2 4 17 9 2 12 16 2 5 31 3 1 2 4 0 2 4 1 2 7 0 2 4 0 2 11 17 9 2 0 20.6165767908096313
0 2 7 0 2 7 12 16 2 0 2 4 12 16 2 6 2 3 12 16 2 1 2 7 0 2 7 0 2 7 13 6 3 5 30 3 1 2 7 5 31 3 1 2 11 16 30 2 0 2 7 0 2 7 17 9 2 0 2 7 0 20.5474987030029297
1 2 7 1 2 7 12 16 2 0 2 3 1 2 3 5 30 3 0 2 3 16 6 2 0 2 3 0 2 7 16 31 2 1 2 3 0 2 7 5 30 3 0 2 7 1 2 7 0 2 3 0 2 3 0 2 3 0 2 7 0 20.9838578701019287
1 2 4 12 16 2 1 2 4 1 2 7 0 2 7 0 2 7 0 2 7 0 2 7 0 2 7 13 6 3 17 18 2 0 2 7 1 2 7 12 16 2 5 31 3 5 30 3 0 2 7 6 2 7 17 9 2 0 2 7 0 20.3487167954444885
0 2 7 12 16 2 12 16 2 0 2 4 0 2 7 0 2 7 15 2 11 1 2 7 0 2 7 16 6 2 0 2 3 0 2 7 0 2 3 5 31 3 0 2 7 0 2 7 1 2 3 1 2 3 5 30 3 16 6 2 0 20.9683817625045776

Current Evaluation = 2160(2160)
Front Size = 10
12 16 2 0 2 7 1 2 7 0 2 7 13 6 3 5 31 3 1 2 7 17 9 2 0 2 7 0 2 7 17 9 2 0 2 7 5 30 3 0 2 7 0 2 7 1 2 7 0 2 7 0 2 7 1 2 7 1 2 7 0 20.2646257877349854
0 2 7 12 16 2 12 16 2 0 2 7 12 16 2 1 2 7 13 6 3 17 9 2 0 2 7 0 2 7 5 30 3 1 2 11 0 2 7 1 2 11 0 2 7 1 2 4 13 6 3 0 2 7 17 18 2 12 16 2 0 20.3046585321426392
1 2 7 1 2 7 12 16 2 0 2 3 1 2 3 5 30 3 0 2 3 16 6 2 0 2 3 0 2 7 16 31 2 1 2 3 0 2 7 5 30 3 0 2 7 1 2 7 0 2 3 0 2 3 0 2 3 0 2 7 0 20.9838578701019287
0 2 7 1 2 7 12 16 2 0 2 7 12 16 2 0 2 7 1 2 7 13 6 3 5 30 3 17 9 2 0 2 7 0 2 4 0 2 7 5 31 3 17 18 2 0 2 7 1 2 7 0 2 7 6 2 7 1 2 4 0 20.3487167954444885
12 16 2 12 16 2 0 2 7 12 16 2 13 6 3 1 2 7 0 2 4 1 2 7 0 2 7 1 2 4 0 2 7 17 9 2 12 16 2 5 31 3 1 2 1 0 2 4 1 2 4 0 2 7 0 2 4 17 9 2 0 20.6123768091201782
0 2 7 12 16 2 12 16 2 0 2 4 0 2 7 0 2 7 15 2 11 1 2 7 0 2 7 16 6 2 0 2 3 0 2 7 0 2 3 5 31 3 0 2 7 0 2 7 1 2 3 1 2 3 5 30 3 16 6 2 0 20.9683817625045776
0 2 7 12 16 2 12 16 2 0 2 7 12 16 2 0 2 7 1 2 7 1 2 7 13 6 3 1 2 7 17 9 2 0 2 7 0 2 4 0 2 7 5 30 3 13 6 3 1 2 11 0 2 11 17 18 2 12 16 2 0 20.3046586513519287
0 2 7 0 2 3 12 16 2 1 2 4 12 16 2 0 2 7 12 16 2 0 2 7 1 2 7 1 2 7 13 6 3 5 30 3 17 9 2 5 30 3 0 2 7 16 31 2 1 2 4 0 2 7 0 2 7 0 2 7 0 20.4516056776046753
0 2 7 0 2 7 6 2 7 0 2 4 0 2 4 1 2 7 0 2 7 0 2 7 0 2 7 0 2 7 17 9 2 12 16 2 1 2 7 0 2 7 1 2 7 5 31 3 1 2 7 5 31 3 16 6 2 0 2 7 0 20.4595978856086731
1 2 7 1 2 11 0 2 7 0 2 7 12 16 2 17 9 2 5 30 3 0 2 7 1 2 7 0 2 7 5 31 3 0 2 7 1 2 7 0 2 7 1 2 7 8 9 2 16 6 2 0 2 7 0 2 11 0 2 7 0 20.6754788160324097

Current Evaluation = 2340(2340)
Front Size = 10
1 2 7 1 2 7 0 2 7 0 2 7 0 2 7 0 2 7 17 18 2 5 30 3 0 2 7 5 31 3 0 2 7 17 18 2 1 2 7 0 2 7 13 6 3 0 2 7 1 2 7 1 2 7 0 2 7 12 16 2 0 20.2646257877349854
12 16 2 12 16 2 0 2 7 12 16 2 13 6 3 0 2 7 1 2 7 0 2 4 0 2 7 17 9 2 0 2 7 0 2 7 13 6 3 5 30 3 12 16 2 1 2 11 0 2 7 1 2 11 1 2 7 17 9 2 0 20.3046585321426392
12 16 2 12 16 2 1 2 3 16 31 2 13 6 3 1 2 4 0 2 7 0 2 7 0 2 7 17 9 2 12 16 2 0 2 7 1 2 4 5 30 3 0 2 7 5 30 3 0 2 7 0 2 7 1 2 7 0 2 7 0 20.4516056776046753
0 2 7 12 16 2 12 16 2 0 2 4 0 2 7 0 2 7 15 2 11 1 2 7 0 2 7 16 6 2 0 2 3 0 2 7 0 2 3 5 31 3 0 2 7 0 2 7 1 2 3 1 2 3 5 30 3 16 6 2 0 20.9683817625045776
1 2 7 1 2 7 12 16 2 0 2 3 1 2 3 5 30 3 0 2 3 16 6 2 0 2 3 0 2 7 16 31 2 1 2 3 0 2 7 5 30 3 0 2 7 1 2 7 0 2 3 0 2 3 0 2 3 0 2 7 0 20.9838578701019287
12 16 2 12 16 2 0 2 7 12 16 2 13 6 3 1 2 7 0 2 4 1 2 7 0 2 7 1 2 4 0 2 7 17 9 2 12 16 2 5 31 3 1 2 1 0 2 4 1 2 4 0 2 7 0 2 4 17 9 2 0 20.6123768091201782
12 16 2 12 16 2 13 6 3 1 2 7 0 2 4 0 2 7 0 2 7 17 9 2 0 2 7 1 2 7 5 30 3 0 2 4 0 2 7 0 2 7 1 2 7 6 2 7 17 9 2 1 2 7 0 2 7 5 31 3 0 20.3487167954444885
0 2 7 12 16 2 12 16 2 0 2 7 12 16 2 1 2 7 13 6 3 17 9 2 0 2 7 0 2 7 5 30 3 1 2 11 0 2 7 1 2 11 0 2 7 1 2 4 13 6 3 0 2 7 17 18 2 12 16 2 0 20.3046585321426392
0 2 7 12 16 2 1 2 7 1 2 7 0 2 7 0 2 7 0 2 4 5 31 3 5 30 3 0 2 7 0 2 7 0 2 7 13 6 3 0 2 7 17 18 2 12 16 2 1 2 4 6 2 7 17 18 2 1 2 7 0 20.3487167954444885
0 2 7 12 16 2 1 2 7 1 2 7 0 2 7 0 2 7 0 2 7 16 6 2 1 2 7 5 31 3 0 2 7 0 2 11 0 2 7 0 2 7 12 16 2 12 16 2 0 2 7 8 9 2 5 30 3 16 31 2 0 20.8736897706985474

Current Evaluation = 2520(2520)
Front Size = 10
1 2 7 12 16 2 13 6 3 1 2 7 0 2 7 0 2 7 0 2 7 17 9 2 0 2 7 1 2 7 5 30 3 0 2 7 0 2 7 0 2 7 17 9 2 5 31 3 1 2 7 1 2 7 0 2 7 0 2 7 0 20.2646257877349854
12 16 2 12 16 2 0 2 7 12 16 2 13 6 3 1 2 7 0 2 4 1 2 7 0 2 7 1 2 4 0 2 7 17 9 2 12 16 2 5 31 3 1 2 1 0 2 4 1 2 4 0 2 7 0 2 4 17 9 2 0 20.6123768091201782
12 16 2 12 16 2 1 2 7 13 6 3 0 2 7 0 2 7 0 2 7 12 16 2 0 2 3 5 30 3 1 2 3 0 2 7 16 31 2 0 2 3 16 30 2 1 2 11 0 2 7 5 30 3 12 16 2 0 2 3 0 20.8703876733779907
1 2 11 12 16 2 12 16 2 0 2 7 12 16 2 0 2 7 13 6 3 0 2 4 0 2 7 12 16 2 1 2 11 17 9 2 0 2 7 17 18 2 0 2 7 1 2 7 1 2 7 0 2 7 13 6 3 5 30 3 0 20.3046585321426392
0 2 7 12 16 2 1 2 4 1 2 4 0 2 7 0 2 7 5 30 3 0 2 7 0 2 7 0 2 7 13 6 3 0 2 7 0 2 7 12 16 2 1 2 7 5 31 3 17 18 2 17 18 2 6 2 7 1 2 7 0 20.3487167954444885
12 16 2 12 16 2 1 2 3 16 31 2 13 6 3 1 2 4 0 2 7 0 2 7 0 2 7 17 9 2 12 16 2 0 2 7 1 2 4 5 30 3 0 2 7 5 30 3 0 2 7 0 2 7 1 2 7 0 2 7 0 20.4516056776046753
12 16 2 17 9 2 1 2 4 12 16 2 13 6 3 0 2 7 0 2 7 1 2 7 0 2 7 17 9 2 0 2 7 0 2 7 6 2 7 1 2 7 5 30 3 5 31 3 1 2 7 0 2 7 0 2 7 0 2 4 0 20.3487167954444885
12 16 2 0 2 7 16 6 2 0 2 7 0 2 7 1 2 3 0 2 3 5 31 3 5 30 3 1 2 7 1 2 3 0 2 7 1 2 7 17 9 2 8 9 2 0 2 3 0 2 4 0 2 7 1 2 7 0 2 7 0 20.8562788963317871
12 16 2 1 2 7 0 2 3 0 2 7 0 2 7 5 30 3 5 31 3 0 2 7 0 2 7 0 2 4 17 9 2 0 2 4 0 2 7 1 2 7 16 30 2 12 16 2 1 2 7 13 6 3 1 2 7 12 16 2 0 20.4516057968139648
1 2 7 1 2 7 12 16 2 0 2 3 1 2 3 5 30 3 0 2 3 16 6 2 0 2 3 0 2 7 16 31 2 1 2 3 0 2 7 5 30 3 0 2 7 1 2 7 0 2 3 0 2 3 0 2 3 0 2 7 0 20.9838578701019287

Current Evaluation = 2700(2700)
Front Size = 10
12 16 2 13 6 3 0 2 7 0 2 7 0 2 7 5 30 3 0 2 7 1 2 7 0 2 7 1 2 7 17 9 2 0 2 7 1 2 7 1 2 7 5 31 3 17 9 2 1 2 7 0 2 7 0 2 7 0 2 7 0 20.2646257877349854
12 16 2 1 2 7 0 2 7 5 30 3 1 2 7 0 2 7 1 2 4 0 2 7 0 2 7 5 30 3 1 2 4 13 6 3 0 2 7 0 2 7 17 18 2 0 2 7 12 16 2 12 16 2 0 2 3 16 31 2 0 20.4516056776046753
0 2 7 0 2 7 0 2 7 0 2 4 5 31 3 1 2 7 6 2 4 0 2 7 1 2 7 12 16 2 1 2 7 12 16 2 0 2 7 13 6 3 0 2 7 17 18 2 0 2 7 1 2 7 17 9 2 5 30 3 0 20.3487167954444885
12 16 2 12 16 2 0 2 7 0 2 7 0 2 7 1 2 3 1 2 11 0 2 7 0 2 7 0 2 7 0 2 7 12 16 2 1 2 7 13 6 3 5 30 3 17 9 2 5 30 3 16 6 2 8 18 2 0 2 4 0 20.6301085948944092
1 2 7 1 2 7 12 16 2 0 2 3 1 2 3 5 30 3 0 2 3 16 6 2 0 2 3 0 2 7 16 31 2 1 2 3 0 2 7 5 30 3 0 2 7 1 2 7 0 2 3 0 2 3 0 2 3 0 2 7 0 20.9838578701019287
12 16 2 12 16 2 5 31 3 1 2 7 1 2 7 0 2 7 0 2 7 0 2 7 0 2 7 0 2 7 5 31 3 0 2 7 0 2 7 16 6 2 0 2 7 16 6 2 12 16 2 8 18 2 1 2 4 0 2 7 0 20.7894667387008667
12 16 2 1 2 7 0 2 7 5 30 3 1 2 7 0 2 7 0 2 7 0 2 7 13 6 3 0 2 7 17 18 2 12 16 2 12 16 2 0 2 3 0 2 4 16 30 2 1 2 4 0 2 4 1 2 7 5 31 3 0.00268249358671086196 20.4316058158874512
12 16 2 6 2 7 13 6 3 0 2 7 0 2 7 0 2 7 5 30 3 0 2 7 1 2 7 0 2 7 1 2 7 0 2 7 5 31 3 12 16 2 0 2 7 17 18 2 1 2 4 0 2 7 17 18 2 1 2 4 0 20.3487167954444885
12 16 2 6 2 7 13 6 3 0 2 7 0 2 7 0 2 7 5 30 3 0 2 7 1 2 7 0 2 7 1 2 7 0 2 7 5 31 3 12 16 2 0 2 4 0 2 4 17 9 2 1 2 7 1 2 7 17 9 2 0 20.3487167954444885
12 16 2 12 16 2 0 2 7 13 6 3 0 2 7 0 2 7 0 2 7 5 30 3 0 2 7 0 2 7 1 2 7 0 2 3 1 2 7 12 16 2 0 2 4 1 2 4 16 31 2 1 2 7 5 30 3 17 9 2 0 20.4516056776046753

Current Evaluation = 2880(2880)
Front Size = 10
0 2 7 13 6 3 0 2 7 0 2 7 1 2 7 5 30 3 0 2 7 1 2 7 0 2 7 0 2 7 12 16 2 1 2 7 0 2 7 1 2 7 0 2 7 17 18 2 5 31 3 0 2 7 17 9 2 1 2 7 0 20.2646257877349854
12 16 2 12 16 2 0 2 7 0 2 7 0 2 7 1 2 3 1 2 11 0 2 7 0 2 7 0 2 7 0 2 7 12 16 2 1 2 7 13 6 3 5 30 3 17 9 2 5 30 3 16 6 2 8 18 2 0 2 4 0 20.6301085948944092
12 16 2 0 2 7 0 2 7 5 31 3 6 2 7 0 2 7 0 2 7 0 2 7 13 6 3 1 2 7 12 16 2 0 2 7 1 2 7 17 18 2 5 30 3 17 9 2 0 2 7 0 2 4 1 2 4 1 2 7 0 20.3487167954444885
12 16 2 1 2 7 0 2 7 5 30 3 1 2 7 0 2 7 1 2 4 0 2 7 0 2 7 5 30 3 1 2 4 13 6 3 0 2 7 0 2 7 17 18 2 0 2 7 12 16 2 12 16 2 0 2 3 16 31 2 0 20.4516056776046753
12 16 2 12 16 2 5 31 3 1 2 7 0 2 7 1 2 7 1 2 3 0 2 3 0 2 7 0 2 7 0 2 7 0 2 7 0 2 7 0 2 7 5 31 3 16 30 2 16 6 2 0 2 4 0 2 3 1 2 7 0 20.7824869155883789
12 16 2 12 16 2 5 31 3 0 2 7 0 2 7 1 2 7 0 2 4 1 2 7 0 2 4 0 2 7 1 2 7 0 2 3 1 2 7 0 2 7 17 18 2 12 16 2 5 30 3 13 6 3 16 30 2 0 2 7 0 20.4516057968139648
1 2 7 0 2 4 0 2 7 0 2 7 1 2 4 1 2 7 0 2 7 13 6 3 5 30 3 0 2 7 0 2 7 12 16 2 17 9 2 5 30 3 0 2 7 1 2 7 12 16 2 0 2 3 16 31 2 12 16 2 0 20.4516056776046753
12 16 2 1 2 7 0 2 7 5 30 3 1 2 7 1 2 4 0 2 7 0 2 7 13 6 3 0 2 7 0 2 7 17 18 2 0 2 7 12 16 2 0 2 7 0 2 7 5 31 3 6 2 7 1 2 4 17 9 2 0 20.3487167954444885
1 2 7 1 2 7 12 16 2 0 2 3 1 2 3 5 30 3 0 2 3 16 6 2 0 2 3 0 2 7 16 31 2 1 2 3 0 2 7 5 30 3 0 2 7 1 2 7 0 2 3 0 2 3 0 2 3 0 2 7 0 20.9838578701019287
12 16 2 0 2 7 0 2 7 5 31 3 6 2 7 0 2 7 0 2 7 0 2 7 13 6 3 1 2 7 0 2 4 12 16 2 0 2 7 0 2 4 1 2 7 17 18 2 5 30 3 1 2 7 1 2 7 17 9 2 0 20.3487167954444885

Current Evaluation = 3060(3060)
Front Size = 10
0 2 7 0 2 7 1 2 7 5 30 3 12 16 2 1 2 7 0 2 7 0 2 7 0 2 7 13 6 3 0 2 7 17 9 2 0 2 7 1 2 7 0 2 7 1 2 7 17 18 2 5 31 3 0 2 7 1 2 7 0 20.2646257877349854
1 2 7 0 2 7 0 2 7 5 30 3 12 16 2 12 16 2 1 2 7 0 2 7 13 6 3 0 2 7 0 2 4 0 2 3 0 2 7 1 2 7 17 9 2 0 2 7 5 30 3 16 31 2 1 2 4 12 16 2 0 20.4516056776046753
0 2 7 0 2 7 1 2 7 5 30 3 12 16 2 12 16 2 0 2 7 0 2 7 0 2 4 13 6 3 0 2 7 17 9 2 0 2 7 1 2 7 6 2 7 1 2 7 17 18 2 5 31 3 0 2 7 1 2 4 0 20.3487167954444885
17 18 2 12 16 2 5 31 3 1 2 7 0 2 7 0 2 7 0 2 7 0 2 7 0 2 7 0 2 7 0 2 7 17 9 2 0 2 7 1 2 7 1 2 4 1 2 7 5 30 3 13 6 3 6 2 4 12 16 2 0 20.3487167954444885
0 2 7 0 2 7 1 2 7 5 30 3 12 16 2 12 16 2 0 2 7 0 2 7 0 2 4 13 6 3 0 2 7 17 9 2 0 2 7 1 2 7 6 2 7 1 2 7 17 18 2 5 31 3 1 2 7 0 2 4 0 20.3487167954444885
17 18 2 12 16 2 5 31 3 1 2 7 0 2 7 0 2 7 0 2 7 0 2 7 0 2 7 0 2 7 0 2 7 17 9 2 0 2 7 1 2 7 6 2 7 1 2 4 1 2 7 5 31 3 1 2 4 0 2 7 0 20.5928369164466858
1 2 7 1 2 7 12 16 2 0 2 3 1 2 3 5 30 3 0 2 3 16 6 2 0 2 3 0 2 7 16 31 2 1 2 3 0 2 7 5 30 3 0 2 7 1 2 7 0 2 3 0 2 3 0 2 3 0 2 7 0 20.9838578701019287
0 2 7 0 2 7 1 2 3 8 9 2 1 2 7 5 30 3 1 2 11 12 16 2 5 30 3 12 16 2 0 2 7 16 6 2 0 2 7 0 2 4 13 6 3 0 2 7 17 9 2 0 2 7 12 16 2 0 2 7 0 20.6301085948944092
0 2 7 13 6 3 0 2 7 0 2 7 1 2 4 5 30 3 0 2 7 0 2 7 0 2 7 0 2 7 12 16 2 17 18 2 5 31 3 12 16 2 1 2 4 6 2 7 0 2 7 17 9 2 1 2 7 1 2 7 0 20.3487167954444885
8 18 2 1 2 12 12 16 2 5 31 3 0 2 4 1 2 7 0 2 3 1 2 7 0 2 7 0 2 7 1 2 7 0 2 3 16 6 2 0 2 7 0 2 7 1 2 7 17 9 2 5 30 3 0 2 7 0 2 7 0 20.769278883934021

Current Evaluation = 3240(3240)
Front Size = 10
12 16 2 0 2 7 0 2 7 0 2 7 1 2 7 1 2 7 0 2 7 17 18 2 5 31 3 13 6 3 1 2 7 5 30 3 0 2 7 0 2 7 1 2 7 0 2 7 1 2 7 0 2 7 0 2 7 17 18 2 0 20.2646257877349854
0 2 7 0 2 7 5 30 3 0 2 7 12 16 2 0 2 7 1 2 7 17 9 2 0 2 7 0 2 7 0 2 7 0 2 7 5 31 3 1 2 7 17 18 2 1 2 7 1 2 7 0 2 7 1 2 7 13 6 3 0 20.2646257877349854
0 2 4 0 2 3 0 2 7 0 2 7 5 30 3 1 2 11 1 2 4 0 2 7 12 16 2 0 2 7 1 2 7 5 30 3 16 31 2 0 2 10 17 9 2 0 2 7 1 2 3 0 2 7 0 2 7 1 2 3 0 20.8012487888336182
1 2 7 12 16 2 0 2 7 17 18 2 0 2 7 1 2 7 0 2 11 6 2 7 0 2 7 5 30 3 12 16 2 5 30 3 12 16 2 13 6 3 16 31 2 0 2 7 0 2 4 0 2 3 1 2 7 0 2 7 0 20.5474987626075745
12 16 2 0 2 4 0 2 7 0 2 7 0 2 7 1 2 7 0 2 7 5 31 3 13 6 3 1 2 7 5 30 3 0 2 7 0 2 7 6 2 7 17 9 2 1 2 7 0 2 7 17 9 2 12 16 2 1 2 4 0 20.3487167954444885
12 16 2 0 2 7 0 2 7 0 2 7 1 2 4 0 2 7 5 31 3 13 6 3 1 2 7 5 30 3 1 2 4 0 2 7 17 18 2 0 2 7 6 2 7 0 2 7 0 2 7 17 18 2 1 2 7 12 16 2 0 20.3487167954444885
1 2 7 0 2 7 0 2 7 0 2 7 5 30 3 1 2 7 1 2 7 0 2 7 13 6 3 1 2 7 5 31 3 0 2 7 0 2 7 12 16 2 17 9 2 17 18 2 0 2 7 6 2 4 12 16 2 0 2 4 0 20.3487167954444885
0 2 7 1 2 7 0 2 7 5 31 3 0 2 7 12 16 2 0 2 4 1 2 7 17 9 2 1 2 7 1 2 7 0 2 7 0 2 7 17 18 2 0 2 7 5 31 3 6 2 7 0 2 7 0 2 7 1 2 4 0 20.5928369164466858
1 2 7 1 2 7 12 16 2 0 2 3 1 2 3 5 30 3 0 2 3 16 6 2 0 2 3 0 2 7 16 31 2 1 2 3 0 2 7 5 30 3 0 2 7 1 2 7 0 2 3 0 2 3 0 2 3 0 2 7 0 20.9838578701019287
0 2 7 5 31 3 12 16 2 0 2 7 1 2 7 0 2 7 1 2 10 1 2 4 0 2 7 16 6 2 0 2 7 17 9 2 0 2 7 1 2 7 0 2 7 8 18 2 0 2 7 5 30 3 12 16 2 0 2 7 0 20.7286287546157837

Current Evaluation = 3420(3420)
Front Size = 10
0 2 7 0 2 7 1 2 7 1 2 7 1 2 7 5 30 3 13 6 3 0 2 7 5 31 3 0 2 7 1 2 7 0 2 7 0 2 7 0 2 7 0 2 7 0 2 7 12 16 2 1 2 7 17 9 2 17 9 2 0 20.2646257877349854
0 2 7 0 2 7 1 2 7 5 31 3 0 2 7 0 2 7 13 6 3 5 30 3 0 2 7 1 2 7 0 2 7 0 2 7 1 2 7 12 16 2 0 2 7 17 18 2 17 9 2 1 2 7 1 2 7 0 2 7 0 20.2646257877349854
0 2 4 0 2 3 0 2 7 0 2 7 5 30 3 1 2 11 1 2 4 0 2 7 12 16 2 0 2 7 1 2 7 5 30 3 16 31 2 0 2 10 17 9 2 0 2 7 1 2 3 0 2 7 0 2 7 1 2 3 0 20.8012487888336182
1 2 7 1 2 7 12 16 2 0 2 3 1 2 3 5 30 3 0 2 3 16 6 2 0 2 3 0 2 7 16 31 2 1 2 3 0 2 7 5 30 3 0 2 7 1 2 7 0 2 3 0 2 3 0 2 3 0 2 7 0 20.9838578701019287
0 2 7 0 2 7 1 2 7 5 31 3 0 2 7 0 2 7 13 6 3 5 30 3 0 2 7 1 2 7 0 2 7 0 2 7 1 2 7 12 16 2 0 2 7 17 18 2 1 2 7 1 2 7 0 2 7 17 18 2 0 20.2646257877349854
12 16 2 1 2 7 0 2 7 6 2 7 1 2 7 0 2 7 5 31 3 13 6 3 0 2 7 0 2 4 1 2 7 17 9 2 0 2 7 0 2 7 0 2 7 1 2 7 5 30 3 17 18 2 0 2 4 12 16 2 0 20.3487167954444885
12 16 2 0 2 4 0 2 7 1 2 7 0 2 3 0 2 4 0 2 7 5 30 3 13 6 3 0 2 7 5 30 3 1 2 7 1 2 7 17 9 2 0 2 7 12 16 2 16 31 2 12 16 2 1 2 7 0 2 7 0 20.4516056776046753
12 16 2 0 2 7 0 2 7 1 2 7 0 2 7 5 30 3 13 6 3 0 2 7 17 9 2 1 2 4 17 9 2 1 2 7 12 16 2 0 2 7 0 2 7 0 2 7 0 2 7 5 31 3 1 2 7 6 2 4 0 20.3487167954444885
0 2 7 0 2 7 1 2 7 0 2 7 1 2 7 0 2 7 5 31 3 17 9 2 12 16 2 0 2 7 0 2 7 5 30 3 16 6 2 0 2 4 1 2 10 8 18 2 12 16 2 0 2 7 0 2 7 1 2 7 0 20.7286287546157837
0 2 7 0 2 4 1 2 4 5 31 3 0 2 7 0 2 7 13 6 3 5 30 3 0 2 7 1 2 7 0 2 7 6 2 7 1 2 7 12 16 2 0 2 7 12 16 2 17 18 2 17 9 2 1 2 7 0 2 7 0 20.3487167954444885

Current Evaluation = 3600(3600)
Front Size = 10
12 16 2 0 2 7 0 2 7 0 2 7 0 2 7 5 30 3 13 6 3 0 2 7 0 2 7 1 2 7 17 9 2 1 2 7 1 2 7 0 2 7 0 2 7 5 31 3 1 2 7 17 18 2 1 2 7 0 2 7 0 20.2646257877349854
12 16 2 0 2 7 0 2 7 5 30 3 13 6 3 0 2 7 0 2 7 0 2 7 0 2 7 0 2 7 5 31 3 17 9 2 1 2 7 1 2 7 0 2 7 17 9 2 1 2 7 1 2 7 1 2 7 0 2 7 0 20.2646257877349854
12 16 2 0 2 4 0 2 7 1 2 7 0 2 3 0 2 4 0 2 7 5 30 3 13 6 3 0 2 7 5 30 3 1 2 7 1 2 7 17 9 2 0 2 7 12 16 2 16 31 2 12 16 2 1 2 7 0 2 7 0 20.4516056776046753
0 2 7 0 2 7 1 2 7 0 2 7 5 30 3 13 6 3 0 2 7 1 2 7 0 2 7 0 2 7 1 2 7 0 2 7 0 2 7 1 2 7 5 31 3 0 2 7 1 2 7 12 16 2 17 18 2 17 18 2 0 20.2646257877349854
0 2 11 0 2 7 0 2 7 0 2 4 1 2 7 1 2 7 1 2 7 1 2 4 0 2 7 0 2 7 5 31 3 0 2 7 0 2 4 0 2 7 17 18 2 17 18 2 5 30 3 1 2 7 1 2 10 0 2 11 0 20.601667046546936
0 2 7 0 2 7 6 2 7 5 31 3 0 2 7 12 16 2 1 2 7 5 31 3 0 2 7 0 2 7 0 2 7 1 2 7 0 2 7 17 18 2 1 2 4 1 2 4 16 6 2 0 2 10 12 16 2 0 2 7 0 20.6613958477973938
12 16 2 0 2 7 0 2 7 1 2 7 0 2 7 5 30 3 13 6 3 0 2 7 6 2 7 1 2 7 17 9 2 0 2 7 12 16 2 0 2 7 0 2 4 5 31 3 17 18 2 1 2 7 0 2 7 1 2 4 0 20.3487167954444885
12 16 2 0 2 7 6 2 7 1 2 4 0 2 7 5 30 3 13 6 3 0 2 7 0 2 7 0 2 7 0 2 7 0 2 7 5 31 3 17 9 2 12 16 2 1 2 7 1 2 7 1 2 4 0 2 7 17 9 2 0 20.3487167954444885
0 2 4 0 2 3 0 2 7 0 2 7 5 30 3 1 2 11 1 2 4 0 2 7 12 16 2 0 2 7 1 2 7 5 30 3 16 31 2 0 2 10 17 9 2 0 2 7 1 2 3 0 2 7 0 2 7 1 2 3 0 20.8012487888336182
0 2 7 0 2 7 5 30 3 0 2 7 12 16 2 0 2 7 1 2 7 0 2 7 0 2 7 0 2 7 0 2 4 0 2 3 1 2 11 1 2 7 5 30 3 1 2 7 0 2 10 17 9 2 17 18 2 1 2 7 0.000500237835870124365 20.760137677192688

MonoObjective Genetic Algorithm
Number of Evaluations = 0
Mutation Probability = 0
Crossover Probability = 1
Population Size = 10
Survival Selection Type = 16

Time =  3600.40893197059631

Current Evaluation = 3380
Front Size = 10
12 16 2 0 2 7 0 2 7 0 2 7 0 2 7 5 30 3 13 6 3 0 2 7 0 2 7 1 2 7 17 9 2 1 2 7 1 2 7 0 2 7 0 2 7 5 31 3 1 2 7 17 18 2 1 2 7 0 2 7 0 20.2646257877349854
12 16 2 0 2 7 0 2 7 5 30 3 13 6 3 0 2 7 0 2 7 0 2 7 0 2 7 0 2 7 5 31 3 17 9 2 1 2 7 1 2 7 0 2 7 17 9 2 1 2 7 1 2 7 1 2 7 0 2 7 0 20.2646257877349854
12 16 2 0 2 4 0 2 7 1 2 7 0 2 3 0 2 4 0 2 7 5 30 3 13 6 3 0 2 7 5 30 3 1 2 7 1 2 7 17 9 2 0 2 7 12 16 2 16 31 2 12 16 2 1 2 7 0 2 7 0 20.4516056776046753
0 2 7 0 2 7 1 2 7 0 2 7 5 30 3 13 6 3 0 2 7 1 2 7 0 2 7 0 2 7 1 2 7 0 2 7 0 2 7 1 2 7 5 31 3 0 2 7 1 2 7 12 16 2 17 18 2 17 18 2 0 20.2646257877349854
0 2 11 0 2 7 0 2 7 0 2 4 1 2 7 1 2 7 1 2 7 1 2 4 0 2 7 0 2 7 5 31 3 0 2 7 0 2 4 0 2 7 17 18 2 17 18 2 5 30 3 1 2 7 1 2 10 0 2 11 0 20.601667046546936
0 2 7 0 2 7 6 2 7 5 31 3 0 2 7 12 16 2 1 2 7 5 31 3 0 2 7 0 2 7 0 2 7 1 2 7 0 2 7 17 18 2 1 2 4 1 2 4 16 6 2 0 2 10 12 16 2 0 2 7 0 20.6613958477973938
12 16 2 0 2 7 0 2 7 1 2 7 0 2 7 5 30 3 13 6 3 0 2 7 6 2 7 1 2 7 17 9 2 0 2 7 12 16 2 0 2 7 0 2 4 5 31 3 17 18 2 1 2 7 0 2 7 1 2 4 0 20.3487167954444885
12 16 2 0 2 7 6 2 7 1 2 4 0 2 7 5 30 3 13 6 3 0 2 7 0 2 7 0 2 7 0 2 7 0 2 7 5 31 3 17 9 2 12 16 2 1 2 7 1 2 7 1 2 4 0 2 7 17 9 2 0 20.3487167954444885
0 2 4 0 2 3 0 2 7 0 2 7 5 30 3 1 2 11 1 2 4 0 2 7 12 16 2 0 2 7 1 2 7 5 30 3 16 31 2 0 2 10 17 9 2 0 2 7 1 2 3 0 2 7 0 2 7 1 2 3 0 20.8012487888336182
0 2 7 0 2 7 5 30 3 0 2 7 12 16 2 0 2 7 1 2 7 0 2 7 0 2 7 0 2 7 0 2 4 0 2 3 1 2 11 1 2 7 5 30 3 1 2 7 0 2 10 17 9 2 17 18 2 1 2 7 0.000500237835870124365 20.760137677192688

