Current Evaluation = 180(180)
Front Size = 10
0 2 7 5 30 3 0 2 7 5 31 3 0 2 7 1 2 7 1 2 7 0 2 7 12 16 2 17 18 2 1 2 7 0 2 7 0 2 7 0 2 7 17 9 2 1 2 7 0 2 7 1 2 7 0 2 7 13 6 3 0 20.2646257877349854
5 30 3 5 30 3 0 2 11 8 9 2 0 2 11 0 2 11 0 2 7 12 16 2 0 2 8 16 19 11 16 19 11 0 2 8 0 2 11 12 16 2 12 16 2 5 30 3 0 2 8 0 2 11 0 2 11 0 2 11 0 22.9027081727981567
0 2 7 5 30 3 1 2 7 0 2 7 16 31 2 0 2 11 5 30 3 0 2 3 0 2 3 17 9 2 1 2 7 1 2 4 0 2 4 0 2 10 1 2 7 0 2 7 12 16 2 0 2 3 1 2 7 0 2 7 0 20.8012489080429077
0 2 7 5 30 3 0 2 3 5 30 3 12 16 2 0 2 3 0 2 3 0 2 3 0 2 3 1 2 3 16 9 11 1 2 3 1 2 3 1 2 7 0 2 3 0 2 7 12 16 2 1 2 3 0 2 3 0 2 4 0 21.9243149161338806
5 30 3 5 30 3 0 2 3 0 2 8 8 9 2 0 2 3 0 2 8 5 30 3 0 2 8 9 2 7 1 2 8 0 2 8 0 2 8 0 2 8 0 2 3 16 19 12 1 2 8 0 2 3 0 2 3 16 19 12 0.000497352484928327045 23.0935232639312744
0 2 7 5 31 3 1 2 3 5 30 3 0 2 7 0 2 8 0 2 11 1 2 3 0 2 7 12 16 2 0 2 7 16 18 8 16 18 8 0 2 3 12 16 2 1 2 3 1 2 8 0 2 7 0 2 3 0 2 7 0 21.9972188472747803
0 2 4 5 30 3 0 2 7 12 16 2 12 16 2 17 18 2 5 30 3 0 2 11 8 18 2 0 2 7 0 2 11 1 2 7 0 2 4 0 2 7 1 2 3 0 2 11 16 9 11 0 2 3 1 2 11 1 2 7 0 21.4239669442176819
0 2 8 0 2 7 1 2 8 1 2 8 1 2 8 16 18 8 0 2 8 5 30 3 8 9 2 8 9 2 0 2 7 8 18 2 1 2 8 0 2 8 16 15 2 0 2 8 0 2 8 5 30 3 0 2 8 0 2 8 0.00409210910332294311 22.3662261962890625
5 30 3 1 2 7 0 2 3 0 2 8 8 9 2 0 2 3 0 2 8 1 2 7 0 2 8 9 2 7 1 2 7 0 2 8 0 2 8 12 16 2 1 2 7 0 2 7 1 2 7 17 9 2 0 2 3 17 18 2 0.00887271835022942178 21.6348612308502197
0 2 11 12 16 2 5 31 3 5 30 3 5 30 3 0 2 7 1 2 11 16 19 12 0 2 7 0 2 7 0 2 11 16 19 11 0 2 7 17 9 2 16 19 12 0 2 7 0 2 8 0 2 7 0 2 8 0 2 8 0.314527151485646583 22.1689389944076538

Current Evaluation = 360(360)
Front Size = 10
1 2 7 0 2 7 0 2 7 5 30 3 12 16 2 0 2 7 0 2 7 5 31 3 17 9 2 0 2 7 1 2 7 0 2 7 1 2 7 17 9 2 13 6 3 0 2 7 1 2 7 0 2 7 0 2 7 1 2 7 0 20.2646257877349854
0 2 3 5 30 3 0 2 7 1 2 6 0 2 3 16 6 2 12 16 2 1 2 3 5 30 3 1 2 3 0 2 6 0 2 3 16 18 11 0 2 3 0 2 3 0 2 10 12 16 2 0 2 7 1 2 3 0 2 3 0 21.8025228381156921
0 2 8 0 2 7 1 2 8 1 2 8 1 2 8 16 18 8 0 2 8 5 30 3 8 9 2 8 9 2 0 2 7 8 18 2 1 2 8 0 2 8 16 15 2 0 2 8 0 2 8 5 30 3 0 2 8 0 2 8 0.00409210910332294311 22.3662261962890625
0 2 7 5 30 3 0 2 7 0 2 10 1 2 11 0 2 7 1 2 11 0 2 7 12 16 2 5 30 3 0 2 4 0 2 7 17 9 2 1 2 11 0 2 4 1 2 7 17 18 2 1 2 10 8 9 2 0 2 10 0 21.0005906820297241
5 30 3 0 2 7 0 2 7 8 9 2 0 2 11 12 16 2 5 30 3 0 2 11 0 2 11 6 2 1 16 19 11 0 2 11 0 2 11 12 16 2 17 9 2 5 30 3 0 2 7 6 2 7 0 2 11 0 2 11 0 22.1367331147193909
5 30 3 1 2 7 0 2 3 0 2 8 8 9 2 0 2 3 0 2 8 1 2 7 0 2 8 9 2 7 1 2 7 0 2 8 0 2 8 12 16 2 1 2 7 0 2 7 1 2 7 17 9 2 0 2 3 17 18 2 0.00887271835022942178 21.6348612308502197
0 2 7 5 31 3 1 2 3 5 30 3 0 2 7 0 2 8 0 2 11 1 2 3 0 2 7 12 16 2 0 2 7 16 18 8 16 18 8 0 2 3 12 16 2 1 2 3 1 2 8 0 2 7 0 2 3 0 2 7 0 21.9972188472747803
0 2 7 0 2 7 5 30 3 8 18 2 8 9 2 0 2 3 16 18 8 12 16 2 1 2 7 0 2 8 1 2 8 16 6 2 0 2 4 8 9 2 13 6 3 6 2 7 1 2 7 12 16 2 5 30 3 1 2 7 0.0116595159473689113 20.754831850528717
0 2 8 0 2 8 12 16 2 0 2 8 5 30 3 0 2 3 0 2 8 0 2 3 0 2 8 5 30 3 0 2 8 0 2 3 5 30 3 1 2 8 0 2 8 16 19 12 8 18 2 0 2 3 16 19 12 0 2 3 1.06285905638954129e-05 23.1371603012084961
0 2 3 5 31 3 0 2 3 0 2 7 12 16 2 12 16 2 1 2 7 0 2 7 5 30 3 17 9 2 0 2 7 16 6 2 0 2 4 0 2 7 13 6 3 6 2 7 1 2 7 12 16 2 0 2 4 1 2 7 0 20.5632757544517517

Current Evaluation = 540(540)
Front Size = 10
1 2 7 1 2 7 1 2 7 5 30 3 12 16 2 0 2 7 0 2 7 5 31 3 13 6 3 1 2 7 0 2 7 17 9 2 0 2 7 0 2 7 0 2 7 0 2 7 17 18 2 0 2 7 1 2 7 0 2 7 0 20.2646257877349854
0 2 3 5 30 3 0 2 7 1 2 6 0 2 3 16 6 2 12 16 2 1 2 3 5 30 3 1 2 3 0 2 6 0 2 3 16 18 11 0 2 3 0 2 3 0 2 10 12 16 2 0 2 7 1 2 3 0 2 3 0 21.8025228381156921
0 2 7 5 31 3 0 2 7 0 2 3 12 16 2 12 16 2 0 2 7 0 2 7 0 2 3 1 2 7 1 2 7 1 2 7 0 2 7 16 6 2 0 2 7 1 2 3 5 31 3 0 2 4 16 30 2 0 2 7 0 20.7824869155883789
5 30 3 12 16 2 5 30 3 5 30 3 16 19 11 6 2 11 0 2 7 0 2 11 0 2 7 0 2 11 12 16 2 0 2 7 0 2 11 0 2 11 8 18 2 17 18 2 0 2 11 0 2 11 0 2 11 6 2 11 0 22.1409331560134888
0 2 8 0 2 8 12 16 2 0 2 8 5 30 3 0 2 3 0 2 8 0 2 3 0 2 8 5 30 3 0 2 8 0 2 3 5 30 3 1 2 8 0 2 8 16 19 12 8 18 2 0 2 3 16 19 12 0 2 3 1.06285905638954129e-05 23.1371603012084961
12 16 2 5 30 3 0 2 3 0 2 11 0 2 7 0 2 7 0 2 4 17 18 2 0 2 12 5 30 3 1 2 3 1 2 11 1 2 11 16 30 2 0 2 7 8 18 2 1 2 3 0 2 7 1 2 3 0 2 3 0 21.232422947883606
1 2 11 5 30 3 0 2 7 0 2 7 5 30 3 0 2 7 17 9 2 0 2 7 8 9 2 1 2 4 1 2 11 1 2 7 0 2 7 1 2 3 0 2 7 0 2 4 0 2 7 0 2 11 17 18 2 1 2 11 0 20.8198407888412476
5 30 3 5 30 3 0 2 11 0 2 7 1 2 7 0 2 11 0 2 11 1 2 4 0 2 7 1 2 7 1 2 7 1 2 7 0 2 3 0 2 7 8 18 2 17 18 2 1 2 4 0 2 7 0 2 11 17 9 2 0 20.8198411464691162
12 16 2 5 30 3 5 30 3 0 2 3 0 2 3 1 2 7 0 2 7 0 2 3 0 2 3 16 19 11 0 2 7 0 2 3 0 2 7 0 2 3 0 2 11 16 19 11 0 2 7 0 2 3 5 30 3 1 2 11 0 22.1521546840667725
12 16 2 0 2 11 5 30 3 0 2 7 0 2 7 0 2 7 6 2 3 1 2 7 0 2 10 0 2 11 1 2 7 5 31 3 0 2 11 5 30 3 17 18 2 16 24 2 0 2 7 0 2 7 0 2 11 0 2 7 0 21.3253010511398315

Current Evaluation = 720(720)
Front Size = 10
1 2 7 12 16 2 0 2 7 0 2 7 0 2 7 0 2 7 1 2 7 0 2 7 1 2 7 1 2 7 0 2 7 5 31 3 1 2 7 17 9 2 13 6 3 5 30 3 0 2 7 0 2 7 0 2 7 17 9 2 0 20.2646257877349854
0 2 3 5 30 3 0 2 7 1 2 6 0 2 3 16 6 2 12 16 2 1 2 3 5 30 3 1 2 3 0 2 6 0 2 3 16 18 11 0 2 3 0 2 3 0 2 10 12 16 2 0 2 7 1 2 3 0 2 3 0 21.8025228381156921
0 2 7 1 2 7 0 2 7 1 2 11 1 2 7 17 18 2 5 30 3 0 2 4 5 31 3 0 2 4 0 2 7 1 2 7 0 2 11 0 2 7 0 2 7 0 2 7 17 18 2 1 2 7 0 2 4 1 2 10 0 20.6016669273376465
5 30 3 12 16 2 5 30 3 5 30 3 16 19 11 6 2 11 0 2 7 0 2 11 0 2 7 0 2 11 12 16 2 0 2 7 0 2 11 0 2 11 8 18 2 17 18 2 0 2 11 0 2 11 0 2 11 6 2 11 0 22.1409331560134888
0 2 7 5 31 3 0 2 7 0 2 3 12 16 2 12 16 2 0 2 7 0 2 7 0 2 3 1 2 7 1 2 7 1 2 7 0 2 7 16 6 2 0 2 7 1 2 3 5 31 3 0 2 4 16 30 2 0 2 7 0 20.7824869155883789
0 2 8 0 2 8 12 16 2 0 2 8 5 30 3 0 2 3 0 2 8 0 2 3 0 2 8 5 30 3 0 2 8 0 2 3 5 30 3 1 2 8 0 2 8 16 19 12 8 18 2 0 2 3 16 19 12 0 2 3 1.06285905638954129e-05 23.1371603012084961
12 16 2 5 30 3 0 2 3 0 2 7 6 2 7 0 2 7 0 2 3 17 18 2 0 2 3 5 30 3 0 2 3 1 2 7 0 2 7 16 15 2 0 2 3 8 18 2 0 2 7 1 2 4 1 2 7 0 2 7 0 21.0455848574638367
12 16 2 5 30 3 0 2 3 0 2 11 0 2 7 0 2 7 0 2 4 17 18 2 0 2 12 5 30 3 1 2 3 1 2 11 1 2 11 16 30 2 0 2 7 8 18 2 1 2 3 0 2 7 1 2 3 0 2 3 0 21.232422947883606
12 16 2 5 30 3 0 2 3 0 2 3 5 30 3 0 2 8 0 2 3 0 2 11 0 2 3 1 2 3 1 2 7 0 2 3 16 18 8 0 2 7 5 30 3 0 2 7 0 2 11 0 2 11 16 19 11 0 2 3 0 22.3659219741821289
5 30 3 5 30 3 0 2 11 0 2 7 1 2 11 0 2 11 0 2 11 1 2 4 0 2 7 1 2 7 1 2 7 1 2 7 0 2 3 0 2 7 8 18 2 17 18 2 1 2 4 0 2 7 0 2 7 17 9 2 0 20.8198410272598267

Current Evaluation = 900(900)
Front Size = 10
0 2 7 1 2 7 0 2 7 1 2 7 5 30 3 5 31 3 0 2 7 1 2 7 0 2 7 0 2 7 0 2 7 1 2 7 0 2 7 13 6 3 12 16 2 0 2 7 0 2 7 17 18 2 1 2 7 17 9 2 0 20.2646257877349854
5 30 3 12 16 2 5 30 3 12 16 2 0 2 4 1 2 7 0 2 10 17 18 2 0 2 1 1 2 7 1 2 7 0 2 10 17 9 2 0 2 10 1 2 10 0 2 7 0 2 7 0 2 10 0 2 7 8 18 2 0 21.2431408166885376
0 2 3 0 2 7 12 16 2 0 2 7 13 6 3 0 2 7 1 2 11 0 2 7 0 2 7 0 2 7 12 16 2 12 16 2 1 2 4 5 30 3 8 9 2 1 2 7 16 6 2 0 2 7 17 9 2 5 30 3 0 20.6301085948944092
0 2 4 1 2 4 0 2 7 0 2 10 5 31 3 0 2 7 1 2 7 0 2 7 1 2 7 0 2 7 0 2 7 12 16 2 12 16 2 6 2 7 5 31 3 0 2 7 0 2 7 16 6 2 1 2 7 17 9 2 0 20.6613958477973938
0 2 8 0 2 8 12 16 2 0 2 8 5 30 3 0 2 3 0 2 8 0 2 3 0 2 8 5 30 3 0 2 8 0 2 3 5 30 3 1 2 8 0 2 8 16 19 12 8 18 2 0 2 3 16 19 12 0 2 3 1.06285905638954129e-05 23.1371603012084961
0 2 3 5 30 3 0 2 7 1 2 6 0 2 3 16 6 2 12 16 2 1 2 3 5 30 3 1 2 3 0 2 6 0 2 3 16 18 11 0 2 3 0 2 3 0 2 10 12 16 2 0 2 7 1 2 3 0 2 3 0 21.8025228381156921
5 30 3 12 16 2 5 30 3 5 30 3 16 19 11 6 2 11 0 2 7 0 2 11 0 2 7 0 2 11 12 16 2 0 2 7 0 2 11 0 2 11 8 18 2 17 18 2 0 2 11 0 2 11 0 2 11 6 2 11 0 22.1409331560134888
0 2 7 5 30 3 0 2 11 0 2 7 5 30 3 0 2 7 1 2 4 1 2 3 0 2 11 1 2 7 17 18 2 17 18 2 0 2 7 1 2 7 1 2 7 0 2 1 1 2 7 8 18 2 0 2 11 0 2 7 0 20.9352411031723022
0 2 7 0 2 3 0 2 7 0 2 7 0 2 3 5 30 3 1 2 7 1 2 3 0 2 4 12 16 2 15 2 11 16 6 2 16 6 2 0 2 7 0 2 7 12 16 2 0 2 3 1 2 7 0 2 7 5 31 3 0 20.9683817625045776
0 2 7 0 2 11 5 30 3 0 2 7 0 2 7 12 16 2 17 18 2 1 2 7 5 30 3 0 2 11 1 2 11 0 2 11 9 2 7 0 2 7 0 2 7 13 6 3 0 2 7 5 30 3 1 2 11 17 9 2 0 21.168806791305542

Current Evaluation = 1080(1080)
Front Size = 10
0 2 7 0 2 7 5 30 3 5 31 3 0 2 7 0 2 7 0 2 7 0 2 7 12 16 2 17 9 2 0 2 7 0 2 7 17 18 2 0 2 7 1 2 7 13 6 3 1 2 7 1 2 7 1 2 7 1 2 7 0 20.2646257877349854
12 16 2 5 30 3 8 18 2 0 2 8 0 2 8 0 2 8 0 2 8 0 2 8 0 2 8 5 31 3 0 2 8 0 2 8 0 2 8 0 2 8 12 16 2 16 19 12 0 2 3 1 2 8 5 30 3 16 19 12 6.74842815526493095e-07 23.4478374719619751
5 30 3 0 2 11 0 2 11 17 18 2 5 30 3 1 2 4 1 2 7 0 2 3 0 2 7 0 2 7 8 9 2 0 2 11 17 18 2 1 2 7 0 2 7 0 2 7 1 2 11 1 2 4 1 2 7 0 2 7 0 20.8198410272598267
0 2 3 5 30 3 0 2 7 1 2 6 0 2 3 16 6 2 12 16 2 1 2 3 5 30 3 1 2 3 0 2 6 0 2 3 16 18 11 0 2 3 0 2 3 0 2 10 12 16 2 0 2 7 1 2 3 0 2 3 0 21.8025228381156921
5 30 3 12 16 2 5 30 3 12 16 2 0 2 4 1 2 7 0 2 10 17 18 2 0 2 1 1 2 7 1 2 7 0 2 10 17 9 2 0 2 10 1 2 10 0 2 7 0 2 7 0 2 10 0 2 7 8 18 2 0 21.2431408166885376
0 2 7 5 31 3 1 2 7 1 2 7 0 2 7 16 30 2 12 16 2 0 2 7 5 31 3 1 2 7 0 2 7 0 2 3 16 6 2 0 2 7 0 2 4 0 2 7 12 16 2 0 2 7 0 2 3 1 2 3 0 20.7824869155883789
5 30 3 12 16 2 5 30 3 5 30 3 16 19 11 6 2 11 0 2 7 0 2 11 0 2 7 0 2 11 12 16 2 0 2 7 0 2 11 0 2 11 8 18 2 17 18 2 0 2 11 0 2 11 0 2 11 6 2 11 0 22.1409331560134888
16 18 11 0 2 7 12 16 2 5 31 3 12 16 2 0 2 7 0 2 7 0 2 7 1 2 4 0 2 7 0 2 7 0 2 7 0 2 7 0 2 7 6 2 7 1 2 12 1 2 7 5 31 3 1 2 4 17 18 2 0 20.9916129112243652
0 2 7 1 2 7 0 2 3 0 2 7 5 30 3 0 2 3 0 2 3 1 2 3 0 2 7 12 16 2 17 9 2 1 2 3 8 18 2 5 30 3 1 2 7 0 2 7 0 2 7 1 2 4 16 15 2 0 2 7 0 20.9987398386001587
0 2 3 5 30 3 0 2 7 5 31 3 0 2 7 1 2 7 1 2 7 16 6 2 12 16 2 0 2 3 0 2 7 0 2 3 1 2 4 16 18 11 1 2 3 0 2 11 0 2 7 12 16 2 0 2 3 0 2 3 0 21.3884019255638123

Current Evaluation = 1260(1260)
Front Size = 10
5 31 3 0 2 7 0 2 7 0 2 7 0 2 7 17 18 2 1 2 7 1 2 7 17 9 2 1 2 7 5 30 3 0 2 7 0 2 7 0 2 7 0 2 7 13 6 3 0 2 7 12 16 2 1 2 7 1 2 7 0 20.2646257877349854
5 30 3 0 2 11 0 2 11 17 18 2 5 30 3 1 2 4 1 2 7 0 2 3 0 2 7 0 2 7 8 9 2 0 2 11 17 18 2 1 2 7 0 2 7 0 2 7 1 2 11 1 2 4 1 2 7 0 2 7 0 20.8198410272598267
5 30 3 12 16 2 5 30 3 5 30 3 16 19 11 6 2 11 0 2 7 0 2 11 0 2 7 0 2 11 12 16 2 0 2 7 0 2 11 0 2 11 8 18 2 17 18 2 0 2 11 0 2 11 0 2 11 6 2 11 0 22.1409331560134888
5 30 3 0 2 7 0 2 7 0 2 7 6 2 7 0 2 7 0 2 7 12 16 2 1 2 4 0 2 7 12 16 2 0 2 7 1 2 11 13 6 3 1 2 7 0 2 3 17 18 2 5 30 3 12 16 2 16 31 2 0 20.5474986433982849
12 16 2 5 30 3 8 18 2 0 2 8 0 2 8 0 2 8 0 2 8 0 2 8 0 2 8 5 31 3 0 2 8 0 2 8 0 2 8 0 2 8 12 16 2 16 19 12 0 2 3 1 2 8 5 30 3 16 19 12 6.74842815526493095e-07 23.4478374719619751
5 30 3 0 2 11 0 2 4 0 2 7 1 2 11 17 18 2 0 2 4 17 9 2 0 2 7 0 2 7 1 2 11 0 2 7 1 2 11 8 9 2 1 2 3 5 30 3 1 2 7 0 2 7 0 2 7 1 2 7 0 20.8198407888412476
0 2 3 5 31 3 1 2 7 0 2 7 0 2 7 12 16 2 5 30 3 0 2 4 12 16 2 0 2 7 8 18 2 1 2 7 0 2 7 0 2 7 12 16 2 16 24 2 0 2 3 16 30 2 1 2 7 0 2 7 0 20.8956458568572998
5 31 3 0 2 7 0 2 7 0 2 7 0 2 7 17 18 2 1 2 4 1 2 10 0 2 11 1 2 7 0 2 11 0 2 4 1 2 7 17 9 2 1 2 7 5 30 3 0 2 7 0 2 7 1 2 4 0 2 7 0 20.601667046546936
5 30 3 12 16 2 5 30 3 12 16 2 0 2 4 1 2 7 0 2 10 17 18 2 0 2 1 1 2 7 1 2 7 0 2 10 17 9 2 0 2 10 1 2 10 0 2 7 0 2 7 0 2 10 0 2 7 8 18 2 0 21.2431408166885376
0 2 7 5 30 3 0 2 7 1 2 7 0 2 7 0 2 7 5 30 3 1 2 7 12 16 2 8 9 2 17 18 2 0 2 4 0 2 7 0 2 7 0 2 7 0 2 7 12 16 2 1 2 7 16 15 2 8 9 2 0 20.8408946990966797

Current Evaluation = 1440(1440)
Front Size = 10
0 2 7 0 2 7 1 2 7 0 2 7 17 18 2 1 2 7 1 2 7 17 9 2 1 2 7 0 2 7 0 2 7 5 31 3 1 2 7 0 2 7 5 30 3 0 2 7 13 6 3 0 2 7 0 2 7 12 16 2 0 20.2646257877349854
12 16 2 5 30 3 8 18 2 0 2 8 0 2 8 0 2 8 0 2 8 0 2 8 0 2 8 5 31 3 0 2 8 0 2 8 0 2 8 0 2 8 12 16 2 16 19 12 0 2 3 1 2 8 5 30 3 16 19 12 6.74842815526493095e-07 23.4478374719619751
5 30 3 12 16 2 5 30 3 0 2 7 0 2 3 0 2 7 1 2 4 1 2 7 1 2 7 12 16 2 0 2 7 1 2 7 17 9 2 0 2 7 12 16 2 0 2 7 0 2 7 16 31 2 0 2 4 13 6 3 0 20.4516056776046753
0 2 7 0 2 3 1 2 7 1 2 7 0 2 4 0 2 7 0 2 3 17 9 2 0 2 7 0 2 7 0 2 7 1 2 7 0 2 7 1 2 7 5 30 3 0 2 4 1 2 7 17 9 2 1 2 7 5 31 3 0 20.5684669017791748
5 30 3 0 2 11 0 2 4 0 2 7 1 2 11 17 18 2 0 2 4 17 9 2 0 2 7 0 2 7 1 2 11 0 2 7 1 2 11 8 9 2 1 2 3 5 30 3 1 2 7 0 2 7 0 2 7 1 2 7 0 20.8198407888412476
5 30 3 0 2 7 0 2 7 0 2 3 0 2 7 1 2 11 1 2 3 1 2 7 0 2 3 0 2 3 0 2 7 0 2 7 0 2 7 5 30 3 16 31 2 1 2 7 0 2 7 1 2 7 1 2 7 17 18 2 0 20.6688988208770752
5 30 3 12 16 2 5 30 3 12 16 2 0 2 4 1 2 7 0 2 10 17 18 2 0 2 1 1 2 7 1 2 7 0 2 10 17 9 2 0 2 10 1 2 10 0 2 7 0 2 7 0 2 10 0 2 7 8 18 2 0 21.2431408166885376
12 16 2 5 30 3 17 18 2 0 2 7 0 2 7 0 2 11 5 30 3 12 16 2 16 19 11 1 2 7 5 30 3 0 2 3 0 2 11 0 2 7 0 2 3 1 2 11 0 2 7 0 2 7 0 2 7 13 6 3 0 21.3753026723861694
5 30 3 0 2 10 1 2 3 0 2 7 0 2 7 0 2 7 1 2 7 1 2 10 0 2 7 0 2 7 0 2 7 12 16 2 0 2 7 5 31 3 17 18 2 1 2 7 0 2 4 1 2 7 0 2 4 17 18 2 0 20.7948168516159058
5 30 3 12 16 2 0 2 7 1 2 7 0 2 7 0 2 7 0 2 7 1 2 7 5 30 3 8 9 2 16 15 2 17 18 2 0 2 7 1 2 7 0 2 7 0 2 7 0 2 4 0 2 7 12 16 2 8 18 2 0 20.8408946990966797

Current Evaluation = 1620(1620)
Front Size = 10
0 2 7 0 2 7 1 2 7 0 2 7 1 2 7 17 9 2 0 2 7 0 2 7 0 2 7 5 30 3 17 18 2 1 2 7 13 6 3 12 16 2 1 2 7 5 31 3 0 2 7 1 2 7 0 2 7 0 2 7 0 20.2646257877349854
5 30 3 12 16 2 5 30 3 0 2 7 0 2 3 0 2 7 1 2 4 1 2 7 1 2 7 12 16 2 0 2 7 1 2 7 17 9 2 0 2 7 12 16 2 0 2 7 0 2 7 16 31 2 0 2 4 13 6 3 0 20.4516056776046753
17 18 2 12 16 2 5 30 3 0 2 7 0 2 1 0 2 7 1 2 4 12 16 2 1 2 7 0 2 4 8 9 2 12 16 2 1 2 7 17 18 2 1 2 4 12 16 2 0 2 4 0 2 7 0 2 7 13 6 3 0 20.6559027433395386
12 16 2 5 30 3 8 18 2 0 2 8 0 2 8 0 2 8 0 2 8 0 2 8 0 2 8 5 31 3 0 2 8 0 2 8 0 2 8 0 2 8 12 16 2 16 19 12 0 2 3 1 2 8 5 30 3 16 19 12 6.74842815526493095e-07 23.4478374719619751
0 2 4 0 2 7 0 2 7 0 2 7 1 2 4 6 2 7 0 2 7 0 2 7 5 31 3 1 2 7 5 31 3 0 2 7 1 2 7 17 9 2 16 6 2 12 16 2 0 2 7 1 2 7 0 2 7 0 2 7 0 20.4595978856086731
5 30 3 0 2 7 0 2 7 0 2 3 0 2 7 1 2 11 1 2 3 1 2 7 0 2 3 0 2 3 0 2 7 0 2 7 0 2 7 5 30 3 16 31 2 1 2 7 0 2 7 1 2 7 1 2 7 17 18 2 0 20.6688988208770752
5 30 3 0 2 11 0 2 4 0 2 7 1 2 11 17 18 2 0 2 4 17 9 2 0 2 7 0 2 7 1 2 11 0 2 7 1 2 11 8 9 2 1 2 3 5 30 3 1 2 7 0 2 7 0 2 7 1 2 7 0 20.8198407888412476
0 2 7 0 2 3 1 2 7 1 2 7 0 2 4 0 2 7 0 2 3 17 9 2 0 2 7 0 2 7 0 2 7 1 2 7 0 2 7 1 2 7 5 30 3 0 2 4 1 2 7 17 9 2 1 2 7 5 31 3 0 20.5684669017791748
5 30 3 12 16 2 5 30 3 12 16 2 0 2 4 1 2 7 0 2 10 17 18 2 0 2 1 1 2 7 1 2 7 0 2 10 17 9 2 0 2 10 1 2 10 0 2 7 0 2 7 0 2 10 0 2 7 8 18 2 0 21.2431408166885376
0 2 7 0 2 7 0 2 7 0 2 3 0 2 7 5 30 3 1 2 4 5 31 3 17 18 2 0 2 7 0 2 4 1 2 10 0 2 10 0 2 7 0 2 7 1 2 7 1 2 7 17 18 2 1 2 7 1 2 7 0 20.5764669179916382

Current Evaluation = 1800(1800)
Front Size = 10
0 2 7 0 2 7 0 2 7 5 31 3 0 2 7 5 30 3 17 18 2 13 6 3 1 2 7 0 2 7 0 2 7 1 2 7 12 16 2 1 2 7 1 2 7 0 2 7 0 2 7 17 9 2 0 2 7 1 2 7 0 20.2646257877349854
0 2 4 0 2 7 0 2 7 1 2 3 5 30 3 0 2 7 5 30 3 17 9 2 13 6 3 12 16 2 8 18 2 0 2 7 0 2 7 12 16 2 1 2 11 16 6 2 0 2 7 1 2 7 12 16 2 0 2 7 0 20.6301085948944092
5 31 3 0 2 7 6 2 7 1 2 7 0 2 7 1 2 4 17 18 2 0 2 7 0 2 7 0 2 7 0 2 7 1 2 7 5 31 3 12 16 2 0 2 7 0 2 7 0 2 7 0 2 7 1 2 4 16 6 2 0 20.4595978856086731
5 30 3 5 30 3 0 2 11 0 2 3 1 2 3 0 2 3 12 16 2 1 2 7 0 2 7 12 16 2 0 2 11 1 2 7 0 2 3 1 2 3 0 2 3 0 2 3 16 9 11 0 2 3 0 2 3 16 9 11 0 21.9789400100708008
0 2 7 0 2 3 1 2 7 1 2 7 0 2 4 0 2 7 0 2 3 17 9 2 0 2 7 0 2 7 0 2 7 1 2 7 0 2 7 1 2 7 5 30 3 0 2 4 1 2 7 17 9 2 1 2 7 5 31 3 0 20.5684669017791748
12 16 2 5 30 3 8 18 2 0 2 8 0 2 8 0 2 8 0 2 8 0 2 8 0 2 8 5 31 3 0 2 8 0 2 8 0 2 8 0 2 8 12 16 2 16 19 12 0 2 3 1 2 8 5 30 3 16 19 12 6.74842815526493095e-07 23.4478374719619751
5 30 3 0 2 3 5 30 3 12 16 2 1 2 7 0 2 8 0 2 7 1 2 3 0 2 8 0 2 7 0 2 8 5 31 3 0 2 8 0 2 7 0 2 8 1 2 7 1 2 7 16 19 12 1 2 7 16 19 12 0.00130172392289676277 22.1393781900405884
5 30 3 0 2 7 0 2 7 0 2 3 0 2 7 1 2 11 1 2 3 1 2 7 0 2 3 0 2 3 0 2 7 0 2 7 0 2 7 5 30 3 16 31 2 1 2 7 0 2 7 1 2 7 1 2 7 17 18 2 0 20.6688988208770752
5 30 3 0 2 11 0 2 4 0 2 7 1 2 11 17 18 2 0 2 4 17 9 2 0 2 7 0 2 7 1 2 11 0 2 7 1 2 11 8 9 2 1 2 3 5 30 3 1 2 7 0 2 7 0 2 7 1 2 7 0 20.8198407888412476
12 16 2 5 30 3 5 30 3 5 30 3 0 2 3 0 2 3 0 2 11 0 2 7 1 2 3 0 2 7 0 2 7 0 2 3 0 2 3 0 2 7 0 2 11 16 19 11 0 2 3 1 2 3 0 2 7 16 19 11 0 22.152154803276062

Current Evaluation = 1980(1980)
Front Size = 10
0 2 7 1 2 7 5 31 3 17 18 2 1 2 7 0 2 7 0 2 7 1 2 7 0 2 7 1 2 7 0 2 7 5 30 3 0 2 7 12 16 2 13 6 3 17 18 2 0 2 7 1 2 7 0 2 7 0 2 7 0 20.2646257877349854
0 2 7 0 2 3 1 2 7 1 2 7 0 2 4 0 2 7 0 2 3 17 9 2 0 2 7 0 2 7 0 2 7 1 2 7 0 2 7 1 2 7 5 30 3 0 2 4 1 2 7 17 9 2 1 2 7 5 31 3 0 20.5684669017791748
12 16 2 5 30 3 8 18 2 0 2 8 0 2 8 0 2 8 0 2 8 0 2 8 0 2 8 5 31 3 0 2 8 0 2 8 0 2 8 0 2 8 12 16 2 16 19 12 0 2 3 1 2 8 5 30 3 16 19 12 6.74842815526493095e-07 23.4478374719619751
0 2 7 1 2 7 17 18 2 12 16 2 0 2 7 0 2 7 0 2 7 0 2 7 1 2 7 1 2 4 0 2 7 5 31 3 0 2 7 0 2 7 16 6 2 6 2 7 0 2 7 1 2 4 0 2 7 5 31 3 0 20.4595978856086731
0 2 7 0 2 7 0 2 7 5 30 3 0 2 4 5 30 3 13 6 3 12 16 2 1 2 11 1 2 7 12 16 2 0 2 7 12 16 2 0 2 3 0 2 7 17 9 2 0 2 7 8 18 2 16 6 2 1 2 7 0 20.6301085948944092
5 30 3 1 2 3 0 2 7 1 2 7 1 2 7 0 2 3 0 2 7 0 2 7 0 2 7 0 2 7 17 18 2 0 2 3 0 2 3 1 2 7 1 2 7 0 2 7 0 2 7 16 30 2 5 31 3 1 2 11 0 20.6688989400863647
0 2 7 1 2 7 17 18 2 12 16 2 0 2 7 0 2 7 0 2 7 0 2 7 1 2 7 1 2 4 0 2 7 5 31 3 0 2 7 0 2 7 16 6 2 5 30 3 0 2 10 12 16 2 8 9 2 1 2 7 0 20.7286287546157837
5 30 3 0 2 11 0 2 4 0 2 7 1 2 11 17 18 2 0 2 4 17 9 2 0 2 7 0 2 7 1 2 11 0 2 7 1 2 11 8 9 2 1 2 3 5 30 3 1 2 7 0 2 7 0 2 7 1 2 7 0 20.8198407888412476
5 30 3 0 2 1 0 2 7 17 18 2 0 2 7 0 2 7 0 2 7 1 2 7 12 16 2 0 2 7 1 2 7 0 2 7 5 30 3 1 2 11 8 9 2 12 16 2 0 2 7 17 9 2 13 6 3 1 2 7 0 20.730549693107605
0 2 7 0 2 7 0 2 7 1 2 7 8 18 2 0 2 7 17 9 2 1 2 7 0 2 7 0 2 7 5 30 3 0 2 7 12 16 2 17 1 2 12 16 2 0 2 4 5 30 3 1 2 7 0 2 7 1 2 3 0 20.7358447313308716

Current Evaluation = 2160(2160)
Front Size = 10
5 31 3 0 2 7 1 2 7 0 2 7 0 2 7 13 6 3 0 2 7 1 2 7 0 2 7 0 2 7 0 2 7 12 16 2 1 2 7 17 9 2 1 2 7 1 2 7 0 2 7 0 2 7 17 9 2 5 30 3 0 20.2646257877349854
6 2 7 0 2 7 0 2 11 12 16 2 5 31 3 0 2 7 13 6 3 0 2 7 0 2 3 12 16 2 0 2 7 0 2 7 1 2 4 1 2 7 1 2 7 5 30 3 17 18 2 0 2 7 16 30 2 12 16 2 0 20.547498881816864
12 16 2 5 30 3 5 30 3 8 9 2 0 2 11 0 2 11 0 2 3 0 2 3 1 2 3 0 2 12 0 2 7 0 2 3 0 2 3 1 2 11 12 16 2 16 19 12 0 2 3 12 16 2 1 2 3 16 9 11 0 22.3711759448051453
1 2 7 1 2 7 0 2 7 13 6 3 0 2 7 6 2 7 0 2 7 0 2 4 1 2 7 0 2 7 12 16 2 5 30 3 17 9 2 12 16 2 5 31 3 1 2 7 0 2 7 0 2 7 0 2 4 17 18 2 0 20.3487167954444885
12 16 2 5 30 3 8 18 2 0 2 8 0 2 8 0 2 8 0 2 8 0 2 8 0 2 8 5 31 3 0 2 8 0 2 8 0 2 8 0 2 8 12 16 2 16 19 12 0 2 3 1 2 8 5 30 3 16 19 12 6.74842815526493095e-07 23.4478374719619751
0 2 4 0 2 7 0 2 4 0 2 7 12 16 2 1 2 7 6 2 7 0 2 7 17 9 2 0 2 7 1 2 7 5 31 3 0 2 7 16 6 2 1 2 7 0 2 7 1 2 7 0 2 7 0 2 7 5 31 3 0 20.4595978856086731
1 2 7 1 2 7 0 2 7 0 2 7 0 2 7 0 2 4 1 2 7 0 2 7 5 30 3 17 9 2 5 31 3 1 2 7 0 2 7 0 2 7 0 2 4 1 2 7 0 2 3 1 2 7 17 9 2 0 2 3 0 20.5684669017791748
0 2 7 0 2 7 0 2 7 5 30 3 0 2 4 5 30 3 13 6 3 12 16 2 1 2 11 1 2 7 12 16 2 0 2 7 12 16 2 0 2 3 0 2 7 17 9 2 0 2 7 8 18 2 16 6 2 1 2 7 0 20.6301085948944092
5 30 3 1 2 3 0 2 7 1 2 7 1 2 7 0 2 3 0 2 7 0 2 7 0 2 7 0 2 7 17 18 2 0 2 3 0 2 3 1 2 7 1 2 7 0 2 7 0 2 7 16 30 2 5 31 3 1 2 11 0 20.6688989400863647
0 2 3 1 2 4 0 2 11 0 2 7 1 2 7 12 16 2 5 30 3 0 2 7 5 31 3 12 16 2 1 2 7 0 2 7 0 2 3 12 16 2 16 9 11 0 2 7 0 2 7 0 2 3 0 2 11 16 18 11 0 21.6775689125061035

Current Evaluation = 2340(2340)
Front Size = 10
0 2 7 5 30 3 5 31 3 0 2 7 1 2 7 13 6 3 0 2 7 1 2 7 0 2 7 12 16 2 0 2 7 1 2 7 17 18 2 17 18 2 0 2 7 0 2 7 1 2 7 1 2 7 0 2 7 0 2 7 0 20.2646257877349854
12 16 2 1 2 3 16 6 2 0 2 7 0 2 3 0 2 7 8 18 2 0 2 7 5 30 3 1 2 7 0 2 12 1 2 7 5 31 3 1 2 3 0 2 3 12 16 2 0 2 7 0 2 7 0 2 3 16 6 2 0 21.1038378477096558
12 16 2 5 30 3 5 30 3 0 2 7 0 2 7 13 6 3 0 2 3 0 2 3 0 2 7 0 2 11 0 2 11 1 2 11 17 9 2 0 2 7 12 16 2 1 2 11 0 2 7 0 2 11 5 30 3 16 30 2 0 21.1732758283615112
1 2 7 1 2 7 0 2 7 0 2 7 0 2 7 0 2 7 6 2 7 5 30 3 5 31 3 1 2 7 0 2 7 17 9 2 1 2 7 0 2 4 13 6 3 0 2 4 12 16 2 17 9 2 12 16 2 0 2 7 0 20.3487167954444885
5 31 3 1 2 7 1 2 7 12 16 2 0 2 7 0 2 7 1 2 4 0 2 7 6 2 7 0 2 7 17 9 2 0 2 7 0 2 7 1 2 4 0 2 7 0 2 7 0 2 7 5 31 3 16 6 2 0 2 7 0 20.4595978856086731
12 16 2 5 30 3 5 30 3 0 2 7 0 2 7 8 18 2 0 2 7 0 2 4 1 2 11 12 16 2 12 16 2 16 6 2 13 6 3 0 2 7 0 2 7 17 18 2 1 2 3 0 2 7 0 2 7 1 2 7 0 20.6301085948944092
0 2 4 5 30 3 5 31 3 0 2 7 1 2 7 13 6 3 0 2 7 6 2 7 0 2 7 12 16 2 0 2 7 1 2 7 17 18 2 17 18 2 0 2 7 12 16 2 1 2 4 0 2 7 1 2 7 0 2 7 0 20.3487167954444885
5 31 3 5 30 3 12 16 2 12 16 2 5 30 3 0 2 7 0 2 3 0 2 7 16 19 11 0 2 7 0 2 7 1 2 7 0 2 11 0 2 7 0 2 7 0 2 11 0 2 11 0 2 7 0 2 7 16 19 11 0 21.9703837633132935
1 2 7 1 2 7 0 2 7 0 2 7 0 2 7 0 2 7 1 2 4 0 2 7 5 30 3 5 31 3 1 2 7 0 2 7 0 2 7 17 18 2 17 9 2 0 2 7 1 2 3 0 2 3 1 2 7 0 2 4 0 20.5684669017791748
12 16 2 5 30 3 8 18 2 0 2 8 0 2 8 0 2 8 0 2 8 0 2 8 0 2 8 5 31 3 0 2 8 0 2 8 0 2 8 0 2 8 12 16 2 16 19 12 0 2 3 1 2 8 5 30 3 16 19 12 6.74842815526493095e-07 23.4478374719619751

Current Evaluation = 2520(2520)
Front Size = 10
12 16 2 5 30 3 1 2 7 0 2 7 17 18 2 0 2 7 0 2 7 1 2 7 0 2 7 13 6 3 0 2 7 1 2 7 1 2 7 0 2 7 0 2 7 1 2 7 5 31 3 0 2 7 0 2 7 17 18 2 0 20.2646257877349854
12 16 2 5 31 3 0 2 7 0 2 7 1 2 7 0 2 11 12 16 2 0 2 3 0 2 10 5 30 3 0 2 4 0 2 7 16 30 2 12 16 2 1 2 7 8 9 2 1 2 7 0 2 3 0 2 7 16 6 2 0 21.0074108839035034
1 2 7 1 2 7 0 2 7 0 2 7 0 2 7 0 2 7 6 2 7 5 30 3 5 31 3 1 2 7 0 2 7 17 9 2 1 2 7 0 2 4 13 6 3 0 2 4 12 16 2 17 9 2 12 16 2 0 2 7 0 20.3487167954444885
12 16 2 5 30 3 5 30 3 0 2 7 0 2 7 13 6 3 0 2 3 0 2 3 0 2 7 0 2 11 0 2 11 1 2 11 17 9 2 0 2 7 12 16 2 1 2 11 0 2 7 0 2 11 5 30 3 16 30 2 0 21.1732758283615112
12 16 2 5 30 3 8 18 2 0 2 8 0 2 8 0 2 8 0 2 8 0 2 8 0 2 8 5 31 3 0 2 8 0 2 8 0 2 8 0 2 8 12 16 2 16 19 12 0 2 3 1 2 8 5 30 3 16 19 12 6.74842815526493095e-07 23.4478374719619751
12 16 2 5 30 3 5 30 3 0 2 7 0 2 7 17 18 2 0 2 7 0 2 7 1 2 4 12 16 2 12 16 2 16 31 2 13 6 3 0 2 7 0 2 3 1 2 7 1 2 7 0 2 4 0 2 7 1 2 7 0 20.4516056776046753
5 31 3 1 2 7 1 2 7 12 16 2 0 2 7 0 2 7 1 2 4 0 2 7 6 2 7 0 2 7 17 9 2 0 2 7 0 2 7 1 2 4 0 2 7 0 2 7 0 2 7 5 31 3 16 6 2 0 2 7 0 20.4595978856086731
5 31 3 0 2 7 1 2 7 0 2 7 6 2 7 0 2 7 12 16 2 0 2 7 1 2 7 0 2 4 1 2 7 0 2 4 0 2 7 0 2 7 0 2 7 5 31 3 17 18 2 16 6 2 1 2 7 0 2 7 0 20.4595978856086731
0 2 7 5 31 3 0 2 7 6 2 7 1 2 7 0 2 7 0 2 7 12 16 2 0 2 7 1 2 4 17 18 2 1 2 7 0 2 7 1 2 4 0 2 7 12 16 2 13 6 3 17 18 2 0 2 7 5 30 3 0 20.3487167954444885
12 16 2 0 2 7 0 2 7 0 2 7 0 2 7 1 2 4 0 2 7 1 2 7 1 2 7 0 2 7 5 30 3 0 2 7 0 2 7 17 9 2 6 2 7 16 31 2 13 6 3 0 2 3 0 2 4 1 2 7 0.0251071276482866534 19.8711078763008118

Current Evaluation = 2700(2700)
Front Size = 10
5 30 3 0 2 7 1 2 7 0 2 7 0 2 7 0 2 7 5 31 3 17 18 2 1 2 7 12 16 2 0 2 7 0 2 7 1 2 7 1 2 7 0 2 7 17 9 2 13 6 3 0 2 7 0 2 7 1 2 7 0 20.2646257877349854
12 16 2 0 2 7 0 2 7 1 2 7 12 16 2 5 30 3 0 2 7 1 2 7 0 2 4 0 2 7 0 2 7 0 2 7 1 2 4 13 6 3 1 2 7 5 31 3 6 2 7 0 2 7 17 9 2 17 9 2 0 20.3487167954444885
12 16 2 5 30 3 5 30 3 0 2 7 0 2 7 13 6 3 0 2 3 0 2 3 0 2 7 0 2 11 0 2 11 1 2 11 17 9 2 0 2 7 12 16 2 1 2 11 0 2 7 0 2 11 5 30 3 16 30 2 0 21.1732758283615112
12 16 2 5 30 3 5 30 3 0 2 7 0 2 7 1 2 7 8 9 2 0 2 7 0 2 7 13 6 3 0 2 7 1 2 3 1 2 7 0 2 7 0 2 7 17 9 2 0 2 7 12 16 2 12 16 2 16 19 12 0 20.9297586679458618
5 30 3 0 2 7 1 2 7 0 2 7 0 2 7 1 2 4 0 2 7 5 31 3 17 18 2 1 2 7 12 16 2 1 2 4 0 2 7 12 16 2 0 2 7 0 2 7 17 9 2 13 6 3 6 2 7 0 2 7 0 20.3487167954444885
12 16 2 5 30 3 8 18 2 0 2 8 0 2 8 0 2 8 0 2 8 0 2 8 0 2 8 5 31 3 0 2 8 0 2 8 0 2 8 0 2 8 12 16 2 16 19 12 0 2 3 1 2 8 5 30 3 16 19 12 6.74842815526493095e-07 23.4478374719619751
12 16 2 5 30 3 5 30 3 0 2 7 0 2 7 17 18 2 0 2 7 0 2 7 1 2 4 12 16 2 12 16 2 16 31 2 13 6 3 0 2 7 0 2 3 1 2 7 1 2 7 0 2 4 0 2 7 1 2 7 0 20.4516056776046753
5 30 3 1 2 6 0 2 3 0 2 11 0 2 7 0 2 3 16 19 11 0 2 7 12 16 2 0 2 3 12 16 2 1 2 7 0 2 3 5 31 3 0 2 3 1 2 7 1 2 7 16 6 2 0 2 7 0 2 7 0 21.5230348110198975
12 16 2 5 30 3 5 31 3 8 18 2 0 2 7 0 2 8 0 2 7 0 2 7 0 2 8 0 2 8 17 18 2 0 2 8 1 2 7 0 2 7 12 16 2 16 19 12 1 2 7 1 2 8 5 30 3 0 2 7 0.00375979019235940341 22.1060739755630493
1 2 7 5 31 3 0 2 7 0 2 7 12 16 2 1 2 7 17 18 2 0 2 4 0 2 7 1 2 7 0 2 4 1 2 7 0 2 7 0 2 7 0 2 7 0 2 7 0 2 7 5 31 3 6 2 7 16 6 2 0 20.4595978856086731

Current Evaluation = 2880(2880)
Front Size = 10
1 2 7 1 2 7 5 31 3 12 16 2 5 30 3 1 2 7 0 2 7 0 2 7 0 2 7 0 2 7 0 2 7 17 9 2 0 2 7 0 2 7 0 2 7 1 2 7 1 2 7 17 18 2 0 2 7 13 6 3 0 20.2646257877349854
12 16 2 5 30 3 5 30 3 0 2 7 0 2 7 13 6 3 0 2 3 0 2 3 0 2 7 0 2 11 0 2 11 1 2 11 17 9 2 0 2 7 12 16 2 1 2 11 0 2 7 0 2 11 5 30 3 16 30 2 0 21.1732758283615112
12 16 2 5 30 3 8 18 2 0 2 8 0 2 8 0 2 8 0 2 8 0 2 8 0 2 8 5 31 3 0 2 8 0 2 8 0 2 8 0 2 8 12 16 2 16 19 12 0 2 3 1 2 8 5 30 3 16 19 12 6.74842815526493095e-07 23.4478374719619751
12 16 2 5 31 3 0 2 4 1 2 11 0 2 7 0 2 7 17 9 2 0 2 10 0 2 4 0 2 3 1 2 3 1 2 3 0 2 7 1 2 7 0 2 7 5 30 3 1 2 7 0 2 7 0 2 7 16 30 2 0 20.8012489080429077
12 16 2 5 30 3 5 30 3 0 2 7 0 2 7 17 18 2 0 2 7 0 2 7 1 2 4 12 16 2 12 16 2 16 31 2 13 6 3 0 2 7 0 2 3 1 2 7 1 2 7 0 2 4 0 2 7 1 2 7 0 20.4516056776046753
12 16 2 6 2 7 5 31 3 12 16 2 5 30 3 1 2 7 0 2 7 0 2 7 0 2 7 0 2 7 1 2 7 17 9 2 0 2 7 0 2 4 0 2 4 1 2 7 1 2 7 17 18 2 0 2 7 13 6 3 0 20.3487167954444885
12 16 2 5 31 3 0 2 7 0 2 7 0 2 7 1 2 7 17 9 2 0 2 7 0 2 4 0 2 3 1 2 7 15 2 11 0 2 7 0 2 7 0 2 7 5 30 3 1 2 7 1 2 4 0 2 7 16 6 2 0 20.6338227987289429
0 2 7 5 31 3 5 30 3 1 2 7 0 2 7 0 2 11 0 2 11 17 9 2 0 2 7 12 16 2 1 2 7 13 6 3 0 2 7 0 2 7 6 2 8 0 2 7 0 2 7 1 2 11 5 30 3 17 9 2 0 20.9551138877868652
12 16 2 5 31 3 0 2 7 1 2 7 0 2 7 0 2 7 17 9 2 0 2 7 0 2 7 0 2 4 1 2 7 1 2 7 1 2 7 6 2 7 0 2 7 5 31 3 0 2 7 0 2 4 0 2 7 16 6 2 0 20.4595978856086731
12 16 2 5 30 3 0 2 3 0 2 7 1 2 7 15 2 11 0 2 3 12 16 2 1 2 7 5 31 3 0 2 7 0 2 7 16 6 2 1 2 4 0 2 7 0 2 7 0 2 7 0 2 3 0 2 3 16 6 2 0 20.9683817625045776

Current Evaluation = 3060(3060)
Front Size = 10
12 16 2 0 2 7 0 2 7 0 2 7 0 2 7 1 2 7 5 30 3 1 2 7 0 2 7 1 2 7 1 2 7 17 18 2 1 2 7 0 2 7 13 6 3 0 2 7 5 31 3 0 2 7 0 2 7 17 9 2 0 20.2646257877349854
12 16 2 5 31 3 1 2 7 1 2 7 13 6 3 0 2 7 17 9 2 0 2 7 12 16 2 1 2 4 0 2 7 0 2 4 0 2 7 0 2 7 1 2 7 0 2 7 5 30 3 17 9 2 6 2 7 0 2 7 0 20.3487167954444885
12 16 2 5 30 3 8 18 2 0 2 8 0 2 8 0 2 8 0 2 8 0 2 8 0 2 8 5 31 3 0 2 8 0 2 8 0 2 8 0 2 8 12 16 2 16 19 12 0 2 3 1 2 8 5 30 3 16 19 12 6.74842815526493095e-07 23.4478374719619751
12 16 2 1 2 7 13 6 3 0 2 7 0 2 7 12 16 2 0 2 7 0 2 4 0 2 7 0 2 7 0 2 7 5 30 3 0 2 7 5 31 3 1 2 7 17 9 2 1 2 7 17 9 2 6 2 4 1 2 7 0 20.3487167954444885
12 16 2 5 30 3 5 30 3 0 2 7 1 2 7 13 6 3 0 2 4 0 2 7 0 2 7 17 18 2 12 16 2 0 2 7 0 2 7 0 2 7 1 2 11 12 16 2 1 2 3 0 2 7 8 9 2 16 6 2 0 20.6301085948944092
12 16 2 5 31 3 0 2 7 1 2 7 0 2 7 5 30 3 1 2 11 0 2 7 1 2 7 17 18 2 0 2 7 0 2 7 0 2 7 1 2 7 8 9 2 16 6 2 0 2 7 0 2 7 0 2 7 1 2 11 0 20.6754786968231201
12 16 2 5 30 3 0 2 3 0 2 7 1 2 7 15 2 11 0 2 3 12 16 2 1 2 7 5 31 3 0 2 7 0 2 7 16 6 2 1 2 4 0 2 7 0 2 7 0 2 7 0 2 3 0 2 3 16 6 2 0 20.9683817625045776
12 16 2 0 2 4 0 2 7 1 2 7 17 18 2 0 2 7 5 30 3 0 2 7 0 2 3 0 2 7 0 2 7 5 30 3 1 2 7 0 2 7 1 2 7 17 9 2 12 16 2 0 2 7 1 2 7 8 1 2 0 20.735844612121582
12 16 2 5 31 3 1 2 7 1 2 7 13 6 3 0 2 7 17 9 2 0 2 7 12 16 2 1 2 4 0 2 7 0 2 4 0 2 7 0 2 7 1 2 7 0 2 7 5 30 3 16 30 2 0 2 3 12 16 2 0 20.4516057968139648
12 16 2 0 2 7 0 2 7 0 2 7 0 2 7 1 2 7 5 30 3 1 2 7 0 2 7 1 2 7 0 2 7 5 31 3 17 18 2 0 2 7 16 30 2 0 2 3 1 2 7 13 6 3 1 2 4 1 2 11 0.000748321005009792311 20.1345058679580688

Current Evaluation = 3240(3240)
Front Size = 10
0 2 7 5 31 3 0 2 7 0 2 7 5 30 3 1 2 7 0 2 7 1 2 7 0 2 7 0 2 7 0 2 7 17 18 2 0 2 7 13 6 3 0 2 7 1 2 7 1 2 7 17 18 2 1 2 7 12 16 2 0 20.2646257877349854
12 16 2 5 31 3 1 2 7 1 2 7 13 6 3 0 2 7 17 9 2 0 2 7 0 2 7 0 2 7 1 2 7 0 2 7 5 30 3 17 9 2 0 2 7 0 2 7 0 2 7 0 2 7 1 2 7 1 2 7 0 20.2646257877349854
12 16 2 5 30 3 0 2 7 1 2 7 13 6 3 1 2 11 0 2 7 12 16 2 0 2 7 0 2 7 0 2 3 0 2 7 5 30 3 0 2 7 12 16 2 1 2 4 0 2 7 6 2 7 17 18 2 16 31 2 0 20.5474986433982849
0 2 7 5 31 3 0 2 7 0 2 7 9 2 7 5 30 3 1 2 7 0 2 3 0 2 7 1 2 7 0 2 3 0 2 7 0 2 7 1 2 3 1 2 3 16 6 2 1 2 11 0 2 7 17 18 2 0 2 7 0 20.9495408535003662
0 2 7 5 31 3 0 2 7 0 2 3 5 30 3 1 2 7 0 2 7 1 2 7 0 2 7 16 6 2 1 2 7 12 16 2 0 2 12 1 2 7 8 9 2 0 2 7 0 2 3 1 2 4 17 9 2 0 2 7 0 20.769278883934021
0 2 7 5 30 3 0 2 10 1 2 7 5 30 3 16 31 2 0 2 7 12 16 2 0 2 7 1 2 7 17 18 2 1 2 3 0 2 4 0 2 3 0 2 4 1 2 3 0 2 7 1 2 11 0 2 7 0 2 7 0 20.8012487888336182
12 16 2 5 30 3 0 2 4 13 6 3 1 2 7 0 2 7 0 2 7 0 2 7 1 2 7 0 2 7 5 31 3 0 2 7 12 16 2 0 2 7 1 2 7 1 2 7 17 9 2 0 2 4 6 2 7 17 18 2 0 20.3487167954444885
12 16 2 5 30 3 1 2 7 1 2 7 13 6 3 0 2 7 0 2 7 12 16 2 0 2 4 0 2 4 0 2 3 0 2 7 1 2 7 0 2 7 1 2 7 17 18 2 5 30 3 16 31 2 0 2 7 12 16 2 0 20.4516056776046753
5 31 3 1 2 7 1 2 7 0 2 7 5 30 3 0 2 7 0 2 12 0 2 12 5 30 3 0 2 12 0 2 11 0 2 7 12 16 2 13 6 3 17 9 2 1 2 7 17 9 2 6 2 7 0 2 7 0 2 7 0 20.9407139420509338
12 16 2 5 30 3 1 2 4 1 2 7 13 6 3 0 2 7 0 2 4 0 2 7 0 2 7 0 2 7 0 2 7 1 2 7 12 16 2 17 9 2 5 30 3 12 16 2 1 2 3 0 2 7 0 2 7 16 31 2 0 20.4516056776046753

Current Evaluation = 3420(3420)
Front Size = 10
5 30 3 0 2 7 1 2 7 0 2 7 0 2 7 1 2 7 1 2 7 0 2 7 0 2 7 1 2 7 13 6 3 17 18 2 0 2 7 0 2 7 5 31 3 12 16 2 0 2 7 1 2 7 17 18 2 0 2 7 0 20.2646257877349854
12 16 2 0 2 7 13 6 3 0 2 7 1 2 7 0 2 7 0 2 7 0 2 7 5 31 3 0 2 7 0 2 7 5 30 3 1 2 7 1 2 7 17 9 2 0 2 7 1 2 7 17 18 2 1 2 7 0 2 7 0 20.2646257877349854
0 2 3 5 30 3 0 2 7 5 30 3 16 31 2 1 2 7 12 16 2 0 2 7 1 2 7 1 2 7 0 2 7 0 2 7 0 2 4 1 2 7 13 6 3 17 18 2 0 2 7 12 16 2 12 16 2 0 2 4 0 20.4516056776046753
1 2 3 5 30 3 1 2 4 5 30 3 0 2 7 0 2 4 0 2 7 0 2 7 12 16 2 1 2 7 1 2 7 12 16 2 0 2 7 13 6 3 12 16 2 0 2 7 17 9 2 0 2 7 16 31 2 0 2 7 0 20.4516056776046753
0 2 4 1 2 7 1 2 7 13 6 3 0 2 7 6 2 7 1 2 7 0 2 7 12 16 2 0 2 7 5 31 3 0 2 7 17 18 2 17 18 2 5 30 3 12 16 2 1 2 4 0 2 7 0 2 7 0 2 7 0 20.3487167954444885
0 2 7 5 31 3 0 2 7 0 2 3 5 30 3 1 2 7 0 2 7 1 2 7 0 2 7 16 6 2 1 2 7 12 16 2 0 2 12 1 2 7 8 9 2 0 2 7 0 2 3 1 2 4 17 9 2 0 2 7 0 20.769278883934021
5 30 3 0 2 7 1 2 7 12 16 2 0 2 7 1 2 7 6 2 7 0 2 4 0 2 7 1 2 7 13 6 3 17 18 2 0 2 7 1 2 7 17 9 2 0 2 7 5 31 3 12 16 2 0 2 4 0 2 7 0 20.3487167954444885
0 2 7 5 30 3 1 2 7 5 30 3 0 2 7 0 2 7 0 2 4 0 2 7 0 2 4 12 16 2 1 2 7 0 2 7 17 9 2 1 2 3 12 16 2 16 31 2 0 2 7 13 6 3 12 16 2 1 2 7 0 20.4516056776046753
12 16 2 5 30 3 0 2 3 1 2 11 0 2 7 0 2 7 1 2 7 0 2 4 0 2 7 1 2 7 0 2 7 0 2 7 13 6 3 12 16 2 17 18 2 0 2 7 8 18 2 5 30 3 16 6 2 12 16 2 0 20.6301085948944092
12 16 2 5 30 3 1 2 7 0 2 7 1 2 3 0 2 7 1 2 7 0 2 4 0 2 7 0 2 4 13 6 3 12 16 2 0 2 7 5 30 3 12 16 2 0 2 7 1 2 7 17 18 2 0 2 7 16 31 2 0 20.4516056776046753

Current Evaluation = 3600(3600)
Front Size = 10
1 2 7 0 2 7 0 2 7 1 2 7 0 2 7 5 31 3 0 2 7 13 6 3 0 2 7 12 16 2 5 30 3 0 2 7 0 2 7 0 2 7 17 9 2 17 9 2 1 2 7 1 2 7 1 2 7 0 2 7 0 20.2646257877349854
12 16 2 5 31 3 0 2 7 0 2 7 1 2 7 0 2 7 0 2 7 0 2 7 0 2 7 5 30 3 0 2 7 13 6 3 1 2 7 1 2 7 1 2 7 0 2 7 0 2 7 1 2 7 17 18 2 17 9 2 0 20.2646257877349854
6 2 7 0 2 7 0 2 7 0 2 7 17 9 2 0 2 7 0 2 7 13 6 3 0 2 7 12 16 2 5 30 3 5 31 3 0 2 7 1 2 4 1 2 4 1 2 7 12 16 2 17 9 2 1 2 7 0 2 7 0 20.3487167954444885
12 16 2 5 31 3 0 2 7 0 2 7 1 2 7 0 2 7 0 2 7 0 2 7 0 2 7 5 30 3 6 2 7 0 2 7 13 6 3 12 16 2 0 2 4 1 2 4 1 2 7 1 2 7 17 18 2 17 18 2 0 20.3487167954444885
12 16 2 5 31 3 0 2 7 0 2 7 1 2 7 0 2 7 0 2 7 0 2 7 0 2 7 5 30 3 0 2 7 13 6 3 1 2 7 1 2 7 1 2 7 0 2 7 0 2 7 1 2 7 17 18 2 17 18 2 0 20.2646257877349854
12 16 2 0 2 7 13 6 3 0 2 7 1 2 7 0 2 7 0 2 7 0 2 7 5 30 3 1 2 7 1 2 7 1 2 7 17 18 2 12 16 2 0 2 4 0 2 4 0 2 3 16 31 2 5 30 3 12 16 2 0 20.4516056776046753
1 2 3 5 30 3 1 2 4 5 30 3 0 2 7 0 2 4 0 2 7 0 2 7 12 16 2 1 2 7 1 2 7 12 16 2 0 2 7 13 6 3 12 16 2 0 2 7 17 9 2 0 2 7 16 31 2 0 2 7 0 20.4516056776046753
0 2 7 5 31 3 0 2 7 0 2 3 5 30 3 1 2 7 0 2 7 1 2 7 0 2 7 16 6 2 1 2 7 12 16 2 0 2 12 1 2 7 8 9 2 0 2 7 0 2 3 1 2 4 17 9 2 0 2 7 0 20.769278883934021
12 16 2 5 31 3 0 2 7 0 2 7 1 2 7 6 2 7 0 2 7 0 2 7 1 2 7 5 30 3 0 2 7 16 30 2 0 2 7 1 2 11 13 6 3 12 16 2 0 2 3 0 2 4 17 9 2 12 16 2 0 20.5474987626075745
0 2 7 5 31 3 0 2 7 5 30 3 1 2 7 0 2 7 1 2 7 0 2 7 1 2 7 12 16 2 0 2 7 1 2 4 17 9 2 0 2 7 0 2 3 16 6 2 0 2 12 17 9 2 12 16 2 0 2 7 0.0637273879279772332 20.7318227291107178

MonoObjective Genetic Algorithm
Number of Evaluations = 0
Mutation Probability = 0
Crossover Probability = 1
Population Size = 10
Survival Selection Type = 16

Time =  3603.98548197746277

Current Evaluation = 3370
Front Size = 10
1 2 7 0 2 7 0 2 7 1 2 7 0 2 7 5 31 3 0 2 7 13 6 3 0 2 7 12 16 2 5 30 3 0 2 7 0 2 7 0 2 7 17 9 2 17 9 2 1 2 7 1 2 7 1 2 7 0 2 7 0 20.2646257877349854
12 16 2 5 31 3 0 2 7 0 2 7 1 2 7 0 2 7 0 2 7 0 2 7 0 2 7 5 30 3 0 2 7 13 6 3 1 2 7 1 2 7 1 2 7 0 2 7 0 2 7 1 2 7 17 18 2 17 9 2 0 20.2646257877349854
6 2 7 0 2 7 0 2 7 0 2 7 17 9 2 0 2 7 0 2 7 13 6 3 0 2 7 12 16 2 5 30 3 5 31 3 0 2 7 1 2 4 1 2 4 1 2 7 12 16 2 17 9 2 1 2 7 0 2 7 0 20.3487167954444885
12 16 2 5 31 3 0 2 7 0 2 7 1 2 7 0 2 7 0 2 7 0 2 7 0 2 7 5 30 3 6 2 7 0 2 7 13 6 3 12 16 2 0 2 4 1 2 4 1 2 7 1 2 7 17 18 2 17 18 2 0 20.3487167954444885
12 16 2 5 31 3 0 2 7 0 2 7 1 2 7 0 2 7 0 2 7 0 2 7 0 2 7 5 30 3 0 2 7 13 6 3 1 2 7 1 2 7 1 2 7 0 2 7 0 2 7 1 2 7 17 18 2 17 18 2 0 20.2646257877349854
12 16 2 0 2 7 13 6 3 0 2 7 1 2 7 0 2 7 0 2 7 0 2 7 5 30 3 1 2 7 1 2 7 1 2 7 17 18 2 12 16 2 0 2 4 0 2 4 0 2 3 16 31 2 5 30 3 12 16 2 0 20.4516056776046753
1 2 3 5 30 3 1 2 4 5 30 3 0 2 7 0 2 4 0 2 7 0 2 7 12 16 2 1 2 7 1 2 7 12 16 2 0 2 7 13 6 3 12 16 2 0 2 7 17 9 2 0 2 7 16 31 2 0 2 7 0 20.4516056776046753
0 2 7 5 31 3 0 2 7 0 2 3 5 30 3 1 2 7 0 2 7 1 2 7 0 2 7 16 6 2 1 2 7 12 16 2 0 2 12 1 2 7 8 9 2 0 2 7 0 2 3 1 2 4 17 9 2 0 2 7 0 20.769278883934021
12 16 2 5 31 3 0 2 7 0 2 7 1 2 7 6 2 7 0 2 7 0 2 7 1 2 7 5 30 3 0 2 7 16 30 2 0 2 7 1 2 11 13 6 3 12 16 2 0 2 3 0 2 4 17 9 2 12 16 2 0 20.5474987626075745
0 2 7 5 31 3 0 2 7 5 30 3 1 2 7 0 2 7 1 2 7 0 2 7 1 2 7 12 16 2 0 2 7 1 2 4 17 9 2 0 2 7 0 2 3 16 6 2 0 2 12 17 9 2 12 16 2 0 2 7 0.0637273879279772332 20.7318227291107178

