Current Evaluation = 180(180)
Front Size = 10
5 31 3 1 2 7 5 30 3 1 2 7 12 16 2 0 2 7 0 2 7 0 2 7 0 2 7 0 2 7 0 2 7 0 2 7 1 2 7 13 6 3 1 2 7 1 2 7 17 18 2 0 2 7 17 18 2 0 2 7 0 20.2646257877349854
5 30 3 5 31 3 12 16 2 0 2 11 0 2 7 5 30 3 0 2 11 16 18 11 0 2 7 0 2 11 0 2 11 17 18 2 0 2 7 6 2 11 0 2 11 0 2 7 0 2 7 12 16 2 6 2 11 1 2 10 0 21.8775741457939148
0 2 7 0 2 3 5 30 3 16 18 11 1 2 7 1 2 4 0 2 3 0 2 3 0 2 3 0 2 7 1 2 3 0 2 3 12 16 2 12 16 2 1 2 3 0 2 3 0 2 3 0 2 3 5 30 3 1 2 3 0 21.9243149161338806
8 9 2 0 2 8 16 19 12 0 2 8 0 2 8 0 2 8 0 2 8 9 2 7 1 2 8 5 30 3 0 2 8 8 9 2 0 2 8 1 2 8 0 2 8 5 30 3 0 2 8 16 6 2 5 30 3 0 2 8 0.0010874356443166559 22.8843264579772949
5 30 3 0 2 7 1 2 7 8 9 2 12 16 2 0 2 3 0 2 7 5 30 3 0 2 7 0 2 10 1 2 3 0 2 8 16 6 2 0 2 7 0 2 13 6 2 11 1 2 11 0 2 11 0 2 4 5 30 3 0.0108469445044625766 21.5160409212112427
5 30 3 5 30 3 0 2 4 0 2 7 0 2 8 1 2 8 0 2 7 1 2 11 9 2 7 12 16 2 0 2 7 0 2 8 16 19 12 1 2 8 12 16 2 0 2 8 0 2 8 1 2 4 0 2 7 0 2 7 0.00264112900456943238 22.18241286277771
5 30 3 12 16 2 1 2 7 1 2 3 0 2 7 0 2 3 0 2 3 5 30 3 1 2 7 1 2 3 17 18 2 1 2 7 0 2 7 0 2 7 8 18 2 0 2 4 0 2 3 0 2 7 0 2 7 16 15 2 0 20.9987398386001587
0 2 11 5 31 3 0 2 7 16 6 2 6 2 7 5 30 3 0 2 7 12 16 2 0 2 13 6 2 7 12 16 2 0 2 7 0 2 7 0 2 7 0 2 7 0 2 7 5 31 3 16 19 11 0 2 8 0 2 7 0 21.5548468828201294
5 30 3 13 6 3 17 9 2 5 31 3 0 2 8 0 2 8 0 2 8 1 2 7 9 2 7 1 2 8 0 2 7 8 9 2 12 16 2 1 2 7 1 2 7 0 2 7 0 2 8 16 6 2 5 30 3 0 2 8 0.00461953556562399049 21.4751961231231689
5 30 3 0 2 4 0 2 7 1 2 11 15 2 11 0 2 7 1 2 11 0 2 7 12 16 2 0 2 7 0 2 7 1 2 7 17 18 2 5 30 3 12 16 2 16 31 2 0 2 7 1 2 4 0 2 7 0 2 7 0 20.8454436063766479

Current Evaluation = 360(360)
Front Size = 10
0 2 7 5 30 3 0 2 7 0 2 7 0 2 7 1 2 7 5 31 3 17 18 2 0 2 7 17 18 2 0 2 7 0 2 7 0 2 7 1 2 7 1 2 7 1 2 7 12 16 2 0 2 7 13 6 3 1 2 7 0 20.2646257877349854
0 2 7 0 2 3 5 30 3 16 18 11 1 2 7 1 2 4 0 2 3 0 2 3 0 2 3 0 2 7 1 2 3 0 2 3 12 16 2 12 16 2 1 2 3 0 2 3 0 2 3 0 2 3 5 30 3 1 2 3 0 21.9243149161338806
8 9 2 0 2 8 16 19 12 0 2 8 0 2 8 0 2 8 0 2 8 9 2 7 1 2 8 5 30 3 0 2 8 8 9 2 0 2 8 1 2 8 0 2 8 5 30 3 0 2 8 16 6 2 5 30 3 0 2 8 0.0010874356443166559 22.8843264579772949
0 2 7 5 30 3 1 2 11 1 2 7 0 2 7 0 2 4 0 2 7 0 2 7 0 2 3 0 2 11 0 2 4 16 18 11 0 2 11 1 2 7 5 31 3 0 2 10 1 2 7 16 9 11 15 2 11 0 2 3 0.00588031143027438995 21.2774680852890015
5 30 3 5 30 3 0 2 4 0 2 7 0 2 8 1 2 8 0 2 7 1 2 11 9 2 7 12 16 2 0 2 7 0 2 8 16 19 12 1 2 8 12 16 2 0 2 8 0 2 8 1 2 4 0 2 7 0 2 7 0.00264112900456943238 22.18241286277771
0 2 7 0 2 7 5 31 3 0 2 7 1 2 7 0 2 11 1 2 11 0 2 7 16 6 2 0 2 7 5 31 3 0 2 11 12 16 2 0 2 7 0 2 7 0 2 11 17 9 2 6 2 7 5 30 3 6 2 7 0 21.1354860067367554
0 2 7 5 30 3 5 30 3 16 6 2 0 2 8 16 19 11 0 2 12 12 16 2 0 2 3 0 2 7 15 2 11 0 2 3 1 2 8 0 2 11 0 2 3 0 2 7 0 2 3 0 2 3 5 30 3 0 2 3 0 22.1589018106460571
5 30 3 13 6 3 17 9 2 5 31 3 0 2 8 0 2 8 0 2 8 1 2 7 9 2 7 1 2 8 0 2 7 8 9 2 12 16 2 1 2 7 1 2 7 0 2 7 0 2 8 16 6 2 5 30 3 0 2 8 0.00461953556562399049 21.4751961231231689
0 2 10 5 30 3 5 31 3 12 16 2 0 2 7 1 2 7 0 2 3 0 2 10 0 2 3 16 6 2 17 18 2 0 2 3 0 2 4 1 2 7 0 2 7 1 2 7 0 2 3 1 2 7 0 2 4 6 2 3 0 20.9673188924789429
0 2 3 0 2 11 5 30 3 1 2 7 0 2 7 5 30 3 0 2 11 1 2 7 17 18 2 17 18 2 0 2 7 8 9 2 0 2 7 12 16 2 0 2 4 1 2 7 1 2 4 1 2 7 0 2 3 0 2 7 0 20.9389909505844116

Current Evaluation = 540(540)
Front Size = 10
0 2 7 13 6 3 1 2 7 0 2 7 0 2 7 0 2 7 17 18 2 5 30 3 5 31 3 1 2 7 0 2 7 0 2 7 17 9 2 1 2 7 1 2 7 0 2 7 12 16 2 1 2 7 0 2 7 0 2 7 0 20.2646257877349854
0 2 4 1 2 7 1 2 7 1 2 3 1 2 11 0 2 7 17 18 2 5 30 3 0 2 4 0 2 7 0 2 11 0 2 11 8 9 2 1 2 7 0 2 7 0 2 7 0 2 11 5 30 3 17 9 2 1 2 7 0 20.8198410272598267
1 2 11 5 30 3 12 16 2 0 2 11 0 2 7 5 30 3 17 9 2 0 2 11 6 2 11 0 2 11 1 2 7 0 2 11 8 9 2 6 2 11 0 2 11 5 30 3 0 2 11 0 2 11 0 2 11 17 9 2 0 21.8891723155975342
8 9 2 0 2 8 16 19 12 0 2 8 0 2 8 0 2 8 0 2 8 9 2 7 1 2 8 5 30 3 0 2 8 8 9 2 0 2 8 1 2 8 0 2 8 5 30 3 0 2 8 16 6 2 5 30 3 0 2 8 0.0010874356443166559 22.8843264579772949
1 2 7 5 30 3 0 2 7 12 16 2 0 2 3 5 31 3 16 6 2 16 18 11 1 2 11 0 2 3 0 2 11 0 2 3 0 2 10 12 16 2 1 2 7 0 2 7 0 2 3 0 2 11 0 2 11 1 2 7 7.66025695104843407e-05 21.5612019896507263
5 30 3 0 2 7 0 2 7 0 2 3 0 2 7 5 30 3 0 2 7 0 2 3 1 2 7 0 2 3 6 2 7 0 2 7 1 2 8 17 18 2 0 2 7 16 19 12 0 2 10 16 31 2 5 30 3 1 2 3 0.0279335363604070533 21.1584448218345642
5 30 3 5 30 3 0 2 4 0 2 7 0 2 8 1 2 8 0 2 7 1 2 11 9 2 7 12 16 2 0 2 7 0 2 8 16 19 12 1 2 8 12 16 2 0 2 8 0 2 8 1 2 4 0 2 7 0 2 7 0.00264112900456943238 22.18241286277771
5 30 3 16 6 2 8 9 2 5 30 3 0 2 8 5 30 3 0 2 8 0 2 8 0 2 10 0 2 3 17 18 2 0 2 3 0 2 4 0 2 8 0 2 7 1 2 7 0 2 3 0 2 8 0 2 4 6 2 3 0.0192313047772080213 21.7917941808700562
0 2 7 1 2 7 1 2 3 0 2 4 0 2 7 1 2 11 0 2 7 5 30 3 16 6 2 0 2 4 0 2 7 0 2 7 0 2 7 12 16 2 1 2 3 0 2 6 17 18 2 0 2 11 5 31 3 0 2 7 0 20.9727778434753418
5 30 3 0 2 7 5 30 3 0 2 7 5 30 3 16 6 2 0 2 8 0 2 7 0 2 3 1 2 3 0 2 7 0 2 3 0 2 3 1 2 11 0 2 7 0 2 11 0 2 3 0 2 3 16 19 11 9 2 7 0.000101903261305078734 21.8674198389053345

Current Evaluation = 720(720)
Front Size = 10
5 31 3 1 2 7 1 2 7 0 2 7 5 30 3 0 2 7 0 2 7 1 2 7 17 9 2 1 2 7 0 2 7 0 2 7 0 2 7 0 2 7 0 2 7 1 2 7 0 2 7 13 6 3 17 18 2 12 16 2 0 20.2646257877349854
1 2 11 5 30 3 12 16 2 0 2 11 0 2 7 5 30 3 17 9 2 0 2 11 6 2 11 0 2 11 1 2 7 0 2 11 8 9 2 6 2 11 0 2 11 5 30 3 0 2 11 0 2 11 0 2 11 17 9 2 0 21.8891723155975342
5 30 3 16 6 2 0 2 3 0 2 3 16 19 11 0 2 11 0 2 8 0 2 3 0 2 11 0 2 3 0 2 7 0 2 8 0 2 7 1 2 3 0 2 7 12 16 2 5 30 3 0 2 3 5 30 3 15 2 12 0 22.1589020490646362
8 9 2 0 2 8 16 19 12 0 2 8 0 2 8 0 2 8 0 2 8 9 2 7 1 2 8 5 30 3 0 2 8 8 9 2 0 2 8 1 2 8 0 2 8 5 30 3 0 2 8 16 6 2 5 30 3 0 2 8 0.0010874356443166559 22.8843264579772949
1 2 7 0 2 7 5 30 3 12 16 2 0 2 4 0 2 10 0 2 11 0 2 7 5 30 3 0 2 1 1 2 7 0 2 10 8 9 2 1 2 7 1 2 7 0 2 4 0 2 11 17 9 2 17 18 2 1 2 7 0 21.0419909954071045
1 2 7 0 2 7 5 30 3 12 16 2 0 2 7 1 2 11 0 2 7 0 2 7 0 2 7 12 16 2 1 2 7 16 31 2 0 2 4 17 9 2 13 6 3 5 30 3 0 2 7 0 2 3 6 2 7 12 16 2 0 20.5474986433982849
5 30 3 0 2 7 16 18 8 5 31 3 0 2 7 0 2 7 0 2 7 0 2 7 5 30 3 0 2 3 0 2 8 0 2 7 0 2 7 0 2 7 1 2 8 16 19 12 0 2 8 0 2 3 1 2 3 1 2 8 0.000272768453353444738 22.0250508785247803
5 30 3 0 2 7 0 2 8 1 2 7 0 2 7 0 2 8 5 30 3 16 6 2 5 30 3 1 2 7 0 2 8 9 2 7 17 9 2 1 2 8 1 2 7 0 2 7 12 16 2 1 2 7 0 2 8 0 2 7 0.00567668593544066666 21.4591028690338135
5 31 3 1 2 7 6 2 7 1 2 7 0 2 7 5 30 3 5 31 3 16 6 2 0 2 3 0 2 7 0 2 8 0 2 7 6 2 7 0 2 8 0 2 7 17 9 2 0 2 3 1 2 7 0 2 7 0 2 7 0 21.0271360874176025
6 2 7 5 30 3 8 9 2 1 2 7 17 9 2 0 2 7 1 2 7 0 2 3 0 2 7 0 2 7 5 30 3 0 2 3 0 2 3 0 2 3 0 2 7 1 2 4 1 2 3 16 15 2 12 16 2 0 2 3 0 21.0750328898429871

Current Evaluation = 900(900)
Front Size = 10
5 31 3 1 2 7 1 2 7 0 2 7 5 30 3 0 2 7 0 2 7 1 2 7 17 9 2 1 2 7 0 2 7 0 2 7 0 2 7 0 2 7 0 2 7 1 2 7 0 2 7 13 6 3 17 18 2 12 16 2 0 20.2646257877349854
0 2 3 5 30 3 5 30 3 0 2 11 16 6 2 0 2 7 9 2 7 0 2 3 12 16 2 0 2 3 0 2 10 0 2 11 0 2 1 0 2 10 1 2 1 0 2 3 0 2 11 17 9 2 5 30 3 0 2 11 0 22.2667111158370972
1 2 7 0 2 7 5 30 3 12 16 2 0 2 7 1 2 11 0 2 7 0 2 7 0 2 7 12 16 2 1 2 7 16 31 2 0 2 4 17 9 2 13 6 3 5 30 3 0 2 7 0 2 3 6 2 7 12 16 2 0 20.5474986433982849
5 31 3 0 2 3 0 2 3 1 2 7 0 2 3 0 2 3 0 2 3 0 2 7 0 2 10 12 16 2 1 2 3 0 2 4 16 30 2 0 2 4 16 6 2 1 2 7 12 16 2 1 2 3 5 30 3 0 2 7 0 21.1162079572677612
1 2 11 5 30 3 12 16 2 0 2 11 0 2 7 5 30 3 17 9 2 0 2 11 6 2 11 0 2 11 1 2 7 0 2 11 8 9 2 6 2 11 0 2 11 5 30 3 0 2 11 0 2 11 0 2 11 17 9 2 0 21.8891723155975342
0 2 7 5 31 3 0 2 7 1 2 4 0 2 7 1 2 7 0 2 7 1 2 10 0 2 7 5 31 3 0 2 7 12 16 2 12 16 2 1 2 3 0 2 7 16 6 2 12 16 2 0 2 7 16 30 2 0 2 3 0 20.8842848539352417
0 2 7 1 2 7 0 2 11 0 2 7 0 2 11 0 2 4 8 9 2 1 2 7 17 18 2 6 2 7 5 30 3 12 16 2 0 2 11 1 2 7 0 2 7 5 31 3 16 6 2 0 2 4 12 16 2 0 2 11 0 21.02932208776474
8 9 2 0 2 8 16 19 12 0 2 8 0 2 8 0 2 8 0 2 8 9 2 7 1 2 8 5 30 3 0 2 8 8 9 2 0 2 8 1 2 8 0 2 8 5 30 3 0 2 8 16 6 2 5 30 3 0 2 8 0.0010874356443166559 22.8843264579772949
6 2 7 5 30 3 8 9 2 1 2 7 17 9 2 0 2 7 1 2 7 0 2 3 0 2 7 0 2 7 5 30 3 0 2 3 0 2 3 0 2 3 0 2 7 1 2 4 1 2 3 16 15 2 12 16 2 0 2 3 0 21.0750328898429871
16 6 2 8 9 2 0 2 8 5 31 3 1 2 3 1 2 10 12 16 2 0 2 8 0 2 7 1 2 8 5 30 3 0 2 8 16 30 2 0 2 8 0 2 7 0 2 8 12 16 2 1 2 7 5 30 3 0 2 8 0.0046419105203046214 21.8795042037963867

Current Evaluation = 1080(1080)
Front Size = 10
0 2 7 1 2 7 5 31 3 12 16 2 1 2 7 13 6 3 0 2 7 0 2 7 17 9 2 5 30 3 0 2 7 1 2 7 0 2 7 0 2 7 1 2 7 17 9 2 0 2 7 0 2 7 0 2 7 1 2 7 0 20.2646257877349854
0 2 3 5 30 3 5 30 3 0 2 11 16 6 2 0 2 7 9 2 7 0 2 3 12 16 2 0 2 3 0 2 10 0 2 11 0 2 1 0 2 10 1 2 1 0 2 3 0 2 11 17 9 2 5 30 3 0 2 11 0 22.2667111158370972
5 30 3 0 2 8 0 2 3 1 2 8 0 2 3 0 2 8 5 30 3 5 30 3 0 2 8 0 2 8 0 2 8 8 9 2 12 16 2 1 2 8 0 2 8 0 2 3 16 30 2 16 19 11 0 2 3 0 2 8 1.46730703029641948e-05 22.6927812099456787
12 16 2 0 2 7 1 2 7 0 2 7 1 2 3 16 30 2 1 2 4 0 2 3 0 2 7 0 2 7 1 2 10 12 16 2 16 6 2 5 31 3 0 2 11 6 2 11 0 2 7 0 2 11 0 2 11 0 2 11 0.0208233964424095683 20.8493062257766724
1 2 7 0 2 7 5 30 3 12 16 2 0 2 7 1 2 11 0 2 7 0 2 7 0 2 7 12 16 2 1 2 7 16 31 2 0 2 4 17 9 2 13 6 3 5 30 3 0 2 7 0 2 3 6 2 7 12 16 2 0 20.5474986433982849
1 2 7 0 2 7 5 30 3 12 16 2 0 2 3 0 2 7 0 2 7 0 2 3 1 2 7 16 31 2 5 30 3 0 2 3 16 6 2 0 2 3 0 2 7 1 2 3 1 2 3 0 2 7 0 2 3 1 2 3 0 20.9838578701019287
0 2 7 1 2 7 0 2 7 0 2 7 0 2 7 6 2 7 0 2 4 1 2 7 17 9 2 1 2 7 5 31 3 12 16 2 1 2 7 0 2 7 0 2 10 5 31 3 16 6 2 0 2 7 12 16 2 0 2 4 0 20.6613958477973938
0 2 7 5 30 3 1 2 7 1 2 3 0 2 7 5 31 3 0 2 12 0 2 7 1 2 7 8 9 2 12 16 2 0 2 7 0 2 4 16 6 2 1 2 3 1 2 7 0 2 7 0 2 7 0 2 7 17 18 2 0 20.769278883934021
0 2 3 5 30 3 17 18 2 0 2 7 0 2 11 1 2 11 0 2 3 0 2 3 16 6 2 12 16 2 0 2 11 1 2 7 8 9 2 1 2 7 0 2 11 5 30 3 0 2 7 0 2 4 1 2 11 0 2 3 0 21.3245519399642944
0 2 11 17 9 2 5 30 3 12 16 2 0 2 7 0 2 11 1 2 11 0 2 11 0 2 7 16 20 12 12 16 2 5 31 3 0 2 7 6 2 7 0 2 7 0 2 11 0 2 7 5 31 3 0 2 7 6 2 11 0 21.6460620760917664

Current Evaluation = 1260(1260)
Front Size = 10
0 2 7 1 2 7 0 2 7 0 2 7 0 2 7 0 2 7 17 9 2 0 2 7 5 30 3 12 16 2 0 2 7 1 2 7 0 2 7 17 18 2 1 2 7 13 6 3 5 31 3 1 2 7 0 2 7 1 2 7 0 20.2646257877349854
0 2 7 0 2 7 0 2 7 0 2 7 0 2 4 0 2 7 12 16 2 5 30 3 12 16 2 0 2 3 1 2 4 12 16 2 13 6 3 1 2 7 1 2 7 17 18 2 5 30 3 1 2 7 16 31 2 0 2 7 0 20.4516056776046753
0 2 3 5 30 3 17 18 2 0 2 7 0 2 11 1 2 11 0 2 3 0 2 3 16 6 2 12 16 2 0 2 11 1 2 7 8 9 2 1 2 7 0 2 11 5 30 3 0 2 7 0 2 4 1 2 11 0 2 3 0 21.3245519399642944
5 30 3 12 16 2 0 2 7 17 9 2 0 2 3 0 2 7 0 2 3 1 2 7 0 2 3 0 2 7 1 2 11 1 2 7 0 2 4 0 2 7 5 31 3 16 30 2 1 2 10 0 2 4 1 2 7 0 2 7 0 20.8012489080429077
0 2 11 17 9 2 5 30 3 12 16 2 0 2 7 0 2 11 1 2 11 0 2 11 0 2 7 16 20 12 12 16 2 5 31 3 0 2 7 6 2 7 0 2 7 0 2 11 0 2 7 5 31 3 0 2 7 6 2 11 0 21.6460620760917664
5 30 3 0 2 8 0 2 3 1 2 8 0 2 3 0 2 8 5 30 3 5 30 3 0 2 8 0 2 8 0 2 8 8 9 2 12 16 2 1 2 8 0 2 8 0 2 3 16 30 2 16 19 11 0 2 3 0 2 8 1.46730703029641948e-05 22.6927812099456787
1 2 7 0 2 7 5 30 3 12 16 2 0 2 3 0 2 7 0 2 7 0 2 3 1 2 7 16 31 2 5 30 3 0 2 3 16 6 2 0 2 3 0 2 7 1 2 3 1 2 3 0 2 7 0 2 3 1 2 3 0 20.9838578701019287
12 16 2 1 2 4 5 30 3 0 2 7 1 2 11 0 2 4 1 2 7 0 2 11 0 2 10 1 2 11 17 9 2 0 2 10 8 18 2 0 2 7 0 2 7 17 9 2 1 2 7 0 2 10 0 2 7 5 30 3 0 21.0005908012390137
12 16 2 0 2 10 0 2 3 0 2 7 0 2 4 0 2 7 1 2 11 0 2 7 0 2 7 12 16 2 1 2 7 12 16 2 16 6 2 5 30 3 0 2 7 5 31 3 8 9 2 0 2 7 16 30 2 1 2 3 0 21.0074107646942139
12 16 2 5 30 3 0 2 7 0 2 3 16 19 12 0 2 8 0 2 3 0 2 8 1 2 8 0 2 3 5 31 3 0 2 7 5 30 3 16 19 12 0 2 3 0 2 3 0 2 8 0 2 3 1 2 3 0 2 7 0 22.6968340873718262

Current Evaluation = 1440(1440)
Front Size = 10
5 30 3 12 16 2 0 2 7 17 9 2 0 2 7 1 2 7 0 2 7 1 2 7 0 2 7 5 31 3 1 2 7 0 2 7 13 6 3 0 2 7 0 2 7 17 9 2 1 2 7 0 2 7 1 2 7 0 2 7 0 20.2646257877349854
1 2 7 0 2 4 0 2 4 1 2 7 0 2 7 0 2 7 5 31 3 0 2 7 17 18 2 6 2 7 5 30 3 1 2 7 0 2 7 12 16 2 1 2 7 13 6 3 12 16 2 0 2 7 17 18 2 0 2 7 0 20.3487167954444885
12 16 2 0 2 3 0 2 7 1 2 7 0 2 7 0 2 3 12 16 2 5 30 3 12 16 2 12 16 2 0 2 7 0 2 3 16 30 2 0 2 7 1 2 11 0 2 3 13 6 3 5 31 3 16 30 2 1 2 7 0 20.8703877925872803
8 9 2 0 2 7 0 2 4 1 2 7 1 2 11 0 2 11 0 2 11 5 30 3 0 2 7 5 30 3 17 18 2 1 2 7 0 2 3 0 2 7 1 2 11 1 2 7 0 2 4 1 2 7 17 9 2 0 2 7 0 20.8198409080505371
0 2 7 0 2 7 0 2 7 1 2 7 5 30 3 0 2 12 1 2 7 1 2 7 0 2 7 1 2 3 0 2 7 8 9 2 0 2 3 5 31 3 0 2 7 0 2 7 16 6 2 17 18 2 1 2 4 12 16 2 0 20.769278883934021
5 30 3 12 16 2 0 2 7 17 9 2 0 2 3 0 2 7 0 2 3 1 2 7 0 2 3 0 2 7 1 2 11 1 2 7 0 2 4 0 2 7 5 31 3 16 30 2 1 2 10 0 2 4 1 2 7 0 2 7 0 20.8012489080429077
12 16 2 0 2 7 0 2 7 1 2 3 0 2 7 0 2 7 1 2 3 16 6 2 5 30 3 12 16 2 5 31 3 0 2 4 0 2 11 12 16 2 0 2 7 1 2 7 0 2 4 0 2 7 16 31 2 1 2 7 0 20.9098848104476929
1 2 7 0 2 7 5 30 3 12 16 2 0 2 3 0 2 7 0 2 7 0 2 3 1 2 7 16 31 2 5 30 3 0 2 3 16 6 2 0 2 3 0 2 7 1 2 3 1 2 3 0 2 7 0 2 3 1 2 3 0 20.9838578701019287
12 16 2 1 2 4 5 30 3 0 2 7 1 2 11 0 2 4 1 2 7 0 2 11 0 2 10 1 2 11 17 9 2 0 2 10 8 18 2 0 2 7 0 2 7 17 9 2 1 2 7 0 2 10 0 2 7 5 30 3 0 21.0005908012390137
0 2 3 5 30 3 17 18 2 0 2 7 0 2 11 1 2 11 0 2 3 0 2 3 16 6 2 12 16 2 0 2 11 1 2 7 8 9 2 1 2 7 0 2 11 5 30 3 0 2 7 0 2 4 1 2 11 0 2 3 0 21.3245519399642944

Current Evaluation = 1620(1620)
Front Size = 10
5 30 3 12 16 2 0 2 7 0 2 7 0 2 7 0 2 7 1 2 7 5 31 3 1 2 7 13 6 3 0 2 7 1 2 7 0 2 7 17 18 2 0 2 7 0 2 7 1 2 7 17 9 2 0 2 7 1 2 7 0 20.2646257877349854
12 16 2 0 2 3 0 2 4 12 16 2 12 16 2 17 9 2 12 16 2 0 2 4 0 2 4 5 31 3 0 2 7 0 2 7 1 2 7 12 16 2 1 2 4 1 2 7 16 15 2 0 2 11 13 6 3 1 2 7 0 20.7942757606506348
17 9 2 0 2 4 0 2 7 1 2 7 1 2 11 0 2 4 0 2 7 0 2 7 5 30 3 1 2 7 0 2 7 1 2 7 1 2 11 1 2 7 0 2 3 5 30 3 8 9 2 0 2 11 17 9 2 0 2 11 0 20.8198409080505371
1 2 7 0 2 7 5 30 3 12 16 2 0 2 3 0 2 7 0 2 7 0 2 3 1 2 7 16 31 2 5 30 3 0 2 3 16 6 2 0 2 3 0 2 7 1 2 3 1 2 3 0 2 7 0 2 3 1 2 3 0 20.9838578701019287
0 2 7 0 2 7 0 2 7 0 2 7 5 31 3 1 2 7 6 2 7 0 2 7 1 2 7 0 2 7 5 31 3 12 16 2 0 2 7 1 2 4 1 2 4 0 2 7 0 2 7 16 6 2 17 18 2 0 2 7 0 20.4595978856086731
12 16 2 0 2 3 0 2 7 1 2 7 0 2 7 0 2 3 12 16 2 5 30 3 12 16 2 12 16 2 0 2 7 0 2 3 16 30 2 0 2 7 1 2 11 0 2 3 13 6 3 5 31 3 16 30 2 1 2 7 0 20.8703877925872803
5 30 3 12 16 2 0 2 7 0 2 7 0 2 7 0 2 7 1 2 7 5 31 3 1 2 7 13 6 3 0 2 3 0 2 7 16 30 2 1 2 7 12 16 2 12 16 2 0 2 7 17 18 2 0 2 4 6 2 11 0 20.5474988222122192
0 2 7 17 9 2 0 2 7 0 2 7 5 31 3 0 2 11 0 2 7 1 2 3 6 2 7 0 2 7 12 16 2 16 30 2 1 2 4 0 2 7 12 16 2 12 16 2 0 2 7 1 2 7 5 30 3 13 6 3 0 20.547498881816864
17 9 2 0 2 4 0 2 7 1 2 7 1 2 11 0 2 4 0 2 7 0 2 7 5 30 3 1 2 7 0 2 7 1 2 7 1 2 11 1 2 7 5 31 3 0 2 10 0 2 4 0 2 7 17 18 2 0 2 7 0 20.6016668081283569
5 30 3 0 2 7 0 2 3 0 2 7 0 2 3 1 2 7 0 2 7 1 2 11 1 2 7 0 2 7 5 31 3 16 30 2 1 2 7 0 2 7 1 2 3 0 2 7 0 2 7 17 18 2 0 2 7 1 2 3 0 20.6688989400863647

Current Evaluation = 1800(1800)
Front Size = 10
17 9 2 0 2 7 1 2 7 0 2 7 0 2 7 5 30 3 1 2 7 0 2 7 1 2 7 1 2 7 1 2 7 5 31 3 0 2 7 0 2 7 0 2 7 0 2 7 13 6 3 0 2 7 12 16 2 17 9 2 0 20.2646257877349854
0 2 7 1 2 7 1 2 7 0 2 4 12 16 2 12 16 2 0 2 3 5 30 3 5 30 3 0 2 4 13 6 3 17 9 2 12 16 2 0 2 7 0 2 7 0 2 7 1 2 7 1 2 7 16 31 2 0 2 7 0 20.4516056776046753
1 2 7 1 2 4 1 2 7 5 31 3 0 2 7 0 2 7 5 30 3 0 2 7 0 2 4 0 2 7 0 2 7 0 2 7 12 16 2 6 2 7 17 18 2 0 2 7 12 16 2 1 2 7 13 6 3 17 9 2 0 20.3487167954444885
12 16 2 0 2 3 0 2 4 12 16 2 12 16 2 17 9 2 12 16 2 0 2 4 0 2 4 5 31 3 0 2 7 0 2 7 1 2 7 12 16 2 1 2 4 1 2 7 16 15 2 0 2 11 13 6 3 1 2 7 0 20.7942757606506348
1 2 7 0 2 7 5 30 3 12 16 2 0 2 3 0 2 7 0 2 7 0 2 3 1 2 7 16 31 2 5 30 3 0 2 3 16 6 2 0 2 3 0 2 7 1 2 3 1 2 3 0 2 7 0 2 3 1 2 3 0 20.9838578701019287
0 2 7 1 2 7 0 2 7 12 16 2 0 2 7 0 2 7 0 2 7 0 2 7 0 2 7 0 2 7 1 2 3 12 16 2 5 30 3 16 6 2 5 31 3 17 9 2 12 16 2 6 2 4 1 2 11 16 31 2 0.0730218713475358078 20.7036246657371521
0 2 7 0 2 7 0 2 7 0 2 7 5 31 3 1 2 7 6 2 7 0 2 7 1 2 7 0 2 7 5 31 3 12 16 2 0 2 7 1 2 4 1 2 4 0 2 7 0 2 7 16 6 2 17 18 2 0 2 7 0 20.4595978856086731
17 9 2 0 2 7 1 2 7 0 2 7 0 2 7 5 30 3 1 2 7 0 2 4 1 2 7 1 2 7 1 2 7 5 31 3 0 2 7 0 2 7 0 2 4 17 18 2 1 2 10 0 2 10 0 2 3 0 2 7 0 20.5764669179916382
17 9 2 0 2 4 0 2 7 1 2 7 1 2 11 0 2 4 0 2 7 0 2 7 5 30 3 1 2 7 0 2 7 1 2 7 1 2 11 1 2 7 0 2 3 5 30 3 8 9 2 0 2 11 17 9 2 0 2 11 0 20.8198409080505371
17 9 2 0 2 7 1 2 7 0 2 7 0 2 7 5 30 3 1 2 7 0 2 7 1 2 7 1 2 7 17 9 2 0 2 7 1 2 11 0 2 4 1 2 11 12 16 2 5 30 3 0 2 7 13 6 3 0 2 11 9.29194131446938127e-05 20.3725947141647339

Current Evaluation = 1980(1980)
Front Size = 10
0 2 7 1 2 7 12 16 2 17 9 2 5 30 3 1 2 7 0 2 7 0 2 7 0 2 7 0 2 7 1 2 7 17 9 2 0 2 7 1 2 7 0 2 7 13 6 3 0 2 7 5 31 3 0 2 7 1 2 7 0 20.2646257877349854
12 16 2 0 2 4 12 16 2 17 9 2 13 6 3 0 2 7 1 2 7 0 2 7 0 2 7 12 16 2 0 2 7 1 2 11 12 16 2 1 2 3 0 2 4 0 2 4 1 2 11 16 15 2 17 18 2 12 16 2 0.154075128943180484 20.5204005241394043
17 9 2 0 2 7 5 30 3 5 31 3 0 2 7 17 9 2 0 2 4 1 2 11 1 2 7 1 2 11 0 2 4 6 2 7 0 2 7 0 2 7 1 2 11 0 2 3 0 2 7 1 2 11 0 2 4 0 2 7 0 20.8231597542762756
12 16 2 0 2 4 12 16 2 17 9 2 5 30 3 13 6 3 0 2 7 1 2 7 0 2 7 0 2 7 1 2 7 12 16 2 0 2 7 13 6 3 1 2 11 1 2 11 0 2 7 12 16 2 17 18 2 0 2 7 0 20.3046585321426392
0 2 7 0 2 7 0 2 7 0 2 7 5 31 3 1 2 7 6 2 7 0 2 7 1 2 7 0 2 7 5 31 3 12 16 2 0 2 7 1 2 4 1 2 4 0 2 7 0 2 7 16 6 2 17 18 2 0 2 7 0 20.4595978856086731
1 2 7 0 2 7 0 2 4 1 2 4 0 2 7 1 2 7 0 2 11 17 18 2 0 2 7 0 2 4 5 31 3 0 2 11 0 2 7 5 30 3 0 2 7 1 2 7 0 2 7 1 2 7 17 18 2 1 2 10 0 20.601667046546936
12 16 2 0 2 7 1 2 7 17 9 2 16 6 2 0 2 7 8 9 2 0 2 7 1 2 3 12 16 2 1 2 4 0 2 7 12 16 2 5 30 3 0 2 11 13 6 3 0 2 7 0 2 7 5 30 3 0 2 7 0 20.6301087141036987
0 2 4 0 2 3 16 9 11 0 2 7 0 2 7 1 2 7 0 2 7 0 2 7 5 31 3 12 16 2 0 2 7 12 16 2 5 31 3 1 2 11 1 2 7 0 2 7 12 16 2 16 30 2 1 2 7 0 2 7 0 21.101101815700531
12 16 2 0 2 7 12 16 2 17 9 2 5 30 3 13 6 3 0 2 7 1 2 7 0 2 7 0 2 7 1 2 7 12 16 2 0 2 7 0 2 4 0 2 4 16 31 2 1 2 7 5 30 3 0 2 3 1 2 7 0 20.4516056776046753
0 2 10 0 2 7 1 2 7 0 2 7 0 2 7 1 2 7 0 2 7 0 2 7 5 31 3 12 16 2 1 2 4 17 9 2 0 2 7 0 2 7 12 16 2 16 6 2 8 9 2 0 2 7 1 2 7 5 30 3 0 20.7286287546157837

Current Evaluation = 2160(2160)
Front Size = 10
0 2 7 0 2 7 0 2 7 1 2 7 0 2 7 0 2 7 0 2 7 0 2 7 0 2 7 5 30 3 1 2 7 12 16 2 13 6 3 1 2 7 5 31 3 1 2 7 17 9 2 0 2 7 17 18 2 1 2 7 0 20.2646257877349854
12 16 2 0 2 4 12 16 2 17 9 2 5 30 3 13 6 3 0 2 7 1 2 7 0 2 7 0 2 7 1 2 7 12 16 2 0 2 7 13 6 3 1 2 11 1 2 11 0 2 7 12 16 2 17 18 2 0 2 7 0 20.3046585321426392
17 9 2 0 2 7 5 30 3 5 31 3 0 2 7 17 9 2 0 2 4 1 2 11 1 2 7 1 2 11 0 2 4 6 2 7 0 2 7 0 2 7 1 2 11 0 2 3 0 2 7 1 2 11 0 2 4 0 2 7 0 20.8231597542762756
1 2 7 0 2 7 0 2 4 1 2 4 0 2 7 1 2 7 0 2 11 17 18 2 0 2 7 0 2 4 5 31 3 0 2 11 0 2 7 5 30 3 0 2 7 1 2 7 0 2 7 1 2 7 17 18 2 1 2 10 0 20.601667046546936
12 16 2 0 2 7 12 16 2 17 9 2 5 30 3 13 6 3 0 2 7 1 2 7 0 2 7 0 2 7 1 2 7 12 16 2 0 2 7 0 2 4 0 2 4 16 31 2 1 2 7 5 30 3 0 2 3 1 2 7 0 20.4516056776046753
0 2 7 0 2 7 1 2 7 1 2 7 0 2 7 0 2 7 12 16 2 0 2 7 5 30 3 13 6 3 5 31 3 0 2 7 0 2 4 0 2 7 1 2 4 17 9 2 6 2 7 1 2 7 12 16 2 17 9 2 0 20.3487167954444885
0 2 7 0 2 7 0 2 4 1 2 7 0 2 7 0 2 7 0 2 7 12 16 2 0 2 3 0 2 7 16 30 2 5 30 3 1 2 7 17 18 2 12 16 2 13 6 3 12 16 2 1 2 7 5 31 3 1 2 4 0 20.4516057968139648
0 2 7 0 2 7 0 2 7 0 2 7 5 31 3 1 2 7 6 2 7 0 2 7 1 2 7 0 2 7 5 31 3 12 16 2 0 2 7 1 2 4 1 2 4 0 2 7 0 2 7 16 6 2 17 18 2 0 2 7 0 20.4595978856086731
12 16 2 0 2 7 1 2 7 17 9 2 16 6 2 0 2 7 8 9 2 0 2 7 1 2 3 12 16 2 1 2 4 0 2 7 12 16 2 5 30 3 0 2 11 13 6 3 0 2 7 0 2 7 5 30 3 0 2 7 0 20.6301087141036987
0 2 7 0 2 7 0 2 4 1 2 7 0 2 7 0 2 7 0 2 7 0 2 3 0 2 7 5 30 3 1 2 7 17 18 2 1 2 7 5 31 3 12 16 2 0 2 3 12 16 2 1 2 7 17 18 2 1 2 7 2.84475466080385261e-05 20.9546147584915161

Current Evaluation = 2340(2340)
Front Size = 10
0 2 7 0 2 7 0 2 7 0 2 7 1 2 7 0 2 7 1 2 7 0 2 7 17 18 2 0 2 7 5 31 3 5 30 3 0 2 7 0 2 7 17 9 2 12 16 2 1 2 7 13 6 3 1 2 7 1 2 7 0 20.2646257877349854
12 16 2 0 2 7 1 2 7 17 9 2 16 6 2 0 2 7 8 9 2 0 2 7 1 2 3 12 16 2 1 2 4 0 2 7 12 16 2 5 30 3 0 2 11 13 6 3 0 2 7 0 2 7 5 30 3 0 2 7 0 20.6301087141036987
12 16 2 0 2 7 12 16 2 17 9 2 5 30 3 13 6 3 0 2 7 1 2 7 0 2 7 0 2 7 1 2 7 12 16 2 0 2 7 0 2 4 0 2 4 16 31 2 1 2 7 5 30 3 0 2 3 1 2 7 0 20.4516056776046753
1 2 4 0 2 7 0 2 7 1 2 7 0 2 4 17 18 2 1 2 7 6 2 7 5 30 3 0 2 7 1 2 7 12 16 2 12 16 2 0 2 7 5 31 3 0 2 7 13 6 3 0 2 7 17 18 2 0 2 7 0 20.3487167954444885
17 9 2 0 2 7 5 30 3 5 31 3 0 2 7 17 9 2 0 2 4 1 2 11 1 2 7 1 2 11 0 2 4 6 2 7 0 2 7 0 2 7 1 2 11 0 2 3 0 2 7 1 2 11 0 2 4 0 2 7 0 20.8231597542762756
0 2 7 0 2 7 0 2 7 0 2 7 5 31 3 1 2 7 6 2 7 0 2 7 1 2 7 0 2 7 5 31 3 12 16 2 0 2 7 1 2 4 1 2 4 0 2 7 0 2 7 16 6 2 17 18 2 0 2 7 0 20.4595978856086731
1 2 10 1 2 7 0 2 4 1 2 7 0 2 7 1 2 7 0 2 11 17 18 2 0 2 7 0 2 4 5 31 3 0 2 7 0 2 7 5 30 3 0 2 7 1 2 11 0 2 4 1 2 7 17 18 2 0 2 7 0 20.6016669273376465
12 16 2 1 2 7 1 2 3 17 9 2 0 2 7 0 2 7 0 2 4 5 31 3 13 6 3 0 2 7 0 2 7 1 2 7 16 6 2 0 2 3 6 2 4 0 2 7 12 16 2 12 16 2 0 2 7 5 30 3 0 20.5632757544517517
0 2 7 1 2 7 0 2 7 0 2 10 0 2 10 5 31 3 1 2 3 0 2 7 5 30 3 0 2 7 0 2 7 17 18 2 17 9 2 0 2 7 0 2 7 0 2 7 1 2 4 1 2 7 1 2 4 1 2 7 0 20.5764669179916382
17 9 2 0 2 7 5 30 3 5 31 3 0 2 7 0 2 4 1 2 7 0 2 7 0 2 7 0 2 3 0 2 7 0 2 7 1 2 3 1 2 11 12 16 2 6 2 4 6 2 7 1 2 11 1 2 11 13 6 3 0.00247498310635495917 20.6374608278274536

Current Evaluation = 2520(2520)
Front Size = 10
17 9 2 5 30 3 1 2 7 0 2 7 0 2 7 5 31 3 0 2 7 1 2 7 0 2 7 1 2 7 0 2 7 0 2 7 0 2 7 0 2 7 1 2 7 13 6 3 12 16 2 17 18 2 0 2 7 1 2 7 0 20.2646257877349854
1 2 7 0 2 7 13 6 3 1 2 7 1 2 7 17 18 2 1 2 7 5 30 3 0 2 7 0 2 4 5 31 3 0 2 7 0 2 7 12 16 2 0 2 4 0 2 7 0 2 7 6 2 7 12 16 2 17 18 2 0 20.3487167954444885
17 9 2 5 30 3 6 2 7 0 2 7 0 2 7 0 2 7 0 2 7 1 2 7 0 2 7 0 2 7 0 2 7 12 16 2 13 6 3 12 16 2 5 31 3 1 2 7 1 2 4 17 18 2 0 2 7 1 2 4 0 20.3487167954444885
17 9 2 0 2 7 5 30 3 5 31 3 0 2 7 17 9 2 0 2 4 1 2 11 1 2 7 1 2 11 0 2 4 6 2 7 0 2 7 0 2 7 1 2 11 0 2 3 0 2 7 1 2 11 0 2 4 0 2 7 0 20.8231597542762756
12 16 2 0 2 3 17 9 2 5 30 3 13 6 3 0 2 7 1 2 7 0 2 7 0 2 7 1 2 7 0 2 7 1 2 7 1 2 7 12 16 2 12 16 2 0 2 4 0 2 7 16 31 2 5 30 3 0 2 4 0 20.4516056776046753
1 2 3 17 9 2 5 30 3 1 2 7 0 2 11 0 2 7 0 2 7 0 2 3 0 2 7 0 2 7 5 31 3 0 2 7 1 2 7 1 2 7 0 2 7 1 2 3 1 2 7 0 2 3 0 2 7 16 30 2 0 20.6688990592956543
0 2 7 1 2 7 5 31 3 0 2 7 1 2 7 0 2 7 0 2 7 0 2 7 0 2 4 12 16 2 6 2 7 0 2 7 1 2 7 0 2 7 1 2 7 0 2 4 17 9 2 16 6 2 5 31 3 0 2 7 0 20.4595978856086731
1 2 7 0 2 7 0 2 7 5 31 3 0 2 7 1 2 4 0 2 7 0 2 7 0 2 7 0 2 7 12 16 2 16 6 2 1 2 7 5 31 3 0 2 7 6 2 7 0 2 7 17 18 2 1 2 4 0 2 7 0 20.4595978856086731
0 2 7 1 2 7 0 2 7 17 9 2 1 2 7 0 2 7 5 31 3 0 2 7 0 2 7 5 31 3 1 2 7 1 2 4 0 2 7 0 2 7 12 16 2 1 2 7 0 2 7 0 2 7 0 2 7 16 30 2 0 20.4679279327392578
1 2 10 1 2 7 0 2 4 1 2 7 0 2 7 1 2 7 0 2 11 17 18 2 0 2 7 0 2 4 5 31 3 0 2 7 0 2 7 5 30 3 0 2 7 1 2 11 0 2 4 1 2 7 17 18 2 0 2 7 0 20.6016669273376465

Current Evaluation = 2700(2700)
Front Size = 10
17 9 2 5 30 3 0 2 7 0 2 7 0 2 7 0 2 7 1 2 7 0 2 7 0 2 7 0 2 7 12 16 2 13 6 3 5 31 3 1 2 7 17 18 2 0 2 7 1 2 7 1 2 7 1 2 7 0 2 7 0 20.2646257877349854
17 9 2 0 2 7 5 30 3 5 31 3 0 2 7 17 9 2 0 2 4 1 2 11 1 2 7 1 2 11 0 2 4 6 2 7 0 2 7 0 2 7 1 2 11 0 2 3 0 2 7 1 2 11 0 2 4 0 2 7 0 20.8231597542762756
12 16 2 17 9 2 5 31 3 13 6 3 0 2 7 0 2 4 0 2 7 0 2 7 1 2 7 1 2 7 1 2 7 0 2 7 0 2 7 0 2 3 16 30 2 5 30 3 0 2 7 12 16 2 12 16 2 1 2 4 0 20.4516057968139648
0 2 7 1 2 7 5 31 3 0 2 7 1 2 7 1 2 7 0 2 7 0 2 7 0 2 7 0 2 7 12 16 2 0 2 7 0 2 4 17 9 2 0 2 4 1 2 7 0 2 7 6 2 7 16 6 2 5 31 3 0 20.4595978856086731
17 9 2 0 2 7 0 2 7 0 2 7 1 2 7 0 2 7 0 2 7 1 2 7 5 30 3 1 2 7 0 2 4 1 2 3 5 31 3 0 2 7 17 9 2 1 2 4 0 2 7 0 2 7 1 2 7 0 2 3 0 20.5684669017791748
5 30 3 0 2 7 1 2 7 1 2 7 0 2 7 0 2 3 0 2 3 0 2 7 0 2 7 0 2 7 0 2 7 1 2 7 12 16 2 1 2 4 5 31 3 16 9 11 1 2 4 17 18 2 0 2 7 0 2 3 0 20.9542428851127625
0 2 7 1 2 7 0 2 7 17 9 2 1 2 7 0 2 7 0 2 7 0 2 7 1 2 7 12 16 2 16 31 2 5 30 3 1 2 4 0 2 7 0 2 7 0 2 4 0 2 7 5 30 3 0 2 7 0 2 11 0.00122987349072659112 20.5178008079528809
17 9 2 5 30 3 6 2 7 0 2 7 0 2 7 0 2 7 0 2 7 1 2 7 0 2 7 0 2 7 0 2 7 12 16 2 13 6 3 12 16 2 5 31 3 1 2 7 1 2 4 17 18 2 0 2 7 1 2 4 0 20.3487167954444885
17 9 2 0 2 7 0 2 7 0 2 7 1 2 7 0 2 7 1 2 7 0 2 4 0 2 7 1 2 7 12 16 2 5 30 3 6 2 7 0 2 4 12 16 2 13 6 3 0 2 7 5 31 3 17 18 2 1 2 7 0 20.3487167954444885
0 2 7 1 2 7 0 2 7 17 9 2 1 2 7 0 2 7 5 31 3 0 2 7 0 2 7 5 31 3 1 2 7 1 2 4 0 2 7 0 2 7 12 16 2 1 2 7 0 2 7 0 2 7 0 2 7 16 30 2 0 20.4679279327392578

Current Evaluation = 2880(2880)
Front Size = 10
1 2 7 0 2 7 0 2 7 1 2 7 0 2 7 0 2 7 0 2 7 0 2 7 5 30 3 0 2 7 12 16 2 13 6 3 5 31 3 17 18 2 1 2 7 17 9 2 1 2 7 0 2 7 0 2 7 1 2 7 0 20.2646257877349854
17 9 2 0 2 7 5 30 3 5 31 3 0 2 7 17 9 2 0 2 4 1 2 11 1 2 7 1 2 11 0 2 4 6 2 7 0 2 7 0 2 7 1 2 11 0 2 3 0 2 7 1 2 11 0 2 4 0 2 7 0 20.8231597542762756
1 2 7 0 2 7 0 2 7 0 2 7 0 2 7 0 2 7 0 2 7 1 2 4 5 31 3 0 2 4 5 30 3 1 2 7 1 2 7 12 16 2 13 6 3 12 16 2 0 2 7 6 2 7 17 18 2 17 18 2 0 20.3487167954444885
17 9 2 0 2 7 0 2 7 0 2 7 0 2 7 1 2 7 0 2 7 12 16 2 5 30 3 13 6 3 0 2 7 5 31 3 0 2 7 1 2 7 1 2 7 0 2 7 1 2 4 12 16 2 17 9 2 6 2 4 0 20.3487167954444885
1 2 7 0 2 7 0 2 7 0 2 7 0 2 7 0 2 7 0 2 7 1 2 4 5 31 3 0 2 7 5 30 3 6 2 7 1 2 4 1 2 7 13 6 3 12 16 2 0 2 7 12 16 2 17 9 2 17 18 2 0 20.3487167954444885
17 9 2 0 2 7 0 2 7 0 2 7 1 2 7 0 2 7 1 2 7 0 2 7 12 16 2 5 30 3 6 2 7 12 16 2 13 6 3 0 2 7 5 31 3 17 18 2 0 2 4 1 2 7 0 2 4 1 2 7 0 20.3487167954444885
12 16 2 17 9 2 5 31 3 13 6 3 0 2 7 0 2 4 0 2 7 0 2 7 1 2 7 1 2 7 1 2 7 0 2 7 0 2 7 0 2 3 16 30 2 5 30 3 0 2 7 12 16 2 12 16 2 1 2 4 0 20.4516057968139648
12 16 2 17 9 2 5 31 3 0 2 7 1 2 7 0 2 4 1 2 7 1 2 7 5 30 3 0 2 7 0 2 7 16 30 2 0 2 7 0 2 7 13 6 3 0 2 4 0 2 3 1 2 7 12 16 2 12 16 2 0 20.4516057968139648
0 2 7 1 2 7 0 2 7 17 9 2 0 2 4 0 2 7 5 31 3 0 2 7 0 2 7 5 31 3 6 2 7 1 2 7 0 2 7 0 2 7 12 16 2 1 2 4 1 2 7 0 2 7 0 2 7 16 6 2 0 20.4595978856086731
0 2 7 1 2 7 0 2 7 17 9 2 1 2 7 0 2 7 5 31 3 0 2 7 0 2 7 5 31 3 1 2 7 1 2 4 0 2 7 0 2 7 12 16 2 1 2 7 0 2 7 0 2 7 0 2 7 16 30 2 0 20.4679279327392578

Current Evaluation = 3060(3060)
Front Size = 10
0 2 7 0 2 7 1 2 7 0 2 7 0 2 7 0 2 7 0 2 7 5 31 3 0 2 7 5 30 3 1 2 7 13 6 3 1 2 7 17 9 2 17 18 2 0 2 7 12 16 2 1 2 7 1 2 7 0 2 7 0 20.2646257877349854
17 9 2 0 2 7 5 30 3 5 31 3 0 2 7 17 9 2 0 2 4 1 2 11 1 2 7 1 2 11 0 2 4 6 2 7 0 2 7 0 2 7 1 2 11 0 2 3 0 2 7 1 2 11 0 2 4 0 2 7 0 20.8231597542762756
5 31 3 5 30 3 0 2 7 0 2 7 1 2 7 1 2 7 17 9 2 12 16 2 1 2 7 1 2 7 0 2 7 0 2 7 0 2 7 0 2 7 13 6 3 0 2 4 17 9 2 0 2 4 6 2 7 12 16 2 0 20.3487167954444885
8 9 2 0 2 7 5 30 3 5 30 3 0 2 7 1 2 7 0 2 7 0 2 7 8 9 2 0 2 4 17 9 2 12 16 2 1 2 7 1 2 7 0 2 7 12 16 2 16 15 2 0 2 7 0 2 7 0 2 7 0 20.8408946990966797
1 2 7 0 2 7 0 2 7 0 2 7 0 2 7 0 2 7 0 2 7 5 31 3 0 2 7 5 30 3 1 2 7 13 6 3 12 16 2 12 16 2 17 9 2 17 18 2 1 2 4 0 2 7 6 2 7 1 2 4 0 20.3487167954444885
0 2 7 1 2 7 0 2 7 17 9 2 0 2 7 5 31 3 0 2 7 0 2 7 6 2 7 1 2 7 0 2 7 0 2 7 12 16 2 1 2 4 0 2 7 0 2 4 5 31 3 1 2 7 0 2 7 16 6 2 0 20.4595978856086731
5 31 3 5 30 3 0 2 7 0 2 7 1 2 7 1 2 7 17 9 2 12 16 2 1 2 7 0 2 7 0 2 7 0 2 7 0 2 7 13 6 3 0 2 4 12 16 2 16 30 2 0 2 3 12 16 2 1 2 4 0 20.4516057968139648
1 2 7 0 2 7 1 2 7 0 2 7 0 2 7 12 16 2 0 2 4 0 2 4 1 2 7 0 2 7 0 2 7 0 2 7 17 9 2 5 30 3 5 31 3 0 2 3 1 2 7 0 2 7 1 2 7 16 31 2 0 20.5479278564453125
1 2 7 0 2 7 0 2 7 0 2 7 0 2 7 0 2 7 0 2 7 5 31 3 0 2 7 5 30 3 1 2 7 12 16 2 17 9 2 1 2 7 1 2 7 0 2 3 0 2 7 12 16 2 6 2 4 17 9 2 0.000119629621686904243 20.8309077620506287
1 2 7 0 2 7 0 2 7 0 2 7 0 2 7 1 2 7 0 2 7 5 31 3 0 2 7 5 30 3 12 16 2 0 2 7 1 2 7 0 2 4 6 2 7 13 6 3 0 2 4 17 18 2 0 2 3 1 2 4 0.00340295103953267529 20.3834719061851501

Current Evaluation = 3240(3240)
Front Size = 10
17 9 2 1 2 7 5 30 3 5 31 3 0 2 7 1 2 7 0 2 7 0 2 7 0 2 7 0 2 7 0 2 7 1 2 7 13 6 3 1 2 7 0 2 7 1 2 7 12 16 2 0 2 7 0 2 7 17 18 2 0 20.2646257877349854
17 9 2 1 2 7 5 30 3 5 31 3 0 2 7 1 2 7 0 2 7 0 2 7 0 2 7 0 2 7 12 16 2 0 2 7 13 6 3 1 2 7 0 2 7 1 2 7 0 2 7 0 2 7 17 9 2 1 2 7 0 20.2646257877349854
17 9 2 5 30 3 5 31 3 1 2 7 0 2 7 0 2 4 0 2 7 0 2 7 12 16 2 1 2 7 13 6 3 0 2 7 12 16 2 0 2 7 1 2 4 6 2 7 0 2 7 17 18 2 0 2 7 1 2 7 0 20.3487167954444885
17 9 2 1 2 7 5 31 3 5 30 3 0 2 7 0 2 4 0 2 7 0 2 7 0 2 7 6 2 4 0 2 7 12 16 2 1 2 7 1 2 7 13 6 3 12 16 2 0 2 7 0 2 7 1 2 7 17 9 2 0 20.3487167954444885
1 2 7 0 2 7 0 2 7 0 2 7 0 2 7 0 2 7 0 2 7 5 31 3 0 2 7 5 30 3 1 2 7 13 6 3 12 16 2 12 16 2 17 9 2 17 18 2 1 2 4 6 2 4 0 2 7 1 2 7 0 20.3487167954444885
17 9 2 0 2 7 5 30 3 5 31 3 0 2 7 17 9 2 0 2 4 1 2 7 0 2 4 6 2 7 0 2 7 0 2 7 0 2 7 0 2 7 1 2 11 1 2 11 1 2 11 0 2 3 1 2 11 0 2 4 0 20.8231597542762756
0 2 7 0 2 7 6 2 7 0 2 7 0 2 7 0 2 7 0 2 7 5 31 3 1 2 7 1 2 7 17 9 2 12 16 2 1 2 7 1 2 4 0 2 7 0 2 4 0 2 7 5 31 3 16 6 2 0 2 7 0 20.4595978856086731
17 9 2 1 2 7 5 31 3 5 30 3 0 2 7 0 2 4 0 2 7 0 2 4 0 2 7 0 2 7 6 2 7 0 2 7 12 16 2 1 2 7 1 2 7 13 6 3 12 16 2 1 2 7 0 2 7 17 9 2 0 20.3487167954444885
17 9 2 1 2 10 5 30 3 5 31 3 0 2 7 0 2 3 0 2 7 0 2 7 1 2 7 0 2 7 1 2 4 1 2 10 12 16 2 0 2 7 0 2 7 0 2 7 0 2 4 1 2 7 0 2 7 17 18 2 0 20.7948168516159058
1 2 7 0 2 7 0 2 7 0 2 7 0 2 7 0 2 7 0 2 7 5 31 3 0 2 7 5 30 3 1 2 7 13 6 3 12 16 2 12 16 2 17 9 2 17 18 2 1 2 4 0 2 7 6 2 7 1 2 4 0 20.3487167954444885

Current Evaluation = 3420(3420)
Front Size = 10
1 2 7 0 2 7 0 2 7 0 2 7 1 2 7 0 2 7 0 2 7 5 31 3 5 30 3 1 2 7 13 6 3 12 16 2 0 2 7 1 2 7 1 2 7 17 18 2 0 2 7 0 2 7 0 2 7 17 18 2 0 20.2646257877349854
1 2 7 0 2 7 0 2 7 0 2 7 1 2 7 0 2 7 0 2 7 5 31 3 5 30 3 1 2 7 13 6 3 12 16 2 0 2 7 1 2 7 1 2 7 17 18 2 0 2 7 0 2 7 0 2 7 17 9 2 0 20.2646257877349854
17 9 2 6 2 7 5 31 3 5 30 3 1 2 7 0 2 7 0 2 7 0 2 7 0 2 4 13 6 3 0 2 7 1 2 7 12 16 2 1 2 7 0 2 7 12 16 2 1 2 7 0 2 7 0 2 4 17 9 2 0 20.3487167954444885
0 2 7 0 2 7 6 2 7 0 2 7 0 2 7 0 2 7 0 2 7 5 31 3 1 2 7 1 2 7 17 9 2 12 16 2 1 2 7 1 2 4 0 2 7 0 2 4 0 2 7 5 31 3 16 6 2 0 2 7 0 20.4595978856086731
17 9 2 1 2 7 5 30 3 5 31 3 0 2 7 1 2 7 0 2 7 0 2 7 0 2 7 13 6 3 0 2 7 0 2 7 12 16 2 1 2 7 0 2 7 1 2 7 17 9 2 0 2 7 0 2 7 1 2 7 0 20.2646257877349854
17 9 2 1 2 7 5 30 3 5 31 3 0 2 7 1 2 7 0 2 7 0 2 7 0 2 7 0 2 7 13 6 3 0 2 7 12 16 2 6 2 7 12 16 2 1 2 4 0 2 7 17 18 2 0 2 7 1 2 4 0 20.3487167954444885
17 9 2 0 2 7 5 30 3 5 31 3 0 2 7 17 9 2 0 2 4 1 2 7 0 2 4 6 2 7 0 2 7 0 2 7 0 2 7 0 2 7 1 2 11 1 2 11 1 2 11 0 2 3 1 2 11 0 2 4 0 20.8231597542762756
1 2 7 5 30 3 5 31 3 0 2 7 1 2 7 0 2 7 0 2 7 0 2 7 13 6 3 0 2 7 0 2 7 12 16 2 1 2 7 17 18 2 0 2 4 12 16 2 0 2 7 17 9 2 17 18 2 6 2 4 0.0638837653823208507 20.3167157769203186
1 2 7 5 30 3 5 31 3 0 2 7 1 2 7 0 2 7 0 2 7 0 2 7 13 6 3 0 2 7 0 2 7 12 16 2 1 2 7 17 18 2 0 2 4 12 16 2 0 2 7 1 2 4 1 2 7 6 2 7 0.000645892803650789053 20.3807178139686584
17 18 2 0 2 7 5 31 3 5 30 3 1 2 7 6 2 7 1 2 7 0 2 7 13 6 3 17 18 2 0 2 4 0 2 7 12 16 2 0 2 7 0 2 7 12 16 2 0 2 4 0 2 7 1 2 7 1 2 7 0 20.3487167954444885

Current Evaluation = 3600(3600)
Front Size = 10
1 2 7 5 30 3 5 31 3 0 2 7 0 2 7 0 2 7 0 2 7 13 6 3 0 2 7 0 2 7 12 16 2 1 2 7 1 2 7 0 2 7 17 9 2 0 2 7 1 2 7 1 2 7 0 2 7 17 18 2 0 20.2646257877349854
1 2 7 5 30 3 5 31 3 0 2 7 1 2 7 0 2 7 13 6 3 0 2 7 0 2 7 12 16 2 0 2 7 0 2 7 17 9 2 0 2 7 17 9 2 1 2 7 0 2 7 1 2 7 0 2 7 1 2 7 0 20.2646257877349854
1 2 7 5 30 3 5 31 3 0 2 7 1 2 7 1 2 7 0 2 7 13 6 3 0 2 7 0 2 7 0 2 7 1 2 7 17 18 2 0 2 7 0 2 7 1 2 7 0 2 7 17 18 2 12 16 2 0 2 7 0 20.2646257877349854
17 9 2 5 31 3 5 30 3 1 2 7 0 2 7 0 2 7 0 2 7 13 6 3 12 16 2 0 2 7 1 2 7 0 2 7 6 2 7 0 2 7 12 16 2 0 2 4 1 2 7 1 2 7 17 18 2 0 2 4 0 20.3487167954444885
0 2 7 0 2 7 6 2 7 0 2 7 0 2 7 0 2 7 0 2 7 5 31 3 1 2 7 1 2 7 17 9 2 12 16 2 1 2 7 1 2 4 0 2 7 0 2 4 0 2 7 5 31 3 16 6 2 0 2 7 0 20.4595978856086731
17 9 2 0 2 7 5 30 3 5 31 3 0 2 7 17 9 2 0 2 4 1 2 7 0 2 4 6 2 7 0 2 7 0 2 7 0 2 7 0 2 7 1 2 11 1 2 11 1 2 11 0 2 3 1 2 11 0 2 4 0 20.8231597542762756
1 2 7 5 30 3 5 31 3 0 2 7 1 2 7 0 2 7 0 2 7 13 6 3 1 2 4 0 2 7 12 16 2 1 2 7 0 2 7 0 2 7 0 2 7 6 2 4 0 2 7 17 18 2 12 16 2 17 9 2 0 20.3487167954444885
1 2 7 5 30 3 5 31 3 0 2 7 1 2 7 0 2 4 0 2 7 13 6 3 0 2 7 0 2 7 12 16 2 0 2 7 0 2 7 17 9 2 0 2 7 17 9 2 1 2 4 1 2 7 12 16 2 6 2 7 0 20.3487167954444885
1 2 7 5 30 3 5 31 3 0 2 4 0 2 7 0 2 7 0 2 7 13 6 3 0 2 7 0 2 7 12 16 2 1 2 7 1 2 7 0 2 7 17 9 2 0 2 7 17 18 2 12 16 2 1 2 7 6 2 4 0 20.3487167954444885
1 2 7 5 30 3 5 31 3 0 2 7 1 2 7 0 2 7 13 6 3 0 2 7 0 2 7 0 2 7 0 2 7 0 2 7 0 2 7 12 16 2 1 2 4 1 2 7 6 2 7 1 2 7 1 2 4 17 9 2 0.00175174459342448204 20.1623678803443909

MonoObjective Genetic Algorithm
Number of Evaluations = 0
Mutation Probability = 0
Crossover Probability = 1
Population Size = 10
Survival Selection Type = 16

Time =  3607.47311997413635

Current Evaluation = 3370
Front Size = 10
1 2 7 5 30 3 5 31 3 0 2 7 0 2 7 0 2 7 0 2 7 13 6 3 0 2 7 0 2 7 12 16 2 1 2 7 1 2 7 0 2 7 17 9 2 0 2 7 1 2 7 1 2 7 0 2 7 17 18 2 0 20.2646257877349854
1 2 7 5 30 3 5 31 3 0 2 7 1 2 7 0 2 7 13 6 3 0 2 7 0 2 7 12 16 2 0 2 7 0 2 7 17 9 2 0 2 7 17 9 2 1 2 7 0 2 7 1 2 7 0 2 7 1 2 7 0 20.2646257877349854
1 2 7 5 30 3 5 31 3 0 2 7 1 2 7 1 2 7 0 2 7 13 6 3 0 2 7 0 2 7 0 2 7 1 2 7 17 18 2 0 2 7 0 2 7 1 2 7 0 2 7 17 18 2 12 16 2 0 2 7 0 20.2646257877349854
17 9 2 5 31 3 5 30 3 1 2 7 0 2 7 0 2 7 0 2 7 13 6 3 12 16 2 0 2 7 1 2 7 0 2 7 6 2 7 0 2 7 12 16 2 0 2 4 1 2 7 1 2 7 17 18 2 0 2 4 0 20.3487167954444885
0 2 7 0 2 7 6 2 7 0 2 7 0 2 7 0 2 7 0 2 7 5 31 3 1 2 7 1 2 7 17 9 2 12 16 2 1 2 7 1 2 4 0 2 7 0 2 4 0 2 7 5 31 3 16 6 2 0 2 7 0 20.4595978856086731
17 9 2 0 2 7 5 30 3 5 31 3 0 2 7 17 9 2 0 2 4 1 2 7 0 2 4 6 2 7 0 2 7 0 2 7 0 2 7 0 2 7 1 2 11 1 2 11 1 2 11 0 2 3 1 2 11 0 2 4 0 20.8231597542762756
1 2 7 5 30 3 5 31 3 0 2 7 1 2 7 0 2 7 0 2 7 13 6 3 1 2 4 0 2 7 12 16 2 1 2 7 0 2 7 0 2 7 0 2 7 6 2 4 0 2 7 17 18 2 12 16 2 17 9 2 0 20.3487167954444885
1 2 7 5 30 3 5 31 3 0 2 7 1 2 7 0 2 4 0 2 7 13 6 3 0 2 7 0 2 7 12 16 2 0 2 7 0 2 7 17 9 2 0 2 7 17 9 2 1 2 4 1 2 7 12 16 2 6 2 7 0 20.3487167954444885
1 2 7 5 30 3 5 31 3 0 2 4 0 2 7 0 2 7 0 2 7 13 6 3 0 2 7 0 2 7 12 16 2 1 2 7 1 2 7 0 2 7 17 9 2 0 2 7 17 18 2 12 16 2 1 2 7 6 2 4 0 20.3487167954444885
1 2 7 5 30 3 5 31 3 0 2 7 1 2 7 0 2 7 13 6 3 0 2 7 0 2 7 0 2 7 0 2 7 0 2 7 0 2 7 12 16 2 1 2 4 1 2 7 6 2 7 1 2 7 1 2 4 17 9 2 0.00175174459342448204 20.1623678803443909

