Current Evaluation = 180(180)
Front Size = 10
12 16 2 5 31 3 0 2 7 17 9 2 13 6 3 1 2 7 17 18 2 0 2 7 0 2 7 1 2 7 0 2 7 1 2 7 1 2 7 5 30 3 0 2 7 1 2 7 0 2 7 0 2 7 0 2 7 0 2 7 0 20.2646257877349854
12 16 2 5 31 3 1 2 3 12 16 2 0 2 4 0 2 4 0 2 3 0 2 7 16 6 2 0 2 3 1 2 3 16 30 2 1 2 7 0 2 7 0 2 7 0 2 3 0 2 3 0 2 3 1 2 10 5 30 3 0 21.1162079572677612
0 2 11 1 2 7 0 2 13 8 18 2 5 30 3 5 30 3 0 2 11 1 2 3 0 2 11 12 16 2 5 30 3 6 2 8 17 18 2 0 2 7 16 19 11 0 2 7 0 2 11 0 2 7 0 2 11 0 2 8 0 22.0692901611328125
0 2 4 12 16 2 5 31 3 0 2 4 0 2 7 1 2 11 17 9 2 13 6 3 1 2 7 12 16 2 1 2 11 17 18 2 1 2 4 0 2 7 0 2 4 0 2 7 12 16 2 1 2 7 0 2 4 12 16 2 0 20.6165766716003418
0 2 11 12 16 2 0 2 7 1 2 3 5 30 3 5 30 3 1 2 4 12 16 2 8 18 2 12 16 2 1 2 7 0 2 7 0 2 7 0 2 10 16 31 2 0 2 3 0 2 7 0 2 7 16 6 2 0 2 7 0 21.0074107646942139
17 9 2 16 30 2 12 16 2 1 2 11 5 30 3 5 30 3 12 16 2 0 2 7 0 2 11 0 2 7 5 30 3 13 6 3 0 2 7 1 2 11 0 2 3 0 2 11 0 2 11 0 2 7 0 2 7 0 2 3 0 21.1732758283615112
0 2 3 1 2 8 16 6 2 16 19 11 1 2 3 0 2 8 0 2 3 0 2 3 1 2 1 12 16 2 8 18 2 0 2 8 0 2 3 0 2 3 5 30 3 0 2 8 5 30 3 0 2 3 0 2 8 12 16 2 7.29539913683355401e-10 22.492961049079895
16 19 11 5 30 3 0 2 7 0 2 7 0 2 7 5 30 3 1 2 3 0 2 7 0 2 3 5 30 3 16 9 11 0 2 7 0 2 8 0 2 7 0 2 7 1 2 3 1 2 3 0 2 11 0 2 7 0 2 7 0.000252649838178158092 21.5937718749046326
12 16 2 0 2 7 5 31 3 12 16 2 16 6 2 5 30 3 6 2 11 1 2 3 0 2 11 6 2 12 0 2 12 0 2 7 1 2 4 1 2 3 0 2 3 1 2 4 0 2 3 0 2 11 0 2 11 16 19 11 0.00147730224695326881 21.5993170738220215
0 2 7 0 2 7 13 6 3 0 2 7 5 30 3 0 2 7 12 16 2 12 16 2 0 2 7 0 2 7 5 30 3 6 2 3 17 9 2 0 2 7 12 16 2 1 2 11 1 2 7 1 2 7 16 31 2 0 2 4 0 20.5474985837936401

Current Evaluation = 360(360)
Front Size = 10
1 2 7 1 2 7 1 2 7 17 18 2 0 2 7 0 2 7 0 2 7 5 31 3 17 9 2 13 6 3 5 30 3 1 2 7 1 2 7 12 16 2 0 2 7 0 2 7 0 2 7 0 2 7 0 2 7 0 2 7 0 20.2646257877349854
17 9 2 16 30 2 12 16 2 1 2 11 5 30 3 5 30 3 12 16 2 0 2 7 0 2 11 0 2 7 5 30 3 13 6 3 0 2 7 1 2 11 0 2 3 0 2 11 0 2 11 0 2 7 0 2 7 0 2 3 0 21.1732758283615112
0 2 7 1 2 3 12 16 2 5 30 3 12 16 2 0 2 3 0 2 7 16 6 2 0 2 7 0 2 7 0 2 4 0 2 7 0 2 7 16 6 2 5 31 3 15 2 11 1 2 3 1 2 7 0 2 7 0 2 3 0 20.9683817625045776
12 16 2 0 2 7 5 31 3 12 16 2 0 2 7 1 2 4 12 16 2 0 2 7 6 2 11 17 9 2 0 2 4 0 2 4 0 2 12 1 2 7 0 2 3 1 2 4 12 16 2 0 2 4 0 2 4 16 19 11 0.0221245103892884071 21.2810717821121216
0 2 11 1 2 7 0 2 13 8 18 2 5 30 3 5 30 3 0 2 11 1 2 3 0 2 11 12 16 2 5 30 3 6 2 8 17 18 2 0 2 7 16 19 11 0 2 7 0 2 11 0 2 7 0 2 11 0 2 8 0 22.0692901611328125
1 2 3 12 16 2 8 18 2 5 30 3 12 16 2 16 6 2 0 2 3 0 2 7 0 2 3 0 2 3 0 2 3 16 30 2 5 31 3 1 2 1 0 2 3 1 2 7 0 2 8 16 19 11 12 16 2 0 2 8 0.0757107508716536315 21.8367170095443726
16 19 11 5 30 3 0 2 7 0 2 7 0 2 7 5 30 3 1 2 3 0 2 7 0 2 3 5 30 3 16 9 11 0 2 7 0 2 8 0 2 7 0 2 7 1 2 3 1 2 3 0 2 11 0 2 7 0 2 7 0.000252649838178158092 21.5937718749046326
12 16 2 0 2 7 5 31 3 12 16 2 16 6 2 5 30 3 6 2 11 1 2 3 0 2 11 6 2 12 0 2 12 0 2 7 1 2 4 1 2 3 0 2 3 1 2 4 0 2 3 0 2 11 0 2 11 16 19 11 0.00147730224695326881 21.5993170738220215
0 2 3 12 16 2 13 6 3 0 2 7 0 2 7 17 18 2 1 2 11 5 30 3 0 2 7 1 2 7 12 16 2 12 16 2 0 2 7 0 2 7 0 2 7 5 30 3 16 31 2 1 2 4 0 2 7 6 2 7 0 20.5474986433982849
0 2 3 12 16 2 15 2 11 5 30 3 12 16 2 16 6 2 0 2 7 16 9 11 0 2 3 1 2 7 0 2 11 5 30 3 0 2 3 1 2 3 0 2 3 1 2 11 0 2 7 0 2 3 0 2 7 0 2 3 0 21.6585198044776917

Current Evaluation = 540(540)
Front Size = 10
0 2 7 0 2 7 1 2 7 17 9 2 1 2 7 12 16 2 1 2 7 0 2 7 0 2 7 5 30 3 0 2 7 5 31 3 17 18 2 0 2 7 0 2 7 0 2 7 0 2 7 1 2 7 13 6 3 1 2 7 0 20.2646257877349854
12 16 2 1 2 7 0 2 3 0 2 7 0 2 7 1 2 7 5 31 3 5 30 3 0 2 4 0 2 10 0 2 3 17 18 2 1 2 11 0 2 7 16 30 2 1 2 7 0 2 3 0 2 4 0 2 7 1 2 7 0 20.8012489080429077
5 30 3 0 2 11 0 2 11 5 30 3 0 2 7 0 2 7 1 2 11 12 16 2 0 2 11 0 2 11 1 2 11 8 18 2 0 2 11 0 2 11 0 2 11 5 30 3 16 6 2 0 2 7 17 18 2 0 2 7 0 21.674699068069458
12 16 2 5 30 3 5 30 3 0 2 3 1 2 7 0 2 7 1 2 3 0 2 3 16 6 2 0 2 7 16 31 2 0 2 3 0 2 7 0 2 7 0 2 3 1 2 3 0 2 3 1 2 3 1 2 7 0 2 7 0 20.9838578701019287
12 16 2 0 2 11 0 2 7 12 16 2 1 2 7 0 2 4 8 18 2 0 2 7 0 2 7 0 2 7 0 2 7 6 2 7 16 6 2 0 2 1 5 31 3 17 9 2 1 2 4 0 2 7 5 30 3 1 2 7 0 20.9255219101905823
5 31 3 0 2 8 0 2 7 0 2 8 0 2 7 5 30 3 0 2 3 16 6 2 0 2 8 0 2 8 0 2 8 0 2 7 0 2 7 0 2 7 5 31 3 16 6 2 6 2 8 1 2 8 12 16 2 0 2 3 0 21.977506160736084
16 19 11 5 30 3 0 2 7 0 2 7 0 2 7 5 30 3 1 2 3 0 2 7 0 2 3 5 30 3 16 9 11 0 2 7 0 2 8 0 2 7 0 2 7 1 2 3 1 2 3 0 2 11 0 2 7 0 2 7 0.000252649838178158092 21.5937718749046326
12 16 2 0 2 7 5 30 3 5 30 3 0 2 7 0 2 7 17 18 2 5 31 3 0 2 10 0 2 11 0 2 11 0 2 7 6 2 3 6 2 7 1 2 7 1 2 7 0 2 11 0 2 7 0 2 11 16 19 11 0 21.5550569891929626
12 16 2 0 2 7 5 31 3 12 16 2 0 2 7 1 2 4 12 16 2 0 2 7 6 2 11 17 9 2 0 2 4 0 2 4 0 2 12 1 2 7 0 2 3 1 2 4 12 16 2 0 2 4 0 2 4 16 19 11 0.0221245103892884071 21.2810717821121216
5 31 3 0 2 8 0 2 3 0 2 11 0 2 8 0 2 3 1 2 3 0 2 8 5 30 3 9 2 7 0 2 11 0 2 8 5 30 3 16 6 2 0 2 7 16 6 2 0 2 3 0 2 3 12 16 2 6 2 3 0 22.1885402202606201

Current Evaluation = 720(720)
Front Size = 10
13 6 3 5 30 3 0 2 7 0 2 7 12 16 2 1 2 7 1 2 7 0 2 7 1 2 7 1 2 7 0 2 7 1 2 7 0 2 7 5 31 3 17 18 2 17 18 2 0 2 7 0 2 7 0 2 7 0 2 7 0 20.2646257877349854
5 30 3 0 2 7 12 16 2 1 2 7 5 30 3 0 2 7 16 31 2 0 2 7 0 2 4 0 2 7 0 2 4 12 16 2 12 16 2 1 2 7 17 9 2 13 6 3 1 2 7 0 2 7 1 2 7 0 2 3 0 20.4516056776046753
5 30 3 0 2 7 0 2 11 12 16 2 12 16 2 0 2 12 0 2 11 0 2 7 5 30 3 1 2 12 13 6 3 0 2 7 13 6 3 0 2 11 5 30 3 17 9 2 12 16 2 17 9 2 0 2 7 0 2 11 0 21.1950029134750366
5 31 3 0 2 7 5 30 3 6 2 11 5 30 3 0 2 7 12 16 2 0 2 10 0 2 7 1 2 3 0 2 11 1 2 3 0 2 7 0 2 7 16 6 2 0 2 11 0 2 10 0 2 7 0 2 11 17 18 2 0 21.437466025352478
5 30 3 0 2 7 12 16 2 12 16 2 0 2 7 5 30 3 12 16 2 0 2 7 16 6 2 0 2 7 0 2 7 1 2 11 17 9 2 13 6 3 1 2 4 0 2 7 1 2 3 0 2 7 8 9 2 0 2 7 0 20.6301085948944092
5 31 3 0 2 8 0 2 3 0 2 11 0 2 8 0 2 3 1 2 3 0 2 8 5 30 3 9 2 7 0 2 11 0 2 8 5 30 3 16 6 2 0 2 7 16 6 2 0 2 3 0 2 3 12 16 2 6 2 3 0 22.1885402202606201
0 2 7 0 2 7 1 2 3 0 2 3 8 9 2 5 30 3 1 2 3 12 16 2 5 31 3 0 2 7 0 2 8 1 2 7 0 2 7 12 16 2 0 2 3 16 6 2 16 6 2 0 2 7 0 2 8 0 2 4 0 21.2497899532318115
16 19 11 5 30 3 0 2 7 0 2 7 0 2 7 5 30 3 1 2 3 0 2 7 0 2 3 5 30 3 16 9 11 0 2 7 0 2 8 0 2 7 0 2 7 1 2 3 1 2 3 0 2 11 0 2 7 0 2 7 0.000252649838178158092 21.5937718749046326
12 16 2 0 2 7 5 31 3 12 16 2 0 2 7 1 2 4 12 16 2 0 2 7 6 2 11 17 9 2 0 2 4 0 2 4 0 2 12 1 2 7 0 2 3 1 2 4 12 16 2 0 2 4 0 2 4 16 19 11 0.0221245103892884071 21.2810717821121216
5 31 3 0 2 7 6 2 7 0 2 4 0 2 7 16 15 2 0 2 7 17 9 2 1 2 7 12 16 2 0 2 7 1 2 7 0 2 7 6 2 7 0 2 4 12 16 2 5 31 3 1 2 7 0 2 7 0 2 7 0 20.7264288663864136

Current Evaluation = 900(900)
Front Size = 10
5 30 3 0 2 7 12 16 2 1 2 7 0 2 7 1 2 7 0 2 7 0 2 7 13 6 3 1 2 7 0 2 7 1 2 7 5 31 3 0 2 7 0 2 7 0 2 7 17 9 2 0 2 7 17 18 2 1 2 7 0 20.2646257877349854
5 30 3 0 2 3 12 16 2 0 2 7 12 16 2 0 2 7 0 2 7 0 2 4 0 2 7 8 9 2 5 30 3 12 16 2 0 2 7 0 2 7 1 2 11 1 2 7 16 6 2 17 18 2 1 2 7 13 6 3 0 20.6301085948944092
5 30 3 1 2 4 12 16 2 0 2 11 5 31 3 12 16 2 0 2 7 0 2 7 0 2 7 8 18 2 17 9 2 0 2 7 1 2 1 0 2 4 16 6 2 0 2 7 0 2 7 6 2 7 0 2 7 1 2 7 0 20.9255219101905823
5 31 3 0 2 8 0 2 3 0 2 11 0 2 8 0 2 3 1 2 3 0 2 8 5 30 3 9 2 7 0 2 11 0 2 8 5 30 3 16 6 2 0 2 7 16 6 2 0 2 3 0 2 3 12 16 2 6 2 3 0 22.1885402202606201
5 30 3 1 2 3 0 2 7 16 31 2 0 2 7 0 2 7 12 16 2 5 30 3 0 2 3 0 2 3 16 6 2 1 2 7 0 2 3 0 2 3 0 2 7 0 2 3 1 2 7 0 2 3 1 2 7 1 2 3 0 20.9838578701019287
17 18 2 1 2 7 12 16 2 0 2 7 13 6 3 1 2 12 17 9 2 8 9 2 0 2 7 12 16 2 1 2 7 1 2 7 12 16 2 5 31 3 0 2 4 0 2 11 0 2 7 0 2 7 0 2 11 1 2 7 0 20.7150319814682007
16 19 11 5 30 3 0 2 7 0 2 7 0 2 7 5 30 3 1 2 3 0 2 7 0 2 3 5 30 3 16 9 11 0 2 7 0 2 8 0 2 7 0 2 7 1 2 3 1 2 3 0 2 11 0 2 7 0 2 7 0.000252649838178158092 21.5937718749046326
12 16 2 0 2 7 5 31 3 12 16 2 0 2 7 1 2 4 12 16 2 0 2 7 6 2 11 17 9 2 0 2 4 0 2 4 0 2 12 1 2 7 0 2 3 1 2 4 12 16 2 0 2 4 0 2 4 16 19 11 0.0221245103892884071 21.2810717821121216
5 30 3 16 15 2 0 2 7 0 2 7 5 30 3 1 2 3 0 2 7 0 2 3 1 2 4 17 18 2 0 2 7 8 18 2 12 16 2 0 2 3 0 2 7 0 2 7 0 2 3 6 2 7 1 2 3 0 2 7 0 21.0455848574638367
5 30 3 0 2 11 5 30 3 12 16 2 1 2 11 0 2 11 0 2 7 0 2 11 12 16 2 6 2 11 0 2 7 1 2 11 0 2 7 5 30 3 17 18 2 0 2 7 0 2 7 0 2 10 17 9 2 13 6 3 0 21.271784782409668

Current Evaluation = 1080(1080)
Front Size = 10
1 2 7 5 30 3 0 2 7 12 16 2 0 2 7 1 2 7 0 2 7 0 2 7 5 31 3 0 2 7 0 2 7 0 2 7 13 6 3 17 18 2 1 2 7 1 2 7 0 2 7 17 9 2 1 2 7 0 2 7 0 20.2646257877349854
1 2 7 0 2 3 5 30 3 16 6 2 0 2 7 12 16 2 0 2 7 12 16 2 0 2 7 15 2 11 1 2 3 0 2 7 0 2 4 0 2 7 1 2 3 5 31 3 16 6 2 0 2 7 0 2 3 0 2 7 0 20.9683817625045776
5 30 3 12 16 2 1 2 7 0 2 7 0 2 7 1 2 7 1 2 7 17 9 2 5 30 3 13 6 3 1 2 7 0 2 7 0 2 3 0 2 4 0 2 4 0 2 7 0 2 7 12 16 2 16 31 2 12 16 2 0 20.4516056776046753
0 2 11 5 30 3 0 2 11 12 16 2 16 6 2 5 30 3 5 30 3 1 2 11 0 2 11 17 18 2 8 9 2 0 2 7 0 2 11 0 2 7 0 2 7 0 2 7 0 2 11 0 2 11 0 2 11 1 2 11 0 21.674699068069458
5 30 3 1 2 3 0 2 7 16 31 2 0 2 7 0 2 7 12 16 2 5 30 3 0 2 3 0 2 3 16 6 2 1 2 7 0 2 3 0 2 3 0 2 7 0 2 3 1 2 7 0 2 3 1 2 7 1 2 3 0 20.9838578701019287
5 31 3 0 2 8 0 2 3 0 2 11 0 2 8 0 2 3 1 2 3 0 2 8 5 30 3 9 2 7 0 2 11 0 2 8 5 30 3 16 6 2 0 2 7 16 6 2 0 2 3 0 2 3 12 16 2 6 2 3 0 22.1885402202606201
5 30 3 12 16 2 0 2 7 0 2 7 0 2 7 0 2 7 0 2 7 17 18 2 5 31 3 1 2 4 16 6 2 0 2 3 0 2 11 1 2 7 1 2 7 13 6 3 6 2 11 5 30 3 8 9 2 0 2 7 0.0119134920379441837 20.6307759284973145
12 16 2 0 2 7 5 31 3 12 16 2 0 2 7 1 2 4 12 16 2 0 2 7 6 2 11 17 9 2 0 2 4 0 2 4 0 2 12 1 2 7 0 2 3 1 2 4 12 16 2 0 2 4 0 2 4 16 19 11 0.0221245103892884071 21.2810717821121216
0 2 3 5 30 3 5 30 3 0 2 7 12 16 2 5 31 3 17 18 2 1 2 7 1 2 4 0 2 7 1 2 4 0 2 8 9 2 7 0 2 7 12 16 2 16 6 2 0 2 7 0 2 3 0 2 7 6 2 3 0.0350246201951370378 21.3972247838973999
5 30 3 0 2 11 5 30 3 12 16 2 1 2 11 0 2 11 0 2 7 0 2 11 12 16 2 6 2 11 0 2 7 1 2 11 0 2 7 5 30 3 17 18 2 0 2 7 0 2 7 0 2 10 17 9 2 13 6 3 0 21.271784782409668

Current Evaluation = 1260(1260)
Front Size = 10
12 16 2 5 30 3 0 2 7 0 2 7 13 6 3 1 2 7 0 2 7 17 9 2 1 2 7 1 2 7 1 2 7 0 2 7 1 2 7 0 2 7 0 2 7 17 18 2 0 2 7 0 2 7 5 31 3 0 2 7 0 20.2646257877349854
12 16 2 12 16 2 0 2 4 0 2 7 1 2 7 0 2 7 17 9 2 1 2 7 12 16 2 8 9 2 0 2 7 17 9 2 13 6 3 0 2 4 1 2 7 0 2 4 0 2 4 5 30 3 12 16 2 1 2 1 0 20.6559027433395386
5 30 3 0 2 7 5 30 3 12 16 2 1 2 7 0 2 10 0 2 3 0 2 6 0 2 4 1 2 7 0 2 3 0 2 7 1 2 7 1 2 7 16 6 2 0 2 3 0 2 3 15 2 11 17 9 2 0 2 3 0 21.1275438070297241
0 2 7 0 2 4 12 16 2 17 18 2 13 6 3 0 2 7 0 2 7 0 2 7 1 2 11 5 30 3 0 2 7 1 2 11 0 2 7 1 2 7 12 16 2 12 16 2 1 2 7 13 6 3 12 16 2 17 18 2 0 20.3046585321426392
5 31 3 0 2 8 0 2 3 0 2 11 0 2 8 0 2 3 1 2 3 0 2 8 5 30 3 9 2 7 0 2 11 0 2 8 5 30 3 16 6 2 0 2 7 16 6 2 0 2 3 0 2 3 12 16 2 6 2 3 0 22.1885402202606201
5 30 3 0 2 11 5 30 3 12 16 2 1 2 11 0 2 11 0 2 7 0 2 11 12 16 2 6 2 11 0 2 7 1 2 11 0 2 7 5 30 3 17 18 2 0 2 7 0 2 7 0 2 10 17 9 2 13 6 3 0 21.271784782409668
0 2 7 0 2 7 12 16 2 13 6 3 1 2 7 0 2 7 0 2 7 12 16 2 12 16 2 12 16 2 5 30 3 17 9 2 17 9 2 0 2 7 0 2 7 15 2 11 5 30 3 1 2 4 13 6 3 0 2 11 0 20.6170506477355957
1 2 7 1 2 12 12 16 2 12 16 2 0 2 7 0 2 7 1 2 7 0 2 7 0 2 11 0 2 7 5 31 3 17 9 2 1 2 7 12 16 2 8 9 2 0 2 4 0 2 7 1 2 11 17 9 2 13 6 3 0 20.7150318622589111
1 2 7 12 16 2 0 2 7 0 2 7 0 2 7 0 2 7 8 9 2 5 30 3 17 1 2 17 18 2 0 2 7 0 2 7 1 2 4 5 30 3 1 2 7 12 16 2 0 2 7 1 2 7 0 2 7 0 2 3 0 20.7358447313308716
0 2 7 0 2 8 17 18 2 12 16 2 0 2 7 5 30 3 0 2 1 0 2 7 5 30 3 0 2 4 8 18 2 0 2 7 1 2 7 13 6 3 0 2 7 1 2 7 12 16 2 1 2 7 1 2 7 17 9 2 0 20.7651498317718506

Current Evaluation = 1440(1440)
Front Size = 10
0 2 7 1 2 7 0 2 7 17 18 2 0 2 7 0 2 7 13 6 3 0 2 7 5 31 3 1 2 7 1 2 7 5 30 3 12 16 2 0 2 7 0 2 7 0 2 7 1 2 7 0 2 7 17 9 2 1 2 7 0 20.2646257877349854
12 16 2 5 30 3 1 2 7 5 30 3 16 6 2 0 2 3 0 2 7 0 2 3 0 2 7 1 2 7 16 31 2 0 2 3 1 2 3 0 2 7 0 2 3 0 2 3 1 2 3 0 2 7 1 2 7 0 2 3 0 20.9838578701019287
0 2 7 0 2 4 12 16 2 17 18 2 13 6 3 0 2 7 0 2 7 0 2 7 1 2 11 5 30 3 0 2 7 1 2 11 0 2 7 1 2 7 12 16 2 12 16 2 1 2 7 13 6 3 12 16 2 17 18 2 0 20.3046585321426392
0 2 7 12 16 2 12 16 2 12 16 2 0 2 4 1 2 7 0 2 1 17 9 2 0 2 7 12 16 2 1 2 7 0 2 4 17 9 2 13 6 3 1 2 7 1 2 4 0 2 7 5 31 3 1 2 4 0 2 4 0 20.6123768091201782
12 16 2 5 31 3 0 2 7 0 2 3 0 2 7 0 2 7 6 2 7 0 2 3 5 31 3 16 6 2 0 2 7 12 16 2 16 6 2 0 2 3 0 2 7 1 2 7 1 2 7 1 2 7 0 2 4 0 2 3 0 20.8941568732261658
0 2 7 0 2 4 12 16 2 13 6 3 0 2 7 0 2 4 1 2 7 12 16 2 0 2 7 1 2 3 16 31 2 1 2 7 12 16 2 1 2 7 0 2 7 0 2 7 5 30 3 0 2 7 17 9 2 5 30 3 0 20.4516056776046753
0 2 7 0 2 7 12 16 2 13 6 3 1 2 7 0 2 7 0 2 7 1 2 4 12 16 2 0 2 7 17 18 2 6 2 3 0 2 7 12 16 2 5 30 3 1 2 7 0 2 7 5 31 3 0 2 11 16 30 2 0 20.5474988222122192
5 30 3 0 2 11 5 30 3 12 16 2 1 2 11 0 2 11 0 2 7 0 2 11 12 16 2 6 2 11 0 2 7 1 2 11 0 2 7 5 30 3 17 18 2 0 2 7 0 2 7 0 2 10 17 9 2 13 6 3 0 21.271784782409668
0 2 7 0 2 7 12 16 2 13 6 3 0 2 7 1 2 4 12 16 2 12 16 2 12 16 2 5 31 3 1 2 4 17 9 2 0 2 7 0 2 7 1 2 4 0 2 7 1 2 4 1 2 4 17 9 2 0 2 1 0 20.6123768091201782
0 2 7 0 2 7 12 16 2 13 6 3 1 2 7 0 2 7 0 2 7 12 16 2 12 16 2 12 16 2 5 30 3 17 9 2 17 9 2 0 2 7 0 2 7 15 2 11 5 30 3 1 2 4 13 6 3 0 2 11 0 20.6170506477355957

Current Evaluation = 1620(1620)
Front Size = 10
0 2 7 0 2 7 12 16 2 1 2 7 5 30 3 0 2 7 1 2 7 5 31 3 0 2 7 0 2 7 0 2 7 1 2 7 17 18 2 17 18 2 0 2 7 0 2 7 1 2 7 1 2 7 13 6 3 0 2 7 0 20.2646257877349854
1 2 7 12 16 2 12 16 2 12 16 2 0 2 7 17 9 2 0 2 7 12 16 2 17 9 2 13 6 3 1 2 11 0 2 7 5 30 3 0 2 7 1 2 7 0 2 7 0 2 4 1 2 11 0 2 7 13 6 3 0 20.3046585321426392
0 2 7 0 2 7 12 16 2 13 6 3 12 16 2 12 16 2 1 2 7 1 2 4 0 2 7 5 30 3 5 30 3 0 2 7 0 2 7 0 2 7 17 9 2 0 2 7 16 31 2 0 2 4 1 2 7 1 2 3 0 20.4516056776046753
12 16 2 5 30 3 1 2 7 5 30 3 16 6 2 0 2 3 0 2 7 0 2 3 0 2 7 1 2 7 16 31 2 0 2 3 1 2 3 0 2 7 0 2 3 0 2 3 1 2 3 0 2 7 1 2 7 0 2 3 0 20.9838578701019287
0 2 3 0 2 7 12 16 2 0 2 7 0 2 7 0 2 7 0 2 3 1 2 4 0 2 7 0 2 3 0 2 7 1 2 7 0 2 7 1 2 7 16 30 2 12 16 2 5 31 3 16 6 2 1 2 7 5 31 3 0 20.7824869155883789
5 30 3 0 2 11 5 30 3 12 16 2 1 2 11 0 2 11 0 2 7 0 2 11 12 16 2 6 2 11 0 2 7 1 2 11 0 2 7 5 30 3 17 18 2 0 2 7 0 2 7 0 2 10 17 9 2 13 6 3 0 21.271784782409668
0 2 7 0 2 7 12 16 2 13 6 3 0 2 7 1 2 4 12 16 2 12 16 2 12 16 2 5 31 3 1 2 4 17 9 2 0 2 7 0 2 7 1 2 4 0 2 7 1 2 4 1 2 4 17 9 2 0 2 1 0 20.6123768091201782
0 2 7 12 16 2 12 16 2 12 16 2 0 2 4 1 2 7 0 2 1 17 9 2 0 2 7 12 16 2 1 2 7 0 2 4 17 9 2 13 6 3 1 2 7 1 2 4 0 2 7 5 31 3 1 2 4 0 2 4 0 20.6123768091201782
0 2 7 0 2 7 12 16 2 12 16 2 0 2 7 5 31 3 0 2 7 0 2 7 1 2 3 0 2 7 1 2 3 1 2 7 1 2 7 0 2 7 5 30 3 0 2 7 0 2 7 16 31 2 0 2 7 16 6 2 0 20.7024867534637451
0 2 7 1 2 7 12 16 2 1 2 7 0 2 7 1 2 7 8 9 2 0 2 7 0 2 3 0 2 7 0 2 7 0 2 7 5 30 3 5 31 3 0 2 3 17 9 2 1 2 12 1 2 7 16 6 2 0 2 4 0 20.769278883934021

Current Evaluation = 1800(1800)
Front Size = 10
1 2 7 12 16 2 13 6 3 0 2 7 17 9 2 0 2 7 0 2 7 0 2 7 17 9 2 0 2 7 5 30 3 0 2 7 0 2 7 1 2 7 1 2 7 0 2 7 0 2 7 5 31 3 1 2 7 1 2 7 0 20.2646257877349854
12 16 2 5 30 3 1 2 7 5 30 3 16 6 2 0 2 3 0 2 7 0 2 3 0 2 7 1 2 7 16 31 2 0 2 3 1 2 3 0 2 7 0 2 3 0 2 3 1 2 3 0 2 7 1 2 7 0 2 3 0 20.9838578701019287
0 2 7 0 2 7 12 16 2 13 6 3 0 2 7 1 2 4 12 16 2 12 16 2 12 16 2 5 31 3 1 2 4 17 9 2 0 2 7 0 2 7 1 2 4 0 2 7 1 2 4 1 2 4 17 9 2 0 2 1 0 20.6123768091201782
1 2 11 1 2 7 12 16 2 0 2 4 1 2 11 0 2 7 0 2 7 12 16 2 13 6 3 12 16 2 0 2 7 5 30 3 0 2 7 1 2 7 0 2 7 12 16 2 17 9 2 0 2 7 17 18 2 13 6 3 0 20.3046585321426392
1 2 7 0 2 7 12 16 2 13 6 3 0 2 7 0 2 11 12 16 2 12 16 2 12 16 2 17 9 2 0 2 7 1 2 7 0 2 7 17 9 2 1 2 7 5 30 3 1 2 4 0 2 11 0 2 7 13 6 3 0 20.3046587705612183
1 2 7 12 16 2 1 2 7 0 2 7 1 2 7 1 2 7 0 2 4 5 30 3 13 6 3 0 2 7 0 2 7 0 2 7 16 31 2 0 2 7 0 2 3 12 16 2 17 18 2 5 30 3 0 2 4 12 16 2 0 20.4516056776046753
0 2 7 12 16 2 12 16 2 12 16 2 0 2 4 1 2 7 0 2 1 17 9 2 0 2 7 12 16 2 1 2 7 0 2 4 17 9 2 13 6 3 1 2 7 1 2 4 0 2 7 5 31 3 1 2 4 0 2 4 0 20.6123768091201782
0 2 7 0 2 7 5 31 3 13 6 3 1 2 7 1 2 4 12 16 2 12 16 2 5 30 3 17 9 2 0 2 4 0 2 7 1 2 7 0 2 7 0 2 7 0 2 7 1 2 7 12 16 2 16 30 2 0 2 3 0 20.4516057968139648
0 2 7 0 2 7 12 16 2 13 6 3 1 2 7 1 2 7 12 16 2 1 2 7 5 31 3 16 6 2 0 2 7 0 2 7 0 2 7 12 16 2 0 2 7 0 2 7 5 31 3 0 2 7 17 9 2 6 2 7 0 20.5035547614097595
0 2 7 0 2 7 12 16 2 12 16 2 0 2 7 5 31 3 0 2 7 0 2 7 1 2 3 0 2 7 1 2 3 1 2 7 1 2 7 0 2 7 5 30 3 0 2 7 0 2 7 16 31 2 0 2 7 16 6 2 0 20.7024867534637451

Current Evaluation = 1980(1980)
Front Size = 10
0 2 7 0 2 7 1 2 7 0 2 7 5 30 3 0 2 7 0 2 7 1 2 7 13 6 3 17 9 2 17 9 2 1 2 7 12 16 2 0 2 7 0 2 7 5 31 3 0 2 7 1 2 7 1 2 7 0 2 7 0 20.2646257877349854
12 16 2 5 30 3 1 2 7 5 30 3 16 6 2 0 2 3 0 2 7 0 2 3 0 2 7 1 2 7 16 31 2 0 2 3 1 2 3 0 2 7 0 2 3 0 2 3 1 2 3 0 2 7 1 2 7 0 2 3 0 20.9838578701019287
1 2 11 1 2 7 12 16 2 0 2 4 1 2 11 0 2 7 0 2 7 12 16 2 13 6 3 12 16 2 0 2 7 5 30 3 0 2 7 1 2 7 0 2 7 12 16 2 17 9 2 0 2 7 17 18 2 13 6 3 0 20.3046585321426392
1 2 7 0 2 7 12 16 2 13 6 3 0 2 7 0 2 11 12 16 2 12 16 2 12 16 2 17 9 2 0 2 7 1 2 7 0 2 7 17 9 2 1 2 7 5 30 3 1 2 4 0 2 11 0 2 7 13 6 3 0 20.3046587705612183
0 2 7 12 16 2 13 6 3 0 2 7 0 2 7 1 2 7 5 31 3 1 2 4 6 2 7 12 16 2 0 2 7 0 2 7 0 2 7 0 2 4 0 2 7 17 9 2 1 2 7 17 18 2 5 30 3 1 2 7 0 20.3487167954444885
1 2 7 12 16 2 1 2 7 0 2 7 1 2 7 1 2 7 0 2 4 5 30 3 13 6 3 0 2 7 0 2 7 0 2 7 16 31 2 0 2 7 0 2 3 12 16 2 17 18 2 5 30 3 0 2 4 12 16 2 0 20.4516056776046753
0 2 11 12 16 2 13 6 3 5 30 3 12 16 2 12 16 2 17 18 2 1 2 7 1 2 7 12 16 2 1 2 7 0 2 4 0 2 7 0 2 7 0 2 12 0 2 7 13 6 3 0 2 4 1 2 3 17 9 2 0 20.3980587720870972
0 2 7 0 2 7 12 16 2 13 6 3 0 2 7 1 2 4 12 16 2 12 16 2 12 16 2 5 31 3 1 2 4 17 9 2 0 2 7 0 2 7 1 2 4 0 2 7 1 2 4 1 2 4 17 9 2 0 2 1 0 20.6123768091201782
0 2 7 0 2 7 12 16 2 12 16 2 0 2 7 5 31 3 0 2 7 0 2 7 1 2 3 0 2 7 1 2 3 1 2 7 1 2 7 0 2 7 5 30 3 0 2 7 0 2 7 16 31 2 0 2 7 16 6 2 0 20.7024867534637451
0 2 7 0 2 7 12 16 2 13 6 3 0 2 7 12 16 2 12 16 2 12 16 2 17 9 2 0 2 7 0 2 7 0 2 7 1 2 4 5 31 3 0 2 4 1 2 4 1 2 4 1 2 7 5 30 3 13 6 3 0.0194840470423353097 20.4389337301254272

Current Evaluation = 2160(2160)
Front Size = 10
0 2 7 1 2 7 12 16 2 0 2 7 17 9 2 5 30 3 0 2 7 0 2 7 13 6 3 1 2 7 0 2 7 0 2 7 5 31 3 1 2 7 0 2 7 17 18 2 1 2 7 0 2 7 0 2 7 1 2 7 0 20.2646257877349854
0 2 11 12 16 2 13 6 3 5 30 3 12 16 2 12 16 2 17 18 2 1 2 7 1 2 7 12 16 2 1 2 7 0 2 4 0 2 7 0 2 7 0 2 12 0 2 7 13 6 3 0 2 4 1 2 3 17 9 2 0 20.3980587720870972
1 2 11 0 2 7 12 16 2 13 6 3 0 2 7 1 2 7 12 16 2 12 16 2 12 16 2 17 9 2 0 2 7 1 2 7 0 2 4 17 9 2 1 2 11 5 30 3 0 2 7 0 2 7 0 2 7 13 6 3 0 20.3046585321426392
0 2 7 0 2 7 12 16 2 0 2 7 12 16 2 0 2 7 0 2 3 5 30 3 0 2 7 0 2 7 1 2 7 13 6 3 1 2 4 17 18 2 12 16 2 6 2 7 16 30 2 1 2 7 5 31 3 0 2 11 0 20.547498881816864
0 2 4 0 2 7 12 16 2 0 2 7 12 16 2 1 2 11 0 2 7 17 9 2 12 16 2 5 30 3 0 2 7 0 2 7 1 2 7 1 2 3 16 6 2 13 6 3 0 2 7 0 2 7 5 30 3 8 18 2 0 20.6301085948944092
12 16 2 5 30 3 1 2 7 5 30 3 16 6 2 0 2 3 0 2 7 0 2 3 0 2 7 1 2 7 16 31 2 0 2 3 1 2 3 0 2 7 0 2 3 0 2 3 1 2 3 0 2 7 1 2 7 0 2 3 0 20.9838578701019287
0 2 7 0 2 7 12 16 2 0 2 7 12 16 2 5 31 3 0 2 7 0 2 7 0 2 7 13 6 3 16 6 2 12 16 2 12 16 2 1 2 4 1 2 3 1 2 7 1 2 4 1 2 4 16 31 2 0 2 1 0.00122162200276386607 20.4096968173980713
0 2 7 12 16 2 0 2 7 1 2 7 0 2 7 1 2 7 5 30 3 0 2 7 0 2 3 0 2 3 12 16 2 0 2 3 12 16 2 1 2 3 0 2 4 17 9 2 16 31 2 0 2 7 0 2 3 13 6 3 0.0179547152339325222 20.7515147924423218
0 2 11 12 16 2 13 6 3 5 30 3 12 16 2 12 16 2 17 18 2 1 2 7 1 2 7 12 16 2 0 2 7 0 2 7 1 2 7 0 2 7 0 2 11 0 2 7 13 6 3 0 2 7 1 2 4 17 9 2 0 20.3046587705612183
0 2 7 1 2 7 12 16 2 0 2 4 12 16 2 0 2 7 17 9 2 5 30 3 0 2 7 0 2 7 6 2 7 13 6 3 1 2 7 1 2 4 0 2 7 0 2 7 5 31 3 1 2 7 0 2 7 17 18 2 0 20.3487167954444885

Current Evaluation = 2340(2340)
Front Size = 10
1 2 7 0 2 7 13 6 3 5 30 3 1 2 7 1 2 7 0 2 7 0 2 7 0 2 7 1 2 7 0 2 7 0 2 7 0 2 7 5 31 3 0 2 7 0 2 7 17 18 2 1 2 7 12 16 2 17 9 2 0 20.2646257877349854
0 2 4 0 2 4 12 16 2 1 2 4 12 16 2 0 2 7 0 2 4 0 2 7 1 2 11 13 6 3 0 2 4 12 16 2 5 31 3 0 2 3 12 16 2 17 18 2 1 2 3 12 16 2 1 2 7 16 6 2 0 20.7315356731414795
12 16 2 13 6 3 5 30 3 12 16 2 12 16 2 0 2 7 1 2 11 12 16 2 0 2 7 0 2 7 0 2 7 0 2 7 13 6 3 17 9 2 1 2 7 0 2 7 1 2 11 0 2 4 1 2 7 17 9 2 0 20.3046585321426392
0 2 7 0 2 7 12 16 2 0 2 7 12 16 2 0 2 7 0 2 3 5 30 3 0 2 7 0 2 7 1 2 7 13 6 3 1 2 4 17 18 2 12 16 2 6 2 7 16 30 2 1 2 7 5 31 3 0 2 11 0 20.547498881816864
12 16 2 5 30 3 1 2 7 5 30 3 16 6 2 0 2 3 0 2 7 0 2 3 0 2 7 1 2 7 16 31 2 0 2 3 1 2 3 0 2 7 0 2 3 0 2 3 1 2 3 0 2 7 1 2 7 0 2 3 0 20.9838578701019287
0 2 3 1 2 7 1 2 3 5 30 3 12 16 2 0 2 3 1 2 3 16 6 2 0 2 7 1 2 7 0 2 7 5 31 3 0 2 4 0 2 7 0 2 7 17 9 2 8 9 2 1 2 7 0 2 7 0 2 7 0 20.8562788963317871
1 2 7 0 2 7 13 6 3 5 30 3 12 16 2 12 16 2 1 2 7 1 2 7 17 9 2 0 2 4 6 2 7 0 2 7 0 2 7 0 2 7 0 2 4 5 31 3 0 2 7 0 2 7 1 2 7 17 9 2 0 20.3487167954444885
0 2 7 0 2 7 12 16 2 0 2 7 12 16 2 5 31 3 0 2 7 0 2 7 0 2 7 13 6 3 16 6 2 12 16 2 12 16 2 1 2 4 1 2 3 1 2 7 1 2 4 1 2 4 16 31 2 0 2 1 0.00122162200276386607 20.4096968173980713
0 2 7 5 31 3 1 2 4 6 2 7 0 2 7 0 2 7 5 31 3 1 2 7 0 2 4 16 6 2 12 16 2 0 2 7 0 2 7 1 2 7 0 2 7 0 2 7 1 2 7 0 2 7 0 2 7 17 9 2 0 20.4595978856086731
12 16 2 5 30 3 1 2 7 5 31 3 16 6 2 0 2 7 0 2 7 0 2 7 0 2 3 1 2 3 16 31 2 12 16 2 1 2 7 0 2 7 0 2 7 0 2 7 1 2 7 0 2 7 0 2 7 0 2 7 0 20.7024867534637451

Current Evaluation = 2520(2520)
Front Size = 10
0 2 7 1 2 7 13 6 3 1 2 7 5 31 3 12 16 2 0 2 7 0 2 7 0 2 7 1 2 7 0 2 7 17 9 2 17 18 2 5 30 3 0 2 7 0 2 7 1 2 7 0 2 7 1 2 7 0 2 7 0 20.2646257877349854
0 2 4 0 2 4 12 16 2 1 2 4 12 16 2 0 2 7 0 2 4 0 2 7 1 2 11 13 6 3 0 2 4 12 16 2 5 31 3 0 2 3 12 16 2 17 18 2 1 2 3 12 16 2 1 2 7 16 6 2 0 20.7315356731414795
12 16 2 5 30 3 1 2 7 5 30 3 16 6 2 0 2 3 0 2 7 0 2 3 0 2 7 1 2 7 16 31 2 0 2 3 1 2 3 0 2 7 0 2 3 0 2 3 1 2 3 0 2 7 1 2 7 0 2 3 0 20.9838578701019287
12 16 2 13 6 3 5 30 3 12 16 2 12 16 2 0 2 7 1 2 11 12 16 2 0 2 7 0 2 7 0 2 7 0 2 7 13 6 3 17 9 2 1 2 7 0 2 7 1 2 11 0 2 4 1 2 7 17 9 2 0 20.3046585321426392
1 2 4 1 2 7 13 6 3 0 2 7 5 30 3 17 18 2 12 16 2 0 2 7 0 2 7 0 2 11 0 2 7 12 16 2 0 2 7 12 16 2 0 2 7 1 2 11 13 6 3 1 2 7 12 16 2 17 9 2 0 20.3046586513519287
5 30 3 12 16 2 0 2 7 0 2 7 0 2 7 17 18 2 12 16 2 5 30 3 12 16 2 1 2 3 0 2 7 6 2 7 13 6 3 1 2 4 0 2 7 0 2 7 0 2 7 0 2 7 1 2 11 16 31 2 0 20.5474986433982849
12 16 2 1 2 7 1 2 7 13 6 3 5 30 3 17 18 2 0 2 11 1 2 7 0 2 7 0 2 7 0 2 3 6 2 7 16 31 2 0 2 7 12 16 2 0 2 4 12 16 2 0 2 7 0 2 7 5 30 3 0 20.5474987626075745
12 16 2 13 6 3 5 31 3 12 16 2 1 2 7 0 2 7 0 2 4 0 2 7 0 2 4 0 2 7 6 2 7 0 2 7 1 2 7 5 30 3 1 2 7 0 2 7 17 9 2 1 2 7 0 2 7 17 9 2 0 20.3487167954444885
0 2 7 13 6 3 0 2 7 5 30 3 17 18 2 12 16 2 12 16 2 0 2 7 1 2 7 0 2 3 1 2 7 12 16 2 0 2 7 5 31 3 1 2 4 0 2 7 16 30 2 1 2 4 0 2 7 0 2 7 0 20.4516057968139648
0 2 7 1 2 7 13 6 3 1 2 7 5 31 3 12 16 2 0 2 7 0 2 7 0 2 4 12 16 2 0 2 7 1 2 7 0 2 7 17 9 2 17 18 2 6 2 4 5 30 3 0 2 7 0 2 7 1 2 7 0 20.3487167954444885

Current Evaluation = 2700(2700)
Front Size = 10
1 2 7 0 2 7 0 2 7 0 2 7 5 30 3 13 6 3 1 2 7 0 2 7 0 2 7 12 16 2 1 2 7 1 2 7 17 18 2 5 31 3 1 2 7 0 2 7 0 2 7 0 2 7 0 2 7 17 9 2 0 20.2646257877349854
1 2 7 13 6 3 1 2 11 5 30 3 12 16 2 0 2 4 0 2 7 1 2 7 12 16 2 0 2 7 12 16 2 0 2 7 0 2 7 17 9 2 0 2 7 17 18 2 1 2 11 0 2 7 13 6 3 12 16 2 0 20.3046585321426392
0 2 3 12 16 2 12 16 2 0 2 7 0 2 7 13 6 3 17 18 2 5 30 3 1 2 7 12 16 2 5 30 3 0 2 7 0 2 7 1 2 7 16 31 2 0 2 7 1 2 4 0 2 7 1 2 4 0 2 7 0 20.4516056776046753
0 2 4 0 2 4 12 16 2 1 2 4 12 16 2 0 2 7 0 2 4 0 2 7 1 2 11 13 6 3 0 2 4 12 16 2 5 31 3 0 2 3 12 16 2 17 18 2 1 2 3 12 16 2 1 2 7 16 6 2 0 20.7315356731414795
12 16 2 5 30 3 1 2 7 5 30 3 16 6 2 0 2 3 0 2 7 0 2 3 0 2 7 1 2 7 16 31 2 0 2 3 1 2 3 0 2 7 0 2 3 0 2 3 1 2 3 0 2 7 1 2 7 0 2 3 0 20.9838578701019287
1 2 7 0 2 4 0 2 7 0 2 7 5 31 3 13 6 3 0 2 7 0 2 7 0 2 7 12 16 2 1 2 7 1 2 4 17 18 2 5 30 3 0 2 7 6 2 7 12 16 2 1 2 7 0 2 7 17 18 2 0 20.3487167954444885
1 2 7 0 2 7 0 2 7 0 2 7 5 30 3 13 6 3 0 2 7 0 2 7 0 2 7 12 16 2 1 2 7 1 2 7 17 18 2 16 31 2 12 16 2 5 30 3 1 2 3 12 16 2 0 2 4 0 2 4 0 20.4516056776046753
1 2 7 12 16 2 0 2 7 12 16 2 13 6 3 1 2 7 0 2 7 0 2 4 17 9 2 12 16 2 0 2 7 12 16 2 1 2 1 1 2 4 5 31 3 1 2 7 0 2 4 0 2 4 0 2 4 17 9 2 0 20.6123768091201782
1 2 7 0 2 7 0 2 7 0 2 7 5 30 3 13 6 3 0 2 7 0 2 7 0 2 7 12 16 2 1 2 7 17 18 2 12 16 2 1 2 7 16 31 2 0 2 7 1 2 4 12 16 2 0 2 4 0 2 4 0.00856877370617754007 20.1409627199172974
1 2 7 0 2 7 0 2 7 0 2 7 5 30 3 13 6 3 0 2 7 0 2 7 0 2 7 12 16 2 1 2 7 17 18 2 0 2 7 0 2 7 5 31 3 17 18 2 1 2 7 1 2 7 0 2 7 12 16 2 0 20.4829757213592529

Current Evaluation = 2880(2880)
Front Size = 10
1 2 7 1 2 7 13 6 3 0 2 7 0 2 7 1 2 7 0 2 7 5 30 3 1 2 7 0 2 7 5 31 3 0 2 7 0 2 7 0 2 7 1 2 7 12 16 2 0 2 7 0 2 7 17 18 2 17 9 2 0 20.2646257877349854
1 2 7 12 16 2 0 2 7 12 16 2 13 6 3 1 2 7 0 2 7 0 2 4 17 9 2 12 16 2 0 2 7 12 16 2 1 2 1 1 2 4 5 31 3 1 2 7 0 2 4 0 2 4 0 2 4 17 9 2 0 20.6123768091201782
12 16 2 5 30 3 1 2 7 5 30 3 16 6 2 0 2 3 0 2 7 0 2 3 0 2 7 1 2 7 16 31 2 0 2 3 1 2 3 0 2 7 0 2 3 0 2 3 1 2 3 0 2 7 1 2 7 0 2 3 0 20.9838578701019287
1 2 7 13 6 3 1 2 11 5 30 3 12 16 2 0 2 4 0 2 7 1 2 7 12 16 2 0 2 7 12 16 2 0 2 7 0 2 7 17 9 2 0 2 7 17 18 2 1 2 11 0 2 7 13 6 3 12 16 2 0 20.3046585321426392
0 2 7 12 16 2 12 16 2 0 2 7 0 2 7 0 2 7 13 6 3 12 16 2 1 2 7 0 2 7 0 2 7 1 2 4 1 2 4 5 30 3 0 2 7 17 9 2 5 30 3 16 31 2 0 2 7 0 2 3 2.60396934374425947e-05 20.5221576690673828
1 2 7 0 2 7 0 2 7 0 2 7 5 30 3 13 6 3 0 2 3 0 2 7 0 2 7 12 16 2 1 2 7 1 2 7 12 16 2 0 2 4 0 2 4 1 2 7 16 31 2 17 9 2 5 30 3 12 16 2 0 20.4516056776046753
0 2 7 12 16 2 12 16 2 0 2 7 0 2 7 0 2 7 13 6 3 12 16 2 1 2 7 0 2 7 0 2 7 1 2 4 1 2 4 5 30 3 0 2 7 17 18 2 5 31 3 1 2 3 1 2 7 16 30 2 0.000589376460893301785 20.3810538053512573
1 2 7 1 2 7 13 6 3 0 2 7 0 2 7 1 2 7 0 2 7 5 30 3 0 2 7 5 31 3 6 2 7 0 2 7 0 2 7 12 16 2 17 18 2 17 9 2 12 16 2 1 2 4 0 2 4 0 2 7 0 20.3487167954444885
1 2 7 1 2 7 13 6 3 0 2 7 0 2 7 1 2 7 0 2 7 5 31 3 12 16 2 5 30 3 1 2 7 1 2 1 12 16 2 0 2 4 0 2 7 1 2 7 12 16 2 17 9 2 17 18 2 17 18 2 0.0921764689954506916 20.5621167421340942
0 2 7 12 16 2 12 16 2 0 2 7 0 2 3 0 2 7 13 6 3 12 16 2 5 30 3 0 2 7 1 2 7 1 2 4 1 2 7 5 30 3 1 2 7 0 2 7 17 9 2 16 31 2 0 2 7 0 2 4 0 20.4516056776046753

Current Evaluation = 3060(3060)
Front Size = 10
12 16 2 0 2 7 1 2 7 5 31 3 1 2 7 0 2 7 0 2 7 1 2 7 1 2 7 0 2 7 17 9 2 0 2 7 0 2 7 17 9 2 5 30 3 13 6 3 1 2 7 0 2 7 0 2 7 0 2 7 0 20.2646257877349854
0 2 11 13 6 3 12 16 2 13 6 3 0 2 4 1 2 7 12 16 2 1 2 11 12 16 2 1 2 7 17 9 2 12 16 2 5 30 3 0 2 7 0 2 3 0 2 4 1 2 7 17 9 2 0 2 3 0 2 3 0 20.5846587419509888
5 30 3 13 6 3 12 16 2 1 2 11 1 2 4 12 16 2 0 2 7 12 16 2 0 2 7 0 2 7 17 9 2 0 2 7 0 2 7 1 2 7 13 6 3 12 16 2 0 2 7 17 9 2 0 2 7 1 2 11 0 20.3046585321426392
1 2 7 12 16 2 0 2 7 12 16 2 13 6 3 1 2 7 0 2 7 0 2 4 17 9 2 12 16 2 0 2 7 12 16 2 1 2 1 1 2 4 5 31 3 1 2 7 0 2 4 0 2 4 0 2 4 17 9 2 0 20.6123768091201782
12 16 2 5 30 3 1 2 7 5 30 3 16 6 2 0 2 3 0 2 7 0 2 3 0 2 7 1 2 7 16 31 2 0 2 3 1 2 3 0 2 7 0 2 3 0 2 3 1 2 3 0 2 7 1 2 7 0 2 3 0 20.9838578701019287
12 16 2 5 30 3 6 2 7 0 2 7 0 2 7 0 2 7 0 2 7 17 18 2 0 2 7 0 2 7 12 16 2 13 6 3 1 2 7 1 2 11 16 31 2 1 2 7 12 16 2 0 2 4 5 30 3 1 2 7 0.000672667212198937081 20.3769466280937195
12 16 2 5 30 3 6 2 7 0 2 7 0 2 7 0 2 7 0 2 7 17 18 2 0 2 7 0 2 7 12 16 2 13 6 3 1 2 7 5 31 3 1 2 4 0 2 7 17 18 2 1 2 4 1 2 7 0 2 7 0 20.3487167954444885
12 16 2 0 2 7 1 2 7 0 2 4 12 16 2 13 6 3 1 2 3 5 30 3 5 31 3 0 2 7 1 2 7 16 30 2 1 2 7 0 2 7 0 2 7 0 2 7 0 2 7 17 9 2 0 2 4 12 16 2 0 20.4516057968139648
12 16 2 0 2 7 1 2 4 5 31 3 1 2 7 0 2 7 0 2 7 6 2 7 1 2 7 1 2 7 17 9 2 0 2 4 0 2 7 17 9 2 5 30 3 13 6 3 12 16 2 0 2 7 0 2 7 0 2 7 0 20.3487167954444885
13 6 3 12 16 2 0 2 4 0 2 7 5 31 3 0 2 7 1 2 7 6 2 7 0 2 7 0 2 7 0 2 7 1 2 7 5 30 3 17 18 2 1 2 7 1 2 7 0 2 7 17 18 2 12 16 2 0 2 4 0 20.3487167954444885

Current Evaluation = 3240(3240)
Front Size = 10
13 6 3 0 2 7 0 2 7 1 2 7 5 30 3 0 2 7 1 2 7 0 2 7 1 2 7 0 2 7 1 2 7 5 31 3 0 2 7 0 2 7 0 2 7 1 2 7 12 16 2 0 2 7 17 9 2 17 18 2 0 20.2646257877349854
13 6 3 0 2 7 0 2 7 1 2 7 5 30 3 0 2 7 1 2 7 0 2 7 1 2 7 0 2 7 17 9 2 1 2 7 5 31 3 0 2 7 17 9 2 0 2 7 0 2 7 1 2 7 12 16 2 0 2 7 0 20.2646257877349854
13 6 3 12 16 2 0 2 7 0 2 7 0 2 7 0 2 7 1 2 7 0 2 7 1 2 7 5 30 3 17 18 2 1 2 7 17 18 2 0 2 7 1 2 7 5 31 3 0 2 7 0 2 7 0 2 7 1 2 7 0 20.2646257877349854
1 2 7 12 16 2 5 31 3 12 16 2 13 6 3 0 2 7 17 18 2 12 16 2 0 2 1 12 16 2 1 2 4 1 2 4 17 18 2 0 2 7 0 2 4 1 2 4 0 2 7 1 2 7 0 2 7 0 2 4 0 20.6123768091201782
1 2 11 12 16 2 0 2 4 12 16 2 13 6 3 1 2 7 17 9 2 12 16 2 0 2 7 12 16 2 0 2 7 0 2 7 0 2 7 1 2 7 1 2 11 13 6 3 0 2 7 0 2 7 5 30 3 17 9 2 0 20.3046585321426392
1 2 7 12 16 2 0 2 7 12 16 2 13 6 3 1 2 7 0 2 7 0 2 4 17 9 2 12 16 2 0 2 7 12 16 2 1 2 1 1 2 4 5 31 3 1 2 7 0 2 4 0 2 4 0 2 4 17 9 2 0 20.6123768091201782
13 6 3 12 16 2 0 2 7 0 2 7 0 2 7 1 2 7 1 2 7 1 2 7 5 31 3 0 2 7 0 2 7 0 2 4 17 9 2 0 2 4 0 2 7 1 2 7 12 16 2 12 16 2 0 2 7 12 16 2 0.00410732117603265692 20.6504817008972168
13 6 3 12 16 2 0 2 7 1 2 7 5 30 3 13 6 3 0 2 7 1 2 11 12 16 2 0 2 7 0 2 7 1 2 11 12 16 2 12 16 2 17 9 2 0 2 7 1 2 4 0 2 7 17 18 2 0 2 7 0 20.3046585321426392
13 6 3 12 16 2 1 2 7 0 2 7 0 2 7 0 2 7 0 2 7 0 2 7 1 2 7 5 30 3 17 18 2 1 2 11 17 18 2 1 2 7 12 16 2 12 16 2 0 2 4 13 6 3 0 2 11 12 16 2 0 20.3046586513519287
13 6 3 12 16 2 0 2 7 0 2 7 5 31 3 0 2 7 0 2 7 1 2 7 0 2 4 0 2 7 0 2 7 1 2 7 5 30 3 17 18 2 1 2 4 17 18 2 1 2 7 0 2 7 6 2 7 12 16 2 0 20.3487167954444885

Current Evaluation = 3420(3420)
Front Size = 10
13 6 3 0 2 7 0 2 7 1 2 7 5 30 3 0 2 7 1 2 7 0 2 7 17 9 2 0 2 7 0 2 7 0 2 7 1 2 7 1 2 7 12 16 2 5 31 3 0 2 7 0 2 7 1 2 7 17 18 2 0 20.2646257877349854
13 6 3 12 16 2 0 2 7 0 2 7 5 31 3 0 2 7 0 2 7 1 2 7 0 2 7 0 2 7 0 2 7 1 2 7 5 30 3 17 18 2 1 2 7 17 18 2 1 2 7 0 2 7 0 2 7 1 2 7 0 20.2646257877349854
1 2 7 12 16 2 0 2 7 12 16 2 13 6 3 1 2 7 0 2 7 0 2 4 17 9 2 12 16 2 0 2 7 12 16 2 1 2 1 1 2 4 5 31 3 1 2 7 0 2 4 0 2 4 0 2 4 17 9 2 0 20.6123768091201782
13 6 3 0 2 7 0 2 7 1 2 7 5 30 3 0 2 7 1 2 7 0 2 7 17 9 2 0 2 7 0 2 7 0 2 7 1 2 7 1 2 7 12 16 2 5 31 3 0 2 7 0 2 7 1 2 7 17 9 2 0 20.2646257877349854
1 2 11 12 16 2 12 16 2 13 6 3 1 2 7 12 16 2 0 2 7 12 16 2 0 2 7 0 2 7 0 2 7 1 2 11 13 6 3 0 2 7 0 2 7 5 30 3 17 18 2 1 2 4 17 9 2 0 2 7 0 20.3046585321426392
13 6 3 12 16 2 0 2 7 1 2 7 5 30 3 0 2 7 0 2 7 0 2 7 12 16 2 0 2 7 17 18 2 17 18 2 1 2 11 13 6 3 1 2 7 12 16 2 1 2 11 12 16 2 0 2 7 0 2 4 0 20.3046585321426392
5 30 3 12 16 2 12 16 2 16 30 2 0 2 3 1 2 11 0 2 7 0 2 7 17 18 2 0 2 7 6 2 7 5 31 3 0 2 4 0 2 7 1 2 7 0 2 7 12 16 2 1 2 7 13 6 3 0 2 7 0 20.5474987626075745
5 30 3 12 16 2 12 16 2 13 6 3 0 2 7 1 2 11 0 2 7 1 2 11 17 9 2 0 2 7 1 2 7 0 2 7 0 2 7 0 2 7 1 2 7 0 2 4 0 2 7 12 16 2 1 2 7 17 9 2 0.000497646310675362523 20.4484995603561401
13 6 3 12 16 2 0 2 7 0 2 7 0 2 7 0 2 7 1 2 7 0 2 7 0 2 7 0 2 7 5 30 3 17 18 2 17 9 2 5 31 3 1 2 7 1 2 4 1 2 11 0 2 7 12 16 2 12 16 2 0 20.7103736400604248
13 6 3 0 2 7 0 2 7 1 2 7 5 30 3 0 2 7 1 2 7 0 2 7 0 2 7 0 2 7 12 16 2 12 16 2 1 2 11 1 2 7 1 2 7 1 2 11 0 2 7 0 2 7 17 18 2 17 9 2 0.000268634317861227699 20.2501496076583862

Current Evaluation = 3600(3600)
Front Size = 10
13 6 3 12 16 2 0 2 7 0 2 7 0 2 7 0 2 7 0 2 7 0 2 7 5 30 3 5 31 3 1 2 7 0 2 7 1 2 7 1 2 7 0 2 7 0 2 7 1 2 7 1 2 7 17 9 2 17 18 2 0 20.2646257877349854
13 6 3 12 16 2 0 2 7 0 2 7 0 2 7 0 2 7 0 2 7 0 2 7 5 30 3 5 31 3 1 2 7 0 2 7 1 2 7 1 2 7 0 2 7 0 2 7 1 2 7 1 2 7 17 9 2 17 9 2 0 20.2646257877349854
1 2 11 12 16 2 12 16 2 13 6 3 1 2 7 12 16 2 0 2 7 12 16 2 0 2 7 0 2 4 0 2 7 1 2 11 13 6 3 0 2 7 0 2 7 5 30 3 17 18 2 17 18 2 1 2 7 0 2 7 0 20.3046585321426392
13 6 3 12 16 2 0 2 7 0 2 7 5 30 3 1 2 4 0 2 7 0 2 7 12 16 2 1 2 11 1 2 7 0 2 7 13 6 3 12 16 2 0 2 7 12 16 2 0 2 7 17 9 2 1 2 11 17 9 2 0 20.3046585321426392
13 6 3 12 16 2 0 2 7 0 2 7 0 2 7 0 2 7 0 2 7 0 2 7 5 30 3 5 31 3 1 2 7 0 2 7 1 2 7 1 2 7 0 2 7 0 2 7 1 2 7 1 2 7 17 18 2 17 18 2 0 20.2646257877349854
1 2 7 12 16 2 0 2 7 12 16 2 13 6 3 1 2 7 0 2 7 0 2 4 17 9 2 12 16 2 0 2 7 12 16 2 1 2 1 1 2 4 5 31 3 1 2 7 0 2 4 0 2 4 0 2 4 17 9 2 0 20.6123768091201782
13 6 3 12 16 2 6 2 7 0 2 7 0 2 7 1 2 7 17 18 2 5 30 3 0 2 7 0 2 7 1 2 7 12 16 2 1 2 4 1 2 7 0 2 7 0 2 7 0 2 4 5 31 3 0 2 7 17 9 2 0 20.3487167954444885
13 6 3 12 16 2 0 2 7 0 2 3 5 31 3 0 2 7 1 2 7 0 2 7 0 2 4 1 2 7 12 16 2 0 2 7 1 2 7 5 30 3 17 18 2 0 2 7 12 16 2 16 30 2 0 2 4 1 2 7 0 20.4516057968139648
1 2 11 12 16 2 12 16 2 13 6 3 1 2 7 12 16 2 0 2 7 12 16 2 0 2 7 0 2 7 0 2 7 1 2 11 13 6 3 0 2 7 0 2 7 5 30 3 17 18 2 1 2 4 17 9 2 0 2 7 0 20.3046585321426392
1 2 7 12 16 2 0 2 7 12 16 2 13 6 3 1 2 11 0 2 7 0 2 7 17 9 2 12 16 2 0 2 7 12 16 2 1 2 7 13 6 3 5 31 3 1 2 3 0 2 7 0 2 7 0 2 7 17 9 2 0 20.4253376722335815

MonoObjective Genetic Algorithm
Number of Evaluations = 0
Mutation Probability = 0
Crossover Probability = 1
Population Size = 10
Survival Selection Type = 16

Time =  3609.43906092643738

Current Evaluation = 3280
Front Size = 10
13 6 3 12 16 2 0 2 7 0 2 7 0 2 7 0 2 7 0 2 7 0 2 7 5 30 3 5 31 3 1 2 7 0 2 7 1 2 7 1 2 7 0 2 7 0 2 7 1 2 7 1 2 7 17 9 2 17 18 2 0 20.2646257877349854
13 6 3 12 16 2 0 2 7 0 2 7 0 2 7 0 2 7 0 2 7 0 2 7 5 30 3 5 31 3 1 2 7 0 2 7 1 2 7 1 2 7 0 2 7 0 2 7 1 2 7 1 2 7 17 9 2 17 9 2 0 20.2646257877349854
1 2 11 12 16 2 12 16 2 13 6 3 1 2 7 12 16 2 0 2 7 12 16 2 0 2 7 0 2 4 0 2 7 1 2 11 13 6 3 0 2 7 0 2 7 5 30 3 17 18 2 17 18 2 1 2 7 0 2 7 0 20.3046585321426392
13 6 3 12 16 2 0 2 7 0 2 7 5 30 3 1 2 4 0 2 7 0 2 7 12 16 2 1 2 11 1 2 7 0 2 7 13 6 3 12 16 2 0 2 7 12 16 2 0 2 7 17 9 2 1 2 11 17 9 2 0 20.3046585321426392
13 6 3 12 16 2 0 2 7 0 2 7 0 2 7 0 2 7 0 2 7 0 2 7 5 30 3 5 31 3 1 2 7 0 2 7 1 2 7 1 2 7 0 2 7 0 2 7 1 2 7 1 2 7 17 18 2 17 18 2 0 20.2646257877349854
1 2 7 12 16 2 0 2 7 12 16 2 13 6 3 1 2 7 0 2 7 0 2 4 17 9 2 12 16 2 0 2 7 12 16 2 1 2 1 1 2 4 5 31 3 1 2 7 0 2 4 0 2 4 0 2 4 17 9 2 0 20.6123768091201782
13 6 3 12 16 2 6 2 7 0 2 7 0 2 7 1 2 7 17 18 2 5 30 3 0 2 7 0 2 7 1 2 7 12 16 2 1 2 4 1 2 7 0 2 7 0 2 7 0 2 4 5 31 3 0 2 7 17 9 2 0 20.3487167954444885
13 6 3 12 16 2 0 2 7 0 2 3 5 31 3 0 2 7 1 2 7 0 2 7 0 2 4 1 2 7 12 16 2 0 2 7 1 2 7 5 30 3 17 18 2 0 2 7 12 16 2 16 30 2 0 2 4 1 2 7 0 20.4516057968139648
1 2 11 12 16 2 12 16 2 13 6 3 1 2 7 12 16 2 0 2 7 12 16 2 0 2 7 0 2 7 0 2 7 1 2 11 13 6 3 0 2 7 0 2 7 5 30 3 17 18 2 1 2 4 17 9 2 0 2 7 0 20.3046585321426392
1 2 7 12 16 2 0 2 7 12 16 2 13 6 3 1 2 11 0 2 7 0 2 7 17 9 2 12 16 2 0 2 7 12 16 2 1 2 7 13 6 3 5 31 3 1 2 3 0 2 7 0 2 7 0 2 7 17 9 2 0 20.4253376722335815

