Current Evaluation = 180(180)
Front Size = 10
5 30 3 0 2 7 0 2 7 0 2 7 0 2 7 12 16 2 0 2 7 0 2 7 17 18 2 0 2 7 13 6 3 1 2 7 5 31 3 0 2 7 1 2 7 1 2 7 1 2 7 0 2 7 17 18 2 1 2 7 0 20.2646257877349854
5 30 3 17 9 2 1 2 11 0 2 7 12 16 2 0 2 7 5 30 3 0 2 7 0 2 11 13 6 3 12 16 2 1 2 7 0 2 7 0 2 7 1 2 4 17 9 2 0 2 7 15 2 11 1 2 7 0 2 4 0 20.6221417188644409
0 2 3 1 2 7 0 2 7 1 2 7 1 2 7 5 30 3 8 18 2 17 18 2 0 2 4 0 2 11 5 30 3 0 2 7 0 2 11 1 2 7 17 9 2 1 2 11 1 2 4 0 2 7 0 2 7 0 2 11 0 20.8198410272598267
5 30 3 0 2 11 0 2 7 0 2 7 0 2 7 1 2 3 0 2 11 5 30 3 1 2 11 0 2 11 0 2 7 0 2 11 12 16 2 1 2 7 1 2 7 17 18 2 0 2 7 17 18 2 1 2 3 13 6 3 0 20.8623470067977905
1 2 11 0 2 3 0 2 3 5 30 3 0 2 7 0 2 3 5 30 3 0 2 7 0 2 7 0 2 3 0 2 3 5 30 3 0 2 7 12 16 2 16 19 11 16 19 11 0 2 7 0 2 3 1 2 11 0 2 3 0 22.1521545648574829
12 16 2 12 16 2 0 2 3 0 2 3 0 2 7 0 2 3 0 2 11 1 2 3 12 16 2 12 16 2 13 6 3 1 2 7 0 2 7 0 2 7 16 30 2 5 30 3 5 31 3 1 2 7 0 2 7 16 30 2 0 20.8703879117965698
5 30 3 0 2 7 12 16 2 0 2 11 0 2 7 0 2 8 1 2 12 12 16 2 0 2 8 5 31 3 0 2 12 5 30 3 17 18 2 0 2 7 0 2 7 16 6 2 0 2 7 0 2 3 1 2 7 13 6 3 0 21.344931960105896
12 16 2 1 2 7 0 2 7 1 2 7 0 2 4 0 2 7 0 2 7 1 2 7 17 1 2 5 30 3 5 31 3 0 2 7 12 16 2 0 2 7 6 2 3 0 2 7 0 2 3 0 2 7 17 9 2 1 2 3 0 20.8886117935180664
0 2 3 0 2 7 0 2 12 0 2 12 12 16 2 5 30 3 6 2 7 0 2 7 13 6 3 1 2 7 0 2 3 1 2 8 5 31 3 0 2 11 1 2 11 0 2 7 17 9 2 0 2 7 5 30 3 17 9 2 0 21.2815138697624207
0 2 7 1 2 7 0 2 7 1 2 7 0 2 7 0 2 7 5 31 3 17 18 2 0 2 7 0 2 7 1 2 11 5 30 3 16 19 11 0 2 3 0 2 4 6 2 11 0 2 7 0 2 3 0 2 3 0 2 3 0.0100462691081946061 21.2671228647232056

Current Evaluation = 360(360)
Front Size = 10
5 31 3 0 2 7 1 2 7 0 2 7 0 2 7 0 2 7 0 2 7 5 30 3 1 2 7 0 2 7 0 2 7 1 2 7 12 16 2 0 2 7 1 2 7 17 18 2 0 2 7 17 18 2 1 2 7 13 6 3 0 20.2646257877349854
0 2 7 1 2 11 12 16 2 12 16 2 5 30 3 0 2 7 1 2 7 0 2 7 0 2 7 0 2 7 12 16 2 1 2 3 0 2 7 17 9 2 0 2 7 13 6 3 8 9 2 5 30 3 16 6 2 0 2 4 0 20.6301085948944092
0 2 3 0 2 7 0 2 12 0 2 12 12 16 2 5 30 3 6 2 7 0 2 7 13 6 3 1 2 7 0 2 3 1 2 8 5 31 3 0 2 11 1 2 11 0 2 7 17 9 2 0 2 7 5 30 3 17 9 2 0 21.2815138697624207
0 2 7 0 2 7 12 16 2 12 16 2 0 2 7 0 2 7 0 2 3 1 2 4 0 2 3 5 31 3 0 2 7 5 30 3 16 30 2 16 24 2 8 18 2 0 2 7 12 16 2 0 2 7 1 2 7 1 2 7 0 20.8956458568572998
0 2 7 0 2 7 0 2 7 6 2 7 0 2 7 16 6 2 0 2 7 5 30 3 0 2 11 6 2 7 0 2 7 1 2 11 5 31 3 17 18 2 12 16 2 5 31 3 0 2 7 1 2 11 0 2 11 0 2 7 0 21.1354858875274658
1 2 11 0 2 3 0 2 3 5 30 3 0 2 7 0 2 3 5 30 3 0 2 7 0 2 7 0 2 3 0 2 3 5 30 3 0 2 7 12 16 2 16 19 11 16 19 11 0 2 7 0 2 3 1 2 11 0 2 3 0 22.1521545648574829
0 2 7 1 2 7 0 2 7 1 2 7 0 2 7 0 2 7 5 31 3 17 18 2 0 2 7 0 2 7 1 2 11 5 30 3 16 19 11 0 2 3 0 2 4 6 2 11 0 2 7 0 2 3 0 2 3 0 2 3 0.0100462691081946061 21.2671228647232056
0 2 7 0 2 7 12 16 2 1 2 7 1 2 7 1 2 7 0 2 7 0 2 7 5 30 3 0 2 7 8 18 2 0 2 4 12 16 2 0 2 7 0 2 7 0 2 7 16 15 2 17 9 2 5 30 3 8 18 2 0 20.8408946990966797
12 16 2 12 16 2 0 2 7 0 2 7 0 2 7 1 2 7 0 2 3 1 2 3 12 16 2 12 16 2 13 6 3 1 2 11 0 2 3 0 2 7 16 30 2 5 30 3 5 30 3 0 2 3 0 2 7 16 31 2 0 20.8703876733779907
5 31 3 1 2 3 0 2 3 0 2 4 0 2 7 12 16 2 1 2 7 0 2 7 0 2 7 0 2 7 0 2 3 5 30 3 0 2 7 0 2 7 17 18 2 1 2 7 16 18 11 1 2 7 0 2 4 1 2 7 0 20.9542428851127625

Current Evaluation = 540(540)
Front Size = 10
1 2 7 12 16 2 1 2 7 0 2 7 13 6 3 1 2 7 5 31 3 1 2 7 17 9 2 0 2 7 0 2 7 0 2 7 1 2 7 17 18 2 0 2 7 0 2 7 0 2 7 0 2 7 5 30 3 0 2 7 0 20.2646257877349854
1 2 11 0 2 3 0 2 3 5 30 3 0 2 7 0 2 3 5 30 3 0 2 7 0 2 7 0 2 3 0 2 3 5 30 3 0 2 7 12 16 2 16 19 11 16 19 11 0 2 7 0 2 3 1 2 11 0 2 3 0 22.1521545648574829
0 2 7 12 16 2 0 2 7 0 2 4 0 2 7 5 31 3 0 2 7 17 9 2 6 2 7 1 2 7 0 2 7 5 31 3 1 2 11 6 2 7 12 16 2 0 2 3 1 2 7 0 2 7 16 6 2 0 2 4 0 20.783288836479187
5 30 3 0 2 7 0 2 4 12 16 2 0 2 7 0 2 7 17 9 2 1 2 7 0 2 7 13 6 3 1 2 7 0 2 7 1 2 7 12 16 2 5 30 3 1 2 7 12 16 2 0 2 4 16 31 2 0 2 3 0 20.4516056776046753
0 2 8 0 2 8 0 2 3 0 2 3 1 2 8 5 30 3 5 30 3 0 2 8 0 2 8 0 2 11 0 2 8 0 2 3 0 2 3 6 2 8 5 30 3 12 16 2 8 18 2 16 6 2 16 19 11 0 2 3 1.2418897484839056e-05 22.5956511497497559
0 2 7 12 16 2 5 30 3 1 2 11 6 2 7 1 2 12 5 31 3 0 2 7 0 2 7 0 2 12 17 9 2 0 2 12 0 2 7 0 2 7 0 2 7 13 6 3 0 2 7 1 2 7 5 30 3 17 9 2 0 20.9407138228416443
5 30 3 1 2 7 12 16 2 16 15 2 0 2 3 8 18 2 0 2 7 0 2 11 0 2 4 0 2 7 0 2 7 1 2 3 0 2 3 0 2 7 17 18 2 0 2 7 1 2 7 0 2 7 0 2 7 5 30 3 0 21.0394438505172729
0 2 7 12 16 2 5 31 3 0 2 11 1 2 11 5 30 3 0 2 4 1 2 10 1 2 11 6 2 7 1 2 7 0 2 7 0 2 7 0 2 4 0 2 11 0 2 7 17 18 2 17 9 2 0 2 7 0 2 4 0 20.995509922504425
1 2 4 0 2 7 1 2 4 13 6 3 0 2 7 0 2 7 1 2 3 0 2 7 5 30 3 12 16 2 12 16 2 12 16 2 0 2 7 1 2 7 5 31 3 17 18 2 16 30 2 0 2 7 0 2 7 0 2 7 0 20.4516057968139648
1 2 7 1 2 3 5 30 3 1 2 7 0 2 7 0 2 3 5 31 3 1 2 11 0 2 7 0 2 3 17 9 2 0 2 7 0 2 7 0 2 7 0 2 3 0 2 7 1 2 7 0 2 7 1 2 7 16 30 2 0 20.6688989400863647

Current Evaluation = 720(720)
Front Size = 10
0 2 7 1 2 7 5 30 3 1 2 7 0 2 7 1 2 7 0 2 7 0 2 7 5 31 3 1 2 7 17 9 2 0 2 7 1 2 7 17 9 2 12 16 2 0 2 7 13 6 3 0 2 7 0 2 7 0 2 7 0 20.2646257877349854
5 30 3 0 2 11 0 2 11 0 2 13 0 2 7 12 16 2 6 2 11 8 18 2 1 2 11 0 2 3 0 2 7 5 30 3 0 2 11 0 2 8 17 18 2 0 2 7 16 19 11 1 2 8 0 2 7 5 30 3 0 22.0692899227142334
0 2 8 0 2 8 0 2 3 0 2 3 1 2 8 5 30 3 5 30 3 0 2 8 0 2 8 0 2 11 0 2 8 0 2 3 0 2 3 6 2 8 5 30 3 12 16 2 8 18 2 16 6 2 16 19 11 0 2 3 1.2418897484839056e-05 22.5956511497497559
1 2 11 0 2 7 0 2 7 5 31 3 12 16 2 12 16 2 0 2 4 6 2 7 5 31 3 0 2 7 6 2 7 1 2 7 0 2 7 17 9 2 0 2 4 1 2 3 0 2 7 16 6 2 0 2 7 0 2 7 0 20.783288836479187
0 2 7 1 2 4 5 30 3 1 2 7 0 2 7 0 2 11 0 2 7 0 2 7 5 31 3 12 16 2 1 2 7 0 2 11 0 2 3 0 2 4 0 2 3 6 2 7 0 2 3 12 16 2 15 2 1 16 9 11 0.00262394545791738883 21.626284122467041
5 30 3 0 2 7 12 16 2 0 2 4 0 2 4 0 2 7 1 2 7 1 2 7 13 6 3 0 2 7 5 30 3 0 2 7 0 2 7 17 9 2 12 16 2 0 2 3 12 16 2 1 2 7 16 31 2 1 2 7 0 20.4516056776046753
12 16 2 0 2 7 0 2 7 0 2 11 5 31 3 5 30 3 12 16 2 0 2 11 5 30 3 0 2 7 16 6 2 17 9 2 6 2 11 0 2 11 15 2 11 0 2 7 6 2 11 0 2 11 0 2 11 0 2 7 0 21.7031540870666504
12 16 2 5 30 3 5 30 3 1 2 12 1 2 8 8 18 2 0 2 7 0 2 7 0 2 7 0 2 3 16 19 11 0 2 3 0 2 7 1 2 3 17 9 2 0 2 3 0 2 3 0 2 7 0 2 11 1 2 1 0 21.8742018938064575
1 2 4 0 2 7 1 2 4 13 6 3 0 2 7 0 2 7 1 2 3 0 2 7 5 30 3 12 16 2 12 16 2 12 16 2 0 2 7 1 2 7 5 31 3 17 18 2 16 30 2 0 2 7 0 2 7 0 2 7 0 20.4516057968139648
1 2 4 5 30 3 1 2 7 0 2 10 5 31 3 0 2 7 17 9 2 0 2 4 0 2 7 0 2 7 0 2 4 1 2 11 0 2 7 1 2 7 0 2 7 17 18 2 1 2 11 0 2 7 0 2 7 1 2 7 0 20.6016668081283569

Current Evaluation = 900(900)
Front Size = 10
1 2 7 12 16 2 1 2 7 5 31 3 17 9 2 1 2 7 17 9 2 0 2 7 13 6 3 0 2 7 0 2 7 0 2 7 0 2 7 0 2 7 5 30 3 0 2 7 0 2 7 0 2 7 1 2 7 1 2 7 0 20.2646257877349854
0 2 7 0 2 7 12 16 2 1 2 4 0 2 7 0 2 7 1 2 11 17 9 2 1 2 11 13 6 3 0 2 7 5 30 3 12 16 2 17 18 2 13 6 3 0 2 7 12 16 2 12 16 2 0 2 7 1 2 7 0 20.3046585321426392
12 16 2 5 30 3 12 16 2 6 2 7 0 2 4 0 2 11 0 2 4 0 2 3 17 9 2 0 2 3 0 2 3 1 2 3 12 16 2 0 2 6 1 2 7 0 2 3 5 30 3 16 6 2 0 2 11 13 6 3 0 21.1527488827705383
5 30 3 0 2 11 0 2 11 0 2 13 0 2 7 12 16 2 6 2 11 8 18 2 1 2 11 0 2 3 0 2 7 5 30 3 0 2 11 0 2 8 17 18 2 0 2 7 16 19 11 1 2 8 0 2 7 5 30 3 0 22.0692899227142334
13 6 3 1 2 7 12 16 2 0 2 7 0 2 4 0 2 11 12 16 2 5 30 3 12 16 2 17 9 2 0 2 3 0 2 7 1 2 7 1 2 7 17 9 2 0 2 7 13 6 3 1 2 12 12 16 2 0 2 4 0 20.3980587720870972
12 16 2 5 30 3 12 16 2 1 2 7 1 2 7 0 2 7 0 2 7 0 2 4 17 18 2 0 2 7 1 2 7 0 2 7 12 16 2 16 31 2 0 2 4 0 2 7 5 30 3 0 2 7 1 2 3 13 6 3 0 20.4516056776046753
1 2 7 0 2 4 12 16 2 1 2 7 0 2 11 0 2 4 12 16 2 5 31 3 12 16 2 17 9 2 0 2 4 1 2 7 0 2 4 0 2 4 17 9 2 1 2 7 13 6 3 1 2 11 12 16 2 0 2 7 0 20.6165767908096313
1 2 7 1 2 3 12 16 2 0 2 7 0 2 7 0 2 7 0 2 7 12 16 2 0 2 7 1 2 7 0 2 7 0 2 7 1 2 3 5 30 3 16 6 2 0 2 7 0 2 7 0 2 7 5 31 3 16 31 2 0 20.7024867534637451
12 16 2 0 2 7 17 18 2 5 30 3 8 9 2 0 2 7 0 2 7 0 2 3 0 2 7 5 30 3 1 2 7 0 2 7 1 2 7 0 2 7 17 1 2 0 2 7 0 2 7 1 2 4 1 2 7 12 16 2 0 20.7358447313308716
12 16 2 0 2 7 1 2 7 0 2 4 5 30 3 1 2 7 0 2 7 16 6 2 0 2 7 0 2 3 0 2 7 0 2 3 0 2 3 1 2 7 5 31 3 16 31 2 12 16 2 1 2 7 0 2 7 0 2 7 0 20.7824867963790894

Current Evaluation = 1080(1080)
Front Size = 10
1 2 7 1 2 7 1 2 7 0 2 7 17 9 2 0 2 7 17 18 2 13 6 3 5 30 3 0 2 7 0 2 7 0 2 7 1 2 7 5 31 3 0 2 7 12 16 2 1 2 7 0 2 7 0 2 7 0 2 7 0 20.2646257877349854
1 2 7 0 2 4 12 16 2 1 2 7 0 2 11 0 2 4 12 16 2 5 31 3 12 16 2 17 9 2 0 2 4 1 2 7 0 2 4 0 2 4 17 9 2 1 2 7 13 6 3 1 2 11 12 16 2 0 2 7 0 20.6165767908096313
12 16 2 5 30 3 12 16 2 6 2 7 0 2 4 0 2 11 0 2 4 0 2 3 17 9 2 0 2 3 0 2 3 1 2 3 12 16 2 0 2 6 1 2 7 0 2 3 5 30 3 16 6 2 0 2 11 13 6 3 0 21.1527488827705383
12 16 2 13 6 3 12 16 2 0 2 7 17 9 2 12 16 2 1 2 7 13 6 3 1 2 11 1 2 7 12 16 2 0 2 4 17 9 2 0 2 7 0 2 7 0 2 7 0 2 7 5 30 3 1 2 11 0 2 7 0 20.3046585321426392
0 2 3 1 2 4 12 16 2 0 2 7 12 16 2 5 30 3 12 16 2 16 6 2 13 6 3 1 2 7 0 2 3 0 2 7 6 2 4 5 31 3 0 2 7 0 2 7 0 2 7 1 2 7 17 18 2 0 2 7 0 20.5632757544517517
0 2 7 0 2 7 12 16 2 1 2 7 12 16 2 5 30 3 0 2 7 17 9 2 13 6 3 0 2 7 0 2 7 0 2 7 0 2 7 16 30 2 1 2 3 1 2 11 5 31 3 0 2 7 6 2 4 12 16 2 0 20.5474987626075745
1 2 7 12 16 2 0 2 4 0 2 7 0 2 7 0 2 7 1 2 7 17 18 2 13 6 3 17 18 2 5 30 3 0 2 7 6 2 7 0 2 7 0 2 4 12 16 2 0 2 7 1 2 7 1 2 7 5 31 3 0 20.3487167954444885
5 30 3 0 2 11 0 2 11 0 2 13 0 2 7 12 16 2 6 2 11 8 18 2 1 2 11 0 2 3 0 2 7 5 30 3 0 2 11 0 2 8 17 18 2 0 2 7 16 19 11 1 2 8 0 2 7 5 30 3 0 22.0692899227142334
13 6 3 1 2 7 12 16 2 0 2 7 0 2 4 0 2 11 12 16 2 5 30 3 12 16 2 17 9 2 0 2 3 0 2 7 1 2 7 1 2 7 17 9 2 0 2 7 13 6 3 1 2 12 12 16 2 0 2 4 0 20.3980587720870972
0 2 7 1 2 7 12 16 2 6 2 7 12 16 2 5 31 3 0 2 3 17 9 2 13 6 3 0 2 7 1 2 7 0 2 7 0 2 7 16 24 2 0 2 7 0 2 7 5 30 3 0 2 7 1 2 7 12 16 2 0 20.5451107621192932

Current Evaluation = 1260(1260)
Front Size = 10
1 2 7 17 9 2 0 2 7 13 6 3 0 2 7 17 9 2 0 2 7 5 30 3 1 2 7 1 2 7 0 2 7 0 2 7 0 2 7 1 2 7 0 2 7 1 2 7 0 2 7 12 16 2 5 31 3 0 2 7 0 20.2646257877349854
1 2 7 12 16 2 13 6 3 5 30 3 17 18 2 0 2 7 0 2 4 0 2 7 0 2 7 1 2 11 0 2 7 17 18 2 1 2 7 12 16 2 0 2 7 0 2 7 13 6 3 12 16 2 1 2 11 12 16 2 0 20.3046585321426392
12 16 2 5 30 3 12 16 2 6 2 7 0 2 4 0 2 11 0 2 4 0 2 3 17 9 2 0 2 3 0 2 3 1 2 3 12 16 2 0 2 6 1 2 7 0 2 3 5 30 3 16 6 2 0 2 11 13 6 3 0 21.1527488827705383
1 2 7 12 16 2 13 6 3 5 30 3 17 18 2 0 2 4 0 2 7 0 2 7 0 2 7 1 2 7 0 2 7 17 18 2 1 2 7 12 16 2 0 2 7 6 2 7 0 2 4 5 31 3 1 2 7 0 2 7 0 20.3487167954444885
1 2 7 0 2 4 12 16 2 1 2 7 0 2 11 0 2 4 12 16 2 5 31 3 12 16 2 17 9 2 0 2 4 1 2 7 0 2 4 0 2 4 17 9 2 1 2 7 13 6 3 1 2 11 12 16 2 0 2 7 0 20.6165767908096313
5 31 3 0 2 11 1 2 7 0 2 3 0 2 7 0 2 7 0 2 7 0 2 7 1 2 3 5 30 3 17 18 2 5 30 3 0 2 7 0 2 7 1 2 7 6 2 7 1 2 7 16 19 11 0 2 7 0 2 7 0 21.1076138615608215
5 30 3 0 2 11 0 2 11 0 2 13 0 2 7 12 16 2 6 2 11 8 18 2 1 2 11 0 2 3 0 2 7 5 30 3 0 2 11 0 2 8 17 18 2 0 2 7 16 19 11 1 2 8 0 2 7 5 30 3 0 22.0692899227142334
16 30 2 12 16 2 1 2 3 12 16 2 13 6 3 5 30 3 17 9 2 1 2 7 0 2 7 0 2 7 0 2 7 0 2 7 1 2 7 0 2 7 0 2 4 5 31 3 1 2 4 0 2 7 12 16 2 0 2 7 0 20.4516057968139648
5 30 3 0 2 7 1 2 7 0 2 7 0 2 7 12 16 2 0 2 7 17 9 2 8 9 2 0 2 7 0 2 7 0 2 3 0 2 7 12 16 2 17 1 2 1 2 7 1 2 4 0 2 7 1 2 7 5 30 3 0 20.7358447313308716
5 30 3 0 2 7 1 2 7 0 2 7 0 2 7 12 16 2 0 2 7 0 2 7 0 2 7 12 16 2 1 2 7 1 2 7 0 2 4 8 9 2 0 2 4 0 2 7 5 31 3 1 2 7 0 2 7 5 30 3 0.131375363492512137 21.2541687488555908

Current Evaluation = 1440(1440)
Front Size = 10
0 2 7 1 2 7 0 2 7 12 16 2 0 2 7 5 30 3 13 6 3 0 2 7 0 2 7 0 2 7 0 2 7 1 2 7 17 18 2 5 31 3 1 2 7 0 2 7 1 2 7 0 2 7 1 2 7 17 18 2 0 20.2646257877349854
12 16 2 13 6 3 12 16 2 12 16 2 0 2 7 12 16 2 0 2 7 1 2 7 0 2 7 1 2 4 0 2 7 0 2 7 1 2 4 1 2 1 5 31 3 17 9 2 17 9 2 0 2 4 1 2 4 0 2 4 0 20.6123768091201782
12 16 2 5 30 3 12 16 2 6 2 7 0 2 4 0 2 11 0 2 4 0 2 3 17 9 2 0 2 3 0 2 3 1 2 3 12 16 2 0 2 6 1 2 7 0 2 3 5 30 3 16 6 2 0 2 11 13 6 3 0 21.1527488827705383
1 2 7 0 2 4 12 16 2 1 2 7 0 2 11 0 2 4 12 16 2 5 31 3 12 16 2 17 9 2 0 2 4 1 2 7 0 2 4 0 2 4 17 9 2 1 2 7 13 6 3 1 2 11 12 16 2 0 2 7 0 20.6165767908096313
12 16 2 13 6 3 12 16 2 12 16 2 0 2 4 12 16 2 0 2 11 0 2 7 0 2 7 1 2 11 0 2 7 0 2 7 1 2 7 0 2 7 13 6 3 17 18 2 5 30 3 1 2 7 1 2 7 17 18 2 0 20.3046586513519287
12 16 2 5 30 3 12 16 2 0 2 7 17 9 2 12 16 2 1 2 11 13 6 3 0 2 7 17 9 2 0 2 7 0 2 7 0 2 7 1 2 7 12 16 2 0 2 7 1 2 4 1 2 11 13 6 3 0 2 7 0 20.3046585321426392
12 16 2 1 2 4 12 16 2 13 6 3 5 30 3 1 2 7 1 2 7 0 2 7 0 2 7 0 2 7 1 2 3 0 2 7 0 2 7 5 31 3 12 16 2 16 30 2 0 2 7 0 2 4 17 18 2 0 2 7 0 20.4516057968139648
12 16 2 5 31 3 6 2 7 1 2 7 0 2 7 1 2 7 17 9 2 1 2 7 0 2 7 1 2 7 0 2 7 0 2 7 0 2 4 0 2 4 5 31 3 0 2 7 0 2 7 0 2 7 16 6 2 0 2 7 0 20.4595978856086731
5 30 3 0 2 11 0 2 11 0 2 13 0 2 7 12 16 2 6 2 11 8 18 2 1 2 11 0 2 3 0 2 7 5 30 3 0 2 11 0 2 8 17 18 2 0 2 7 16 19 11 1 2 8 0 2 7 5 30 3 0 22.0692899227142334
1 2 7 5 30 3 12 16 2 0 2 7 12 16 2 13 6 3 0 2 7 0 2 7 0 2 7 0 2 3 0 2 4 17 9 2 0 2 7 6 2 7 12 16 2 5 31 3 16 30 2 1 2 7 1 2 7 0 2 11 0 20.547498881816864

Current Evaluation = 1620(1620)
Front Size = 10
12 16 2 0 2 7 0 2 7 17 9 2 0 2 7 0 2 7 1 2 7 5 30 3 1 2 7 1 2 7 5 31 3 0 2 7 1 2 7 0 2 7 0 2 7 13 6 3 1 2 7 17 9 2 0 2 7 0 2 7 0 20.2646257877349854
0 2 7 1 2 7 0 2 7 12 16 2 12 16 2 13 6 3 1 2 7 12 16 2 1 2 11 0 2 7 12 16 2 1 2 11 0 2 7 17 18 2 0 2 7 0 2 4 17 18 2 0 2 7 13 6 3 5 30 3 0 20.3046585321426392
1 2 7 0 2 4 12 16 2 1 2 7 0 2 11 0 2 4 12 16 2 5 31 3 12 16 2 17 9 2 0 2 4 1 2 7 0 2 4 0 2 4 17 9 2 1 2 7 13 6 3 1 2 11 12 16 2 0 2 7 0 20.6165767908096313
12 16 2 13 6 3 12 16 2 12 16 2 0 2 7 12 16 2 0 2 7 1 2 7 0 2 7 1 2 4 0 2 7 0 2 7 1 2 4 1 2 1 5 31 3 17 9 2 17 9 2 0 2 4 1 2 4 0 2 4 0 20.6123768091201782
12 16 2 13 6 3 12 16 2 12 16 2 0 2 11 12 16 2 0 2 4 5 30 3 17 9 2 17 9 2 1 2 7 0 2 7 1 2 7 0 2 7 13 6 3 0 2 7 0 2 11 0 2 7 1 2 7 1 2 7 0 20.3046587705612183
0 2 7 1 2 7 0 2 7 0 2 7 12 16 2 13 6 3 1 2 7 12 16 2 16 6 2 12 16 2 17 18 2 0 2 7 0 2 7 6 2 7 0 2 7 0 2 7 1 2 7 5 31 3 0 2 7 5 31 3 0 20.5035547614097595
1 2 4 5 31 3 12 16 2 0 2 7 1 2 4 0 2 7 17 9 2 0 2 7 0 2 7 0 2 3 0 2 7 1 2 7 1 2 3 0 2 7 0 2 7 5 30 3 16 18 11 1 2 7 0 2 3 0 2 7 0 20.9542428851127625
12 16 2 17 18 2 12 16 2 1 2 7 17 9 2 12 16 2 13 6 3 0 2 4 0 2 1 1 2 7 1 2 4 1 2 7 0 2 4 0 2 7 0 2 7 0 2 7 12 16 2 1 2 4 0 2 4 5 31 3 0 20.6123768091201782
12 16 2 0 2 7 6 2 7 17 9 2 16 19 11 0 2 11 0 2 11 0 2 7 12 16 2 0 2 7 13 6 3 5 30 3 5 30 3 0 2 11 0 2 7 13 6 3 0 2 7 12 16 2 12 16 2 12 16 2 0 21.1127076745033264
12 16 2 5 30 3 12 16 2 0 2 7 17 9 2 12 16 2 1 2 11 13 6 3 0 2 7 17 9 2 0 2 7 0 2 7 0 2 7 1 2 7 12 16 2 0 2 7 1 2 4 1 2 11 13 6 3 0 2 7 0 20.3046585321426392

Current Evaluation = 1800(1800)
Front Size = 10
0 2 7 12 16 2 0 2 7 0 2 7 5 31 3 1 2 7 1 2 7 13 6 3 1 2 7 0 2 7 0 2 7 1 2 7 0 2 7 0 2 7 17 18 2 0 2 7 1 2 7 17 9 2 0 2 7 5 30 3 0 20.2646257877349854
1 2 7 0 2 4 12 16 2 1 2 7 0 2 11 0 2 4 12 16 2 5 31 3 12 16 2 17 9 2 0 2 4 1 2 7 0 2 4 0 2 4 17 9 2 1 2 7 13 6 3 1 2 11 12 16 2 0 2 7 0 20.6165767908096313
0 2 7 1 2 7 0 2 7 12 16 2 12 16 2 13 6 3 1 2 7 12 16 2 1 2 11 0 2 7 12 16 2 1 2 11 0 2 7 17 18 2 0 2 7 0 2 4 17 18 2 0 2 7 13 6 3 5 30 3 0 20.3046585321426392
12 16 2 5 30 3 12 16 2 0 2 7 17 9 2 12 16 2 1 2 11 13 6 3 0 2 7 17 9 2 0 2 7 0 2 7 0 2 7 1 2 7 12 16 2 0 2 7 1 2 4 1 2 11 13 6 3 0 2 7 0 20.3046585321426392
12 16 2 13 6 3 0 2 7 12 16 2 0 2 7 5 30 3 0 2 7 0 2 4 0 2 7 1 2 3 5 30 3 12 16 2 0 2 4 16 31 2 0 2 7 17 9 2 1 2 7 1 2 7 1 2 7 0 2 7 0 20.4516056776046753
1 2 4 0 2 7 0 2 7 0 2 3 12 16 2 13 6 3 0 2 7 12 16 2 12 16 2 17 18 2 1 2 7 0 2 7 0 2 7 16 30 2 1 2 7 0 2 7 1 2 4 5 31 3 0 2 7 5 30 3 0 20.4516057968139648
12 16 2 17 18 2 12 16 2 1 2 7 17 9 2 12 16 2 13 6 3 0 2 4 0 2 1 1 2 7 1 2 4 1 2 7 0 2 4 0 2 7 0 2 7 0 2 7 12 16 2 1 2 4 0 2 4 5 31 3 0 20.6123768091201782
1 2 7 12 16 2 12 16 2 12 16 2 5 30 3 1 2 7 12 16 2 0 2 7 0 2 7 0 2 7 13 6 3 13 6 3 0 2 7 0 2 4 17 18 2 17 9 2 1 2 7 0 2 11 1 2 7 0 2 11 0 20.3046587705612183
0 2 7 13 6 3 0 2 7 12 16 2 1 2 7 5 31 3 6 2 7 0 2 7 1 2 7 12 16 2 17 9 2 1 2 7 1 2 4 0 2 7 17 18 2 5 30 3 0 2 7 0 2 4 0 2 7 0 2 7 0 20.3487167954444885
0 2 7 1 2 7 0 2 3 0 2 7 12 16 2 13 6 3 1 2 7 12 16 2 16 30 2 12 16 2 17 18 2 0 2 4 0 2 7 0 2 7 0 2 4 1 2 7 1 2 7 5 30 3 0 2 7 5 31 3 0 20.4516057968139648

Current Evaluation = 1980(1980)
Front Size = 10
1 2 7 17 18 2 0 2 7 13 6 3 0 2 7 1 2 7 1 2 7 0 2 7 0 2 7 0 2 7 5 31 3 1 2 7 0 2 7 17 9 2 5 30 3 0 2 7 0 2 7 12 16 2 0 2 7 1 2 7 0 20.2646257877349854
1 2 7 0 2 4 12 16 2 1 2 7 0 2 11 0 2 4 12 16 2 5 31 3 12 16 2 17 9 2 0 2 4 1 2 7 0 2 4 0 2 4 17 9 2 1 2 7 13 6 3 1 2 11 12 16 2 0 2 7 0 20.6165767908096313
12 16 2 5 30 3 12 16 2 0 2 7 17 9 2 12 16 2 1 2 11 13 6 3 0 2 7 17 9 2 0 2 7 0 2 7 0 2 7 1 2 7 12 16 2 0 2 7 1 2 4 1 2 11 13 6 3 0 2 7 0 20.3046585321426392
12 16 2 13 6 3 0 2 7 12 16 2 0 2 7 5 30 3 0 2 7 0 2 4 0 2 7 1 2 3 5 30 3 12 16 2 0 2 4 16 31 2 0 2 7 17 9 2 1 2 7 1 2 7 1 2 7 0 2 7 0 20.4516056776046753
1 2 4 0 2 7 0 2 7 0 2 3 12 16 2 13 6 3 0 2 7 12 16 2 12 16 2 17 18 2 1 2 7 0 2 7 0 2 7 16 30 2 1 2 7 0 2 7 1 2 4 5 31 3 0 2 7 5 30 3 0 20.4516057968139648
0 2 4 0 2 7 0 2 7 12 16 2 12 16 2 13 6 3 0 2 7 12 16 2 0 2 7 1 2 11 17 18 2 5 30 3 1 2 7 12 16 2 0 2 7 13 6 3 0 2 7 1 2 7 1 2 11 17 18 2 0 20.3046585321426392
6 2 7 5 31 3 12 16 2 0 2 7 17 9 2 13 6 3 0 2 7 17 9 2 1 2 7 0 2 7 0 2 7 1 2 7 0 2 7 5 30 3 1 2 4 0 2 4 1 2 7 12 16 2 0 2 7 0 2 7 0 20.3487167954444885
12 16 2 12 16 2 1 2 7 17 9 2 12 16 2 13 6 3 0 2 4 1 2 7 1 2 7 0 2 4 0 2 7 0 2 7 0 2 7 5 30 3 0 2 1 1 2 4 12 16 2 1 2 4 0 2 7 5 31 3 0.0207677807070147935 20.9255727529525757
0 2 7 0 2 7 0 2 4 0 2 7 0 2 7 12 16 2 12 16 2 1 2 7 13 6 3 17 18 2 0 2 7 0 2 7 1 2 7 5 30 3 0 2 4 5 31 3 17 18 2 6 2 7 1 2 7 1 2 7 0 20.3487167954444885
0 2 7 1 2 7 0 2 7 12 16 2 13 6 3 1 2 7 0 2 7 0 2 7 5 30 3 1 2 7 0 2 7 17 18 2 17 9 2 0 2 7 5 31 3 12 16 2 0 2 4 12 16 2 12 16 2 0 2 11 0 20.9287236928939819

Current Evaluation = 2160(2160)
Front Size = 10
1 2 7 0 2 7 1 2 7 12 16 2 13 6 3 0 2 7 0 2 7 0 2 7 0 2 7 5 30 3 17 9 2 1 2 7 17 9 2 0 2 7 1 2 7 0 2 7 0 2 7 1 2 7 5 31 3 0 2 7 0 20.2646257877349854
12 16 2 5 30 3 12 16 2 0 2 7 0 2 11 6 2 11 0 2 3 5 31 3 1 2 11 0 2 11 0 2 11 16 19 11 0 2 11 5 30 3 12 16 2 0 2 7 0 2 7 0 2 7 16 19 11 0 2 7 0 22.3227227926254272
0 2 4 0 2 7 0 2 7 12 16 2 12 16 2 13 6 3 0 2 7 12 16 2 0 2 7 1 2 11 17 18 2 5 30 3 1 2 7 12 16 2 0 2 7 13 6 3 0 2 7 1 2 7 1 2 11 17 18 2 0 20.3046585321426392
0 2 7 0 2 7 12 16 2 12 16 2 13 6 3 0 2 7 12 16 2 0 2 7 17 9 2 5 30 3 1 2 7 0 2 4 1 2 7 0 2 7 1 2 7 1 2 3 5 30 3 0 2 4 0 2 7 16 31 2 0 20.4516056776046753
12 16 2 5 30 3 12 16 2 0 2 7 17 9 2 12 16 2 1 2 11 13 6 3 0 2 7 17 9 2 0 2 7 0 2 7 0 2 7 1 2 7 12 16 2 0 2 7 1 2 4 1 2 11 13 6 3 0 2 7 0 20.3046585321426392
1 2 7 0 2 4 12 16 2 1 2 7 0 2 11 0 2 4 12 16 2 5 31 3 12 16 2 17 9 2 0 2 4 1 2 7 0 2 4 0 2 4 17 9 2 1 2 7 13 6 3 1 2 11 12 16 2 0 2 7 0 20.6165767908096313
0 2 7 0 2 11 12 16 2 12 16 2 13 6 3 0 2 7 12 16 2 0 2 7 1 2 4 17 9 2 5 30 3 1 2 11 12 16 2 13 6 3 1 2 7 1 2 7 0 2 7 0 2 7 0 2 7 17 18 2 0 20.3046586513519287
0 2 7 12 16 2 12 16 2 1 2 7 16 30 2 0 2 7 13 6 3 0 2 7 12 16 2 0 2 7 1 2 7 0 2 3 1 2 7 0 2 7 5 30 3 5 31 3 0 2 4 0 2 4 1 2 7 17 18 2 0 20.4516057968139648
1 2 4 0 2 7 0 2 7 0 2 3 12 16 2 13 6 3 0 2 7 12 16 2 12 16 2 17 18 2 1 2 7 0 2 7 0 2 7 16 30 2 1 2 7 0 2 7 1 2 4 5 31 3 0 2 7 5 30 3 0 20.4516057968139648
1 2 7 0 2 7 6 2 4 12 16 2 13 6 3 0 2 7 0 2 7 0 2 7 0 2 7 5 30 3 0 2 7 0 2 7 5 31 3 17 9 2 1 2 4 17 9 2 12 16 2 0 2 7 1 2 7 1 2 7 0 20.3487167954444885

Current Evaluation = 2340(2340)
Front Size = 10
0 2 7 0 2 7 0 2 7 12 16 2 13 6 3 1 2 7 0 2 7 5 30 3 1 2 7 0 2 7 0 2 7 17 18 2 17 18 2 5 31 3 1 2 7 0 2 7 0 2 7 0 2 7 1 2 7 1 2 7 0 20.2646257877349854
0 2 7 0 2 7 12 16 2 12 16 2 13 6 3 0 2 7 12 16 2 0 2 7 1 2 11 5 30 3 1 2 7 12 16 2 0 2 7 13 6 3 0 2 7 1 2 11 0 2 7 17 18 2 1 2 4 17 18 2 0 20.3046585321426392
1 2 7 0 2 7 0 2 7 13 6 3 17 9 2 5 31 3 6 2 7 12 16 2 17 9 2 0 2 7 0 2 7 12 16 2 5 30 3 0 2 7 1 2 7 0 2 7 1 2 7 0 2 4 1 2 4 0 2 7 0 20.3487167954444885
1 2 7 0 2 4 12 16 2 1 2 7 0 2 11 0 2 4 12 16 2 5 31 3 12 16 2 17 9 2 0 2 4 1 2 7 0 2 4 0 2 4 17 9 2 1 2 7 13 6 3 1 2 11 12 16 2 0 2 7 0 20.6165767908096313
1 2 7 0 2 7 12 16 2 12 16 2 13 6 3 1 2 7 0 2 4 0 2 7 0 2 7 6 2 7 0 2 7 0 2 4 5 30 3 5 31 3 17 18 2 17 18 2 0 2 7 1 2 7 1 2 7 0 2 7 0 20.3487167954444885
0 2 3 0 2 7 12 16 2 0 2 3 0 2 3 5 30 3 0 2 3 5 30 3 0 2 3 16 19 11 16 19 11 1 2 7 1 2 11 0 2 7 0 2 3 0 2 7 0 2 11 5 30 3 0 2 7 0 2 3 0 22.1521546840667725
0 2 7 0 2 7 12 16 2 12 16 2 13 6 3 0 2 7 12 16 2 0 2 7 17 9 2 5 30 3 1 2 7 0 2 4 1 2 7 0 2 7 1 2 7 1 2 3 5 30 3 0 2 4 0 2 7 16 31 2 0 20.4516056776046753
0 2 7 1 2 7 12 16 2 12 16 2 13 6 3 0 2 7 16 6 2 0 2 3 17 9 2 0 2 3 0 2 7 0 2 3 0 2 7 1 2 3 1 2 7 5 31 3 1 2 7 0 2 7 5 30 3 0 2 3 0 20.7791848182678223
0 2 7 12 16 2 12 16 2 17 9 2 5 31 3 13 6 3 1 2 7 1 2 7 0 2 4 1 2 4 0 2 7 0 2 4 0 2 4 0 2 7 0 2 7 1 2 11 1 2 4 0 2 7 12 16 2 0 2 7 0.00353434367473813224 20.4717317819595337
0 2 7 12 16 2 12 16 2 13 6 3 12 16 2 1 2 11 1 2 7 12 16 2 0 2 7 17 9 2 0 2 7 5 30 3 0 2 7 13 6 3 0 2 7 1 2 11 0 2 4 1 2 7 1 2 4 0 2 4 0.00132843604441498916 20.2966595888137817

Current Evaluation = 2520(2520)
Front Size = 10
0 2 7 0 2 7 5 30 3 12 16 2 0 2 7 1 2 7 0 2 7 1 2 7 0 2 7 1 2 7 1 2 7 0 2 7 13 6 3 17 9 2 17 9 2 1 2 7 5 31 3 0 2 7 0 2 7 0 2 7 0 20.2646257877349854
0 2 7 0 2 7 12 16 2 12 16 2 13 6 3 0 2 7 12 16 2 0 2 7 1 2 11 5 30 3 1 2 7 12 16 2 0 2 7 13 6 3 0 2 7 1 2 11 0 2 7 17 18 2 1 2 4 17 18 2 0 20.3046585321426392
0 2 7 13 6 3 17 9 2 12 16 2 17 9 2 12 16 2 0 2 4 1 2 11 1 2 7 12 16 2 1 2 7 12 16 2 0 2 7 5 30 3 13 6 3 0 2 7 0 2 7 0 2 7 0 2 7 1 2 11 0 20.3046585321426392
0 2 4 12 16 2 12 16 2 0 2 7 0 2 7 0 2 7 0 2 7 8 9 2 1 2 3 16 30 2 5 30 3 0 2 7 1 2 3 0 2 7 12 16 2 0 2 7 16 24 2 5 31 3 0 2 7 1 2 7 0 20.8956458568572998
0 2 7 13 6 3 17 9 2 12 16 2 17 9 2 12 16 2 0 2 7 1 2 7 1 2 4 12 16 2 1 2 7 12 16 2 0 2 4 0 2 7 5 31 3 1 2 1 0 2 4 0 2 4 0 2 4 1 2 7 0 20.6123768091201782
0 2 7 12 16 2 5 30 3 5 30 3 0 2 7 0 2 11 0 2 7 0 2 7 0 2 7 0 2 3 12 16 2 0 2 11 6 2 7 0 2 7 16 19 11 16 19 11 1 2 11 0 2 3 5 31 3 0 2 7 0 21.9761247038841248
1 2 7 0 2 7 12 16 2 12 16 2 13 6 3 1 2 7 0 2 4 0 2 7 0 2 7 6 2 7 0 2 7 0 2 4 5 30 3 5 31 3 17 18 2 17 18 2 0 2 7 1 2 7 1 2 7 0 2 7 0 20.3487167954444885
0 2 7 12 16 2 12 16 2 13 6 3 12 16 2 17 9 2 16 31 2 1 2 3 0 2 7 1 2 7 1 2 4 0 2 7 0 2 7 0 2 4 5 30 3 0 2 7 0 2 7 5 30 3 1 2 7 0 2 7 0 20.4516056776046753
0 2 3 0 2 7 12 16 2 0 2 7 0 2 7 0 2 7 0 2 7 1 2 7 1 2 7 16 31 2 5 30 3 0 2 7 0 2 7 1 2 7 12 16 2 0 2 3 16 6 2 5 31 3 1 2 7 0 2 7 0 20.7024867534637451
0 2 7 12 16 2 12 16 2 0 2 7 0 2 7 0 2 7 0 2 3 8 9 2 1 2 4 16 31 2 5 30 3 0 2 3 0 2 10 1 2 7 12 16 2 0 2 7 16 6 2 5 30 3 1 2 11 0 2 7 0 21.0074106454849243

Current Evaluation = 2700(2700)
Front Size = 10
0 2 7 12 16 2 13 6 3 5 30 3 1 2 7 5 31 3 1 2 7 0 2 7 0 2 7 1 2 7 0 2 7 0 2 7 17 18 2 1 2 7 17 9 2 0 2 7 0 2 7 0 2 7 1 2 7 0 2 7 0 20.2646257877349854
0 2 7 13 6 3 17 9 2 12 16 2 17 9 2 12 16 2 0 2 7 1 2 7 1 2 4 12 16 2 1 2 7 12 16 2 0 2 4 0 2 7 5 31 3 1 2 1 0 2 4 0 2 4 0 2 4 1 2 7 0 20.6123768091201782
0 2 7 12 16 2 5 30 3 5 30 3 0 2 7 0 2 11 0 2 7 0 2 7 0 2 7 0 2 3 12 16 2 0 2 11 6 2 7 0 2 7 16 19 11 16 19 11 1 2 11 0 2 3 5 31 3 0 2 7 0 21.9761247038841248
0 2 7 13 6 3 12 16 2 12 16 2 1 2 11 1 2 7 12 16 2 12 16 2 0 2 7 5 30 3 13 6 3 0 2 7 0 2 7 0 2 7 0 2 7 1 2 11 17 9 2 17 9 2 1 2 4 0 2 7 0 20.3046585321426392
0 2 7 13 6 3 12 16 2 12 16 2 1 2 11 1 2 7 12 16 2 12 16 2 0 2 4 5 30 3 13 6 3 0 2 7 0 2 7 0 2 7 0 2 7 1 2 11 17 18 2 17 18 2 1 2 7 0 2 7 0 20.3046585321426392
17 9 2 0 2 7 12 16 2 1 2 7 13 6 3 0 2 4 0 2 7 0 2 7 0 2 7 0 2 7 17 9 2 0 2 7 5 30 3 1 2 7 0 2 4 1 2 7 6 2 7 12 16 2 1 2 7 5 31 3 0 20.3487167954444885
0 2 7 0 2 7 12 16 2 12 16 2 13 6 3 0 2 7 0 2 7 5 30 3 1 2 7 6 2 7 0 2 7 17 18 2 17 18 2 1 2 7 1 2 4 5 31 3 0 2 7 1 2 4 0 2 7 0 2 7 0 20.3487167954444885
0 2 7 12 16 2 12 16 2 13 6 3 12 16 2 17 9 2 16 31 2 1 2 3 0 2 7 1 2 7 1 2 4 0 2 7 0 2 7 0 2 4 5 30 3 0 2 7 0 2 7 5 30 3 1 2 7 0 2 7 0 20.4516056776046753
0 2 7 13 6 3 12 16 2 1 2 7 5 30 3 0 2 7 0 2 7 0 2 7 0 2 7 17 18 2 17 18 2 1 2 7 0 2 7 12 16 2 1 2 11 0 2 7 1 2 7 1 2 7 13 6 3 0 2 7 0.000769081635413701383 19.8589106798171997
0 2 7 12 16 2 13 6 3 5 30 3 1 2 7 5 31 3 1 2 7 0 2 7 0 2 7 1 2 7 0 2 7 0 2 7 17 18 2 0 2 7 17 9 2 0 2 7 0 2 4 12 16 2 6 2 7 1 2 4 0 20.3487167954444885

Current Evaluation = 2880(2880)
Front Size = 10
13 6 3 1 2 7 12 16 2 1 2 7 0 2 7 5 30 3 0 2 7 0 2 7 1 2 7 0 2 7 0 2 7 0 2 7 0 2 7 17 9 2 17 9 2 5 31 3 1 2 7 1 2 7 0 2 7 0 2 7 0 20.2646257877349854
0 2 7 13 6 3 12 16 2 12 16 2 1 2 11 12 16 2 12 16 2 0 2 7 0 2 7 1 2 11 0 2 7 5 30 3 13 6 3 1 2 7 0 2 7 0 2 7 1 2 7 0 2 4 17 18 2 17 18 2 0 20.3046585321426392
0 2 11 12 16 2 12 16 2 0 2 7 5 30 3 0 2 7 0 2 7 0 2 7 0 2 7 0 2 11 16 19 11 5 30 3 0 2 11 1 2 7 0 2 3 0 2 7 16 19 11 0 2 7 0 2 7 5 31 3 0 21.9703837633132935
6 2 4 17 9 2 12 16 2 12 16 2 1 2 7 12 16 2 0 2 7 5 30 3 0 2 7 0 2 7 0 2 7 0 2 3 0 2 7 0 2 3 5 31 3 13 6 3 0 2 7 1 2 4 16 6 2 1 2 7 0 20.5632757544517517
12 16 2 12 16 2 0 2 7 5 30 3 0 2 7 1 2 7 1 2 7 0 2 7 0 2 4 1 2 7 0 2 7 0 2 7 17 9 2 5 30 3 0 2 7 0 2 7 16 15 2 8 9 2 8 18 2 0 2 7 0 20.8408946990966797
0 2 7 12 16 2 1 2 7 0 2 11 0 2 4 0 2 11 0 2 7 12 16 2 0 2 7 1 2 7 0 2 7 1 2 7 12 16 2 12 16 2 13 6 3 17 9 2 13 6 3 17 18 2 5 30 3 1 2 7 0 20.3046587705612183
12 16 2 12 16 2 1 2 7 0 2 3 0 2 7 0 2 7 0 2 7 0 2 7 0 2 7 1 2 7 8 9 2 5 30 3 12 16 2 1 2 7 16 6 2 5 31 3 16 18 11 0 2 11 0 2 7 0 2 7 0 21.1800047755241394
0 2 7 12 16 2 0 2 7 0 2 7 12 16 2 0 2 7 1 2 11 1 2 7 12 16 2 12 16 2 13 6 3 17 9 2 13 6 3 5 30 3 0 2 7 1 2 11 0 2 7 17 9 2 1 2 4 0 2 7 0 20.3046585321426392
13 6 3 1 2 4 12 16 2 6 2 7 0 2 7 5 30 3 0 2 4 0 2 7 1 2 7 0 2 7 0 2 7 0 2 7 17 9 2 17 9 2 5 31 3 1 2 7 1 2 7 12 16 2 0 2 7 0 2 7 0 20.3487167954444885
12 16 2 12 16 2 0 2 7 5 30 3 0 2 7 0 2 7 0 2 7 0 2 7 1 2 7 0 2 7 1 2 11 12 16 2 16 19 11 17 9 2 0 2 11 1 2 11 12 16 2 0 2 7 0 2 7 5 31 3 0.000142258066967727566 21.6721735000610352

Current Evaluation = 3060(3060)
Front Size = 10
1 2 7 12 16 2 0 2 7 0 2 7 1 2 7 5 30 3 0 2 7 0 2 7 0 2 7 13 6 3 1 2 7 5 31 3 0 2 7 17 9 2 1 2 7 17 18 2 1 2 7 0 2 7 0 2 7 0 2 7 0 20.2646257877349854
0 2 7 13 6 3 12 16 2 12 16 2 1 2 11 12 16 2 12 16 2 0 2 7 0 2 7 1 2 11 0 2 7 5 30 3 13 6 3 1 2 7 0 2 7 0 2 7 1 2 7 0 2 4 17 18 2 17 18 2 0 20.3046585321426392
17 9 2 12 16 2 12 16 2 0 2 7 5 30 3 0 2 7 0 2 7 1 2 7 0 2 7 5 30 3 13 6 3 0 2 7 0 2 7 1 2 4 12 16 2 1 2 7 0 2 3 16 31 2 0 2 7 1 2 4 0 20.4516056776046753
1 2 7 12 16 2 0 2 7 5 30 3 0 2 7 0 2 7 6 2 7 0 2 7 13 6 3 0 2 7 1 2 7 0 2 7 17 18 2 1 2 7 17 18 2 5 31 3 12 16 2 0 2 4 1 2 7 0 2 4 0 20.3487167954444885
17 9 2 12 16 2 12 16 2 15 2 11 5 30 3 0 2 7 0 2 7 1 2 4 0 2 7 5 30 3 13 6 3 0 2 11 0 2 7 0 2 7 1 2 7 0 2 4 1 2 7 1 2 11 17 18 2 0 2 7 0 20.6221417188644409
0 2 11 13 6 3 12 16 2 12 16 2 1 2 7 12 16 2 12 16 2 0 2 7 0 2 7 1 2 11 5 30 3 13 6 3 1 2 7 0 2 7 17 9 2 0 2 7 17 18 2 1 2 7 0 2 4 0 2 7 0 20.3046586513519287
0 2 7 12 16 2 0 2 7 0 2 7 6 2 7 12 16 2 1 2 4 0 2 7 1 2 7 1 2 7 17 18 2 5 30 3 0 2 7 17 9 2 0 2 7 0 2 7 0 2 4 5 31 3 1 2 7 13 6 3 0 20.3487167954444885
12 16 2 12 16 2 0 2 7 5 30 3 0 2 7 0 2 7 1 2 7 0 2 7 5 30 3 13 6 3 0 2 7 1 2 7 0 2 7 1 2 7 0 2 7 8 18 2 0 2 1 17 18 2 1 2 11 17 18 2 0 20.730549693107605
0 2 4 12 16 2 12 16 2 0 2 7 0 2 7 0 2 7 5 30 3 1 2 7 0 2 7 1 2 3 0 2 7 0 2 4 12 16 2 1 2 7 0 2 7 13 6 3 16 30 2 1 2 7 5 31 3 17 18 2 0 20.4516057968139648
12 16 2 12 16 2 0 2 7 5 30 3 0 2 7 0 2 7 0 2 7 0 2 7 5 30 3 13 6 3 1 2 7 1 2 7 1 2 4 0 2 4 17 9 2 0 2 7 12 16 2 0 2 3 1 2 7 16 31 2 0 20.4516056776046753

Current Evaluation = 3240(3240)
Front Size = 10
0 2 7 13 6 3 0 2 7 0 2 7 0 2 7 1 2 7 5 30 3 1 2 7 0 2 7 0 2 7 17 18 2 0 2 7 1 2 7 1 2 7 1 2 7 0 2 7 5 31 3 0 2 7 12 16 2 17 9 2 0 20.2646257877349854
1 2 7 1 2 7 0 2 7 5 30 3 0 2 7 0 2 7 1 2 7 0 2 7 17 18 2 12 16 2 0 2 7 0 2 7 0 2 7 13 6 3 5 31 3 0 2 7 1 2 7 0 2 7 1 2 7 17 18 2 0 20.2646257877349854
0 2 7 13 6 3 12 16 2 12 16 2 1 2 11 12 16 2 12 16 2 0 2 7 0 2 7 1 2 11 0 2 7 5 30 3 13 6 3 1 2 7 0 2 7 0 2 7 1 2 7 0 2 4 17 18 2 17 9 2 0 20.3046585321426392
17 9 2 12 16 2 12 16 2 0 2 7 5 30 3 0 2 7 0 2 7 1 2 7 0 2 7 5 30 3 13 6 3 0 2 7 0 2 7 1 2 4 12 16 2 1 2 7 0 2 3 16 31 2 0 2 7 1 2 4 0 20.4516056776046753
0 2 7 13 6 3 12 16 2 12 16 2 0 2 7 0 2 7 0 2 7 5 30 3 1 2 11 0 2 7 0 2 7 1 2 7 17 18 2 12 16 2 12 16 2 1 2 11 13 6 3 1 2 4 0 2 7 17 18 2 0 20.3046585321426392
1 2 7 12 16 2 0 2 7 5 30 3 0 2 7 0 2 7 1 2 7 0 2 4 17 18 2 17 18 2 12 16 2 0 2 7 0 2 7 0 2 7 13 6 3 5 31 3 0 2 7 1 2 4 6 2 7 1 2 7 0 20.3487167954444885
12 16 2 12 16 2 0 2 7 5 30 3 0 2 7 0 2 7 1 2 7 0 2 7 5 30 3 13 6 3 0 2 7 1 2 7 0 2 7 1 2 7 0 2 7 8 18 2 0 2 1 17 18 2 1 2 11 17 18 2 0 20.730549693107605
0 2 7 13 6 3 12 16 2 12 16 2 1 2 11 12 16 2 12 16 2 0 2 7 0 2 7 1 2 11 0 2 7 5 30 3 13 6 3 1 2 7 0 2 7 0 2 7 1 2 7 0 2 4 17 18 2 17 18 2 0 20.3046585321426392
1 2 7 12 16 2 0 2 7 5 30 3 1 2 7 0 2 7 1 2 4 0 2 7 17 18 2 12 16 2 0 2 7 0 2 7 0 2 7 13 6 3 5 31 3 6 2 7 0 2 7 0 2 7 17 9 2 1 2 4 0 20.3487167954444885
0 2 7 13 6 3 12 16 2 12 16 2 1 2 11 12 16 2 12 16 2 0 2 7 0 2 7 0 2 7 5 30 3 13 6 3 1 2 7 0 2 7 1 2 7 0 2 4 17 18 2 17 9 2 1 2 11 0 2 11 0 20.4042586088180542

Current Evaluation = 3420(3420)
Front Size = 10
1 2 7 12 16 2 0 2 7 5 30 3 1 2 7 0 2 7 0 2 7 17 18 2 0 2 7 0 2 7 0 2 7 13 6 3 5 31 3 0 2 7 0 2 7 1 2 7 1 2 7 1 2 7 0 2 7 17 9 2 0 20.2646257877349854
1 2 7 12 16 2 0 2 7 5 30 3 1 2 7 0 2 7 0 2 7 17 18 2 0 2 7 0 2 7 0 2 7 13 6 3 5 31 3 0 2 7 1 2 7 1 2 7 0 2 7 17 18 2 0 2 7 1 2 7 0 20.2646257877349854
0 2 7 13 6 3 12 16 2 12 16 2 1 2 11 12 16 2 12 16 2 0 2 7 0 2 7 1 2 11 0 2 7 5 30 3 13 6 3 1 2 7 0 2 7 0 2 7 1 2 7 0 2 4 17 18 2 17 9 2 0 20.3046585321426392
0 2 7 13 6 3 12 16 2 12 16 2 0 2 7 0 2 7 0 2 7 5 30 3 1 2 11 0 2 7 0 2 7 1 2 7 17 18 2 12 16 2 12 16 2 1 2 11 13 6 3 1 2 4 0 2 7 17 18 2 0 20.3046585321426392
1 2 7 12 16 2 0 2 7 5 30 3 1 2 7 0 2 7 1 2 4 0 2 7 17 18 2 12 16 2 0 2 7 0 2 7 0 2 7 13 6 3 5 31 3 6 2 7 0 2 7 0 2 7 17 9 2 1 2 4 0 20.3487167954444885
1 2 7 13 6 3 12 16 2 1 2 7 0 2 7 0 2 4 5 31 3 12 16 2 0 2 7 0 2 7 1 2 7 17 18 2 5 30 3 1 2 7 16 30 2 12 16 2 0 2 7 0 2 3 0 2 4 0 2 7 0 20.4516057968139648
12 16 2 12 16 2 5 30 3 1 2 3 0 2 7 0 2 12 0 2 4 13 6 3 0 2 7 17 9 2 1 2 7 0 2 11 1 2 7 12 16 2 1 2 7 17 18 2 12 16 2 0 2 4 0 2 7 13 6 3 0 20.3980587720870972
1 2 7 1 2 7 0 2 7 5 31 3 0 2 7 6 2 7 17 18 2 12 16 2 1 2 7 13 6 3 1 2 7 12 16 2 17 18 2 0 2 4 0 2 4 0 2 7 0 2 7 0 2 7 5 30 3 0 2 7 0 20.3487167954444885
17 9 2 12 16 2 12 16 2 0 2 7 5 30 3 0 2 7 0 2 7 1 2 7 0 2 7 5 30 3 13 6 3 0 2 7 0 2 7 1 2 4 12 16 2 1 2 7 0 2 3 16 31 2 0 2 7 1 2 4 0 20.4516056776046753
0 2 7 13 6 3 12 16 2 12 16 2 0 2 7 0 2 7 0 2 7 5 30 3 1 2 7 0 2 7 0 2 7 1 2 7 0 2 4 17 18 2 1 2 4 12 16 2 17 18 2 1 2 11 13 6 3 5 31 3 0.000272235367079151917 20.3281826972961426

Current Evaluation = 3600(3600)
Front Size = 10
0 2 7 5 31 3 5 30 3 0 2 7 0 2 7 0 2 7 13 6 3 1 2 7 0 2 7 1 2 7 0 2 7 0 2 7 12 16 2 0 2 7 17 9 2 1 2 7 0 2 7 1 2 7 17 9 2 1 2 7 0 20.2646257877349854
1 2 7 12 16 2 0 2 7 5 30 3 0 2 7 0 2 7 17 18 2 0 2 7 0 2 7 0 2 7 13 6 3 5 31 3 0 2 7 0 2 7 1 2 7 1 2 7 1 2 7 1 2 7 0 2 7 17 18 2 0 20.2646257877349854
0 2 7 13 6 3 12 16 2 12 16 2 0 2 7 0 2 7 0 2 7 5 30 3 1 2 11 0 2 7 0 2 7 1 2 7 17 18 2 12 16 2 12 16 2 1 2 11 13 6 3 1 2 4 0 2 7 17 18 2 0 20.3046585321426392
12 16 2 12 16 2 5 30 3 0 2 7 0 2 4 13 6 3 0 2 7 17 9 2 1 2 7 1 2 7 12 16 2 17 18 2 12 16 2 0 2 7 13 6 3 1 2 3 0 2 12 0 2 7 1 2 11 0 2 4 0 20.3980586528778076
12 16 2 12 16 2 5 31 3 0 2 4 0 2 7 0 2 7 13 6 3 1 2 7 0 2 7 1 2 4 12 16 2 0 2 7 5 30 3 0 2 7 17 9 2 1 2 7 0 2 7 0 2 3 16 30 2 1 2 7 0 20.4516057968139648
0 2 7 12 16 2 17 18 2 1 2 4 13 6 3 0 2 7 1 2 3 1 2 7 12 16 2 0 2 7 5 30 3 1 2 7 0 2 7 5 30 3 0 2 4 0 2 7 12 16 2 0 2 7 16 31 2 0 2 7 0 20.4516056776046753
1 2 10 1 2 7 5 31 3 0 2 7 0 2 7 0 2 3 0 2 3 0 2 3 0 2 7 0 2 3 0 2 7 12 16 2 12 16 2 0 2 3 1 2 7 0 2 3 1 2 7 5 30 3 16 9 11 16 6 2 0 21.3628018498420715
1 2 7 12 16 2 0 2 7 5 30 3 0 2 7 0 2 7 17 18 2 0 2 7 0 2 7 0 2 7 13 6 3 0 2 7 17 18 2 5 31 3 12 16 2 1 2 11 1 2 7 1 2 11 1 2 7 0 2 7 0 20.6116236448287964
12 16 2 0 2 8 5 30 3 0 2 11 0 2 8 12 16 2 12 16 2 0 2 8 5 31 3 12 16 2 0 2 11 0 2 7 0 2 7 0 2 11 5 30 3 16 19 11 0 2 7 16 6 2 13 6 3 0 2 7 0 21.9710909128189087
0 2 7 12 16 2 12 16 2 0 2 7 5 30 3 0 2 11 0 2 7 0 2 7 1 2 11 0 2 8 0 2 7 1 2 7 17 18 2 16 19 11 0 2 11 0 2 11 0 2 3 0 2 11 0 2 11 17 18 2 0.119674374779028744 21.6066550016403198

MonoObjective Genetic Algorithm
Number of Evaluations = 0
Mutation Probability = 0
Crossover Probability = 1
Population Size = 10
Survival Selection Type = 16

Time =  3603.85014295578003

Current Evaluation = 3370
Front Size = 10
0 2 7 5 31 3 5 30 3 0 2 7 0 2 7 0 2 7 13 6 3 1 2 7 0 2 7 1 2 7 0 2 7 0 2 7 12 16 2 0 2 7 17 9 2 1 2 7 0 2 7 1 2 7 17 9 2 1 2 7 0 20.2646257877349854
1 2 7 12 16 2 0 2 7 5 30 3 0 2 7 0 2 7 17 18 2 0 2 7 0 2 7 0 2 7 13 6 3 5 31 3 0 2 7 0 2 7 1 2 7 1 2 7 1 2 7 1 2 7 0 2 7 17 18 2 0 20.2646257877349854
0 2 7 13 6 3 12 16 2 12 16 2 0 2 7 0 2 7 0 2 7 5 30 3 1 2 11 0 2 7 0 2 7 1 2 7 17 18 2 12 16 2 12 16 2 1 2 11 13 6 3 1 2 4 0 2 7 17 18 2 0 20.3046585321426392
12 16 2 12 16 2 5 30 3 0 2 7 0 2 4 13 6 3 0 2 7 17 9 2 1 2 7 1 2 7 12 16 2 17 18 2 12 16 2 0 2 7 13 6 3 1 2 3 0 2 12 0 2 7 1 2 11 0 2 4 0 20.3980586528778076
12 16 2 12 16 2 5 31 3 0 2 4 0 2 7 0 2 7 13 6 3 1 2 7 0 2 7 1 2 4 12 16 2 0 2 7 5 30 3 0 2 7 17 9 2 1 2 7 0 2 7 0 2 3 16 30 2 1 2 7 0 20.4516057968139648
0 2 7 12 16 2 17 18 2 1 2 4 13 6 3 0 2 7 1 2 3 1 2 7 12 16 2 0 2 7 5 30 3 1 2 7 0 2 7 5 30 3 0 2 4 0 2 7 12 16 2 0 2 7 16 31 2 0 2 7 0 20.4516056776046753
1 2 10 1 2 7 5 31 3 0 2 7 0 2 7 0 2 3 0 2 3 0 2 3 0 2 7 0 2 3 0 2 7 12 16 2 12 16 2 0 2 3 1 2 7 0 2 3 1 2 7 5 30 3 16 9 11 16 6 2 0 21.3628018498420715
1 2 7 12 16 2 0 2 7 5 30 3 0 2 7 0 2 7 17 18 2 0 2 7 0 2 7 0 2 7 13 6 3 0 2 7 17 18 2 5 31 3 12 16 2 1 2 11 1 2 7 1 2 11 1 2 7 0 2 7 0 20.6116236448287964
12 16 2 0 2 8 5 30 3 0 2 11 0 2 8 12 16 2 12 16 2 0 2 8 5 31 3 12 16 2 0 2 11 0 2 7 0 2 7 0 2 11 5 30 3 16 19 11 0 2 7 16 6 2 13 6 3 0 2 7 0 21.9710909128189087
0 2 7 12 16 2 12 16 2 0 2 7 5 30 3 0 2 11 0 2 7 0 2 7 1 2 11 0 2 8 0 2 7 1 2 7 17 18 2 16 19 11 0 2 11 0 2 11 0 2 3 0 2 11 0 2 11 17 18 2 0.119674374779028744 21.6066550016403198

