Current Evaluation = 180(180)
Front Size = 10
1 2 7 0 2 7 1 2 7 12 16 2 0 2 7 0 2 7 1 2 7 1 2 7 17 18 2 0 2 7 1 2 7 5 30 3 13 6 3 17 9 2 0 2 7 0 2 7 0 2 7 5 31 3 0 2 7 0 2 7 0 20.2646257877349854
0 2 8 0 2 8 5 30 3 8 18 2 0 2 8 1 2 8 5 30 3 16 18 8 0 2 8 0 2 8 0 2 8 0 2 8 0 2 8 1 2 8 1 2 8 8 18 2 5 30 3 0 2 8 16 19 12 0 2 8 0.00134188194853663038 23.1190783977508545
5 30 3 12 16 2 1 2 12 0 2 3 0 2 12 0 2 8 17 9 2 0 2 3 0 2 3 0 2 12 1 2 3 0 2 3 0 2 3 0 2 11 5 31 3 1 2 7 1 2 3 6 2 7 16 6 2 8 18 2 0 21.7453722357749939
5 30 3 5 30 3 15 2 11 0 2 11 0 2 11 12 16 2 0 2 3 6 2 11 0 2 7 6 2 7 0 2 3 0 2 3 5 30 3 0 2 7 0 2 7 1 2 7 17 9 2 16 19 11 0 2 7 0 2 11 0 21.7515749335289001
5 30 3 0 2 8 1 2 3 8 9 2 0 2 3 12 16 2 0 2 3 0 2 7 5 30 3 0 2 3 16 19 13 0 2 8 0 2 8 0 2 8 1 2 11 0 2 8 0 2 3 16 19 12 0 2 11 16 19 11 0.0601587959142743864 22.6720712184906006
0 2 11 1 2 11 8 18 2 0 2 11 0 2 7 0 2 7 0 2 4 17 18 2 12 16 2 0 2 7 0 2 4 1 2 7 0 2 10 1 2 7 5 30 3 1 2 7 17 18 2 0 2 3 1 2 7 5 30 3 0 20.9925909042358398
5 30 3 12 16 2 0 2 3 0 2 7 0 2 3 1 2 11 0 2 3 5 31 3 0 2 7 0 2 3 16 6 2 1 2 4 0 2 3 6 2 3 1 2 3 0 2 3 0 2 7 16 24 2 0 2 7 12 16 2 0 21.3353128433227539
0 2 11 5 30 3 5 30 3 8 18 2 5 30 3 0 2 8 0 2 11 6 2 11 0 2 3 0 2 11 12 16 2 0 2 8 0 2 8 0 2 11 0 2 11 16 19 11 12 16 2 16 19 11 12 16 2 0 2 11 0 22.9084491729736328
5 31 3 0 2 4 1 2 7 0 2 7 0 2 7 6 2 3 0 2 7 0 2 7 5 31 3 1 2 7 6 2 7 0 2 7 0 2 4 16 6 2 12 16 2 12 16 2 0 2 7 17 18 2 1 2 11 0 2 7 0 20.7832887768745422
5 30 3 12 16 2 8 9 2 5 30 3 0 2 3 0 2 3 0 2 7 0 2 7 0 2 3 1 2 7 17 18 2 0 2 7 1 2 7 1 2 4 1 2 3 0 2 3 1 2 7 0 2 7 16 15 2 0 2 7 0 20.9987398386001587

Current Evaluation = 360(360)
Front Size = 10
1 2 7 0 2 7 1 2 7 12 16 2 0 2 7 0 2 7 1 2 7 1 2 7 17 18 2 0 2 7 1 2 7 5 30 3 13 6 3 17 9 2 0 2 7 0 2 7 0 2 7 5 31 3 0 2 7 0 2 7 0 20.2646257877349854
1 2 3 0 2 3 5 31 3 0 2 7 1 2 7 0 2 3 5 30 3 1 2 7 0 2 3 16 6 2 0 2 3 12 16 2 1 2 3 0 2 3 0 2 7 0 2 7 1 2 7 0 2 3 16 30 2 0 2 7 0 20.9838579893112183
5 31 3 0 2 4 1 2 7 0 2 7 0 2 7 6 2 3 0 2 7 0 2 7 5 31 3 1 2 7 6 2 7 0 2 7 0 2 4 16 6 2 12 16 2 12 16 2 0 2 7 17 18 2 1 2 11 0 2 7 0 20.7832887768745422
5 31 3 12 16 2 0 2 7 0 2 3 1 2 3 0 2 7 0 2 7 0 2 7 1 2 3 1 2 3 15 2 11 0 2 7 0 2 4 16 6 2 0 2 7 5 30 3 0 2 7 0 2 7 16 6 2 12 16 2 0 20.9683817625045776
0 2 7 17 18 2 12 16 2 1 2 11 5 30 3 0 2 10 0 2 7 5 30 3 0 2 7 1 2 4 0 2 7 0 2 7 8 18 2 0 2 3 0 2 7 0 2 11 17 18 2 1 2 11 1 2 4 1 2 7 0 20.9925907850265503
0 2 8 0 2 8 5 30 3 8 18 2 0 2 8 1 2 8 5 30 3 16 18 8 0 2 8 0 2 8 0 2 8 0 2 8 0 2 8 1 2 8 1 2 8 8 18 2 5 30 3 0 2 8 16 19 12 0 2 8 0.00134188194853663038 23.1190783977508545
5 30 3 12 16 2 1 2 12 0 2 3 0 2 12 0 2 8 17 9 2 0 2 3 0 2 3 0 2 12 1 2 3 0 2 3 0 2 3 0 2 11 5 31 3 1 2 7 1 2 3 6 2 7 16 6 2 8 18 2 0 21.7453722357749939
0 2 11 0 2 7 0 2 11 0 2 3 0 2 7 0 2 7 5 31 3 0 2 3 5 30 3 0 2 7 0 2 10 0 2 3 12 16 2 16 6 2 5 30 3 16 19 11 0 2 11 12 16 2 6 2 7 0 2 7 0 21.8348268866539001
0 2 11 5 30 3 5 30 3 8 18 2 5 30 3 0 2 8 0 2 11 6 2 11 0 2 3 0 2 11 12 16 2 0 2 8 0 2 8 0 2 11 0 2 11 16 19 11 12 16 2 16 19 11 12 16 2 0 2 11 0 22.9084491729736328
1 2 7 0 2 7 0 2 7 0 2 7 0 2 7 1 2 7 12 16 2 17 18 2 8 9 2 0 2 4 0 2 3 1 2 4 6 2 7 5 30 3 0 2 4 0 2 3 12 16 2 0 2 3 5 30 3 0 2 3 0.00971681816799478161 21.2169868350028992

Current Evaluation = 540(540)
Front Size = 10
1 2 7 0 2 7 1 2 7 12 16 2 0 2 7 0 2 7 1 2 7 1 2 7 17 18 2 0 2 7 1 2 7 5 30 3 13 6 3 17 9 2 0 2 7 0 2 7 0 2 7 5 31 3 0 2 7 0 2 7 0 20.2646257877349854
5 30 3 12 16 2 1 2 12 0 2 3 0 2 12 0 2 8 17 9 2 0 2 3 0 2 3 0 2 12 1 2 3 0 2 3 0 2 3 0 2 11 5 31 3 1 2 7 1 2 3 6 2 7 16 6 2 8 18 2 0 21.7453722357749939
0 2 11 5 30 3 5 30 3 8 18 2 5 30 3 0 2 8 0 2 11 6 2 11 0 2 3 0 2 11 12 16 2 0 2 8 0 2 8 0 2 11 0 2 11 16 19 11 12 16 2 16 19 11 12 16 2 0 2 11 0 22.9084491729736328
0 2 7 17 18 2 12 16 2 1 2 11 5 30 3 0 2 10 0 2 7 5 30 3 0 2 7 1 2 4 0 2 7 0 2 7 8 18 2 0 2 3 0 2 7 0 2 11 17 18 2 1 2 11 1 2 4 1 2 7 0 20.9925907850265503
5 31 3 12 16 2 0 2 7 0 2 3 1 2 3 0 2 7 0 2 7 0 2 7 1 2 3 1 2 3 15 2 11 0 2 7 0 2 4 16 6 2 0 2 7 5 30 3 0 2 7 0 2 7 16 6 2 12 16 2 0 20.9683817625045776
0 2 8 0 2 8 5 30 3 8 18 2 0 2 8 1 2 8 5 30 3 16 18 8 0 2 8 0 2 8 0 2 8 0 2 8 0 2 8 1 2 8 1 2 8 8 18 2 5 30 3 0 2 8 16 19 12 0 2 8 0.00134188194853663038 23.1190783977508545
0 2 7 0 2 7 0 2 7 5 31 3 0 2 3 12 16 2 16 6 2 12 16 2 0 2 3 0 2 7 1 2 7 0 2 3 1 2 7 0 2 3 0 2 3 0 2 10 1 2 3 5 30 3 16 18 11 1 2 7 0 21.3628018498420715
12 16 2 12 16 2 5 31 3 0 2 4 1 2 7 0 2 7 0 2 7 0 2 3 0 2 8 16 19 11 5 31 3 1 2 7 6 2 7 0 2 8 0 2 4 0 2 11 0 2 7 0 2 8 1 2 11 5 30 3 0.0240623811519451204 22.0987940430641174
0 2 4 0 2 7 12 16 2 1 2 7 1 2 7 0 2 7 5 30 3 8 9 2 0 2 11 0 2 12 17 9 2 12 16 2 5 30 3 13 6 3 0 2 7 0 2 7 1 2 7 17 18 2 1 2 11 0 2 12 0 20.8411498069763184
12 16 2 12 16 2 0 2 7 12 16 2 0 2 3 0 2 7 0 2 7 0 2 7 0 2 7 0 2 7 0 2 3 1 2 8 5 30 3 0 2 7 5 30 3 16 6 2 8 9 2 8 18 2 16 19 1 1 2 7 0 21.5481636524200439

Current Evaluation = 720(720)
Front Size = 10
0 2 7 5 30 3 1 2 7 0 2 7 1 2 7 0 2 7 0 2 7 1 2 7 0 2 7 0 2 7 1 2 7 5 31 3 0 2 7 1 2 7 12 16 2 0 2 7 17 18 2 17 18 2 13 6 3 0 2 7 0 20.2646257877349854
1 2 4 0 2 7 0 2 7 5 31 3 0 2 7 0 2 7 0 2 7 6 2 7 17 9 2 1 2 7 16 6 2 12 16 2 1 2 4 0 2 7 0 2 7 0 2 7 1 2 7 0 2 7 0 2 7 5 31 3 0 20.4595978856086731
0 2 11 5 30 3 5 30 3 8 18 2 5 30 3 0 2 11 0 2 8 0 2 11 0 2 11 0 2 8 12 16 2 0 2 11 0 2 11 0 2 7 0 2 11 16 19 11 12 16 2 16 19 11 12 16 2 0 2 8 0 22.9027081727981567
5 30 3 1 2 7 0 2 10 0 2 4 16 30 2 12 16 2 1 2 7 0 2 7 1 2 11 0 2 4 5 31 3 17 18 2 0 2 7 0 2 3 0 2 7 0 2 3 1 2 7 0 2 7 1 2 3 0 2 7 0 20.8012489080429077
12 16 2 0 2 7 0 2 7 0 2 7 0 2 7 0 2 7 0 2 3 1 2 7 16 30 2 0 2 3 12 16 2 0 2 3 16 15 2 1 2 7 0 2 7 12 16 2 8 9 2 5 30 3 8 18 2 5 30 3 0 21.140076756477356
5 30 3 12 16 2 1 2 12 0 2 3 0 2 12 0 2 8 17 9 2 0 2 3 0 2 3 0 2 12 1 2 3 0 2 3 0 2 3 0 2 11 5 31 3 1 2 7 1 2 3 6 2 7 16 6 2 8 18 2 0 21.7453722357749939
0 2 8 0 2 8 5 30 3 8 18 2 0 2 8 1 2 8 5 30 3 16 18 8 0 2 8 0 2 8 0 2 8 0 2 8 0 2 8 1 2 8 1 2 8 8 18 2 5 30 3 0 2 8 16 19 12 0 2 8 0.00134188194853663038 23.1190783977508545
0 2 7 5 30 3 1 2 11 0 2 7 0 2 4 1 2 11 1 2 7 0 2 4 5 31 3 1 2 4 17 18 2 0 2 7 0 2 7 1 2 7 1 2 10 0 2 7 0 2 7 17 9 2 0 2 7 0 2 7 0 20.6016668081283569
5 30 3 0 2 7 1 2 7 0 2 11 0 2 4 1 2 4 1 2 7 17 18 2 5 30 3 17 18 2 1 2 11 0 2 11 0 2 7 0 2 11 15 2 11 0 2 4 0 2 3 0 2 7 1 2 7 0 2 7 0 20.8973850011825562
0 2 4 0 2 7 0 2 7 0 2 7 0 2 7 1 2 7 1 2 7 12 16 2 0 2 12 0 2 7 0 2 7 1 2 7 16 18 11 1 2 7 0 2 4 5 31 3 17 9 2 6 2 7 12 16 2 5 31 3 0 20.9916129112243652

Current Evaluation = 900(900)
Front Size = 10
0 2 7 13 6 3 0 2 7 1 2 7 0 2 7 1 2 7 1 2 7 17 18 2 5 31 3 1 2 7 0 2 7 5 30 3 1 2 7 0 2 7 17 9 2 0 2 7 12 16 2 0 2 7 0 2 7 0 2 7 0 20.2646257877349854
1 2 3 12 16 2 0 2 10 5 30 3 0 2 11 8 9 2 1 2 7 1 2 7 0 2 3 5 30 3 17 9 2 12 16 2 0 2 7 16 18 11 0 2 1 0 2 7 0 2 10 0 2 7 12 16 2 0 2 4 0 21.6665168404579163
1 2 7 1 2 7 0 2 7 1 2 4 13 6 3 5 30 3 0 2 7 0 2 7 0 2 7 5 30 3 0 2 7 12 16 2 12 16 2 0 2 7 0 2 3 17 9 2 12 16 2 16 31 2 1 2 7 0 2 4 0 20.4516056776046753
0 2 3 12 16 2 1 2 7 5 30 3 0 2 7 0 2 7 1 2 4 0 2 3 0 2 11 16 30 2 0 2 7 1 2 7 0 2 7 17 9 2 1 2 3 0 2 7 0 2 7 0 2 10 1 2 4 5 31 3 0 20.8012490272521973
0 2 11 5 30 3 5 30 3 8 18 2 5 30 3 0 2 11 0 2 8 0 2 11 0 2 11 0 2 8 12 16 2 0 2 11 0 2 11 0 2 7 0 2 11 16 19 11 12 16 2 16 19 11 12 16 2 0 2 8 0 22.9027081727981567
1 2 7 0 2 7 1 2 4 0 2 7 1 2 11 0 2 7 0 2 4 1 2 7 0 2 4 17 18 2 0 2 11 17 18 2 1 2 11 5 30 3 15 2 11 0 2 3 0 2 7 0 2 11 0 2 7 5 30 3 0 20.8973848819732666
5 30 3 12 16 2 1 2 12 0 2 3 0 2 12 0 2 8 17 9 2 0 2 3 0 2 3 0 2 12 1 2 3 0 2 3 0 2 3 0 2 11 5 31 3 1 2 7 1 2 3 6 2 7 16 6 2 8 18 2 0 21.7453722357749939
5 31 3 0 2 7 1 2 7 0 2 7 5 31 3 1 2 7 6 2 8 0 2 7 0 2 8 0 2 7 17 18 2 0 2 7 6 2 7 0 2 7 1 2 3 0 2 7 0 2 3 0 2 7 5 30 3 16 6 2 0 21.0271360278129578
1 2 7 0 2 4 5 31 3 0 2 7 0 2 7 0 2 7 6 2 7 12 16 2 0 2 7 0 2 7 12 16 2 0 2 7 0 2 10 8 9 2 0 2 7 0 2 4 17 9 2 5 31 3 1 2 11 16 15 2 0.000625313797302936517 21.0980928540229797
5 30 3 12 16 2 0 2 7 13 6 3 5 30 3 0 2 7 5 30 3 0 2 7 1 2 7 5 31 3 17 18 2 0 2 8 17 9 2 0 2 11 0 2 11 0 2 7 0 2 7 16 19 11 12 16 2 0 2 8 0.0822421771160447707 21.6430238485336304

Current Evaluation = 1080(1080)
Front Size = 10
0 2 7 0 2 7 1 2 7 1 2 7 1 2 7 0 2 7 1 2 7 0 2 7 0 2 7 17 9 2 5 31 3 0 2 7 0 2 7 12 16 2 0 2 7 1 2 7 17 18 2 13 6 3 0 2 7 5 30 3 0 20.2646257877349854
0 2 11 5 30 3 5 30 3 8 18 2 5 30 3 0 2 11 0 2 8 0 2 11 0 2 11 0 2 8 12 16 2 0 2 11 0 2 11 0 2 7 0 2 11 16 19 11 12 16 2 16 19 11 12 16 2 0 2 8 0 22.9027081727981567
1 2 3 1 2 3 16 6 2 8 9 2 0 2 7 0 2 3 12 16 2 5 30 3 0 2 7 0 2 1 0 2 11 0 2 7 0 2 4 0 2 11 17 9 2 5 30 3 0 2 3 1 2 7 1 2 7 0 2 7 0 21.2207520008087158
5 30 3 12 16 2 1 2 12 0 2 3 0 2 12 0 2 8 17 9 2 0 2 3 0 2 3 0 2 12 1 2 3 0 2 3 0 2 3 0 2 11 5 31 3 1 2 7 1 2 3 6 2 7 16 6 2 8 18 2 0 21.7453722357749939
0 2 7 5 30 3 6 2 8 0 2 8 0 2 7 0 2 7 5 31 3 16 6 2 12 16 2 0 2 3 6 2 7 0 2 8 0 2 8 0 2 7 5 30 3 0 2 8 5 31 3 0 2 8 0 2 7 12 16 2 0.0436816578896070118 22.3443841338157654
5 31 3 6 2 7 0 2 7 1 2 7 0 2 7 0 2 7 0 2 3 0 2 7 12 16 2 6 2 11 0 2 4 1 2 7 5 31 3 17 9 2 1 2 7 0 2 4 0 2 7 0 2 7 12 16 2 16 6 2 0 20.7832888960838318
0 2 7 0 2 7 0 2 7 0 2 7 0 2 7 1 2 4 0 2 7 1 2 4 0 2 7 6 2 7 16 6 2 0 2 7 5 31 3 1 2 7 12 16 2 1 2 7 17 18 2 0 2 7 0 2 7 5 31 3 0 20.4595978856086731
1 2 10 5 30 3 0 2 7 0 2 7 1 2 4 0 2 7 0 2 7 1 2 7 1 2 7 17 18 2 17 9 2 0 2 10 0 2 7 5 31 3 0 2 7 1 2 10 0 2 7 12 16 2 0 2 10 0 2 4 0 20.8028168678283691
0 2 7 0 2 7 0 2 7 0 2 7 0 2 7 0 2 7 6 2 7 1 2 7 12 16 2 17 18 2 5 30 3 5 30 3 0 2 3 1 2 3 0 2 3 16 15 2 0 2 4 0 2 7 0 2 7 0 2 3 0.00243976515791185589 20.9628837704658508
0 2 7 5 30 3 0 2 7 1 2 11 0 2 7 0 2 11 1 2 7 0 2 7 5 30 3 0 2 7 0 2 11 1 2 4 1 2 7 0 2 7 17 18 2 8 18 2 0 2 4 1 2 3 17 9 2 1 2 11 0 20.8198409080505371

Current Evaluation = 1260(1260)
Front Size = 10
13 6 3 0 2 7 1 2 7 0 2 7 0 2 7 17 9 2 5 30 3 0 2 7 1 2 7 0 2 7 1 2 7 0 2 7 0 2 7 0 2 7 12 16 2 0 2 7 5 31 3 1 2 7 17 18 2 1 2 7 0 20.2646257877349854
12 16 2 1 2 3 1 2 3 0 2 7 5 31 3 0 2 7 5 30 3 0 2 7 0 2 4 0 2 7 0 2 3 16 6 2 0 2 3 0 2 3 0 2 3 0 2 4 1 2 7 16 18 8 12 16 2 1 2 3 0 21.4234018325805664
0 2 3 0 2 7 1 2 7 1 2 11 1 2 7 0 2 3 0 2 7 1 2 7 17 9 2 5 30 3 0 2 3 0 2 7 0 2 7 1 2 7 0 2 3 0 2 7 16 31 2 5 30 3 0 2 7 1 2 7 0 20.6688988208770752
1 2 7 17 18 2 0 2 7 5 30 3 12 16 2 5 31 3 0 2 7 0 2 4 1 2 7 13 6 3 1 2 7 0 2 7 1 2 7 16 30 2 0 2 7 0 2 7 0 2 4 12 16 2 12 16 2 0 2 3 0 20.4516057968139648
1 2 10 0 2 7 0 2 11 0 2 11 0 2 7 6 2 11 12 16 2 0 2 11 5 30 3 0 2 11 12 16 2 0 2 7 0 2 7 0 2 10 5 31 3 16 24 2 17 18 2 5 30 3 0 2 7 0 2 11 0 21.6968511343002319
0 2 7 5 30 3 0 2 7 0 2 3 0 2 7 0 2 7 1 2 7 17 9 2 1 2 7 1 2 3 0 2 7 0 2 7 1 2 11 16 6 2 0 2 3 9 2 7 5 31 3 1 2 3 0 2 7 0 2 7 0 20.9495408535003662
5 31 3 0 2 7 0 2 7 1 2 7 0 2 7 0 2 7 0 2 7 12 16 2 1 2 7 5 31 3 0 2 7 0 2 7 16 6 2 0 2 7 0 2 7 1 2 4 17 9 2 6 2 7 0 2 7 1 2 4 0 20.4595978856086731
0 2 7 5 30 3 1 2 4 0 2 7 0 2 7 0 2 7 0 2 7 17 9 2 0 2 7 0 2 7 1 2 7 5 30 3 8 18 2 8 18 2 12 16 2 0 2 7 12 16 2 16 15 2 0 2 7 1 2 7 0 20.8408946990966797
5 31 3 0 2 7 0 2 7 1 2 7 0 2 7 0 2 7 0 2 7 6 2 7 1 2 7 5 31 3 0 2 7 16 6 2 0 2 7 1 2 7 1 2 7 0 2 4 17 18 2 0 2 4 0 2 7 12 16 2 0 20.4595978856086731
0 2 7 0 2 7 1 2 7 0 2 7 0 2 7 0 2 7 1 2 7 0 2 7 17 9 2 5 31 3 0 2 3 5 31 3 0 2 7 1 2 7 0 2 7 0 2 3 0 2 3 0 2 3 0 2 7 1 2 4 0.00929346466184044831 21.1324030160903931

Current Evaluation = 1440(1440)
Front Size = 10
0 2 7 0 2 7 12 16 2 5 30 3 0 2 7 17 18 2 0 2 7 0 2 7 0 2 7 1 2 7 13 6 3 1 2 7 1 2 7 17 9 2 1 2 7 0 2 7 5 31 3 1 2 7 0 2 7 0 2 7 0 20.2646257877349854
12 16 2 1 2 3 1 2 3 0 2 7 5 31 3 0 2 7 5 30 3 0 2 7 0 2 4 0 2 7 0 2 3 16 6 2 0 2 3 0 2 3 0 2 3 0 2 4 1 2 7 16 18 8 12 16 2 1 2 3 0 21.4234018325805664
0 2 7 5 31 3 0 2 7 1 2 4 0 2 7 0 2 10 1 2 4 0 2 3 1 2 7 0 2 7 12 16 2 0 2 3 5 30 3 1 2 7 0 2 7 17 18 2 0 2 3 1 2 7 0 2 11 16 30 2 0 20.8012490272521973
0 2 7 0 2 7 1 2 4 0 2 4 0 2 7 13 6 3 12 16 2 0 2 7 0 2 3 16 31 2 5 30 3 5 30 3 12 16 2 1 2 7 1 2 7 17 9 2 12 16 2 1 2 7 0 2 7 0 2 7 0 20.4516056776046753
0 2 7 5 30 3 0 2 7 0 2 3 0 2 7 0 2 7 1 2 7 17 9 2 1 2 7 1 2 3 0 2 7 0 2 7 1 2 11 16 6 2 0 2 3 9 2 7 5 31 3 1 2 3 0 2 7 0 2 7 0 20.9495408535003662
5 30 3 0 2 11 16 6 2 0 2 7 0 2 11 0 2 4 12 16 2 0 2 11 0 2 7 5 30 3 1 2 11 1 2 4 12 16 2 17 18 2 1 2 7 0 2 7 8 9 2 0 2 7 0 2 7 15 2 11 0 21.1035468578338623
5 31 3 0 2 7 0 2 7 1 2 7 0 2 7 0 2 7 0 2 7 12 16 2 1 2 7 5 31 3 0 2 7 0 2 7 16 6 2 0 2 7 0 2 7 1 2 4 17 9 2 6 2 7 0 2 7 1 2 4 0 20.4595978856086731
0 2 3 0 2 7 1 2 7 1 2 11 1 2 7 0 2 3 0 2 7 1 2 7 17 9 2 5 30 3 0 2 3 0 2 7 0 2 7 1 2 7 0 2 3 0 2 7 16 31 2 5 30 3 0 2 7 1 2 7 0 20.6688988208770752
1 2 10 0 2 7 0 2 11 0 2 11 0 2 7 6 2 11 12 16 2 0 2 11 5 30 3 0 2 11 12 16 2 0 2 7 0 2 7 0 2 10 5 31 3 16 24 2 17 18 2 5 30 3 0 2 7 0 2 11 0 21.6968511343002319
0 2 7 5 30 3 0 2 7 0 2 7 0 2 7 0 2 7 17 9 2 0 2 7 0 2 7 1 2 7 12 16 2 0 2 7 0 2 7 1 2 7 1 2 4 5 30 3 8 18 2 8 18 2 12 16 2 16 15 2 0 20.8408946990966797

Current Evaluation = 1620(1620)
Front Size = 10
0 2 7 12 16 2 0 2 7 0 2 7 0 2 7 1 2 7 5 30 3 1 2 7 17 18 2 1 2 7 1 2 7 17 9 2 13 6 3 5 31 3 0 2 7 0 2 7 0 2 7 0 2 7 0 2 7 1 2 7 0 20.2646257877349854
12 16 2 1 2 3 1 2 3 0 2 7 5 31 3 0 2 7 5 30 3 0 2 7 0 2 4 0 2 7 0 2 3 16 6 2 0 2 3 0 2 3 0 2 3 0 2 4 1 2 7 16 18 8 12 16 2 1 2 3 0 21.4234018325805664
0 2 7 0 2 7 1 2 4 0 2 4 0 2 7 13 6 3 12 16 2 0 2 7 0 2 3 16 31 2 5 30 3 5 30 3 12 16 2 1 2 7 1 2 7 17 9 2 12 16 2 1 2 7 0 2 7 0 2 7 0 20.4516056776046753
5 31 3 0 2 7 0 2 7 1 2 7 0 2 7 0 2 7 0 2 7 12 16 2 1 2 7 5 31 3 0 2 7 0 2 7 16 6 2 0 2 7 0 2 7 1 2 4 17 9 2 6 2 7 0 2 7 1 2 4 0 20.4595978856086731
0 2 7 1 2 7 0 2 7 0 2 11 15 2 11 0 2 4 12 16 2 1 2 7 17 9 2 5 30 3 5 30 3 1 2 7 0 2 7 0 2 4 1 2 7 12 16 2 13 6 3 0 2 11 0 2 7 17 18 2 0 20.6221418380737305
5 31 3 0 2 7 0 2 7 1 2 7 0 2 7 0 2 7 0 2 7 12 16 2 1 2 7 5 31 3 0 2 4 0 2 7 16 6 2 0 2 7 6 2 7 0 2 7 1 2 7 0 2 4 17 18 2 1 2 7 0 20.4595978856086731
0 2 3 1 2 7 0 2 7 0 2 11 1 2 7 0 2 3 0 2 3 5 30 3 1 2 7 0 2 7 0 2 7 1 2 7 0 2 3 0 2 7 1 2 7 1 2 7 0 2 7 17 9 2 5 30 3 16 31 2 0 20.6688989400863647
1 2 3 0 2 7 1 2 7 0 2 7 0 2 7 0 2 7 1 2 3 1 2 7 0 2 7 17 9 2 0 2 7 16 30 2 5 30 3 0 2 7 1 2 3 0 2 7 0 2 7 1 2 3 0 2 11 5 31 3 0 20.6688990592956543
0 2 7 0 2 7 0 2 7 0 2 4 0 2 7 1 2 7 17 9 2 1 2 7 0 2 3 0 2 3 16 30 2 5 31 3 5 30 3 1 2 7 1 2 10 0 2 3 12 16 2 1 2 11 0 2 7 0 2 4 0 20.8012489080429077
0 2 7 0 2 7 1 2 7 0 2 7 0 2 7 12 16 2 0 2 7 5 31 3 0 2 4 0 2 11 6 2 4 12 16 2 16 6 2 0 2 3 0 2 7 1 2 7 17 9 2 6 2 7 5 31 3 1 2 7 0 20.7832889556884766

Current Evaluation = 1800(1800)
Front Size = 10
0 2 7 0 2 7 0 2 7 0 2 7 5 31 3 0 2 7 17 9 2 1 2 7 0 2 7 1 2 7 0 2 7 1 2 7 1 2 7 0 2 7 17 18 2 12 16 2 1 2 7 0 2 7 5 30 3 13 6 3 0 20.2646257877349854
0 2 7 1 2 7 0 2 7 0 2 7 1 2 4 0 2 7 0 2 7 13 6 3 5 31 3 5 30 3 12 16 2 0 2 7 17 18 2 12 16 2 0 2 7 1 2 7 1 2 4 17 18 2 0 2 7 6 2 7 0 20.3487167954444885
1 2 7 0 2 7 0 2 7 12 16 2 0 2 3 17 18 2 5 30 3 5 31 3 1 2 7 13 6 3 1 2 7 0 2 4 1 2 7 0 2 4 0 2 7 0 2 7 0 2 7 12 16 2 12 16 2 16 30 2 0 20.4516057968139648
0 2 3 1 2 7 0 2 7 0 2 11 1 2 7 0 2 3 0 2 3 5 30 3 1 2 7 0 2 7 0 2 7 1 2 7 0 2 3 0 2 7 1 2 7 1 2 7 0 2 7 17 9 2 5 30 3 16 31 2 0 20.6688989400863647
1 2 3 0 2 7 1 2 7 0 2 7 0 2 7 0 2 7 1 2 3 1 2 7 0 2 7 17 9 2 0 2 7 16 30 2 5 30 3 0 2 7 1 2 3 0 2 7 0 2 7 1 2 3 0 2 11 5 31 3 0 20.6688990592956543
12 16 2 1 2 3 1 2 3 0 2 7 5 31 3 0 2 7 5 30 3 0 2 7 0 2 4 0 2 7 0 2 3 16 6 2 0 2 3 0 2 3 0 2 3 0 2 4 1 2 7 16 18 8 12 16 2 1 2 3 0 21.4234018325805664
0 2 7 0 2 7 0 2 4 0 2 7 6 2 7 17 9 2 0 2 7 1 2 7 0 2 7 1 2 7 12 16 2 1 2 7 5 31 3 16 6 2 1 2 4 0 2 7 0 2 7 5 31 3 0 2 7 0 2 7 0 20.4595978856086731
0 2 7 0 2 4 0 2 3 0 2 7 5 30 3 1 2 7 1 2 10 5 31 3 0 2 7 1 2 4 1 2 10 1 2 7 17 18 2 0 2 7 0 2 7 1 2 7 0 2 7 0 2 7 0 2 7 17 18 2 0 20.5764669179916382
0 2 7 1 2 7 0 2 7 0 2 11 15 2 11 0 2 4 12 16 2 1 2 7 17 9 2 5 30 3 5 30 3 1 2 7 0 2 7 0 2 4 1 2 7 12 16 2 13 6 3 0 2 11 0 2 7 17 18 2 0 20.6221418380737305
5 31 3 1 2 7 0 2 7 1 2 7 0 2 7 0 2 3 12 16 2 12 16 2 0 2 7 5 31 3 1 2 7 0 2 3 0 2 7 0 2 7 16 30 2 0 2 7 1 2 7 16 6 2 0 2 7 0 2 7 0 20.7024868726730347

Current Evaluation = 1980(1980)
Front Size = 10
1 2 7 0 2 7 1 2 7 13 6 3 5 30 3 1 2 7 0 2 7 0 2 7 1 2 7 17 18 2 1 2 7 0 2 7 0 2 7 0 2 7 0 2 7 17 18 2 0 2 7 5 31 3 12 16 2 0 2 7 0 20.2646257877349854
12 16 2 1 2 3 1 2 3 0 2 7 5 31 3 0 2 7 5 30 3 0 2 7 0 2 4 0 2 7 0 2 3 16 6 2 0 2 3 0 2 3 0 2 3 0 2 4 1 2 7 16 18 8 12 16 2 1 2 3 0 21.4234018325805664
1 2 7 1 2 7 0 2 7 0 2 4 12 16 2 0 2 3 5 31 3 0 2 7 0 2 7 1 2 7 0 2 7 12 16 2 13 6 3 0 2 4 17 18 2 0 2 7 1 2 7 5 30 3 12 16 2 16 30 2 0 20.4516057968139648
0 2 7 0 2 7 0 2 7 17 9 2 0 2 7 1 2 7 1 2 7 0 2 7 0 2 7 6 2 7 0 2 7 12 16 2 5 31 3 16 6 2 5 31 3 1 2 7 0 2 7 0 2 7 0 2 4 1 2 4 0 20.4595978856086731
0 2 7 0 2 4 0 2 3 0 2 7 5 30 3 1 2 7 1 2 10 5 31 3 0 2 7 1 2 4 1 2 10 1 2 7 17 18 2 0 2 7 0 2 7 1 2 7 0 2 7 0 2 7 0 2 7 17 18 2 0 20.5764669179916382
0 2 3 1 2 7 0 2 7 0 2 11 1 2 7 0 2 3 0 2 3 5 30 3 1 2 7 0 2 7 0 2 7 1 2 7 0 2 3 0 2 7 1 2 7 1 2 7 0 2 7 17 9 2 5 30 3 16 31 2 0 20.6688989400863647
1 2 7 0 2 7 0 2 7 0 2 7 0 2 7 1 2 3 0 2 4 17 18 2 0 2 7 0 2 7 0 2 10 1 2 7 5 30 3 1 2 7 5 31 3 1 2 7 1 2 7 0 2 4 0 2 10 17 18 2 0 20.5764669179916382
0 2 7 1 2 7 0 2 7 0 2 11 15 2 11 0 2 4 12 16 2 1 2 7 17 9 2 5 30 3 5 30 3 1 2 7 0 2 7 0 2 4 1 2 7 12 16 2 13 6 3 0 2 11 0 2 7 17 18 2 0 20.6221418380737305
0 2 7 0 2 7 0 2 7 0 2 7 5 31 3 1 2 7 1 2 4 5 31 3 0 2 7 1 2 7 1 2 7 1 2 4 17 18 2 0 2 7 0 2 7 1 2 7 0 2 7 0 2 7 0 2 7 17 18 2 0 20.4687459468841553
1 2 3 0 2 7 1 2 7 0 2 7 0 2 7 0 2 7 1 2 3 1 2 7 0 2 7 17 9 2 0 2 7 16 30 2 5 30 3 0 2 7 1 2 3 0 2 7 0 2 7 1 2 3 0 2 11 5 31 3 0 20.6688990592956543

Current Evaluation = 2160(2160)
Front Size = 10
0 2 7 0 2 7 0 2 7 0 2 7 0 2 7 5 30 3 1 2 7 1 2 7 1 2 7 5 31 3 1 2 7 17 18 2 0 2 7 17 9 2 0 2 7 13 6 3 0 2 7 12 16 2 0 2 7 1 2 7 0 20.2646257877349854
0 2 4 1 2 7 1 2 7 0 2 7 0 2 7 6 2 7 17 18 2 17 9 2 1 2 4 5 31 3 13 6 3 5 30 3 0 2 7 0 2 7 12 16 2 0 2 7 0 2 7 1 2 7 12 16 2 0 2 7 0 20.3487167954444885
1 2 7 1 2 7 0 2 7 0 2 4 12 16 2 0 2 3 5 31 3 0 2 7 0 2 7 1 2 7 0 2 7 12 16 2 13 6 3 0 2 4 17 18 2 0 2 7 1 2 7 5 30 3 12 16 2 16 30 2 0 20.4516057968139648
0 2 3 1 2 7 0 2 7 0 2 11 1 2 7 0 2 3 0 2 3 5 30 3 1 2 7 0 2 7 0 2 7 1 2 7 0 2 3 0 2 7 1 2 7 1 2 7 0 2 7 17 9 2 5 30 3 16 31 2 0 20.6688989400863647
12 16 2 1 2 3 1 2 3 0 2 7 5 31 3 0 2 7 5 30 3 0 2 7 0 2 4 0 2 7 0 2 3 16 6 2 0 2 3 0 2 3 0 2 3 0 2 4 1 2 7 16 18 8 12 16 2 1 2 3 0 21.4234018325805664
1 2 7 0 2 7 12 16 2 0 2 4 0 2 7 0 2 7 1 2 7 1 2 7 0 2 7 0 2 4 5 31 3 1 2 7 0 2 7 5 31 3 0 2 7 16 6 2 6 2 7 0 2 7 17 9 2 0 2 7 0 20.4595978856086731
0 2 7 1 2 7 0 2 7 0 2 7 0 2 7 0 2 7 0 2 7 5 30 3 5 31 3 1 2 7 0 2 10 17 9 2 0 2 4 1 2 7 17 18 2 0 2 6 0 2 7 1 2 7 1 2 7 1 2 7 0 20.5624668598175049
0 2 3 0 2 7 0 2 3 0 2 4 0 2 7 1 2 7 0 2 7 5 30 3 5 31 3 0 2 7 17 9 2 0 2 4 1 2 7 1 2 3 0 2 7 0 2 7 1 2 7 1 2 7 12 16 2 16 18 11 0 20.9542428851127625
1 2 7 0 2 7 0 2 7 0 2 7 0 2 7 0 2 4 17 18 2 0 2 7 0 2 7 0 2 10 1 2 7 5 30 3 1 2 7 5 31 3 1 2 7 1 2 3 1 2 7 0 2 4 0 2 10 17 18 2 0 20.5764669179916382
1 2 3 0 2 7 1 2 7 0 2 7 0 2 7 0 2 7 1 2 3 1 2 7 0 2 7 17 9 2 0 2 7 5 30 3 0 2 7 0 2 7 16 31 2 0 2 3 0 2 7 1 2 3 1 2 11 0 2 3 0.0198699730856547289 20.5782558917999268

Current Evaluation = 2340(2340)
Front Size = 10
0 2 7 0 2 7 12 16 2 0 2 7 1 2 7 1 2 7 1 2 7 0 2 7 5 31 3 0 2 7 17 9 2 5 30 3 1 2 7 17 18 2 13 6 3 0 2 7 0 2 7 0 2 7 1 2 7 0 2 7 0 20.2646257877349854
12 16 2 0 2 7 1 2 7 1 2 7 17 9 2 0 2 7 5 30 3 5 31 3 0 2 7 0 2 7 13 6 3 0 2 7 0 2 4 1 2 4 12 16 2 0 2 7 17 18 2 0 2 7 6 2 7 1 2 7 0 20.3487167954444885
12 16 2 1 2 3 1 2 3 0 2 7 5 31 3 0 2 7 5 30 3 0 2 7 0 2 4 0 2 7 0 2 3 16 6 2 0 2 3 0 2 3 0 2 3 0 2 4 1 2 7 16 18 8 12 16 2 1 2 3 0 21.4234018325805664
0 2 7 1 2 7 0 2 7 0 2 3 1 2 7 0 2 3 0 2 3 5 30 3 1 2 7 0 2 3 0 2 7 0 2 7 1 2 11 0 2 7 1 2 7 1 2 7 0 2 7 17 9 2 5 30 3 16 31 2 0 20.6688988208770752
12 16 2 0 2 7 5 31 3 1 2 7 5 30 3 0 2 7 0 2 7 1 2 3 1 2 7 17 18 2 0 2 7 0 2 7 16 30 2 12 16 2 0 2 4 0 2 7 0 2 4 13 6 3 12 16 2 1 2 7 0 20.4516057968139648
1 2 7 0 2 7 12 16 2 0 2 4 0 2 7 0 2 7 1 2 7 1 2 7 0 2 7 0 2 4 5 31 3 1 2 7 0 2 7 5 31 3 0 2 7 16 6 2 6 2 7 0 2 7 17 9 2 0 2 7 0 20.4595978856086731
0 2 4 0 2 7 0 2 3 1 2 7 1 2 7 5 30 3 1 2 4 5 31 3 0 2 7 0 2 7 17 9 2 17 9 2 0 2 7 0 2 7 0 2 7 0 2 7 1 2 7 1 2 7 1 2 3 0 2 7 0 20.5684669017791748
0 2 4 1 2 7 0 2 7 5 31 3 1 2 10 5 30 3 1 2 11 17 9 2 1 2 11 0 2 7 0 2 4 0 2 7 0 2 7 0 2 7 0 2 7 1 2 7 0 2 4 1 2 7 17 9 2 0 2 7 0 20.6016668081283569
1 2 7 0 2 4 0 2 4 1 2 7 0 2 7 5 30 3 6 2 7 0 2 7 5 31 3 1 2 7 0 2 4 0 2 11 17 9 2 0 2 1 17 9 2 0 2 3 1 2 7 0 2 7 0 2 7 1 2 7 0 20.7193600535392761
1 2 10 1 2 7 0 2 3 0 2 7 0 2 4 5 30 3 0 2 4 5 31 3 1 2 7 0 2 7 17 9 2 17 9 2 1 2 7 0 2 7 0 2 7 1 2 10 0 2 7 0 2 7 1 2 7 0 2 7 0 20.5764669179916382

Current Evaluation = 2520(2520)
Front Size = 10
0 2 7 1 2 7 0 2 7 0 2 7 5 30 3 5 31 3 0 2 7 0 2 7 0 2 7 0 2 7 0 2 7 1 2 7 1 2 7 0 2 7 1 2 7 17 9 2 13 6 3 1 2 7 12 16 2 17 18 2 0 20.2646257877349854
12 16 2 1 2 3 1 2 3 0 2 7 5 31 3 0 2 7 5 30 3 0 2 7 0 2 4 0 2 7 0 2 3 16 6 2 0 2 3 0 2 3 0 2 3 0 2 4 1 2 7 16 18 8 12 16 2 1 2 3 0 21.4234018325805664
0 2 7 5 31 3 0 2 7 5 30 3 0 2 7 0 2 4 0 2 7 0 2 4 1 2 7 1 2 7 1 2 10 1 2 3 0 2 7 1 2 7 0 2 7 0 2 10 0 2 7 17 9 2 17 9 2 1 2 7 0 20.5764669179916382
0 2 7 1 2 7 0 2 7 0 2 3 1 2 7 0 2 3 0 2 3 5 30 3 1 2 7 0 2 3 0 2 7 0 2 7 1 2 11 0 2 7 1 2 7 1 2 7 0 2 7 17 9 2 5 30 3 16 31 2 0 20.6688988208770752
12 16 2 0 2 4 5 31 3 0 2 7 5 30 3 0 2 7 1 2 7 1 2 7 17 18 2 0 2 7 0 2 7 0 2 4 0 2 7 0 2 7 13 6 3 6 2 7 1 2 7 17 18 2 1 2 7 12 16 2 0 20.3487167954444885
12 16 2 0 2 11 5 30 3 0 2 11 5 30 3 0 2 7 0 2 11 0 2 7 5 30 3 1 2 11 0 2 7 0 2 11 8 18 2 0 2 11 0 2 7 17 9 2 1 2 11 0 2 8 16 19 11 0 2 7 0 21.9955489635467529
1 2 7 0 2 7 12 16 2 0 2 4 0 2 7 0 2 7 1 2 7 1 2 7 0 2 7 0 2 4 5 31 3 1 2 7 0 2 7 5 31 3 0 2 7 16 6 2 6 2 7 0 2 7 17 9 2 0 2 7 0 20.4595978856086731
12 16 2 0 2 11 5 31 3 0 2 3 5 30 3 0 2 7 0 2 7 0 2 7 0 2 7 12 16 2 12 16 2 0 2 7 8 9 2 1 2 7 16 18 11 0 2 7 0 2 7 16 6 2 1 2 7 1 2 7 0 21.1800047755241394
12 16 2 1 2 7 0 2 7 1 2 4 17 9 2 0 2 7 5 30 3 5 31 3 0 2 7 0 2 7 13 6 3 0 2 7 0 2 7 6 2 7 0 2 7 12 16 2 1 2 7 17 9 2 1 2 7 0 2 4 0 20.3487167954444885
0 2 7 17 9 2 1 2 4 5 31 3 0 2 7 1 2 7 0 2 7 0 2 7 0 2 7 0 2 7 0 2 7 0 2 7 5 31 3 1 2 7 1 2 7 0 2 7 16 6 2 0 2 7 6 2 4 12 16 2 0 20.4595978856086731

Current Evaluation = 2700(2700)
Front Size = 10
12 16 2 5 31 3 1 2 7 5 30 3 0 2 7 0 2 7 0 2 7 0 2 7 0 2 7 1 2 7 1 2 7 0 2 7 0 2 7 1 2 7 0 2 7 17 9 2 0 2 7 13 6 3 1 2 7 17 9 2 0 20.2646257877349854
1 2 7 6 2 7 17 9 2 0 2 7 0 2 7 0 2 7 0 2 7 1 2 4 0 2 7 0 2 7 0 2 7 5 31 3 1 2 7 1 2 4 0 2 7 0 2 7 12 16 2 5 31 3 16 6 2 0 2 7 0 20.4595978856086731
0 2 7 1 2 7 1 2 7 5 31 3 0 2 7 1 2 7 0 2 7 1 2 7 0 2 7 17 9 2 0 2 7 0 2 7 0 2 7 0 2 7 0 2 4 1 2 7 0 2 4 5 31 3 17 18 2 1 2 7 0 20.4687459468841553
12 16 2 0 2 4 5 31 3 0 2 7 5 30 3 0 2 7 1 2 7 1 2 7 0 2 7 0 2 7 0 2 7 0 2 7 13 6 3 6 2 7 1 2 7 12 16 2 17 9 2 1 2 4 17 9 2 0 2 7 0 20.3487167954444885
0 2 7 0 2 4 1 2 7 1 2 7 5 31 3 1 2 7 1 2 7 0 2 11 0 2 10 0 2 11 17 9 2 1 2 7 0 2 7 0 2 7 0 2 4 0 2 4 5 30 3 0 2 7 17 9 2 1 2 7 0 20.601667046546936
12 16 2 8 18 2 1 2 7 0 2 7 0 2 7 0 2 7 17 9 2 0 2 7 0 2 7 0 2 7 1 2 11 1 2 4 1 2 7 0 2 7 0 2 11 17 18 2 0 2 7 5 31 3 1 2 7 5 30 3 0 20.8592698574066162
12 16 2 5 31 3 5 31 3 1 2 4 0 2 7 0 2 7 0 2 7 12 16 2 0 2 7 1 2 7 1 2 7 0 2 7 0 2 7 0 2 7 0 2 7 6 2 7 12 16 2 17 18 2 12 16 2 16 32 2 0 21.0486487746238708
12 16 2 0 2 11 5 30 3 0 2 11 5 30 3 0 2 7 0 2 11 0 2 7 5 30 3 1 2 11 0 2 7 0 2 11 8 18 2 0 2 11 0 2 7 17 9 2 1 2 11 0 2 8 16 19 11 0 2 7 0 21.9955489635467529
0 2 7 0 2 7 17 9 2 0 2 4 0 2 7 0 2 7 0 2 7 0 2 7 1 2 7 1 2 7 1 2 7 6 2 7 1 2 7 0 2 7 12 16 2 0 2 7 16 6 2 5 31 3 0 2 4 5 31 3 0 20.4595978856086731
12 16 2 0 2 11 5 31 3 0 2 3 5 30 3 0 2 7 0 2 7 0 2 7 0 2 7 12 16 2 12 16 2 0 2 7 8 9 2 1 2 7 16 18 11 0 2 7 0 2 7 16 6 2 1 2 7 1 2 7 0 21.1800047755241394

Current Evaluation = 2880(2880)
Front Size = 10
0 2 7 0 2 7 1 2 7 5 31 3 0 2 7 0 2 7 0 2 7 0 2 7 1 2 7 0 2 7 0 2 7 1 2 7 12 16 2 5 30 3 0 2 7 13 6 3 17 9 2 1 2 7 1 2 7 17 18 2 0 20.2646257877349854
1 2 7 1 2 7 0 2 7 5 31 3 6 2 7 0 2 7 0 2 7 1 2 4 17 18 2 12 16 2 0 2 7 0 2 7 0 2 7 1 2 4 12 16 2 5 30 3 0 2 7 13 6 3 17 18 2 0 2 7 0 20.3487167954444885
0 2 7 0 2 4 1 2 7 1 2 7 5 31 3 1 2 7 1 2 7 0 2 11 0 2 10 0 2 11 17 9 2 1 2 7 0 2 7 0 2 7 0 2 4 0 2 4 5 30 3 0 2 7 17 9 2 1 2 7 0 20.601667046546936
6 2 7 1 2 7 1 2 7 0 2 7 1 2 7 0 2 7 0 2 7 0 2 7 5 31 3 0 2 7 12 16 2 0 2 4 0 2 4 13 6 3 1 2 7 17 9 2 0 2 7 5 30 3 12 16 2 17 18 2 0 20.3487167954444885
1 2 7 6 2 7 17 9 2 0 2 7 0 2 7 0 2 7 0 2 7 1 2 4 0 2 7 0 2 7 0 2 7 5 31 3 1 2 7 1 2 4 0 2 7 0 2 7 12 16 2 5 31 3 16 6 2 0 2 7 0 20.4595978856086731
0 2 4 0 2 7 1 2 7 5 31 3 0 2 7 0 2 7 1 2 7 0 2 7 12 16 2 0 2 7 0 2 7 1 2 7 12 16 2 5 30 3 0 2 7 13 6 3 17 9 2 1 2 7 6 2 4 17 18 2 0 20.3487167954444885
1 2 7 0 2 7 1 2 7 6 2 7 0 2 7 0 2 7 0 2 4 0 2 4 0 2 7 0 2 7 5 31 3 0 2 7 12 16 2 17 9 2 0 2 7 1 2 7 0 2 7 5 31 3 1 2 7 16 6 2 0 20.4595978856086731
0 2 7 5 31 3 0 2 7 1 2 7 1 2 7 0 2 7 0 2 7 0 2 7 17 9 2 0 2 7 0 2 7 1 2 7 1 2 7 0 2 7 17 18 2 1 2 7 0 2 4 5 31 3 1 2 4 0 2 7 0 20.4687459468841553
1 2 7 1 2 7 5 30 3 0 2 7 1 2 7 0 2 7 5 31 3 0 2 7 0 2 7 0 2 7 0 2 7 6 2 7 0 2 7 1 2 4 12 16 2 13 6 3 0 2 4 17 9 2 12 16 2 17 18 2 0 20.3487167954444885
0 2 7 5 31 3 1 2 4 5 30 3 0 2 7 0 2 7 0 2 10 0 2 7 0 2 7 1 2 7 1 2 7 1 2 7 17 9 2 0 2 10 0 2 3 1 2 4 0 2 7 0 2 7 1 2 7 17 9 2 0 20.5764669179916382

Current Evaluation = 3060(3060)
Front Size = 10
0 2 7 0 2 7 1 2 7 5 31 3 0 2 7 0 2 7 0 2 7 0 2 7 12 16 2 1 2 7 17 9 2 1 2 7 1 2 7 5 30 3 13 6 3 17 9 2 0 2 7 1 2 7 0 2 7 0 2 7 0 20.2646257877349854
0 2 7 0 2 7 1 2 7 5 31 3 0 2 7 0 2 7 1 2 7 0 2 7 0 2 7 0 2 7 0 2 7 12 16 2 5 30 3 13 6 3 17 18 2 1 2 7 1 2 7 17 18 2 1 2 7 0 2 7 0 20.2646257877349854
1 2 7 6 2 7 17 9 2 0 2 7 0 2 7 0 2 7 0 2 7 1 2 4 0 2 7 0 2 7 0 2 7 5 31 3 1 2 7 1 2 4 0 2 7 0 2 7 12 16 2 5 31 3 16 6 2 0 2 7 0 20.4595978856086731
0 2 7 0 2 7 1 2 7 5 31 3 0 2 7 0 2 4 0 2 7 0 2 7 12 16 2 1 2 7 17 9 2 1 2 7 1 2 7 5 30 3 13 6 3 17 9 2 12 16 2 0 2 4 0 2 7 6 2 7 0 20.3487167954444885
0 2 7 0 2 7 1 2 4 5 31 3 1 2 10 1 2 7 1 2 7 0 2 7 1 2 10 0 2 7 0 2 7 5 30 3 17 9 2 0 2 7 17 9 2 0 2 7 0 2 7 0 2 7 0 2 4 1 2 3 0 20.5764669179916382
0 2 7 0 2 7 1 2 7 5 31 3 0 2 4 1 2 7 1 2 7 0 2 7 5 30 3 17 9 2 1 2 7 17 9 2 1 2 7 0 2 7 0 2 7 0 2 10 1 2 4 0 2 3 0 2 7 0 2 10 0 20.5764669179916382
0 2 7 0 2 7 1 2 7 5 31 3 0 2 7 0 2 7 1 2 7 0 2 7 12 16 2 0 2 7 0 2 7 12 16 2 5 30 3 13 6 3 17 18 2 6 2 7 1 2 4 17 18 2 1 2 4 0 2 7 0 20.3487167954444885
0 2 4 0 2 7 1 2 7 5 31 3 0 2 7 0 2 7 0 2 7 0 2 7 12 16 2 0 2 7 1 2 7 17 9 2 1 2 7 5 30 3 13 6 3 17 18 2 0 2 7 1 2 7 12 16 2 6 2 4 0 20.3487167954444885
0 2 7 0 2 7 1 2 10 1 2 4 0 2 10 0 2 3 1 2 7 0 2 7 0 2 7 5 30 3 5 31 3 0 2 7 0 2 7 17 18 2 0 2 7 1 2 7 1 2 7 0 2 7 1 2 4 17 9 2 0 20.5764669179916382
0 2 7 0 2 4 1 2 7 1 2 7 5 31 3 1 2 7 1 2 7 0 2 11 0 2 10 0 2 11 17 9 2 1 2 7 0 2 7 0 2 7 0 2 4 0 2 4 5 30 3 0 2 7 17 9 2 1 2 7 0 20.601667046546936

Current Evaluation = 3240(3240)
Front Size = 10
0 2 7 0 2 7 1 2 7 5 31 3 0 2 7 0 2 7 1 2 7 0 2 7 12 16 2 0 2 7 1 2 7 5 30 3 13 6 3 0 2 7 0 2 7 1 2 7 1 2 7 17 18 2 17 18 2 0 2 7 0 20.2646257877349854
0 2 7 0 2 7 1 2 7 5 31 3 0 2 7 0 2 7 1 2 7 12 16 2 0 2 7 0 2 7 5 30 3 13 6 3 0 2 7 0 2 7 17 9 2 17 9 2 1 2 7 1 2 7 0 2 7 1 2 7 0 20.2646257877349854
0 2 7 0 2 7 1 2 7 5 31 3 0 2 7 0 2 7 1 2 7 12 16 2 0 2 7 0 2 7 5 30 3 13 6 3 0 2 7 0 2 7 17 9 2 1 2 4 12 16 2 6 2 4 17 18 2 1 2 7 0 20.3487167954444885
1 2 7 6 2 7 17 9 2 0 2 7 0 2 7 0 2 7 0 2 7 1 2 4 0 2 7 0 2 7 0 2 7 5 31 3 1 2 7 1 2 4 0 2 7 0 2 7 12 16 2 5 31 3 16 6 2 0 2 7 0 20.4595978856086731
1 2 7 1 2 7 1 2 7 5 31 3 6 2 7 0 2 7 0 2 4 0 2 4 0 2 7 0 2 7 5 31 3 16 6 2 0 2 7 0 2 7 1 2 7 0 2 7 12 16 2 0 2 7 0 2 7 17 18 2 0 20.4595978856086731
5 31 3 0 2 7 1 2 7 1 2 7 0 2 7 0 2 4 12 16 2 0 2 7 1 2 7 12 16 2 5 30 3 13 6 3 0 2 7 6 2 7 17 9 2 0 2 7 0 2 4 0 2 7 1 2 7 17 9 2 0 20.3487167954444885
0 2 7 0 2 7 1 2 10 1 2 4 0 2 10 0 2 3 1 2 7 0 2 7 0 2 7 5 30 3 5 31 3 0 2 7 0 2 7 17 18 2 0 2 7 1 2 7 1 2 7 0 2 7 1 2 4 17 9 2 0 20.5764669179916382
0 2 7 0 2 7 1 2 7 5 31 3 0 2 7 0 2 7 1 2 7 12 16 2 0 2 7 0 2 7 5 30 3 13 6 3 0 2 7 0 2 7 17 9 2 17 9 2 1 2 4 6 2 7 12 16 2 1 2 4 0 20.3487167954444885
1 2 7 1 2 7 1 2 7 5 31 3 0 2 7 0 2 7 0 2 7 0 2 7 0 2 7 1 2 7 0 2 7 12 16 2 0 2 7 0 2 7 6 2 7 5 30 3 0 2 4 5 31 3 17 9 2 0 2 7 0.0159825042832924709 20.9765848517417908
0 2 7 0 2 4 1 2 7 5 31 3 0 2 4 0 2 7 1 2 7 1 2 7 0 2 7 5 30 3 17 18 2 12 16 2 12 16 2 13 6 3 1 2 7 0 2 7 6 2 7 0 2 7 0 2 7 17 18 2 0 20.3487167954444885

Current Evaluation = 3420(3420)
Front Size = 10
0 2 7 0 2 7 1 2 7 5 31 3 0 2 7 0 2 7 1 2 7 0 2 7 12 16 2 0 2 7 1 2 7 5 30 3 13 6 3 0 2 7 0 2 7 1 2 7 1 2 7 17 18 2 0 2 7 17 18 2 0 20.2646257877349854
0 2 7 0 2 7 0 2 7 5 31 3 0 2 7 13 6 3 0 2 7 0 2 7 12 16 2 1 2 7 1 2 7 5 30 3 1 2 7 0 2 7 1 2 7 17 9 2 1 2 7 0 2 7 0 2 7 17 18 2 0 20.2646257877349854
1 2 7 0 2 7 6 2 7 1 2 7 0 2 7 0 2 7 5 31 3 5 30 3 0 2 7 0 2 7 0 2 7 13 6 3 12 16 2 12 16 2 17 9 2 1 2 7 0 2 4 17 9 2 1 2 4 0 2 7 0 20.3487167954444885
0 2 7 0 2 7 1 2 7 5 31 3 0 2 7 0 2 7 1 2 7 0 2 7 12 16 2 0 2 7 1 2 7 5 30 3 13 6 3 0 2 7 0 2 7 1 2 4 17 9 2 17 18 2 6 2 4 12 16 2 0 20.3487167954444885
0 2 7 0 2 7 1 2 7 5 31 3 0 2 7 0 2 7 1 2 7 0 2 7 1 2 7 0 2 7 1 2 7 5 30 3 13 6 3 0 2 7 0 2 7 12 16 2 1 2 7 0 2 7 17 9 2 17 9 2 0 20.2646257877349854
1 2 7 6 2 7 17 9 2 0 2 7 0 2 7 0 2 7 0 2 7 1 2 4 0 2 7 0 2 7 0 2 7 5 31 3 1 2 7 1 2 4 0 2 7 0 2 7 12 16 2 5 31 3 16 6 2 0 2 7 0 20.4595978856086731
0 2 7 0 2 4 1 2 7 0 2 7 0 2 7 5 31 3 0 2 7 6 2 7 0 2 7 0 2 7 0 2 7 17 9 2 5 31 3 12 16 2 16 6 2 0 2 7 0 2 4 1 2 7 1 2 7 1 2 7 0 20.4595978856086731
0 2 7 0 2 7 1 2 10 1 2 4 0 2 10 0 2 3 1 2 7 0 2 7 0 2 7 5 30 3 5 31 3 0 2 7 0 2 7 17 18 2 0 2 7 1 2 7 1 2 7 0 2 7 1 2 4 17 9 2 0 20.5764669179916382
0 2 7 1 2 7 0 2 7 0 2 7 0 2 7 1 2 7 5 30 3 5 31 3 0 2 7 1 2 7 13 6 3 12 16 2 0 2 4 17 9 2 1 2 7 0 2 4 17 9 2 0 2 7 12 16 2 6 2 7 0 20.3487167954444885
0 2 7 0 2 4 1 2 7 5 30 3 0 2 7 1 2 7 1 2 7 0 2 7 5 31 3 12 16 2 12 16 2 13 6 3 0 2 7 0 2 7 0 2 7 0 2 7 17 9 2 17 18 2 6 2 4 1 2 7 0 20.3487167954444885

Current Evaluation = 3600(3600)
Front Size = 10
1 2 7 17 9 2 1 2 7 0 2 7 0 2 7 0 2 7 0 2 7 0 2 7 0 2 7 5 30 3 1 2 7 13 6 3 12 16 2 1 2 7 1 2 7 5 31 3 0 2 7 0 2 7 0 2 7 17 9 2 0 20.2646257877349854
1 2 7 13 6 3 0 2 7 0 2 7 5 30 3 5 31 3 0 2 7 1 2 7 0 2 7 0 2 7 17 18 2 0 2 7 0 2 7 1 2 7 0 2 7 12 16 2 0 2 7 1 2 7 17 9 2 1 2 7 0 20.2646257877349854
1 2 7 0 2 7 0 2 7 0 2 7 0 2 7 1 2 7 5 31 3 5 30 3 0 2 7 13 6 3 12 16 2 0 2 7 0 2 4 12 16 2 6 2 7 1 2 7 17 18 2 17 18 2 0 2 7 1 2 4 0 20.3487167954444885
0 2 7 0 2 7 0 2 7 0 2 7 5 31 3 5 30 3 0 2 7 13 6 3 12 16 2 0 2 7 17 18 2 1 2 7 1 2 7 17 18 2 1 2 7 0 2 7 0 2 7 1 2 7 1 2 7 0 2 7 0 20.2646257877349854
1 2 7 6 2 7 17 9 2 0 2 7 0 2 7 0 2 7 0 2 7 1 2 4 0 2 7 0 2 7 0 2 7 5 31 3 1 2 7 1 2 4 0 2 7 0 2 7 12 16 2 5 31 3 16 6 2 0 2 7 0 20.4595978856086731
0 2 7 0 2 7 1 2 10 1 2 4 0 2 10 0 2 3 1 2 7 0 2 7 0 2 7 5 30 3 5 31 3 0 2 7 0 2 7 17 18 2 0 2 7 1 2 7 1 2 7 0 2 7 1 2 4 17 9 2 0 20.5764669179916382
1 2 7 0 2 7 0 2 7 0 2 7 0 2 7 1 2 7 5 31 3 5 30 3 0 2 7 13 6 3 12 16 2 0 2 7 0 2 4 12 16 2 0 2 4 6 2 7 1 2 7 17 18 2 17 9 2 1 2 7 0 20.3487167954444885
1 2 4 13 6 3 0 2 7 0 2 7 5 31 3 5 30 3 0 2 7 1 2 4 0 2 7 0 2 7 17 18 2 0 2 7 0 2 7 6 2 7 17 9 2 12 16 2 1 2 7 0 2 7 1 2 7 12 16 2 0 20.3487167954444885
1 2 7 1 2 7 0 2 7 0 2 7 0 2 7 1 2 7 5 30 3 5 31 3 0 2 4 0 2 7 13 6 3 12 16 2 17 9 2 0 2 7 1 2 7 0 2 7 12 16 2 0 2 7 6 2 4 17 18 2 0 20.3487167954444885
0 2 7 0 2 7 0 2 7 6 2 4 0 2 7 5 31 3 5 30 3 0 2 7 13 6 3 12 16 2 1 2 4 0 2 7 17 18 2 12 16 2 1 2 7 1 2 7 17 18 2 1 2 7 0 2 7 0 2 7 0 20.3487167954444885

MonoObjective Genetic Algorithm
Number of Evaluations = 0
Mutation Probability = 0
Crossover Probability = 1
Population Size = 10
Survival Selection Type = 16

Time =  3600.44894003868103

Current Evaluation = 3350
Front Size = 10
1 2 7 17 9 2 1 2 7 0 2 7 0 2 7 0 2 7 0 2 7 0 2 7 0 2 7 5 30 3 1 2 7 13 6 3 12 16 2 1 2 7 1 2 7 5 31 3 0 2 7 0 2 7 0 2 7 17 9 2 0 20.2646257877349854
1 2 7 13 6 3 0 2 7 0 2 7 5 30 3 5 31 3 0 2 7 1 2 7 0 2 7 0 2 7 17 18 2 0 2 7 0 2 7 1 2 7 0 2 7 12 16 2 0 2 7 1 2 7 17 9 2 1 2 7 0 20.2646257877349854
1 2 7 0 2 7 0 2 7 0 2 7 0 2 7 1 2 7 5 31 3 5 30 3 0 2 7 13 6 3 12 16 2 0 2 7 0 2 4 12 16 2 6 2 7 1 2 7 17 18 2 17 18 2 0 2 7 1 2 4 0 20.3487167954444885
0 2 7 0 2 7 0 2 7 0 2 7 5 31 3 5 30 3 0 2 7 13 6 3 12 16 2 0 2 7 17 18 2 1 2 7 1 2 7 17 18 2 1 2 7 0 2 7 0 2 7 1 2 7 1 2 7 0 2 7 0 20.2646257877349854
1 2 7 6 2 7 17 9 2 0 2 7 0 2 7 0 2 7 0 2 7 1 2 4 0 2 7 0 2 7 0 2 7 5 31 3 1 2 7 1 2 4 0 2 7 0 2 7 12 16 2 5 31 3 16 6 2 0 2 7 0 20.4595978856086731
0 2 7 0 2 7 1 2 10 1 2 4 0 2 10 0 2 3 1 2 7 0 2 7 0 2 7 5 30 3 5 31 3 0 2 7 0 2 7 17 18 2 0 2 7 1 2 7 1 2 7 0 2 7 1 2 4 17 9 2 0 20.5764669179916382
1 2 7 0 2 7 0 2 7 0 2 7 0 2 7 1 2 7 5 31 3 5 30 3 0 2 7 13 6 3 12 16 2 0 2 7 0 2 4 12 16 2 0 2 4 6 2 7 1 2 7 17 18 2 17 9 2 1 2 7 0 20.3487167954444885
1 2 4 13 6 3 0 2 7 0 2 7 5 31 3 5 30 3 0 2 7 1 2 4 0 2 7 0 2 7 17 18 2 0 2 7 0 2 7 6 2 7 17 9 2 12 16 2 1 2 7 0 2 7 1 2 7 12 16 2 0 20.3487167954444885
1 2 7 1 2 7 0 2 7 0 2 7 0 2 7 1 2 7 5 30 3 5 31 3 0 2 4 0 2 7 13 6 3 12 16 2 17 9 2 0 2 7 1 2 7 0 2 7 12 16 2 0 2 7 6 2 4 17 18 2 0 20.3487167954444885
0 2 7 0 2 7 0 2 7 6 2 4 0 2 7 5 31 3 5 30 3 0 2 7 13 6 3 12 16 2 1 2 4 0 2 7 17 18 2 12 16 2 1 2 7 1 2 7 17 18 2 1 2 7 0 2 7 0 2 7 0 20.3487167954444885

