Current Evaluation = 180(180)
Front Size = 10
5 31 3 1 2 7 0 2 7 0 2 7 5 30 3 17 18 2 12 16 2 0 2 7 1 2 7 0 2 7 0 2 7 0 2 7 1 2 7 0 2 7 1 2 7 0 2 7 13 6 3 1 2 7 0 2 7 17 18 2 0 20.2646257877349854
5 31 3 1 2 11 12 16 2 16 6 2 16 9 12 12 16 2 1 2 3 5 31 3 6 2 7 0 2 11 0 2 7 0 2 7 1 2 3 0 2 7 0 2 4 12 16 2 0 2 7 0 2 7 0 2 3 0 2 7 0 21.4257718920707703
12 16 2 0 2 3 1 2 3 0 2 3 0 2 3 0 2 3 1 2 7 1 2 3 16 18 11 1 2 7 16 18 11 12 16 2 5 30 3 0 2 11 0 2 7 0 2 3 5 30 3 0 2 3 0 2 11 0 2 3 0 21.9789400100708008
12 16 2 1 2 11 1 2 7 12 16 2 12 16 2 0 2 7 0 2 7 0 2 11 0 2 4 0 2 7 0 2 7 5 30 3 8 9 2 5 30 3 17 18 2 16 6 2 13 6 3 12 16 2 0 2 4 0 2 11 0 20.9276586771011353
5 31 3 0 2 8 0 2 8 0 2 3 6 2 3 0 2 11 1 2 8 16 19 11 0 2 8 12 16 2 5 30 3 0 2 8 0 2 8 12 16 2 0 2 3 0 2 3 16 9 11 0 2 3 1 2 12 5 30 3 0 22.9499401450157166
5 30 3 5 30 3 6 2 11 0 2 7 0 2 7 0 2 3 5 30 3 0 2 7 17 18 2 12 16 2 1 2 7 0 2 11 0 2 11 0 2 11 0 2 8 1 2 8 16 19 11 0 2 13 0 2 11 8 18 2 0 22.0692900419235229
6 2 7 0 2 8 0 2 8 0 2 8 1 2 8 16 19 12 8 9 2 0 2 8 0 2 8 5 30 3 8 18 2 1 2 8 5 30 3 5 30 3 0 2 8 16 19 12 0 2 8 0 2 7 0 2 8 0 2 8 0.00132936929291285429 22.8404044508934021
0 2 4 0 2 7 8 18 2 1 2 7 12 16 2 0 2 3 6 2 3 5 30 3 0 2 3 0 2 7 1 2 7 0 2 7 0 2 7 0 2 7 0 2 3 17 18 2 1 2 7 16 15 2 0 2 3 5 30 3 0 21.0455847978591919
0 2 3 12 16 2 5 30 3 0 2 8 5 30 3 16 6 2 0 2 7 1 2 3 0 2 3 0 2 7 0 2 8 0 2 11 15 2 11 5 30 3 0 2 3 0 2 12 0 2 3 16 19 11 0 2 3 0 2 7 0 22.1589019298553467
5 30 3 0 2 7 6 2 7 0 2 7 0 2 8 0 2 8 1 2 8 0 2 7 17 18 2 0 2 8 0 2 7 8 18 2 1 2 8 5 31 3 5 30 3 0 2 7 1 2 7 1 2 7 0 2 7 0 2 8 0.00282597137532130793 21.726961076259613

Current Evaluation = 360(360)
Front Size = 10
1 2 7 1 2 7 5 31 3 17 18 2 12 16 2 0 2 7 0 2 7 1 2 7 5 30 3 17 18 2 0 2 7 1 2 7 1 2 7 0 2 7 0 2 7 13 6 3 0 2 7 0 2 7 0 2 7 0 2 7 0 20.2646257877349854
0 2 3 12 16 2 5 30 3 0 2 8 5 30 3 16 6 2 0 2 7 1 2 3 0 2 3 0 2 7 0 2 8 0 2 11 15 2 11 5 30 3 0 2 3 0 2 12 0 2 3 16 19 11 0 2 3 0 2 7 0 22.1589019298553467
5 31 3 1 2 11 12 16 2 16 6 2 16 9 12 12 16 2 1 2 3 5 31 3 6 2 7 0 2 11 0 2 7 0 2 7 1 2 3 0 2 7 0 2 4 12 16 2 0 2 7 0 2 7 0 2 3 0 2 7 0 21.4257718920707703
5 30 3 0 2 7 6 2 11 0 2 11 17 18 2 12 16 2 0 2 11 0 2 7 0 2 7 5 30 3 0 2 1 1 2 7 5 30 3 8 18 2 0 2 11 6 2 11 0 2 11 0 2 1 6 2 11 17 18 2 0 21.8570652008056641
6 2 7 0 2 8 0 2 8 0 2 8 1 2 8 16 19 12 8 9 2 0 2 8 0 2 8 5 30 3 8 18 2 1 2 8 5 30 3 5 30 3 0 2 8 16 19 12 0 2 8 0 2 7 0 2 8 0 2 8 0.00132936929291285429 22.8404044508934021
0 2 4 0 2 11 5 30 3 0 2 7 1 2 4 1 2 4 1 2 11 17 18 2 0 2 7 0 2 7 1 2 7 0 2 11 5 30 3 0 2 3 0 2 7 15 2 11 1 2 11 0 2 7 17 9 2 0 2 7 0 20.8973848819732666
5 31 3 0 2 8 0 2 8 0 2 3 6 2 3 0 2 11 1 2 8 16 19 11 0 2 8 12 16 2 5 30 3 0 2 8 0 2 8 12 16 2 0 2 3 0 2 3 16 9 11 0 2 3 1 2 12 5 30 3 0 22.9499401450157166
0 2 12 12 16 2 0 2 7 0 2 7 0 2 7 0 2 7 1 2 7 0 2 7 8 18 2 0 2 7 1 2 4 15 2 11 5 30 3 16 6 2 12 16 2 0 2 7 0 2 7 16 6 2 5 31 3 12 16 2 0 20.9529846906661987
1 2 3 1 2 7 5 30 3 12 16 2 0 2 7 0 2 7 1 2 3 0 2 7 8 18 2 0 2 4 0 2 7 0 2 7 16 6 2 0 2 3 1 2 3 5 31 3 1 2 7 17 9 2 0 2 7 0 2 7 0 20.8562788963317871
0 2 8 5 30 3 5 31 3 0 2 8 0 2 8 0 2 3 5 30 3 0 2 3 0 2 3 16 19 12 1 2 7 0 2 3 0 2 7 16 19 12 0 2 7 1 2 3 0 2 3 12 16 2 0 2 3 0 2 8 0 22.6968342065811157

Current Evaluation = 540(540)
Front Size = 10
5 30 3 1 2 7 1 2 7 12 16 2 0 2 7 13 6 3 5 31 3 0 2 7 0 2 7 1 2 7 0 2 7 0 2 7 17 9 2 0 2 7 17 18 2 0 2 7 1 2 7 0 2 7 0 2 7 1 2 7 0 20.2646257877349854
5 30 3 1 2 11 12 16 2 1 2 7 0 2 11 0 2 7 0 2 7 0 2 3 0 2 11 16 9 11 0 2 4 5 30 3 1 2 4 1 2 7 8 18 2 17 18 2 0 2 3 0 2 7 0 2 11 12 16 2 0 21.4239669442176819
5 31 3 0 2 3 12 16 2 0 2 7 5 30 3 0 2 8 0 2 3 0 2 8 0 2 7 0 2 3 1 2 3 16 19 12 5 30 3 16 19 12 0 2 3 0 2 3 1 2 8 0 2 8 0 2 3 0 2 7 0 22.6968340873718262
6 2 7 0 2 8 0 2 8 0 2 8 1 2 8 16 19 12 8 9 2 0 2 8 0 2 8 5 30 3 8 18 2 1 2 8 5 30 3 5 30 3 0 2 8 16 19 12 0 2 8 0 2 7 0 2 8 0 2 8 0.00132936929291285429 22.8404044508934021
5 31 3 0 2 7 12 16 2 12 16 2 16 30 2 0 2 7 0 2 4 0 2 7 0 2 7 1 2 7 0 2 3 5 31 3 1 2 3 0 2 7 0 2 7 1 2 7 0 2 7 1 2 7 0 2 3 16 6 2 0 20.7824869155883789
1 2 11 5 30 3 0 2 3 12 16 2 0 2 12 12 16 2 0 2 7 12 16 2 8 18 2 0 2 3 1 2 3 5 30 3 0 2 3 0 2 3 16 19 11 1 2 11 16 18 11 0 2 12 0 2 3 0 2 3 0 22.3711757063865662
5 30 3 0 2 7 6 2 11 0 2 11 17 18 2 12 16 2 0 2 11 0 2 7 0 2 7 5 30 3 0 2 1 1 2 7 5 30 3 8 18 2 0 2 11 6 2 11 0 2 11 0 2 1 6 2 11 17 18 2 0 21.8570652008056641
5 31 3 0 2 8 0 2 8 0 2 3 6 2 3 0 2 11 1 2 8 16 19 11 0 2 8 12 16 2 5 30 3 0 2 8 0 2 8 12 16 2 0 2 3 0 2 3 16 9 11 0 2 3 1 2 12 5 30 3 0 22.9499401450157166
0 2 11 1 2 11 0 2 4 0 2 7 5 30 3 0 2 7 0 2 7 12 16 2 17 18 2 1 2 7 1 2 7 12 16 2 0 2 4 16 31 2 1 2 7 15 2 11 0 2 7 5 30 3 0 2 7 0 2 7 0 20.8454437255859375
5 30 3 1 2 7 1 2 7 12 16 2 0 2 7 5 31 3 0 2 7 0 2 7 0 2 7 0 2 7 0 2 7 0 2 7 16 24 2 12 16 2 16 30 2 0 2 3 8 18 2 0 2 7 0 2 7 1 2 4 0.000922767048491935629 20.6478478908538818

Current Evaluation = 720(720)
Front Size = 10
5 31 3 0 2 7 5 30 3 1 2 7 0 2 7 0 2 7 0 2 7 0 2 7 0 2 7 1 2 7 1 2 7 17 18 2 0 2 7 17 9 2 0 2 7 12 16 2 0 2 7 1 2 7 1 2 7 13 6 3 0 20.2646257877349854
5 30 3 0 2 3 0 2 7 0 2 7 0 2 7 0 2 7 0 2 7 0 2 11 0 2 7 1 2 7 0 2 3 1 2 3 1 2 7 0 2 7 1 2 3 1 2 7 1 2 7 17 18 2 5 30 3 16 31 2 0 20.6688989400863647
1 2 4 12 16 2 0 2 4 0 2 3 0 2 3 0 2 7 5 30 3 0 2 7 0 2 7 0 2 7 1 2 11 0 2 7 5 30 3 0 2 3 1 2 7 16 31 2 17 9 2 0 2 7 1 2 7 1 2 10 0 20.8012487888336182
5 30 3 0 2 11 0 2 7 17 18 2 0 2 11 0 2 7 0 2 7 1 2 3 1 2 11 1 2 7 8 18 2 17 18 2 0 2 7 0 2 4 5 30 3 0 2 11 1 2 7 0 2 7 1 2 4 1 2 7 0 20.8198410272598267
5 31 3 0 2 8 0 2 8 0 2 3 6 2 3 0 2 11 1 2 8 16 19 11 0 2 8 12 16 2 5 30 3 0 2 8 0 2 8 12 16 2 0 2 3 0 2 3 16 9 11 0 2 3 1 2 12 5 30 3 0 22.9499401450157166
5 30 3 5 30 3 12 16 2 1 2 7 0 2 10 0 2 10 0 2 7 12 16 2 0 2 3 1 2 7 0 2 3 12 16 2 16 9 11 1 2 7 8 9 2 0 2 3 0 2 10 0 2 3 12 16 2 0 2 7 0 21.8962677121162415
5 31 3 5 30 3 12 16 2 0 2 7 0 2 7 1 2 7 1 2 11 0 2 4 0 2 7 0 2 7 0 2 7 12 16 2 1 2 7 0 2 7 17 9 2 0 2 4 8 18 2 16 6 2 1 2 7 0 2 11 0 20.8538287878036499
6 2 7 0 2 8 0 2 8 0 2 8 1 2 8 16 19 12 8 9 2 0 2 8 0 2 8 5 30 3 8 18 2 1 2 8 5 30 3 5 30 3 0 2 8 16 19 12 0 2 8 0 2 7 0 2 8 0 2 8 0.00132936929291285429 22.8404044508934021
12 2 4 12 16 2 0 2 6 0 2 7 1 2 7 0 2 3 5 30 3 0 2 3 0 2 7 1 2 3 5 30 3 0 2 3 1 2 3 17 9 2 16 6 2 0 2 11 0 2 3 0 2 3 1 2 7 0 2 3 0 21.4429489374160767
0 2 7 12 16 2 0 2 7 5 30 3 0 2 11 0 2 11 5 30 3 0 2 7 0 2 11 0 2 11 5 30 3 1 2 11 8 18 2 17 9 2 16 6 2 0 2 7 0 2 11 0 2 11 0 2 11 1 2 11 0 21.674699068069458

Current Evaluation = 900(900)
Front Size = 10
0 2 7 5 30 3 1 2 7 0 2 7 0 2 7 0 2 7 0 2 7 1 2 7 1 2 7 17 18 2 5 31 3 0 2 7 0 2 7 17 9 2 0 2 7 12 16 2 0 2 7 1 2 7 1 2 7 13 6 3 0 20.2646257877349854
5 30 3 0 2 11 0 2 7 17 18 2 0 2 11 0 2 7 0 2 7 1 2 3 1 2 11 1 2 7 8 18 2 17 18 2 0 2 7 0 2 4 5 30 3 0 2 11 1 2 7 0 2 7 1 2 4 1 2 7 0 20.8198410272598267
12 16 2 1 2 7 5 30 3 1 2 3 1 2 3 0 2 3 0 2 7 5 30 3 0 2 7 0 2 3 0 2 7 1 2 7 0 2 7 0 2 3 0 2 3 0 2 7 16 31 2 0 2 3 16 6 2 1 2 3 0 20.9838578701019287
5 31 3 0 2 8 0 2 8 0 2 3 6 2 3 0 2 11 1 2 8 16 19 11 0 2 8 12 16 2 5 30 3 0 2 8 0 2 8 12 16 2 0 2 3 0 2 3 16 9 11 0 2 3 1 2 12 5 30 3 0 22.9499401450157166
0 2 7 12 16 2 0 2 7 5 30 3 0 2 11 0 2 11 5 30 3 0 2 7 0 2 11 0 2 11 5 30 3 1 2 11 8 18 2 17 9 2 16 6 2 0 2 7 0 2 11 0 2 11 0 2 11 1 2 11 0 21.674699068069458
5 30 3 5 30 3 12 16 2 1 2 7 0 2 10 0 2 10 0 2 7 12 16 2 0 2 3 1 2 7 0 2 3 12 16 2 16 9 11 1 2 7 8 9 2 0 2 3 0 2 10 0 2 3 12 16 2 0 2 7 0 21.8962677121162415
6 2 7 0 2 8 0 2 8 0 2 8 1 2 8 16 19 12 8 9 2 0 2 8 0 2 8 5 30 3 8 18 2 1 2 8 5 30 3 5 30 3 0 2 8 16 19 12 0 2 8 0 2 7 0 2 8 0 2 8 0.00132936929291285429 22.8404044508934021
5 31 3 5 31 3 12 16 2 0 2 7 0 2 7 0 2 7 0 2 7 0 2 7 1 2 7 0 2 7 1 2 7 0 2 7 0 2 4 0 2 7 12 16 2 16 18 11 1 2 4 16 6 2 0 2 7 12 16 2 0 20.9874307513237
5 30 3 0 2 7 0 2 7 17 18 2 0 2 3 0 2 7 1 2 3 1 2 3 0 2 7 5 30 3 1 2 7 0 2 7 1 2 7 0 2 7 1 2 11 16 31 2 0 2 7 0 2 7 0 2 7 1 2 3 0 20.6688988208770752
1 2 7 12 16 2 1 2 7 5 30 3 5 31 3 0 2 7 0 2 10 0 2 7 8 9 2 1 2 7 0 2 7 0 2 7 12 16 2 12 16 2 16 6 2 0 2 7 0 2 7 0 2 4 17 9 2 0 2 10 0 21.0009787082672119

Current Evaluation = 1080(1080)
Front Size = 10
1 2 7 12 16 2 1 2 7 5 30 3 5 31 3 17 9 2 0 2 7 0 2 7 0 2 7 0 2 7 0 2 7 0 2 7 0 2 7 1 2 7 17 18 2 13 6 3 1 2 7 1 2 7 0 2 7 0 2 7 0 20.2646257877349854
5 31 3 0 2 8 0 2 8 0 2 3 6 2 3 0 2 11 1 2 8 16 19 11 0 2 8 12 16 2 5 30 3 0 2 8 0 2 8 12 16 2 0 2 3 0 2 3 16 9 11 0 2 3 1 2 12 5 30 3 0 22.9499401450157166
12 16 2 1 2 7 5 30 3 1 2 3 1 2 3 0 2 3 0 2 7 5 30 3 0 2 7 0 2 3 0 2 7 1 2 7 0 2 7 0 2 3 0 2 3 0 2 7 16 31 2 0 2 3 16 6 2 1 2 3 0 20.9838578701019287
0 2 3 5 30 3 0 2 7 0 2 7 0 2 7 0 2 7 1 2 10 1 2 7 17 18 2 5 31 3 0 2 4 1 2 7 1 2 7 0 2 4 1 2 10 17 18 2 0 2 7 0 2 7 0 2 7 1 2 7 0 20.5764669179916382
5 30 3 6 2 7 5 31 3 0 2 11 0 2 7 0 2 11 0 2 7 12 16 2 0 2 11 1 2 7 0 2 10 6 2 7 0 2 7 0 2 3 5 30 3 17 9 2 1 2 11 16 19 11 0 2 7 0 2 7 0 21.5550569295883179
5 30 3 5 30 3 12 16 2 1 2 7 0 2 10 0 2 10 0 2 7 12 16 2 0 2 3 1 2 7 0 2 3 12 16 2 16 9 11 1 2 7 8 9 2 0 2 3 0 2 10 0 2 3 12 16 2 0 2 7 0 21.8962677121162415
5 30 3 0 2 3 1 2 7 12 16 2 0 2 7 0 2 7 0 2 7 5 30 3 1 2 11 0 2 7 8 9 2 13 6 3 12 16 2 1 2 4 0 2 7 17 9 2 12 16 2 16 6 2 0 2 7 0 2 7 0 20.6301085948944092
0 2 7 5 30 3 1 2 11 0 2 11 0 2 7 0 2 7 17 18 2 1 2 7 1 2 7 5 30 3 17 18 2 8 18 2 1 2 3 0 2 7 1 2 11 1 2 7 0 2 4 0 2 11 0 2 4 0 2 7 0 20.8198409080505371
0 2 7 0 2 7 5 31 3 0 2 7 0 2 7 5 30 3 1 2 3 1 2 11 1 2 3 0 2 7 1 2 3 0 2 7 1 2 7 17 18 2 0 2 7 0 2 7 16 30 2 1 2 7 0 2 7 0 2 3 0 20.6688989400863647
0 2 7 12 16 2 0 2 7 5 31 3 1 2 7 16 6 2 0 2 7 12 16 2 0 2 7 6 2 11 16 6 2 0 2 7 12 16 2 1 2 7 0 2 7 8 9 2 0 2 7 5 31 3 0 2 7 0 2 7 0 20.8853597640991211

Current Evaluation = 1260(1260)
Front Size = 10
1 2 7 0 2 7 0 2 7 0 2 7 1 2 7 17 9 2 5 31 3 1 2 7 0 2 7 5 30 3 1 2 7 0 2 7 0 2 7 13 6 3 17 18 2 0 2 7 1 2 7 0 2 7 0 2 7 12 16 2 0 20.2646257877349854
0 2 4 12 16 2 6 2 7 5 30 3 1 2 7 13 6 3 0 2 7 12 16 2 0 2 7 0 2 7 16 30 2 0 2 7 12 16 2 1 2 7 0 2 7 17 9 2 0 2 7 5 31 3 0 2 3 1 2 11 0 20.5474987626075745
1 2 7 5 31 3 0 2 4 1 2 7 0 2 4 0 2 7 1 2 11 1 2 7 1 2 4 17 18 2 17 18 2 1 2 7 5 30 3 0 2 11 0 2 7 0 2 7 0 2 7 0 2 10 0 2 7 0 2 7 0 20.6016669273376465
0 2 7 12 16 2 0 2 4 5 31 3 1 2 7 16 24 2 1 2 7 0 2 7 0 2 7 1 2 7 0 2 7 1 2 7 12 16 2 6 2 7 0 2 7 17 9 2 0 2 7 5 31 3 0 2 7 0 2 4 0 20.6492308974266052
5 31 3 0 2 8 0 2 8 0 2 3 6 2 3 0 2 11 1 2 8 16 19 11 0 2 8 12 16 2 5 30 3 0 2 8 0 2 8 12 16 2 0 2 3 0 2 3 16 9 11 0 2 3 1 2 12 5 30 3 0 22.9499401450157166
12 16 2 1 2 7 5 30 3 1 2 3 1 2 3 0 2 3 0 2 7 5 30 3 0 2 7 0 2 3 0 2 7 1 2 7 0 2 7 0 2 3 0 2 3 0 2 7 16 31 2 0 2 3 16 6 2 1 2 3 0 20.9838578701019287
0 2 7 12 16 2 0 2 7 5 31 3 1 2 7 16 6 2 0 2 7 12 16 2 0 2 7 6 2 11 16 6 2 0 2 7 12 16 2 1 2 7 0 2 7 8 9 2 0 2 7 5 31 3 0 2 7 0 2 7 0 20.8853597640991211
5 30 3 5 30 3 12 16 2 1 2 7 0 2 10 0 2 10 0 2 7 12 16 2 0 2 3 1 2 7 0 2 3 12 16 2 16 9 11 1 2 7 8 9 2 0 2 3 0 2 10 0 2 3 12 16 2 0 2 7 0 21.8962677121162415
0 2 7 12 16 2 1 2 7 1 2 7 1 2 1 0 2 7 0 2 7 0 2 7 0 2 7 0 2 7 1 2 4 0 2 7 0 2 7 16 31 2 12 16 2 0 2 7 8 18 2 17 9 2 5 30 3 5 30 3 0 20.8342517614364624
5 30 3 12 16 2 0 2 4 0 2 7 17 18 2 0 2 7 1 2 7 13 6 3 0 2 4 1 2 7 6 2 11 6 2 7 0 2 7 17 18 2 0 2 7 0 2 7 0 2 1 12 16 2 12 16 2 5 31 3 0 20.8379598259925842

Current Evaluation = 1440(1440)
Front Size = 10
1 2 7 13 6 3 0 2 7 0 2 7 0 2 7 17 18 2 5 30 3 1 2 7 0 2 7 1 2 7 17 18 2 12 16 2 0 2 7 0 2 7 1 2 7 0 2 7 5 31 3 1 2 7 0 2 7 0 2 7 0 20.2646257877349854
1 2 11 0 2 7 5 30 3 12 16 2 0 2 3 1 2 3 0 2 4 12 16 2 0 2 7 0 2 4 5 30 3 16 18 11 1 2 11 0 2 7 8 9 2 17 9 2 0 2 7 0 2 7 0 2 11 1 2 11 0 21.4239667057991028
5 30 3 5 30 3 12 16 2 1 2 7 0 2 10 0 2 10 0 2 7 12 16 2 0 2 3 1 2 7 0 2 3 12 16 2 16 9 11 1 2 7 8 9 2 0 2 3 0 2 10 0 2 3 12 16 2 0 2 7 0 21.8962677121162415
12 16 2 1 2 7 5 30 3 1 2 3 1 2 3 0 2 3 0 2 7 5 30 3 0 2 7 0 2 3 0 2 7 1 2 7 0 2 7 0 2 3 0 2 3 0 2 7 16 31 2 0 2 3 16 6 2 1 2 3 0 20.9838578701019287
12 16 2 5 31 3 1 2 7 0 2 7 0 2 7 5 31 3 6 2 11 0 2 7 0 2 7 0 2 11 17 9 2 0 2 7 0 2 7 5 30 3 1 2 11 0 2 11 6 2 7 0 2 7 16 6 2 0 2 7 0 21.1354859471321106
5 30 3 1 2 7 0 2 7 0 2 7 12 16 2 1 2 4 1 2 3 12 16 2 0 2 7 0 2 7 0 2 7 17 9 2 1 2 4 0 2 7 5 31 3 0 2 7 16 30 2 13 6 3 0 2 7 12 16 2 0 20.4516057968139648
0 2 7 1 2 10 12 16 2 1 2 7 5 31 3 0 2 7 0 2 7 0 2 4 0 2 4 17 18 2 0 2 7 12 16 2 0 2 7 1 2 7 0 2 7 5 31 3 0 2 7 6 2 7 16 6 2 1 2 7 0 20.6613958477973938
12 16 2 5 30 3 12 16 2 5 30 3 0 2 7 1 2 7 0 2 7 1 2 7 0 2 7 0 2 3 8 9 2 0 2 7 1 2 7 0 2 7 0 2 7 0 2 4 17 9 2 17 1 2 1 2 7 0 2 7 0 20.7358447313308716
1 2 11 5 31 3 0 2 7 1 2 7 0 2 4 0 2 7 1 2 11 1 2 7 1 2 4 17 18 2 17 18 2 1 2 10 5 30 3 0 2 4 0 2 7 0 2 7 0 2 7 0 2 7 0 2 7 0 2 7 0 20.6016668081283569
0 2 7 1 2 7 1 2 7 0 2 7 1 2 7 17 18 2 5 30 3 0 2 7 0 2 7 0 2 11 0 2 7 0 2 3 0 2 11 1 2 11 8 9 2 5 30 3 1 2 4 17 18 2 1 2 11 0 2 4 0 20.8198409080505371

Current Evaluation = 1620(1620)
Front Size = 10
0 2 7 1 2 7 1 2 7 0 2 7 1 2 7 0 2 7 0 2 7 0 2 7 1 2 7 17 18 2 1 2 7 5 31 3 5 30 3 12 16 2 0 2 7 13 6 3 0 2 7 17 18 2 0 2 7 0 2 7 0 20.2646257877349854
12 16 2 1 2 3 0 2 7 0 2 3 1 2 7 0 2 7 0 2 7 5 30 3 16 6 2 0 2 3 5 30 3 1 2 7 1 2 3 0 2 3 0 2 3 1 2 3 0 2 3 16 31 2 0 2 7 0 2 7 0 20.9838578701019287
17 9 2 0 2 7 12 16 2 1 2 4 0 2 7 0 2 7 0 2 7 1 2 7 0 2 7 5 31 3 1 2 4 0 2 7 6 2 7 1 2 7 5 30 3 17 9 2 0 2 7 0 2 7 13 6 3 12 16 2 0 20.3487167954444885
0 2 7 1 2 7 1 2 7 0 2 7 1 2 7 17 18 2 5 30 3 0 2 7 0 2 7 0 2 11 0 2 7 0 2 3 0 2 11 1 2 11 8 9 2 5 30 3 1 2 4 17 18 2 1 2 11 0 2 4 0 20.8198409080505371
5 30 3 5 30 3 12 16 2 1 2 7 0 2 10 0 2 10 0 2 7 12 16 2 0 2 3 1 2 7 0 2 3 12 16 2 16 9 11 1 2 7 8 9 2 0 2 3 0 2 10 0 2 3 12 16 2 0 2 7 0 21.8962677121162415
5 30 3 1 2 7 0 2 7 0 2 7 12 16 2 1 2 7 12 16 2 0 2 7 0 2 7 0 2 7 17 9 2 0 2 4 13 6 3 12 16 2 0 2 4 0 2 3 5 30 3 1 2 7 16 31 2 1 2 7 0 20.4516056776046753
0 2 7 1 2 7 1 2 7 0 2 4 1 2 7 0 2 7 0 2 7 0 2 3 1 2 7 17 18 2 1 2 7 5 31 3 5 30 3 0 2 4 17 9 2 1 2 7 0 2 10 0 2 7 0 2 7 0 2 10 0 20.5764669179916382
1 2 7 1 2 10 1 2 7 0 2 7 0 2 7 17 18 2 17 18 2 5 30 3 0 2 7 0 2 7 1 2 7 0 2 7 0 2 7 0 2 7 1 2 10 0 2 7 0 2 4 1 2 3 0 2 4 5 31 3 0 20.5764669179916382
1 2 7 5 31 3 0 2 7 0 2 7 5 30 3 0 2 7 0 2 7 0 2 7 1 2 4 12 16 2 13 6 3 12 16 2 16 30 2 0 2 7 1 2 4 0 2 10 0 2 10 0 2 4 1 2 7 0 2 3 0.00564537904812828333 20.4943609237670898
0 2 7 1 2 7 1 2 7 0 2 7 1 2 7 17 18 2 5 30 3 0 2 7 0 2 7 0 2 7 0 2 3 17 18 2 0 2 4 1 2 7 0 2 11 0 2 10 8 9 2 5 30 3 5 31 3 1 2 7 0.0192528969308862694 20.9565149545669556

Current Evaluation = 1800(1800)
Front Size = 10
0 2 7 0 2 7 1 2 7 0 2 7 1 2 7 0 2 7 0 2 7 5 30 3 17 9 2 12 16 2 5 31 3 0 2 7 0 2 7 0 2 7 13 6 3 1 2 7 1 2 7 0 2 7 1 2 7 17 18 2 0 20.2646257877349854
5 30 3 5 30 3 12 16 2 1 2 7 0 2 10 0 2 10 0 2 7 12 16 2 0 2 3 1 2 7 0 2 3 12 16 2 16 9 11 1 2 7 8 9 2 0 2 3 0 2 10 0 2 3 12 16 2 0 2 7 0 21.8962677121162415
0 2 7 1 2 7 1 2 7 0 2 7 1 2 7 17 18 2 5 30 3 0 2 7 0 2 7 0 2 11 0 2 7 0 2 3 0 2 11 1 2 11 8 9 2 5 30 3 1 2 4 17 18 2 1 2 11 0 2 4 0 20.8198409080505371
5 30 3 1 2 7 0 2 7 0 2 7 12 16 2 1 2 7 12 16 2 0 2 7 0 2 7 0 2 7 17 9 2 0 2 4 13 6 3 12 16 2 0 2 4 0 2 3 5 30 3 1 2 7 16 31 2 1 2 7 0 20.4516056776046753
0 2 1 1 2 7 1 2 7 0 2 7 0 2 7 5 31 3 1 2 4 1 2 4 0 2 7 0 2 7 6 2 7 0 2 7 5 30 3 17 9 2 0 2 11 0 2 4 0 2 7 0 2 7 1 2 3 17 18 2 0 20.7193600535392761
0 2 7 1 2 4 0 2 7 1 2 7 0 2 7 1 2 7 0 2 7 0 2 7 5 30 3 17 9 2 12 16 2 5 31 3 12 16 2 0 2 7 0 2 7 17 9 2 0 2 7 1 2 4 13 6 3 6 2 7 0 20.3487167954444885
0 2 7 1 2 7 1 2 7 0 2 4 1 2 7 0 2 7 0 2 7 0 2 3 1 2 7 17 18 2 1 2 7 5 31 3 5 30 3 0 2 4 17 9 2 1 2 7 0 2 10 0 2 7 0 2 7 0 2 10 0 20.5764669179916382
12 16 2 1 2 3 0 2 7 0 2 3 1 2 7 0 2 7 0 2 7 5 30 3 16 6 2 0 2 3 5 30 3 1 2 7 1 2 3 0 2 3 0 2 3 1 2 3 0 2 3 16 31 2 0 2 7 0 2 7 0 20.9838578701019287
0 2 7 0 2 7 0 2 7 0 2 4 1 2 7 17 18 2 5 31 3 0 2 7 0 2 7 0 2 7 1 2 4 1 2 7 0 2 7 0 2 7 5 31 3 12 16 2 6 2 7 1 2 7 0 2 7 16 6 2 0 20.4595978856086731
0 2 7 0 2 7 1 2 7 0 2 4 1 2 7 0 2 10 0 2 3 17 18 2 5 31 3 5 30 3 0 2 7 0 2 7 0 2 7 1 2 10 1 2 7 1 2 4 1 2 7 0 2 7 0 2 7 17 18 2 0 20.5764669179916382

Current Evaluation = 1980(1980)
Front Size = 10
5 30 3 1 2 7 0 2 7 0 2 7 5 31 3 13 6 3 0 2 7 1 2 7 1 2 7 0 2 7 0 2 7 1 2 7 17 18 2 0 2 7 17 9 2 12 16 2 0 2 7 0 2 7 1 2 7 0 2 7 0 20.2646257877349854
0 2 7 0 2 7 1 2 4 1 2 11 5 31 3 1 2 7 0 2 7 0 2 4 0 2 1 0 2 7 5 30 3 0 2 7 0 2 7 1 2 7 6 2 7 0 2 7 1 2 3 0 2 4 17 18 2 17 18 2 0 20.7193599343299866
5 30 3 5 30 3 12 16 2 1 2 7 0 2 10 0 2 10 0 2 7 12 16 2 0 2 3 1 2 7 0 2 3 12 16 2 16 9 11 1 2 7 8 9 2 0 2 3 0 2 10 0 2 3 12 16 2 0 2 7 0 21.8962677121162415
5 30 3 0 2 7 6 2 7 0 2 7 0 2 7 0 2 7 5 31 3 0 2 7 0 2 4 1 2 7 13 6 3 1 2 4 17 9 2 12 16 2 0 2 7 0 2 7 12 16 2 1 2 7 1 2 7 17 18 2 0 20.3487167954444885
0 2 7 1 2 7 1 2 7 0 2 7 5 30 3 0 2 7 0 2 7 0 2 7 0 2 7 0 2 3 5 30 3 1 2 11 0 2 3 1 2 7 17 18 2 0 2 3 1 2 3 16 31 2 0 2 7 1 2 7 0 20.6688988208770752
1 2 7 17 9 2 0 2 7 0 2 7 1 2 7 0 2 7 0 2 7 5 30 3 1 2 7 13 6 3 1 2 7 0 2 7 12 16 2 5 30 3 16 31 2 12 16 2 0 2 3 12 16 2 0 2 4 0 2 4 0 20.4516056776046753
0 2 7 1 2 7 0 2 7 0 2 4 0 2 7 0 2 7 6 2 7 1 2 7 0 2 7 1 2 7 17 18 2 0 2 7 0 2 4 0 2 7 5 31 3 16 6 2 5 31 3 0 2 7 12 16 2 1 2 7 0 20.4595978856086731
0 2 7 1 2 7 1 2 7 1 2 7 0 2 7 0 2 7 1 2 7 17 18 2 1 2 7 5 31 3 5 30 3 17 9 2 0 2 7 0 2 7 0 2 4 0 2 3 0 2 4 1 2 7 0 2 10 0 2 10 0 20.5764669179916382
0 2 7 0 2 7 0 2 3 0 2 7 0 2 7 0 2 7 1 2 7 17 18 2 5 31 3 5 30 3 1 2 10 0 2 7 0 2 10 1 2 4 1 2 7 0 2 7 0 2 7 1 2 7 1 2 4 17 18 2 0 20.5764669179916382
5 30 3 16 6 2 0 2 7 0 2 7 12 16 2 12 16 2 1 2 7 1 2 7 0 2 7 0 2 7 0 2 7 0 2 7 1 2 10 0 2 4 0 2 7 1 2 7 8 18 2 0 2 7 5 31 3 17 9 2 0 20.7286287546157837

Current Evaluation = 2160(2160)
Front Size = 10
0 2 7 0 2 7 0 2 7 5 31 3 12 16 2 0 2 7 1 2 7 17 9 2 0 2 7 1 2 7 1 2 7 0 2 7 0 2 7 0 2 7 0 2 7 17 9 2 5 30 3 13 6 3 1 2 7 1 2 7 0 20.2646257877349854
5 30 3 5 30 3 12 16 2 1 2 7 0 2 10 0 2 10 0 2 7 12 16 2 0 2 3 1 2 7 0 2 3 12 16 2 16 9 11 1 2 7 8 9 2 0 2 3 0 2 10 0 2 3 12 16 2 0 2 7 0 21.8962677121162415
0 2 7 1 2 7 1 2 7 0 2 7 5 30 3 0 2 7 0 2 7 0 2 7 0 2 7 0 2 3 5 30 3 1 2 11 0 2 3 1 2 7 17 18 2 0 2 3 1 2 3 16 31 2 0 2 7 1 2 7 0 20.6688988208770752
0 2 7 1 2 7 0 2 7 6 2 7 0 2 7 0 2 4 5 31 3 0 2 7 0 2 7 12 16 2 13 6 3 5 30 3 12 16 2 0 2 7 0 2 7 17 18 2 1 2 4 1 2 7 17 18 2 1 2 7 0 20.3487167954444885
0 2 7 0 2 7 0 2 7 5 31 3 12 16 2 5 30 3 0 2 7 1 2 3 17 9 2 13 6 3 0 2 7 1 2 7 0 2 7 0 2 7 12 16 2 1 2 7 1 2 4 12 16 2 16 30 2 0 2 4 0 20.4516057968139648
0 2 4 0 2 7 1 2 7 1 2 7 1 2 7 0 2 4 0 2 7 0 2 10 5 31 3 5 30 3 17 9 2 0 2 7 0 2 10 0 2 3 0 2 7 0 2 7 17 9 2 1 2 7 1 2 7 1 2 7 0 20.5764669179916382
0 2 7 0 2 7 0 2 7 5 31 3 0 2 7 1 2 7 17 9 2 0 2 7 6 2 7 1 2 7 0 2 7 0 2 7 1 2 4 0 2 7 12 16 2 5 31 3 1 2 7 0 2 7 17 9 2 1 2 4 0 20.5928369164466858
0 2 7 1 2 7 1 2 12 1 2 4 0 2 7 5 31 3 0 2 7 0 2 7 0 2 7 5 31 3 0 2 7 0 2 12 1 2 7 0 2 7 6 2 4 17 9 2 1 2 7 17 18 2 0 2 7 1 2 7 0 20.6004870533943176
1 2 7 0 2 7 0 2 4 0 2 7 5 30 3 1 2 7 1 2 1 5 30 3 12 16 2 0 2 7 8 18 2 0 2 7 12 16 2 17 9 2 0 2 7 0 2 7 0 2 7 16 31 2 1 2 7 0 2 7 0 20.8342517614364624
0 2 7 0 2 3 0 2 3 5 31 3 0 2 7 1 2 7 0 2 7 1 2 4 1 2 7 0 2 7 1 2 7 12 16 2 1 2 7 17 9 2 0 2 7 0 2 4 5 30 3 0 2 7 0 2 3 16 9 11 0 20.9542428851127625

Current Evaluation = 2340(2340)
Front Size = 10
0 2 7 0 2 7 1 2 7 12 16 2 5 30 3 0 2 7 17 9 2 0 2 7 0 2 7 1 2 7 1 2 7 0 2 7 13 6 3 0 2 7 0 2 7 0 2 7 5 31 3 1 2 7 17 18 2 1 2 7 0 20.2646257877349854
0 2 7 0 2 7 1 2 7 12 16 2 5 30 3 0 2 7 17 9 2 0 2 3 1 2 4 0 2 7 0 2 7 12 16 2 1 2 7 0 2 4 5 31 3 1 2 7 13 6 3 0 2 7 12 16 2 16 30 2 0 20.4516057968139648
5 30 3 5 30 3 12 16 2 1 2 7 0 2 10 0 2 10 0 2 7 12 16 2 0 2 3 1 2 7 0 2 3 12 16 2 16 9 11 1 2 7 8 9 2 0 2 3 0 2 10 0 2 3 12 16 2 0 2 7 0 21.8962677121162415
0 2 7 1 2 7 1 2 7 0 2 7 5 30 3 0 2 7 0 2 7 0 2 7 0 2 7 0 2 3 5 30 3 1 2 11 0 2 3 1 2 7 17 18 2 0 2 3 1 2 3 16 31 2 0 2 7 1 2 7 0 20.6688988208770752
0 2 7 5 30 3 0 2 4 17 18 2 1 2 7 1 2 7 17 9 2 0 2 7 1 2 7 1 2 7 0 2 7 1 2 7 0 2 4 5 31 3 0 2 10 0 2 10 0 2 3 1 2 7 0 2 7 0 2 7 0 20.5764669179916382
0 2 7 1 2 7 6 2 7 0 2 7 1 2 7 0 2 7 5 31 3 0 2 4 0 2 7 1 2 7 17 9 2 0 2 4 1 2 7 5 31 3 0 2 7 16 6 2 0 2 7 12 16 2 0 2 7 0 2 7 0 20.4595978856086731
1 2 7 0 2 7 0 2 4 0 2 7 5 30 3 1 2 7 1 2 1 5 30 3 12 16 2 0 2 7 8 18 2 0 2 7 12 16 2 17 9 2 0 2 7 0 2 7 0 2 7 16 31 2 1 2 7 0 2 7 0 20.8342517614364624
0 2 7 1 2 7 0 2 7 1 2 7 0 2 7 5 31 3 0 2 7 1 2 7 17 9 2 1 2 7 5 31 3 0 2 7 0 2 7 0 2 7 0 2 7 0 2 7 17 9 2 0 2 7 1 2 4 1 2 4 0 20.4687459468841553
0 2 7 1 2 7 1 2 7 0 2 7 5 30 3 0 2 7 0 2 7 0 2 7 0 2 7 1 2 7 17 18 2 1 2 3 0 2 7 0 2 7 0 2 4 1 2 4 17 9 2 0 2 3 5 31 3 1 2 7 0 20.5684669017791748
0 2 7 1 2 7 1 2 12 1 2 4 0 2 7 5 31 3 0 2 7 0 2 7 0 2 7 5 31 3 0 2 7 0 2 12 1 2 7 0 2 7 6 2 4 17 9 2 1 2 7 17 18 2 0 2 7 1 2 7 0 20.6004870533943176

Current Evaluation = 2520(2520)
Front Size = 10
0 2 7 0 2 7 0 2 7 17 9 2 1 2 7 5 31 3 5 30 3 0 2 7 0 2 7 0 2 7 0 2 7 1 2 7 1 2 7 1 2 7 13 6 3 17 9 2 0 2 7 0 2 7 12 16 2 1 2 7 0 20.2646257877349854
0 2 7 5 30 3 0 2 4 17 18 2 1 2 7 1 2 7 17 9 2 0 2 7 1 2 7 1 2 7 0 2 7 1 2 7 0 2 4 5 31 3 0 2 10 0 2 10 0 2 3 1 2 7 0 2 7 0 2 7 0 20.5764669179916382
0 2 7 1 2 7 1 2 7 0 2 7 5 30 3 0 2 7 0 2 7 0 2 7 0 2 7 0 2 3 5 30 3 1 2 11 0 2 3 1 2 7 17 18 2 0 2 3 1 2 3 16 31 2 0 2 7 1 2 7 0 20.6688988208770752
0 2 7 0 2 7 12 16 2 5 30 3 0 2 7 17 9 2 0 2 4 0 2 7 1 2 4 5 31 3 1 2 7 13 6 3 0 2 7 0 2 7 1 2 7 17 18 2 6 2 7 0 2 7 1 2 7 12 16 2 0 20.3487167954444885
0 2 7 1 2 7 6 2 7 0 2 7 1 2 7 0 2 7 5 31 3 0 2 4 0 2 7 1 2 7 17 9 2 0 2 4 1 2 7 5 31 3 0 2 7 16 6 2 0 2 7 12 16 2 0 2 7 0 2 7 0 20.4595978856086731
0 2 4 0 2 7 0 2 7 17 9 2 1 2 7 5 31 3 5 30 3 0 2 7 0 2 7 0 2 7 1 2 7 0 2 4 6 2 7 12 16 2 0 2 7 1 2 7 13 6 3 17 9 2 1 2 7 12 16 2 0 20.3487167954444885
0 2 7 0 2 7 0 2 7 5 31 3 0 2 7 12 16 2 0 2 7 0 2 7 1 2 4 1 2 7 0 2 7 0 2 7 1 2 7 0 2 7 17 9 2 1 2 3 5 30 3 1 2 4 0 2 7 16 31 2 0 20.5479278564453125
0 2 7 1 2 7 0 2 7 1 2 7 0 2 7 5 31 3 0 2 7 1 2 7 17 9 2 1 2 7 5 31 3 0 2 7 0 2 7 0 2 7 0 2 7 1 2 4 0 2 7 17 9 2 0 2 7 1 2 4 0 20.4687459468841553
0 2 7 1 2 7 1 2 7 0 2 7 5 30 3 0 2 7 0 2 7 0 2 7 0 2 3 1 2 4 17 18 2 1 2 7 0 2 7 0 2 10 1 2 10 1 2 7 0 2 4 5 31 3 17 9 2 0 2 7 0 20.5764669179916382
0 2 7 5 30 3 17 18 2 1 2 7 1 2 4 8 9 2 1 2 7 0 2 7 1 2 7 0 2 7 1 2 7 0 2 11 0 2 7 17 9 2 5 31 3 0 2 7 0 2 7 0 2 11 1 2 7 0 2 7 0 20.6409200429916382

Current Evaluation = 2700(2700)
Front Size = 10
12 16 2 0 2 7 0 2 7 0 2 7 1 2 7 0 2 7 0 2 7 1 2 7 1 2 7 0 2 7 5 31 3 0 2 7 1 2 7 17 18 2 0 2 7 13 6 3 1 2 7 5 30 3 17 9 2 0 2 7 0 20.2646257877349854
0 2 7 5 30 3 0 2 4 17 18 2 1 2 7 1 2 7 17 9 2 0 2 7 1 2 7 1 2 7 0 2 7 1 2 7 0 2 4 5 31 3 0 2 10 0 2 10 0 2 3 1 2 7 0 2 7 0 2 7 0 20.5764669179916382
0 2 7 1 2 7 1 2 7 0 2 7 5 30 3 0 2 7 0 2 7 0 2 7 0 2 7 0 2 3 5 30 3 1 2 11 0 2 3 1 2 7 17 18 2 0 2 3 1 2 3 16 31 2 0 2 7 1 2 7 0 20.6688988208770752
0 2 4 17 9 2 1 2 7 17 9 2 0 2 7 1 2 7 1 2 10 0 2 7 5 31 3 0 2 7 1 2 4 5 30 3 0 2 7 1 2 7 0 2 10 0 2 7 0 2 7 0 2 7 0 2 7 1 2 3 0 20.5764669179916382
0 2 4 1 2 7 5 31 3 0 2 7 0 2 7 6 2 7 0 2 7 0 2 7 0 2 7 17 18 2 0 2 7 0 2 7 12 16 2 16 6 2 0 2 7 1 2 7 5 31 3 0 2 4 1 2 7 1 2 7 0 20.4595978856086731
0 2 7 0 2 7 12 16 2 5 30 3 0 2 7 17 9 2 0 2 4 0 2 7 1 2 4 5 31 3 1 2 7 13 6 3 0 2 7 0 2 7 1 2 7 17 18 2 6 2 7 0 2 7 1 2 7 12 16 2 0 20.3487167954444885
0 2 7 1 2 7 0 2 7 1 2 7 0 2 7 5 31 3 0 2 7 1 2 7 17 9 2 1 2 7 5 31 3 0 2 7 0 2 7 0 2 7 0 2 7 1 2 4 0 2 7 17 9 2 0 2 7 1 2 4 0 20.4687459468841553
1 2 7 0 2 7 17 9 2 0 2 4 1 2 7 1 2 7 17 9 2 5 31 3 0 2 7 0 2 7 1 2 7 1 2 7 0 2 7 0 2 7 0 2 7 0 2 4 1 2 7 0 2 7 0 2 7 5 31 3 0 20.4687459468841553
0 2 7 0 2 7 0 2 7 5 31 3 0 2 7 12 16 2 0 2 7 0 2 7 1 2 4 1 2 7 0 2 7 0 2 7 1 2 7 0 2 7 17 9 2 1 2 3 5 30 3 1 2 4 0 2 7 16 31 2 0 20.5479278564453125
0 2 7 0 2 7 5 30 3 0 2 7 0 2 7 1 2 7 0 2 7 0 2 7 1 2 7 17 18 2 0 2 7 1 2 7 0 2 3 17 9 2 0 2 4 1 2 7 1 2 3 13 6 3 5 30 3 12 16 2 0.000315918858164799144 20.3443467617034912

Current Evaluation = 2880(2880)
Front Size = 10
0 2 7 0 2 7 1 2 7 0 2 7 0 2 7 12 16 2 0 2 7 1 2 7 5 30 3 0 2 7 17 18 2 0 2 7 5 31 3 13 6 3 0 2 7 1 2 7 17 18 2 1 2 7 1 2 7 0 2 7 0 20.2646257877349854
0 2 7 0 2 7 1 2 7 5 30 3 0 2 7 17 9 2 0 2 7 1 2 7 13 6 3 1 2 7 0 2 7 0 2 7 1 2 7 0 2 7 12 16 2 5 31 3 1 2 7 0 2 7 0 2 7 17 9 2 0 20.2646257877349854
0 2 7 1 2 7 5 31 3 0 2 7 0 2 7 0 2 7 0 2 7 0 2 7 0 2 7 0 2 7 12 16 2 1 2 4 0 2 7 1 2 7 6 2 7 1 2 4 17 9 2 16 6 2 0 2 7 5 31 3 0 20.4595978856086731
0 2 7 0 2 7 1 2 7 0 2 7 0 2 7 12 16 2 0 2 7 1 2 7 5 30 3 0 2 7 17 18 2 0 2 4 5 31 3 13 6 3 0 2 7 12 16 2 6 2 7 1 2 7 17 9 2 1 2 4 0 20.3487167954444885
0 2 7 1 2 7 1 2 7 0 2 7 5 30 3 0 2 7 0 2 7 0 2 7 0 2 7 0 2 3 5 30 3 1 2 11 0 2 3 1 2 7 17 18 2 0 2 3 1 2 3 16 31 2 0 2 7 1 2 7 0 20.6688988208770752
0 2 7 5 30 3 0 2 4 17 18 2 1 2 7 1 2 7 17 9 2 0 2 7 1 2 7 1 2 7 0 2 7 1 2 7 0 2 4 5 31 3 0 2 10 0 2 10 0 2 3 1 2 7 0 2 7 0 2 7 0 20.5764669179916382
0 2 4 1 2 7 5 31 3 0 2 7 0 2 7 6 2 7 0 2 7 0 2 7 0 2 7 17 18 2 0 2 7 0 2 7 12 16 2 16 6 2 0 2 7 1 2 7 5 31 3 0 2 4 1 2 7 1 2 7 0 20.4595978856086731
0 2 7 5 30 3 0 2 7 6 2 7 1 2 11 0 2 7 0 2 7 17 18 2 0 2 10 1 2 7 0 2 11 1 2 11 5 31 3 0 2 7 0 2 7 0 2 7 1 2 11 17 9 2 0 2 7 5 30 3 0 21.0983547568321228
0 2 7 0 2 7 6 2 7 0 2 7 0 2 4 0 2 4 0 2 7 12 16 2 1 2 7 1 2 7 1 2 7 5 31 3 0 2 7 17 9 2 0 2 7 5 30 3 1 2 7 13 6 3 17 9 2 12 16 2 0 20.3487167954444885
0 2 7 1 2 7 5 31 3 0 2 7 0 2 7 0 2 7 0 2 7 0 2 7 0 2 7 0 2 7 12 16 2 0 2 7 1 2 7 17 9 2 1 2 4 6 2 7 1 2 4 1 2 7 17 9 2 5 30 3 0.000164312809392504688 20.4925578236579895

Current Evaluation = 3060(3060)
Front Size = 10
0 2 7 0 2 7 0 2 7 0 2 7 12 16 2 1 2 7 0 2 7 1 2 7 5 31 3 0 2 7 17 9 2 0 2 7 5 30 3 1 2 7 13 6 3 0 2 7 1 2 7 17 9 2 1 2 7 0 2 7 0 20.2646257877349854
0 2 7 0 2 7 1 2 7 0 2 7 0 2 7 12 16 2 0 2 7 1 2 7 5 30 3 0 2 7 0 2 7 5 31 3 13 6 3 0 2 7 1 2 7 1 2 7 1 2 7 0 2 7 17 18 2 17 18 2 0 20.2646257877349854
0 2 7 1 2 7 5 31 3 0 2 7 0 2 7 0 2 7 0 2 7 0 2 7 0 2 7 0 2 7 12 16 2 1 2 4 0 2 7 1 2 7 6 2 7 1 2 4 17 9 2 16 6 2 0 2 7 5 31 3 0 20.4595978856086731
0 2 7 5 30 3 0 2 7 0 2 7 1 2 3 17 18 2 0 2 4 12 16 2 0 2 3 0 2 7 0 2 7 1 2 7 0 2 11 8 9 2 0 2 7 0 2 7 16 15 2 1 2 7 0 2 3 5 30 3 0 21.0394438505172729
0 2 7 5 30 3 0 2 7 6 2 7 1 2 11 0 2 7 0 2 7 17 18 2 0 2 10 1 2 7 0 2 11 1 2 11 5 31 3 0 2 7 0 2 7 0 2 7 1 2 11 17 9 2 0 2 7 5 30 3 0 21.0983547568321228
0 2 7 0 2 7 12 16 2 0 2 4 1 2 7 0 2 7 0 2 7 1 2 7 5 31 3 1 2 7 0 2 7 0 2 7 13 6 3 5 30 3 0 2 4 12 16 2 17 18 2 1 2 7 17 9 2 6 2 7 0 20.3487167954444885
0 2 7 5 30 3 0 2 10 0 2 7 0 2 3 1 2 7 5 31 3 0 2 7 0 2 7 0 2 7 17 9 2 0 2 7 17 9 2 1 2 4 1 2 7 1 2 7 0 2 7 1 2 4 1 2 10 0 2 7 0 20.5764669179916382
1 2 7 5 31 3 0 2 7 0 2 7 6 2 7 0 2 7 0 2 7 0 2 4 0 2 7 0 2 7 12 16 2 16 6 2 0 2 7 1 2 7 5 31 3 0 2 7 17 18 2 0 2 4 1 2 7 1 2 7 0 20.4595978856086731
1 2 7 5 30 3 0 2 7 1 2 7 1 2 7 0 2 7 0 2 7 0 2 10 1 2 3 1 2 7 0 2 7 0 2 7 5 31 3 17 9 2 0 2 10 0 2 4 1 2 7 0 2 7 17 9 2 0 2 4 0 20.5764669179916382
0 2 4 5 30 3 0 2 7 0 2 7 0 2 11 1 2 7 5 31 3 0 2 7 0 2 7 0 2 7 17 9 2 0 2 7 1 2 7 1 2 7 8 18 2 0 2 7 1 2 7 1 2 7 17 9 2 1 2 11 0 20.6409199237823486

Current Evaluation = 3240(3240)
Front Size = 10
1 2 7 5 31 3 1 2 7 1 2 7 0 2 7 0 2 7 0 2 7 5 30 3 0 2 7 0 2 7 13 6 3 0 2 7 0 2 7 17 18 2 12 16 2 0 2 7 1 2 7 1 2 7 0 2 7 17 18 2 0 20.2646257877349854
12 16 2 1 2 7 0 2 7 5 30 3 0 2 7 0 2 7 0 2 7 1 2 7 0 2 7 5 31 3 0 2 7 13 6 3 0 2 7 1 2 7 0 2 7 1 2 7 1 2 7 0 2 7 17 18 2 17 9 2 0 20.2646257877349854
12 16 2 1 2 7 0 2 7 5 30 3 0 2 7 0 2 7 0 2 7 0 2 7 5 31 3 13 6 3 0 2 7 1 2 7 1 2 7 0 2 7 6 2 7 0 2 4 1 2 4 12 16 2 17 9 2 17 9 2 0 20.3487167954444885
1 2 7 5 30 3 0 2 10 1 2 7 1 2 7 0 2 7 0 2 7 1 2 7 0 2 7 0 2 7 5 31 3 17 9 2 1 2 7 1 2 7 17 9 2 0 2 10 0 2 7 0 2 3 0 2 4 0 2 4 0 20.5764669179916382
0 2 7 5 30 3 0 2 7 0 2 7 1 2 3 17 18 2 0 2 4 12 16 2 0 2 3 0 2 7 0 2 7 1 2 7 0 2 11 8 9 2 0 2 7 0 2 7 16 15 2 1 2 7 0 2 3 5 30 3 0 21.0394438505172729
0 2 7 5 30 3 0 2 7 6 2 7 1 2 11 0 2 7 0 2 7 17 18 2 0 2 10 1 2 7 0 2 11 1 2 11 5 31 3 0 2 7 0 2 7 0 2 7 1 2 11 17 9 2 0 2 7 5 30 3 0 21.0983547568321228
0 2 4 5 31 3 0 2 7 0 2 7 1 2 7 5 30 3 1 2 7 12 16 2 1 2 7 6 2 7 17 9 2 0 2 7 17 18 2 0 2 7 0 2 7 0 2 7 13 6 3 12 16 2 0 2 4 1 2 7 0 20.3487167954444885
12 16 2 1 2 7 0 2 7 5 30 3 0 2 7 0 2 7 0 2 7 0 2 7 5 31 3 13 6 3 0 2 7 1 2 7 17 9 2 1 2 7 0 2 7 0 2 7 1 2 7 1 2 4 12 16 2 17 18 2 0 20.3924237489700317
12 16 2 1 2 7 0 2 7 5 30 3 0 2 7 0 2 7 0 2 7 1 2 7 0 2 7 5 31 3 0 2 7 13 6 3 0 2 7 1 2 7 0 2 7 17 9 2 1 2 7 1 2 7 17 9 2 0 2 7 0 20.2646257877349854
12 16 2 1 2 7 0 2 7 5 30 3 0 2 7 0 2 7 0 2 7 0 2 7 5 31 3 13 6 3 0 2 7 1 2 7 17 9 2 1 2 7 0 2 7 6 2 7 0 2 7 1 2 7 17 18 2 17 9 2 0.0486161984986658094 20.1383658051490784

Current Evaluation = 3420(3420)
Front Size = 10
12 16 2 1 2 7 0 2 7 5 30 3 0 2 7 0 2 7 0 2 7 0 2 7 5 31 3 13 6 3 0 2 7 1 2 7 1 2 7 1 2 7 0 2 7 1 2 7 0 2 7 0 2 7 17 18 2 17 9 2 0 20.2646257877349854
0 2 7 1 2 7 0 2 7 5 30 3 0 2 7 0 2 7 0 2 7 0 2 7 5 31 3 13 6 3 0 2 7 1 2 7 1 2 7 0 2 7 0 2 7 17 18 2 17 18 2 1 2 7 1 2 7 12 16 2 0 20.2646257877349854
1 2 7 5 30 3 1 2 7 1 2 7 0 2 7 0 2 7 1 2 7 0 2 7 0 2 7 5 31 3 1 2 7 0 2 7 0 2 10 17 9 2 1 2 7 17 18 2 0 2 10 0 2 3 0 2 4 0 2 4 0 20.5764669179916382
12 16 2 1 2 7 0 2 7 5 30 3 0 2 7 0 2 7 0 2 7 0 2 4 5 31 3 13 6 3 1 2 7 6 2 7 17 9 2 17 18 2 1 2 7 0 2 7 0 2 4 1 2 7 12 16 2 0 2 7 0 20.3487167954444885
0 2 7 5 30 3 0 2 7 0 2 7 1 2 3 17 18 2 0 2 4 12 16 2 0 2 3 0 2 7 0 2 7 1 2 7 0 2 11 8 9 2 0 2 7 0 2 7 16 15 2 1 2 7 0 2 3 5 30 3 0 21.0394438505172729
12 16 2 0 2 7 1 2 11 5 30 3 0 2 7 0 2 7 0 2 7 1 2 11 17 9 2 1 2 7 13 6 3 0 2 7 5 30 3 8 18 2 1 2 11 17 18 2 0 2 11 0 2 7 0 2 7 12 16 2 0 20.8343496322631836
1 2 7 0 2 7 5 30 3 0 2 7 0 2 7 0 2 7 0 2 7 5 31 3 1 2 7 1 2 7 17 9 2 1 2 7 1 2 7 12 16 2 13 6 3 0 2 7 0 2 7 0 2 7 0 2 7 17 9 2 0 20.2646257877349854
12 16 2 0 2 12 0 2 7 5 31 3 1 2 7 0 2 7 16 6 2 0 2 7 1 2 3 5 30 3 8 9 2 0 2 4 0 2 7 1 2 7 0 2 3 1 2 7 0 2 7 17 18 2 0 2 7 1 2 7 0 20.769278883934021
12 16 2 6 2 4 0 2 7 5 30 3 0 2 7 0 2 7 0 2 7 5 31 3 13 6 3 0 2 7 1 2 7 0 2 7 0 2 7 1 2 7 0 2 7 1 2 4 17 18 2 17 9 2 1 2 7 12 16 2 0 20.3487167954444885
1 2 7 0 2 7 5 30 3 0 2 7 0 2 7 0 2 7 0 2 7 5 31 3 1 2 7 1 2 7 17 9 2 1 2 7 1 2 7 0 2 10 0 2 10 0 2 7 0 2 7 1 2 7 0 2 7 0 2 4 0.00117322184393321748 20.5990198850631714

Current Evaluation = 3600(3600)
Front Size = 10
1 2 7 0 2 7 0 2 7 5 31 3 0 2 7 0 2 7 1 2 7 5 30 3 13 6 3 1 2 7 17 9 2 17 18 2 0 2 7 12 16 2 0 2 7 0 2 7 1 2 7 1 2 7 0 2 7 0 2 7 0 20.2646257877349854
0 2 7 5 31 3 0 2 7 0 2 4 1 2 7 0 2 7 1 2 7 0 2 7 5 31 3 0 2 4 1 2 7 1 2 7 1 2 7 17 18 2 0 2 7 0 2 7 0 2 7 0 2 7 1 2 7 17 18 2 0 20.4687459468841553
12 16 2 1 2 7 0 2 7 5 30 3 0 2 7 0 2 7 0 2 7 0 2 4 5 31 3 13 6 3 1 2 7 6 2 7 17 9 2 17 18 2 1 2 7 0 2 7 0 2 4 1 2 7 12 16 2 0 2 7 0 20.3487167954444885
0 2 7 5 31 3 0 2 7 1 2 7 1 2 7 0 2 7 0 2 7 0 2 7 1 2 4 1 2 4 17 9 2 5 31 3 17 18 2 1 2 7 0 2 7 0 2 7 0 2 7 0 2 7 0 2 7 1 2 7 0 20.4687459468841553
0 2 7 6 2 4 5 31 3 0 2 7 5 30 3 0 2 7 1 2 4 0 2 7 0 2 7 1 2 7 0 2 7 17 18 2 17 9 2 1 2 7 0 2 7 12 16 2 1 2 7 13 6 3 0 2 7 12 16 2 0 20.3487167954444885
12 16 2 6 2 7 0 2 7 5 30 3 0 2 7 0 2 7 0 2 7 5 31 3 13 6 3 1 2 7 17 9 2 17 18 2 1 2 7 0 2 7 12 16 2 0 2 7 0 2 4 1 2 4 0 2 7 1 2 7 0 20.3487167954444885
1 2 7 0 2 7 0 2 7 5 31 3 0 2 7 0 2 7 1 2 7 5 30 3 13 6 3 1 2 7 17 9 2 17 18 2 0 2 7 12 16 2 0 2 7 0 2 7 1 2 7 12 16 2 1 2 4 0 2 4 0 20.3724237680435181
0 2 7 0 2 7 0 2 7 0 2 7 0 2 7 17 18 2 1 2 4 0 2 11 1 2 7 0 2 7 5 30 3 1 2 4 0 2 10 0 2 7 5 31 3 1 2 4 0 2 11 1 2 7 1 2 7 17 9 2 0 20.601667046546936
0 2 7 5 31 3 0 2 7 0 2 7 1 2 8 6 2 7 0 2 3 1 2 3 0 2 7 0 2 7 0 2 8 5 30 3 17 18 2 0 2 7 6 2 7 0 2 7 1 2 7 16 6 2 0 2 7 5 31 3 0 21.027135968208313
12 16 2 0 2 7 5 30 3 0 2 3 0 2 11 0 2 7 17 9 2 0 2 3 13 6 3 0 2 7 17 18 2 0 2 11 1 2 10 12 16 2 1 2 11 1 2 4 5 30 3 1 2 7 1 2 7 0 2 4 0 20.8249448537826538

MonoObjective Genetic Algorithm
Number of Evaluations = 0
Mutation Probability = 0
Crossover Probability = 1
Population Size = 10
Survival Selection Type = 16

Time =  3605.85383892059326

Current Evaluation = 3320
Front Size = 10
1 2 7 0 2 7 0 2 7 5 31 3 0 2 7 0 2 7 1 2 7 5 30 3 13 6 3 1 2 7 17 9 2 17 18 2 0 2 7 12 16 2 0 2 7 0 2 7 1 2 7 1 2 7 0 2 7 0 2 7 0 20.2646257877349854
0 2 7 5 31 3 0 2 7 0 2 4 1 2 7 0 2 7 1 2 7 0 2 7 5 31 3 0 2 4 1 2 7 1 2 7 1 2 7 17 18 2 0 2 7 0 2 7 0 2 7 0 2 7 1 2 7 17 18 2 0 20.4687459468841553
12 16 2 1 2 7 0 2 7 5 30 3 0 2 7 0 2 7 0 2 7 0 2 4 5 31 3 13 6 3 1 2 7 6 2 7 17 9 2 17 18 2 1 2 7 0 2 7 0 2 4 1 2 7 12 16 2 0 2 7 0 20.3487167954444885
0 2 7 5 31 3 0 2 7 1 2 7 1 2 7 0 2 7 0 2 7 0 2 7 1 2 4 1 2 4 17 9 2 5 31 3 17 18 2 1 2 7 0 2 7 0 2 7 0 2 7 0 2 7 0 2 7 1 2 7 0 20.4687459468841553
0 2 7 6 2 4 5 31 3 0 2 7 5 30 3 0 2 7 1 2 4 0 2 7 0 2 7 1 2 7 0 2 7 17 18 2 17 9 2 1 2 7 0 2 7 12 16 2 1 2 7 13 6 3 0 2 7 12 16 2 0 20.3487167954444885
12 16 2 6 2 7 0 2 7 5 30 3 0 2 7 0 2 7 0 2 7 5 31 3 13 6 3 1 2 7 17 9 2 17 18 2 1 2 7 0 2 7 12 16 2 0 2 7 0 2 4 1 2 4 0 2 7 1 2 7 0 20.3487167954444885
1 2 7 0 2 7 0 2 7 5 31 3 0 2 7 0 2 7 1 2 7 5 30 3 13 6 3 1 2 7 17 9 2 17 18 2 0 2 7 12 16 2 0 2 7 0 2 7 1 2 7 12 16 2 1 2 4 0 2 4 0 20.3724237680435181
0 2 7 0 2 7 0 2 7 0 2 7 0 2 7 17 18 2 1 2 4 0 2 11 1 2 7 0 2 7 5 30 3 1 2 4 0 2 10 0 2 7 5 31 3 1 2 4 0 2 11 1 2 7 1 2 7 17 9 2 0 20.601667046546936
0 2 7 5 31 3 0 2 7 0 2 7 1 2 8 6 2 7 0 2 3 1 2 3 0 2 7 0 2 7 0 2 8 5 30 3 17 18 2 0 2 7 6 2 7 0 2 7 1 2 7 16 6 2 0 2 7 5 31 3 0 21.027135968208313
12 16 2 0 2 7 5 30 3 0 2 3 0 2 11 0 2 7 17 9 2 0 2 3 13 6 3 0 2 7 17 18 2 0 2 11 1 2 10 12 16 2 1 2 11 1 2 4 5 30 3 1 2 7 1 2 7 0 2 4 0 20.8249448537826538

