Current Evaluation = 180(180)
Front Size = 10
5 30 3 12 16 2 17 18 2 1 2 7 1 2 7 0 2 7 17 18 2 0 2 7 0 2 7 0 2 7 13 6 3 0 2 7 1 2 7 1 2 7 5 31 3 0 2 7 0 2 7 1 2 7 0 2 7 0 2 7 0 20.2646257877349854
1 2 3 12 16 2 12 16 2 5 30 3 5 30 3 0 2 3 0 2 3 0 2 11 0 2 3 16 18 11 1 2 3 0 2 7 0 2 7 0 2 3 1 2 11 0 2 3 0 2 7 0 2 3 1 2 3 16 9 11 0 21.9789398908615112
5 30 3 12 16 2 0 2 11 12 16 2 17 18 2 0 2 4 5 30 3 15 2 11 1 2 7 1 2 7 0 2 11 6 2 7 0 2 7 0 2 11 17 18 2 0 2 7 0 2 7 1 2 11 0 2 7 13 6 3 0 20.8176348805427551
5 30 3 12 16 2 5 30 3 0 2 8 0 2 8 8 18 2 0 2 8 0 2 8 0 2 8 0 2 7 0 2 3 16 19 11 1 2 8 0 2 8 5 30 3 0 2 3 0 2 11 12 16 2 0 2 11 16 19 11 0 23.0031580924987793
6 2 7 5 31 3 5 31 3 0 2 7 0 2 7 0 2 7 0 2 11 0 2 7 0 2 7 12 16 2 0 2 8 0 2 7 0 2 7 16 19 11 16 6 2 0 2 7 12 16 2 6 2 7 5 30 3 0 2 13 0 21.5548468828201294
12 16 2 5 30 3 5 30 3 17 9 2 0 2 7 8 9 2 0 2 11 0 2 3 5 30 3 0 2 11 0 2 11 1 2 7 0 2 8 1 2 13 0 2 7 16 19 11 6 2 11 0 2 8 0 2 7 0 2 11 0 22.0692901611328125
5 30 3 12 16 2 5 31 3 0 2 7 0 2 8 16 9 8 0 2 7 1 2 8 0 2 8 0 2 7 0 2 8 0 2 8 0 2 8 12 16 2 1 2 7 0 2 8 17 18 2 0 2 8 0 2 8 1 2 7 0.000359026303919442646 22.4255452156066895
5 30 3 0 2 7 0 2 7 5 30 3 1 2 7 0 2 7 0 2 7 0 2 3 1 2 7 17 18 2 0 2 8 6 2 7 8 18 2 0 2 7 0 2 8 0 2 3 5 30 3 1 2 7 1 2 7 0 2 8 0.003951602497975144 21.3640820384025574
0 2 4 12 16 2 0 2 7 1 2 11 0 2 7 0 2 7 16 9 11 5 30 3 0 2 7 0 2 7 0 2 7 0 2 10 0 2 7 17 9 2 0 2 7 1 2 6 5 31 3 12 16 2 1 2 10 1 2 7 0 21.2201927304267883
0 2 7 0 2 7 1 2 3 0 2 7 12 16 2 0 2 7 16 19 11 1 2 7 12 16 2 0 2 3 0 2 4 5 30 3 0 2 3 0 2 3 1 2 4 16 6 2 1 2 7 0 2 3 5 31 3 0 2 3 0 21.3634347915649414

Current Evaluation = 360(360)
Front Size = 10
5 30 3 12 16 2 0 2 7 0 2 7 0 2 7 1 2 7 0 2 7 1 2 7 1 2 7 0 2 7 0 2 7 0 2 7 0 2 7 0 2 7 13 6 3 17 18 2 1 2 7 17 9 2 1 2 7 5 31 3 0 20.2646257877349854
5 31 3 5 31 3 1 2 7 0 2 3 0 2 3 0 2 7 1 2 7 0 2 7 12 16 2 0 2 7 1 2 4 1 2 3 0 2 7 0 2 7 12 16 2 0 2 7 0 2 7 16 6 2 0 2 7 16 30 2 0 20.7824869155883789
5 30 3 12 16 2 0 2 11 5 30 3 0 2 3 0 2 11 0 2 11 0 2 8 0 2 8 0 2 11 5 30 3 12 16 2 16 19 11 0 2 11 12 16 2 0 2 11 8 18 2 0 2 11 6 2 8 16 19 11 0 22.9084491729736328
5 30 3 12 16 2 5 30 3 0 2 8 0 2 8 5 30 3 1 2 8 0 2 8 0 2 3 16 19 13 8 9 2 16 19 12 0 2 3 0 2 8 0 2 8 0 2 8 0 2 3 0 2 7 0 2 3 0 2 8 1.34547003131860888e-05 23.0371602773666382
1 2 3 12 16 2 0 2 7 0 2 3 5 30 3 0 2 11 0 2 11 0 2 7 0 2 7 0 2 6 12 16 2 0 2 3 1 2 3 16 9 8 5 30 3 0 2 3 0 2 3 1 2 3 1 2 3 16 18 11 0 22.0535399317741394
5 30 3 12 16 2 0 2 11 12 16 2 17 18 2 0 2 4 5 30 3 15 2 11 1 2 7 1 2 7 0 2 11 6 2 7 0 2 7 0 2 11 17 18 2 0 2 7 0 2 7 1 2 11 0 2 7 13 6 3 0 20.8176348805427551
5 30 3 12 16 2 1 2 7 8 9 2 5 30 3 0 2 3 1 2 4 0 2 7 0 2 7 0 2 7 0 2 7 0 2 3 1 2 3 16 15 2 0 2 7 1 2 7 0 2 3 0 2 3 17 18 2 1 2 7 0 20.9987398386001587
5 30 3 12 16 2 5 31 3 0 2 7 0 2 8 16 9 8 0 2 7 1 2 8 0 2 8 0 2 7 0 2 8 0 2 8 0 2 8 12 16 2 1 2 7 0 2 8 17 18 2 0 2 8 0 2 8 1 2 7 0.000359026303919442646 22.4255452156066895
1 2 3 0 2 11 0 2 7 1 2 3 5 30 3 0 2 7 17 9 2 0 2 7 0 2 7 12 16 2 5 30 3 9 2 10 0 2 7 1 2 7 8 9 2 0 2 7 12 16 2 0 2 7 1 2 7 0 2 4 0 21.4090068340301514
12 16 2 1 2 11 5 30 3 0 2 7 0 2 7 0 2 7 5 30 3 1 2 11 0 2 7 0 2 3 0 2 11 1 2 11 0 2 3 0 2 7 17 18 2 0 2 3 1 2 11 15 2 11 0 2 7 16 18 8 0 21.5973606109619141

Current Evaluation = 540(540)
Front Size = 10
5 31 3 1 2 7 17 18 2 1 2 7 0 2 7 0 2 7 0 2 7 0 2 7 1 2 7 13 6 3 0 2 7 1 2 7 5 30 3 0 2 7 12 16 2 1 2 7 0 2 7 0 2 7 17 18 2 0 2 7 0 20.2646257877349854
5 31 3 12 16 2 1 2 7 12 16 2 0 2 7 1 2 7 0 2 7 0 2 7 0 2 7 1 2 7 0 2 7 16 6 2 0 2 4 0 2 7 0 2 7 0 2 3 0 2 3 5 31 3 1 2 3 16 30 2 0 20.7824869155883789
1 2 3 12 16 2 0 2 7 0 2 3 5 30 3 0 2 11 0 2 11 0 2 7 0 2 7 0 2 6 12 16 2 0 2 3 1 2 3 16 9 8 5 30 3 0 2 3 0 2 3 1 2 3 1 2 3 16 18 11 0 22.0535399317741394
5 30 3 12 16 2 0 2 11 12 16 2 17 18 2 0 2 4 5 30 3 15 2 11 1 2 7 1 2 7 0 2 11 6 2 7 0 2 7 0 2 11 17 18 2 0 2 7 0 2 7 1 2 11 0 2 7 13 6 3 0 20.8176348805427551
5 30 3 12 16 2 0 2 7 12 16 2 16 19 11 0 2 10 0 2 11 0 2 3 5 31 3 0 2 3 1 2 8 0 2 7 5 30 3 0 2 8 0 2 7 0 2 7 6 2 7 0 2 7 0 2 8 16 19 11 0 22.2935248017311096
5 30 3 12 16 2 0 2 11 5 30 3 0 2 3 0 2 11 0 2 11 0 2 8 0 2 8 0 2 11 5 30 3 12 16 2 16 19 11 0 2 11 12 16 2 0 2 11 8 18 2 0 2 11 6 2 8 16 19 11 0 22.9084491729736328
5 30 3 12 16 2 12 16 2 0 2 4 13 6 3 1 2 4 1 2 11 0 2 4 1 2 7 0 2 3 1 2 3 0 2 12 0 2 12 17 18 2 1 2 7 0 2 3 0 2 7 12 16 2 8 18 2 17 18 2 0 20.8881528377532959
5 30 3 12 16 2 0 2 11 0 2 3 0 2 3 0 2 3 0 2 11 0 2 11 0 2 3 0 2 7 0 2 11 5 30 3 0 2 11 5 30 3 0 2 7 12 16 2 16 6 2 15 2 11 6 2 11 16 19 11 0 22.1595929861068726
5 30 3 12 16 2 5 30 3 0 2 8 0 2 8 5 30 3 1 2 8 0 2 8 0 2 3 16 19 13 8 9 2 16 19 12 0 2 3 0 2 8 0 2 8 0 2 8 0 2 3 0 2 7 0 2 3 0 2 8 1.34547003131860888e-05 23.0371602773666382
5 30 3 12 16 2 5 31 3 0 2 7 0 2 8 16 9 8 0 2 7 1 2 8 0 2 8 0 2 7 0 2 8 0 2 8 0 2 8 12 16 2 1 2 7 0 2 8 17 18 2 0 2 8 0 2 8 1 2 7 0.000359026303919442646 22.4255452156066895

Current Evaluation = 720(720)
Front Size = 10
5 31 3 0 2 7 0 2 7 0 2 7 1 2 7 12 16 2 0 2 7 0 2 7 0 2 7 1 2 7 1 2 7 0 2 7 0 2 7 0 2 7 1 2 7 13 6 3 17 9 2 5 30 3 1 2 7 17 18 2 0 20.2646257877349854
5 30 3 12 16 2 0 2 11 5 30 3 0 2 3 0 2 11 0 2 11 0 2 8 0 2 8 0 2 11 5 30 3 12 16 2 16 19 11 0 2 11 12 16 2 0 2 11 8 18 2 0 2 11 6 2 8 16 19 11 0 22.9084491729736328
0 2 7 0 2 7 0 2 3 12 16 2 5 30 3 12 16 2 16 31 2 1 2 7 0 2 7 1 2 7 0 2 7 12 16 2 5 30 3 0 2 4 1 2 7 17 9 2 13 6 3 1 2 7 0 2 4 0 2 7 0 20.4516056776046753
12 16 2 0 2 3 5 30 3 0 2 7 12 16 2 0 2 7 0 2 11 0 2 11 0 2 7 0 2 7 0 2 7 0 2 7 6 2 7 5 31 3 0 2 3 1 2 11 16 19 11 0 2 7 5 30 3 16 19 11 0 21.9761247038841248
5 31 3 0 2 7 1 2 4 0 2 7 0 2 7 0 2 10 0 2 4 1 2 7 12 16 2 16 6 2 0 2 7 17 9 2 0 2 7 5 31 3 0 2 7 6 2 7 1 2 7 1 2 7 12 16 2 0 2 7 0 20.6613958477973938
0 2 3 1 2 11 0 2 7 16 9 8 0 2 3 5 31 3 0 2 8 12 16 2 0 2 8 12 16 2 0 2 3 0 2 3 5 30 3 0 2 7 16 18 8 1 2 7 1 2 7 0 2 7 0 2 3 1 2 7 0 21.9972188472747803
12 16 2 1 2 11 0 2 11 5 30 3 1 2 3 0 2 3 12 16 2 0 2 7 0 2 3 1 2 3 0 2 7 0 2 3 1 2 3 0 2 3 16 9 11 0 2 3 0 2 3 5 30 3 0 2 7 16 18 11 0 21.9789398908615112
5 30 3 12 16 2 5 30 3 0 2 8 0 2 8 5 30 3 1 2 8 0 2 8 0 2 3 16 19 13 8 9 2 16 19 12 0 2 3 0 2 8 0 2 8 0 2 8 0 2 3 0 2 7 0 2 3 0 2 8 1.34547003131860888e-05 23.0371602773666382
5 30 3 1 2 7 0 2 3 17 18 2 1 2 7 1 2 11 0 2 7 1 2 3 0 2 7 16 6 2 0 2 7 0 2 3 0 2 7 0 2 7 9 2 7 0 2 7 1 2 7 5 31 3 0 2 7 0 2 3 0 20.9495408535003662
5 30 3 12 16 2 0 2 11 5 30 3 0 2 3 1 2 7 1 2 7 17 18 2 0 2 7 0 2 11 5 30 3 17 18 2 0 2 7 0 2 11 1 2 7 0 2 11 8 18 2 0 2 11 6 2 8 16 19 11 0.0584071888660247507 21.6289850473403931

Current Evaluation = 900(900)
Front Size = 10
0 2 7 17 9 2 5 31 3 5 30 3 0 2 7 1 2 7 1 2 7 0 2 7 17 18 2 12 16 2 0 2 7 0 2 7 1 2 7 0 2 7 0 2 7 1 2 7 13 6 3 1 2 7 0 2 7 0 2 7 0 20.2646257877349854
5 30 3 12 16 2 5 30 3 0 2 8 0 2 8 5 30 3 1 2 8 0 2 8 0 2 3 16 19 13 8 9 2 16 19 12 0 2 3 0 2 8 0 2 8 0 2 8 0 2 3 0 2 7 0 2 3 0 2 8 1.34547003131860888e-05 23.0371602773666382
0 2 7 5 30 3 5 30 3 0 2 7 0 2 7 0 2 11 17 9 2 15 2 11 12 16 2 13 6 3 6 2 11 1 2 11 0 2 7 12 16 2 1 2 4 0 2 7 1 2 11 0 2 7 17 9 2 0 2 7 0 20.8176347017288208
5 30 3 12 16 2 5 31 3 15 2 11 16 6 2 16 6 2 0 2 3 0 2 7 0 2 4 0 2 7 1 2 7 12 16 2 1 2 3 0 2 7 0 2 7 0 2 7 0 2 3 1 2 7 0 2 3 0 2 7 0 20.9683817625045776
5 30 3 12 16 2 1 2 7 0 2 7 0 2 7 1 2 7 0 2 7 0 2 7 0 2 7 5 30 3 13 6 3 12 16 2 0 2 3 0 2 4 0 2 7 17 9 2 12 16 2 16 31 2 1 2 4 1 2 7 0 20.4516056776046753
0 2 3 1 2 11 0 2 7 16 9 8 0 2 3 5 31 3 0 2 8 12 16 2 0 2 8 12 16 2 0 2 3 0 2 3 5 30 3 0 2 7 16 18 8 1 2 7 1 2 7 0 2 7 0 2 3 1 2 7 0 21.9972188472747803
5 30 3 12 16 2 0 2 3 0 2 7 0 2 3 0 2 7 0 2 7 0 2 3 0 2 7 0 2 3 0 2 3 5 30 3 1 2 7 5 30 3 0 2 11 16 19 11 1 2 3 16 19 11 0 2 11 0 2 3 0 22.152154803276062
0 2 7 0 2 7 1 2 7 0 2 3 5 30 3 0 2 3 5 30 3 0 2 3 1 2 7 0 2 7 1 2 7 17 18 2 0 2 7 0 2 3 1 2 11 0 2 7 16 31 2 1 2 7 0 2 7 1 2 7 0 20.6688988208770752
1 2 11 0 2 7 0 2 4 0 2 4 15 2 11 17 9 2 5 31 3 5 30 3 6 2 7 0 2 11 0 2 7 1 2 7 0 2 11 1 2 7 0 2 7 17 18 2 12 16 2 0 2 7 0 2 7 1 2 7 0 20.9421549439430237
5 30 3 12 16 2 0 2 7 0 2 7 0 2 4 0 2 7 0 2 7 8 9 2 0 2 7 8 9 2 0 2 7 0 2 7 1 2 7 5 30 3 12 16 2 16 15 2 17 18 2 1 2 7 0 2 7 1 2 7 0 20.8408946990966797

Current Evaluation = 1080(1080)
Front Size = 10
0 2 7 5 30 3 5 31 3 0 2 7 0 2 7 1 2 7 17 9 2 0 2 7 1 2 7 0 2 7 1 2 7 1 2 7 1 2 7 12 16 2 13 6 3 0 2 7 0 2 7 0 2 7 17 9 2 0 2 7 0 20.2646257877349854
0 2 3 1 2 11 0 2 7 16 9 8 0 2 3 5 31 3 0 2 8 12 16 2 0 2 8 12 16 2 0 2 3 0 2 3 5 30 3 0 2 7 16 18 8 1 2 7 1 2 7 0 2 7 0 2 3 1 2 7 0 21.9972188472747803
0 2 7 0 2 7 17 18 2 5 30 3 0 2 7 1 2 7 1 2 11 1 2 3 12 16 2 0 2 7 0 2 4 0 2 7 5 30 3 12 16 2 12 16 2 16 6 2 0 2 7 0 2 7 13 6 3 8 9 2 0 20.6301085948944092
1 2 7 1 2 7 0 2 4 0 2 7 0 2 4 0 2 7 1 2 7 0 2 11 0 2 7 1 2 7 0 2 7 1 2 7 17 9 2 1 2 4 5 31 3 0 2 10 17 18 2 0 2 11 0 2 7 5 30 3 0 20.601667046546936
5 30 3 12 16 2 5 30 3 0 2 8 0 2 8 5 30 3 1 2 8 0 2 8 0 2 3 16 19 13 8 9 2 16 19 12 0 2 3 0 2 8 0 2 8 0 2 8 0 2 3 0 2 7 0 2 3 0 2 8 1.34547003131860888e-05 23.0371602773666382
5 30 3 12 16 2 0 2 3 0 2 7 0 2 3 0 2 7 0 2 7 0 2 3 0 2 7 0 2 3 0 2 3 5 30 3 1 2 7 5 30 3 0 2 11 16 19 11 1 2 3 16 19 11 0 2 11 0 2 3 0 22.152154803276062
0 2 7 0 2 7 1 2 7 0 2 3 5 30 3 0 2 3 5 30 3 0 2 3 1 2 7 0 2 7 1 2 7 17 18 2 0 2 7 0 2 3 1 2 11 0 2 7 16 31 2 1 2 7 0 2 7 1 2 7 0 20.6688988208770752
0 2 7 5 30 3 5 30 3 0 2 7 0 2 7 0 2 11 17 9 2 15 2 11 12 16 2 13 6 3 6 2 11 1 2 11 0 2 7 12 16 2 1 2 4 0 2 7 1 2 11 0 2 7 17 9 2 0 2 7 0 20.8176347017288208
1 2 6 5 30 3 0 2 4 1 2 7 0 2 3 12 16 2 0 2 7 1 2 7 5 31 3 0 2 7 0 2 7 16 6 2 0 2 11 12 16 2 0 2 7 0 2 7 12 16 2 16 31 2 0 2 7 1 2 7 0 20.9498847723007202
5 30 3 12 16 2 5 30 3 5 31 3 0 2 7 0 2 3 0 2 7 1 2 11 0 2 7 16 19 11 0 2 11 12 16 2 0 2 7 6 2 7 0 2 7 0 2 7 0 2 3 16 19 11 0 2 7 0 2 11 0 21.9761247038841248

Current Evaluation = 1260(1260)
Front Size = 10
0 2 7 0 2 7 1 2 7 0 2 7 0 2 7 17 9 2 0 2 7 5 30 3 0 2 7 17 9 2 12 16 2 13 6 3 1 2 7 0 2 7 1 2 7 5 31 3 0 2 7 1 2 7 1 2 7 0 2 7 0 20.2646257877349854
5 30 3 12 16 2 5 30 3 0 2 8 0 2 8 5 30 3 1 2 8 0 2 8 0 2 3 16 19 13 8 9 2 16 19 12 0 2 3 0 2 8 0 2 8 0 2 8 0 2 3 0 2 7 0 2 3 0 2 8 1.34547003131860888e-05 23.0371602773666382
16 18 11 15 2 11 0 2 3 1 2 7 0 2 3 0 2 11 5 30 3 0 2 3 12 16 2 12 16 2 16 6 2 1 2 3 0 2 7 0 2 3 0 2 7 0 2 3 5 30 3 1 2 7 0 2 3 0 2 11 0 21.6585199236869812
0 2 8 0 2 7 16 19 11 0 2 7 0 2 7 0 2 7 5 31 3 6 2 7 12 16 2 0 2 13 5 30 3 16 6 2 12 16 2 6 2 7 5 31 3 0 2 7 0 2 7 0 2 7 0 2 11 0 2 7 0 21.5548468828201294
0 2 7 0 2 7 5 30 3 1 2 7 0 2 4 12 16 2 1 2 7 0 2 3 5 30 3 12 16 2 0 2 7 0 2 7 13 6 3 17 18 2 0 2 4 1 2 7 0 2 7 1 2 7 16 31 2 12 16 2 0 20.4516056776046753
1 2 4 5 30 3 0 2 7 17 18 2 1 2 4 0 2 7 0 2 7 5 31 3 0 2 7 0 2 7 0 2 7 0 2 7 12 16 2 12 16 2 13 6 3 16 30 2 1 2 3 12 16 2 0 2 7 1 2 7 0 20.4516057968139648
0 2 7 5 30 3 0 2 7 0 2 7 0 2 7 0 2 7 0 2 3 1 2 7 1 2 7 1 2 7 17 18 2 0 2 3 5 31 3 17 18 2 1 2 7 1 2 4 1 2 7 0 2 7 0 2 4 0 2 7 0 20.5684669017791748
0 2 7 5 30 3 5 30 3 0 2 7 0 2 7 0 2 11 17 9 2 15 2 11 12 16 2 13 6 3 6 2 11 1 2 11 0 2 7 12 16 2 1 2 4 0 2 7 1 2 11 0 2 7 17 9 2 0 2 7 0 20.8176347017288208
1 2 1 5 30 3 0 2 7 0 2 7 1 2 7 0 2 7 0 2 7 0 2 7 0 2 7 12 16 2 12 16 2 13 6 3 17 18 2 8 18 2 5 30 3 0 2 7 1 2 7 17 9 2 0 2 7 1 2 11 0 20.730549693107605
0 2 7 0 2 7 1 2 7 0 2 7 5 30 3 1 2 11 1 2 3 5 30 3 1 2 7 0 2 7 0 2 7 0 2 7 16 19 11 5 31 3 0 2 7 0 2 7 6 2 3 0 2 7 17 18 2 0 2 7 0 21.1076136827468872

Current Evaluation = 1440(1440)
Front Size = 10
0 2 7 0 2 7 12 16 2 1 2 7 5 31 3 0 2 7 0 2 7 0 2 7 0 2 7 1 2 7 13 6 3 17 9 2 5 30 3 1 2 7 1 2 7 0 2 7 1 2 7 0 2 7 0 2 7 17 18 2 0 20.2646257877349854
0 2 7 1 2 3 12 16 2 1 2 4 5 30 3 0 2 7 13 6 3 0 2 7 12 16 2 0 2 7 17 9 2 1 2 4 12 16 2 0 2 7 1 2 7 0 2 7 0 2 7 16 31 2 5 30 3 0 2 7 0 20.4516056776046753
0 2 4 0 2 7 12 16 2 0 2 7 5 30 3 1 2 3 0 2 4 16 30 2 5 31 3 0 2 7 13 6 3 1 2 7 12 16 2 0 2 7 17 9 2 1 2 7 12 16 2 0 2 7 0 2 7 1 2 7 0 20.4516057968139648
0 2 11 0 2 7 5 31 3 0 2 8 12 16 2 1 2 7 5 30 3 0 2 7 0 2 7 16 6 2 5 30 3 0 2 7 1 2 3 13 6 3 17 18 2 0 2 7 0 2 12 0 2 12 0 2 8 12 16 2 0 21.344931960105896
0 2 7 5 30 3 5 30 3 0 2 7 0 2 7 0 2 11 17 9 2 15 2 11 12 16 2 13 6 3 6 2 11 1 2 11 0 2 7 12 16 2 1 2 4 0 2 7 1 2 11 0 2 7 17 9 2 0 2 7 0 20.8176347017288208
0 2 8 0 2 7 16 19 11 0 2 7 0 2 7 0 2 7 5 31 3 6 2 7 12 16 2 0 2 13 5 30 3 16 6 2 12 16 2 6 2 7 5 31 3 0 2 7 0 2 7 0 2 7 0 2 11 0 2 7 0 21.5548468828201294
5 30 3 12 16 2 5 30 3 0 2 8 0 2 8 5 30 3 1 2 8 0 2 8 0 2 3 16 19 13 8 9 2 16 19 12 0 2 3 0 2 8 0 2 8 0 2 8 0 2 3 0 2 7 0 2 3 0 2 8 1.34547003131860888e-05 23.0371602773666382
0 2 3 0 2 7 12 16 2 5 30 3 16 19 11 0 2 7 0 2 7 0 2 7 5 31 3 0 2 7 0 2 11 16 19 11 12 16 2 0 2 7 1 2 11 5 30 3 0 2 11 0 2 7 0 2 7 0 2 7 0 21.9703836441040039
0 2 7 0 2 7 12 16 2 1 2 7 5 30 3 0 2 7 0 2 7 1 2 7 0 2 7 1 2 7 13 6 3 17 9 2 0 2 11 12 16 2 16 6 2 8 18 2 1 2 7 0 2 3 5 30 3 0 2 4 0.000162093734846104412 20.4117587804794312
0 2 7 0 2 7 1 2 7 0 2 7 1 2 7 1 2 7 5 30 3 5 31 3 0 2 7 12 16 2 0 2 7 17 9 2 0 2 7 1 2 4 0 2 7 0 2 11 0 2 4 0 2 3 0 2 10 16 30 2 0.00115236035230872934 20.671800971031189

Current Evaluation = 1620(1620)
Front Size = 10
0 2 7 0 2 7 0 2 7 1 2 7 12 16 2 0 2 7 0 2 7 0 2 7 0 2 7 0 2 7 0 2 7 5 30 3 17 18 2 1 2 7 5 31 3 1 2 7 1 2 7 17 9 2 1 2 7 13 6 3 0 20.2646257877349854
0 2 7 5 30 3 5 31 3 0 2 7 0 2 7 1 2 7 17 9 2 0 2 4 12 16 2 13 6 3 1 2 7 6 2 7 1 2 4 12 16 2 1 2 7 0 2 7 0 2 7 0 2 7 17 9 2 0 2 7 0 20.3487167954444885
0 2 11 0 2 7 5 31 3 0 2 8 12 16 2 1 2 7 5 30 3 0 2 7 0 2 7 16 6 2 5 30 3 0 2 7 1 2 3 13 6 3 17 18 2 0 2 7 0 2 12 0 2 12 0 2 8 12 16 2 0 21.344931960105896
0 2 7 1 2 3 12 16 2 1 2 4 5 30 3 0 2 7 13 6 3 0 2 7 12 16 2 0 2 7 17 9 2 1 2 4 12 16 2 0 2 7 1 2 7 0 2 7 0 2 7 16 31 2 5 30 3 0 2 7 0 20.4516056776046753
1 2 7 1 2 3 12 16 2 0 2 3 5 31 3 0 2 7 1 2 3 16 6 2 0 2 7 0 2 4 0 2 7 12 16 2 0 2 3 0 2 7 0 2 7 0 2 3 0 2 4 1 2 3 5 30 3 16 19 11 0 21.3634347915649414
0 2 7 0 2 7 6 2 7 1 2 7 0 2 7 1 2 4 0 2 7 0 2 7 0 2 7 0 2 7 0 2 7 5 31 3 1 2 4 5 31 3 1 2 7 12 16 2 0 2 7 17 9 2 16 6 2 0 2 7 0 20.4595978856086731
1 2 7 0 2 7 0 2 7 12 16 2 0 2 7 0 2 7 0 2 7 1 2 7 1 2 11 0 2 7 0 2 3 12 16 2 5 30 3 0 2 4 16 6 2 17 9 2 13 6 3 8 9 2 5 30 3 12 16 2 0 20.6301085948944092
12 16 2 0 2 7 0 2 7 0 2 7 12 16 2 1 2 7 0 2 7 5 30 3 17 18 2 16 30 2 5 31 3 1 2 7 0 2 3 12 16 2 0 2 7 13 6 3 0 2 7 1 2 4 0 2 11 6 2 7 0 20.547498881816864
0 2 7 0 2 7 0 2 7 1 2 7 12 16 2 0 2 7 15 2 11 0 2 7 1 2 4 0 2 7 0 2 7 0 2 7 0 2 4 0 2 7 5 30 3 17 18 2 16 6 2 1 2 7 5 31 3 1 2 3 0 20.6338227987289429
5 31 3 0 2 7 5 31 3 0 2 7 1 2 7 12 16 2 0 2 7 16 6 2 0 2 7 0 2 7 16 30 2 0 2 7 0 2 7 1 2 3 0 2 3 1 2 7 1 2 7 0 2 7 0 2 7 12 16 2 0 20.7024868726730347

Current Evaluation = 1800(1800)
Front Size = 10
1 2 7 0 2 7 5 30 3 0 2 7 0 2 7 0 2 7 12 16 2 0 2 7 0 2 7 0 2 7 1 2 7 0 2 7 1 2 7 13 6 3 17 9 2 1 2 7 1 2 7 17 9 2 5 31 3 0 2 7 0 20.2646257877349854
12 16 2 0 2 7 0 2 7 0 2 7 12 16 2 1 2 7 0 2 7 5 30 3 17 18 2 16 30 2 5 31 3 1 2 7 0 2 3 12 16 2 0 2 7 13 6 3 0 2 7 1 2 4 0 2 11 6 2 7 0 20.547498881816864
1 2 11 12 16 2 0 2 7 5 30 3 0 2 7 13 6 3 0 2 7 12 16 2 0 2 7 17 9 2 0 2 7 12 16 2 0 2 7 0 2 4 1 2 7 1 2 7 12 16 2 17 9 2 13 6 3 1 2 11 0 20.3046585321426392
12 16 2 0 2 7 0 2 4 1 2 7 12 16 2 1 2 7 0 2 4 5 30 3 5 31 3 6 2 7 0 2 7 13 6 3 0 2 7 1 2 7 0 2 7 17 18 2 17 18 2 0 2 7 1 2 7 0 2 7 0 20.3487167954444885
0 2 7 1 2 3 12 16 2 1 2 4 5 30 3 0 2 7 13 6 3 0 2 7 12 16 2 0 2 7 17 9 2 1 2 4 12 16 2 0 2 7 1 2 7 0 2 7 0 2 7 16 31 2 5 30 3 0 2 7 0 20.4516056776046753
0 2 7 0 2 7 6 2 7 1 2 7 0 2 7 1 2 4 0 2 7 0 2 7 0 2 7 0 2 7 0 2 7 5 31 3 1 2 4 5 31 3 1 2 7 12 16 2 0 2 7 17 9 2 16 6 2 0 2 7 0 20.4595978856086731
12 16 2 0 2 7 0 2 7 0 2 4 1 2 3 16 31 2 0 2 7 0 2 7 1 2 11 5 30 3 0 2 3 1 2 4 0 2 7 0 2 7 17 18 2 0 2 10 0 2 7 5 30 3 1 2 7 1 2 3 0 20.8012487888336182
0 2 11 0 2 7 5 31 3 0 2 8 12 16 2 1 2 7 5 30 3 0 2 7 0 2 7 16 6 2 5 30 3 0 2 7 1 2 3 13 6 3 17 18 2 0 2 7 0 2 12 0 2 12 0 2 8 12 16 2 0 21.344931960105896
0 2 3 5 30 3 12 16 2 0 2 7 5 30 3 0 2 7 1 2 10 0 2 7 16 31 2 8 18 2 0 2 3 12 16 2 0 2 7 12 16 2 16 6 2 1 2 11 1 2 7 0 2 7 0 2 7 0 2 4 0 21.0074106454849243
1 2 1 12 16 2 1 2 4 5 30 3 0 2 4 0 2 4 0 2 7 12 16 2 1 2 4 0 2 7 1 2 7 0 2 7 0 2 7 8 9 2 12 16 2 0 2 7 12 16 2 17 9 2 13 6 3 17 9 2 0 20.6559027433395386

Current Evaluation = 1980(1980)
Front Size = 10
1 2 7 0 2 7 0 2 7 12 16 2 17 9 2 1 2 7 0 2 7 0 2 7 0 2 7 13 6 3 0 2 7 5 31 3 0 2 7 1 2 7 1 2 7 5 30 3 0 2 7 17 9 2 1 2 7 0 2 7 0 20.2646257877349854
0 2 11 0 2 7 5 31 3 0 2 8 12 16 2 1 2 7 5 30 3 0 2 7 0 2 7 16 6 2 5 30 3 0 2 7 1 2 3 13 6 3 17 18 2 0 2 7 0 2 12 0 2 12 0 2 8 12 16 2 0 21.344931960105896
12 16 2 0 2 7 0 2 4 12 16 2 17 9 2 12 16 2 1 2 7 0 2 7 0 2 7 1 2 7 12 16 2 13 6 3 0 2 7 5 30 3 0 2 7 0 2 7 1 2 11 17 9 2 1 2 11 13 6 3 0 20.3046585321426392
0 2 7 1 2 3 12 16 2 1 2 4 5 30 3 0 2 7 13 6 3 0 2 7 12 16 2 0 2 7 17 9 2 1 2 4 12 16 2 0 2 7 1 2 7 0 2 7 0 2 7 16 31 2 5 30 3 0 2 7 0 20.4516056776046753
0 2 7 12 16 2 1 2 7 5 31 3 1 2 7 0 2 4 0 2 4 12 16 2 1 2 7 0 2 1 0 2 7 1 2 4 0 2 4 1 2 7 12 16 2 0 2 4 12 16 2 17 9 2 13 6 3 17 9 2 0 20.6123768091201782
1 2 7 0 2 7 6 2 7 12 16 2 17 9 2 1 2 7 0 2 7 0 2 7 0 2 7 13 6 3 0 2 7 5 31 3 0 2 7 0 2 7 17 18 2 5 30 3 12 16 2 1 2 4 1 2 4 0 2 7 0 20.3487167954444885
0 2 7 1 2 7 5 31 3 0 2 7 13 6 3 1 2 7 12 16 2 1 2 7 0 2 4 12 16 2 0 2 3 0 2 7 16 30 2 0 2 4 17 9 2 1 2 7 12 16 2 0 2 7 5 30 3 0 2 7 0 20.4516057968139648
0 2 7 0 2 7 6 2 7 1 2 7 0 2 7 1 2 4 0 2 7 0 2 7 0 2 7 0 2 7 0 2 7 5 31 3 1 2 4 5 31 3 1 2 7 12 16 2 0 2 7 17 9 2 16 6 2 0 2 7 0 20.4595978856086731
12 16 2 0 2 7 0 2 7 0 2 7 12 16 2 1 2 7 0 2 7 5 30 3 17 18 2 16 30 2 5 31 3 1 2 7 0 2 3 12 16 2 0 2 7 13 6 3 0 2 7 1 2 4 0 2 11 6 2 7 0 20.547498881816864
12 16 2 1 2 7 0 2 7 17 9 2 12 16 2 0 2 7 0 2 7 13 6 3 0 2 7 5 30 3 0 2 7 0 2 7 0 2 7 5 31 3 1 2 7 1 2 7 1 2 4 17 9 2 5 30 3 0 2 4 0.0295135210210570043 20.6336187124252319

Current Evaluation = 2160(2160)
Front Size = 10
1 2 7 0 2 7 0 2 7 0 2 7 0 2 7 0 2 7 0 2 7 17 9 2 13 6 3 5 31 3 0 2 7 1 2 7 0 2 7 1 2 7 5 30 3 17 9 2 1 2 7 1 2 7 0 2 7 12 16 2 0 20.2646257877349854
0 2 7 12 16 2 1 2 7 5 31 3 1 2 7 0 2 4 0 2 4 12 16 2 1 2 7 0 2 1 0 2 7 1 2 4 0 2 4 1 2 7 12 16 2 0 2 4 12 16 2 17 9 2 13 6 3 17 9 2 0 20.6123768091201782
12 16 2 0 2 7 0 2 7 12 16 2 17 9 2 12 16 2 1 2 7 0 2 7 1 2 7 12 16 2 13 6 3 17 9 2 0 2 7 0 2 4 5 30 3 0 2 7 0 2 7 1 2 11 1 2 11 13 6 3 0 20.3046585321426392
12 16 2 1 2 7 12 16 2 12 16 2 0 2 7 0 2 7 5 31 3 0 2 7 0 2 3 0 2 7 8 9 2 0 2 7 5 30 3 0 2 10 16 6 2 1 2 7 1 2 4 16 30 2 0 2 3 0 2 11 0 21.0074108839035034
1 2 7 0 2 7 0 2 7 0 2 7 0 2 7 0 2 7 12 16 2 17 9 2 13 6 3 5 31 3 0 2 7 0 2 4 6 2 7 1 2 7 0 2 7 1 2 7 5 30 3 1 2 4 12 16 2 17 9 2 0 20.3487167954444885
0 2 7 1 2 3 12 16 2 1 2 4 5 30 3 0 2 7 13 6 3 0 2 7 12 16 2 0 2 7 17 9 2 1 2 4 12 16 2 0 2 7 1 2 7 0 2 7 0 2 7 16 31 2 5 30 3 0 2 7 0 20.4516056776046753
0 2 7 0 2 7 6 2 7 1 2 7 0 2 7 1 2 4 0 2 7 0 2 7 0 2 7 0 2 7 0 2 7 5 31 3 1 2 4 5 31 3 1 2 7 12 16 2 0 2 7 17 9 2 16 6 2 0 2 7 0 20.4595978856086731
12 16 2 0 2 4 1 2 7 1 2 7 12 16 2 1 2 3 0 2 7 5 30 3 16 30 2 5 31 3 0 2 7 0 2 4 12 16 2 0 2 7 13 6 3 17 18 2 1 2 7 0 2 7 0 2 7 0 2 7 0 20.4516057968139648
12 16 2 0 2 7 1 2 7 1 2 11 12 16 2 1 2 4 0 2 7 5 30 3 16 30 2 5 31 3 0 2 7 6 2 3 12 16 2 0 2 7 13 6 3 17 18 2 0 2 7 0 2 7 0 2 7 0 2 7 0 20.5474987030029297
0 2 7 12 16 2 5 30 3 0 2 7 13 6 3 0 2 7 1 2 7 0 2 7 0 2 7 0 2 3 5 31 3 6 2 7 0 2 7 17 18 2 12 16 2 16 24 2 1 2 7 12 16 2 0 2 7 1 2 7 0 20.5451107621192932

Current Evaluation = 2340(2340)
Front Size = 10
1 2 7 0 2 7 0 2 7 17 9 2 1 2 7 13 6 3 17 9 2 0 2 7 1 2 7 5 30 3 0 2 7 0 2 7 0 2 7 12 16 2 1 2 7 0 2 7 5 31 3 0 2 7 1 2 7 0 2 7 0 20.2646257877349854
12 16 2 1 2 7 12 16 2 12 16 2 0 2 7 0 2 7 5 31 3 1 2 7 1 2 4 0 2 1 0 2 3 17 9 2 8 9 2 0 2 7 5 30 3 0 2 10 16 6 2 16 30 2 0 2 3 0 2 4 0.0817525160274532176 20.9802578687667847
12 16 2 0 2 7 0 2 7 1 2 11 1 2 7 13 6 3 0 2 4 12 16 2 13 6 3 1 2 7 1 2 11 0 2 7 12 16 2 0 2 7 0 2 7 5 30 3 17 18 2 0 2 7 17 9 2 12 16 2 0 20.3046585321426392
0 2 7 12 16 2 0 2 7 0 2 7 0 2 7 17 9 2 0 2 7 1 2 7 5 30 3 13 6 3 12 16 2 12 16 2 16 31 2 5 30 3 1 2 4 1 2 4 0 2 7 0 2 7 0 2 7 1 2 3 0 20.4516056776046753
12 16 2 17 9 2 12 16 2 12 16 2 0 2 7 0 2 7 5 30 3 13 6 3 1 2 7 0 2 7 0 2 4 1 2 7 13 6 3 0 2 11 12 16 2 1 2 7 0 2 11 1 2 7 17 9 2 0 2 7 0 20.3046587705612183
0 2 7 0 2 7 6 2 7 1 2 7 0 2 7 1 2 4 0 2 7 0 2 7 0 2 7 0 2 7 0 2 7 5 31 3 1 2 4 5 31 3 1 2 7 12 16 2 0 2 7 17 9 2 16 6 2 0 2 7 0 20.4595978856086731
0 2 7 12 16 2 0 2 7 0 2 7 0 2 7 17 9 2 0 2 7 1 2 7 5 30 3 13 6 3 12 16 2 12 16 2 16 31 2 5 30 3 0 2 4 0 2 3 1 2 7 1 2 7 0 2 4 1 2 7 0 20.4516056776046753
12 16 2 0 2 7 0 2 7 1 2 7 0 2 4 13 6 3 0 2 7 5 30 3 0 2 4 0 2 7 0 2 7 0 2 7 5 31 3 17 9 2 6 2 7 1 2 7 1 2 7 17 9 2 1 2 7 12 16 2 0 20.3487167954444885
1 2 7 16 30 2 1 2 7 0 2 3 1 2 4 0 2 7 0 2 7 0 2 7 1 2 7 0 2 7 5 31 3 12 16 2 0 2 7 17 18 2 13 6 3 12 16 2 0 2 7 0 2 4 5 30 3 12 16 2 0 20.4516057968139648
12 16 2 0 2 7 0 2 7 12 16 2 0 2 7 5 30 3 12 16 2 13 6 3 0 2 7 1 2 7 0 2 3 0 2 4 0 2 7 1 2 7 0 2 10 0 2 11 16 31 2 17 18 2 6 2 7 12 16 2 0.0199701668185434771 20.6292057633399963

Current Evaluation = 2520(2520)
Front Size = 10
0 2 7 12 16 2 0 2 7 0 2 7 0 2 7 17 9 2 0 2 7 1 2 7 5 30 3 13 6 3 1 2 7 1 2 7 1 2 7 0 2 7 0 2 7 1 2 7 5 31 3 17 9 2 0 2 7 0 2 7 0 20.2646257877349854
12 16 2 17 18 2 12 16 2 1 2 7 0 2 7 1 2 4 13 6 3 17 18 2 0 2 7 0 2 7 0 2 7 1 2 11 5 30 3 1 2 11 12 16 2 0 2 7 13 6 3 12 16 2 0 2 7 0 2 7 0 20.3046585321426392
0 2 7 12 16 2 0 2 7 0 2 7 0 2 7 17 9 2 0 2 7 1 2 7 5 30 3 13 6 3 1 2 7 1 2 7 1 2 7 0 2 4 0 2 3 12 16 2 12 16 2 0 2 4 5 30 3 16 31 2 0 20.4516056776046753
0 2 7 12 16 2 0 2 7 0 2 7 0 2 7 17 9 2 0 2 7 1 2 7 5 30 3 13 6 3 12 16 2 12 16 2 16 31 2 5 30 3 1 2 4 1 2 4 0 2 7 0 2 7 0 2 7 1 2 3 0 20.4516056776046753
12 16 2 17 9 2 12 16 2 12 16 2 0 2 7 0 2 7 5 30 3 13 6 3 1 2 7 0 2 7 0 2 4 1 2 7 13 6 3 0 2 7 12 16 2 1 2 11 0 2 11 0 2 7 17 9 2 1 2 7 0 20.3046586513519287
12 16 2 1 2 7 12 16 2 12 16 2 0 2 7 0 2 7 5 31 3 1 2 7 1 2 4 0 2 1 0 2 3 17 9 2 8 9 2 0 2 7 5 30 3 0 2 10 16 6 2 16 30 2 0 2 3 0 2 4 0.0817525160274532176 20.9802578687667847
12 16 2 1 2 11 0 2 7 5 30 3 13 6 3 0 2 7 0 2 7 1 2 7 0 2 7 1 2 11 0 2 4 17 9 2 1 2 7 12 16 2 0 2 7 13 6 3 12 16 2 17 18 2 0 2 7 12 16 2 0 20.3046585321426392
1 2 7 0 2 7 0 2 7 0 2 7 1 2 7 0 2 7 5 31 3 12 16 2 0 2 7 13 6 3 0 2 4 5 30 3 1 2 7 0 2 7 17 9 2 0 2 4 17 18 2 12 16 2 1 2 7 6 2 7 0 20.3487167954444885
0 2 7 0 2 7 6 2 7 1 2 7 0 2 7 1 2 4 0 2 7 0 2 7 0 2 7 0 2 7 0 2 7 5 31 3 1 2 4 5 31 3 1 2 7 12 16 2 0 2 7 17 9 2 16 6 2 0 2 7 0 20.4595978856086731
12 16 2 0 2 7 12 16 2 12 16 2 0 2 3 0 2 7 0 2 7 0 2 7 5 30 3 0 2 7 0 2 7 5 30 3 0 2 7 1 2 7 1 2 7 0 2 3 1 2 7 16 6 2 8 9 2 8 18 2 0 21.1685056686401367

Current Evaluation = 2700(2700)
Front Size = 10
12 16 2 1 2 7 0 2 7 13 6 3 0 2 7 0 2 7 0 2 7 5 30 3 0 2 7 0 2 7 0 2 7 17 18 2 1 2 7 0 2 7 0 2 7 17 18 2 1 2 7 1 2 7 5 31 3 1 2 7 0 20.2646257877349854
0 2 7 12 16 2 0 2 7 0 2 7 0 2 7 17 9 2 0 2 7 1 2 7 5 30 3 13 6 3 12 16 2 0 2 7 12 16 2 16 31 2 5 30 3 1 2 4 1 2 4 0 2 4 6 2 7 1 2 3 0.00289629343996820453 20.3373467326164246
12 16 2 17 18 2 12 16 2 1 2 7 0 2 7 1 2 4 13 6 3 17 18 2 0 2 7 0 2 7 0 2 7 1 2 11 5 30 3 1 2 11 12 16 2 0 2 7 13 6 3 12 16 2 0 2 7 0 2 7 0 20.3046585321426392
0 2 4 12 16 2 0 2 7 0 2 7 0 2 7 17 9 2 0 2 7 5 30 3 13 6 3 1 2 7 1 2 7 1 2 7 1 2 7 0 2 7 6 2 7 0 2 4 5 31 3 17 9 2 12 16 2 0 2 7 0 20.3487167954444885
0 2 7 12 16 2 0 2 7 0 2 7 0 2 7 0 2 7 1 2 7 5 31 3 1 2 11 1 2 7 0 2 7 0 2 7 5 31 3 0 2 7 16 6 2 8 9 2 16 30 2 12 16 2 0 2 7 12 16 2 0 20.8736897706985474
12 16 2 17 9 2 12 16 2 12 16 2 0 2 7 0 2 7 5 30 3 13 6 3 1 2 7 0 2 7 0 2 4 1 2 7 13 6 3 0 2 7 12 16 2 1 2 11 0 2 7 0 2 11 17 18 2 1 2 7 0 20.3046586513519287
12 16 2 17 9 2 12 16 2 0 2 7 0 2 7 5 30 3 13 6 3 1 2 7 0 2 7 1 2 11 0 2 7 0 2 7 0 2 7 17 9 2 0 2 4 12 16 2 13 6 3 12 16 2 1 2 7 1 2 11 0 20.3046585321426392
12 16 2 1 2 7 0 2 7 13 6 3 0 2 7 0 2 7 0 2 7 5 30 3 0 2 7 0 2 7 0 2 7 17 18 2 12 16 2 1 2 7 1 2 7 0 2 4 1 2 4 6 2 7 12 16 2 17 9 2 0.00361410196363161048 20.2055926918983459
1 2 7 12 16 2 0 2 7 0 2 4 0 2 3 1 2 7 0 2 7 0 2 7 0 2 4 17 9 2 5 30 3 13 6 3 12 16 2 0 2 7 0 2 7 1 2 7 1 2 7 5 31 3 12 16 2 16 30 2 0 20.4516057968139648
12 16 2 1 2 7 0 2 7 13 6 3 0 2 7 0 2 7 0 2 7 5 30 3 0 2 7 0 2 7 0 2 7 17 18 2 12 16 2 1 2 7 17 18 2 1 2 11 1 2 11 12 16 2 1 2 7 1 2 7 0.000679176877519906109 20.3979475498199463

Current Evaluation = 2880(2880)
Front Size = 10
5 31 3 17 18 2 12 16 2 1 2 7 0 2 7 1 2 7 0 2 7 0 2 7 0 2 7 0 2 7 5 30 3 0 2 7 1 2 7 1 2 7 13 6 3 0 2 7 0 2 7 17 9 2 1 2 7 0 2 7 0 20.2646257877349854
12 16 2 17 18 2 12 16 2 1 2 7 0 2 7 1 2 4 13 6 3 17 18 2 0 2 7 0 2 7 0 2 7 1 2 11 5 30 3 1 2 11 12 16 2 0 2 7 13 6 3 12 16 2 0 2 7 0 2 7 0 20.3046585321426392
12 16 2 17 9 2 12 16 2 12 16 2 0 2 7 0 2 7 5 30 3 13 6 3 1 2 7 0 2 7 0 2 4 1 2 7 13 6 3 0 2 7 12 16 2 1 2 11 0 2 7 0 2 11 17 18 2 1 2 7 0 20.3046586513519287
0 2 7 12 16 2 0 2 7 0 2 7 0 2 7 0 2 7 1 2 7 5 31 3 1 2 11 1 2 7 0 2 7 0 2 7 5 31 3 0 2 7 16 6 2 8 9 2 16 30 2 12 16 2 0 2 7 12 16 2 0 20.8736897706985474
0 2 4 1 2 7 13 6 3 1 2 7 0 2 7 5 30 3 0 2 7 0 2 7 0 2 7 17 9 2 0 2 7 12 16 2 12 16 2 0 2 7 1 2 11 12 16 2 1 2 11 17 9 2 13 6 3 12 16 2 0 20.3046585321426392
5 31 3 17 18 2 12 16 2 1 2 7 0 2 7 1 2 4 0 2 7 0 2 4 0 2 7 0 2 7 5 30 3 0 2 7 1 2 7 6 2 7 13 6 3 0 2 7 12 16 2 17 18 2 1 2 7 0 2 7 0 20.3487167954444885
0 2 4 1 2 7 0 2 4 13 6 3 1 2 7 0 2 7 1 2 7 5 30 3 0 2 7 0 2 7 0 2 7 17 9 2 5 31 3 0 2 7 1 2 7 6 2 7 12 16 2 12 16 2 0 2 7 17 18 2 0 20.3487167954444885
1 2 7 12 16 2 0 2 7 0 2 4 1 2 7 0 2 7 0 2 7 0 2 4 17 9 2 5 30 3 13 6 3 12 16 2 0 2 7 0 2 7 1 2 7 1 2 7 5 31 3 0 2 3 12 16 2 16 30 2 0 20.4516057968139648
12 16 2 12 16 2 0 2 7 0 2 7 5 30 3 13 6 3 1 2 4 0 2 4 1 2 4 0 2 7 0 2 4 0 2 1 12 16 2 12 16 2 1 2 7 1 2 7 8 9 2 0 2 7 17 9 2 17 18 2 0 20.6559027433395386
12 16 2 0 2 7 0 2 7 5 30 3 13 6 3 1 2 7 0 2 7 1 2 7 0 2 7 0 2 7 17 18 2 1 2 7 5 31 3 12 16 2 12 16 2 0 2 7 13 6 3 12 16 2 1 2 7 0 2 7 0.000595727184487265305 20.5189336538314819

Current Evaluation = 3060(3060)
Front Size = 10
12 16 2 1 2 7 0 2 7 1 2 7 0 2 7 0 2 7 0 2 7 5 30 3 0 2 7 13 6 3 0 2 7 1 2 7 0 2 7 5 31 3 17 9 2 1 2 7 1 2 7 0 2 7 17 18 2 0 2 7 0 20.2646257877349854
0 2 7 13 6 3 0 2 7 5 30 3 0 2 7 1 2 4 0 2 7 0 2 7 12 16 2 12 16 2 17 9 2 12 16 2 1 2 11 1 2 11 12 16 2 1 2 7 13 6 3 0 2 7 17 9 2 0 2 7 0 20.3046585321426392
1 2 7 13 6 3 0 2 7 5 30 3 0 2 7 0 2 7 0 2 7 0 2 7 12 16 2 12 16 2 0 2 7 1 2 11 12 16 2 1 2 11 13 6 3 12 16 2 17 18 2 0 2 7 1 2 4 17 18 2 0 20.3046585321426392
0 2 7 13 6 3 0 2 4 5 30 3 0 2 7 0 2 7 0 2 7 0 2 7 12 16 2 12 16 2 0 2 11 17 9 2 12 16 2 1 2 11 1 2 7 12 16 2 1 2 7 13 6 3 1 2 7 17 18 2 0 20.3046586513519287
0 2 7 12 16 2 0 2 7 0 2 7 0 2 7 0 2 7 1 2 7 5 31 3 1 2 11 1 2 7 0 2 7 0 2 7 5 31 3 0 2 7 16 6 2 8 9 2 16 30 2 12 16 2 0 2 7 12 16 2 0 20.8736897706985474
5 31 3 17 18 2 12 16 2 1 2 7 0 2 7 1 2 4 0 2 7 0 2 4 0 2 7 0 2 7 5 30 3 0 2 7 1 2 7 6 2 7 13 6 3 0 2 7 12 16 2 17 18 2 1 2 7 0 2 7 0 20.3487167954444885
12 16 2 1 2 7 0 2 7 1 2 4 0 2 7 0 2 7 0 2 7 5 30 3 0 2 7 13 6 3 0 2 7 12 16 2 0 2 7 12 16 2 17 18 2 0 2 4 16 6 2 5 30 3 8 9 2 0 2 3 0.0013023101744861639 20.5810606479644775
1 2 7 0 2 7 13 6 3 1 2 7 6 2 7 5 30 3 0 2 7 0 2 7 0 2 4 17 9 2 1 2 7 0 2 7 12 16 2 0 2 4 0 2 7 5 31 3 12 16 2 17 9 2 0 2 7 1 2 7 0 20.3487167954444885
0 2 7 13 6 3 0 2 7 5 30 3 0 2 7 0 2 7 0 2 7 12 16 2 12 16 2 17 9 2 12 16 2 1 2 11 12 16 2 1 2 7 13 6 3 1 2 11 0 2 7 1 2 7 17 9 2 0 2 4 0 20.3046585321426392
12 16 2 1 2 7 0 2 7 1 2 7 1 2 7 0 2 7 0 2 7 5 30 3 0 2 7 13 6 3 0 2 7 1 2 7 0 2 7 5 31 3 17 18 2 12 16 2 0 2 4 17 18 2 6 2 4 0 2 7 0 20.3487167954444885

Current Evaluation = 3240(3240)
Front Size = 10
13 6 3 5 30 3 17 9 2 0 2 7 0 2 7 12 16 2 1 2 7 1 2 7 0 2 7 1 2 7 0 2 7 0 2 7 1 2 7 0 2 7 5 31 3 0 2 7 0 2 7 0 2 7 1 2 7 17 18 2 0 20.2646257877349854
13 6 3 5 30 3 0 2 7 0 2 7 12 16 2 0 2 7 1 2 7 0 2 7 0 2 7 0 2 7 5 31 3 0 2 7 17 9 2 1 2 7 1 2 7 1 2 7 1 2 7 0 2 7 0 2 7 17 9 2 0 20.2646257877349854
17 18 2 13 6 3 5 31 3 17 9 2 0 2 7 0 2 7 12 16 2 0 2 4 0 2 7 12 16 2 12 16 2 0 2 7 0 2 4 1 2 4 1 2 4 1 2 1 1 2 7 0 2 7 12 16 2 1 2 4 0 20.6123768091201782
5 31 3 17 18 2 12 16 2 1 2 7 0 2 7 0 2 7 0 2 7 0 2 7 5 30 3 0 2 7 1 2 7 13 6 3 0 2 7 1 2 7 0 2 7 0 2 7 0 2 7 1 2 7 1 2 7 17 18 2 0 20.2646257877349854
0 2 7 13 6 3 0 2 7 5 30 3 0 2 7 1 2 4 0 2 7 0 2 7 12 16 2 12 16 2 17 9 2 12 16 2 1 2 11 1 2 11 12 16 2 1 2 7 13 6 3 0 2 7 17 9 2 0 2 7 0 20.3046585321426392
0 2 4 0 2 11 13 6 3 5 30 3 17 9 2 0 2 7 0 2 7 12 16 2 0 2 7 13 6 3 12 16 2 1 2 11 12 16 2 12 16 2 1 2 7 17 18 2 0 2 7 0 2 7 1 2 7 1 2 7 0 20.3046586513519287
0 2 7 12 16 2 0 2 7 0 2 7 0 2 7 0 2 7 1 2 7 5 31 3 1 2 11 1 2 7 0 2 7 0 2 7 5 31 3 0 2 7 16 6 2 8 9 2 16 30 2 12 16 2 0 2 7 12 16 2 0 20.8736897706985474
0 2 7 12 16 2 0 2 7 0 2 7 1 2 7 0 2 7 1 2 4 5 31 3 1 2 7 0 2 4 0 2 7 0 2 7 0 2 7 6 2 7 5 30 3 17 18 2 17 9 2 1 2 7 13 6 3 12 16 2 0 20.3487167954444885
13 6 3 5 30 3 0 2 7 0 2 7 12 16 2 0 2 7 1 2 7 0 2 7 0 2 7 1 2 4 5 31 3 0 2 7 0 2 7 12 16 2 0 2 4 12 16 2 1 2 7 1 2 3 17 18 2 16 30 2 0 20.4516057968139648
5 30 3 12 16 2 0 2 7 0 2 7 1 2 7 0 2 7 0 2 7 0 2 7 0 2 7 13 6 3 1 2 7 5 31 3 17 18 2 12 16 2 1 2 11 1 2 11 0 2 7 1 2 7 17 18 2 0 2 7 0 20.6116236448287964

Current Evaluation = 3420(3420)
Front Size = 10
5 31 3 17 18 2 12 16 2 1 2 7 0 2 7 0 2 7 0 2 7 0 2 7 5 30 3 0 2 7 1 2 7 13 6 3 0 2 7 1 2 7 0 2 7 0 2 7 0 2 7 1 2 7 1 2 7 17 9 2 0 20.2646257877349854
5 31 3 17 18 2 12 16 2 1 2 7 0 2 7 0 2 7 0 2 7 0 2 7 5 30 3 0 2 7 1 2 7 13 6 3 0 2 7 1 2 7 0 2 7 0 2 7 0 2 7 1 2 7 1 2 7 17 18 2 0 20.2646257877349854
8 18 2 12 16 2 0 2 3 0 2 7 0 2 7 0 2 7 5 30 3 0 2 4 0 2 7 0 2 7 1 2 7 12 16 2 1 2 7 12 16 2 1 2 11 0 2 7 13 6 3 16 6 2 17 9 2 5 30 3 0 20.6301085948944092
0 2 7 12 16 2 0 2 7 0 2 7 0 2 7 0 2 7 1 2 7 5 31 3 1 2 11 1 2 7 0 2 7 0 2 7 5 31 3 0 2 7 16 6 2 8 9 2 16 30 2 12 16 2 0 2 7 12 16 2 0 20.8736897706985474
13 6 3 5 30 3 0 2 7 0 2 7 12 16 2 0 2 7 1 2 7 0 2 7 0 2 7 0 2 7 5 31 3 0 2 7 1 2 7 1 2 3 1 2 4 17 18 2 0 2 4 12 16 2 16 30 2 12 16 2 0 20.4516057968139648
0 2 7 0 2 7 12 16 2 0 2 7 5 30 3 0 2 7 0 2 7 1 2 11 12 16 2 0 2 7 12 16 2 1 2 7 1 2 3 13 6 3 17 18 2 6 2 4 0 2 7 16 31 2 0 2 7 5 30 3 0 20.5474986433982849
13 6 3 5 30 3 0 2 7 0 2 7 12 16 2 0 2 7 1 2 7 0 2 7 0 2 7 0 2 7 5 31 3 0 2 7 1 2 7 17 9 2 1 2 7 1 2 7 1 2 7 0 2 7 0 2 7 17 9 2 0 20.2646257877349854
1 2 11 13 6 3 0 2 7 0 2 7 1 2 11 0 2 7 0 2 7 12 16 2 12 16 2 17 9 2 12 16 2 12 16 2 0 2 4 1 2 7 0 2 7 0 2 7 13 6 3 5 30 3 17 18 2 1 2 7 0 20.3046585321426392
13 6 3 0 2 7 0 2 7 0 2 7 0 2 7 12 16 2 1 2 7 0 2 7 0 2 4 5 30 3 17 18 2 1 2 7 1 2 7 5 31 3 0 2 4 12 16 2 17 18 2 0 2 7 6 2 7 1 2 7 0 20.3487167954444885
12 16 2 5 30 3 0 2 7 0 2 7 5 31 3 0 2 7 0 2 4 1 2 4 12 16 2 0 2 7 12 16 2 1 2 7 0 2 7 1 2 7 0 2 7 6 2 7 17 18 2 0 2 7 17 9 2 13 6 3 0 20.5670667290687561

Current Evaluation = 3600(3600)
Front Size = 10
5 31 3 12 16 2 1 2 7 0 2 7 0 2 7 0 2 7 0 2 7 5 30 3 0 2 7 1 2 7 13 6 3 0 2 7 1 2 7 0 2 7 0 2 7 1 2 7 0 2 7 1 2 7 17 9 2 17 9 2 0 20.2646257877349854
13 6 3 5 30 3 0 2 7 0 2 7 12 16 2 0 2 7 1 2 7 0 2 7 0 2 7 0 2 7 1 2 7 17 18 2 5 31 3 1 2 7 0 2 7 1 2 7 1 2 7 0 2 7 0 2 7 17 18 2 0 20.2646257877349854
13 6 3 0 2 7 0 2 4 1 2 11 0 2 7 12 16 2 12 16 2 17 9 2 0 2 7 0 2 7 1 2 7 5 30 3 17 18 2 1 2 7 12 16 2 0 2 7 12 16 2 0 2 7 1 2 11 13 6 3 0 20.3046585321426392
0 2 7 0 2 7 12 16 2 0 2 7 5 30 3 0 2 7 0 2 7 1 2 11 12 16 2 0 2 7 12 16 2 1 2 7 1 2 3 13 6 3 17 18 2 6 2 4 0 2 7 16 31 2 0 2 7 5 30 3 0 20.5474986433982849
1 2 3 0 2 3 1 2 11 0 2 7 0 2 7 0 2 7 17 18 2 1 2 7 5 30 3 0 2 3 0 2 7 0 2 7 16 30 2 0 2 7 1 2 7 5 31 3 1 2 7 0 2 7 0 2 7 1 2 3 0 20.6688989400863647
0 2 7 12 16 2 0 2 7 0 2 7 0 2 7 0 2 7 1 2 7 5 31 3 1 2 11 1 2 7 0 2 7 0 2 7 5 31 3 0 2 7 16 6 2 8 9 2 16 30 2 12 16 2 0 2 7 12 16 2 0 20.8736897706985474
13 6 3 5 31 3 0 2 7 1 2 7 12 16 2 1 2 7 1 2 7 0 2 7 0 2 7 0 2 4 17 18 2 12 16 2 0 2 7 0 2 7 0 2 7 5 30 3 17 9 2 0 2 4 1 2 7 6 2 7 0 20.3487167954444885
1 2 7 0 2 7 17 18 2 0 2 7 5 30 3 0 2 7 12 16 2 0 2 7 0 2 7 5 31 3 0 2 7 17 9 2 1 2 4 0 2 7 13 6 3 1 2 4 12 16 2 1 2 7 6 2 7 0 2 7 0 20.3487167954444885
13 6 3 5 31 3 0 2 7 1 2 7 12 16 2 1 2 7 1 2 7 0 2 7 0 2 7 0 2 4 17 18 2 12 16 2 0 2 7 0 2 7 0 2 7 5 30 3 16 30 2 0 2 3 12 16 2 1 2 4 0 20.4516057968139648
1 2 7 1 2 7 17 18 2 0 2 7 5 30 3 0 2 7 12 16 2 0 2 7 0 2 7 0 2 7 17 9 2 12 16 2 0 2 7 13 6 3 0 2 4 13 6 3 1 2 7 1 2 7 1 2 11 1 2 11 0.000654330121734361366 19.867958664894104

MonoObjective Genetic Algorithm
Number of Evaluations = 0
Mutation Probability = 0
Crossover Probability = 1
Population Size = 10
Survival Selection Type = 16

Time =  3604.67059683799744

Current Evaluation = 3390
Front Size = 10
5 31 3 12 16 2 1 2 7 0 2 7 0 2 7 0 2 7 0 2 7 5 30 3 0 2 7 1 2 7 13 6 3 0 2 7 1 2 7 0 2 7 0 2 7 1 2 7 0 2 7 1 2 7 17 9 2 17 9 2 0 20.2646257877349854
13 6 3 5 30 3 0 2 7 0 2 7 12 16 2 0 2 7 1 2 7 0 2 7 0 2 7 0 2 7 1 2 7 17 18 2 5 31 3 1 2 7 0 2 7 1 2 7 1 2 7 0 2 7 0 2 7 17 18 2 0 20.2646257877349854
13 6 3 0 2 7 0 2 4 1 2 11 0 2 7 12 16 2 12 16 2 17 9 2 0 2 7 0 2 7 1 2 7 5 30 3 17 18 2 1 2 7 12 16 2 0 2 7 12 16 2 0 2 7 1 2 11 13 6 3 0 20.3046585321426392
0 2 7 0 2 7 12 16 2 0 2 7 5 30 3 0 2 7 0 2 7 1 2 11 12 16 2 0 2 7 12 16 2 1 2 7 1 2 3 13 6 3 17 18 2 6 2 4 0 2 7 16 31 2 0 2 7 5 30 3 0 20.5474986433982849
1 2 3 0 2 3 1 2 11 0 2 7 0 2 7 0 2 7 17 18 2 1 2 7 5 30 3 0 2 3 0 2 7 0 2 7 16 30 2 0 2 7 1 2 7 5 31 3 1 2 7 0 2 7 0 2 7 1 2 3 0 20.6688989400863647
0 2 7 12 16 2 0 2 7 0 2 7 0 2 7 0 2 7 1 2 7 5 31 3 1 2 11 1 2 7 0 2 7 0 2 7 5 31 3 0 2 7 16 6 2 8 9 2 16 30 2 12 16 2 0 2 7 12 16 2 0 20.8736897706985474
13 6 3 5 31 3 0 2 7 1 2 7 12 16 2 1 2 7 1 2 7 0 2 7 0 2 7 0 2 4 17 18 2 12 16 2 0 2 7 0 2 7 0 2 7 5 30 3 17 9 2 0 2 4 1 2 7 6 2 7 0 20.3487167954444885
1 2 7 0 2 7 17 18 2 0 2 7 5 30 3 0 2 7 12 16 2 0 2 7 0 2 7 5 31 3 0 2 7 17 9 2 1 2 4 0 2 7 13 6 3 1 2 4 12 16 2 1 2 7 6 2 7 0 2 7 0 20.3487167954444885
13 6 3 5 31 3 0 2 7 1 2 7 12 16 2 1 2 7 1 2 7 0 2 7 0 2 7 0 2 4 17 18 2 12 16 2 0 2 7 0 2 7 0 2 7 5 30 3 16 30 2 0 2 3 12 16 2 1 2 4 0 20.4516057968139648
1 2 7 1 2 7 17 18 2 0 2 7 5 30 3 0 2 7 12 16 2 0 2 7 0 2 7 0 2 7 17 9 2 12 16 2 0 2 7 13 6 3 0 2 4 13 6 3 1 2 7 1 2 7 1 2 11 1 2 11 0.000654330121734361366 19.867958664894104

