Current Evaluation = 180(180)
Front Size = 10
5 30 3 17 18 2 0 2 7 1 2 7 12 16 2 0 2 7 0 2 7 0 2 7 0 2 7 17 18 2 5 31 3 1 2 7 0 2 7 0 2 7 1 2 7 0 2 7 1 2 7 1 2 7 0 2 7 13 6 3 0 20.2646257877349854
0 2 8 8 9 2 0 2 8 0 2 8 0 2 8 0 2 7 1 2 8 8 9 2 6 2 8 5 30 3 16 19 12 1 2 8 0 2 7 16 19 12 0 2 8 5 30 3 0 2 8 0 2 8 5 30 3 0 2 8 0.00132936929291285429 22.8404043912887573
16 9 11 1 2 7 5 30 3 5 30 3 12 16 2 0 2 8 0 2 11 0 2 7 0 2 3 0 2 3 0 2 3 0 2 3 0 2 3 16 9 11 1 2 3 1 2 3 0 2 3 1 2 10 0 2 3 12 16 2 0 22.0875400304794312
5 30 3 5 30 3 12 16 2 12 16 2 1 2 3 0 2 7 8 18 2 16 19 11 0 2 8 0 2 7 0 2 7 0 2 8 1 2 7 17 9 2 0 2 3 17 1 2 0 2 11 0 2 8 0 2 7 0 2 8 0.0681181067331965706 21.7728550434112549
12 16 2 16 6 2 5 30 3 5 30 3 1 2 7 1 2 11 13 6 3 0 2 4 0 2 7 0 2 7 0 2 7 0 2 7 0 2 7 12 16 2 12 16 2 1 2 7 8 9 2 17 9 2 0 2 7 0 2 3 0 20.6301085948944092
0 2 7 0 2 7 0 2 3 0 2 7 0 2 3 1 2 11 12 16 2 5 30 3 0 2 7 0 2 7 5 31 3 6 2 11 17 18 2 0 2 3 16 9 11 16 19 11 1 2 3 0 2 11 16 6 2 1 2 7 0.337061499776541262 21.1930498480796814
5 30 3 17 18 2 0 2 7 1 2 4 12 16 2 0 2 7 0 2 7 0 2 7 17 18 2 1 2 7 0 2 7 0 2 7 0 2 7 6 2 7 0 2 11 5 30 3 1 2 3 1 2 3 0 2 11 8 9 2 0.000404991755205743535 20.9352839589118958
5 30 3 5 30 3 1 2 3 0 2 7 0 2 7 0 2 7 1 2 7 0 2 3 0 2 7 0 2 7 0 2 7 0 2 3 0 2 3 1 2 7 17 18 2 16 31 2 17 1 2 1 2 7 1 2 7 1 2 11 0.032203777504957086 20.4240498542785645
5 31 3 5 31 3 0 2 7 0 2 7 0 2 10 0 2 7 0 2 7 0 2 7 6 2 7 12 16 2 12 16 2 0 2 7 0 2 7 1 2 4 1 2 7 16 6 2 0 2 7 1 2 4 17 18 2 1 2 7 0 20.6613958477973938
0 2 7 1 2 7 0 2 7 0 2 4 0 2 3 0 2 3 1 2 7 1 2 7 0 2 3 0 2 7 12 16 2 0 2 4 0 2 7 17 9 2 5 30 3 1 2 7 5 31 3 0 2 7 1 2 7 16 9 11 0 20.9542428851127625

Current Evaluation = 360(360)
Front Size = 10
12 16 2 0 2 7 0 2 7 1 2 7 0 2 7 1 2 7 17 9 2 1 2 7 5 31 3 5 30 3 0 2 7 0 2 7 1 2 7 0 2 7 13 6 3 1 2 7 0 2 7 0 2 7 17 18 2 0 2 7 0 20.2646257877349854
0 2 7 12 16 2 0 2 3 1 2 7 1 2 7 12 16 2 5 31 3 0 2 7 0 2 10 5 31 3 0 2 4 0 2 7 1 2 7 12 16 2 0 2 7 0 2 7 16 30 2 0 2 7 16 6 2 1 2 3 0 20.8842848539352417
0 2 11 5 30 3 0 2 3 0 2 3 0 2 7 12 16 2 1 2 7 5 30 3 1 2 11 0 2 3 1 2 4 0 2 3 17 9 2 0 2 3 1 2 7 0 2 3 0 2 6 0 2 10 16 9 11 1 2 7 0 21.5471639037132263
0 2 7 17 9 2 0 2 3 0 2 3 0 2 7 0 2 7 6 2 11 1 2 11 0 2 11 5 30 3 16 19 11 12 16 2 15 2 11 0 2 7 0 2 7 5 30 3 0 2 11 0 2 7 5 30 3 1 2 11 0 21.7748817205429077
5 30 3 12 16 2 1 2 7 0 2 4 12 16 2 0 2 11 1 2 7 0 2 10 1 2 7 0 2 11 1 2 7 5 30 3 0 2 7 0 2 7 8 18 2 0 2 6 0 2 11 17 9 2 0 2 7 17 9 2 0 21.2509409189224243
0 2 8 8 9 2 0 2 8 0 2 8 0 2 8 0 2 7 1 2 8 8 9 2 6 2 8 5 30 3 16 19 12 1 2 8 0 2 7 16 19 12 0 2 8 5 30 3 0 2 8 0 2 8 5 30 3 0 2 8 0.00132936929291285429 22.8404043912887573
5 30 3 5 30 3 12 16 2 12 16 2 1 2 3 0 2 7 8 18 2 16 19 11 0 2 8 0 2 7 0 2 7 0 2 8 1 2 7 17 9 2 0 2 3 17 1 2 0 2 11 0 2 8 0 2 7 0 2 8 0.0681181067331965706 21.7728550434112549
1 2 7 12 16 2 0 2 7 5 30 3 12 16 2 16 9 11 1 2 3 0 2 7 17 18 2 1 2 3 0 2 11 13 6 3 0 2 7 17 18 2 0 2 7 0 2 8 0 2 7 1 2 10 16 9 11 0 2 3 0.418645262505764726 20.7295999526977539
0 2 3 12 16 2 6 2 3 0 2 3 0 2 7 0 2 7 1 2 7 0 2 4 0 2 3 0 2 7 0 2 7 16 15 2 17 9 2 0 2 7 0 2 7 8 9 2 1 2 7 5 30 3 5 30 3 1 2 3 0 21.0455847978591919
0 2 10 6 2 11 0 2 11 5 31 3 1 2 1 16 6 2 17 9 2 6 2 3 0 2 7 0 2 7 5 30 3 0 2 7 0 2 11 12 16 2 0 2 10 12 16 2 0 2 11 5 30 3 0 2 3 0 2 11 0 21.8561570644378662

Current Evaluation = 540(540)
Front Size = 10
0 2 7 0 2 7 13 6 3 0 2 7 5 30 3 1 2 7 0 2 7 0 2 7 12 16 2 0 2 7 17 18 2 5 31 3 0 2 7 1 2 7 1 2 7 1 2 7 0 2 7 1 2 7 17 18 2 0 2 7 0 20.2646257877349854
12 16 2 6 2 7 0 2 7 12 16 2 1 2 11 0 2 7 17 9 2 0 2 3 0 2 4 0 2 7 5 31 3 0 2 7 6 2 7 5 31 3 0 2 4 0 2 7 16 6 2 0 2 7 1 2 7 1 2 7 0 20.783288836479187
0 2 11 5 30 3 0 2 3 0 2 3 0 2 7 12 16 2 1 2 7 5 30 3 1 2 11 0 2 3 1 2 4 0 2 3 17 9 2 0 2 3 1 2 7 0 2 3 0 2 6 0 2 10 16 9 11 1 2 7 0 21.5471639037132263
0 2 8 8 9 2 0 2 8 0 2 8 0 2 8 0 2 7 1 2 8 8 9 2 6 2 8 5 30 3 16 19 12 1 2 8 0 2 7 16 19 12 0 2 8 5 30 3 0 2 8 0 2 8 5 30 3 0 2 8 0.00132936929291285429 22.8404043912887573
0 2 11 5 30 3 0 2 11 15 2 11 0 2 11 0 2 7 17 9 2 0 2 7 16 19 11 6 2 3 5 30 3 5 30 3 0 2 11 0 2 7 0 2 7 0 2 7 0 2 7 0 2 11 1 2 7 12 16 2 0 21.7454339265823364
0 2 11 13 6 3 0 2 7 12 16 2 5 30 3 0 2 7 1 2 4 12 16 2 1 2 7 12 16 2 0 2 11 0 2 7 12 16 2 17 9 2 13 6 3 1 2 7 0 2 7 1 2 7 0 2 7 17 9 2 0 20.3046587705612183
0 2 8 0 2 3 0 2 7 0 2 7 0 2 3 0 2 3 0 2 3 5 30 3 16 19 11 0 2 11 5 30 3 1 2 3 0 2 3 9 2 7 1 2 7 16 19 12 0 2 7 5 30 3 1 2 3 0 2 7 0.00021846958558839605 22.1765179634094238
1 2 11 1 2 11 8 18 2 0 2 7 12 16 2 5 30 3 0 2 7 0 2 7 12 16 2 12 16 2 0 2 7 8 18 2 0 2 7 5 30 3 0 2 7 16 15 2 0 2 7 0 2 7 17 18 2 8 9 2 0 21.3316975831985474
0 2 7 0 2 7 5 30 3 13 6 3 0 2 8 1 2 7 8 9 2 0 2 8 12 16 2 5 30 3 17 18 2 5 31 3 5 30 3 0 2 8 1 2 7 8 9 2 0 2 8 1 2 7 17 18 2 16 19 12 0.121835325610046508 21.5832281112670898
12 16 2 0 2 7 0 2 7 0 2 7 0 2 4 0 2 7 0 2 7 12 16 2 5 30 3 1 2 3 1 2 4 0 2 3 1 2 7 0 2 4 1 2 3 1 2 7 13 6 3 15 2 11 0 2 3 17 18 2 0.00614403758542464255 20.6442998647689819

Current Evaluation = 720(720)
Front Size = 10
0 2 7 0 2 7 1 2 7 5 30 3 1 2 7 0 2 7 0 2 7 0 2 7 17 18 2 0 2 7 0 2 7 0 2 7 5 31 3 13 6 3 1 2 7 17 18 2 12 16 2 1 2 7 0 2 7 1 2 7 0 20.2646257877349854
0 2 11 0 2 7 1 2 7 0 2 7 12 16 2 5 31 3 5 30 3 16 19 11 0 2 8 0 2 11 0 2 8 12 16 2 0 2 7 16 9 11 0 2 11 0 2 7 0 2 8 0 2 3 0 2 7 5 30 3 0 22.3383510708808899
0 2 7 5 30 3 1 2 11 0 2 7 0 2 4 17 9 2 5 30 3 12 16 2 1 2 7 0 2 7 16 31 2 1 2 7 13 6 3 0 2 7 12 16 2 12 16 2 0 2 7 12 16 2 0 2 4 0 2 7 0 20.6695555448532104
1 2 8 0 2 3 12 16 2 0 2 3 0 2 3 5 31 3 5 30 3 0 2 3 1 2 8 16 19 12 5 30 3 0 2 3 0 2 3 0 2 8 0 2 3 0 2 7 0 2 8 16 19 12 0 2 7 0 2 7 0 22.6968339681625366
1 2 7 5 31 3 0 2 11 1 2 3 0 2 11 1 2 4 0 2 7 1 2 7 12 16 2 12 16 2 17 18 2 12 16 2 13 6 3 8 9 2 0 2 7 0 2 7 1 2 7 0 2 3 0 2 11 17 9 2 0 20.9016320705413818
0 2 7 0 2 7 12 16 2 1 2 8 12 16 2 1 2 11 8 9 2 0 2 3 0 2 8 0 2 7 5 30 3 16 19 12 6 2 7 0 2 8 6 2 8 8 9 2 1 2 8 0 2 7 0 2 8 0 2 8 0.0341096021609833613 22.0997970700263977
0 2 8 0 2 8 5 30 3 0 2 8 0 2 8 5 30 3 0 2 3 8 18 2 12 16 2 5 30 3 0 2 8 16 19 11 0 2 11 0 2 11 0 2 3 1 2 8 12 16 2 16 19 11 0 2 8 0 2 7 0 23.0031580924987793
0 2 7 0 2 7 5 30 3 13 6 3 0 2 8 1 2 7 8 9 2 0 2 8 12 16 2 5 30 3 17 18 2 5 31 3 5 30 3 0 2 8 1 2 7 8 9 2 0 2 8 1 2 7 17 18 2 16 19 12 0.121835325610046508 21.5832281112670898
5 31 3 1 2 4 17 18 2 0 2 7 0 2 11 0 2 7 1 2 10 0 2 7 0 2 7 1 2 7 0 2 7 0 2 7 0 2 4 0 2 7 1 2 4 17 9 2 1 2 7 5 30 3 1 2 11 0 2 7 0 20.6016669273376465
5 31 3 12 16 2 0 2 7 12 16 2 5 30 3 0 2 7 0 2 7 0 2 7 16 6 2 1 2 3 1 2 7 13 6 3 0 2 7 0 2 3 1 2 3 0 2 3 0 2 7 0 2 3 17 9 2 1 2 7 0 20.7791848182678223

Current Evaluation = 900(900)
Front Size = 10
0 2 7 17 18 2 1 2 7 1 2 7 1 2 7 0 2 7 0 2 7 5 31 3 0 2 7 0 2 7 0 2 7 1 2 7 13 6 3 0 2 7 0 2 7 17 9 2 5 30 3 1 2 7 0 2 7 12 16 2 0 20.2646257877349854
5 30 3 12 16 2 0 2 7 6 2 7 0 2 11 5 30 3 12 16 2 5 31 3 0 2 10 0 2 11 0 2 11 0 2 7 0 2 11 1 2 11 16 18 11 0 2 7 0 2 11 17 18 2 6 2 7 0 2 11 0 21.8775741457939148
5 30 3 0 2 4 0 2 3 0 2 7 12 16 2 6 2 7 12 16 2 0 2 7 1 2 7 1 2 11 13 6 3 16 31 2 12 16 2 0 2 7 0 2 7 5 30 3 0 2 7 1 2 7 17 18 2 0 2 7 0 20.5474986433982849
0 2 3 0 2 7 1 2 11 0 2 3 0 2 7 5 30 3 0 2 3 12 16 2 16 19 11 0 2 7 5 30 3 0 2 11 0 2 7 16 19 11 0 2 7 1 2 3 0 2 3 0 2 3 0 2 3 5 30 3 0 22.1521546840667725
5 31 3 12 16 2 0 2 7 5 30 3 0 2 7 0 2 8 0 2 7 0 2 11 12 16 2 5 31 3 16 19 11 0 2 7 6 2 11 0 2 3 0 2 7 16 6 2 6 2 7 0 2 7 0 2 7 0 2 7 0 21.6414468884468079
5 30 3 1 2 11 0 2 3 5 31 3 0 2 3 12 16 2 0 2 3 16 6 2 1 2 7 1 2 7 0 2 7 0 2 3 0 2 4 0 2 7 0 2 3 0 2 3 12 16 2 0 2 7 1 2 7 16 9 11 0 21.3884018063545227
0 2 11 0 2 8 1 2 8 5 30 3 0 2 8 0 2 7 0 2 8 0 2 3 0 2 11 5 30 3 5 30 3 16 19 11 0 2 8 16 19 11 8 18 2 0 2 8 0 2 8 12 16 2 0 2 3 12 16 2 0 23.0031580924987793
5 31 3 0 2 7 0 2 7 0 2 7 5 30 3 1 2 4 16 19 12 0 2 11 0 2 3 1 2 8 1 2 7 16 19 12 0 2 7 0 2 4 1 2 8 1 2 4 0 2 3 1 2 7 0 2 8 0 2 3 0.00227634973885137721 21.5615850687026978
5 30 3 12 16 2 0 2 7 0 2 8 0 2 8 5 30 3 16 19 12 0 2 3 1 2 7 5 30 3 0 2 7 0 2 7 16 19 12 0 2 7 1 2 7 1 2 8 1 2 7 0 2 7 1 2 7 0 2 7 0.00309126109486602962 21.6306988000869751
0 2 11 5 31 3 0 2 12 5 30 3 16 20 12 12 16 2 0 2 7 0 2 7 0 2 7 1 2 7 12 16 2 0 2 7 17 9 2 0 2 4 0 2 7 8 18 2 1 2 11 0 2 3 1 2 7 1 2 3 0 21.2798548936843872

Current Evaluation = 1080(1080)
Front Size = 10
0 2 7 0 2 7 0 2 7 0 2 7 0 2 7 1 2 7 0 2 7 1 2 7 12 16 2 17 18 2 0 2 7 13 6 3 5 30 3 5 31 3 1 2 7 0 2 7 0 2 7 1 2 7 17 9 2 1 2 7 0 20.2646257877349854
5 30 3 12 16 2 0 2 7 0 2 7 0 2 4 1 2 7 1 2 7 17 18 2 1 2 7 1 2 3 13 6 3 0 2 7 0 2 7 0 2 4 12 16 2 0 2 7 16 31 2 5 30 3 12 16 2 0 2 7 0 20.4516056776046753
5 30 3 0 2 7 0 2 7 12 16 2 1 2 3 0 2 3 16 6 2 0 2 3 1 2 7 0 2 3 0 2 7 16 31 2 5 30 3 1 2 3 1 2 3 0 2 7 1 2 7 0 2 3 0 2 7 0 2 3 0 20.9838578701019287
0 2 7 0 2 8 5 31 3 0 2 7 0 2 7 5 30 3 16 6 2 5 31 3 0 2 7 6 2 7 0 2 3 1 2 7 0 2 7 1 2 8 0 2 7 1 2 7 0 2 7 0 2 3 17 9 2 6 2 7 0 21.027135968208313
0 2 11 0 2 8 1 2 8 5 30 3 0 2 8 0 2 7 0 2 8 0 2 3 0 2 11 5 30 3 5 30 3 16 19 11 0 2 8 16 19 11 8 18 2 0 2 8 0 2 8 12 16 2 0 2 3 12 16 2 0 23.0031580924987793
5 30 3 12 16 2 0 2 7 6 2 7 0 2 11 5 30 3 12 16 2 5 31 3 0 2 10 0 2 11 0 2 11 0 2 7 0 2 11 1 2 11 16 18 11 0 2 7 0 2 11 17 18 2 6 2 7 0 2 11 0 21.8775741457939148
0 2 7 0 2 7 5 31 3 12 16 2 12 16 2 5 30 3 16 6 2 6 2 3 12 16 2 0 2 7 0 2 3 0 2 7 0 2 7 13 6 3 17 18 2 1 2 4 0 2 7 1 2 4 0 2 7 1 2 7 0 20.5632756948471069
0 2 3 0 2 7 1 2 7 0 2 7 12 16 2 12 16 2 16 18 11 0 2 7 0 2 11 0 2 7 0 2 7 1 2 4 5 31 3 5 30 3 1 2 11 17 9 2 0 2 4 0 2 10 1 2 7 0 2 10 0 21.279792845249176
5 31 3 12 16 2 6 2 7 0 2 7 0 2 7 0 2 4 0 2 4 6 2 7 0 2 7 12 16 2 0 2 7 0 2 7 17 18 2 5 31 3 1 2 7 1 2 11 0 2 7 1 2 3 16 6 2 0 2 7 0 20.783288836479187
5 30 3 12 16 2 0 2 7 5 30 3 0 2 7 0 2 7 17 18 2 0 2 7 0 2 11 5 30 3 12 16 2 0 2 7 0 2 7 16 19 11 1 2 11 0 2 7 13 6 3 0 2 11 0 2 7 0 2 11 0 21.3454546928405762

Current Evaluation = 1260(1260)
Front Size = 10
0 2 7 0 2 7 0 2 7 0 2 7 0 2 7 0 2 7 12 16 2 17 18 2 1 2 7 13 6 3 5 30 3 0 2 7 1 2 7 1 2 7 5 31 3 1 2 7 0 2 7 1 2 7 17 9 2 0 2 7 0 20.2646257877349854
0 2 11 0 2 8 1 2 8 5 30 3 0 2 8 0 2 7 0 2 8 0 2 3 0 2 11 5 30 3 5 30 3 16 19 11 0 2 8 16 19 11 8 18 2 0 2 8 0 2 8 12 16 2 0 2 3 12 16 2 0 23.0031580924987793
5 31 3 12 16 2 6 2 7 0 2 7 0 2 7 0 2 4 0 2 4 6 2 7 0 2 7 12 16 2 0 2 7 0 2 7 17 18 2 5 31 3 1 2 7 1 2 11 0 2 7 1 2 3 16 6 2 0 2 7 0 20.783288836479187
5 30 3 12 16 2 0 2 7 6 2 7 0 2 11 5 30 3 12 16 2 5 31 3 0 2 10 0 2 11 0 2 11 0 2 7 0 2 11 1 2 11 16 18 11 0 2 7 0 2 11 17 18 2 6 2 7 0 2 11 0 21.8775741457939148
5 30 3 0 2 7 0 2 7 12 16 2 0 2 3 16 6 2 1 2 7 0 2 7 0 2 7 0 2 7 0 2 7 0 2 3 0 2 3 16 31 2 5 30 3 0 2 7 1 2 4 1 2 4 0 2 3 0 2 3 0.00412314009006711953 20.7849618196487427
5 30 3 12 16 2 0 2 7 0 2 7 0 2 4 1 2 7 1 2 7 17 18 2 1 2 7 1 2 3 13 6 3 0 2 7 0 2 7 0 2 4 12 16 2 0 2 7 16 31 2 5 30 3 12 16 2 0 2 7 0 20.4516056776046753
0 2 7 15 2 11 0 2 7 12 16 2 17 18 2 5 30 3 5 30 3 1 2 11 12 16 2 1 2 7 1 2 4 13 6 3 0 2 7 1 2 4 0 2 7 0 2 11 0 2 7 0 2 7 17 9 2 0 2 7 0 20.6221417188644409
0 2 7 12 16 2 5 30 3 0 2 8 0 2 7 16 19 11 0 2 11 0 2 7 0 2 3 1 2 7 5 30 3 0 2 7 0 2 3 1 2 7 5 31 3 1 2 7 12 16 2 1 2 7 17 9 2 1 2 8 0.00388314336957614695 21.7353167533874512
0 2 7 0 2 8 5 31 3 0 2 7 0 2 7 5 30 3 16 6 2 5 31 3 0 2 7 6 2 7 0 2 3 1 2 7 0 2 7 1 2 8 0 2 7 1 2 7 0 2 7 0 2 3 17 9 2 6 2 7 0 21.027135968208313
0 2 3 0 2 7 1 2 7 0 2 7 12 16 2 12 16 2 16 18 11 0 2 7 0 2 11 0 2 7 0 2 7 1 2 4 5 31 3 5 30 3 1 2 11 17 9 2 0 2 4 0 2 10 1 2 7 0 2 10 0 21.279792845249176

Current Evaluation = 1440(1440)
Front Size = 10
0 2 7 12 16 2 0 2 7 5 31 3 1 2 7 1 2 7 13 6 3 0 2 7 1 2 7 0 2 7 0 2 7 17 18 2 0 2 7 1 2 7 0 2 7 5 30 3 0 2 7 0 2 7 1 2 7 17 9 2 0 20.2646257877349854
0 2 3 0 2 7 12 16 2 5 31 3 1 2 3 0 2 3 0 2 7 1 2 7 12 16 2 0 2 7 0 2 7 0 2 7 5 30 3 0 2 10 0 2 3 16 6 2 1 2 3 16 9 11 0 2 3 1 2 7 0 21.3628018498420715
5 30 3 12 16 2 0 2 7 6 2 7 0 2 11 5 30 3 12 16 2 5 31 3 0 2 10 0 2 11 0 2 11 0 2 7 0 2 11 1 2 11 16 18 11 0 2 7 0 2 11 17 18 2 6 2 7 0 2 11 0 21.8775741457939148
5 30 3 1 2 11 12 16 2 0 2 3 12 16 2 0 2 3 0 2 3 1 2 11 0 2 1 1 2 3 0 2 3 5 30 3 16 19 12 0 2 3 16 18 12 8 9 2 12 16 2 0 2 3 0 2 3 0 2 7 0 22.4669758081436157
0 2 7 0 2 4 0 2 4 12 16 2 17 18 2 5 30 3 5 30 3 1 2 11 12 16 2 1 2 7 1 2 7 13 6 3 0 2 7 15 2 11 0 2 7 1 2 11 0 2 7 0 2 7 17 9 2 0 2 7 0 20.6221415996551514
0 2 11 0 2 8 1 2 8 5 30 3 0 2 8 0 2 7 0 2 8 0 2 3 0 2 11 5 30 3 5 30 3 16 19 11 0 2 8 16 19 11 8 18 2 0 2 8 0 2 8 12 16 2 0 2 3 12 16 2 0 23.0031580924987793
12 16 2 1 2 7 1 2 7 0 2 4 0 2 4 0 2 7 1 2 7 6 2 7 5 31 3 1 2 7 16 6 2 0 2 7 0 2 7 5 31 3 0 2 7 0 2 10 0 2 7 17 9 2 12 16 2 0 2 7 0 20.6613958477973938
12 16 2 12 16 2 5 30 3 0 2 7 1 2 4 1 2 7 1 2 7 0 2 3 0 2 7 0 2 7 1 2 7 17 9 2 0 2 7 0 2 7 0 2 7 5 30 3 17 1 2 0 2 7 0 2 7 8 9 2 0 20.7358447313308716
5 31 3 0 2 7 12 16 2 0 2 7 0 2 3 0 2 11 0 2 7 6 2 7 16 6 2 0 2 11 1 2 7 0 2 3 5 30 3 12 16 2 0 2 3 16 19 11 5 30 3 0 2 3 0 2 11 0 2 11 0 21.9098749756813049
0 2 7 12 16 2 5 30 3 12 16 2 0 2 7 0 2 7 12 16 2 0 2 11 0 2 3 0 2 7 16 6 2 1 2 7 0 2 7 5 31 3 1 2 7 8 9 2 1 2 7 16 18 11 0 2 7 0 2 7 0 21.1800047755241394

Current Evaluation = 1620(1620)
Front Size = 10
1 2 7 0 2 7 0 2 7 1 2 7 17 18 2 5 30 3 1 2 7 0 2 7 0 2 7 13 6 3 0 2 7 0 2 7 17 9 2 5 31 3 0 2 7 0 2 7 1 2 7 12 16 2 0 2 7 1 2 7 0 20.2646257877349854
6 2 7 5 31 3 5 30 3 1 2 7 0 2 7 0 2 4 17 9 2 0 2 7 0 2 7 0 2 4 0 2 7 1 2 11 1 2 11 0 2 4 0 2 7 0 2 11 0 2 11 17 9 2 1 2 7 1 2 3 0 20.8231599926948547
0 2 11 1 2 8 5 30 3 5 30 3 12 16 2 0 2 11 0 2 11 5 30 3 0 2 7 0 2 11 8 18 2 1 2 7 16 19 11 0 2 7 0 2 11 0 2 7 0 2 7 0 2 11 17 9 2 0 2 11 0 21.9955490827560425
1 2 3 12 16 2 5 30 3 5 30 3 0 2 10 0 2 4 0 2 7 1 2 4 1 2 11 0 2 3 0 2 7 0 2 3 15 2 11 0 2 11 17 9 2 0 2 7 16 6 2 0 2 7 1 2 3 0 2 3 0 21.1867438554763794
12 16 2 0 2 4 0 2 7 0 2 11 0 2 7 0 2 7 0 2 7 16 6 2 0 2 3 5 31 3 12 16 2 5 31 3 12 16 2 0 2 7 1 2 7 0 2 7 16 24 2 0 2 7 1 2 7 1 2 4 0 20.9576488733291626
0 2 7 12 16 2 5 30 3 5 30 3 0 2 12 12 16 2 0 2 11 8 9 2 16 19 1 8 18 2 0 2 12 0 2 7 0 2 7 0 2 7 0 2 8 1 2 8 0 2 7 1 2 7 17 9 2 1 2 7 0 21.81340491771698
5 30 3 1 2 11 12 16 2 0 2 3 12 16 2 0 2 3 0 2 3 1 2 11 0 2 1 1 2 3 0 2 3 5 30 3 16 19 12 0 2 3 16 18 12 8 9 2 12 16 2 0 2 3 0 2 3 0 2 7 0 22.4669758081436157
0 2 11 0 2 8 1 2 8 5 30 3 0 2 8 0 2 7 0 2 8 0 2 3 0 2 11 5 30 3 5 30 3 16 19 11 0 2 8 16 19 11 8 18 2 0 2 8 0 2 8 12 16 2 0 2 3 12 16 2 0 23.0031580924987793
12 16 2 0 2 7 12 16 2 8 18 2 1 2 7 0 2 4 0 2 4 1 2 7 0 2 3 5 31 3 5 30 3 0 2 8 0 2 8 0 2 7 5 31 3 0 2 8 0 2 8 0 2 11 17 9 2 5 30 3 0.179330422290794572 22.4000421762466431
0 2 7 0 2 4 0 2 4 12 16 2 17 18 2 5 30 3 5 30 3 1 2 11 12 16 2 1 2 7 1 2 7 13 6 3 0 2 7 15 2 11 0 2 7 1 2 11 0 2 7 0 2 7 17 9 2 0 2 7 0 20.6221415996551514

Current Evaluation = 1800(1800)
Front Size = 10
1 2 7 1 2 7 12 16 2 5 31 3 0 2 7 1 2 7 0 2 7 1 2 7 13 6 3 0 2 7 0 2 7 1 2 7 17 18 2 0 2 7 5 30 3 0 2 7 0 2 7 0 2 7 0 2 7 17 18 2 0 20.2646257877349854
5 30 3 1 2 11 12 16 2 0 2 3 12 16 2 0 2 3 0 2 3 1 2 11 0 2 1 1 2 3 0 2 3 5 30 3 16 19 12 0 2 3 16 18 12 8 9 2 12 16 2 0 2 3 0 2 3 0 2 7 0 22.4669758081436157
0 2 11 1 2 8 5 30 3 5 30 3 12 16 2 0 2 11 0 2 11 5 30 3 0 2 7 0 2 11 8 18 2 1 2 7 16 19 11 0 2 7 0 2 11 0 2 7 0 2 7 0 2 11 17 9 2 0 2 11 0 21.9955490827560425
5 31 3 1 2 7 0 2 7 0 2 4 17 9 2 1 2 7 0 2 7 6 2 7 0 2 7 0 2 7 17 18 2 12 16 2 13 6 3 1 2 7 12 16 2 0 2 7 0 2 7 0 2 4 5 30 3 1 2 7 0 20.3487167954444885
5 30 3 0 2 11 0 2 7 17 9 2 0 2 11 0 2 4 1 2 7 0 2 7 1 2 11 0 2 7 1 2 7 5 30 3 17 9 2 8 18 2 0 2 7 0 2 7 1 2 7 1 2 11 0 2 4 1 2 3 0 20.8198409080505371
5 30 3 1 2 7 0 2 7 17 9 2 0 2 3 0 2 7 0 2 7 1 2 10 0 2 7 0 2 7 0 2 7 5 31 3 1 2 10 0 2 4 0 2 7 0 2 7 1 2 7 1 2 4 17 9 2 1 2 7 0 20.5764669179916382
12 16 2 0 2 7 0 2 7 0 2 7 0 2 7 5 31 3 12 16 2 0 2 7 0 2 7 0 2 7 0 2 7 0 2 7 16 6 2 1 2 4 8 18 2 5 30 3 12 16 2 16 6 2 15 2 11 1 2 12 0 20.9529846906661987
12 16 2 0 2 4 12 16 2 5 30 3 12 16 2 0 2 7 0 2 11 5 30 3 0 2 3 0 2 7 1 2 7 0 2 7 13 6 3 1 2 7 16 6 2 8 9 2 0 2 7 17 18 2 1 2 7 0 2 7 0 20.6301087141036987
5 31 3 5 30 3 1 2 11 1 2 7 0 2 7 0 2 7 0 2 7 0 2 7 17 18 2 0 2 4 0 2 7 0 2 7 0 2 7 0 2 7 1 2 11 17 9 2 8 18 2 1 2 7 1 2 7 1 2 7 0 20.6409198045730591
5 30 3 5 30 3 12 16 2 0 2 7 0 2 7 0 2 7 0 2 7 0 2 7 17 1 2 8 18 2 0 2 7 1 2 7 0 2 7 17 9 2 1 2 3 0 2 7 1 2 7 0 2 7 12 16 2 1 2 4 0 20.7358447313308716

Current Evaluation = 1980(1980)
Front Size = 10
12 16 2 0 2 7 0 2 7 1 2 7 1 2 7 17 9 2 0 2 7 5 31 3 0 2 7 5 30 3 0 2 7 13 6 3 1 2 7 1 2 7 0 2 7 0 2 7 17 9 2 0 2 7 0 2 7 1 2 7 0 20.2646257877349854
12 16 2 0 2 7 0 2 7 1 2 7 1 2 7 1 2 3 0 2 4 17 9 2 0 2 7 16 30 2 5 31 3 0 2 7 5 30 3 12 16 2 0 2 7 12 16 2 13 6 3 0 2 4 0 2 7 1 2 7 0 20.4516057968139648
0 2 11 1 2 8 5 30 3 5 30 3 12 16 2 0 2 11 0 2 11 5 30 3 0 2 7 0 2 11 8 18 2 1 2 7 16 19 11 0 2 7 0 2 11 0 2 7 0 2 7 0 2 11 17 9 2 0 2 11 0 21.9955490827560425
1 2 7 0 2 7 0 2 7 0 2 7 0 2 7 0 2 7 0 2 7 5 31 3 0 2 7 0 2 7 6 2 7 0 2 7 1 2 4 1 2 4 5 31 3 17 9 2 12 16 2 16 6 2 1 2 7 0 2 7 0 20.4595978856086731
5 30 3 1 2 11 12 16 2 0 2 3 12 16 2 0 2 3 0 2 3 1 2 11 0 2 1 1 2 3 0 2 3 5 30 3 16 19 12 0 2 3 16 18 12 8 9 2 12 16 2 0 2 3 0 2 3 0 2 7 0 22.4669758081436157
0 2 3 1 2 7 1 2 3 1 2 7 17 9 2 0 2 7 5 31 3 0 2 7 5 30 3 0 2 7 0 2 7 0 2 7 0 2 3 1 2 11 0 2 7 16 30 2 1 2 3 0 2 7 1 2 7 0 2 7 0 20.6688989400863647
0 2 7 0 2 7 1 2 7 0 2 7 0 2 7 0 2 7 0 2 7 1 2 3 0 2 7 0 2 7 0 2 7 1 2 4 12 16 2 8 18 2 5 30 3 17 9 2 1 2 7 17 1 2 12 16 2 5 30 3 0 20.7358447313308716
1 2 7 0 2 7 1 2 7 1 2 7 0 2 7 0 2 7 5 30 3 0 2 7 5 31 3 17 9 2 0 2 7 0 2 7 0 2 7 0 2 7 17 9 2 1 2 3 0 2 4 1 2 4 0 2 10 1 2 10 0 20.5764669179916382
0 2 7 15 2 11 1 2 7 1 2 7 1 2 7 17 9 2 0 2 3 16 6 2 5 31 3 0 2 7 5 30 3 1 2 7 0 2 7 0 2 7 0 2 7 0 2 4 12 16 2 0 2 7 0 2 7 0 2 4 0 20.6338227987289429
12 16 2 5 31 3 0 2 7 1 2 7 0 2 7 0 2 7 5 30 3 0 2 7 0 2 7 17 9 2 1 2 7 0 2 7 0 2 7 1 2 7 17 18 2 13 6 3 1 2 4 6 2 7 12 16 2 0 2 4 0 20.3487167954444885

Current Evaluation = 2160(2160)
Front Size = 10
12 16 2 0 2 7 0 2 7 1 2 7 1 2 7 0 2 7 5 30 3 0 2 7 13 6 3 0 2 7 0 2 7 0 2 7 17 18 2 17 9 2 5 31 3 1 2 7 1 2 7 0 2 7 0 2 7 1 2 7 0 20.2646257877349854
5 31 3 0 2 7 0 2 11 0 2 7 0 2 3 0 2 11 0 2 7 0 2 3 12 16 2 5 30 3 0 2 8 5 30 3 0 2 3 0 2 3 1 2 3 1 2 7 16 19 12 0 2 7 16 6 2 0 2 7 0 21.8541840314865112
1 2 7 0 2 4 17 18 2 0 2 7 0 2 7 0 2 7 12 16 2 6 2 7 0 2 7 13 6 3 5 30 3 1 2 7 5 31 3 0 2 7 12 16 2 0 2 4 1 2 7 17 18 2 1 2 7 0 2 7 0 20.3487167954444885
0 2 11 1 2 8 5 30 3 5 30 3 12 16 2 0 2 11 0 2 11 5 30 3 0 2 7 0 2 11 8 18 2 1 2 7 16 19 11 0 2 7 0 2 11 0 2 7 0 2 7 0 2 11 17 9 2 0 2 11 0 21.9955490827560425
5 30 3 1 2 11 12 16 2 0 2 3 12 16 2 0 2 3 0 2 3 1 2 11 0 2 1 1 2 3 0 2 3 5 30 3 16 19 12 0 2 3 16 18 12 8 9 2 12 16 2 0 2 3 0 2 3 0 2 7 0 22.4669758081436157
0 2 7 12 16 2 1 2 7 0 2 7 0 2 7 5 30 3 12 16 2 1 2 7 0 2 7 12 16 2 1 2 4 13 6 3 0 2 7 0 2 4 0 2 7 5 30 3 17 18 2 16 31 2 0 2 7 1 2 3 0 20.4516056776046753
1 2 7 0 2 7 0 2 7 0 2 7 0 2 7 0 2 7 0 2 7 5 31 3 0 2 7 0 2 7 6 2 7 0 2 7 1 2 4 1 2 4 5 31 3 17 9 2 12 16 2 16 6 2 1 2 7 0 2 7 0 20.4595978856086731
1 2 7 0 2 7 1 2 7 1 2 7 0 2 7 0 2 7 5 30 3 0 2 7 5 31 3 17 9 2 0 2 7 0 2 7 0 2 7 0 2 7 17 9 2 1 2 3 0 2 4 1 2 4 0 2 10 1 2 10 0 20.5764669179916382
0 2 7 0 2 7 0 2 7 1 2 4 5 30 3 1 2 7 0 2 7 1 2 7 0 2 7 0 2 4 0 2 7 1 2 7 12 16 2 12 16 2 5 31 3 12 16 2 13 6 3 0 2 3 17 9 2 16 30 2 0 20.4516057968139648
12 16 2 0 2 7 1 2 7 0 2 7 1 2 7 5 30 3 0 2 3 13 6 3 0 2 7 1 2 7 8 18 2 0 2 7 5 30 3 0 2 7 17 9 2 16 6 2 0 2 11 0 2 4 12 16 2 12 16 2 0 20.6301087141036987

Current Evaluation = 2340(2340)
Front Size = 10
0 2 7 0 2 7 0 2 7 0 2 7 1 2 7 0 2 7 13 6 3 1 2 7 17 9 2 0 2 7 1 2 7 0 2 7 1 2 7 5 30 3 5 31 3 0 2 7 0 2 7 17 18 2 1 2 7 12 16 2 0 20.2646257877349854
5 31 3 0 2 7 0 2 11 0 2 7 0 2 3 0 2 11 0 2 7 0 2 3 12 16 2 5 30 3 0 2 8 5 30 3 0 2 3 0 2 3 1 2 3 1 2 7 16 19 12 0 2 7 16 6 2 0 2 7 0 21.8541840314865112
1 2 7 12 16 2 0 2 4 0 2 4 1 2 7 5 30 3 12 16 2 0 2 7 1 2 7 12 16 2 0 2 7 13 6 3 0 2 3 5 30 3 0 2 7 0 2 7 17 18 2 16 31 2 0 2 7 1 2 7 0 20.4516056776046753
0 2 7 0 2 7 0 2 7 0 2 7 0 2 4 12 16 2 0 2 7 13 6 3 1 2 4 1 2 7 17 9 2 17 9 2 6 2 7 0 2 7 1 2 7 0 2 7 1 2 7 12 16 2 5 30 3 5 31 3 0 20.3487167954444885
0 2 7 0 2 7 0 2 7 0 2 7 1 2 4 0 2 7 12 16 2 1 2 4 1 2 7 12 16 2 0 2 3 13 6 3 0 2 7 1 2 7 12 16 2 5 30 3 16 31 2 17 9 2 0 2 7 5 30 3 0 20.4516056776046753
1 2 7 0 2 4 0 2 7 0 2 7 1 2 7 0 2 7 5 30 3 6 2 7 5 31 3 0 2 7 1 2 7 0 2 7 17 18 2 12 16 2 0 2 4 13 6 3 12 16 2 0 2 7 17 18 2 1 2 7 0 20.3487167954444885
1 2 7 0 2 7 12 16 2 0 2 7 0 2 7 1 2 7 0 2 7 0 2 7 0 2 7 5 31 3 0 2 7 1 2 4 0 2 7 0 2 4 1 2 4 0 2 7 0 2 7 0 2 3 16 6 2 5 31 3 0.0026397218987633999 20.7364099025726318
0 2 7 16 6 2 0 2 7 1 2 7 1 2 7 5 31 3 6 2 7 17 9 2 0 2 4 0 2 7 0 2 7 0 2 7 0 2 4 1 2 7 1 2 7 0 2 7 5 31 3 12 16 2 0 2 7 0 2 7 0 20.4595978856086731
0 2 7 0 2 7 12 16 2 0 2 7 17 1 2 1 2 7 0 2 4 1 2 7 0 2 3 5 30 3 0 2 7 0 2 7 0 2 7 17 9 2 1 2 7 5 30 3 8 18 2 0 2 7 12 16 2 1 2 7 0 20.7358447313308716
1 2 7 0 2 7 1 2 7 1 2 7 0 2 7 0 2 7 5 30 3 0 2 7 5 31 3 17 9 2 0 2 7 0 2 7 0 2 7 0 2 7 17 9 2 1 2 3 0 2 4 1 2 4 0 2 10 1 2 10 0 20.5764669179916382

Current Evaluation = 2520(2520)
Front Size = 10
0 2 7 0 2 7 0 2 7 12 16 2 0 2 7 1 2 7 17 9 2 0 2 7 0 2 7 0 2 7 0 2 7 5 30 3 1 2 7 1 2 7 5 31 3 1 2 7 13 6 3 17 9 2 0 2 7 1 2 7 0 20.2646257877349854
0 2 7 1 2 7 1 2 7 12 16 2 0 2 7 0 2 7 17 9 2 1 2 7 12 16 2 0 2 7 13 6 3 1 2 4 0 2 7 5 30 3 0 2 4 0 2 7 6 2 7 5 31 3 17 18 2 0 2 7 0 20.3487167954444885
12 16 2 5 31 3 12 16 2 0 2 3 0 2 7 0 2 7 0 2 7 1 2 11 1 2 3 1 2 7 0 2 7 0 2 3 5 30 3 13 6 3 0 2 7 0 2 3 12 16 2 12 16 2 16 30 2 16 30 2 0 20.8703877925872803
1 2 7 12 16 2 0 2 4 1 2 7 5 30 3 12 16 2 0 2 7 1 2 7 0 2 7 13 6 3 0 2 7 0 2 7 17 18 2 0 2 7 1 2 4 12 16 2 0 2 3 5 30 3 16 31 2 0 2 7 0 20.4516056776046753
5 30 3 12 16 2 0 2 11 12 16 2 0 2 7 6 2 7 0 2 7 0 2 7 5 31 3 0 2 7 5 31 3 0 2 11 16 19 13 0 2 7 0 2 7 0 2 7 6 2 7 0 2 7 0 2 8 16 6 2 0 21.5548470020294189
0 2 7 0 2 7 0 2 7 0 2 7 12 16 2 0 2 7 1 2 7 17 9 2 0 2 7 1 2 7 1 2 7 1 2 4 0 2 7 0 2 7 16 6 2 6 2 4 5 31 3 0 2 7 0 2 7 5 31 3 0 20.4595978856086731
0 2 7 0 2 7 0 2 7 0 2 7 12 16 2 15 2 11 0 2 7 0 2 4 1 2 7 0 2 7 1 2 7 0 2 4 5 30 3 1 2 7 5 31 3 17 9 2 1 2 7 0 2 3 0 2 7 16 6 2 0 20.6338227987289429
1 2 11 0 2 7 0 2 11 0 2 4 0 2 6 0 2 7 1 2 7 1 2 7 12 16 2 0 2 4 5 30 3 0 2 10 0 2 7 12 16 2 13 6 3 17 9 2 1 2 7 17 18 2 5 30 3 0 2 7 0 20.7158967256546021
0 2 4 0 2 11 0 2 7 1 2 7 0 2 7 0 2 7 8 18 2 0 2 7 1 2 11 1 2 7 1 2 7 1 2 7 1 2 7 0 2 7 0 2 7 5 30 3 0 2 7 17 18 2 17 9 2 5 31 3 0 20.6409199237823486
0 2 4 0 2 7 0 2 7 12 16 2 16 24 2 1 2 7 0 2 7 12 16 2 5 30 3 0 2 7 1 2 7 0 2 7 17 18 2 0 2 7 1 2 7 1 2 7 8 9 2 0 2 7 0 2 7 5 31 3 0 20.7164638042449951

Current Evaluation = 2700(2700)
Front Size = 10
1 2 7 0 2 7 0 2 7 1 2 7 0 2 7 0 2 7 5 31 3 0 2 7 5 30 3 0 2 7 0 2 7 13 6 3 1 2 7 17 18 2 1 2 7 12 16 2 1 2 7 0 2 7 17 9 2 0 2 7 0 20.2646257877349854
1 2 11 12 16 2 1 2 7 16 31 2 0 2 7 12 16 2 0 2 7 13 6 3 0 2 3 0 2 7 12 16 2 0 2 3 0 2 7 5 30 3 16 30 2 12 16 2 1 2 3 0 2 7 0 2 3 5 30 3 0 20.8703876733779907
1 2 7 6 2 7 17 9 2 0 2 7 1 2 7 0 2 7 0 2 7 5 31 3 0 2 7 5 30 3 13 6 3 12 16 2 0 2 7 0 2 4 17 9 2 1 2 7 0 2 4 0 2 7 1 2 7 12 16 2 0 20.3487167954444885
0 2 7 12 16 2 0 2 7 1 2 4 5 31 3 12 16 2 1 2 7 13 6 3 0 2 7 0 2 7 17 18 2 12 16 2 1 2 7 0 2 7 0 2 7 0 2 4 1 2 3 5 30 3 0 2 7 16 30 2 0 20.4516057968139648
1 2 11 0 2 7 0 2 11 0 2 4 0 2 6 0 2 7 1 2 7 1 2 7 12 16 2 0 2 4 5 30 3 0 2 10 0 2 7 12 16 2 13 6 3 17 9 2 1 2 7 17 18 2 5 30 3 0 2 7 0 20.7158967256546021
12 16 2 5 30 3 0 2 4 0 2 7 0 2 7 0 2 7 0 2 7 0 2 7 1 2 7 17 9 2 1 2 7 0 2 7 1 2 7 5 30 3 0 2 7 12 16 2 16 15 2 8 9 2 0 2 7 8 18 2 0 20.8408946990966797
0 2 7 12 16 2 0 2 7 1 2 7 5 31 3 1 2 7 0 2 7 0 2 7 1 2 7 0 2 7 0 2 7 0 2 7 0 2 7 17 9 2 0 2 7 5 31 3 16 6 2 1 2 4 6 2 4 0 2 7 0 20.4595978856086731
1 2 3 5 30 3 0 2 3 0 2 4 0 2 7 0 2 3 16 31 2 1 2 7 0 2 7 0 2 7 12 16 2 0 2 7 1 2 7 12 16 2 5 31 3 0 2 7 16 6 2 1 2 7 0 2 7 0 2 7 0 20.7824867963790894
5 30 3 12 16 2 0 2 11 12 16 2 0 2 7 6 2 7 0 2 7 0 2 7 5 31 3 0 2 7 5 31 3 0 2 11 16 19 13 0 2 7 0 2 7 0 2 7 6 2 7 0 2 7 0 2 8 16 6 2 0 21.5548470020294189
1 2 4 0 2 7 0 2 10 0 2 7 1 2 7 0 2 7 0 2 7 5 30 3 0 2 7 5 31 3 12 16 2 0 2 7 1 2 7 0 2 7 0 2 7 1 2 7 0 2 7 17 9 2 15 2 11 16 6 2 0 20.6078227758407593

Current Evaluation = 2880(2880)
Front Size = 10
1 2 7 12 16 2 0 2 7 1 2 7 0 2 7 0 2 7 0 2 7 0 2 7 5 31 3 1 2 7 0 2 7 0 2 7 1 2 7 0 2 7 17 9 2 5 30 3 13 6 3 17 18 2 0 2 7 1 2 7 0 20.2646257877349854
0 2 7 12 16 2 0 2 7 12 16 2 1 2 7 13 6 3 1 2 7 0 2 7 5 30 3 1 2 4 0 2 7 5 30 3 0 2 4 0 2 7 12 16 2 0 2 7 17 9 2 1 2 7 0 2 3 16 31 2 0 20.4516056776046753
1 2 7 12 16 2 0 2 7 5 30 3 1 2 7 0 2 7 13 6 3 0 2 7 0 2 7 1 2 7 0 2 7 5 31 3 0 2 4 6 2 7 0 2 7 17 9 2 12 16 2 1 2 7 0 2 4 17 9 2 0 20.3487167954444885
1 2 11 0 2 7 0 2 11 0 2 4 0 2 6 0 2 7 1 2 7 1 2 7 12 16 2 0 2 4 5 30 3 0 2 10 0 2 7 12 16 2 13 6 3 17 9 2 1 2 7 17 18 2 5 30 3 0 2 7 0 20.7158967256546021
1 2 7 12 16 2 0 2 7 5 31 3 12 16 2 0 2 7 13 6 3 0 2 7 1 2 4 1 2 7 0 2 7 6 2 7 0 2 7 5 30 3 1 2 4 0 2 7 17 18 2 0 2 7 17 18 2 0 2 7 0 20.3487167954444885
0 2 3 12 16 2 0 2 11 0 2 7 0 2 7 5 30 3 1 2 11 0 2 7 1 2 11 16 6 2 17 9 2 0 2 7 0 2 11 5 30 3 0 2 11 1 2 3 8 9 2 0 2 4 0 2 3 1 2 3 0 21.3245519399642944
1 2 7 12 16 2 0 2 7 5 30 3 1 2 7 0 2 7 13 6 3 0 2 7 0 2 7 1 2 7 0 2 7 5 31 3 17 18 2 0 2 4 6 2 7 0 2 7 17 9 2 0 2 7 12 16 2 1 2 4 0 20.3487167954444885
1 2 7 12 16 2 0 2 7 6 2 4 0 2 7 13 6 3 0 2 7 0 2 7 0 2 7 0 2 7 0 2 7 5 30 3 0 2 7 5 31 3 1 2 4 1 2 7 17 18 2 12 16 2 17 18 2 1 2 7 0 20.3487167954444885
0 2 7 12 16 2 0 2 7 1 2 4 5 31 3 12 16 2 1 2 7 13 6 3 0 2 7 0 2 7 17 18 2 12 16 2 1 2 7 0 2 7 0 2 7 0 2 4 1 2 3 5 30 3 0 2 7 16 30 2 0 20.4516057968139648
0 2 7 12 16 2 0 2 7 1 2 7 5 31 3 1 2 7 0 2 7 0 2 7 1 2 7 0 2 7 0 2 7 0 2 7 0 2 7 17 9 2 0 2 7 5 31 3 16 6 2 1 2 4 6 2 4 0 2 7 0 20.4595978856086731

Current Evaluation = 3060(3060)
Front Size = 10
1 2 7 0 2 7 17 9 2 0 2 7 5 31 3 13 6 3 0 2 7 17 18 2 1 2 7 1 2 7 0 2 7 0 2 7 0 2 7 12 16 2 0 2 7 1 2 7 1 2 7 0 2 7 5 30 3 0 2 7 0 20.2646257877349854
0 2 7 12 16 2 0 2 7 0 2 7 5 30 3 12 16 2 1 2 4 13 6 3 0 2 7 0 2 3 17 18 2 12 16 2 1 2 7 0 2 7 1 2 4 0 2 7 1 2 7 5 30 3 0 2 7 16 31 2 0 20.4516056776046753
0 2 3 12 16 2 0 2 11 0 2 7 0 2 7 5 30 3 1 2 11 0 2 7 1 2 11 16 6 2 17 9 2 0 2 7 0 2 11 5 30 3 0 2 11 1 2 3 8 9 2 0 2 4 0 2 3 1 2 3 0 21.3245519399642944
1 2 11 0 2 7 0 2 11 0 2 4 0 2 6 0 2 7 1 2 7 1 2 7 12 16 2 0 2 4 5 30 3 0 2 10 0 2 7 12 16 2 13 6 3 17 9 2 1 2 7 17 18 2 5 30 3 0 2 7 0 20.7158967256546021
1 2 7 12 16 2 0 2 7 0 2 4 13 6 3 0 2 4 0 2 7 0 2 7 1 2 7 0 2 7 5 30 3 5 31 3 1 2 7 1 2 7 17 18 2 12 16 2 6 2 7 0 2 7 17 18 2 0 2 7 0 20.3487167954444885
0 2 4 0 2 7 6 2 7 1 2 7 5 31 3 1 2 7 0 2 7 16 6 2 1 2 7 0 2 7 0 2 4 0 2 7 17 9 2 1 2 7 0 2 7 0 2 7 12 16 2 5 31 3 0 2 7 0 2 7 0 20.4595978856086731
1 2 7 12 16 2 0 2 7 0 2 7 13 6 3 0 2 7 0 2 7 0 2 7 0 2 7 0 2 7 5 30 3 0 2 7 5 31 3 1 2 4 1 2 7 17 18 2 12 16 2 17 18 2 1 2 4 6 2 7 0 20.3487167954444885
1 2 7 12 16 2 0 2 7 5 30 3 1 2 7 1 2 7 13 6 3 0 2 7 0 2 7 1 2 7 0 2 7 5 31 3 0 2 7 0 2 7 17 9 2 17 9 2 12 16 2 0 2 4 0 2 7 6 2 4 0 20.3487167954444885
1 2 7 12 16 2 0 2 7 1 2 7 13 6 3 0 2 7 0 2 4 0 2 7 0 2 7 5 30 3 5 31 3 1 2 4 12 16 2 1 2 7 0 2 7 0 2 7 0 2 7 17 9 2 6 2 7 17 18 2 0 20.3487167954444885
0 2 7 12 16 2 0 2 7 1 2 7 5 31 3 1 2 7 0 2 7 0 2 7 1 2 7 0 2 7 0 2 7 0 2 7 0 2 7 17 9 2 0 2 7 5 31 3 16 6 2 1 2 4 6 2 4 0 2 7 0 20.4595978856086731

Current Evaluation = 3240(3240)
Front Size = 10
12 16 2 0 2 7 5 31 3 0 2 7 13 6 3 1 2 7 0 2 7 5 30 3 0 2 7 0 2 7 0 2 7 0 2 7 17 9 2 1 2 7 0 2 7 1 2 7 1 2 7 1 2 7 0 2 7 17 18 2 0 20.2646257877349854
0 2 7 1 2 7 0 2 7 0 2 7 5 31 3 1 2 7 5 30 3 0 2 7 1 2 7 0 2 7 0 2 7 0 2 7 13 6 3 12 16 2 0 2 7 17 18 2 1 2 7 1 2 7 17 18 2 0 2 7 0 20.2646257877349854
0 2 3 12 16 2 0 2 11 0 2 7 0 2 7 5 30 3 1 2 11 0 2 7 1 2 11 16 6 2 17 9 2 0 2 7 0 2 11 5 30 3 0 2 11 1 2 3 8 9 2 0 2 4 0 2 3 1 2 3 0 21.3245519399642944
0 2 3 12 16 2 5 30 3 0 2 7 13 6 3 6 2 4 0 2 7 0 2 7 12 16 2 0 2 7 1 2 7 17 18 2 0 2 4 0 2 7 1 2 3 5 31 3 1 2 7 0 2 7 16 6 2 12 16 2 0 20.5632757544517517
1 2 11 0 2 7 0 2 11 0 2 4 0 2 6 0 2 7 1 2 7 1 2 7 12 16 2 0 2 4 5 30 3 0 2 10 0 2 7 12 16 2 13 6 3 17 9 2 1 2 7 17 18 2 5 30 3 0 2 7 0 20.7158967256546021
12 16 2 1 2 7 1 2 7 1 2 7 0 2 7 17 9 2 0 2 7 5 31 3 13 6 3 6 2 7 0 2 4 17 9 2 12 16 2 0 2 7 0 2 7 1 2 7 0 2 7 0 2 7 5 30 3 0 2 4 0 20.3487167954444885
0 2 7 12 16 2 0 2 7 0 2 7 5 31 3 1 2 7 5 30 3 1 2 7 1 2 7 0 2 7 0 2 7 0 2 7 0 2 7 0 2 7 0 2 7 13 6 3 1 2 7 1 2 7 17 9 2 17 9 2 0 20.2646257877349854
1 2 4 12 16 2 0 2 7 5 31 3 0 2 7 13 6 3 1 2 7 0 2 7 6 2 7 5 30 3 1 2 4 0 2 7 12 16 2 0 2 7 0 2 7 0 2 7 17 18 2 17 9 2 1 2 7 0 2 7 0 20.3487167954444885
0 2 7 12 16 2 0 2 7 6 2 4 13 6 3 1 2 4 1 2 7 1 2 7 5 30 3 0 2 7 12 16 2 0 2 7 0 2 7 0 2 7 0 2 7 5 31 3 0 2 7 17 9 2 17 18 2 1 2 7 0 20.3487167954444885
0 2 7 0 2 7 1 2 7 1 2 7 12 16 2 5 30 3 0 2 7 13 6 3 17 9 2 1 2 7 17 18 2 0 2 7 0 2 7 0 2 11 5 31 3 0 2 7 0 2 7 0 2 10 1 2 7 5 30 3 0.00090930513846217999 20.6794208288192749

Current Evaluation = 3420(3420)
Front Size = 10
12 16 2 0 2 7 0 2 7 13 6 3 0 2 7 1 2 7 1 2 7 0 2 7 17 9 2 1 2 7 5 31 3 0 2 7 0 2 7 1 2 7 0 2 7 0 2 7 1 2 7 17 9 2 5 30 3 0 2 7 0 20.2646257877349854
0 2 7 5 30 3 1 2 7 13 6 3 0 2 7 0 2 7 0 2 7 17 18 2 5 31 3 0 2 7 1 2 7 12 16 2 17 9 2 0 2 7 1 2 7 0 2 7 0 2 7 0 2 7 1 2 7 1 2 7 0 20.2646257877349854
12 16 2 5 30 3 0 2 7 13 6 3 1 2 7 0 2 7 1 2 7 0 2 7 5 31 3 0 2 4 6 2 7 0 2 7 1 2 7 0 2 4 17 18 2 0 2 7 0 2 7 1 2 7 12 16 2 17 18 2 0 20.3487167954444885
0 2 3 12 16 2 0 2 11 0 2 7 0 2 7 5 30 3 1 2 11 0 2 7 1 2 11 16 6 2 17 9 2 0 2 7 0 2 11 5 30 3 0 2 11 1 2 3 8 9 2 0 2 4 0 2 3 1 2 3 0 21.3245519399642944
12 16 2 5 30 3 0 2 7 13 6 3 0 2 7 0 2 7 6 2 7 0 2 7 17 18 2 0 2 7 5 30 3 1 2 7 0 2 7 0 2 4 1 2 3 0 2 7 12 16 2 1 2 11 16 31 2 12 16 2 0 20.5474986433982849
12 16 2 0 2 7 0 2 7 13 6 3 0 2 4 0 2 7 0 2 7 0 2 3 17 9 2 1 2 7 5 30 3 0 2 7 1 2 4 1 2 7 5 31 3 12 16 2 1 2 7 16 30 2 0 2 7 12 16 2 0 20.4516057968139648
12 16 2 0 2 7 0 2 7 13 6 3 1 2 7 0 2 7 5 30 3 0 2 7 17 9 2 1 2 7 17 18 2 12 16 2 5 31 3 0 2 7 6 2 7 0 2 7 1 2 4 0 2 7 1 2 4 0 2 7 0 20.3487167954444885
12 16 2 5 31 3 0 2 7 13 6 3 0 2 7 0 2 7 5 30 3 0 2 7 0 2 7 17 18 2 1 2 7 1 2 7 0 2 7 1 2 7 1 2 7 0 2 7 0 2 7 0 2 7 1 2 7 17 18 2 0 20.2646257877349854
0 2 4 5 30 3 1 2 7 13 6 3 0 2 7 0 2 7 6 2 4 17 18 2 5 31 3 1 2 7 1 2 7 12 16 2 17 9 2 0 2 7 1 2 7 0 2 7 0 2 7 0 2 7 0 2 7 12 16 2 0 20.3487167954444885
12 16 2 5 31 3 0 2 7 13 6 3 0 2 7 6 2 7 0 2 7 0 2 4 5 30 3 0 2 7 0 2 7 17 18 2 1 2 7 1 2 7 12 16 2 17 9 2 0 2 7 1 2 7 1 2 7 0 2 4 0 20.3487167954444885

Current Evaluation = 3600(3600)
Front Size = 10
5 31 3 0 2 7 13 6 3 0 2 7 0 2 7 12 16 2 0 2 7 0 2 7 1 2 7 0 2 7 1 2 7 1 2 7 17 18 2 0 2 7 0 2 7 1 2 7 1 2 7 5 30 3 17 9 2 0 2 7 0 20.2646257877349854
1 2 7 0 2 7 0 2 7 13 6 3 0 2 7 1 2 7 1 2 7 0 2 7 0 2 7 5 31 3 0 2 7 0 2 7 5 30 3 1 2 7 0 2 7 12 16 2 17 18 2 1 2 7 0 2 7 17 18 2 0 20.2646257877349854
5 30 3 1 2 7 13 6 3 0 2 3 5 30 3 1 2 7 0 2 7 12 16 2 0 2 4 0 2 7 1 2 7 0 2 7 0 2 7 12 16 2 17 18 2 1 2 4 16 31 2 0 2 7 0 2 7 12 16 2 0 20.4516056776046753
1 2 7 0 2 7 0 2 7 13 6 3 0 2 7 1 2 7 1 2 7 0 2 7 0 2 7 5 31 3 0 2 7 0 2 7 0 2 7 5 30 3 17 9 2 17 9 2 1 2 7 12 16 2 1 2 7 0 2 7 0 20.2646257877349854
5 30 3 1 2 7 13 6 3 6 2 7 0 2 7 5 31 3 1 2 7 0 2 7 12 16 2 17 9 2 0 2 4 0 2 7 0 2 7 0 2 7 0 2 7 0 2 7 12 16 2 17 18 2 1 2 7 1 2 4 0 20.3487167954444885
1 2 7 0 2 7 6 2 7 13 6 3 1 2 7 0 2 7 0 2 4 0 2 7 0 2 7 1 2 7 5 30 3 12 16 2 5 31 3 0 2 7 0 2 4 17 18 2 17 18 2 12 16 2 0 2 7 1 2 7 0 20.3487167954444885
12 16 2 5 30 3 0 2 7 13 6 3 0 2 7 0 2 4 17 18 2 0 2 7 0 2 7 0 2 7 1 2 7 0 2 7 5 31 3 12 16 2 1 2 7 1 2 7 16 30 2 1 2 3 0 2 4 12 16 2 0 20.4516057968139648
0 2 7 0 2 7 0 2 3 1 2 11 5 30 3 17 9 2 12 16 2 0 2 7 0 2 7 5 31 3 16 24 2 0 2 11 5 30 3 0 2 7 1 2 7 0 2 11 0 2 7 0 2 7 0 2 7 1 2 11 0 21.2950078248977661
12 16 2 5 30 3 0 2 7 13 6 3 0 2 7 0 2 7 6 2 7 0 2 7 17 18 2 0 2 7 5 30 3 1 2 7 0 2 7 0 2 4 1 2 3 0 2 7 12 16 2 1 2 11 16 31 2 12 16 2 0 20.5474986433982849
0 2 7 0 2 4 16 18 11 1 2 3 1 2 3 17 9 2 12 16 2 0 2 7 0 2 7 0 2 7 0 2 7 1 2 3 0 2 7 5 30 3 1 2 7 1 2 7 0 2 4 5 31 3 0 2 7 0 2 7 0 20.9542428851127625

MonoObjective Genetic Algorithm
Number of Evaluations = 0
Mutation Probability = 0
Crossover Probability = 1
Population Size = 10
Survival Selection Type = 16

Time =  3605.20018792152405

Current Evaluation = 3380
Front Size = 10
5 31 3 0 2 7 13 6 3 0 2 7 0 2 7 12 16 2 0 2 7 0 2 7 1 2 7 0 2 7 1 2 7 1 2 7 17 18 2 0 2 7 0 2 7 1 2 7 1 2 7 5 30 3 17 9 2 0 2 7 0 20.2646257877349854
1 2 7 0 2 7 0 2 7 13 6 3 0 2 7 1 2 7 1 2 7 0 2 7 0 2 7 5 31 3 0 2 7 0 2 7 5 30 3 1 2 7 0 2 7 12 16 2 17 18 2 1 2 7 0 2 7 17 18 2 0 20.2646257877349854
5 30 3 1 2 7 13 6 3 0 2 3 5 30 3 1 2 7 0 2 7 12 16 2 0 2 4 0 2 7 1 2 7 0 2 7 0 2 7 12 16 2 17 18 2 1 2 4 16 31 2 0 2 7 0 2 7 12 16 2 0 20.4516056776046753
1 2 7 0 2 7 0 2 7 13 6 3 0 2 7 1 2 7 1 2 7 0 2 7 0 2 7 5 31 3 0 2 7 0 2 7 0 2 7 5 30 3 17 9 2 17 9 2 1 2 7 12 16 2 1 2 7 0 2 7 0 20.2646257877349854
5 30 3 1 2 7 13 6 3 6 2 7 0 2 7 5 31 3 1 2 7 0 2 7 12 16 2 17 9 2 0 2 4 0 2 7 0 2 7 0 2 7 0 2 7 0 2 7 12 16 2 17 18 2 1 2 7 1 2 4 0 20.3487167954444885
1 2 7 0 2 7 6 2 7 13 6 3 1 2 7 0 2 7 0 2 4 0 2 7 0 2 7 1 2 7 5 30 3 12 16 2 5 31 3 0 2 7 0 2 4 17 18 2 17 18 2 12 16 2 0 2 7 1 2 7 0 20.3487167954444885
12 16 2 5 30 3 0 2 7 13 6 3 0 2 7 0 2 4 17 18 2 0 2 7 0 2 7 0 2 7 1 2 7 0 2 7 5 31 3 12 16 2 1 2 7 1 2 7 16 30 2 1 2 3 0 2 4 12 16 2 0 20.4516057968139648
0 2 7 0 2 7 0 2 3 1 2 11 5 30 3 17 9 2 12 16 2 0 2 7 0 2 7 5 31 3 16 24 2 0 2 11 5 30 3 0 2 7 1 2 7 0 2 11 0 2 7 0 2 7 0 2 7 1 2 11 0 21.2950078248977661
12 16 2 5 30 3 0 2 7 13 6 3 0 2 7 0 2 7 6 2 7 0 2 7 17 18 2 0 2 7 5 30 3 1 2 7 0 2 7 0 2 4 1 2 3 0 2 7 12 16 2 1 2 11 16 31 2 12 16 2 0 20.5474986433982849
0 2 7 0 2 4 16 18 11 1 2 3 1 2 3 17 9 2 12 16 2 0 2 7 0 2 7 0 2 7 0 2 7 1 2 3 0 2 7 5 30 3 1 2 7 1 2 7 0 2 4 5 31 3 0 2 7 0 2 7 0 20.9542428851127625

