Current Evaluation = 900(900)
Front Size = 10
5 30 3 0 2 7 0 2 4 0 2 7 0 2 3 1 2 7 0 2 7 16 18 11 0 2 7 12 16 2 1 2 3 0 2 7 12 16 2 13 6 3 5 31 3 0 2 4 0 2 7 1 2 7 0 2 7 12 16 2 13 6 3 0 2 7 5 30 3 1 2 7 0 2 7 17 18 2 1 2 7 0 2 7 17 18 2 1 2 7 17 18 2 17 9 2 0 2 3 16 30 2 0 2 7 1 2 7 1 2 7 16 19 11 0 2 7 0 2 7 1 2 7 0 2 7 5 30 3 0 2 7 1 2 7 5 30 3 6 2 7 0 2 7 5 31 3 0 2 7 0 2 7 0 2 7 1 2 7 5 30 3 0 2 3 0 2 7 0 2 3 1 2 7 1 2 7 0 2 4 0 61.6210414171218872
5 30 3 0 2 7 0 2 3 12 16 2 5 31 3 12 16 2 12 16 2 5 30 3 12 16 2 1 2 7 0 2 7 1 2 3 5 30 3 5 30 3 16 6 2 0 2 3 1 2 3 8 18 2 0 2 7 0 2 3 5 30 3 0 2 7 5 30 3 0 2 7 16 19 12 0 2 3 16 9 8 1 2 3 0 2 3 0 2 3 1 2 7 0 2 7 5 30 3 0 2 3 0 2 3 16 6 2 1 2 7 16 6 2 0 2 3 13 6 3 16 6 2 0 2 3 0 2 7 1 2 3 0 2 7 0 2 7 0 2 7 8 9 2 0 2 7 0 2 7 0 2 7 0 2 3 0 2 3 12 16 2 0 2 7 16 19 11 0 2 3 0 2 3 0 2 7 0 2 7 0 64.0073322057723999
5 30 3 0 2 7 0 2 7 0 2 7 1 2 10 0 2 7 0 2 7 12 16 2 0 2 7 12 16 2 13 6 3 5 31 3 0 2 7 1 2 7 0 2 7 12 16 2 0 2 7 5 30 3 1 2 10 6 2 7 1 2 7 0 2 7 17 9 2 0 2 7 16 30 2 0 2 4 16 9 11 0 2 7 0 2 7 0 2 7 5 30 3 0 2 7 5 30 3 6 2 7 0 2 7 5 31 3 0 2 7 0 2 7 0 2 7 5 30 3 12 16 2 0 2 7 0 2 7 1 2 7 12 16 2 5 31 3 0 2 7 8 9 2 0 2 7 16 15 2 0 2 7 6 2 7 0 2 7 16 19 11 0 2 7 1 2 7 17 9 2 0 2 7 1 2 7 17 18 2 0 62.4447462558746338
5 30 3 0 2 8 16 19 11 0 2 8 0 2 8 1 2 8 0 2 8 16 19 11 8 18 2 5 30 3 16 19 12 0 2 7 0 2 8 5 30 3 5 30 3 12 16 2 0 2 7 16 19 12 5 30 3 5 30 3 5 30 3 0 2 8 0 2 7 0 2 7 16 19 11 0 2 3 0 2 8 16 19 12 0 2 3 5 30 3 0 2 8 1 2 8 0 2 7 0 2 8 5 30 3 0 2 8 0 2 8 0 2 8 0 2 8 12 16 2 0 2 8 12 16 2 17 9 2 1 2 3 1 2 8 8 9 2 8 9 2 0 2 3 0 2 8 0 2 8 0 2 8 0 2 3 8 18 2 0 2 8 0 2 8 0 2 8 0 2 7 0 2 8 0 2 3 0 2 3 0 68.4514285326004028
5 30 3 0 2 8 5 30 3 0 2 1 8 9 2 1 2 8 0 2 8 8 9 2 16 19 1 8 9 2 5 30 3 0 2 8 8 18 2 8 18 2 8 9 2 8 18 2 12 16 2 12 16 2 8 9 2 0 2 1 0 2 8 8 9 2 0 2 8 5 30 3 0 2 8 16 19 1 1 2 8 1 2 8 16 9 8 1 2 8 0 2 8 0 2 8 12 16 2 12 16 2 8 9 2 8 18 2 8 9 2 16 15 2 16 19 1 5 30 3 0 2 8 8 18 2 0 2 1 0 2 8 8 9 2 12 16 2 16 15 2 16 19 1 8 18 2 0 2 8 0 2 8 8 9 2 8 18 2 8 18 2 8 18 2 0 2 8 8 9 2 1 2 8 0 2 8 8 18 2 0.0204188852182911225 67.9504081010818481
0 2 7 17 9 2 0 2 3 5 30 3 5 31 3 5 30 3 0 2 7 0 2 3 8 18 2 0 2 7 12 16 2 0 2 7 8 9 2 0 2 3 0 2 7 0 2 3 1 2 7 0 2 7 0 2 7 0 2 7 16 19 11 5 30 3 17 9 2 0 2 7 1 2 7 0 2 7 5 30 3 0 2 7 0 2 7 16 19 11 8 18 2 0 2 7 0 2 12 8 9 2 12 16 2 0 2 7 5 30 3 5 30 3 1 2 7 5 30 3 0 2 7 1 2 7 0 2 7 1 2 7 16 19 11 0 2 3 0 2 7 1 2 7 0 2 7 0 2 7 0 2 7 0 2 7 16 6 2 16 15 2 12 16 2 0 2 7 1 2 7 0 2 7 1 2 7 1 2 7 0 63.4292840957641602
0 2 11 17 9 2 5 30 3 5 30 3 5 30 3 5 30 3 6 2 3 0 2 7 0 2 11 1 2 11 17 9 2 8 9 2 0 2 7 12 16 2 1 2 11 17 18 2 0 2 7 0 2 7 0 2 7 6 2 11 0 2 7 0 2 7 0 2 11 0 2 7 0 2 11 12 16 2 5 30 3 16 6 2 1 2 11 0 2 7 0 2 11 5 30 3 0 2 7 1 2 11 1 2 11 0 2 7 0 2 3 0 2 11 5 30 3 0 2 11 0 2 7 0 2 11 16 19 11 0 2 7 16 19 11 0 2 7 0 2 7 5 30 3 6 2 7 0 2 3 0 2 11 0 2 3 0 2 7 16 19 11 8 18 2 6 2 11 5 30 3 0 2 11 8 9 2 12 16 2 0 64.9128184914588928
5 30 3 0 2 7 5 30 3 17 9 2 0 2 7 0 2 8 0 2 7 5 30 3 0 2 7 0 2 7 0 2 7 12 16 2 0 2 7 0 2 8 0 2 7 5 30 3 0 2 7 0 2 7 0 2 7 12 16 2 12 16 2 5 30 3 0 2 7 0 2 8 0 2 7 8 18 2 8 9 2 0 2 3 0 2 8 0 2 8 1 2 8 0 2 8 0 2 3 1 2 11 16 6 2 0 2 3 0 2 7 0 2 12 0 2 7 13 6 3 16 19 11 0 2 7 16 19 11 1 2 7 5 31 3 12 16 2 16 6 2 16 19 11 0 2 3 0 2 8 0 2 3 0 2 3 5 30 3 0 2 7 16 19 12 1 2 7 5 30 3 0 2 11 0 2 3 5 30 3 0 65.3173074722290039
0 2 3 5 30 3 5 30 3 5 30 3 5 30 3 5 30 3 0 2 3 0 2 3 0 2 3 0 2 8 0 2 3 5 30 3 0 2 3 12 16 2 0 2 8 8 18 2 0 2 3 0 2 3 0 2 3 0 2 3 0 2 8 1 2 3 0 2 7 0 2 3 12 16 2 16 6 2 8 18 2 8 9 2 12 16 2 16 19 12 16 19 12 0 2 8 1 2 3 0 2 8 1 2 8 0 2 3 8 9 2 1 2 3 0 2 8 0 2 8 16 6 2 1 2 3 0 2 3 0 2 3 0 2 3 0 2 3 16 19 12 16 19 12 12 16 2 0 2 3 0 2 3 16 19 12 5 30 3 0 2 3 0 2 3 0 2 8 0 2 3 5 30 3 0 2 8 1 2 3 0 67.4658383131027222
1 2 8 8 9 2 5 30 3 5 30 3 5 30 3 16 19 11 16 19 11 5 30 3 17 9 2 0 2 8 0 2 8 0 2 8 0 2 8 16 9 8 5 30 3 0 2 8 12 16 2 0 2 8 8 18 2 6 2 8 0 2 8 0 2 8 0 2 8 0 2 8 6 2 8 6 2 8 0 2 8 6 2 8 0 2 8 0 2 8 0 2 8 0 2 8 12 16 2 5 30 3 9 2 7 16 15 2 9 2 7 0 2 8 16 19 11 8 18 2 0 2 8 9 2 7 5 30 3 0 2 8 0 2 8 0 2 8 0 2 8 0 2 8 0 2 8 2 3 3 5 30 3 0 2 8 0 2 8 0 2 8 8 9 2 0 2 8 5 30 3 0 2 8 0 2 8 12 16 2 0.000279993111875063278 69.4395662546157837

Current Evaluation = 1800(1800)
Front Size = 10
5 30 3 1 2 7 0 2 7 0 2 7 1 2 4 1 2 7 0 2 7 12 16 2 0 2 7 1 2 7 12 16 2 13 6 3 1 2 4 0 2 7 1 2 4 12 16 2 0 2 7 0 2 7 0 2 7 5 30 3 5 31 3 5 30 3 13 6 3 5 31 3 5 30 3 0 2 7 0 2 7 17 9 2 16 30 2 0 2 7 17 18 2 1 2 7 1 2 7 0 2 7 0 2 7 0 2 4 1 2 7 0 2 7 1 2 7 16 9 11 0 2 7 1 2 4 0 2 7 0 2 7 0 2 7 1 2 7 12 16 2 0 2 3 0 2 7 17 18 2 16 31 2 0 2 7 0 2 3 1 2 7 12 16 2 17 9 2 0 2 7 0 2 4 1 2 4 0 2 7 0 61.0687534213066101
5 30 3 0 2 4 0 2 7 0 2 7 0 2 7 0 2 3 12 16 2 0 2 7 12 16 2 0 2 3 1 2 7 0 2 7 0 2 7 12 16 2 0 2 3 0 2 7 17 18 2 6 2 3 6 2 7 8 9 2 0 2 3 0 2 3 16 19 11 0 2 7 5 31 3 5 31 3 0 2 4 1 2 7 1 2 7 1 2 7 5 30 3 5 30 3 13 6 3 5 30 3 12 16 2 5 30 3 0 2 7 17 18 2 16 6 2 0 2 7 1 2 7 0 2 7 16 19 11 1 2 7 0 2 7 0 2 7 0 2 7 6 2 7 16 6 2 0 2 3 0 2 7 0 2 7 16 19 11 0 2 10 0 2 3 0 2 7 5 30 3 1 2 7 0 2 7 0 2 11 0 63.1715981960296631
5 30 3 0 2 7 0 2 3 12 16 2 5 31 3 12 16 2 12 16 2 5 30 3 12 16 2 1 2 7 0 2 7 1 2 3 5 30 3 5 30 3 16 6 2 0 2 3 1 2 3 8 18 2 0 2 7 0 2 3 5 30 3 0 2 7 5 30 3 0 2 7 16 19 12 0 2 3 16 9 8 1 2 3 0 2 3 0 2 3 1 2 7 0 2 7 5 30 3 0 2 3 0 2 3 16 6 2 1 2 7 16 6 2 0 2 3 13 6 3 16 6 2 0 2 3 0 2 7 1 2 3 0 2 7 0 2 7 0 2 7 8 9 2 0 2 7 0 2 7 0 2 7 0 2 3 0 2 3 12 16 2 0 2 7 16 19 11 0 2 3 0 2 3 0 2 7 0 2 7 0 64.0073322057723999
0 2 3 5 30 3 5 30 3 5 30 3 5 30 3 5 30 3 0 2 3 0 2 3 0 2 3 0 2 8 0 2 3 5 30 3 0 2 3 12 16 2 0 2 8 8 18 2 0 2 3 0 2 3 0 2 3 0 2 3 0 2 8 1 2 3 0 2 7 0 2 3 12 16 2 16 6 2 8 18 2 8 9 2 12 16 2 16 19 12 16 19 12 0 2 8 1 2 3 0 2 8 1 2 8 0 2 3 8 9 2 1 2 3 0 2 8 0 2 8 16 6 2 1 2 3 0 2 3 0 2 3 0 2 3 0 2 3 16 19 12 16 19 12 12 16 2 0 2 3 0 2 3 16 19 12 5 30 3 0 2 3 0 2 3 0 2 8 0 2 3 5 30 3 0 2 8 1 2 3 0 67.4658383131027222
5 30 3 0 2 8 16 19 11 0 2 8 0 2 8 1 2 8 0 2 8 16 19 11 8 18 2 5 30 3 16 19 12 0 2 7 0 2 8 5 30 3 5 30 3 12 16 2 0 2 7 16 19 12 5 30 3 5 30 3 5 30 3 0 2 8 0 2 7 0 2 7 16 19 11 0 2 3 0 2 8 16 19 12 0 2 3 5 30 3 0 2 8 1 2 8 0 2 7 0 2 8 5 30 3 0 2 8 0 2 8 0 2 8 0 2 8 12 16 2 0 2 8 12 16 2 17 9 2 1 2 3 1 2 8 8 9 2 8 9 2 0 2 3 0 2 8 0 2 8 0 2 8 0 2 3 8 18 2 0 2 8 0 2 8 0 2 8 0 2 7 0 2 8 0 2 3 0 2 3 0 68.4514285326004028
0 2 11 17 9 2 5 30 3 5 30 3 5 30 3 5 30 3 6 2 3 0 2 7 0 2 11 1 2 11 17 9 2 8 9 2 0 2 7 12 16 2 1 2 11 17 18 2 0 2 7 0 2 7 0 2 7 6 2 11 0 2 7 0 2 7 0 2 11 0 2 7 0 2 11 12 16 2 5 30 3 16 6 2 1 2 11 0 2 7 0 2 11 5 30 3 0 2 7 1 2 11 1 2 11 0 2 7 0 2 3 0 2 11 5 30 3 0 2 11 0 2 7 0 2 11 16 19 11 0 2 7 16 19 11 0 2 7 0 2 7 5 30 3 6 2 7 0 2 3 0 2 11 0 2 3 0 2 7 16 19 11 8 18 2 6 2 11 5 30 3 0 2 11 8 9 2 12 16 2 0 64.9128184914588928
5 30 3 16 19 11 5 30 3 0 2 7 5 30 3 5 30 3 12 16 2 0 2 7 5 30 3 0 2 7 0 2 7 0 2 3 0 2 3 0 2 7 12 16 2 12 16 2 17 9 2 1 2 3 0 2 3 0 2 7 0 2 8 0 2 8 0 2 8 1 2 7 1 2 7 16 19 11 8 18 2 0 2 7 0 2 8 0 2 7 17 18 2 5 30 3 1 2 7 0 2 7 0 2 8 16 19 12 5 30 3 0 2 8 1 2 8 0 2 7 5 30 3 0 2 8 0 2 8 0 2 7 0 2 8 0 2 7 0 2 7 8 9 2 8 9 2 0 2 7 17 18 2 0 2 8 0 2 3 0 2 7 0 2 8 1 2 7 0 2 8 0 2 4 0 2 3 0 2 7 0.000372239524074443576 65.83980393409729
5 30 3 0 2 8 5 30 3 0 2 1 8 9 2 1 2 8 0 2 8 8 9 2 16 19 1 8 9 2 5 30 3 0 2 8 8 18 2 8 18 2 8 9 2 8 18 2 12 16 2 12 16 2 8 9 2 0 2 1 0 2 8 8 9 2 0 2 8 5 30 3 0 2 8 16 19 1 1 2 8 1 2 8 16 9 8 1 2 8 0 2 8 0 2 8 12 16 2 12 16 2 8 9 2 8 18 2 8 9 2 16 15 2 16 19 1 5 30 3 0 2 8 8 18 2 0 2 1 0 2 8 8 9 2 12 16 2 16 15 2 16 19 1 8 18 2 0 2 8 0 2 8 8 9 2 8 18 2 8 18 2 8 18 2 0 2 8 8 9 2 1 2 8 0 2 8 8 18 2 0.0204188852182911225 67.9504081010818481
1 2 7 0 2 7 0 2 7 0 2 7 1 2 7 0 2 7 6 2 7 12 16 2 0 2 7 1 2 4 12 16 2 13 6 3 5 31 3 1 2 7 0 2 7 12 16 2 0 2 7 12 16 2 0 2 7 0 2 4 17 9 2 5 30 3 5 31 3 0 2 7 0 2 7 16 6 2 17 9 2 8 9 2 0 2 7 12 16 2 17 9 2 0 2 4 0 2 7 17 1 2 0 2 7 16 6 2 0 2 7 1 2 7 6 2 7 0 2 7 12 16 2 1 2 3 0 2 7 0 2 7 5 30 3 0 2 7 0 2 11 5 30 3 5 30 3 1 2 7 13 6 3 0 2 7 0 2 7 0 2 7 1 2 11 0 2 4 17 9 2 1 2 11 1 2 7 0 2 4 0 61.3630472421646118
17 9 2 0 2 7 5 30 3 1 2 7 0 2 7 12 16 2 0 2 7 1 2 4 1 2 7 12 16 2 12 16 2 17 9 2 0 2 7 1 2 7 0 2 7 0 2 4 0 2 7 16 19 11 0 2 7 0 2 7 0 2 7 0 2 12 0 2 7 16 6 2 8 18 2 0 2 11 1 2 11 0 2 11 1 2 7 1 2 7 0 2 7 0 2 7 0 2 3 0 2 7 0 2 3 0 2 7 5 31 3 5 30 3 1 2 7 5 31 3 8 9 2 0 2 3 5 31 3 1 2 7 0 2 7 0 2 7 17 18 2 1 2 11 6 2 7 0 2 4 0 2 7 0 2 7 0 2 7 1 2 7 1 2 7 16 6 2 0 2 11 5 30 3 1 2 7 16 9 11 0 62.6041516065597534

Current Evaluation = 2700(2700)
Front Size = 10
8 9 2 12 16 2 12 16 2 13 6 3 5 31 3 5 30 3 5 30 3 0 2 7 0 2 7 0 2 7 1 2 7 0 2 7 17 18 2 17 18 2 1 2 4 0 2 7 0 2 7 0 2 7 6 2 7 0 2 7 0 2 7 0 2 7 1 2 7 1 2 7 0 2 7 0 2 7 1 2 7 1 2 7 0 2 7 0 2 7 0 2 7 1 2 7 5 31 3 0 2 7 0 2 4 0 2 7 0 2 7 1 2 7 0 2 7 1 2 7 1 2 7 17 9 2 5 30 3 16 6 2 8 18 2 0 2 7 12 16 2 17 18 2 1 2 7 13 6 3 17 18 2 12 16 2 16 15 2 0 2 7 1 2 7 0 2 7 0 2 7 1 2 7 0 2 4 1 2 7 0 60.6683483719825745
0 2 4 5 30 3 1 2 7 5 30 3 5 30 3 5 30 3 0 2 3 0 2 7 0 2 4 0 2 3 0 2 7 5 30 3 0 2 7 12 16 2 0 2 7 8 18 2 0 2 7 0 2 3 0 2 7 12 16 2 8 18 2 17 9 2 12 16 2 16 19 11 16 19 11 0 2 3 0 2 7 1 2 7 8 18 2 0 2 7 0 2 7 16 24 2 5 30 3 1 2 3 0 2 7 0 2 7 16 6 2 1 2 3 0 2 3 0 2 7 0 2 3 1 2 7 0 2 3 1 2 7 12 16 2 16 30 2 5 30 3 0 2 3 1 2 3 0 2 7 1 2 3 1 2 3 0 2 4 0 2 3 1 2 7 16 19 11 0 2 3 0 2 7 0 2 7 0 2 7 0 63.6492823362350464
5 31 3 12 16 2 12 16 2 5 30 3 0 2 7 1 2 7 12 16 2 6 2 7 0 2 7 0 2 7 0 2 7 0 2 7 0 2 7 16 19 11 0 2 7 6 2 7 0 2 7 12 16 2 1 2 7 0 2 7 0 2 7 12 16 2 12 16 2 16 6 2 16 19 11 5 31 3 0 2 7 0 2 7 0 2 7 0 2 7 0 2 7 5 31 3 0 2 7 8 18 2 16 20 12 0 2 7 0 2 7 5 30 3 0 2 7 0 2 7 0 2 7 5 30 3 8 1 2 0 2 7 1 2 7 16 19 11 6 2 7 0 2 7 0 2 7 0 2 7 16 6 2 5 30 3 0 2 7 0 2 7 12 16 2 0 2 7 5 31 3 17 18 2 0 2 7 12 16 2 0 63.4943388104438782
5 30 3 0 2 8 5 30 3 0 2 1 8 9 2 1 2 8 0 2 8 8 9 2 16 19 1 8 9 2 5 30 3 0 2 8 8 18 2 8 18 2 8 9 2 8 18 2 12 16 2 12 16 2 8 9 2 0 2 1 0 2 8 8 9 2 0 2 8 5 30 3 0 2 8 16 19 1 1 2 8 1 2 8 16 9 8 1 2 8 0 2 8 0 2 8 12 16 2 12 16 2 8 9 2 8 18 2 8 9 2 16 15 2 16 19 1 5 30 3 0 2 8 8 18 2 0 2 1 0 2 8 8 9 2 12 16 2 16 15 2 16 19 1 8 18 2 0 2 8 0 2 8 8 9 2 8 18 2 8 18 2 8 18 2 0 2 8 8 9 2 1 2 8 0 2 8 8 18 2 0.0204188852182911225 67.9504081010818481
0 2 11 17 9 2 5 30 3 5 30 3 5 30 3 5 30 3 6 2 3 0 2 7 0 2 11 1 2 11 17 9 2 8 9 2 0 2 7 12 16 2 1 2 11 17 18 2 0 2 7 0 2 7 0 2 7 6 2 11 0 2 7 0 2 7 0 2 11 0 2 7 0 2 11 12 16 2 5 30 3 16 6 2 1 2 11 0 2 7 0 2 11 5 30 3 0 2 7 1 2 11 1 2 11 0 2 7 0 2 3 0 2 11 5 30 3 0 2 11 0 2 7 0 2 11 16 19 11 0 2 7 16 19 11 0 2 7 0 2 7 5 30 3 6 2 7 0 2 3 0 2 11 0 2 3 0 2 7 16 19 11 8 18 2 6 2 11 5 30 3 0 2 11 8 9 2 12 16 2 0 64.9128184914588928
5 30 3 5 30 3 1 2 10 12 16 2 1 2 3 0 2 4 0 2 7 5 30 3 0 2 7 0 2 3 0 2 7 12 16 2 0 2 4 0 2 11 0 2 4 6 2 7 0 2 3 0 2 7 1 2 7 1 2 7 1 2 4 0 2 7 1 2 7 0 2 7 0 2 7 0 2 7 0 2 11 0 2 7 0 2 4 1 2 7 1 2 7 0 2 7 1 2 7 0 2 7 1 2 7 17 9 2 0 2 7 12 16 2 0 2 7 0 2 3 17 18 2 0 2 7 0 2 4 0 2 7 1 2 7 5 30 3 5 31 3 17 9 2 5 31 3 12 16 2 1 2 7 16 9 11 8 18 2 13 6 3 0 2 4 16 6 2 0 2 4 16 19 11 1 2 7 17 9 2 0 62.0822175741195679
5 30 3 0 2 8 16 19 11 0 2 8 0 2 8 1 2 8 0 2 8 16 19 11 8 18 2 5 30 3 16 19 12 0 2 7 0 2 8 5 30 3 5 30 3 12 16 2 0 2 7 16 19 12 5 30 3 5 30 3 5 30 3 0 2 8 0 2 7 0 2 7 16 19 11 0 2 3 0 2 8 16 19 12 0 2 3 5 30 3 0 2 8 1 2 8 0 2 7 0 2 8 5 30 3 0 2 8 0 2 8 0 2 8 0 2 8 12 16 2 0 2 8 12 16 2 17 9 2 1 2 3 1 2 8 8 9 2 8 9 2 0 2 3 0 2 8 0 2 8 0 2 8 0 2 3 8 18 2 0 2 8 0 2 8 0 2 8 0 2 7 0 2 8 0 2 3 0 2 3 0 68.4514285326004028
0 2 11 5 31 3 5 31 3 5 30 3 8 9 2 12 16 2 12 16 2 12 16 2 5 30 3 16 6 2 17 18 2 5 30 3 16 6 2 0 2 7 8 9 2 5 30 3 1 2 11 0 2 3 16 19 11 0 2 3 0 2 7 1 2 7 0 2 7 0 2 7 0 2 7 0 2 7 0 2 7 0 2 3 0 2 7 1 2 7 5 30 3 1 2 7 6 2 4 1 2 7 0 2 7 8 9 2 0 2 7 0 2 7 0 2 7 0 2 7 0 2 7 0 2 7 1 2 7 0 2 7 0 2 7 1 2 7 0 2 7 1 2 7 17 9 2 0 2 7 5 30 3 1 2 7 16 19 11 0 2 7 0 2 11 0 2 7 0 2 7 0 2 7 0 2 7 16 6 2 0 62.8392612338066101
0 2 3 5 30 3 5 30 3 5 30 3 5 30 3 5 30 3 0 2 3 0 2 3 0 2 3 0 2 8 0 2 3 5 30 3 0 2 3 12 16 2 0 2 8 8 18 2 0 2 3 0 2 3 0 2 3 0 2 3 0 2 8 1 2 3 0 2 7 0 2 3 12 16 2 16 6 2 8 18 2 8 9 2 12 16 2 16 19 12 16 19 12 0 2 8 1 2 3 0 2 8 1 2 8 0 2 3 8 9 2 1 2 3 0 2 8 0 2 8 16 6 2 1 2 3 0 2 3 0 2 3 0 2 3 0 2 3 16 19 12 16 19 12 12 16 2 0 2 3 0 2 3 16 19 12 5 30 3 0 2 3 0 2 3 0 2 8 0 2 3 5 30 3 0 2 8 1 2 3 0 67.4658383131027222
5 30 3 5 30 3 5 30 3 0 2 7 12 16 2 1 2 7 0 2 7 0 2 4 5 30 3 0 2 7 5 30 3 1 2 7 1 2 7 17 18 2 12 16 2 1 2 7 0 2 7 0 2 3 5 30 3 0 2 3 6 2 7 0 2 7 0 2 7 1 2 7 0 2 3 17 9 2 1 2 7 0 2 7 0 2 7 5 30 3 1 2 7 1 2 3 0 2 11 0 2 7 16 9 11 8 18 2 8 18 2 0 2 7 0 2 3 0 2 7 0 2 3 0 2 7 0 2 7 1 2 3 16 15 2 8 18 2 1 2 7 0 2 7 16 6 2 8 9 2 0 2 7 0 2 3 0 2 7 0 2 7 1 2 7 0 2 7 17 9 2 16 15 2 0 2 7 0 2 7 0 62.5419994592666626

Current Evaluation = 3600(3600)
Front Size = 10
8 9 2 12 16 2 12 16 2 13 6 3 5 31 3 5 30 3 5 30 3 0 2 7 0 2 7 0 2 7 1 2 7 0 2 7 17 18 2 17 18 2 1 2 4 0 2 7 0 2 7 0 2 7 6 2 7 0 2 7 0 2 7 0 2 7 1 2 7 1 2 7 0 2 7 0 2 7 1 2 7 1 2 7 0 2 7 0 2 7 0 2 7 1 2 7 5 31 3 0 2 7 0 2 4 0 2 7 0 2 7 1 2 7 0 2 7 1 2 7 1 2 7 17 9 2 5 30 3 16 6 2 8 18 2 0 2 7 12 16 2 17 18 2 1 2 7 13 6 3 17 18 2 12 16 2 16 15 2 0 2 7 1 2 7 0 2 7 0 2 7 1 2 7 0 2 4 1 2 7 0 60.6683483719825745
0 2 11 17 9 2 5 30 3 5 30 3 5 30 3 5 30 3 6 2 3 0 2 7 0 2 11 1 2 11 17 9 2 8 9 2 0 2 7 12 16 2 1 2 11 17 18 2 0 2 7 0 2 7 0 2 7 6 2 11 0 2 7 0 2 7 0 2 11 0 2 7 0 2 11 12 16 2 5 30 3 16 6 2 1 2 11 0 2 7 0 2 11 5 30 3 0 2 7 1 2 11 1 2 11 0 2 7 0 2 3 0 2 11 5 30 3 0 2 11 0 2 7 0 2 11 16 19 11 0 2 7 16 19 11 0 2 7 0 2 7 5 30 3 6 2 7 0 2 3 0 2 11 0 2 3 0 2 7 16 19 11 8 18 2 6 2 11 5 30 3 0 2 11 8 9 2 12 16 2 0 64.9128184914588928
5 30 3 5 30 3 13 6 3 12 16 2 1 2 3 1 2 7 0 2 11 5 30 3 0 2 7 1 2 4 1 2 7 12 16 2 0 2 3 0 2 7 0 2 7 0 2 7 0 2 4 0 2 7 1 2 7 0 2 4 1 2 7 0 2 3 1 2 7 0 2 7 1 2 7 0 2 3 0 2 4 1 2 3 0 2 4 0 2 7 1 2 7 0 2 3 1 2 11 0 2 7 1 2 4 17 9 2 6 2 7 12 16 2 0 2 7 0 2 7 17 18 2 0 2 7 6 2 3 0 2 7 0 2 7 5 30 3 5 31 3 17 9 2 5 30 3 12 16 2 1 2 3 17 18 2 8 18 2 13 6 3 0 2 7 16 6 2 0 2 7 16 32 2 0 2 7 17 9 2 0 61.533317506313324
1 2 7 5 30 3 17 9 2 12 16 2 12 16 2 1 2 7 16 31 2 17 18 2 5 30 3 0 2 7 5 30 3 1 2 7 0 2 7 0 2 3 0 2 7 0 2 7 0 2 3 1 2 7 0 2 7 1 2 7 1 2 3 1 2 7 0 2 3 5 30 3 1 2 7 1 2 7 0 2 7 0 2 7 1 2 3 0 2 7 0 2 7 0 2 7 0 2 3 0 2 3 1 2 7 0 2 7 0 2 7 0 2 4 0 2 7 8 9 2 1 2 7 5 31 3 0 2 3 0 2 4 1 2 7 16 6 2 16 15 2 16 18 11 1 2 7 1 2 7 0 2 7 0 2 7 8 9 2 0 2 3 0 2 7 17 18 2 1 2 7 0 2 4 0 2 7 0 2 3 0 61.8785476088523865
5 30 3 5 31 3 12 16 2 0 2 4 1 2 7 5 31 3 0 2 7 1 2 7 12 16 2 0 2 4 0 2 7 0 2 7 0 2 7 0 2 7 0 2 7 6 2 3 0 2 7 1 2 7 0 2 4 1 2 7 0 2 10 1 2 7 0 2 7 0 2 7 1 2 7 0 2 4 1 2 7 0 2 7 0 2 7 16 32 2 0 2 7 0 2 7 17 18 2 0 2 7 0 2 7 0 2 7 5 30 3 5 31 3 17 18 2 0 2 4 16 6 2 1 2 7 0 2 10 0 2 4 6 2 7 17 9 2 0 2 7 12 16 2 1 2 4 1 2 4 12 16 2 1 2 7 17 9 2 1 2 7 12 16 2 1 2 4 8 18 2 13 6 3 1 2 4 17 9 2 0 61.111469566822052
12 16 2 12 16 2 5 30 3 5 31 3 0 2 7 0 2 7 0 2 7 1 2 7 0 2 7 0 2 7 0 2 7 0 2 7 0 2 7 0 2 11 0 2 7 0 2 10 1 2 7 0 2 11 0 2 7 0 2 11 1 2 7 0 2 7 1 2 7 0 2 7 1 2 7 0 2 7 8 9 2 5 30 3 16 6 2 8 9 2 12 16 2 12 16 2 0 2 7 0 2 7 0 2 7 16 6 2 1 2 11 17 18 2 0 2 11 0 2 11 16 19 11 5 30 3 5 30 3 16 6 2 5 30 3 0 2 7 0 2 7 5 30 3 0 2 7 5 31 3 8 18 2 1 2 7 17 18 2 0 2 4 0 2 7 16 18 11 0 2 7 0 2 7 1 2 7 1 2 11 0 63.1390853524208069
0 2 3 5 30 3 5 30 3 5 30 3 5 30 3 5 30 3 0 2 3 0 2 3 0 2 3 0 2 8 0 2 3 5 30 3 0 2 3 12 16 2 0 2 8 8 18 2 0 2 3 0 2 3 0 2 3 0 2 3 0 2 8 1 2 3 0 2 7 0 2 3 12 16 2 16 6 2 8 18 2 8 9 2 12 16 2 16 19 12 16 19 12 0 2 8 1 2 3 0 2 8 1 2 8 0 2 3 8 9 2 1 2 3 0 2 8 0 2 8 16 6 2 1 2 3 0 2 3 0 2 3 0 2 3 0 2 3 16 19 12 16 19 12 12 16 2 0 2 3 0 2 3 16 19 12 5 30 3 0 2 3 0 2 3 0 2 8 0 2 3 5 30 3 0 2 8 1 2 3 0 67.4658383131027222
5 31 3 12 16 2 12 16 2 5 30 3 0 2 7 1 2 7 12 16 2 6 2 7 0 2 7 0 2 7 0 2 7 0 2 7 0 2 7 16 19 11 0 2 7 6 2 7 0 2 7 12 16 2 1 2 7 0 2 7 0 2 7 12 16 2 12 16 2 16 6 2 16 19 11 5 31 3 0 2 7 0 2 7 0 2 7 0 2 7 0 2 7 5 31 3 0 2 7 8 18 2 16 20 12 0 2 7 0 2 7 5 30 3 0 2 7 0 2 7 0 2 7 5 30 3 8 1 2 0 2 7 1 2 7 16 19 11 6 2 7 0 2 7 0 2 7 0 2 7 16 6 2 5 30 3 0 2 7 0 2 7 12 16 2 0 2 7 5 31 3 17 18 2 0 2 7 12 16 2 0 63.4943388104438782
0 2 4 5 30 3 1 2 7 5 30 3 5 30 3 5 30 3 0 2 3 0 2 7 0 2 4 0 2 3 0 2 7 5 30 3 0 2 7 12 16 2 0 2 7 8 18 2 0 2 7 0 2 3 0 2 7 12 16 2 8 18 2 17 9 2 12 16 2 16 19 11 16 19 11 0 2 3 0 2 7 1 2 7 8 18 2 0 2 7 0 2 7 16 24 2 5 30 3 1 2 3 0 2 7 0 2 7 16 6 2 1 2 3 0 2 3 0 2 7 0 2 3 1 2 7 0 2 3 1 2 7 12 16 2 16 30 2 5 30 3 0 2 3 1 2 3 0 2 7 1 2 3 1 2 3 0 2 4 0 2 3 1 2 7 16 19 11 0 2 3 0 2 7 0 2 7 0 2 7 0 63.6492823362350464
5 30 3 12 16 2 5 30 3 5 30 3 0 2 7 0 2 7 0 2 7 0 2 7 0 2 7 0 2 7 0 2 3 0 2 7 0 2 7 0 2 7 0 2 7 12 16 2 1 2 7 0 2 7 0 2 3 16 6 2 1 2 7 0 2 7 0 2 7 0 2 7 0 2 7 0 2 7 17 18 2 5 31 3 5 30 3 0 2 7 5 30 3 17 18 2 0 2 7 0 2 7 12 16 2 1 2 7 17 18 2 1 2 4 5 31 3 13 6 3 5 30 3 0 2 7 0 2 7 16 19 11 0 2 11 16 6 2 0 2 7 0 2 3 0 2 7 0 2 7 1 2 7 0 2 3 1 2 7 0 2 4 1 2 11 16 15 2 13 6 3 0 2 7 0 2 7 0 2 7 0 62.1515641212463379

Current Evaluation = 4500(4500)
Front Size = 10
5 30 3 5 31 3 12 16 2 0 2 7 1 2 7 13 6 3 13 6 3 1 2 7 12 16 2 0 2 7 0 2 7 0 2 7 0 2 7 0 2 7 0 2 7 1 2 7 0 2 7 1 2 7 0 2 7 0 2 7 0 2 7 0 2 7 0 2 7 0 2 7 1 2 7 0 2 7 1 2 7 0 2 7 1 2 7 0 2 7 0 2 7 1 2 7 17 18 2 0 2 7 6 2 7 0 2 7 5 31 3 5 31 3 17 18 2 0 2 4 16 6 2 1 2 7 0 2 4 0 2 7 0 2 7 17 9 2 1 2 7 1 2 4 1 2 7 1 2 4 12 16 2 1 2 7 17 9 2 1 2 7 12 16 2 1 2 7 17 18 2 13 6 3 1 2 7 17 9 2 0 59.938682496547699
0 2 11 17 9 2 5 30 3 5 30 3 5 30 3 5 30 3 6 2 3 0 2 7 0 2 11 1 2 11 17 9 2 8 9 2 0 2 7 12 16 2 1 2 11 17 18 2 0 2 7 0 2 7 0 2 7 6 2 11 0 2 7 0 2 7 0 2 11 0 2 7 0 2 11 12 16 2 5 30 3 16 6 2 1 2 11 0 2 7 0 2 11 5 30 3 0 2 7 1 2 11 1 2 11 0 2 7 0 2 3 0 2 11 5 30 3 0 2 11 0 2 7 0 2 11 16 19 11 0 2 7 16 19 11 0 2 7 0 2 7 5 30 3 6 2 7 0 2 3 0 2 11 0 2 3 0 2 7 16 19 11 8 18 2 6 2 11 5 30 3 0 2 11 8 9 2 12 16 2 0 64.9128184914588928
0 2 3 5 30 3 5 30 3 5 30 3 5 30 3 5 30 3 0 2 3 0 2 3 0 2 3 0 2 8 0 2 3 5 30 3 0 2 3 12 16 2 0 2 8 8 18 2 0 2 3 0 2 3 0 2 3 0 2 3 0 2 8 1 2 3 0 2 7 0 2 3 12 16 2 16 6 2 8 18 2 8 9 2 12 16 2 16 19 12 16 19 12 0 2 8 1 2 3 0 2 8 1 2 8 0 2 3 8 9 2 1 2 3 0 2 8 0 2 8 16 6 2 1 2 3 0 2 3 0 2 3 0 2 3 0 2 3 16 19 12 16 19 12 12 16 2 0 2 3 0 2 3 16 19 12 5 30 3 0 2 3 0 2 3 0 2 8 0 2 3 5 30 3 0 2 8 1 2 3 0 67.4658383131027222
0 2 7 5 30 3 12 16 2 12 16 2 0 2 7 8 18 2 5 30 3 6 2 7 5 31 3 0 2 7 0 2 7 0 2 7 0 2 7 0 2 7 16 6 2 1 2 11 1 2 11 0 2 7 1 2 7 5 31 3 0 2 7 0 2 7 1 2 7 0 2 4 1 2 7 0 2 7 0 2 7 0 2 7 6 2 7 1 2 7 5 31 3 17 18 2 16 6 2 1 2 7 0 2 7 0 2 3 8 18 2 0 2 7 17 9 2 16 6 2 1 2 4 0 2 7 0 2 11 0 2 7 0 2 7 1 2 7 0 2 7 17 18 2 0 2 7 1 2 11 1 2 7 0 2 7 0 2 7 0 2 7 16 6 2 5 31 3 0 2 7 1 2 4 0 2 7 5 30 3 0 61.6739014387130737
5 30 3 12 16 2 0 2 4 0 2 7 12 16 2 12 16 2 0 2 7 5 31 3 0 2 7 0 2 7 1 2 7 13 6 3 0 2 7 0 2 7 0 2 7 0 2 7 0 2 7 1 2 4 1 2 7 1 2 4 0 2 4 16 30 2 0 2 7 1 2 7 1 2 3 0 2 7 17 9 2 1 2 7 2 3 3 17 9 2 12 16 2 12 16 2 8 18 2 17 9 2 0 2 7 0 2 4 0 2 7 5 30 3 0 2 7 1 2 4 1 2 11 12 16 2 1 2 7 0 2 7 17 9 2 8 9 2 1 2 7 12 16 2 5 30 3 0 2 7 16 9 11 1 2 7 0 2 7 1 2 7 1 2 4 0 2 7 8 9 2 0 2 7 0 2 7 1 2 7 0 61.7254514098167419
5 30 3 12 16 2 0 2 7 12 16 2 16 6 2 12 16 2 12 16 2 0 2 7 5 30 3 17 9 2 5 30 3 6 2 7 0 2 4 0 2 3 1 2 7 0 2 8 0 2 3 5 30 3 0 2 3 1 2 4 8 18 2 0 2 4 1 2 7 0 2 3 0 2 3 13 6 3 0 2 7 0 2 3 1 2 7 1 2 4 16 19 12 16 19 12 0 2 7 1 2 4 0 2 7 1 2 8 0 2 4 8 9 2 0 2 4 1 2 7 0 2 8 1 2 4 1 2 3 1 2 7 0 2 3 0 2 3 0 2 3 16 19 12 16 19 12 0 2 3 0 2 3 17 9 2 5 30 3 0 2 3 0 2 4 0 2 7 13 6 3 5 30 3 0 2 7 0 2 4 0.00123739553153911315 63.2555767893791199
17 9 2 5 30 3 5 30 3 5 30 3 5 30 3 0 2 7 17 9 2 0 2 7 12 16 2 17 18 2 0 2 7 0 2 7 1 2 7 0 2 4 8 9 2 0 2 7 12 16 2 16 6 2 0 2 11 1 2 7 0 2 7 0 2 7 0 2 11 0 2 7 0 2 7 0 2 7 0 2 7 0 2 7 0 2 7 8 9 2 0 2 7 1 2 11 0 2 7 1 2 7 0 2 7 0 2 7 1 2 7 0 2 7 0 2 7 5 30 3 0 2 11 16 15 2 1 2 7 1 2 7 16 31 2 1 2 11 0 2 7 0 2 7 0 2 7 16 19 11 8 18 2 5 30 3 1 2 7 1 2 7 0 2 4 8 18 2 1 2 7 5 30 3 0 2 7 12 16 2 0 62.37925124168396
5 30 3 12 16 2 0 2 4 1 2 3 1 2 7 5 30 3 1 2 10 0 2 7 13 6 3 1 2 4 0 2 7 0 2 7 0 2 7 1 2 7 1 2 4 0 2 7 0 2 7 0 2 4 13 6 3 0 2 7 8 9 2 1 2 7 5 30 3 1 2 7 0 2 7 0 2 7 0 2 7 0 2 3 5 30 3 0 2 7 0 2 4 0 2 7 1 2 7 0 2 4 0 2 3 0 2 7 16 15 2 5 30 3 1 2 7 12 16 2 0 2 7 0 2 7 0 2 7 1 2 7 1 2 7 1 2 7 1 2 7 1 2 7 0 2 7 17 18 2 17 9 2 0 2 7 0 2 7 17 18 2 8 9 2 17 18 2 0 2 7 17 18 2 17 9 2 5 30 3 0 60.8843353986740112
5 30 3 5 30 3 12 16 2 0 2 7 6 2 7 13 6 3 13 6 3 1 2 7 12 16 2 0 2 7 0 2 7 0 2 7 0 2 7 0 2 7 0 2 7 0 2 7 0 2 4 1 2 7 0 2 7 0 2 7 0 2 7 0 2 7 0 2 7 0 2 7 1 2 7 0 2 7 6 2 7 0 2 4 1 2 7 0 2 7 0 2 4 1 2 7 6 2 7 5 31 3 0 2 4 16 6 2 1 2 7 0 2 7 17 9 2 1 2 7 12 16 2 17 9 2 12 16 2 17 9 2 17 18 2 12 16 2 0 2 7 5 31 3 5 30 3 16 15 2 0 2 7 0 2 7 12 16 2 0 2 7 8 18 2 1 2 7 5 30 3 17 9 2 13 6 3 5 30 3 0 61.1445801854133606
12 16 2 0 2 7 8 18 2 6 2 4 5 30 3 0 2 7 0 2 7 0 2 7 1 2 4 1 2 7 1 2 7 0 2 7 17 9 2 17 18 2 0 2 4 0 2 7 5 30 3 0 2 7 0 2 7 5 31 3 0 2 7 0 2 7 0 2 7 0 2 7 0 2 7 0 2 4 16 15 2 5 30 3 17 9 2 12 16 2 1 2 7 1 2 7 5 30 3 17 9 2 1 2 7 0 2 7 0 2 7 0 2 7 0 2 7 0 2 4 0 2 7 1 2 4 0 2 7 16 24 2 1 2 7 5 31 3 1 2 7 13 6 3 0 2 7 0 2 7 0 2 7 1 2 7 0 2 7 1 2 7 12 16 2 8 9 2 0 2 7 1 2 7 17 9 2 1 2 4 0 61.1057714819908142

Current Evaluation = 5400(5400)
Front Size = 10
5 30 3 5 31 3 12 16 2 0 2 7 1 2 7 13 6 3 13 6 3 1 2 7 12 16 2 0 2 7 0 2 7 0 2 7 0 2 7 0 2 7 0 2 7 1 2 7 0 2 7 1 2 7 0 2 7 0 2 7 0 2 7 0 2 7 0 2 7 0 2 7 1 2 7 0 2 7 1 2 7 0 2 7 1 2 7 0 2 7 0 2 7 1 2 7 17 18 2 0 2 7 6 2 7 0 2 7 5 31 3 5 31 3 17 18 2 0 2 4 16 6 2 1 2 7 0 2 4 0 2 7 0 2 7 17 9 2 1 2 7 1 2 4 1 2 7 1 2 4 12 16 2 1 2 7 17 9 2 1 2 7 12 16 2 1 2 7 17 18 2 13 6 3 1 2 7 17 9 2 0 59.938682496547699
5 31 3 12 16 2 0 2 7 1 2 7 5 31 3 1 2 4 13 6 3 0 2 3 0 2 7 0 2 3 0 2 7 0 2 4 1 2 7 0 2 3 0 2 7 1 2 7 0 2 7 1 2 3 0 2 11 0 2 7 1 2 3 12 16 2 0 2 4 0 2 7 0 2 7 1 2 3 1 2 7 1 2 7 0 2 7 8 18 2 17 9 2 1 2 7 0 2 7 0 2 7 1 2 3 12 16 2 12 16 2 16 6 2 16 6 2 16 6 2 1 2 7 0 2 7 0 2 3 0 2 7 0 2 3 0 2 7 0 2 4 1 2 7 1 2 7 1 2 3 17 9 2 5 30 3 0 2 7 1 2 3 0 2 7 16 6 2 8 9 2 0 2 7 17 9 2 5 30 3 0 61.4223296642303467
5 30 3 12 16 2 0 2 7 12 16 2 16 15 2 12 16 2 12 16 2 0 2 11 5 30 3 5 30 3 5 30 3 5 30 3 0 2 7 0 2 10 0 2 7 1 2 4 1 2 7 5 31 3 0 2 7 0 2 7 0 2 7 0 2 7 0 2 7 0 2 7 0 2 7 0 2 7 6 2 7 1 2 7 0 2 7 8 9 2 1 2 7 0 2 7 0 2 7 0 2 7 0 2 7 0 2 7 17 18 2 8 9 2 0 2 7 0 2 7 0 2 7 1 2 11 0 2 7 16 6 2 0 2 7 1 2 7 6 2 7 16 19 11 16 19 11 13 6 3 0 2 7 17 18 2 5 30 3 0 2 7 8 9 2 0 2 7 0 2 7 5 30 3 17 9 2 1 2 7 0 62.5723650455474854
0 2 11 17 9 2 5 30 3 5 30 3 5 30 3 5 30 3 6 2 3 0 2 7 0 2 11 1 2 11 17 9 2 8 9 2 0 2 7 12 16 2 1 2 11 17 18 2 0 2 7 0 2 7 0 2 7 6 2 11 0 2 7 0 2 7 0 2 11 0 2 7 0 2 11 12 16 2 5 30 3 16 6 2 1 2 11 0 2 7 0 2 11 5 30 3 0 2 7 1 2 11 1 2 11 0 2 7 0 2 3 0 2 11 5 30 3 0 2 11 0 2 7 0 2 11 16 19 11 0 2 7 16 19 11 0 2 7 0 2 7 5 30 3 6 2 7 0 2 3 0 2 11 0 2 3 0 2 7 16 19 11 8 18 2 6 2 11 5 30 3 0 2 11 8 9 2 12 16 2 0 64.9128184914588928
5 31 3 12 16 2 0 2 7 0 2 4 5 31 3 1 2 7 13 6 3 0 2 7 0 2 7 0 2 4 0 2 4 0 2 3 1 2 4 0 2 4 0 2 7 1 2 7 0 2 7 0 2 7 5 31 3 1 2 7 0 2 4 0 2 7 1 2 7 0 2 7 1 2 4 1 2 4 0 2 7 0 2 4 1 2 7 12 16 2 0 2 7 0 2 7 0 2 7 1 2 7 1 2 7 1 2 7 0 2 7 8 18 2 17 9 2 1 2 7 0 2 7 0 2 7 17 9 2 1 2 7 0 2 7 0 2 4 12 16 2 12 16 2 16 6 2 12 16 2 0 2 7 16 6 2 16 6 2 1 2 7 1 2 7 1 2 7 17 9 2 0 2 7 17 9 2 5 31 3 0 60.7016235589981079
0 2 3 5 30 3 5 30 3 5 30 3 5 30 3 5 30 3 0 2 3 0 2 3 0 2 3 0 2 8 0 2 3 5 30 3 0 2 3 12 16 2 0 2 8 8 18 2 0 2 3 0 2 3 0 2 3 0 2 3 0 2 8 1 2 3 0 2 7 0 2 3 12 16 2 16 6 2 8 18 2 8 9 2 12 16 2 16 19 12 16 19 12 0 2 8 1 2 3 0 2 8 1 2 8 0 2 3 8 9 2 1 2 3 0 2 8 0 2 8 16 6 2 1 2 3 0 2 3 0 2 3 0 2 3 0 2 3 16 19 12 16 19 12 12 16 2 0 2 3 0 2 3 16 19 12 5 30 3 0 2 3 0 2 3 0 2 8 0 2 3 5 30 3 0 2 8 1 2 3 0 67.4658383131027222
5 30 3 12 16 2 0 2 7 1 2 4 5 30 3 0 2 7 13 6 3 0 2 7 0 2 7 0 2 7 0 2 7 1 2 7 1 2 7 0 2 7 0 2 7 0 2 7 0 2 7 8 9 2 1 2 7 5 30 3 1 2 7 0 2 7 0 2 3 0 2 7 0 2 7 0 2 7 0 2 7 1 2 7 0 2 7 0 2 4 1 2 7 12 16 2 0 2 7 0 2 7 0 2 7 1 2 3 1 2 3 1 2 7 1 2 7 1 2 7 17 18 2 17 9 2 17 18 2 17 9 2 1 2 11 1 2 7 13 6 3 16 6 2 5 30 3 12 16 2 16 15 2 5 31 3 0 2 7 0 2 7 0 2 7 8 9 2 17 18 2 0 2 7 0 2 7 1 2 7 0 60.8635783195495605
5 30 3 12 16 2 0 2 4 1 2 7 5 30 3 0 2 7 13 6 3 1 2 4 0 2 7 0 2 7 0 2 7 1 2 7 1 2 4 0 2 7 0 2 7 0 2 4 0 2 7 8 9 2 1 2 7 5 30 3 1 2 7 0 2 7 0 2 7 0 2 7 0 2 7 0 2 4 0 2 7 1 2 7 0 2 4 0 2 7 1 2 7 12 16 2 0 2 7 0 2 7 0 2 7 1 2 7 1 2 7 1 2 7 1 2 7 1 2 7 17 18 2 17 9 2 17 18 2 17 9 2 0 2 4 0 2 4 0 2 11 0 2 3 5 31 3 0 2 3 17 9 2 16 31 2 1 2 4 0 2 7 5 31 3 12 16 2 0 2 11 1 2 1 17 18 2 5 30 3 0.000774321529245780029 61.6439917087554932
1 2 7 12 16 2 12 16 2 0 2 7 5 30 3 0 2 7 1 2 7 1 2 7 1 2 7 16 30 2 0 2 4 0 2 7 5 31 3 0 2 3 0 2 3 0 2 7 0 2 7 1 2 3 0 2 7 17 9 2 0 2 7 6 2 7 0 2 7 17 18 2 0 2 7 12 16 2 1 2 7 1 2 7 0 2 7 16 32 2 16 6 2 0 2 7 1 2 7 0 2 7 0 2 7 0 2 7 13 6 3 1 2 4 1 2 3 6 2 7 12 16 2 1 2 7 5 31 3 16 31 2 1 2 7 0 2 7 17 9 2 0 2 7 5 30 3 0 2 7 0 2 7 0 2 7 1 2 7 0 2 3 0 2 7 5 30 3 5 31 3 0 2 7 0 2 3 6 2 3 0 61.3512976169586182
5 31 3 12 16 2 0 2 7 1 2 7 13 6 3 0 2 7 0 2 7 1 2 4 0 2 7 1 2 7 0 2 7 0 2 7 1 2 7 0 2 7 1 2 7 0 2 7 0 2 7 1 2 7 12 16 2 0 2 7 0 2 7 0 2 7 0 2 7 17 9 2 0 2 7 0 2 7 0 2 7 12 16 2 12 16 2 16 6 2 0 2 7 0 2 7 0 2 4 5 30 3 0 2 4 0 2 7 8 9 2 0 2 4 5 31 3 17 18 2 1 2 4 1 2 4 0 2 10 0 2 7 0 2 7 1 2 7 16 19 11 5 30 3 17 9 2 0 2 7 5 30 3 1 2 11 16 6 2 16 6 2 1 2 7 1 2 7 1 2 7 17 9 2 17 9 2 8 9 2 0.0524575189860064239 60.8993722200393677

Current Evaluation = 6300(6300)
Front Size = 10
5 31 3 5 31 3 12 16 2 0 2 7 1 2 7 13 6 3 13 6 3 1 2 7 12 16 2 0 2 7 0 2 7 0 2 7 0 2 7 0 2 7 0 2 7 1 2 7 0 2 7 1 2 7 0 2 7 0 2 7 0 2 7 0 2 7 1 2 7 0 2 4 1 2 7 0 2 7 1 2 7 0 2 7 1 2 7 0 2 7 0 2 7 1 2 7 17 18 2 0 2 7 0 2 7 0 2 7 5 31 3 0 2 7 17 18 2 0 2 7 16 6 2 1 2 4 1 2 7 0 2 4 0 2 7 17 9 2 1 2 7 1 2 7 1 2 7 1 2 7 12 16 2 1 2 7 17 9 2 1 2 7 12 16 2 1 2 7 17 18 2 13 6 3 1 2 7 17 9 2 0 59.7211945056915283
5 30 3 5 30 3 12 16 2 1 2 4 1 2 7 13 6 3 1 2 3 12 16 2 1 2 4 1 2 4 0 2 7 0 2 7 0 2 4 0 2 7 0 2 7 0 2 7 1 2 7 0 2 4 0 2 3 0 2 7 0 2 7 0 2 7 1 2 7 1 2 3 0 2 7 1 2 4 0 2 3 1 2 7 0 2 4 0 2 7 0 2 7 17 18 2 0 2 3 1 2 4 0 2 7 5 30 3 0 2 3 0 2 7 16 6 2 0 2 4 1 2 3 17 9 2 12 16 2 17 9 2 12 16 2 0 2 4 17 18 2 0 2 7 1 2 3 0 2 7 1 2 7 1 2 3 16 6 2 0 2 7 1 2 7 5 31 3 17 18 2 13 6 3 1 2 3 8 9 2 0 60.9240366220474243
1 2 7 12 16 2 12 16 2 0 2 7 5 30 3 0 2 7 1 2 7 1 2 7 1 2 7 16 30 2 0 2 4 0 2 7 5 31 3 0 2 3 0 2 3 0 2 7 0 2 7 1 2 3 0 2 7 17 9 2 0 2 7 6 2 7 0 2 7 17 18 2 0 2 7 12 16 2 1 2 7 1 2 7 0 2 7 16 32 2 16 6 2 0 2 7 1 2 7 0 2 7 0 2 7 0 2 7 13 6 3 1 2 4 1 2 3 6 2 7 12 16 2 1 2 7 5 31 3 16 31 2 1 2 7 0 2 7 17 9 2 0 2 7 5 30 3 0 2 7 0 2 7 0 2 7 1 2 7 0 2 3 0 2 7 5 30 3 5 31 3 0 2 7 0 2 3 6 2 3 0 61.3512976169586182
0 2 7 8 18 2 5 30 3 5 30 3 0 2 7 0 2 7 8 9 2 0 2 7 12 16 2 0 2 7 0 2 7 0 2 7 0 2 7 8 18 2 6 2 7 12 16 2 16 6 2 0 2 7 6 2 7 1 2 11 0 2 7 1 2 7 0 2 7 0 2 7 0 2 11 0 2 7 0 2 7 1 2 7 8 9 2 12 16 2 5 30 3 0 2 7 1 2 7 0 2 7 0 2 7 0 2 7 17 18 2 16 6 2 0 2 7 0 2 7 0 2 7 0 2 7 16 6 2 5 31 3 12 16 2 1 2 7 0 2 7 5 30 3 1 2 7 16 15 2 5 30 3 0 2 7 5 30 3 1 2 11 0 2 7 16 19 11 0 2 7 5 31 3 0 2 7 17 9 2 0 62.5840470790863037
0 2 11 17 9 2 5 30 3 5 30 3 5 30 3 5 30 3 6 2 3 0 2 7 0 2 11 1 2 11 17 9 2 8 9 2 0 2 7 12 16 2 1 2 11 17 18 2 0 2 7 0 2 7 0 2 7 6 2 11 0 2 7 0 2 7 0 2 11 0 2 7 0 2 11 12 16 2 5 30 3 16 6 2 1 2 11 0 2 7 0 2 11 5 30 3 0 2 7 1 2 11 1 2 11 0 2 7 0 2 3 0 2 11 5 30 3 0 2 11 0 2 7 0 2 11 16 19 11 0 2 7 16 19 11 0 2 7 0 2 7 5 30 3 6 2 7 0 2 3 0 2 11 0 2 3 0 2 7 16 19 11 8 18 2 6 2 11 5 30 3 0 2 11 8 9 2 12 16 2 0 64.9128184914588928
5 31 3 12 16 2 0 2 7 0 2 4 5 31 3 1 2 7 13 6 3 0 2 7 0 2 7 0 2 4 0 2 4 0 2 7 1 2 4 0 2 4 0 2 7 1 2 7 0 2 7 1 2 7 5 31 3 1 2 7 0 2 7 0 2 7 1 2 7 0 2 7 1 2 4 0 2 7 1 2 7 12 16 2 0 2 7 0 2 7 0 2 7 1 2 7 1 2 7 1 2 7 0 2 7 17 9 2 1 2 7 0 2 7 0 2 7 17 9 2 0 2 7 12 16 2 12 16 2 16 6 2 0 2 7 17 9 2 0 2 7 1 2 4 0 2 4 6 2 7 1 2 7 0 2 4 12 16 2 17 18 2 16 6 2 1 2 7 1 2 7 13 6 3 17 9 2 5 31 3 0 60.3157115578651428
5 31 3 12 16 2 0 2 4 1 2 7 13 6 3 1 2 7 12 16 2 0 2 7 0 2 7 0 2 7 0 2 4 0 2 3 1 2 7 0 2 7 1 2 7 0 2 4 0 2 4 1 2 4 0 2 7 0 2 7 1 2 7 0 2 7 1 2 7 1 2 7 0 2 7 1 2 7 17 18 2 0 2 3 0 2 7 0 2 7 0 2 7 1 2 4 17 9 2 1 2 7 0 2 7 1 2 7 17 9 2 5 30 3 16 30 2 5 30 3 5 30 3 12 16 2 0 2 7 13 6 3 0 2 3 0 2 7 1 2 7 0 2 4 0 2 7 17 18 2 1 2 7 0 2 3 0 2 7 16 19 11 8 18 2 5 30 3 5 30 3 0 2 7 1 2 3 17 9 2 0 61.1891014575958252
0 2 3 5 30 3 5 30 3 5 30 3 5 30 3 5 30 3 0 2 3 0 2 3 0 2 3 0 2 8 0 2 3 5 30 3 0 2 3 12 16 2 0 2 8 8 18 2 0 2 3 0 2 3 0 2 3 0 2 3 0 2 8 1 2 3 0 2 7 0 2 3 12 16 2 16 6 2 8 18 2 8 9 2 12 16 2 16 19 12 16 19 12 0 2 8 1 2 3 0 2 8 1 2 8 0 2 3 8 9 2 1 2 3 0 2 8 0 2 8 16 6 2 1 2 3 0 2 3 0 2 3 0 2 3 0 2 3 16 19 12 16 19 12 12 16 2 0 2 3 0 2 3 16 19 12 5 30 3 0 2 3 0 2 3 0 2 8 0 2 3 5 30 3 0 2 8 1 2 3 0 67.4658383131027222
12 16 2 0 2 7 0 2 4 0 2 3 13 6 3 1 2 7 0 2 3 0 2 7 0 2 3 1 2 7 1 2 3 0 2 3 0 2 7 0 2 4 0 2 7 1 2 7 1 2 7 0 2 3 0 2 7 0 2 7 0 2 7 0 2 3 0 2 7 5 31 3 1 2 7 0 2 7 1 2 7 12 16 2 0 2 7 1 2 7 0 2 7 1 2 7 1 2 7 1 2 7 1 2 7 1 2 7 17 18 2 13 6 3 17 18 2 17 9 2 0 2 7 0 2 7 1 2 7 12 16 2 0 2 4 0 2 7 12 16 2 17 18 2 5 30 3 0 2 7 1 2 7 16 6 2 16 6 2 5 31 3 16 31 2 5 30 3 0 2 7 1 2 7 0 2 7 1 2 4 0 60.6521735191345215
5 30 3 12 16 2 0 2 7 1 2 7 5 30 3 1 2 7 13 6 3 0 2 4 0 2 7 0 2 7 0 2 7 0 2 7 1 2 7 13 6 3 0 2 7 1 2 7 0 2 7 0 2 4 5 31 3 1 2 7 0 2 7 5 31 3 0 2 3 0 2 7 0 2 7 0 2 7 1 2 7 12 16 2 0 2 7 0 2 7 0 2 7 6 2 7 1 2 7 0 2 4 0 2 7 17 9 2 0 2 7 0 2 7 17 9 2 0 2 7 12 16 2 12 16 2 16 6 2 1 2 3 17 9 2 0 2 7 1 2 7 17 18 2 13 6 3 1 2 7 0 2 7 0 2 7 1 2 7 0 2 7 5 30 3 16 15 2 0 2 7 1 2 7 17 9 2 5 30 3 0 60.7313982844352722

Current Evaluation = 7200(7200)
Front Size = 10
5 31 3 5 31 3 12 16 2 0 2 7 1 2 7 13 6 3 13 6 3 1 2 7 12 16 2 0 2 7 0 2 7 0 2 7 0 2 7 0 2 7 0 2 7 1 2 7 0 2 7 1 2 7 0 2 7 0 2 7 0 2 7 0 2 7 1 2 7 0 2 4 1 2 7 0 2 7 1 2 7 0 2 7 1 2 7 0 2 7 0 2 7 1 2 7 17 18 2 0 2 7 0 2 7 0 2 7 5 31 3 0 2 7 17 18 2 0 2 7 16 6 2 1 2 4 1 2 7 0 2 4 0 2 7 17 9 2 1 2 7 1 2 7 1 2 7 1 2 7 12 16 2 1 2 7 17 9 2 1 2 7 12 16 2 1 2 7 17 18 2 13 6 3 1 2 7 17 9 2 0 59.7211945056915283
5 30 3 5 31 3 12 16 2 1 2 3 1 2 4 13 6 3 1 2 7 12 16 2 0 2 7 0 2 3 0 2 3 1 2 7 0 2 4 0 2 7 0 2 7 0 2 4 0 2 11 0 2 7 0 2 7 0 2 3 0 2 7 0 2 7 1 2 7 6 2 7 1 2 7 0 2 7 17 18 2 0 2 4 5 30 3 1 2 7 16 6 2 0 2 7 17 9 2 12 16 2 17 9 2 12 16 2 0 2 7 17 18 2 1 2 7 1 2 7 0 2 4 16 31 2 0 2 7 1 2 7 5 31 3 13 6 3 17 9 2 1 2 7 1 2 7 0 2 7 1 2 7 0 2 4 0 2 7 0 2 7 1 2 7 0 2 7 1 2 4 0 2 7 1 2 7 1 2 7 0 60.5013056397438049
0 2 11 17 9 2 5 30 3 5 30 3 5 30 3 5 30 3 6 2 3 0 2 7 0 2 11 1 2 11 17 9 2 8 9 2 0 2 7 12 16 2 1 2 11 17 18 2 0 2 7 0 2 7 0 2 7 6 2 11 0 2 7 0 2 7 0 2 11 0 2 7 0 2 11 12 16 2 5 30 3 16 6 2 1 2 11 0 2 7 0 2 11 5 30 3 0 2 7 1 2 11 1 2 11 0 2 7 0 2 3 0 2 11 5 30 3 0 2 11 0 2 7 0 2 11 16 19 11 0 2 7 16 19 11 0 2 7 0 2 7 5 30 3 6 2 7 0 2 3 0 2 11 0 2 3 0 2 7 16 19 11 8 18 2 6 2 11 5 30 3 0 2 11 8 9 2 12 16 2 0 64.9128184914588928
5 30 3 5 30 3 12 16 2 1 2 4 1 2 7 13 6 3 1 2 3 12 16 2 1 2 4 1 2 4 0 2 7 0 2 7 0 2 4 0 2 7 0 2 7 0 2 7 1 2 7 0 2 4 0 2 3 0 2 7 0 2 7 0 2 7 1 2 7 1 2 3 0 2 7 1 2 4 0 2 3 1 2 7 0 2 4 0 2 7 0 2 7 17 18 2 0 2 3 1 2 4 0 2 7 5 30 3 0 2 3 0 2 7 16 6 2 0 2 4 1 2 3 17 9 2 12 16 2 17 9 2 12 16 2 0 2 4 17 18 2 0 2 7 1 2 3 0 2 7 1 2 7 1 2 3 16 6 2 0 2 7 1 2 7 5 31 3 17 18 2 13 6 3 1 2 3 8 9 2 0 60.9240366220474243
0 2 3 5 30 3 5 30 3 5 30 3 5 30 3 5 30 3 0 2 3 0 2 3 0 2 3 0 2 8 0 2 3 5 30 3 0 2 3 12 16 2 0 2 8 8 18 2 0 2 3 0 2 3 0 2 3 0 2 3 0 2 8 1 2 3 0 2 7 0 2 3 12 16 2 16 6 2 8 18 2 8 9 2 12 16 2 16 19 12 16 19 12 0 2 8 1 2 3 0 2 8 1 2 8 0 2 3 8 9 2 1 2 3 0 2 8 0 2 8 16 6 2 1 2 3 0 2 3 0 2 3 0 2 3 0 2 3 16 19 12 16 19 12 12 16 2 0 2 3 0 2 3 16 19 12 5 30 3 0 2 3 0 2 3 0 2 8 0 2 3 5 30 3 0 2 8 1 2 3 0 67.4658383131027222
5 30 3 5 30 3 12 16 2 0 2 7 1 2 7 1 2 7 12 16 2 0 2 7 0 2 7 0 2 4 0 2 11 0 2 7 0 2 11 1 2 7 0 2 7 1 2 7 0 2 7 0 2 7 0 2 11 0 2 7 1 2 7 0 2 7 0 2 7 0 2 7 0 2 7 17 18 2 0 2 7 0 2 7 0 2 7 1 2 11 0 2 7 16 6 2 1 2 7 17 9 2 12 16 2 12 16 2 16 6 2 5 30 3 0 2 7 0 2 11 16 6 2 8 18 2 1 2 7 5 31 3 0 2 7 0 2 7 5 30 3 0 2 7 1 2 4 5 31 3 0 2 7 1 2 7 8 9 2 17 9 2 8 9 2 5 30 3 16 6 2 13 6 3 1 2 7 0 2 7 0 61.7386714220046997
5 31 3 12 16 2 0 2 4 0 2 4 5 31 3 1 2 4 13 6 3 0 2 7 1 2 4 0 2 7 6 2 7 0 2 7 0 2 7 0 2 7 0 2 7 1 2 7 6 2 7 1 2 7 1 2 7 0 2 7 1 2 7 1 2 7 0 2 7 0 2 7 1 2 7 12 16 2 0 2 7 0 2 7 0 2 7 1 2 4 0 2 7 1 2 7 0 2 7 17 9 2 1 2 7 1 2 7 1 2 4 17 9 2 0 2 7 12 16 2 12 16 2 16 6 2 17 9 2 0 2 7 0 2 4 1 2 4 17 18 2 16 6 2 17 9 2 13 6 3 5 31 3 0 2 7 0 2 7 0 2 7 1 2 7 0 2 7 12 16 2 0 2 7 0 2 11 5 31 3 0 60.411604642868042
1 2 7 12 16 2 0 2 7 6 2 4 5 30 3 0 2 7 0 2 4 1 2 7 1 2 7 16 30 2 0 2 4 0 2 7 5 31 3 0 2 4 1 2 7 0 2 7 0 2 7 1 2 3 0 2 7 8 9 2 0 2 7 1 2 7 17 18 2 0 2 7 12 16 2 1 2 7 1 2 3 0 2 7 0 2 7 1 2 7 0 2 7 0 2 7 0 2 7 13 6 3 0 2 7 1 2 7 1 2 7 0 2 7 17 9 2 0 2 7 5 30 3 1 2 7 0 2 7 0 2 7 5 31 3 0 2 7 1 2 7 16 15 2 16 30 2 17 9 2 1 2 7 12 16 2 17 18 2 0 2 7 0 2 7 0 2 7 0 2 7 5 31 3 0 2 3 1 2 7 0 60.8646706938743591
5 30 3 5 30 3 5 30 3 12 16 2 0 2 3 0 2 7 12 16 2 16 30 2 8 9 2 12 16 2 0 2 7 16 6 2 12 16 2 0 2 7 0 2 7 5 30 3 1 2 7 6 2 7 0 2 7 0 2 7 0 2 3 17 9 2 0 2 7 0 2 7 0 2 3 0 2 7 1 2 4 0 2 7 0 2 7 0 2 3 1 2 3 12 16 2 16 19 11 16 19 11 0 2 7 0 2 7 0 2 7 5 31 3 1 2 3 1 2 7 0 2 7 0 2 7 0 2 7 13 6 3 0 2 7 5 30 3 6 2 7 0 2 7 16 19 11 0 2 3 5 31 3 16 19 11 0 2 7 1 2 7 0 2 7 1 2 7 5 30 3 0 2 3 0 2 3 0 2 7 0 63.5067371129989624
5 31 3 12 16 2 0 2 7 0 2 7 13 6 3 13 6 3 1 2 7 12 16 2 1 2 7 0 2 7 0 2 3 0 2 7 0 2 7 1 2 7 5 31 3 1 2 3 0 2 7 0 2 7 0 2 7 0 2 7 0 2 7 0 2 7 0 2 7 1 2 7 0 2 3 0 2 7 0 2 4 0 2 4 17 18 2 17 18 2 16 6 2 1 2 7 0 2 7 17 9 2 12 16 2 17 9 2 12 16 2 17 18 2 5 30 3 1 2 7 5 30 3 5 30 3 16 6 2 0 2 7 0 2 7 0 2 4 0 2 7 0 2 7 6 2 7 1 2 11 0 2 7 0 2 7 1 2 4 1 2 7 1 2 7 0 2 7 1 2 7 13 6 3 1 2 7 5 30 3 0 60.6977062821388245

Current Evaluation = 8100(8100)
Front Size = 10
5 31 3 5 31 3 12 16 2 0 2 7 1 2 7 13 6 3 13 6 3 1 2 7 12 16 2 0 2 7 0 2 7 0 2 7 0 2 7 0 2 7 0 2 7 1 2 7 0 2 7 1 2 7 0 2 7 0 2 7 0 2 7 0 2 7 1 2 7 0 2 4 1 2 7 0 2 7 1 2 7 0 2 7 1 2 7 0 2 7 0 2 7 1 2 7 17 18 2 0 2 7 0 2 7 0 2 7 5 31 3 0 2 7 17 18 2 0 2 7 16 6 2 1 2 4 1 2 7 0 2 4 0 2 7 17 9 2 1 2 7 1 2 7 1 2 7 1 2 7 12 16 2 1 2 7 17 9 2 1 2 7 12 16 2 1 2 7 17 18 2 13 6 3 1 2 7 17 9 2 0 59.7211945056915283
12 16 2 12 16 2 0 2 7 13 6 3 12 16 2 0 2 4 0 2 7 0 2 7 1 2 4 0 2 4 1 2 7 0 2 7 0 2 7 1 2 7 0 2 7 0 2 7 0 2 7 0 2 7 0 2 7 17 18 2 0 2 7 5 31 3 16 6 2 0 2 7 17 9 2 12 16 2 17 18 2 1 2 7 1 2 7 1 2 7 0 2 7 13 6 3 1 2 7 1 2 7 0 2 4 0 2 7 0 2 7 0 2 4 1 2 7 0 2 7 1 2 7 0 2 7 0 2 7 17 9 2 0 2 7 1 2 4 8 9 2 5 31 3 5 31 3 0 2 7 1 2 7 1 2 7 0 2 4 12 16 2 1 2 7 1 2 7 1 2 4 16 6 2 17 18 2 5 30 3 0 60.3829444646835327
5 30 3 5 31 3 12 16 2 1 2 7 1 2 4 13 6 3 1 2 4 12 16 2 0 2 7 0 2 7 0 2 3 1 2 7 0 2 7 0 2 7 0 2 4 0 2 7 0 2 7 0 2 7 0 2 7 0 2 7 0 2 7 0 2 7 1 2 7 1 2 7 1 2 3 0 2 4 17 18 2 0 2 7 5 30 3 1 2 4 16 6 2 0 2 7 17 9 2 12 16 2 17 9 2 12 16 2 0 2 3 17 18 2 1 2 7 1 2 3 0 2 7 16 31 2 0 2 7 6 2 7 5 31 3 13 6 3 17 9 2 1 2 7 1 2 7 0 2 7 1 2 7 0 2 4 0 2 7 0 2 7 1 2 4 0 2 7 1 2 11 0 2 7 1 2 7 1 2 7 0 60.5013055205345154
0 2 11 17 9 2 5 30 3 5 30 3 5 30 3 5 30 3 6 2 3 0 2 7 0 2 11 1 2 11 17 9 2 8 9 2 0 2 7 12 16 2 1 2 11 17 18 2 0 2 7 0 2 7 0 2 7 6 2 11 0 2 7 0 2 7 0 2 11 0 2 7 0 2 11 12 16 2 5 30 3 16 6 2 1 2 11 0 2 7 0 2 11 5 30 3 0 2 7 1 2 11 1 2 11 0 2 7 0 2 3 0 2 11 5 30 3 0 2 11 0 2 7 0 2 11 16 19 11 0 2 7 16 19 11 0 2 7 0 2 7 5 30 3 6 2 7 0 2 3 0 2 11 0 2 3 0 2 7 16 19 11 8 18 2 6 2 11 5 30 3 0 2 11 8 9 2 12 16 2 0 64.9128184914588928
5 30 3 5 30 3 5 30 3 12 16 2 0 2 7 1 2 7 1 2 7 16 19 11 12 16 2 1 2 7 8 9 2 0 2 7 0 2 7 5 30 3 0 2 7 0 2 7 0 2 4 0 2 7 8 9 2 0 2 7 16 19 11 0 2 7 0 2 7 0 2 7 1 2 7 16 19 11 1 2 7 0 2 7 0 2 7 0 2 7 0 2 7 0 2 7 5 30 3 16 19 11 5 31 3 17 18 2 1 2 7 0 2 7 0 2 7 0 2 3 0 2 7 12 16 2 5 30 3 0 2 7 0 2 7 8 9 2 0 2 7 1 2 7 1 2 10 1 2 7 0 2 7 0 2 7 16 19 11 0 2 7 0 2 7 0 2 7 17 9 2 0 2 7 0 2 7 5 30 3 0 63.4859908819198608
12 16 2 0 2 7 12 16 2 16 6 2 12 16 2 12 16 2 0 2 4 5 30 3 0 2 7 5 30 3 0 2 3 17 9 2 1 2 7 0 2 3 0 2 7 0 2 7 0 2 7 13 6 3 0 2 7 8 18 2 17 18 2 0 2 7 0 2 3 1 2 4 1 2 7 0 2 7 5 30 3 1 2 7 0 2 3 12 16 2 16 19 11 16 19 11 0 2 7 1 2 3 0 2 11 0 2 7 1 2 7 0 2 4 1 2 3 5 30 3 1 2 7 6 2 11 6 2 7 0 2 3 17 18 2 8 18 2 0 2 4 0 2 7 0 2 7 0 2 4 0 2 4 0 2 7 5 30 3 1 2 11 16 19 11 0 2 7 0 2 7 5 31 3 1 2 7 0 2 7 0 62.9426782727241516
0 2 3 5 30 3 5 30 3 5 30 3 5 30 3 5 30 3 0 2 3 0 2 3 0 2 3 0 2 8 0 2 3 5 30 3 0 2 3 12 16 2 0 2 8 8 18 2 0 2 3 0 2 3 0 2 3 0 2 3 0 2 8 1 2 3 0 2 7 0 2 3 12 16 2 16 6 2 8 18 2 8 9 2 12 16 2 16 19 12 16 19 12 0 2 8 1 2 3 0 2 8 1 2 8 0 2 3 8 9 2 1 2 3 0 2 8 0 2 8 16 6 2 1 2 3 0 2 3 0 2 3 0 2 3 0 2 3 16 19 12 16 19 12 12 16 2 0 2 3 0 2 3 16 19 12 5 30 3 0 2 3 0 2 3 0 2 8 0 2 3 5 30 3 0 2 8 1 2 3 0 67.4658383131027222
5 31 3 12 16 2 0 2 7 0 2 7 13 6 3 0 2 7 0 2 7 1 2 7 0 2 7 0 2 7 0 2 7 1 2 7 5 30 3 0 2 7 1 2 7 6 2 7 0 2 7 0 2 7 0 2 7 0 2 7 12 16 2 0 2 7 0 2 7 1 2 4 8 9 2 12 16 2 17 18 2 1 2 7 0 2 7 0 2 7 5 30 3 0 2 4 17 9 2 0 2 7 0 2 7 1 2 7 1 2 7 17 9 2 0 2 7 1 2 4 6 2 7 5 30 3 5 30 3 5 30 3 0 2 7 0 2 7 17 9 2 0 2 4 17 9 2 12 16 2 5 30 3 0 2 7 13 6 3 0 2 7 17 18 2 1 2 4 13 6 3 1 2 7 16 15 2 1 2 7 0 60.8150992393493652
0 2 7 12 16 2 0 2 7 0 2 3 1 2 7 1 2 7 1 2 7 0 2 7 1 2 3 0 2 7 0 2 3 1 2 7 0 2 7 17 9 2 0 2 3 1 2 7 17 9 2 0 2 7 12 16 2 1 2 7 1 2 7 0 2 7 0 2 7 6 2 7 0 2 4 0 2 7 0 2 3 13 6 3 1 2 3 1 2 7 1 2 7 0 2 7 17 9 2 0 2 4 5 30 3 0 2 7 0 2 7 0 2 7 12 16 2 8 18 2 0 2 7 0 2 3 1 2 3 0 2 3 5 30 3 0 2 3 5 30 3 0 2 7 16 19 11 16 18 8 0 2 7 5 31 3 16 6 2 6 2 3 1 2 4 16 15 2 0 2 7 12 16 2 5 31 3 0 2 7 0 62.3376644253730774
5 30 3 12 16 2 0 2 7 0 2 7 5 30 3 1 2 7 0 2 3 1 2 7 1 2 7 0 2 7 0 2 7 0 2 3 0 2 7 5 30 3 0 2 7 1 2 7 0 2 3 0 2 7 0 2 7 0 2 7 0 2 3 0 2 7 0 2 7 12 16 2 0 2 7 1 2 3 0 2 7 8 18 2 1 2 7 8 9 2 12 16 2 12 16 2 16 24 2 17 18 2 16 6 2 1 2 7 13 6 3 1 2 7 0 2 7 5 30 3 0 2 7 16 19 11 0 2 7 16 19 11 1 2 3 17 18 2 0 2 7 0 2 3 1 2 7 17 9 2 13 6 3 0 2 3 0 2 7 0 2 7 0 2 7 1 2 7 5 30 3 0 2 3 5 30 3 5 30 3 0 62.3382041454315186

Current Evaluation = 9000(9000)
Front Size = 10
5 31 3 5 31 3 12 16 2 0 2 7 1 2 7 13 6 3 13 6 3 0 2 7 12 16 2 0 2 7 0 2 7 0 2 7 0 2 7 0 2 7 0 2 7 1 2 7 0 2 7 1 2 7 0 2 7 0 2 7 0 2 7 0 2 7 1 2 7 0 2 7 1 2 7 0 2 7 1 2 7 0 2 7 1 2 7 0 2 7 0 2 7 1 2 7 17 18 2 0 2 7 0 2 7 0 2 7 5 31 3 17 18 2 16 6 2 0 2 4 1 2 7 0 2 4 17 9 2 12 16 2 17 9 2 12 16 2 17 18 2 17 9 2 1 2 7 1 2 7 0 2 7 1 2 7 1 2 7 1 2 4 1 2 7 1 2 7 1 2 7 1 2 7 13 6 3 1 2 7 0 59.7211945056915283
0 2 3 5 30 3 5 30 3 5 30 3 5 30 3 5 30 3 0 2 3 0 2 3 0 2 3 0 2 8 0 2 3 5 30 3 0 2 3 12 16 2 0 2 8 8 18 2 0 2 3 0 2 3 0 2 3 0 2 3 0 2 8 1 2 3 0 2 7 0 2 3 12 16 2 16 6 2 8 18 2 8 9 2 12 16 2 16 19 12 16 19 12 0 2 8 1 2 3 0 2 8 1 2 8 0 2 3 8 9 2 1 2 3 0 2 8 0 2 8 16 6 2 1 2 3 0 2 3 0 2 3 0 2 3 0 2 3 16 19 12 16 19 12 12 16 2 0 2 3 0 2 3 16 19 12 5 30 3 0 2 3 0 2 3 0 2 8 0 2 3 5 30 3 0 2 8 1 2 3 0 67.4658383131027222
12 16 2 12 16 2 0 2 10 13 6 3 12 16 2 0 2 7 1 2 11 0 2 4 1 2 7 1 2 4 1 2 11 0 2 4 1 2 7 0 2 7 0 2 7 17 18 2 1 2 7 5 31 3 16 6 2 0 2 4 1 2 3 17 18 2 6 2 3 1 2 7 1 2 3 17 9 2 5 31 3 0 2 7 17 9 2 0 2 7 1 2 3 0 2 7 0 2 4 0 2 7 0 2 7 0 2 7 5 30 3 0 2 4 1 2 7 1 2 7 1 2 4 17 9 2 1 2 3 17 9 2 13 6 3 0 2 7 0 2 7 0 2 7 1 2 4 0 2 3 1 2 7 0 2 7 0 2 7 1 2 7 5 30 3 0 2 7 0 2 4 0 2 7 1 2 7 0 2 7 0 60.7354445457458496
5 30 3 12 16 2 0 2 7 0 2 7 5 30 3 1 2 7 0 2 3 1 2 7 1 2 7 0 2 7 0 2 7 0 2 3 0 2 7 5 30 3 0 2 7 1 2 7 0 2 3 0 2 7 0 2 7 0 2 7 0 2 3 0 2 7 0 2 7 12 16 2 0 2 7 1 2 3 0 2 7 8 18 2 1 2 7 8 9 2 12 16 2 12 16 2 16 24 2 17 18 2 16 6 2 1 2 7 13 6 3 1 2 7 0 2 7 5 30 3 0 2 7 16 19 11 0 2 7 16 19 11 1 2 3 17 18 2 0 2 7 0 2 3 1 2 7 17 9 2 13 6 3 0 2 3 0 2 7 0 2 7 0 2 7 1 2 7 5 30 3 0 2 3 5 30 3 5 30 3 0 62.3382041454315186
0 2 4 5 31 3 0 2 7 5 30 3 5 31 3 5 30 3 0 2 7 0 2 7 0 2 4 0 2 7 0 2 11 5 30 3 0 2 7 12 16 2 0 2 7 1 2 7 0 2 7 1 2 7 0 2 7 0 2 11 0 2 7 1 2 7 0 2 7 17 18 2 12 16 2 16 6 2 8 18 2 8 9 2 12 16 2 16 19 11 16 19 11 0 2 7 0 2 7 0 2 11 1 2 7 0 2 7 8 9 2 0 2 7 0 2 7 0 2 7 16 6 2 1 2 11 12 16 2 0 2 7 0 2 7 1 2 7 16 6 2 8 18 2 12 16 2 1 2 7 1 2 11 17 18 2 5 30 3 0 2 7 0 2 7 0 2 7 0 2 4 5 30 3 0 2 11 1 2 7 0 63.0505262613296509
5 31 3 12 16 2 1 2 7 1 2 4 13 6 3 12 16 2 0 2 7 0 2 4 0 2 4 1 2 7 0 2 7 0 2 7 0 2 7 0 2 7 0 2 7 0 2 7 0 2 4 1 2 4 0 2 4 17 18 2 0 2 7 0 2 7 16 6 2 0 2 7 17 9 2 12 16 2 17 9 2 12 16 2 17 18 2 1 2 7 1 2 7 1 2 7 0 2 7 0 2 7 5 31 3 13 6 3 17 9 2 1 2 7 1 2 7 0 2 7 1 2 7 0 2 7 0 2 3 0 2 7 0 2 7 0 2 7 0 2 7 1 2 7 5 30 3 1 2 4 6 2 7 17 18 2 1 2 7 1 2 4 0 2 4 1 2 4 0 2 7 5 31 3 1 2 4 1 2 4 0 60.2408736348152161
5 31 3 12 16 2 0 2 7 1 2 7 13 6 3 0 2 3 0 2 7 1 2 7 0 2 7 0 2 7 0 2 7 1 2 4 5 30 3 0 2 7 1 2 7 0 2 7 0 2 7 0 2 7 0 2 7 1 2 4 12 16 2 0 2 7 0 2 7 1 2 7 8 9 2 12 16 2 17 18 2 1 2 7 6 2 7 0 2 7 5 30 3 0 2 7 17 9 2 0 2 7 0 2 7 1 2 7 1 2 7 17 9 2 0 2 7 1 2 4 0 2 4 5 30 3 5 30 3 5 30 3 0 2 7 0 2 7 17 9 2 0 2 7 17 9 2 1 2 7 5 30 3 0 2 7 13 6 3 0 2 7 17 18 2 0 2 7 13 6 3 1 2 7 16 15 2 1 2 7 0 60.7404562830924988
5 31 3 5 31 3 12 16 2 0 2 7 0 2 7 13 6 3 0 2 7 12 16 2 0 2 7 0 2 7 1 2 7 0 2 7 0 2 4 0 2 7 8 18 2 0 2 4 1 2 7 16 6 2 0 2 7 0 2 7 0 2 3 1 2 3 0 2 3 1 2 7 1 2 3 1 2 7 1 2 7 17 18 2 5 30 3 17 18 2 16 6 2 0 2 7 1 2 7 0 2 7 17 9 2 12 16 2 17 9 2 12 16 2 17 9 2 0 2 7 1 2 4 1 2 7 1 2 4 0 2 7 0 2 7 0 2 7 0 2 4 0 2 4 0 2 3 0 2 7 0 2 7 0 2 7 5 30 3 1 2 4 1 2 7 1 2 7 1 2 7 1 2 7 13 6 3 1 2 7 0 60.5843155384063721
12 16 2 12 16 2 0 2 7 13 6 3 12 16 2 0 2 4 1 2 7 8 9 2 0 2 4 0 2 4 1 2 7 1 2 7 1 2 7 0 2 7 0 2 10 0 2 7 0 2 7 0 2 7 17 18 2 1 2 7 5 31 3 16 6 2 0 2 7 1 2 7 17 18 2 1 2 4 0 2 4 0 2 4 1 2 7 0 2 4 1 2 7 17 9 2 5 31 3 0 2 4 0 2 7 17 9 2 1 2 11 6 2 7 16 6 2 12 16 2 0 2 4 0 2 7 0 2 7 5 30 3 0 2 7 0 2 7 0 2 3 0 2 7 0 2 7 5 31 3 0 2 7 1 2 7 0 2 4 1 2 7 1 2 7 5 30 3 1 2 10 0 2 4 17 9 2 1 2 7 0 61.0118735432624817
12 16 2 12 16 2 0 2 3 8 18 2 12 16 2 0 2 7 0 2 3 1 2 4 0 2 3 1 2 7 1 2 4 0 2 3 1 2 7 0 2 7 0 2 7 1 2 7 17 18 2 1 2 11 16 31 2 0 2 4 17 9 2 1 2 7 17 18 2 0 2 7 1 2 11 0 2 4 1 2 3 13 6 3 0 2 3 0 2 7 1 2 7 0 2 7 1 2 4 0 2 3 1 2 7 0 2 4 0 2 7 0 2 7 17 9 2 0 2 3 5 30 3 1 2 7 0 2 7 1 2 7 5 31 3 0 2 7 16 6 2 0 2 7 0 2 7 0 2 3 0 2 3 1 2 7 1 2 4 0 2 3 5 30 3 1 2 7 0 2 7 1 2 7 16 6 2 5 30 3 0 61.2881885766983032

Current Evaluation = 9900(9900)
Front Size = 10
5 31 3 5 31 3 12 16 2 0 2 7 1 2 7 13 6 3 13 6 3 0 2 7 12 16 2 0 2 7 0 2 7 0 2 7 0 2 7 0 2 7 0 2 7 1 2 7 0 2 7 1 2 7 0 2 7 0 2 7 0 2 7 0 2 7 1 2 7 0 2 7 1 2 7 0 2 7 1 2 7 0 2 7 1 2 7 0 2 7 0 2 7 1 2 7 17 18 2 0 2 7 0 2 7 0 2 7 5 31 3 17 18 2 16 6 2 0 2 4 1 2 7 0 2 4 17 9 2 12 16 2 17 9 2 12 16 2 17 18 2 17 9 2 1 2 7 1 2 7 0 2 7 1 2 7 1 2 7 1 2 4 1 2 7 1 2 7 1 2 7 1 2 7 13 6 3 1 2 7 0 59.7211945056915283
12 16 2 12 16 2 0 2 4 13 6 3 12 16 2 0 2 7 1 2 7 1 2 7 1 2 7 1 2 7 0 2 4 1 2 7 0 2 7 0 2 7 17 18 2 1 2 7 5 31 3 16 6 2 1 2 1 17 18 2 1 2 4 17 9 2 5 30 3 0 2 7 17 9 2 0 2 7 0 2 7 0 2 7 0 2 7 0 2 7 0 2 4 5 31 3 0 2 7 1 2 7 13 6 3 17 9 2 0 2 4 0 2 7 0 2 7 0 2 7 1 2 7 0 2 7 0 2 4 1 2 7 5 30 3 0 2 4 1 2 7 1 2 7 0 2 4 0 2 7 1 2 7 8 9 2 1 2 7 1 2 7 17 9 2 12 16 2 1 2 4 0 2 7 0 2 4 0 2 7 0 60.4231065511703491
5 30 3 12 16 2 0 2 7 0 2 4 13 6 3 0 2 7 12 16 2 0 2 7 1 2 7 1 2 7 1 2 7 0 2 3 6 2 3 1 2 3 1 2 7 0 2 7 1 2 3 1 2 7 0 2 3 1 2 7 17 18 2 0 2 4 0 2 4 17 9 2 5 31 3 5 30 3 5 31 3 12 16 2 5 30 3 0 2 7 0 2 7 0 2 7 1 2 4 0 2 7 0 2 7 0 2 7 0 2 7 17 9 2 0 2 4 0 2 4 0 2 7 0 2 3 0 2 10 1 2 4 0 2 7 17 9 2 0 2 7 16 18 11 1 2 4 0 2 7 0 2 4 0 2 3 16 19 11 0 2 7 1 2 7 1 2 3 1 2 7 1 2 4 1 2 4 17 9 2 0 61.8234586119651794
5 30 3 12 16 2 0 2 7 1 2 7 13 6 3 0 2 7 0 2 7 1 2 7 0 2 7 0 2 7 0 2 7 1 2 7 5 30 3 0 2 7 1 2 7 0 2 7 0 2 7 8 18 2 0 2 7 1 2 4 12 16 2 0 2 7 0 2 7 1 2 7 8 9 2 12 16 2 17 18 2 1 2 7 0 2 7 0 2 7 5 30 3 0 2 7 17 9 2 0 2 7 0 2 7 1 2 7 1 2 7 17 9 2 0 2 7 1 2 7 0 2 7 5 30 3 5 30 3 5 30 3 0 2 7 0 2 4 17 9 2 0 2 7 17 9 2 1 2 7 5 30 3 0 2 4 13 6 3 0 2 7 17 18 2 0 2 7 13 6 3 1 2 7 16 15 2 1 2 7 0 60.7076891660690308
0 2 3 5 30 3 5 30 3 5 30 3 5 30 3 5 30 3 0 2 3 0 2 3 0 2 3 0 2 8 0 2 3 5 30 3 0 2 3 12 16 2 0 2 8 8 18 2 0 2 3 0 2 3 0 2 3 0 2 3 0 2 8 1 2 3 0 2 7 0 2 3 12 16 2 16 6 2 8 18 2 8 9 2 12 16 2 16 19 12 16 19 12 0 2 8 1 2 3 0 2 8 1 2 8 0 2 3 8 9 2 1 2 3 0 2 8 0 2 8 16 6 2 1 2 3 0 2 3 0 2 3 0 2 3 0 2 3 16 19 12 16 19 12 12 16 2 0 2 3 0 2 3 16 19 12 5 30 3 0 2 3 0 2 3 0 2 8 0 2 3 5 30 3 0 2 8 1 2 3 0 67.4658383131027222
0 2 3 5 30 3 5 30 3 12 16 2 1 2 3 0 2 7 12 16 2 16 6 2 12 16 2 1 2 3 1 2 3 1 2 3 6 2 3 0 2 7 5 30 3 0 2 7 0 2 7 0 2 3 17 18 2 1 2 11 5 31 3 13 6 3 0 2 8 0 2 7 1 2 7 1 2 7 0 2 3 0 2 4 0 2 4 0 2 3 8 18 2 8 9 2 5 31 3 16 19 12 0 2 8 0 2 8 1 2 7 0 2 3 8 9 2 0 2 7 0 2 8 1 2 7 0 2 3 0 2 3 0 2 3 0 2 3 16 19 12 1 2 4 12 16 2 0 2 4 1 2 4 16 19 12 1 2 4 0 2 7 17 9 2 0 2 8 0 2 4 5 30 3 0 2 8 1 2 3 0.000487514145519946118 64.479769229888916
5 31 3 12 16 2 6 2 7 1 2 4 13 6 3 12 16 2 0 2 7 0 2 4 0 2 4 1 2 7 0 2 7 0 2 7 0 2 7 0 2 7 0 2 7 0 2 7 0 2 7 1 2 7 0 2 4 17 18 2 0 2 7 0 2 7 16 6 2 0 2 7 17 9 2 1 2 7 17 9 2 12 16 2 17 18 2 1 2 7 1 2 7 1 2 7 0 2 7 0 2 7 5 31 3 13 6 3 17 9 2 1 2 7 1 2 7 0 2 7 1 2 7 0 2 7 0 2 3 1 2 7 0 2 7 0 2 7 0 2 7 1 2 7 5 30 3 1 2 4 0 2 7 17 18 2 1 2 7 1 2 4 0 2 4 1 2 3 0 2 7 5 31 3 1 2 4 1 2 4 0 60.1825236678123474
12 16 2 0 2 7 12 16 2 16 6 2 12 16 2 12 16 2 5 31 3 5 31 3 1 2 7 8 18 2 13 6 3 0 2 7 1 2 3 0 2 7 0 2 7 0 2 7 0 2 3 16 19 12 0 2 3 0 2 7 1 2 7 0 2 7 0 2 7 0 2 7 0 2 7 0 2 3 0 2 3 0 2 3 0 2 7 1 2 7 0 2 7 1 2 7 5 30 3 0 2 7 16 19 12 8 9 2 16 19 12 0 2 3 5 30 3 0 2 3 0 2 3 0 2 4 1 2 7 0 2 4 0 2 3 17 9 2 17 18 2 17 9 2 0 2 8 1 2 7 1 2 3 1 2 7 1 2 7 5 30 3 5 30 3 0 2 3 0 2 3 1 2 7 13 6 3 0 2 3 0.00010495444521491711 63.3265347480773926
0 2 7 5 31 3 5 30 3 12 16 2 1 2 7 0 2 7 12 16 2 16 6 2 12 16 2 1 2 7 0 2 3 1 2 11 5 30 3 5 30 3 8 9 2 0 2 7 0 2 7 0 2 7 0 2 7 1 2 11 5 30 3 0 2 7 0 2 7 17 18 2 0 2 4 0 2 7 15 2 11 0 2 7 1 2 7 0 2 3 0 2 7 17 9 2 5 31 3 1 2 10 1 2 7 13 6 3 1 2 7 0 2 7 0 2 7 0 2 4 1 2 7 16 6 2 1 2 7 1 2 7 17 18 2 0 2 11 0 2 3 16 20 12 1 2 4 0 2 7 0 2 7 0 2 7 5 30 3 0 2 4 0 2 7 0 2 7 0 2 7 17 9 2 0 2 4 0 2 7 0 61.8856773376464844
5 31 3 12 16 2 0 2 7 0 2 7 13 6 3 0 2 7 12 16 2 0 2 7 0 2 7 0 2 4 0 2 7 0 2 7 1 2 4 1 2 7 1 2 4 0 2 4 1 2 7 1 2 7 1 2 11 1 2 4 17 18 2 0 2 4 1 2 7 17 9 2 12 16 2 5 31 3 5 30 3 12 16 2 5 30 3 5 30 3 13 6 3 0 2 3 8 18 2 0 2 7 16 19 12 5 30 3 0 2 7 0 2 7 0 2 3 0 2 7 0 2 7 1 2 3 17 18 2 0 2 7 1 2 7 0 2 3 17 9 2 1 2 7 0 2 3 1 2 7 13 6 3 16 30 2 1 2 11 17 18 2 1 2 7 0 2 7 16 6 2 0 2 3 1 2 7 0 2 7 0.00997874540001640609 61.1012434959411621

Current Evaluation = 10800(10800)
Front Size = 10
5 31 3 5 31 3 12 16 2 0 2 7 1 2 7 13 6 3 13 6 3 0 2 7 12 16 2 0 2 7 0 2 7 0 2 7 0 2 7 0 2 7 0 2 7 1 2 7 0 2 7 1 2 7 0 2 7 0 2 7 0 2 7 0 2 7 1 2 7 0 2 7 1 2 7 0 2 7 1 2 7 0 2 7 1 2 7 0 2 7 0 2 7 1 2 7 17 18 2 0 2 7 0 2 7 0 2 7 5 31 3 17 18 2 16 6 2 0 2 4 1 2 7 0 2 4 17 9 2 12 16 2 17 9 2 12 16 2 17 18 2 17 9 2 1 2 7 1 2 7 0 2 7 1 2 7 1 2 7 1 2 4 1 2 7 1 2 7 1 2 7 1 2 7 13 6 3 1 2 7 0 59.7211945056915283
0 2 3 5 30 3 5 30 3 5 30 3 5 30 3 5 30 3 0 2 3 0 2 3 0 2 3 0 2 8 0 2 3 5 30 3 0 2 3 12 16 2 0 2 8 8 18 2 0 2 3 0 2 3 0 2 3 0 2 3 0 2 8 1 2 3 0 2 7 0 2 3 12 16 2 16 6 2 8 18 2 8 9 2 12 16 2 16 19 12 16 19 12 0 2 8 1 2 3 0 2 8 1 2 8 0 2 3 8 9 2 1 2 3 0 2 8 0 2 8 16 6 2 1 2 3 0 2 3 0 2 3 0 2 3 0 2 3 16 19 12 16 19 12 12 16 2 0 2 3 0 2 3 16 19 12 5 30 3 0 2 3 0 2 3 0 2 8 0 2 3 5 30 3 0 2 8 1 2 3 0 67.4658383131027222
12 16 2 1 2 7 0 2 7 1 2 7 13 6 3 0 2 7 12 16 2 0 2 7 0 2 4 0 2 4 1 2 4 0 2 7 0 2 4 1 2 4 0 2 7 0 2 7 0 2 4 0 2 7 1 2 7 1 2 7 0 2 7 0 2 7 0 2 7 1 2 3 0 2 7 1 2 7 17 18 2 17 18 2 1 2 7 1 2 7 17 9 2 12 16 2 17 9 2 17 9 2 1 2 7 0 2 7 1 2 7 0 2 7 1 2 4 0 2 4 0 2 7 0 2 7 0 2 7 17 9 2 5 31 3 0 2 7 5 30 3 13 6 3 1 2 7 0 2 4 5 31 3 0 2 7 6 2 7 5 31 3 6 2 7 16 15 2 12 16 2 0 2 7 1 2 7 1 2 7 0 60.4199066162109375
5 31 3 12 16 2 1 2 7 0 2 7 0 2 7 13 6 3 12 16 2 0 2 4 1 2 7 1 2 7 0 2 7 0 2 7 0 2 7 0 2 7 0 2 7 0 2 7 0 2 7 0 2 7 0 2 7 1 2 7 1 2 7 0 2 7 1 2 7 0 2 7 5 30 3 1 2 7 1 2 7 17 18 2 1 2 7 0 2 7 17 9 2 0 2 7 0 2 7 1 2 7 0 2 7 17 9 2 0 2 7 17 18 2 0 2 7 0 2 7 0 2 7 6 2 7 13 6 3 5 30 3 0 2 7 5 31 3 5 30 3 1 2 7 0 2 7 1 2 7 17 1 2 17 9 2 0 2 7 5 31 3 1 2 7 16 30 2 6 2 7 12 16 2 0 2 7 1 2 7 0 60.5340855121612549
5 30 3 12 16 2 0 2 7 1 2 7 13 6 3 0 2 7 0 2 7 1 2 7 0 2 7 0 2 7 0 2 7 1 2 7 5 30 3 0 2 7 1 2 7 0 2 7 0 2 7 8 18 2 0 2 7 1 2 4 12 16 2 0 2 7 0 2 7 1 2 7 8 9 2 12 16 2 17 18 2 1 2 7 0 2 7 0 2 7 5 30 3 0 2 7 17 9 2 0 2 7 0 2 7 1 2 7 1 2 7 17 9 2 0 2 7 1 2 7 0 2 7 5 30 3 5 30 3 5 30 3 0 2 7 0 2 4 17 9 2 0 2 7 17 9 2 1 2 7 5 30 3 0 2 4 13 6 3 0 2 7 17 18 2 0 2 7 13 6 3 1 2 7 16 15 2 1 2 7 0 60.7076891660690308
5 31 3 5 31 3 12 16 2 0 2 7 1 2 7 13 6 3 13 6 3 0 2 4 12 16 2 0 2 7 1 2 7 0 2 7 0 2 7 0 2 7 0 2 7 1 2 7 0 2 7 0 2 7 0 2 7 0 2 4 0 2 7 0 2 4 1 2 7 0 2 7 1 2 3 0 2 7 1 2 3 0 2 7 1 2 7 0 2 7 0 2 7 17 18 2 17 18 2 16 30 2 0 2 4 1 2 7 0 2 7 17 9 2 12 16 2 17 9 2 12 16 2 17 9 2 1 2 4 1 2 7 1 2 7 1 2 7 1 2 7 1 2 4 0 2 7 1 2 7 0 2 7 0 2 7 17 9 2 5 30 3 1 2 7 5 30 3 1 2 7 1 2 7 13 6 3 0 2 7 0 59.9867335557937622
12 16 2 0 2 7 12 16 2 16 6 2 12 16 2 12 16 2 5 31 3 5 31 3 1 2 7 8 18 2 13 6 3 0 2 7 1 2 3 0 2 7 0 2 7 0 2 7 0 2 3 16 19 12 0 2 3 0 2 7 1 2 7 0 2 7 0 2 7 0 2 7 0 2 7 0 2 3 0 2 3 0 2 3 0 2 7 1 2 7 0 2 7 1 2 7 5 30 3 0 2 7 16 19 12 8 9 2 16 19 12 0 2 3 5 30 3 0 2 3 0 2 3 0 2 4 1 2 7 0 2 4 0 2 3 17 9 2 17 18 2 17 9 2 0 2 8 1 2 7 1 2 3 1 2 7 1 2 7 5 30 3 5 30 3 0 2 3 0 2 3 1 2 7 13 6 3 0 2 3 0.00010495444521491711 63.3265347480773926
5 31 3 5 31 3 12 16 2 1 2 7 0 2 7 1 2 7 13 6 3 12 16 2 0 2 7 0 2 7 0 2 7 6 2 7 0 2 7 0 2 7 0 2 7 0 2 7 0 2 7 0 2 7 1 2 4 0 2 4 6 2 7 0 2 7 0 2 7 0 2 7 0 2 7 1 2 7 5 31 3 1 2 4 1 2 4 17 18 2 12 16 2 1 2 7 17 9 2 0 2 7 1 2 7 1 2 7 0 2 4 16 6 2 0 2 4 17 9 2 0 2 7 1 2 7 12 16 2 17 18 2 17 18 2 1 2 11 0 2 7 13 6 3 1 2 7 0 2 7 1 2 4 0 2 7 0 2 7 16 6 2 5 31 3 1 2 7 12 16 2 0 2 7 0 2 4 1 2 7 0 60.4116045236587524
5 31 3 12 16 2 0 2 7 13 6 3 12 16 2 1 2 3 0 2 7 1 2 7 0 2 3 0 2 4 0 2 7 0 2 4 0 2 7 0 2 3 0 2 7 5 30 3 1 2 7 0 2 7 0 2 7 0 2 7 0 2 7 17 9 2 0 2 7 17 9 2 12 16 2 1 2 3 0 2 7 1 2 4 0 2 7 0 2 7 5 30 3 17 9 2 1 2 4 1 2 7 0 2 7 13 6 3 5 30 3 1 2 7 1 2 7 0 2 7 17 9 2 0 2 7 0 2 7 0 2 7 1 2 7 1 2 7 5 30 3 0 2 3 1 2 3 16 6 2 1 2 4 6 2 7 1 2 7 1 2 3 1 2 7 16 19 11 1 2 4 0 2 3 17 1 2 0 2 7 0.000199943656279413849 60.9229235053062439
12 16 2 0 2 7 0 2 10 1 2 7 13 6 3 0 2 3 12 16 2 0 2 7 0 2 3 0 2 7 0 2 7 0 2 7 0 2 7 0 2 7 1 2 7 1 2 3 0 2 7 0 2 7 0 2 4 16 19 11 0 2 7 1 2 7 17 18 2 1 2 7 1 2 7 17 9 2 12 16 2 17 9 2 1 2 7 1 2 7 1 2 7 0 2 4 5 30 3 5 30 3 13 6 3 5 31 3 12 16 2 1 2 7 0 2 4 12 16 2 0 2 7 0 2 7 0 2 7 17 18 2 0 2 7 1 2 7 0 2 7 0 2 7 0 2 3 5 30 3 1 2 7 0 2 3 1 2 4 16 19 11 8 9 2 16 9 11 5 30 3 1 2 7 0 2 7 0 2 7 0 61.947259247303009

Current Evaluation = 11700(11700)
Front Size = 10
12 16 2 1 2 7 13 6 3 12 16 2 0 2 7 0 2 7 1 2 7 0 2 7 0 2 7 1 2 7 17 18 2 1 2 7 12 16 2 1 2 7 0 2 7 0 2 7 1 2 7 17 18 2 0 2 7 17 9 2 1 2 7 1 2 7 0 2 7 0 2 7 1 2 7 1 2 7 16 6 2 0 2 7 5 31 3 1 2 7 0 2 7 1 2 7 1 2 7 5 31 3 1 2 7 0 2 7 5 31 3 12 16 2 0 2 7 0 2 7 17 9 2 0 2 7 0 2 7 0 2 7 1 2 7 13 6 3 0 2 4 0 2 7 0 2 4 0 2 7 0 2 7 0 2 7 13 6 3 1 2 7 1 2 7 0 2 7 17 9 2 1 2 4 1 2 7 17 18 2 0 59.7211945056915283
5 31 3 5 31 3 12 16 2 0 2 7 1 2 7 13 6 3 13 6 3 0 2 4 12 16 2 0 2 7 1 2 7 0 2 7 0 2 7 0 2 7 0 2 7 1 2 7 0 2 7 0 2 7 0 2 7 0 2 4 0 2 7 0 2 4 1 2 7 0 2 7 1 2 3 0 2 7 1 2 3 0 2 7 1 2 7 0 2 7 0 2 7 17 18 2 17 18 2 16 30 2 0 2 4 1 2 7 0 2 7 17 9 2 12 16 2 17 9 2 12 16 2 17 9 2 1 2 4 1 2 7 1 2 7 1 2 7 1 2 7 1 2 4 0 2 7 1 2 7 0 2 7 0 2 7 17 9 2 5 30 3 1 2 7 5 30 3 1 2 7 1 2 7 13 6 3 0 2 7 0 59.9867335557937622
0 2 3 5 30 3 5 30 3 5 30 3 5 30 3 5 30 3 0 2 3 0 2 3 0 2 3 0 2 8 0 2 3 5 30 3 0 2 3 12 16 2 0 2 8 8 18 2 0 2 3 0 2 3 0 2 3 0 2 3 0 2 8 1 2 3 0 2 7 0 2 3 12 16 2 16 6 2 8 18 2 8 9 2 12 16 2 16 19 12 16 19 12 0 2 8 1 2 3 0 2 8 1 2 8 0 2 3 8 9 2 1 2 3 0 2 8 0 2 8 16 6 2 1 2 3 0 2 3 0 2 3 0 2 3 0 2 3 16 19 12 16 19 12 12 16 2 0 2 3 0 2 3 16 19 12 5 30 3 0 2 3 0 2 3 0 2 8 0 2 3 5 30 3 0 2 8 1 2 3 0 67.4658383131027222
5 31 3 12 16 2 0 2 7 1 2 7 13 6 3 13 6 3 0 2 4 12 16 2 0 2 7 1 2 7 0 2 7 0 2 7 0 2 7 0 2 7 1 2 7 0 2 7 0 2 7 0 2 7 0 2 4 0 2 7 1 2 7 0 2 7 1 2 3 0 2 7 1 2 3 0 2 7 1 2 7 0 2 7 0 2 7 17 18 2 17 18 2 1 2 7 0 2 7 17 9 2 12 16 2 17 9 2 12 16 2 1 2 4 1 2 7 1 2 7 1 2 7 1 2 7 0 2 7 1 2 7 0 2 7 0 2 7 5 30 3 1 2 7 5 30 3 1 2 7 1 2 7 13 6 3 0 2 7 1 2 7 0 2 7 5 30 3 0 2 7 17 18 2 17 18 2 8 18 2 0 60.3414283990859985
12 16 2 0 2 4 13 6 3 12 16 2 0 2 7 0 2 7 1 2 7 0 2 7 1 2 4 0 2 4 0 2 7 1 2 7 1 2 4 17 18 2 0 2 7 12 16 2 1 2 7 0 2 7 5 31 3 1 2 7 0 2 7 1 2 7 0 2 4 17 18 2 0 2 7 0 2 7 17 18 2 1 2 4 1 2 7 8 9 2 0 2 7 1 2 7 1 2 7 17 18 2 1 2 7 0 2 7 0 2 4 1 2 4 1 2 7 0 2 4 0 2 7 0 2 7 0 2 4 5 31 3 0 2 7 12 16 2 5 31 3 0 2 7 1 2 4 0 2 7 5 31 3 16 6 2 12 16 2 16 6 2 0 2 7 0 2 4 1 2 7 17 9 2 0 2 4 6 2 7 0 60.6511556506156921
5 31 3 12 16 2 1 2 7 0 2 3 13 6 3 0 2 7 12 16 2 1 2 7 0 2 7 0 2 7 1 2 7 1 2 4 0 2 4 0 2 3 0 2 7 0 2 7 1 2 7 8 18 2 0 2 4 0 2 7 0 2 4 0 2 7 1 2 7 0 2 7 1 2 7 1 2 7 0 2 7 17 18 2 17 18 2 1 2 4 1 2 7 12 16 2 0 2 7 0 2 7 1 2 7 17 1 2 5 30 3 5 30 3 0 2 7 1 2 7 17 18 2 0 2 7 0 2 7 1 2 7 0 2 7 5 30 3 17 18 2 1 2 7 1 2 7 1 2 7 1 2 7 1 2 7 17 18 2 0 2 7 17 9 2 0 2 7 0 2 7 13 6 3 0 2 7 0 2 3 0 60.3709725141525269
12 16 2 1 2 7 13 6 3 12 16 2 0 2 7 0 2 7 1 2 7 0 2 7 0 2 7 0 2 7 17 18 2 0 2 7 12 16 2 1 2 4 0 2 7 0 2 3 0 2 7 17 18 2 6 2 7 17 9 2 1 2 7 1 2 7 1 2 7 0 2 7 0 2 4 0 2 7 16 15 2 1 2 7 5 30 3 0 2 7 6 2 4 0 2 3 12 16 2 5 31 3 1 2 4 0 2 7 5 31 3 12 16 2 0 2 7 1 2 4 17 9 2 0 2 4 1 2 4 0 2 7 13 6 3 0 2 7 0 2 7 1 2 7 0 2 7 0 2 7 0 2 7 6 2 7 17 18 2 0 2 7 13 6 3 5 30 3 5 30 3 1 2 7 17 9 2 1 2 4 0 60.5332744717597961
12 16 2 1 2 7 13 6 3 12 16 2 0 2 7 0 2 7 1 2 7 0 2 7 0 2 7 1 2 7 17 18 2 1 2 7 12 16 2 1 2 7 0 2 7 0 2 7 1 2 7 17 18 2 0 2 7 0 2 3 17 9 2 1 2 3 1 2 7 1 2 7 0 2 7 0 2 7 1 2 7 0 2 3 1 2 7 16 6 2 0 2 7 5 31 3 1 2 7 0 2 7 1 2 7 1 2 7 5 31 3 1 2 7 0 2 7 5 31 3 1 2 3 12 16 2 0 2 7 0 2 7 17 9 2 0 2 7 0 2 7 0 2 3 5 30 3 0 2 7 1 2 7 13 6 3 0 2 4 16 18 11 0 2 3 0 2 7 0 2 4 0 2 7 0 2 7 16 6 2 0 60.8987675309181213
12 16 2 1 2 7 13 6 3 12 16 2 0 2 7 0 2 7 1 2 7 0 2 7 1 2 7 1 2 7 17 18 2 0 2 7 12 16 2 1 2 4 1 2 7 1 2 7 1 2 3 17 18 2 0 2 7 17 9 2 0 2 7 0 2 7 0 2 7 0 2 7 1 2 7 0 2 7 16 6 2 0 2 7 5 30 3 1 2 7 0 2 7 1 2 7 0 2 7 5 31 3 1 2 7 0 2 3 5 31 3 12 16 2 0 2 7 0 2 7 17 9 2 0 2 7 0 2 7 0 2 7 5 30 3 13 6 3 0 2 3 0 2 7 0 2 7 0 2 7 1 2 7 0 2 7 1 2 7 13 6 3 17 9 2 0 2 7 5 30 3 16 18 11 1 2 7 1 2 7 0 60.6212833523750305
12 16 2 0 2 7 1 2 7 13 6 3 12 16 2 0 2 4 1 2 7 0 2 7 1 2 11 0 2 7 1 2 7 0 2 7 0 2 3 1 2 7 1 2 7 17 18 2 0 2 11 12 16 2 1 2 7 0 2 7 5 30 3 1 2 7 0 2 4 0 2 3 0 2 7 5 30 3 5 30 3 5 30 3 16 19 11 0 2 3 0 2 7 8 18 2 16 31 2 0 2 7 0 2 7 0 2 7 0 2 7 0 2 3 0 2 7 0 2 3 0 2 7 0 2 7 5 31 3 1 2 7 17 18 2 16 6 2 0 2 3 0 2 3 5 30 3 1 2 7 0 2 11 1 2 7 1 2 7 0 2 7 17 18 2 0 2 4 1 2 7 1 2 7 0 2 3 16 30 2 0 61.9579645395278931

Current Evaluation = 12600(12600)
Front Size = 10
12 16 2 1 2 7 13 6 3 12 16 2 0 2 7 0 2 7 1 2 7 0 2 7 0 2 7 1 2 7 17 18 2 1 2 7 12 16 2 1 2 7 0 2 7 0 2 7 1 2 7 17 18 2 0 2 7 17 9 2 1 2 7 1 2 7 0 2 7 0 2 7 1 2 7 1 2 7 16 6 2 0 2 7 5 31 3 1 2 7 0 2 7 1 2 7 1 2 7 5 31 3 1 2 7 0 2 7 5 31 3 12 16 2 0 2 7 0 2 7 17 9 2 0 2 7 0 2 7 0 2 7 1 2 7 13 6 3 0 2 4 0 2 7 0 2 4 0 2 7 0 2 7 0 2 7 13 6 3 1 2 7 1 2 7 0 2 7 17 9 2 1 2 4 1 2 7 17 18 2 0 59.7211945056915283
5 31 3 12 16 2 0 2 7 1 2 7 13 6 3 13 6 3 0 2 7 12 16 2 0 2 4 0 2 7 0 2 7 0 2 7 0 2 7 0 2 7 1 2 7 0 2 7 0 2 4 0 2 7 0 2 7 1 2 7 1 2 7 0 2 7 0 2 7 0 2 7 1 2 4 0 2 7 0 2 7 17 18 2 17 18 2 1 2 7 0 2 4 17 9 2 12 16 2 17 9 2 12 16 2 0 2 7 1 2 7 1 2 7 1 2 7 1 2 1 1 2 7 0 2 7 0 2 7 1 2 7 1 2 4 13 6 3 1 2 7 5 31 3 5 30 3 5 30 3 1 2 7 0 2 4 1 2 4 0 2 4 0 2 7 1 2 7 17 18 2 17 9 2 6 2 7 17 18 2 0 60.1571945548057556
12 16 2 1 2 7 12 16 2 12 16 2 12 16 2 5 30 3 5 30 3 13 6 3 0 2 7 16 31 2 0 2 3 0 2 7 0 2 7 0 2 7 0 2 4 1 2 7 1 2 7 1 2 7 0 2 7 5 31 3 17 18 2 17 18 2 1 2 4 1 2 7 5 30 3 15 2 11 0 2 7 0 2 4 0 2 7 0 2 7 0 2 7 1 2 4 5 31 3 1 2 7 0 2 7 0 2 7 0 2 4 0 2 7 17 9 2 0 2 7 1 2 7 16 6 2 1 2 4 0 2 4 16 31 2 1 2 7 16 6 2 12 16 2 0 2 7 0 2 7 1 2 7 0 2 7 0 2 7 0 2 7 0 2 7 0 2 7 0 2 3 1 2 7 0 2 7 1 2 7 0 60.9458173513412476
12 16 2 13 6 3 12 16 2 0 2 7 12 16 2 1 2 4 5 31 3 0 2 4 0 2 7 0 2 7 16 6 2 0 2 7 0 2 7 0 2 7 0 2 7 0 2 7 1 2 3 0 2 7 0 2 7 17 18 2 0 2 7 0 2 1 6 2 7 1 2 7 0 2 7 0 2 7 1 2 7 1 2 7 0 2 7 0 2 7 0 2 7 0 2 4 1 2 7 0 2 7 1 2 7 0 2 4 17 18 2 1 2 7 5 30 3 0 2 4 0 2 3 5 31 3 1 2 7 0 2 7 1 2 7 16 19 11 17 18 2 0 2 7 0 2 7 5 31 3 5 30 3 0 2 4 5 30 3 6 2 7 0 2 7 5 31 3 6 2 7 6 2 7 17 9 2 16 6 2 0 61.7118295431137085
5 31 3 12 16 2 0 2 7 1 2 7 13 6 3 13 6 3 0 2 7 12 16 2 0 2 7 0 2 7 0 2 7 0 2 7 0 2 7 0 2 4 1 2 7 0 2 7 0 2 7 0 2 7 0 2 7 1 2 7 1 2 7 0 2 7 0 2 7 0 2 7 1 2 7 1 2 7 0 2 7 17 18 2 17 18 2 1 2 7 0 2 7 17 9 2 12 16 2 0 2 7 1 2 7 1 2 7 1 2 7 1 2 7 0 2 7 1 2 7 0 2 7 1 2 7 1 2 7 17 18 2 5 30 3 5 30 3 17 18 2 1 2 7 8 18 2 0 2 4 0 2 7 1 2 7 0 2 7 0 2 7 1 2 7 0 2 7 17 1 2 5 31 3 17 18 2 1 2 7 0 60.2312514781951904
12 16 2 1 2 4 13 6 3 12 16 2 0 2 7 1 2 7 0 2 7 0 2 7 0 2 7 1 2 7 17 18 2 1 2 7 12 16 2 1 2 7 0 2 11 0 2 11 1 2 7 17 18 2 0 2 7 17 9 2 1 2 11 1 2 7 0 2 7 1 2 7 1 2 7 0 2 7 0 2 7 5 31 3 1 2 7 0 2 7 1 2 4 1 2 7 5 31 3 1 2 7 0 2 7 0 2 7 1 2 7 0 2 7 0 2 7 0 2 7 1 2 7 13 6 3 0 2 7 0 2 7 0 2 7 0 2 7 0 2 4 0 2 4 1 2 7 1 2 7 0 2 7 0 2 7 17 18 2 5 30 3 17 18 2 1 2 7 17 9 2 13 6 3 17 9 2 1 2 7 0 59.8851566314697266
0 2 3 5 30 3 5 30 3 5 30 3 5 30 3 5 30 3 0 2 3 0 2 3 0 2 3 0 2 8 0 2 3 5 30 3 0 2 3 12 16 2 0 2 8 8 18 2 0 2 3 0 2 3 0 2 3 0 2 3 0 2 8 1 2 3 0 2 7 0 2 3 12 16 2 16 6 2 8 18 2 8 9 2 12 16 2 16 19 12 16 19 12 0 2 8 1 2 3 0 2 8 1 2 8 0 2 3 8 9 2 1 2 3 0 2 8 0 2 8 16 6 2 1 2 3 0 2 3 0 2 3 0 2 3 0 2 3 16 19 12 16 19 12 12 16 2 0 2 3 0 2 3 16 19 12 5 30 3 0 2 3 0 2 3 0 2 8 0 2 3 5 30 3 0 2 8 1 2 3 0 67.4658383131027222
12 16 2 0 2 7 1 2 7 13 6 3 12 16 2 0 2 4 1 2 7 0 2 7 1 2 11 0 2 7 1 2 7 0 2 7 0 2 3 1 2 7 1 2 7 17 18 2 0 2 11 12 16 2 1 2 7 0 2 7 5 30 3 1 2 7 0 2 4 0 2 3 0 2 7 5 30 3 5 30 3 5 30 3 16 19 11 0 2 3 0 2 7 8 18 2 16 31 2 0 2 7 0 2 7 0 2 7 0 2 7 0 2 3 0 2 7 0 2 3 0 2 7 0 2 7 5 31 3 1 2 7 17 18 2 16 6 2 0 2 3 0 2 3 5 30 3 1 2 7 0 2 11 1 2 7 1 2 7 0 2 7 17 18 2 0 2 4 1 2 7 1 2 7 0 2 3 16 30 2 0 61.9579645395278931
5 31 3 5 31 3 12 16 2 0 2 7 1 2 7 13 6 3 13 6 3 0 2 4 12 16 2 0 2 7 1 2 7 0 2 7 0 2 7 0 2 7 0 2 7 1 2 7 0 2 7 0 2 7 0 2 7 0 2 4 0 2 7 0 2 4 1 2 7 0 2 7 1 2 3 0 2 7 1 2 3 0 2 7 1 2 7 0 2 7 0 2 7 17 18 2 17 18 2 16 30 2 0 2 4 1 2 7 0 2 7 17 9 2 12 16 2 17 9 2 12 16 2 17 9 2 1 2 4 1 2 7 1 2 7 1 2 7 1 2 7 1 2 4 0 2 7 1 2 7 0 2 7 0 2 7 17 9 2 5 30 3 1 2 7 5 30 3 1 2 7 1 2 7 13 6 3 0 2 7 0 59.9867335557937622
12 16 2 0 2 7 12 16 2 12 16 2 12 16 2 5 30 3 5 30 3 0 2 8 0 2 3 13 6 3 8 18 2 0 2 7 16 6 2 0 2 3 0 2 7 0 2 7 0 2 7 16 19 12 1 2 7 0 2 8 0 2 4 0 2 7 0 2 7 1 2 7 1 2 3 0 2 7 5 30 3 16 6 2 1 2 4 0 2 3 16 19 12 17 18 2 17 18 2 1 2 7 0 2 4 17 9 2 17 9 2 0 2 8 0 2 3 0 2 3 1 2 7 1 2 1 1 2 3 8 9 2 0 2 7 1 2 7 1 2 4 0 2 8 1 2 7 5 31 3 1 2 7 1 2 8 1 2 4 0 2 3 0 2 7 1 2 7 0 2 8 0 2 3 6 2 7 17 18 2 0.0581089327657529076 62.6523379683494568

Current Evaluation = 13500(13500)
Front Size = 10
5 31 3 5 31 3 12 16 2 0 2 7 1 2 7 13 6 3 13 6 3 0 2 7 12 16 2 0 2 7 1 2 7 0 2 7 0 2 7 0 2 7 0 2 7 1 2 7 1 2 7 0 2 7 0 2 7 1 2 7 0 2 7 0 2 7 1 2 7 0 2 7 0 2 7 1 2 7 0 2 7 1 2 7 0 2 7 1 2 7 17 18 2 17 18 2 16 6 2 0 2 7 1 2 7 0 2 7 17 9 2 12 16 2 17 9 2 12 16 2 17 9 2 0 2 7 1 2 7 1 2 7 0 2 7 1 2 7 0 2 7 0 2 7 1 2 7 13 6 3 0 2 4 1 2 7 5 31 3 1 2 7 1 2 4 17 18 2 0 2 4 1 2 7 1 2 7 0 2 7 0 59.7211945056915283
0 2 3 5 30 3 5 30 3 5 30 3 5 30 3 5 30 3 0 2 3 0 2 3 0 2 3 0 2 8 0 2 3 5 30 3 0 2 3 12 16 2 0 2 8 8 18 2 0 2 3 0 2 3 0 2 3 0 2 3 0 2 8 1 2 3 0 2 7 0 2 3 12 16 2 16 6 2 8 18 2 8 9 2 12 16 2 16 19 12 16 19 12 0 2 8 1 2 3 0 2 8 1 2 8 0 2 3 8 9 2 1 2 3 0 2 8 0 2 8 16 6 2 1 2 3 0 2 3 0 2 3 0 2 3 0 2 3 16 19 12 16 19 12 12 16 2 0 2 3 0 2 3 16 19 12 5 30 3 0 2 3 0 2 3 0 2 8 0 2 3 5 30 3 0 2 8 1 2 3 0 67.4658383131027222
5 30 3 5 30 3 8 18 2 1 2 7 12 16 2 12 16 2 17 1 2 5 30 3 17 9 2 1 2 7 17 18 2 16 19 11 5 30 3 1 2 3 0 2 7 1 2 7 1 2 7 0 2 7 0 2 7 16 19 11 0 2 7 5 30 3 0 2 7 0 2 7 0 2 4 0 2 7 5 30 3 0 2 7 0 2 7 0 2 7 1 2 7 0 2 3 8 18 2 5 30 3 0 2 7 8 9 2 1 2 7 0 2 7 0 2 7 0 2 7 0 2 7 0 2 7 1 2 7 0 2 3 0 2 7 17 18 2 16 19 11 0 2 7 1 2 7 0 2 3 1 2 3 1 2 7 0 2 7 0 2 7 0 2 7 0 2 7 0 2 11 0 2 7 1 2 7 0 2 7 0 62.8148012161254883
12 16 2 1 2 7 12 16 2 12 16 2 12 16 2 5 30 3 5 30 3 13 6 3 0 2 7 16 31 2 0 2 3 0 2 7 0 2 7 0 2 7 0 2 4 1 2 7 1 2 7 1 2 7 0 2 7 5 31 3 17 18 2 17 18 2 1 2 4 1 2 7 5 30 3 15 2 11 0 2 7 0 2 4 0 2 7 0 2 7 0 2 7 1 2 4 5 31 3 1 2 7 0 2 7 0 2 7 0 2 4 0 2 7 17 9 2 0 2 7 1 2 7 16 6 2 1 2 4 0 2 4 16 31 2 1 2 7 16 6 2 12 16 2 0 2 7 0 2 7 1 2 7 0 2 7 0 2 7 0 2 7 0 2 7 0 2 7 0 2 3 1 2 7 0 2 7 1 2 7 0 60.9458173513412476
12 16 2 13 6 3 12 16 2 0 2 7 12 16 2 5 31 3 0 2 7 0 2 7 0 2 7 0 2 7 0 2 7 0 2 7 0 2 7 0 2 7 1 2 4 0 2 4 17 18 2 0 2 4 1 2 4 0 2 7 0 2 4 1 2 7 1 2 7 0 2 7 1 2 4 0 2 7 0 2 7 1 2 4 0 2 4 1 2 7 17 18 2 6 2 7 5 31 3 0 2 7 1 2 3 17 9 2 1 2 4 1 2 7 5 30 3 13 6 3 1 2 7 1 2 7 1 2 7 1 2 7 0 2 7 1 2 7 0 2 4 16 6 2 17 9 2 1 2 7 0 2 4 0 2 7 17 9 2 0 2 7 12 16 2 17 9 2 0 2 7 1 2 7 0 2 4 5 31 3 0 60.2408736348152161
5 30 3 5 30 3 8 18 2 0 2 7 12 16 2 12 16 2 0 2 11 17 18 2 0 2 7 5 31 3 0 2 7 0 2 7 0 2 7 0 2 7 1 2 7 0 2 7 5 31 3 17 18 2 5 31 3 0 2 7 0 2 7 1 2 7 1 2 4 0 2 7 0 2 7 1 2 7 16 15 2 8 18 2 1 2 7 6 2 7 17 9 2 0 2 7 1 2 7 0 2 7 0 2 11 0 2 7 0 2 7 0 2 7 0 2 7 0 2 7 1 2 7 1 2 11 0 2 7 17 9 2 16 18 11 0 2 7 1 2 7 16 18 11 0 2 4 0 2 7 1 2 7 0 2 7 5 30 3 1 2 7 0 2 7 1 2 7 0 2 7 5 30 3 0 2 4 1 2 7 0 62.2866945862770081
12 16 2 1 2 7 12 16 2 5 30 3 5 31 3 1 2 7 0 2 7 0 2 7 0 2 7 0 2 7 1 2 7 6 2 7 1 2 7 0 2 7 5 30 3 17 18 2 17 18 2 1 2 7 0 2 4 5 31 3 0 2 10 1 2 11 0 2 7 0 2 4 0 2 7 5 30 3 1 2 7 0 2 7 0 2 11 1 2 7 8 9 2 0 2 7 0 2 7 0 2 7 0 2 7 0 2 3 0 2 7 0 2 3 0 2 7 0 2 7 0 2 4 0 2 7 0 2 7 0 2 4 1 2 7 0 2 7 16 19 11 17 9 2 16 6 2 16 6 2 1 2 7 1 2 7 0 2 7 8 18 2 5 31 3 0 2 7 1 2 7 16 6 2 5 30 3 0 2 7 0 61.9685314297676086
5 31 3 5 31 3 12 16 2 0 2 7 1 2 7 13 6 3 13 6 3 12 16 2 0 2 7 1 2 7 0 2 7 0 2 3 0 2 7 1 2 7 1 2 7 0 2 7 0 2 7 1 2 4 0 2 7 0 2 7 1 2 7 0 2 7 1 2 7 0 2 4 1 2 7 0 2 7 1 2 7 0 2 7 1 2 7 17 18 2 17 18 2 16 6 2 1 2 3 0 2 7 17 9 2 12 16 2 17 9 2 12 16 2 17 9 2 1 2 3 0 2 7 1 2 4 1 2 7 0 2 7 1 2 7 0 2 7 0 2 7 17 9 2 0 2 7 5 30 3 1 2 7 0 2 7 1 2 7 0 2 7 0 2 7 0 2 4 1 2 3 1 2 4 13 6 3 0 2 7 0 59.9809155464172363
12 16 2 1 2 7 13 6 3 0 2 4 1 2 7 1 2 7 0 2 7 0 2 7 0 2 7 1 2 7 17 18 2 1 2 4 12 16 2 1 2 7 0 2 7 12 16 2 17 18 2 0 2 7 17 9 2 1 2 7 0 2 7 1 2 7 1 2 7 0 2 7 0 2 7 5 31 3 1 2 7 0 2 4 1 2 7 1 2 7 5 31 3 0 2 4 0 2 7 0 2 7 1 2 4 0 2 7 1 2 7 1 2 7 1 2 4 13 6 3 0 2 7 0 2 4 0 2 7 0 2 7 0 2 7 0 2 7 17 18 2 5 30 3 17 9 2 5 30 3 0 2 7 17 18 2 1 2 7 0 2 7 1 2 7 0 2 7 0 2 7 13 6 3 17 9 2 1 2 7 0 59.7875515222549438
0 2 3 5 30 3 0 2 3 0 2 3 12 16 2 1 2 3 0 2 7 12 16 2 16 6 2 12 16 2 12 16 2 5 30 3 1 2 7 1 2 7 1 2 7 1 2 7 0 2 8 0 2 7 5 30 3 0 2 3 0 2 8 0 2 7 0 2 3 0 2 7 17 9 2 0 2 3 0 2 8 0 2 7 0 2 7 8 9 2 1 2 7 1 2 4 0 2 8 0 2 7 0 2 4 5 31 3 0 2 3 8 9 2 0 2 7 0 2 8 0 2 8 16 6 2 1 2 7 0 2 7 1 2 7 0 2 3 0 2 3 16 19 12 16 19 12 0 2 4 0 2 3 16 19 12 5 30 3 17 18 2 0 2 3 5 31 3 17 9 2 5 30 3 0 2 8 1 2 7 0.0100569102774889056 64.710968017578125

Current Evaluation = 14400(14400)
Front Size = 10
5 31 3 5 31 3 12 16 2 0 2 7 13 6 3 13 6 3 12 16 2 0 2 7 1 2 4 0 2 7 1 2 7 0 2 7 0 2 7 1 2 7 0 2 7 0 2 7 1 2 7 0 2 7 0 2 7 1 2 7 0 2 7 1 2 7 0 2 4 0 2 7 0 2 4 1 2 7 0 2 7 0 2 7 17 18 2 17 18 2 16 6 2 1 2 7 1 2 7 17 9 2 12 16 2 17 9 2 12 16 2 17 9 2 1 2 7 0 2 7 5 31 3 1 2 7 0 2 7 1 2 7 1 2 7 0 2 7 1 2 7 1 2 7 0 2 7 1 2 7 0 2 7 0 2 7 1 2 7 0 2 7 13 6 3 1 2 7 0 2 7 17 18 2 1 2 7 0 2 7 0 59.7211945056915283
0 2 3 5 30 3 5 30 3 5 30 3 5 30 3 5 30 3 0 2 3 0 2 3 0 2 3 0 2 8 0 2 3 5 30 3 0 2 3 12 16 2 0 2 8 8 18 2 0 2 3 0 2 3 0 2 3 0 2 3 0 2 8 1 2 3 0 2 7 0 2 3 12 16 2 16 6 2 8 18 2 8 9 2 12 16 2 16 19 12 16 19 12 0 2 8 1 2 3 0 2 8 1 2 8 0 2 3 8 9 2 1 2 3 0 2 8 0 2 8 16 6 2 1 2 3 0 2 3 0 2 3 0 2 3 0 2 3 16 19 12 16 19 12 12 16 2 0 2 3 0 2 3 16 19 12 5 30 3 0 2 3 0 2 3 0 2 8 0 2 3 5 30 3 0 2 8 1 2 3 0 67.4658383131027222
12 16 2 0 2 7 12 16 2 0 2 7 5 30 3 0 2 7 12 16 2 12 16 2 6 2 7 16 19 11 1 2 7 5 31 3 0 2 7 0 2 7 5 30 3 0 2 7 0 2 7 0 2 7 0 2 7 0 2 7 5 30 3 0 2 7 17 9 2 5 31 3 0 2 7 0 2 7 0 2 11 17 18 2 1 2 7 0 2 7 0 2 7 0 2 7 17 9 2 0 2 7 0 2 7 5 30 3 8 9 2 1 2 7 1 2 7 0 2 7 0 2 7 1 2 7 0 2 7 1 2 4 0 2 7 0 2 7 1 2 7 1 2 7 17 9 2 5 30 3 16 9 11 0 2 7 13 6 3 0 2 7 0 2 7 13 6 3 1 2 7 12 16 2 5 30 3 16 6 2 0 62.1177181005477905
5 31 3 5 31 3 12 16 2 0 2 7 1 2 7 13 6 3 13 6 3 12 16 2 0 2 7 1 2 7 0 2 7 0 2 3 0 2 7 1 2 7 1 2 7 0 2 7 0 2 7 1 2 4 0 2 7 0 2 7 1 2 7 0 2 7 1 2 7 0 2 4 1 2 7 0 2 7 1 2 7 0 2 7 1 2 7 17 18 2 17 18 2 16 6 2 1 2 3 0 2 7 17 9 2 12 16 2 17 9 2 12 16 2 17 9 2 1 2 3 0 2 7 1 2 4 1 2 7 0 2 7 1 2 7 0 2 7 0 2 7 17 9 2 0 2 7 5 30 3 1 2 7 0 2 7 1 2 7 0 2 7 0 2 7 0 2 4 1 2 3 1 2 4 13 6 3 0 2 7 0 59.9809155464172363
5 31 3 5 31 3 12 16 2 0 2 7 1 2 7 12 16 2 0 2 7 1 2 4 0 2 4 0 2 7 0 2 7 1 2 11 1 2 4 0 2 7 0 2 7 1 2 7 0 2 7 1 2 4 0 2 4 1 2 3 0 2 4 1 2 4 0 2 7 1 2 7 0 2 7 1 2 7 17 18 2 17 18 2 16 6 2 0 2 3 6 2 7 0 2 7 1 2 7 0 2 7 1 2 7 0 2 7 0 2 7 0 2 7 5 30 3 0 2 7 0 2 3 0 2 7 0 2 3 0 2 7 13 6 3 5 31 3 1 2 7 17 9 2 12 16 2 17 9 2 12 16 2 0 2 7 16 6 2 0 2 4 17 9 2 1 2 7 0 2 7 1 2 7 1 2 7 13 6 3 0 60.5872345566749573
12 16 2 0 2 7 12 16 2 0 2 3 16 31 2 0 2 3 5 31 3 1 2 7 0 2 3 12 16 2 12 16 2 16 6 2 0 2 7 16 19 11 0 2 3 1 2 7 0 2 7 0 2 7 1 2 7 0 2 7 16 20 12 5 30 3 1 2 3 0 2 7 0 2 7 0 2 3 5 30 3 0 2 7 0 2 3 5 30 3 0 2 7 1 2 7 0 2 3 0 2 3 8 18 2 16 19 11 1 2 4 5 30 3 1 2 7 0 2 7 1 2 7 0 2 3 0 2 7 8 18 2 0 2 7 0 2 3 5 30 3 16 19 11 5 30 3 0 2 3 0 2 7 0 2 7 6 2 7 0 2 7 17 9 2 0 2 7 0 2 7 1 2 7 1 2 7 0 2 7 0 63.4935192465782166
5 31 3 5 31 3 12 16 2 0 2 7 1 2 7 12 16 2 0 2 7 0 2 7 1 2 7 1 2 7 0 2 7 0 2 7 1 2 7 0 2 7 1 2 7 15 2 11 1 2 7 0 2 7 1 2 7 17 18 2 17 18 2 0 2 7 0 2 3 1 2 4 0 2 7 1 2 7 0 2 7 0 2 7 0 2 7 5 30 3 0 2 4 0 2 4 0 2 7 13 6 3 1 2 7 17 9 2 12 16 2 17 9 2 12 16 2 0 2 7 17 9 2 1 2 7 0 2 7 1 2 7 1 2 7 13 6 3 1 2 7 1 2 7 0 2 7 0 2 7 16 30 2 0 2 4 1 2 4 0 2 7 1 2 7 0 2 7 0 2 7 5 31 3 16 6 2 0 2 7 0 60.3162095546722412
5 31 3 5 31 3 12 16 2 1 2 7 1 2 7 12 16 2 0 2 7 1 2 7 1 2 7 1 2 7 0 2 7 6 2 7 0 2 7 0 2 7 1 2 7 1 2 7 0 2 7 0 2 7 0 2 7 17 18 2 17 18 2 1 2 7 0 2 7 1 2 7 0 2 7 0 2 7 0 2 7 0 2 7 0 2 7 5 31 3 1 2 7 0 2 7 0 2 7 13 6 3 0 2 7 17 9 2 12 16 2 17 9 2 12 16 2 0 2 7 17 9 2 0 2 7 0 2 4 1 2 7 1 2 4 13 6 3 1 2 7 1 2 7 1 2 4 1 2 4 0 2 7 0 2 7 17 9 2 16 6 2 0 2 7 0 2 7 0 2 7 13 6 3 1 2 7 5 30 3 0 59.938682496547699
5 31 3 5 31 3 12 16 2 0 2 7 6 2 7 13 6 3 13 6 3 12 16 2 0 2 7 1 2 7 0 2 7 0 2 7 0 2 7 0 2 7 1 2 7 0 2 7 5 31 3 1 2 7 0 2 7 0 2 7 1 2 7 0 2 7 1 2 7 0 2 4 0 2 7 0 2 4 1 2 7 0 2 7 1 2 7 17 18 2 17 18 2 16 6 2 1 2 7 1 2 7 17 9 2 12 16 2 17 9 2 12 16 2 17 9 2 1 2 7 0 2 7 1 2 7 1 2 7 0 2 7 1 2 7 1 2 7 0 2 7 17 9 2 0 2 7 5 30 3 0 2 7 0 2 7 1 2 4 1 2 7 0 2 7 0 2 4 1 2 7 0 2 7 13 6 3 0 2 7 0 59.938682496547699
5 31 3 5 31 3 12 16 2 0 2 7 1 2 7 12 16 2 0 2 7 0 2 7 0 2 7 0 2 7 1 2 7 0 2 7 0 2 7 1 2 7 0 2 7 0 2 4 0 2 7 1 2 7 0 2 7 1 2 7 17 18 2 16 6 2 1 2 7 0 2 3 1 2 7 0 2 7 1 2 7 0 2 3 0 2 3 0 2 7 5 30 3 0 2 7 1 2 7 0 2 7 13 6 3 5 31 3 1 2 7 17 9 2 12 16 2 17 9 2 0 2 4 17 9 2 1 2 7 0 2 7 1 2 7 1 2 7 1 2 7 1 2 7 16 31 2 0 2 7 0 2 7 1 2 7 1 2 7 0 2 7 0 2 7 1 2 7 1 2 3 0 2 3 0 2 4 1 2 7 0 60.8815336227416992

Current Evaluation = 15300(15300)
Front Size = 10
5 31 3 5 31 3 12 16 2 0 2 7 13 6 3 13 6 3 12 16 2 0 2 7 1 2 7 0 2 7 0 2 7 0 2 7 0 2 7 1 2 7 0 2 7 5 31 3 1 2 7 0 2 7 0 2 7 1 2 7 0 2 7 1 2 7 0 2 4 0 2 7 0 2 4 1 2 7 0 2 7 1 2 7 17 18 2 17 18 2 16 6 2 1 2 7 1 2 7 17 9 2 12 16 2 17 9 2 12 16 2 17 9 2 1 2 7 0 2 7 1 2 7 1 2 7 0 2 7 1 2 7 1 2 7 0 2 7 0 2 7 0 2 7 0 2 7 1 2 4 1 2 7 0 2 7 1 2 7 0 2 7 13 6 3 0 2 7 17 18 2 1 2 7 1 2 7 0 2 7 0 59.7211945056915283
12 16 2 0 2 7 12 16 2 5 30 3 6 2 7 12 16 2 12 16 2 16 6 2 17 9 2 1 2 7 0 2 3 0 2 3 1 2 7 5 30 3 0 2 3 0 2 7 1 2 7 0 2 3 0 2 7 1 2 7 12 16 2 1 2 7 1 2 3 0 2 11 6 2 7 0 2 3 0 2 7 0 2 7 8 9 2 0 2 3 1 2 7 1 2 7 0 2 3 0 2 7 0 2 7 16 6 2 0 2 3 0 2 7 16 18 11 0 2 11 16 19 11 5 30 3 1 2 7 0 2 7 0 2 7 1 2 7 5 31 3 5 30 3 0 2 7 0 2 3 16 19 11 5 31 3 0 2 7 13 6 3 0 2 11 0 2 4 0 2 7 17 9 2 0 2 4 0 2 7 0 63.0712805390357971
5 31 3 5 31 3 12 16 2 1 2 7 1 2 7 12 16 2 0 2 7 1 2 7 1 2 7 1 2 7 0 2 7 6 2 7 0 2 7 0 2 7 1 2 7 1 2 7 0 2 7 0 2 7 0 2 7 17 18 2 17 18 2 1 2 7 0 2 7 1 2 7 0 2 7 0 2 7 0 2 7 0 2 7 0 2 7 5 31 3 1 2 7 0 2 7 0 2 7 13 6 3 0 2 7 17 9 2 12 16 2 17 9 2 12 16 2 0 2 7 17 9 2 0 2 7 0 2 4 1 2 7 1 2 4 13 6 3 1 2 7 1 2 7 1 2 4 1 2 4 0 2 7 0 2 7 17 9 2 16 6 2 0 2 7 0 2 7 0 2 7 13 6 3 1 2 7 5 30 3 0 59.938682496547699
0 2 3 5 30 3 5 30 3 5 30 3 5 30 3 5 30 3 0 2 3 0 2 3 0 2 3 0 2 8 0 2 3 5 30 3 0 2 3 12 16 2 0 2 8 8 18 2 0 2 3 0 2 3 0 2 3 0 2 3 0 2 8 1 2 3 0 2 7 0 2 3 12 16 2 16 6 2 8 18 2 8 9 2 12 16 2 16 19 12 16 19 12 0 2 8 1 2 3 0 2 8 1 2 8 0 2 3 8 9 2 1 2 3 0 2 8 0 2 8 16 6 2 1 2 3 0 2 3 0 2 3 0 2 3 0 2 3 16 19 12 16 19 12 12 16 2 0 2 3 0 2 3 16 19 12 5 30 3 0 2 3 0 2 3 0 2 8 0 2 3 5 30 3 0 2 8 1 2 3 0 67.4658383131027222
5 30 3 5 31 3 12 16 2 0 2 7 13 6 3 13 6 3 12 16 2 0 2 7 0 2 7 0 2 7 0 2 7 0 2 4 0 2 7 0 2 7 6 2 7 1 2 7 0 2 7 0 2 7 1 2 4 0 2 7 1 2 7 0 2 7 0 2 4 5 31 3 0 2 4 0 2 7 1 2 4 17 18 2 17 18 2 1 2 7 1 2 7 17 9 2 12 16 2 17 9 2 12 16 2 17 9 2 1 2 7 0 2 7 1 2 4 1 2 7 0 2 7 0 2 7 0 2 7 0 2 4 0 2 7 1 2 7 0 2 7 13 6 3 5 30 3 1 2 7 1 2 7 0 2 4 1 2 4 1 2 4 0 2 7 5 30 3 17 9 2 17 9 2 1 2 7 1 2 4 0 60.1633895039558411
5 31 3 5 31 3 1 2 4 0 2 7 1 2 7 12 16 2 0 2 7 0 2 7 17 18 2 0 2 4 1 2 7 1 2 7 12 16 2 0 2 4 0 2 4 0 2 7 1 2 4 1 2 7 17 18 2 1 2 7 0 2 7 0 2 7 0 2 4 1 2 7 0 2 7 0 2 7 5 30 3 0 2 7 1 2 7 1 2 7 13 6 3 0 2 7 17 9 2 17 9 2 0 2 4 17 9 2 0 2 7 1 2 7 0 2 7 0 2 7 1 2 7 1 2 4 1 2 7 0 2 3 0 2 4 17 18 2 0 2 7 0 2 7 13 6 3 12 16 2 16 6 2 5 31 3 1 2 4 0 2 7 1 2 7 1 2 7 12 16 2 0 2 7 6 2 4 0 2 4 0 60.2408736348152161
5 31 3 5 31 3 0 2 7 0 2 7 1 2 7 12 16 2 0 2 7 0 2 4 17 18 2 0 2 7 1 2 7 1 2 7 12 16 2 0 2 4 0 2 7 0 2 7 1 2 7 1 2 7 17 18 2 1 2 7 0 2 7 0 2 7 0 2 7 1 2 7 1 2 3 0 2 7 5 30 3 0 2 3 1 2 7 1 2 7 13 6 3 0 2 7 17 9 2 17 9 2 1 2 7 17 9 2 1 2 7 1 2 3 0 2 7 0 2 4 1 2 4 1 2 7 0 2 7 0 2 4 0 2 7 17 18 2 1 2 7 0 2 3 13 6 3 12 16 2 16 6 2 13 6 3 0 2 7 12 16 2 0 2 7 1 2 7 1 2 7 0 2 7 0 2 7 1 2 7 0 59.9809155464172363
5 30 3 5 30 3 12 16 2 0 2 4 12 16 2 1 2 7 0 2 7 0 2 7 0 2 7 5 30 3 0 2 7 0 2 4 0 2 7 0 2 11 1 2 7 17 9 2 0 2 7 0 2 4 1 2 7 1 2 7 0 2 7 1 2 7 13 6 3 1 2 7 17 9 2 17 9 2 0 2 7 0 2 7 0 2 7 1 2 7 0 2 7 0 2 7 13 6 3 0 2 7 1 2 11 1 2 7 13 6 3 0 2 7 17 18 2 12 16 2 0 2 4 0 2 4 5 30 3 1 2 7 5 31 3 0 2 7 16 31 2 0 2 7 1 2 7 0 2 7 1 2 7 1 2 7 12 16 2 0 2 4 1 2 7 1 2 7 17 18 2 1 2 7 17 9 2 0 2 7 0 60.3176803588867188
5 31 3 5 31 3 1 2 7 0 2 7 1 2 7 12 16 2 0 2 7 0 2 7 17 18 2 0 2 7 1 2 7 1 2 4 12 16 2 0 2 4 0 2 7 0 2 7 1 2 4 1 2 7 17 18 2 16 30 2 1 2 7 0 2 7 0 2 7 0 2 7 1 2 7 0 2 7 0 2 4 5 30 3 0 2 7 1 2 7 1 2 7 13 6 3 5 31 3 0 2 7 17 9 2 17 9 2 0 2 7 17 9 2 0 2 7 1 2 7 0 2 7 0 2 4 1 2 7 1 2 7 1 2 7 0 2 4 1 2 7 0 2 4 17 18 2 1 2 7 0 2 4 1 2 7 0 2 7 0 2 7 13 6 3 1 2 7 0 2 7 0 2 7 12 16 2 1 2 7 0 59.9908536672592163
5 31 3 5 30 3 1 2 7 0 2 7 12 16 2 0 2 1 0 2 7 0 2 4 1 2 7 0 2 7 0 2 7 1 2 7 0 2 4 1 2 4 0 2 7 0 2 7 17 9 2 0 2 7 0 2 7 0 2 7 0 2 7 1 2 7 1 2 7 1 2 7 13 6 3 1 2 7 17 9 2 17 9 2 0 2 7 0 2 7 0 2 7 1 2 7 0 2 7 0 2 7 0 2 7 1 2 7 1 2 4 6 2 7 13 6 3 17 9 2 1 2 7 17 18 2 12 16 2 0 2 7 0 2 7 1 2 7 13 6 3 5 31 3 1 2 7 0 2 7 0 2 7 17 9 2 1 2 7 0 2 7 17 18 2 12 16 2 5 30 3 1 2 4 1 2 7 1 2 7 0 59.9988445639610291

Current Evaluation = 16200(16200)
Front Size = 10
5 31 3 5 31 3 12 16 2 0 2 7 13 6 3 13 6 3 12 16 2 0 2 7 1 2 7 0 2 7 0 2 7 0 2 7 0 2 7 1 2 7 0 2 7 5 31 3 1 2 7 0 2 7 0 2 7 1 2 7 0 2 7 1 2 7 0 2 4 0 2 7 0 2 4 1 2 7 0 2 7 1 2 7 17 18 2 17 18 2 16 6 2 1 2 7 1 2 7 17 9 2 12 16 2 17 9 2 12 16 2 17 9 2 1 2 7 0 2 7 1 2 7 1 2 7 0 2 7 1 2 7 1 2 7 0 2 7 0 2 7 0 2 7 0 2 7 1 2 4 1 2 7 0 2 7 1 2 7 0 2 7 13 6 3 0 2 7 17 18 2 1 2 7 1 2 7 0 2 7 0 59.7211945056915283
5 31 3 5 31 3 12 16 2 1 2 7 1 2 7 12 16 2 0 2 7 1 2 7 1 2 7 1 2 4 0 2 7 0 2 7 0 2 7 1 2 7 1 2 7 0 2 7 0 2 7 0 2 7 17 18 2 17 18 2 1 2 7 0 2 7 1 2 7 0 2 7 0 2 7 0 2 7 0 2 7 0 2 7 1 2 7 0 2 7 0 2 7 13 6 3 0 2 7 17 9 2 12 16 2 17 9 2 12 16 2 0 2 7 17 9 2 0 2 7 0 2 7 1 2 7 1 2 7 13 6 3 0 2 7 1 2 7 16 6 2 13 6 3 1 2 7 1 2 7 0 2 7 5 31 3 1 2 4 0 2 7 0 2 7 1 2 7 17 9 2 0 2 4 1 2 7 1 2 7 0 59.7211945056915283
5 31 3 1 2 7 1 2 7 13 6 3 12 16 2 0 2 4 1 2 7 1 2 4 1 2 4 0 2 7 12 16 2 1 2 7 1 2 7 0 2 4 0 2 7 0 2 4 1 2 7 0 2 7 0 2 7 6 2 7 1 2 4 1 2 7 5 31 3 0 2 7 0 2 7 0 2 7 13 6 3 0 2 7 17 9 2 17 9 2 0 2 7 5 31 3 0 2 7 12 16 2 16 24 2 17 18 2 0 2 7 1 2 7 0 2 4 0 2 7 0 2 4 0 2 7 1 2 4 17 18 2 0 2 7 5 30 3 0 2 7 17 9 2 1 2 7 0 2 7 0 2 7 1 2 7 0 2 7 0 2 7 17 18 2 0 2 7 12 16 2 1 2 7 1 2 7 1 2 4 0 60.2227086424827576
5 31 3 5 31 3 0 2 7 0 2 7 1 2 7 12 16 2 0 2 7 0 2 7 17 18 2 0 2 7 0 2 7 12 16 2 0 2 7 0 2 7 0 2 7 1 2 7 17 18 2 1 2 7 0 2 4 0 2 7 0 2 7 0 2 7 5 30 3 1 2 7 13 6 3 0 2 7 17 9 2 17 9 2 1 2 7 0 2 4 0 2 7 1 2 7 0 2 7 0 2 7 13 6 3 12 16 2 13 6 3 0 2 7 1 2 7 0 2 7 0 2 7 1 2 7 1 2 7 1 2 7 1 2 7 1 2 7 1 2 7 5 30 3 1 2 7 17 9 2 0 2 7 17 9 2 0 2 4 1 2 4 1 2 7 1 2 4 1 2 7 1 2 4 0 2 4 17 9 2 0 59.7875515222549438
5 30 3 5 30 3 12 16 2 0 2 3 0 2 7 12 16 2 0 2 7 1 2 7 0 2 7 0 2 7 5 30 3 1 2 7 1 2 7 0 2 7 0 2 3 1 2 7 0 2 7 0 2 7 0 2 7 8 18 2 1 2 7 0 2 7 1 2 4 0 2 7 0 2 7 0 2 7 0 2 4 0 2 3 1 2 7 1 2 7 0 2 7 13 6 3 0 2 3 0 2 3 12 16 2 17 9 2 12 16 2 1 2 7 17 9 2 1 2 7 0 2 7 5 31 3 1 2 7 0 2 3 1 2 7 16 15 2 5 30 3 17 18 2 16 18 8 13 6 3 1 2 3 0 2 7 0 2 7 1 2 7 17 9 2 16 9 8 0 2 3 1 2 3 0 2 7 0 2 7 0 61.9063663482666016
12 16 2 0 2 7 12 16 2 5 30 3 6 2 7 12 16 2 12 16 2 16 6 2 17 9 2 1 2 7 0 2 3 0 2 3 1 2 7 5 30 3 0 2 3 0 2 7 1 2 7 0 2 3 0 2 7 1 2 7 12 16 2 1 2 7 1 2 3 0 2 11 6 2 7 0 2 3 0 2 7 0 2 7 8 9 2 0 2 3 1 2 7 1 2 7 0 2 3 0 2 7 0 2 7 16 6 2 0 2 3 0 2 7 16 18 11 0 2 11 16 19 11 5 30 3 1 2 7 0 2 7 0 2 7 1 2 7 5 31 3 5 30 3 0 2 7 0 2 3 16 19 11 5 31 3 0 2 7 13 6 3 0 2 11 0 2 4 0 2 7 17 9 2 0 2 4 0 2 7 0 63.0712805390357971
5 30 3 5 30 3 0 2 7 1 2 7 13 6 3 12 16 2 0 2 7 0 2 7 0 2 7 1 2 7 1 2 7 12 16 2 0 2 7 0 2 4 0 2 7 0 2 7 0 2 7 1 2 7 0 2 7 0 2 7 1 2 7 1 2 3 1 2 7 0 2 7 5 31 3 0 2 7 1 2 7 0 2 7 13 6 3 0 2 7 17 9 2 17 9 2 0 2 7 5 30 3 6 2 7 0 2 7 12 16 2 16 6 2 8 9 2 17 18 2 0 2 7 0 2 7 16 19 11 1 2 7 1 2 7 0 2 7 16 19 11 0 2 7 1 2 7 17 18 2 0 2 7 5 31 3 5 30 3 0 2 7 5 30 3 0 2 7 0 2 7 1 2 7 0 2 7 0 2 7 0 61.5148561596870422
5 31 3 5 30 3 1 2 7 0 2 7 12 16 2 0 2 7 0 2 4 1 2 7 0 2 7 0 2 7 1 2 7 0 2 4 0 2 7 0 2 7 17 9 2 0 2 7 0 2 7 0 2 7 0 2 7 1 2 7 1 2 7 1 2 7 13 6 3 1 2 7 17 9 2 0 2 7 0 2 7 0 2 7 1 2 7 0 2 7 1 2 7 6 2 7 12 16 2 5 31 3 12 16 2 5 30 3 0 2 1 0 2 3 17 9 2 0 2 3 0 2 7 1 2 4 8 9 2 0 2 3 16 18 11 17 18 2 0 2 7 0 2 7 5 30 3 0 2 3 0 2 3 0 2 7 0 2 7 12 16 2 16 6 2 0 2 7 0 2 3 16 19 11 1 2 7 1 2 7 0.000543045572333135775 62.2039264440536499
5 31 3 5 31 3 0 2 7 0 2 7 1 2 7 12 16 2 0 2 7 0 2 4 17 18 2 0 2 7 1 2 7 1 2 7 12 16 2 0 2 4 0 2 7 0 2 7 1 2 7 1 2 7 17 18 2 1 2 7 0 2 7 0 2 7 0 2 7 1 2 7 1 2 3 0 2 7 5 30 3 0 2 3 1 2 7 1 2 7 13 6 3 0 2 7 17 9 2 17 9 2 1 2 7 17 9 2 1 2 7 1 2 3 0 2 7 0 2 4 1 2 4 1 2 7 0 2 7 0 2 4 0 2 7 17 18 2 1 2 7 0 2 3 13 6 3 12 16 2 16 6 2 13 6 3 0 2 7 12 16 2 0 2 7 1 2 7 1 2 7 0 2 7 0 2 7 1 2 7 0 59.9809155464172363
5 31 3 5 31 3 0 2 7 0 2 7 1 2 7 12 16 2 0 2 7 0 2 7 17 18 2 0 2 7 0 2 7 12 16 2 0 2 7 0 2 7 0 2 7 1 2 11 17 18 2 1 2 7 0 2 4 0 2 7 0 2 7 0 2 7 5 30 3 1 2 7 13 6 3 0 2 7 17 9 2 17 9 2 1 2 7 0 2 4 0 2 7 1 2 7 0 2 7 0 2 7 13 6 3 12 16 2 13 6 3 0 2 7 1 2 7 0 2 7 0 2 7 1 2 7 1 2 7 1 2 7 1 2 7 1 2 7 1 2 7 5 30 3 1 2 7 17 9 2 0 2 7 17 9 2 0 2 4 1 2 3 1 2 3 1 2 3 1 2 7 0 2 7 0 2 7 16 6 2 0 60.1339124441146851

Current Evaluation = 17100(17100)
Front Size = 10
5 31 3 5 31 3 0 2 7 0 2 7 1 2 7 12 16 2 0 2 4 0 2 7 17 18 2 0 2 7 1 2 7 1 2 7 12 16 2 0 2 7 0 2 7 1 2 7 1 2 7 17 18 2 1 2 7 0 2 7 0 2 7 0 2 7 1 2 7 0 2 7 1 2 7 1 2 7 13 6 3 0 2 7 17 9 2 17 9 2 0 2 7 17 9 2 1 2 7 0 2 7 1 2 4 1 2 7 0 2 7 0 2 7 17 18 2 1 2 7 13 6 3 12 16 2 16 6 2 13 6 3 0 2 7 12 16 2 0 2 7 1 2 7 1 2 7 0 2 7 0 2 7 1 2 7 5 31 3 1 2 7 1 2 7 0 2 7 0 2 7 0 2 7 0 2 7 1 2 4 0 59.7211945056915283
5 31 3 1 2 7 1 2 7 13 6 3 12 16 2 0 2 7 1 2 7 1 2 7 0 2 4 12 16 2 1 2 7 0 2 7 1 2 7 0 2 7 1 2 7 0 2 7 0 2 7 1 2 7 5 31 3 0 2 7 0 2 7 0 2 7 13 6 3 0 2 7 17 9 2 17 9 2 0 2 7 5 31 3 0 2 7 12 16 2 17 18 2 0 2 7 1 2 7 0 2 7 0 2 7 17 18 2 0 2 7 17 9 2 1 2 7 0 2 7 0 2 7 1 2 7 0 2 7 0 2 7 17 18 2 0 2 7 12 16 2 1 2 7 1 2 7 1 2 7 1 2 7 1 2 7 1 2 4 16 6 2 0 2 7 0 2 7 1 2 7 13 6 3 0 2 4 1 2 7 0 59.7211945056915283
5 31 3 5 31 3 0 2 7 0 2 7 1 2 7 12 16 2 0 2 7 0 2 7 17 18 2 0 2 7 0 2 7 12 16 2 0 2 7 0 2 7 0 2 7 1 2 7 17 18 2 1 2 7 0 2 4 0 2 7 0 2 7 0 2 7 5 30 3 1 2 7 13 6 3 0 2 7 17 9 2 17 9 2 1 2 7 0 2 4 0 2 7 1 2 7 0 2 7 0 2 7 13 6 3 12 16 2 13 6 3 0 2 7 1 2 7 0 2 7 0 2 7 1 2 7 1 2 7 1 2 7 1 2 7 1 2 7 1 2 7 5 30 3 1 2 7 17 9 2 0 2 7 17 9 2 0 2 4 1 2 4 1 2 7 1 2 4 1 2 7 1 2 4 0 2 4 17 9 2 0 59.7875515222549438
5 30 3 5 31 3 0 2 7 0 2 7 0 2 7 12 16 2 0 2 7 0 2 7 0 2 7 13 6 3 1 2 7 12 16 2 0 2 7 1 2 7 1 2 7 1 2 7 0 2 7 1 2 4 0 2 7 0 2 7 1 2 7 1 2 7 1 2 7 1 2 7 13 6 3 0 2 7 17 9 2 17 9 2 1 2 7 0 2 7 0 2 7 12 16 2 16 19 11 0 2 7 0 2 7 17 18 2 0 2 7 0 2 7 1 2 7 0 2 7 5 30 3 17 18 2 0 2 3 5 31 3 5 30 3 0 2 7 1 2 7 1 2 7 0 2 7 16 31 2 0 2 7 1 2 3 1 2 7 12 16 2 16 9 11 0 2 7 0 2 7 0 2 7 0 2 7 1 2 7 0 61.1104353070259094
5 31 3 5 31 3 0 2 7 0 2 7 1 2 7 12 16 2 0 2 7 0 2 4 17 18 2 0 2 7 1 2 7 1 2 7 12 16 2 0 2 4 0 2 7 0 2 7 1 2 7 1 2 7 17 18 2 1 2 7 0 2 7 0 2 7 0 2 7 1 2 7 1 2 3 0 2 7 5 30 3 0 2 3 1 2 7 1 2 7 13 6 3 0 2 7 17 9 2 17 9 2 1 2 7 17 9 2 1 2 7 1 2 3 0 2 7 0 2 4 1 2 4 1 2 7 0 2 7 0 2 4 0 2 7 17 18 2 1 2 7 0 2 3 13 6 3 12 16 2 16 6 2 13 6 3 0 2 7 12 16 2 0 2 7 1 2 7 1 2 7 0 2 7 0 2 7 1 2 7 0 59.9809155464172363
5 30 3 5 30 3 12 16 2 0 2 3 0 2 7 12 16 2 0 2 7 1 2 7 0 2 7 0 2 7 5 30 3 1 2 7 1 2 7 0 2 7 0 2 3 1 2 7 0 2 7 0 2 7 0 2 7 8 18 2 1 2 7 0 2 7 1 2 4 0 2 7 0 2 7 0 2 7 0 2 4 0 2 3 1 2 7 1 2 7 0 2 7 13 6 3 0 2 3 0 2 3 12 16 2 17 9 2 12 16 2 1 2 7 17 9 2 1 2 7 0 2 7 5 31 3 1 2 7 0 2 3 1 2 7 16 15 2 5 30 3 17 18 2 16 18 8 13 6 3 1 2 3 0 2 7 0 2 7 1 2 7 17 9 2 16 9 8 0 2 3 1 2 3 0 2 7 0 2 7 0 61.9063663482666016
5 30 3 5 31 3 0 2 7 0 2 7 1 2 7 12 16 2 0 2 7 0 2 7 0 2 3 0 2 7 12 16 2 0 2 11 1 2 7 0 2 7 0 2 7 0 2 4 0 2 7 0 2 7 0 2 7 0 2 7 5 30 3 1 2 7 13 6 3 0 2 7 5 30 3 17 9 2 0 2 3 0 2 3 1 2 7 0 2 7 12 16 2 1 2 3 1 2 3 1 2 3 5 30 3 8 18 2 17 18 2 0 2 7 0 2 3 16 6 2 1 2 7 0 2 7 0 2 3 0 2 3 16 6 2 1 2 3 1 2 7 0 2 7 12 16 2 8 9 2 16 19 11 0 2 3 16 9 11 0 2 3 1 2 7 1 2 7 1 2 7 16 19 11 12 16 2 0 2 7 0 62.8312733769416809
5 31 3 5 31 3 0 2 7 0 2 7 1 2 7 12 16 2 0 2 4 0 2 7 0 2 7 1 2 7 1 2 7 12 16 2 0 2 7 0 2 7 1 2 7 1 2 7 1 2 7 0 2 7 0 2 7 0 2 7 1 2 7 0 2 7 1 2 7 1 2 7 13 6 3 0 2 7 17 9 2 17 9 2 0 2 7 0 2 7 0 2 7 12 16 2 16 6 2 12 16 2 17 18 2 0 2 11 17 9 2 1 2 7 5 30 3 0 2 3 16 19 11 1 2 3 5 30 3 13 6 3 13 6 3 16 19 11 8 9 2 0 2 3 16 18 11 0 2 3 0 2 3 1 2 7 5 31 3 1 2 7 16 6 2 0 2 4 6 2 7 0 2 3 0 2 7 0 2 3 0.0463750338496879688 61.2870335578918457
5 31 3 5 31 3 0 2 7 0 2 7 1 2 7 12 16 2 0 2 7 0 2 7 17 18 2 0 2 7 0 2 7 12 16 2 0 2 7 0 2 7 0 2 7 1 2 11 17 18 2 1 2 7 0 2 4 0 2 7 0 2 7 0 2 7 5 30 3 1 2 7 13 6 3 0 2 7 17 9 2 17 9 2 1 2 7 0 2 4 0 2 7 1 2 7 0 2 7 0 2 7 13 6 3 12 16 2 13 6 3 0 2 7 1 2 7 0 2 7 0 2 7 1 2 7 1 2 7 1 2 7 1 2 7 1 2 7 1 2 7 5 30 3 1 2 7 17 9 2 0 2 7 17 9 2 0 2 4 1 2 3 1 2 3 1 2 3 1 2 7 0 2 7 0 2 7 16 6 2 0 60.1339124441146851
5 31 3 5 31 3 0 2 7 0 2 7 1 2 7 12 16 2 0 2 7 0 2 7 0 2 7 0 2 7 12 16 2 0 2 7 0 2 7 0 2 7 1 2 7 1 2 7 0 2 4 0 2 7 0 2 7 0 2 7 5 30 3 1 2 7 13 6 3 0 2 7 17 9 2 17 9 2 1 2 7 0 2 4 0 2 7 1 2 7 12 16 2 1 2 7 1 2 7 1 2 7 5 30 3 0 2 3 0 2 3 5 30 3 0 2 7 13 6 3 13 6 3 6 2 7 0 2 7 0 2 3 1 2 7 1 2 7 1 2 7 8 9 2 1 2 7 5 30 3 0 2 7 0 2 11 0 2 4 1 2 4 1 2 3 1 2 4 0 2 11 1 2 4 0 2 4 17 9 2 0.00313180301125300401 61.2783477902412415

Current Evaluation = 18000(18000)
Front Size = 10
5 31 3 5 31 3 0 2 7 0 2 7 1 2 7 12 16 2 0 2 4 0 2 7 17 18 2 0 2 7 1 2 7 1 2 7 12 16 2 0 2 7 0 2 7 1 2 7 1 2 7 17 18 2 1 2 7 0 2 7 0 2 7 0 2 7 1 2 7 0 2 7 1 2 7 1 2 7 13 6 3 0 2 7 17 9 2 17 9 2 0 2 7 17 9 2 1 2 7 0 2 7 1 2 4 1 2 7 0 2 7 0 2 7 17 18 2 1 2 7 13 6 3 12 16 2 16 6 2 13 6 3 0 2 7 12 16 2 0 2 7 1 2 7 1 2 7 0 2 7 0 2 7 1 2 7 5 31 3 1 2 7 0 2 7 0 2 7 1 2 7 0 2 7 0 2 7 1 2 4 0 59.7211945056915283
5 31 3 5 31 3 0 2 7 0 2 7 1 2 7 12 16 2 0 2 7 0 2 7 17 18 2 0 2 7 0 2 7 12 16 2 0 2 7 0 2 7 0 2 7 1 2 7 17 18 2 1 2 7 0 2 4 0 2 7 0 2 7 0 2 7 5 30 3 1 2 7 13 6 3 0 2 7 17 9 2 17 9 2 1 2 7 0 2 4 0 2 7 1 2 7 0 2 7 0 2 7 13 6 3 12 16 2 13 6 3 0 2 7 1 2 7 0 2 7 0 2 7 1 2 7 1 2 7 1 2 7 1 2 7 1 2 7 1 2 7 5 30 3 1 2 7 17 9 2 0 2 7 17 9 2 0 2 4 1 2 4 1 2 7 1 2 4 1 2 7 1 2 4 0 2 4 17 9 2 0 59.7875515222549438
5 30 3 5 31 3 0 2 7 0 2 11 0 2 7 12 16 2 0 2 7 0 2 7 0 2 7 13 6 3 6 2 7 12 16 2 1 2 7 1 2 7 1 2 4 1 2 4 0 2 7 1 2 7 0 2 7 0 2 7 1 2 7 1 2 7 6 2 7 1 2 7 13 6 3 0 2 7 17 9 2 17 9 2 1 2 7 0 2 7 6 2 7 12 16 2 16 32 2 0 2 4 0 2 7 17 18 2 0 2 7 0 2 4 1 2 4 0 2 7 5 30 3 17 18 2 0 2 7 5 31 3 5 30 3 0 2 7 0 2 4 1 2 4 0 2 4 0 2 7 0 2 7 5 31 3 0 2 7 1 2 7 17 9 2 0 2 7 17 18 2 12 16 2 0 2 7 1 2 7 0 60.8505546450614929
5 30 3 5 31 3 0 2 7 0 2 7 0 2 4 12 16 2 0 2 7 0 2 4 0 2 4 13 6 3 1 2 7 12 16 2 0 2 7 1 2 7 1 2 7 1 2 7 0 2 7 1 2 7 0 2 7 0 2 4 1 2 7 1 2 4 1 2 7 1 2 7 13 6 3 0 2 7 17 9 2 17 9 2 1 2 4 0 2 4 0 2 3 12 16 2 16 19 11 0 2 4 0 2 7 17 18 2 0 2 4 0 2 7 1 2 7 0 2 7 5 30 3 17 18 2 0 2 11 5 31 3 5 30 3 0 2 7 0 2 4 1 2 7 0 2 7 0 2 7 0 2 4 0 2 4 6 2 3 1 2 7 17 9 2 0 2 7 17 18 2 12 16 2 1 2 7 1 2 7 0 61.0377914905548096
5 30 3 5 30 3 0 2 7 0 2 7 1 2 7 12 16 2 0 2 7 0 2 4 0 2 7 13 6 3 1 2 4 12 16 2 0 2 7 1 2 7 1 2 3 6 2 7 0 2 7 1 2 7 0 2 3 0 2 3 0 2 7 1 2 11 1 2 7 1 2 7 13 6 3 0 2 7 17 9 2 17 9 2 0 2 7 12 16 2 0 2 7 17 18 2 0 2 7 1 2 7 0 2 7 5 30 3 17 18 2 5 31 3 0 2 7 12 16 2 0 2 7 0 2 4 0 2 4 17 9 2 1 2 7 1 2 7 1 2 7 0 2 4 1 2 7 16 19 11 1 2 7 0 2 4 0 2 7 5 30 3 0 2 7 0 2 3 13 6 3 1 2 4 17 18 2 0 2 4 0 60.8553213477134705
5 30 3 0 2 7 0 2 7 0 2 4 12 16 2 0 2 4 0 2 11 17 9 2 0 2 7 0 2 3 12 16 2 0 2 7 5 31 3 0 2 7 1 2 11 1 2 7 0 2 7 1 2 7 0 2 7 0 2 7 5 31 3 1 2 7 5 30 3 0 2 7 17 9 2 1 2 7 0 2 7 5 30 3 0 2 7 0 2 4 12 16 2 0 2 7 1 2 7 1 2 7 0 2 7 5 31 3 5 30 3 6 2 7 17 9 2 1 2 11 13 6 3 1 2 7 0 2 7 0 2 7 16 6 2 0 2 7 0 2 11 1 2 4 1 2 7 8 9 2 0 2 11 17 9 2 0 2 7 1 2 7 0 2 7 1 2 7 16 30 2 0 2 7 0 2 7 16 9 12 0 61.8623146414756775
5 30 3 5 31 3 0 2 7 0 2 7 1 2 7 12 16 2 0 2 7 0 2 7 0 2 3 0 2 7 12 16 2 0 2 11 1 2 7 0 2 7 0 2 7 0 2 4 0 2 7 0 2 7 0 2 7 0 2 7 5 30 3 1 2 7 13 6 3 0 2 7 5 30 3 17 9 2 0 2 3 0 2 3 1 2 7 0 2 7 12 16 2 1 2 3 1 2 3 1 2 3 5 30 3 8 18 2 17 18 2 0 2 7 0 2 3 16 6 2 1 2 7 0 2 7 0 2 3 0 2 3 16 6 2 1 2 3 1 2 7 0 2 7 12 16 2 8 9 2 16 19 11 0 2 3 16 9 11 0 2 3 1 2 7 1 2 7 1 2 7 16 19 11 12 16 2 0 2 7 0 62.8312733769416809
5 31 3 5 30 3 0 2 7 0 2 7 0 2 7 12 16 2 0 2 4 0 2 7 17 18 2 0 2 7 1 2 7 1 2 7 12 16 2 1 2 4 0 2 7 1 2 7 0 2 7 17 18 2 1 2 7 0 2 7 0 2 7 1 2 7 1 2 7 0 2 7 1 2 4 1 2 7 13 6 3 0 2 4 17 9 2 17 9 2 0 2 4 17 9 2 0 2 7 1 2 7 0 2 7 0 2 7 17 18 2 13 6 3 12 16 2 0 2 7 5 31 3 0 2 7 0 2 7 0 2 7 5 30 3 0 2 7 1 2 7 5 30 3 1 2 7 1 2 7 16 6 2 13 6 3 1 2 7 0 2 7 0 2 7 1 2 4 0 2 7 5 30 3 0 2 7 0 2 7 0 60.2672543525695801
5 30 3 5 31 3 0 2 7 0 2 7 0 2 7 12 16 2 0 2 7 0 2 7 1 2 7 13 6 3 1 2 7 13 6 3 1 2 7 1 2 7 1 2 7 1 2 7 0 2 7 1 2 4 0 2 7 1 2 7 0 2 7 0 2 4 0 2 7 1 2 4 13 6 3 0 2 7 17 9 2 17 9 2 1 2 7 0 2 7 1 2 7 12 16 2 16 6 2 0 2 7 0 2 7 17 18 2 0 2 7 6 2 7 1 2 7 0 2 7 5 30 3 17 18 2 0 2 7 5 31 3 5 30 3 0 2 4 0 2 7 0 2 7 0 2 7 0 2 11 0 2 7 5 30 3 1 2 4 1 2 7 17 9 2 1 2 7 17 18 2 12 16 2 0 2 7 0 2 7 0 60.2925954461097717
5 31 3 1 2 7 0 2 7 0 2 7 12 16 2 0 2 7 0 2 7 0 2 7 12 16 2 1 2 7 5 31 3 0 2 7 1 2 3 1 2 7 0 2 7 0 2 7 0 2 7 0 2 7 13 6 3 1 2 7 17 9 2 0 2 7 0 2 7 12 16 2 17 18 2 0 2 7 16 6 2 1 2 4 0 2 7 0 2 3 1 2 7 12 16 2 0 2 7 0 2 7 0 2 4 1 2 7 8 18 2 1 2 7 0 2 7 17 18 2 5 31 3 1 2 7 0 2 4 0 2 7 1 2 7 1 2 7 5 31 3 1 2 7 0 2 3 0 2 7 1 2 7 16 6 2 1 2 4 0 2 7 16 18 11 0 2 7 1 2 7 12 16 2 16 6 2 0 2 7 0 61.0890495181083679

MonoObjective Genetic Algorithm
Number of Evaluations = 0
Mutation Probability = 0
Crossover Probability = 1
Population Size = 10
Survival Selection Type = 16

Time =  18032.9089620113373

Current Evaluation = 2040
Front Size = 10
5 31 3 5 31 3 0 2 7 0 2 7 1 2 7 12 16 2 0 2 4 0 2 7 17 18 2 0 2 7 1 2 7 1 2 7 12 16 2 0 2 7 0 2 7 1 2 7 1 2 7 17 18 2 1 2 7 0 2 7 0 2 7 0 2 7 1 2 7 0 2 7 1 2 7 1 2 7 13 6 3 0 2 7 17 9 2 17 9 2 0 2 7 17 9 2 1 2 7 0 2 7 1 2 4 1 2 7 0 2 7 0 2 7 17 18 2 1 2 7 13 6 3 12 16 2 16 6 2 13 6 3 0 2 7 12 16 2 0 2 7 1 2 7 1 2 7 0 2 7 0 2 7 1 2 7 5 31 3 1 2 7 0 2 7 0 2 7 1 2 7 0 2 7 0 2 7 1 2 4 0 59.7211945056915283
5 31 3 5 31 3 0 2 7 0 2 7 1 2 7 12 16 2 0 2 7 0 2 7 17 18 2 0 2 7 0 2 7 12 16 2 0 2 7 0 2 7 0 2 7 1 2 7 17 18 2 1 2 7 0 2 4 0 2 7 0 2 7 0 2 7 5 30 3 1 2 7 13 6 3 0 2 7 17 9 2 17 9 2 1 2 7 0 2 4 0 2 7 1 2 7 0 2 7 0 2 7 13 6 3 12 16 2 13 6 3 0 2 7 1 2 7 0 2 7 0 2 7 1 2 7 1 2 7 1 2 7 1 2 7 1 2 7 1 2 7 5 30 3 1 2 7 17 9 2 0 2 7 17 9 2 0 2 4 1 2 4 1 2 7 1 2 4 1 2 7 1 2 4 0 2 4 17 9 2 0 59.7875515222549438
5 30 3 5 31 3 0 2 7 0 2 11 0 2 7 12 16 2 0 2 7 0 2 7 0 2 7 13 6 3 6 2 7 12 16 2 1 2 7 1 2 7 1 2 4 1 2 4 0 2 7 1 2 7 0 2 7 0 2 7 1 2 7 1 2 7 6 2 7 1 2 7 13 6 3 0 2 7 17 9 2 17 9 2 1 2 7 0 2 7 6 2 7 12 16 2 16 32 2 0 2 4 0 2 7 17 18 2 0 2 7 0 2 4 1 2 4 0 2 7 5 30 3 17 18 2 0 2 7 5 31 3 5 30 3 0 2 7 0 2 4 1 2 4 0 2 4 0 2 7 0 2 7 5 31 3 0 2 7 1 2 7 17 9 2 0 2 7 17 18 2 12 16 2 0 2 7 1 2 7 0 60.8505546450614929
5 30 3 5 31 3 0 2 7 0 2 7 0 2 4 12 16 2 0 2 7 0 2 4 0 2 4 13 6 3 1 2 7 12 16 2 0 2 7 1 2 7 1 2 7 1 2 7 0 2 7 1 2 7 0 2 7 0 2 4 1 2 7 1 2 4 1 2 7 1 2 7 13 6 3 0 2 7 17 9 2 17 9 2 1 2 4 0 2 4 0 2 3 12 16 2 16 19 11 0 2 4 0 2 7 17 18 2 0 2 4 0 2 7 1 2 7 0 2 7 5 30 3 17 18 2 0 2 11 5 31 3 5 30 3 0 2 7 0 2 4 1 2 7 0 2 7 0 2 7 0 2 4 0 2 4 6 2 3 1 2 7 17 9 2 0 2 7 17 18 2 12 16 2 1 2 7 1 2 7 0 61.0377914905548096
5 30 3 5 30 3 0 2 7 0 2 7 1 2 7 12 16 2 0 2 7 0 2 4 0 2 7 13 6 3 1 2 4 12 16 2 0 2 7 1 2 7 1 2 3 6 2 7 0 2 7 1 2 7 0 2 3 0 2 3 0 2 7 1 2 11 1 2 7 1 2 7 13 6 3 0 2 7 17 9 2 17 9 2 0 2 7 12 16 2 0 2 7 17 18 2 0 2 7 1 2 7 0 2 7 5 30 3 17 18 2 5 31 3 0 2 7 12 16 2 0 2 7 0 2 4 0 2 4 17 9 2 1 2 7 1 2 7 1 2 7 0 2 4 1 2 7 16 19 11 1 2 7 0 2 4 0 2 7 5 30 3 0 2 7 0 2 3 13 6 3 1 2 4 17 18 2 0 2 4 0 60.8553213477134705
5 30 3 0 2 7 0 2 7 0 2 4 12 16 2 0 2 4 0 2 11 17 9 2 0 2 7 0 2 3 12 16 2 0 2 7 5 31 3 0 2 7 1 2 11 1 2 7 0 2 7 1 2 7 0 2 7 0 2 7 5 31 3 1 2 7 5 30 3 0 2 7 17 9 2 1 2 7 0 2 7 5 30 3 0 2 7 0 2 4 12 16 2 0 2 7 1 2 7 1 2 7 0 2 7 5 31 3 5 30 3 6 2 7 17 9 2 1 2 11 13 6 3 1 2 7 0 2 7 0 2 7 16 6 2 0 2 7 0 2 11 1 2 4 1 2 7 8 9 2 0 2 11 17 9 2 0 2 7 1 2 7 0 2 7 1 2 7 16 30 2 0 2 7 0 2 7 16 9 12 0 61.8623146414756775
5 30 3 5 31 3 0 2 7 0 2 7 1 2 7 12 16 2 0 2 7 0 2 7 0 2 3 0 2 7 12 16 2 0 2 11 1 2 7 0 2 7 0 2 7 0 2 4 0 2 7 0 2 7 0 2 7 0 2 7 5 30 3 1 2 7 13 6 3 0 2 7 5 30 3 17 9 2 0 2 3 0 2 3 1 2 7 0 2 7 12 16 2 1 2 3 1 2 3 1 2 3 5 30 3 8 18 2 17 18 2 0 2 7 0 2 3 16 6 2 1 2 7 0 2 7 0 2 3 0 2 3 16 6 2 1 2 3 1 2 7 0 2 7 12 16 2 8 9 2 16 19 11 0 2 3 16 9 11 0 2 3 1 2 7 1 2 7 1 2 7 16 19 11 12 16 2 0 2 7 0 62.8312733769416809
5 31 3 5 30 3 0 2 7 0 2 7 0 2 7 12 16 2 0 2 4 0 2 7 17 18 2 0 2 7 1 2 7 1 2 7 12 16 2 1 2 4 0 2 7 1 2 7 0 2 7 17 18 2 1 2 7 0 2 7 0 2 7 1 2 7 1 2 7 0 2 7 1 2 4 1 2 7 13 6 3 0 2 4 17 9 2 17 9 2 0 2 4 17 9 2 0 2 7 1 2 7 0 2 7 0 2 7 17 18 2 13 6 3 12 16 2 0 2 7 5 31 3 0 2 7 0 2 7 0 2 7 5 30 3 0 2 7 1 2 7 5 30 3 1 2 7 1 2 7 16 6 2 13 6 3 1 2 7 0 2 7 0 2 7 1 2 4 0 2 7 5 30 3 0 2 7 0 2 7 0 60.2672543525695801
5 30 3 5 31 3 0 2 7 0 2 7 0 2 7 12 16 2 0 2 7 0 2 7 1 2 7 13 6 3 1 2 7 13 6 3 1 2 7 1 2 7 1 2 7 1 2 7 0 2 7 1 2 4 0 2 7 1 2 7 0 2 7 0 2 4 0 2 7 1 2 4 13 6 3 0 2 7 17 9 2 17 9 2 1 2 7 0 2 7 1 2 7 12 16 2 16 6 2 0 2 7 0 2 7 17 18 2 0 2 7 6 2 7 1 2 7 0 2 7 5 30 3 17 18 2 0 2 7 5 31 3 5 30 3 0 2 4 0 2 7 0 2 7 0 2 7 0 2 11 0 2 7 5 30 3 1 2 4 1 2 7 17 9 2 1 2 7 17 18 2 12 16 2 0 2 7 0 2 7 0 60.2925954461097717
5 31 3 1 2 7 0 2 7 0 2 7 12 16 2 0 2 7 0 2 7 0 2 7 12 16 2 1 2 7 5 31 3 0 2 7 1 2 3 1 2 7 0 2 7 0 2 7 0 2 7 0 2 7 13 6 3 1 2 7 17 9 2 0 2 7 0 2 7 12 16 2 17 18 2 0 2 7 16 6 2 1 2 4 0 2 7 0 2 3 1 2 7 12 16 2 0 2 7 0 2 7 0 2 4 1 2 7 8 18 2 1 2 7 0 2 7 17 18 2 5 31 3 1 2 7 0 2 4 0 2 7 1 2 7 1 2 7 5 31 3 1 2 7 0 2 3 0 2 7 1 2 7 16 6 2 1 2 4 0 2 7 16 18 11 0 2 7 1 2 7 12 16 2 16 6 2 0 2 7 0 61.0890495181083679

