Current Evaluation = 900(900)
Front Size = 10
1 2 7 5 31 3 0 2 7 5 30 3 0 2 4 0 2 4 5 31 3 0 2 7 17 18 2 5 30 3 12 16 2 0 2 7 0 2 7 0 2 7 8 9 2 1 2 7 1 2 7 1 2 7 5 31 3 1 2 7 1 2 7 0 2 7 0 2 7 1 2 7 0 2 7 0 2 7 1 2 4 0 2 7 16 19 11 0 2 7 0 2 7 0 2 7 1 2 4 1 2 4 1 2 7 1 2 4 0 2 7 8 9 2 0 2 7 16 6 2 0 2 7 12 16 2 1 2 7 17 18 2 0 2 4 12 16 2 17 18 2 1 2 7 12 16 2 0 2 7 0 2 7 16 31 2 1 2 7 0 2 7 0 2 7 0 2 7 16 6 2 0 2 7 0 2 7 0 2 7 0 61.3171464204788208
1 2 8 0 2 3 5 30 3 0 2 3 0 2 3 0 2 8 5 30 3 0 2 3 5 30 3 5 30 3 0 2 8 0 2 8 1 2 3 0 2 8 0 2 3 5 30 3 0 2 3 12 16 2 0 2 3 5 30 3 5 30 3 5 30 3 8 18 2 0 2 3 16 6 2 5 30 3 12 16 2 16 19 11 16 19 12 0 2 8 8 9 2 16 19 11 8 9 2 16 19 12 0 2 8 0 2 8 0 2 3 0 2 8 0 2 8 0 2 8 0 2 3 0 2 8 0 2 8 0 2 7 16 19 12 0 2 3 0 2 8 0 2 3 0 2 8 16 19 12 0 2 8 0 2 3 0 2 8 0 2 8 0 2 8 1 2 8 12 16 2 0 2 3 0 2 8 0 2 8 0 68.7699366807937622
5 30 3 8 9 2 8 9 2 5 30 3 5 30 3 5 30 3 5 30 3 12 16 2 12 16 2 16 19 12 0 2 8 0 2 8 1 2 7 17 18 2 0 2 12 0 2 7 1 2 7 0 2 8 1 2 3 0 2 8 0 2 7 0 2 8 1 2 7 16 19 12 16 19 11 12 16 2 8 9 2 6 2 8 0 2 4 0 2 7 0 2 3 5 31 3 0 2 8 8 9 2 0 2 7 16 19 11 0 2 7 16 6 2 8 18 2 8 9 2 0 2 7 8 9 2 0 2 8 16 6 2 6 2 8 0 2 4 6 2 8 8 18 2 0 2 7 5 30 3 13 6 3 0 2 7 0 2 3 0 2 7 0 2 3 0 2 8 8 18 2 6 2 8 16 19 12 2 3 3 0.0315624134870924195 65.0980924367904663
17 9 2 5 30 3 5 30 3 8 9 2 5 30 3 12 16 2 5 30 3 13 6 3 0 2 7 5 30 3 12 16 2 16 19 11 0 2 7 1 2 7 8 18 2 1 2 7 0 2 4 0 2 7 0 2 7 0 2 7 0 2 7 0 2 7 1 2 7 0 2 7 0 2 7 1 2 1 12 16 2 0 2 7 1 2 7 12 16 2 0 2 7 13 6 3 17 9 2 0 2 11 0 2 7 1 2 7 0 2 7 16 20 12 0 2 11 8 18 2 5 30 3 1 2 1 0 2 7 5 30 3 1 2 7 0 2 7 5 30 3 17 18 2 17 9 2 0 2 7 0 2 7 0 2 7 0 2 7 0 2 7 1 2 11 0 2 7 0 2 7 0 2 7 1 2 11 17 9 2 0 62.6139751672744751
16 6 2 5 30 3 5 30 3 1 2 7 0 2 3 0 2 3 0 2 3 17 9 2 0 2 7 1 2 7 1 2 7 12 16 2 12 16 2 12 16 2 0 2 7 1 2 7 5 30 3 0 2 7 0 2 11 0 2 7 0 2 3 0 2 4 16 18 11 1 2 7 0 2 7 0 2 7 16 6 2 0 2 3 16 9 11 1 2 3 0 2 4 0 2 4 0 2 3 8 18 2 6 2 3 1 2 3 1 2 4 0 2 3 5 31 3 1 2 3 5 30 3 1 2 7 0 2 3 0 2 3 0 2 7 5 31 3 0 2 7 1 2 7 0 2 7 5 30 3 12 16 2 0 2 7 0 2 7 16 30 2 0 2 3 16 19 11 0 2 3 0 2 7 0 2 11 0 2 7 0 63.5266226530075073
0 2 3 16 6 2 5 30 3 0 2 8 5 30 3 0 2 11 0 2 3 0 2 3 0 2 3 5 30 3 16 6 2 8 9 2 1 2 7 0 2 7 0 2 3 8 9 2 16 19 12 0 2 3 5 30 3 0 2 3 0 2 3 0 2 3 0 2 3 0 2 7 0 2 3 1 2 3 8 9 2 0 2 3 16 6 2 16 19 12 0 2 3 6 2 12 0 2 3 0 2 3 5 30 3 5 30 3 0 2 3 0 2 3 0 2 3 0 2 8 1 2 3 1 2 3 1 2 7 1 2 3 6 2 3 1 2 7 5 30 3 0 2 3 0 2 3 0 2 3 16 6 2 12 16 2 12 16 2 0 2 8 16 19 12 0 2 8 0 2 8 12 16 2 0 2 3 5 30 3 0 65.7888170480728149
16 19 12 0 2 8 8 9 2 1 2 8 5 30 3 5 30 3 8 18 2 0 2 8 0 2 8 0 2 8 8 9 2 0 2 8 16 15 2 0 2 8 0 2 8 0 2 8 6 2 8 5 30 3 8 18 2 0 2 8 16 15 2 0 2 8 12 16 2 0 2 8 8 18 2 5 30 3 0 2 8 13 6 3 13 6 3 8 9 2 0 2 8 8 9 2 16 19 12 5 30 3 9 2 7 0 2 8 8 9 2 8 18 2 16 19 12 5 30 3 0 2 8 16 19 12 5 30 3 1 2 8 0 2 8 8 9 2 5 30 3 0 2 8 0 2 8 0 2 8 1 2 8 12 16 2 0 2 8 6 2 8 16 15 2 0 2 8 0 2 8 0 2 8 0 2 8 8 9 2 0.00687205233394242842 67.3952534198760986
5 30 3 0 2 3 5 30 3 1 2 3 1 2 3 5 30 3 1 2 7 5 30 3 5 31 3 0 2 7 12 16 2 12 16 2 12 16 2 0 2 3 1 2 3 0 2 7 16 19 11 1 2 3 1 2 7 0 2 3 0 2 7 0 2 7 0 2 7 0 2 7 5 30 3 0 2 7 1 2 7 0 2 7 0 2 7 0 2 7 0 2 7 0 2 7 0 2 7 0 2 7 16 19 11 0 2 7 0 2 7 0 2 3 0 2 3 0 2 7 0 2 3 0 2 7 16 6 2 16 19 11 0 2 7 6 2 7 0 2 7 16 19 11 0 2 7 5 31 3 0 2 7 16 6 2 5 31 3 0 2 7 0 2 7 16 9 8 0 2 7 0 2 3 0 2 3 0 2 7 0 64.1920201182365417
16 19 11 8 9 2 16 19 12 16 19 12 17 18 2 0 2 3 0 2 8 12 16 2 5 30 3 0 2 7 12 16 2 5 30 3 1 2 12 0 2 3 0 2 3 0 2 7 5 30 3 5 30 3 12 16 2 16 19 12 0 2 12 5 30 3 1 2 4 0 2 7 0 2 3 16 19 12 1 2 3 0 2 7 0 2 7 0 2 3 13 6 3 0 2 3 0 2 12 0 2 3 0 2 7 8 18 2 0 2 3 0 2 3 0 2 7 0 2 3 1 2 8 0 2 11 0 2 7 1 2 7 0 2 8 0 2 7 5 30 3 0 2 7 0 2 3 0 2 3 17 9 2 0 2 8 1 2 3 0 2 8 5 30 3 0 2 3 0 2 8 1 2 3 5 30 3 0 2 3 0 66.0747729539871216
5 30 3 6 2 8 0 2 8 8 9 2 16 19 11 16 19 11 8 18 2 5 30 3 6 2 7 12 16 2 0 2 8 0 2 8 5 30 3 0 2 8 0 2 8 0 2 7 0 2 8 12 16 2 5 30 3 12 16 2 0 2 7 0 2 8 6 2 7 0 2 8 8 9 2 0 2 7 5 30 3 5 30 3 0 2 8 0 2 3 12 16 2 0 2 8 16 19 11 0 2 7 5 30 3 0 2 8 6 2 8 1 2 8 0 2 8 6 2 8 0 2 8 0 2 8 0 2 7 5 30 3 9 3 2 1 2 8 8 18 2 16 6 2 0 2 7 16 18 8 0 2 8 9 2 7 5 30 3 0 2 7 0 2 8 0 2 8 16 19 11 0 2 8 0 2 8 0 2 8 0.000531286066119130308 67.8075653314590454

Current Evaluation = 1800(1800)
Front Size = 10
5 30 3 5 31 3 17 9 2 12 16 2 0 2 7 12 16 2 16 19 11 0 2 7 0 2 4 0 2 7 1 2 7 1 2 7 1 2 7 0 2 7 1 2 4 0 2 7 0 2 7 0 2 7 12 16 2 12 16 2 1 2 7 1 2 7 12 16 2 0 2 4 0 2 7 0 2 7 1 2 7 1 2 7 0 2 4 0 2 7 17 18 2 0 2 7 0 2 4 0 2 7 1 2 7 17 18 2 0 2 7 0 2 1 0 2 7 1 2 7 1 2 7 1 2 7 5 30 3 0 2 4 8 18 2 0 2 7 13 6 3 5 31 3 1 2 7 17 18 2 17 9 2 0 2 7 5 30 3 0 2 7 1 2 7 16 6 2 8 18 2 0 2 7 13 6 3 0 2 7 0 61.2685153484344482
8 9 2 5 31 3 5 30 3 12 16 2 12 16 2 16 6 2 1 2 3 0 2 7 0 2 7 1 2 7 12 16 2 16 19 11 0 2 3 0 2 11 0 2 7 17 18 2 0 2 3 0 2 3 16 6 2 0 2 10 0 2 7 0 2 7 8 9 2 5 30 3 0 2 7 0 2 7 16 6 2 5 30 3 1 2 3 5 30 3 0 2 7 5 30 3 0 2 7 13 6 3 0 2 7 0 2 7 0 2 7 0 2 11 5 30 3 0 2 7 17 9 2 0 2 3 1 2 3 0 2 3 0 2 7 1 2 7 5 30 3 0 2 7 0 2 7 16 30 2 1 2 7 0 2 3 0 2 3 0 2 7 1 2 7 1 2 7 0 2 4 0 2 7 1 2 7 1 2 7 0 62.6004184484481812
8 9 2 5 30 3 5 30 3 5 30 3 12 16 2 12 16 2 0 2 3 1 2 3 0 2 11 5 30 3 0 2 11 0 2 11 0 2 11 5 30 3 16 6 2 0 2 11 12 16 2 0 2 7 0 2 3 0 2 7 0 2 11 0 2 11 0 2 11 0 2 7 0 2 11 12 16 2 5 30 3 0 2 3 5 30 3 16 19 11 0 2 7 0 2 7 0 2 7 16 19 11 5 30 3 0 2 8 0 2 3 0 2 7 1 2 11 0 2 7 5 30 3 0 2 3 16 19 11 1 2 7 0 2 3 0 2 3 0 2 11 16 19 11 0 2 3 16 6 2 0 2 7 0 2 7 0 2 7 0 2 3 16 30 2 0 2 11 0 2 3 1 2 3 0 2 3 8 9 2 0 65.7302517890930176
1 2 8 0 2 3 5 30 3 0 2 3 0 2 3 0 2 8 5 30 3 0 2 3 5 30 3 5 30 3 0 2 8 0 2 8 1 2 3 0 2 8 0 2 3 5 30 3 0 2 3 12 16 2 0 2 3 5 30 3 5 30 3 5 30 3 8 18 2 0 2 3 16 6 2 5 30 3 12 16 2 16 19 11 16 19 12 0 2 8 8 9 2 16 19 11 8 9 2 16 19 12 0 2 8 0 2 8 0 2 3 0 2 8 0 2 8 0 2 8 0 2 3 0 2 8 0 2 8 0 2 7 16 19 12 0 2 3 0 2 8 0 2 3 0 2 8 16 19 12 0 2 8 0 2 3 0 2 8 0 2 8 0 2 8 1 2 8 12 16 2 0 2 3 0 2 8 0 2 8 0 68.7699366807937622
0 2 3 16 6 2 5 30 3 0 2 8 5 30 3 0 2 11 0 2 3 0 2 3 0 2 3 5 30 3 16 6 2 8 9 2 1 2 7 0 2 7 0 2 3 8 9 2 16 19 12 0 2 3 5 30 3 0 2 3 0 2 3 0 2 3 0 2 3 0 2 7 0 2 3 1 2 3 8 9 2 0 2 3 16 6 2 16 19 12 0 2 3 6 2 12 0 2 3 0 2 3 5 30 3 5 30 3 0 2 3 0 2 3 0 2 3 0 2 8 1 2 3 1 2 3 1 2 7 1 2 3 6 2 3 1 2 7 5 30 3 0 2 3 0 2 3 0 2 3 16 6 2 12 16 2 12 16 2 0 2 8 16 19 12 0 2 8 0 2 8 12 16 2 0 2 3 5 30 3 0 65.7888170480728149
16 19 12 0 2 8 8 9 2 1 2 8 5 30 3 5 30 3 8 18 2 0 2 8 0 2 8 0 2 8 8 9 2 0 2 8 16 15 2 0 2 8 0 2 8 0 2 8 6 2 8 5 30 3 8 18 2 0 2 8 16 15 2 0 2 8 12 16 2 0 2 8 8 18 2 5 30 3 0 2 8 13 6 3 13 6 3 8 9 2 0 2 8 8 9 2 16 19 12 5 30 3 9 2 7 0 2 8 8 9 2 8 18 2 16 19 12 5 30 3 0 2 8 16 19 12 5 30 3 1 2 8 0 2 8 8 9 2 5 30 3 0 2 8 0 2 8 0 2 8 1 2 8 12 16 2 0 2 8 6 2 8 16 15 2 0 2 8 0 2 8 0 2 8 0 2 8 8 9 2 0.00687205233394242842 67.3952534198760986
8 9 2 5 30 3 5 30 3 8 9 2 12 16 2 12 16 2 16 19 12 16 6 2 0 2 7 1 2 7 17 18 2 0 2 8 0 2 7 0 2 8 0 2 7 5 31 3 0 2 8 0 2 7 1 2 7 5 30 3 8 18 2 1 2 7 16 15 2 0 2 8 0 2 8 8 18 2 0 2 7 0 2 8 0 2 7 0 2 7 0 2 4 0 2 7 1 2 4 1 2 4 1 2 7 5 31 3 0 2 7 0 2 7 0 2 4 16 19 12 1 2 7 0 2 7 1 2 4 5 30 3 0 2 4 1 2 7 0 2 7 5 30 3 0 2 8 0 2 8 0 2 8 1 2 8 0 2 7 16 31 2 1 2 7 0 2 8 0 2 8 0 2 7 17 18 2 17 18 2 0.00810156597506194939 63.7907183170318604
5 30 3 5 30 3 12 16 2 12 16 2 8 9 2 5 30 3 5 30 3 16 19 12 1 2 3 1 2 8 8 9 2 1 2 7 13 6 3 0 2 11 8 18 2 1 2 7 5 30 3 8 18 2 1 2 7 8 9 2 16 19 12 16 30 2 0 2 8 0 2 4 1 2 7 16 15 2 0 2 4 0 2 7 0 2 11 0 2 7 0 2 8 1 2 8 6 2 8 0 2 4 0 2 4 8 9 2 0 2 4 0 2 4 1 2 7 16 19 12 0 2 8 0 2 7 13 6 3 9 2 7 0 2 7 16 9 11 16 15 2 1 2 7 0 2 3 5 30 3 0 2 7 1 2 3 1 2 7 17 18 2 0 2 8 8 18 2 0 2 7 8 9 2 5 31 3 17 9 2 0.0619927881140230966 63.170516312122345
5 30 3 8 9 2 8 9 2 5 30 3 5 30 3 5 30 3 5 30 3 12 16 2 12 16 2 16 19 12 0 2 8 0 2 8 1 2 7 17 18 2 0 2 12 0 2 7 1 2 7 0 2 8 1 2 3 0 2 8 0 2 7 0 2 8 1 2 7 16 19 12 16 19 11 12 16 2 8 9 2 6 2 8 0 2 4 0 2 7 0 2 3 5 31 3 0 2 8 8 9 2 0 2 7 16 19 11 0 2 7 16 6 2 8 18 2 8 9 2 0 2 7 8 9 2 0 2 8 16 6 2 6 2 8 0 2 4 6 2 8 8 18 2 0 2 7 5 30 3 13 6 3 0 2 7 0 2 3 0 2 7 0 2 3 0 2 8 8 18 2 6 2 8 16 19 12 2 3 3 0.0315624134870924195 65.0980924367904663
17 9 2 5 30 3 5 30 3 8 9 2 5 30 3 12 16 2 5 30 3 13 6 3 0 2 7 5 30 3 12 16 2 16 19 11 0 2 7 1 2 7 8 18 2 1 2 7 0 2 4 0 2 7 0 2 7 0 2 7 0 2 7 0 2 7 1 2 7 0 2 7 0 2 7 1 2 1 12 16 2 0 2 7 1 2 7 12 16 2 0 2 7 13 6 3 17 9 2 0 2 11 0 2 7 1 2 7 0 2 7 16 20 12 0 2 11 8 18 2 5 30 3 1 2 1 0 2 7 5 30 3 1 2 7 0 2 7 5 30 3 17 18 2 17 9 2 0 2 7 0 2 7 0 2 7 0 2 7 0 2 7 1 2 11 0 2 7 0 2 7 0 2 7 1 2 11 17 9 2 0 62.6139751672744751

Current Evaluation = 2700(2700)
Front Size = 10
5 30 3 5 31 3 17 9 2 12 16 2 0 2 7 12 16 2 16 19 11 0 2 7 0 2 4 0 2 7 1 2 7 1 2 7 1 2 7 0 2 7 1 2 4 0 2 7 0 2 7 0 2 7 12 16 2 12 16 2 1 2 7 1 2 7 12 16 2 0 2 4 0 2 7 0 2 7 1 2 7 1 2 7 0 2 4 0 2 7 17 18 2 0 2 7 0 2 4 0 2 7 1 2 7 17 18 2 0 2 7 0 2 1 0 2 7 1 2 7 1 2 7 1 2 7 5 30 3 0 2 4 8 18 2 0 2 7 13 6 3 5 31 3 1 2 7 17 18 2 17 9 2 0 2 7 5 30 3 0 2 7 1 2 7 16 6 2 8 18 2 0 2 7 13 6 3 0 2 7 0 61.2685153484344482
5 30 3 5 30 3 5 30 3 0 2 3 12 16 2 12 16 2 16 19 11 0 2 7 0 2 3 0 2 3 5 30 3 8 18 2 16 6 2 0 2 11 1 2 11 0 2 3 0 2 3 17 18 2 5 30 3 5 30 3 0 2 3 0 2 8 0 2 3 0 2 8 6 2 8 0 2 7 16 6 2 1 2 8 1 2 1 12 16 2 0 2 11 1 2 11 5 30 3 0 2 11 0 2 3 0 2 7 8 18 2 0 2 11 0 2 8 0 2 11 1 2 7 0 2 8 0 2 8 0 2 8 5 30 3 0 2 8 0 2 8 16 31 2 0 2 8 0 2 11 16 6 2 0 2 3 0 2 3 8 18 2 16 6 2 5 30 3 0 2 11 0 2 3 0 2 7 0 2 7 0 65.9156162738800049
17 9 2 5 30 3 5 30 3 5 30 3 12 16 2 0 2 7 0 2 11 0 2 7 5 30 3 16 19 11 0 2 7 0 2 7 0 2 7 5 30 3 1 2 7 0 2 7 0 2 7 1 2 7 0 2 7 0 2 7 1 2 7 0 2 7 16 31 2 0 2 7 17 9 2 0 2 7 17 18 2 1 2 3 5 30 3 5 31 3 16 19 11 0 2 7 16 30 2 5 30 3 5 31 3 0 2 7 0 2 7 0 2 7 1 2 7 0 2 11 1 2 7 0 2 7 6 2 7 0 2 7 13 6 3 0 2 7 6 2 7 1 2 7 0 2 3 0 2 7 1 2 7 0 2 7 1 2 3 0 2 7 0 2 7 0 2 7 0 2 7 0 2 7 1 2 7 0 2 7 0 62.201263427734375
5 31 3 5 30 3 12 16 2 0 2 3 12 16 2 0 2 3 0 2 7 0 2 3 1 2 4 1 2 7 0 2 7 1 2 7 0 2 3 0 2 3 0 2 3 12 16 2 12 16 2 1 2 7 0 2 7 12 16 2 1 2 7 1 2 7 1 2 3 1 2 7 0 2 7 0 2 4 0 2 7 0 2 7 1 2 3 5 30 3 1 2 3 5 30 3 0 2 7 5 30 3 0 2 7 16 31 2 16 6 2 0 2 3 0 2 3 5 30 3 0 2 7 0 2 3 8 18 2 16 30 2 0 2 3 0 2 3 1 2 3 0 2 3 0 2 7 1 2 7 1 2 7 0 2 7 0 2 3 16 19 11 0 2 7 0 2 3 0 2 3 0 2 3 16 6 2 16 9 11 0 63.5736915469169617
16 19 12 0 2 8 8 9 2 1 2 8 5 30 3 5 30 3 8 18 2 0 2 8 0 2 8 0 2 8 8 9 2 0 2 8 16 15 2 0 2 8 0 2 8 0 2 8 6 2 8 5 30 3 8 18 2 0 2 8 16 15 2 0 2 8 12 16 2 0 2 8 8 18 2 5 30 3 0 2 8 13 6 3 13 6 3 8 9 2 0 2 8 8 9 2 16 19 12 5 30 3 9 2 7 0 2 8 8 9 2 8 18 2 16 19 12 5 30 3 0 2 8 16 19 12 5 30 3 1 2 8 0 2 8 8 9 2 5 30 3 0 2 8 0 2 8 0 2 8 1 2 8 12 16 2 0 2 8 6 2 8 16 15 2 0 2 8 0 2 8 0 2 8 0 2 8 8 9 2 0.00687205233394242842 67.3952534198760986
16 19 11 1 2 3 5 30 3 5 30 3 5 30 3 0 2 11 1 2 7 0 2 3 1 2 3 16 6 2 0 2 3 0 2 7 0 2 7 5 30 3 0 2 7 12 16 2 0 2 7 5 30 3 5 30 3 12 16 2 0 2 7 0 2 10 0 2 7 0 2 3 16 6 2 5 30 3 0 2 11 1 2 3 0 2 7 0 2 3 0 2 3 17 18 2 5 30 3 16 6 2 1 2 3 0 2 7 0 2 3 16 6 2 1 2 11 0 2 7 8 18 2 0 2 7 0 2 7 0 2 11 1 2 3 1 2 7 0 2 3 8 18 2 0 2 7 16 6 2 8 9 2 0 2 11 1 2 7 0 2 7 0 2 7 12 16 2 8 18 2 0 2 3 0 2 7 0 2 8 0 63.6439745426177979
17 9 2 5 30 3 5 30 3 5 30 3 12 16 2 12 16 2 0 2 7 1 2 11 5 31 3 5 30 3 16 6 2 12 16 2 0 2 7 1 2 11 0 2 7 0 2 11 5 30 3 0 2 7 0 2 11 1 2 7 1 2 11 0 2 7 0 2 7 6 2 7 0 2 7 6 2 11 0 2 11 16 6 2 0 2 7 8 9 2 15 2 11 0 2 11 0 2 11 0 2 11 0 2 7 17 18 2 6 2 7 0 2 7 13 6 3 12 16 2 5 30 3 5 30 3 0 2 1 0 2 1 6 2 11 0 2 11 8 9 2 0 2 11 17 9 2 0 2 7 17 9 2 0 2 7 0 2 11 0 2 7 0 2 11 16 6 2 5 30 3 0 2 7 0 2 7 0 2 7 0 63.7932897806167603
8 9 2 5 30 3 5 30 3 8 9 2 12 16 2 12 16 2 16 19 12 16 6 2 0 2 7 1 2 7 17 18 2 0 2 8 0 2 7 0 2 8 0 2 7 5 31 3 0 2 8 0 2 7 1 2 7 5 30 3 8 18 2 1 2 7 16 15 2 0 2 8 0 2 8 8 18 2 0 2 7 0 2 8 0 2 7 0 2 7 0 2 4 0 2 7 1 2 4 1 2 4 1 2 7 5 31 3 0 2 7 0 2 7 0 2 4 16 19 12 1 2 7 0 2 7 1 2 4 5 30 3 0 2 4 1 2 7 0 2 7 5 30 3 0 2 8 0 2 8 0 2 8 1 2 8 0 2 7 16 31 2 1 2 7 0 2 8 0 2 8 0 2 7 17 18 2 17 18 2 0.00810156597506194939 63.7907183170318604
5 30 3 12 16 2 0 2 7 12 16 2 16 19 11 12 16 2 5 30 3 8 18 2 5 30 3 16 6 2 5 31 3 0 2 3 16 19 12 0 2 8 5 30 3 5 30 3 1 2 3 0 2 3 0 2 3 1 2 4 0 2 7 5 30 3 0 2 7 12 16 2 0 2 8 1 2 7 0 2 3 0 2 8 0 2 8 0 2 8 0 2 8 0 2 8 0 2 8 0 2 3 17 18 2 0 2 8 1 2 8 0 2 7 0 2 8 16 19 11 0 2 8 0 2 8 0 2 7 8 9 2 0 2 3 1 2 7 0 2 4 0 2 3 5 30 3 5 31 3 0 2 8 17 18 2 0 2 8 0 2 3 0 2 7 0 2 3 5 30 3 0 2 7 13 6 3 0 2 8 0.0148556891833975628 66.8633632659912109
17 9 2 1 2 7 5 30 3 5 30 3 5 30 3 0 2 7 0 2 3 1 2 7 0 2 7 8 18 2 5 31 3 0 2 7 12 16 2 5 30 3 12 16 2 0 2 3 1 2 7 0 2 7 0 2 3 1 2 3 1 2 11 0 2 4 1 2 11 8 18 2 6 2 7 0 2 7 0 2 7 1 2 7 1 2 4 0 2 7 0 2 7 0 2 7 1 2 7 0 2 7 0 2 4 0 2 7 5 30 3 16 6 2 0 2 11 17 9 2 0 2 7 0 2 3 1 2 10 0 2 3 0 2 7 0 2 11 0 2 3 1 2 7 16 19 11 0 2 7 5 31 3 0 2 7 1 2 7 0 2 7 16 6 2 16 6 2 0 2 7 0 2 4 0 2 4 17 18 2 0 62.5474525094032288

Current Evaluation = 3600(3600)
Front Size = 10
17 9 2 5 31 3 1 2 7 5 31 3 12 16 2 12 16 2 0 2 7 12 16 2 16 6 2 12 16 2 0 2 4 1 2 4 1 2 4 0 2 7 17 9 2 6 2 4 1 2 4 0 2 7 0 2 7 17 9 2 1 2 7 17 9 2 1 2 4 0 2 7 0 2 7 12 16 2 17 9 2 0 2 4 1 2 7 1 2 7 1 2 7 0 2 4 0 2 7 0 2 7 13 6 3 0 2 7 1 2 7 1 2 7 0 2 7 1 2 4 0 2 7 0 2 7 0 2 7 1 2 7 0 2 7 0 2 7 0 2 4 16 6 2 0 2 7 1 2 4 0 2 7 0 2 4 0 2 7 8 9 2 1 2 7 5 31 3 0 2 4 0 2 7 1 2 7 5 31 3 0 60.6511556506156921
5 30 3 12 16 2 12 16 2 1 2 7 5 30 3 5 30 3 5 30 3 5 30 3 1 2 7 0 2 7 6 2 7 12 16 2 0 2 7 1 2 7 0 2 7 0 2 7 16 6 2 0 2 7 0 2 7 0 2 7 16 31 2 5 31 3 0 2 7 1 2 7 1 2 7 0 2 7 0 2 7 16 19 11 16 31 2 5 30 3 0 2 7 0 2 7 0 2 3 6 2 7 1 2 3 0 2 7 0 2 11 0 2 7 16 6 2 1 2 3 1 2 7 0 2 7 0 2 7 0 2 7 16 31 2 0 2 3 8 18 2 17 9 2 0 2 7 0 2 3 0 2 3 0 2 10 0 2 4 1 2 7 0 2 10 0 2 7 12 16 2 0 2 7 5 30 3 0 2 7 0 62.5198802947998047
5 30 3 5 30 3 5 30 3 0 2 3 12 16 2 12 16 2 16 19 11 0 2 7 0 2 3 0 2 3 5 30 3 8 18 2 16 6 2 0 2 11 1 2 11 0 2 3 0 2 3 17 18 2 5 30 3 5 30 3 0 2 3 0 2 8 0 2 3 0 2 8 6 2 8 0 2 7 16 6 2 1 2 8 1 2 1 12 16 2 0 2 11 1 2 11 5 30 3 0 2 11 0 2 3 0 2 7 8 18 2 0 2 11 0 2 8 0 2 11 1 2 7 0 2 8 0 2 8 0 2 8 5 30 3 0 2 8 0 2 8 16 31 2 0 2 8 0 2 11 16 6 2 0 2 3 0 2 3 8 18 2 16 6 2 5 30 3 0 2 11 0 2 3 0 2 7 0 2 7 0 65.9156162738800049
5 31 3 12 16 2 12 16 2 6 2 4 5 30 3 5 30 3 5 31 3 5 31 3 0 2 7 0 2 7 0 2 7 12 16 2 0 2 7 5 31 3 6 2 7 16 30 2 0 2 7 0 2 4 0 2 7 1 2 7 6 2 4 0 2 7 6 2 7 17 18 2 16 6 2 0 2 7 0 2 7 0 2 7 0 2 7 0 2 7 0 2 7 0 2 7 0 2 7 0 2 7 5 31 3 0 2 7 1 2 7 0 2 7 0 2 7 1 2 7 0 2 7 12 16 2 0 2 7 0 2 7 1 2 7 1 2 7 17 18 2 8 1 2 17 18 2 0 2 12 16 19 11 0 2 7 16 6 2 1 2 7 1 2 7 0 2 7 0 2 7 0 2 7 1 2 7 12 16 2 0 62.0607883930206299
17 9 2 5 30 3 5 30 3 5 30 3 12 16 2 12 16 2 0 2 7 1 2 11 5 31 3 5 30 3 16 6 2 12 16 2 0 2 7 1 2 11 0 2 7 0 2 11 5 30 3 0 2 7 0 2 11 1 2 7 1 2 11 0 2 7 0 2 7 6 2 7 0 2 7 6 2 11 0 2 11 16 6 2 0 2 7 8 9 2 15 2 11 0 2 11 0 2 11 0 2 11 0 2 7 17 18 2 6 2 7 0 2 7 13 6 3 12 16 2 5 30 3 5 30 3 0 2 1 0 2 1 6 2 11 0 2 11 8 9 2 0 2 11 17 9 2 0 2 7 17 9 2 0 2 7 0 2 11 0 2 7 0 2 11 16 6 2 5 30 3 0 2 7 0 2 7 0 2 7 0 63.7932897806167603
5 31 3 12 16 2 12 16 2 1 2 3 5 30 3 5 30 3 17 18 2 5 30 3 1 2 3 0 2 7 1 2 7 12 16 2 0 2 3 1 2 7 0 2 7 1 2 7 16 30 2 1 2 7 0 2 3 0 2 7 0 2 3 0 2 7 1 2 7 0 2 3 0 2 3 1 2 7 0 2 7 0 2 3 13 6 3 5 30 3 0 2 7 8 9 2 0 2 3 0 2 7 1 2 4 1 2 7 0 2 3 0 2 7 16 6 2 0 2 3 0 2 3 12 2 7 5 30 3 1 2 7 17 9 2 0 2 7 16 19 11 0 2 7 16 6 2 1 2 7 0 2 3 0 2 4 0 2 3 0 2 3 0 2 7 12 16 2 0 2 7 0 2 7 16 19 11 0 2 3 0 62.9152734279632568
16 19 12 0 2 8 8 9 2 1 2 8 5 30 3 5 30 3 8 18 2 0 2 8 0 2 8 0 2 8 8 9 2 0 2 8 16 15 2 0 2 8 0 2 8 0 2 8 6 2 8 5 30 3 8 18 2 0 2 8 16 15 2 0 2 8 12 16 2 0 2 8 8 18 2 5 30 3 0 2 8 13 6 3 13 6 3 8 9 2 0 2 8 8 9 2 16 19 12 5 30 3 9 2 7 0 2 8 8 9 2 8 18 2 16 19 12 5 30 3 0 2 8 16 19 12 5 30 3 1 2 8 0 2 8 8 9 2 5 30 3 0 2 8 0 2 8 0 2 8 1 2 8 12 16 2 0 2 8 6 2 8 16 15 2 0 2 8 0 2 8 0 2 8 0 2 8 8 9 2 0.00687205233394242842 67.3952534198760986
5 30 3 12 16 2 12 16 2 8 18 2 5 30 3 5 30 3 8 18 2 16 15 2 5 30 3 8 9 2 5 30 3 5 30 3 8 9 2 5 30 3 0 2 7 0 2 3 0 2 7 1 2 8 1 2 7 16 19 12 8 18 2 0 2 8 13 6 3 12 16 2 0 2 7 1 2 8 0 2 8 16 19 12 0 2 8 6 2 7 0 2 7 0 2 8 0 2 7 9 2 7 0 2 7 0 2 7 16 6 2 0 2 7 0 2 8 0 2 8 0 2 3 5 30 3 0 2 8 16 19 11 6 2 8 1 2 3 8 9 2 0 2 8 0 2 8 0 2 8 0 2 8 0 2 8 0 2 8 1 2 7 1 2 7 0 2 8 1 2 3 0 2 7 0 2 7 16 19 11 0.0015271656993607473 65.900432288646698
8 9 2 5 30 3 5 30 3 8 9 2 12 16 2 12 16 2 16 19 12 16 6 2 0 2 7 1 2 7 17 18 2 0 2 8 0 2 7 0 2 8 0 2 7 5 31 3 0 2 8 0 2 7 1 2 7 5 30 3 8 18 2 1 2 7 16 15 2 0 2 8 0 2 8 8 18 2 0 2 7 0 2 8 0 2 7 0 2 7 0 2 4 0 2 7 1 2 4 1 2 4 1 2 7 5 31 3 0 2 7 0 2 7 0 2 4 16 19 12 1 2 7 0 2 7 1 2 4 5 30 3 0 2 4 1 2 7 0 2 7 5 30 3 0 2 8 0 2 8 0 2 8 1 2 8 0 2 7 16 31 2 1 2 7 0 2 8 0 2 8 0 2 7 17 18 2 17 18 2 0.00810156597506194939 63.7907183170318604
5 30 3 12 16 2 12 16 2 5 30 3 5 31 3 0 2 7 1 2 7 8 9 2 12 16 2 0 2 7 1 2 11 16 6 2 0 2 7 0 2 7 5 30 3 1 2 7 0 2 7 8 9 2 5 30 3 0 2 7 0 2 7 0 2 7 5 30 3 0 2 3 1 2 3 17 9 2 17 18 2 1 2 7 6 2 7 0 2 7 0 2 7 0 2 7 0 2 7 0 2 7 13 6 3 0 2 7 0 2 7 0 2 7 0 2 7 1 2 7 5 30 3 0 2 7 16 9 11 16 15 2 5 31 3 0 2 7 0 2 7 0 2 7 6 2 4 0 2 7 0 2 7 17 9 2 1 2 3 1 2 7 0 2 7 0 2 7 1 2 7 16 6 2 0 2 7 0 2 7 0 62.016406238079071

Current Evaluation = 4500(4500)
Front Size = 10
12 16 2 12 16 2 1 2 7 0 2 7 12 16 2 0 2 7 0 2 7 0 2 7 5 31 3 0 2 7 0 2 7 0 2 7 16 6 2 1 2 7 17 9 2 0 2 7 12 16 2 1 2 7 13 6 3 0 2 7 17 9 2 1 2 7 0 2 7 0 2 7 1 2 7 1 2 7 0 2 4 0 2 7 0 2 7 1 2 7 1 2 4 17 9 2 6 2 7 0 2 7 0 2 7 0 2 7 5 31 3 13 6 3 5 30 3 1 2 7 0 2 7 0 2 7 16 30 2 1 2 7 5 31 3 1 2 7 0 2 7 1 2 7 5 30 3 0 2 7 1 2 4 0 2 7 0 2 7 0 2 7 0 2 7 1 2 7 0 2 7 16 30 2 5 31 3 17 9 2 0 60.5357585549354553
5 30 3 12 16 2 12 16 2 5 30 3 5 30 3 5 30 3 12 16 2 1 2 7 1 2 7 0 2 1 8 9 2 17 18 2 0 2 7 13 6 3 0 2 7 1 2 4 1 2 7 0 2 11 0 2 7 0 2 7 0 2 7 0 2 7 8 9 2 1 2 7 0 2 4 0 2 11 1 2 7 0 2 7 0 2 7 1 2 7 1 2 7 0 2 7 0 2 7 0 2 4 1 2 7 0 2 7 1 2 7 0 2 7 17 9 2 12 16 2 0 2 3 12 16 2 0 2 7 16 6 2 5 30 3 1 2 7 0 2 4 17 9 2 0 2 7 13 6 3 17 18 2 13 6 3 5 30 3 0 2 7 0 2 7 17 9 2 0 2 10 5 30 3 0 2 7 16 6 2 0 61.3260582685470581
5 30 3 12 16 2 12 16 2 17 18 2 5 30 3 5 30 3 17 18 2 16 15 2 5 30 3 12 16 2 0 2 7 5 30 3 1 2 7 5 30 3 0 2 7 16 19 11 8 18 2 0 2 7 13 6 3 0 2 7 0 2 7 16 19 11 1 2 7 1 2 11 0 2 7 0 2 3 0 2 3 5 30 3 0 2 7 0 2 7 17 9 2 0 2 7 0 2 7 0 2 7 0 2 7 1 2 3 1 2 3 0 2 7 1 2 3 0 2 7 0 2 7 13 6 3 12 16 2 0 2 7 0 2 7 1 2 3 1 2 3 0 2 4 0 2 7 0 2 7 0 2 7 0 2 7 0 2 7 0 2 7 0 2 7 0 2 3 1 2 7 0 2 7 0 2 3 16 9 11 0 62.8777770400047302
16 19 12 0 2 8 8 9 2 1 2 8 5 30 3 5 30 3 8 18 2 0 2 8 0 2 8 0 2 8 8 9 2 0 2 8 16 15 2 0 2 8 0 2 8 0 2 8 6 2 8 5 30 3 8 18 2 0 2 8 16 15 2 0 2 8 12 16 2 0 2 8 8 18 2 5 30 3 0 2 8 13 6 3 13 6 3 8 9 2 0 2 8 8 9 2 16 19 12 5 30 3 9 2 7 0 2 8 8 9 2 8 18 2 16 19 12 5 30 3 0 2 8 16 19 12 5 30 3 1 2 8 0 2 8 8 9 2 5 30 3 0 2 8 0 2 8 0 2 8 1 2 8 12 16 2 0 2 8 6 2 8 16 15 2 0 2 8 0 2 8 0 2 8 0 2 8 8 9 2 0.00687205233394242842 67.3952534198760986
12 16 2 12 16 2 0 2 7 1 2 7 5 30 3 16 6 2 5 31 3 16 6 2 5 31 3 0 2 3 0 2 7 0 2 7 16 19 11 0 2 11 5 30 3 0 2 7 0 2 7 17 9 2 1 2 7 12 16 2 0 2 7 0 2 7 0 2 3 0 2 7 0 2 7 0 2 7 0 2 7 12 16 2 0 2 7 6 2 7 0 2 7 5 30 3 0 2 7 0 2 7 8 9 2 0 2 10 1 2 7 12 16 2 8 9 2 1 2 10 5 30 3 16 6 2 0 2 7 0 2 7 0 2 7 5 31 3 5 30 3 0 2 7 1 2 7 1 2 10 1 2 7 0 2 7 15 2 11 0 2 7 0 2 7 0 2 10 0 2 7 16 6 2 16 30 2 0 2 7 0 62.7350142598152161
5 31 3 5 30 3 5 30 3 12 16 2 1 2 11 0 2 3 0 2 3 5 30 3 16 15 2 12 16 2 0 2 7 0 2 7 0 2 3 0 2 7 5 31 3 0 2 3 1 2 7 0 2 7 0 2 7 0 2 7 16 19 11 0 2 7 1 2 7 0 2 11 8 9 2 5 30 3 5 30 3 0 2 3 0 2 7 6 2 7 8 18 2 6 2 7 1 2 7 0 2 7 0 2 7 1 2 7 0 2 7 0 2 3 16 6 2 0 2 7 0 2 7 16 19 11 0 2 7 6 2 7 5 30 3 0 2 7 0 2 3 0 2 3 17 9 2 0 2 7 6 2 3 12 16 2 17 9 2 0 2 3 0 2 11 6 2 4 0 2 7 0 2 7 16 6 2 1 2 7 0 63.4633684158325195
5 30 3 12 16 2 12 16 2 9 2 7 5 30 3 5 30 3 5 30 3 16 6 2 5 30 3 1 2 8 5 31 3 5 30 3 0 2 11 5 30 3 0 2 3 0 2 3 0 2 3 0 2 8 8 9 2 1 2 3 0 2 3 16 19 11 0 2 7 0 2 8 0 2 3 0 2 3 0 2 3 5 30 3 0 2 3 9 2 7 0 2 3 1 2 7 0 2 8 1 2 3 0 2 3 0 2 3 0 2 12 0 2 3 0 2 3 0 2 3 0 2 8 0 2 3 0 2 8 0 2 8 0 2 8 0 2 11 16 30 2 0 2 8 0 2 12 16 6 2 16 6 2 16 19 12 0 2 3 0 2 3 1 2 3 0 2 8 0 2 3 0 2 3 0 2 12 16 19 11 1.59806414343722888e-07 67.0389063358306885
17 9 2 5 30 3 5 30 3 5 30 3 12 16 2 12 16 2 0 2 7 1 2 11 5 31 3 5 30 3 16 6 2 12 16 2 0 2 7 1 2 11 0 2 7 0 2 11 5 30 3 0 2 7 0 2 11 1 2 7 1 2 11 0 2 7 0 2 7 6 2 7 0 2 7 6 2 11 0 2 11 16 6 2 0 2 7 8 9 2 15 2 11 0 2 11 0 2 11 0 2 11 0 2 7 17 18 2 6 2 7 0 2 7 13 6 3 12 16 2 5 30 3 5 30 3 0 2 1 0 2 1 6 2 11 0 2 11 8 9 2 0 2 11 17 9 2 0 2 7 17 9 2 0 2 7 0 2 11 0 2 7 0 2 11 16 6 2 5 30 3 0 2 7 0 2 7 0 2 7 0 63.7932897806167603
12 16 2 12 16 2 13 6 3 13 6 3 5 30 3 5 30 3 1 2 7 1 2 8 12 16 2 0 2 7 8 9 2 16 19 12 16 15 2 0 2 7 5 30 3 0 2 7 0 2 8 1 2 7 17 9 2 5 30 3 12 16 2 0 2 8 0 2 7 8 9 2 16 19 12 0 2 7 0 2 7 1 2 7 0 2 8 0 2 4 0 2 7 0 2 8 5 30 3 1 2 4 17 9 2 6 2 7 0 2 7 0 2 7 0 2 7 8 18 2 1 2 7 0 2 8 0 2 7 16 30 2 1 2 7 0 2 8 1 2 8 8 9 2 0 2 8 0 2 7 0 2 8 16 19 12 6 2 8 1 2 8 0 2 7 1 2 7 8 9 2 8 18 2 8 18 2 8 9 2 0.00323411634966562934 63.3366581797599792
8 9 2 5 30 3 5 30 3 8 9 2 12 16 2 12 16 2 16 19 12 16 6 2 0 2 7 1 2 7 17 18 2 0 2 8 0 2 7 0 2 8 0 2 7 5 31 3 0 2 8 0 2 7 1 2 7 5 30 3 8 18 2 1 2 7 16 15 2 0 2 8 0 2 8 8 18 2 0 2 7 0 2 8 0 2 7 0 2 7 0 2 4 0 2 7 1 2 4 1 2 4 1 2 7 5 31 3 0 2 7 0 2 7 0 2 4 16 19 12 1 2 7 0 2 7 1 2 4 5 30 3 0 2 4 1 2 7 0 2 7 5 30 3 0 2 8 0 2 8 0 2 8 1 2 8 0 2 7 16 31 2 1 2 7 0 2 8 0 2 8 0 2 7 17 18 2 17 18 2 0.00810156597506194939 63.7907183170318604

Current Evaluation = 5400(5400)
Front Size = 10
0 2 7 12 16 2 12 16 2 5 31 3 12 16 2 5 31 3 0 2 7 1 2 7 13 6 3 0 2 7 1 2 7 0 2 7 1 2 7 0 2 7 0 2 7 0 2 4 6 2 7 0 2 7 1 2 7 0 2 7 1 2 7 1 2 7 1 2 7 1 2 7 5 31 3 0 2 7 1 2 7 1 2 7 0 2 7 1 2 11 0 2 4 6 2 4 0 2 7 0 2 7 17 18 2 1 2 7 13 6 3 1 2 7 0 2 7 17 9 2 0 2 7 0 2 7 17 18 2 0 2 7 1 2 7 17 18 2 0 2 7 0 2 7 0 2 7 0 2 7 1 2 7 12 16 2 5 31 3 0 2 4 17 18 2 1 2 7 0 2 7 0 2 4 16 6 2 16 6 2 0 60.2532545328140259
5 30 3 12 16 2 12 16 2 5 30 3 5 30 3 5 30 3 1 2 3 5 30 3 0 2 7 5 30 3 0 2 3 16 19 11 0 2 3 0 2 3 0 2 3 1 2 3 6 2 3 1 2 7 0 2 3 0 2 7 6 2 3 0 2 3 0 2 7 0 2 7 0 2 7 0 2 3 0 2 3 0 2 7 0 2 3 1 2 7 16 6 2 0 2 7 12 16 2 0 2 3 0 2 7 0 2 7 0 2 7 0 2 7 0 2 7 1 2 7 0 2 3 0 2 3 0 2 3 5 30 3 16 19 11 0 2 3 5 30 3 16 19 11 8 18 2 0 2 7 0 2 3 16 19 11 0 2 7 16 6 2 16 19 11 0 2 3 8 9 2 0 2 7 1 2 7 1 2 3 0 64.8434630632400513
12 16 2 12 16 2 13 6 3 13 6 3 5 30 3 5 30 3 1 2 7 1 2 8 12 16 2 0 2 7 8 9 2 16 19 12 16 15 2 0 2 7 5 30 3 0 2 7 0 2 8 1 2 7 17 9 2 5 30 3 12 16 2 0 2 8 0 2 7 8 9 2 16 19 12 0 2 7 0 2 7 1 2 7 0 2 8 0 2 4 0 2 7 0 2 8 5 30 3 1 2 4 17 9 2 6 2 7 0 2 7 0 2 7 0 2 7 8 18 2 1 2 7 0 2 8 0 2 7 16 30 2 1 2 7 0 2 8 1 2 8 8 9 2 0 2 8 0 2 7 0 2 8 16 19 12 6 2 8 1 2 8 0 2 7 1 2 7 8 9 2 8 18 2 8 18 2 8 9 2 0.00323411634966562934 63.3366581797599792
5 30 3 12 16 2 12 16 2 5 30 3 16 6 2 5 30 3 5 30 3 0 2 7 0 2 7 17 9 2 1 2 7 1 2 7 12 16 2 0 2 7 1 2 7 1 2 7 0 2 7 0 2 7 0 2 7 0 2 7 0 2 7 1 2 7 8 9 2 6 2 4 0 2 7 17 9 2 1 2 7 0 2 7 0 2 7 0 2 7 0 2 7 1 2 7 1 2 7 0 2 7 0 2 7 0 2 7 0 2 7 16 6 2 0 2 7 12 16 2 5 30 3 17 18 2 0 2 7 1 2 7 5 31 3 0 2 7 5 30 3 0 2 4 13 6 3 0 2 7 12 16 2 0 2 7 13 6 3 16 6 2 0 2 7 13 6 3 17 9 2 5 31 3 0 2 7 0 2 7 0 60.9988600611686707
5 30 3 12 16 2 12 16 2 5 30 3 5 30 3 5 30 3 12 16 2 0 2 7 5 30 3 0 2 7 5 30 3 0 2 7 16 19 11 8 18 2 0 2 7 0 2 7 1 2 4 16 18 11 0 2 7 0 2 7 0 2 7 0 2 3 0 2 11 5 30 3 6 2 7 0 2 7 17 9 2 1 2 7 1 2 7 0 2 4 0 2 7 0 2 7 0 2 3 1 2 7 1 2 3 1 2 7 16 19 11 1 2 3 16 6 2 0 2 7 0 2 7 0 2 3 1 2 3 13 6 3 17 9 2 0 2 7 0 2 11 0 2 7 6 2 11 0 2 7 17 9 2 0 2 3 0 2 3 0 2 7 0 2 3 1 2 7 0 2 7 0 2 7 0 2 11 5 31 3 0 63.3306344747543335
5 30 3 12 16 2 12 16 2 9 2 7 5 30 3 5 30 3 5 30 3 16 6 2 5 30 3 1 2 8 5 31 3 5 30 3 0 2 11 5 30 3 0 2 3 0 2 3 0 2 3 0 2 8 8 9 2 1 2 3 0 2 3 16 19 11 0 2 7 0 2 8 0 2 3 0 2 3 0 2 3 5 30 3 0 2 3 9 2 7 0 2 3 1 2 7 0 2 8 1 2 3 0 2 3 0 2 3 0 2 12 0 2 3 0 2 3 0 2 3 0 2 8 0 2 3 0 2 8 0 2 8 0 2 8 0 2 11 16 30 2 0 2 8 0 2 12 16 6 2 16 6 2 16 19 12 0 2 3 0 2 3 1 2 3 0 2 8 0 2 3 0 2 3 0 2 12 16 19 11 1.59806414343722888e-07 67.0389063358306885
16 19 12 0 2 8 8 9 2 1 2 8 5 30 3 5 30 3 8 18 2 0 2 8 0 2 8 0 2 8 8 9 2 0 2 8 16 15 2 0 2 8 0 2 8 0 2 8 6 2 8 5 30 3 8 18 2 0 2 8 16 15 2 0 2 8 12 16 2 0 2 8 8 18 2 5 30 3 0 2 8 13 6 3 13 6 3 8 9 2 0 2 8 8 9 2 16 19 12 5 30 3 9 2 7 0 2 8 8 9 2 8 18 2 16 19 12 5 30 3 0 2 8 16 19 12 5 30 3 1 2 8 0 2 8 8 9 2 5 30 3 0 2 8 0 2 8 0 2 8 1 2 8 12 16 2 0 2 8 6 2 8 16 15 2 0 2 8 0 2 8 0 2 8 0 2 8 8 9 2 0.00687205233394242842 67.3952534198760986
5 30 3 12 16 2 12 16 2 5 30 3 5 30 3 5 30 3 16 6 2 5 30 3 5 31 3 0 2 3 0 2 3 0 2 3 8 9 2 0 2 3 0 2 7 0 2 3 1 2 7 16 30 2 6 2 7 1 2 8 0 2 7 0 2 7 5 30 3 0 2 7 1 2 7 16 19 11 0 2 8 0 2 3 0 2 3 0 2 7 1 2 7 1 2 7 0 2 7 0 2 8 1 2 7 0 2 3 13 6 3 0 2 12 0 2 7 16 15 2 0 2 3 0 2 7 0 2 7 0 2 8 0 2 8 0 2 8 0 2 11 0 2 7 0 2 12 1 2 7 5 31 3 16 19 12 12 16 2 16 30 2 1 2 3 0 2 8 0 2 7 0 2 3 0 2 7 0 2 7 0.000283678713841351742 64.3514650464057922
5 30 3 12 16 2 12 16 2 5 30 3 5 30 3 5 30 3 16 6 2 5 30 3 5 31 3 5 30 3 0 2 7 5 30 3 8 9 2 0 2 7 5 30 3 0 2 11 0 2 7 16 6 2 16 6 2 0 2 3 0 2 11 0 2 7 0 2 7 0 2 7 0 2 7 8 9 2 0 2 11 17 9 2 0 2 11 1 2 11 1 2 11 0 2 7 0 2 11 0 2 11 1 2 7 0 2 7 0 2 7 0 2 8 0 2 11 0 2 11 0 2 11 1 2 11 0 2 7 0 2 11 0 2 7 0 2 7 12 16 2 8 18 2 0 2 7 0 2 11 6 2 7 16 19 11 1 2 7 6 2 11 0 2 7 17 9 2 0 2 7 0 2 3 0 2 7 16 19 11 0 64.3869747519493103
5 30 3 12 16 2 12 16 2 5 30 3 5 31 3 16 6 2 5 30 3 5 30 3 0 2 7 8 9 2 1 2 7 16 6 2 16 6 2 5 31 3 0 2 7 1 2 7 1 2 3 0 2 7 1 2 7 0 2 3 0 2 7 0 2 7 0 2 7 0 2 7 16 19 11 0 2 7 8 9 2 0 2 7 0 2 4 16 19 12 16 30 2 0 2 7 0 2 7 5 30 3 5 31 3 0 2 3 1 2 7 0 2 3 1 2 7 0 2 7 5 30 3 0 2 7 0 2 11 0 2 3 0 2 3 0 2 3 0 2 8 1 2 3 0 2 3 1 2 7 16 31 2 17 18 2 0 2 7 0 2 7 0 2 12 0 2 7 0 2 7 0 2 11 16 6 2 1 2 7 0.0324716144321007816 63.0174376964569092

Current Evaluation = 6300(6300)
Front Size = 10
0 2 7 12 16 2 12 16 2 5 31 3 12 16 2 5 31 3 0 2 7 1 2 7 13 6 3 0 2 7 1 2 7 0 2 7 1 2 7 0 2 7 0 2 7 0 2 4 6 2 7 0 2 7 1 2 7 0 2 7 1 2 7 1 2 7 1 2 7 1 2 7 5 31 3 0 2 7 1 2 7 1 2 7 0 2 7 1 2 11 0 2 4 6 2 4 0 2 7 0 2 7 17 18 2 1 2 7 13 6 3 1 2 7 0 2 7 17 9 2 0 2 7 0 2 7 17 18 2 0 2 7 1 2 7 17 18 2 0 2 7 0 2 7 0 2 7 0 2 7 1 2 7 12 16 2 5 31 3 0 2 4 17 18 2 1 2 7 0 2 7 0 2 4 16 6 2 16 6 2 0 60.2532545328140259
5 30 3 12 16 2 12 16 2 5 30 3 5 30 3 5 30 3 16 6 2 5 30 3 5 31 3 5 30 3 0 2 7 5 30 3 8 9 2 0 2 7 5 30 3 0 2 11 0 2 7 16 6 2 16 6 2 0 2 3 0 2 11 0 2 7 0 2 7 0 2 7 0 2 7 8 9 2 0 2 11 17 9 2 0 2 11 1 2 11 1 2 11 0 2 7 0 2 11 0 2 11 1 2 7 0 2 7 0 2 7 0 2 8 0 2 11 0 2 11 0 2 11 1 2 11 0 2 7 0 2 11 0 2 7 0 2 7 12 16 2 8 18 2 0 2 7 0 2 11 6 2 7 16 19 11 1 2 7 6 2 11 0 2 7 17 9 2 0 2 7 0 2 3 0 2 7 16 19 11 0 64.3869747519493103
16 19 12 0 2 8 8 9 2 1 2 8 5 30 3 5 30 3 8 18 2 0 2 8 0 2 8 0 2 8 8 9 2 0 2 8 16 15 2 0 2 8 0 2 8 0 2 8 6 2 8 5 30 3 8 18 2 0 2 8 16 15 2 0 2 8 12 16 2 0 2 8 8 18 2 5 30 3 0 2 8 13 6 3 13 6 3 8 9 2 0 2 8 8 9 2 16 19 12 5 30 3 9 2 7 0 2 8 8 9 2 8 18 2 16 19 12 5 30 3 0 2 8 16 19 12 5 30 3 1 2 8 0 2 8 8 9 2 5 30 3 0 2 8 0 2 8 0 2 8 1 2 8 12 16 2 0 2 8 6 2 8 16 15 2 0 2 8 0 2 8 0 2 8 0 2 8 8 9 2 0.00687205233394242842 67.3952534198760986
5 31 3 12 16 2 12 16 2 0 2 7 5 30 3 5 31 3 16 6 2 5 30 3 5 31 3 1 2 7 0 2 7 0 2 3 0 2 7 12 16 2 0 2 7 0 2 7 16 6 2 0 2 7 8 9 2 0 2 7 5 30 3 1 2 7 0 2 7 8 9 2 0 2 7 0 2 7 16 6 2 0 2 7 16 19 11 0 2 3 6 2 3 0 2 7 0 2 7 0 2 7 16 6 2 0 2 7 0 2 7 1 2 7 1 2 7 0 2 7 0 2 7 0 2 7 0 2 7 0 2 7 1 2 7 0 2 3 1 2 7 5 31 3 0 2 7 12 16 2 0 2 7 0 2 7 16 6 2 16 6 2 0 2 7 0 2 3 0 2 7 0 2 7 1 2 3 5 30 3 0 62.5232361555099487
5 30 3 12 16 2 12 16 2 0 2 3 5 30 3 5 31 3 16 6 2 5 31 3 5 30 3 5 30 3 0 2 7 1 2 7 0 2 7 0 2 7 12 16 2 1 2 7 16 18 11 0 2 3 1 2 3 16 6 2 0 2 7 1 2 7 17 9 2 0 2 3 0 2 3 0 2 4 0 2 7 13 6 3 0 2 3 5 30 3 0 2 11 1 2 7 0 2 3 0 2 7 1 2 7 8 9 2 1 2 3 0 2 7 0 2 7 16 6 2 1 2 3 0 2 7 0 2 3 0 2 7 0 2 7 12 16 2 0 2 3 0 2 3 0 2 7 16 6 2 16 30 2 1 2 7 0 2 7 0 2 3 0 2 3 0 2 7 1 2 7 0 2 3 1 2 7 0 2 7 0 62.582023561000824
5 30 3 12 16 2 12 16 2 5 30 3 5 30 3 5 31 3 16 6 2 5 30 3 8 9 2 0 2 3 0 2 7 8 9 2 1 2 7 1 2 3 6 2 8 0 2 3 0 2 7 5 30 3 0 2 3 0 2 7 16 19 11 0 2 3 1 2 7 0 2 3 0 2 3 0 2 3 0 2 3 0 2 8 0 2 7 12 16 2 0 2 3 0 2 7 0 2 8 0 2 3 1 2 7 0 2 7 0 2 7 0 2 3 6 2 3 1 2 8 16 6 2 16 19 11 12 16 2 0 2 7 16 19 11 5 30 3 8 9 2 0 2 7 0 2 3 0 2 3 0 2 3 0 2 8 16 6 2 0 2 3 1 2 4 5 30 3 16 6 2 0 2 8 0 2 7 0 2 8 0 65.1430455446243286
1 2 7 12 16 2 12 16 2 5 31 3 12 16 2 5 31 3 0 2 7 1 2 4 13 6 3 0 2 7 1 2 4 0 2 3 1 2 7 0 2 7 1 2 7 0 2 7 17 18 2 1 2 7 0 2 7 1 2 7 1 2 7 1 2 3 1 2 4 0 2 7 0 2 3 0 2 7 0 2 7 0 2 7 17 9 2 0 2 7 0 2 7 12 16 2 16 30 2 16 30 2 5 30 3 1 2 7 0 2 7 5 30 3 1 2 7 0 2 7 1 2 7 17 18 2 0 2 3 13 6 3 0 2 7 16 6 2 0 2 7 1 2 7 0 2 7 0 2 7 0 2 7 0 2 7 0 2 7 1 2 3 5 31 3 0 2 7 17 9 2 0 2 7 1 2 4 0 2 7 0 60.6779916286468506
5 30 3 12 16 2 12 16 2 9 2 7 5 30 3 5 30 3 5 30 3 16 6 2 5 30 3 1 2 8 5 31 3 5 30 3 0 2 11 5 30 3 0 2 3 0 2 3 0 2 3 0 2 8 8 9 2 1 2 3 0 2 3 16 19 11 0 2 7 0 2 8 0 2 3 0 2 3 0 2 3 5 30 3 0 2 3 9 2 7 0 2 3 1 2 7 0 2 8 1 2 3 0 2 3 0 2 3 0 2 12 0 2 3 0 2 3 0 2 3 0 2 8 0 2 3 0 2 8 0 2 8 0 2 8 0 2 11 16 30 2 0 2 8 0 2 12 16 6 2 16 6 2 16 19 12 0 2 3 0 2 3 1 2 3 0 2 8 0 2 3 0 2 3 0 2 12 16 19 11 1.59806414343722888e-07 67.0389063358306885
5 30 3 12 16 2 12 16 2 5 30 3 5 30 3 5 30 3 12 16 2 0 2 7 5 31 3 0 2 3 0 2 3 16 19 11 1 2 7 0 2 7 0 2 7 0 2 7 0 2 7 0 2 7 17 9 2 1 2 3 0 2 7 1 2 4 0 2 7 1 2 7 0 2 3 1 2 3 1 2 7 1 2 4 8 18 2 1 2 7 0 2 7 0 2 7 0 2 3 1 2 3 0 2 7 0 2 7 5 30 3 0 2 3 8 18 2 0 2 7 16 18 11 0 2 7 16 19 11 17 18 2 1 2 3 0 2 7 6 2 3 0 2 7 0 2 7 16 6 2 0 2 3 0 2 7 1 2 4 0 2 7 0 2 3 0 2 3 0 2 7 1 2 3 0 2 7 16 15 2 0 63.2679443955421448
12 16 2 13 6 3 13 6 3 12 16 2 16 19 12 5 31 3 0 2 4 1 2 8 0 2 7 5 30 3 8 18 2 0 2 8 1 2 7 0 2 8 8 9 2 0 2 8 5 31 3 1 2 7 17 18 2 0 2 4 6 2 8 5 30 3 0 2 7 0 2 8 16 15 2 0 2 7 0 2 8 6 2 4 5 30 3 16 6 2 8 9 2 12 16 2 0 2 7 16 19 12 1 2 7 17 18 2 0 2 7 1 2 7 8 18 2 1 2 7 1 2 11 0 2 8 17 18 2 0 2 7 1 2 8 0 2 7 0 2 7 5 30 3 0 2 8 0 2 7 0 2 7 1 2 7 0 2 7 17 9 2 5 31 3 0 2 8 0 2 8 0 2 8 0 2 4 0 2 7 0.00880398396311266908 63.6996882557868958

Current Evaluation = 7200(7200)
Front Size = 10
0 2 7 12 16 2 12 16 2 5 31 3 12 16 2 5 30 3 0 2 7 1 2 7 13 6 3 0 2 7 1 2 7 0 2 7 0 2 7 0 2 7 0 2 7 0 2 7 1 2 7 0 2 4 0 2 7 0 2 7 1 2 7 1 2 7 1 2 7 1 2 7 5 31 3 0 2 7 1 2 7 1 2 7 0 2 7 1 2 7 0 2 7 1 2 7 0 2 7 1 2 7 17 18 2 1 2 7 13 6 3 1 2 7 17 9 2 17 9 2 0 2 7 0 2 7 8 18 2 0 2 7 1 2 4 17 18 2 0 2 7 0 2 7 0 2 4 0 2 7 1 2 7 12 16 2 5 31 3 0 2 4 17 18 2 1 2 7 0 2 7 0 2 4 16 6 2 16 6 2 0 60.2245944738388062
0 2 7 5 30 3 5 30 3 0 2 11 12 16 2 5 30 3 12 16 2 5 30 3 5 30 3 0 2 7 5 31 3 5 30 3 5 31 3 12 16 2 16 19 11 0 2 7 0 2 7 0 2 7 0 2 11 17 9 2 0 2 11 0 2 7 0 2 7 0 2 7 1 2 7 0 2 11 17 9 2 0 2 7 0 2 7 0 2 11 6 2 7 6 2 11 0 2 7 8 18 2 0 2 7 6 2 11 16 19 11 0 2 7 16 6 2 17 9 2 0 2 11 6 2 11 1 2 11 1 2 11 0 2 11 0 2 7 16 19 11 0 2 7 0 2 7 6 2 11 0 2 11 0 2 7 5 30 3 0 2 7 0 2 7 1 2 7 1 2 7 0 2 7 0 2 7 8 18 2 0 64.26706463098526
5 30 3 5 30 3 0 2 7 5 30 3 8 18 2 12 16 2 5 31 3 5 30 3 5 30 3 5 30 3 17 18 2 16 19 11 0 2 7 0 2 7 0 2 7 0 2 7 0 2 7 0 2 7 0 2 7 0 2 11 1 2 7 8 9 2 1 2 7 0 2 7 1 2 7 0 2 7 1 2 7 0 2 7 0 2 7 0 2 7 17 9 2 0 2 7 6 2 7 17 18 2 0 2 7 17 9 2 0 2 7 1 2 10 0 2 7 0 2 7 1 2 7 16 19 11 0 2 7 1 2 7 0 2 7 1 2 7 5 30 3 0 2 10 0 2 7 0 2 7 1 2 7 1 2 7 0 2 7 1 2 7 16 15 2 0 2 10 0 2 4 0 2 7 0 2 7 8 9 2 0 62.5154042840003967
5 30 3 12 16 2 12 16 2 0 2 4 5 30 3 16 6 2 5 30 3 5 30 3 0 2 7 0 2 3 0 2 7 6 2 7 12 16 2 0 2 3 16 19 11 0 2 7 1 2 7 0 2 3 0 2 7 0 2 7 1 2 7 0 2 7 0 2 7 0 2 7 5 31 3 0 2 7 1 2 7 0 2 3 0 2 7 0 2 3 0 2 7 6 2 3 1 2 7 0 2 7 6 2 7 12 16 2 0 2 7 0 2 7 16 6 2 0 2 3 0 2 7 0 2 3 5 31 3 5 31 3 16 30 2 8 9 2 1 2 11 6 2 7 0 2 7 16 24 2 5 31 3 0 2 7 0 2 7 17 9 2 1 2 7 1 2 7 16 19 11 0 2 7 0 2 7 0 2 7 0 63.0429053902626038
5 30 3 12 16 2 12 16 2 1 2 3 5 30 3 5 30 3 5 30 3 0 2 7 0 2 7 0 2 3 0 2 4 0 2 4 0 2 3 0 2 3 12 16 2 0 2 7 1 2 7 0 2 7 0 2 3 5 30 3 0 2 7 16 9 11 16 6 2 5 30 3 5 30 3 0 2 3 0 2 7 0 2 7 8 18 2 0 2 7 1 2 3 1 2 7 1 2 3 0 2 3 0 2 3 16 18 11 1 2 7 1 2 3 12 16 2 0 2 3 16 18 11 1 2 3 0 2 3 16 19 11 1 2 7 0 2 3 0 2 3 0 2 3 16 19 11 1 2 3 0 2 3 16 30 2 0 2 11 0 2 3 0 2 3 0 2 3 0 2 3 1 2 3 0 2 7 0 2 3 0 64.7939996123313904
5 30 3 12 16 2 12 16 2 5 31 3 16 6 2 5 31 3 0 2 11 1 2 11 1 2 7 0 2 7 12 16 2 0 2 7 16 6 2 1 2 7 0 2 7 17 9 2 0 2 4 0 2 7 13 6 3 0 2 7 0 2 3 0 2 7 1 2 3 0 2 7 1 2 7 0 2 7 0 2 7 12 16 2 0 2 7 1 2 7 0 2 3 1 2 7 6 2 7 1 2 7 0 2 7 1 2 7 12 16 2 13 6 3 17 9 2 1 2 7 17 18 2 0 2 4 0 2 7 8 18 2 0 2 3 5 30 3 0 2 3 0 2 7 17 9 2 0 2 4 0 2 3 1 2 3 0 2 4 1 2 7 1 2 3 0 2 4 16 6 2 0 2 7 1 2 7 1 2 11 0 61.213967502117157
1 2 7 12 16 2 12 16 2 5 30 3 12 16 2 5 31 3 0 2 7 0 2 7 0 2 7 1 2 7 0 2 7 0 2 7 0 2 7 1 2 7 0 2 7 1 2 7 0 2 7 6 2 7 0 2 7 0 2 3 1 2 7 0 2 7 5 31 3 0 2 7 0 2 7 0 2 7 1 2 7 17 9 2 5 31 3 0 2 7 0 2 7 0 2 7 1 2 7 0 2 7 12 16 2 17 9 2 0 2 7 16 6 2 16 6 2 16 20 12 1 2 7 1 2 7 0 2 7 0 2 7 1 2 7 0 2 7 8 18 2 0 2 7 13 6 3 16 19 12 17 9 2 0 2 3 1 2 4 5 31 3 1 2 3 1 2 4 0 2 7 5 30 3 0 2 7 0 2 7 0 61.6809934973716736
16 19 12 0 2 8 8 9 2 1 2 8 5 30 3 5 30 3 8 18 2 0 2 8 0 2 8 0 2 8 8 9 2 0 2 8 16 15 2 0 2 8 0 2 8 0 2 8 6 2 8 5 30 3 8 18 2 0 2 8 16 15 2 0 2 8 12 16 2 0 2 8 8 18 2 5 30 3 0 2 8 13 6 3 13 6 3 8 9 2 0 2 8 8 9 2 16 19 12 5 30 3 9 2 7 0 2 8 8 9 2 8 18 2 16 19 12 5 30 3 0 2 8 16 19 12 5 30 3 1 2 8 0 2 8 8 9 2 5 30 3 0 2 8 0 2 8 0 2 8 1 2 8 12 16 2 0 2 8 6 2 8 16 15 2 0 2 8 0 2 8 0 2 8 0 2 8 8 9 2 0.00687205233394242842 67.3952534198760986
5 30 3 12 16 2 12 16 2 5 31 3 16 6 2 0 2 3 0 2 7 12 16 2 6 2 7 5 30 3 8 9 2 1 2 3 5 30 3 0 2 3 0 2 4 1 2 4 0 2 7 1 2 7 0 2 7 0 2 3 1 2 7 0 2 3 0 2 4 0 2 7 0 2 7 0 2 7 0 2 7 17 18 2 5 30 3 1 2 7 1 2 4 0 2 7 5 30 3 0 2 7 6 2 3 1 2 7 17 9 2 0 2 7 0 2 7 1 2 7 1 2 7 1 2 3 0 2 3 13 6 3 16 15 2 0 2 7 0 2 4 17 18 2 1 2 7 0 2 7 17 9 2 1 2 7 0 2 7 0 2 7 8 18 2 0 2 7 0 2 7 16 19 11 0 2 4 0 2 7 0 61.9220094084739685
8 9 2 1 2 7 5 31 3 5 30 3 12 16 2 5 30 3 12 16 2 5 30 3 0 2 7 0 2 7 17 9 2 16 6 2 0 2 7 1 2 7 0 2 11 0 2 7 0 2 7 0 2 11 0 2 7 0 2 7 0 2 7 8 18 2 0 2 7 0 2 7 1 2 11 0 2 4 16 6 2 0 2 11 13 6 3 6 2 11 17 18 2 1 2 7 17 9 2 17 9 2 5 30 3 1 2 7 12 16 2 0 2 7 0 2 7 1 2 7 0 2 7 0 2 7 1 2 11 5 30 3 0 2 7 0 2 7 8 9 2 5 30 3 0 2 7 1 2 7 0 2 11 1 2 11 5 30 3 0 2 7 0 2 1 1 2 7 0 2 7 0 2 11 0 2 7 17 9 2 0 62.6785124540328979

Current Evaluation = 8100(8100)
Front Size = 10
0 2 7 12 16 2 12 16 2 5 31 3 12 16 2 5 30 3 0 2 7 1 2 7 13 6 3 0 2 7 1 2 7 0 2 7 0 2 7 0 2 7 0 2 7 0 2 7 1 2 7 0 2 4 0 2 7 0 2 7 1 2 7 1 2 7 1 2 7 1 2 7 5 31 3 0 2 7 1 2 7 1 2 7 0 2 7 1 2 7 0 2 7 1 2 7 0 2 7 1 2 7 17 18 2 1 2 7 13 6 3 1 2 7 17 9 2 17 9 2 0 2 7 0 2 7 8 18 2 0 2 7 1 2 4 17 18 2 0 2 7 0 2 7 0 2 4 0 2 7 1 2 7 12 16 2 5 31 3 0 2 4 17 18 2 1 2 7 0 2 7 0 2 4 16 6 2 16 6 2 0 60.2245944738388062
0 2 7 5 30 3 5 30 3 0 2 11 12 16 2 5 30 3 12 16 2 5 30 3 5 30 3 0 2 7 5 31 3 5 30 3 5 31 3 12 16 2 16 19 11 0 2 7 0 2 7 0 2 7 0 2 11 17 9 2 0 2 11 0 2 7 0 2 7 0 2 7 1 2 7 0 2 11 17 9 2 0 2 7 0 2 7 0 2 11 6 2 7 6 2 11 0 2 7 8 18 2 0 2 7 6 2 11 16 19 11 0 2 7 16 6 2 17 9 2 0 2 11 6 2 11 1 2 11 1 2 11 0 2 11 0 2 7 16 19 11 0 2 7 0 2 7 6 2 11 0 2 11 0 2 7 5 30 3 0 2 7 0 2 7 1 2 7 1 2 7 0 2 7 0 2 7 8 18 2 0 64.26706463098526
5 30 3 12 16 2 12 16 2 0 2 7 5 30 3 16 6 2 5 30 3 5 30 3 0 2 7 0 2 3 17 18 2 12 16 2 17 18 2 1 2 7 0 2 7 0 2 3 0 2 7 1 2 7 1 2 7 0 2 3 0 2 3 0 2 7 5 30 3 0 2 3 0 2 7 0 2 7 0 2 7 0 2 7 0 2 7 0 2 7 0 2 7 0 2 7 1 2 3 0 2 3 0 2 3 5 30 3 16 6 2 0 2 7 0 2 11 0 2 7 8 18 2 5 31 3 0 2 3 0 2 3 0 2 7 1 2 7 16 15 2 0 2 3 1 2 7 8 18 2 13 6 3 1 2 7 16 30 2 0 2 3 1 2 7 1 2 3 16 6 2 1 2 7 1 2 7 0 2 4 0 62.2625135183334351
5 30 3 0 2 4 17 18 2 12 16 2 17 18 2 13 6 3 0 2 7 0 2 7 0 2 7 1 2 7 1 2 7 0 2 7 0 2 7 1 2 7 0 2 7 1 2 3 0 2 7 6 2 7 0 2 7 0 2 7 0 2 7 17 18 2 0 2 7 0 2 7 0 2 7 0 2 7 0 2 7 0 2 7 1 2 7 1 2 7 12 16 2 5 30 3 5 30 3 5 30 3 5 31 3 5 30 3 0 2 7 1 2 7 16 18 11 15 2 11 0 2 7 17 18 2 0 2 7 0 2 7 0 2 7 6 2 7 0 2 7 16 6 2 8 18 2 0 2 10 16 15 2 0 2 7 1 2 7 1 2 7 5 31 3 0 2 7 0 2 7 0 2 7 1 2 7 5 30 3 0 61.7832393050193787
0 2 7 17 18 2 12 16 2 17 18 2 0 2 7 0 2 7 1 2 11 0 2 7 0 2 7 0 2 7 0 2 3 0 2 7 0 2 4 0 2 7 1 2 11 0 2 7 0 2 3 17 9 2 0 2 7 0 2 4 17 18 2 0 2 7 0 2 4 0 2 7 1 2 4 1 2 4 1 2 7 1 2 7 0 2 11 0 2 11 1 2 7 6 2 11 5 30 3 5 30 3 5 30 3 5 30 3 5 30 3 1 2 7 0 2 7 5 30 3 0 2 7 0 2 7 1 2 7 1 2 7 0 2 7 1 2 7 0 2 11 0 2 3 17 18 2 0 2 7 0 2 7 1 2 3 16 19 11 0 2 7 1 2 7 8 9 2 13 6 3 16 9 11 1 2 7 5 31 3 0 62.2668265700340271
5 30 3 12 16 2 12 16 2 1 2 3 5 30 3 5 30 3 5 30 3 0 2 7 0 2 7 0 2 3 0 2 4 0 2 4 0 2 3 0 2 3 12 16 2 0 2 7 1 2 7 0 2 7 0 2 3 5 30 3 0 2 7 16 9 11 16 6 2 5 30 3 5 30 3 0 2 3 0 2 7 0 2 7 8 18 2 0 2 7 1 2 3 1 2 7 1 2 3 0 2 3 0 2 3 16 18 11 1 2 7 1 2 3 12 16 2 0 2 3 16 18 11 1 2 3 0 2 3 16 19 11 1 2 7 0 2 3 0 2 3 0 2 3 16 19 11 1 2 3 0 2 3 16 30 2 0 2 11 0 2 3 0 2 3 0 2 3 0 2 3 1 2 3 0 2 7 0 2 3 0 64.7939996123313904
16 19 12 0 2 8 8 9 2 1 2 8 5 30 3 5 30 3 8 18 2 0 2 8 0 2 8 0 2 8 8 9 2 0 2 8 16 15 2 0 2 8 0 2 8 0 2 8 6 2 8 5 30 3 8 18 2 0 2 8 16 15 2 0 2 8 12 16 2 0 2 8 8 18 2 5 30 3 0 2 8 13 6 3 13 6 3 8 9 2 0 2 8 8 9 2 16 19 12 5 30 3 9 2 7 0 2 8 8 9 2 8 18 2 16 19 12 5 30 3 0 2 8 16 19 12 5 30 3 1 2 8 0 2 8 8 9 2 5 30 3 0 2 8 0 2 8 0 2 8 1 2 8 12 16 2 0 2 8 6 2 8 16 15 2 0 2 8 0 2 8 0 2 8 0 2 8 8 9 2 0.00687205233394242842 67.3952534198760986
5 31 3 12 16 2 12 16 2 5 31 3 16 6 2 5 31 3 1 2 7 1 2 4 0 2 4 12 16 2 0 2 7 16 6 2 1 2 7 12 16 2 17 9 2 0 2 7 0 2 7 6 2 7 1 2 3 0 2 7 0 2 7 1 2 7 0 2 7 0 2 3 12 16 2 1 2 7 1 2 7 16 31 2 0 2 7 6 2 7 0 2 7 0 2 7 0 2 7 0 2 7 5 30 3 0 2 3 0 2 7 0 2 7 1 2 7 17 9 2 13 6 3 1 2 7 5 30 3 16 6 2 13 6 3 0 2 7 0 2 7 1 2 7 0 2 7 5 30 3 17 9 2 0 2 7 0 2 7 0 2 7 1 2 7 1 2 7 0 2 7 0 2 7 0 2 3 0 2 7 0 60.9819873571395874
1 2 7 5 31 3 5 30 3 12 16 2 5 30 3 12 16 2 0 2 7 0 2 7 17 9 2 16 6 2 0 2 7 1 2 7 0 2 7 0 2 7 1 2 7 0 2 4 0 2 3 0 2 7 8 18 2 0 2 7 0 2 7 1 2 3 0 2 4 16 6 2 13 6 3 17 18 2 1 2 7 17 9 2 17 9 2 1 2 7 12 16 2 0 2 3 0 2 11 1 2 7 0 2 7 0 2 4 1 2 4 0 2 7 1 2 4 1 2 4 0 2 7 0 2 7 0 2 7 12 16 2 0 2 3 1 2 7 1 2 7 0 2 7 8 9 2 5 30 3 16 6 2 0 2 4 5 31 3 1 2 7 0 2 7 0 2 4 0 2 4 0 2 3 1 2 7 1 2 7 0 61.1873155832290649
5 30 3 5 30 3 0 2 7 5 30 3 8 18 2 12 16 2 5 30 3 5 30 3 5 30 3 5 30 3 17 18 2 16 19 12 13 6 3 0 2 7 1 2 7 0 2 7 0 2 7 0 2 7 0 2 7 0 2 7 0 2 7 8 9 2 1 2 7 0 2 7 1 2 7 0 2 7 1 2 7 0 2 3 0 2 7 0 2 3 17 9 2 0 2 7 0 2 7 17 18 2 0 2 7 17 9 2 0 2 7 1 2 3 0 2 7 0 2 7 1 2 3 16 19 12 0 2 7 1 2 7 0 2 7 1 2 7 5 30 3 0 2 7 0 2 7 0 2 7 0 2 7 1 2 3 0 2 7 1 2 7 16 15 2 0 2 7 0 2 3 1 2 7 6 2 4 8 9 2 0 62.4181343913078308

Current Evaluation = 9000(9000)
Front Size = 10
0 2 7 12 16 2 12 16 2 5 31 3 12 16 2 5 30 3 0 2 7 1 2 7 13 6 3 0 2 7 1 2 7 0 2 7 0 2 7 0 2 7 0 2 7 0 2 7 1 2 7 0 2 4 0 2 7 0 2 7 1 2 7 1 2 7 1 2 7 1 2 7 5 31 3 0 2 7 1 2 7 1 2 7 0 2 7 1 2 7 0 2 7 1 2 7 0 2 7 1 2 7 17 18 2 1 2 7 13 6 3 1 2 7 17 9 2 17 9 2 0 2 7 0 2 7 8 18 2 0 2 7 1 2 4 17 18 2 0 2 7 0 2 7 0 2 4 0 2 7 1 2 7 12 16 2 5 31 3 0 2 4 17 18 2 1 2 7 0 2 7 0 2 4 16 6 2 16 6 2 0 60.2245944738388062
0 2 11 17 18 2 12 16 2 5 30 3 0 2 7 1 2 7 1 2 7 0 2 7 0 2 7 0 2 4 0 2 7 0 2 7 1 2 7 8 9 2 0 2 7 0 2 7 17 18 2 6 2 7 6 2 7 0 2 7 0 2 7 0 2 7 0 2 7 0 2 7 5 30 3 0 2 11 0 2 7 1 2 7 0 2 7 1 2 7 1 2 7 0 2 7 0 2 7 0 2 7 0 2 7 0 2 7 0 2 7 13 6 3 1 2 7 5 30 3 1 2 7 5 30 3 5 31 3 0 2 7 8 18 2 12 16 2 15 2 11 0 2 7 16 6 2 1 2 11 5 30 3 5 30 3 0 2 7 0 2 7 0 2 7 17 18 2 16 15 2 5 30 3 17 9 2 16 19 11 0 62.0461982488632202
1 2 7 5 31 3 5 30 3 12 16 2 5 30 3 12 16 2 0 2 7 0 2 7 17 9 2 16 6 2 0 2 7 1 2 7 0 2 7 0 2 7 1 2 7 0 2 4 0 2 3 0 2 7 8 18 2 0 2 7 0 2 7 1 2 3 0 2 4 16 6 2 13 6 3 17 18 2 1 2 7 17 9 2 17 9 2 1 2 7 12 16 2 0 2 3 0 2 11 1 2 7 0 2 7 0 2 4 1 2 4 0 2 7 1 2 4 1 2 4 0 2 7 0 2 7 0 2 7 12 16 2 0 2 3 1 2 7 1 2 7 0 2 7 8 9 2 5 30 3 16 6 2 0 2 4 5 31 3 1 2 7 0 2 7 0 2 4 0 2 4 0 2 3 1 2 7 1 2 7 0 61.1873155832290649
0 2 7 5 30 3 5 30 3 0 2 7 12 16 2 5 30 3 12 16 2 0 2 7 5 31 3 5 30 3 12 16 2 0 2 7 0 2 7 0 2 7 17 9 2 0 2 7 0 2 7 0 2 3 0 2 7 17 9 2 0 2 7 0 2 3 0 2 3 8 18 2 1 2 7 0 2 4 16 30 2 17 9 2 0 2 7 0 2 7 1 2 7 1 2 7 1 2 7 17 9 2 5 30 3 0 2 7 0 2 7 16 15 2 6 2 7 1 2 7 1 2 7 0 2 7 0 2 7 1 2 7 0 2 7 1 2 7 1 2 7 0 2 7 0 2 4 6 2 7 0 2 7 0 2 3 13 6 3 0 2 7 5 30 3 1 2 7 1 2 7 17 1 2 0 2 7 8 18 2 0 61.5234724283218384
1 2 7 12 16 2 12 16 2 5 31 3 12 16 2 12 16 2 0 2 4 1 2 7 13 6 3 0 2 7 1 2 7 0 2 7 0 2 7 0 2 4 0 2 4 0 2 7 1 2 7 0 2 7 1 2 7 0 2 7 1 2 4 13 6 3 17 9 2 0 2 7 0 2 7 0 2 4 0 2 4 1 2 7 0 2 7 0 2 7 1 2 4 0 2 4 17 9 2 17 9 2 0 2 10 0 2 7 17 18 2 1 2 4 1 2 4 1 2 4 17 18 2 1 2 7 0 2 4 6 2 7 1 2 7 1 2 7 0 2 7 5 31 3 1 2 7 0 2 7 17 18 2 0 2 7 12 16 2 16 6 2 0 2 7 5 30 3 0 2 4 1 2 4 0 2 7 5 31 3 0 60.373223602771759
8 18 2 12 16 2 0 2 7 0 2 7 0 2 7 0 2 7 0 2 7 5 31 3 0 2 7 1 2 7 0 2 7 0 2 7 0 2 7 17 9 2 1 2 7 0 2 4 0 2 7 0 2 7 1 2 4 0 2 7 1 2 7 0 2 7 1 2 7 0 2 7 0 2 7 5 30 3 5 30 3 5 30 3 1 2 7 0 2 7 0 2 7 0 2 7 1 2 7 1 2 7 0 2 7 1 2 7 0 2 7 12 16 2 1 2 7 5 30 3 17 18 2 0 2 7 0 2 7 17 18 2 0 2 7 0 2 7 1 2 7 17 9 2 16 15 2 13 6 3 5 30 3 13 6 3 16 30 2 1 2 7 0 2 7 17 9 2 1 2 7 6 2 7 5 31 3 0 2 7 0 60.7559604048728943
0 2 7 5 30 3 5 30 3 0 2 11 12 16 2 5 30 3 12 16 2 5 30 3 5 30 3 0 2 7 5 31 3 5 30 3 5 31 3 12 16 2 16 19 11 0 2 7 0 2 7 0 2 7 0 2 11 17 9 2 0 2 11 0 2 7 0 2 7 0 2 7 1 2 7 0 2 11 17 9 2 0 2 7 0 2 7 0 2 11 6 2 7 6 2 11 0 2 7 8 18 2 0 2 7 6 2 11 16 19 11 0 2 7 16 6 2 17 9 2 0 2 11 6 2 11 1 2 11 1 2 11 0 2 11 0 2 7 16 19 11 0 2 7 0 2 7 6 2 11 0 2 11 0 2 7 5 30 3 0 2 7 0 2 7 1 2 7 1 2 7 0 2 7 0 2 7 8 18 2 0 64.26706463098526
5 31 3 12 16 2 12 16 2 5 31 3 16 6 2 5 31 3 1 2 7 1 2 4 0 2 4 12 16 2 0 2 7 16 6 2 1 2 7 12 16 2 17 9 2 0 2 7 0 2 7 6 2 7 1 2 3 0 2 7 0 2 7 1 2 7 0 2 7 0 2 3 12 16 2 1 2 7 1 2 7 16 31 2 0 2 7 6 2 7 0 2 7 0 2 7 0 2 7 0 2 7 5 30 3 0 2 3 0 2 7 0 2 7 1 2 7 17 9 2 13 6 3 1 2 7 5 30 3 16 6 2 13 6 3 0 2 7 0 2 7 1 2 7 0 2 7 5 30 3 17 9 2 0 2 7 0 2 7 0 2 7 1 2 7 1 2 7 0 2 7 0 2 7 0 2 3 0 2 7 0 60.9819873571395874
5 30 3 12 16 2 12 16 2 0 2 7 5 30 3 16 6 2 5 30 3 5 30 3 0 2 7 0 2 3 17 18 2 12 16 2 17 18 2 1 2 7 0 2 7 0 2 3 0 2 7 1 2 7 1 2 7 0 2 3 0 2 3 0 2 7 5 30 3 0 2 3 0 2 7 0 2 7 0 2 7 0 2 7 0 2 7 0 2 7 0 2 7 0 2 7 1 2 3 0 2 3 0 2 3 5 30 3 16 6 2 0 2 7 0 2 11 0 2 7 8 18 2 5 31 3 0 2 3 0 2 3 0 2 7 1 2 7 16 15 2 0 2 3 1 2 7 8 18 2 13 6 3 1 2 7 16 30 2 0 2 3 1 2 7 1 2 3 16 6 2 1 2 7 1 2 7 0 2 4 0 62.2625135183334351
1 2 7 5 31 3 5 30 3 12 16 2 5 30 3 12 16 2 0 2 7 0 2 7 16 30 2 0 2 7 1 2 7 0 2 4 0 2 7 1 2 7 0 2 3 0 2 3 0 2 7 8 18 2 0 2 3 0 2 7 1 2 7 16 6 2 13 6 3 17 18 2 1 2 7 1 2 7 12 16 2 0 2 3 0 2 7 1 2 7 0 2 7 0 2 7 1 2 7 0 2 7 0 2 7 0 2 3 1 2 3 1 2 7 1 2 7 5 30 3 16 6 2 1 2 7 0 2 3 0 2 7 17 9 2 5 30 3 0 2 7 0 2 7 0 2 4 1 2 7 0 2 3 1 2 7 12 16 2 16 30 2 16 31 2 5 31 3 0 2 7 0 2 7 0 2 7 0 2 3 0 61.4222235679626465

Current Evaluation = 9900(9900)
Front Size = 10
0 2 7 12 16 2 12 16 2 5 31 3 12 16 2 5 30 3 0 2 7 0 2 7 13 6 3 0 2 7 0 2 4 1 2 4 0 2 7 13 6 3 0 2 7 0 2 7 1 2 7 1 2 7 0 2 7 0 2 7 1 2 7 1 2 7 1 2 7 1 2 7 5 31 3 0 2 7 1 2 7 1 2 7 0 2 7 1 2 7 0 2 7 6 2 4 5 31 3 17 18 2 17 9 2 17 9 2 0 2 4 17 18 2 17 18 2 1 2 7 0 2 7 0 2 7 1 2 7 0 2 7 1 2 7 0 2 7 0 2 7 1 2 7 13 6 3 1 2 7 0 2 7 1 2 7 12 16 2 0 2 7 17 18 2 1 2 7 0 2 7 16 6 2 0 2 7 0 2 7 0 59.938682496547699
0 2 7 5 30 3 5 30 3 0 2 7 12 16 2 5 30 3 12 16 2 0 2 7 5 31 3 5 30 3 12 16 2 0 2 7 0 2 7 0 2 7 17 9 2 0 2 7 0 2 7 0 2 3 0 2 7 17 9 2 0 2 7 0 2 3 0 2 3 8 18 2 1 2 7 0 2 4 16 30 2 17 9 2 0 2 7 0 2 7 1 2 7 1 2 7 1 2 7 17 9 2 5 30 3 0 2 7 0 2 7 16 15 2 6 2 7 1 2 7 1 2 7 0 2 7 0 2 7 1 2 7 0 2 7 1 2 7 1 2 7 0 2 7 0 2 4 6 2 7 0 2 7 0 2 3 13 6 3 0 2 7 5 30 3 1 2 7 1 2 7 17 1 2 0 2 7 8 18 2 0 61.5234724283218384
5 30 3 0 2 7 12 16 2 12 16 2 1 2 7 5 30 3 12 16 2 0 2 7 12 16 2 8 9 2 0 2 7 1 2 7 0 2 11 17 18 2 0 2 11 0 2 7 17 1 2 1 2 7 0 2 4 1 2 11 0 2 7 5 30 3 5 30 3 0 2 7 1 2 7 16 6 2 0 2 4 1 2 11 1 2 11 8 18 2 0 2 7 1 2 7 0 2 7 0 2 7 0 2 7 0 2 7 0 2 7 1 2 7 0 2 7 5 30 3 16 19 11 0 2 11 0 2 7 16 19 11 0 2 7 0 2 4 0 2 7 1 2 7 8 18 2 5 30 3 17 18 2 0 2 7 5 30 3 0 2 7 0 2 7 8 18 2 0 2 7 0 2 7 17 18 2 0 2 7 0 62.8969041109085083
0 2 7 5 30 3 5 30 3 0 2 11 12 16 2 5 30 3 12 16 2 5 30 3 5 30 3 0 2 7 5 31 3 5 30 3 5 31 3 12 16 2 16 19 11 0 2 7 0 2 7 0 2 7 0 2 11 17 9 2 0 2 11 0 2 7 0 2 7 0 2 7 1 2 7 0 2 11 17 9 2 0 2 7 0 2 7 0 2 11 6 2 7 6 2 11 0 2 7 8 18 2 0 2 7 6 2 11 16 19 11 0 2 7 16 6 2 17 9 2 0 2 11 6 2 11 1 2 11 1 2 11 0 2 11 0 2 7 16 19 11 0 2 7 0 2 7 6 2 11 0 2 11 0 2 7 5 30 3 0 2 7 0 2 7 1 2 7 1 2 7 0 2 7 0 2 7 8 18 2 0 64.26706463098526
0 2 7 12 16 2 12 16 2 5 31 3 12 16 2 5 30 3 0 2 7 0 2 4 13 6 3 0 2 7 0 2 4 1 2 4 0 2 7 13 6 3 0 2 7 0 2 7 1 2 7 1 2 7 0 2 7 0 2 7 1 2 7 1 2 7 1 2 7 1 2 7 5 31 3 0 2 7 1 2 7 1 2 7 0 2 7 1 2 7 0 2 7 5 31 3 17 18 2 17 9 2 17 9 2 0 2 4 17 18 2 17 18 2 1 2 7 0 2 7 0 2 7 0 2 7 0 2 7 12 16 2 16 30 2 0 2 4 1 2 4 1 2 7 0 2 7 1 2 7 1 2 4 1 2 7 0 2 7 0 2 4 0 2 4 0 2 4 1 2 4 17 9 2 1 2 4 0 2 7 0 60.1292036771774292
0 2 7 5 31 3 1 2 7 12 16 2 0 2 7 17 9 2 8 18 2 12 16 2 0 2 7 1 2 7 17 9 2 0 2 7 0 2 7 0 2 7 0 2 7 1 2 7 0 2 7 0 2 7 0 2 7 0 2 7 0 2 7 0 2 7 1 2 7 0 2 7 0 2 7 1 2 4 0 2 7 1 2 7 1 2 7 1 2 7 13 6 3 17 9 2 1 2 7 0 2 7 1 2 7 1 2 7 5 30 3 1 2 7 1 2 4 1 2 7 1 2 7 5 30 3 1 2 7 0 2 7 0 2 4 16 32 2 0 2 7 0 2 7 0 2 4 0 2 7 17 18 2 0 2 4 12 16 2 17 9 2 0 2 7 16 31 2 5 31 3 0 2 7 5 30 3 1 2 4 0 60.6293585300445557
1 2 7 5 31 3 5 30 3 12 16 2 5 30 3 12 16 2 0 2 7 0 2 7 16 30 2 0 2 7 1 2 7 0 2 4 0 2 7 1 2 7 0 2 3 0 2 3 0 2 7 8 18 2 0 2 3 0 2 7 1 2 7 16 6 2 13 6 3 17 18 2 1 2 7 1 2 7 12 16 2 0 2 3 0 2 7 1 2 7 0 2 7 0 2 7 1 2 7 0 2 7 0 2 7 0 2 3 1 2 3 1 2 7 1 2 7 5 30 3 16 6 2 1 2 7 0 2 3 0 2 7 17 9 2 5 30 3 0 2 7 0 2 7 0 2 4 1 2 7 0 2 3 1 2 7 12 16 2 16 30 2 16 31 2 5 31 3 0 2 7 0 2 7 0 2 7 0 2 3 0 61.4222235679626465
5 31 3 0 2 7 12 16 2 12 16 2 0 2 7 5 31 3 12 16 2 0 2 7 1 2 7 17 9 2 0 2 7 0 2 7 0 2 7 17 9 2 1 2 7 0 2 7 17 9 2 0 2 7 1 2 7 0 2 7 0 2 7 5 30 3 5 30 3 0 2 7 0 2 7 16 6 2 0 2 7 0 2 7 0 2 7 8 18 2 0 2 7 6 2 11 0 2 4 6 2 11 0 2 11 1 2 7 0 2 3 0 2 4 6 2 11 1 2 7 0 2 4 0 2 4 16 19 11 1 2 7 5 30 3 13 6 3 6 2 11 12 16 2 6 2 7 0 2 4 0 2 7 0 2 11 0 2 3 1 2 4 1 2 7 1 2 7 1 2 11 0 2 11 16 19 11 0 2 3 0.00387616557680952939 62.4069806933403015
0 2 7 5 31 3 1 2 4 12 16 2 0 2 7 17 9 2 12 16 2 0 2 4 1 2 7 17 1 2 0 2 3 0 2 7 0 2 3 0 2 7 1 2 4 0 2 7 0 2 7 0 2 7 0 2 7 0 2 4 0 2 7 0 2 7 0 2 7 13 6 3 1 2 7 0 2 7 1 2 7 0 2 7 0 2 7 0 2 7 1 2 7 1 2 3 13 6 3 1 2 7 17 9 2 0 2 3 0 2 7 1 2 3 0 2 3 1 2 7 0 2 7 5 30 3 1 2 4 1 2 7 5 30 3 5 30 3 0 2 7 1 2 7 17 18 2 0 2 3 17 18 2 0 2 7 12 16 2 16 30 2 1 2 3 5 30 3 0 2 7 1 2 7 1 2 3 17 18 2 0 61.0102986097335815
5 30 3 12 16 2 12 16 2 0 2 7 1 2 3 5 30 3 5 30 3 0 2 7 8 18 2 17 18 2 1 2 7 0 2 3 0 2 7 0 2 3 1 2 4 0 2 3 5 30 3 0 2 7 0 2 7 0 2 7 0 2 7 1 2 7 0 2 7 0 2 3 1 2 7 1 2 7 0 2 4 8 18 2 5 30 3 0 2 3 0 2 7 16 6 2 0 2 7 13 6 3 1 2 7 16 15 2 6 2 3 1 2 7 1 2 3 1 2 7 16 6 2 6 2 3 0 2 7 0 2 7 1 2 7 0 2 7 0 2 3 0 2 3 17 9 2 5 31 3 5 30 3 0 2 7 0 2 7 0 2 3 0 2 7 0 2 7 0 2 3 17 9 2 0 2 7 16 6 2 0 62.0457653999328613

Current Evaluation = 10800(10800)
Front Size = 10
0 2 7 12 16 2 12 16 2 5 31 3 12 16 2 1 2 7 0 2 7 0 2 4 13 6 3 0 2 7 0 2 7 1 2 7 0 2 7 13 6 3 0 2 7 0 2 7 1 2 7 1 2 7 0 2 7 0 2 7 1 2 7 1 2 7 1 2 7 1 2 7 5 31 3 0 2 7 1 2 7 1 2 7 0 2 7 1 2 7 0 2 7 1 2 7 5 31 3 17 18 2 17 9 2 17 9 2 0 2 7 17 18 2 17 18 2 1 2 4 0 2 7 0 2 7 1 2 7 0 2 7 1 2 7 0 2 7 0 2 7 1 2 4 13 6 3 1 2 7 0 2 7 1 2 7 12 16 2 0 2 7 17 18 2 1 2 7 0 2 7 16 6 2 0 2 7 0 2 7 0 59.7211945056915283
1 2 7 5 30 3 5 30 3 12 16 2 5 30 3 12 16 2 0 2 11 0 2 7 1 2 7 1 2 7 0 2 7 1 2 7 1 2 7 1 2 11 0 2 7 0 2 4 0 2 7 0 2 7 1 2 7 16 15 2 13 6 3 17 18 2 0 2 7 0 2 7 12 16 2 0 2 7 0 2 4 1 2 7 1 2 7 0 2 7 0 2 7 5 30 3 1 2 7 0 2 7 1 2 7 17 18 2 17 9 2 0 2 3 1 2 7 1 2 7 13 6 3 8 18 2 1 2 7 17 9 2 0 2 4 0 2 7 0 2 7 5 31 3 0 2 11 6 2 7 1 2 7 0 2 4 17 18 2 0 2 4 0 2 7 8 9 2 17 9 2 0 2 7 0 2 7 0 2 7 0 60.9123105406761169
0 2 7 12 16 2 12 16 2 5 31 3 12 16 2 1 2 7 0 2 7 1 2 4 13 6 3 0 2 7 0 2 7 0 2 7 0 2 7 13 6 3 0 2 7 1 2 7 0 2 3 1 2 7 0 2 7 0 2 7 1 2 7 1 2 7 6 2 7 1 2 7 0 2 7 1 2 7 1 2 7 0 2 3 0 2 7 1 2 7 1 2 3 17 18 2 17 9 2 17 9 2 0 2 7 17 18 2 17 18 2 0 2 7 1 2 7 0 2 4 0 2 4 0 2 7 0 2 7 13 6 3 0 2 7 0 2 7 17 18 2 0 2 7 0 2 7 0 2 7 1 2 7 5 30 3 1 2 7 1 2 7 5 30 3 16 15 2 1 2 7 12 16 2 5 30 3 8 18 2 0 60.3246694207191467
1 2 7 5 31 3 5 30 3 12 16 2 5 30 3 12 16 2 0 2 7 0 2 7 16 30 2 0 2 7 1 2 7 0 2 4 0 2 7 1 2 7 0 2 3 0 2 3 0 2 7 8 18 2 0 2 3 0 2 7 1 2 7 16 6 2 13 6 3 17 18 2 1 2 7 1 2 7 12 16 2 0 2 3 0 2 7 1 2 7 0 2 7 0 2 7 1 2 7 0 2 7 0 2 7 0 2 3 1 2 3 1 2 7 1 2 7 5 30 3 16 6 2 1 2 7 0 2 3 0 2 7 17 9 2 5 30 3 0 2 7 0 2 7 0 2 4 1 2 7 0 2 3 1 2 7 12 16 2 16 30 2 16 31 2 5 31 3 0 2 7 0 2 7 0 2 7 0 2 3 0 61.4222235679626465
5 30 3 0 2 7 12 16 2 12 16 2 1 2 7 5 30 3 12 16 2 0 2 7 12 16 2 8 9 2 0 2 7 1 2 7 0 2 11 17 18 2 0 2 11 0 2 7 17 1 2 1 2 7 0 2 4 1 2 11 0 2 7 5 30 3 5 30 3 0 2 7 1 2 7 16 6 2 0 2 4 1 2 11 1 2 11 8 18 2 0 2 7 1 2 7 0 2 7 0 2 7 0 2 7 0 2 7 0 2 7 1 2 7 0 2 7 5 30 3 16 19 11 0 2 11 0 2 7 16 19 11 0 2 7 0 2 4 0 2 7 1 2 7 8 18 2 5 30 3 17 18 2 0 2 7 5 30 3 0 2 7 0 2 7 8 18 2 0 2 7 0 2 7 17 18 2 0 2 7 0 62.8969041109085083
0 2 7 5 31 3 1 2 4 12 16 2 0 2 7 17 9 2 12 16 2 0 2 7 1 2 7 0 2 7 1 2 7 1 2 7 0 2 7 0 2 7 0 2 7 1 2 7 0 2 4 0 2 4 0 2 7 0 2 7 13 6 3 1 2 7 0 2 7 1 2 4 0 2 7 0 2 7 0 2 7 1 2 7 1 2 7 13 6 3 1 2 7 17 9 2 0 2 7 5 31 3 0 2 7 5 30 3 1 2 7 1 2 7 5 30 3 0 2 7 1 2 1 17 18 2 17 18 2 0 2 7 12 16 2 0 2 7 1 2 4 17 18 2 17 9 2 0 2 11 0 2 7 8 18 2 1 2 7 0 2 7 5 30 3 0 2 7 16 30 2 1 2 4 0 2 4 1 2 7 0 60.590174674987793
0 2 7 5 31 3 1 2 4 12 16 2 0 2 7 17 9 2 12 16 2 0 2 4 1 2 7 17 1 2 0 2 3 0 2 7 0 2 3 0 2 7 1 2 4 0 2 7 0 2 7 0 2 7 0 2 7 0 2 4 0 2 7 0 2 7 0 2 7 13 6 3 1 2 7 0 2 7 1 2 7 0 2 7 0 2 7 0 2 7 1 2 7 1 2 3 13 6 3 1 2 7 17 9 2 0 2 3 0 2 7 1 2 3 0 2 3 1 2 7 0 2 7 5 30 3 1 2 4 1 2 7 5 30 3 5 30 3 0 2 7 1 2 7 17 18 2 0 2 3 17 18 2 0 2 7 12 16 2 16 30 2 1 2 3 5 30 3 0 2 7 1 2 7 1 2 3 17 18 2 0 61.0102986097335815
0 2 4 5 30 3 12 16 2 1 2 10 17 9 2 12 16 2 0 2 4 1 2 7 1 2 7 5 31 3 0 2 7 0 2 7 0 2 7 1 2 7 0 2 7 1 2 7 0 2 4 0 2 10 13 6 3 1 2 10 0 2 7 1 2 7 0 2 7 0 2 4 1 2 7 17 9 2 0 2 4 1 2 7 0 2 11 13 6 3 1 2 7 5 30 3 1 2 7 0 2 7 0 2 7 17 18 2 0 2 7 12 16 2 5 30 3 1 2 4 0 2 7 5 30 3 0 2 7 17 18 2 0 2 7 0 2 7 0 2 7 0 2 7 1 2 4 5 30 3 0 2 4 17 9 2 17 9 2 0 2 7 6 2 7 0 2 3 16 31 2 1 2 7 1 2 3 0 2 7 0 60.921409547328949
0 2 7 1 2 4 12 16 2 0 2 7 17 9 2 12 16 2 0 2 4 1 2 7 0 2 3 0 2 7 0 2 3 0 2 7 0 2 7 0 2 7 0 2 7 0 2 7 0 2 4 0 2 7 0 2 7 0 2 7 13 6 3 1 2 7 0 2 7 1 2 7 0 2 7 1 2 7 1 2 3 13 6 3 1 2 7 17 9 2 0 2 3 0 2 3 1 2 7 5 30 3 1 2 7 5 30 3 5 30 3 1 2 7 17 18 2 0 2 3 17 18 2 12 16 2 5 30 3 1 2 7 5 31 3 0 2 4 8 18 2 0 2 7 17 9 2 17 9 2 1 2 7 0 2 4 1 2 7 0 2 7 1 2 7 16 30 2 1 2 11 0 2 7 1 2 3 8 9 2 0.000245597877753516206 61.1587005853652954
0 2 7 12 16 2 12 16 2 12 16 2 1 2 7 0 2 7 0 2 4 13 6 3 0 2 7 0 2 7 1 2 7 0 2 7 13 6 3 0 2 7 0 2 7 1 2 7 1 2 7 0 2 7 0 2 7 1 2 7 1 2 7 1 2 7 1 2 7 0 2 7 1 2 7 1 2 7 0 2 7 1 2 7 0 2 7 1 2 7 17 18 2 17 9 2 17 9 2 0 2 7 17 18 2 1 2 4 1 2 7 1 2 7 5 31 3 0 2 4 5 31 3 0 2 3 0 2 3 0 2 3 0 2 7 0 2 4 0 2 11 1 2 4 8 18 2 1 2 7 0 2 7 5 30 3 12 16 2 0 2 7 5 30 3 1 2 7 0 2 4 0 2 4 0 2 7 16 15 2 0.000286187930122219455 60.9650006294250488

Current Evaluation = 11700(11700)
Front Size = 10
0 2 7 12 16 2 12 16 2 5 31 3 12 16 2 1 2 7 0 2 7 0 2 4 13 6 3 0 2 7 0 2 7 1 2 7 0 2 7 13 6 3 0 2 7 0 2 7 1 2 7 1 2 7 0 2 7 0 2 7 1 2 7 1 2 7 1 2 7 1 2 7 5 31 3 0 2 7 1 2 7 1 2 7 0 2 7 1 2 7 0 2 7 1 2 7 5 31 3 17 18 2 17 9 2 17 9 2 0 2 7 17 18 2 17 18 2 1 2 4 0 2 7 0 2 7 1 2 7 0 2 7 1 2 7 0 2 7 0 2 7 1 2 4 13 6 3 1 2 7 0 2 7 1 2 7 12 16 2 0 2 7 17 18 2 1 2 7 0 2 7 16 6 2 0 2 7 0 2 7 0 59.7211945056915283
5 30 3 0 2 7 12 16 2 12 16 2 1 2 7 5 30 3 12 16 2 0 2 7 12 16 2 8 9 2 0 2 7 1 2 7 0 2 11 17 18 2 0 2 11 0 2 7 17 1 2 1 2 7 0 2 4 1 2 11 0 2 7 5 30 3 5 30 3 0 2 7 1 2 7 16 6 2 0 2 4 1 2 11 1 2 11 8 18 2 0 2 7 1 2 7 0 2 7 0 2 7 0 2 7 0 2 7 0 2 7 1 2 7 0 2 7 5 30 3 16 19 11 0 2 11 0 2 7 16 19 11 0 2 7 0 2 4 0 2 7 1 2 7 8 18 2 5 30 3 17 18 2 0 2 7 5 30 3 0 2 7 0 2 7 8 18 2 0 2 7 0 2 7 17 18 2 0 2 7 0 62.8969041109085083
0 2 4 5 31 3 12 16 2 17 9 2 12 16 2 0 2 7 1 2 7 1 2 7 5 31 3 1 2 7 0 2 7 0 2 7 1 2 7 0 2 7 1 2 4 13 6 3 0 2 7 1 2 7 0 2 7 0 2 7 1 2 4 0 2 7 1 2 4 0 2 4 13 6 3 0 2 7 5 30 3 1 2 4 0 2 7 0 2 4 17 18 2 0 2 4 12 16 2 0 2 7 0 2 7 1 2 7 17 18 2 0 2 7 0 2 7 0 2 7 1 2 7 1 2 7 17 9 2 0 2 7 1 2 4 0 2 7 5 31 3 17 9 2 0 2 7 1 2 4 0 2 7 16 30 2 0 2 7 1 2 4 17 18 2 1 2 7 1 2 7 0 2 7 12 16 2 1 2 4 0 60.1292036771774292
0 2 4 5 30 3 12 16 2 1 2 10 17 9 2 12 16 2 0 2 4 1 2 7 1 2 7 5 31 3 0 2 7 0 2 7 0 2 7 1 2 7 0 2 7 1 2 7 0 2 4 0 2 10 13 6 3 1 2 10 0 2 7 1 2 7 0 2 7 0 2 4 1 2 7 17 9 2 0 2 4 1 2 7 0 2 11 13 6 3 1 2 7 5 30 3 1 2 7 0 2 7 0 2 7 17 18 2 0 2 7 12 16 2 5 30 3 1 2 4 0 2 7 5 30 3 0 2 7 17 18 2 0 2 7 0 2 7 0 2 7 0 2 7 1 2 4 5 30 3 0 2 4 17 9 2 17 9 2 0 2 7 6 2 7 0 2 3 16 31 2 1 2 7 1 2 3 0 2 7 0 60.921409547328949
1 2 7 12 16 2 12 16 2 5 31 3 12 16 2 1 2 7 0 2 7 0 2 7 13 6 3 0 2 7 0 2 7 1 2 7 0 2 7 13 6 3 0 2 7 0 2 4 0 2 7 1 2 7 0 2 7 0 2 3 1 2 7 1 2 7 17 9 2 1 2 4 5 30 3 0 2 7 0 2 7 1 2 7 0 2 7 1 2 7 0 2 7 0 2 3 1 2 7 17 9 2 17 9 2 0 2 7 17 18 2 8 18 2 0 2 4 0 2 7 1 2 7 0 2 7 0 2 7 0 2 4 0 2 7 0 2 7 1 2 7 0 2 7 5 30 3 1 2 7 0 2 7 13 6 3 1 2 7 1 2 7 12 16 2 17 18 2 17 9 2 16 15 2 5 30 3 1 2 7 0 60.2989283800125122
1 2 7 5 31 3 5 30 3 12 16 2 5 30 3 12 16 2 0 2 7 0 2 7 16 30 2 0 2 7 1 2 7 0 2 4 0 2 7 1 2 7 0 2 3 0 2 3 0 2 7 8 18 2 0 2 3 0 2 7 1 2 7 16 6 2 13 6 3 17 18 2 1 2 7 1 2 7 12 16 2 0 2 3 0 2 7 1 2 7 0 2 7 0 2 7 1 2 7 0 2 7 0 2 7 0 2 3 1 2 3 1 2 7 1 2 7 5 30 3 16 6 2 1 2 7 0 2 3 0 2 7 17 9 2 5 30 3 0 2 7 0 2 7 0 2 4 1 2 7 0 2 3 1 2 7 12 16 2 16 30 2 16 31 2 5 31 3 0 2 7 0 2 7 0 2 7 0 2 3 0 61.4222235679626465
0 2 4 12 16 2 12 16 2 1 2 7 12 16 2 0 2 7 12 16 2 0 2 7 0 2 7 17 18 2 0 2 7 0 2 7 1 2 7 0 2 7 0 2 7 0 2 4 16 6 2 0 2 7 1 2 3 0 2 7 0 2 7 0 2 7 1 2 7 0 2 7 0 2 7 0 2 7 0 2 7 1 2 7 0 2 7 0 2 4 5 31 3 0 2 7 0 2 7 0 2 7 0 2 7 1 2 7 17 18 2 1 2 7 15 2 11 5 30 3 0 2 7 16 19 11 13 6 3 1 2 7 0 2 7 5 30 3 13 6 3 0 2 7 0 2 7 1 2 7 17 9 2 5 30 3 16 19 11 0 2 7 1 2 7 1 2 7 1 2 4 5 30 3 5 31 3 17 18 2 0 61.5332621335983276
0 2 7 0 2 7 12 16 2 5 30 3 12 16 2 1 2 7 0 2 7 1 2 7 13 6 3 0 2 11 0 2 7 1 2 7 0 2 7 13 6 3 0 2 7 0 2 7 1 2 7 1 2 7 0 2 7 0 2 4 1 2 7 0 2 4 1 2 7 1 2 7 5 31 3 17 9 2 1 2 7 0 2 7 1 2 4 17 18 2 17 9 2 17 9 2 0 2 7 17 18 2 17 18 2 1 2 7 0 2 7 0 2 11 0 2 7 0 2 7 6 2 7 0 2 7 13 6 3 17 18 2 0 2 4 0 2 7 1 2 7 5 31 3 1 2 4 1 2 11 0 2 7 1 2 11 1 2 7 12 16 2 5 30 3 1 2 7 0 2 7 0 2 7 0 2 7 1 2 7 0 60.2022445797920227
0 2 7 1 2 7 12 16 2 5 31 3 12 16 2 1 2 7 1 2 7 17 1 2 13 6 3 0 2 7 0 2 7 1 2 7 13 6 3 0 2 7 0 2 7 0 2 7 5 31 3 0 2 7 1 2 7 0 2 7 1 2 7 1 2 7 5 30 3 17 9 2 1 2 7 0 2 7 1 2 7 17 18 2 17 9 2 17 9 2 17 18 2 1 2 7 0 2 7 0 2 7 6 2 7 0 2 7 0 2 7 0 2 7 5 31 3 1 2 7 0 2 7 12 16 2 5 30 3 0 2 7 0 2 7 0 2 7 0 2 7 0 2 7 1 2 7 0 2 7 0 2 7 16 30 2 1 2 7 1 2 7 1 2 7 0 2 7 1 2 7 0 2 7 0 2 7 0 2 7 0 60.3165975213050842
0 2 4 5 30 3 12 16 2 17 9 2 12 16 2 0 2 4 1 2 7 1 2 7 5 31 3 0 2 7 0 2 7 0 2 7 1 2 7 0 2 7 1 2 7 0 2 4 13 6 3 0 2 7 1 2 7 0 2 7 0 2 4 1 2 7 17 9 2 0 2 4 1 2 7 13 6 3 1 2 7 1 2 7 0 2 7 0 2 7 17 18 2 0 2 7 12 16 2 1 2 4 0 2 7 0 2 7 17 18 2 0 2 7 0 2 7 0 2 7 0 2 7 1 2 4 17 9 2 0 2 7 6 2 7 0 2 7 1 2 10 1 2 11 1 2 4 1 2 4 5 30 3 5 30 3 5 30 3 0 2 7 5 31 3 5 31 3 1 2 11 16 31 2 1 2 4 1 2 3 0.0124343424438371469 61.0551075339317322

Current Evaluation = 12600(12600)
Front Size = 10
0 2 7 12 16 2 12 16 2 5 31 3 12 16 2 1 2 7 0 2 7 0 2 7 13 6 3 0 2 7 0 2 7 1 2 7 0 2 7 13 6 3 0 2 7 0 2 7 1 2 7 1 2 7 0 2 7 0 2 7 1 2 7 1 2 7 1 2 7 1 2 7 5 31 3 0 2 7 1 2 7 1 2 7 0 2 7 1 2 7 0 2 7 17 18 2 17 9 2 0 2 7 17 18 2 17 18 2 1 2 4 0 2 7 0 2 7 0 2 7 0 2 7 0 2 7 1 2 4 0 2 7 12 16 2 17 18 2 16 6 2 1 2 7 5 31 3 17 9 2 1 2 7 1 2 7 13 6 3 1 2 7 1 2 7 0 2 7 1 2 7 0 2 7 0 2 4 0 2 7 0 59.7211945056915283
0 2 7 12 16 2 12 16 2 5 30 3 12 16 2 1 2 4 0 2 4 1 2 7 13 6 3 0 2 7 0 2 4 1 2 7 0 2 7 13 6 3 0 2 4 0 2 7 1 2 7 1 2 7 1 2 7 0 2 7 0 2 7 0 2 7 1 2 7 1 2 4 5 31 3 0 2 7 1 2 7 1 2 7 0 2 7 1 2 4 0 2 7 17 18 2 17 9 2 0 2 4 17 18 2 0 2 7 0 2 4 0 2 7 0 2 4 1 2 7 0 2 7 1 2 7 0 2 7 1 2 7 17 9 2 1 2 7 1 2 7 0 2 7 0 2 7 0 2 4 17 9 2 5 31 3 17 18 2 1 2 4 5 31 3 1 2 7 1 2 4 0 2 4 0 2 7 17 9 2 0 60.1300216913223267
0 2 7 5 31 3 12 16 2 17 9 2 12 16 2 0 2 7 1 2 7 1 2 7 5 31 3 1 2 7 0 2 7 0 2 3 1 2 7 0 2 7 1 2 4 13 6 3 0 2 7 1 2 3 0 2 7 0 2 7 1 2 4 0 2 7 1 2 4 0 2 7 13 6 3 0 2 7 5 30 3 0 2 7 17 18 2 12 16 2 0 2 7 0 2 7 1 2 7 17 18 2 0 2 7 0 2 7 0 2 7 1 2 7 1 2 7 17 9 2 0 2 7 0 2 7 17 9 2 0 2 7 0 2 7 0 2 7 1 2 7 1 2 7 0 2 7 12 16 2 1 2 7 1 2 3 16 6 2 1 2 7 17 9 2 1 2 4 1 2 7 13 6 3 0 2 3 1 2 4 0 59.9809155464172363
0 2 7 12 16 2 0 2 4 5 30 3 12 16 2 0 2 4 1 2 7 1 2 7 13 6 3 0 2 7 1 2 7 1 2 7 0 2 7 13 6 3 0 2 7 0 2 7 1 2 7 0 2 4 0 2 7 1 2 7 0 2 4 1 2 4 1 2 7 5 31 3 0 2 7 1 2 7 5 31 3 0 2 7 1 2 7 17 18 2 17 9 2 0 2 7 17 18 2 0 2 7 0 2 7 0 2 7 0 2 7 0 2 7 12 16 2 1 2 7 17 9 2 1 2 7 1 2 7 13 6 3 0 2 7 1 2 7 5 30 3 17 9 2 0 2 7 1 2 7 17 18 2 1 2 7 0 2 4 0 2 7 1 2 7 17 9 2 1 2 7 0 2 7 0 2 4 1 2 7 0 59.7875515222549438
5 30 3 0 2 7 12 16 2 12 16 2 1 2 7 5 30 3 12 16 2 0 2 7 12 16 2 8 9 2 0 2 7 1 2 7 0 2 11 17 18 2 0 2 11 0 2 7 17 1 2 1 2 7 0 2 4 1 2 11 0 2 7 5 30 3 5 30 3 0 2 7 1 2 7 16 6 2 0 2 4 1 2 11 1 2 11 8 18 2 0 2 7 1 2 7 0 2 7 0 2 7 0 2 7 0 2 7 0 2 7 1 2 7 0 2 7 5 30 3 16 19 11 0 2 11 0 2 7 16 19 11 0 2 7 0 2 4 0 2 7 1 2 7 8 18 2 5 30 3 17 18 2 0 2 7 5 30 3 0 2 7 0 2 7 8 18 2 0 2 7 0 2 7 17 18 2 0 2 7 0 62.8969041109085083
0 2 7 12 16 2 0 2 7 5 31 3 12 16 2 0 2 7 1 2 4 1 2 7 13 6 3 0 2 7 0 2 7 1 2 7 0 2 7 13 6 3 0 2 7 0 2 7 1 2 7 0 2 4 0 2 7 1 2 7 0 2 7 1 2 7 1 2 7 5 31 3 0 2 7 1 2 7 1 2 7 0 2 7 1 2 7 17 18 2 17 9 2 0 2 7 17 18 2 1 2 11 0 2 7 0 2 7 0 2 7 0 2 7 1 2 11 0 2 7 12 16 2 1 2 7 17 9 2 1 2 7 1 2 7 13 6 3 0 2 4 1 2 7 5 30 3 17 9 2 0 2 7 17 9 2 0 2 7 0 2 7 1 2 4 17 18 2 1 2 7 1 2 11 1 2 7 0 2 7 0 59.8851563930511475
0 2 4 12 16 2 12 16 2 1 2 7 12 16 2 0 2 7 0 2 7 1 2 7 17 18 2 1 2 7 1 2 7 0 2 7 0 2 4 1 2 7 0 2 4 1 2 7 0 2 4 0 2 7 0 2 7 1 2 7 0 2 4 1 2 4 0 2 7 1 2 7 6 2 7 0 2 7 1 2 7 17 18 2 0 2 7 1 2 7 0 2 4 0 2 7 0 2 4 17 22 2 0 2 4 1 2 7 5 30 3 0 2 7 5 31 3 1 2 7 1 2 7 17 9 2 1 2 7 8 18 2 0 2 7 0 2 7 6 2 7 5 31 3 12 16 2 0 2 4 1 2 7 17 9 2 5 30 3 17 9 2 0 2 4 0 2 7 13 6 3 1 2 7 17 9 2 1 2 7 0 60.7296196222305298
1 2 7 1 2 7 12 16 2 5 31 3 12 16 2 1 2 4 1 2 7 13 6 3 0 2 7 0 2 7 1 2 7 13 6 3 0 2 7 0 2 7 0 2 7 5 31 3 0 2 7 1 2 7 0 2 7 1 2 7 1 2 7 5 30 3 17 9 2 8 1 2 0 2 7 0 2 7 17 18 2 17 9 2 17 9 2 17 18 2 1 2 4 1 2 7 0 2 7 0 2 7 0 2 7 0 2 7 1 2 3 0 2 7 12 16 2 0 2 7 0 2 7 1 2 7 0 2 7 0 2 7 0 2 7 0 2 7 0 2 7 1 2 4 1 2 7 1 2 7 0 2 7 1 2 7 17 18 2 5 30 3 17 18 2 0 2 7 1 2 7 1 2 7 0 2 7 0 2 7 0 60.3112514019012451
0 2 7 1 2 7 12 16 2 5 31 3 12 16 2 1 2 7 1 2 7 13 6 3 0 2 7 0 2 7 1 2 7 13 6 3 0 2 7 0 2 7 0 2 7 5 31 3 0 2 7 1 2 7 0 2 7 1 2 7 1 2 7 5 30 3 17 9 2 1 2 7 0 2 7 1 2 7 17 18 2 17 9 2 17 9 2 17 18 2 1 2 7 0 2 7 0 2 7 0 2 7 0 2 7 0 2 7 1 2 7 0 2 7 12 16 2 0 2 7 0 2 7 0 2 7 0 2 7 0 2 7 1 2 7 0 2 7 0 2 7 1 2 7 1 2 7 1 2 7 17 1 2 6 2 7 5 31 3 1 2 11 16 30 2 13 6 3 1 2 7 0 2 7 0 2 7 0 2 7 0.000212764152219449662 59.7928115725517273
0 2 7 12 16 2 12 16 2 5 31 3 12 16 2 1 2 7 0 2 7 0 2 4 13 6 3 0 2 7 0 2 7 1 2 7 0 2 7 13 6 3 0 2 7 0 2 7 1 2 7 1 2 7 0 2 4 0 2 7 1 2 7 1 2 7 1 2 7 1 2 7 5 31 3 0 2 7 1 2 7 1 2 7 0 2 7 1 2 7 0 2 7 17 18 2 17 9 2 0 2 7 17 18 2 17 18 2 1 2 4 0 2 7 0 2 7 0 2 4 0 2 7 0 2 7 1 2 4 0 2 7 12 16 2 17 18 2 16 6 2 1 2 7 0 2 4 1 2 4 1 2 7 0 2 4 0 2 4 5 30 3 0 2 4 17 18 2 5 30 3 8 9 2 5 30 3 0 2 4 0 60.4693014621734619

Current Evaluation = 13500(13500)
Front Size = 10
0 2 7 5 31 3 12 16 2 17 9 2 12 16 2 0 2 7 1 2 7 1 2 7 5 31 3 1 2 7 0 2 7 0 2 7 1 2 7 0 2 7 1 2 4 13 6 3 0 2 7 1 2 7 0 2 7 0 2 7 1 2 7 0 2 7 1 2 7 0 2 7 13 6 3 0 2 7 5 31 3 0 2 7 17 18 2 12 16 2 0 2 7 1 2 7 1 2 7 17 18 2 0 2 7 0 2 4 0 2 7 1 2 7 1 2 7 17 9 2 0 2 7 0 2 7 17 9 2 0 2 7 0 2 7 0 2 7 1 2 7 1 2 7 0 2 7 12 16 2 0 2 7 1 2 7 16 6 2 1 2 7 17 9 2 1 2 7 1 2 7 13 6 3 0 2 7 1 2 4 0 59.7211945056915283
0 2 7 1 2 4 12 16 2 5 30 3 12 16 2 0 2 7 1 2 7 13 6 3 0 2 7 0 2 7 1 2 7 13 6 3 0 2 7 0 2 4 0 2 4 5 31 3 0 2 7 1 2 7 0 2 7 1 2 7 1 2 4 17 9 2 0 2 7 5 31 3 17 18 2 17 9 2 17 9 2 17 18 2 1 2 7 1 2 7 0 2 7 0 2 7 0 2 7 0 2 7 0 2 7 12 16 2 0 2 7 0 2 7 1 2 7 0 2 7 0 2 7 0 2 7 1 2 7 1 2 7 1 2 7 1 2 7 0 2 7 1 2 7 0 2 4 1 2 7 1 2 4 1 2 7 13 6 3 0 2 7 17 9 2 17 18 2 5 30 3 1 2 4 1 2 7 0 2 7 0 59.7875515222549438
0 2 3 12 16 2 5 30 3 12 16 2 5 30 3 0 2 3 1 2 7 0 2 4 0 2 4 0 2 3 0 2 7 1 2 4 0 2 7 1 2 7 1 2 3 0 2 7 0 2 7 1 2 3 0 2 7 17 18 2 5 30 3 0 2 7 0 2 4 1 2 7 16 19 11 1 2 4 0 2 4 17 18 2 0 2 7 1 2 3 13 6 3 12 16 2 0 2 7 1 2 3 1 2 7 0 2 7 0 2 7 17 9 2 1 2 7 1 2 3 0 2 4 17 9 2 13 6 3 16 30 2 15 2 11 1 2 7 1 2 3 0 2 7 0 2 7 0 2 4 1 2 3 5 30 3 0 2 7 0 2 4 0 2 3 17 9 2 5 30 3 0 2 7 1 2 3 0 2 7 0 61.5146195888519287
1 2 7 0 2 7 12 16 2 12 16 2 0 2 7 0 2 7 13 6 3 16 6 2 16 6 2 0 2 7 13 6 3 0 2 4 0 2 7 0 2 7 0 2 4 1 2 7 1 2 7 1 2 7 1 2 4 17 18 2 0 2 7 17 18 2 8 9 2 17 18 2 1 2 4 0 2 4 1 2 7 0 2 7 12 16 2 12 16 2 0 2 3 1 2 4 12 16 2 0 2 7 0 2 7 5 31 3 1 2 4 0 2 7 1 2 4 1 2 7 1 2 3 0 2 7 0 2 4 0 2 7 5 31 3 17 9 2 17 18 2 5 30 3 0 2 7 1 2 7 0 2 7 1 2 7 0 2 7 0 2 4 1 2 4 1 2 3 0 2 7 0 2 3 5 30 3 0 2 7 0 60.6226655244827271
0 2 7 1 2 7 12 16 2 5 30 3 12 16 2 0 2 7 1 2 7 13 6 3 1 2 7 0 2 7 1 2 7 13 6 3 0 2 7 0 2 4 0 2 4 5 31 3 0 2 11 1 2 7 0 2 7 1 2 11 1 2 7 17 9 2 0 2 7 5 31 3 17 18 2 17 9 2 17 18 2 1 2 4 0 2 7 0 2 7 0 2 7 0 2 7 0 2 7 12 16 2 0 2 7 0 2 7 0 2 7 1 2 7 1 2 7 5 30 3 1 2 7 16 6 2 1 2 7 1 2 7 17 9 2 1 2 7 1 2 3 17 9 2 8 18 2 0 2 7 0 2 4 12 16 2 6 2 7 0 2 4 17 18 2 5 30 3 1 2 7 13 6 3 0 2 7 0 2 7 0.0125223843555181055 60.3294984698295593
0 2 7 5 31 3 12 16 2 17 9 2 12 16 2 0 2 7 1 2 7 1 2 7 5 31 3 1 2 7 0 2 7 0 2 3 1 2 7 0 2 7 1 2 4 13 6 3 0 2 7 1 2 3 0 2 7 0 2 7 1 2 4 0 2 7 1 2 4 0 2 7 13 6 3 0 2 7 5 30 3 0 2 7 17 18 2 12 16 2 0 2 7 0 2 7 1 2 7 17 18 2 0 2 7 0 2 7 0 2 7 1 2 7 1 2 7 17 9 2 0 2 7 0 2 7 17 9 2 0 2 7 0 2 7 0 2 7 1 2 7 1 2 7 0 2 7 12 16 2 1 2 7 1 2 3 16 6 2 1 2 7 17 9 2 1 2 4 1 2 7 13 6 3 0 2 3 1 2 4 0 59.9809155464172363
1 2 4 0 2 7 12 16 2 1 2 4 0 2 4 1 2 7 13 6 3 0 2 7 16 30 2 0 2 7 13 6 3 0 2 7 0 2 7 0 2 7 0 2 7 0 2 7 1 2 12 1 2 7 1 2 7 17 9 2 0 2 7 17 18 2 17 9 2 17 18 2 1 2 7 0 2 4 0 2 7 0 2 7 12 16 2 12 16 2 0 2 7 1 2 7 1 2 3 0 2 4 0 2 7 5 31 3 1 2 7 0 2 7 1 2 11 0 2 7 1 2 7 0 2 7 6 2 7 0 2 7 5 31 3 5 30 3 1 2 7 1 2 7 1 2 7 1 2 4 0 2 7 0 2 7 17 18 2 1 2 11 17 9 2 1 2 7 0 2 4 0 2 7 0 2 7 5 31 3 0 60.399346649646759
0 2 7 1 2 7 12 16 2 5 30 3 12 16 2 0 2 7 1 2 7 13 6 3 1 2 7 0 2 7 1 2 7 13 6 3 0 2 7 0 2 4 0 2 4 5 31 3 1 2 7 0 2 7 1 2 7 17 9 2 0 2 7 5 31 3 17 18 2 17 9 2 17 18 2 1 2 4 1 2 3 0 2 7 0 2 7 0 2 7 0 2 7 0 2 7 12 16 2 0 2 7 0 2 7 0 2 7 0 2 7 0 2 7 0 2 7 0 2 7 1 2 7 0 2 7 1 2 7 5 30 3 1 2 7 16 6 2 0 2 7 1 2 7 1 2 7 0 2 7 17 9 2 1 2 7 0 2 7 0 2 11 1 2 4 1 2 3 6 2 7 17 18 2 8 9 2 0 2 7 0.000280885460716525617 60.476201593875885
0 2 7 12 16 2 12 16 2 5 30 3 12 16 2 1 2 4 0 2 4 1 2 7 13 6 3 0 2 7 0 2 4 1 2 7 0 2 7 13 6 3 0 2 4 0 2 7 1 2 7 1 2 7 1 2 7 0 2 7 0 2 7 0 2 7 1 2 7 1 2 4 5 31 3 0 2 7 1 2 7 1 2 7 0 2 7 1 2 4 0 2 7 17 18 2 17 9 2 0 2 4 17 18 2 0 2 7 0 2 4 0 2 7 0 2 4 1 2 7 0 2 7 1 2 7 0 2 7 1 2 7 17 9 2 1 2 7 1 2 7 0 2 7 0 2 7 0 2 4 17 9 2 5 31 3 17 18 2 1 2 4 5 31 3 1 2 7 1 2 4 0 2 4 0 2 7 17 9 2 0 60.1300216913223267
1 2 7 0 2 7 12 16 2 12 16 2 0 2 7 0 2 7 13 6 3 16 6 2 0 2 7 13 6 3 0 2 4 0 2 7 0 2 7 1 2 7 1 2 7 1 2 7 1 2 4 17 18 2 0 2 7 17 18 2 1 2 4 1 2 7 0 2 7 12 16 2 12 16 2 0 2 7 0 2 7 5 31 3 0 2 7 1 2 7 0 2 7 0 2 7 5 31 3 17 9 2 0 2 7 1 2 7 0 2 7 1 2 7 0 2 7 0 2 7 0 2 7 16 6 2 0 2 4 5 31 3 17 18 2 0 2 7 0 2 3 1 2 4 1 2 7 1 2 7 1 2 4 1 2 7 1 2 7 17 18 2 5 30 3 0 2 4 1 2 7 17 9 2 17 9 2 17 9 2 0.126333310273486793 59.9236824512481689

Current Evaluation = 14400(14400)
Front Size = 10
0 2 7 5 31 3 12 16 2 17 9 2 12 16 2 0 2 7 1 2 7 1 2 7 5 31 3 1 2 7 0 2 7 0 2 7 1 2 7 0 2 7 1 2 4 13 6 3 0 2 7 1 2 7 0 2 7 0 2 7 1 2 7 0 2 7 1 2 7 0 2 7 13 6 3 0 2 7 5 31 3 0 2 7 17 18 2 12 16 2 0 2 7 1 2 7 1 2 7 17 18 2 0 2 7 0 2 4 0 2 7 1 2 7 1 2 7 17 9 2 0 2 7 0 2 7 17 9 2 0 2 7 0 2 7 0 2 7 1 2 7 1 2 7 0 2 7 12 16 2 0 2 7 1 2 7 16 6 2 1 2 7 17 9 2 1 2 7 1 2 7 13 6 3 0 2 7 1 2 4 0 59.7211945056915283
0 2 7 1 2 7 12 16 2 5 31 3 0 2 7 0 2 7 0 2 4 13 6 3 1 2 7 1 2 7 1 2 7 13 6 3 0 2 7 0 2 7 1 2 7 5 31 3 0 2 7 1 2 7 1 2 7 1 2 7 1 2 7 17 9 2 0 2 7 1 2 7 17 18 2 17 9 2 17 18 2 1 2 7 1 2 7 0 2 7 0 2 7 0 2 7 0 2 7 0 2 4 12 16 2 0 2 7 0 2 7 1 2 7 0 2 7 0 2 7 0 2 7 1 2 7 1 2 7 0 2 7 0 2 7 0 2 7 1 2 7 0 2 4 1 2 7 13 6 3 17 18 2 5 31 3 0 2 7 12 16 2 1 2 7 1 2 7 16 6 2 17 18 2 12 16 2 0 2 7 0 59.7211945056915283
0 2 3 12 16 2 5 30 3 12 16 2 5 30 3 0 2 3 1 2 7 0 2 4 0 2 4 0 2 3 0 2 7 1 2 4 0 2 7 1 2 7 1 2 3 0 2 7 0 2 7 1 2 3 0 2 7 17 18 2 5 30 3 0 2 7 0 2 4 1 2 7 16 19 11 1 2 4 0 2 4 17 18 2 0 2 7 1 2 3 13 6 3 12 16 2 0 2 7 1 2 3 1 2 7 0 2 7 0 2 7 17 9 2 1 2 7 1 2 3 0 2 4 17 9 2 13 6 3 16 30 2 15 2 11 1 2 7 1 2 3 0 2 7 0 2 7 0 2 4 1 2 3 5 30 3 0 2 7 0 2 4 0 2 3 17 9 2 5 30 3 0 2 7 1 2 3 0 2 7 0 61.5146195888519287
1 2 7 0 2 7 12 16 2 12 16 2 0 2 7 0 2 7 13 6 3 16 6 2 16 6 2 0 2 7 13 6 3 0 2 4 0 2 7 0 2 7 0 2 4 1 2 7 1 2 7 1 2 7 1 2 4 17 18 2 0 2 7 17 18 2 8 9 2 17 18 2 1 2 4 0 2 4 1 2 7 0 2 7 12 16 2 12 16 2 0 2 3 1 2 4 12 16 2 0 2 7 0 2 7 5 31 3 1 2 4 0 2 7 1 2 4 1 2 7 1 2 3 0 2 7 0 2 4 0 2 7 5 31 3 17 9 2 17 18 2 5 30 3 0 2 7 1 2 7 0 2 7 1 2 7 0 2 7 0 2 4 1 2 4 1 2 3 0 2 7 0 2 3 5 30 3 0 2 7 0 60.6226655244827271
1 2 7 1 2 7 12 16 2 5 30 3 5 30 3 0 2 7 1 2 7 13 6 3 1 2 7 0 2 7 1 2 7 13 6 3 5 30 3 0 2 7 0 2 7 5 31 3 0 2 7 1 2 7 0 2 7 1 2 7 1 2 7 17 9 2 0 2 7 5 31 3 17 18 2 17 9 2 17 18 2 1 2 7 1 2 7 1 2 7 0 2 7 0 2 7 1 2 7 0 2 7 12 16 2 0 2 7 0 2 7 0 2 7 0 2 7 0 2 7 0 2 4 1 2 4 1 2 4 0 2 7 1 2 4 0 2 7 0 2 7 17 18 2 17 9 2 0 2 7 0 2 7 0 2 7 1 2 7 13 6 3 0 2 7 1 2 4 1 2 7 0 2 7 17 9 2 0 2 7 0 59.940948486328125
1 2 4 0 2 7 12 16 2 1 2 4 0 2 4 1 2 7 13 6 3 0 2 7 16 30 2 0 2 7 13 6 3 0 2 7 0 2 7 0 2 7 0 2 7 0 2 7 1 2 12 1 2 7 1 2 7 17 9 2 0 2 7 17 18 2 17 9 2 17 18 2 1 2 7 0 2 4 0 2 7 0 2 7 12 16 2 12 16 2 0 2 7 1 2 7 1 2 3 0 2 4 0 2 7 5 31 3 1 2 7 0 2 7 1 2 11 0 2 7 1 2 7 0 2 7 6 2 7 0 2 7 5 31 3 5 30 3 1 2 7 1 2 7 1 2 7 1 2 4 0 2 7 0 2 7 17 18 2 1 2 11 17 9 2 1 2 7 0 2 4 0 2 7 0 2 7 5 31 3 0 60.399346649646759
1 2 7 0 2 7 12 16 2 12 16 2 0 2 7 0 2 7 13 6 3 16 6 2 0 2 7 13 6 3 0 2 7 0 2 4 0 2 4 0 2 7 1 2 7 0 2 7 1 2 4 1 2 7 12 16 2 0 2 7 17 18 2 8 9 2 17 18 2 1 2 7 1 2 4 0 2 7 12 16 2 16 19 11 0 2 4 5 31 3 0 2 7 1 2 7 1 2 4 5 30 3 0 2 4 5 31 3 17 9 2 5 30 3 0 2 4 1 2 7 0 2 3 1 2 7 0 2 7 0 2 4 1 2 7 5 30 3 0 2 7 0 2 7 0 2 4 12 16 2 1 2 7 1 2 7 0 2 7 0 2 7 0 2 7 1 2 7 17 18 2 0 2 7 17 9 2 6 2 7 0 60.9460033774375916
0 2 7 1 2 7 12 16 2 5 30 3 12 16 2 0 2 7 1 2 7 13 6 3 0 2 7 0 2 4 1 2 7 13 6 3 0 2 7 0 2 4 0 2 7 5 30 3 0 2 4 1 2 7 0 2 7 1 2 7 1 2 7 17 9 2 0 2 7 5 31 3 17 18 2 17 9 2 17 9 2 17 18 2 1 2 7 1 2 7 0 2 7 0 2 7 0 2 7 0 2 7 0 2 7 12 16 2 0 2 7 0 2 7 1 2 7 0 2 7 0 2 7 1 2 7 1 2 7 1 2 7 1 2 7 1 2 7 0 2 4 1 2 7 1 2 7 1 2 7 17 9 2 17 18 2 1 2 4 5 31 3 0 2 4 13 6 3 0 2 7 0 2 4 1 2 7 0 2 7 0 59.7875515222549438
0 2 4 5 31 3 12 16 2 17 9 2 12 16 2 0 2 4 0 2 7 1 2 7 0 2 7 12 16 2 1 2 7 0 2 7 13 6 3 1 2 7 0 2 4 0 2 7 0 2 7 13 6 3 0 2 7 1 2 4 0 2 7 17 18 2 12 16 2 0 2 4 0 2 7 1 2 4 17 18 2 1 2 7 0 2 7 0 2 7 1 2 7 1 2 4 0 2 4 0 2 7 1 2 7 1 2 7 0 2 7 0 2 7 5 31 3 5 30 3 12 16 2 1 2 3 0 2 7 1 2 4 1 2 7 16 30 2 1 2 7 13 6 3 17 9 2 17 18 2 0 2 7 0 2 7 0 2 7 0 2 7 17 18 2 1 2 7 1 2 7 1 2 7 5 30 3 0 2 7 0 60.0450835227966309
0 2 7 1 2 7 12 16 2 5 30 3 0 2 7 0 2 7 1 2 7 13 6 3 1 2 7 0 2 4 1 2 7 13 6 3 0 2 7 0 2 7 6 2 7 5 31 3 0 2 7 1 2 7 1 2 7 1 2 7 1 2 7 17 9 2 0 2 7 5 31 3 17 18 2 17 9 2 17 18 2 1 2 7 1 2 4 0 2 7 0 2 7 0 2 7 0 2 7 0 2 7 12 16 2 0 2 7 0 2 7 1 2 7 0 2 7 0 2 7 0 2 7 1 2 4 1 2 4 0 2 7 0 2 7 0 2 7 1 2 7 0 2 7 1 2 7 13 6 3 17 18 2 5 31 3 0 2 7 12 16 2 1 2 7 1 2 7 16 6 2 17 18 2 12 16 2 0 2 7 0 59.938682496547699

Current Evaluation = 15300(15300)
Front Size = 10
0 2 7 1 2 7 12 16 2 5 31 3 0 2 7 0 2 7 0 2 4 13 6 3 1 2 7 1 2 7 1 2 7 13 6 3 0 2 7 0 2 7 1 2 7 5 31 3 0 2 7 1 2 7 1 2 7 1 2 7 1 2 7 17 9 2 0 2 7 1 2 7 17 18 2 17 9 2 17 18 2 1 2 7 1 2 7 0 2 7 0 2 7 0 2 7 0 2 7 0 2 4 12 16 2 0 2 7 0 2 7 1 2 7 0 2 7 0 2 7 0 2 7 1 2 7 1 2 7 0 2 7 0 2 7 0 2 7 1 2 7 0 2 4 1 2 7 13 6 3 17 18 2 5 31 3 0 2 7 12 16 2 1 2 7 1 2 7 16 6 2 17 18 2 12 16 2 0 2 7 0 59.7211945056915283
0 2 7 1 2 4 12 16 2 5 31 3 0 2 7 0 2 7 0 2 7 13 6 3 1 2 7 1 2 7 1 2 7 13 6 3 0 2 7 0 2 7 1 2 7 5 31 3 0 2 7 1 2 7 1 2 7 1 2 7 1 2 7 17 9 2 0 2 7 1 2 7 17 18 2 17 9 2 17 18 2 1 2 7 1 2 7 0 2 7 1 2 7 0 2 7 0 2 7 0 2 7 12 16 2 0 2 7 0 2 7 1 2 7 0 2 7 0 2 7 1 2 4 0 2 7 17 18 2 5 31 3 12 16 2 16 6 2 12 16 2 0 2 7 1 2 7 0 2 7 0 2 7 0 2 7 0 2 7 1 2 7 13 6 3 0 2 7 1 2 7 1 2 4 17 18 2 0 2 7 0 59.7211945056915283
0 2 7 1 2 7 12 16 2 5 30 3 12 16 2 0 2 7 1 2 7 13 6 3 0 2 7 0 2 4 1 2 7 13 6 3 0 2 7 0 2 4 0 2 7 5 30 3 0 2 4 1 2 7 0 2 7 1 2 7 1 2 7 17 9 2 0 2 7 5 31 3 17 18 2 17 9 2 17 9 2 17 18 2 1 2 7 1 2 7 0 2 7 0 2 7 0 2 7 0 2 7 0 2 7 12 16 2 0 2 7 0 2 7 1 2 7 0 2 7 0 2 7 1 2 7 1 2 7 1 2 7 1 2 7 1 2 7 0 2 4 1 2 7 1 2 7 1 2 7 17 9 2 17 18 2 1 2 4 5 31 3 0 2 4 13 6 3 0 2 7 0 2 4 1 2 7 0 2 7 0 59.7875515222549438
0 2 7 5 31 3 12 16 2 17 9 2 12 16 2 0 2 7 16 6 2 5 31 3 1 2 4 0 2 7 0 2 7 1 2 3 1 2 4 1 2 7 13 6 3 1 2 7 1 2 7 0 2 4 1 2 7 1 2 7 13 6 3 0 2 7 12 16 2 17 18 2 12 16 2 0 2 7 1 2 7 0 2 7 17 18 2 0 2 7 0 2 7 0 2 3 1 2 7 0 2 7 17 9 2 0 2 3 0 2 7 1 2 7 1 2 7 1 2 3 0 2 7 1 2 7 1 2 7 1 2 7 0 2 7 0 2 7 0 2 4 1 2 7 5 30 3 17 18 2 0 2 7 0 2 7 1 2 7 0 2 4 1 2 7 17 9 2 0 2 7 0 2 7 13 6 3 0 2 7 0 59.9809155464172363
0 2 4 1 2 7 12 16 2 5 31 3 0 2 7 0 2 4 0 2 7 13 6 3 0 2 7 1 2 4 1 2 4 13 6 3 0 2 7 0 2 7 1 2 7 5 31 3 0 2 7 0 2 7 1 2 7 1 2 7 1 2 7 17 9 2 0 2 7 0 2 4 17 18 2 17 9 2 17 18 2 1 2 7 1 2 7 0 2 7 1 2 4 0 2 7 0 2 7 0 2 4 12 16 2 0 2 7 6 2 7 1 2 7 0 2 7 1 2 7 17 18 2 5 31 3 12 16 2 16 6 2 12 16 2 1 2 3 1 2 4 1 2 7 0 2 7 0 2 4 0 2 7 0 2 7 1 2 4 0 2 7 1 2 7 0 2 7 0 2 4 5 30 3 17 18 2 0 2 4 0 60.2408736348152161
1 2 7 1 2 7 12 16 2 5 30 3 0 2 7 1 2 7 13 6 3 1 2 7 0 2 7 1 2 7 13 6 3 0 2 7 0 2 7 5 31 3 0 2 7 1 2 7 0 2 7 1 2 7 1 2 7 17 9 2 0 2 7 5 31 3 17 18 2 17 9 2 17 18 2 1 2 7 1 2 7 1 2 7 0 2 7 0 2 7 1 2 7 0 2 7 12 16 2 0 2 7 0 2 7 0 2 7 0 2 7 0 2 7 0 2 4 1 2 4 1 2 4 0 2 7 1 2 4 0 2 7 0 2 7 17 18 2 17 9 2 0 2 7 0 2 7 0 2 7 1 2 7 13 6 3 0 2 7 1 2 7 0 2 7 5 30 3 5 30 3 1 2 4 17 9 2 0 2 7 0 59.940948486328125
0 2 3 12 16 2 5 30 3 12 16 2 5 30 3 0 2 3 1 2 7 0 2 4 0 2 4 0 2 3 0 2 7 1 2 4 0 2 7 1 2 7 1 2 3 0 2 7 0 2 7 1 2 3 0 2 7 17 18 2 5 30 3 0 2 7 0 2 4 1 2 7 16 19 11 1 2 4 0 2 4 17 18 2 0 2 7 1 2 3 13 6 3 12 16 2 0 2 7 1 2 3 1 2 7 0 2 7 0 2 7 17 9 2 1 2 7 1 2 3 0 2 4 17 9 2 13 6 3 16 30 2 15 2 11 1 2 7 1 2 3 0 2 7 0 2 7 0 2 4 1 2 3 5 30 3 0 2 7 0 2 4 0 2 3 17 9 2 5 30 3 0 2 7 1 2 3 0 2 7 0 61.5146195888519287
0 2 4 5 31 3 12 16 2 17 9 2 12 16 2 0 2 3 16 6 2 6 2 7 5 31 3 1 2 4 0 2 7 0 2 7 1 2 4 0 2 4 1 2 7 13 6 3 1 2 7 1 2 7 0 2 4 0 2 4 1 2 7 1 2 4 1 2 7 0 2 4 13 6 3 0 2 7 12 16 2 5 31 3 17 18 2 12 16 2 0 2 7 1 2 7 0 2 7 17 18 2 0 2 7 0 2 7 0 2 7 1 2 7 0 2 7 17 9 2 0 2 7 0 2 7 17 9 2 1 2 7 1 2 7 1 2 7 0 2 7 1 2 7 0 2 4 1 2 7 1 2 7 0 2 7 0 2 7 0 2 7 0 2 4 0 2 4 1 2 7 5 30 3 17 18 2 0 2 4 0 60.2408736348152161
1 2 7 1 2 7 12 16 2 5 30 3 0 2 7 1 2 7 13 6 3 1 2 7 0 2 7 1 2 7 13 6 3 0 2 7 0 2 7 5 31 3 0 2 7 1 2 7 0 2 7 1 2 7 1 2 7 17 9 2 0 2 7 5 31 3 17 18 2 17 9 2 17 18 2 1 2 7 1 2 7 1 2 7 0 2 7 0 2 7 1 2 7 0 2 7 12 16 2 0 2 7 0 2 7 0 2 7 0 2 7 0 2 7 0 2 4 1 2 4 1 2 4 0 2 7 1 2 4 0 2 7 0 2 7 17 18 2 17 9 2 0 2 7 0 2 7 0 2 7 1 2 7 13 6 3 0 2 7 1 2 7 0 2 7 1 2 11 17 18 2 1 2 11 12 16 2 1 2 11 0 59.8851563930511475
1 2 7 1 2 7 12 16 2 5 30 3 5 30 3 0 2 4 0 2 7 13 6 3 1 2 7 0 2 7 1 2 7 13 6 3 0 2 7 0 2 7 5 31 3 0 2 7 1 2 7 1 2 7 1 2 7 1 2 7 17 9 2 0 2 7 5 31 3 17 18 2 17 9 2 17 18 2 1 2 7 0 2 7 1 2 7 0 2 7 0 2 7 1 2 7 0 2 7 12 16 2 0 2 4 0 2 7 0 2 7 0 2 7 0 2 7 0 2 7 0 2 7 0 2 7 0 2 7 0 2 7 17 18 2 17 9 2 1 2 7 13 6 3 1 2 7 17 9 2 5 30 3 1 2 4 1 2 4 1 2 7 1 2 7 1 2 7 0 2 4 0 2 7 0 2 7 0 2 7 0 59.940948486328125

Current Evaluation = 16200(16200)
Front Size = 10
0 2 7 1 2 7 12 16 2 5 31 3 0 2 7 0 2 7 13 6 3 1 2 7 1 2 7 1 2 7 13 6 3 0 2 7 0 2 7 1 2 7 5 31 3 0 2 7 1 2 7 1 2 4 1 2 7 1 2 7 17 9 2 0 2 7 1 2 7 17 18 2 17 9 2 17 18 2 1 2 7 1 2 7 0 2 7 0 2 7 0 2 7 12 16 2 1 2 7 0 2 7 1 2 7 0 2 7 0 2 7 0 2 7 1 2 7 1 2 4 0 2 7 0 2 7 0 2 7 1 2 7 13 6 3 17 18 2 5 31 3 0 2 7 12 16 2 16 6 2 12 16 2 0 2 7 0 2 7 0 2 7 0 2 7 0 2 7 1 2 7 1 2 4 0 2 7 17 9 2 0 59.7211945056915283
0 2 7 1 2 7 12 16 2 5 31 3 0 2 7 0 2 7 13 6 3 1 2 7 1 2 7 1 2 7 13 6 3 0 2 7 0 2 7 1 2 7 5 31 3 0 2 7 1 2 7 1 2 4 1 2 7 1 2 7 17 9 2 0 2 7 1 2 7 17 18 2 17 9 2 17 18 2 1 2 7 1 2 7 0 2 7 0 2 7 0 2 7 12 16 2 1 2 7 0 2 7 1 2 7 0 2 7 0 2 7 0 2 7 1 2 7 1 2 4 0 2 7 0 2 7 0 2 7 1 2 7 13 6 3 17 18 2 5 31 3 0 2 7 12 16 2 16 6 2 12 16 2 0 2 7 0 2 7 0 2 7 0 2 7 0 2 7 1 2 7 0 2 4 17 18 2 1 2 7 0 59.7211945056915283
0 2 7 1 2 7 12 16 2 5 31 3 0 2 7 0 2 7 0 2 4 13 6 3 1 2 7 1 2 7 1 2 7 13 6 3 0 2 7 0 2 7 1 2 7 5 31 3 0 2 7 1 2 7 1 2 7 1 2 7 1 2 7 17 9 2 0 2 7 1 2 7 17 18 2 17 9 2 17 18 2 1 2 7 1 2 7 0 2 7 0 2 7 0 2 7 0 2 7 0 2 4 12 16 2 0 2 7 0 2 7 1 2 7 0 2 7 0 2 7 0 2 7 1 2 7 1 2 7 0 2 7 0 2 7 0 2 7 1 2 7 0 2 4 1 2 7 13 6 3 17 18 2 5 31 3 0 2 7 12 16 2 1 2 7 1 2 7 16 6 2 17 18 2 12 16 2 0 2 7 0 59.7211945056915283
0 2 3 12 16 2 5 30 3 12 16 2 5 30 3 0 2 3 1 2 7 0 2 4 0 2 4 0 2 3 0 2 7 1 2 4 0 2 7 1 2 7 1 2 3 0 2 7 0 2 7 1 2 3 0 2 7 17 18 2 5 30 3 0 2 7 0 2 4 1 2 7 16 19 11 1 2 4 0 2 4 17 18 2 0 2 7 1 2 3 13 6 3 12 16 2 0 2 7 1 2 3 1 2 7 0 2 7 0 2 7 17 9 2 1 2 7 1 2 3 0 2 4 17 9 2 13 6 3 16 30 2 15 2 11 1 2 7 1 2 3 0 2 7 0 2 7 0 2 4 1 2 3 5 30 3 0 2 7 0 2 4 0 2 3 17 9 2 5 30 3 0 2 7 1 2 3 0 2 7 0 61.5146195888519287
0 2 7 1 2 7 12 16 2 5 30 3 12 16 2 0 2 7 1 2 7 13 6 3 0 2 7 0 2 4 1 2 7 13 6 3 0 2 7 0 2 4 0 2 7 5 30 3 0 2 4 1 2 7 0 2 7 1 2 7 1 2 7 17 9 2 0 2 7 5 31 3 17 18 2 17 9 2 17 9 2 17 18 2 1 2 7 1 2 7 0 2 7 0 2 7 0 2 7 0 2 7 0 2 7 12 16 2 0 2 7 0 2 7 1 2 7 0 2 7 0 2 7 1 2 7 1 2 7 1 2 7 1 2 7 1 2 7 0 2 4 1 2 7 1 2 7 1 2 7 17 9 2 17 18 2 1 2 4 5 31 3 0 2 4 13 6 3 0 2 7 0 2 4 1 2 7 0 2 7 0 59.7875515222549438
0 2 4 1 2 7 12 16 2 5 30 3 0 2 7 0 2 7 13 6 3 1 2 4 1 2 7 1 2 4 13 6 3 0 2 7 0 2 7 1 2 7 5 31 3 0 2 7 1 2 7 1 2 4 1 2 7 5 31 3 17 9 2 1 2 7 1 2 4 17 18 2 17 9 2 17 18 2 1 2 7 1 2 4 0 2 7 0 2 7 0 2 7 0 2 7 12 16 2 1 2 7 0 2 7 1 2 7 0 2 7 0 2 7 0 2 7 1 2 7 1 2 7 0 2 7 0 2 7 0 2 7 1 2 4 13 6 3 17 18 2 0 2 7 12 16 2 0 2 7 0 2 7 1 2 7 5 30 3 1 2 7 0 2 7 17 9 2 17 9 2 0 2 7 0 2 7 0 2 7 0 59.7875515222549438
0 2 7 1 2 7 12 16 2 5 30 3 12 16 2 0 2 7 1 2 7 13 6 3 0 2 7 0 2 4 1 2 7 13 6 3 0 2 7 0 2 7 5 30 3 1 2 7 0 2 7 1 2 7 1 2 7 17 9 2 0 2 7 5 31 3 17 18 2 17 9 2 17 9 2 17 18 2 1 2 7 1 2 7 0 2 7 0 2 7 0 2 7 0 2 7 0 2 7 0 2 7 0 2 7 1 2 7 0 2 7 0 2 7 1 2 7 1 2 7 1 2 7 1 2 7 1 2 7 17 9 2 17 18 2 1 2 4 5 31 3 13 6 3 0 2 7 0 2 7 0 2 4 0 2 4 12 16 2 0 2 7 1 2 7 1 2 7 1 2 4 0 2 4 1 2 4 0 2 7 0 59.7875515222549438
0 2 4 5 31 3 12 16 2 17 9 2 12 16 2 0 2 3 16 6 2 6 2 7 5 31 3 1 2 4 0 2 7 0 2 7 1 2 4 0 2 4 1 2 7 13 6 3 1 2 7 1 2 7 0 2 4 0 2 4 1 2 7 1 2 4 1 2 7 0 2 4 13 6 3 0 2 7 12 16 2 5 31 3 17 18 2 12 16 2 0 2 7 1 2 7 0 2 7 17 18 2 0 2 7 0 2 7 0 2 7 1 2 7 0 2 7 17 9 2 0 2 7 0 2 7 17 9 2 1 2 7 1 2 7 1 2 7 0 2 7 1 2 7 0 2 4 1 2 7 1 2 7 0 2 7 0 2 7 0 2 7 0 2 4 0 2 4 1 2 7 5 30 3 17 18 2 0 2 4 0 60.2408736348152161
1 2 7 0 2 7 12 16 2 5 31 3 0 2 7 1 2 4 13 6 3 0 2 7 0 2 7 0 2 7 13 6 3 0 2 7 0 2 7 0 2 4 12 16 2 0 2 7 17 9 2 1 2 7 17 18 2 17 9 2 17 18 2 1 2 4 1 2 7 1 2 7 12 16 2 0 2 7 0 2 7 0 2 7 0 2 7 0 2 7 0 2 4 1 2 7 1 2 7 17 9 2 12 16 2 16 30 2 0 2 7 1 2 4 5 31 3 0 2 4 1 2 4 0 2 7 1 2 4 0 2 7 0 2 7 1 2 7 0 2 7 17 18 2 0 2 7 1 2 7 0 2 7 0 2 7 5 30 3 1 2 7 1 2 7 0 2 4 1 2 4 5 31 3 1 2 4 1 2 4 0 60.1292036771774292
0 2 7 5 31 3 12 16 2 17 9 2 12 16 2 0 2 7 16 6 2 5 31 3 1 2 4 0 2 7 0 2 7 1 2 4 1 2 7 13 6 3 1 2 7 1 2 7 0 2 4 1 2 7 1 2 7 13 6 3 0 2 7 12 16 2 17 18 2 12 16 2 0 2 7 1 2 7 0 2 7 17 18 2 0 2 7 0 2 7 1 2 7 0 2 7 17 9 2 0 2 7 1 2 7 1 2 7 0 2 7 1 2 7 1 2 7 1 2 7 0 2 7 0 2 7 1 2 7 17 18 2 0 2 7 0 2 7 1 2 7 1 2 7 17 9 2 0 2 7 0 2 7 13 6 3 0 2 7 6 2 7 0 2 7 0 2 7 0 2 7 0 2 4 5 30 3 5 31 3 0 59.938682496547699

Current Evaluation = 17100(17100)
Front Size = 10
0 2 7 1 2 7 12 16 2 12 16 2 0 2 7 1 2 7 13 6 3 0 2 7 0 2 4 1 2 7 13 6 3 0 2 7 0 2 7 1 2 7 0 2 7 1 2 7 1 2 7 17 9 2 0 2 7 5 31 3 17 18 2 17 9 2 17 18 2 1 2 7 1 2 7 0 2 7 0 2 7 0 2 7 0 2 7 0 2 7 12 16 2 0 2 7 0 2 7 1 2 7 0 2 7 0 2 7 1 2 7 1 2 7 1 2 7 1 2 7 1 2 7 1 2 7 1 2 7 1 2 7 17 18 2 1 2 4 5 31 3 13 6 3 0 2 7 0 2 7 5 31 3 0 2 7 0 2 7 17 18 2 0 2 7 0 2 7 1 2 4 0 2 7 16 6 2 12 16 2 0 59.7211945056915283
0 2 7 1 2 7 12 16 2 5 31 3 0 2 7 0 2 7 13 6 3 1 2 7 1 2 7 1 2 7 13 6 3 0 2 7 0 2 7 1 2 7 5 31 3 0 2 7 1 2 7 1 2 7 1 2 7 17 9 2 0 2 7 1 2 7 17 18 2 17 9 2 17 18 2 1 2 7 1 2 7 0 2 7 0 2 7 0 2 4 12 16 2 1 2 7 0 2 7 1 2 7 0 2 7 0 2 7 0 2 7 1 2 7 0 2 7 0 2 7 0 2 7 1 2 7 13 6 3 17 18 2 5 31 3 0 2 7 12 16 2 16 6 2 12 16 2 0 2 7 0 2 7 0 2 7 1 2 7 0 2 4 1 2 7 1 2 7 0 2 4 0 2 7 1 2 7 17 18 2 0 59.7211945056915283
0 2 4 5 31 3 12 16 2 17 9 2 12 16 2 0 2 3 16 6 2 6 2 7 5 31 3 1 2 4 0 2 7 0 2 7 1 2 4 0 2 4 1 2 7 13 6 3 1 2 7 1 2 7 0 2 4 0 2 4 1 2 7 1 2 4 1 2 7 0 2 4 13 6 3 0 2 7 12 16 2 5 31 3 17 18 2 12 16 2 0 2 7 1 2 7 0 2 7 17 18 2 0 2 7 0 2 7 0 2 7 1 2 7 0 2 7 17 9 2 0 2 7 0 2 7 17 9 2 1 2 7 1 2 7 1 2 7 0 2 7 1 2 7 0 2 4 1 2 7 1 2 7 0 2 7 0 2 7 0 2 7 0 2 4 0 2 4 1 2 7 5 30 3 17 18 2 0 2 4 0 60.2408736348152161
0 2 4 1 2 7 12 16 2 5 30 3 0 2 7 0 2 7 13 6 3 1 2 4 1 2 7 1 2 4 13 6 3 0 2 7 0 2 7 1 2 7 5 31 3 0 2 7 1 2 7 1 2 4 1 2 7 5 31 3 17 9 2 1 2 7 1 2 4 17 18 2 17 9 2 17 18 2 1 2 7 1 2 4 0 2 7 0 2 7 0 2 7 0 2 7 12 16 2 1 2 7 0 2 7 1 2 7 0 2 7 0 2 7 0 2 7 1 2 7 1 2 7 0 2 7 0 2 7 0 2 7 1 2 4 13 6 3 17 18 2 0 2 7 12 16 2 0 2 7 0 2 7 1 2 7 5 30 3 1 2 7 0 2 7 17 9 2 17 9 2 0 2 7 0 2 7 0 2 7 0 59.7875515222549438
0 2 3 12 16 2 5 30 3 12 16 2 5 30 3 0 2 3 1 2 7 0 2 4 0 2 4 0 2 3 0 2 7 1 2 4 0 2 7 1 2 7 1 2 3 0 2 7 0 2 7 1 2 3 0 2 7 17 18 2 5 30 3 0 2 7 0 2 4 1 2 7 16 19 11 1 2 4 0 2 4 17 18 2 0 2 7 1 2 3 13 6 3 12 16 2 0 2 7 1 2 3 1 2 7 0 2 7 0 2 7 17 9 2 1 2 7 1 2 3 0 2 4 17 9 2 13 6 3 16 30 2 15 2 11 1 2 7 1 2 3 0 2 7 0 2 7 0 2 4 1 2 3 5 30 3 0 2 7 0 2 4 0 2 3 17 9 2 5 30 3 0 2 7 1 2 3 0 2 7 0 61.5146195888519287
0 2 7 1 2 4 12 16 2 5 30 3 12 16 2 0 2 3 1 2 7 5 30 3 0 2 7 15 2 11 1 2 7 13 6 3 0 2 7 0 2 4 0 2 7 5 31 3 0 2 7 0 2 3 1 2 4 1 2 7 0 2 7 17 9 2 1 2 7 17 18 2 17 9 2 17 9 2 17 18 2 0 2 7 1 2 7 0 2 4 1 2 7 0 2 7 12 16 2 0 2 4 1 2 7 1 2 3 0 2 4 1 2 7 0 2 3 0 2 4 1 2 7 0 2 7 0 2 7 0 2 7 13 6 3 0 2 7 1 2 7 1 2 4 0 2 3 16 6 2 1 2 7 1 2 7 0 2 3 0 2 4 1 2 3 0 2 4 1 2 4 17 18 2 0 2 11 5 30 3 0 60.7160696983337402
0 2 7 1 2 7 12 16 2 5 30 3 12 16 2 0 2 7 1 2 7 13 6 3 0 2 7 0 2 4 1 2 7 13 6 3 0 2 7 0 2 4 0 2 7 5 30 3 0 2 4 1 2 7 0 2 7 1 2 7 1 2 7 17 9 2 0 2 7 5 31 3 17 18 2 17 9 2 17 9 2 17 18 2 1 2 7 1 2 7 0 2 7 0 2 7 0 2 7 0 2 7 0 2 7 12 16 2 0 2 7 0 2 7 1 2 7 0 2 7 0 2 7 1 2 7 1 2 7 1 2 7 1 2 7 1 2 7 0 2 4 1 2 7 1 2 7 1 2 7 17 9 2 17 18 2 1 2 4 5 31 3 0 2 4 13 6 3 0 2 7 0 2 4 1 2 7 0 2 7 0 59.7875515222549438
1 2 7 1 2 4 12 16 2 5 30 3 12 16 2 5 31 3 0 2 7 17 9 2 1 2 7 1 2 7 1 2 7 13 6 3 16 19 11 1 2 7 0 2 7 5 30 3 0 2 7 0 2 7 1 2 7 0 2 7 1 2 7 17 9 2 0 2 4 17 18 2 17 9 2 17 1 2 17 18 2 0 2 4 1 2 7 0 2 7 0 2 7 0 2 7 12 16 2 1 2 7 0 2 7 0 2 7 0 2 7 0 2 7 8 9 2 0 2 7 5 30 3 1 2 7 1 2 7 6 2 7 0 2 7 0 2 7 0 2 7 0 2 7 0 2 7 0 2 7 0 2 7 0 2 7 0 2 7 0 2 7 0 2 7 5 30 3 13 6 3 5 30 3 0 2 7 5 30 3 0 61.1740131974220276
0 2 7 5 31 3 12 16 2 17 9 2 12 16 2 5 31 3 0 2 7 1 2 7 0 2 7 1 2 3 0 2 7 1 2 7 13 6 3 1 2 7 1 2 7 0 2 7 0 2 7 1 2 7 1 2 7 1 2 7 13 6 3 0 2 7 12 16 2 5 31 3 17 18 2 12 16 2 1 2 7 0 2 7 17 18 2 0 2 7 0 2 7 0 2 7 1 2 4 0 2 7 17 9 2 0 2 7 0 2 7 17 9 2 1 2 7 1 2 4 0 2 4 0 2 4 5 30 3 17 18 2 16 6 2 1 2 7 0 2 4 1 2 7 1 2 7 0 2 4 6 2 4 0 2 7 0 2 7 0 2 4 0 2 7 1 2 4 0 2 7 1 2 4 0 2 4 0 2 4 0 60.2408736348152161
0 2 4 1 2 7 12 16 2 5 30 3 0 2 7 0 2 7 13 6 3 1 2 4 1 2 7 13 6 3 0 2 7 0 2 7 1 2 7 5 31 3 0 2 7 1 2 7 1 2 7 5 31 3 17 9 2 1 2 7 17 18 2 17 9 2 17 18 2 1 2 7 0 2 7 0 2 7 0 2 7 0 2 7 12 16 2 1 2 7 0 2 7 1 2 7 0 2 7 0 2 7 0 2 7 1 2 7 1 2 7 0 2 7 0 2 7 0 2 7 13 6 3 17 18 2 0 2 7 12 16 2 0 2 7 1 2 7 5 30 3 1 2 7 17 9 2 17 9 2 1 2 4 1 2 4 1 2 7 0 2 7 1 2 4 0 2 4 0 2 7 0 2 7 1 2 7 0 2 4 0 59.7875515222549438

Current Evaluation = 18000(18000)
Front Size = 10
0 2 7 1 2 7 12 16 2 5 31 3 0 2 7 0 2 7 13 6 3 1 2 7 1 2 7 1 2 7 13 6 3 0 2 7 0 2 7 1 2 7 5 31 3 0 2 7 1 2 7 1 2 7 1 2 7 17 9 2 0 2 7 1 2 7 17 18 2 17 9 2 17 18 2 1 2 7 1 2 7 0 2 7 0 2 7 0 2 7 12 16 2 1 2 7 0 2 7 0 2 7 0 2 7 0 2 7 0 2 7 1 2 7 0 2 7 0 2 7 0 2 7 1 2 7 13 6 3 17 18 2 5 31 3 0 2 7 12 16 2 16 6 2 12 16 2 0 2 7 0 2 7 0 2 7 1 2 4 1 2 7 17 18 2 0 2 7 0 2 4 1 2 7 1 2 7 1 2 4 0 59.7211945056915283
0 2 7 1 2 7 12 16 2 5 31 3 0 2 7 0 2 7 13 6 3 1 2 7 1 2 7 1 2 7 13 6 3 0 2 7 0 2 7 1 2 7 5 31 3 0 2 7 1 2 7 1 2 7 1 2 7 17 9 2 0 2 7 1 2 7 17 18 2 17 9 2 17 18 2 1 2 7 1 2 7 0 2 7 0 2 7 0 2 7 12 16 2 1 2 7 0 2 7 1 2 7 0 2 7 0 2 7 0 2 7 1 2 7 0 2 7 0 2 7 0 2 7 1 2 7 13 6 3 17 18 2 5 31 3 0 2 7 12 16 2 16 6 2 12 16 2 0 2 7 0 2 7 0 2 7 1 2 7 1 2 7 17 18 2 0 2 4 0 2 4 1 2 7 1 2 7 0 2 4 0 59.7211945056915283
0 2 3 12 16 2 5 30 3 12 16 2 5 30 3 0 2 3 1 2 7 0 2 4 0 2 4 0 2 3 0 2 7 1 2 4 0 2 7 1 2 7 1 2 3 0 2 7 0 2 7 1 2 3 0 2 7 17 18 2 5 30 3 0 2 7 0 2 4 1 2 7 16 19 11 1 2 4 0 2 4 17 18 2 0 2 7 1 2 3 13 6 3 12 16 2 0 2 7 1 2 3 1 2 7 0 2 7 0 2 7 17 9 2 1 2 7 1 2 3 0 2 4 17 9 2 13 6 3 16 30 2 15 2 11 1 2 7 1 2 3 0 2 7 0 2 7 0 2 4 1 2 3 5 30 3 0 2 7 0 2 4 0 2 3 17 9 2 5 30 3 0 2 7 1 2 3 0 2 7 0 61.5146195888519287
0 2 4 5 31 3 12 16 2 17 9 2 12 16 2 0 2 3 16 6 2 6 2 7 5 31 3 1 2 4 0 2 7 0 2 7 1 2 4 0 2 4 1 2 7 13 6 3 1 2 7 1 2 7 0 2 4 0 2 4 1 2 7 1 2 4 1 2 7 0 2 4 13 6 3 0 2 7 12 16 2 5 31 3 17 18 2 12 16 2 0 2 7 1 2 7 0 2 7 17 18 2 0 2 7 0 2 7 0 2 7 1 2 7 0 2 7 17 9 2 0 2 7 0 2 7 17 9 2 1 2 7 1 2 7 1 2 7 0 2 7 1 2 7 0 2 4 1 2 7 1 2 7 0 2 7 0 2 7 0 2 7 0 2 4 0 2 4 1 2 7 5 30 3 17 18 2 0 2 4 0 60.2408736348152161
0 2 4 5 30 3 1 2 3 17 9 2 12 16 2 0 2 7 0 2 7 0 2 7 1 2 7 1 2 4 1 2 7 0 2 7 0 2 4 0 2 7 5 30 3 1 2 7 0 2 11 1 2 7 1 2 4 1 2 10 13 6 3 1 2 7 12 16 2 17 9 2 12 16 2 0 2 7 1 2 7 0 2 11 17 18 2 0 2 7 0 2 4 0 2 4 0 2 7 1 2 4 8 9 2 1 2 3 0 2 7 1 2 4 5 31 3 0 2 4 0 2 7 0 2 7 0 2 4 5 31 3 17 18 2 0 2 7 1 2 7 0 2 7 0 2 7 0 2 7 17 18 2 0 2 4 1 2 4 17 9 2 1 2 7 1 2 4 16 6 2 0 2 7 1 2 3 0 2 4 0 60.8451478481292725
0 2 7 1 2 7 12 16 2 12 16 2 0 2 7 0 2 7 1 2 7 13 6 3 0 2 7 0 2 7 0 2 7 5 31 3 6 2 7 1 2 7 0 2 7 17 9 2 1 2 4 17 18 2 17 9 2 17 18 2 0 2 7 1 2 7 0 2 7 1 2 7 0 2 11 12 16 2 12 16 2 0 2 7 0 2 7 0 2 4 0 2 7 1 2 7 13 6 3 0 2 4 0 2 4 16 24 2 1 2 7 1 2 7 17 18 2 5 30 3 0 2 7 5 31 3 0 2 7 6 2 4 1 2 4 0 2 7 1 2 7 0 2 7 1 2 7 0 2 3 13 6 3 1 2 4 12 16 2 0 2 4 0 2 7 0 2 7 17 18 2 5 30 3 1 2 7 5 30 3 0 60.4556765556335449
1 2 7 1 2 4 12 16 2 5 30 3 12 16 2 5 31 3 0 2 7 17 9 2 1 2 7 1 2 7 1 2 7 13 6 3 16 19 11 1 2 7 0 2 7 5 30 3 0 2 7 0 2 7 1 2 7 0 2 7 1 2 7 17 9 2 0 2 4 17 18 2 17 9 2 17 1 2 17 18 2 0 2 4 1 2 7 0 2 7 0 2 7 0 2 7 12 16 2 1 2 7 0 2 7 0 2 7 0 2 7 0 2 7 8 9 2 0 2 7 5 30 3 1 2 7 1 2 7 6 2 7 0 2 7 0 2 7 0 2 7 0 2 7 0 2 7 0 2 7 0 2 7 0 2 7 0 2 7 0 2 7 0 2 7 5 30 3 13 6 3 5 30 3 0 2 7 5 30 3 0 61.1740131974220276
0 2 4 1 2 4 12 16 2 5 30 3 0 2 7 0 2 7 13 6 3 6 2 7 1 2 3 1 2 7 13 6 3 0 2 7 0 2 7 1 2 7 0 2 7 1 2 4 1 2 7 1 2 7 16 15 2 0 2 7 1 2 3 17 18 2 17 9 2 17 18 2 1 2 7 5 31 3 0 2 3 0 2 4 0 2 7 12 16 2 0 2 7 0 2 7 0 2 7 0 2 7 1 2 7 0 2 7 0 2 7 0 2 7 12 16 2 0 2 7 0 2 7 0 2 3 0 2 7 0 2 7 5 30 3 8 9 2 0 2 7 1 2 7 17 9 2 0 2 7 17 18 2 5 30 3 16 6 2 12 16 2 1 2 7 1 2 4 8 18 2 1 2 7 5 30 3 0 2 7 0 60.9280694127082825
0 2 7 1 2 7 12 16 2 5 30 3 12 16 2 0 2 7 1 2 7 13 6 3 0 2 7 0 2 4 1 2 7 13 6 3 0 2 7 0 2 4 0 2 7 5 30 3 0 2 4 1 2 7 0 2 7 1 2 7 1 2 7 17 9 2 0 2 7 5 31 3 17 18 2 17 9 2 17 9 2 17 18 2 1 2 7 1 2 7 0 2 7 0 2 7 0 2 7 0 2 7 0 2 7 12 16 2 0 2 7 0 2 7 1 2 7 0 2 7 0 2 7 1 2 7 1 2 7 1 2 7 1 2 7 1 2 7 0 2 4 1 2 7 1 2 7 1 2 7 17 9 2 17 18 2 1 2 4 5 31 3 0 2 4 13 6 3 0 2 7 0 2 4 1 2 7 0 2 7 0 59.7875515222549438
0 2 4 1 2 7 12 16 2 5 30 3 0 2 7 0 2 7 13 6 3 1 2 4 1 2 7 1 2 4 13 6 3 0 2 7 0 2 7 1 2 7 5 31 3 0 2 7 1 2 7 1 2 4 1 2 7 5 31 3 17 9 2 1 2 7 17 18 2 17 9 2 17 18 2 1 2 7 0 2 7 0 2 4 0 2 7 0 2 7 12 16 2 1 2 7 0 2 7 1 2 7 0 2 7 0 2 7 0 2 7 1 2 7 1 2 7 0 2 7 0 2 7 0 2 7 13 6 3 17 18 2 0 2 7 12 16 2 0 2 7 0 2 7 1 2 7 5 30 3 1 2 7 0 2 7 17 9 2 1 2 4 1 2 4 1 2 7 17 9 2 0 2 7 0 2 7 0 2 7 0 59.7875515222549438

MonoObjective Genetic Algorithm
Number of Evaluations = 0
Mutation Probability = 0
Crossover Probability = 1
Population Size = 10
Survival Selection Type = 16

Time =  18038.5268030166626

Current Evaluation = 2040
Front Size = 10
0 2 7 1 2 7 12 16 2 5 31 3 0 2 7 0 2 7 13 6 3 1 2 7 1 2 7 1 2 7 13 6 3 0 2 7 0 2 7 1 2 7 5 31 3 0 2 7 1 2 7 1 2 7 1 2 7 17 9 2 0 2 7 1 2 7 17 18 2 17 9 2 17 18 2 1 2 7 1 2 7 0 2 7 0 2 7 0 2 7 12 16 2 1 2 7 0 2 7 0 2 7 0 2 7 0 2 7 0 2 7 1 2 7 0 2 7 0 2 7 0 2 7 1 2 7 13 6 3 17 18 2 5 31 3 0 2 7 12 16 2 16 6 2 12 16 2 0 2 7 0 2 7 0 2 7 1 2 4 1 2 7 17 18 2 0 2 7 0 2 4 1 2 7 1 2 7 1 2 4 0 59.7211945056915283
0 2 7 1 2 7 12 16 2 5 31 3 0 2 7 0 2 7 13 6 3 1 2 7 1 2 7 1 2 7 13 6 3 0 2 7 0 2 7 1 2 7 5 31 3 0 2 7 1 2 7 1 2 7 1 2 7 17 9 2 0 2 7 1 2 7 17 18 2 17 9 2 17 18 2 1 2 7 1 2 7 0 2 7 0 2 7 0 2 7 12 16 2 1 2 7 0 2 7 1 2 7 0 2 7 0 2 7 0 2 7 1 2 7 0 2 7 0 2 7 0 2 7 1 2 7 13 6 3 17 18 2 5 31 3 0 2 7 12 16 2 16 6 2 12 16 2 0 2 7 0 2 7 0 2 7 1 2 7 1 2 7 17 18 2 0 2 4 0 2 4 1 2 7 1 2 7 0 2 4 0 59.7211945056915283
0 2 3 12 16 2 5 30 3 12 16 2 5 30 3 0 2 3 1 2 7 0 2 4 0 2 4 0 2 3 0 2 7 1 2 4 0 2 7 1 2 7 1 2 3 0 2 7 0 2 7 1 2 3 0 2 7 17 18 2 5 30 3 0 2 7 0 2 4 1 2 7 16 19 11 1 2 4 0 2 4 17 18 2 0 2 7 1 2 3 13 6 3 12 16 2 0 2 7 1 2 3 1 2 7 0 2 7 0 2 7 17 9 2 1 2 7 1 2 3 0 2 4 17 9 2 13 6 3 16 30 2 15 2 11 1 2 7 1 2 3 0 2 7 0 2 7 0 2 4 1 2 3 5 30 3 0 2 7 0 2 4 0 2 3 17 9 2 5 30 3 0 2 7 1 2 3 0 2 7 0 61.5146195888519287
0 2 4 5 31 3 12 16 2 17 9 2 12 16 2 0 2 3 16 6 2 6 2 7 5 31 3 1 2 4 0 2 7 0 2 7 1 2 4 0 2 4 1 2 7 13 6 3 1 2 7 1 2 7 0 2 4 0 2 4 1 2 7 1 2 4 1 2 7 0 2 4 13 6 3 0 2 7 12 16 2 5 31 3 17 18 2 12 16 2 0 2 7 1 2 7 0 2 7 17 18 2 0 2 7 0 2 7 0 2 7 1 2 7 0 2 7 17 9 2 0 2 7 0 2 7 17 9 2 1 2 7 1 2 7 1 2 7 0 2 7 1 2 7 0 2 4 1 2 7 1 2 7 0 2 7 0 2 7 0 2 7 0 2 4 0 2 4 1 2 7 5 30 3 17 18 2 0 2 4 0 60.2408736348152161
0 2 4 5 30 3 1 2 3 17 9 2 12 16 2 0 2 7 0 2 7 0 2 7 1 2 7 1 2 4 1 2 7 0 2 7 0 2 4 0 2 7 5 30 3 1 2 7 0 2 11 1 2 7 1 2 4 1 2 10 13 6 3 1 2 7 12 16 2 17 9 2 12 16 2 0 2 7 1 2 7 0 2 11 17 18 2 0 2 7 0 2 4 0 2 4 0 2 7 1 2 4 8 9 2 1 2 3 0 2 7 1 2 4 5 31 3 0 2 4 0 2 7 0 2 7 0 2 4 5 31 3 17 18 2 0 2 7 1 2 7 0 2 7 0 2 7 0 2 7 17 18 2 0 2 4 1 2 4 17 9 2 1 2 7 1 2 4 16 6 2 0 2 7 1 2 3 0 2 4 0 60.8451478481292725
0 2 7 1 2 7 12 16 2 12 16 2 0 2 7 0 2 7 1 2 7 13 6 3 0 2 7 0 2 7 0 2 7 5 31 3 6 2 7 1 2 7 0 2 7 17 9 2 1 2 4 17 18 2 17 9 2 17 18 2 0 2 7 1 2 7 0 2 7 1 2 7 0 2 11 12 16 2 12 16 2 0 2 7 0 2 7 0 2 4 0 2 7 1 2 7 13 6 3 0 2 4 0 2 4 16 24 2 1 2 7 1 2 7 17 18 2 5 30 3 0 2 7 5 31 3 0 2 7 6 2 4 1 2 4 0 2 7 1 2 7 0 2 7 1 2 7 0 2 3 13 6 3 1 2 4 12 16 2 0 2 4 0 2 7 0 2 7 17 18 2 5 30 3 1 2 7 5 30 3 0 60.4556765556335449
1 2 7 1 2 4 12 16 2 5 30 3 12 16 2 5 31 3 0 2 7 17 9 2 1 2 7 1 2 7 1 2 7 13 6 3 16 19 11 1 2 7 0 2 7 5 30 3 0 2 7 0 2 7 1 2 7 0 2 7 1 2 7 17 9 2 0 2 4 17 18 2 17 9 2 17 1 2 17 18 2 0 2 4 1 2 7 0 2 7 0 2 7 0 2 7 12 16 2 1 2 7 0 2 7 0 2 7 0 2 7 0 2 7 8 9 2 0 2 7 5 30 3 1 2 7 1 2 7 6 2 7 0 2 7 0 2 7 0 2 7 0 2 7 0 2 7 0 2 7 0 2 7 0 2 7 0 2 7 0 2 7 0 2 7 5 30 3 13 6 3 5 30 3 0 2 7 5 30 3 0 61.1740131974220276
0 2 4 1 2 4 12 16 2 5 30 3 0 2 7 0 2 7 13 6 3 6 2 7 1 2 3 1 2 7 13 6 3 0 2 7 0 2 7 1 2 7 0 2 7 1 2 4 1 2 7 1 2 7 16 15 2 0 2 7 1 2 3 17 18 2 17 9 2 17 18 2 1 2 7 5 31 3 0 2 3 0 2 4 0 2 7 12 16 2 0 2 7 0 2 7 0 2 7 0 2 7 1 2 7 0 2 7 0 2 7 0 2 7 12 16 2 0 2 7 0 2 7 0 2 3 0 2 7 0 2 7 5 30 3 8 9 2 0 2 7 1 2 7 17 9 2 0 2 7 17 18 2 5 30 3 16 6 2 12 16 2 1 2 7 1 2 4 8 18 2 1 2 7 5 30 3 0 2 7 0 60.9280694127082825
0 2 7 1 2 7 12 16 2 5 30 3 12 16 2 0 2 7 1 2 7 13 6 3 0 2 7 0 2 4 1 2 7 13 6 3 0 2 7 0 2 4 0 2 7 5 30 3 0 2 4 1 2 7 0 2 7 1 2 7 1 2 7 17 9 2 0 2 7 5 31 3 17 18 2 17 9 2 17 9 2 17 18 2 1 2 7 1 2 7 0 2 7 0 2 7 0 2 7 0 2 7 0 2 7 12 16 2 0 2 7 0 2 7 1 2 7 0 2 7 0 2 7 1 2 7 1 2 7 1 2 7 1 2 7 1 2 7 0 2 4 1 2 7 1 2 7 1 2 7 17 9 2 17 18 2 1 2 4 5 31 3 0 2 4 13 6 3 0 2 7 0 2 4 1 2 7 0 2 7 0 59.7875515222549438
0 2 4 1 2 7 12 16 2 5 30 3 0 2 7 0 2 7 13 6 3 1 2 4 1 2 7 1 2 4 13 6 3 0 2 7 0 2 7 1 2 7 5 31 3 0 2 7 1 2 7 1 2 4 1 2 7 5 31 3 17 9 2 1 2 7 17 18 2 17 9 2 17 18 2 1 2 7 0 2 7 0 2 4 0 2 7 0 2 7 12 16 2 1 2 7 0 2 7 1 2 7 0 2 7 0 2 7 0 2 7 1 2 7 1 2 7 0 2 7 0 2 7 0 2 7 13 6 3 17 18 2 0 2 7 12 16 2 0 2 7 0 2 7 1 2 7 5 30 3 1 2 7 0 2 7 17 9 2 1 2 4 1 2 4 1 2 7 17 9 2 0 2 7 0 2 7 0 2 7 0 59.7875515222549438

