Current Evaluation = 900(900)
Front Size = 10
1 2 4 5 30 3 17 9 2 12 16 2 0 2 7 1 2 7 0 2 7 0 2 7 6 2 7 1 2 7 0 2 7 0 2 4 1 2 7 0 2 3 1 2 7 0 2 7 1 2 7 1 2 4 5 31 3 1 2 4 1 2 3 0 2 7 0 2 3 12 16 2 0 2 7 1 2 7 0 2 3 12 16 2 0 2 3 1 2 7 0 2 4 0 2 7 17 18 2 0 2 4 0 2 7 0 2 7 17 9 2 0 2 7 17 18 2 16 15 2 0 2 7 0 2 7 0 2 7 6 2 7 0 2 7 5 30 3 13 6 3 5 31 3 5 30 3 16 6 2 1 2 4 0 2 7 8 9 2 0 2 7 0 2 3 1 2 7 16 6 2 12 16 2 0 2 7 8 18 2 0 61.323041558265686
8 9 2 8 9 2 6 2 8 8 18 2 8 9 2 16 19 12 16 15 2 1 2 8 5 30 3 0 2 8 16 19 12 5 30 3 0 2 8 5 30 3 8 9 2 8 9 2 16 19 12 0 2 8 8 9 2 0 2 8 8 18 2 0 2 8 5 30 3 0 2 8 5 30 3 16 19 12 0 2 8 13 6 3 0 2 8 8 18 2 8 18 2 1 2 8 0 2 8 0 2 8 0 2 8 0 2 8 0 2 8 5 30 3 0 2 8 8 9 2 16 15 2 0 2 8 6 2 8 0 2 8 1 2 8 8 9 2 0 2 8 5 30 3 5 30 3 0 2 8 0 2 8 1 2 8 0 2 8 12 16 2 16 19 12 0 2 8 0 2 8 0 2 8 0 2 8 1 2 8 0.00723231408565940329 67.891992449760437
5 30 3 5 30 3 6 2 12 5 30 3 5 30 3 16 20 12 8 9 2 16 20 12 8 9 2 0 2 8 5 30 3 16 6 2 8 18 2 12 16 2 13 6 3 16 6 2 5 30 3 2 3 3 6 2 8 8 18 2 5 30 3 0 2 12 8 9 2 0 2 12 6 2 12 16 20 12 0 2 12 6 2 12 13 6 3 8 9 2 6 2 12 6 2 12 8 9 2 8 9 2 6 2 8 5 30 3 6 2 8 6 2 12 8 9 2 13 6 3 6 2 12 6 2 8 5 30 3 6 2 12 16 19 12 6 2 12 8 9 2 8 9 2 8 18 2 8 9 2 16 20 12 6 2 8 16 20 12 8 9 2 5 30 3 6 2 12 5 30 3 2 3 3 0 2 12 13 6 3 0.144209900395756735 62.9950064420700073
5 30 3 5 30 3 5 30 3 8 9 2 12 16 2 0 2 3 1 2 4 5 30 3 5 30 3 0 2 7 0 2 7 0 2 3 1 2 7 5 30 3 1 2 10 1 2 3 0 2 7 0 2 3 0 2 3 0 2 3 0 2 3 12 16 2 0 2 3 0 2 3 0 2 3 1 2 3 0 2 3 0 2 7 17 9 2 0 2 3 1 2 7 12 16 2 0 2 7 0 2 3 0 2 3 1 2 7 0 2 3 0 2 10 0 2 7 1 2 3 0 2 3 16 6 2 16 6 2 12 16 2 16 19 11 16 6 2 1 2 7 0 2 4 16 31 2 8 9 2 0 2 7 0 2 7 0 2 3 6 2 7 1 2 3 0 2 3 5 30 3 0 2 7 0 2 4 16 6 2 0 63.5365144610404968
5 30 3 8 9 2 12 16 2 8 9 2 5 30 3 0 2 8 5 31 3 13 6 3 0 2 8 8 9 2 0 2 7 0 2 7 0 2 8 16 15 2 0 2 7 0 2 7 1 2 7 0 2 8 1 2 8 1 2 7 6 2 8 0 2 7 0 2 7 16 19 12 0 2 7 0 2 8 0 2 7 0 2 8 0 2 8 1 2 7 1 2 7 0 2 7 0 2 7 1 2 8 5 30 3 0 2 7 5 30 3 0 2 7 0 2 7 0 2 8 8 9 2 0 2 7 8 18 2 5 31 3 5 30 3 5 31 3 0 2 8 5 31 3 8 9 2 16 19 12 1 2 8 0 2 8 0 2 8 8 18 2 6 2 8 12 16 2 16 6 2 0 2 8 5 30 3 12 16 2 0.0310359235642283585 66.0423624515533447
5 31 3 5 30 3 5 30 3 8 18 2 12 16 2 0 2 7 5 30 3 5 30 3 5 30 3 0 2 7 1 2 3 0 2 7 0 2 7 5 30 3 0 2 7 0 2 7 1 2 7 0 2 10 0 2 7 1 2 7 0 2 3 12 16 2 0 2 7 0 2 7 0 2 7 0 2 3 0 2 7 0 2 7 0 2 11 1 2 7 8 9 2 0 2 7 12 16 2 0 2 7 0 2 3 0 2 3 1 2 7 0 2 7 0 2 3 5 30 3 0 2 7 0 2 3 8 9 2 0 2 7 16 6 2 16 6 2 16 18 11 16 6 2 0 2 7 0 2 3 16 19 11 0 2 7 16 19 11 0 2 7 12 16 2 12 16 2 1 2 3 0 2 7 1 2 3 16 19 11 0 64.0742260813713074
5 30 3 5 30 3 5 30 3 8 9 2 12 16 2 0 2 11 5 31 3 5 30 3 5 30 3 0 2 8 1 2 3 0 2 7 0 2 7 5 30 3 1 2 3 0 2 8 0 2 3 0 2 3 0 2 8 0 2 8 0 2 8 0 2 11 0 2 8 0 2 3 0 2 8 0 2 3 5 30 3 0 2 3 16 15 2 16 6 2 16 6 2 0 2 7 0 2 8 0 2 7 16 6 2 0 2 11 12 16 2 0 2 12 0 2 8 0 2 3 16 19 11 8 18 2 0 2 3 0 2 7 0 2 7 1 2 8 0 2 3 0 2 3 12 16 2 0 2 7 16 18 8 1 2 3 0 2 7 0 2 8 0 2 7 5 30 3 0 2 3 0 2 3 0 2 3 16 19 11 0 66.413567066192627
17 9 2 5 30 3 5 30 3 5 30 3 8 9 2 12 16 2 1 2 7 5 30 3 5 30 3 5 30 3 0 2 7 0 2 7 0 2 7 0 2 7 16 31 2 5 30 3 1 2 7 0 2 7 0 2 7 1 2 3 1 2 7 0 2 7 0 2 7 16 15 2 12 16 2 0 2 3 17 9 2 1 2 7 1 2 7 0 2 7 16 15 2 0 2 7 15 2 11 0 2 3 0 2 7 6 2 7 1 2 7 8 9 2 0 2 7 0 2 7 0 2 3 0 2 7 0 2 7 0 2 7 0 2 7 0 2 7 8 9 2 0 2 4 1 2 7 16 30 2 0 2 7 1 2 7 0 2 7 1 2 7 0 2 7 17 18 2 0 2 7 1 2 7 0 2 7 0 2 7 0 61.8276993632316589
0 2 11 1 2 7 5 30 3 5 31 3 5 31 3 1 2 7 16 19 11 16 19 11 12 16 2 0 2 11 0 2 7 8 18 2 0 2 7 5 30 3 0 2 7 16 6 2 5 30 3 0 2 7 0 2 7 5 30 3 5 30 3 0 2 7 0 2 7 0 2 11 0 2 11 0 2 11 6 2 7 0 2 7 0 2 7 16 6 2 1 2 7 1 2 7 6 2 3 0 2 7 0 2 7 0 2 11 0 2 11 17 18 2 1 2 7 1 2 7 0 2 7 1 2 7 0 2 7 0 2 7 5 30 3 8 9 2 0 2 7 0 2 11 1 2 7 17 9 2 0 2 7 0 2 11 17 18 2 5 30 3 0 2 11 0 2 7 0 2 3 0 2 7 6 2 7 0 2 7 0 63.3840808868408203
1 2 7 5 31 3 5 30 3 8 9 2 12 16 2 1 2 4 0 2 7 0 2 7 0 2 7 0 2 7 6 2 7 0 2 7 0 2 7 0 2 7 1 2 7 0 2 7 1 2 7 1 2 7 0 2 4 0 2 7 0 2 7 1 2 4 0 2 7 0 2 7 0 2 7 0 2 7 12 16 2 1 2 7 1 2 7 0 2 7 0 2 7 0 2 4 12 16 2 0 2 7 0 2 7 0 2 7 0 2 7 17 18 2 0 2 7 0 2 7 0 2 7 8 9 2 5 31 3 0 2 7 5 31 3 16 6 2 5 31 3 16 6 2 12 16 2 16 6 2 0 2 7 0 2 7 5 30 3 16 31 2 16 19 11 12 16 2 16 6 2 1 2 7 1 2 7 12 16 2 0 61.8145832419395447

Current Evaluation = 1800(1800)
Front Size = 10
1 2 4 1 2 7 17 9 2 12 16 2 0 2 7 1 2 7 0 2 3 0 2 7 0 2 7 1 2 7 0 2 7 1 2 7 1 2 7 0 2 4 1 2 3 0 2 7 1 2 7 1 2 7 5 31 3 1 2 4 5 31 3 0 2 7 0 2 4 12 16 2 0 2 7 1 2 7 1 2 7 12 16 2 0 2 7 0 2 4 0 2 7 0 2 4 17 18 2 0 2 3 0 2 7 0 2 7 17 9 2 1 2 7 17 18 2 16 6 2 0 2 3 0 2 7 0 2 4 0 2 4 0 2 7 5 30 3 13 6 3 5 30 3 5 30 3 16 6 2 1 2 4 0 2 7 8 9 2 0 2 7 0 2 3 1 2 7 16 6 2 12 16 2 0 2 11 8 18 2 0 61.1873155832290649
8 9 2 8 9 2 6 2 8 8 18 2 8 9 2 16 19 12 16 15 2 1 2 8 5 30 3 0 2 8 16 19 12 5 30 3 0 2 8 5 30 3 8 9 2 8 9 2 16 19 12 0 2 8 8 9 2 0 2 8 8 18 2 0 2 8 5 30 3 0 2 8 5 30 3 16 19 12 0 2 8 13 6 3 0 2 8 8 18 2 8 18 2 1 2 8 0 2 8 0 2 8 0 2 8 0 2 8 0 2 8 5 30 3 0 2 8 8 9 2 16 15 2 0 2 8 6 2 8 0 2 8 1 2 8 8 9 2 0 2 8 5 30 3 5 30 3 0 2 8 0 2 8 1 2 8 0 2 8 12 16 2 16 19 12 0 2 8 0 2 8 0 2 8 0 2 8 1 2 8 0.00723231408565940329 67.891992449760437
6 2 7 5 31 3 5 31 3 5 31 3 0 2 7 12 16 2 0 2 7 16 19 11 1 2 11 5 30 3 1 2 7 16 31 2 5 30 3 0 2 7 0 2 7 5 30 3 5 30 3 0 2 7 1 2 7 0 2 7 0 2 7 0 2 7 0 2 7 1 2 7 0 2 7 0 2 7 0 2 7 0 2 7 5 30 3 17 9 2 0 2 7 17 9 2 0 2 7 0 2 11 1 2 7 0 2 7 5 30 3 1 2 11 0 2 7 0 2 7 16 30 2 0 2 7 13 6 3 0 2 7 17 18 2 6 2 11 0 2 7 1 2 7 0 2 7 17 9 2 0 2 7 0 2 7 1 2 7 6 2 7 1 2 7 1 2 7 0 2 7 0 2 11 0 2 7 0 2 7 0 62.0440244674682617
5 30 3 5 30 3 5 30 3 8 9 2 12 16 2 0 2 3 1 2 4 5 30 3 5 30 3 0 2 7 0 2 7 0 2 3 1 2 7 5 30 3 1 2 10 1 2 3 0 2 7 0 2 3 0 2 3 0 2 3 0 2 3 12 16 2 0 2 3 0 2 3 0 2 3 1 2 3 0 2 3 0 2 7 17 9 2 0 2 3 1 2 7 12 16 2 0 2 7 0 2 3 0 2 3 1 2 7 0 2 3 0 2 10 0 2 7 1 2 3 0 2 3 16 6 2 16 6 2 12 16 2 16 19 11 16 6 2 1 2 7 0 2 4 16 31 2 8 9 2 0 2 7 0 2 7 0 2 3 6 2 7 1 2 3 0 2 3 5 30 3 0 2 7 0 2 4 16 6 2 0 63.5365144610404968
5 30 3 5 30 3 6 2 12 5 30 3 5 30 3 16 20 12 8 9 2 16 20 12 8 9 2 0 2 8 5 30 3 16 6 2 8 18 2 12 16 2 13 6 3 16 6 2 5 30 3 2 3 3 6 2 8 8 18 2 5 30 3 0 2 12 8 9 2 0 2 12 6 2 12 16 20 12 0 2 12 6 2 12 13 6 3 8 9 2 6 2 12 6 2 12 8 9 2 8 9 2 6 2 8 5 30 3 6 2 8 6 2 12 8 9 2 13 6 3 6 2 12 6 2 8 5 30 3 6 2 12 16 19 12 6 2 12 8 9 2 8 9 2 8 18 2 8 9 2 16 20 12 6 2 8 16 20 12 8 9 2 5 30 3 6 2 12 5 30 3 2 3 3 0 2 12 13 6 3 0.144209900395756735 62.9950064420700073
5 30 3 5 30 3 5 30 3 12 16 2 5 30 3 5 30 3 5 30 3 16 19 11 5 31 3 0 2 7 0 2 11 0 2 7 8 18 2 6 2 11 6 2 11 0 2 7 0 2 7 0 2 7 0 2 3 0 2 7 0 2 7 16 6 2 12 16 2 0 2 11 0 2 3 0 2 7 0 2 3 0 2 7 5 30 3 1 2 11 0 2 7 0 2 7 1 2 7 16 19 11 0 2 7 0 2 7 5 30 3 1 2 7 17 9 2 0 2 7 0 2 3 1 2 11 0 2 11 1 2 11 0 2 3 0 2 3 16 19 11 0 2 7 0 2 3 8 18 2 6 2 11 1 2 7 0 2 11 0 2 3 17 18 2 0 2 7 0 2 7 16 6 2 0 2 7 0 2 7 0 64.3347623348236084
5 30 3 5 30 3 5 30 3 1 2 8 12 16 2 5 30 3 0 2 8 0 2 8 5 30 3 5 30 3 16 6 2 16 6 2 0 2 8 12 16 2 5 30 3 0 2 8 0 2 8 8 18 2 0 2 3 0 2 8 16 19 11 6 2 7 8 18 2 0 2 3 16 19 12 0 2 3 5 30 3 12 16 2 0 2 8 0 2 8 0 2 3 0 2 8 5 30 3 0 2 8 0 2 8 0 2 8 0 2 3 1 2 3 0 2 7 12 16 2 0 2 8 0 2 8 16 19 11 0 2 3 0 2 8 16 19 13 0 2 3 0 2 8 0 2 8 8 18 2 0 2 8 8 9 2 0 2 8 0 2 8 0 2 7 1 2 3 0 2 8 0 2 8 0 2 3 16 19 11 4.04536020403698295e-07 68.1382786631584167
5 30 3 5 30 3 5 30 3 8 9 2 12 16 2 5 31 3 1 2 3 0 2 7 5 30 3 5 30 3 16 6 2 16 6 2 1 2 8 0 2 7 12 16 2 16 19 11 5 30 3 0 2 3 0 2 11 0 2 7 6 2 8 0 2 7 0 2 7 1 2 3 0 2 3 0 2 8 1 2 7 0 2 3 0 2 3 0 2 3 0 2 3 0 2 3 0 2 7 0 2 7 0 2 7 0 2 7 0 2 7 16 19 11 0 2 7 5 30 3 0 2 7 0 2 8 16 19 11 0 2 3 0 2 3 0 2 7 0 2 7 0 2 8 0 2 8 12 16 2 0 2 7 0 2 8 0 2 3 16 19 12 0 2 8 0 2 3 0 2 7 8 9 2 16 19 11 5 30 3 0 65.9869005680084229
12 16 2 5 30 3 13 6 3 5 30 3 5 30 3 8 9 2 8 18 2 0 2 8 6 2 8 0 2 8 0 2 7 5 30 3 6 2 8 0 2 7 8 9 2 5 30 3 0 2 8 8 9 2 0 2 8 0 2 4 1 2 8 8 18 2 5 30 3 0 2 8 5 31 3 0 2 8 16 19 12 0 2 7 0 2 4 8 9 2 0 2 7 1 2 7 0 2 8 8 9 2 1 2 8 5 30 3 0 2 7 0 2 4 17 18 2 0 2 3 0 2 8 0 2 7 17 9 2 0 2 8 16 19 12 16 6 2 0 2 3 0 2 8 8 18 2 0 2 4 0 2 7 16 6 2 0 2 8 8 18 2 0 2 7 0 2 8 16 15 2 16 6 2 12 16 2 8 9 2 0.024794212775999025 64.8024145364761353
5 30 3 5 30 3 5 30 3 0 2 3 12 16 2 0 2 7 5 30 3 5 30 3 1 2 7 0 2 3 1 2 7 0 2 7 5 30 3 0 2 7 12 16 2 1 2 7 5 31 3 0 2 7 0 2 3 16 6 2 12 16 2 16 6 2 0 2 7 0 2 7 0 2 3 0 2 7 17 18 2 0 2 3 0 2 7 1 2 7 0 2 7 0 2 7 0 2 7 0 2 7 0 2 7 6 2 3 0 2 3 0 2 3 16 19 12 8 1 2 1 2 7 5 31 3 0 2 7 0 2 7 8 18 2 0 2 7 0 2 7 1 2 7 0 2 7 0 2 7 1 2 3 0 2 3 1 2 3 16 6 2 17 18 2 0 2 7 0 2 3 0 2 7 6 2 3 16 6 2 0 62.9887552261352539

Current Evaluation = 2700(2700)
Front Size = 10
5 30 3 5 30 3 0 2 7 12 16 2 1 2 4 0 2 7 1 2 3 0 2 4 0 2 7 0 2 7 5 30 3 0 2 7 1 2 7 0 2 3 0 2 7 1 2 7 1 2 3 0 2 7 1 2 7 0 2 7 1 2 7 0 2 7 17 9 2 16 30 2 17 9 2 1 2 7 1 2 7 1 2 7 13 6 3 17 18 2 0 2 7 1 2 7 1 2 7 0 2 7 13 6 3 5 31 3 17 1 2 0 2 7 1 2 7 17 18 2 0 2 7 1 2 7 5 31 3 0 2 7 0 2 7 17 9 2 1 2 7 0 2 7 6 2 7 12 16 2 1 2 3 0 2 7 0 2 7 12 16 2 0 2 7 0 2 7 0 2 3 0 2 7 0 2 7 0 2 7 0 60.6763185858726501
0 2 8 0 2 8 0 2 8 5 30 3 8 9 2 16 19 11 5 30 3 0 2 8 5 30 3 5 30 3 0 2 8 0 2 3 8 18 2 0 2 8 5 30 3 5 30 3 0 2 8 0 2 8 5 30 3 0 2 8 0 2 8 0 2 11 5 30 3 5 30 3 12 16 2 16 19 11 0 2 8 0 2 8 0 2 8 16 19 11 0 2 3 0 2 8 1 2 8 0 2 8 0 2 8 16 19 11 0 2 8 8 18 2 0 2 3 0 2 3 0 2 8 0 2 8 0 2 8 12 16 2 0 2 8 16 19 11 0 2 8 5 30 3 0 2 8 0 2 8 0 2 11 0 2 8 0 2 3 0 2 8 16 19 11 0 2 8 16 6 2 0 2 8 0 2 8 0 2 8 3.12390204021426187e-05 69.4872860908508301
5 30 3 12 16 2 5 30 3 5 31 3 5 30 3 5 30 3 5 30 3 5 30 3 0 2 3 0 2 7 16 19 11 1 2 8 0 2 11 0 2 7 0 2 7 0 2 7 0 2 3 0 2 8 0 2 7 0 2 8 0 2 7 0 2 8 0 2 11 0 2 7 0 2 7 0 2 11 0 2 7 5 30 3 0 2 8 0 2 7 0 2 7 0 2 8 0 2 7 16 19 11 0 2 11 0 2 8 16 19 11 16 19 12 17 9 2 0 2 7 0 2 7 0 2 7 0 2 11 0 2 8 0 2 7 5 30 3 16 19 11 0 2 8 0 2 11 16 19 11 0 2 7 0 2 7 5 31 3 0 2 8 1 2 8 0 2 11 0 2 3 0 2 7 0 2 3 0 2 7 0 66.8409249782562256
5 30 3 5 30 3 6 2 12 5 30 3 5 30 3 16 20 12 8 9 2 16 20 12 8 9 2 0 2 8 5 30 3 16 6 2 8 18 2 12 16 2 13 6 3 16 6 2 5 30 3 2 3 3 6 2 8 8 18 2 5 30 3 0 2 12 8 9 2 0 2 12 6 2 12 16 20 12 0 2 12 6 2 12 13 6 3 8 9 2 6 2 12 6 2 12 8 9 2 8 9 2 6 2 8 5 30 3 6 2 8 6 2 12 8 9 2 13 6 3 6 2 12 6 2 8 5 30 3 6 2 12 16 19 12 6 2 12 8 9 2 8 9 2 8 18 2 8 9 2 16 20 12 6 2 8 16 20 12 8 9 2 5 30 3 6 2 12 5 30 3 2 3 3 0 2 12 13 6 3 0.144209900395756735 62.9950064420700073
8 9 2 0 2 7 0 2 7 17 18 2 8 9 2 16 19 11 16 15 2 0 2 3 5 30 3 1 2 3 16 19 11 5 30 3 0 2 11 5 30 3 1 2 7 1 2 7 0 2 7 0 2 3 8 18 2 0 2 3 5 30 3 0 2 7 5 30 3 0 2 4 0 2 7 17 18 2 0 2 7 0 2 7 0 2 3 0 2 7 1 2 7 5 30 3 0 2 7 0 2 11 0 2 7 6 2 7 5 30 3 5 30 3 12 16 2 1 2 3 0 2 11 1 2 3 0 2 7 12 16 2 1 2 10 0 2 3 1 2 7 0 2 3 1 2 7 0 2 7 0 2 7 6 2 7 0 2 7 17 9 2 16 24 2 0 2 7 0 2 7 0 2 10 0 2 7 0 2 7 0 63.493012547492981
8 9 2 8 9 2 8 9 2 16 15 2 5 30 3 5 30 3 5 30 3 8 9 2 5 30 3 5 30 3 5 30 3 5 30 3 5 30 3 12 16 2 6 2 8 1 2 7 16 19 12 0 2 7 0 2 8 0 2 11 0 2 10 8 9 2 1 2 7 0 2 8 0 2 7 0 2 8 8 18 2 0 2 11 0 2 8 16 19 12 0 2 8 17 9 2 1 2 7 8 18 2 8 18 2 0 2 7 0 2 7 0 2 7 0 2 8 0 2 8 0 2 8 0 2 8 0 2 7 16 15 2 0 2 8 0 2 7 17 18 2 0 2 7 0 2 7 0 2 8 1 2 7 0 2 8 1 2 8 0 2 8 1 2 7 0 2 8 0 2 8 0 2 8 0 2 7 0 2 7 0.00169313514595140452 65.8896538019180298
5 30 3 0 2 7 5 30 3 12 16 2 5 31 3 0 2 7 5 30 3 0 2 7 5 30 3 0 2 7 8 18 2 1 2 7 16 19 11 16 19 11 0 2 7 1 2 7 0 2 7 0 2 11 17 9 2 0 2 7 6 2 7 16 19 11 0 2 7 17 9 2 0 2 7 0 2 7 0 2 7 0 2 7 0 2 7 0 2 7 12 16 2 0 2 7 8 18 2 1 2 7 1 2 11 0 2 7 0 2 7 1 2 7 1 2 7 0 2 7 0 2 7 0 2 7 0 2 3 0 2 7 0 2 7 5 30 3 12 16 2 0 2 7 0 2 4 16 19 11 16 19 11 0 2 7 5 30 3 0 2 7 0 2 7 1 2 7 0 2 7 5 30 3 1 2 7 8 9 2 0 63.6074839234352112
5 30 3 5 30 3 0 2 12 12 16 2 5 30 3 5 30 3 0 2 3 5 30 3 0 2 3 0 2 7 0 2 3 0 2 3 0 2 3 5 30 3 0 2 11 0 2 3 0 2 3 16 19 12 0 2 7 16 19 11 16 19 11 0 2 7 0 2 7 16 19 11 16 19 11 0 2 3 16 18 11 0 2 7 0 2 3 5 30 3 0 2 3 0 2 3 0 2 7 12 16 2 1 2 12 0 2 7 0 2 3 9 2 7 0 2 3 0 2 3 0 2 7 0 2 7 0 2 7 0 2 3 0 2 3 0 2 11 0 2 3 1 2 3 0 2 3 5 30 3 1 2 3 0 2 3 0 2 3 5 30 3 1 2 7 1 2 3 0 2 7 0 2 3 16 19 11 1 2 7 1.97629140494123427e-07 66.5892524123191833
5 30 3 5 30 3 5 30 3 0 2 3 12 16 2 0 2 3 12 16 2 0 2 8 0 2 8 1 2 7 1 2 7 0 2 7 1 2 7 1 2 7 0 2 8 1 2 7 0 2 8 5 30 3 5 30 3 1 2 7 0 2 8 0 2 7 17 18 2 0 2 8 0 2 11 1 2 3 0 2 7 16 19 11 17 9 2 13 6 3 0 2 8 16 19 11 0 2 8 1 2 8 0 2 7 1 2 3 16 19 11 5 31 3 8 18 2 12 16 2 0 2 3 0 2 7 0 2 8 0 2 7 1 2 7 0 2 7 0 2 8 5 30 3 0 2 7 0 2 7 1 2 3 0 2 7 0 2 7 0 2 7 16 19 11 1 2 7 16 6 2 0 2 8 0 2 8 0 2 8 6.56664481942518987e-05 64.973546028137207
8 9 2 8 9 2 6 2 8 8 18 2 8 9 2 16 19 12 16 15 2 1 2 8 5 30 3 0 2 8 16 19 12 5 30 3 0 2 8 5 30 3 8 9 2 8 9 2 16 19 12 0 2 8 8 9 2 0 2 8 8 18 2 0 2 8 5 30 3 0 2 8 5 30 3 16 19 12 0 2 8 13 6 3 0 2 8 8 18 2 8 18 2 1 2 8 0 2 8 0 2 8 0 2 8 0 2 8 0 2 8 5 30 3 0 2 8 8 9 2 16 15 2 0 2 8 6 2 8 0 2 8 1 2 8 8 9 2 0 2 8 5 30 3 5 30 3 0 2 8 0 2 8 1 2 8 0 2 8 12 16 2 16 19 12 0 2 8 0 2 8 0 2 8 0 2 8 1 2 8 0.00723231408565940329 67.891992449760437

Current Evaluation = 3600(3600)
Front Size = 10
5 30 3 5 30 3 0 2 7 12 16 2 1 2 7 0 2 7 1 2 3 0 2 4 0 2 4 0 2 3 5 30 3 0 2 4 1 2 7 0 2 4 0 2 7 1 2 7 1 2 10 0 2 7 1 2 7 0 2 7 1 2 7 1 2 7 17 9 2 16 30 2 17 9 2 1 2 7 1 2 3 1 2 7 13 6 3 17 18 2 0 2 7 1 2 7 1 2 7 0 2 4 13 6 3 5 31 3 17 9 2 1 2 7 0 2 4 17 18 2 0 2 7 1 2 4 5 31 3 0 2 7 0 2 7 17 9 2 1 2 4 0 2 7 0 2 7 12 16 2 1 2 4 0 2 4 0 2 7 12 16 2 0 2 7 0 2 7 0 2 4 0 2 7 0 2 7 0 2 7 0 60.5163216590881348
5 30 3 12 16 2 5 30 3 5 31 3 5 30 3 5 30 3 5 30 3 5 30 3 0 2 3 0 2 7 16 19 11 1 2 8 0 2 11 0 2 7 0 2 7 0 2 7 0 2 3 0 2 8 0 2 7 0 2 8 0 2 7 0 2 8 0 2 11 0 2 7 0 2 7 0 2 11 0 2 7 5 30 3 0 2 8 0 2 7 0 2 7 0 2 8 0 2 7 16 19 11 0 2 11 0 2 8 16 19 11 16 19 12 17 9 2 0 2 7 0 2 7 0 2 7 0 2 11 0 2 8 0 2 7 5 30 3 16 19 11 0 2 8 0 2 11 16 19 11 0 2 7 0 2 7 5 31 3 0 2 8 1 2 8 0 2 11 0 2 3 0 2 7 0 2 3 0 2 7 0 66.8409249782562256
8 9 2 8 9 2 6 2 8 8 18 2 8 9 2 16 19 12 16 15 2 1 2 8 5 30 3 0 2 8 16 19 12 5 30 3 0 2 8 5 30 3 8 9 2 8 9 2 16 19 12 0 2 8 8 9 2 0 2 8 8 18 2 0 2 8 5 30 3 0 2 8 5 30 3 16 19 12 0 2 8 13 6 3 0 2 8 8 18 2 8 18 2 1 2 8 0 2 8 0 2 8 0 2 8 0 2 8 0 2 8 5 30 3 0 2 8 8 9 2 16 15 2 0 2 8 6 2 8 0 2 8 1 2 8 8 9 2 0 2 8 5 30 3 5 30 3 0 2 8 0 2 8 1 2 8 0 2 8 12 16 2 16 19 12 0 2 8 0 2 8 0 2 8 0 2 8 1 2 8 0.00723231408565940329 67.891992449760437
5 30 3 5 30 3 5 30 3 0 2 3 12 16 2 12 16 2 0 2 7 1 2 3 0 2 8 0 2 4 16 19 11 0 2 8 1 2 7 0 2 8 8 18 2 0 2 7 0 2 4 5 30 3 0 2 8 0 2 8 12 16 2 17 9 2 0 2 7 0 2 11 0 2 4 5 30 3 1 2 10 0 2 8 0 2 8 17 18 2 16 19 11 0 2 3 0 2 8 1 2 8 1 2 7 1 2 7 16 19 11 0 2 4 1 2 7 13 6 3 0 2 7 0 2 7 0 2 7 0 2 8 0 2 8 16 19 11 0 2 8 5 31 3 0 2 8 0 2 8 0 2 7 0 2 8 0 2 3 0 2 8 16 30 2 0 2 7 13 6 3 0 2 8 0 2 8 0 2 8 0.00520382664638395845 65.2830955982208252
5 30 3 5 30 3 5 30 3 0 2 7 12 16 2 12 16 2 0 2 7 1 2 3 0 2 7 8 9 2 0 2 11 1 2 7 5 30 3 6 2 11 1 2 7 0 2 7 5 30 3 0 2 7 17 9 2 17 9 2 5 30 3 0 2 7 0 2 7 0 2 7 8 18 2 16 19 11 16 19 11 0 2 7 0 2 7 1 2 7 0 2 7 0 2 7 0 2 7 1 2 7 0 2 7 0 2 7 8 18 2 1 2 12 8 18 2 1 2 3 0 2 11 0 2 7 0 2 11 1 2 7 0 2 7 0 2 7 0 2 7 5 30 3 0 2 7 5 31 3 0 2 7 0 2 7 0 2 7 17 18 2 16 15 2 1 2 7 16 6 2 0 2 7 0 2 7 0 2 7 0 63.1235684156417847
17 9 2 0 2 7 17 9 2 16 15 2 5 30 3 5 30 3 5 30 3 8 9 2 5 30 3 5 30 3 12 16 2 0 2 7 5 30 3 12 16 2 0 2 3 5 31 3 16 9 11 1 2 7 0 2 7 0 2 7 0 2 3 0 2 7 0 2 7 0 2 7 0 2 7 0 2 4 0 2 7 1 2 7 1 2 7 1 2 7 1 2 7 17 9 2 0 2 3 8 18 2 17 18 2 0 2 10 0 2 3 1 2 7 1 2 7 0 2 10 0 2 7 0 2 4 6 2 7 16 15 2 1 2 7 0 2 7 8 18 2 0 2 4 1 2 7 1 2 7 0 2 7 6 2 7 0 2 7 0 2 7 0 2 7 1 2 7 0 2 7 0 2 7 0 2 7 0 2 7 0 62.2669574618339539
5 30 3 0 2 7 5 31 3 1 2 7 12 16 2 1 2 7 0 2 7 0 2 7 0 2 7 0 2 7 12 16 2 5 30 3 0 2 7 0 2 7 1 2 4 0 2 7 0 2 7 0 2 7 16 19 11 8 9 2 0 2 7 16 18 11 0 2 7 1 2 7 1 2 4 16 19 11 5 31 3 0 2 7 0 2 7 0 2 7 0 2 7 0 2 4 5 31 3 0 2 7 1 2 7 0 2 7 17 9 2 0 2 7 1 2 7 0 2 4 0 2 4 12 16 2 12 16 2 12 16 2 0 2 7 12 16 2 0 2 7 0 2 4 0 2 7 17 18 2 0 2 7 1 2 7 8 18 2 1 2 7 5 31 3 1 2 7 16 6 2 16 20 12 0 2 7 1 2 7 0 62.6672722697257996
5 30 3 5 30 3 6 2 12 5 30 3 5 30 3 16 20 12 8 9 2 16 20 12 8 9 2 0 2 8 5 30 3 16 6 2 8 18 2 12 16 2 13 6 3 16 6 2 5 30 3 2 3 3 6 2 8 8 18 2 5 30 3 0 2 12 8 9 2 0 2 12 6 2 12 16 20 12 0 2 12 6 2 12 13 6 3 8 9 2 6 2 12 6 2 12 8 9 2 8 9 2 6 2 8 5 30 3 6 2 8 6 2 12 8 9 2 13 6 3 6 2 12 6 2 8 5 30 3 6 2 12 16 19 12 6 2 12 8 9 2 8 9 2 8 18 2 8 9 2 16 20 12 6 2 8 16 20 12 8 9 2 5 30 3 6 2 12 5 30 3 2 3 3 0 2 12 13 6 3 0.144209900395756735 62.9950064420700073
5 30 3 12 16 2 5 30 3 5 30 3 5 30 3 5 30 3 5 31 3 0 2 3 0 2 7 5 30 3 8 9 2 0 2 3 0 2 3 16 9 8 12 16 2 0 2 7 1 2 3 0 2 3 1 2 3 1 2 7 0 2 7 0 2 7 12 16 2 16 19 11 0 2 3 1 2 7 0 2 7 0 2 7 0 2 7 0 2 7 16 19 11 16 30 2 0 2 3 0 2 7 16 19 11 0 2 3 0 2 4 1 2 3 0 2 7 0 2 7 0 2 7 0 2 7 0 2 7 0 2 3 16 18 11 0 2 3 5 30 3 0 2 7 0 2 3 0 2 7 1 2 7 12 16 2 0 2 7 0 2 3 6 2 3 0 2 7 0 2 3 1 2 7 16 19 11 1 2 3 0 64.8378011584281921
5 30 3 12 16 2 5 30 3 5 31 3 16 6 2 5 30 3 5 30 3 16 19 11 5 30 3 1 2 7 0 2 7 8 18 2 0 2 3 0 2 7 6 2 7 0 2 7 0 2 3 0 2 7 0 2 7 0 2 7 0 2 7 0 2 7 0 2 11 0 2 7 8 9 2 0 2 7 5 30 3 1 2 7 0 2 3 0 2 7 5 31 3 0 2 7 0 2 7 0 2 7 0 2 7 0 2 4 8 9 2 16 19 12 0 2 7 1 2 8 0 2 3 0 2 7 1 2 7 0 2 7 1 2 11 12 16 2 17 18 2 0 2 7 16 19 11 1 2 3 16 6 2 0 2 7 12 16 2 6 2 7 0 2 7 12 16 2 16 6 2 0 2 3 1 2 7 0 2 3 0 63.6639631986618042

Current Evaluation = 4500(4500)
Front Size = 10
5 30 3 5 30 3 1 2 7 12 16 2 1 2 7 0 2 7 1 2 3 0 2 7 0 2 7 0 2 3 5 30 3 0 2 4 1 2 7 0 2 4 0 2 3 1 2 7 1 2 7 0 2 7 1 2 4 0 2 7 1 2 7 1 2 7 17 9 2 16 30 2 17 9 2 1 2 7 1 2 3 1 2 7 13 6 3 17 18 2 0 2 7 1 2 7 1 2 7 0 2 4 13 6 3 5 31 3 17 9 2 1 2 7 0 2 4 17 18 2 0 2 7 1 2 3 5 31 3 0 2 7 0 2 7 17 9 2 1 2 7 0 2 7 0 2 7 0 2 4 1 2 7 0 2 7 0 2 7 1 2 7 0 2 7 0 2 7 0 2 7 0 2 7 0 2 7 0 2 7 0 60.3256217241287231
5 30 3 0 2 3 5 31 3 12 16 2 12 16 2 1 2 11 1 2 7 16 9 11 1 2 7 0 2 3 5 30 3 17 9 2 0 2 4 1 2 7 0 2 3 17 18 2 0 2 7 0 2 4 1 2 7 0 2 3 0 2 7 0 2 3 1 2 7 0 2 7 5 30 3 0 2 7 0 2 7 17 18 2 1 2 7 1 2 7 0 2 7 13 6 3 1 2 7 0 2 3 1 2 4 0 2 3 0 2 7 0 2 7 16 30 2 0 2 7 1 2 7 0 2 3 5 31 3 0 2 3 0 2 7 0 2 7 17 9 2 1 2 7 1 2 7 1 2 7 0 2 3 0 2 7 0 2 4 1 2 4 0 2 3 16 30 2 1 2 4 0 2 3 1 2 7 1 2 7 0 61.5340208411216736
5 30 3 0 2 7 12 16 2 0 2 3 0 2 3 0 2 7 1 2 3 0 2 3 1 2 7 0 2 3 0 2 3 1 2 7 0 2 3 5 30 3 0 2 3 8 18 2 0 2 7 5 30 3 12 16 2 1 2 7 1 2 7 12 16 2 12 16 2 0 2 3 16 9 12 16 19 11 0 2 7 1 2 3 0 2 3 1 2 7 0 2 7 0 2 7 15 2 11 0 2 7 16 6 2 5 30 3 0 2 3 5 30 3 5 30 3 16 9 11 0 2 3 0 2 7 0 2 3 0 2 7 0 2 7 16 19 11 0 2 3 0 2 7 16 6 2 8 9 2 0 2 3 0 2 3 16 19 11 0 2 7 5 30 3 5 30 3 0 2 7 0 2 7 0 2 7 1 2 3 0 64.7136061787605286
5 30 3 12 16 2 0 2 7 0 2 7 0 2 7 1 2 10 0 2 11 5 30 3 12 16 2 1 2 7 0 2 7 0 2 7 0 2 7 0 2 7 0 2 7 5 30 3 5 30 3 0 2 7 0 2 7 0 2 7 5 31 3 0 2 7 0 2 11 1 2 4 0 2 7 0 2 7 0 2 7 17 9 2 0 2 10 0 2 7 1 2 7 17 18 2 0 2 7 17 18 2 16 6 2 5 31 3 6 2 4 1 2 7 13 6 3 17 18 2 15 2 11 1 2 7 1 2 7 0 2 7 0 2 7 0 2 7 0 2 7 0 2 7 12 16 2 16 30 2 5 30 3 16 30 2 0 2 11 1 2 7 0 2 7 1 2 7 1 2 7 1 2 7 5 31 3 0 2 7 0 61.749859631061554
5 30 3 5 30 3 5 30 3 0 2 3 12 16 2 12 16 2 0 2 7 1 2 3 0 2 8 0 2 4 16 19 11 0 2 8 1 2 7 0 2 8 8 18 2 0 2 7 0 2 4 5 30 3 0 2 8 0 2 8 12 16 2 17 9 2 0 2 7 0 2 11 0 2 4 5 30 3 1 2 10 0 2 8 0 2 8 17 18 2 16 19 11 0 2 3 0 2 8 1 2 8 1 2 7 1 2 7 16 19 11 0 2 4 1 2 7 13 6 3 0 2 7 0 2 7 0 2 7 0 2 8 0 2 8 16 19 11 0 2 8 5 31 3 0 2 8 0 2 8 0 2 7 0 2 8 0 2 3 0 2 8 16 30 2 0 2 7 13 6 3 0 2 8 0 2 8 0 2 8 0.00520382664638395845 65.2830955982208252
5 30 3 12 16 2 0 2 7 5 30 3 5 30 3 0 2 7 0 2 3 0 2 7 0 2 7 1 2 3 1 2 7 0 2 7 0 2 7 1 2 11 0 2 7 0 2 7 1 2 7 0 2 7 0 2 7 17 9 2 5 30 3 1 2 7 0 2 7 0 2 7 0 2 7 5 30 3 16 18 11 0 2 3 0 2 3 0 2 7 0 2 7 1 2 3 0 2 7 17 18 2 5 30 3 0 2 7 0 2 7 16 31 2 0 2 7 0 2 11 16 19 11 1 2 7 1 2 7 8 9 2 1 2 7 0 2 7 0 2 11 0 2 3 5 30 3 16 19 11 13 6 3 1 2 3 17 9 2 12 16 2 0 2 7 1 2 7 0 2 7 1 2 3 0 2 7 1 2 3 0 62.8035263419151306
5 30 3 12 16 2 5 30 3 5 31 3 5 30 3 5 30 3 5 30 3 5 30 3 0 2 3 0 2 7 16 19 11 1 2 8 0 2 11 0 2 7 0 2 7 0 2 7 0 2 3 0 2 8 0 2 7 0 2 8 0 2 7 0 2 8 0 2 11 0 2 7 0 2 7 0 2 11 0 2 7 5 30 3 0 2 8 0 2 7 0 2 7 0 2 8 0 2 7 16 19 11 0 2 11 0 2 8 16 19 11 16 19 12 17 9 2 0 2 7 0 2 7 0 2 7 0 2 11 0 2 8 0 2 7 5 30 3 16 19 11 0 2 8 0 2 11 16 19 11 0 2 7 0 2 7 5 31 3 0 2 8 1 2 8 0 2 11 0 2 3 0 2 7 0 2 3 0 2 7 0 66.8409249782562256
5 30 3 0 2 11 12 16 2 8 18 2 0 2 3 1 2 7 1 2 7 1 2 11 8 18 2 0 2 7 5 31 3 12 16 2 1 2 7 0 2 7 12 16 2 0 2 4 1 2 11 1 2 7 0 2 7 0 2 7 5 30 3 5 30 3 0 2 7 0 2 7 0 2 7 0 2 7 8 9 2 0 2 7 0 2 7 0 2 7 0 2 4 0 2 4 0 2 7 0 2 7 17 9 2 0 2 7 0 2 11 0 2 7 12 16 2 1 2 7 16 6 2 5 30 3 1 2 7 1 2 7 17 18 2 0 2 11 0 2 4 1 2 4 17 18 2 0 2 7 0 2 7 16 6 2 0 2 11 16 30 2 0 2 7 0 2 1 16 19 11 5 31 3 1 2 7 1 2 7 0 62.5047405958175659
5 30 3 0 2 3 5 31 3 12 16 2 12 16 2 1 2 7 1 2 7 0 2 11 5 30 3 8 9 2 0 2 7 1 2 7 0 2 7 17 9 2 0 2 3 0 2 7 1 2 7 0 2 7 0 2 7 5 30 3 0 2 3 0 2 3 16 18 11 16 9 11 0 2 4 0 2 7 16 15 2 0 2 7 0 2 7 5 30 3 12 16 2 0 2 7 0 2 7 17 18 2 0 2 3 0 2 7 0 2 3 8 18 2 1 2 7 1 2 7 0 2 3 1 2 7 0 2 7 5 30 3 0 2 3 0 2 7 0 2 7 1 2 7 1 2 7 0 2 3 1 2 7 0 2 3 0 2 7 16 19 11 0 2 7 0 2 7 1 2 7 0 2 7 16 19 11 1 2 7 0 63.3730204105377197
5 30 3 5 30 3 6 2 12 5 30 3 5 30 3 16 20 12 8 9 2 16 20 12 8 9 2 0 2 8 5 30 3 16 6 2 8 18 2 12 16 2 13 6 3 16 6 2 5 30 3 2 3 3 6 2 8 8 18 2 5 30 3 0 2 12 8 9 2 0 2 12 6 2 12 16 20 12 0 2 12 6 2 12 13 6 3 8 9 2 6 2 12 6 2 12 8 9 2 8 9 2 6 2 8 5 30 3 6 2 8 6 2 12 8 9 2 13 6 3 6 2 12 6 2 8 5 30 3 6 2 12 16 19 12 6 2 12 8 9 2 8 9 2 8 18 2 8 9 2 16 20 12 6 2 8 16 20 12 8 9 2 5 30 3 6 2 12 5 30 3 2 3 3 0 2 12 13 6 3 0.144209900395756735 62.9950064420700073

Current Evaluation = 5400(5400)
Front Size = 10
5 30 3 5 30 3 1 2 7 12 16 2 1 2 7 0 2 7 0 2 7 0 2 7 0 2 7 0 2 7 5 30 3 0 2 4 1 2 7 0 2 7 0 2 7 1 2 7 1 2 7 0 2 7 1 2 7 0 2 7 1 2 7 0 2 7 17 9 2 16 31 2 17 9 2 1 2 7 1 2 7 1 2 7 13 6 3 17 18 2 0 2 7 1 2 7 1 2 7 0 2 7 13 6 3 5 31 3 17 9 2 1 2 4 0 2 7 17 18 2 0 2 7 1 2 7 5 31 3 0 2 7 0 2 7 17 9 2 1 2 7 0 2 7 0 2 7 0 2 7 1 2 7 0 2 7 0 2 7 1 2 4 0 2 7 0 2 7 0 2 7 0 2 7 1 2 7 1 2 7 0 59.9859005212783813
0 2 4 12 16 2 1 2 11 5 30 3 0 2 4 5 30 3 0 2 11 1 2 7 1 2 7 17 18 2 0 2 7 1 2 4 0 2 7 0 2 11 0 2 4 1 2 7 13 6 3 1 2 4 0 2 7 1 2 7 0 2 7 1 2 7 0 2 11 0 2 11 0 2 7 0 2 7 1 2 11 13 6 3 5 30 3 0 2 11 0 2 7 0 2 7 17 18 2 1 2 7 17 18 2 0 2 7 0 2 11 0 2 11 0 2 7 1 2 7 0 2 7 0 2 7 0 2 7 0 2 7 17 9 2 1 2 7 17 9 2 17 9 2 1 2 4 5 30 3 8 18 2 8 9 2 0 2 7 1 2 7 12 16 2 5 30 3 16 19 11 0 2 7 12 16 2 5 30 3 0 61.868195652961731
5 30 3 12 16 2 5 30 3 5 30 3 5 30 3 5 30 3 5 30 3 0 2 3 0 2 3 16 19 12 0 2 3 0 2 13 1 2 3 0 2 3 1 2 3 0 2 3 0 2 7 0 2 8 0 2 7 0 2 3 0 2 7 5 30 3 6 2 7 0 2 3 0 2 7 16 19 12 17 9 2 0 2 7 0 2 7 0 2 7 0 2 7 1 2 7 0 2 3 0 2 7 16 19 12 0 2 3 0 2 7 5 31 3 0 2 7 0 2 7 0 2 8 0 2 7 0 2 7 0 2 3 0 2 12 0 2 7 5 30 3 16 19 11 0 2 3 1 2 3 1 2 3 0 2 3 16 19 11 0 2 3 0 2 8 16 19 12 0 2 7 8 18 2 1 2 7 0 2 3 0 65.9621887803077698
5 30 3 5 30 3 6 2 12 5 30 3 5 30 3 16 20 12 8 9 2 16 20 12 8 9 2 0 2 8 5 30 3 16 6 2 8 18 2 12 16 2 13 6 3 16 6 2 5 30 3 2 3 3 6 2 8 8 18 2 5 30 3 0 2 12 8 9 2 0 2 12 6 2 12 16 20 12 0 2 12 6 2 12 13 6 3 8 9 2 6 2 12 6 2 12 8 9 2 8 9 2 6 2 8 5 30 3 6 2 8 6 2 12 8 9 2 13 6 3 6 2 12 6 2 8 5 30 3 6 2 12 16 19 12 6 2 12 8 9 2 8 9 2 8 18 2 8 9 2 16 20 12 6 2 8 16 20 12 8 9 2 5 30 3 6 2 12 5 30 3 2 3 3 0 2 12 13 6 3 0.144209900395756735 62.9950064420700073
5 30 3 0 2 3 5 31 3 12 16 2 12 16 2 1 2 11 1 2 7 16 9 11 1 2 7 0 2 3 5 30 3 17 9 2 0 2 4 1 2 7 0 2 3 17 18 2 0 2 7 0 2 4 1 2 7 0 2 3 0 2 7 0 2 3 1 2 7 0 2 7 5 30 3 0 2 7 0 2 7 17 18 2 1 2 7 1 2 7 0 2 7 13 6 3 1 2 7 0 2 3 1 2 4 0 2 3 0 2 7 0 2 7 16 30 2 0 2 7 1 2 7 0 2 3 5 31 3 0 2 3 0 2 7 0 2 7 17 9 2 1 2 7 1 2 7 1 2 7 0 2 3 0 2 7 0 2 4 1 2 4 0 2 3 16 30 2 1 2 4 0 2 3 1 2 7 1 2 7 0 61.5340208411216736
5 30 3 12 16 2 5 30 3 5 31 3 5 30 3 5 30 3 5 30 3 5 30 3 0 2 3 0 2 7 16 19 11 1 2 8 0 2 11 0 2 7 0 2 7 0 2 7 0 2 3 0 2 8 0 2 7 0 2 8 0 2 7 0 2 8 0 2 11 0 2 7 0 2 7 0 2 11 0 2 7 5 30 3 0 2 8 0 2 7 0 2 7 0 2 8 0 2 7 16 19 11 0 2 11 0 2 8 16 19 11 16 19 12 17 9 2 0 2 7 0 2 7 0 2 7 0 2 11 0 2 8 0 2 7 5 30 3 16 19 11 0 2 8 0 2 11 16 19 11 0 2 7 0 2 7 5 31 3 0 2 8 1 2 8 0 2 11 0 2 3 0 2 7 0 2 3 0 2 7 0 66.8409249782562256
5 30 3 12 16 2 0 2 7 5 30 3 0 2 3 0 2 3 1 2 7 5 30 3 5 30 3 0 2 7 0 2 7 0 2 7 6 2 7 6 2 7 17 18 2 1 2 7 1 2 7 0 2 7 0 2 7 0 2 3 0 2 3 1 2 7 0 2 7 5 30 3 13 6 3 12 16 2 0 2 7 0 2 7 0 2 7 0 2 7 0 2 7 0 2 7 0 2 7 0 2 7 1 2 7 0 2 7 0 2 7 1 2 7 0 2 7 1 2 7 1 2 7 5 30 3 17 18 2 8 9 2 17 18 2 0 2 7 8 9 2 5 30 3 17 9 2 12 16 2 0 2 4 5 30 3 16 19 11 13 6 3 0 2 7 0 2 3 0 2 7 16 19 11 16 15 2 1 2 7 0 62.2183310985565186
5 30 3 12 16 2 0 2 7 0 2 7 0 2 7 1 2 10 0 2 11 5 30 3 12 16 2 1 2 7 0 2 7 0 2 7 0 2 7 0 2 7 0 2 7 5 30 3 5 30 3 0 2 7 0 2 7 0 2 7 5 31 3 0 2 7 0 2 11 1 2 4 0 2 7 0 2 7 0 2 7 17 9 2 0 2 10 0 2 7 1 2 7 17 18 2 0 2 7 17 18 2 16 6 2 5 31 3 6 2 4 1 2 7 13 6 3 17 18 2 15 2 11 1 2 7 1 2 7 0 2 7 0 2 7 0 2 7 0 2 7 0 2 7 12 16 2 16 30 2 5 30 3 16 30 2 0 2 11 1 2 7 0 2 7 1 2 7 1 2 7 1 2 7 5 31 3 0 2 7 0 61.749859631061554
5 30 3 5 31 3 0 2 7 12 16 2 1 2 7 0 2 3 0 2 7 1 2 7 0 2 3 1 2 3 16 31 2 0 2 3 0 2 7 0 2 4 0 2 7 0 2 11 17 9 2 0 2 7 0 2 7 5 31 3 0 2 7 0 2 7 1 2 7 0 2 7 1 2 3 6 2 7 0 2 3 16 19 11 0 2 7 1 2 11 5 30 3 0 2 4 5 30 3 1 2 7 16 9 11 0 2 3 17 18 2 0 2 3 1 2 7 16 18 11 0 2 7 1 2 7 17 18 2 1 2 7 1 2 3 0 2 7 1 2 3 0 2 7 0 2 7 0 2 7 1 2 7 0 2 7 0 2 7 5 30 3 0 2 7 1 2 7 0 2 7 0 2 7 1 2 7 1 2 7 0 62.5344336628913879
5 30 3 5 30 3 1 2 7 12 16 2 1 2 7 0 2 7 0 2 7 0 2 7 0 2 7 0 2 7 5 30 3 0 2 4 1 2 7 0 2 7 0 2 7 1 2 7 0 2 7 17 9 2 13 6 3 17 18 2 13 6 3 5 31 3 0 2 8 1 2 7 1 2 10 1 2 7 0 2 7 16 31 2 17 9 2 12 16 2 0 2 3 1 2 7 0 2 7 1 2 7 1 2 7 0 2 7 0 2 8 0 2 8 12 16 2 0 2 8 0 2 7 8 18 2 5 31 3 0 2 7 0 2 4 17 9 2 1 2 7 0 2 8 0 2 7 0 2 7 0 2 4 0 2 7 0 2 7 1 2 4 0 2 8 0 2 7 0 2 3 16 19 11 0 2 8 1 2 7 0.000971960130548391553 62.3360739946365356

Current Evaluation = 6300(6300)
Front Size = 10
5 30 3 5 30 3 1 2 7 12 16 2 1 2 7 0 2 7 0 2 7 0 2 7 0 2 7 0 2 7 5 30 3 0 2 4 1 2 7 0 2 7 0 2 7 1 2 7 1 2 7 0 2 7 1 2 7 0 2 7 1 2 7 0 2 7 17 9 2 16 31 2 17 9 2 1 2 7 1 2 7 1 2 7 13 6 3 17 18 2 0 2 7 1 2 7 1 2 7 0 2 7 13 6 3 5 31 3 17 9 2 1 2 4 0 2 7 17 18 2 0 2 7 1 2 7 5 31 3 0 2 7 0 2 7 17 9 2 1 2 7 0 2 7 0 2 7 0 2 7 1 2 7 0 2 7 0 2 7 1 2 4 0 2 7 0 2 7 0 2 7 0 2 7 1 2 7 1 2 7 0 59.9859005212783813
5 30 3 12 16 2 5 31 3 5 30 3 5 30 3 5 30 3 12 16 2 0 2 7 0 2 3 16 9 11 1 2 7 0 2 7 1 2 7 0 2 7 1 2 3 0 2 7 0 2 7 0 2 7 0 2 3 0 2 7 0 2 7 0 2 7 0 2 7 5 30 3 6 2 7 0 2 7 16 19 11 0 2 7 0 2 7 0 2 7 5 30 3 16 9 11 0 2 7 16 19 11 1 2 7 1 2 3 0 2 3 1 2 3 17 18 2 1 2 7 0 2 7 0 2 3 0 2 7 0 2 3 0 2 7 0 2 7 1 2 3 0 2 7 0 2 3 8 9 2 12 16 2 0 2 7 12 16 2 8 18 2 0 2 3 0 2 3 0 2 7 16 15 2 16 19 11 1 2 7 0 64.1113172173500061
5 30 3 5 30 3 6 2 12 5 30 3 5 30 3 16 20 12 8 9 2 16 20 12 8 9 2 0 2 8 5 30 3 16 6 2 8 18 2 12 16 2 13 6 3 16 6 2 5 30 3 2 3 3 6 2 8 8 18 2 5 30 3 0 2 12 8 9 2 0 2 12 6 2 12 16 20 12 0 2 12 6 2 12 13 6 3 8 9 2 6 2 12 6 2 12 8 9 2 8 9 2 6 2 8 5 30 3 6 2 8 6 2 12 8 9 2 13 6 3 6 2 12 6 2 8 5 30 3 6 2 12 16 19 12 6 2 12 8 9 2 8 9 2 8 18 2 8 9 2 16 20 12 6 2 8 16 20 12 8 9 2 5 30 3 6 2 12 5 30 3 2 3 3 0 2 12 13 6 3 0.144209900395756735 62.9950064420700073
5 30 3 0 2 3 5 31 3 12 16 2 12 16 2 1 2 11 1 2 7 16 9 11 1 2 7 0 2 3 5 30 3 17 9 2 0 2 4 1 2 7 0 2 3 17 18 2 0 2 7 0 2 4 1 2 7 0 2 3 0 2 7 0 2 3 1 2 7 0 2 7 5 30 3 0 2 7 0 2 7 17 18 2 1 2 7 1 2 7 0 2 7 13 6 3 1 2 7 0 2 3 1 2 4 0 2 3 0 2 7 0 2 7 16 30 2 0 2 7 1 2 7 0 2 3 5 31 3 0 2 3 0 2 7 0 2 7 17 9 2 1 2 7 1 2 7 1 2 7 0 2 3 0 2 7 0 2 4 1 2 4 0 2 3 16 30 2 1 2 4 0 2 3 1 2 7 1 2 7 0 61.5340208411216736
5 31 3 0 2 7 12 16 2 0 2 4 6 2 11 5 30 3 17 18 2 0 2 7 0 2 7 0 2 7 0 2 10 5 30 3 0 2 7 1 2 4 0 2 7 1 2 4 0 2 7 0 2 10 1 2 7 0 2 7 17 18 2 1 2 4 0 2 7 0 2 7 0 2 7 0 2 7 1 2 7 5 31 3 1 2 7 0 2 4 17 18 2 1 2 7 0 2 7 5 30 3 1 2 4 17 9 2 5 30 3 6 2 7 1 2 7 1 2 4 0 2 7 16 19 11 0 2 3 0 2 4 17 9 2 0 2 7 1 2 4 0 2 7 1 2 7 12 16 2 13 6 3 0 2 7 1 2 7 13 6 3 17 18 2 0 2 7 1 2 7 0 2 7 0 2 7 12 16 2 0 61.1249294877052307
5 30 3 0 2 11 12 16 2 16 19 11 0 2 7 16 19 1 5 30 3 0 2 3 0 2 7 0 2 7 0 2 3 0 2 3 0 2 11 0 2 3 5 30 3 0 2 7 0 2 3 16 19 11 8 18 2 0 2 7 5 30 3 0 2 11 6 2 11 1 2 7 0 2 7 5 30 3 5 30 3 5 30 3 0 2 3 1 2 7 16 18 11 5 30 3 0 2 7 0 2 3 0 2 7 0 2 3 0 2 7 0 2 7 0 2 3 6 2 11 0 2 10 1 2 7 0 2 7 1 2 11 17 18 2 0 2 7 1 2 3 0 2 7 17 18 2 16 19 11 0 2 7 0 2 3 0 2 7 0 2 7 0 2 3 5 30 3 0 2 3 0 2 7 1 2 3 1 2 7 0 65.0452064871788025
5 30 3 0 2 8 12 16 2 0 2 7 0 2 7 1 2 7 5 31 3 1 2 7 5 30 3 0 2 3 0 2 7 0 2 3 0 2 3 0 2 7 0 2 3 0 2 3 0 2 7 0 2 3 5 30 3 1 2 11 0 2 7 0 2 3 0 2 7 16 19 11 0 2 3 0 2 3 6 2 3 0 2 3 0 2 3 8 18 2 16 19 12 0 2 3 0 2 3 0 2 7 5 30 3 0 2 7 1 2 11 0 2 8 16 19 12 16 30 2 1 2 8 0 2 11 5 30 3 5 30 3 0 2 3 5 30 3 0 2 3 0 2 8 16 6 2 0 2 3 12 16 2 0 2 3 0 2 7 0 2 3 16 6 2 16 19 11 1 2 3 5 30 3 0 2 3 0 2 7 0 65.639318585395813
5 30 3 5 31 3 12 16 2 1 2 7 1 2 7 5 30 3 17 9 2 0 2 3 1 2 4 17 18 2 0 2 4 1 2 7 0 2 10 1 2 4 0 2 7 5 30 3 0 2 4 0 2 7 17 18 2 1 2 7 1 2 7 0 2 7 13 6 3 1 2 7 0 2 7 1 2 4 0 2 7 0 2 7 0 2 3 5 30 3 0 2 7 0 2 7 8 9 2 1 2 7 5 31 3 1 2 7 0 2 10 1 2 7 1 2 7 1 2 3 0 2 7 12 16 2 1 2 7 1 2 7 17 9 2 0 2 4 0 2 7 17 9 2 0 2 7 0 2 7 0 2 7 16 6 2 0 2 7 0 2 7 0 2 4 0 2 3 0 2 7 0 2 7 0 2 11 16 30 2 0 61.1749716997146606
5 30 3 12 16 2 5 30 3 5 31 3 5 30 3 5 30 3 5 30 3 5 30 3 0 2 3 0 2 7 16 19 11 1 2 8 0 2 11 0 2 7 0 2 7 0 2 7 0 2 3 0 2 8 0 2 7 0 2 8 0 2 7 0 2 8 0 2 11 0 2 7 0 2 7 0 2 11 0 2 7 5 30 3 0 2 8 0 2 7 0 2 7 0 2 8 0 2 7 16 19 11 0 2 11 0 2 8 16 19 11 16 19 12 17 9 2 0 2 7 0 2 7 0 2 7 0 2 11 0 2 8 0 2 7 5 30 3 16 19 11 0 2 8 0 2 11 16 19 11 0 2 7 0 2 7 5 31 3 0 2 8 1 2 8 0 2 11 0 2 3 0 2 7 0 2 3 0 2 7 0 66.8409249782562256
5 30 3 12 16 2 0 2 7 0 2 7 1 2 7 5 30 3 1 2 7 5 31 3 0 2 7 0 2 7 0 2 3 0 2 7 0 2 3 0 2 7 0 2 7 1 2 7 0 2 3 0 2 7 0 2 7 1 2 7 1 2 7 1 2 7 0 2 7 0 2 7 0 2 7 17 9 2 1 2 7 0 2 7 8 9 2 5 31 3 16 6 2 5 30 3 0 2 7 13 6 3 1 2 7 0 2 3 12 16 2 0 2 3 17 18 2 1 2 7 5 30 3 16 6 2 17 18 2 1 2 3 0 2 7 16 19 11 0 2 3 0 2 7 1 2 7 16 9 11 1 2 7 1 2 3 0 2 7 0 2 7 1 2 7 0 2 3 1 2 7 0 2 3 0 2 7 0 2 7 0 62.0427854657173157

Current Evaluation = 7200(7200)
Front Size = 10
5 30 3 5 30 3 1 2 7 12 16 2 1 2 7 0 2 7 0 2 7 0 2 7 0 2 7 0 2 7 5 30 3 0 2 4 1 2 7 0 2 7 0 2 7 1 2 7 1 2 7 0 2 7 1 2 7 0 2 7 1 2 7 0 2 7 17 9 2 16 31 2 17 9 2 1 2 7 1 2 7 1 2 7 13 6 3 17 18 2 0 2 7 1 2 7 1 2 7 0 2 7 13 6 3 5 31 3 17 9 2 1 2 4 0 2 7 17 18 2 0 2 7 1 2 7 5 31 3 0 2 7 0 2 7 17 9 2 1 2 7 0 2 7 0 2 7 0 2 7 1 2 7 0 2 7 0 2 7 1 2 4 0 2 7 0 2 7 0 2 7 0 2 7 1 2 7 1 2 7 0 59.9859005212783813
5 31 3 5 30 3 5 30 3 12 16 2 1 2 7 0 2 7 5 30 3 0 2 7 12 16 2 0 2 7 0 2 4 1 2 3 0 2 7 1 2 4 1 2 11 0 2 3 0 2 7 0 2 7 1 2 7 0 2 3 17 9 2 5 30 3 0 2 7 1 2 11 0 2 7 0 2 7 0 2 3 0 2 7 0 2 7 1 2 7 0 2 7 1 2 11 16 9 11 16 19 11 1 2 7 0 2 7 8 18 2 5 30 3 17 9 2 0 2 4 16 30 2 0 2 3 1 2 3 0 2 7 1 2 3 13 6 3 0 2 3 1 2 3 0 2 7 0 2 7 1 2 4 16 6 2 0 2 3 0 2 7 0 2 7 17 18 2 12 16 2 0 2 7 1 2 3 0 2 3 0 62.5442793965339661
5 30 3 0 2 4 12 16 2 0 2 11 1 2 7 5 30 3 17 18 2 0 2 7 0 2 4 0 2 7 0 2 7 5 30 3 0 2 7 1 2 4 0 2 7 1 2 7 0 2 7 0 2 7 1 2 7 0 2 7 17 18 2 1 2 7 0 2 4 0 2 7 0 2 7 0 2 7 1 2 7 5 31 3 1 2 7 0 2 7 17 18 2 0 2 7 0 2 7 5 30 3 1 2 7 17 9 2 5 30 3 1 2 7 1 2 7 1 2 3 0 2 7 16 19 11 0 2 3 1 2 4 17 9 2 0 2 7 1 2 4 0 2 7 1 2 7 12 16 2 13 6 3 0 2 7 1 2 7 13 6 3 17 18 2 0 2 7 13 6 3 0 2 7 0 2 7 12 16 2 0 60.8324253559112549
5 30 3 12 16 2 12 16 2 1 2 7 1 2 7 0 2 7 5 31 3 8 9 2 0 2 7 1 2 7 17 18 2 5 30 3 1 2 7 1 2 7 1 2 7 0 2 7 5 30 3 0 2 7 0 2 7 1 2 7 0 2 7 0 2 7 0 2 7 0 2 7 0 2 7 0 2 7 17 9 2 1 2 7 16 15 2 1 2 7 0 2 7 16 19 11 0 2 7 0 2 7 1 2 7 0 2 7 17 18 2 5 30 3 13 6 3 1 2 7 17 18 2 0 2 7 0 2 3 8 9 2 1 2 7 0 2 7 8 18 2 0 2 7 0 2 7 0 2 7 0 2 3 0 2 3 0 2 7 1 2 7 1 2 7 16 6 2 5 30 3 0 2 7 0 2 7 0 2 7 0 61.4948782920837402
5 30 3 5 30 3 5 31 3 12 16 2 0 2 3 0 2 11 0 2 12 16 19 11 0 2 8 16 19 11 0 2 3 0 2 8 5 30 3 0 2 8 0 2 3 0 2 8 16 19 11 0 2 8 0 2 8 8 18 2 5 30 3 0 2 8 5 30 3 5 31 3 0 2 8 0 2 3 5 30 3 0 2 3 0 2 8 0 2 8 0 2 8 0 2 8 0 2 12 0 2 8 0 2 3 16 19 12 0 2 7 0 2 3 12 16 2 0 2 8 0 2 8 0 2 3 1 2 8 0 2 8 16 19 12 0 2 8 0 2 7 0 2 8 0 2 7 0 2 8 0 2 8 0 2 8 16 19 11 0 2 8 5 30 3 16 6 2 5 30 3 0 2 7 0 2 3 0 2 7 2.13251067494496762e-06 68.9009377956390381
5 30 3 0 2 3 5 31 3 12 16 2 12 16 2 1 2 11 1 2 7 16 9 11 1 2 7 0 2 3 5 30 3 17 9 2 0 2 4 1 2 7 0 2 3 17 18 2 0 2 7 0 2 4 1 2 7 0 2 3 0 2 7 0 2 3 1 2 7 0 2 7 5 30 3 0 2 7 0 2 7 17 18 2 1 2 7 1 2 7 0 2 7 13 6 3 1 2 7 0 2 3 1 2 4 0 2 3 0 2 7 0 2 7 16 30 2 0 2 7 1 2 7 0 2 3 5 31 3 0 2 3 0 2 7 0 2 7 17 9 2 1 2 7 1 2 7 1 2 7 0 2 3 0 2 7 0 2 4 1 2 4 0 2 3 16 30 2 1 2 4 0 2 3 1 2 7 1 2 7 0 61.5340208411216736
5 30 3 5 30 3 5 30 3 12 16 2 8 18 2 12 16 2 5 30 3 0 2 7 8 9 2 1 2 7 8 9 2 0 2 7 0 2 7 0 2 7 1 2 7 16 6 2 1 2 11 5 30 3 0 2 7 0 2 1 0 2 7 5 30 3 1 2 11 0 2 7 0 2 4 16 19 11 0 2 11 1 2 7 1 2 7 0 2 11 1 2 11 0 2 11 5 30 3 17 9 2 0 2 7 0 2 11 0 2 7 0 2 7 1 2 11 16 19 11 0 2 7 0 2 7 1 2 7 0 2 7 0 2 7 0 2 7 0 2 7 1 2 7 0 2 7 8 9 2 0 2 7 0 2 11 17 18 2 17 9 2 0 2 7 0 2 7 0 2 11 5 30 3 0 2 7 17 9 2 0 63.5676473379135132
5 30 3 0 2 8 12 16 2 0 2 7 0 2 7 1 2 7 5 31 3 1 2 7 5 30 3 0 2 3 0 2 7 0 2 3 0 2 3 0 2 7 0 2 3 0 2 3 0 2 7 0 2 3 5 30 3 1 2 11 0 2 7 0 2 3 0 2 7 16 19 11 0 2 3 0 2 3 6 2 3 0 2 3 0 2 3 8 18 2 16 19 12 0 2 3 0 2 3 0 2 7 5 30 3 0 2 7 1 2 11 0 2 8 16 19 12 16 30 2 1 2 8 0 2 11 5 30 3 5 30 3 0 2 3 5 30 3 0 2 3 0 2 8 16 6 2 0 2 3 12 16 2 0 2 3 0 2 7 0 2 3 16 6 2 16 19 11 1 2 3 5 30 3 0 2 3 0 2 7 0 65.639318585395813
5 30 3 12 16 2 0 2 11 5 30 3 0 2 7 0 2 7 0 2 7 5 30 3 0 2 7 0 2 7 5 31 3 5 30 3 5 30 3 16 19 11 0 2 3 12 16 2 16 19 12 0 2 8 17 18 2 0 2 4 1 2 4 1 2 7 0 2 8 0 2 8 1 2 7 0 2 8 5 30 3 1 2 7 0 2 4 0 2 7 0 2 8 0 2 7 1 2 7 1 2 7 0 2 8 0 2 8 0 2 8 0 2 7 0 2 8 17 9 2 0 2 8 1 2 7 0 2 8 0 2 7 0 2 8 17 9 2 0 2 3 1 2 4 0 2 12 1 2 7 0 2 8 0 2 7 1 2 7 13 6 3 17 18 2 16 19 11 13 6 3 0 2 8 0 2 7 12 16 2 0.000160064706552140652 64.3873382806777954
5 31 3 5 30 3 5 30 3 12 16 2 0 2 7 0 2 7 5 30 3 0 2 7 12 16 2 0 2 7 0 2 7 0 2 7 0 2 7 0 2 7 1 2 7 0 2 7 1 2 7 0 2 7 17 9 2 5 30 3 0 2 7 0 2 7 6 2 7 1 2 7 0 2 7 16 31 2 16 19 11 1 2 7 5 30 3 17 9 2 0 2 7 0 2 7 0 2 7 17 18 2 16 19 11 1 2 7 0 2 7 0 2 7 0 2 7 1 2 4 1 2 7 0 2 7 0 2 7 5 31 3 0 2 7 0 2 7 5 30 3 0 2 7 1 2 3 0 2 3 0 2 7 13 6 3 1 2 7 0 2 3 1 2 7 6 2 7 1 2 3 0 2 7 16 18 11 0 2 7 0 62.2752602696418762

Current Evaluation = 8100(8100)
Front Size = 10
5 30 3 5 30 3 1 2 7 12 16 2 1 2 7 0 2 7 0 2 7 0 2 7 0 2 7 0 2 7 5 30 3 0 2 4 1 2 7 0 2 7 0 2 7 1 2 7 1 2 7 0 2 7 1 2 7 0 2 7 1 2 7 0 2 7 17 9 2 16 31 2 17 9 2 1 2 7 1 2 7 1 2 7 13 6 3 17 18 2 0 2 7 1 2 7 1 2 7 0 2 7 13 6 3 5 31 3 17 9 2 1 2 4 0 2 7 17 18 2 0 2 7 1 2 7 5 31 3 0 2 7 0 2 7 17 9 2 1 2 7 0 2 7 0 2 7 0 2 7 1 2 7 0 2 7 0 2 7 1 2 4 0 2 7 0 2 7 0 2 7 0 2 7 1 2 7 1 2 7 0 59.9859005212783813
5 30 3 0 2 8 12 16 2 0 2 7 0 2 7 1 2 7 5 31 3 1 2 7 5 30 3 0 2 3 0 2 7 0 2 3 0 2 3 0 2 7 0 2 3 0 2 3 0 2 7 0 2 3 5 30 3 1 2 11 0 2 7 0 2 3 0 2 7 16 19 11 0 2 3 0 2 3 6 2 3 0 2 3 0 2 3 8 18 2 16 19 12 0 2 3 0 2 3 0 2 7 5 30 3 0 2 7 1 2 11 0 2 8 16 19 12 16 30 2 1 2 8 0 2 11 5 30 3 5 30 3 0 2 3 5 30 3 0 2 3 0 2 8 16 6 2 0 2 3 12 16 2 0 2 3 0 2 7 0 2 3 16 6 2 16 19 11 1 2 3 5 30 3 0 2 3 0 2 7 0 65.639318585395813
5 30 3 5 31 3 12 16 2 1 2 7 0 2 7 5 31 3 17 9 2 0 2 7 1 2 7 17 18 2 0 2 4 1 2 7 0 2 7 1 2 4 0 2 7 5 30 3 0 2 4 0 2 7 17 18 2 1 2 7 0 2 7 0 2 7 13 6 3 0 2 7 1 2 4 0 2 4 0 2 7 0 2 4 0 2 7 5 31 3 1 2 7 0 2 4 17 9 2 1 2 7 1 2 3 0 2 3 0 2 7 1 2 3 1 2 7 1 2 7 0 2 7 12 16 2 0 2 7 0 2 3 0 2 7 0 2 7 0 2 7 1 2 7 1 2 4 6 2 7 0 2 3 17 9 2 1 2 4 1 2 4 0 2 3 16 6 2 0 2 7 16 30 2 1 2 4 0 2 7 0 60.7789438366889954
5 30 3 5 30 3 5 30 3 12 16 2 8 18 2 12 16 2 5 30 3 0 2 3 1 2 7 1 2 7 15 2 11 1 2 7 1 2 7 16 6 2 0 2 4 5 31 3 0 2 4 0 2 3 0 2 4 0 2 7 0 2 4 16 19 11 1 2 7 1 2 7 1 2 11 17 9 2 0 2 7 0 2 3 0 2 7 0 2 3 0 2 11 0 2 3 0 2 7 0 2 4 0 2 7 1 2 7 0 2 7 17 18 2 17 9 2 0 2 7 17 9 2 8 9 2 0 2 7 5 30 3 1 2 7 1 2 7 1 2 7 0 2 7 0 2 7 0 2 10 1 2 7 1 2 7 1 2 7 16 24 2 0 2 11 0 2 7 0 2 7 0 2 7 0 2 7 0 2 4 0 62.2159565687179565
5 30 3 5 30 3 5 30 3 12 16 2 8 18 2 12 16 2 5 30 3 1 2 7 1 2 3 1 2 4 16 6 2 5 31 3 0 2 7 6 2 7 16 19 11 0 2 7 0 2 7 0 2 7 0 2 3 0 2 7 0 2 3 0 2 7 0 2 7 0 2 7 0 2 7 0 2 7 1 2 7 5 30 3 0 2 7 0 2 3 0 2 3 16 31 2 0 2 3 1 2 3 5 30 3 0 2 3 1 2 7 0 2 7 16 19 11 0 2 7 0 2 7 1 2 7 0 2 3 0 2 7 17 9 2 0 2 3 0 2 7 0 2 3 16 19 11 0 2 3 1 2 3 0 2 3 5 30 3 1 2 3 1 2 7 16 6 2 1 2 7 0 2 7 0 2 7 0 2 7 0 63.4717352986335754
5 30 3 5 30 3 5 30 3 12 16 2 8 18 2 12 16 2 5 30 3 0 2 7 8 9 2 1 2 7 8 9 2 0 2 7 0 2 7 0 2 7 1 2 7 16 6 2 1 2 11 5 30 3 0 2 7 0 2 1 0 2 7 5 30 3 1 2 11 0 2 7 0 2 4 16 19 11 0 2 11 1 2 7 1 2 7 0 2 11 1 2 11 0 2 11 5 30 3 17 9 2 0 2 7 0 2 11 0 2 7 0 2 7 1 2 11 16 19 11 0 2 7 0 2 7 1 2 7 0 2 7 0 2 7 0 2 7 0 2 7 1 2 7 0 2 7 8 9 2 0 2 7 0 2 11 17 18 2 17 9 2 0 2 7 0 2 7 0 2 11 5 30 3 0 2 7 17 9 2 0 63.5676473379135132
5 31 3 12 16 2 0 2 7 12 16 2 1 2 7 0 2 7 0 2 4 0 2 4 1 2 4 0 2 7 12 16 2 1 2 7 0 2 4 0 2 7 1 2 7 0 2 7 0 2 7 0 2 7 0 2 7 1 2 7 17 9 2 8 9 2 0 2 7 1 2 7 1 2 4 17 18 2 0 2 7 1 2 7 0 2 7 5 31 3 1 2 7 16 18 11 1 2 7 1 2 7 0 2 7 5 31 3 0 2 4 0 2 4 0 2 7 12 16 2 17 9 2 0 2 7 0 2 7 1 2 7 1 2 7 0 2 7 1 2 7 0 2 4 5 31 3 0 2 7 1 2 7 16 6 2 13 6 3 0 2 7 12 16 2 17 9 2 0 2 7 16 6 2 0 2 7 1 2 7 0 60.9128405451774597
5 30 3 5 30 3 5 31 3 12 16 2 0 2 3 0 2 11 0 2 12 16 19 11 0 2 8 16 19 11 0 2 3 0 2 8 5 30 3 0 2 8 0 2 3 0 2 8 16 19 11 0 2 8 0 2 8 8 18 2 5 30 3 0 2 8 5 30 3 5 31 3 0 2 8 0 2 3 5 30 3 0 2 3 0 2 8 0 2 8 0 2 8 0 2 8 0 2 12 0 2 8 0 2 3 16 19 12 0 2 7 0 2 3 12 16 2 0 2 8 0 2 8 0 2 3 1 2 8 0 2 8 16 19 12 0 2 8 0 2 7 0 2 8 0 2 7 0 2 8 0 2 8 0 2 8 16 19 11 0 2 8 5 30 3 16 6 2 5 30 3 0 2 7 0 2 3 0 2 7 2.13251067494496762e-06 68.9009377956390381
1 2 3 12 16 2 0 2 7 12 16 2 0 2 7 0 2 7 1 2 7 0 2 7 0 2 7 0 2 7 0 2 7 0 2 7 0 2 7 1 2 7 0 2 3 1 2 7 17 9 2 0 2 7 17 18 2 13 6 3 1 2 3 0 2 7 0 2 7 0 2 7 1 2 7 0 2 3 0 2 3 1 2 3 5 30 3 0 2 7 0 2 7 16 15 2 0 2 7 5 31 3 5 30 3 5 31 3 0 2 3 16 31 2 0 2 7 16 30 2 0 2 4 0 2 3 0 2 7 1 2 7 0 2 7 0 2 3 17 9 2 1 2 7 16 30 2 1 2 7 5 30 3 0 2 7 0 2 3 1 2 7 0 2 7 5 30 3 1 2 7 1 2 7 1 2 7 6 2 7 0 61.4456467032432556
5 30 3 0 2 3 5 31 3 12 16 2 12 16 2 1 2 11 1 2 7 16 9 11 1 2 7 0 2 3 5 30 3 17 9 2 0 2 4 1 2 7 0 2 3 17 18 2 0 2 7 0 2 4 1 2 7 0 2 3 0 2 7 0 2 3 1 2 7 0 2 7 5 30 3 0 2 7 0 2 7 17 18 2 1 2 7 1 2 7 0 2 7 13 6 3 1 2 7 0 2 3 1 2 4 0 2 3 0 2 7 0 2 7 16 30 2 0 2 7 1 2 7 0 2 3 5 31 3 0 2 3 0 2 7 0 2 7 17 9 2 1 2 7 1 2 7 1 2 7 0 2 3 0 2 7 0 2 4 1 2 4 0 2 3 16 30 2 1 2 4 0 2 3 1 2 7 1 2 7 0 61.5340208411216736

Current Evaluation = 9000(9000)
Front Size = 10
5 30 3 5 30 3 1 2 7 12 16 2 1 2 7 0 2 7 0 2 7 0 2 7 0 2 7 0 2 7 5 30 3 0 2 4 1 2 7 0 2 7 0 2 7 1 2 7 1 2 7 0 2 7 1 2 7 0 2 7 1 2 7 0 2 7 17 9 2 16 31 2 17 9 2 1 2 7 1 2 7 1 2 7 13 6 3 17 18 2 0 2 7 1 2 7 1 2 7 0 2 7 13 6 3 5 31 3 17 9 2 1 2 4 0 2 7 17 18 2 0 2 7 1 2 7 5 31 3 0 2 7 0 2 7 17 9 2 1 2 7 0 2 7 0 2 7 0 2 7 1 2 7 0 2 7 0 2 7 1 2 4 0 2 7 0 2 7 0 2 7 0 2 7 1 2 7 1 2 7 0 59.9859005212783813
5 30 3 0 2 8 12 16 2 0 2 7 0 2 7 1 2 7 5 31 3 1 2 7 5 30 3 0 2 3 0 2 7 0 2 3 0 2 3 0 2 7 0 2 3 0 2 3 0 2 7 0 2 3 5 30 3 1 2 11 0 2 7 0 2 3 0 2 7 16 19 11 0 2 3 0 2 3 6 2 3 0 2 3 0 2 3 8 18 2 16 19 12 0 2 3 0 2 3 0 2 7 5 30 3 0 2 7 1 2 11 0 2 8 16 19 12 16 30 2 1 2 8 0 2 11 5 30 3 5 30 3 0 2 3 5 30 3 0 2 3 0 2 8 16 6 2 0 2 3 12 16 2 0 2 3 0 2 7 0 2 3 16 6 2 16 19 11 1 2 3 5 30 3 0 2 3 0 2 7 0 65.639318585395813
5 30 3 5 30 3 5 30 3 12 16 2 0 2 7 1 2 7 6 2 7 0 2 4 1 2 7 0 2 4 5 31 3 1 2 7 0 2 7 0 2 7 0 2 7 0 2 7 1 2 4 1 2 7 17 9 2 0 2 7 0 2 7 0 2 7 0 2 7 0 2 7 0 2 7 1 2 7 0 2 7 17 18 2 17 9 2 0 2 7 0 2 7 1 2 11 1 2 7 0 2 7 0 2 7 1 2 7 0 2 7 1 2 7 1 2 7 0 2 4 0 2 4 0 2 7 0 2 7 0 2 4 12 16 2 1 2 4 15 2 11 0 2 7 1 2 7 1 2 11 0 2 7 5 30 3 0 2 7 1 2 4 16 31 2 5 31 3 13 6 3 17 18 2 16 6 2 17 18 2 0 60.8501353859901428
5 30 3 5 30 3 1 2 7 12 16 2 1 2 7 0 2 4 0 2 7 0 2 4 0 2 3 0 2 7 5 30 3 0 2 7 1 2 7 0 2 4 0 2 7 1 2 7 1 2 3 0 2 4 1 2 7 0 2 7 1 2 7 0 2 7 17 9 2 17 9 2 1 2 7 1 2 3 1 2 7 13 6 3 17 18 2 0 2 7 1 2 10 1 2 7 0 2 7 5 31 3 1 2 7 17 18 2 1 2 4 5 31 3 1 2 7 0 2 3 16 31 2 0 2 7 0 2 3 0 2 7 0 2 7 0 2 4 17 18 2 16 30 2 0 2 7 0 2 7 1 2 7 1 2 7 0 2 7 0 2 7 0 2 7 0 2 7 0 2 7 0 2 7 1 2 7 1 2 7 0 60.6029237508773804
5 30 3 0 2 3 5 31 3 12 16 2 12 16 2 1 2 11 1 2 7 16 9 11 1 2 7 0 2 3 5 30 3 17 9 2 0 2 4 1 2 7 0 2 3 17 18 2 0 2 7 0 2 4 1 2 7 0 2 3 0 2 7 0 2 3 1 2 7 0 2 7 5 30 3 0 2 7 0 2 7 17 18 2 1 2 7 1 2 7 0 2 7 13 6 3 1 2 7 0 2 3 1 2 4 0 2 3 0 2 7 0 2 7 16 30 2 0 2 7 1 2 7 0 2 3 5 31 3 0 2 3 0 2 7 0 2 7 17 9 2 1 2 7 1 2 7 1 2 7 0 2 3 0 2 7 0 2 4 1 2 4 0 2 3 16 30 2 1 2 4 0 2 3 1 2 7 1 2 7 0 61.5340208411216736
5 30 3 5 30 3 6 2 7 12 16 2 1 2 7 0 2 7 1 2 7 0 2 7 0 2 7 1 2 7 0 2 7 0 2 7 0 2 7 1 2 11 0 2 3 0 2 7 1 2 7 17 9 2 17 9 2 1 2 7 0 2 4 0 2 7 1 2 7 0 2 7 5 31 3 1 2 7 5 30 3 1 2 7 0 2 10 0 2 7 1 2 7 0 2 7 16 30 2 0 2 7 0 2 7 0 2 7 0 2 7 0 2 7 0 2 7 0 2 7 0 2 7 0 2 7 1 2 7 5 30 3 0 2 7 0 2 7 13 6 3 17 18 2 5 31 3 1 2 7 16 6 2 17 9 2 5 31 3 0 2 4 5 30 3 8 18 2 16 6 2 0 2 7 0 2 7 1 2 7 0 61.1683444380760193
5 30 3 12 16 2 6 2 7 0 2 7 1 2 7 5 31 3 0 2 7 5 31 3 0 2 7 0 2 7 1 2 11 1 2 4 0 2 7 1 2 3 0 2 7 0 2 7 0 2 3 5 31 3 0 2 7 0 2 7 1 2 3 0 2 7 1 2 3 6 2 7 1 2 7 0 2 7 0 2 7 0 2 7 0 2 3 16 6 2 12 16 2 0 2 7 0 2 7 1 2 7 1 2 7 0 2 7 0 2 7 0 2 3 16 19 11 5 30 3 0 2 7 5 31 3 1 2 7 1 2 7 0 2 3 0 2 7 16 6 2 15 2 11 1 2 7 16 30 2 0 2 7 0 2 7 0 2 3 0 2 3 17 9 2 16 6 2 17 9 2 0 2 7 0 2 7 1 2 7 0 62.0543276071548462
5 30 3 5 30 3 5 31 3 12 16 2 0 2 3 0 2 11 0 2 12 16 19 11 0 2 8 16 19 11 0 2 3 0 2 8 5 30 3 0 2 8 0 2 3 0 2 8 16 19 11 0 2 8 0 2 8 8 18 2 5 30 3 0 2 8 5 30 3 5 31 3 0 2 8 0 2 3 5 30 3 0 2 3 0 2 8 0 2 8 0 2 8 0 2 8 0 2 12 0 2 8 0 2 3 16 19 12 0 2 7 0 2 3 12 16 2 0 2 8 0 2 8 0 2 3 1 2 8 0 2 8 16 19 12 0 2 8 0 2 7 0 2 8 0 2 7 0 2 8 0 2 8 0 2 8 16 19 11 0 2 8 5 30 3 16 6 2 5 30 3 0 2 7 0 2 3 0 2 7 2.13251067494496762e-06 68.9009377956390381
5 30 3 5 30 3 1 2 7 12 16 2 1 2 7 0 2 7 1 2 3 0 2 7 0 2 4 1 2 7 0 2 7 0 2 7 0 2 7 1 2 7 0 2 7 0 2 4 0 2 7 17 9 2 17 9 2 0 2 7 1 2 7 0 2 7 1 2 3 0 2 7 5 31 3 12 2 7 5 30 3 0 2 7 0 2 7 0 2 3 0 2 7 0 2 4 16 6 2 0 2 7 0 2 3 0 2 7 0 2 7 0 2 7 0 2 7 0 2 3 0 2 7 1 2 3 1 2 3 5 30 3 0 2 7 0 2 3 13 6 3 17 18 2 1 2 7 1 2 7 16 6 2 17 9 2 5 31 3 1 2 7 5 30 3 8 18 2 16 6 2 1 2 7 0 2 7 1 2 7 0 61.5129565000534058
5 30 3 5 30 3 5 30 3 12 16 2 8 18 2 12 16 2 5 30 3 0 2 3 1 2 7 1 2 7 15 2 11 1 2 7 1 2 7 16 6 2 0 2 4 5 31 3 0 2 4 0 2 3 0 2 4 0 2 7 0 2 4 16 19 11 1 2 7 1 2 7 1 2 11 17 9 2 0 2 7 0 2 3 0 2 7 0 2 3 0 2 11 0 2 3 0 2 7 0 2 4 0 2 7 1 2 7 0 2 7 17 18 2 17 9 2 0 2 7 17 9 2 8 9 2 0 2 7 5 30 3 1 2 7 1 2 7 1 2 7 0 2 7 0 2 7 0 2 10 1 2 7 1 2 7 1 2 7 16 24 2 0 2 11 0 2 7 0 2 7 0 2 7 0 2 7 0 2 4 0 62.2159565687179565

Current Evaluation = 9900(9900)
Front Size = 10
5 31 3 5 30 3 0 2 7 12 16 2 1 2 7 0 2 7 1 2 7 0 2 4 0 2 7 0 2 7 0 2 7 1 2 7 0 2 7 0 2 7 1 2 4 0 2 7 0 2 7 1 2 7 0 2 7 1 2 7 0 2 7 17 9 2 17 9 2 1 2 7 17 18 2 0 2 7 0 2 7 5 30 3 17 9 2 0 2 7 0 2 7 17 18 2 1 2 7 5 31 3 0 2 7 0 2 7 1 2 4 0 2 7 0 2 7 1 2 7 5 30 3 16 31 2 1 2 7 0 2 7 13 6 3 0 2 7 1 2 7 13 6 3 1 2 7 17 9 2 1 2 7 1 2 7 0 2 7 0 2 7 0 2 7 0 2 7 1 2 7 1 2 7 1 2 7 1 2 7 0 59.9859005212783813
5 30 3 5 30 3 5 30 3 12 16 2 8 18 2 12 16 2 5 30 3 0 2 3 1 2 7 1 2 7 15 2 11 1 2 7 1 2 7 16 6 2 0 2 4 5 31 3 0 2 4 0 2 3 0 2 4 0 2 7 0 2 4 16 19 11 1 2 7 1 2 7 1 2 11 17 9 2 0 2 7 0 2 3 0 2 7 0 2 3 0 2 11 0 2 3 0 2 7 0 2 4 0 2 7 1 2 7 0 2 7 17 18 2 17 9 2 0 2 7 17 9 2 8 9 2 0 2 7 5 30 3 1 2 7 1 2 7 1 2 7 0 2 7 0 2 7 0 2 10 1 2 7 1 2 7 1 2 7 16 24 2 0 2 11 0 2 7 0 2 7 0 2 7 0 2 7 0 2 4 0 62.2159565687179565
5 31 3 5 30 3 5 31 3 12 16 2 0 2 4 1 2 4 0 2 7 0 2 7 0 2 7 5 31 3 0 2 7 0 2 7 0 2 7 0 2 7 0 2 4 1 2 7 17 9 2 0 2 7 0 2 7 12 16 2 0 2 7 0 2 7 12 16 2 0 2 7 1 2 7 17 9 2 17 9 2 1 2 7 1 2 7 1 2 4 1 2 7 0 2 7 0 2 7 0 2 7 0 2 4 6 2 7 0 2 7 12 16 2 1 2 7 1 2 7 5 30 3 16 6 2 0 2 7 0 2 7 13 6 3 1 2 4 0 2 7 1 2 7 1 2 4 0 2 7 0 2 7 8 9 2 1 2 4 1 2 4 1 2 4 16 19 11 0 2 7 0 2 4 17 18 2 17 18 2 0 61.0701234936714172
5 31 3 15 2 11 5 31 3 12 16 2 0 2 7 0 2 7 0 2 7 5 30 3 6 2 7 0 2 11 0 2 7 0 2 7 12 16 2 16 19 11 0 2 7 16 6 2 0 2 7 1 2 7 16 6 2 0 2 7 16 19 11 1 2 7 17 9 2 1 2 7 17 9 2 1 2 7 0 2 7 6 2 7 0 2 7 0 2 7 0 2 3 5 31 3 0 2 7 5 30 3 0 2 7 5 30 3 1 2 7 0 2 12 0 2 7 0 2 7 1 2 7 0 2 7 0 2 7 6 2 3 0 2 7 0 2 7 0 2 7 1 2 3 0 2 7 0 2 7 0 2 7 16 19 11 8 18 2 1 2 3 0 2 7 0 2 7 0 2 7 5 30 3 5 30 3 0 2 7 0 63.0471652746200562
5 30 3 5 31 3 12 16 2 0 2 7 1 2 11 0 2 7 1 2 7 0 2 7 1 2 7 5 31 3 0 2 7 1 2 7 0 2 7 0 2 7 0 2 7 0 2 7 0 2 7 17 9 2 0 2 7 5 30 3 1 2 7 0 2 7 1 2 7 0 2 7 0 2 7 0 2 7 17 18 2 8 9 2 0 2 7 1 2 7 0 2 7 0 2 7 1 2 7 1 2 7 1 2 7 1 2 7 1 2 7 1 2 4 6 2 7 5 31 3 17 18 2 16 6 2 0 2 7 0 2 7 0 2 7 0 2 7 16 6 2 5 31 3 0 2 11 1 2 7 12 16 2 0 2 7 17 18 2 0 2 7 0 2 7 1 2 7 0 2 7 16 30 2 13 6 3 0 2 7 0 60.8596315979957581
8 9 2 1 2 4 1 2 7 12 16 2 0 2 7 0 2 3 5 31 3 1 2 7 0 2 7 1 2 7 1 2 3 0 2 7 1 2 7 0 2 3 0 2 3 0 2 7 17 9 2 1 2 3 1 2 4 0 2 7 0 2 3 17 9 2 0 2 4 1 2 4 1 2 7 0 2 7 1 2 4 17 18 2 5 31 3 5 30 3 0 2 7 0 2 7 0 2 4 0 2 4 0 2 7 0 2 7 0 2 7 0 2 4 1 2 3 0 2 3 0 2 7 16 6 2 1 2 7 0 2 4 17 9 2 16 6 2 1 2 7 1 2 7 1 2 11 0 2 3 0 2 7 17 18 2 1 2 7 1 2 7 0 2 7 12 16 2 1 2 7 13 6 3 0 2 7 5 30 3 0 60.9694067239761353
5 30 3 5 30 3 5 31 3 12 16 2 0 2 3 0 2 11 0 2 12 16 19 11 0 2 8 16 19 11 0 2 3 0 2 8 5 30 3 0 2 8 0 2 3 0 2 8 16 19 11 0 2 8 0 2 8 8 18 2 5 30 3 0 2 8 5 30 3 5 31 3 0 2 8 0 2 3 5 30 3 0 2 3 0 2 8 0 2 8 0 2 8 0 2 8 0 2 12 0 2 8 0 2 3 16 19 12 0 2 7 0 2 3 12 16 2 0 2 8 0 2 8 0 2 3 1 2 8 0 2 8 16 19 12 0 2 8 0 2 7 0 2 8 0 2 7 0 2 8 0 2 8 0 2 8 16 19 11 0 2 8 5 30 3 16 6 2 5 30 3 0 2 7 0 2 3 0 2 7 2.13251067494496762e-06 68.9009377956390381
5 30 3 5 30 3 5 30 3 12 16 2 0 2 7 1 2 7 6 2 7 0 2 4 1 2 7 0 2 4 5 31 3 1 2 7 0 2 7 0 2 7 0 2 7 0 2 7 1 2 4 1 2 7 17 9 2 0 2 7 0 2 7 0 2 7 0 2 7 0 2 7 0 2 7 1 2 7 0 2 7 17 18 2 17 9 2 0 2 7 0 2 7 1 2 11 1 2 7 0 2 7 0 2 7 1 2 7 0 2 7 1 2 7 1 2 7 0 2 4 0 2 4 0 2 7 0 2 7 0 2 4 12 16 2 1 2 4 15 2 11 0 2 7 1 2 7 1 2 11 0 2 7 5 30 3 0 2 7 1 2 4 16 31 2 5 31 3 13 6 3 17 18 2 16 6 2 17 18 2 0 60.8501353859901428
5 30 3 5 31 3 12 16 2 0 2 7 0 2 7 0 2 7 5 31 3 0 2 7 0 2 7 5 30 3 16 6 2 0 2 11 12 16 2 1 2 11 1 2 7 1 2 8 16 19 11 16 19 11 0 2 7 0 2 8 0 2 7 17 9 2 0 2 8 0 2 8 0 2 7 1 2 7 5 30 3 0 2 8 0 2 12 0 2 8 8 9 2 0 2 8 0 2 3 0 2 7 0 2 7 1 2 7 16 19 11 5 30 3 0 2 3 0 2 12 0 2 8 6 2 7 5 30 3 17 18 2 0 2 7 0 2 8 0 2 7 0 2 8 16 6 2 0 2 3 0 2 8 0 2 7 0 2 3 0 2 7 0 2 7 0 2 8 0 2 7 16 30 2 13 6 3 0 2 7 0.00694678179494176255 64.435261070728302
5 31 3 1 2 7 1 2 7 12 16 2 1 2 4 0 2 7 5 31 3 1 2 7 0 2 4 1 2 7 6 2 7 0 2 7 0 2 7 1 2 7 1 2 7 0 2 7 17 9 2 1 2 7 0 2 4 0 2 7 0 2 7 17 9 2 0 2 4 0 2 4 1 2 7 0 2 7 0 2 7 17 18 2 5 30 3 5 31 3 0 2 7 0 2 4 0 2 7 0 2 7 0 2 7 16 19 11 0 2 4 0 2 7 0 2 7 0 2 11 1 2 7 16 6 2 0 2 7 0 2 7 17 9 2 1 2 7 1 2 7 0 2 4 1 2 7 8 9 2 1 2 7 5 31 3 0 2 11 1 2 7 0 2 7 0 2 7 1 2 7 1 2 7 0 2 7 17 18 2 0 61.207295835018158

Current Evaluation = 10800(10800)
Front Size = 10
5 31 3 5 30 3 0 2 7 12 16 2 1 2 7 0 2 7 1 2 7 0 2 4 0 2 7 0 2 7 0 2 7 1 2 7 0 2 7 0 2 7 1 2 4 0 2 7 0 2 7 1 2 7 0 2 7 1 2 7 0 2 7 17 9 2 17 9 2 1 2 7 17 18 2 0 2 7 0 2 7 5 30 3 17 9 2 0 2 7 0 2 7 17 18 2 1 2 7 5 31 3 0 2 7 0 2 7 1 2 4 0 2 7 0 2 7 1 2 7 5 30 3 16 31 2 1 2 7 0 2 7 13 6 3 0 2 7 1 2 7 13 6 3 1 2 7 17 9 2 1 2 7 1 2 7 0 2 7 0 2 7 0 2 7 0 2 7 1 2 7 1 2 7 1 2 7 1 2 7 0 59.9859005212783813
5 30 3 5 30 3 0 2 7 12 16 2 0 2 7 0 2 3 0 2 7 0 2 7 1 2 7 0 2 7 1 2 7 0 2 7 1 2 7 1 2 4 0 2 7 17 9 2 0 2 7 8 18 2 0 2 7 1 2 3 1 2 7 0 2 3 8 18 2 12 16 2 5 30 3 0 2 3 0 2 7 0 2 7 0 2 7 8 18 2 1 2 7 0 2 7 13 6 3 1 2 7 0 2 7 0 2 7 0 2 7 12 16 2 0 2 3 0 2 7 0 2 7 16 19 11 17 9 2 0 2 3 5 30 3 5 30 3 17 9 2 1 2 7 1 2 7 1 2 3 1 2 7 0 2 3 16 30 2 16 6 2 5 30 3 0 2 3 16 15 2 0 2 7 1 2 3 0 2 3 0 62.1537814140319824
5 30 3 5 30 3 5 31 3 12 16 2 0 2 3 0 2 11 0 2 12 16 19 11 0 2 8 16 19 11 0 2 3 0 2 8 5 30 3 0 2 8 0 2 3 0 2 8 16 19 11 0 2 8 0 2 8 8 18 2 5 30 3 0 2 8 5 30 3 5 31 3 0 2 8 0 2 3 5 30 3 0 2 3 0 2 8 0 2 8 0 2 8 0 2 8 0 2 12 0 2 8 0 2 3 16 19 12 0 2 7 0 2 3 12 16 2 0 2 8 0 2 8 0 2 3 1 2 8 0 2 8 16 19 12 0 2 8 0 2 7 0 2 8 0 2 7 0 2 8 0 2 8 0 2 8 16 19 11 0 2 8 5 30 3 16 6 2 5 30 3 0 2 7 0 2 3 0 2 7 2.13251067494496762e-06 68.9009377956390381
0 2 4 0 2 7 6 2 7 12 16 2 0 2 7 1 2 7 5 31 3 5 31 3 0 2 4 1 2 7 0 2 7 6 2 11 1 2 4 0 2 7 0 2 7 0 2 7 17 9 2 0 2 4 1 2 7 0 2 4 17 9 2 0 2 7 1 2 7 1 2 11 0 2 7 17 18 2 5 31 3 5 30 3 1 2 7 0 2 4 0 2 7 0 2 7 1 2 7 0 2 7 0 2 7 0 2 7 0 2 7 16 6 2 1 2 7 17 9 2 0 2 7 1 2 7 0 2 7 0 2 7 17 18 2 1 2 7 12 16 2 13 6 3 1 2 7 0 2 7 0 2 7 5 30 3 0 2 7 1 2 7 1 2 7 13 6 3 5 30 3 1 2 7 17 18 2 0 2 4 0 60.5726085305213928
5 30 3 5 31 3 5 30 3 12 16 2 0 2 7 16 6 2 8 18 2 5 31 3 0 2 7 12 16 2 0 2 7 0 2 7 16 6 2 0 2 7 0 2 7 1 2 7 1 2 7 0 2 7 1 2 7 16 19 11 1 2 7 5 30 3 0 2 7 0 2 7 0 2 7 17 18 2 1 2 11 0 2 7 5 30 3 8 9 2 5 30 3 0 2 7 0 2 11 5 30 3 6 2 7 0 2 7 0 2 7 0 2 7 0 2 7 0 2 7 0 2 11 0 2 7 0 2 4 0 2 11 0 2 7 0 2 11 8 18 2 1 2 7 0 2 11 16 19 11 0 2 7 0 2 7 0 2 7 17 9 2 1 2 7 0 2 7 1 2 7 17 9 2 1 2 7 1 2 7 0 62.8235024809837341
1 2 4 1 2 7 1 2 7 12 16 2 0 2 7 0 2 3 5 31 3 1 2 7 0 2 4 1 2 7 1 2 7 0 2 7 1 2 7 0 2 7 0 2 3 0 2 7 17 9 2 1 2 3 1 2 4 0 2 4 0 2 3 17 9 2 0 2 7 1 2 4 1 2 7 0 2 7 1 2 4 17 18 2 5 31 3 5 30 3 0 2 7 0 2 3 0 2 7 0 2 4 0 2 7 0 2 7 0 2 7 0 2 7 0 2 7 0 2 3 0 2 7 16 6 2 1 2 7 0 2 3 17 9 2 16 6 2 1 2 7 1 2 4 1 2 7 0 2 7 0 2 7 17 18 2 1 2 7 1 2 7 0 2 3 12 16 2 1 2 4 13 6 3 0 2 4 5 31 3 0 60.796832799911499
5 30 3 5 30 3 5 30 3 12 16 2 8 18 2 12 16 2 5 30 3 0 2 3 1 2 7 1 2 7 15 2 11 1 2 7 1 2 7 16 6 2 0 2 4 5 31 3 0 2 4 0 2 3 0 2 4 0 2 7 0 2 4 16 19 11 1 2 7 1 2 7 1 2 11 17 9 2 0 2 7 0 2 3 0 2 7 0 2 3 0 2 11 0 2 3 0 2 7 0 2 4 0 2 7 1 2 7 0 2 7 17 18 2 17 9 2 0 2 7 17 9 2 8 9 2 0 2 7 5 30 3 1 2 7 1 2 7 1 2 7 0 2 7 0 2 7 0 2 10 1 2 7 1 2 7 1 2 7 16 24 2 0 2 11 0 2 7 0 2 7 0 2 7 0 2 7 0 2 4 0 62.2159565687179565
5 31 3 5 31 3 1 2 7 12 16 2 0 2 7 0 2 4 0 2 7 0 2 7 0 2 7 0 2 7 0 2 7 0 2 11 0 2 7 13 6 3 1 2 7 1 2 7 1 2 7 0 2 7 17 9 2 8 9 2 0 2 7 17 18 2 1 2 7 1 2 7 17 9 2 1 2 7 17 18 2 0 2 7 0 2 7 0 2 11 1 2 7 16 6 2 1 2 7 0 2 7 6 2 7 17 9 2 0 2 7 1 2 4 0 2 7 0 2 7 12 16 2 0 2 7 1 2 7 1 2 7 0 2 11 1 2 7 0 2 7 5 31 3 1 2 4 0 2 7 1 2 7 1 2 7 0 2 7 1 2 7 1 2 7 16 6 2 5 31 3 0 2 7 0 2 7 0 2 7 0 60.5654578804969788
5 30 3 5 30 3 0 2 7 12 16 2 12 16 2 1 2 7 0 2 7 0 2 4 1 2 7 0 2 7 0 2 7 13 6 3 17 18 2 1 2 7 0 2 4 17 9 2 8 9 2 17 18 2 6 2 7 1 2 7 5 30 3 17 9 2 1 2 7 0 2 7 0 2 7 0 2 3 0 2 11 1 2 7 0 2 7 0 2 7 1 2 7 0 2 7 5 31 3 16 15 2 5 30 3 0 2 4 1 2 7 13 6 3 17 9 2 1 2 7 17 18 2 0 2 7 1 2 7 1 2 7 0 2 11 1 2 7 0 2 7 8 18 2 0 2 7 0 2 7 0 2 7 0 2 11 1 2 7 12 16 2 1 2 7 1 2 7 0 2 7 0 2 4 0 2 4 0 2 7 0 60.9123106598854065
5 31 3 5 30 3 1 2 4 12 16 2 0 2 4 1 2 11 0 2 11 1 2 7 0 2 7 0 2 7 1 2 7 0 2 7 0 2 7 13 6 3 1 2 7 1 2 7 1 2 3 0 2 7 17 9 2 17 9 2 0 2 4 17 18 2 0 2 7 1 2 7 5 30 3 17 9 2 1 2 7 8 18 2 1 2 7 0 2 7 0 2 7 0 2 7 16 6 2 0 2 7 0 2 3 1 2 7 0 2 7 1 2 11 0 2 7 0 2 4 0 2 4 12 16 2 0 2 11 1 2 7 5 30 3 0 2 3 0 2 7 1 2 3 5 30 3 0 2 7 0 2 7 1 2 7 0 2 4 13 6 3 17 9 2 1 2 7 17 18 2 0 2 7 1 2 7 0 2 11 0 61.0008746385574341

Current Evaluation = 11700(11700)
Front Size = 10
5 31 3 5 30 3 0 2 7 12 16 2 1 2 7 0 2 7 1 2 7 0 2 4 0 2 7 0 2 7 0 2 7 1 2 7 0 2 7 0 2 7 1 2 4 0 2 7 0 2 7 1 2 7 0 2 7 1 2 7 0 2 7 17 9 2 17 9 2 1 2 7 17 18 2 0 2 7 0 2 7 5 30 3 17 9 2 0 2 7 0 2 7 17 18 2 1 2 7 5 31 3 0 2 7 0 2 7 1 2 4 0 2 7 0 2 7 1 2 7 5 30 3 16 31 2 1 2 7 0 2 7 13 6 3 0 2 7 1 2 7 13 6 3 1 2 7 17 9 2 1 2 7 1 2 7 0 2 7 0 2 7 0 2 7 0 2 7 1 2 7 1 2 7 1 2 7 1 2 7 0 59.9859005212783813
5 30 3 5 30 3 0 2 7 12 16 2 0 2 7 0 2 3 0 2 7 0 2 7 1 2 7 0 2 7 1 2 7 0 2 7 1 2 7 1 2 4 0 2 7 17 9 2 0 2 7 8 18 2 0 2 7 1 2 3 1 2 7 0 2 3 8 18 2 12 16 2 5 30 3 0 2 3 0 2 7 0 2 7 0 2 7 8 18 2 1 2 7 0 2 7 13 6 3 1 2 7 0 2 7 0 2 7 0 2 7 12 16 2 0 2 3 0 2 7 0 2 7 16 19 11 17 9 2 0 2 3 5 30 3 5 30 3 17 9 2 1 2 7 1 2 7 1 2 3 1 2 7 0 2 3 16 30 2 16 6 2 5 30 3 0 2 3 16 15 2 0 2 7 1 2 3 0 2 3 0 62.1537814140319824
0 2 4 0 2 7 12 16 2 1 2 7 1 2 7 0 2 4 5 31 3 1 2 4 1 2 4 1 2 7 0 2 7 0 2 7 0 2 7 0 2 4 17 9 2 0 2 7 0 2 7 0 2 7 17 9 2 0 2 7 1 2 7 0 2 4 17 18 2 5 30 3 1 2 4 0 2 7 0 2 7 0 2 7 0 2 7 0 2 7 1 2 7 1 2 4 17 9 2 0 2 3 1 2 7 1 2 7 17 18 2 1 2 4 12 16 2 13 6 3 1 2 7 0 2 7 1 2 3 1 2 7 0 2 7 1 2 11 0 2 7 0 2 7 17 9 2 0 2 7 0 2 3 0 2 4 16 30 2 0 2 4 1 2 4 13 6 3 5 30 3 1 2 3 6 2 7 0 2 4 0.003861410519605452 59.8277477622032166
13 6 3 5 30 3 12 16 2 17 18 2 12 16 2 1 2 7 1 2 7 13 6 3 5 31 3 0 2 7 1 2 7 0 2 7 17 9 2 0 2 7 0 2 7 0 2 7 1 2 7 0 2 7 17 9 2 17 9 2 0 2 7 17 9 2 1 2 7 5 30 3 0 2 7 1 2 7 1 2 7 0 2 7 1 2 7 1 2 7 0 2 7 0 2 7 0 2 7 0 2 4 1 2 7 0 2 11 0 2 7 1 2 7 1 2 7 0 2 4 0 2 7 1 2 7 0 2 4 0 2 4 5 30 3 0 2 7 6 2 4 0 2 7 17 18 2 0 2 7 5 30 3 5 31 3 0 2 7 1 2 7 1 2 7 13 6 3 1 2 7 17 18 2 0 2 4 0 2 7 0 60.2580365538597107
13 6 3 5 30 3 12 16 2 17 18 2 12 16 2 1 2 7 0 2 7 5 31 3 0 2 7 1 2 7 0 2 7 17 9 2 0 2 7 0 2 7 0 2 7 1 2 3 0 2 7 17 9 2 17 9 2 0 2 7 17 9 2 0 2 7 5 30 3 0 2 3 0 2 7 0 2 7 0 2 7 1 2 7 0 2 3 0 2 7 0 2 7 0 2 7 5 30 3 0 2 7 0 2 4 1 2 7 5 30 3 1 2 7 1 2 7 1 2 7 5 31 3 0 2 7 0 2 7 16 6 2 1 2 3 6 2 7 0 2 7 16 15 2 1 2 7 1 2 7 0 2 7 8 9 2 0 2 7 1 2 7 0 2 7 1 2 7 13 6 3 6 2 7 0 2 7 1 2 7 0 60.8558834791183472
5 30 3 5 30 3 0 2 7 12 16 2 1 2 7 0 2 7 1 2 3 0 2 7 8 9 2 1 2 3 0 2 7 1 2 3 0 2 4 1 2 7 1 2 7 0 2 7 5 30 3 1 2 7 0 2 7 0 2 11 0 2 7 17 9 2 17 9 2 1 2 3 17 18 2 0 2 7 0 2 7 5 30 3 17 9 2 0 2 7 0 2 7 1 2 7 5 31 3 1 2 7 0 2 7 1 2 4 0 2 11 0 2 7 1 2 3 5 30 3 13 6 3 17 9 2 0 2 11 12 16 2 16 30 2 1 2 7 0 2 7 1 2 7 13 6 3 16 6 2 1 2 4 0 2 4 0 2 7 0 2 7 0 2 7 0 2 7 0 2 3 1 2 7 0 2 7 0 2 7 0 61.0637017488479614
13 6 3 5 30 3 12 16 2 17 18 2 12 16 2 0 2 4 1 2 7 1 2 7 5 31 3 0 2 4 1 2 7 0 2 7 17 9 2 0 2 7 0 2 7 0 2 7 1 2 7 0 2 4 17 9 2 8 9 2 0 2 7 17 9 2 6 2 7 5 30 3 0 2 7 6 2 7 0 2 7 0 2 7 0 2 7 1 2 7 0 2 7 0 2 7 0 2 7 0 2 7 1 2 7 0 2 4 0 2 7 1 2 7 0 2 7 0 2 7 0 2 4 1 2 7 0 2 4 0 2 7 5 30 3 0 2 7 5 31 3 1 2 7 1 2 7 1 2 7 16 30 2 1 2 7 1 2 7 0 2 7 5 31 3 0 2 7 16 15 2 17 9 2 0 2 7 1 2 7 0 60.7829766273498535
5 30 3 5 30 3 0 2 7 12 16 2 1 2 7 0 2 7 0 2 7 0 2 7 0 2 4 1 2 7 1 2 7 0 2 7 1 2 7 0 2 7 0 2 7 17 9 2 17 9 2 17 18 2 0 2 7 0 2 7 17 9 2 0 2 7 0 2 7 1 2 7 5 31 3 1 2 7 0 2 7 1 2 4 0 2 7 13 6 3 12 16 2 16 30 2 1 2 7 0 2 7 1 2 7 13 6 3 1 2 4 0 2 4 0 2 7 0 2 7 0 2 7 0 2 7 1 2 7 0 2 7 0 2 7 17 18 2 8 9 2 1 2 3 5 31 3 1 2 7 0 2 11 17 18 2 1 2 4 0 2 7 1 2 7 5 30 3 1 2 4 0 2 11 1 2 7 5 31 3 1.94779483993599579e-05 60.7578988075256348
5 31 3 5 30 3 0 2 7 12 16 2 1 2 7 0 2 7 1 2 7 0 2 4 0 2 7 0 2 4 0 2 4 1 2 7 0 2 7 0 2 7 1 2 4 0 2 7 0 2 7 1 2 3 0 2 10 1 2 7 0 2 7 17 9 2 17 9 2 1 2 7 17 18 2 0 2 7 0 2 3 5 30 3 17 9 2 0 2 4 0 2 7 1 2 7 0 2 7 0 2 7 1 2 7 0 2 7 0 2 7 1 2 4 5 30 3 1 2 7 0 2 7 13 6 3 13 6 3 17 9 2 17 18 2 5 30 3 16 6 2 0 2 11 1 2 7 1 2 3 12 16 2 5 30 3 0 2 7 0 2 7 1 2 7 8 9 2 0 2 4 1 2 4 1 2 7 0 2 7 0 60.7776695489883423
0 2 4 0 2 7 12 16 2 1 2 7 1 2 7 0 2 4 5 31 3 1 2 4 1 2 4 1 2 7 0 2 7 0 2 7 0 2 7 0 2 4 17 9 2 0 2 7 0 2 7 0 2 7 17 9 2 0 2 7 1 2 7 0 2 4 17 18 2 5 30 3 1 2 4 0 2 7 0 2 7 0 2 7 0 2 7 0 2 7 1 2 7 1 2 4 17 9 2 0 2 3 1 2 7 1 2 7 17 18 2 1 2 4 12 16 2 13 6 3 1 2 7 0 2 7 1 2 3 1 2 7 0 2 7 1 2 11 0 2 7 0 2 7 17 9 2 0 2 7 5 31 3 5 30 3 16 31 2 0 2 7 5 30 3 5 31 3 1 2 7 0 2 7 1 2 7 5 30 3 0.0075282042524836253 61.2276065349578857

Current Evaluation = 12600(12600)
Front Size = 10
0 2 7 1 2 7 12 16 2 1 2 7 1 2 4 0 2 7 12 16 2 1 2 7 1 2 7 1 2 7 1 2 7 0 2 7 0 2 7 0 2 7 5 30 3 1 2 7 17 9 2 0 2 4 0 2 7 0 2 4 17 18 2 5 30 3 0 2 4 0 2 7 0 2 7 0 2 7 0 2 7 0 2 7 1 2 7 17 9 2 0 2 7 0 2 7 0 2 7 17 18 2 13 6 3 1 2 7 0 2 7 1 2 7 0 2 7 0 2 7 1 2 7 0 2 7 17 9 2 5 31 3 5 31 3 1 2 7 5 30 3 1 2 7 0 2 7 13 6 3 17 9 2 1 2 7 1 2 7 1 2 7 0 2 4 0 2 7 0 2 7 17 18 2 1 2 7 13 6 3 0 59.940948486328125
13 6 3 0 2 7 12 16 2 12 16 2 0 2 7 0 2 7 0 2 7 0 2 7 0 2 7 17 9 2 1 2 7 1 2 7 0 2 7 17 9 2 17 9 2 0 2 7 0 2 7 0 2 4 1 2 11 1 2 7 0 2 4 1 2 4 0 2 7 0 2 4 1 2 7 5 31 3 1 2 7 0 2 7 5 30 3 1 2 7 0 2 7 0 2 7 16 6 2 1 2 7 1 2 4 17 9 2 0 2 7 17 18 2 1 2 7 1 2 7 0 2 7 0 2 7 0 2 7 5 30 3 1 2 7 1 2 7 5 31 3 1 2 7 0 2 7 0 2 7 0 2 7 5 31 3 0 2 7 0 2 7 1 2 7 0 2 7 17 9 2 1 2 4 13 6 3 6 2 7 0 60.2555205225944519
5 30 3 5 30 3 1 2 7 12 16 2 0 2 3 0 2 7 0 2 7 1 2 7 0 2 4 1 2 7 0 2 7 0 2 7 0 2 7 0 2 7 17 9 2 1 2 3 0 2 7 1 2 4 12 16 2 5 30 3 0 2 7 0 2 7 1 2 7 1 2 7 0 2 7 13 6 3 1 2 7 0 2 7 0 2 4 1 2 4 0 2 7 0 2 7 17 9 2 17 9 2 0 2 7 0 2 3 1 2 4 0 2 7 17 18 2 8 18 2 0 2 7 0 2 7 8 18 2 0 2 7 0 2 7 0 2 7 0 2 7 17 9 2 1 2 7 5 30 3 5 30 3 0 2 7 0 2 7 16 9 8 1 2 4 5 31 3 1 2 7 16 15 2 1 2 11 1 2 4 0 61.4944313764572144
13 6 3 5 30 3 12 16 2 12 16 2 0 2 7 0 2 7 0 2 7 0 2 4 0 2 7 17 9 2 1 2 7 0 2 7 0 2 7 1 2 3 0 2 7 17 9 2 17 9 2 0 2 7 0 2 7 0 2 4 0 2 7 1 2 7 0 2 7 6 2 11 1 2 7 0 2 7 6 2 4 0 2 4 0 2 7 5 31 3 1 2 4 0 2 7 5 30 3 0 2 7 0 2 7 0 2 7 1 2 7 0 2 4 16 6 2 0 2 7 0 2 7 16 15 2 1 2 7 1 2 4 0 2 7 12 16 2 15 2 11 5 31 3 5 30 3 6 2 7 17 9 2 0 2 4 0 2 7 0 2 3 17 18 2 5 31 3 1 2 4 6 2 7 1 2 7 1 2 11 0 61.3554815649986267
5 30 3 5 30 3 0 2 7 12 16 2 0 2 7 0 2 3 0 2 7 0 2 7 1 2 7 0 2 7 1 2 7 0 2 7 1 2 7 1 2 4 0 2 7 17 9 2 0 2 7 8 18 2 0 2 7 1 2 3 1 2 7 0 2 3 8 18 2 12 16 2 5 30 3 0 2 3 0 2 7 0 2 7 0 2 7 8 18 2 1 2 7 0 2 7 13 6 3 1 2 7 0 2 7 0 2 7 0 2 7 12 16 2 0 2 3 0 2 7 0 2 7 16 19 11 17 9 2 0 2 3 5 30 3 5 30 3 17 9 2 1 2 7 1 2 7 1 2 3 1 2 7 0 2 3 16 30 2 16 6 2 5 30 3 0 2 3 16 15 2 0 2 7 1 2 3 0 2 3 0 62.1537814140319824
5 31 3 5 30 3 0 2 7 12 16 2 1 2 7 0 2 7 1 2 7 0 2 4 0 2 7 0 2 4 1 2 7 0 2 7 0 2 7 1 2 7 0 2 7 0 2 7 1 2 7 0 2 3 1 2 7 0 2 7 17 9 2 17 9 2 1 2 7 17 18 2 0 2 3 5 30 3 17 9 2 0 2 4 0 2 7 1 2 4 0 2 7 0 2 7 1 2 11 0 2 7 0 2 7 1 2 7 0 2 7 13 6 3 17 9 2 16 6 2 0 2 7 1 2 7 1 2 7 12 16 2 0 2 4 0 2 4 1 2 7 8 9 2 1 2 7 1 2 7 0 2 7 12 16 2 0 2 3 1 2 4 5 30 3 13 6 3 8 18 2 5 30 3 5 30 3 0 2 4 0.000322173119012673286 61.027273416519165
5 30 3 5 30 3 0 2 7 12 16 2 1 2 4 0 2 7 0 2 7 0 2 7 0 2 7 1 2 7 0 2 7 1 2 7 0 2 7 0 2 7 0 2 4 0 2 7 0 2 4 0 2 7 1 2 7 0 2 7 17 9 2 17 9 2 1 2 7 17 18 2 0 2 7 0 2 7 5 30 3 17 9 2 0 2 3 0 2 7 1 2 7 5 31 3 0 2 7 0 2 7 0 2 4 0 2 7 1 2 7 5 30 3 1 2 7 0 2 3 13 6 3 0 2 7 1 2 7 13 6 3 1 2 4 17 9 2 1 2 7 1 2 7 0 2 7 1 2 4 17 18 2 1 2 7 16 31 2 1 2 3 0 2 7 0 2 7 1 2 7 1 2 3 1 2 7 1 2 3 0 60.3256216049194336
13 6 3 12 16 2 12 16 2 1 2 7 1 2 7 5 30 3 1 2 7 0 2 7 0 2 7 17 9 2 0 2 7 1 2 7 0 2 7 0 2 7 1 2 7 17 9 2 0 2 7 8 9 2 0 2 7 5 30 3 0 2 7 0 2 7 0 2 7 0 2 7 16 6 2 0 2 7 1 2 7 0 2 7 1 2 7 5 31 3 0 2 7 6 2 7 0 2 7 1 2 3 0 2 7 0 2 7 5 30 3 0 2 7 0 2 4 16 30 2 5 30 3 5 31 3 17 18 2 6 2 7 0 2 7 1 2 7 5 31 3 0 2 7 1 2 7 0 2 7 0 2 7 0 2 7 0 2 7 17 9 2 0 2 7 0 2 7 1 2 7 0 2 7 5 30 3 1 2 7 0 61.465179443359375
5 31 3 5 30 3 0 2 7 12 16 2 1 2 7 0 2 7 1 2 7 0 2 4 0 2 7 0 2 4 1 2 7 0 2 7 0 2 7 1 2 7 0 2 7 0 2 7 1 2 7 0 2 3 1 2 7 0 2 7 17 9 2 17 9 2 1 2 7 17 18 2 5 30 3 17 9 2 0 2 7 1 2 4 0 2 7 0 2 7 0 2 7 0 2 7 1 2 4 5 30 3 1 2 7 0 2 7 13 6 3 13 6 3 17 9 2 5 30 3 16 6 2 0 2 7 1 2 7 12 16 2 5 30 3 8 9 2 0 2 7 1 2 3 1 2 3 0 2 11 0 2 11 1 2 3 17 18 2 16 30 2 1 2 3 0 2 4 1 2 7 0 2 4 1 2 3 0 2 7 0.00820072061423687479 60.7509967088699341
13 6 3 0 2 7 12 16 2 12 16 2 1 2 7 0 2 4 0 2 7 0 2 7 0 2 7 17 9 2 1 2 7 1 2 7 0 2 7 17 9 2 17 9 2 0 2 7 0 2 4 0 2 7 0 2 7 1 2 7 0 2 7 0 2 7 0 2 7 1 2 7 5 30 3 1 2 7 0 2 4 6 2 7 1 2 7 0 2 7 0 2 7 16 6 2 1 2 4 0 2 7 17 18 2 0 2 7 1 2 4 0 2 7 0 2 7 5 31 3 1 2 7 5 31 3 0 2 4 0 2 7 0 2 7 1 2 7 5 31 3 0 2 7 0 2 4 0 2 7 0 2 7 1 2 4 5 30 3 1 2 11 1 2 11 5 30 3 8 9 2 17 9 2 1 2 7 16 6 2 0 60.8585204482078552

Current Evaluation = 13500(13500)
Front Size = 10
13 6 3 0 2 7 12 16 2 12 16 2 0 2 7 0 2 7 0 2 7 0 2 7 1 2 7 17 9 2 1 2 7 0 2 3 1 2 7 17 9 2 17 9 2 0 2 7 0 2 7 0 2 7 1 2 7 0 2 7 1 2 11 0 2 7 0 2 7 1 2 7 5 31 3 1 2 7 0 2 7 5 30 3 1 2 7 0 2 7 0 2 7 1 2 7 17 9 2 0 2 7 17 18 2 1 2 7 1 2 7 0 2 7 0 2 7 0 2 7 1 2 7 1 2 7 1 2 7 5 31 3 1 2 3 0 2 7 0 2 7 0 2 7 1 2 4 1 2 11 13 6 3 13 6 3 0 2 7 17 18 2 1 2 7 1 2 7 0 2 7 17 9 2 1 2 4 1 2 7 0 59.8072065114974976
0 2 7 1 2 7 12 16 2 1 2 7 1 2 7 0 2 4 1 2 7 1 2 7 1 2 7 1 2 7 0 2 7 0 2 7 0 2 4 5 30 3 1 2 7 17 9 2 0 2 4 0 2 7 0 2 4 17 18 2 5 30 3 0 2 4 0 2 4 6 2 7 0 2 7 0 2 3 0 2 7 1 2 7 17 9 2 0 2 7 0 2 7 0 2 7 13 6 3 0 2 7 1 2 7 1 2 4 0 2 7 0 2 7 1 2 7 0 2 7 17 9 2 5 31 3 5 31 3 1 2 4 5 30 3 0 2 7 13 6 3 17 9 2 0 2 7 0 2 7 17 9 2 1 2 4 0 2 7 0 2 7 1 2 7 1 2 7 0 2 7 17 9 2 5 30 3 1 2 7 0 60.3422775864601135
0 2 7 1 2 7 12 16 2 1 2 7 1 2 4 0 2 7 12 16 2 1 2 7 1 2 7 1 2 7 1 2 7 0 2 7 0 2 7 0 2 7 5 30 3 1 2 7 17 9 2 0 2 4 0 2 7 0 2 4 17 18 2 5 30 3 0 2 4 0 2 7 0 2 7 0 2 7 0 2 7 0 2 7 1 2 7 17 9 2 0 2 7 0 2 7 0 2 7 17 18 2 13 6 3 1 2 7 0 2 7 1 2 7 0 2 7 0 2 7 1 2 7 0 2 7 17 9 2 5 31 3 5 31 3 1 2 7 5 30 3 1 2 7 0 2 7 13 6 3 17 9 2 1 2 7 1 2 7 1 2 7 0 2 4 0 2 7 0 2 7 17 18 2 1 2 7 13 6 3 0 59.940948486328125
5 30 3 5 31 3 6 2 7 12 16 2 0 2 7 0 2 7 0 2 7 5 30 3 0 2 7 0 2 7 0 2 7 5 30 3 0 2 7 0 2 7 1 2 7 0 2 7 1 2 7 1 2 7 0 2 7 8 9 2 17 9 2 0 2 7 17 18 2 5 30 3 17 9 2 1 2 7 0 2 7 0 2 7 0 2 7 0 2 7 0 2 7 0 2 7 0 2 7 0 2 7 0 2 7 13 6 3 17 9 2 16 6 2 1 2 4 1 2 7 1 2 11 12 16 2 1 2 7 1 2 7 0 2 7 0 2 7 6 2 7 13 6 3 0 2 7 0 2 7 0 2 7 0 2 7 5 31 3 0 2 7 5 30 3 5 30 3 17 18 2 1 2 7 1 2 7 1 2 7 0 61.2414772510528564
5 30 3 5 30 3 0 2 7 12 16 2 1 2 4 0 2 7 0 2 7 0 2 7 0 2 7 1 2 7 0 2 7 1 2 7 0 2 7 0 2 7 0 2 4 0 2 7 0 2 4 0 2 7 1 2 7 0 2 7 17 9 2 17 9 2 1 2 7 17 18 2 0 2 7 0 2 7 5 30 3 17 9 2 0 2 3 0 2 7 1 2 7 5 31 3 0 2 7 0 2 7 0 2 4 0 2 7 1 2 7 5 30 3 1 2 7 0 2 3 13 6 3 0 2 7 1 2 7 13 6 3 1 2 4 17 9 2 1 2 7 1 2 7 0 2 7 1 2 4 17 18 2 1 2 7 16 31 2 1 2 3 0 2 7 0 2 7 1 2 7 1 2 3 1 2 7 1 2 3 0 60.3256216049194336
5 30 3 5 30 3 0 2 7 12 16 2 0 2 7 0 2 3 0 2 7 0 2 7 1 2 7 0 2 7 1 2 7 0 2 7 1 2 7 1 2 4 0 2 7 17 9 2 0 2 7 8 18 2 0 2 7 1 2 3 1 2 7 0 2 3 8 18 2 12 16 2 5 30 3 0 2 3 0 2 7 0 2 7 0 2 7 8 18 2 1 2 7 0 2 7 13 6 3 1 2 7 0 2 7 0 2 7 0 2 7 12 16 2 0 2 3 0 2 7 0 2 7 16 19 11 17 9 2 0 2 3 5 30 3 5 30 3 17 9 2 1 2 7 1 2 7 1 2 3 1 2 7 0 2 3 16 30 2 16 6 2 5 30 3 0 2 3 16 15 2 0 2 7 1 2 3 0 2 3 0 62.1537814140319824
5 30 3 5 30 3 1 2 7 12 16 2 0 2 3 0 2 7 0 2 7 1 2 7 0 2 4 1 2 7 0 2 7 0 2 7 0 2 7 0 2 7 17 9 2 1 2 3 0 2 7 1 2 4 12 16 2 5 30 3 0 2 7 0 2 7 1 2 7 1 2 7 0 2 7 13 6 3 1 2 7 0 2 7 0 2 4 1 2 4 0 2 7 0 2 7 17 9 2 17 9 2 0 2 7 0 2 3 1 2 4 0 2 7 17 18 2 8 18 2 0 2 7 0 2 7 8 18 2 0 2 7 0 2 7 0 2 7 0 2 7 17 9 2 1 2 7 5 30 3 5 30 3 0 2 7 0 2 7 16 9 8 1 2 4 5 31 3 1 2 7 16 15 2 1 2 11 1 2 4 0 61.4944313764572144
5 30 3 5 30 3 1 2 7 12 16 2 1 2 7 1 2 7 0 2 7 0 2 7 0 2 7 1 2 7 0 2 7 0 2 7 1 2 7 0 2 4 0 2 7 0 2 7 1 2 7 1 2 7 0 2 7 17 9 2 17 9 2 0 2 4 17 18 2 1 2 7 0 2 11 5 31 3 17 9 2 6 2 7 1 2 7 5 30 3 17 1 2 1 2 7 0 2 7 0 2 7 0 2 7 13 6 3 1 2 7 0 2 7 17 9 2 0 2 7 0 2 11 1 2 7 0 2 7 0 2 7 1 2 7 0 2 7 13 6 3 5 30 3 12 16 2 0 2 7 0 2 7 0 2 7 0 2 7 0 2 7 0 2 7 1 2 7 8 9 2 5 30 3 1 2 11 17 9 2 0 60.7806574702262878
5 30 3 5 30 3 0 2 7 12 16 2 0 2 7 0 2 4 0 2 7 0 2 7 0 2 4 6 2 7 0 2 7 1 2 7 0 2 4 1 2 7 1 2 11 0 2 7 1 2 7 0 2 7 17 9 2 17 9 2 0 2 7 17 18 2 0 2 7 0 2 7 5 30 3 17 9 2 0 2 4 0 2 7 5 30 3 0 2 4 0 2 7 0 2 7 1 2 3 5 30 3 1 2 7 13 6 3 0 2 7 1 2 11 13 6 3 1 2 7 1 2 7 0 2 7 17 18 2 0 2 7 1 2 7 0 2 7 0 2 7 0 2 7 5 31 3 1 2 7 1 2 7 17 9 2 5 31 3 0 2 7 16 30 2 0 2 7 1 2 4 0 2 7 1 2 7 1 2 11 0 60.7936564087867737
5 30 3 5 30 3 17 18 2 12 16 2 0 2 7 0 2 3 1 2 7 0 2 4 1 2 4 0 2 3 1 2 4 0 2 4 0 2 7 17 9 2 0 2 7 1 2 7 12 16 2 5 30 3 0 2 7 0 2 7 1 2 7 1 2 4 0 2 7 13 6 3 0 2 7 0 2 7 0 2 7 0 2 3 0 2 7 17 9 2 17 9 2 0 2 7 1 2 7 17 18 2 0 2 7 1 2 4 0 2 7 0 2 7 0 2 10 0 2 7 17 9 2 1 2 4 5 31 3 1 2 7 0 2 7 1 2 7 1 2 7 1 2 7 1 2 7 0 2 11 8 18 2 0 2 7 5 30 3 0 2 7 0 2 7 5 30 3 13 6 3 16 6 2 1 2 7 1 2 4 0 60.7776695489883423

Current Evaluation = 14400(14400)
Front Size = 10
13 6 3 0 2 7 12 16 2 12 16 2 0 2 7 0 2 7 0 2 7 0 2 7 1 2 7 17 9 2 1 2 7 0 2 3 1 2 7 17 9 2 17 9 2 0 2 7 0 2 7 0 2 7 1 2 7 0 2 7 1 2 11 0 2 7 0 2 7 1 2 7 5 31 3 1 2 7 0 2 7 5 30 3 1 2 7 0 2 7 0 2 7 1 2 7 17 9 2 0 2 7 17 18 2 1 2 7 1 2 7 0 2 7 0 2 7 0 2 7 1 2 7 1 2 7 1 2 7 5 31 3 1 2 3 0 2 7 0 2 7 0 2 7 1 2 4 1 2 11 13 6 3 13 6 3 0 2 7 17 18 2 1 2 7 1 2 7 0 2 7 17 9 2 1 2 4 1 2 7 0 59.8072065114974976
0 2 7 1 2 7 12 16 2 1 2 7 1 2 7 0 2 4 1 2 7 1 2 7 1 2 7 1 2 7 0 2 7 0 2 7 0 2 4 5 30 3 1 2 7 17 9 2 0 2 4 0 2 7 0 2 4 17 18 2 5 30 3 0 2 4 0 2 4 6 2 7 0 2 7 0 2 3 0 2 7 1 2 7 17 9 2 0 2 7 0 2 7 0 2 7 13 6 3 0 2 7 1 2 7 1 2 4 0 2 7 0 2 7 1 2 7 0 2 7 17 9 2 5 31 3 5 31 3 1 2 4 5 30 3 0 2 7 13 6 3 17 9 2 0 2 7 0 2 7 17 9 2 1 2 4 0 2 7 0 2 7 1 2 7 1 2 7 0 2 7 17 9 2 5 30 3 1 2 7 0 60.3422775864601135
5 30 3 5 30 3 0 2 7 12 16 2 0 2 7 0 2 3 0 2 7 0 2 7 1 2 7 0 2 7 1 2 7 0 2 7 1 2 7 1 2 4 0 2 7 17 9 2 0 2 7 8 18 2 0 2 7 1 2 3 1 2 7 0 2 3 8 18 2 12 16 2 5 30 3 0 2 3 0 2 7 0 2 7 0 2 7 8 18 2 1 2 7 0 2 7 13 6 3 1 2 7 0 2 7 0 2 7 0 2 7 12 16 2 0 2 3 0 2 7 0 2 7 16 19 11 17 9 2 0 2 3 5 30 3 5 30 3 17 9 2 1 2 7 1 2 7 1 2 3 1 2 7 0 2 3 16 30 2 16 6 2 5 30 3 0 2 3 16 15 2 0 2 7 1 2 3 0 2 3 0 62.1537814140319824
5 30 3 0 2 7 12 16 2 0 2 7 0 2 7 1 2 4 1 2 3 0 2 7 1 2 4 1 2 7 0 2 7 0 2 7 1 2 7 1 2 7 0 2 7 1 2 7 1 2 7 0 2 7 1 2 4 17 9 2 1 2 4 17 18 2 0 2 7 5 31 3 1 2 7 1 2 7 5 30 3 0 2 7 0 2 7 0 2 4 0 2 7 13 6 3 1 2 7 0 2 4 17 9 2 0 2 7 1 2 7 0 2 7 0 2 7 0 2 4 0 2 7 13 6 3 5 31 3 1 2 7 1 2 4 1 2 7 17 9 2 0 2 7 17 18 2 0 2 7 1 2 4 17 9 2 5 30 3 17 18 2 0 2 7 0 2 7 0 2 7 1 2 4 0 2 7 0 2 7 0 60.0847896337509155
1 2 7 1 2 7 12 16 2 0 2 7 0 2 7 1 2 7 0 2 7 0 2 4 0 2 3 0 2 7 1 2 11 1 2 7 0 2 4 0 2 7 8 18 2 1 2 11 1 2 11 1 2 7 17 9 2 1 2 7 17 18 2 1 2 11 5 30 3 1 2 4 13 6 3 5 31 3 1 2 7 0 2 7 0 2 7 1 2 7 1 2 7 1 2 7 0 2 4 17 9 2 0 2 3 1 2 7 0 2 11 0 2 7 0 2 7 13 6 3 1 2 7 1 2 7 1 2 7 17 18 2 0 2 7 0 2 7 17 9 2 5 30 3 0 2 7 0 2 4 0 2 7 0 2 7 0 2 7 0 2 7 5 30 3 0 2 7 17 9 2 17 18 2 1 2 11 0 2 7 0 60.5741684436798096
0 2 7 1 2 7 12 16 2 1 2 7 1 2 4 0 2 7 12 16 2 1 2 7 1 2 7 1 2 7 1 2 7 0 2 7 0 2 7 0 2 7 5 30 3 1 2 7 17 9 2 0 2 4 0 2 7 0 2 4 17 18 2 5 30 3 0 2 4 0 2 7 0 2 7 0 2 7 0 2 7 0 2 7 1 2 7 17 9 2 0 2 7 0 2 7 0 2 7 17 18 2 13 6 3 1 2 7 0 2 7 1 2 7 0 2 7 0 2 7 1 2 7 0 2 7 17 9 2 5 31 3 5 31 3 1 2 7 5 30 3 1 2 7 0 2 7 13 6 3 17 9 2 1 2 7 1 2 7 1 2 7 0 2 4 0 2 7 0 2 7 17 18 2 1 2 7 13 6 3 0 59.940948486328125
5 30 3 5 30 3 17 18 2 12 16 2 0 2 7 0 2 7 1 2 7 5 31 3 0 2 7 0 2 7 17 9 2 0 2 4 1 2 7 12 16 2 5 30 3 0 2 7 6 2 7 1 2 7 0 2 7 13 6 3 0 2 7 0 2 4 0 2 7 1 2 7 17 9 2 17 9 2 0 2 7 1 2 7 17 18 2 0 2 7 0 2 7 0 2 7 0 2 7 17 9 2 5 31 3 0 2 7 1 2 7 0 2 7 1 2 11 1 2 7 0 2 7 0 2 7 0 2 7 13 6 3 0 2 7 17 18 2 1 2 4 13 6 3 0 2 7 1 2 7 1 2 7 1 2 4 0 2 7 5 30 3 1 2 7 0 2 7 1 2 7 1 2 4 1 2 7 0 2 4 0 60.2580364346504211
17 18 2 5 30 3 0 2 7 12 16 2 1 2 7 0 2 7 1 2 7 0 2 7 0 2 7 0 2 7 1 2 7 1 2 4 8 18 2 0 2 4 0 2 7 0 2 7 1 2 3 1 2 7 1 2 7 0 2 7 17 9 2 1 2 4 17 18 2 0 2 4 5 31 3 16 15 2 5 30 3 0 2 7 0 2 7 1 2 7 0 2 7 13 6 3 0 2 4 17 9 2 0 2 7 1 2 7 1 2 7 1 2 7 5 30 3 0 2 7 0 2 7 0 2 7 0 2 3 1 2 7 17 9 2 0 2 7 1 2 7 1 2 7 1 2 4 0 2 3 0 2 7 1 2 7 1 2 3 8 9 2 0 2 7 0 2 3 17 18 2 0 2 4 1 2 7 0 2 7 0 60.6615136861801147
5 30 3 5 30 3 0 2 7 12 16 2 1 2 4 0 2 7 0 2 7 0 2 7 0 2 4 0 2 7 1 2 7 1 2 7 0 2 7 1 2 7 0 2 7 17 9 2 17 9 2 0 2 7 17 18 2 0 2 7 0 2 7 5 30 3 17 9 2 0 2 7 17 9 2 0 2 7 0 2 7 5 30 3 1 2 7 13 6 3 0 2 7 13 6 3 1 2 7 1 2 4 0 2 7 17 18 2 0 2 4 1 2 4 0 2 11 0 2 7 0 2 7 5 30 3 1 2 7 1 2 4 17 9 2 1 2 7 1 2 7 1 2 7 0 2 11 0 2 7 1 2 4 1 2 4 1 2 4 0 2 7 5 31 3 0 2 7 8 18 2 0 2 7 0 2 11 1 2 11 0 60.6879106760025024
5 31 3 0 2 4 1 2 7 0 2 7 0 2 7 1 2 7 0 2 7 1 2 7 0 2 4 0 2 7 1 2 4 1 2 7 0 2 7 1 2 7 1 2 7 0 2 7 17 9 2 17 18 2 0 2 7 5 30 3 1 2 7 1 2 7 5 30 3 0 2 7 0 2 7 0 2 3 0 2 7 13 6 3 1 2 4 0 2 4 17 9 2 0 2 7 1 2 7 0 2 7 0 2 7 0 2 7 0 2 7 13 6 3 5 31 3 1 2 7 1 2 7 17 9 2 0 2 7 17 18 2 0 2 4 17 9 2 5 30 3 17 18 2 0 2 4 0 2 7 0 2 7 0 2 7 12 16 2 1 2 4 1 2 4 1 2 7 1 2 7 1 2 4 0 2 7 1 2 7 0 60.0847896337509155

Current Evaluation = 15300(15300)
Front Size = 10
5 31 3 0 2 7 0 2 7 1 2 7 0 2 7 1 2 7 0 2 7 1 2 7 0 2 7 1 2 7 1 2 7 1 2 7 0 2 7 17 9 2 17 18 2 0 2 7 5 30 3 1 2 11 1 2 7 0 2 7 0 2 7 0 2 4 0 2 7 13 6 3 1 2 7 17 9 2 0 2 7 1 2 7 1 2 7 0 2 7 0 2 7 0 2 7 13 6 3 12 16 2 1 2 7 0 2 7 17 9 2 1 2 3 17 18 2 17 9 2 0 2 7 0 2 7 12 16 2 1 2 7 0 2 7 1 2 11 1 2 7 0 2 3 1 2 7 0 2 7 5 31 3 13 6 3 1 2 7 0 2 7 17 9 2 1 2 7 0 2 7 1 2 4 1 2 7 0 2 7 0 59.8072065114974976
5 31 3 0 2 4 1 2 7 0 2 7 0 2 7 5 30 3 1 2 4 1 2 4 0 2 4 0 2 7 1 2 7 1 2 4 0 2 7 0 2 7 1 2 7 0 2 7 17 9 2 17 18 2 0 2 7 0 2 7 1 2 7 1 2 7 5 30 3 0 2 7 1 2 7 1 2 7 13 6 3 1 2 7 0 2 7 17 9 2 0 2 7 1 2 7 0 2 7 0 2 7 0 2 7 0 2 7 13 6 3 5 31 3 1 2 7 1 2 7 17 9 2 0 2 7 17 18 2 17 9 2 5 30 3 0 2 7 1 2 7 12 16 2 1 2 7 1 2 7 0 2 7 12 16 2 0 2 7 1 2 7 13 6 3 17 18 2 0 2 7 0 2 7 0 2 7 0 2 7 0 59.940948486328125
1 2 7 1 2 7 12 16 2 0 2 7 0 2 7 1 2 7 0 2 7 0 2 4 0 2 3 0 2 7 1 2 7 0 2 4 0 2 7 1 2 7 17 9 2 1 2 7 17 18 2 5 30 3 1 2 4 13 6 3 5 31 3 1 2 7 0 2 7 0 2 4 1 2 7 1 2 7 1 2 7 0 2 4 17 9 2 1 2 7 0 2 7 0 2 7 13 6 3 1 2 7 1 2 7 1 2 7 17 18 2 0 2 7 0 2 7 17 9 2 5 30 3 0 2 7 0 2 4 0 2 7 0 2 7 0 2 7 0 2 7 5 30 3 0 2 7 17 9 2 17 18 2 0 2 7 1 2 4 1 2 7 0 2 4 1 2 4 1 2 7 0 2 7 0 2 4 5 31 3 0 60.0847896337509155
5 31 3 0 2 7 1 2 7 0 2 7 0 2 7 5 30 3 1 2 7 1 2 7 0 2 7 0 2 7 0 2 7 1 2 7 0 2 7 1 2 7 1 2 7 0 2 7 17 9 2 17 18 2 0 2 7 0 2 7 1 2 7 1 2 7 5 30 3 0 2 7 1 2 7 0 2 7 13 6 3 1 2 7 0 2 7 17 9 2 0 2 7 0 2 7 0 2 7 0 2 4 0 2 7 1 2 7 13 6 3 5 31 3 1 2 7 1 2 7 17 9 2 0 2 7 17 18 2 17 9 2 5 30 3 17 18 2 0 2 7 0 2 4 0 2 4 12 16 2 1 2 7 1 2 7 0 2 7 12 16 2 0 2 7 0 2 4 1 2 7 1 2 4 13 6 3 1 2 7 0 59.940948486328125
0 2 7 1 2 7 12 16 2 6 2 7 1 2 4 0 2 4 1 2 7 1 2 7 1 2 4 0 2 4 0 2 7 0 2 7 0 2 7 5 30 3 1 2 7 17 9 2 5 31 3 0 2 7 0 2 7 17 18 2 0 2 4 1 2 7 0 2 7 0 2 11 1 2 7 1 2 7 17 9 2 0 2 7 0 2 7 0 2 7 13 6 3 1 2 4 1 2 4 1 2 4 0 2 7 0 2 7 1 2 7 0 2 11 17 9 2 5 30 3 5 31 3 1 2 7 0 2 7 17 9 2 0 2 7 0 2 7 17 9 2 1 2 3 0 2 3 0 2 7 12 16 2 0 2 7 1 2 7 13 6 3 1 2 3 1 2 4 0 2 7 17 9 2 1 2 4 0 2 4 0 60.3268858790397644
5 30 3 5 30 3 0 2 7 12 16 2 0 2 7 0 2 3 0 2 7 0 2 7 1 2 7 0 2 7 1 2 7 0 2 7 1 2 7 1 2 4 0 2 7 17 9 2 0 2 7 8 18 2 0 2 7 1 2 3 1 2 7 0 2 3 8 18 2 12 16 2 5 30 3 0 2 3 0 2 7 0 2 7 0 2 7 8 18 2 1 2 7 0 2 7 13 6 3 1 2 7 0 2 7 0 2 7 0 2 7 12 16 2 0 2 3 0 2 7 0 2 7 16 19 11 17 9 2 0 2 3 5 30 3 5 30 3 17 9 2 1 2 7 1 2 7 1 2 3 1 2 7 0 2 3 16 30 2 16 6 2 5 30 3 0 2 3 16 15 2 0 2 7 1 2 3 0 2 3 0 62.1537814140319824
5 30 3 0 2 7 12 16 2 0 2 7 0 2 7 1 2 4 1 2 3 0 2 7 1 2 4 1 2 7 0 2 7 0 2 7 1 2 7 1 2 7 0 2 7 1 2 7 1 2 7 0 2 7 1 2 4 17 9 2 1 2 4 17 18 2 0 2 7 5 31 3 1 2 7 1 2 7 5 30 3 0 2 7 0 2 7 0 2 4 0 2 7 13 6 3 1 2 7 0 2 4 17 9 2 0 2 7 1 2 7 0 2 7 0 2 7 0 2 4 0 2 7 13 6 3 5 31 3 1 2 7 1 2 4 1 2 7 17 9 2 0 2 7 17 18 2 0 2 7 1 2 4 17 9 2 5 30 3 17 18 2 0 2 7 0 2 7 0 2 7 1 2 4 0 2 7 0 2 7 0 60.0847896337509155
0 2 7 0 2 7 12 16 2 0 2 7 0 2 7 0 2 7 0 2 7 1 2 7 17 9 2 1 2 11 0 2 7 1 2 7 17 9 2 17 18 2 1 2 7 0 2 7 0 2 7 0 2 11 0 2 7 1 2 7 5 31 3 5 31 3 1 2 7 0 2 7 1 2 11 1 2 11 17 9 2 1 2 7 17 18 2 1 2 7 0 2 7 0 2 7 1 2 7 1 2 7 0 2 7 17 18 2 12 16 2 0 2 7 1 2 7 0 2 7 5 30 3 13 6 3 0 2 7 17 9 2 0 2 7 5 30 3 1 2 4 1 2 7 1 2 7 0 2 7 13 6 3 0 2 7 1 2 7 1 2 4 1 2 7 0 2 7 0 2 7 13 6 3 0 2 7 0 2 7 0 60.1381534337997437
1 2 7 0 2 7 12 16 2 0 2 7 0 2 7 0 2 7 0 2 7 1 2 7 17 9 2 1 2 4 1 2 7 1 2 4 17 9 2 17 9 2 1 2 7 6 2 7 0 2 7 0 2 7 0 2 4 1 2 7 5 31 3 5 31 3 1 2 7 0 2 4 1 2 7 1 2 7 17 9 2 1 2 7 17 18 2 1 2 7 0 2 7 0 2 3 1 2 11 1 2 7 1 2 7 17 18 2 12 16 2 0 2 7 0 2 3 0 2 4 5 30 3 13 6 3 0 2 7 17 9 2 0 2 4 1 2 4 1 2 7 0 2 7 0 2 4 0 2 4 1 2 11 0 2 7 1 2 3 13 6 3 5 30 3 0 2 7 0 2 7 0 2 7 0 2 4 0 2 4 0 60.3268856406211853
5 31 3 0 2 7 1 2 7 0 2 7 0 2 7 5 30 3 1 2 7 1 2 7 0 2 7 0 2 7 0 2 7 1 2 7 0 2 7 1 2 7 1 2 7 0 2 7 17 9 2 17 18 2 0 2 7 0 2 7 1 2 7 1 2 7 5 30 3 0 2 7 1 2 7 0 2 7 13 6 3 1 2 7 0 2 7 17 9 2 0 2 7 0 2 7 0 2 7 0 2 4 0 2 7 13 6 3 5 31 3 17 9 2 0 2 7 17 9 2 0 2 4 0 2 4 12 16 2 12 16 2 0 2 4 1 2 4 1 2 7 1 2 7 1 2 7 17 9 2 17 9 2 1 2 4 1 2 4 1 2 7 1 2 4 1 2 4 6 2 7 0 2 11 0 2 3 1 2 7 0.000104128215599013025 59.9967337250709534

Current Evaluation = 16200(16200)
Front Size = 10
5 31 3 0 2 7 0 2 7 1 2 7 0 2 7 1 2 7 0 2 7 1 2 7 0 2 7 1 2 7 1 2 7 1 2 7 0 2 7 17 9 2 17 18 2 0 2 7 5 30 3 1 2 11 1 2 7 0 2 7 0 2 7 0 2 4 0 2 7 13 6 3 1 2 7 17 9 2 0 2 7 1 2 7 1 2 4 0 2 7 0 2 7 0 2 7 13 6 3 12 16 2 1 2 7 0 2 7 17 9 2 1 2 3 17 18 2 17 9 2 0 2 7 0 2 7 12 16 2 1 2 7 0 2 7 1 2 11 1 2 7 1 2 7 0 2 7 5 31 3 13 6 3 1 2 7 0 2 7 1 2 7 0 2 7 1 2 7 0 2 7 0 2 3 17 9 2 1 2 7 0 59.8072065114974976
5 31 3 0 2 7 0 2 7 1 2 7 0 2 7 1 2 7 0 2 7 1 2 7 0 2 7 1 2 3 1 2 7 1 2 7 0 2 7 17 9 2 17 18 2 0 2 7 5 30 3 1 2 11 1 2 7 0 2 7 0 2 7 0 2 4 0 2 7 13 6 3 1 2 7 17 9 2 0 2 7 1 2 7 1 2 7 0 2 7 0 2 7 0 2 7 13 6 3 12 16 2 1 2 7 0 2 7 17 9 2 1 2 3 17 18 2 17 9 2 0 2 7 0 2 7 12 16 2 1 2 7 0 2 7 1 2 11 1 2 7 1 2 7 0 2 7 5 31 3 13 6 3 1 2 7 0 2 7 1 2 7 0 2 7 1 2 7 0 2 7 0 2 4 17 18 2 1 2 7 0 59.8072065114974976
5 31 3 0 2 7 0 2 7 0 2 7 0 2 7 5 30 3 0 2 7 0 2 7 1 2 7 0 2 7 0 2 7 1 2 7 0 2 7 17 9 2 17 18 2 0 2 7 0 2 7 1 2 7 0 2 4 0 2 7 0 2 7 1 2 7 13 6 3 1 2 7 5 30 3 17 9 2 0 2 7 1 2 7 1 2 4 0 2 7 0 2 7 0 2 7 13 6 3 5 31 3 1 2 7 1 2 7 17 9 2 0 2 7 17 18 2 0 2 7 1 2 7 12 16 2 0 2 7 1 2 7 0 2 7 12 16 2 0 2 7 1 2 7 13 6 3 17 18 2 0 2 7 0 2 7 1 2 7 1 2 4 1 2 7 5 30 3 17 9 2 1 2 4 1 2 4 1 2 7 0 59.940948486328125
5 31 3 0 2 7 0 2 7 1 2 7 1 2 11 1 2 7 0 2 4 1 2 7 0 2 7 1 2 7 1 2 7 1 2 7 0 2 7 17 9 2 17 18 2 0 2 7 5 30 3 0 2 7 1 2 7 0 2 7 0 2 7 0 2 7 1 2 7 13 6 3 1 2 7 17 9 2 0 2 7 1 2 7 1 2 7 0 2 7 1 2 11 0 2 7 13 6 3 12 16 2 0 2 7 0 2 3 17 9 2 1 2 4 17 18 2 0 2 7 0 2 7 12 16 2 1 2 7 0 2 7 1 2 7 1 2 7 0 2 7 5 31 3 13 6 3 1 2 7 0 2 7 1 2 7 0 2 3 1 2 7 17 9 2 0 2 7 0 2 7 17 18 2 1 2 7 0 2 7 0 59.8072065114974976
0 2 7 0 2 7 12 16 2 0 2 7 0 2 7 0 2 7 0 2 7 1 2 7 17 9 2 0 2 7 1 2 7 17 9 2 17 18 2 0 2 7 0 2 4 0 2 7 0 2 4 1 2 7 5 31 3 5 31 3 1 2 7 0 2 7 17 9 2 1 2 7 17 18 2 1 2 7 0 2 7 0 2 7 1 2 7 1 2 7 0 2 4 17 18 2 12 16 2 0 2 7 1 2 7 0 2 7 5 30 3 13 6 3 0 2 7 17 9 2 0 2 7 5 30 3 1 2 4 1 2 7 0 2 7 0 2 7 13 6 3 0 2 7 1 2 7 1 2 4 1 2 7 0 2 7 0 2 7 13 6 3 0 2 7 1 2 7 5 30 3 1 2 7 1 2 7 1 2 7 0 59.940948486328125
5 30 3 0 2 7 12 16 2 0 2 7 0 2 7 1 2 4 1 2 3 0 2 7 1 2 4 1 2 7 0 2 7 0 2 7 1 2 7 1 2 7 0 2 7 1 2 7 1 2 7 0 2 7 1 2 4 17 9 2 1 2 4 17 18 2 0 2 7 5 31 3 1 2 7 1 2 7 5 30 3 0 2 7 0 2 7 0 2 4 0 2 7 13 6 3 1 2 7 0 2 4 17 9 2 0 2 7 1 2 7 0 2 7 0 2 7 0 2 4 0 2 7 13 6 3 5 31 3 1 2 7 1 2 4 1 2 7 17 9 2 0 2 7 17 18 2 0 2 7 1 2 4 17 9 2 5 30 3 17 18 2 0 2 7 0 2 7 0 2 7 1 2 4 0 2 7 0 2 7 0 60.0847896337509155
1 2 7 1 2 7 12 16 2 0 2 7 0 2 7 1 2 7 0 2 7 0 2 4 0 2 3 0 2 7 1 2 7 0 2 4 0 2 7 1 2 7 17 9 2 1 2 7 17 18 2 5 30 3 1 2 4 13 6 3 5 31 3 1 2 7 0 2 7 0 2 4 1 2 7 1 2 7 1 2 7 0 2 4 17 9 2 1 2 7 0 2 7 0 2 7 13 6 3 1 2 7 1 2 7 1 2 7 17 18 2 0 2 7 0 2 7 17 9 2 5 30 3 0 2 7 0 2 4 0 2 7 0 2 7 0 2 7 0 2 7 5 30 3 0 2 7 17 9 2 17 18 2 0 2 7 1 2 4 1 2 7 0 2 4 1 2 4 1 2 7 0 2 7 0 2 4 5 31 3 0 60.0847896337509155
0 2 7 0 2 7 12 16 2 0 2 7 0 2 7 0 2 7 0 2 7 1 2 7 17 9 2 1 2 11 0 2 7 1 2 7 17 9 2 17 18 2 1 2 7 0 2 7 0 2 7 0 2 11 0 2 7 1 2 7 5 31 3 5 31 3 1 2 7 0 2 7 1 2 11 1 2 11 17 9 2 1 2 7 17 18 2 1 2 7 0 2 7 0 2 7 1 2 7 1 2 7 0 2 7 17 18 2 12 16 2 0 2 7 1 2 7 0 2 7 5 30 3 13 6 3 0 2 7 17 9 2 0 2 7 5 30 3 1 2 4 1 2 7 1 2 7 0 2 7 13 6 3 0 2 7 1 2 7 1 2 4 1 2 7 0 2 7 0 2 7 13 6 3 0 2 7 0 2 7 0 60.1381534337997437
1 2 7 0 2 7 12 16 2 0 2 7 0 2 7 0 2 7 0 2 7 0 2 7 17 9 2 1 2 11 1 2 7 1 2 7 17 9 2 17 9 2 1 2 4 0 2 7 0 2 4 1 2 11 6 2 7 5 31 3 5 31 3 1 2 7 0 2 7 1 2 7 1 2 4 17 9 2 1 2 7 17 18 2 1 2 4 0 2 7 1 2 7 17 18 2 0 2 4 0 2 4 5 30 3 13 6 3 1 2 7 1 2 7 0 2 7 0 2 7 1 2 7 13 6 3 5 31 3 0 2 7 0 2 7 0 2 4 1 2 4 0 2 7 0 2 7 0 2 7 12 16 2 0 2 7 17 9 2 0 2 7 1 2 7 1 2 7 0 2 4 0 2 7 1 2 7 0 2 7 0 60.1671646237373352
1 2 7 0 2 7 12 16 2 0 2 7 1 2 11 0 2 7 0 2 7 1 2 7 17 9 2 1 2 7 1 2 7 1 2 7 17 9 2 17 18 2 0 2 7 0 2 11 0 2 4 0 2 7 1 2 7 5 31 3 5 31 3 1 2 7 0 2 7 1 2 7 0 2 7 17 9 2 1 2 3 17 18 2 1 2 7 0 2 7 1 2 7 1 2 7 17 18 2 12 16 2 0 2 7 1 2 7 13 6 3 0 2 4 1 2 3 1 2 7 0 2 7 1 2 7 13 6 3 5 30 3 0 2 7 0 2 7 0 2 7 1 2 7 0 2 7 17 18 2 0 2 7 1 2 7 0 2 7 0 2 7 1 2 7 0 2 7 1 2 7 0 2 7 13 6 3 0 2 7 0 59.8072066307067871

Current Evaluation = 17100(17100)
Front Size = 10
5 31 3 0 2 7 0 2 7 0 2 7 0 2 7 5 30 3 0 2 7 0 2 7 1 2 7 0 2 7 0 2 7 1 2 7 0 2 7 17 9 2 17 18 2 0 2 7 0 2 7 1 2 7 0 2 4 0 2 7 0 2 7 1 2 7 13 6 3 1 2 7 17 9 2 0 2 7 1 2 4 1 2 7 0 2 7 0 2 7 0 2 7 13 6 3 5 31 3 1 2 7 1 2 7 17 9 2 0 2 7 17 18 2 0 2 7 1 2 7 12 16 2 0 2 7 1 2 7 1 2 7 12 16 2 0 2 7 1 2 7 13 6 3 1 2 7 1 2 7 17 9 2 1 2 3 0 2 7 17 18 2 1 2 11 0 2 3 1 2 7 1 2 7 1 2 11 1 2 7 0 59.8072065114974976
5 31 3 0 2 7 0 2 7 0 2 7 0 2 7 5 30 3 0 2 7 0 2 7 1 2 7 0 2 7 0 2 7 0 2 7 0 2 7 17 9 2 17 18 2 0 2 7 0 2 7 1 2 7 0 2 4 0 2 7 0 2 7 1 2 7 13 6 3 1 2 7 17 9 2 0 2 7 1 2 7 0 2 7 0 2 7 0 2 7 13 6 3 5 31 3 1 2 7 1 2 7 17 9 2 0 2 7 17 18 2 0 2 7 1 2 7 12 16 2 0 2 7 1 2 7 1 2 7 12 16 2 0 2 7 1 2 7 13 6 3 1 2 7 1 2 7 17 9 2 1 2 3 1 2 11 0 2 3 1 2 7 1 2 7 1 2 11 1 2 7 1 2 4 17 9 2 1 2 7 0 59.8072065114974976
5 31 3 0 2 7 0 2 7 1 2 7 1 2 3 0 2 4 1 2 7 0 2 7 1 2 7 1 2 7 1 2 7 0 2 7 17 9 2 17 18 2 0 2 7 5 30 3 0 2 7 1 2 7 0 2 7 0 2 7 0 2 7 1 2 7 13 6 3 1 2 7 17 9 2 0 2 7 1 2 7 1 2 7 0 2 7 0 2 7 13 6 3 12 16 2 0 2 7 0 2 3 17 9 2 1 2 7 17 18 2 0 2 7 0 2 7 0 2 7 0 2 7 1 2 7 1 2 7 0 2 7 5 31 3 1 2 7 0 2 7 1 2 7 17 9 2 1 2 11 1 2 7 12 16 2 13 6 3 1 2 7 1 2 7 0 2 7 0 2 7 17 9 2 1 2 11 0 2 4 0 59.8072065114974976
5 30 3 0 2 7 12 16 2 0 2 7 0 2 7 1 2 4 1 2 3 0 2 7 1 2 4 1 2 7 0 2 7 0 2 7 1 2 7 1 2 7 0 2 7 1 2 7 1 2 7 0 2 7 1 2 4 17 9 2 1 2 4 17 18 2 0 2 7 5 31 3 1 2 7 1 2 7 5 30 3 0 2 7 0 2 7 0 2 4 0 2 7 13 6 3 1 2 7 0 2 4 17 9 2 0 2 7 1 2 7 0 2 7 0 2 7 0 2 4 0 2 7 13 6 3 5 31 3 1 2 7 1 2 4 1 2 7 17 9 2 0 2 7 17 18 2 0 2 7 1 2 4 17 9 2 5 30 3 17 18 2 0 2 7 0 2 7 0 2 7 1 2 4 0 2 7 0 2 7 0 60.0847896337509155
1 2 7 1 2 7 12 16 2 0 2 7 0 2 7 1 2 7 0 2 7 0 2 4 0 2 3 0 2 7 1 2 7 0 2 4 0 2 7 1 2 7 17 9 2 1 2 7 17 18 2 5 30 3 1 2 4 13 6 3 5 31 3 1 2 7 0 2 7 0 2 4 1 2 7 1 2 7 1 2 7 0 2 4 17 9 2 1 2 7 0 2 7 0 2 7 13 6 3 1 2 7 1 2 7 1 2 7 17 18 2 0 2 7 0 2 7 17 9 2 5 30 3 0 2 7 0 2 4 0 2 7 0 2 7 0 2 7 0 2 7 5 30 3 0 2 7 17 9 2 17 18 2 0 2 7 1 2 4 1 2 7 0 2 4 1 2 4 1 2 7 0 2 7 0 2 4 5 31 3 0 60.0847896337509155
5 31 3 0 2 7 0 2 7 0 2 7 0 2 7 5 30 3 0 2 7 0 2 7 1 2 7 0 2 7 0 2 7 1 2 7 0 2 7 17 9 2 17 18 2 0 2 7 0 2 7 1 2 7 0 2 4 0 2 7 0 2 7 1 2 7 13 6 3 1 2 7 5 30 3 17 9 2 0 2 7 1 2 7 1 2 4 0 2 7 0 2 7 0 2 7 13 6 3 5 31 3 1 2 7 1 2 7 17 9 2 0 2 7 17 18 2 0 2 7 1 2 7 12 16 2 0 2 7 1 2 7 0 2 7 12 16 2 0 2 7 1 2 7 13 6 3 17 18 2 0 2 7 0 2 7 1 2 7 1 2 4 1 2 7 5 30 3 17 9 2 1 2 4 1 2 4 1 2 7 0 59.940948486328125
0 2 7 0 2 7 12 16 2 0 2 4 1 2 7 0 2 7 0 2 7 0 2 7 17 9 2 0 2 7 1 2 7 17 9 2 17 18 2 1 2 7 0 2 7 0 2 7 1 2 7 5 31 3 5 31 3 1 2 7 0 2 7 17 9 2 1 2 4 17 18 2 1 2 7 0 2 7 0 2 4 1 2 7 1 2 7 0 2 7 17 18 2 12 16 2 0 2 7 5 30 3 0 2 7 5 30 3 13 6 3 0 2 7 17 9 2 0 2 7 1 2 7 1 2 7 0 2 7 13 6 3 0 2 7 1 2 7 1 2 7 0 2 4 13 6 3 1 2 7 1 2 7 0 2 7 1 2 4 0 2 7 0 2 7 0 2 7 1 2 7 0 2 7 1 2 7 5 30 3 0 59.940948486328125
1 2 7 0 2 7 12 16 2 0 2 7 0 2 7 0 2 7 0 2 7 0 2 7 17 9 2 1 2 11 1 2 7 1 2 7 17 9 2 17 9 2 1 2 4 0 2 7 0 2 4 1 2 11 6 2 7 5 31 3 5 31 3 1 2 7 0 2 7 1 2 7 1 2 4 17 9 2 1 2 7 17 18 2 1 2 4 0 2 7 1 2 7 17 18 2 0 2 4 0 2 4 5 30 3 13 6 3 1 2 7 1 2 7 0 2 7 0 2 7 1 2 7 13 6 3 5 31 3 0 2 7 0 2 7 0 2 4 1 2 4 0 2 7 0 2 7 0 2 7 12 16 2 0 2 7 17 9 2 0 2 7 1 2 7 1 2 7 0 2 4 0 2 7 1 2 7 0 2 7 0 60.1671646237373352
5 30 3 0 2 4 0 2 7 0 2 7 1 2 7 5 30 3 1 2 7 0 2 7 16 19 11 1 2 4 0 2 7 1 2 7 0 2 4 17 9 2 17 18 2 0 2 7 1 2 7 1 2 7 0 2 7 0 2 7 0 2 7 0 2 7 13 6 3 1 2 7 17 9 2 0 2 7 1 2 7 0 2 7 5 31 3 1 2 7 0 2 7 1 2 3 5 31 3 1 2 7 0 2 7 17 9 2 0 2 7 17 18 2 0 2 3 0 2 7 12 16 2 0 2 4 0 2 7 0 2 7 0 2 7 1 2 7 17 9 2 5 30 3 1 2 7 0 2 7 5 30 3 1 2 7 6 2 7 13 6 3 1 2 4 0 2 7 1 2 4 0 2 7 0 2 7 0 2 7 0 60.73488849401474
5 30 3 0 2 7 12 16 2 0 2 7 0 2 7 1 2 4 1 2 7 0 2 7 1 2 7 0 2 7 0 2 7 1 2 7 1 2 7 0 2 7 1 2 7 1 2 7 0 2 7 17 9 2 17 18 2 0 2 7 5 31 3 1 2 7 1 2 7 0 2 7 0 2 7 0 2 4 0 2 7 13 6 3 1 2 7 17 9 2 0 2 7 1 2 7 0 2 7 0 2 7 0 2 7 13 6 3 5 31 3 1 2 7 1 2 7 17 9 2 0 2 7 17 18 2 0 2 7 17 9 2 17 18 2 0 2 7 0 2 7 0 2 7 0 2 7 1 2 4 1 2 4 13 6 3 5 30 3 0 2 4 12 16 2 1 2 7 1 2 7 5 30 3 1 2 7 0 2 7 0 59.940948486328125

Current Evaluation = 18000(18000)
Front Size = 10
5 31 3 0 2 7 0 2 7 0 2 7 0 2 7 5 30 3 0 2 4 0 2 7 1 2 3 0 2 7 0 2 7 0 2 7 0 2 7 17 9 2 17 18 2 0 2 7 0 2 7 1 2 7 0 2 7 0 2 7 0 2 7 1 2 7 13 6 3 1 2 7 17 9 2 0 2 7 1 2 7 0 2 7 0 2 7 0 2 7 13 6 3 5 31 3 0 2 7 17 9 2 0 2 7 17 18 2 0 2 7 1 2 7 12 16 2 1 2 7 1 2 7 12 16 2 1 2 7 13 6 3 1 2 11 1 2 7 17 9 2 1 2 11 1 2 7 1 2 7 1 2 7 1 2 7 17 9 2 1 2 7 1 2 7 1 2 7 1 2 7 0 2 4 1 2 3 0 2 7 0 59.8072065114974976
5 31 3 0 2 7 0 2 7 0 2 7 5 30 3 0 2 7 1 2 7 0 2 7 0 2 7 0 2 7 0 2 7 17 9 2 17 18 2 0 2 7 0 2 7 1 2 7 0 2 7 0 2 7 0 2 7 1 2 7 13 6 3 1 2 7 17 9 2 0 2 7 1 2 7 0 2 7 0 2 7 0 2 7 13 6 3 5 31 3 1 2 7 1 2 7 17 9 2 0 2 7 17 18 2 0 2 7 0 2 7 12 16 2 0 2 7 1 2 11 1 2 7 12 16 2 0 2 7 1 2 7 13 6 3 1 2 7 1 2 7 17 9 2 1 2 7 1 2 4 1 2 7 1 2 7 1 2 7 1 2 11 1 2 7 0 2 4 1 2 3 0 2 7 1 2 3 17 18 2 0 59.8072065114974976
5 30 3 0 2 7 12 16 2 0 2 7 0 2 7 1 2 4 1 2 7 0 2 7 1 2 7 0 2 7 0 2 4 1 2 7 1 2 7 0 2 7 1 2 7 1 2 7 0 2 7 17 9 2 17 18 2 0 2 7 5 31 3 1 2 7 1 2 7 0 2 4 0 2 7 0 2 7 13 6 3 1 2 7 17 9 2 0 2 7 1 2 7 0 2 7 0 2 7 0 2 7 13 6 3 5 31 3 1 2 7 1 2 7 17 9 2 0 2 7 17 18 2 1 2 7 17 9 2 0 2 7 0 2 7 12 16 2 1 2 7 17 9 2 1 2 7 1 2 7 1 2 7 0 2 4 0 2 7 1 2 4 0 2 4 5 31 3 1 2 4 0 2 4 0 2 4 0 2 4 0 59.9716717004776001
5 30 3 0 2 7 12 16 2 0 2 7 0 2 7 1 2 4 0 2 7 1 2 7 1 2 7 0 2 4 0 2 4 1 2 7 1 2 7 0 2 7 1 2 7 1 2 7 0 2 3 17 9 2 17 18 2 0 2 7 5 31 3 1 2 7 0 2 4 5 30 3 0 2 7 0 2 7 0 2 7 0 2 7 13 6 3 1 2 7 0 2 4 17 9 2 0 2 7 1 2 7 0 2 7 0 2 7 0 2 7 0 2 7 13 6 3 5 31 3 1 2 7 1 2 7 17 9 2 0 2 7 17 18 2 1 2 4 17 9 2 5 30 3 17 18 2 0 2 7 0 2 7 0 2 7 0 2 7 1 2 4 1 2 7 1 2 4 1 2 4 1 2 4 1 2 7 0 2 7 0 60.0847896337509155
5 31 3 0 2 7 0 2 7 0 2 7 0 2 3 5 30 3 0 2 7 1 2 7 0 2 7 0 2 7 0 2 7 0 2 7 17 9 2 17 18 2 0 2 7 0 2 7 1 2 7 0 2 7 0 2 7 0 2 7 1 2 7 13 6 3 1 2 7 17 9 2 0 2 7 1 2 7 0 2 7 0 2 7 0 2 7 13 6 3 5 31 3 1 2 7 1 2 7 17 9 2 0 2 7 17 18 2 0 2 7 0 2 7 12 16 2 0 2 7 1 2 11 1 2 7 12 16 2 0 2 7 1 2 7 13 6 3 1 2 7 1 2 7 17 9 2 1 2 7 1 2 4 1 2 7 1 2 7 1 2 7 1 2 11 1 2 7 1 2 7 0 2 3 17 9 2 1 2 4 0 59.8072065114974976
5 31 3 0 2 7 0 2 7 0 2 7 0 2 7 5 30 3 0 2 4 0 2 7 1 2 7 0 2 7 0 2 7 1 2 7 0 2 7 17 9 2 17 18 2 0 2 7 0 2 7 1 2 7 0 2 7 0 2 7 0 2 7 1 2 7 13 6 3 1 2 7 17 9 2 0 2 7 1 2 7 0 2 7 0 2 7 0 2 7 13 6 3 5 31 3 1 2 7 1 2 7 17 9 2 0 2 7 17 18 2 0 2 4 1 2 7 12 16 2 0 2 7 1 2 7 1 2 7 12 16 2 1 2 11 13 6 3 1 2 3 1 2 7 17 9 2 1 2 7 1 2 7 1 2 7 1 2 7 1 2 11 17 9 2 1 2 7 0 2 7 0 2 3 0 2 7 1 2 7 0 59.8072065114974976
5 31 3 0 2 7 0 2 7 0 2 7 0 2 7 5 30 3 0 2 7 0 2 7 1 2 3 0 2 7 0 2 7 0 2 7 0 2 7 17 9 2 17 18 2 0 2 7 0 2 7 1 2 7 0 2 7 0 2 7 0 2 7 1 2 7 13 6 3 1 2 7 17 9 2 0 2 7 1 2 7 0 2 7 0 2 7 0 2 7 13 6 3 5 31 3 1 2 4 0 2 7 17 9 2 0 2 7 17 18 2 0 2 7 1 2 7 12 16 2 0 2 7 1 2 7 1 2 7 12 16 2 1 2 7 13 6 3 1 2 11 1 2 7 17 9 2 1 2 11 0 2 7 1 2 7 1 2 7 1 2 7 1 2 7 17 9 2 1 2 7 1 2 7 1 2 3 1 2 4 0 59.8072065114974976
5 31 3 0 2 7 0 2 7 0 2 4 0 2 7 5 30 3 0 2 7 0 2 7 1 2 7 0 2 7 1 2 7 0 2 7 0 2 7 17 9 2 17 18 2 0 2 7 0 2 7 1 2 7 0 2 7 0 2 7 0 2 7 1 2 7 13 6 3 0 2 7 17 9 2 0 2 7 1 2 7 0 2 4 0 2 7 0 2 7 13 6 3 5 31 3 1 2 7 1 2 7 17 9 2 0 2 7 17 18 2 0 2 7 0 2 7 12 16 2 0 2 7 1 2 7 1 2 7 1 2 7 1 2 7 1 2 4 17 9 2 1 2 4 1 2 7 12 16 2 0 2 7 13 6 3 17 18 2 1 2 7 1 2 7 0 2 7 1 2 4 1 2 7 5 30 3 5 30 3 0 59.940948486328125
1 2 7 1 2 7 12 16 2 0 2 7 0 2 7 1 2 7 0 2 7 0 2 4 0 2 3 0 2 7 1 2 7 0 2 4 0 2 7 1 2 7 17 9 2 1 2 7 17 18 2 5 30 3 1 2 4 13 6 3 5 31 3 1 2 7 0 2 7 0 2 4 1 2 7 1 2 7 1 2 7 0 2 4 17 9 2 1 2 7 0 2 7 0 2 7 13 6 3 1 2 7 1 2 7 1 2 7 17 18 2 0 2 7 0 2 7 17 9 2 5 30 3 0 2 7 0 2 4 0 2 7 0 2 7 0 2 7 0 2 7 5 30 3 0 2 7 17 9 2 17 18 2 0 2 7 1 2 4 1 2 7 0 2 4 1 2 4 1 2 7 0 2 7 0 2 4 5 31 3 0 60.0847896337509155
5 30 3 0 2 7 12 16 2 0 2 7 0 2 7 1 2 4 1 2 7 0 2 7 1 2 7 0 2 7 1 2 7 1 2 7 0 2 7 1 2 7 1 2 7 0 2 7 17 9 2 17 18 2 0 2 7 5 31 3 1 2 7 1 2 7 0 2 7 0 2 7 13 6 3 1 2 7 17 9 2 0 2 7 1 2 7 0 2 7 0 2 7 0 2 7 13 6 3 5 31 3 1 2 7 1 2 7 17 9 2 0 2 7 17 18 2 1 2 7 17 9 2 0 2 7 0 2 7 12 16 2 1 2 7 17 9 2 1 2 7 1 2 7 0 2 7 1 2 4 0 2 7 13 6 3 1 2 11 0 2 4 0 2 4 1 2 3 1 2 4 0 2 4 0 2 4 0 2 7 4.21473190485514008e-05 59.5076066255569458

MonoObjective Genetic Algorithm
Number of Evaluations = 0
Mutation Probability = 0
Crossover Probability = 1
Population Size = 10
Survival Selection Type = 16

Time =  18013.5767440795898

Current Evaluation = 2000
Front Size = 10
5 31 3 0 2 7 0 2 7 0 2 7 0 2 7 5 30 3 0 2 4 0 2 7 1 2 3 0 2 7 0 2 7 0 2 7 0 2 7 17 9 2 17 18 2 0 2 7 0 2 7 1 2 7 0 2 7 0 2 7 0 2 7 1 2 7 13 6 3 1 2 7 17 9 2 0 2 7 1 2 7 0 2 7 0 2 7 0 2 7 13 6 3 5 31 3 0 2 7 17 9 2 0 2 7 17 18 2 0 2 7 1 2 7 12 16 2 1 2 7 1 2 7 12 16 2 1 2 7 13 6 3 1 2 11 1 2 7 17 9 2 1 2 11 1 2 7 1 2 7 1 2 7 1 2 7 17 9 2 1 2 7 1 2 7 1 2 7 1 2 7 0 2 4 1 2 3 0 2 7 0 59.8072065114974976
5 31 3 0 2 7 0 2 7 0 2 7 5 30 3 0 2 7 1 2 7 0 2 7 0 2 7 0 2 7 0 2 7 17 9 2 17 18 2 0 2 7 0 2 7 1 2 7 0 2 7 0 2 7 0 2 7 1 2 7 13 6 3 1 2 7 17 9 2 0 2 7 1 2 7 0 2 7 0 2 7 0 2 7 13 6 3 5 31 3 1 2 7 1 2 7 17 9 2 0 2 7 17 18 2 0 2 7 0 2 7 12 16 2 0 2 7 1 2 11 1 2 7 12 16 2 0 2 7 1 2 7 13 6 3 1 2 7 1 2 7 17 9 2 1 2 7 1 2 4 1 2 7 1 2 7 1 2 7 1 2 11 1 2 7 0 2 4 1 2 3 0 2 7 1 2 3 17 18 2 0 59.8072065114974976
5 30 3 0 2 7 12 16 2 0 2 7 0 2 7 1 2 4 1 2 7 0 2 7 1 2 7 0 2 7 0 2 4 1 2 7 1 2 7 0 2 7 1 2 7 1 2 7 0 2 7 17 9 2 17 18 2 0 2 7 5 31 3 1 2 7 1 2 7 0 2 4 0 2 7 0 2 7 13 6 3 1 2 7 17 9 2 0 2 7 1 2 7 0 2 7 0 2 7 0 2 7 13 6 3 5 31 3 1 2 7 1 2 7 17 9 2 0 2 7 17 18 2 1 2 7 17 9 2 0 2 7 0 2 7 12 16 2 1 2 7 17 9 2 1 2 7 1 2 7 1 2 7 0 2 4 0 2 7 1 2 4 0 2 4 5 31 3 1 2 4 0 2 4 0 2 4 0 2 4 0 59.9716717004776001
5 30 3 0 2 7 12 16 2 0 2 7 0 2 7 1 2 4 0 2 7 1 2 7 1 2 7 0 2 4 0 2 4 1 2 7 1 2 7 0 2 7 1 2 7 1 2 7 0 2 3 17 9 2 17 18 2 0 2 7 5 31 3 1 2 7 0 2 4 5 30 3 0 2 7 0 2 7 0 2 7 0 2 7 13 6 3 1 2 7 0 2 4 17 9 2 0 2 7 1 2 7 0 2 7 0 2 7 0 2 7 0 2 7 13 6 3 5 31 3 1 2 7 1 2 7 17 9 2 0 2 7 17 18 2 1 2 4 17 9 2 5 30 3 17 18 2 0 2 7 0 2 7 0 2 7 0 2 7 1 2 4 1 2 7 1 2 4 1 2 4 1 2 4 1 2 7 0 2 7 0 60.0847896337509155
5 31 3 0 2 7 0 2 7 0 2 7 0 2 3 5 30 3 0 2 7 1 2 7 0 2 7 0 2 7 0 2 7 0 2 7 17 9 2 17 18 2 0 2 7 0 2 7 1 2 7 0 2 7 0 2 7 0 2 7 1 2 7 13 6 3 1 2 7 17 9 2 0 2 7 1 2 7 0 2 7 0 2 7 0 2 7 13 6 3 5 31 3 1 2 7 1 2 7 17 9 2 0 2 7 17 18 2 0 2 7 0 2 7 12 16 2 0 2 7 1 2 11 1 2 7 12 16 2 0 2 7 1 2 7 13 6 3 1 2 7 1 2 7 17 9 2 1 2 7 1 2 4 1 2 7 1 2 7 1 2 7 1 2 11 1 2 7 1 2 7 0 2 3 17 9 2 1 2 4 0 59.8072065114974976
5 31 3 0 2 7 0 2 7 0 2 7 0 2 7 5 30 3 0 2 4 0 2 7 1 2 7 0 2 7 0 2 7 1 2 7 0 2 7 17 9 2 17 18 2 0 2 7 0 2 7 1 2 7 0 2 7 0 2 7 0 2 7 1 2 7 13 6 3 1 2 7 17 9 2 0 2 7 1 2 7 0 2 7 0 2 7 0 2 7 13 6 3 5 31 3 1 2 7 1 2 7 17 9 2 0 2 7 17 18 2 0 2 4 1 2 7 12 16 2 0 2 7 1 2 7 1 2 7 12 16 2 1 2 11 13 6 3 1 2 3 1 2 7 17 9 2 1 2 7 1 2 7 1 2 7 1 2 7 1 2 11 17 9 2 1 2 7 0 2 7 0 2 3 0 2 7 1 2 7 0 59.8072065114974976
5 31 3 0 2 7 0 2 7 0 2 7 0 2 7 5 30 3 0 2 7 0 2 7 1 2 3 0 2 7 0 2 7 0 2 7 0 2 7 17 9 2 17 18 2 0 2 7 0 2 7 1 2 7 0 2 7 0 2 7 0 2 7 1 2 7 13 6 3 1 2 7 17 9 2 0 2 7 1 2 7 0 2 7 0 2 7 0 2 7 13 6 3 5 31 3 1 2 4 0 2 7 17 9 2 0 2 7 17 18 2 0 2 7 1 2 7 12 16 2 0 2 7 1 2 7 1 2 7 12 16 2 1 2 7 13 6 3 1 2 11 1 2 7 17 9 2 1 2 11 0 2 7 1 2 7 1 2 7 1 2 7 1 2 7 17 9 2 1 2 7 1 2 7 1 2 3 1 2 4 0 59.8072065114974976
5 31 3 0 2 7 0 2 7 0 2 4 0 2 7 5 30 3 0 2 7 0 2 7 1 2 7 0 2 7 1 2 7 0 2 7 0 2 7 17 9 2 17 18 2 0 2 7 0 2 7 1 2 7 0 2 7 0 2 7 0 2 7 1 2 7 13 6 3 0 2 7 17 9 2 0 2 7 1 2 7 0 2 4 0 2 7 0 2 7 13 6 3 5 31 3 1 2 7 1 2 7 17 9 2 0 2 7 17 18 2 0 2 7 0 2 7 12 16 2 0 2 7 1 2 7 1 2 7 1 2 7 1 2 7 1 2 4 17 9 2 1 2 4 1 2 7 12 16 2 0 2 7 13 6 3 17 18 2 1 2 7 1 2 7 0 2 7 1 2 4 1 2 7 5 30 3 5 30 3 0 59.940948486328125
1 2 7 1 2 7 12 16 2 0 2 7 0 2 7 1 2 7 0 2 7 0 2 4 0 2 3 0 2 7 1 2 7 0 2 4 0 2 7 1 2 7 17 9 2 1 2 7 17 18 2 5 30 3 1 2 4 13 6 3 5 31 3 1 2 7 0 2 7 0 2 4 1 2 7 1 2 7 1 2 7 0 2 4 17 9 2 1 2 7 0 2 7 0 2 7 13 6 3 1 2 7 1 2 7 1 2 7 17 18 2 0 2 7 0 2 7 17 9 2 5 30 3 0 2 7 0 2 4 0 2 7 0 2 7 0 2 7 0 2 7 5 30 3 0 2 7 17 9 2 17 18 2 0 2 7 1 2 4 1 2 7 0 2 4 1 2 4 1 2 7 0 2 7 0 2 4 5 31 3 0 60.0847896337509155
5 30 3 0 2 7 12 16 2 0 2 7 0 2 7 1 2 4 1 2 7 0 2 7 1 2 7 0 2 7 1 2 7 1 2 7 0 2 7 1 2 7 1 2 7 0 2 7 17 9 2 17 18 2 0 2 7 5 31 3 1 2 7 1 2 7 0 2 7 0 2 7 13 6 3 1 2 7 17 9 2 0 2 7 1 2 7 0 2 7 0 2 7 0 2 7 13 6 3 5 31 3 1 2 7 1 2 7 17 9 2 0 2 7 17 18 2 1 2 7 17 9 2 0 2 7 0 2 7 12 16 2 1 2 7 17 9 2 1 2 7 1 2 7 0 2 7 1 2 4 0 2 7 13 6 3 1 2 11 0 2 4 0 2 4 1 2 3 1 2 4 0 2 4 0 2 4 0 2 7 4.21473190485514008e-05 59.5076066255569458

