Current Evaluation = 900(900)
Front Size = 10
12 16 2 5 30 3 5 31 3 0 2 7 0 2 7 8 9 2 0 2 7 0 2 7 6 2 7 1 2 7 16 6 2 0 2 7 0 2 7 0 2 7 16 19 11 0 2 7 0 2 7 0 2 7 1 2 7 0 2 7 0 2 7 0 2 7 12 16 2 0 2 7 0 2 7 0 2 7 5 31 3 1 2 7 5 30 3 1 2 7 0 2 7 0 2 7 5 30 3 0 2 7 5 31 3 8 18 2 0 2 7 12 16 2 12 16 2 16 18 11 5 30 3 1 2 7 1 2 7 0 2 11 16 6 2 0 2 7 16 6 2 0 2 7 0 2 7 17 9 2 16 31 2 0 2 7 1 2 7 0 2 7 5 30 3 0 2 7 1 2 7 0 2 7 1 2 7 0 2 7 0 62.3213632106781006
0 2 11 1 2 7 12 16 2 16 19 11 5 31 3 5 30 3 16 6 2 5 30 3 1 2 12 5 31 3 6 2 7 5 30 3 16 6 2 5 30 3 5 30 3 0 2 7 0 2 3 0 2 7 0 2 7 0 2 7 1 2 3 0 2 7 0 2 7 0 2 11 1 2 7 0 2 3 0 2 7 0 2 7 16 19 11 0 2 7 6 2 7 0 2 8 0 2 3 0 2 11 16 19 12 0 2 7 0 2 7 0 2 3 0 2 3 0 2 7 0 2 3 17 9 2 12 16 2 0 2 8 0 2 8 0 2 7 1 2 8 0 2 3 1 2 7 0 2 3 0 2 3 0 2 3 16 9 11 0 2 7 0 2 8 0 2 11 0 2 3 5 31 3 0 2 4 5 30 3 0 65.2702999711036682
5 30 3 5 30 3 5 30 3 5 30 3 5 30 3 0 2 8 8 9 2 6 2 8 16 6 2 0 2 8 0 2 8 1 2 8 16 6 2 0 2 8 0 2 8 5 30 3 0 2 8 5 30 3 5 30 3 0 2 8 8 9 2 5 31 3 16 18 8 0 2 8 0 2 8 1 2 8 8 9 2 0 2 11 0 2 7 16 15 2 0 2 11 0 2 8 1 2 8 0 2 11 0 2 8 17 9 2 0 2 7 0 2 8 0 2 7 1 2 7 0 2 3 0 2 11 0 2 3 0 2 11 0 2 11 0 2 7 8 9 2 1 2 8 9 2 7 0 2 7 0 2 8 0 2 8 0 2 8 16 19 12 0 2 11 6 2 8 0 2 8 0 2 11 16 19 11 0 2 8 0.000589373393389511962 67.1449140310287476
6 2 12 6 2 12 0 2 12 6 2 8 0 2 8 16 15 2 6 2 8 0 2 8 16 19 12 13 6 3 6 2 8 0 2 8 6 2 8 8 9 2 5 30 3 0 2 12 5 30 3 16 18 8 8 9 2 8 9 2 8 18 2 8 18 2 16 19 12 8 18 2 8 18 2 0 2 12 5 30 3 5 30 3 16 15 2 8 18 2 0 2 8 6 2 8 14 2 2 12 16 2 0 2 8 6 2 12 13 6 3 8 18 2 8 9 2 6 2 8 6 2 8 0 2 8 5 30 3 8 9 2 16 19 12 16 19 12 2 3 3 5 30 3 6 2 8 8 9 2 13 6 3 8 9 2 0 2 12 8 9 2 0 2 8 8 18 2 12 16 2 8 9 2 5 30 3 5 30 3 0.0525883098500697019 65.2625300884246826
12 16 2 5 30 3 5 30 3 12 16 2 5 30 3 5 30 3 5 30 3 5 30 3 8 9 2 8 9 2 8 18 2 0 2 8 6 2 8 0 2 3 8 18 2 0 2 8 6 2 8 0 2 7 0 2 3 16 6 2 0 2 7 0 2 3 8 9 2 16 18 8 0 2 4 0 2 8 16 19 12 0 2 7 1 2 7 0 2 7 0 2 8 0 2 12 0 2 3 0 2 12 8 9 2 1 2 3 6 2 8 0 2 7 1 2 3 0 2 7 1 2 3 0 2 7 0 2 12 5 30 3 16 15 2 16 19 12 6 2 8 0 2 7 14 2 2 16 19 11 6 2 8 0 2 7 17 9 2 0 2 8 0 2 3 8 9 2 12 16 2 6 2 8 0 2 3 13 6 3 0.0069805185089631969 64.9832502603530884
8 18 2 0 2 8 1 2 8 5 30 3 1 2 8 1 2 8 5 30 3 0 2 12 16 19 12 0 2 8 5 30 3 8 18 2 0 2 8 16 15 2 8 9 2 16 19 12 8 9 2 8 18 2 0 2 8 8 18 2 1 2 8 16 19 12 0 2 8 8 9 2 1 2 8 0 2 8 8 18 2 8 18 2 0 2 8 1 2 8 16 19 12 8 9 2 8 18 2 8 9 2 8 18 2 0 2 8 0 2 8 16 19 12 5 30 3 16 15 2 8 18 2 13 6 3 12 16 2 8 9 2 8 18 2 0 2 8 1 2 8 0 2 8 13 6 3 5 30 3 8 9 2 8 18 2 0 2 8 0 2 8 8 18 2 12 16 2 5 30 3 0 2 8 1 2 8 1 2 12 0.0242335317095620749 66.4135940074920654
5 31 3 5 30 3 5 30 3 5 30 3 5 30 3 0 2 3 0 2 11 0 2 7 16 18 11 0 2 7 1 2 7 0 2 7 16 6 2 9 2 7 0 2 11 5 30 3 0 2 7 5 31 3 5 30 3 0 2 7 0 2 3 1 2 7 0 2 3 0 2 7 0 2 7 0 2 7 0 2 7 5 30 3 0 2 7 0 2 7 0 2 7 12 16 2 16 19 11 0 2 7 1 2 7 0 2 7 0 2 7 0 2 3 0 2 11 1 2 10 16 19 11 0 2 7 0 2 7 0 2 3 0 2 7 0 2 7 6 2 3 0 2 11 1 2 7 0 2 3 17 18 2 0 2 7 0 2 10 1 2 7 0 2 3 16 15 2 17 18 2 0 2 7 0 2 11 0 2 7 0 64.2020755410194397
8 18 2 5 30 3 5 30 3 5 30 3 8 18 2 5 30 3 13 6 3 12 16 2 5 30 3 12 16 2 5 30 3 0 2 8 0 2 7 1 2 8 1 2 8 0 2 3 17 18 2 0 2 8 0 2 7 16 15 2 8 9 2 17 9 2 0 2 7 8 18 2 0 2 8 0 2 7 16 19 11 16 19 12 0 2 8 8 9 2 0 2 7 1 2 7 8 18 2 8 18 2 0 2 11 1 2 8 0 2 7 8 9 2 8 18 2 1 2 7 8 18 2 0 2 7 17 9 2 0 2 7 16 15 2 1 2 7 0 2 7 16 19 11 0 2 8 1 2 8 0 2 8 0 2 7 16 30 2 0 2 7 0 2 7 0 2 8 0 2 7 0 2 7 1 2 8 1 2 12 0.0562960466358233408 64.0191149711608887
5 30 3 5 31 3 5 30 3 5 30 3 5 30 3 5 30 3 5 31 3 0 2 11 0 2 7 0 2 7 0 2 8 8 9 2 0 2 11 0 2 11 0 2 11 6 2 8 0 2 7 16 6 2 0 2 11 0 2 11 0 2 8 0 2 7 16 19 11 0 2 11 0 2 8 1 2 8 16 6 2 1 2 11 17 9 2 0 2 8 0 2 7 0 2 8 0 2 11 0 2 7 1 2 7 0 2 3 0 2 11 0 2 3 0 2 11 0 2 11 0 2 7 0 2 7 0 2 7 5 30 3 0 2 3 0 2 7 17 18 2 1 2 11 0 2 8 0 2 7 1 2 7 5 30 3 0 2 11 6 2 8 17 18 2 0 2 11 16 19 11 5 30 3 6 2 11 0 2 8 0 65.8249295949935913
8 9 2 9 2 7 0 2 8 0 2 8 0 2 8 0 2 8 0 2 8 0 2 8 16 15 2 5 30 3 1 2 8 0 2 8 16 6 2 0 2 8 5 30 3 5 30 3 0 2 8 0 2 8 16 6 2 0 2 8 16 19 12 1 2 8 5 30 3 0 2 8 0 2 8 16 6 2 5 30 3 1 2 8 1 2 8 16 19 12 0 2 8 0 2 8 0 2 8 0 2 8 8 9 2 5 30 3 16 18 8 1 2 8 5 30 3 8 9 2 0 2 8 5 30 3 0 2 8 0 2 8 0 2 8 0 2 8 8 9 2 8 9 2 1 2 8 6 2 8 0 2 8 0 2 8 0 2 8 5 30 3 0 2 8 0 2 8 0 2 8 8 9 2 0 2 8 0 2 8 0.000900595122961423398 68.146457314491272

Current Evaluation = 1800(1800)
Front Size = 10
5 30 3 5 31 3 17 9 2 12 16 2 0 2 7 1 2 7 0 2 7 17 9 2 0 2 7 0 2 7 0 2 7 0 2 7 13 6 3 1 2 7 0 2 7 0 2 7 1 2 7 0 2 7 8 9 2 0 2 7 16 19 11 0 2 7 0 2 4 5 30 3 5 30 3 0 2 7 0 2 7 0 2 7 1 2 7 0 2 7 1 2 7 1 2 3 16 6 2 0 2 7 0 2 7 1 2 7 0 2 7 0 2 7 1 2 7 1 2 7 0 2 7 16 6 2 0 2 7 1 2 7 1 2 3 5 30 3 5 31 3 0 2 7 1 2 7 17 18 2 17 18 2 1 2 7 6 2 7 0 2 7 1 2 7 0 2 7 5 31 3 0 2 4 0 2 7 0 2 7 0 61.2547764182090759
12 16 2 5 30 3 5 30 3 12 16 2 5 30 3 5 30 3 5 30 3 0 2 11 8 9 2 8 9 2 0 2 11 0 2 3 0 2 3 16 6 2 0 2 8 8 18 2 0 2 3 16 19 11 0 2 12 0 2 3 0 2 3 0 2 8 0 2 7 0 2 8 0 2 8 0 2 11 5 30 3 16 6 2 0 2 3 16 19 11 0 2 3 1 2 8 0 2 11 12 16 2 5 30 3 0 2 3 6 2 8 0 2 8 0 2 8 16 6 2 0 2 3 16 19 11 0 2 7 1 2 8 5 30 3 1 2 8 0 2 3 0 2 8 0 2 8 0 2 3 0 2 3 5 30 3 16 6 2 0 2 8 0 2 3 0 2 7 1 2 3 0 2 3 0 2 3 0 2 3 0 66.7775750160217285
12 16 2 5 30 3 5 30 3 12 16 2 5 30 3 5 30 3 5 31 3 0 2 3 8 18 2 8 18 2 0 2 3 0 2 7 16 6 2 16 19 11 0 2 7 5 30 3 5 31 3 0 2 3 0 2 7 0 2 7 0 2 7 0 2 3 0 2 3 12 16 2 16 6 2 1 2 7 0 2 7 0 2 7 0 2 7 0 2 7 1 2 3 16 6 2 1 2 3 16 18 11 0 2 7 0 2 7 0 2 3 0 2 7 0 2 10 1 2 7 0 2 7 0 2 7 0 2 7 1 2 7 16 19 11 12 16 2 5 30 3 0 2 7 0 2 7 0 2 7 0 2 3 0 2 7 1 2 7 1 2 3 0 2 7 0 2 7 1 2 3 0 2 3 0 2 7 16 6 2 0 63.6374521851539612
8 18 2 0 2 8 1 2 8 5 30 3 1 2 8 1 2 8 5 30 3 0 2 12 16 19 12 0 2 8 5 30 3 8 18 2 0 2 8 16 15 2 8 9 2 16 19 12 8 9 2 8 18 2 0 2 8 8 18 2 1 2 8 16 19 12 0 2 8 8 9 2 1 2 8 0 2 8 8 18 2 8 18 2 0 2 8 1 2 8 16 19 12 8 9 2 8 18 2 8 9 2 8 18 2 0 2 8 0 2 8 16 19 12 5 30 3 16 15 2 8 18 2 13 6 3 12 16 2 8 9 2 8 18 2 0 2 8 1 2 8 0 2 8 13 6 3 5 30 3 8 9 2 8 18 2 0 2 8 0 2 8 8 18 2 12 16 2 5 30 3 0 2 8 1 2 8 1 2 12 0.0242335317095620749 66.4135940074920654
12 16 2 5 31 3 5 30 3 12 16 2 5 31 3 5 30 3 0 2 7 0 2 7 0 2 7 1 2 11 16 6 2 16 19 11 1 2 7 5 31 3 0 2 7 0 2 7 0 2 7 0 2 7 12 16 2 16 31 2 0 2 7 16 30 2 0 2 7 16 19 11 5 31 3 0 2 7 1 2 7 16 30 2 5 31 3 0 2 7 5 30 3 12 16 2 0 2 7 0 2 7 1 2 7 6 2 7 0 2 7 0 2 4 12 16 2 16 30 2 0 2 7 1 2 7 0 2 7 6 2 7 0 2 7 1 2 7 6 2 3 0 2 7 0 2 7 12 16 2 0 2 7 0 2 3 0 2 7 0 2 7 0 2 7 0 2 7 0 2 7 6 2 7 0 2 7 0 2 7 0 62.6046013236045837
5 31 3 5 30 3 5 31 3 5 30 3 12 16 2 5 30 3 8 18 2 6 2 12 6 2 8 16 19 11 6 2 7 0 2 11 17 18 2 1 2 12 17 18 2 1 2 8 17 18 2 16 6 2 5 30 3 0 2 11 0 2 7 8 9 2 0 2 7 0 2 12 0 2 8 0 2 11 0 2 11 0 2 11 8 9 2 0 2 8 0 2 8 1 2 12 5 30 3 0 2 7 0 2 12 0 2 11 0 2 11 0 2 12 0 2 11 0 2 12 0 2 8 0 2 7 1 2 12 0 2 7 0 2 11 0 2 8 5 30 3 8 18 2 17 9 2 17 9 2 1 2 12 0 2 7 0 2 7 0 2 11 0 2 12 1 2 12 1 2 7 5 30 3 0 2 7 1 2 11 0 65.7543197274208069
12 16 2 5 30 3 5 30 3 12 16 2 5 30 3 5 30 3 5 30 3 5 30 3 8 9 2 8 9 2 8 18 2 0 2 8 6 2 8 0 2 3 8 18 2 0 2 8 6 2 8 0 2 7 0 2 3 16 6 2 0 2 7 0 2 3 8 9 2 16 18 8 0 2 4 0 2 8 16 19 12 0 2 7 1 2 7 0 2 7 0 2 8 0 2 12 0 2 3 0 2 12 8 9 2 1 2 3 6 2 8 0 2 7 1 2 3 0 2 7 1 2 3 0 2 7 0 2 12 5 30 3 16 15 2 16 19 12 6 2 8 0 2 7 14 2 2 16 19 11 6 2 8 0 2 7 17 9 2 0 2 8 0 2 3 8 9 2 12 16 2 6 2 8 0 2 3 13 6 3 0.0069805185089631969 64.9832502603530884
5 30 3 5 30 3 5 30 3 16 6 2 8 9 2 16 19 11 12 16 2 0 2 3 0 2 3 17 9 2 16 6 2 0 2 3 0 2 11 8 9 2 0 2 7 0 2 7 5 30 3 12 16 2 5 30 3 1 2 8 6 2 7 0 2 8 5 31 3 0 2 8 0 2 7 0 2 7 0 2 8 0 2 7 0 2 8 1 2 7 9 2 7 0 2 8 0 2 7 17 9 2 1 2 7 0 2 7 0 2 8 16 31 2 0 2 8 8 9 2 5 30 3 0 2 7 5 31 3 0 2 3 0 2 7 0 2 7 1 2 7 1 2 8 1 2 7 1 2 3 0 2 3 0 2 7 1 2 7 1 2 7 0 2 8 0 2 8 0 2 8 0 2 8 0 2 8 0 2 7 6.06325344297325966e-05 65.1511732935905457
12 16 2 5 30 3 5 30 3 12 16 2 5 30 3 5 30 3 5 30 3 5 30 3 8 9 2 8 18 2 0 2 3 0 2 7 1 2 3 16 6 2 0 2 7 0 2 3 0 2 3 0 2 7 0 2 3 0 2 3 1 2 3 1 2 7 0 2 7 0 2 7 1 2 7 0 2 3 1 2 7 5 30 3 16 6 2 0 2 3 16 19 13 0 2 7 8 9 2 0 2 3 12 16 2 0 2 7 16 19 12 0 2 3 0 2 3 0 2 7 0 2 3 0 2 7 1 2 7 0 2 3 0 2 3 1 2 3 16 19 12 16 6 2 0 2 3 0 2 3 0 2 3 0 2 3 1 2 7 16 19 12 0 2 7 0 2 7 0 2 7 0 2 3 5 30 3 0 2 3 0 64.8024325370788574
6 2 12 6 2 12 0 2 12 6 2 8 0 2 8 16 15 2 6 2 8 0 2 8 16 19 12 13 6 3 6 2 8 0 2 8 6 2 8 8 9 2 5 30 3 0 2 12 5 30 3 16 18 8 8 9 2 8 9 2 8 18 2 8 18 2 16 19 12 8 18 2 8 18 2 0 2 12 5 30 3 5 30 3 16 15 2 8 18 2 0 2 8 6 2 8 14 2 2 12 16 2 0 2 8 6 2 12 13 6 3 8 18 2 8 9 2 6 2 8 6 2 8 0 2 8 5 30 3 8 9 2 16 19 12 16 19 12 2 3 3 5 30 3 6 2 8 8 9 2 13 6 3 8 9 2 0 2 12 8 9 2 0 2 8 8 18 2 12 16 2 8 9 2 5 30 3 5 30 3 0.0525883098500697019 65.2625300884246826

Current Evaluation = 2700(2700)
Front Size = 10
5 30 3 5 31 3 17 9 2 12 16 2 0 2 7 1 2 7 0 2 7 17 9 2 0 2 7 0 2 7 0 2 7 0 2 7 13 6 3 1 2 7 0 2 7 0 2 7 1 2 7 0 2 7 8 9 2 0 2 7 16 19 11 0 2 7 0 2 4 5 30 3 5 30 3 0 2 7 0 2 7 0 2 7 1 2 7 0 2 7 1 2 7 1 2 3 16 6 2 0 2 7 0 2 7 1 2 7 0 2 7 0 2 7 1 2 7 1 2 7 0 2 7 16 6 2 0 2 7 1 2 7 1 2 3 5 30 3 5 31 3 0 2 7 1 2 7 17 18 2 17 18 2 1 2 7 6 2 7 0 2 7 1 2 7 0 2 7 5 31 3 0 2 4 0 2 7 0 2 7 0 61.2547764182090759
12 16 2 5 30 3 5 30 3 5 30 3 6 2 7 5 30 3 5 30 3 6 2 7 0 2 3 0 2 7 1 2 3 5 30 3 1 2 3 0 2 7 16 19 11 0 2 11 16 30 2 0 2 7 0 2 3 0 2 3 12 16 2 17 18 2 0 2 7 15 2 11 0 2 7 16 19 11 0 2 3 0 2 7 16 19 11 0 2 10 1 2 7 0 2 7 0 2 11 6 2 11 5 31 3 16 6 2 0 2 3 5 30 3 1 2 7 0 2 7 1 2 7 0 2 3 0 2 7 0 2 7 0 2 7 0 2 7 0 2 3 16 19 11 0 2 7 0 2 3 0 2 7 0 2 3 0 2 3 0 2 7 0 2 11 0 2 3 0 2 11 0 2 3 0 2 3 5 30 3 0 64.7617355585098267
12 16 2 5 31 3 5 30 3 12 16 2 5 31 3 5 30 3 0 2 7 0 2 7 0 2 7 1 2 7 16 6 2 1 2 7 1 2 7 5 31 3 0 2 7 0 2 3 0 2 7 0 2 7 12 16 2 16 31 2 0 2 7 16 30 2 0 2 7 16 9 11 5 31 3 0 2 7 1 2 7 16 30 2 5 31 3 0 2 7 5 30 3 12 16 2 6 2 7 0 2 7 1 2 7 6 2 7 0 2 7 0 2 7 12 16 2 16 30 2 0 2 7 6 2 3 16 15 2 0 2 7 0 2 7 1 2 7 6 2 7 0 2 7 0 2 7 12 16 2 0 2 7 0 2 7 0 2 7 0 2 3 0 2 7 0 2 7 0 2 10 0 2 7 0 2 7 0 2 7 0 62.3612585067749023
8 18 2 0 2 8 1 2 8 5 30 3 1 2 8 1 2 8 5 30 3 0 2 12 16 19 12 0 2 8 5 30 3 8 18 2 0 2 8 16 15 2 8 9 2 16 19 12 8 9 2 8 18 2 0 2 8 8 18 2 1 2 8 16 19 12 0 2 8 8 9 2 1 2 8 0 2 8 8 18 2 8 18 2 0 2 8 1 2 8 16 19 12 8 9 2 8 18 2 8 9 2 8 18 2 0 2 8 0 2 8 16 19 12 5 30 3 16 15 2 8 18 2 13 6 3 12 16 2 8 9 2 8 18 2 0 2 8 1 2 8 0 2 8 13 6 3 5 30 3 8 9 2 8 18 2 0 2 8 0 2 8 8 18 2 12 16 2 5 30 3 0 2 8 1 2 8 1 2 12 0.0242335317095620749 66.4135940074920654
12 16 2 5 30 3 5 30 3 5 30 3 8 18 2 16 30 2 0 2 7 1 2 7 0 2 7 0 2 7 0 2 7 0 2 7 1 2 7 1 2 3 5 31 3 0 2 3 0 2 3 1 2 7 0 2 7 0 2 7 1 2 7 0 2 7 0 2 7 0 2 7 1 2 7 0 2 7 1 2 7 0 2 7 0 2 4 0 2 3 16 6 2 0 2 4 12 16 2 16 9 11 0 2 3 0 2 3 5 30 3 12 16 2 12 16 2 5 30 3 16 6 2 0 2 3 1 2 7 0 2 10 0 2 7 0 2 7 1 2 7 1 2 3 8 9 2 5 31 3 16 19 11 0 2 3 16 6 2 17 9 2 0 2 7 0 2 3 0 2 4 0 2 3 0 2 3 1 2 7 0 62.9777174592018127
5 30 3 5 30 3 5 30 3 16 6 2 17 9 2 16 19 11 12 16 2 0 2 7 0 2 7 16 30 2 0 2 7 0 2 7 0 2 11 5 30 3 12 16 2 5 30 3 1 2 4 0 2 7 0 2 3 1 2 3 1 2 3 0 2 11 0 2 7 13 6 3 1 2 3 1 2 7 0 2 7 0 2 7 1 2 7 0 2 7 0 2 7 1 2 3 0 2 11 0 2 4 1 2 7 0 2 7 0 2 11 8 18 2 8 9 2 0 2 7 0 2 3 0 2 11 5 30 3 0 2 7 16 19 12 0 2 7 0 2 11 1 2 7 8 9 2 0 2 7 0 2 7 1 2 7 17 18 2 5 30 3 12 16 2 17 18 2 0 2 7 12 16 2 0 2 3 1 2 4 0 63.0274367332458496
5 30 3 5 30 3 12 16 2 5 30 3 8 9 2 16 19 11 16 6 2 5 30 3 0 2 11 17 9 2 1 2 11 5 30 3 0 2 11 1 2 11 0 2 11 5 30 3 8 9 2 0 2 8 0 2 11 0 2 8 5 30 3 0 2 11 5 30 3 16 6 2 0 2 11 0 2 12 0 2 11 0 2 8 8 18 2 0 2 7 17 18 2 1 2 11 1 2 11 0 2 3 0 2 8 0 2 11 0 2 8 0 2 3 0 2 11 12 16 2 0 2 7 0 2 7 0 2 7 6 2 7 0 2 7 5 30 3 0 2 7 1 2 8 1 2 7 0 2 7 0 2 11 0 2 11 0 2 7 17 9 2 8 9 2 0 2 7 1 2 8 16 19 11 0 2 7 0 2 7 0 65.3872969746589661
12 16 2 5 30 3 5 30 3 12 16 2 5 30 3 5 30 3 5 30 3 0 2 11 8 9 2 8 9 2 0 2 11 0 2 3 0 2 3 16 6 2 0 2 8 8 18 2 0 2 3 16 19 11 0 2 12 0 2 3 0 2 3 0 2 8 0 2 7 0 2 8 0 2 8 0 2 11 5 30 3 16 6 2 0 2 3 16 19 11 0 2 3 1 2 8 0 2 11 12 16 2 5 30 3 0 2 3 6 2 8 0 2 8 0 2 8 16 6 2 0 2 3 16 19 11 0 2 7 1 2 8 5 30 3 1 2 8 0 2 3 0 2 8 0 2 8 0 2 3 0 2 3 5 30 3 16 6 2 0 2 8 0 2 3 0 2 7 1 2 3 0 2 3 0 2 3 0 2 3 0 66.7775750160217285
12 16 2 5 30 3 5 30 3 12 16 2 5 30 3 5 30 3 5 30 3 5 30 3 8 9 2 8 9 2 8 18 2 0 2 8 6 2 8 0 2 3 8 18 2 0 2 8 6 2 8 0 2 7 0 2 3 16 6 2 0 2 7 0 2 3 8 9 2 16 18 8 0 2 4 0 2 8 16 19 12 0 2 7 1 2 7 0 2 7 0 2 8 0 2 12 0 2 3 0 2 12 8 9 2 1 2 3 6 2 8 0 2 7 1 2 3 0 2 7 1 2 3 0 2 7 0 2 12 5 30 3 16 15 2 16 19 12 6 2 8 0 2 7 14 2 2 16 19 11 6 2 8 0 2 7 17 9 2 0 2 8 0 2 3 8 9 2 12 16 2 6 2 8 0 2 3 13 6 3 0.0069805185089631969 64.9832502603530884
12 16 2 5 30 3 5 30 3 0 2 7 5 30 3 5 30 3 5 30 3 8 9 2 8 9 2 0 2 7 0 2 3 16 15 2 0 2 7 16 19 11 0 2 7 0 2 3 0 2 3 5 30 3 1 2 3 16 19 11 0 2 7 12 16 2 5 30 3 0 2 7 16 19 11 0 2 4 5 30 3 0 2 3 6 2 7 0 2 7 17 9 2 0 2 7 0 2 7 6 2 7 0 2 7 0 2 7 0 2 7 0 2 7 1 2 3 1 2 7 17 9 2 0 2 7 0 2 7 1 2 3 16 6 2 0 2 7 0 2 7 1 2 7 1 2 3 1 2 11 0 2 7 0 2 7 0 2 7 8 9 2 0 2 3 1 2 3 0 2 7 0 2 3 0 2 3 0 2 7 0 63.6765881776809692

Current Evaluation = 3600(3600)
Front Size = 10
1 2 7 5 31 3 17 9 2 12 16 2 1 2 7 0 2 7 0 2 7 0 2 7 0 2 7 0 2 7 1 2 4 13 6 3 1 2 7 0 2 4 1 2 7 0 2 7 0 2 4 17 9 2 0 2 4 16 9 11 0 2 7 1 2 7 5 31 3 0 2 7 0 2 4 0 2 7 1 2 7 0 2 7 1 2 7 16 6 2 0 2 7 0 2 7 1 2 7 0 2 7 0 2 7 1 2 7 0 2 7 16 6 2 0 2 4 5 31 3 0 2 7 5 31 3 1 2 7 1 2 7 0 2 7 17 9 2 0 2 4 0 2 7 1 2 7 0 2 7 12 16 2 12 16 2 1 2 7 8 18 2 12 16 2 0 2 7 1 2 4 17 18 2 12 16 2 1 2 7 0 60.9128405451774597
5 30 3 5 30 3 12 16 2 5 30 3 8 9 2 16 19 11 16 6 2 5 30 3 0 2 11 17 9 2 1 2 11 5 30 3 0 2 11 1 2 11 0 2 11 5 30 3 8 9 2 0 2 8 0 2 11 0 2 8 5 30 3 0 2 11 5 30 3 16 6 2 0 2 11 0 2 12 0 2 11 0 2 8 8 18 2 0 2 7 17 18 2 1 2 11 1 2 11 0 2 3 0 2 8 0 2 11 0 2 8 0 2 3 0 2 11 12 16 2 0 2 7 0 2 7 0 2 7 6 2 7 0 2 7 5 30 3 0 2 7 1 2 8 1 2 7 0 2 7 0 2 11 0 2 11 0 2 7 17 9 2 8 9 2 0 2 7 1 2 8 16 19 11 0 2 7 0 2 7 0 65.3872969746589661
8 18 2 0 2 8 1 2 8 5 30 3 1 2 8 1 2 8 5 30 3 0 2 12 16 19 12 0 2 8 5 30 3 8 18 2 0 2 8 16 15 2 8 9 2 16 19 12 8 9 2 8 18 2 0 2 8 8 18 2 1 2 8 16 19 12 0 2 8 8 9 2 1 2 8 0 2 8 8 18 2 8 18 2 0 2 8 1 2 8 16 19 12 8 9 2 8 18 2 8 9 2 8 18 2 0 2 8 0 2 8 16 19 12 5 30 3 16 15 2 8 18 2 13 6 3 12 16 2 8 9 2 8 18 2 0 2 8 1 2 8 0 2 8 13 6 3 5 30 3 8 9 2 8 18 2 0 2 8 0 2 8 8 18 2 12 16 2 5 30 3 0 2 8 1 2 8 1 2 12 0.0242335317095620749 66.4135940074920654
16 15 2 12 16 2 1 2 7 0 2 7 13 6 3 12 16 2 0 2 7 0 2 7 0 2 7 0 2 7 1 2 11 0 2 7 13 6 3 17 18 2 5 31 3 1 2 4 0 2 7 12 16 2 0 2 7 16 6 2 6 2 7 0 2 7 0 2 7 12 16 2 1 2 7 1 2 7 17 9 2 6 2 7 0 2 3 0 2 7 0 2 7 6 2 10 0 2 7 5 30 3 5 30 3 1 2 7 5 30 3 0 2 7 1 2 7 17 18 2 0 2 7 0 2 7 5 30 3 0 2 7 1 2 7 0 2 7 0 2 3 0 2 7 0 2 7 0 2 7 0 2 7 0 2 7 0 2 7 17 18 2 16 24 2 8 9 2 5 30 3 0 2 4 5 31 3 5 30 3 0 61.6334621906280518
5 30 3 5 30 3 5 30 3 16 6 2 16 15 2 5 30 3 12 16 2 0 2 3 0 2 7 0 2 3 0 2 7 13 6 3 12 16 2 5 30 3 0 2 3 1 2 3 0 2 3 1 2 3 0 2 7 0 2 7 13 6 3 1 2 3 1 2 3 0 2 3 0 2 3 0 2 7 0 2 7 0 2 3 1 2 7 6 2 7 1 2 7 0 2 7 17 18 2 0 2 3 0 2 3 0 2 7 1 2 7 0 2 7 17 18 2 12 16 2 0 2 7 16 6 2 1 2 3 1 2 7 1 2 7 0 2 7 8 9 2 12 16 2 1 2 4 16 30 2 1 2 7 17 9 2 8 9 2 0 2 7 0 2 3 5 30 3 0 2 7 0 2 7 0 2 7 0 2 7 0 61.8965784907341003
1 2 11 16 32 2 12 16 2 5 30 3 8 18 2 17 9 2 16 30 2 5 30 3 1 2 4 5 30 3 0 2 11 0 2 7 5 30 3 8 9 2 1 2 7 0 2 4 0 2 7 5 30 3 5 31 3 16 6 2 1 2 8 1 2 3 8 18 2 6 2 3 0 2 3 0 2 3 0 2 7 0 2 3 12 16 2 0 2 7 0 2 7 5 30 3 0 2 11 1 2 7 16 19 11 17 9 2 0 2 7 0 2 11 0 2 7 0 2 7 0 2 3 17 18 2 1 2 7 0 2 4 0 2 7 1 2 7 1 2 7 0 2 7 0 2 7 0 2 7 1 2 7 1 2 7 0 2 7 0 2 7 0 2 7 0 2 7 0 2 7 12 16 2 1 2 7 0 2 3 0 62.8081525564193726
12 16 2 5 30 3 5 30 3 12 16 2 5 30 3 5 30 3 5 30 3 0 2 11 8 9 2 8 9 2 0 2 11 0 2 3 0 2 3 16 6 2 0 2 8 8 18 2 0 2 3 16 19 11 0 2 12 0 2 3 0 2 3 0 2 8 0 2 7 0 2 8 0 2 8 0 2 11 5 30 3 16 6 2 0 2 3 16 19 11 0 2 3 1 2 8 0 2 11 12 16 2 5 30 3 0 2 3 6 2 8 0 2 8 0 2 8 16 6 2 0 2 3 16 19 11 0 2 7 1 2 8 5 30 3 1 2 8 0 2 3 0 2 8 0 2 8 0 2 3 0 2 3 5 30 3 16 6 2 0 2 8 0 2 3 0 2 7 1 2 3 0 2 3 0 2 3 0 2 3 0 66.7775750160217285
12 16 2 5 30 3 5 30 3 5 30 3 6 2 7 5 30 3 5 30 3 6 2 7 0 2 3 0 2 7 1 2 3 5 30 3 1 2 3 0 2 7 16 19 11 0 2 11 16 30 2 0 2 7 0 2 3 0 2 3 12 16 2 17 18 2 0 2 7 15 2 11 0 2 7 16 19 11 0 2 3 0 2 7 16 19 11 0 2 10 1 2 7 0 2 7 0 2 11 6 2 11 5 31 3 16 6 2 0 2 3 5 30 3 1 2 7 0 2 7 1 2 7 0 2 3 0 2 7 0 2 7 0 2 7 0 2 7 0 2 3 16 19 11 0 2 7 0 2 3 0 2 7 0 2 3 0 2 3 0 2 7 0 2 11 0 2 3 0 2 11 0 2 3 0 2 3 5 30 3 0 64.7617355585098267
12 16 2 5 30 3 5 30 3 12 16 2 5 30 3 5 30 3 5 30 3 5 30 3 8 9 2 8 9 2 8 18 2 0 2 8 6 2 8 0 2 3 8 18 2 0 2 8 6 2 8 0 2 7 0 2 3 16 6 2 0 2 7 0 2 3 8 9 2 16 18 8 0 2 4 0 2 8 16 19 12 0 2 7 1 2 7 0 2 7 0 2 8 0 2 12 0 2 3 0 2 12 8 9 2 1 2 3 6 2 8 0 2 7 1 2 3 0 2 7 1 2 3 0 2 7 0 2 12 5 30 3 16 15 2 16 19 12 6 2 8 0 2 7 14 2 2 16 19 11 6 2 8 0 2 7 17 9 2 0 2 8 0 2 3 8 9 2 12 16 2 6 2 8 0 2 3 13 6 3 0.0069805185089631969 64.9832502603530884
12 16 2 5 30 3 5 30 3 5 30 3 12 16 2 5 30 3 5 30 3 8 9 2 13 6 3 0 2 8 1 2 8 0 2 7 8 9 2 1 2 3 16 6 2 8 18 2 0 2 7 0 2 7 0 2 8 0 2 8 1 2 8 1 2 7 8 18 2 8 18 2 1 2 8 8 18 2 16 15 2 5 31 3 0 2 7 8 18 2 1 2 7 1 2 8 0 2 7 0 2 7 8 9 2 13 6 3 1 2 8 8 18 2 8 9 2 8 18 2 0 2 8 1 2 12 1 2 7 0 2 7 8 18 2 5 31 3 16 19 11 0 2 3 0 2 8 8 18 2 6 2 7 8 18 2 16 19 12 0 2 8 1 2 7 0 2 7 1 2 8 0 2 3 1 2 8 1 2 7 0.027080103354300944 64.5158522725105286

Current Evaluation = 4500(4500)
Front Size = 10
12 16 2 13 6 3 17 9 2 16 30 2 0 2 7 17 18 2 12 16 2 0 2 4 0 2 7 0 2 7 0 2 3 0 2 7 0 2 7 13 6 3 0 2 7 0 2 7 0 2 7 1 2 4 0 2 7 5 30 3 17 18 2 0 2 7 5 30 3 1 2 7 5 30 3 5 30 3 0 2 7 1 2 7 1 2 4 12 16 2 12 16 2 17 18 2 16 6 2 0 2 7 17 9 2 0 2 7 1 2 7 1 2 7 1 2 11 13 6 3 0 2 7 0 2 7 0 2 7 0 2 7 0 2 7 1 2 7 5 30 3 6 2 7 0 2 7 0 2 7 0 2 4 5 31 3 1 2 7 0 2 7 5 31 3 1 2 7 0 2 7 0 2 4 1 2 7 1 2 7 0 60.7035242915153503
12 16 2 5 30 3 5 30 3 5 30 3 5 30 3 5 30 3 5 30 3 12 16 2 0 2 11 0 2 11 0 2 11 12 16 2 0 2 3 1 2 11 0 2 7 0 2 3 8 18 2 16 6 2 0 2 7 0 2 7 8 18 2 1 2 7 0 2 8 0 2 3 5 30 3 16 19 11 1 2 3 0 2 7 16 19 11 0 2 7 0 2 7 0 2 3 0 2 3 0 2 11 16 19 11 16 6 2 0 2 11 0 2 3 0 2 11 0 2 7 0 2 3 0 2 3 0 2 7 12 16 2 0 2 11 0 2 3 0 2 3 16 19 11 16 19 11 0 2 3 0 2 7 6 2 3 0 2 7 0 2 3 0 2 7 6 2 3 0 2 7 5 30 3 0 2 11 5 30 3 0 65.9147124290466309
12 16 2 5 30 3 5 30 3 12 16 2 5 30 3 5 30 3 5 30 3 5 30 3 8 9 2 8 9 2 8 18 2 0 2 8 6 2 8 0 2 3 8 18 2 0 2 8 6 2 8 0 2 7 0 2 3 16 6 2 0 2 7 0 2 3 8 9 2 16 18 8 0 2 4 0 2 8 16 19 12 0 2 7 1 2 7 0 2 7 0 2 8 0 2 12 0 2 3 0 2 12 8 9 2 1 2 3 6 2 8 0 2 7 1 2 3 0 2 7 1 2 3 0 2 7 0 2 12 5 30 3 16 15 2 16 19 12 6 2 8 0 2 7 14 2 2 16 19 11 6 2 8 0 2 7 17 9 2 0 2 8 0 2 3 8 9 2 12 16 2 6 2 8 0 2 3 13 6 3 0.0069805185089631969 64.9832502603530884
12 16 2 5 30 3 5 30 3 5 30 3 5 30 3 1 2 7 12 16 2 8 18 2 1 2 7 17 9 2 0 2 7 0 2 3 5 31 3 0 2 3 0 2 7 16 6 2 1 2 7 8 9 2 0 2 3 1 2 3 0 2 7 0 2 4 0 2 4 0 2 7 16 6 2 0 2 7 1 2 7 0 2 11 0 2 3 16 19 11 1 2 3 1 2 7 1 2 7 0 2 7 1 2 7 0 2 7 0 2 7 16 6 2 0 2 7 0 2 4 1 2 7 5 30 3 0 2 3 1 2 7 0 2 3 0 2 7 8 18 2 0 2 4 1 2 3 0 2 7 1 2 4 12 16 2 0 2 7 0 2 3 0 2 3 0 2 3 0 2 3 16 6 2 0 2 11 17 18 2 0 62.6242976188659668
5 31 3 5 30 3 12 16 2 5 30 3 8 9 2 1 2 11 16 6 2 5 30 3 0 2 7 0 2 1 0 2 7 0 2 7 5 30 3 8 9 2 0 2 4 0 2 7 1 2 11 5 30 3 5 30 3 16 6 2 0 2 7 0 2 7 17 18 2 0 2 11 0 2 11 0 2 7 0 2 7 0 2 7 12 16 2 0 2 7 12 16 2 5 31 3 1 2 7 0 2 7 16 19 11 17 9 2 1 2 7 1 2 11 0 2 7 6 2 7 1 2 7 17 18 2 0 2 7 0 2 11 0 2 11 0 2 11 1 2 7 0 2 4 0 2 7 0 2 11 0 2 7 0 2 7 1 2 7 0 2 7 16 6 2 6 2 7 8 9 2 6 2 7 0 2 7 0 2 11 0 63.1314366459846497
12 16 2 5 30 3 5 30 3 12 16 2 5 30 3 5 30 3 5 30 3 0 2 11 8 9 2 8 9 2 0 2 11 0 2 3 0 2 3 16 6 2 0 2 8 8 18 2 0 2 3 16 19 11 0 2 12 0 2 3 0 2 3 0 2 8 0 2 7 0 2 8 0 2 8 0 2 11 5 30 3 16 6 2 0 2 3 16 19 11 0 2 3 1 2 8 0 2 11 12 16 2 5 30 3 0 2 3 6 2 8 0 2 8 0 2 8 16 6 2 0 2 3 16 19 11 0 2 7 1 2 8 5 30 3 1 2 8 0 2 3 0 2 8 0 2 8 0 2 3 0 2 3 5 30 3 16 6 2 0 2 8 0 2 3 0 2 7 1 2 3 0 2 3 0 2 3 0 2 3 0 66.7775750160217285
12 16 2 16 6 2 17 9 2 16 6 2 8 18 2 0 2 7 17 18 2 12 16 2 0 2 7 0 2 7 0 2 7 0 2 7 0 2 7 1 2 7 0 2 7 0 2 7 17 9 2 0 2 7 0 2 7 0 2 7 1 2 7 0 2 4 5 30 3 8 9 2 1 2 7 5 31 3 0 2 7 1 2 11 5 30 3 5 31 3 1 2 11 0 2 4 1 2 7 8 9 2 0 2 8 0 2 11 16 9 11 1 2 7 0 2 11 1 2 7 1 2 7 5 31 3 1 2 7 0 2 8 1 2 7 1 2 11 0 2 3 0 2 8 1 2 7 0 2 4 0 2 3 0 2 11 1 2 7 1 2 4 12 16 2 0 2 11 0 2 11 0 2 4 1 2 8 12 16 2 7.41972548864443834e-05 63.1002569794654846
8 18 2 0 2 8 1 2 8 5 30 3 1 2 8 1 2 8 5 30 3 0 2 12 16 19 12 0 2 8 5 30 3 8 18 2 0 2 8 16 15 2 8 9 2 16 19 12 8 9 2 8 18 2 0 2 8 8 18 2 1 2 8 16 19 12 0 2 8 8 9 2 1 2 8 0 2 8 8 18 2 8 18 2 0 2 8 1 2 8 16 19 12 8 9 2 8 18 2 8 9 2 8 18 2 0 2 8 0 2 8 16 19 12 5 30 3 16 15 2 8 18 2 13 6 3 12 16 2 8 9 2 8 18 2 0 2 8 1 2 8 0 2 8 13 6 3 5 30 3 8 9 2 8 18 2 0 2 8 0 2 8 8 18 2 12 16 2 5 30 3 0 2 8 1 2 8 1 2 12 0.0242335317095620749 66.4135940074920654
5 30 3 12 16 2 5 30 3 16 6 2 0 2 7 16 6 2 5 30 3 0 2 7 0 2 3 1 2 7 5 30 3 0 2 7 0 2 7 0 2 7 5 30 3 5 31 3 16 30 2 1 2 3 0 2 7 17 9 2 0 2 7 0 2 7 0 2 7 0 2 7 0 2 7 12 16 2 0 2 7 1 2 7 0 2 3 16 19 11 8 9 2 0 2 7 16 19 11 1 2 7 1 2 3 8 18 2 0 2 3 1 2 7 1 2 7 0 2 7 1 2 7 0 2 7 0 2 7 5 31 3 0 2 7 0 2 7 12 16 2 5 30 3 0 2 7 0 2 7 1 2 7 1 2 3 0 2 7 0 2 7 16 6 2 0 2 7 8 18 2 0 2 7 0 2 7 0 2 7 0 62.6450002193450928
16 9 8 12 16 2 5 30 3 8 9 2 16 6 2 5 30 3 0 2 3 1 2 7 0 2 3 5 30 3 8 9 2 5 30 3 5 30 3 16 6 2 0 2 7 0 2 3 12 16 2 12 16 2 16 19 11 0 2 7 1 2 3 16 6 2 5 30 3 16 6 2 0 2 8 1 2 3 1 2 7 0 2 3 0 2 3 0 2 7 8 18 2 5 30 3 0 2 3 0 2 7 1 2 7 0 2 7 0 2 3 0 2 3 0 2 3 16 19 11 0 2 3 0 2 7 1 2 3 0 2 3 0 2 7 0 2 3 0 2 3 0 2 7 0 2 7 0 2 3 0 2 8 1 2 3 0 2 7 1 2 7 1 2 7 0 2 7 5 30 3 0 2 3 0 2 8 0 2 3 0 64.5349974632263184

Current Evaluation = 5400(5400)
Front Size = 10
12 16 2 16 6 2 16 30 2 17 18 2 1 2 7 12 16 2 0 2 4 0 2 7 0 2 7 1 2 7 0 2 7 1 2 7 1 2 7 1 2 7 0 2 7 0 2 7 5 31 3 0 2 7 5 31 3 0 2 4 0 2 7 0 2 7 12 16 2 12 16 2 17 18 2 17 9 2 0 2 7 1 2 7 0 2 7 5 30 3 0 2 7 5 31 3 0 2 7 1 2 7 1 2 7 1 2 7 0 2 7 0 2 4 0 2 7 0 2 7 1 2 7 1 2 4 0 2 7 1 2 7 0 2 7 0 2 7 0 2 7 12 16 2 17 18 2 13 6 3 13 6 3 1 2 7 0 2 7 5 30 3 13 6 3 17 9 2 1 2 7 0 2 7 0 2 7 1 2 7 0 60.2733184099197388
0 2 3 5 30 3 5 30 3 12 16 2 17 9 2 5 30 3 0 2 3 0 2 7 0 2 7 0 2 7 0 2 3 0 2 7 0 2 3 0 2 7 0 2 7 1 2 3 0 2 3 0 2 3 0 2 7 0 2 7 0 2 7 1 2 7 1 2 7 12 16 2 0 2 3 1 2 7 8 18 2 0 2 7 0 2 3 1 2 3 0 2 3 0 2 7 1 2 7 1 2 7 1 2 7 0 2 3 0 2 7 13 6 3 5 30 3 0 2 3 1 2 7 0 2 3 0 2 7 16 6 2 16 19 11 16 6 2 16 18 11 1 2 7 5 31 3 16 19 11 0 2 3 0 2 4 1 2 7 12 16 2 1 2 3 1 2 7 17 18 2 0 2 7 0 2 7 5 30 3 0 62.9734674096107483
12 16 2 5 30 3 5 31 3 12 16 2 0 2 7 5 30 3 5 30 3 0 2 7 17 9 2 0 2 7 1 2 11 1 2 3 0 2 7 16 6 2 0 2 11 17 18 2 0 2 7 8 9 2 0 2 7 0 2 7 1 2 7 0 2 4 0 2 7 1 2 7 0 2 4 0 2 7 5 30 3 16 6 2 1 2 7 5 30 3 6 2 7 6 2 11 0 2 7 12 16 2 5 30 3 0 2 7 0 2 7 0 2 7 0 2 7 16 31 2 0 2 7 17 9 2 0 2 3 0 2 7 13 6 3 0 2 7 0 2 7 1 2 7 1 2 7 1 2 7 0 2 7 5 31 3 16 6 2 1 2 3 0 2 7 0 2 7 0 2 7 0 2 10 0 2 3 1 2 7 0 61.8767463564872742
12 16 2 5 30 3 5 30 3 5 30 3 5 30 3 5 30 3 5 30 3 12 16 2 0 2 11 0 2 11 0 2 11 12 16 2 0 2 3 1 2 11 0 2 7 0 2 3 8 18 2 16 6 2 0 2 7 0 2 7 8 18 2 1 2 7 0 2 8 0 2 3 5 30 3 16 19 11 1 2 3 0 2 7 16 19 11 0 2 7 0 2 7 0 2 3 0 2 3 0 2 11 16 19 11 16 6 2 0 2 11 0 2 3 0 2 11 0 2 7 0 2 3 0 2 3 0 2 7 12 16 2 0 2 11 0 2 3 0 2 3 16 19 11 16 19 11 0 2 3 0 2 7 6 2 3 0 2 7 0 2 3 0 2 7 6 2 3 0 2 7 5 30 3 0 2 11 5 30 3 0 65.9147124290466309
0 2 7 5 30 3 5 30 3 12 16 2 5 30 3 5 30 3 5 30 3 5 30 3 17 9 2 17 18 2 0 2 7 0 2 7 0 2 7 0 2 7 1 2 10 0 2 7 0 2 7 0 2 3 0 2 7 1 2 7 0 2 7 0 2 7 0 2 7 0 2 7 0 2 7 0 2 7 1 2 7 5 30 3 1 2 7 8 18 2 1 2 7 16 15 2 12 16 2 0 2 7 8 9 2 1 2 7 5 30 3 17 18 2 0 2 7 0 2 7 0 2 7 0 2 7 0 2 7 16 19 11 16 19 11 0 2 7 0 2 7 8 9 2 1 2 7 0 2 7 0 2 10 16 19 11 1 2 7 1 2 11 1 2 7 0 2 7 0 2 7 8 9 2 0 2 7 0 2 7 0 63.0090459585189819
12 16 2 5 30 3 5 30 3 12 16 2 5 30 3 5 30 3 5 30 3 0 2 11 8 9 2 8 9 2 0 2 11 0 2 3 0 2 3 16 6 2 0 2 8 8 18 2 0 2 3 16 19 11 0 2 12 0 2 3 0 2 3 0 2 8 0 2 7 0 2 8 0 2 8 0 2 11 5 30 3 16 6 2 0 2 3 16 19 11 0 2 3 1 2 8 0 2 11 12 16 2 5 30 3 0 2 3 6 2 8 0 2 8 0 2 8 16 6 2 0 2 3 16 19 11 0 2 7 1 2 8 5 30 3 1 2 8 0 2 3 0 2 8 0 2 8 0 2 3 0 2 3 5 30 3 16 6 2 0 2 8 0 2 3 0 2 7 1 2 3 0 2 3 0 2 3 0 2 3 0 66.7775750160217285
12 16 2 5 30 3 5 30 3 12 16 2 5 30 3 5 30 3 5 30 3 5 30 3 8 9 2 8 18 2 0 2 3 0 2 7 0 2 3 16 6 2 0 2 7 0 2 3 0 2 4 0 2 7 1 2 7 0 2 7 0 2 3 1 2 3 0 2 7 1 2 3 0 2 7 1 2 3 0 2 7 5 30 3 0 2 7 16 19 11 0 2 7 17 9 2 12 16 2 13 6 3 0 2 7 1 2 1 6 2 8 8 18 2 0 2 8 6 2 8 8 9 2 16 18 8 0 2 10 17 9 2 0 2 8 12 16 2 0 2 12 0 2 7 12 16 2 0 2 12 16 15 2 0 2 7 6 2 3 0 2 7 6 2 8 1 2 7 16 19 11 13 6 3 0 2 7 1 2 7 0.000782313377825480296 63.846611499786377
12 16 2 5 31 3 5 31 3 1 2 7 1 2 7 1 2 7 17 9 2 0 2 4 1 2 3 5 31 3 0 2 7 0 2 4 1 2 7 1 2 7 1 2 4 0 2 7 0 2 7 1 2 7 0 2 7 0 2 7 1 2 4 0 2 4 0 2 7 16 6 2 1 2 4 17 9 2 0 2 7 12 16 2 0 2 7 0 2 7 0 2 4 0 2 7 0 2 7 1 2 7 0 2 4 5 31 3 13 6 3 12 16 2 0 2 4 0 2 7 0 2 7 12 16 2 0 2 4 0 2 4 1 2 7 17 18 2 1 2 7 0 2 4 0 2 7 0 2 7 17 9 2 16 6 2 0 2 7 1 2 4 1 2 7 0 2 4 1 2 7 1 2 7 0 2 7 17 18 2 0 60.5538116693496704
8 18 2 0 2 8 1 2 8 5 30 3 1 2 8 1 2 8 5 30 3 0 2 12 16 19 12 0 2 8 5 30 3 8 18 2 0 2 8 16 15 2 8 9 2 16 19 12 8 9 2 8 18 2 0 2 8 8 18 2 1 2 8 16 19 12 0 2 8 8 9 2 1 2 8 0 2 8 8 18 2 8 18 2 0 2 8 1 2 8 16 19 12 8 9 2 8 18 2 8 9 2 8 18 2 0 2 8 0 2 8 16 19 12 5 30 3 16 15 2 8 18 2 13 6 3 12 16 2 8 9 2 8 18 2 0 2 8 1 2 8 0 2 8 13 6 3 5 30 3 8 9 2 8 18 2 0 2 8 0 2 8 8 18 2 12 16 2 5 30 3 0 2 8 1 2 8 1 2 12 0.0242335317095620749 66.4135940074920654
12 16 2 5 30 3 5 30 3 12 16 2 5 30 3 5 30 3 5 30 3 5 30 3 8 9 2 8 9 2 8 18 2 0 2 8 6 2 8 0 2 3 8 18 2 0 2 8 6 2 8 0 2 7 0 2 3 16 6 2 0 2 7 0 2 3 8 9 2 16 18 8 0 2 4 0 2 8 16 19 12 0 2 7 1 2 7 0 2 7 0 2 8 0 2 12 0 2 3 0 2 12 8 9 2 1 2 3 6 2 8 0 2 7 1 2 3 0 2 7 1 2 3 0 2 7 0 2 12 5 30 3 16 15 2 16 19 12 6 2 8 0 2 7 14 2 2 16 19 11 6 2 8 0 2 7 17 9 2 0 2 8 0 2 3 8 9 2 12 16 2 6 2 8 0 2 3 13 6 3 0.0069805185089631969 64.9832502603530884

Current Evaluation = 6300(6300)
Front Size = 10
12 16 2 5 31 3 5 31 3 1 2 7 6 2 7 1 2 7 17 9 2 0 2 4 1 2 7 5 31 3 0 2 7 13 6 3 1 2 7 1 2 7 1 2 7 0 2 7 0 2 7 0 2 7 0 2 7 1 2 7 1 2 7 0 2 7 0 2 7 16 6 2 0 2 7 17 9 2 0 2 4 12 16 2 0 2 7 0 2 7 0 2 7 0 2 7 0 2 7 1 2 7 0 2 7 5 31 3 13 6 3 0 2 7 0 2 7 0 2 7 0 2 7 12 16 2 0 2 7 0 2 7 1 2 7 17 18 2 1 2 7 0 2 7 0 2 7 0 2 7 17 9 2 16 6 2 0 2 7 1 2 7 1 2 7 1 2 7 1 2 7 1 2 7 1 2 11 17 18 2 0 60.1891635060310364
12 16 2 5 30 3 5 30 3 5 30 3 5 30 3 5 30 3 5 30 3 12 16 2 0 2 11 0 2 11 0 2 11 12 16 2 0 2 3 1 2 11 0 2 7 0 2 3 8 18 2 16 6 2 0 2 7 0 2 7 8 18 2 1 2 7 0 2 8 0 2 3 5 30 3 16 19 11 1 2 3 0 2 7 16 19 11 0 2 7 0 2 7 0 2 3 0 2 3 0 2 11 16 19 11 16 6 2 0 2 11 0 2 3 0 2 11 0 2 7 0 2 3 0 2 3 0 2 7 12 16 2 0 2 11 0 2 3 0 2 3 16 19 11 16 19 11 0 2 3 0 2 7 6 2 3 0 2 7 0 2 3 0 2 7 6 2 3 0 2 7 5 30 3 0 2 11 5 30 3 0 65.9147124290466309
5 30 3 5 30 3 5 30 3 12 16 2 5 30 3 0 2 7 0 2 7 1 2 7 0 2 7 0 2 3 1 2 7 0 2 3 0 2 3 0 2 7 12 16 2 0 2 3 1 2 7 0 2 7 1 2 3 0 2 3 5 31 3 0 2 7 0 2 3 16 6 2 16 19 11 16 6 2 16 9 11 0 2 3 12 16 2 5 30 3 0 2 3 0 2 3 0 2 3 0 2 7 0 2 7 6 2 7 0 2 3 0 2 3 1 2 3 0 2 3 0 2 3 16 6 2 0 2 3 0 2 7 0 2 7 0 2 7 0 2 3 1 2 3 16 9 11 0 2 3 16 18 11 0 2 7 5 31 3 0 2 3 1 2 7 1 2 3 1 2 7 1 2 3 0 2 3 1 2 7 0 64.209174633026123
8 18 2 0 2 8 1 2 8 5 30 3 1 2 8 1 2 8 5 30 3 0 2 12 16 19 12 0 2 8 5 30 3 8 18 2 0 2 8 16 15 2 8 9 2 16 19 12 8 9 2 8 18 2 0 2 8 8 18 2 1 2 8 16 19 12 0 2 8 8 9 2 1 2 8 0 2 8 8 18 2 8 18 2 0 2 8 1 2 8 16 19 12 8 9 2 8 18 2 8 9 2 8 18 2 0 2 8 0 2 8 16 19 12 5 30 3 16 15 2 8 18 2 13 6 3 12 16 2 8 9 2 8 18 2 0 2 8 1 2 8 0 2 8 13 6 3 5 30 3 8 9 2 8 18 2 0 2 8 0 2 8 8 18 2 12 16 2 5 30 3 0 2 8 1 2 8 1 2 12 0.0242335317095620749 66.4135940074920654
12 16 2 1 2 4 0 2 7 17 9 2 1 2 7 0 2 4 1 2 7 13 6 3 0 2 7 1 2 4 0 2 7 0 2 4 0 2 7 0 2 7 0 2 7 1 2 4 1 2 7 0 2 10 0 2 7 16 6 2 0 2 7 17 9 2 0 2 7 12 16 2 0 2 3 0 2 7 1 2 7 0 2 10 0 2 7 1 2 7 1 2 7 0 2 7 0 2 4 1 2 7 0 2 7 12 16 2 0 2 7 0 2 7 1 2 7 17 18 2 1 2 3 0 2 7 17 9 2 1 2 4 17 18 2 0 2 1 5 31 3 0 2 7 8 18 2 5 30 3 5 30 3 5 30 3 0 2 7 1 2 3 5 30 3 8 18 2 0 2 7 0 2 7 16 19 11 5 30 3 0 61.8134744167327881
12 16 2 12 16 2 0 2 7 1 2 7 1 2 7 0 2 7 0 2 7 1 2 7 1 2 7 17 9 2 12 16 2 17 18 2 0 2 7 1 2 7 1 2 3 0 2 7 0 2 7 0 2 4 0 2 7 0 2 7 13 6 3 1 2 7 17 9 2 1 2 7 0 2 4 1 2 7 0 2 4 17 9 2 0 2 7 0 2 7 0 2 4 0 2 7 1 2 4 0 2 7 17 18 2 1 2 7 0 2 7 0 2 3 1 2 7 6 2 7 0 2 4 0 2 4 0 2 7 16 32 2 5 31 3 0 2 3 5 30 3 1 2 7 6 2 3 5 30 3 1 2 7 0 2 3 0 2 4 1 2 3 0 2 4 5 31 3 1 2 7 0 2 7 5 30 3 16 31 2 0 60.9981396794319153
12 16 2 5 30 3 5 31 3 5 31 3 12 16 2 12 16 2 0 2 7 0 2 3 0 2 7 0 2 3 0 2 7 5 30 3 0 2 7 0 2 7 0 2 7 1 2 7 0 2 7 1 2 7 1 2 3 1 2 4 0 2 7 12 16 2 0 2 7 0 2 7 0 2 7 5 31 3 0 2 7 0 2 7 1 2 7 0 2 7 0 2 7 1 2 7 16 6 2 0 2 4 0 2 3 1 2 7 16 19 11 16 6 2 1 2 7 1 2 3 0 2 3 1 2 7 16 6 2 0 2 7 1 2 3 0 2 3 17 18 2 0 2 7 12 16 2 0 2 7 0 2 7 0 2 7 0 2 3 16 9 11 6 2 7 17 18 2 8 9 2 1 2 7 13 6 3 1 2 7 0 62.0988694429397583
5 30 3 5 30 3 12 16 2 0 2 7 0 2 11 1 2 7 0 2 4 1 2 7 0 2 7 12 16 2 0 2 7 0 2 7 0 2 11 16 6 2 12 16 2 0 2 7 1 2 7 0 2 7 0 2 7 1 2 7 0 2 7 1 2 7 0 2 4 0 2 7 17 18 2 0 2 7 1 2 7 0 2 7 1 2 7 0 2 7 1 2 7 0 2 7 8 9 2 0 2 4 13 6 3 17 18 2 0 2 7 0 2 7 0 2 7 0 2 7 1 2 11 16 19 12 0 2 7 1 2 7 5 30 3 0 2 4 5 30 3 5 30 3 5 31 3 0 2 7 5 30 3 1 2 7 17 9 2 13 6 3 8 9 2 0 2 7 17 9 2 17 18 2 1 2 7 1 2 7 0 61.4816783666610718
5 31 3 5 30 3 12 16 2 1 2 7 0 2 4 1 2 7 1 2 7 1 2 7 0 2 7 12 16 2 1 2 7 1 2 7 0 2 7 16 6 2 12 16 2 0 2 7 0 2 4 0 2 7 12 16 2 1 2 4 0 2 7 1 2 4 0 2 7 0 2 7 17 18 2 0 2 4 0 2 7 0 2 7 1 2 7 0 2 7 0 2 7 0 2 7 8 9 2 0 2 7 13 6 3 17 18 2 0 2 7 0 2 7 0 2 7 0 2 7 0 2 7 16 19 13 0 2 7 5 30 3 0 2 7 5 31 3 12 16 2 12 16 2 0 2 4 8 9 2 1 2 7 0 2 7 16 6 2 17 9 2 5 31 3 0 2 7 1 2 7 0 2 7 16 19 13 1 2 4 0 61.7899553775787354
12 16 2 5 30 3 5 30 3 12 16 2 5 30 3 5 30 3 5 30 3 5 30 3 8 9 2 8 9 2 8 18 2 0 2 8 6 2 8 0 2 3 8 18 2 0 2 8 6 2 8 0 2 7 0 2 3 16 6 2 0 2 7 0 2 3 8 9 2 16 18 8 0 2 4 0 2 8 16 19 12 0 2 7 1 2 7 0 2 7 0 2 8 0 2 12 0 2 3 0 2 12 8 9 2 1 2 3 6 2 8 0 2 7 1 2 3 0 2 7 1 2 3 0 2 7 0 2 12 5 30 3 16 15 2 16 19 12 6 2 8 0 2 7 14 2 2 16 19 11 6 2 8 0 2 7 17 9 2 0 2 8 0 2 3 8 9 2 12 16 2 6 2 8 0 2 3 13 6 3 0.0069805185089631969 64.9832502603530884

Current Evaluation = 7200(7200)
Front Size = 10
12 16 2 5 31 3 5 31 3 1 2 7 6 2 7 1 2 7 17 9 2 0 2 4 1 2 7 5 31 3 0 2 7 13 6 3 1 2 7 1 2 7 1 2 7 0 2 7 0 2 7 0 2 7 0 2 7 1 2 7 1 2 7 0 2 7 0 2 7 16 6 2 0 2 7 17 9 2 0 2 4 12 16 2 0 2 7 0 2 7 0 2 7 0 2 7 0 2 7 1 2 7 0 2 7 5 31 3 13 6 3 0 2 7 0 2 7 0 2 7 0 2 7 12 16 2 0 2 7 0 2 7 1 2 7 17 18 2 1 2 7 0 2 7 0 2 7 0 2 7 17 9 2 16 6 2 0 2 7 1 2 7 1 2 7 1 2 7 1 2 7 1 2 7 1 2 11 17 18 2 0 60.1891635060310364
12 16 2 5 30 3 5 30 3 12 16 2 5 30 3 5 30 3 5 30 3 5 30 3 8 9 2 8 9 2 8 18 2 0 2 8 6 2 8 0 2 3 8 18 2 0 2 8 6 2 8 0 2 7 0 2 3 16 6 2 0 2 7 0 2 3 8 9 2 16 18 8 0 2 4 0 2 8 16 19 12 0 2 7 1 2 7 0 2 7 0 2 8 0 2 12 0 2 3 0 2 12 8 9 2 1 2 3 6 2 8 0 2 7 1 2 3 0 2 7 1 2 3 0 2 7 0 2 12 5 30 3 16 15 2 16 19 12 6 2 8 0 2 7 14 2 2 16 19 11 6 2 8 0 2 7 17 9 2 0 2 8 0 2 3 8 9 2 12 16 2 6 2 8 0 2 3 13 6 3 0.0069805185089631969 64.9832502603530884
12 16 2 12 16 2 0 2 3 1 2 7 0 2 7 1 2 3 1 2 3 1 2 3 12 16 2 0 2 4 0 2 3 0 2 3 0 2 3 0 2 3 0 2 3 0 2 7 0 2 3 0 2 3 0 2 7 0 2 7 0 2 7 5 30 3 5 30 3 5 30 3 0 2 7 5 30 3 0 2 7 5 30 3 8 18 2 0 2 3 0 2 3 16 6 2 0 2 3 0 2 3 16 30 2 0 2 3 1 2 7 0 2 3 1 2 3 1 2 3 0 2 3 1 2 3 5 30 3 1 2 3 0 2 3 16 30 2 0 2 3 0 2 7 0 2 3 1 2 3 1 2 3 16 19 11 16 19 11 0 2 3 16 6 2 1 2 7 1 2 3 0 2 7 8 18 2 16 6 2 0 63.839079737663269
12 16 2 12 16 2 0 2 7 1 2 7 1 2 7 0 2 7 0 2 7 1 2 7 1 2 7 17 9 2 12 16 2 17 18 2 0 2 7 1 2 7 1 2 3 0 2 7 0 2 7 0 2 4 0 2 7 0 2 7 13 6 3 1 2 7 17 9 2 1 2 7 0 2 4 1 2 7 0 2 4 17 9 2 0 2 7 0 2 7 0 2 4 0 2 7 1 2 4 0 2 7 17 18 2 1 2 7 0 2 7 0 2 3 1 2 7 6 2 7 0 2 4 0 2 4 0 2 7 16 32 2 5 31 3 0 2 3 5 30 3 1 2 7 6 2 3 5 30 3 1 2 7 0 2 3 0 2 4 1 2 3 0 2 4 5 31 3 1 2 7 0 2 7 5 30 3 16 31 2 0 60.9981396794319153
12 16 2 5 31 3 5 31 3 1 2 7 16 6 2 1 2 7 17 9 2 0 2 7 1 2 7 0 2 4 13 6 3 1 2 7 1 2 7 1 2 11 0 2 4 0 2 3 0 2 7 0 2 7 1 2 4 1 2 3 0 2 7 0 2 7 0 2 7 17 9 2 1 2 7 12 16 2 0 2 3 0 2 3 0 2 7 0 2 7 0 2 7 1 2 7 0 2 7 0 2 7 12 16 2 0 2 7 17 9 2 1 2 7 17 9 2 0 2 4 1 2 3 8 18 2 0 2 7 16 30 2 5 31 3 0 2 7 0 2 3 0 2 7 1 2 7 0 2 7 1 2 4 0 2 7 1 2 7 0 2 7 16 6 2 0 2 7 1 2 7 1 2 7 5 30 3 1 2 7 0 60.8288676738739014
12 16 2 12 16 2 0 2 7 0 2 11 12 16 2 0 2 11 0 2 7 1 2 7 0 2 7 5 30 3 1 2 7 0 2 7 16 6 2 1 2 4 0 2 7 0 2 11 0 2 7 0 2 7 0 2 7 0 2 4 0 2 4 1 2 7 0 2 4 0 2 11 0 2 7 0 2 7 0 2 7 0 2 7 0 2 7 0 2 7 1 2 7 1 2 4 1 2 7 1 2 7 0 2 7 0 2 4 17 9 2 1 2 7 1 2 7 1 2 7 5 31 3 0 2 11 16 6 2 1 2 7 13 6 3 1 2 4 5 30 3 5 30 3 17 9 2 8 18 2 5 31 3 1 2 7 17 18 2 8 9 2 0 2 7 1 2 7 1 2 7 0 2 4 17 9 2 17 18 2 0 61.0911568403244019
12 16 2 12 16 2 0 2 7 1 2 7 1 2 4 0 2 7 0 2 7 1 2 4 1 2 7 17 9 2 12 16 2 17 18 2 13 6 3 0 2 7 1 2 4 0 2 7 0 2 7 0 2 3 0 2 7 0 2 7 13 6 3 1 2 7 17 9 2 1 2 7 1 2 7 1 2 3 0 2 3 17 9 2 0 2 7 0 2 4 0 2 7 1 2 11 0 2 7 17 18 2 0 2 7 0 2 7 0 2 7 5 30 3 5 30 3 5 30 3 1 2 3 0 2 7 5 30 3 16 19 11 0 2 7 1 2 7 5 30 3 16 6 2 0 2 7 8 18 2 0 2 3 1 2 7 0 2 7 0 2 7 0 2 11 1 2 1 8 18 2 0 2 7 5 30 3 0 2 7 0 61.7022043466567993
12 16 2 1 2 7 0 2 11 8 9 2 1 2 7 0 2 7 13 6 3 0 2 7 0 2 7 1 2 11 0 2 7 0 2 7 0 2 7 1 2 7 6 2 7 0 2 7 0 2 7 6 2 11 0 2 11 17 9 2 12 16 2 1 2 7 0 2 7 0 2 11 0 2 7 0 2 7 0 2 7 0 2 7 0 2 7 0 2 7 0 2 11 0 2 7 0 2 11 0 2 7 1 2 7 17 18 2 6 2 7 0 2 7 0 2 7 17 9 2 0 2 7 5 31 3 5 30 3 1 2 7 5 30 3 5 31 3 16 6 2 1 2 11 17 9 2 13 6 3 5 30 3 5 30 3 16 6 2 0 2 7 1 2 7 5 30 3 5 30 3 17 9 2 5 30 3 0 2 7 0 61.9603735208511353
5 30 3 12 16 2 0 2 7 16 15 2 0 2 7 1 2 7 0 2 10 1 2 7 0 2 7 0 2 3 0 2 7 0 2 7 0 2 7 1 2 7 17 9 2 12 16 2 13 6 3 5 30 3 0 2 7 5 30 3 5 30 3 8 18 2 5 30 3 8 9 2 17 9 2 0 2 7 1 2 7 0 2 7 17 18 2 5 30 3 5 30 3 1 2 7 0 2 7 1 2 7 0 2 10 0 2 7 0 2 7 16 19 11 0 2 7 0 2 7 0 2 3 0 2 7 8 9 2 1 2 7 0 2 7 0 2 7 1 2 7 0 2 7 5 30 3 1 2 7 0 2 7 0 2 7 17 9 2 16 19 11 0 2 7 0 2 7 6 2 4 1 2 7 0 2 7 0 2 7 0 62.3176841139793396
12 16 2 12 16 2 12 16 2 6 2 7 0 2 7 16 6 2 0 2 7 0 2 3 1 2 7 0 2 7 0 2 7 0 2 7 16 6 2 0 2 7 0 2 7 1 2 7 0 2 7 0 2 7 0 2 7 5 30 3 0 2 7 5 30 3 5 31 3 8 18 2 5 31 3 1 2 7 0 2 7 0 2 7 0 2 7 0 2 7 0 2 7 17 18 2 0 2 7 0 2 7 5 30 3 0 2 7 16 19 11 16 19 11 6 2 3 0 2 7 0 2 7 16 9 11 0 2 7 5 31 3 0 2 7 0 2 7 0 2 7 1 2 7 0 2 7 0 2 3 0 2 7 5 30 3 16 19 11 1 2 4 6 2 7 1 2 7 1 2 7 0 2 7 12 16 2 5 31 3 0 63.1681731343269348

Current Evaluation = 8100(8100)
Front Size = 10
12 16 2 5 31 3 5 30 3 1 2 7 1 2 7 1 2 7 17 9 2 6 2 7 1 2 7 5 31 3 0 2 4 13 6 3 1 2 7 1 2 7 1 2 4 1 2 7 0 2 4 0 2 7 0 2 7 1 2 7 1 2 7 0 2 7 0 2 7 16 6 2 0 2 7 17 9 2 0 2 7 12 16 2 0 2 7 1 2 7 0 2 7 0 2 7 0 2 7 1 2 7 0 2 7 5 31 3 13 6 3 0 2 7 0 2 7 0 2 7 0 2 7 12 16 2 0 2 7 0 2 7 0 2 7 17 18 2 12 16 2 0 2 7 0 2 7 0 2 4 17 9 2 16 31 2 0 2 7 1 2 7 1 2 7 1 2 7 1 2 7 1 2 7 0 2 4 17 18 2 0 60.1419845223426819
12 16 2 0 2 7 0 2 7 5 31 3 0 2 7 0 2 4 0 2 7 1 2 4 1 2 7 12 16 2 8 18 2 0 2 7 1 2 7 1 2 7 0 2 7 0 2 10 1 2 11 0 2 11 0 2 3 0 2 7 1 2 7 0 2 11 0 2 7 0 2 7 0 2 7 1 2 7 0 2 3 5 30 3 0 2 7 5 30 3 0 2 7 5 30 3 5 30 3 0 2 7 5 30 3 17 9 2 15 2 11 16 6 2 12 16 2 8 9 2 0 2 11 0 2 11 0 2 4 0 2 7 17 9 2 0 2 7 17 18 2 1 2 7 1 2 4 1 2 7 1 2 11 5 30 3 8 18 2 0 2 7 16 6 2 16 6 2 0 2 7 0 2 7 16 19 11 0 2 7 0 62.6124804019927979
12 16 2 0 2 7 0 2 7 5 31 3 0 2 7 0 2 4 0 2 7 0 2 7 12 16 2 16 20 12 1 2 7 1 2 4 0 2 3 0 2 7 1 2 3 0 2 7 0 2 3 1 2 4 0 2 3 0 2 7 16 19 11 0 2 7 5 30 3 0 2 7 5 31 3 1 2 7 5 30 3 5 30 3 1 2 3 17 9 2 1 2 7 12 16 2 17 18 2 1 2 3 1 2 7 17 18 2 1 2 4 13 6 3 1 2 7 1 2 7 1 2 7 16 6 2 0 2 7 8 9 2 0 2 7 0 2 7 6 2 7 0 2 4 17 18 2 0 2 7 0 2 4 0 2 7 0 2 4 0 2 3 1 2 7 0 2 3 0 2 7 0 2 3 5 30 3 0 2 7 0 61.9524765610694885
12 16 2 12 16 2 1 2 7 12 16 2 0 2 7 1 2 7 1 2 11 5 31 3 0 2 7 0 2 7 13 6 3 1 2 7 1 2 11 1 2 4 1 2 7 1 2 4 0 2 7 0 2 7 0 2 4 0 2 4 0 2 7 0 2 7 0 2 7 0 2 7 0 2 11 0 2 7 0 2 4 17 9 2 1 2 4 0 2 7 5 30 3 0 2 4 13 6 3 5 31 3 0 2 4 17 9 2 5 30 3 1 2 7 1 2 7 1 2 7 0 2 7 17 9 2 17 18 2 0 2 7 0 2 7 0 2 7 0 2 4 0 2 7 12 16 2 1 2 7 1 2 7 0 2 4 0 2 7 8 18 2 1 2 7 1 2 7 17 9 2 17 9 2 1 2 7 16 6 2 0 60.5269064903259277
12 16 2 5 30 3 5 30 3 12 16 2 16 15 2 1 2 7 0 2 7 0 2 7 0 2 10 0 2 7 0 2 7 0 2 7 0 2 7 0 2 7 0 2 7 0 2 7 0 2 7 1 2 7 0 2 7 17 9 2 5 30 3 0 2 7 0 2 7 1 2 7 0 2 7 12 16 2 1 2 7 0 2 7 0 2 7 1 2 7 0 2 7 0 2 7 0 2 3 0 2 7 1 2 3 6 2 7 5 30 3 0 2 7 5 30 3 5 30 3 5 30 3 16 30 2 13 6 3 1 2 3 17 9 2 17 9 2 1 2 3 0 2 7 1 2 7 8 18 2 16 19 11 5 30 3 0 2 7 0 2 7 16 19 11 8 9 2 0 2 3 8 9 2 0 2 11 0 2 7 0 62.6624662280082703
12 16 2 5 30 3 5 30 3 1 2 7 1 2 7 0 2 7 0 2 7 5 31 3 0 2 7 0 2 7 1 2 4 0 2 7 0 2 7 0 2 7 0 2 7 0 2 7 0 2 7 1 2 7 0 2 7 0 2 7 0 2 7 17 9 2 12 16 2 0 2 7 1 2 7 0 2 7 0 2 7 1 2 4 6 2 4 5 30 3 1 2 7 0 2 7 0 2 7 0 2 7 12 16 2 0 2 7 17 18 2 0 2 7 8 18 2 1 2 7 5 30 3 13 6 3 1 2 7 16 6 2 0 2 7 0 2 7 1 2 7 0 2 7 17 18 2 1 2 4 12 16 2 0 2 7 1 2 7 17 9 2 5 31 3 16 31 2 0 2 7 1 2 4 0 2 7 17 1 2 0 60.9783473610877991
12 16 2 12 16 2 0 2 3 1 2 7 0 2 7 1 2 3 1 2 3 1 2 3 12 16 2 0 2 4 0 2 3 0 2 3 0 2 3 0 2 3 0 2 3 0 2 7 0 2 3 0 2 3 0 2 7 0 2 7 0 2 7 5 30 3 5 30 3 5 30 3 0 2 7 5 30 3 0 2 7 5 30 3 8 18 2 0 2 3 0 2 3 16 6 2 0 2 3 0 2 3 16 30 2 0 2 3 1 2 7 0 2 3 1 2 3 1 2 3 0 2 3 1 2 3 5 30 3 1 2 3 0 2 3 16 30 2 0 2 3 0 2 7 0 2 3 1 2 3 1 2 3 16 19 11 16 19 11 0 2 3 16 6 2 1 2 7 1 2 3 0 2 7 8 18 2 16 6 2 0 63.839079737663269
12 16 2 12 16 2 0 2 7 1 2 7 1 2 7 0 2 7 0 2 7 1 2 7 1 2 7 17 9 2 12 16 2 17 18 2 0 2 7 1 2 7 1 2 3 0 2 7 0 2 7 0 2 4 0 2 7 0 2 7 13 6 3 1 2 7 17 9 2 1 2 7 0 2 4 1 2 7 0 2 4 17 9 2 0 2 7 0 2 7 0 2 4 0 2 7 1 2 4 0 2 7 17 18 2 1 2 7 0 2 7 0 2 3 1 2 7 6 2 7 0 2 4 0 2 4 0 2 7 16 32 2 5 31 3 0 2 3 5 30 3 1 2 7 6 2 3 5 30 3 1 2 7 0 2 3 0 2 4 1 2 3 0 2 4 5 31 3 1 2 7 0 2 7 5 30 3 16 31 2 0 60.9981396794319153
12 16 2 12 16 2 0 2 7 12 16 2 0 2 7 1 2 7 1 2 7 5 30 3 0 2 7 1 2 7 1 2 7 0 2 7 0 2 3 1 2 7 0 2 7 0 2 7 0 2 7 1 2 7 0 2 4 0 2 7 0 2 7 17 9 2 1 2 3 5 30 3 0 2 3 5 31 3 1 2 7 0 2 4 0 2 7 1 2 7 8 18 2 0 2 7 1 2 7 0 2 7 5 30 3 1 2 7 0 2 3 8 18 2 16 6 2 17 18 2 0 2 7 1 2 7 1 2 7 0 2 7 0 2 7 0 2 3 0 2 7 12 16 2 0 2 3 17 1 2 17 9 2 16 6 2 5 30 3 0 2 7 0 2 7 1 2 7 0 2 7 17 1 2 8 9 2 0 2 7 0 61.6326314210891724
12 16 2 5 30 3 5 30 3 1 2 4 1 2 4 1 2 7 0 2 7 5 31 3 0 2 7 1 2 11 0 2 4 0 2 7 0 2 4 1 2 7 1 2 7 0 2 7 0 2 7 1 2 4 0 2 7 0 2 4 16 31 2 0 2 7 0 2 7 12 16 2 0 2 4 1 2 7 1 2 7 0 2 11 0 2 7 1 2 7 0 2 7 5 31 3 0 2 7 0 2 7 0 2 4 1 2 7 12 16 2 0 2 7 17 18 2 12 16 2 17 9 2 0 2 7 17 18 2 0 2 10 0 2 7 5 30 3 0 2 7 13 6 3 1 2 7 5 30 3 0 2 7 0 2 7 16 30 2 0 2 7 17 18 2 16 31 2 0 2 7 1 2 7 6 2 7 1 2 7 0 61.0157725214958191

Current Evaluation = 9000(9000)
Front Size = 10
12 16 2 12 16 2 0 2 7 12 16 2 1 2 7 1 2 7 5 31 3 0 2 7 0 2 4 13 6 3 0 2 7 0 2 4 1 2 7 0 2 7 1 2 4 1 2 7 0 2 7 0 2 7 0 2 7 1 2 7 1 2 7 17 9 2 0 2 7 1 2 4 5 31 3 5 30 3 17 9 2 5 31 3 1 2 7 1 2 7 1 2 7 0 2 7 17 18 2 6 2 7 0 2 7 0 2 7 0 2 4 12 16 2 1 2 7 12 16 2 1 2 7 17 18 2 16 6 2 1 2 7 0 2 4 1 2 7 0 2 7 1 2 7 0 2 7 13 6 3 13 6 3 0 2 4 0 2 7 0 2 7 17 9 2 0 2 7 0 2 7 0 2 7 17 18 2 0 2 7 0 60.0970324873924255
12 16 2 12 16 2 0 2 3 1 2 7 0 2 7 1 2 3 1 2 3 1 2 3 12 16 2 0 2 4 0 2 3 0 2 3 0 2 3 0 2 3 0 2 3 0 2 7 0 2 3 0 2 3 0 2 7 0 2 7 0 2 7 5 30 3 5 30 3 5 30 3 0 2 7 5 30 3 0 2 7 5 30 3 8 18 2 0 2 3 0 2 3 16 6 2 0 2 3 0 2 3 16 30 2 0 2 3 1 2 7 0 2 3 1 2 3 1 2 3 0 2 3 1 2 3 5 30 3 1 2 3 0 2 3 16 30 2 0 2 3 0 2 7 0 2 3 1 2 3 1 2 3 16 19 11 16 19 11 0 2 3 16 6 2 1 2 7 1 2 3 0 2 7 8 18 2 16 6 2 0 63.839079737663269
12 16 2 5 30 3 5 30 3 12 16 2 16 15 2 1 2 7 0 2 7 0 2 7 0 2 10 0 2 7 0 2 7 0 2 7 0 2 7 0 2 7 0 2 7 0 2 7 0 2 7 1 2 7 0 2 7 17 9 2 5 30 3 0 2 7 0 2 7 1 2 7 0 2 7 12 16 2 1 2 7 0 2 7 0 2 7 1 2 7 0 2 7 0 2 7 0 2 3 0 2 7 1 2 3 6 2 7 5 30 3 0 2 7 5 30 3 5 30 3 5 30 3 16 30 2 13 6 3 1 2 3 17 9 2 17 9 2 1 2 3 0 2 7 1 2 7 8 18 2 16 19 11 5 30 3 0 2 7 0 2 7 16 19 11 8 9 2 0 2 3 8 9 2 0 2 11 0 2 7 0 62.6624662280082703
12 16 2 12 16 2 0 2 7 1 2 3 0 2 7 0 2 7 0 2 7 0 2 7 0 2 7 1 2 4 0 2 7 1 2 4 0 2 7 0 2 7 0 2 4 0 2 7 0 2 7 1 2 7 17 9 2 0 2 4 5 31 3 17 9 2 0 2 7 1 2 7 1 2 7 0 2 7 17 18 2 1 2 4 0 2 4 1 2 7 17 18 2 16 6 2 1 2 4 0 2 7 1 2 3 0 2 7 0 2 7 0 2 7 1 2 7 0 2 7 12 16 2 0 2 4 1 2 7 1 2 3 0 2 4 5 31 3 1 2 7 1 2 3 5 30 3 12 16 2 0 2 7 17 1 2 0 2 7 1 2 4 1 2 7 13 6 3 8 9 2 0 2 7 5 30 3 17 18 2 0 60.8480015993118286
12 16 2 0 2 7 0 2 7 5 31 3 0 2 7 0 2 4 0 2 7 1 2 4 1 2 7 12 16 2 8 18 2 0 2 7 1 2 7 1 2 7 0 2 7 0 2 10 1 2 11 0 2 11 0 2 3 0 2 7 1 2 7 0 2 11 0 2 7 0 2 7 0 2 7 1 2 7 0 2 3 5 30 3 0 2 7 5 30 3 0 2 7 5 30 3 5 30 3 0 2 7 5 30 3 17 9 2 15 2 11 16 6 2 12 16 2 8 9 2 0 2 11 0 2 11 0 2 4 0 2 7 17 9 2 0 2 7 17 18 2 1 2 7 1 2 4 1 2 7 1 2 11 5 30 3 8 18 2 0 2 7 16 6 2 16 6 2 0 2 7 0 2 7 16 19 11 0 2 7 0 62.6124804019927979
12 16 2 12 16 2 0 2 7 1 2 7 1 2 7 0 2 7 1 2 7 1 2 7 1 2 7 8 9 2 12 16 2 17 18 2 0 2 7 1 2 7 1 2 3 0 2 11 0 2 7 0 2 7 0 2 7 0 2 7 13 6 3 1 2 7 17 9 2 1 2 7 0 2 3 0 2 7 0 2 7 17 9 2 0 2 7 0 2 7 0 2 7 0 2 7 16 31 2 0 2 7 17 9 2 1 2 7 0 2 7 0 2 7 1 2 7 0 2 7 0 2 7 0 2 3 0 2 7 16 32 2 5 31 3 0 2 4 5 30 3 1 2 7 1 2 7 5 30 3 1 2 7 0 2 7 0 2 7 1 2 7 1 2 7 5 31 3 1 2 7 0 2 7 5 30 3 16 30 2 0 60.8897906541824341
12 16 2 12 16 2 0 2 7 1 2 7 1 2 7 0 2 7 0 2 7 1 2 7 1 2 7 17 9 2 12 16 2 17 18 2 0 2 7 1 2 7 1 2 3 0 2 7 0 2 7 0 2 4 0 2 7 0 2 7 13 6 3 1 2 7 17 9 2 1 2 7 0 2 4 1 2 7 0 2 4 17 9 2 0 2 7 0 2 7 0 2 4 0 2 7 1 2 4 0 2 7 17 18 2 1 2 7 0 2 7 0 2 3 1 2 7 6 2 7 0 2 4 0 2 4 0 2 7 16 32 2 5 31 3 0 2 3 5 30 3 1 2 7 6 2 3 5 30 3 1 2 7 0 2 3 0 2 4 1 2 3 0 2 4 5 31 3 1 2 7 0 2 7 5 30 3 16 31 2 0 60.9981396794319153
0 2 7 12 16 2 0 2 7 12 16 2 0 2 7 1 2 4 0 2 7 5 30 3 1 2 7 1 2 7 0 2 7 1 2 7 0 2 7 1 2 7 0 2 7 1 2 7 0 2 11 1 2 7 1 2 11 0 2 3 0 2 7 8 9 2 5 30 3 0 2 4 5 30 3 0 2 7 0 2 7 0 2 7 17 1 2 1 2 7 0 2 7 5 30 3 17 18 2 17 9 2 17 18 2 1 2 3 0 2 3 0 2 7 0 2 7 17 1 2 16 6 2 5 30 3 1 2 7 0 2 7 0 2 7 8 9 2 0 2 3 1 2 7 0 2 7 1 2 7 0 2 7 0 2 4 0 2 7 0 2 7 8 9 2 0 2 7 5 30 3 5 30 3 17 9 2 0 2 7 0 61.8715853691101074
12 16 2 5 30 3 5 30 3 1 2 7 1 2 7 0 2 7 0 2 7 0 2 7 0 2 7 0 2 7 0 2 7 0 2 7 0 2 7 0 2 7 1 2 7 12 16 2 5 30 3 12 16 2 8 18 2 5 30 3 16 6 2 16 30 2 1 2 4 0 2 7 0 2 7 0 2 7 0 2 7 1 2 3 0 2 7 5 30 3 0 2 7 0 2 3 0 2 3 0 2 3 1 2 7 0 2 7 0 2 7 0 2 7 1 2 3 0 2 3 0 2 3 1 2 7 1 2 3 16 6 2 1 2 3 0 2 3 0 2 3 16 6 2 0 2 3 16 30 2 0 2 4 0 2 7 1 2 7 17 9 2 0 2 3 1 2 3 0 2 7 0 2 3 0 2 7 0 2 3 0.00346529309692274797 62.1241705417633057
12 16 2 5 30 3 5 30 3 1 2 7 1 2 7 0 2 7 0 2 7 5 31 3 0 2 7 0 2 7 1 2 4 0 2 7 0 2 7 0 2 7 0 2 7 0 2 7 0 2 7 1 2 7 0 2 7 0 2 7 0 2 7 17 9 2 12 16 2 0 2 7 1 2 7 0 2 7 0 2 7 1 2 4 6 2 4 5 30 3 1 2 7 0 2 7 0 2 7 0 2 7 12 16 2 0 2 7 17 18 2 0 2 7 8 18 2 1 2 7 5 30 3 13 6 3 1 2 7 16 6 2 0 2 7 0 2 7 1 2 7 0 2 7 17 18 2 1 2 4 12 16 2 0 2 7 1 2 7 17 9 2 5 31 3 16 31 2 0 2 7 1 2 4 0 2 7 17 1 2 0 60.9783473610877991

Current Evaluation = 9900(9900)
Front Size = 10
12 16 2 12 16 2 0 2 7 12 16 2 1 2 7 1 2 7 5 31 3 0 2 7 0 2 4 13 6 3 0 2 7 0 2 7 1 2 7 0 2 7 1 2 7 1 2 7 0 2 7 0 2 7 0 2 7 1 2 7 1 2 7 17 9 2 0 2 7 1 2 7 5 31 3 5 30 3 17 9 2 5 31 3 1 2 7 1 2 7 1 2 7 0 2 4 17 18 2 6 2 7 0 2 7 0 2 7 0 2 7 12 16 2 1 2 7 1 2 4 1 2 7 17 18 2 16 6 2 1 2 7 0 2 7 1 2 7 0 2 7 1 2 7 0 2 7 13 6 3 13 6 3 0 2 7 0 2 7 0 2 7 17 9 2 0 2 7 0 2 7 0 2 4 17 18 2 0 2 7 0 59.938682496547699
12 16 2 12 16 2 0 2 3 1 2 7 0 2 7 1 2 3 1 2 3 1 2 3 12 16 2 0 2 4 0 2 3 0 2 3 0 2 3 0 2 3 0 2 3 0 2 7 0 2 3 0 2 3 0 2 7 0 2 7 0 2 7 5 30 3 5 30 3 5 30 3 0 2 7 5 30 3 0 2 7 5 30 3 8 18 2 0 2 3 0 2 3 16 6 2 0 2 3 0 2 3 16 30 2 0 2 3 1 2 7 0 2 3 1 2 3 1 2 3 0 2 3 1 2 3 5 30 3 1 2 3 0 2 3 16 30 2 0 2 3 0 2 7 0 2 3 1 2 3 1 2 3 16 19 11 16 19 11 0 2 3 16 6 2 1 2 7 1 2 3 0 2 7 8 18 2 16 6 2 0 63.839079737663269
12 16 2 12 16 2 0 2 7 1 2 3 0 2 7 0 2 7 0 2 7 0 2 7 0 2 7 1 2 4 0 2 7 1 2 4 0 2 7 0 2 7 0 2 4 0 2 7 0 2 7 1 2 7 17 9 2 0 2 4 5 31 3 17 9 2 0 2 7 1 2 7 1 2 7 0 2 7 17 18 2 1 2 4 0 2 4 1 2 7 17 18 2 16 6 2 1 2 4 0 2 7 1 2 3 0 2 7 0 2 7 0 2 7 1 2 7 0 2 7 12 16 2 0 2 4 1 2 7 1 2 3 0 2 4 5 31 3 1 2 7 1 2 3 5 30 3 12 16 2 0 2 7 17 1 2 0 2 7 1 2 4 1 2 7 13 6 3 8 9 2 0 2 7 5 30 3 17 18 2 0 60.8480015993118286
12 16 2 12 16 2 0 2 4 5 31 3 0 2 4 0 2 4 1 2 7 0 2 7 0 2 7 1 2 7 0 2 7 0 2 7 1 2 4 0 2 4 1 2 4 17 9 2 17 9 2 0 2 4 1 2 7 0 2 7 0 2 7 17 18 2 1 2 3 17 18 2 0 2 7 0 2 7 1 2 7 0 2 7 1 2 7 1 2 7 5 31 3 8 18 2 5 31 3 1 2 7 16 6 2 5 30 3 0 2 7 1 2 7 0 2 7 0 2 4 5 30 3 0 2 7 0 2 4 1 2 7 16 6 2 0 2 3 1 2 7 0 2 7 0 2 7 0 2 7 0 2 7 12 16 2 1 2 4 0 2 7 6 2 7 0 2 4 17 18 2 13 6 3 1 2 7 1 2 7 0 60.6859236359596252
0 2 7 12 16 2 0 2 7 12 16 2 0 2 7 1 2 4 0 2 7 5 30 3 1 2 7 1 2 7 0 2 7 1 2 7 0 2 7 1 2 7 0 2 7 1 2 7 0 2 11 1 2 7 1 2 11 0 2 3 0 2 7 8 9 2 5 30 3 0 2 4 5 30 3 0 2 7 0 2 7 0 2 7 17 1 2 1 2 7 0 2 7 5 30 3 17 18 2 17 9 2 17 18 2 1 2 3 0 2 3 0 2 7 0 2 7 17 1 2 16 6 2 5 30 3 1 2 7 0 2 7 0 2 7 8 9 2 0 2 3 1 2 7 0 2 7 1 2 7 0 2 7 0 2 4 0 2 7 0 2 7 8 9 2 0 2 7 5 30 3 5 30 3 17 9 2 0 2 7 0 61.8715853691101074
12 16 2 12 16 2 0 2 7 0 2 7 0 2 7 0 2 7 1 2 4 0 2 7 0 2 7 1 2 7 0 2 7 0 2 7 1 2 7 0 2 7 0 2 7 17 9 2 0 2 8 17 9 2 0 2 7 1 2 3 0 2 7 0 2 4 17 18 2 1 2 7 17 18 2 0 2 7 0 2 7 0 2 3 0 2 7 1 2 8 1 2 7 1 2 7 1 2 7 5 30 3 17 18 2 5 31 3 1 2 7 8 9 2 5 30 3 0 2 7 5 30 3 1 2 7 0 2 3 0 2 7 1 2 4 5 31 3 0 2 7 13 6 3 0 2 7 16 6 2 1 2 7 0 2 7 16 6 2 0 2 3 1 2 7 0 2 3 13 6 3 1 2 7 1 2 3 1 2 7 0 60.9677625894546509
12 16 2 5 30 3 5 30 3 1 2 7 1 2 7 0 2 7 0 2 7 5 31 3 0 2 7 0 2 7 1 2 4 0 2 7 0 2 7 0 2 7 0 2 7 0 2 7 0 2 7 1 2 7 0 2 7 0 2 7 0 2 7 17 9 2 12 16 2 0 2 7 1 2 7 0 2 7 0 2 7 1 2 4 6 2 4 5 30 3 1 2 7 0 2 7 0 2 7 0 2 7 12 16 2 0 2 7 17 18 2 0 2 7 8 18 2 1 2 7 5 30 3 13 6 3 1 2 7 16 6 2 0 2 7 0 2 7 1 2 7 0 2 7 17 18 2 1 2 4 12 16 2 0 2 7 1 2 7 17 9 2 5 31 3 16 31 2 0 2 7 1 2 4 0 2 7 17 1 2 0 60.9783473610877991
12 16 2 12 16 2 0 2 7 1 2 7 1 2 7 0 2 7 1 2 7 1 2 7 1 2 7 8 9 2 12 16 2 17 18 2 0 2 7 1 2 7 1 2 7 0 2 7 0 2 7 0 2 7 0 2 7 0 2 7 13 6 3 1 2 7 17 9 2 1 2 7 0 2 3 0 2 7 0 2 7 17 9 2 0 2 7 0 2 7 0 2 7 0 2 7 16 31 2 0 2 7 17 9 2 1 2 4 0 2 7 0 2 7 1 2 7 0 2 4 0 2 7 0 2 3 0 2 7 16 15 2 5 31 3 0 2 4 5 30 3 0 2 7 1 2 7 5 30 3 1 2 7 0 2 7 0 2 7 1 2 7 0 2 3 5 31 3 1 2 4 6 2 7 5 30 3 16 30 2 0 60.8646705746650696
12 16 2 12 16 2 12 16 2 5 31 3 0 2 7 0 2 4 1 2 4 0 2 7 0 2 4 1 2 7 0 2 7 0 2 4 17 9 2 1 2 7 1 2 7 17 9 2 8 9 2 6 2 7 16 6 2 1 2 7 0 2 7 17 18 2 1 2 7 17 18 2 0 2 7 0 2 7 0 2 4 0 2 7 1 2 7 1 2 7 5 31 3 0 2 7 16 24 2 5 31 3 0 2 4 1 2 4 0 2 4 5 31 3 0 2 7 0 2 7 0 2 4 0 2 7 0 2 7 12 16 2 1 2 7 0 2 4 17 18 2 13 6 3 0 2 7 1 2 7 1 2 7 12 16 2 0 2 4 1 2 7 1 2 7 0 2 7 0 2 7 1 2 7 1 2 7 0 2 4 0 60.7129907011985779
12 16 2 12 16 2 1 2 7 1 2 7 12 16 2 0 2 7 1 2 3 0 2 7 0 2 7 5 30 3 5 30 3 5 30 3 0 2 7 5 31 3 0 2 7 8 9 2 16 30 2 1 2 7 1 2 7 0 2 7 0 2 3 0 2 7 8 18 2 5 31 3 0 2 7 0 2 7 0 2 7 0 2 7 0 2 7 0 2 7 0 2 4 0 2 7 0 2 3 5 30 3 0 2 7 1 2 3 0 2 3 0 2 7 16 6 2 0 2 7 5 30 3 0 2 7 6 2 7 0 2 7 1 2 7 5 31 3 1 2 7 0 2 7 17 9 2 0 2 7 0 2 7 0 2 7 0 2 7 1 2 3 16 19 11 0 2 7 16 6 2 16 19 11 0 2 7 16 6 2 0 62.6483193039894104

Current Evaluation = 10800(10800)
Front Size = 10
12 16 2 12 16 2 0 2 7 12 16 2 1 2 7 1 2 7 5 31 3 0 2 7 0 2 4 13 6 3 0 2 7 0 2 7 1 2 7 0 2 7 1 2 7 1 2 7 0 2 7 0 2 7 0 2 7 1 2 7 1 2 7 17 9 2 0 2 7 1 2 7 5 31 3 5 30 3 17 9 2 5 31 3 1 2 7 1 2 7 1 2 7 0 2 4 17 18 2 6 2 7 0 2 7 0 2 7 0 2 7 12 16 2 1 2 7 1 2 4 1 2 7 17 18 2 16 6 2 1 2 7 0 2 7 1 2 7 0 2 7 1 2 7 0 2 7 13 6 3 13 6 3 0 2 7 0 2 7 0 2 7 17 9 2 0 2 7 0 2 7 0 2 4 17 18 2 0 2 7 0 59.938682496547699
12 16 2 12 16 2 12 16 2 5 30 3 0 2 7 1 2 7 1 2 7 1 2 7 17 9 2 1 2 7 1 2 7 16 6 2 0 2 4 1 2 4 17 18 2 1 2 7 17 18 2 0 2 4 0 2 7 0 2 7 1 2 4 1 2 7 5 31 3 0 2 4 1 2 7 1 2 7 0 2 7 0 2 7 1 2 4 13 6 3 0 2 7 0 2 7 0 2 7 0 2 7 0 2 7 0 2 7 0 2 4 0 2 7 1 2 4 0 2 7 0 2 7 17 18 2 0 2 7 0 2 7 17 18 2 1 2 7 0 2 4 12 16 2 1 2 7 5 30 3 0 2 4 5 30 3 0 2 7 0 2 7 5 31 3 8 18 2 1 2 4 0 2 7 13 6 3 17 18 2 0 60.4693014621734619
12 16 2 5 30 3 5 30 3 1 2 7 1 2 7 0 2 7 0 2 7 5 31 3 0 2 7 0 2 7 1 2 4 0 2 7 0 2 7 0 2 7 0 2 7 0 2 7 0 2 7 1 2 7 0 2 7 0 2 7 0 2 7 17 9 2 12 16 2 0 2 7 1 2 7 0 2 7 0 2 7 1 2 4 6 2 4 5 30 3 1 2 7 0 2 7 0 2 7 0 2 7 12 16 2 0 2 7 17 18 2 0 2 7 8 18 2 1 2 7 5 30 3 13 6 3 1 2 7 16 6 2 0 2 7 0 2 7 1 2 7 0 2 7 17 18 2 1 2 4 12 16 2 0 2 7 1 2 7 17 9 2 5 31 3 16 31 2 0 2 7 1 2 4 0 2 7 17 1 2 0 60.9783473610877991
5 30 3 12 16 2 1 2 7 1 2 4 0 2 7 0 2 7 0 2 7 0 2 7 0 2 7 0 2 7 0 2 7 1 2 7 0 2 7 1 2 7 0 2 7 13 6 3 17 9 2 0 2 7 0 2 7 0 2 7 0 2 7 17 18 2 1 2 7 17 18 2 1 2 7 1 2 7 0 2 7 1 2 7 1 2 7 5 30 3 0 2 7 17 18 2 1 2 7 17 9 2 1 2 7 5 31 3 5 30 3 1 2 7 0 2 7 8 9 2 12 16 2 1 2 7 0 2 3 5 30 3 0 2 7 13 6 3 0 2 7 0 2 7 0 2 7 0 2 7 0 2 7 1 2 7 0 2 7 12 16 2 0 2 7 17 9 2 1 2 11 6 2 7 13 6 3 16 15 2 0 60.3776662945747375
12 16 2 12 16 2 12 16 2 5 31 3 0 2 4 1 2 7 1 2 7 1 2 7 12 16 2 17 9 2 1 2 7 1 2 7 17 9 2 16 6 2 0 2 4 1 2 4 17 18 2 1 2 7 17 18 2 0 2 4 0 2 7 0 2 7 1 2 4 1 2 7 5 31 3 0 2 4 1 2 7 1 2 7 0 2 7 0 2 4 0 2 7 12 16 2 1 2 7 13 6 3 0 2 7 1 2 7 0 2 7 6 2 4 0 2 7 0 2 7 0 2 7 0 2 7 0 2 4 5 31 3 16 6 2 0 2 7 0 2 4 0 2 7 5 31 3 1 2 4 0 2 7 8 18 2 1 2 7 1 2 7 0 2 7 0 2 4 17 18 2 0 2 7 0 2 7 0 2 4 0 60.6511556506156921
12 16 2 12 16 2 0 2 7 1 2 7 0 2 7 5 30 3 0 2 7 1 2 4 13 6 3 1 2 7 0 2 7 0 2 7 0 2 3 1 2 7 1 2 7 0 2 7 0 2 7 0 2 7 1 2 7 17 18 2 1 2 4 5 31 3 17 18 2 0 2 7 0 2 4 0 2 7 0 2 7 17 18 2 0 2 7 1 2 7 0 2 7 1 2 3 1 2 7 0 2 4 17 18 2 16 15 2 1 2 7 0 2 7 0 2 7 13 6 3 1 2 7 0 2 7 17 18 2 5 30 3 0 2 4 1 2 4 5 30 3 1 2 7 0 2 7 0 2 7 17 18 2 0 2 3 0 2 7 1 2 3 5 30 3 8 9 2 0 2 7 0 2 7 0 2 7 1 2 4 0 60.6961665153503418
5 30 3 12 16 2 0 2 7 1 2 11 0 2 11 0 2 7 0 2 7 1 2 3 0 2 7 0 2 7 0 2 3 0 2 4 0 2 7 1 2 7 0 2 7 1 2 7 1 2 11 8 9 2 0 2 7 1 2 7 0 2 7 16 30 2 6 2 7 0 2 11 5 30 3 0 2 7 0 2 11 0 2 7 5 30 3 15 2 11 17 9 2 12 16 2 0 2 7 5 31 3 0 2 7 5 30 3 1 2 7 0 2 7 5 30 3 1 2 3 0 2 7 6 2 4 16 19 11 12 16 2 0 2 4 0 2 7 5 31 3 16 6 2 0 2 7 17 1 2 0 2 7 0 2 7 17 18 2 0 2 7 1 2 7 1 2 7 17 18 2 0 2 7 0 2 7 0 2 7 0 62.480805516242981
5 31 3 12 16 2 0 2 3 1 2 7 0 2 7 0 2 7 0 2 3 0 2 7 0 2 7 1 2 7 0 2 7 0 2 7 0 2 4 1 2 7 0 2 7 0 2 4 1 2 7 1 2 7 13 6 3 17 9 2 0 2 11 0 2 7 1 2 7 0 2 7 17 18 2 1 2 7 17 18 2 16 6 2 1 2 7 0 2 7 0 2 4 0 2 7 1 2 7 0 2 4 1 2 7 1 2 4 5 30 3 0 2 7 17 18 2 0 2 4 1 2 7 17 9 2 0 2 7 5 30 3 1 2 10 5 30 3 1 2 7 1 2 4 0 2 7 8 9 2 12 16 2 17 18 2 1 2 7 0 2 7 5 30 3 0 2 3 5 30 3 0 2 7 13 6 3 0 2 4 0 60.7776695489883423
12 16 2 12 16 2 0 2 7 1 2 3 0 2 7 0 2 7 0 2 7 0 2 7 0 2 7 1 2 4 0 2 7 1 2 4 0 2 7 0 2 7 0 2 4 0 2 7 0 2 7 1 2 7 17 9 2 0 2 4 5 31 3 17 9 2 0 2 7 1 2 7 1 2 7 0 2 7 17 18 2 1 2 4 0 2 4 1 2 7 17 18 2 16 6 2 1 2 4 0 2 7 1 2 3 0 2 7 0 2 7 0 2 7 1 2 7 0 2 7 12 16 2 0 2 4 1 2 7 1 2 3 0 2 4 5 31 3 1 2 7 1 2 3 5 30 3 12 16 2 0 2 7 17 1 2 0 2 7 1 2 4 1 2 7 13 6 3 8 9 2 0 2 7 5 30 3 17 18 2 0 60.8480015993118286
12 16 2 5 30 3 1 2 7 1 2 7 0 2 7 0 2 7 5 31 3 0 2 7 0 2 7 1 2 4 0 2 7 0 2 7 0 2 7 0 2 7 0 2 7 0 2 7 1 2 7 0 2 7 0 2 7 0 2 7 17 9 2 12 16 2 0 2 7 1 2 7 0 2 7 0 2 7 1 2 7 0 2 7 0 2 7 0 2 7 12 16 2 0 2 7 17 18 2 0 2 7 1 2 7 13 6 3 1 2 7 16 6 2 1 2 7 17 18 2 12 16 2 1 2 7 17 9 2 5 31 3 5 30 3 1 2 4 13 6 3 5 30 3 8 18 2 13 6 3 0 2 7 1 2 7 1 2 7 1 2 4 1 2 7 5 31 3 0 2 7 1 2 7 0 2 7 1 2 7 0.000369973176300830275 60.6925864219665527

Current Evaluation = 11700(11700)
Front Size = 10
12 16 2 12 16 2 0 2 7 12 16 2 0 2 7 1 2 7 5 30 3 0 2 7 0 2 7 13 6 3 1 2 7 0 2 7 0 2 7 0 2 7 1 2 4 1 2 7 0 2 7 6 2 7 0 2 7 1 2 7 0 2 7 5 31 3 17 18 2 1 2 7 1 2 7 0 2 7 0 2 7 17 18 2 0 2 7 1 2 7 12 16 2 1 2 7 1 2 7 0 2 7 17 18 2 1 2 7 0 2 7 0 2 7 0 2 4 0 2 7 5 31 3 1 2 7 0 2 4 1 2 7 13 6 3 1 2 7 0 2 7 1 2 7 0 2 4 0 2 7 0 2 7 5 31 3 17 9 2 1 2 7 16 6 2 17 18 2 17 18 2 0 2 7 13 6 3 1 2 7 0 59.938682496547699
1 2 7 1 2 3 0 2 7 0 2 7 0 2 7 5 30 3 1 2 7 0 2 7 13 6 3 0 2 7 0 2 7 0 2 7 1 2 7 1 2 7 1 2 7 0 2 7 0 2 7 1 2 7 17 18 2 1 2 7 5 30 3 17 18 2 0 2 7 0 2 7 0 2 7 0 2 7 1 2 7 0 2 7 1 2 4 1 2 7 0 2 7 0 2 7 0 2 7 1 2 7 5 31 3 1 2 7 1 2 7 1 2 7 1 2 3 0 2 7 5 30 3 0 2 7 0 2 7 0 2 7 0 2 7 0 2 7 0 2 7 17 18 2 17 18 2 16 31 2 12 16 2 5 30 3 13 6 3 0 2 7 0 2 7 16 6 2 5 31 3 0 2 7 1 2 7 17 9 2 0 60.3538564443588257
12 16 2 12 16 2 12 16 2 5 30 3 0 2 7 1 2 11 1 2 7 1 2 4 12 16 2 17 9 2 1 2 7 1 2 7 17 9 2 16 6 2 0 2 7 1 2 11 17 18 2 1 2 7 17 18 2 0 2 7 0 2 7 0 2 7 1 2 7 5 31 3 1 2 7 1 2 7 0 2 3 0 2 7 0 2 7 13 6 3 0 2 7 1 2 4 0 2 7 0 2 7 0 2 7 0 2 7 0 2 7 5 30 3 0 2 7 0 2 7 0 2 11 1 2 11 0 2 7 0 2 7 17 18 2 0 2 7 0 2 7 17 9 2 1 2 7 13 6 3 5 30 3 0 2 4 1 2 11 0 2 7 0 2 3 1 2 7 1 2 7 8 18 2 1 2 7 13 6 3 0 60.6036362648010254
12 16 2 12 16 2 0 2 4 12 16 2 0 2 7 1 2 7 5 30 3 0 2 7 0 2 7 13 6 3 1 2 7 0 2 4 1 2 4 0 2 4 1 2 4 1 2 7 1 2 7 0 2 7 0 2 7 1 2 7 1 2 4 17 9 2 0 2 4 1 2 7 5 31 3 5 30 3 17 18 2 1 2 7 1 2 7 0 2 7 0 2 7 17 18 2 0 2 4 0 2 7 0 2 7 12 16 2 0 2 7 1 2 7 0 2 7 17 18 2 16 30 2 1 2 7 0 2 7 0 2 7 6 2 4 0 2 7 0 2 7 17 18 2 5 31 3 0 2 4 1 2 7 0 2 7 1 2 7 13 6 3 1 2 7 0 2 4 0 2 7 5 31 3 0 2 7 17 18 2 0 60.3866916298866272
12 16 2 12 16 2 0 2 7 5 30 3 0 2 7 1 2 7 0 2 4 0 2 7 12 16 2 17 9 2 0 2 4 0 2 7 17 9 2 16 31 2 1 2 7 1 2 7 17 18 2 1 2 7 17 18 2 0 2 7 0 2 11 0 2 7 1 2 7 5 30 3 1 2 7 1 2 11 1 2 7 0 2 7 0 2 7 13 6 3 1 2 7 1 2 7 0 2 7 5 31 3 0 2 7 0 2 7 1 2 7 5 30 3 0 2 7 0 2 7 0 2 7 1 2 7 1 2 7 0 2 7 17 18 2 0 2 7 0 2 7 0 2 7 1 2 4 13 6 3 5 30 3 1 2 7 0 2 7 1 2 7 0 2 7 0 2 7 1 2 7 17 18 2 0 2 7 13 6 3 0 60.1593303680419922
5 31 3 12 16 2 0 2 3 1 2 7 0 2 7 0 2 7 0 2 3 0 2 7 0 2 7 1 2 7 0 2 7 0 2 7 0 2 4 1 2 7 0 2 7 0 2 4 1 2 7 1 2 7 13 6 3 17 9 2 0 2 11 0 2 7 1 2 7 0 2 7 17 18 2 1 2 7 17 18 2 16 6 2 1 2 7 0 2 7 0 2 4 0 2 7 1 2 7 0 2 4 1 2 7 1 2 4 5 30 3 0 2 7 17 18 2 0 2 4 1 2 7 17 9 2 0 2 7 5 30 3 1 2 10 5 30 3 1 2 7 1 2 4 0 2 7 8 9 2 12 16 2 17 18 2 1 2 7 0 2 7 5 30 3 0 2 3 5 30 3 0 2 7 13 6 3 0 2 4 0 60.7776695489883423
12 16 2 12 16 2 0 2 7 1 2 7 0 2 7 5 30 3 1 2 7 1 2 7 13 6 3 0 2 7 0 2 7 0 2 7 1 2 7 1 2 4 0 2 7 0 2 7 0 2 4 1 2 4 17 18 2 1 2 4 5 31 3 17 18 2 0 2 7 0 2 7 0 2 7 0 2 7 1 2 7 0 2 4 1 2 3 1 2 3 0 2 7 0 2 7 0 2 7 1 2 7 5 30 3 1 2 7 0 2 7 1 2 7 1 2 7 0 2 7 5 30 3 0 2 7 0 2 7 0 2 7 1 2 4 0 2 7 0 2 7 17 18 2 17 18 2 16 30 2 12 16 2 5 31 3 13 6 3 0 2 7 0 2 7 16 6 2 5 31 3 0 2 7 6 2 4 17 9 2 0 60.5762975811958313
12 16 2 12 16 2 12 16 2 5 31 3 0 2 7 1 2 7 1 2 7 1 2 4 17 9 2 1 2 7 1 2 7 17 9 2 0 2 7 17 18 2 1 2 7 17 18 2 0 2 7 0 2 7 0 2 7 1 2 7 5 31 3 1 2 4 1 2 7 0 2 7 0 2 7 13 6 3 0 2 7 0 2 7 1 2 4 0 2 7 0 2 7 0 2 7 5 30 3 0 2 7 0 2 7 0 2 7 0 2 12 0 2 7 17 18 2 0 2 7 0 2 7 1 2 7 13 6 3 5 30 3 0 2 7 0 2 7 1 2 4 1 2 7 1 2 7 13 6 3 12 16 2 16 6 2 1 2 7 0 2 7 0 2 11 0 2 7 17 9 2 1 2 7 5 30 3 8 18 2 0 60.4597104787826538
12 16 2 12 16 2 12 16 2 5 30 3 0 2 3 1 2 3 0 2 7 0 2 7 17 9 2 1 2 7 0 2 7 16 15 2 0 2 7 1 2 3 17 18 2 1 2 7 17 18 2 0 2 7 0 2 7 1 2 7 1 2 7 5 31 3 0 2 7 16 30 2 0 2 3 0 2 7 13 6 3 0 2 7 1 2 7 0 2 7 0 2 7 1 2 7 0 2 7 0 2 7 0 2 7 1 2 4 0 2 7 0 2 7 17 18 2 1 2 7 0 2 7 12 16 2 5 30 3 0 2 7 16 6 2 0 2 3 0 2 7 5 30 3 1 2 7 1 2 7 0 2 7 8 18 2 6 2 7 0 2 7 13 6 3 0 2 7 5 31 3 1 2 7 0 2 4 1 2 3 0 60.9959275126457214
5 30 3 12 16 2 0 2 7 1 2 11 0 2 7 0 2 7 1 2 7 0 2 7 0 2 7 1 2 7 1 2 7 0 2 11 1 2 7 1 2 7 1 2 7 6 2 7 1 2 7 13 6 3 17 9 2 0 2 7 0 2 7 0 2 11 0 2 4 17 18 2 5 31 3 8 18 2 1 2 4 0 2 7 5 31 3 0 2 7 0 2 7 0 2 7 5 30 3 1 2 7 17 18 2 1 2 7 17 9 2 0 2 7 5 30 3 1 2 4 12 16 2 17 18 2 17 9 2 13 6 3 1 2 7 0 2 7 1 2 7 0 2 7 0 2 4 0 2 11 0 2 4 0 2 7 0 2 4 1 2 7 0 2 7 0 2 7 1 2 4 12 16 2 0 2 7 16 6 2 0 60.7056446671485901

Current Evaluation = 12600(12600)
Front Size = 10
1 2 7 0 2 7 0 2 7 1 2 7 5 30 3 1 2 7 0 2 7 13 6 3 0 2 7 0 2 7 0 2 7 1 2 4 1 2 7 1 2 7 0 2 7 0 2 7 1 2 7 17 18 2 1 2 7 17 18 2 0 2 7 0 2 7 0 2 7 0 2 7 1 2 7 0 2 7 1 2 4 1 2 7 0 2 7 0 2 7 0 2 7 1 2 7 5 31 3 1 2 7 1 2 7 1 2 7 0 2 7 17 18 2 17 18 2 12 16 2 13 6 3 5 31 3 1 2 7 17 9 2 5 31 3 0 2 4 12 16 2 12 16 2 12 16 2 0 2 7 17 18 2 6 2 7 0 2 7 0 2 7 16 6 2 0 2 7 1 2 4 0 2 7 13 6 3 0 2 7 0 59.938682496547699
12 16 2 5 30 3 0 2 7 1 2 7 1 2 7 17 9 2 1 2 7 1 2 7 1 2 7 0 2 7 17 18 2 1 2 7 17 18 2 0 2 7 0 2 4 0 2 7 1 2 11 5 30 3 1 2 7 1 2 7 0 2 7 0 2 7 13 6 3 0 2 7 0 2 7 0 2 7 0 2 7 0 2 7 0 2 7 5 30 3 0 2 7 0 2 7 0 2 7 0 2 4 17 18 2 0 2 7 0 2 7 1 2 7 13 6 3 5 30 3 0 2 7 1 2 7 0 2 7 1 2 7 0 2 7 12 16 2 1 2 7 0 2 7 17 9 2 5 31 3 0 2 3 1 2 7 17 1 2 1 2 11 17 18 2 1 2 7 0 2 7 0 2 7 8 18 2 1 2 7 0 60.5435693264007568
12 16 2 12 16 2 12 16 2 5 30 3 0 2 7 1 2 11 1 2 7 1 2 4 12 16 2 17 9 2 1 2 7 1 2 7 17 9 2 16 6 2 0 2 7 1 2 11 17 18 2 1 2 7 17 18 2 0 2 7 0 2 7 0 2 7 1 2 7 5 31 3 1 2 7 1 2 7 0 2 3 0 2 7 0 2 7 13 6 3 0 2 7 1 2 4 0 2 7 0 2 7 0 2 7 0 2 7 0 2 7 5 30 3 0 2 7 0 2 7 0 2 11 1 2 11 0 2 7 0 2 7 17 18 2 0 2 7 0 2 7 17 9 2 1 2 7 13 6 3 5 30 3 0 2 4 1 2 11 0 2 7 0 2 3 1 2 7 1 2 7 8 18 2 1 2 7 13 6 3 0 60.6036362648010254
5 31 3 12 16 2 0 2 3 1 2 7 0 2 7 0 2 7 0 2 3 0 2 7 0 2 7 1 2 7 0 2 7 0 2 7 0 2 4 1 2 7 0 2 7 0 2 4 1 2 7 1 2 7 13 6 3 17 9 2 0 2 11 0 2 7 1 2 7 0 2 7 17 18 2 1 2 7 17 18 2 16 6 2 1 2 7 0 2 7 0 2 4 0 2 7 1 2 7 0 2 4 1 2 7 1 2 4 5 30 3 0 2 7 17 18 2 0 2 4 1 2 7 17 9 2 0 2 7 5 30 3 1 2 10 5 30 3 1 2 7 1 2 4 0 2 7 8 9 2 12 16 2 17 18 2 1 2 7 0 2 7 5 30 3 0 2 3 5 30 3 0 2 7 13 6 3 0 2 4 0 60.7776695489883423
1 2 7 0 2 7 0 2 7 0 2 7 5 30 3 1 2 7 0 2 7 13 6 3 1 2 7 0 2 7 0 2 7 0 2 7 0 2 7 1 2 7 0 2 7 0 2 7 1 2 7 17 18 2 1 2 7 17 18 2 0 2 7 1 2 7 0 2 7 1 2 7 0 2 7 0 2 3 6 2 3 1 2 7 8 18 2 1 2 7 1 2 3 1 2 7 5 30 3 0 2 7 1 2 7 1 2 7 0 2 7 17 18 2 17 18 2 12 16 2 13 6 3 5 31 3 17 9 2 5 30 3 0 2 7 12 16 2 12 16 2 12 16 2 0 2 7 17 18 2 1 2 7 0 2 7 0 2 7 0 2 7 0 2 7 0 2 4 16 15 2 0 2 4 13 6 3 1 2 4 0 60.324669361114502
1 2 7 12 16 2 12 16 2 5 30 3 0 2 7 1 2 7 1 2 4 17 9 2 1 2 7 0 2 7 0 2 4 17 18 2 1 2 7 17 18 2 0 2 7 12 16 2 5 30 3 1 2 7 1 2 7 0 2 7 13 6 3 0 2 7 1 2 7 0 2 7 0 2 7 5 31 3 5 30 3 0 2 7 0 2 7 0 2 7 17 18 2 0 2 7 0 2 7 1 2 7 13 6 3 0 2 7 0 2 7 1 2 7 0 2 4 13 6 3 12 16 2 16 6 2 0 2 7 0 2 7 1 2 7 17 9 2 1 2 7 1 2 4 0 2 7 5 31 3 0 2 7 1 2 4 0 2 7 6 2 7 0 2 7 0 2 4 0 2 4 0 2 4 5 30 3 17 18 2 0 60.3513453602790833
1 2 7 1 2 3 0 2 7 0 2 7 0 2 7 5 30 3 1 2 7 0 2 7 13 6 3 0 2 7 0 2 7 0 2 7 1 2 7 1 2 7 1 2 7 0 2 7 0 2 7 1 2 7 17 18 2 1 2 7 5 30 3 17 18 2 0 2 7 0 2 7 0 2 7 0 2 7 1 2 7 0 2 7 1 2 4 1 2 7 0 2 7 0 2 7 0 2 7 1 2 7 5 31 3 1 2 7 1 2 7 1 2 7 1 2 3 0 2 7 5 30 3 0 2 7 0 2 7 0 2 7 0 2 7 0 2 7 0 2 7 17 18 2 17 18 2 16 31 2 12 16 2 5 30 3 13 6 3 0 2 7 0 2 7 16 6 2 5 31 3 0 2 7 1 2 7 17 9 2 0 60.3538564443588257
12 16 2 12 16 2 0 2 7 1 2 7 0 2 7 5 30 3 1 2 7 1 2 7 13 6 3 0 2 7 0 2 7 0 2 7 1 2 7 1 2 4 0 2 7 0 2 7 0 2 4 1 2 4 17 18 2 1 2 4 5 31 3 17 18 2 0 2 7 0 2 7 0 2 7 0 2 7 1 2 7 0 2 4 1 2 3 1 2 3 0 2 7 0 2 7 0 2 7 1 2 7 5 30 3 1 2 7 0 2 7 1 2 7 1 2 7 0 2 7 5 30 3 0 2 7 0 2 7 0 2 7 1 2 4 0 2 7 0 2 7 17 18 2 17 18 2 16 30 2 12 16 2 5 31 3 13 6 3 0 2 7 0 2 7 16 6 2 5 31 3 0 2 7 6 2 4 17 9 2 0 60.5762975811958313
12 16 2 12 16 2 0 2 4 12 16 2 0 2 7 1 2 7 5 30 3 0 2 7 0 2 7 13 6 3 1 2 7 0 2 4 1 2 4 0 2 4 1 2 4 1 2 7 1 2 7 0 2 7 0 2 7 1 2 7 1 2 4 17 9 2 0 2 4 1 2 7 5 31 3 5 30 3 17 18 2 1 2 7 1 2 7 0 2 7 0 2 7 17 18 2 0 2 4 0 2 7 0 2 7 12 16 2 0 2 7 1 2 7 0 2 7 17 18 2 16 30 2 1 2 7 0 2 7 0 2 7 6 2 4 0 2 7 0 2 7 17 18 2 5 31 3 0 2 4 1 2 7 0 2 7 1 2 7 13 6 3 1 2 7 0 2 4 0 2 7 5 31 3 0 2 7 17 18 2 0 60.3866916298866272
12 16 2 12 16 2 0 2 7 1 2 7 0 2 7 5 30 3 1 2 7 1 2 7 13 6 3 0 2 7 0 2 7 0 2 7 1 2 7 1 2 7 0 2 7 0 2 7 0 2 3 1 2 4 17 18 2 5 31 3 17 18 2 0 2 7 0 2 7 0 2 7 0 2 7 1 2 7 0 2 7 0 2 7 1 2 7 0 2 7 1 2 3 5 30 3 1 2 7 0 2 7 1 2 7 0 2 7 0 2 7 5 30 3 0 2 7 0 2 7 0 2 7 17 18 2 17 18 2 12 16 2 5 30 3 13 6 3 16 30 2 17 9 2 1 2 7 13 6 3 0 2 4 1 2 7 12 16 2 0 2 7 16 30 2 1 2 7 0 2 7 5 31 3 0 2 4 1 2 4 0 60.3805074691772461

Current Evaluation = 13500(13500)
Front Size = 10
1 2 7 0 2 7 0 2 7 1 2 7 5 30 3 1 2 7 0 2 7 13 6 3 0 2 7 0 2 7 0 2 7 1 2 4 1 2 7 1 2 7 0 2 7 0 2 7 1 2 7 17 18 2 1 2 7 17 18 2 0 2 7 0 2 7 0 2 7 0 2 7 1 2 7 0 2 7 1 2 4 1 2 7 0 2 7 0 2 7 0 2 7 1 2 7 5 31 3 1 2 7 1 2 7 1 2 7 0 2 7 17 18 2 17 18 2 12 16 2 13 6 3 5 31 3 1 2 7 17 9 2 5 31 3 0 2 4 12 16 2 12 16 2 12 16 2 0 2 7 17 18 2 6 2 7 0 2 7 0 2 7 16 6 2 0 2 7 1 2 4 0 2 7 13 6 3 0 2 7 0 59.938682496547699
12 16 2 5 31 3 0 2 7 17 9 2 1 2 7 1 2 7 17 9 2 17 9 2 17 18 2 0 2 4 1 2 4 1 2 7 0 2 4 0 2 7 5 30 3 1 2 7 13 6 3 1 2 7 0 2 4 1 2 7 5 31 3 0 2 4 0 2 7 17 18 2 0 2 7 0 2 7 13 6 3 1 2 7 0 2 4 12 16 2 12 16 2 12 16 2 1 2 7 1 2 7 0 2 4 1 2 7 0 2 7 0 2 7 1 2 7 0 2 7 0 2 7 1 2 7 0 2 7 0 2 4 1 2 4 1 2 7 0 2 7 5 30 3 0 2 4 17 18 2 0 2 7 13 6 3 17 18 2 1 2 7 0 2 7 1 2 7 0 2 7 0 2 7 0 2 7 1 2 7 0 59.9459015130996704
12 16 2 12 16 2 12 16 2 5 30 3 0 2 7 1 2 11 1 2 7 1 2 4 12 16 2 17 9 2 1 2 7 1 2 7 17 9 2 16 6 2 0 2 7 1 2 11 17 18 2 1 2 7 17 18 2 0 2 7 0 2 7 0 2 7 1 2 7 5 31 3 1 2 7 1 2 7 0 2 3 0 2 7 0 2 7 13 6 3 0 2 7 1 2 4 0 2 7 0 2 7 0 2 7 0 2 7 0 2 7 5 30 3 0 2 7 0 2 7 0 2 11 1 2 11 0 2 7 0 2 7 17 18 2 0 2 7 0 2 7 17 9 2 1 2 7 13 6 3 5 30 3 0 2 4 1 2 11 0 2 7 0 2 3 1 2 7 1 2 7 8 18 2 1 2 7 13 6 3 0 60.6036362648010254
12 16 2 5 31 3 1 2 7 1 2 7 17 9 2 0 2 7 5 30 3 0 2 4 17 18 2 0 2 7 17 18 2 0 2 7 1 2 7 5 30 3 1 2 7 1 2 4 13 6 3 0 2 7 0 2 4 0 2 7 0 2 7 0 2 4 0 2 7 17 18 2 0 2 7 1 2 4 13 6 3 0 2 7 0 2 7 0 2 7 0 2 7 0 2 4 1 2 7 1 2 7 1 2 7 1 2 7 1 2 7 0 2 7 1 2 7 1 2 7 1 2 7 0 2 7 17 9 2 5 31 3 12 16 2 12 16 2 12 16 2 0 2 7 1 2 4 13 6 3 0 2 4 17 18 2 17 18 2 1 2 4 0 2 7 0 2 7 0 2 7 0 2 7 1 2 7 1 2 4 0 59.9459015130996704
12 16 2 5 31 3 1 2 7 1 2 7 17 9 2 1 2 7 5 30 3 0 2 7 17 18 2 0 2 7 17 18 2 0 2 7 1 2 7 0 2 7 1 2 7 1 2 4 13 6 3 0 2 7 0 2 7 0 2 7 0 2 7 5 30 3 0 2 7 0 2 7 17 18 2 0 2 7 1 2 7 13 6 3 0 2 7 0 2 7 0 2 7 0 2 7 0 2 7 1 2 7 1 2 7 1 2 7 1 2 7 5 30 3 1 2 7 0 2 7 0 2 7 1 2 7 1 2 7 0 2 7 0 2 7 0 2 7 0 2 7 0 2 7 17 9 2 0 2 7 5 31 3 12 16 2 12 16 2 12 16 2 16 6 2 16 31 2 1 2 7 1 2 7 13 6 3 0 2 7 0 60.1149682998657227
5 31 3 12 16 2 0 2 7 1 2 7 0 2 7 0 2 7 0 2 3 0 2 7 0 2 11 1 2 7 0 2 7 0 2 3 0 2 11 1 2 7 0 2 7 0 2 4 0 2 7 1 2 7 13 6 3 17 9 2 0 2 7 1 2 4 0 2 3 17 18 2 1 2 7 17 18 2 16 6 2 1 2 7 0 2 7 0 2 11 0 2 7 1 2 7 0 2 4 1 2 7 1 2 3 5 30 3 0 2 7 17 18 2 0 2 4 1 2 7 17 9 2 0 2 7 5 30 3 1 2 7 0 2 7 12 16 2 17 18 2 1 2 7 0 2 7 0 2 3 0 2 7 13 6 3 0 2 7 1 2 4 13 6 3 1 2 4 12 16 2 5 30 3 5 30 3 1 2 7 0 60.7045806646347046
12 16 2 12 16 2 0 2 7 1 2 7 0 2 7 5 30 3 1 2 7 1 2 7 13 6 3 1 2 7 0 2 7 1 2 7 1 2 7 0 2 7 1 2 7 1 2 7 17 18 2 0 2 7 17 18 2 0 2 7 0 2 7 1 2 7 1 2 7 0 2 7 0 2 7 0 2 7 1 2 3 0 2 7 0 2 7 0 2 7 1 2 7 0 2 7 0 2 7 17 18 2 17 18 2 12 16 2 13 6 3 17 9 2 1 2 4 13 6 3 0 2 7 1 2 7 12 16 2 0 2 7 1 2 7 0 2 7 5 31 3 0 2 7 0 2 7 1 2 7 1 2 7 17 18 2 0 2 3 5 30 3 8 18 2 0 2 7 0 2 3 1 2 3 0 2 4 16 15 2 0 60.207181453704834
12 16 2 12 16 2 0 2 7 1 2 7 0 2 7 5 30 3 1 2 7 1 2 7 13 6 3 0 2 7 0 2 7 0 2 7 1 2 7 1 2 7 0 2 7 0 2 7 0 2 3 1 2 4 17 18 2 5 31 3 17 18 2 0 2 7 0 2 7 0 2 7 0 2 7 1 2 7 0 2 7 0 2 7 1 2 7 0 2 7 1 2 3 5 30 3 1 2 7 0 2 7 1 2 7 0 2 7 0 2 7 5 30 3 0 2 7 0 2 7 0 2 7 17 18 2 17 18 2 12 16 2 5 30 3 13 6 3 16 30 2 17 9 2 1 2 7 13 6 3 0 2 4 1 2 7 12 16 2 0 2 7 16 30 2 1 2 7 0 2 7 5 31 3 0 2 4 1 2 4 0 60.3805074691772461
12 16 2 5 31 3 0 2 3 17 9 2 0 2 4 1 2 7 17 9 2 0 2 7 17 18 2 1 2 3 0 2 7 1 2 7 1 2 7 0 2 7 1 2 4 5 30 3 1 2 7 13 6 3 1 2 7 6 2 7 0 2 4 1 2 7 5 31 3 0 2 4 1 2 3 0 2 4 17 18 2 0 2 7 0 2 7 13 6 3 1 2 7 0 2 7 12 16 2 12 16 2 12 16 2 0 2 3 0 2 7 0 2 7 0 2 7 1 2 7 0 2 7 1 2 7 1 2 7 0 2 7 0 2 7 1 2 7 0 2 7 0 2 4 0 2 3 1 2 7 1 2 7 0 2 7 5 30 3 0 2 7 17 18 2 0 2 7 13 6 3 16 6 2 17 18 2 1 2 7 0 60.2984035611152649
12 16 2 5 31 3 0 2 4 1 2 7 0 2 4 17 9 2 1 2 7 1 2 7 17 9 2 0 2 7 17 18 2 0 2 7 17 18 2 0 2 7 1 2 7 0 2 7 1 2 4 5 31 3 0 2 7 1 2 4 0 2 4 0 2 4 13 6 3 0 2 7 0 2 7 0 2 4 0 2 4 0 2 7 0 2 7 5 30 3 0 2 7 0 2 7 0 2 7 1 2 4 17 18 2 0 2 7 1 2 4 1 2 7 13 6 3 5 31 3 0 2 7 1 2 4 0 2 7 1 2 11 12 16 2 12 16 2 1 2 4 12 16 2 1 2 7 1 2 4 0 2 7 0 2 7 0 2 7 1 2 7 17 9 2 17 18 2 1 2 7 1 2 7 8 18 2 1 2 7 0 60.5012246370315552

Current Evaluation = 14400(14400)
Front Size = 10
12 16 2 5 31 3 1 2 7 1 2 7 17 9 2 0 2 7 5 30 3 17 18 2 1 2 7 17 18 2 0 2 7 1 2 7 1 2 7 13 6 3 0 2 4 0 2 7 6 2 7 0 2 7 17 18 2 0 2 7 13 6 3 0 2 7 0 2 7 0 2 7 0 2 7 1 2 7 0 2 7 1 2 7 1 2 7 0 2 7 0 2 7 1 2 7 1 2 7 1 2 7 5 31 3 17 9 2 5 31 3 12 16 2 12 16 2 12 16 2 0 2 7 13 6 3 17 18 2 0 2 7 0 2 7 0 2 4 0 2 7 1 2 7 0 2 4 0 2 7 1 2 7 0 2 7 0 2 7 1 2 7 16 6 2 1 2 7 0 2 4 1 2 7 1 2 7 0 2 7 0 59.938682496547699
12 16 2 12 16 2 0 2 7 1 2 7 1 2 7 5 31 3 0 2 7 6 2 7 13 6 3 1 2 7 0 2 7 1 2 7 0 2 7 1 2 7 17 18 2 5 31 3 17 18 2 5 31 3 1 2 7 0 2 7 1 2 4 0 2 7 0 2 7 0 2 7 0 2 7 0 2 7 0 2 7 1 2 7 1 2 7 0 2 7 17 18 2 17 18 2 12 16 2 13 6 3 17 9 2 1 2 7 13 6 3 0 2 7 1 2 7 12 16 2 1 2 7 5 30 3 0 2 7 0 2 7 0 2 7 0 2 7 1 2 7 1 2 7 17 9 2 0 2 7 0 2 7 0 2 4 1 2 4 0 2 7 16 6 2 1 2 7 0 2 7 0 2 4 1 2 7 0 2 7 0 59.938682496547699
12 16 2 5 31 3 0 2 4 1 2 7 0 2 4 17 9 2 1 2 7 1 2 7 17 9 2 0 2 7 17 18 2 0 2 7 17 18 2 0 2 7 1 2 7 0 2 7 1 2 4 5 31 3 0 2 7 1 2 4 0 2 4 0 2 4 13 6 3 0 2 7 0 2 7 0 2 4 0 2 4 0 2 7 0 2 7 5 30 3 0 2 7 0 2 7 0 2 7 1 2 4 17 18 2 0 2 7 1 2 4 1 2 7 13 6 3 5 31 3 0 2 7 1 2 4 0 2 7 1 2 11 12 16 2 12 16 2 1 2 4 12 16 2 1 2 7 1 2 4 0 2 7 0 2 7 0 2 7 1 2 7 17 9 2 17 18 2 1 2 7 1 2 7 8 18 2 1 2 7 0 60.5012246370315552
12 16 2 5 31 3 0 2 7 17 9 2 1 2 7 1 2 7 17 9 2 17 9 2 17 18 2 0 2 4 1 2 4 1 2 7 0 2 4 0 2 7 5 30 3 1 2 7 13 6 3 1 2 7 0 2 4 1 2 7 5 31 3 0 2 4 0 2 7 17 18 2 0 2 7 0 2 7 13 6 3 1 2 7 0 2 4 12 16 2 12 16 2 12 16 2 1 2 7 1 2 7 0 2 4 1 2 7 0 2 7 0 2 7 1 2 7 0 2 7 0 2 7 1 2 7 0 2 7 0 2 4 1 2 4 1 2 7 0 2 7 5 30 3 0 2 4 17 18 2 0 2 7 13 6 3 17 18 2 1 2 7 0 2 7 1 2 7 0 2 7 0 2 7 0 2 7 1 2 7 0 59.9459015130996704
12 16 2 12 16 2 12 16 2 5 30 3 0 2 7 1 2 11 1 2 7 1 2 4 12 16 2 17 9 2 1 2 7 1 2 7 17 9 2 16 6 2 0 2 7 1 2 11 17 18 2 1 2 7 17 18 2 0 2 7 0 2 7 0 2 7 1 2 7 5 31 3 1 2 7 1 2 7 0 2 3 0 2 7 0 2 7 13 6 3 0 2 7 1 2 4 0 2 7 0 2 7 0 2 7 0 2 7 0 2 7 5 30 3 0 2 7 0 2 7 0 2 11 1 2 11 0 2 7 0 2 7 17 18 2 0 2 7 0 2 7 17 9 2 1 2 7 13 6 3 5 30 3 0 2 4 1 2 11 0 2 7 0 2 3 1 2 7 1 2 7 8 18 2 1 2 7 13 6 3 0 60.6036362648010254
12 16 2 5 31 3 1 2 7 1 2 7 17 9 2 0 2 7 5 30 3 0 2 4 17 18 2 0 2 7 17 18 2 0 2 7 1 2 7 5 30 3 1 2 7 1 2 4 13 6 3 0 2 7 0 2 4 0 2 7 0 2 7 0 2 4 0 2 7 17 18 2 0 2 7 1 2 4 13 6 3 0 2 7 0 2 7 0 2 7 0 2 7 0 2 4 1 2 7 1 2 7 1 2 7 1 2 7 1 2 7 0 2 7 1 2 7 1 2 7 1 2 7 0 2 7 17 9 2 5 31 3 12 16 2 12 16 2 12 16 2 0 2 7 1 2 4 13 6 3 0 2 4 17 18 2 17 18 2 1 2 4 0 2 7 0 2 7 0 2 7 0 2 7 1 2 7 1 2 4 0 59.9459015130996704
12 16 2 12 16 2 0 2 7 1 2 7 0 2 7 5 30 3 0 2 7 1 2 7 13 6 3 1 2 7 0 2 7 1 2 7 1 2 7 0 2 7 1 2 7 1 2 7 17 18 2 0 2 7 17 18 2 0 2 7 0 2 7 1 2 7 1 2 7 0 2 7 0 2 7 0 2 7 1 2 7 1 2 7 0 2 7 0 2 7 1 2 7 0 2 7 0 2 7 17 18 2 17 18 2 12 16 2 13 6 3 17 9 2 1 2 7 13 6 3 0 2 7 1 2 7 12 16 2 1 2 7 5 31 3 1 2 7 0 2 7 5 31 3 1 2 7 8 9 2 0 2 7 0 2 7 0 2 7 0 2 7 0 2 7 17 9 2 0 2 7 1 2 7 0 2 7 16 15 2 0 59.947460412979126
12 16 2 12 16 2 0 2 7 1 2 7 0 2 7 5 30 3 1 2 7 1 2 7 13 6 3 1 2 7 0 2 7 1 2 7 1 2 7 0 2 7 1 2 7 1 2 3 17 18 2 0 2 7 17 18 2 0 2 7 0 2 7 1 2 7 1 2 7 0 2 7 0 2 7 0 2 7 0 2 7 0 2 7 0 2 7 1 2 7 0 2 7 0 2 7 17 18 2 17 18 2 12 16 2 13 6 3 17 9 2 1 2 7 13 6 3 0 2 7 1 2 3 12 16 2 0 2 7 1 2 7 0 2 7 5 31 3 0 2 7 17 18 2 5 30 3 0 2 4 1 2 7 1 2 3 1 2 7 0 2 7 0 2 7 8 18 2 0 2 4 0 2 3 1 2 7 16 15 2 0 60.207181453704834
12 16 2 5 31 3 1 2 7 1 2 7 17 9 2 1 2 7 5 30 3 0 2 7 17 18 2 0 2 7 17 18 2 0 2 7 1 2 7 0 2 7 1 2 7 1 2 4 13 6 3 0 2 7 0 2 7 0 2 7 0 2 7 5 30 3 0 2 7 0 2 7 17 18 2 0 2 7 1 2 7 13 6 3 0 2 7 0 2 7 0 2 7 0 2 7 0 2 7 1 2 7 1 2 7 1 2 7 1 2 7 5 30 3 1 2 7 0 2 7 0 2 7 1 2 7 1 2 7 0 2 7 0 2 7 0 2 7 0 2 7 0 2 7 17 9 2 0 2 7 5 31 3 12 16 2 12 16 2 12 16 2 16 6 2 16 31 2 1 2 7 1 2 7 13 6 3 0 2 7 0 60.1149682998657227
12 16 2 12 16 2 0 2 7 1 2 7 1 2 7 5 31 3 0 2 7 1 2 7 13 6 3 1 2 7 0 2 7 1 2 7 0 2 7 0 2 4 1 2 7 1 2 3 17 18 2 0 2 7 17 18 2 5 31 3 0 2 7 1 2 7 1 2 7 0 2 7 0 2 7 0 2 7 0 2 7 1 2 3 0 2 7 0 2 7 1 2 7 1 2 7 0 2 7 17 18 2 17 18 2 12 16 2 13 6 3 17 9 2 1 2 7 13 6 3 0 2 7 1 2 7 12 16 2 1 2 7 5 30 3 0 2 7 1 2 7 0 2 7 0 2 7 0 2 4 16 6 2 0 2 4 1 2 7 1 2 4 1 2 7 0 2 3 17 9 2 0 2 7 0 2 4 0 2 3 0 59.9809155464172363

Current Evaluation = 15300(15300)
Front Size = 10
12 16 2 5 31 3 0 2 7 0 2 7 17 9 2 0 2 7 0 2 7 17 18 2 1 2 7 17 18 2 0 2 7 1 2 7 1 2 4 13 6 3 0 2 7 0 2 7 1 2 7 1 2 7 17 18 2 0 2 7 13 6 3 0 2 7 0 2 4 0 2 7 1 2 7 0 2 7 0 2 7 1 2 7 0 2 7 0 2 7 1 2 7 1 2 7 1 2 7 5 31 3 17 9 2 12 16 2 12 16 2 12 16 2 0 2 7 13 6 3 17 18 2 1 2 7 0 2 7 1 2 7 0 2 4 1 2 7 0 2 7 1 2 7 1 2 7 1 2 7 1 2 7 16 6 2 0 2 7 0 2 7 5 31 3 1 2 7 0 2 7 0 2 7 0 2 7 1 2 7 0 59.7211945056915283
12 16 2 12 16 2 12 16 2 5 30 3 1 2 7 1 2 7 0 2 7 12 16 2 17 9 2 0 2 7 1 2 7 17 9 2 16 30 2 0 2 7 17 18 2 1 2 7 17 18 2 0 2 7 6 2 7 0 2 7 1 2 7 5 30 3 1 2 4 0 2 4 1 2 7 0 2 7 13 6 3 0 2 4 0 2 4 0 2 7 0 2 7 0 2 7 0 2 4 0 2 7 0 2 4 0 2 7 0 2 7 17 18 2 1 2 7 1 2 7 1 2 11 13 6 3 0 2 7 0 2 7 1 2 7 1 2 4 1 2 7 13 6 3 0 2 7 1 2 7 0 2 7 0 2 4 5 31 3 5 31 3 0 2 7 17 9 2 5 30 3 1 2 4 12 16 2 0 2 7 0 60.2821714282035828
12 16 2 12 16 2 0 2 7 1 2 7 0 2 7 5 30 3 1 2 7 1 2 7 13 6 3 1 2 7 0 2 7 1 2 7 1 2 7 0 2 7 1 2 7 1 2 3 17 18 2 0 2 7 17 18 2 0 2 7 0 2 7 1 2 7 1 2 7 0 2 7 0 2 7 0 2 7 0 2 7 0 2 7 0 2 7 1 2 7 0 2 7 0 2 7 17 18 2 17 18 2 12 16 2 13 6 3 17 9 2 1 2 7 13 6 3 0 2 7 1 2 3 12 16 2 0 2 7 1 2 7 0 2 7 5 31 3 0 2 7 17 18 2 5 30 3 0 2 4 1 2 7 1 2 3 1 2 7 0 2 7 0 2 7 8 18 2 0 2 4 0 2 3 1 2 7 16 15 2 0 60.207181453704834
12 16 2 12 16 2 12 16 2 5 30 3 0 2 7 1 2 11 1 2 7 1 2 4 12 16 2 17 9 2 1 2 7 1 2 7 17 9 2 16 6 2 0 2 7 1 2 11 17 18 2 1 2 7 17 18 2 0 2 7 0 2 7 0 2 7 1 2 7 5 31 3 1 2 7 1 2 7 0 2 3 0 2 7 0 2 7 13 6 3 0 2 7 1 2 4 0 2 7 0 2 7 0 2 7 0 2 7 0 2 7 5 30 3 0 2 7 0 2 7 0 2 11 1 2 11 0 2 7 0 2 7 17 18 2 0 2 7 0 2 7 17 9 2 1 2 7 13 6 3 5 30 3 0 2 4 1 2 11 0 2 7 0 2 3 1 2 7 1 2 7 8 18 2 1 2 7 13 6 3 0 60.6036362648010254
12 16 2 5 31 3 0 2 7 17 9 2 1 2 7 1 2 7 17 9 2 17 9 2 17 18 2 0 2 4 1 2 4 1 2 7 0 2 4 0 2 7 5 30 3 1 2 7 13 6 3 1 2 7 0 2 4 1 2 7 5 31 3 0 2 4 0 2 7 17 18 2 0 2 7 0 2 7 13 6 3 1 2 7 0 2 4 12 16 2 12 16 2 12 16 2 1 2 7 1 2 7 0 2 4 1 2 7 0 2 7 0 2 7 1 2 7 0 2 7 0 2 7 1 2 7 0 2 7 0 2 4 1 2 4 1 2 7 0 2 7 5 30 3 0 2 4 17 18 2 0 2 7 13 6 3 17 18 2 1 2 7 0 2 7 1 2 7 0 2 7 0 2 7 0 2 7 1 2 7 0 59.9459015130996704
12 16 2 0 2 7 0 2 7 17 9 2 0 2 7 1 2 7 17 9 2 17 18 2 0 2 7 1 2 7 1 2 7 0 2 7 0 2 7 0 2 7 13 6 3 1 2 7 1 2 7 5 30 3 0 2 7 17 18 2 0 2 7 1 2 7 13 6 3 0 2 7 12 16 2 12 16 2 0 2 7 0 2 7 1 2 7 0 2 4 0 2 4 1 2 7 1 2 7 0 2 7 0 2 4 1 2 7 1 2 7 1 2 4 0 2 7 17 18 2 0 2 7 13 6 3 17 18 2 1 2 7 0 2 7 1 2 7 0 2 7 0 2 7 0 2 7 0 2 7 17 9 2 5 30 3 1 2 4 5 31 3 5 31 3 1 2 4 0 2 7 1 2 7 1 2 7 1 2 4 0 59.7875515222549438
12 16 2 5 31 3 1 2 7 6 2 7 17 9 2 0 2 7 5 30 3 17 18 2 1 2 7 17 18 2 0 2 7 1 2 7 1 2 7 13 6 3 0 2 7 0 2 7 1 2 7 0 2 7 17 18 2 0 2 7 13 6 3 0 2 7 0 2 7 0 2 7 0 2 7 0 2 7 0 2 7 1 2 7 0 2 7 0 2 7 1 2 7 1 2 7 1 2 7 5 31 3 17 9 2 12 16 2 12 16 2 12 16 2 0 2 7 13 6 3 17 18 2 0 2 7 0 2 7 1 2 4 0 2 7 1 2 7 0 2 7 1 2 7 0 2 7 0 2 7 1 2 7 0 2 4 1 2 4 5 31 3 16 6 2 1 2 4 0 2 7 1 2 7 0 2 7 1 2 7 0 59.938682496547699
12 16 2 5 31 3 1 2 7 1 2 7 17 9 2 0 2 7 5 30 3 0 2 4 17 18 2 0 2 7 17 18 2 0 2 7 1 2 7 5 30 3 1 2 7 1 2 4 13 6 3 0 2 7 0 2 4 0 2 7 0 2 7 0 2 4 0 2 7 17 18 2 0 2 7 1 2 4 13 6 3 0 2 7 0 2 7 0 2 7 0 2 7 0 2 4 1 2 7 1 2 7 1 2 7 1 2 7 1 2 7 0 2 7 1 2 7 1 2 7 1 2 7 0 2 7 17 9 2 5 31 3 12 16 2 12 16 2 12 16 2 0 2 7 1 2 4 13 6 3 0 2 4 17 18 2 17 18 2 1 2 4 0 2 7 0 2 7 0 2 7 0 2 7 1 2 7 1 2 4 0 59.9459015130996704
1 2 7 5 31 3 0 2 7 17 9 2 0 2 11 5 30 3 17 18 2 1 2 7 17 18 2 0 2 7 1 2 7 1 2 7 13 6 3 0 2 7 0 2 7 1 2 7 0 2 7 17 18 2 0 2 7 13 6 3 0 2 7 0 2 7 0 2 7 0 2 7 0 2 7 0 2 7 1 2 7 0 2 7 0 2 7 1 2 4 1 2 7 1 2 7 5 31 3 17 9 2 12 16 2 12 16 2 12 16 2 0 2 11 13 6 3 17 9 2 0 2 4 0 2 7 1 2 4 1 2 7 1 2 7 0 2 7 1 2 7 1 2 7 0 2 7 1 2 7 1 2 11 1 2 7 0 2 7 0 2 7 1 2 7 1 2 4 0 2 7 17 18 2 0 2 7 1 2 7 0 59.8851566314697266
12 16 2 12 16 2 0 2 7 1 2 7 1 2 7 5 31 3 0 2 7 1 2 7 13 6 3 1 2 7 0 2 7 1 2 7 0 2 7 0 2 4 1 2 7 17 18 2 0 2 7 17 18 2 5 31 3 0 2 7 1 2 7 1 2 7 0 2 7 0 2 7 0 2 7 0 2 7 0 2 7 0 2 7 1 2 7 1 2 7 0 2 7 17 18 2 17 18 2 12 16 2 13 6 3 17 9 2 1 2 7 13 6 3 0 2 7 1 2 7 12 16 2 1 2 7 0 2 7 1 2 7 0 2 7 0 2 7 0 2 4 16 6 2 1 2 7 1 2 4 1 2 7 17 9 2 0 2 7 1 2 3 1 2 3 5 30 3 0 2 4 0 2 3 0 2 4 0 2 3 0 59.9809155464172363

Current Evaluation = 16200(16200)
Front Size = 10
12 16 2 5 31 3 0 2 7 0 2 7 17 9 2 0 2 7 0 2 7 17 18 2 1 2 7 17 18 2 0 2 7 1 2 7 1 2 4 13 6 3 0 2 7 0 2 7 1 2 7 1 2 7 17 18 2 0 2 7 13 6 3 0 2 7 0 2 4 0 2 7 1 2 7 0 2 7 0 2 7 1 2 7 0 2 7 0 2 7 1 2 7 1 2 7 1 2 7 5 31 3 17 9 2 12 16 2 12 16 2 12 16 2 0 2 7 13 6 3 17 18 2 1 2 7 0 2 7 1 2 7 0 2 4 1 2 7 0 2 7 1 2 7 1 2 7 1 2 7 1 2 7 16 6 2 0 2 7 0 2 7 5 31 3 1 2 7 0 2 7 0 2 7 0 2 7 1 2 7 0 59.7211945056915283
12 16 2 12 16 2 0 2 7 1 2 7 0 2 7 5 30 3 1 2 7 1 2 7 13 6 3 1 2 7 0 2 7 1 2 7 1 2 7 0 2 7 1 2 7 1 2 3 17 18 2 0 2 7 17 18 2 0 2 7 0 2 7 1 2 7 1 2 7 0 2 7 0 2 7 0 2 7 0 2 7 0 2 7 0 2 7 1 2 7 0 2 7 0 2 7 17 18 2 17 18 2 12 16 2 13 6 3 17 9 2 1 2 7 13 6 3 0 2 7 1 2 3 12 16 2 0 2 7 1 2 7 0 2 7 5 31 3 0 2 7 17 18 2 5 30 3 0 2 4 1 2 7 1 2 3 1 2 7 0 2 7 0 2 7 8 18 2 0 2 4 0 2 3 1 2 7 16 15 2 0 60.207181453704834
12 16 2 12 16 2 12 16 2 5 30 3 0 2 7 1 2 11 1 2 7 1 2 4 12 16 2 17 9 2 1 2 7 1 2 7 17 9 2 16 6 2 0 2 7 1 2 11 17 18 2 1 2 7 17 18 2 0 2 7 0 2 7 0 2 7 1 2 7 5 31 3 1 2 7 1 2 7 0 2 3 0 2 7 0 2 7 13 6 3 0 2 7 1 2 4 0 2 7 0 2 7 0 2 7 0 2 7 0 2 7 5 30 3 0 2 7 0 2 7 0 2 11 1 2 11 0 2 7 0 2 7 17 18 2 0 2 7 0 2 7 17 9 2 1 2 7 13 6 3 5 30 3 0 2 4 1 2 11 0 2 7 0 2 3 1 2 7 1 2 7 8 18 2 1 2 7 13 6 3 0 60.6036362648010254
1 2 7 5 31 3 0 2 7 17 9 2 5 30 3 17 9 2 1 2 7 17 18 2 0 2 7 1 2 7 1 2 4 13 6 3 0 2 7 0 2 7 1 2 7 0 2 7 17 18 2 0 2 7 13 6 3 0 2 7 0 2 7 0 2 4 0 2 7 0 2 7 1 2 7 1 2 7 0 2 7 1 2 7 0 2 7 1 2 7 0 2 7 5 31 3 17 9 2 12 16 2 12 16 2 12 16 2 13 6 3 0 2 7 1 2 4 1 2 7 0 2 7 0 2 7 1 2 7 1 2 7 1 2 4 1 2 7 0 2 7 0 2 7 1 2 7 1 2 7 17 18 2 0 2 7 1 2 4 0 2 7 0 2 4 17 9 2 0 2 4 5 30 3 0 2 7 1 2 7 0 59.7875515222549438
0 2 7 5 30 3 0 2 7 17 9 2 5 30 3 17 9 2 1 2 7 17 18 2 0 2 7 1 2 7 13 6 3 0 2 4 0 2 7 1 2 7 0 2 7 17 18 2 0 2 7 13 6 3 0 2 7 0 2 7 1 2 4 0 2 4 0 2 7 1 2 7 1 2 7 0 2 7 1 2 7 0 2 7 1 2 7 0 2 7 5 31 3 17 9 2 12 16 2 12 16 2 12 16 2 13 6 3 0 2 7 1 2 7 0 2 4 0 2 7 1 2 7 0 2 7 1 2 7 0 2 7 0 2 4 1 2 7 1 2 7 17 18 2 0 2 7 0 2 7 0 2 4 1 2 7 1 2 7 1 2 7 1 2 4 5 31 3 0 2 7 17 9 2 1 2 7 1 2 7 0 59.7875515222549438
1 2 3 5 31 3 0 2 7 17 9 2 0 2 7 5 30 3 17 18 2 1 2 7 17 18 2 0 2 7 1 2 11 1 2 7 13 6 3 0 2 7 0 2 7 1 2 7 0 2 7 17 18 2 0 2 7 13 6 3 1 2 4 0 2 7 0 2 7 0 2 7 0 2 7 0 2 7 1 2 7 0 2 7 1 2 7 1 2 7 1 2 7 5 31 3 17 9 2 12 16 2 12 16 2 0 2 7 13 6 3 17 9 2 0 2 7 0 2 7 1 2 7 1 2 7 1 2 7 1 2 7 1 2 11 1 2 7 1 2 7 1 2 7 17 18 2 0 2 7 1 2 7 1 2 4 0 2 7 0 2 7 0 2 7 0 2 7 0 2 7 0 2 7 0 2 3 1 2 7 0 59.8072065114974976
0 2 7 5 31 3 0 2 7 17 9 2 5 30 3 17 9 2 1 2 7 17 18 2 1 2 7 1 2 7 1 2 7 13 6 3 0 2 7 0 2 7 1 2 7 0 2 7 17 18 2 0 2 7 13 6 3 0 2 7 0 2 7 0 2 4 1 2 7 0 2 7 1 2 7 1 2 7 0 2 4 1 2 7 0 2 7 1 2 11 1 2 11 5 31 3 17 9 2 12 16 2 12 16 2 12 16 2 13 6 3 0 2 7 1 2 7 0 2 7 1 2 7 0 2 7 0 2 7 1 2 7 1 2 7 1 2 7 0 2 7 0 2 7 1 2 7 0 2 7 17 18 2 0 2 4 1 2 7 0 2 7 0 2 7 17 18 2 0 2 4 1 2 7 1 2 7 0 2 11 0 59.885156512260437
12 16 2 12 16 2 0 2 7 1 2 7 1 2 7 5 31 3 0 2 7 1 2 7 13 6 3 1 2 7 0 2 7 1 2 7 0 2 7 0 2 4 1 2 7 17 18 2 0 2 7 17 18 2 5 31 3 0 2 7 1 2 7 1 2 7 0 2 7 0 2 7 0 2 7 0 2 7 0 2 7 0 2 7 1 2 7 1 2 7 0 2 7 17 18 2 17 18 2 12 16 2 13 6 3 17 9 2 1 2 7 13 6 3 0 2 7 1 2 7 12 16 2 1 2 7 0 2 7 1 2 7 0 2 7 0 2 7 0 2 4 16 6 2 1 2 7 1 2 4 1 2 7 17 9 2 0 2 7 1 2 3 1 2 3 5 30 3 0 2 4 0 2 3 0 2 4 0 2 3 0 59.9809155464172363
12 16 2 5 31 3 0 2 7 0 2 7 17 9 2 0 2 7 0 2 7 17 18 2 1 2 7 17 18 2 0 2 7 1 2 7 1 2 4 13 6 3 0 2 7 0 2 7 1 2 7 1 2 7 17 18 2 0 2 7 13 6 3 0 2 7 0 2 4 0 2 7 1 2 7 0 2 7 0 2 7 1 2 7 0 2 7 0 2 7 1 2 7 1 2 7 1 2 7 5 31 3 17 9 2 12 16 2 12 16 2 0 2 7 13 6 3 1 2 7 0 2 7 1 2 7 0 2 4 1 2 7 0 2 7 1 2 7 1 2 7 1 2 7 1 2 7 0 2 7 0 2 7 1 2 7 12 16 2 17 18 2 5 30 3 0 2 4 1 2 4 17 9 2 0 2 7 0 2 4 1.58385418778280495e-05 59.7647064924240112
12 16 2 5 31 3 0 2 7 0 2 7 17 9 2 0 2 7 0 2 7 17 18 2 1 2 7 17 18 2 0 2 7 1 2 7 1 2 4 13 6 3 0 2 7 0 2 7 1 2 7 1 2 7 17 18 2 0 2 7 13 6 3 0 2 7 0 2 4 0 2 7 1 2 7 0 2 7 0 2 7 1 2 7 0 2 7 0 2 7 1 2 7 1 2 7 1 2 7 5 31 3 17 9 2 12 16 2 12 16 2 0 2 7 13 6 3 1 2 7 0 2 7 1 2 7 0 2 4 1 2 7 0 2 7 1 2 7 1 2 7 1 2 7 1 2 7 0 2 7 0 2 7 1 2 7 5 30 3 17 9 2 16 6 2 5 31 3 0 2 7 0 2 7 0 2 4 1 2 7 1.88104276975843065e-05 59.7440395355224609

Current Evaluation = 17100(17100)
Front Size = 10
12 16 2 5 31 3 0 2 7 0 2 7 17 9 2 0 2 7 0 2 7 17 18 2 1 2 7 17 18 2 0 2 7 1 2 7 1 2 4 13 6 3 0 2 7 0 2 7 1 2 7 1 2 7 17 18 2 0 2 7 13 6 3 0 2 7 0 2 4 0 2 7 1 2 7 0 2 7 0 2 7 1 2 7 0 2 7 0 2 7 1 2 7 1 2 7 1 2 7 5 31 3 17 9 2 12 16 2 12 16 2 12 16 2 0 2 7 13 6 3 17 18 2 1 2 7 0 2 7 1 2 7 0 2 4 1 2 7 0 2 7 1 2 7 1 2 7 1 2 7 1 2 7 16 6 2 0 2 7 0 2 7 5 31 3 1 2 7 0 2 7 0 2 7 0 2 7 1 2 7 0 59.7211945056915283
12 16 2 12 16 2 12 16 2 5 30 3 0 2 7 1 2 11 1 2 7 1 2 4 12 16 2 17 9 2 1 2 7 1 2 7 17 9 2 16 6 2 0 2 7 1 2 11 17 18 2 1 2 7 17 18 2 0 2 7 0 2 7 0 2 7 1 2 7 5 31 3 1 2 7 1 2 7 0 2 3 0 2 7 0 2 7 13 6 3 0 2 7 1 2 4 0 2 7 0 2 7 0 2 7 0 2 7 0 2 7 5 30 3 0 2 7 0 2 7 0 2 11 1 2 11 0 2 7 0 2 7 17 18 2 0 2 7 0 2 7 17 9 2 1 2 7 13 6 3 5 30 3 0 2 4 1 2 11 0 2 7 0 2 3 1 2 7 1 2 7 8 18 2 1 2 7 13 6 3 0 60.6036362648010254
5 31 3 0 2 7 17 9 2 0 2 7 5 30 3 17 18 2 1 2 7 17 18 2 0 2 7 1 2 7 13 6 3 0 2 7 0 2 7 1 2 7 0 2 7 17 18 2 0 2 7 13 6 3 1 2 4 0 2 7 0 2 7 0 2 7 0 2 7 0 2 7 1 2 4 0 2 7 1 2 7 1 2 7 1 2 7 5 31 3 17 9 2 12 16 2 12 16 2 0 2 7 13 6 3 17 9 2 0 2 7 0 2 7 1 2 7 1 2 7 1 2 4 1 2 7 1 2 7 1 2 7 1 2 7 0 2 7 1 2 4 1 2 4 0 2 7 0 2 7 0 2 7 0 2 7 1 2 7 17 9 2 0 2 4 12 16 2 0 2 7 1 2 4 0 2 7 5 30 3 0 59.7875515222549438
0 2 7 5 30 3 0 2 7 17 9 2 5 30 3 17 9 2 1 2 7 17 18 2 0 2 7 1 2 7 13 6 3 0 2 4 0 2 7 1 2 7 0 2 7 17 18 2 0 2 7 13 6 3 0 2 7 0 2 7 1 2 4 0 2 4 0 2 7 1 2 7 1 2 7 0 2 7 1 2 7 0 2 7 1 2 7 0 2 7 5 31 3 17 9 2 12 16 2 12 16 2 12 16 2 13 6 3 0 2 7 1 2 7 0 2 4 0 2 7 1 2 7 0 2 7 1 2 7 0 2 7 0 2 4 1 2 7 1 2 7 17 18 2 0 2 7 0 2 7 0 2 4 1 2 7 1 2 7 1 2 7 1 2 4 5 31 3 0 2 7 17 9 2 1 2 7 1 2 7 0 59.7875515222549438
12 16 2 12 16 2 0 2 7 1 2 7 0 2 7 5 30 3 1 2 7 1 2 7 13 6 3 1 2 7 0 2 7 1 2 7 1 2 7 0 2 7 1 2 7 1 2 3 17 18 2 0 2 7 17 18 2 0 2 7 0 2 7 1 2 7 1 2 7 0 2 7 0 2 7 0 2 7 0 2 7 0 2 7 0 2 7 1 2 7 0 2 7 0 2 7 17 18 2 17 18 2 12 16 2 13 6 3 17 9 2 1 2 7 13 6 3 0 2 7 1 2 3 12 16 2 0 2 7 1 2 7 0 2 7 5 31 3 0 2 7 17 18 2 5 30 3 0 2 4 1 2 7 1 2 3 1 2 7 0 2 7 0 2 7 8 18 2 0 2 4 0 2 3 1 2 7 16 15 2 0 60.207181453704834
5 31 3 0 2 7 17 9 2 0 2 4 5 30 3 17 18 2 1 2 7 17 18 2 0 2 7 1 2 4 1 2 7 13 6 3 0 2 7 0 2 7 1 2 7 0 2 7 17 18 2 0 2 7 13 6 3 1 2 4 0 2 7 0 2 7 0 2 7 0 2 7 0 2 7 1 2 7 0 2 7 1 2 7 1 2 7 1 2 7 17 9 2 12 16 2 12 16 2 0 2 7 13 6 3 17 9 2 0 2 4 0 2 7 1 2 7 1 2 7 1 2 7 1 2 7 1 2 4 0 2 7 1 2 4 0 2 7 0 2 4 0 2 7 12 16 2 5 31 3 0 2 7 1 2 7 5 30 3 17 18 2 1 2 7 0 2 7 0 2 7 0 2 7 1 2 7 1 2 7 0 59.7875515222549438
1 2 3 5 31 3 0 2 7 17 9 2 0 2 7 5 30 3 17 18 2 1 2 7 17 18 2 0 2 7 1 2 11 1 2 7 13 6 3 0 2 7 0 2 7 1 2 7 0 2 7 17 18 2 0 2 7 13 6 3 1 2 4 0 2 7 0 2 7 0 2 7 0 2 7 0 2 7 1 2 7 0 2 7 1 2 7 1 2 7 1 2 7 5 31 3 17 9 2 12 16 2 12 16 2 0 2 7 13 6 3 17 9 2 0 2 7 0 2 7 1 2 7 1 2 7 1 2 7 1 2 7 1 2 11 1 2 7 1 2 7 1 2 7 17 18 2 0 2 7 1 2 7 1 2 4 0 2 7 0 2 7 0 2 7 0 2 7 0 2 7 0 2 7 0 2 3 1 2 7 0 59.8072065114974976
12 16 2 12 16 2 0 2 7 1 2 7 1 2 7 5 31 3 0 2 7 1 2 7 13 6 3 1 2 7 0 2 7 1 2 7 0 2 7 0 2 4 1 2 7 17 18 2 0 2 7 17 18 2 5 31 3 0 2 7 1 2 7 1 2 7 0 2 7 0 2 7 0 2 7 0 2 7 0 2 7 0 2 7 1 2 7 1 2 7 0 2 7 17 18 2 17 18 2 12 16 2 13 6 3 17 9 2 1 2 7 13 6 3 0 2 7 1 2 7 12 16 2 1 2 7 0 2 7 1 2 7 0 2 7 0 2 7 0 2 4 16 6 2 1 2 7 1 2 4 1 2 7 17 9 2 0 2 7 1 2 3 1 2 3 5 30 3 0 2 4 0 2 3 0 2 4 0 2 3 0 59.9809155464172363
5 31 3 0 2 7 17 9 2 0 2 7 5 30 3 17 18 2 1 2 7 17 18 2 0 2 7 1 2 7 13 6 3 0 2 7 0 2 7 1 2 7 0 2 7 17 18 2 0 2 7 13 6 3 1 2 4 0 2 7 0 2 7 0 2 7 0 2 7 0 2 7 1 2 4 0 2 7 1 2 7 1 2 7 1 2 7 5 31 3 17 9 2 12 16 2 12 16 2 0 2 7 13 6 3 17 9 2 0 2 7 0 2 7 1 2 7 1 2 7 1 2 7 1 2 7 1 2 7 1 2 7 0 2 4 0 2 7 0 2 7 1 2 7 17 9 2 0 2 4 12 16 2 5 30 3 0 2 4 1 2 7 1 2 7 0 2 7 1 2 7 0 2 4 1 2 4 0 2 7 0 59.7875515222549438
5 31 3 0 2 7 17 9 2 0 2 7 5 30 3 17 18 2 1 2 7 17 18 2 0 2 7 1 2 7 13 6 3 0 2 7 0 2 7 1 2 7 0 2 7 17 18 2 0 2 7 13 6 3 1 2 4 0 2 7 0 2 7 0 2 7 0 2 7 0 2 7 0 2 7 1 2 7 1 2 7 1 2 7 5 31 3 17 9 2 12 16 2 12 16 2 0 2 7 13 6 3 0 2 7 0 2 7 1 2 7 1 2 7 1 2 7 1 2 7 1 2 7 1 2 7 0 2 7 0 2 7 1 2 7 0 2 4 12 16 2 1 2 3 0 2 4 0 2 4 0 2 3 1 2 4 1 2 7 1 2 3 0 2 7 17 9 2 0 2 7 16 6 2 0 2 7 5 30 3 3.19374125108374895e-06 59.9943125247955322

Current Evaluation = 18000(18000)
Front Size = 10
12 16 2 5 31 3 0 2 7 0 2 7 17 9 2 0 2 7 0 2 7 17 18 2 1 2 7 17 18 2 0 2 7 1 2 7 1 2 4 13 6 3 0 2 7 0 2 7 1 2 7 1 2 7 17 18 2 0 2 7 13 6 3 0 2 7 0 2 4 0 2 7 1 2 7 0 2 7 0 2 7 1 2 7 0 2 7 0 2 7 1 2 7 1 2 7 1 2 7 5 31 3 17 9 2 12 16 2 12 16 2 12 16 2 0 2 7 13 6 3 17 18 2 1 2 7 0 2 7 1 2 7 0 2 4 1 2 7 0 2 7 1 2 7 1 2 7 1 2 7 1 2 7 16 6 2 0 2 7 0 2 7 5 31 3 1 2 7 0 2 7 0 2 7 0 2 7 1 2 7 0 59.7211945056915283
12 16 2 12 16 2 12 16 2 5 30 3 0 2 7 1 2 11 1 2 7 1 2 4 12 16 2 17 9 2 1 2 7 1 2 7 17 9 2 16 6 2 0 2 7 1 2 11 17 18 2 1 2 7 17 18 2 0 2 7 0 2 7 0 2 7 1 2 7 5 31 3 1 2 7 1 2 7 0 2 3 0 2 7 0 2 7 13 6 3 0 2 7 1 2 4 0 2 7 0 2 7 0 2 7 0 2 7 0 2 7 5 30 3 0 2 7 0 2 7 0 2 11 1 2 11 0 2 7 0 2 7 17 18 2 0 2 7 0 2 7 17 9 2 1 2 7 13 6 3 5 30 3 0 2 4 1 2 11 0 2 7 0 2 3 1 2 7 1 2 7 8 18 2 1 2 7 13 6 3 0 60.6036362648010254
5 31 3 0 2 7 17 9 2 0 2 7 5 30 3 17 18 2 1 2 7 17 18 2 0 2 7 1 2 7 13 6 3 0 2 7 0 2 7 1 2 7 0 2 7 17 18 2 0 2 7 13 6 3 1 2 4 0 2 7 0 2 7 0 2 7 0 2 7 0 2 7 1 2 4 0 2 7 1 2 7 1 2 7 1 2 7 5 31 3 17 9 2 12 16 2 12 16 2 0 2 7 13 6 3 17 9 2 0 2 7 0 2 7 1 2 7 1 2 7 1 2 4 1 2 7 1 2 7 1 2 7 1 2 7 0 2 7 1 2 4 1 2 4 0 2 7 0 2 7 0 2 7 0 2 7 1 2 7 17 9 2 0 2 4 12 16 2 0 2 7 1 2 4 0 2 7 5 30 3 0 59.7875515222549438
5 31 3 0 2 7 17 9 2 0 2 4 5 30 3 17 18 2 1 2 7 17 18 2 0 2 7 1 2 7 13 6 3 1 2 7 0 2 7 1 2 7 0 2 7 17 18 2 17 9 2 13 6 3 1 2 7 0 2 7 0 2 7 0 2 7 0 2 7 0 2 7 1 2 7 0 2 4 1 2 7 1 2 7 1 2 7 5 31 3 17 9 2 12 16 2 12 16 2 0 2 7 13 6 3 17 9 2 0 2 7 1 2 7 1 2 7 1 2 7 1 2 7 1 2 7 1 2 7 1 2 7 0 2 4 0 2 4 1 2 4 1 2 7 0 2 7 0 2 7 0 2 4 1 2 7 0 2 7 5 30 3 0 2 7 0 2 7 12 16 2 0 2 7 0 2 4 0 2 7 0 59.7875515222549438
1 2 3 5 31 3 0 2 7 17 9 2 0 2 7 5 30 3 17 18 2 1 2 7 17 18 2 0 2 7 1 2 11 1 2 7 13 6 3 0 2 7 0 2 7 1 2 7 0 2 7 17 18 2 0 2 7 13 6 3 1 2 4 0 2 7 0 2 7 0 2 7 0 2 7 0 2 7 1 2 7 0 2 7 1 2 7 1 2 7 1 2 7 5 31 3 17 9 2 12 16 2 12 16 2 0 2 7 13 6 3 17 9 2 0 2 7 0 2 7 1 2 7 1 2 7 1 2 7 1 2 7 1 2 11 1 2 7 1 2 7 1 2 7 17 18 2 0 2 7 1 2 7 1 2 4 0 2 7 0 2 7 0 2 7 0 2 7 0 2 7 0 2 7 0 2 3 1 2 7 0 59.8072065114974976
12 16 2 12 16 2 0 2 7 1 2 7 0 2 7 5 30 3 1 2 7 1 2 7 13 6 3 1 2 7 0 2 7 1 2 7 1 2 7 0 2 7 1 2 7 1 2 3 17 18 2 0 2 7 17 18 2 0 2 7 0 2 7 1 2 7 1 2 7 0 2 7 0 2 7 0 2 7 0 2 7 0 2 7 0 2 7 1 2 7 0 2 7 0 2 7 17 18 2 17 18 2 12 16 2 13 6 3 17 9 2 1 2 7 13 6 3 0 2 7 1 2 3 12 16 2 0 2 7 1 2 7 0 2 7 5 31 3 0 2 7 17 18 2 5 30 3 0 2 4 1 2 7 1 2 3 1 2 7 0 2 7 0 2 7 8 18 2 0 2 4 0 2 3 1 2 7 16 15 2 0 60.207181453704834
5 31 3 0 2 7 17 9 2 1 2 7 5 30 3 17 18 2 1 2 7 17 18 2 0 2 7 1 2 4 13 6 3 0 2 7 0 2 7 1 2 7 0 2 7 17 18 2 0 2 7 13 6 3 0 2 7 0 2 7 0 2 4 0 2 7 0 2 7 1 2 7 0 2 7 1 2 7 12 16 2 12 16 2 0 2 4 13 6 3 0 2 7 1 2 7 1 2 7 1 2 7 1 2 4 1 2 7 1 2 7 0 2 4 17 18 2 0 2 7 1 2 7 0 2 7 0 2 4 0 2 7 0 2 7 1 2 4 0 2 7 5 30 3 0 2 7 12 16 2 0 2 4 1 2 7 1 2 4 17 18 2 5 31 3 17 9 2 1 2 7 1 2 4 12 16 2 0 2 7 0 59.9459015130996704
5 31 3 0 2 7 17 9 2 0 2 7 5 31 3 17 18 2 1 2 7 17 18 2 1 2 4 1 2 7 13 6 3 0 2 7 0 2 4 0 2 4 0 2 7 17 9 2 0 2 7 13 6 3 1 2 7 0 2 4 0 2 7 0 2 7 0 2 7 0 2 7 1 2 7 0 2 7 1 2 7 1 2 7 1 2 7 5 30 3 17 9 2 12 16 2 12 16 2 0 2 7 13 6 3 17 9 2 0 2 7 0 2 7 1 2 7 1 2 7 1 2 7 1 2 7 1 2 7 1 2 7 1 2 4 0 2 7 1 2 4 0 2 7 1 2 7 0 2 7 0 2 7 0 2 7 0 2 7 17 9 2 1 2 7 12 16 2 5 30 3 0 2 7 1 2 7 0 2 4 0 59.7875515222549438
5 31 3 0 2 7 17 9 2 1 2 7 5 30 3 17 18 2 1 2 7 17 18 2 0 2 7 1 2 7 13 6 3 0 2 7 0 2 7 1 2 7 0 2 7 17 18 2 0 2 7 13 6 3 1 2 4 0 2 7 0 2 7 0 2 7 0 2 7 0 2 7 1 2 7 0 2 7 1 2 4 1 2 7 1 2 4 5 31 3 17 9 2 12 16 2 12 16 2 0 2 7 13 6 3 17 9 2 0 2 7 1 2 7 1 2 7 1 2 7 1 2 7 1 2 7 1 2 7 0 2 4 0 2 7 1 2 7 0 2 7 0 2 7 0 2 7 0 2 7 1 2 7 0 2 7 5 30 3 12 16 2 0 2 4 1 2 7 17 18 2 1 2 4 0 2 4 0 2 7 0 59.7875515222549438
5 31 3 0 2 7 17 9 2 0 2 7 5 30 3 17 18 2 1 2 7 17 18 2 0 2 7 1 2 7 13 6 3 0 2 7 0 2 7 1 2 7 0 2 7 17 18 2 0 2 7 13 6 3 1 2 4 0 2 7 0 2 7 1 2 7 0 2 7 0 2 7 1 2 7 0 2 7 1 2 7 1 2 7 1 2 7 5 31 3 17 9 2 12 16 2 12 16 2 0 2 7 13 6 3 17 9 2 0 2 7 0 2 7 1 2 7 1 2 7 1 2 4 5 30 3 1 2 7 1 2 7 0 2 7 1 2 7 0 2 7 0 2 7 0 2 7 0 2 7 0 2 7 0 2 7 1 2 7 0 2 4 1 2 4 17 9 2 1 2 4 0 2 4 12 16 2 1 2 4 0 59.7875515222549438

MonoObjective Genetic Algorithm
Number of Evaluations = 0
Mutation Probability = 0
Crossover Probability = 1
Population Size = 10
Survival Selection Type = 16

Time =  18051.2835721969604

Current Evaluation = 2040
Front Size = 10
12 16 2 5 31 3 0 2 7 0 2 7 17 9 2 0 2 7 0 2 7 17 18 2 1 2 7 17 18 2 0 2 7 1 2 7 1 2 4 13 6 3 0 2 7 0 2 7 1 2 7 1 2 7 17 18 2 0 2 7 13 6 3 0 2 7 0 2 4 0 2 7 1 2 7 0 2 7 0 2 7 1 2 7 0 2 7 0 2 7 1 2 7 1 2 7 1 2 7 5 31 3 17 9 2 12 16 2 12 16 2 12 16 2 0 2 7 13 6 3 17 18 2 1 2 7 0 2 7 1 2 7 0 2 4 1 2 7 0 2 7 1 2 7 1 2 7 1 2 7 1 2 7 16 6 2 0 2 7 0 2 7 5 31 3 1 2 7 0 2 7 0 2 7 0 2 7 1 2 7 0 59.7211945056915283
12 16 2 12 16 2 12 16 2 5 30 3 0 2 7 1 2 11 1 2 7 1 2 4 12 16 2 17 9 2 1 2 7 1 2 7 17 9 2 16 6 2 0 2 7 1 2 11 17 18 2 1 2 7 17 18 2 0 2 7 0 2 7 0 2 7 1 2 7 5 31 3 1 2 7 1 2 7 0 2 3 0 2 7 0 2 7 13 6 3 0 2 7 1 2 4 0 2 7 0 2 7 0 2 7 0 2 7 0 2 7 5 30 3 0 2 7 0 2 7 0 2 11 1 2 11 0 2 7 0 2 7 17 18 2 0 2 7 0 2 7 17 9 2 1 2 7 13 6 3 5 30 3 0 2 4 1 2 11 0 2 7 0 2 3 1 2 7 1 2 7 8 18 2 1 2 7 13 6 3 0 60.6036362648010254
5 31 3 0 2 7 17 9 2 0 2 7 5 30 3 17 18 2 1 2 7 17 18 2 0 2 7 1 2 7 13 6 3 0 2 7 0 2 7 1 2 7 0 2 7 17 18 2 0 2 7 13 6 3 1 2 4 0 2 7 0 2 7 0 2 7 0 2 7 0 2 7 1 2 4 0 2 7 1 2 7 1 2 7 1 2 7 5 31 3 17 9 2 12 16 2 12 16 2 0 2 7 13 6 3 17 9 2 0 2 7 0 2 7 1 2 7 1 2 7 1 2 4 1 2 7 1 2 7 1 2 7 1 2 7 0 2 7 1 2 4 1 2 4 0 2 7 0 2 7 0 2 7 0 2 7 1 2 7 17 9 2 0 2 4 12 16 2 0 2 7 1 2 4 0 2 7 5 30 3 0 59.7875515222549438
5 31 3 0 2 7 17 9 2 0 2 4 5 30 3 17 18 2 1 2 7 17 18 2 0 2 7 1 2 7 13 6 3 1 2 7 0 2 7 1 2 7 0 2 7 17 18 2 17 9 2 13 6 3 1 2 7 0 2 7 0 2 7 0 2 7 0 2 7 0 2 7 1 2 7 0 2 4 1 2 7 1 2 7 1 2 7 5 31 3 17 9 2 12 16 2 12 16 2 0 2 7 13 6 3 17 9 2 0 2 7 1 2 7 1 2 7 1 2 7 1 2 7 1 2 7 1 2 7 1 2 7 0 2 4 0 2 4 1 2 4 1 2 7 0 2 7 0 2 7 0 2 4 1 2 7 0 2 7 5 30 3 0 2 7 0 2 7 12 16 2 0 2 7 0 2 4 0 2 7 0 59.7875515222549438
1 2 3 5 31 3 0 2 7 17 9 2 0 2 7 5 30 3 17 18 2 1 2 7 17 18 2 0 2 7 1 2 11 1 2 7 13 6 3 0 2 7 0 2 7 1 2 7 0 2 7 17 18 2 0 2 7 13 6 3 1 2 4 0 2 7 0 2 7 0 2 7 0 2 7 0 2 7 1 2 7 0 2 7 1 2 7 1 2 7 1 2 7 5 31 3 17 9 2 12 16 2 12 16 2 0 2 7 13 6 3 17 9 2 0 2 7 0 2 7 1 2 7 1 2 7 1 2 7 1 2 7 1 2 11 1 2 7 1 2 7 1 2 7 17 18 2 0 2 7 1 2 7 1 2 4 0 2 7 0 2 7 0 2 7 0 2 7 0 2 7 0 2 7 0 2 3 1 2 7 0 59.8072065114974976
12 16 2 12 16 2 0 2 7 1 2 7 0 2 7 5 30 3 1 2 7 1 2 7 13 6 3 1 2 7 0 2 7 1 2 7 1 2 7 0 2 7 1 2 7 1 2 3 17 18 2 0 2 7 17 18 2 0 2 7 0 2 7 1 2 7 1 2 7 0 2 7 0 2 7 0 2 7 0 2 7 0 2 7 0 2 7 1 2 7 0 2 7 0 2 7 17 18 2 17 18 2 12 16 2 13 6 3 17 9 2 1 2 7 13 6 3 0 2 7 1 2 3 12 16 2 0 2 7 1 2 7 0 2 7 5 31 3 0 2 7 17 18 2 5 30 3 0 2 4 1 2 7 1 2 3 1 2 7 0 2 7 0 2 7 8 18 2 0 2 4 0 2 3 1 2 7 16 15 2 0 60.207181453704834
5 31 3 0 2 7 17 9 2 1 2 7 5 30 3 17 18 2 1 2 7 17 18 2 0 2 7 1 2 4 13 6 3 0 2 7 0 2 7 1 2 7 0 2 7 17 18 2 0 2 7 13 6 3 0 2 7 0 2 7 0 2 4 0 2 7 0 2 7 1 2 7 0 2 7 1 2 7 12 16 2 12 16 2 0 2 4 13 6 3 0 2 7 1 2 7 1 2 7 1 2 7 1 2 4 1 2 7 1 2 7 0 2 4 17 18 2 0 2 7 1 2 7 0 2 7 0 2 4 0 2 7 0 2 7 1 2 4 0 2 7 5 30 3 0 2 7 12 16 2 0 2 4 1 2 7 1 2 4 17 18 2 5 31 3 17 9 2 1 2 7 1 2 4 12 16 2 0 2 7 0 59.9459015130996704
5 31 3 0 2 7 17 9 2 0 2 7 5 31 3 17 18 2 1 2 7 17 18 2 1 2 4 1 2 7 13 6 3 0 2 7 0 2 4 0 2 4 0 2 7 17 9 2 0 2 7 13 6 3 1 2 7 0 2 4 0 2 7 0 2 7 0 2 7 0 2 7 1 2 7 0 2 7 1 2 7 1 2 7 1 2 7 5 30 3 17 9 2 12 16 2 12 16 2 0 2 7 13 6 3 17 9 2 0 2 7 0 2 7 1 2 7 1 2 7 1 2 7 1 2 7 1 2 7 1 2 7 1 2 4 0 2 7 1 2 4 0 2 7 1 2 7 0 2 7 0 2 7 0 2 7 0 2 7 17 9 2 1 2 7 12 16 2 5 30 3 0 2 7 1 2 7 0 2 4 0 59.7875515222549438
5 31 3 0 2 7 17 9 2 1 2 7 5 30 3 17 18 2 1 2 7 17 18 2 0 2 7 1 2 7 13 6 3 0 2 7 0 2 7 1 2 7 0 2 7 17 18 2 0 2 7 13 6 3 1 2 4 0 2 7 0 2 7 0 2 7 0 2 7 0 2 7 1 2 7 0 2 7 1 2 4 1 2 7 1 2 4 5 31 3 17 9 2 12 16 2 12 16 2 0 2 7 13 6 3 17 9 2 0 2 7 1 2 7 1 2 7 1 2 7 1 2 7 1 2 7 1 2 7 0 2 4 0 2 7 1 2 7 0 2 7 0 2 7 0 2 7 0 2 7 1 2 7 0 2 7 5 30 3 12 16 2 0 2 4 1 2 7 17 18 2 1 2 4 0 2 4 0 2 7 0 59.7875515222549438
5 31 3 0 2 7 17 9 2 0 2 7 5 30 3 17 18 2 1 2 7 17 18 2 0 2 7 1 2 7 13 6 3 0 2 7 0 2 7 1 2 7 0 2 7 17 18 2 0 2 7 13 6 3 1 2 4 0 2 7 0 2 7 1 2 7 0 2 7 0 2 7 1 2 7 0 2 7 1 2 7 1 2 7 1 2 7 5 31 3 17 9 2 12 16 2 12 16 2 0 2 7 13 6 3 17 9 2 0 2 7 0 2 7 1 2 7 1 2 7 1 2 4 5 30 3 1 2 7 1 2 7 0 2 7 1 2 7 0 2 7 0 2 7 0 2 7 0 2 7 0 2 7 0 2 7 1 2 7 0 2 4 1 2 4 17 9 2 1 2 4 0 2 4 12 16 2 1 2 4 0 59.7875515222549438

