Current Evaluation = 900(900)
Front Size = 10
0 2 7 5 31 3 0 2 7 0 2 7 0 2 7 5 31 3 0 2 7 1 2 7 0 2 7 0 2 7 5 31 3 0 2 7 0 2 7 0 2 7 0 2 4 17 18 2 1 2 7 0 2 7 1 2 3 16 6 2 12 16 2 1 2 4 16 18 11 12 16 2 0 2 7 1 2 7 0 2 7 1 2 7 0 2 7 0 2 7 5 30 3 17 18 2 0 2 3 13 6 3 0 2 7 16 18 11 0 2 7 1 2 7 1 2 3 0 2 7 0 2 7 1 2 7 0 2 7 17 9 2 5 31 3 1 2 7 1 2 7 0 2 7 1 2 7 1 2 7 0 2 7 0 2 7 16 30 2 12 16 2 12 16 2 1 2 11 1 2 7 0 2 7 1 2 7 0 2 7 0 61.4540815353393555
0 2 3 0 2 3 0 2 3 5 30 3 5 30 3 8 18 2 0 2 3 8 9 2 5 30 3 0 2 7 0 2 3 5 30 3 5 30 3 16 19 11 0 2 8 0 2 7 1 2 8 5 30 3 0 2 7 5 30 3 0 2 8 1 2 3 0 2 8 0 2 3 0 2 3 0 2 8 0 2 12 5 30 3 9 2 7 0 2 11 16 19 11 0 2 3 0 2 3 16 6 2 16 19 11 0 2 3 1 2 3 16 6 2 0 2 3 0 2 8 12 16 2 0 2 3 0 2 8 1 2 3 0 2 3 0 2 12 0 2 8 0 2 3 0 2 3 0 2 7 0 2 3 0 2 3 16 19 12 0 2 8 5 30 3 1 2 3 0 2 8 12 16 2 0 2 7 16 6 2 3.34912259228269518e-07 66.9057940244674683
5 30 3 8 18 2 5 30 3 16 6 2 5 30 3 5 30 3 5 30 3 12 16 2 12 16 2 12 16 2 0 2 8 0 2 8 0 2 7 16 19 11 0 2 8 8 9 2 1 2 7 6 2 8 6 2 8 0 2 7 1 2 7 16 19 12 0 2 8 1 2 7 1 2 7 1 2 7 5 30 3 0 2 4 0 2 8 8 9 2 6 2 8 16 19 11 0 2 3 0 2 7 0 2 8 8 9 2 0 2 8 6 2 8 16 30 2 0 2 3 16 9 11 0 2 4 1 2 7 0 2 3 0 2 8 16 19 12 1 2 7 8 9 2 6 2 8 0 2 8 0 2 3 1 2 7 0 2 8 0 2 8 0 2 8 5 30 3 0 2 7 8 9 2 0 2 8 0 2 8 0.00299284760777908995 65.5990946888923645
5 30 3 5 30 3 17 18 2 5 30 3 0 2 3 5 30 3 5 30 3 16 19 12 0 2 7 16 19 11 0 2 7 0 2 7 8 18 2 16 30 2 17 9 2 12 16 2 0 2 3 12 16 2 0 2 7 0 2 11 0 2 3 0 2 4 0 2 11 8 9 2 17 9 2 1 2 7 1 2 7 0 2 7 0 2 4 1 2 7 0 2 7 1 2 7 0 2 7 16 6 2 1 2 7 5 30 3 1 2 7 0 2 7 0 2 3 12 16 2 0 2 7 8 18 2 1 2 7 1 2 4 0 2 3 0 2 3 0 2 3 1 2 3 0 2 11 5 30 3 1 2 11 13 6 3 12 16 2 0 2 4 0 2 7 0 2 7 1 2 7 0 2 7 0 2 7 0 2 11 0 63.0078365802764893
0 2 8 1 2 8 16 19 12 8 9 2 0 2 8 0 2 8 8 18 2 16 19 12 8 9 2 16 19 12 5 30 3 0 2 8 0 2 8 16 19 12 1 2 8 8 9 2 1 2 8 8 9 2 8 9 2 0 2 8 5 30 3 0 2 8 8 18 2 8 9 2 5 30 3 8 18 2 0 2 8 0 2 8 1 2 8 5 30 3 16 15 2 1 2 8 8 9 2 8 18 2 0 2 8 1 2 8 8 18 2 0 2 8 8 18 2 16 15 2 0 2 8 16 15 2 0 2 8 1 2 8 0 2 8 8 18 2 0 2 8 0 2 8 0 2 8 0 2 8 5 30 3 8 18 2 0 2 8 5 30 3 0 2 8 0 2 8 1 2 8 0 2 8 9 2 7 1 2 8 0.00964283660922078505 67.7293713092803955
8 18 2 0 2 8 12 16 2 8 18 2 5 30 3 1 2 8 5 30 3 5 30 3 8 18 2 5 30 3 12 16 2 5 30 3 12 16 2 12 16 2 5 30 3 5 30 3 16 19 12 16 19 11 0 2 12 1 2 8 0 2 7 0 2 11 0 2 7 8 18 2 1 2 8 16 18 11 8 18 2 0 2 8 16 19 11 1 2 7 0 2 7 13 6 3 8 9 2 0 2 7 0 2 8 0 2 7 1 2 3 16 19 12 1 2 8 16 19 11 0 2 8 6 2 7 0 2 12 13 6 3 17 18 2 0 2 7 0 2 4 0 2 7 0 2 7 16 19 12 8 18 2 0 2 7 0 2 7 0 2 7 0 2 7 0 2 8 0 2 7 6 2 7 0 2 8 12 16 2 0.0169671671301006473 64.9831656813621521
8 18 2 0 2 7 12 16 2 5 30 3 5 30 3 0 2 7 5 30 3 5 30 3 0 2 7 5 30 3 12 16 2 5 30 3 12 16 2 12 16 2 0 2 3 5 30 3 16 19 11 16 19 11 1 2 7 0 2 11 0 2 7 0 2 7 0 2 7 0 2 7 0 2 3 16 19 11 0 2 7 1 2 11 16 19 11 0 2 7 0 2 7 0 2 7 8 9 2 0 2 7 0 2 7 0 2 7 0 2 7 16 19 11 0 2 7 17 9 2 0 2 7 0 2 7 0 2 7 5 30 3 8 18 2 1 2 7 1 2 7 0 2 7 0 2 7 16 19 11 8 9 2 1 2 7 0 2 7 0 2 7 0 2 7 0 2 7 1 2 7 0 2 7 0 2 7 12 16 2 0 64.3734756708145142
0 2 7 1 2 3 0 2 7 0 2 7 1 2 7 1 2 3 1 2 3 16 6 2 12 16 2 12 16 2 0 2 7 1 2 3 5 30 3 0 2 7 0 2 7 0 2 7 0 2 7 0 2 7 16 6 2 12 16 2 5 30 3 5 30 3 5 31 3 1 2 3 0 2 3 0 2 3 0 2 7 0 2 3 5 30 3 0 2 3 16 6 2 1 2 3 1 2 3 5 31 3 0 2 3 0 2 7 0 2 7 0 2 7 8 18 2 1 2 7 1 2 7 16 19 11 17 9 2 1 2 7 0 2 3 16 19 11 1 2 7 0 2 7 0 2 7 0 2 3 0 2 7 0 2 3 0 2 7 0 2 7 16 18 8 8 9 2 1 2 7 0 2 7 0 2 7 0 2 7 0 63.2599993944168091
0 2 8 0 2 8 0 2 8 5 30 3 8 18 2 8 9 2 0 2 8 8 9 2 5 30 3 0 2 8 6 2 8 6 2 8 0 2 8 16 6 2 5 30 3 6 2 8 5 30 3 16 19 12 0 2 8 0 2 8 8 18 2 5 30 3 0 2 8 5 30 3 12 16 2 0 2 8 0 2 8 8 9 2 6 2 8 0 2 8 0 2 8 0 2 8 0 2 8 8 9 2 0 2 8 6 2 8 5 30 3 5 30 3 0 2 8 16 19 12 2 3 3 0 2 8 0 2 8 16 19 12 16 19 12 8 9 2 6 2 8 0 2 8 16 19 12 16 15 2 0 2 8 0 2 8 0 2 8 5 30 3 6 2 8 12 16 2 8 9 2 12 16 2 0 2 8 0 2 8 0.00444068475029680502 68.5705626010894775
16 19 12 8 9 2 8 18 2 5 30 3 5 30 3 8 18 2 5 30 3 5 30 3 5 30 3 5 30 3 12 16 2 0 2 3 0 2 8 0 2 8 0 2 3 12 16 2 16 19 12 1 2 7 16 6 2 16 19 12 1 2 8 8 9 2 0 2 3 8 9 2 0 2 11 1 2 7 0 2 7 0 2 7 17 9 2 0 2 8 0 2 8 0 2 3 16 15 2 0 2 7 8 9 2 0 2 7 1 2 7 0 2 11 8 18 2 12 16 2 1 2 7 16 15 2 0 2 8 13 6 3 0 2 8 1 2 8 0 2 7 0 2 7 0 2 7 0 2 8 1 2 4 0 2 8 0 2 7 0 2 8 0 2 3 0 2 8 1 2 8 0 2 8 1 2 7 1 2 8 0.00129454385718003983 65.0330853462219238

Current Evaluation = 1800(1800)
Front Size = 10
0 2 7 0 2 7 1 2 7 0 2 7 0 2 7 0 2 4 16 6 2 12 16 2 12 16 2 12 16 2 5 31 3 0 2 7 5 31 3 0 2 7 6 2 4 0 2 7 12 16 2 5 30 3 0 2 4 0 2 7 5 31 3 0 2 7 0 2 7 0 2 7 0 2 7 6 2 7 17 9 2 0 2 7 1 2 7 0 2 7 1 2 7 0 2 7 0 2 3 0 2 4 1 2 7 0 2 7 17 18 2 1 2 7 1 2 7 0 2 7 16 6 2 5 30 3 6 2 4 1 2 4 0 2 7 1 2 7 5 31 3 1 2 7 1 2 7 13 6 3 0 2 7 0 2 4 16 31 2 1 2 7 0 2 7 17 18 2 0 2 7 12 16 2 0 2 7 16 19 11 0 61.3866004347801208
0 2 8 1 2 8 16 19 12 8 9 2 0 2 8 0 2 8 8 18 2 16 19 12 8 9 2 16 19 12 5 30 3 0 2 8 0 2 8 16 19 12 1 2 8 8 9 2 1 2 8 8 9 2 8 9 2 0 2 8 5 30 3 0 2 8 8 18 2 8 9 2 5 30 3 8 18 2 0 2 8 0 2 8 1 2 8 5 30 3 16 15 2 1 2 8 8 9 2 8 18 2 0 2 8 1 2 8 8 18 2 0 2 8 8 18 2 16 15 2 0 2 8 16 15 2 0 2 8 1 2 8 0 2 8 8 18 2 0 2 8 0 2 8 0 2 8 0 2 8 5 30 3 8 18 2 0 2 8 5 30 3 0 2 8 0 2 8 1 2 8 0 2 8 9 2 7 1 2 8 0.00964283660922078505 67.7293713092803955
0 2 7 0 2 7 0 2 7 5 30 3 5 30 3 0 2 3 0 2 7 17 9 2 5 30 3 0 2 7 5 30 3 0 2 7 0 2 7 0 2 3 0 2 11 0 2 7 0 2 3 0 2 7 0 2 3 16 30 2 0 2 7 16 6 2 1 2 7 12 16 2 1 2 7 0 2 4 0 2 3 0 2 3 16 19 11 0 2 7 0 2 3 1 2 7 1 2 7 5 30 3 16 19 11 5 30 3 5 30 3 15 2 11 0 2 7 0 2 3 8 9 2 0 2 7 0 2 7 16 19 11 1 2 7 0 2 3 1 2 7 1 2 7 0 2 7 8 18 2 1 2 3 1 2 3 0 2 3 1 2 7 0 2 7 1 2 7 5 30 3 0 2 7 0 2 7 17 18 2 0 63.3545273542404175
5 30 3 8 18 2 5 30 3 16 6 2 5 30 3 5 30 3 5 30 3 12 16 2 12 16 2 12 16 2 0 2 8 0 2 8 0 2 7 16 19 11 0 2 8 8 9 2 1 2 7 6 2 8 6 2 8 0 2 7 1 2 7 16 19 12 0 2 8 1 2 7 1 2 7 1 2 7 5 30 3 0 2 4 0 2 8 8 9 2 6 2 8 16 19 11 0 2 3 0 2 7 0 2 8 8 9 2 0 2 8 6 2 8 16 30 2 0 2 3 16 9 11 0 2 4 1 2 7 0 2 3 0 2 8 16 19 12 1 2 7 8 9 2 6 2 8 0 2 8 0 2 3 1 2 7 0 2 8 0 2 8 0 2 8 5 30 3 0 2 7 8 9 2 0 2 8 0 2 8 0.00299284760777908995 65.5990946888923645
8 18 2 0 2 8 12 16 2 8 18 2 5 30 3 1 2 8 5 30 3 5 30 3 8 18 2 5 30 3 12 16 2 5 30 3 12 16 2 12 16 2 5 30 3 5 30 3 16 19 12 16 19 11 0 2 12 1 2 8 0 2 7 0 2 11 0 2 7 8 18 2 1 2 8 16 18 11 8 18 2 0 2 8 16 19 11 1 2 7 0 2 7 13 6 3 8 9 2 0 2 7 0 2 8 0 2 7 1 2 3 16 19 12 1 2 8 16 19 11 0 2 8 6 2 7 0 2 12 13 6 3 17 18 2 0 2 7 0 2 4 0 2 7 0 2 7 16 19 12 8 18 2 0 2 7 0 2 7 0 2 7 0 2 7 0 2 8 0 2 7 6 2 7 0 2 8 12 16 2 0.0169671671301006473 64.9831656813621521
5 30 3 8 9 2 5 31 3 5 31 3 5 31 3 5 30 3 0 2 11 0 2 7 1 2 7 6 2 7 0 2 7 0 2 7 5 30 3 17 18 2 0 2 7 16 6 2 0 2 7 0 2 7 0 2 7 0 2 7 0 2 7 6 2 7 0 2 7 12 16 2 6 2 7 0 2 7 16 6 2 0 2 3 0 2 11 0 2 7 0 2 7 0 2 11 0 2 7 1 2 7 6 2 7 1 2 11 6 2 7 12 16 2 12 16 2 17 18 2 1 2 7 0 2 3 0 2 3 5 31 3 0 2 10 0 2 7 0 2 7 0 2 11 5 30 3 0 2 11 0 2 10 16 6 2 16 6 2 0 2 7 0 2 7 0 2 11 1 2 7 0 2 11 5 30 3 16 19 11 0 63.2892788052558899
0 2 3 0 2 3 0 2 3 5 30 3 5 30 3 8 18 2 0 2 3 8 9 2 5 30 3 0 2 7 0 2 3 5 30 3 5 30 3 16 19 11 0 2 8 0 2 7 1 2 8 5 30 3 0 2 7 5 30 3 0 2 8 1 2 3 0 2 8 0 2 3 0 2 3 0 2 8 0 2 12 5 30 3 9 2 7 0 2 11 16 19 11 0 2 3 0 2 3 16 6 2 16 19 11 0 2 3 1 2 3 16 6 2 0 2 3 0 2 8 12 16 2 0 2 3 0 2 8 1 2 3 0 2 3 0 2 12 0 2 8 0 2 3 0 2 3 0 2 7 0 2 3 0 2 3 16 19 12 0 2 8 5 30 3 1 2 3 0 2 8 12 16 2 0 2 7 16 6 2 3.34912259228269518e-07 66.9057940244674683
8 9 2 8 18 2 5 30 3 5 30 3 5 30 3 5 30 3 0 2 8 1 2 8 0 2 7 0 2 8 0 2 8 0 2 7 0 2 7 16 19 12 0 2 8 16 6 2 0 2 7 0 2 7 8 9 2 1 2 8 8 9 2 0 2 7 0 2 7 0 2 8 8 18 2 8 9 2 8 18 2 0 2 8 0 2 8 1 2 8 1 2 3 1 2 8 8 9 2 17 9 2 1 2 7 1 2 3 12 16 2 0 2 3 8 18 2 0 2 3 0 2 7 16 6 2 0 2 8 0 2 3 0 2 7 8 18 2 0 2 8 0 2 8 0 2 8 0 2 8 16 18 8 8 18 2 1 2 7 1 2 3 0 2 7 0 2 8 0 2 3 0 2 7 5 31 3 1 2 8 0.0127767779052811309 65.600253701210022
1 2 7 0 2 7 0 2 11 6 2 7 16 6 2 12 16 2 12 16 2 1 2 11 0 2 7 5 30 3 16 19 11 17 9 2 0 2 7 8 9 2 0 2 7 0 2 7 5 31 3 0 2 7 0 2 7 0 2 7 16 15 2 17 18 2 5 31 3 1 2 7 5 30 3 5 30 3 0 2 7 0 2 10 0 2 7 16 9 11 1 2 7 1 2 7 0 2 7 0 2 7 0 2 7 0 2 7 16 19 11 6 2 7 0 2 7 5 30 3 12 16 2 0 2 7 0 2 7 8 18 2 1 2 7 0 2 7 0 2 7 0 2 7 0 2 7 1 2 7 5 30 3 0 2 7 0 2 7 0 2 7 0 2 7 0 2 7 5 30 3 8 9 2 0 2 7 12 16 2 0 63.122261106967926
0 2 8 0 2 8 0 2 8 5 30 3 8 18 2 8 9 2 0 2 8 8 9 2 5 30 3 0 2 8 6 2 8 6 2 8 0 2 8 16 6 2 5 30 3 6 2 8 5 30 3 16 19 12 0 2 8 0 2 8 8 18 2 5 30 3 0 2 8 5 30 3 12 16 2 0 2 8 0 2 8 8 9 2 6 2 8 0 2 8 0 2 8 0 2 8 0 2 8 8 9 2 0 2 8 6 2 8 5 30 3 5 30 3 0 2 8 16 19 12 2 3 3 0 2 8 0 2 8 16 19 12 16 19 12 8 9 2 6 2 8 0 2 8 16 19 12 16 15 2 0 2 8 0 2 8 0 2 8 5 30 3 6 2 8 12 16 2 8 9 2 12 16 2 0 2 8 0 2 8 0.00444068475029680502 68.5705626010894775

Current Evaluation = 2700(2700)
Front Size = 10
0 2 7 0 2 7 1 2 7 0 2 7 0 2 7 0 2 7 16 6 2 12 16 2 1 2 7 12 16 2 5 31 3 0 2 7 5 31 3 0 2 7 1 2 7 0 2 7 12 16 2 5 30 3 0 2 7 0 2 7 5 31 3 0 2 7 0 2 7 0 2 7 0 2 7 1 2 7 17 9 2 0 2 7 6 2 7 0 2 4 1 2 7 0 2 7 0 2 7 0 2 7 1 2 7 0 2 7 17 18 2 1 2 7 1 2 7 0 2 7 16 6 2 5 30 3 6 2 7 1 2 7 0 2 7 1 2 7 5 31 3 1 2 7 1 2 7 13 6 3 0 2 7 0 2 4 16 31 2 1 2 4 0 2 7 17 18 2 0 2 7 12 16 2 0 2 7 16 9 11 0 61.0773244500160217
5 30 3 8 9 2 8 9 2 5 30 3 16 6 2 5 30 3 5 30 3 5 30 3 1 2 3 12 16 2 5 30 3 12 16 2 12 16 2 1 2 3 1 2 3 0 2 3 0 2 3 1 2 3 0 2 7 1 2 7 0 2 7 0 2 7 0 2 7 16 19 13 0 2 3 0 2 3 0 2 7 0 2 3 0 2 7 1 2 3 0 2 3 0 2 3 0 2 7 0 2 7 0 2 7 0 2 3 8 9 2 0 2 7 16 19 13 0 2 3 0 2 3 16 6 2 0 2 3 0 2 7 0 2 3 5 30 3 0 2 3 1 2 3 0 2 3 16 19 12 0 2 3 0 2 7 16 6 2 16 19 12 1 2 3 0 2 7 0 2 3 0 2 3 5 30 3 0 2 7 0 65.0024325847625732
1 2 7 0 2 7 0 2 7 16 6 2 12 16 2 12 16 2 0 2 7 0 2 7 5 30 3 16 19 11 8 9 2 5 30 3 5 30 3 17 9 2 5 30 3 8 18 2 1 2 7 16 19 11 5 31 3 5 30 3 0 2 7 0 2 7 0 2 7 0 2 7 0 2 3 0 2 7 0 2 3 0 2 7 0 2 7 1 2 1 0 2 7 0 2 3 0 2 7 0 2 7 0 2 3 0 2 7 1 2 7 16 6 2 0 2 7 0 2 7 16 19 11 0 2 3 5 30 3 0 2 7 0 2 7 8 18 2 1 2 7 0 2 3 1 2 7 1 2 7 0 2 3 0 2 3 0 2 3 0 2 7 16 6 2 5 30 3 1 2 7 0 2 3 6 2 7 12 16 2 0 63.5877931714057922
0 2 8 0 2 8 0 2 8 5 30 3 8 18 2 8 9 2 0 2 8 8 9 2 5 30 3 0 2 8 6 2 8 6 2 8 0 2 8 16 6 2 5 30 3 6 2 8 5 30 3 16 19 12 0 2 8 0 2 8 8 18 2 5 30 3 0 2 8 5 30 3 12 16 2 0 2 8 0 2 8 8 9 2 6 2 8 0 2 8 0 2 8 0 2 8 0 2 8 8 9 2 0 2 8 6 2 8 5 30 3 5 30 3 0 2 8 16 19 12 2 3 3 0 2 8 0 2 8 16 19 12 16 19 12 8 9 2 6 2 8 0 2 8 16 19 12 16 15 2 0 2 8 0 2 8 0 2 8 5 30 3 6 2 8 12 16 2 8 9 2 12 16 2 0 2 8 0 2 8 0.00444068475029680502 68.5705626010894775
5 30 3 8 18 2 5 30 3 16 6 2 5 30 3 5 30 3 5 30 3 12 16 2 12 16 2 12 16 2 0 2 8 0 2 8 0 2 7 16 19 11 0 2 8 8 9 2 1 2 7 6 2 8 6 2 8 0 2 7 1 2 7 16 19 12 0 2 8 1 2 7 1 2 7 1 2 7 5 30 3 0 2 4 0 2 8 8 9 2 6 2 8 16 19 11 0 2 3 0 2 7 0 2 8 8 9 2 0 2 8 6 2 8 16 30 2 0 2 3 16 9 11 0 2 4 1 2 7 0 2 3 0 2 8 16 19 12 1 2 7 8 9 2 6 2 8 0 2 8 0 2 3 1 2 7 0 2 8 0 2 8 0 2 8 5 30 3 0 2 7 8 9 2 0 2 8 0 2 8 0.00299284760777908995 65.5990946888923645
8 18 2 0 2 8 12 16 2 8 18 2 5 30 3 1 2 8 5 30 3 5 30 3 8 18 2 5 30 3 12 16 2 5 30 3 12 16 2 12 16 2 5 30 3 5 30 3 16 19 12 16 19 11 0 2 12 1 2 8 0 2 7 0 2 11 0 2 7 8 18 2 1 2 8 16 18 11 8 18 2 0 2 8 16 19 11 1 2 7 0 2 7 13 6 3 8 9 2 0 2 7 0 2 8 0 2 7 1 2 3 16 19 12 1 2 8 16 19 11 0 2 8 6 2 7 0 2 12 13 6 3 17 18 2 0 2 7 0 2 4 0 2 7 0 2 7 16 19 12 8 18 2 0 2 7 0 2 7 0 2 7 0 2 7 0 2 8 0 2 7 6 2 7 0 2 8 12 16 2 0.0169671671301006473 64.9831656813621521
8 9 2 8 18 2 5 30 3 5 30 3 5 30 3 5 30 3 0 2 8 1 2 8 0 2 7 0 2 8 0 2 8 0 2 7 0 2 7 16 19 12 0 2 8 16 6 2 0 2 7 0 2 7 8 9 2 1 2 8 8 9 2 0 2 7 0 2 7 0 2 8 8 18 2 8 9 2 8 18 2 0 2 8 0 2 8 1 2 8 1 2 3 1 2 8 8 9 2 17 9 2 1 2 7 1 2 3 12 16 2 0 2 3 8 18 2 0 2 3 0 2 7 16 6 2 0 2 8 0 2 3 0 2 7 8 18 2 0 2 8 0 2 8 0 2 8 0 2 8 16 18 8 8 18 2 1 2 7 1 2 3 0 2 7 0 2 8 0 2 3 0 2 7 5 31 3 1 2 8 0.0127767779052811309 65.600253701210022
5 30 3 5 30 3 16 6 2 12 16 2 12 16 2 12 16 2 0 2 8 0 2 8 0 2 8 5 31 3 8 9 2 0 2 8 8 9 2 17 18 2 6 2 8 17 18 2 0 2 8 1 2 7 6 2 8 5 31 3 16 19 12 0 2 8 0 2 8 1 2 7 5 30 3 0 2 8 0 2 7 1 2 7 0 2 8 0 2 7 0 2 7 0 2 8 0 2 8 0 2 4 5 31 3 8 9 2 12 16 2 0 2 7 0 2 7 0 2 7 0 2 7 16 19 12 2 3 3 0 2 8 0 2 7 16 19 12 16 19 12 0 2 7 6 2 8 0 2 8 0 2 4 17 9 2 0 2 8 6 2 4 0 2 8 16 19 11 0 2 7 0 2 4 0 2 8 0 2 7 0.0896763999094097458 66.0100688338279724
17 9 2 8 18 2 5 30 3 5 30 3 5 30 3 5 30 3 0 2 7 0 2 11 0 2 11 0 2 7 1 2 7 0 2 7 16 19 11 1 2 7 1 2 1 0 2 7 0 2 7 17 9 2 0 2 7 0 2 11 0 2 7 0 2 7 17 18 2 8 9 2 1 2 7 0 2 7 17 9 2 0 2 7 12 16 2 0 2 7 0 2 11 0 2 11 0 2 11 0 2 11 0 2 7 1 2 7 1 2 11 8 18 2 5 30 3 1 2 7 12 16 2 5 30 3 0 2 7 0 2 7 1 2 11 1 2 7 5 30 3 0 2 11 8 18 2 0 2 7 1 2 11 0 2 7 0 2 7 16 19 11 17 18 2 0 2 4 0 2 7 0 2 11 5 30 3 6 2 11 0 63.9759796857833862
0 2 3 0 2 3 0 2 3 5 30 3 5 30 3 8 18 2 0 2 3 8 9 2 5 30 3 0 2 7 0 2 3 5 30 3 5 30 3 16 19 11 0 2 8 0 2 7 1 2 8 5 30 3 0 2 7 5 30 3 0 2 8 1 2 3 0 2 8 0 2 3 0 2 3 0 2 8 0 2 12 5 30 3 9 2 7 0 2 11 16 19 11 0 2 3 0 2 3 16 6 2 16 19 11 0 2 3 1 2 3 16 6 2 0 2 3 0 2 8 12 16 2 0 2 3 0 2 8 1 2 3 0 2 3 0 2 12 0 2 8 0 2 3 0 2 3 0 2 7 0 2 3 0 2 3 16 19 12 0 2 8 5 30 3 1 2 3 0 2 8 12 16 2 0 2 7 16 6 2 3.34912259228269518e-07 66.9057940244674683

Current Evaluation = 3600(3600)
Front Size = 10
0 2 7 0 2 7 1 2 7 0 2 7 0 2 7 0 2 7 16 6 2 12 16 2 1 2 7 12 16 2 5 31 3 0 2 7 5 31 3 0 2 7 1 2 7 0 2 7 12 16 2 5 30 3 0 2 7 0 2 7 5 31 3 0 2 7 0 2 7 0 2 7 0 2 7 1 2 7 17 9 2 0 2 7 6 2 7 0 2 4 1 2 7 0 2 7 0 2 7 0 2 7 1 2 7 0 2 7 17 18 2 1 2 7 1 2 7 0 2 7 16 6 2 5 30 3 6 2 7 1 2 7 0 2 7 1 2 7 5 31 3 1 2 7 1 2 7 13 6 3 0 2 7 0 2 4 16 31 2 1 2 4 0 2 7 17 18 2 0 2 7 12 16 2 0 2 7 16 9 11 0 61.0773244500160217
5 30 3 0 2 7 17 9 2 5 30 3 1 2 7 5 30 3 5 30 3 5 30 3 5 30 3 12 16 2 17 9 2 8 18 2 5 30 3 5 30 3 12 16 2 12 16 2 8 18 2 0 2 7 1 2 11 6 2 11 0 2 3 6 2 11 0 2 3 0 2 7 17 18 2 1 2 7 16 19 11 0 2 7 6 2 11 0 2 7 0 2 7 0 2 7 0 2 7 0 2 7 0 2 10 0 2 11 0 2 11 0 2 7 0 2 7 6 2 7 16 19 11 0 2 7 16 19 11 13 6 3 0 2 7 16 19 11 12 16 2 0 2 7 0 2 3 0 2 7 0 2 7 1 2 7 0 2 11 0 2 11 0 2 7 5 30 3 0 2 3 0 2 11 0 2 11 0 2 11 0 64.5379744172096252
0 2 3 0 2 3 0 2 3 5 30 3 5 30 3 8 18 2 0 2 3 8 9 2 5 30 3 0 2 7 0 2 3 5 30 3 5 30 3 16 19 11 0 2 8 0 2 7 1 2 8 5 30 3 0 2 7 5 30 3 0 2 8 1 2 3 0 2 8 0 2 3 0 2 3 0 2 8 0 2 12 5 30 3 9 2 7 0 2 11 16 19 11 0 2 3 0 2 3 16 6 2 16 19 11 0 2 3 1 2 3 16 6 2 0 2 3 0 2 8 12 16 2 0 2 3 0 2 8 1 2 3 0 2 3 0 2 12 0 2 8 0 2 3 0 2 3 0 2 7 0 2 3 0 2 3 16 19 12 0 2 8 5 30 3 1 2 3 0 2 8 12 16 2 0 2 7 16 6 2 3.34912259228269518e-07 66.9057940244674683
0 2 7 0 2 3 0 2 3 0 2 3 0 2 7 0 2 7 12 16 2 0 2 3 5 30 3 0 2 7 0 2 4 16 6 2 16 19 11 1 2 7 12 16 2 1 2 7 8 9 2 1 2 7 1 2 7 0 2 4 1 2 7 5 30 3 1 2 7 5 30 3 1 2 7 12 16 2 16 9 11 0 2 8 0 2 3 5 30 3 5 31 3 0 2 7 1 2 7 0 2 8 0 2 7 0 2 8 5 30 3 8 9 2 1 2 4 17 18 2 0 2 7 0 2 8 0 2 7 1 2 4 1 2 3 8 9 2 8 9 2 5 31 3 0 2 7 0 2 8 0 2 7 0 2 7 0 2 8 16 19 12 0 2 7 6 2 8 6 2 8 0 2 7 0 2 8 0 2 8 0.000746338804047980142 64.6432232260704041
0 2 8 0 2 8 0 2 8 5 30 3 8 18 2 8 9 2 0 2 8 8 9 2 5 30 3 0 2 8 6 2 8 6 2 8 0 2 8 16 6 2 5 30 3 6 2 8 5 30 3 16 19 12 0 2 8 0 2 8 8 18 2 5 30 3 0 2 8 5 30 3 12 16 2 0 2 8 0 2 8 8 9 2 6 2 8 0 2 8 0 2 8 0 2 8 0 2 8 8 9 2 0 2 8 6 2 8 5 30 3 5 30 3 0 2 8 16 19 12 2 3 3 0 2 8 0 2 8 16 19 12 16 19 12 8 9 2 6 2 8 0 2 8 16 19 12 16 15 2 0 2 8 0 2 8 0 2 8 5 30 3 6 2 8 12 16 2 8 9 2 12 16 2 0 2 8 0 2 8 0.00444068475029680502 68.5705626010894775
8 9 2 8 18 2 5 30 3 5 30 3 5 30 3 5 30 3 0 2 8 1 2 8 0 2 7 0 2 8 0 2 8 0 2 7 0 2 7 16 19 12 0 2 8 16 6 2 0 2 7 0 2 7 8 9 2 1 2 8 8 9 2 0 2 7 0 2 7 0 2 8 8 18 2 8 9 2 8 18 2 0 2 8 0 2 8 1 2 8 1 2 3 1 2 8 8 9 2 17 9 2 1 2 7 1 2 3 12 16 2 0 2 3 8 18 2 0 2 3 0 2 7 16 6 2 0 2 8 0 2 3 0 2 7 8 18 2 0 2 8 0 2 8 0 2 8 0 2 8 16 18 8 8 18 2 1 2 7 1 2 3 0 2 7 0 2 8 0 2 3 0 2 7 5 31 3 1 2 8 0.0127767779052811309 65.600253701210022
8 18 2 0 2 8 12 16 2 8 18 2 5 30 3 1 2 8 5 30 3 5 30 3 8 18 2 5 30 3 12 16 2 5 30 3 12 16 2 12 16 2 5 30 3 5 30 3 16 19 12 16 19 11 0 2 12 1 2 8 0 2 7 0 2 11 0 2 7 8 18 2 1 2 8 16 18 11 8 18 2 0 2 8 16 19 11 1 2 7 0 2 7 13 6 3 8 9 2 0 2 7 0 2 8 0 2 7 1 2 3 16 19 12 1 2 8 16 19 11 0 2 8 6 2 7 0 2 12 13 6 3 17 18 2 0 2 7 0 2 4 0 2 7 0 2 7 16 19 12 8 18 2 0 2 7 0 2 7 0 2 7 0 2 7 0 2 8 0 2 7 6 2 7 0 2 8 12 16 2 0.0169671671301006473 64.9831656813621521
0 2 7 6 2 7 0 2 7 5 30 3 8 9 2 8 9 2 0 2 7 5 31 3 0 2 7 0 2 10 16 6 2 5 30 3 5 30 3 16 19 11 0 2 10 0 2 7 5 30 3 1 2 3 5 30 3 12 16 2 5 30 3 5 30 3 1 2 11 12 16 2 1 2 7 0 2 7 0 2 7 0 2 7 1 2 7 0 2 7 1 2 7 17 9 2 1 2 11 0 2 7 0 2 7 0 2 7 0 2 7 8 9 2 1 2 7 0 2 10 0 2 7 16 19 11 0 2 7 0 2 7 0 2 7 16 19 11 0 2 11 0 2 7 1 2 4 0 2 7 17 9 2 0 2 11 0 2 7 12 16 2 1 2 7 0 2 7 17 9 2 0 2 7 0 2 7 0 2 7 0 63.3702231049537659
6 2 7 0 2 7 0 2 3 6 2 7 0 2 3 0 2 7 12 16 2 16 9 11 5 30 3 0 2 3 0 2 3 0 2 7 16 19 11 0 2 7 12 16 2 0 2 7 8 18 2 0 2 7 1 2 7 0 2 7 0 2 7 5 30 3 0 2 7 5 30 3 0 2 7 12 16 2 16 19 11 1 2 7 16 19 11 0 2 7 0 2 3 0 2 3 1 2 7 5 31 3 1 2 7 0 2 3 5 30 3 0 2 7 0 2 7 5 31 3 5 30 3 0 2 7 1 2 7 0 2 3 16 6 2 1 2 7 0 2 7 5 30 3 17 18 2 1 2 3 1 2 7 0 2 3 1 2 7 16 18 11 0 2 7 0 2 7 0 2 3 0 2 7 0 2 3 0 2 7 0 63.9641892910003662
0 2 8 0 2 11 0 2 11 5 30 3 0 2 3 0 2 8 0 2 8 5 30 3 0 2 11 0 2 8 16 24 2 5 30 3 5 30 3 16 19 11 0 2 3 0 2 3 5 31 3 0 2 3 0 2 8 12 16 2 5 30 3 5 30 3 5 31 3 12 16 2 0 2 7 0 2 3 0 2 8 0 2 11 0 2 8 0 2 11 1 2 11 16 6 2 1 2 7 0 2 7 0 2 11 0 2 3 0 2 3 16 19 11 0 2 11 0 2 11 0 2 11 0 2 11 5 30 3 16 6 2 0 2 3 0 2 8 5 30 3 0 2 3 0 2 3 0 2 11 0 2 11 16 6 2 0 2 11 0 2 7 0 2 7 0 2 3 0 2 8 12 16 2 16 19 11 0 2 8 0 67.1066156625747681

Current Evaluation = 4500(4500)
Front Size = 10
0 2 7 0 2 7 0 2 7 1 2 7 5 31 3 0 2 7 1 2 4 16 6 2 1 2 7 1 2 4 1 2 7 1 2 4 0 2 7 0 2 7 1 2 7 5 30 3 1 2 7 1 2 7 12 16 2 16 9 11 5 31 3 0 2 7 0 2 7 0 2 4 1 2 4 17 9 2 0 2 4 1 2 7 5 31 3 1 2 7 0 2 7 0 2 7 0 2 7 0 2 7 0 2 7 0 2 7 17 9 2 0 2 7 1 2 4 8 9 2 0 2 7 0 2 7 0 2 7 16 6 2 12 16 2 0 2 7 0 2 4 0 2 7 0 2 7 1 2 7 0 2 7 0 2 7 17 9 2 5 31 3 0 2 7 17 9 2 0 2 3 1 2 7 1 2 7 1 2 7 0 61.0517286658287048
12 16 2 5 30 3 5 30 3 5 30 3 0 2 7 5 30 3 5 30 3 0 2 11 0 2 7 1 2 7 0 2 7 0 2 11 0 2 7 0 2 4 1 2 11 0 2 11 0 2 7 6 2 7 17 9 2 8 9 2 0 2 7 1 2 7 12 16 2 17 18 2 1 2 7 5 30 3 17 9 2 0 2 11 0 2 7 0 2 7 1 2 7 17 18 2 0 2 4 0 2 7 5 31 3 17 9 2 0 2 11 0 2 7 1 2 7 1 2 7 8 18 2 0 2 7 8 18 2 1 2 7 0 2 7 0 2 7 0 2 7 0 2 7 16 32 2 0 2 4 1 2 7 1 2 7 0 2 7 1 2 11 16 19 11 0 2 7 0 2 7 0 2 7 1 2 7 1 2 4 0 62.45736163854599
5 30 3 1 2 3 8 9 2 5 30 3 16 6 2 5 30 3 5 30 3 17 18 2 5 30 3 8 9 2 12 16 2 5 30 3 12 16 2 12 16 2 0 2 12 1 2 7 0 2 3 0 2 13 0 2 3 0 2 7 0 2 3 0 2 7 0 2 8 0 2 3 0 2 8 1 2 3 8 18 2 0 2 8 1 2 3 0 2 3 0 2 3 0 2 3 1 2 12 0 2 7 1 2 7 0 2 7 0 2 3 0 2 3 16 19 12 5 30 3 0 2 3 0 2 7 0 2 3 0 2 7 1 2 3 16 19 11 0 2 3 8 18 2 0 2 7 0 2 3 16 19 12 16 6 2 0 2 3 0 2 8 0 2 3 16 19 12 0 2 8 5 30 3 1 2 3 0 2 3 0 66.0560770034790039
5 31 3 0 2 3 5 31 3 12 16 2 0 2 3 12 16 2 1 2 7 16 6 2 0 2 7 0 2 7 16 6 2 0 2 3 17 9 2 1 2 3 0 2 3 5 30 3 1 2 11 5 31 3 5 30 3 0 2 7 0 2 3 1 2 7 1 2 7 6 2 7 0 2 7 1 2 11 1 2 7 0 2 3 0 2 7 0 2 3 0 2 11 5 30 3 1 2 7 0 2 3 16 6 2 0 2 7 16 9 11 0 2 3 0 2 7 0 2 7 0 2 7 1 2 7 1 2 7 0 2 7 0 2 3 6 2 7 17 9 2 1 2 7 0 2 7 0 2 7 0 2 3 0 2 7 0 2 7 16 19 11 1 2 7 1 2 7 0 2 7 0 2 7 8 18 2 0 2 7 0 62.7528505921363831
0 2 8 0 2 8 0 2 8 5 30 3 8 18 2 8 9 2 0 2 8 8 9 2 5 30 3 0 2 8 6 2 8 6 2 8 0 2 8 16 6 2 5 30 3 6 2 8 5 30 3 16 19 12 0 2 8 0 2 8 8 18 2 5 30 3 0 2 8 5 30 3 12 16 2 0 2 8 0 2 8 8 9 2 6 2 8 0 2 8 0 2 8 0 2 8 0 2 8 8 9 2 0 2 8 6 2 8 5 30 3 5 30 3 0 2 8 16 19 12 2 3 3 0 2 8 0 2 8 16 19 12 16 19 12 8 9 2 6 2 8 0 2 8 16 19 12 16 15 2 0 2 8 0 2 8 0 2 8 5 30 3 6 2 8 12 16 2 8 9 2 12 16 2 0 2 8 0 2 8 0.00444068475029680502 68.5705626010894775
8 9 2 8 18 2 5 30 3 5 30 3 5 30 3 5 30 3 0 2 7 1 2 7 0 2 7 0 2 7 5 30 3 16 19 11 16 6 2 0 2 7 0 2 7 0 2 7 0 2 10 0 2 7 17 9 2 1 2 7 12 16 2 0 2 7 0 2 7 1 2 7 0 2 7 1 2 7 1 2 3 0 2 7 0 2 3 0 2 3 1 2 7 16 19 11 16 15 2 0 2 7 1 2 7 17 9 2 0 2 7 5 30 3 8 9 2 8 18 2 0 2 7 0 2 7 0 2 7 1 2 3 0 2 7 5 30 3 1 2 7 0 2 7 0 2 7 1 2 7 0 2 7 1 2 7 0 2 7 0 2 3 0 2 7 17 18 2 0 2 7 0 2 7 5 30 3 0 2 7 0 62.6712461709976196
12 16 2 5 31 3 5 30 3 5 30 3 5 31 3 0 2 7 12 16 2 12 16 2 5 30 3 5 30 3 0 2 7 0 2 7 0 2 7 0 2 7 0 2 7 0 2 7 16 15 2 5 31 3 16 19 11 0 2 7 0 2 10 17 18 2 12 16 2 0 2 7 0 2 7 0 2 7 0 2 7 0 2 7 0 2 7 0 2 7 5 31 3 0 2 10 0 2 7 1 2 7 0 2 7 17 9 2 1 2 4 6 2 7 0 2 7 0 2 7 8 9 2 16 30 2 6 2 7 0 2 7 6 2 7 0 2 7 0 2 7 16 19 11 0 2 7 0 2 7 1 2 7 1 2 7 1 2 7 0 2 7 16 18 11 1 2 7 0 2 7 0 2 7 6 2 7 12 16 2 0 63.0455682873725891
5 30 3 0 2 3 5 30 3 12 16 2 5 30 3 12 16 2 0 2 7 16 6 2 0 2 3 0 2 11 16 19 11 0 2 7 0 2 7 0 2 7 0 2 7 5 30 3 0 2 7 8 18 2 5 30 3 1 2 7 0 2 3 0 2 11 1 2 3 0 2 3 0 2 3 1 2 7 0 2 7 0 2 7 0 2 7 0 2 7 0 2 7 5 30 3 0 2 7 0 2 7 16 15 2 0 2 3 16 19 12 0 2 3 0 2 7 0 2 11 1 2 8 0 2 3 0 2 3 0 2 3 0 2 7 5 30 3 0 2 3 16 19 11 0 2 8 17 9 2 0 2 3 16 19 11 5 30 3 0 2 11 5 30 3 6 2 3 8 9 2 6 2 8 0 2 11 0 2 3 0 65.4526455402374268
0 2 8 0 2 11 0 2 11 5 30 3 0 2 3 0 2 8 0 2 8 5 30 3 0 2 11 0 2 8 16 24 2 5 30 3 5 30 3 16 19 11 0 2 3 0 2 3 5 31 3 0 2 3 0 2 8 12 16 2 5 30 3 5 30 3 5 31 3 12 16 2 0 2 7 0 2 3 0 2 8 0 2 11 0 2 8 0 2 11 1 2 11 16 6 2 1 2 7 0 2 7 0 2 11 0 2 3 0 2 3 16 19 11 0 2 11 0 2 11 0 2 11 0 2 11 5 30 3 16 6 2 0 2 3 0 2 8 5 30 3 0 2 3 0 2 3 0 2 11 0 2 11 16 6 2 0 2 11 0 2 7 0 2 7 0 2 3 0 2 8 12 16 2 16 19 11 0 2 8 0 67.1066156625747681
8 9 2 8 18 2 5 30 3 5 30 3 5 30 3 5 30 3 0 2 8 1 2 8 0 2 7 0 2 8 0 2 8 0 2 7 0 2 7 16 19 12 0 2 8 16 6 2 0 2 7 0 2 7 8 9 2 1 2 8 8 9 2 0 2 7 0 2 7 0 2 8 8 18 2 8 9 2 8 18 2 0 2 8 0 2 8 1 2 8 1 2 3 1 2 8 8 9 2 17 9 2 1 2 7 1 2 3 12 16 2 0 2 3 8 18 2 0 2 3 0 2 7 16 6 2 0 2 8 0 2 3 0 2 7 8 18 2 0 2 8 0 2 8 0 2 8 0 2 8 16 18 8 8 18 2 1 2 7 1 2 3 0 2 7 0 2 8 0 2 3 0 2 7 5 31 3 1 2 8 0.0127767779052811309 65.600253701210022

Current Evaluation = 5400(5400)
Front Size = 10
0 2 7 0 2 7 0 2 7 1 2 7 5 31 3 0 2 7 1 2 4 16 6 2 1 2 7 1 2 4 1 2 7 1 2 4 0 2 7 0 2 7 1 2 7 5 30 3 1 2 7 1 2 7 12 16 2 16 9 11 5 31 3 0 2 7 0 2 7 0 2 4 1 2 4 17 9 2 0 2 4 1 2 7 5 31 3 1 2 7 0 2 7 0 2 7 0 2 7 0 2 7 0 2 7 0 2 7 17 9 2 0 2 7 1 2 4 8 9 2 0 2 7 0 2 7 0 2 7 16 6 2 12 16 2 0 2 7 0 2 4 0 2 7 0 2 7 1 2 7 0 2 7 0 2 7 17 9 2 5 31 3 0 2 7 17 9 2 0 2 3 1 2 7 1 2 7 1 2 7 0 61.0517286658287048
5 30 3 0 2 3 5 30 3 12 16 2 5 30 3 12 16 2 0 2 7 16 6 2 0 2 3 0 2 11 16 19 11 0 2 7 0 2 7 0 2 7 0 2 7 5 30 3 0 2 7 8 18 2 5 30 3 1 2 7 0 2 3 0 2 11 1 2 3 0 2 3 0 2 3 1 2 7 0 2 7 0 2 7 0 2 7 0 2 7 0 2 7 5 30 3 0 2 7 0 2 7 16 15 2 0 2 3 16 19 12 0 2 3 0 2 7 0 2 11 1 2 8 0 2 3 0 2 3 0 2 3 0 2 7 5 30 3 0 2 3 16 19 11 0 2 8 17 9 2 0 2 3 16 19 11 5 30 3 0 2 11 5 30 3 6 2 3 8 9 2 6 2 8 0 2 11 0 2 3 0 65.4526455402374268
0 2 7 5 30 3 1 2 7 17 9 2 5 30 3 1 2 7 16 30 2 17 9 2 5 30 3 0 2 7 5 30 3 5 30 3 12 16 2 5 30 3 5 31 3 16 6 2 1 2 3 12 16 2 1 2 4 1 2 7 0 2 7 1 2 3 0 2 7 0 2 3 0 2 7 0 2 7 1 2 7 0 2 7 0 2 7 0 2 7 0 2 7 1 2 7 1 2 3 0 2 11 0 2 11 0 2 7 0 2 7 1 2 4 8 18 2 0 2 7 0 2 7 0 2 7 0 2 7 0 2 3 17 9 2 0 2 7 1 2 7 0 2 7 0 2 7 0 2 7 16 19 11 13 6 3 1 2 4 16 19 11 0 2 7 0 2 7 8 18 2 12 16 2 0 2 7 0 2 3 0 62.3443124294281006
5 30 3 1 2 3 8 9 2 5 30 3 16 6 2 5 30 3 5 30 3 17 18 2 5 30 3 8 9 2 12 16 2 5 30 3 12 16 2 12 16 2 0 2 12 1 2 7 0 2 3 0 2 13 0 2 3 0 2 7 0 2 3 0 2 7 0 2 8 0 2 3 0 2 8 1 2 3 8 18 2 0 2 8 1 2 3 0 2 3 0 2 3 0 2 3 1 2 12 0 2 7 1 2 7 0 2 7 0 2 3 0 2 3 16 19 12 5 30 3 0 2 3 0 2 7 0 2 3 0 2 7 1 2 3 16 19 11 0 2 3 8 18 2 0 2 7 0 2 3 16 19 12 16 6 2 0 2 3 0 2 8 0 2 3 16 19 12 0 2 8 5 30 3 1 2 3 0 2 3 0 66.0560770034790039
5 30 3 0 2 7 5 30 3 5 31 3 17 9 2 0 2 7 12 16 2 12 16 2 0 2 3 0 2 3 0 2 7 0 2 7 16 20 12 1 2 4 0 2 3 0 2 7 0 2 3 1 2 3 0 2 7 16 6 2 1 2 3 0 2 7 1 2 3 0 2 3 1 2 7 0 2 7 16 18 11 5 30 3 0 2 7 0 2 7 17 9 2 1 2 7 0 2 7 0 2 3 0 2 4 1 2 3 16 6 2 1 2 7 1 2 3 1 2 7 5 30 3 1 2 7 5 31 3 1 2 7 0 2 7 0 2 3 0 2 3 8 9 2 0 2 7 0 2 3 0 2 3 16 19 11 0 2 7 1 2 7 0 2 3 0 2 3 1 2 7 0 2 7 0 2 7 1 2 3 0 63.0542116761207581
12 16 2 5 31 3 5 30 3 5 30 3 5 31 3 0 2 7 12 16 2 12 16 2 5 30 3 5 30 3 0 2 7 0 2 7 0 2 7 0 2 7 0 2 7 0 2 7 16 15 2 5 31 3 16 19 11 0 2 7 0 2 10 17 18 2 12 16 2 0 2 7 0 2 7 0 2 7 0 2 7 0 2 7 0 2 7 0 2 7 5 31 3 0 2 10 0 2 7 1 2 7 0 2 7 17 9 2 1 2 4 6 2 7 0 2 7 0 2 7 8 9 2 16 30 2 6 2 7 0 2 7 6 2 7 0 2 7 0 2 7 16 19 11 0 2 7 0 2 7 1 2 7 1 2 7 1 2 7 0 2 7 16 18 11 1 2 7 0 2 7 0 2 7 6 2 7 12 16 2 0 63.0455682873725891
5 31 3 1 2 7 5 30 3 16 30 2 5 30 3 1 2 7 17 18 2 1 2 7 12 16 2 5 30 3 12 16 2 1 2 7 0 2 11 0 2 7 1 2 7 0 2 3 0 2 7 5 30 3 0 2 7 0 2 4 0 2 11 1 2 7 8 9 2 12 16 2 0 2 3 0 2 7 0 2 7 0 2 7 0 2 3 5 31 3 0 2 7 0 2 7 0 2 3 17 18 2 1 2 4 1 2 7 16 19 11 0 2 11 0 2 3 1 2 7 1 2 7 0 2 7 16 19 11 0 2 4 1 2 7 0 2 7 16 6 2 1 2 4 1 2 7 0 2 4 1 2 7 0 2 7 0 2 7 0 2 7 17 9 2 0 2 11 0 2 4 8 9 2 0 2 7 0 2 7 0 62.5142357349395752
0 2 8 0 2 8 0 2 8 5 30 3 8 18 2 8 9 2 0 2 8 8 9 2 5 30 3 0 2 8 6 2 8 6 2 8 0 2 8 16 6 2 5 30 3 6 2 8 5 30 3 16 19 12 0 2 8 0 2 8 8 18 2 5 30 3 0 2 8 5 30 3 12 16 2 0 2 8 0 2 8 8 9 2 6 2 8 0 2 8 0 2 8 0 2 8 0 2 8 8 9 2 0 2 8 6 2 8 5 30 3 5 30 3 0 2 8 16 19 12 2 3 3 0 2 8 0 2 8 16 19 12 16 19 12 8 9 2 6 2 8 0 2 8 16 19 12 16 15 2 0 2 8 0 2 8 0 2 8 5 30 3 6 2 8 12 16 2 8 9 2 12 16 2 0 2 8 0 2 8 0.00444068475029680502 68.5705626010894775
0 2 8 0 2 11 0 2 11 5 30 3 0 2 3 0 2 8 0 2 8 5 30 3 0 2 11 0 2 8 16 24 2 5 30 3 5 30 3 16 19 11 0 2 3 0 2 3 5 31 3 0 2 3 0 2 8 12 16 2 5 30 3 5 30 3 5 31 3 12 16 2 0 2 7 0 2 3 0 2 8 0 2 11 0 2 8 0 2 11 1 2 11 16 6 2 1 2 7 0 2 7 0 2 11 0 2 3 0 2 3 16 19 11 0 2 11 0 2 11 0 2 11 0 2 11 5 30 3 16 6 2 0 2 3 0 2 8 5 30 3 0 2 3 0 2 3 0 2 11 0 2 11 16 6 2 0 2 11 0 2 7 0 2 7 0 2 3 0 2 8 12 16 2 16 19 11 0 2 8 0 67.1066156625747681
16 6 2 5 30 3 12 16 2 8 9 2 12 16 2 0 2 7 0 2 7 6 2 8 1 2 7 5 30 3 0 2 8 1 2 4 5 30 3 0 2 8 1 2 7 1 2 4 6 2 8 8 9 2 2 3 3 1 2 7 8 9 2 16 9 11 5 30 3 0 2 8 0 2 7 0 2 4 5 30 3 6 2 8 6 2 8 1 2 7 0 2 8 1 2 7 0 2 7 0 2 8 0 2 7 0 2 7 0 2 8 0 2 7 17 9 2 5 30 3 1 2 4 16 19 12 0 2 7 6 2 8 8 18 2 6 2 8 0 2 4 5 30 3 0 2 7 0 2 8 0 2 8 8 9 2 5 30 3 0 2 8 0 2 8 17 9 2 0 2 8 1 2 7 1 2 7 0 2 8 0.00886051920461139106 64.8340476155281067

Current Evaluation = 6300(6300)
Front Size = 10
1 2 7 0 2 7 0 2 7 1 2 7 5 31 3 0 2 7 1 2 7 16 6 2 0 2 7 0 2 4 0 2 7 1 2 7 0 2 7 1 2 7 1 2 7 5 30 3 0 2 7 1 2 7 12 16 2 1 2 7 1 2 7 0 2 4 0 2 7 0 2 7 17 9 2 0 2 7 0 2 7 0 2 7 1 2 7 17 9 2 0 2 7 17 9 2 5 31 3 0 2 7 0 2 7 5 30 3 1 2 7 5 31 3 0 2 7 1 2 7 13 6 3 0 2 7 16 9 11 0 2 7 0 2 7 0 2 7 16 30 2 0 2 7 0 2 4 1 2 4 0 2 7 0 2 7 0 2 7 5 31 3 12 16 2 1 2 7 17 9 2 1 2 3 1 2 7 0 2 7 0 60.9421026110649109
5 30 3 8 9 2 5 30 3 16 6 2 5 30 3 5 30 3 5 30 3 0 2 3 12 16 2 5 30 3 0 2 3 1 2 8 5 30 3 0 2 7 0 2 8 0 2 3 0 2 11 0 2 7 1 2 7 0 2 7 0 2 3 0 2 7 6 2 7 16 19 11 5 30 3 0 2 7 0 2 8 1 2 3 0 2 3 0 2 3 0 2 11 0 2 7 0 2 11 0 2 3 0 2 8 8 18 2 0 2 3 0 2 8 0 2 7 5 30 3 12 16 2 0 2 7 0 2 11 0 2 7 0 2 3 1 2 7 1 2 3 6 2 3 0 2 3 16 19 11 17 9 2 16 19 11 0 2 7 0 2 7 16 19 11 0 2 3 16 19 11 0 2 7 0 2 3 6 2 7 0 65.7063446044921875
5 30 3 8 9 2 16 6 2 0 2 7 12 16 2 12 16 2 1 2 7 0 2 4 0 2 7 0 2 7 0 2 7 0 2 7 0 2 4 0 2 7 0 2 3 1 2 3 1 2 7 0 2 3 0 2 7 0 2 3 1 2 7 1 2 4 1 2 3 0 2 3 0 2 3 0 2 3 0 2 3 0 2 7 0 2 3 0 2 3 0 2 3 16 9 11 0 2 4 1 2 4 1 2 4 5 31 3 17 18 2 5 30 3 5 30 3 12 16 2 17 9 2 1 2 7 1 2 7 0 2 7 0 2 7 1 2 7 1 2 3 1 2 4 0 2 3 0 2 7 1 2 3 1 2 3 0 2 4 16 19 11 1 2 4 0 2 3 17 9 2 0 2 4 16 9 11 5 30 3 0 62.9625177383422852
0 2 8 0 2 8 0 2 8 5 30 3 8 18 2 8 9 2 0 2 8 8 9 2 5 30 3 0 2 8 6 2 8 6 2 8 0 2 8 16 6 2 5 30 3 6 2 8 5 30 3 16 19 12 0 2 8 0 2 8 8 18 2 5 30 3 0 2 8 5 30 3 12 16 2 0 2 8 0 2 8 8 9 2 6 2 8 0 2 8 0 2 8 0 2 8 0 2 8 8 9 2 0 2 8 6 2 8 5 30 3 5 30 3 0 2 8 16 19 12 2 3 3 0 2 8 0 2 8 16 19 12 16 19 12 8 9 2 6 2 8 0 2 8 16 19 12 16 15 2 0 2 8 0 2 8 0 2 8 5 30 3 6 2 8 12 16 2 8 9 2 12 16 2 0 2 8 0 2 8 0.00444068475029680502 68.5705626010894775
0 2 8 0 2 11 0 2 11 5 30 3 0 2 3 0 2 8 0 2 8 5 30 3 0 2 11 0 2 8 16 24 2 5 30 3 5 30 3 16 19 11 0 2 3 0 2 3 5 31 3 0 2 3 0 2 8 12 16 2 5 30 3 5 30 3 5 31 3 12 16 2 0 2 7 0 2 3 0 2 8 0 2 11 0 2 8 0 2 11 1 2 11 16 6 2 1 2 7 0 2 7 0 2 11 0 2 3 0 2 3 16 19 11 0 2 11 0 2 11 0 2 11 0 2 11 5 30 3 16 6 2 0 2 3 0 2 8 5 30 3 0 2 3 0 2 3 0 2 11 0 2 11 16 6 2 0 2 11 0 2 7 0 2 7 0 2 3 0 2 8 12 16 2 16 19 11 0 2 8 0 67.1066156625747681
17 9 2 6 2 4 1 2 7 12 16 2 0 2 7 0 2 7 0 2 11 0 2 7 0 2 11 1 2 7 0 2 11 6 2 10 0 2 7 0 2 7 0 2 7 0 2 7 6 2 7 1 2 7 1 2 7 0 2 4 1 2 7 0 2 7 0 2 7 0 2 7 0 2 7 0 2 4 1 2 7 1 2 7 0 2 7 0 2 7 1 2 4 5 31 3 5 30 3 17 9 2 0 2 7 1 2 7 1 2 4 16 19 11 0 2 7 17 9 2 0 2 4 5 30 3 5 31 3 12 16 2 12 16 2 0 2 11 0 2 10 17 18 2 12 16 2 5 30 3 1 2 11 0 2 7 13 6 3 5 31 3 0 2 4 1 2 7 0 2 4 17 18 2 0 2 4 16 18 11 0 62.1478686928749084
5 30 3 1 2 3 8 9 2 5 30 3 16 6 2 5 30 3 5 30 3 17 18 2 5 30 3 8 9 2 12 16 2 5 30 3 12 16 2 12 16 2 0 2 12 1 2 7 0 2 3 0 2 13 0 2 3 0 2 7 0 2 3 0 2 7 0 2 8 0 2 3 0 2 8 1 2 3 8 18 2 0 2 8 1 2 3 0 2 3 0 2 3 0 2 3 1 2 12 0 2 7 1 2 7 0 2 7 0 2 3 0 2 3 16 19 12 5 30 3 0 2 3 0 2 7 0 2 3 0 2 7 1 2 3 16 19 11 0 2 3 8 18 2 0 2 7 0 2 3 16 19 12 16 6 2 0 2 3 0 2 8 0 2 3 16 19 12 0 2 8 5 30 3 1 2 3 0 2 3 0 66.0560770034790039
5 30 3 8 9 2 5 30 3 8 18 2 0 2 7 12 16 2 0 2 7 0 2 7 1 2 7 0 2 7 0 2 7 0 2 7 17 18 2 0 2 7 0 2 7 1 2 7 1 2 3 0 2 7 0 2 3 0 2 7 0 2 7 0 2 7 1 2 7 17 9 2 5 30 3 0 2 7 12 16 2 5 31 3 13 6 3 16 19 11 16 19 11 0 2 7 1 2 7 0 2 7 0 2 7 5 30 3 0 2 7 0 2 3 0 2 7 0 2 3 0 2 7 0 2 7 0 2 7 0 2 3 16 30 2 1 2 7 1 2 7 16 19 11 12 16 2 1 2 3 5 30 3 0 2 7 1 2 7 0 2 7 1 2 3 16 6 2 0 2 7 0 2 7 5 30 3 5 30 3 0 62.7989181280136108
5 31 3 8 9 2 16 6 2 0 2 7 12 16 2 12 16 2 0 2 3 0 2 3 12 16 2 0 2 7 1 2 7 0 2 7 1 2 7 0 2 3 0 2 3 1 2 7 0 2 7 0 2 4 0 2 7 0 2 7 1 2 7 1 2 7 0 2 7 0 2 7 0 2 7 0 2 7 0 2 3 1 2 7 0 2 7 0 2 7 1 2 7 16 19 11 0 2 7 0 2 3 1 2 7 5 31 3 17 18 2 5 30 3 5 30 3 12 16 2 17 9 2 1 2 7 1 2 7 0 2 4 0 2 3 13 6 3 1 2 7 1 2 4 0 2 7 0 2 3 1 2 7 1 2 3 0 2 3 16 19 11 1 2 4 0 2 7 17 9 2 0 2 7 16 18 11 5 30 3 0 62.433588445186615
5 30 3 8 9 2 5 30 3 16 6 2 5 30 3 5 30 3 5 30 3 0 2 7 12 16 2 5 30 3 0 2 3 1 2 7 0 2 7 0 2 11 0 2 7 0 2 7 8 18 2 0 2 3 0 2 7 0 2 3 0 2 11 1 2 4 0 2 7 6 2 1 0 2 7 16 19 11 5 30 3 0 2 7 0 2 7 1 2 7 1 2 8 0 2 7 0 2 11 0 2 7 0 2 7 0 2 3 0 2 3 0 2 7 0 2 11 0 2 3 0 2 7 0 2 7 0 2 3 0 2 7 0 2 7 17 9 2 0 2 11 1 2 7 1 2 7 1 2 7 1 2 7 17 9 2 17 9 2 16 19 11 8 18 2 16 19 11 1 2 7 0 2 7 1 2 7 5 30 3 0 63.7905964851379395

Current Evaluation = 7200(7200)
Front Size = 10
1 2 7 0 2 7 0 2 7 1 2 7 5 31 3 0 2 4 1 2 7 0 2 7 0 2 7 1 2 7 1 2 4 0 2 4 1 2 7 6 2 7 1 2 7 0 2 7 1 2 7 12 16 2 0 2 7 0 2 7 0 2 4 0 2 4 17 9 2 0 2 4 0 2 7 1 2 4 17 9 2 0 2 7 17 9 2 5 31 3 0 2 7 1 2 7 5 30 3 5 31 3 0 2 7 13 6 3 0 2 7 0 2 7 6 2 7 0 2 7 12 16 2 1 2 7 12 16 2 0 2 4 0 2 7 6 2 4 1 2 7 16 6 2 1 2 7 17 1 2 12 16 2 0 2 7 17 18 2 0 2 7 0 2 7 5 31 3 17 9 2 1 2 7 0 2 7 0 2 7 0 60.7348286509513855
0 2 8 0 2 8 0 2 8 5 30 3 8 18 2 8 9 2 0 2 8 8 9 2 5 30 3 0 2 8 6 2 8 6 2 8 0 2 8 16 6 2 5 30 3 6 2 8 5 30 3 16 19 12 0 2 8 0 2 8 8 18 2 5 30 3 0 2 8 5 30 3 12 16 2 0 2 8 0 2 8 8 9 2 6 2 8 0 2 8 0 2 8 0 2 8 0 2 8 8 9 2 0 2 8 6 2 8 5 30 3 5 30 3 0 2 8 16 19 12 2 3 3 0 2 8 0 2 8 16 19 12 16 19 12 8 9 2 6 2 8 0 2 8 16 19 12 16 15 2 0 2 8 0 2 8 0 2 8 5 30 3 6 2 8 12 16 2 8 9 2 12 16 2 0 2 8 0 2 8 0.00444068475029680502 68.5705626010894775
5 30 3 16 6 2 0 2 7 12 16 2 0 2 7 0 2 7 16 19 11 1 2 4 1 2 3 0 2 3 0 2 7 1 2 7 0 2 7 0 2 7 1 2 4 0 2 7 0 2 7 0 2 7 1 2 7 0 2 7 0 2 7 0 2 4 0 2 3 17 9 2 1 2 3 0 2 7 0 2 7 0 2 7 17 9 2 17 9 2 0 2 7 1 2 7 1 2 3 0 2 3 5 30 3 5 31 3 5 30 3 1 2 4 12 16 2 5 30 3 0 2 7 5 31 3 0 2 7 17 18 2 1 2 4 0 2 7 6 2 7 0 2 7 1 2 7 1 2 7 13 6 3 1 2 7 0 2 7 0 2 7 0 2 7 0 2 7 1 2 7 8 18 2 16 19 11 0 2 7 0 61.8175024390220642
1 2 7 0 2 7 0 2 3 0 2 3 0 2 7 16 30 2 1 2 3 0 2 3 0 2 7 0 2 7 5 30 3 0 2 7 12 16 2 0 2 7 0 2 3 17 9 2 0 2 7 0 2 3 0 2 3 0 2 7 5 30 3 12 16 2 0 2 7 5 30 3 5 30 3 8 18 2 16 19 11 1 2 7 0 2 3 0 2 3 0 2 3 1 2 3 0 2 7 8 9 2 0 2 3 0 2 7 0 2 7 0 2 7 1 2 7 5 30 3 1 2 7 5 30 3 5 30 3 0 2 7 16 19 11 0 2 7 5 30 3 0 2 7 16 15 2 16 30 2 0 2 7 0 2 3 16 9 11 1 2 3 0 2 7 1 2 3 1 2 3 1 2 3 0 2 7 0 2 3 0 63.8219714760780334
5 30 3 8 9 2 16 6 2 0 2 7 12 16 2 12 16 2 1 2 3 0 2 3 0 2 7 0 2 4 0 2 7 0 2 4 0 2 7 0 2 7 0 2 3 15 2 11 1 2 7 0 2 3 0 2 7 0 2 7 1 2 7 1 2 7 1 2 4 0 2 4 0 2 3 0 2 3 0 2 7 0 2 4 0 2 3 0 2 7 0 2 7 16 9 11 0 2 7 1 2 7 1 2 3 5 31 3 17 18 2 5 30 3 5 30 3 12 16 2 17 9 2 1 2 7 1 2 7 0 2 7 0 2 3 1 2 7 1 2 7 1 2 11 0 2 3 0 2 11 1 2 3 1 2 3 0 2 3 1 2 4 1 2 7 0 2 7 17 9 2 0 2 7 16 9 11 5 30 3 0 62.8624566793441772
0 2 8 0 2 11 0 2 11 5 30 3 0 2 3 0 2 8 0 2 8 5 30 3 0 2 11 0 2 8 16 24 2 5 30 3 5 30 3 16 19 11 0 2 3 0 2 3 5 31 3 0 2 3 0 2 8 12 16 2 5 30 3 5 30 3 5 31 3 12 16 2 0 2 7 0 2 3 0 2 8 0 2 11 0 2 8 0 2 11 1 2 11 16 6 2 1 2 7 0 2 7 0 2 11 0 2 3 0 2 3 16 19 11 0 2 11 0 2 11 0 2 11 0 2 11 5 30 3 16 6 2 0 2 3 0 2 8 5 30 3 0 2 3 0 2 3 0 2 11 0 2 11 16 6 2 0 2 11 0 2 7 0 2 7 0 2 3 0 2 8 12 16 2 16 19 11 0 2 8 0 67.1066156625747681
5 30 3 8 9 2 5 30 3 16 6 2 5 31 3 5 30 3 5 30 3 0 2 4 12 16 2 1 2 7 0 2 7 0 2 7 0 2 11 0 2 11 0 2 7 0 2 7 0 2 7 0 2 11 0 2 7 1 2 7 17 9 2 1 2 7 0 2 7 1 2 7 0 2 4 0 2 7 0 2 7 0 2 4 0 2 7 0 2 7 1 2 7 0 2 4 17 9 2 0 2 7 1 2 7 1 2 7 1 2 7 8 9 2 17 9 2 16 19 11 1 2 4 6 2 11 0 2 7 5 30 3 8 18 2 0 2 11 1 2 7 1 2 1 17 18 2 1 2 1 0 2 7 0 2 11 0 2 7 1 2 7 0 2 7 0 2 7 0 2 7 17 9 2 0 2 7 5 30 3 0 62.524858832359314
5 30 3 8 9 2 5 30 3 16 6 2 5 30 3 5 30 3 5 30 3 0 2 3 12 16 2 5 30 3 0 2 3 1 2 8 5 30 3 0 2 7 0 2 8 0 2 3 0 2 11 0 2 7 1 2 7 0 2 7 0 2 3 0 2 7 6 2 7 16 19 11 5 30 3 0 2 7 0 2 8 1 2 3 0 2 3 0 2 3 0 2 11 0 2 7 0 2 11 0 2 3 0 2 8 8 18 2 0 2 3 0 2 8 0 2 7 5 30 3 12 16 2 0 2 7 0 2 11 0 2 7 0 2 3 1 2 7 1 2 3 6 2 3 0 2 3 16 19 11 17 9 2 16 19 11 0 2 7 0 2 7 16 19 11 0 2 3 16 19 11 0 2 7 0 2 3 6 2 7 0 65.7063446044921875
5 30 3 1 2 3 8 9 2 5 30 3 16 6 2 5 30 3 5 30 3 17 18 2 5 30 3 8 9 2 12 16 2 5 30 3 12 16 2 12 16 2 0 2 12 1 2 7 0 2 3 0 2 13 0 2 3 0 2 7 0 2 3 0 2 7 0 2 8 0 2 3 0 2 8 1 2 3 8 18 2 0 2 8 1 2 3 0 2 3 0 2 3 0 2 3 1 2 12 0 2 7 1 2 7 0 2 7 0 2 3 0 2 3 16 19 12 5 30 3 0 2 3 0 2 7 0 2 3 0 2 7 1 2 3 16 19 11 0 2 3 8 18 2 0 2 7 0 2 3 16 19 12 16 6 2 0 2 3 0 2 8 0 2 3 16 19 12 0 2 8 5 30 3 1 2 3 0 2 3 0 66.0560770034790039
5 30 3 16 6 2 5 30 3 5 30 3 0 2 7 12 16 2 5 31 3 0 2 3 0 2 7 0 2 7 0 2 7 0 2 3 16 19 11 0 2 3 1 2 7 16 19 11 16 19 11 0 2 11 5 30 3 5 30 3 1 2 11 8 9 2 0 2 3 17 18 2 0 2 11 0 2 7 0 2 7 0 2 7 0 2 7 16 6 2 0 2 8 0 2 11 0 2 8 0 2 7 0 2 7 5 30 3 0 2 3 0 2 7 0 2 8 5 30 3 0 2 7 0 2 7 0 2 3 0 2 11 0 2 8 5 30 3 1 2 7 0 2 7 0 2 3 0 2 7 0 2 8 0 2 8 0 2 11 0 2 8 0 2 7 8 9 2 0 2 11 12 16 2 0 2 8 1 2 7 0.00018035585513807506 65.6959969997406006

Current Evaluation = 8100(8100)
Front Size = 10
1 2 7 0 2 4 1 2 7 1 2 7 5 31 3 0 2 7 0 2 4 1 2 7 1 2 7 1 2 7 1 2 7 1 2 4 0 2 4 1 2 7 17 9 2 0 2 4 0 2 7 17 9 2 8 9 2 6 2 7 5 31 3 1 2 7 0 2 7 0 2 7 0 2 7 13 6 3 0 2 7 1 2 7 0 2 4 12 16 2 1 2 7 1 2 4 1 2 7 1 2 7 0 2 7 17 18 2 0 2 7 0 2 4 0 2 7 0 2 7 0 2 7 16 15 2 0 2 7 0 2 7 0 2 7 0 2 7 1 2 7 1 2 7 17 9 2 0 2 7 5 31 3 0 2 7 0 2 7 1 2 7 0 2 7 17 18 2 0 2 7 12 16 2 5 30 3 17 9 2 0 60.4129096865653992
6 2 7 0 2 7 0 2 7 0 2 7 5 31 3 0 2 7 0 2 7 0 2 7 1 2 7 1 2 7 0 2 7 0 2 4 17 9 2 0 2 7 0 2 7 17 9 2 16 6 2 1 2 4 5 31 3 1 2 7 0 2 7 1 2 7 12 16 2 0 2 7 17 1 2 0 2 7 12 16 2 12 16 2 5 31 3 0 2 7 0 2 4 0 2 7 8 9 2 5 31 3 0 2 7 0 2 7 5 30 3 0 2 4 1 2 7 1 2 7 0 2 7 0 2 7 6 2 7 0 2 7 0 2 7 0 2 7 16 6 2 0 2 7 0 2 7 5 30 3 1 2 7 0 2 7 1 2 7 5 30 3 0 2 7 0 2 7 1 2 7 16 19 11 6 2 7 17 9 2 0 61.7242364287376404
5 30 3 8 18 2 5 30 3 16 6 2 5 30 3 0 2 7 5 30 3 8 9 2 12 16 2 1 2 11 12 16 2 12 16 2 0 2 7 0 2 7 17 9 2 0 2 7 16 19 11 0 2 7 5 30 3 16 19 11 0 2 4 0 2 7 1 2 7 5 30 3 0 2 4 12 16 2 0 2 7 1 2 7 0 2 11 1 2 7 17 9 2 0 2 3 1 2 4 1 2 1 0 2 7 0 2 7 0 2 7 0 2 7 1 2 7 0 2 7 0 2 7 8 9 2 0 2 7 0 2 7 0 2 7 0 2 7 0 2 7 1 2 11 12 16 2 0 2 7 8 9 2 1 2 7 16 19 11 0 2 11 0 2 7 16 31 2 0 2 8 0 2 7 0 2 7 5 30 3 0 63.5307201147079468
1 2 4 1 2 7 1 2 4 1 2 7 5 31 3 1 2 7 1 2 7 1 2 7 1 2 7 0 2 7 17 9 2 0 2 3 17 9 2 8 9 2 0 2 7 5 30 3 0 2 7 0 2 7 1 2 7 0 2 7 12 16 2 0 2 7 0 2 7 0 2 7 0 2 7 0 2 4 0 2 7 0 2 7 0 2 7 0 2 7 17 9 2 0 2 7 5 30 3 0 2 3 0 2 7 1 2 3 0 2 3 12 16 2 5 30 3 0 2 7 13 6 3 0 2 7 0 2 7 1 2 4 0 2 7 13 6 3 1 2 7 0 2 3 5 30 3 5 30 3 6 2 7 0 2 7 0 2 7 0 2 7 16 15 2 5 30 3 16 30 2 1 2 7 17 18 2 17 9 2 0 61.1156814694404602
12 16 2 5 30 3 12 16 2 12 16 2 0 2 7 16 19 11 0 2 7 5 31 3 0 2 7 5 30 3 6 2 7 16 19 11 0 2 7 1 2 7 0 2 7 0 2 3 0 2 7 0 2 7 5 31 3 16 9 11 5 31 3 16 6 2 16 19 11 1 2 7 1 2 7 0 2 7 6 2 7 5 31 3 5 30 3 0 2 7 1 2 11 5 30 3 16 6 2 0 2 11 0 2 3 6 2 11 0 2 7 6 2 7 0 2 7 0 2 7 0 2 7 0 2 3 0 2 7 0 2 7 0 2 7 0 2 7 6 2 7 0 2 3 0 2 3 5 30 3 0 2 7 17 9 2 1 2 7 0 2 7 0 2 7 0 2 3 0 2 7 0 2 3 0 2 7 0 2 7 0 63.8291513323783875
5 30 3 1 2 3 8 9 2 5 30 3 16 6 2 5 30 3 5 30 3 17 18 2 5 30 3 8 9 2 12 16 2 5 30 3 12 16 2 12 16 2 0 2 12 1 2 7 0 2 3 0 2 13 0 2 3 0 2 7 0 2 3 0 2 7 0 2 8 0 2 3 0 2 8 1 2 3 8 18 2 0 2 8 1 2 3 0 2 3 0 2 3 0 2 3 1 2 12 0 2 7 1 2 7 0 2 7 0 2 3 0 2 3 16 19 12 5 30 3 0 2 3 0 2 7 0 2 3 0 2 7 1 2 3 16 19 11 0 2 3 8 18 2 0 2 7 0 2 3 16 19 12 16 6 2 0 2 3 0 2 8 0 2 3 16 19 12 0 2 8 5 30 3 1 2 3 0 2 3 0 66.0560770034790039
5 30 3 6 2 3 5 30 3 16 6 2 5 30 3 5 30 3 5 30 3 5 30 3 12 16 2 5 30 3 12 16 2 12 16 2 0 2 3 0 2 7 0 2 7 0 2 7 16 19 1 5 30 3 8 18 2 16 19 11 0 2 7 16 19 11 0 2 3 5 31 3 0 2 7 0 2 3 0 2 3 0 2 3 0 2 3 0 2 3 0 2 7 6 2 3 1 2 7 0 2 3 0 2 3 0 2 7 16 6 2 0 2 7 0 2 7 0 2 7 0 2 11 0 2 3 0 2 11 0 2 7 0 2 7 0 2 7 0 2 7 0 2 7 1 2 7 0 2 3 0 2 3 16 19 11 1 2 7 0 2 3 0 2 8 0 2 7 16 19 11 0 2 3 6 2 11 0 2 3 0 65.4174813032150269
0 2 8 0 2 11 0 2 11 5 30 3 0 2 3 0 2 8 0 2 8 5 30 3 0 2 11 0 2 8 16 24 2 5 30 3 5 30 3 16 19 11 0 2 3 0 2 3 5 31 3 0 2 3 0 2 8 12 16 2 5 30 3 5 30 3 5 31 3 12 16 2 0 2 7 0 2 3 0 2 8 0 2 11 0 2 8 0 2 11 1 2 11 16 6 2 1 2 7 0 2 7 0 2 11 0 2 3 0 2 3 16 19 11 0 2 11 0 2 11 0 2 11 0 2 11 5 30 3 16 6 2 0 2 3 0 2 8 5 30 3 0 2 3 0 2 3 0 2 11 0 2 11 16 6 2 0 2 11 0 2 7 0 2 7 0 2 3 0 2 8 12 16 2 16 19 11 0 2 8 0 67.1066156625747681
0 2 8 0 2 8 0 2 8 5 30 3 8 18 2 8 9 2 0 2 8 8 9 2 5 30 3 0 2 8 6 2 8 6 2 8 0 2 8 16 6 2 5 30 3 6 2 8 5 30 3 16 19 12 0 2 8 0 2 8 8 18 2 5 30 3 0 2 8 5 30 3 12 16 2 0 2 8 0 2 8 8 9 2 6 2 8 0 2 8 0 2 8 0 2 8 0 2 8 8 9 2 0 2 8 6 2 8 5 30 3 5 30 3 0 2 8 16 19 12 2 3 3 0 2 8 0 2 8 16 19 12 16 19 12 8 9 2 6 2 8 0 2 8 16 19 12 16 15 2 0 2 8 0 2 8 0 2 8 5 30 3 6 2 8 12 16 2 8 9 2 12 16 2 0 2 8 0 2 8 0.00444068475029680502 68.5705626010894775
12 16 2 5 30 3 12 16 2 12 16 2 16 6 2 0 2 8 0 2 7 0 2 8 1 2 7 0 2 8 0 2 4 1 2 7 0 2 8 0 2 7 1 2 7 1 2 4 0 2 4 1 2 7 6 2 7 5 30 3 0 2 7 6 2 8 0 2 7 5 30 3 0 2 8 0 2 4 5 30 3 0 2 4 5 30 3 0 2 8 8 18 2 0 2 7 17 9 2 5 31 3 8 9 2 5 30 3 5 31 3 0 2 7 8 9 2 0 2 7 8 9 2 16 19 12 0 2 8 1 2 7 0 2 4 0 2 8 0 2 8 1 2 7 1 2 7 0 2 8 12 16 2 0 2 7 0 2 8 16 19 12 0 2 8 0 2 8 17 9 2 16 19 12 6 2 8 0 2 8 0.00843247437244741896 65.4031415581703186

Current Evaluation = 9000(9000)
Front Size = 10
1 2 7 0 2 7 1 2 7 0 2 7 5 30 3 0 2 7 1 2 7 1 2 7 0 2 7 1 2 7 1 2 7 1 2 7 17 9 2 0 2 7 17 9 2 5 31 3 1 2 7 0 2 4 0 2 7 0 2 7 13 6 3 0 2 7 1 2 7 12 16 2 1 2 7 1 2 7 0 2 7 17 18 2 0 2 7 0 2 7 0 2 7 0 2 7 0 2 7 0 2 7 0 2 7 0 2 7 0 2 7 0 2 7 0 2 7 0 2 7 17 18 2 0 2 7 5 31 3 5 30 3 0 2 7 13 6 3 0 2 7 17 9 2 1 2 7 1 2 7 16 6 2 1 2 3 0 2 7 16 30 2 1 2 7 1 2 7 0 2 7 5 30 3 1 2 3 5 31 3 0 60.3538565635681152
5 30 3 5 30 3 16 30 2 5 30 3 0 2 7 17 9 2 12 16 2 12 16 2 12 16 2 0 2 7 0 2 7 17 9 2 0 2 3 16 9 11 0 2 11 0 2 11 1 2 7 0 2 7 0 2 7 5 31 3 1 2 7 8 18 2 8 9 2 0 2 7 1 2 7 0 2 3 0 2 7 0 2 7 0 2 7 0 2 1 0 2 7 0 2 7 1 2 4 0 2 7 0 2 7 1 2 7 0 2 7 1 2 7 0 2 7 1 2 4 6 2 3 0 2 3 5 31 3 1 2 3 0 2 3 16 20 12 5 30 3 0 2 7 0 2 3 0 2 7 1 2 7 5 30 3 0 2 7 12 16 2 1 2 7 1 2 4 17 9 2 16 32 2 0 2 11 1 2 7 0 62.9425697922706604
5 30 3 8 18 2 5 30 3 16 6 2 5 30 3 0 2 7 5 30 3 8 9 2 12 16 2 1 2 11 12 16 2 12 16 2 0 2 7 0 2 7 17 9 2 0 2 7 16 19 11 0 2 7 5 30 3 16 19 11 0 2 4 0 2 7 1 2 7 5 30 3 0 2 4 12 16 2 0 2 7 1 2 7 0 2 11 1 2 7 17 9 2 0 2 3 1 2 4 1 2 1 0 2 7 0 2 7 0 2 7 0 2 7 1 2 7 0 2 7 0 2 7 8 9 2 0 2 7 0 2 7 0 2 7 0 2 7 0 2 7 1 2 11 12 16 2 0 2 7 8 9 2 1 2 7 16 19 11 0 2 11 0 2 7 16 31 2 0 2 8 0 2 7 0 2 7 5 30 3 0 63.5307201147079468
5 31 3 0 2 3 5 30 3 16 6 2 0 2 7 5 30 3 5 30 3 5 30 3 12 16 2 5 30 3 12 16 2 12 16 2 0 2 3 0 2 7 0 2 3 0 2 7 5 30 3 8 18 2 16 18 11 6 2 3 16 19 11 0 2 7 0 2 3 0 2 7 0 2 3 0 2 3 0 2 3 0 2 7 0 2 7 0 2 3 0 2 7 0 2 7 0 2 7 16 6 2 0 2 7 0 2 7 0 2 3 0 2 7 1 2 3 0 2 7 0 2 3 0 2 7 0 2 3 0 2 3 16 19 11 1 2 7 1 2 7 0 2 7 6 2 3 1 2 3 0 2 7 0 2 3 1 2 7 1 2 3 16 19 11 1 2 7 16 19 11 0 2 3 5 30 3 0 2 3 0 64.6958561539649963
1 2 7 0 2 7 6 2 7 0 2 7 5 31 3 0 2 3 6 2 7 1 2 7 0 2 7 1 2 7 6 2 4 1 2 4 17 9 2 0 2 7 17 9 2 5 30 3 1 2 7 0 2 7 0 2 7 0 2 7 13 6 3 0 2 7 1 2 7 12 16 2 1 2 7 6 2 7 0 2 7 17 18 2 0 2 7 1 2 7 0 2 7 0 2 7 0 2 7 0 2 7 0 2 7 0 2 7 0 2 11 0 2 7 1 2 4 0 2 7 17 18 2 0 2 7 12 16 2 5 30 3 1 2 4 0 2 7 0 2 7 5 30 3 0 2 7 0 2 7 1 2 4 5 31 3 0 2 7 16 15 2 16 31 2 1 2 4 17 9 2 5 31 3 1 2 7 0 2 7 0 60.9116367101669312
0 2 8 0 2 8 0 2 8 5 30 3 8 18 2 8 9 2 0 2 8 8 9 2 5 30 3 0 2 8 6 2 8 6 2 8 0 2 8 16 6 2 5 30 3 6 2 8 5 30 3 16 19 12 0 2 8 0 2 8 8 18 2 5 30 3 0 2 8 5 30 3 12 16 2 0 2 8 0 2 8 8 9 2 6 2 8 0 2 8 0 2 8 0 2 8 0 2 8 8 9 2 0 2 8 6 2 8 5 30 3 5 30 3 0 2 8 16 19 12 2 3 3 0 2 8 0 2 8 16 19 12 16 19 12 8 9 2 6 2 8 0 2 8 16 19 12 16 15 2 0 2 8 0 2 8 0 2 8 5 30 3 6 2 8 12 16 2 8 9 2 12 16 2 0 2 8 0 2 8 0.00444068475029680502 68.5705626010894775
1 2 7 0 2 4 1 2 7 1 2 7 5 31 3 0 2 7 0 2 4 1 2 7 1 2 7 1 2 7 1 2 7 1 2 4 0 2 4 1 2 7 17 9 2 0 2 4 0 2 7 17 9 2 8 9 2 6 2 7 5 31 3 1 2 7 0 2 7 0 2 7 0 2 7 13 6 3 0 2 7 1 2 7 0 2 4 12 16 2 1 2 7 1 2 4 1 2 7 1 2 7 0 2 7 17 18 2 0 2 7 0 2 4 0 2 7 0 2 7 0 2 7 16 15 2 0 2 7 0 2 7 0 2 7 0 2 7 1 2 7 1 2 7 17 9 2 0 2 7 5 31 3 0 2 7 0 2 7 1 2 7 0 2 7 17 18 2 0 2 7 12 16 2 5 30 3 17 9 2 0 60.4129096865653992
5 30 3 17 18 2 5 30 3 16 6 2 5 31 3 0 2 7 5 30 3 12 16 2 1 2 3 12 16 2 0 2 4 1 2 7 17 9 2 0 2 7 0 2 4 0 2 7 0 2 4 0 2 7 6 2 7 0 2 7 6 2 7 0 2 3 1 2 7 17 9 2 0 2 7 1 2 7 0 2 4 0 2 7 0 2 11 0 2 7 0 2 7 0 2 7 0 2 7 0 2 7 0 2 7 1 2 7 0 2 7 0 2 7 1 2 3 1 2 7 0 2 7 0 2 7 0 2 7 1 2 11 16 6 2 1 2 7 16 19 11 1 2 7 0 2 3 12 16 2 13 6 3 8 9 2 0 2 3 12 16 2 1 2 7 1 2 7 0 2 7 16 31 2 5 31 3 5 30 3 0 61.7744044065475464
0 2 7 1 2 4 0 2 11 5 30 3 0 2 7 1 2 11 0 2 4 0 2 4 17 9 2 0 2 11 5 30 3 6 2 4 0 2 7 0 2 7 0 2 7 13 6 3 0 2 7 0 2 4 15 2 11 0 2 11 1 2 7 17 18 2 0 2 7 0 2 7 1 2 7 0 2 7 0 2 7 0 2 7 0 2 7 0 2 7 1 2 11 0 2 7 0 2 7 12 16 2 5 30 3 1 2 7 1 2 11 1 2 7 1 2 7 0 2 7 0 2 7 6 2 7 1 2 7 0 2 7 16 19 11 17 18 2 0 2 7 17 9 2 0 2 7 12 16 2 0 2 4 1 2 7 1 2 7 0 2 7 5 31 3 16 9 11 5 30 3 17 18 2 5 31 3 5 30 3 0 62.168740451335907
0 2 7 0 2 7 0 2 7 0 2 7 0 2 7 0 2 7 17 9 2 5 30 3 5 31 3 0 2 3 0 2 7 0 2 7 12 16 2 0 2 7 0 2 7 0 2 7 12 16 2 12 16 2 5 30 3 5 30 3 0 2 7 0 2 7 0 2 7 1 2 7 1 2 7 12 16 2 8 18 2 1 2 7 13 6 3 5 30 3 5 30 3 8 18 2 0 2 7 0 2 7 16 19 11 16 19 11 0 2 7 0 2 7 1 2 7 0 2 7 1 2 3 0 2 7 0 2 7 17 18 2 8 9 2 0 2 3 0 2 7 0 2 7 0 2 7 0 2 7 0 2 7 5 30 3 16 6 2 1 2 7 16 6 2 1 2 7 1 2 7 5 30 3 16 19 11 1 2 7 0 62.7058979272842407

Current Evaluation = 9900(9900)
Front Size = 10
1 2 7 0 2 4 1 2 4 1 2 7 5 31 3 0 2 7 0 2 7 0 2 7 1 2 4 17 9 2 0 2 7 17 9 2 5 31 3 0 2 4 1 2 7 0 2 4 0 2 4 13 6 3 0 2 7 1 2 7 12 16 2 0 2 7 0 2 4 17 18 2 0 2 7 1 2 7 0 2 7 0 2 7 1 2 7 1 2 7 1 2 7 0 2 7 0 2 7 1 2 7 0 2 7 17 18 2 1 2 7 12 16 2 0 2 4 5 31 3 16 30 2 17 9 2 5 31 3 1 2 7 0 2 4 1 2 4 0 2 7 1 2 7 0 2 7 0 2 7 1 2 4 0 2 7 0 2 7 0 2 7 1 2 7 1 2 7 0 2 7 1 2 7 17 9 2 1 2 7 0 60.1749738454818726
1 2 7 0 2 7 6 2 7 0 2 7 5 31 3 0 2 3 6 2 7 1 2 7 0 2 7 1 2 7 6 2 4 1 2 4 17 9 2 0 2 7 17 9 2 5 30 3 1 2 7 0 2 7 0 2 7 0 2 7 13 6 3 0 2 7 1 2 7 12 16 2 1 2 7 6 2 7 0 2 7 17 18 2 0 2 7 1 2 7 0 2 7 0 2 7 0 2 7 0 2 7 0 2 7 0 2 7 0 2 11 0 2 7 1 2 4 0 2 7 17 18 2 0 2 7 12 16 2 5 30 3 1 2 4 0 2 7 0 2 7 5 30 3 0 2 7 0 2 7 1 2 4 5 31 3 0 2 7 16 15 2 16 31 2 1 2 4 17 9 2 5 31 3 1 2 7 0 2 7 0 60.9116367101669312
0 2 4 1 2 4 5 30 3 0 2 7 17 18 2 0 2 3 17 9 2 5 30 3 1 2 7 0 2 7 0 2 7 13 6 3 0 2 7 0 2 3 1 2 7 17 18 2 0 2 7 0 2 7 1 2 7 0 2 7 1 2 11 0 2 7 0 2 7 0 2 1 0 2 11 0 2 3 12 16 2 5 31 3 0 2 7 1 2 7 0 2 7 0 2 7 0 2 7 0 2 7 1 2 7 0 2 7 17 18 2 0 2 7 17 9 2 12 16 2 0 2 7 6 2 7 1 2 7 5 31 3 17 18 2 5 30 3 0 2 7 1 2 7 0 2 4 1 2 7 1 2 7 13 6 3 1 2 7 6 2 3 1 2 7 16 24 2 0 2 7 1 2 7 1 2 4 1 2 3 0 61.0079696774482727
5 31 3 0 2 3 5 30 3 16 6 2 0 2 7 5 30 3 5 30 3 5 30 3 12 16 2 5 30 3 12 16 2 12 16 2 0 2 3 0 2 7 0 2 3 0 2 7 5 30 3 8 18 2 16 18 11 6 2 3 16 19 11 0 2 7 0 2 3 0 2 7 0 2 3 0 2 3 0 2 3 0 2 7 0 2 7 0 2 3 0 2 7 0 2 7 0 2 7 16 6 2 0 2 7 0 2 7 0 2 3 0 2 7 1 2 3 0 2 7 0 2 3 0 2 7 0 2 3 0 2 3 16 19 11 1 2 7 1 2 7 0 2 7 6 2 3 1 2 3 0 2 7 0 2 3 1 2 7 1 2 3 16 19 11 1 2 7 16 19 11 0 2 3 5 30 3 0 2 3 0 64.6958561539649963
5 30 3 5 31 3 5 30 3 0 2 7 12 16 2 12 16 2 12 16 2 0 2 7 0 2 7 0 2 7 1 2 7 1 2 7 0 2 7 1 2 7 0 2 7 1 2 7 0 2 7 0 2 7 12 16 2 0 2 7 0 2 7 0 2 7 1 2 4 1 2 7 12 16 2 5 30 3 0 2 7 0 2 7 5 31 3 16 19 11 16 19 11 5 30 3 16 19 11 0 2 7 17 9 2 0 2 7 16 6 2 8 9 2 0 2 10 0 2 7 0 2 7 0 2 7 0 2 7 12 16 2 0 2 7 0 2 7 0 2 4 0 2 7 8 9 2 16 6 2 1 2 7 8 9 2 8 9 2 5 30 3 0 2 7 0 2 7 0 2 7 16 6 2 0 2 7 1 2 7 0 62.9073349237442017
0 2 7 1 2 7 5 30 3 0 2 4 0 2 7 5 31 3 1 2 7 0 2 7 0 2 7 12 16 2 1 2 7 1 2 7 0 2 7 0 2 7 0 2 7 1 2 7 0 2 4 1 2 7 8 9 2 0 2 3 1 2 7 0 2 7 0 2 7 1 2 7 0 2 7 1 2 7 5 30 3 0 2 7 1 2 7 0 2 7 0 2 7 0 2 7 0 2 7 0 2 7 0 2 7 1 2 7 17 18 2 5 30 3 0 2 7 5 30 3 17 9 2 5 30 3 0 2 7 1 2 7 0 2 7 17 9 2 0 2 7 17 9 2 13 6 3 17 9 2 0 2 7 13 6 3 12 16 2 1 2 7 0 2 7 17 1 2 1 2 7 12 16 2 0 2 7 16 19 11 0 61.0565252304077148
0 2 7 0 2 4 5 30 3 0 2 7 0 2 3 1 2 7 5 31 3 0 2 7 1 2 7 1 2 7 12 16 2 0 2 4 12 16 2 0 2 7 1 2 4 0 2 7 0 2 3 0 2 7 12 16 2 1 2 4 1 2 7 0 2 7 0 2 4 0 2 3 0 2 4 1 2 7 1 2 7 0 2 4 0 2 7 1 2 7 0 2 7 0 2 4 0 2 7 1 2 7 0 2 7 1 2 7 1 2 4 1 2 4 17 9 2 1 2 7 5 31 3 1 2 7 0 2 4 0 2 3 17 9 2 0 2 4 0 2 3 1 2 7 13 6 3 17 18 2 16 9 11 5 31 3 12 16 2 17 18 2 17 9 2 1 2 7 0 2 4 0 2 10 16 6 2 1 2 7 0 61.1281977295875549
1 2 7 0 2 7 1 2 7 1 2 4 5 30 3 0 2 7 0 2 7 1 2 4 17 9 2 17 18 2 17 9 2 5 30 3 0 2 7 0 2 7 1 2 4 12 16 2 12 16 2 1 2 7 17 18 2 0 2 4 1 2 3 0 2 3 0 2 7 0 2 4 0 2 7 16 19 11 0 2 7 1 2 7 1 2 4 0 2 4 1 2 7 12 16 2 5 31 3 1 2 7 0 2 7 0 2 7 0 2 7 0 2 7 1 2 7 0 2 4 0 2 7 1 2 7 0 2 7 0 2 7 13 6 3 0 2 4 0 2 7 0 2 7 0 2 7 8 9 2 5 31 3 17 18 2 1 2 4 0 2 7 1 2 7 0 2 7 5 30 3 0 2 7 16 19 11 1 2 4 0 61.4116034507751465
5 30 3 5 30 3 16 30 2 5 30 3 0 2 7 17 9 2 12 16 2 12 16 2 12 16 2 0 2 7 0 2 7 17 9 2 0 2 3 16 9 11 0 2 11 0 2 11 1 2 7 0 2 7 0 2 7 5 31 3 1 2 7 8 18 2 8 9 2 0 2 7 1 2 7 0 2 3 0 2 7 0 2 7 0 2 7 0 2 1 0 2 7 0 2 7 1 2 4 0 2 7 0 2 7 1 2 7 0 2 7 1 2 7 0 2 7 1 2 4 6 2 3 0 2 3 5 31 3 1 2 3 0 2 3 16 20 12 5 30 3 0 2 7 0 2 3 0 2 7 1 2 7 5 30 3 0 2 7 12 16 2 1 2 7 1 2 4 17 9 2 16 32 2 0 2 11 1 2 7 0 62.9425697922706604
1 2 7 0 2 3 0 2 4 5 31 3 0 2 7 0 2 7 0 2 7 17 9 2 0 2 7 17 9 2 5 31 3 0 2 7 1 2 7 1 2 3 1 2 3 12 16 2 0 2 7 0 2 7 1 2 7 0 2 7 0 2 7 1 2 4 0 2 3 1 2 7 0 2 7 0 2 7 1 2 3 0 2 7 1 2 7 12 16 2 17 9 2 1 2 7 6 2 7 0 2 7 0 2 7 0 2 7 0 2 11 0 2 7 0 2 3 0 2 3 0 2 7 0 2 7 13 6 3 0 2 7 5 30 3 17 9 2 0 2 11 0 2 4 5 30 3 5 30 3 16 19 11 16 6 2 1 2 4 8 18 2 0 2 4 1 2 7 1 2 7 16 6 2 5 30 3 1 2 7 0 61.750852644443512

Current Evaluation = 10800(10800)
Front Size = 10
1 2 7 0 2 4 1 2 4 1 2 7 5 31 3 0 2 7 0 2 7 0 2 7 1 2 4 17 9 2 0 2 7 17 9 2 5 31 3 0 2 4 1 2 7 0 2 4 0 2 4 13 6 3 0 2 7 1 2 7 12 16 2 0 2 7 0 2 4 17 18 2 0 2 7 1 2 7 0 2 7 0 2 7 1 2 7 1 2 7 1 2 7 0 2 7 0 2 7 1 2 7 0 2 7 17 18 2 1 2 7 12 16 2 0 2 4 5 31 3 16 30 2 17 9 2 5 31 3 1 2 7 0 2 4 1 2 4 0 2 7 1 2 7 0 2 7 0 2 7 1 2 4 0 2 7 0 2 7 0 2 7 1 2 7 1 2 7 0 2 7 1 2 7 17 9 2 1 2 7 0 60.1749738454818726
5 30 3 5 31 3 5 30 3 0 2 7 12 16 2 12 16 2 12 16 2 0 2 7 0 2 7 0 2 7 1 2 7 1 2 7 0 2 7 1 2 7 0 2 7 1 2 7 0 2 7 0 2 7 12 16 2 0 2 7 0 2 7 0 2 7 1 2 4 1 2 7 12 16 2 5 30 3 0 2 7 0 2 7 5 31 3 16 19 11 16 19 11 5 30 3 16 19 11 0 2 7 17 9 2 0 2 7 16 6 2 8 9 2 0 2 10 0 2 7 0 2 7 0 2 7 0 2 7 12 16 2 0 2 7 0 2 7 0 2 4 0 2 7 8 9 2 16 6 2 1 2 7 8 9 2 8 9 2 5 30 3 0 2 7 0 2 7 0 2 7 16 6 2 0 2 7 1 2 7 0 62.9073349237442017
5 30 3 5 30 3 16 30 2 5 30 3 0 2 7 17 9 2 12 16 2 12 16 2 12 16 2 0 2 7 0 2 7 17 9 2 0 2 3 16 9 11 0 2 11 0 2 11 1 2 7 0 2 7 0 2 7 5 31 3 1 2 7 8 18 2 8 9 2 0 2 7 1 2 7 0 2 3 0 2 7 0 2 7 0 2 7 0 2 1 0 2 7 0 2 7 1 2 4 0 2 7 0 2 7 1 2 7 0 2 7 1 2 7 0 2 7 1 2 4 6 2 3 0 2 3 5 31 3 1 2 3 0 2 3 16 20 12 5 30 3 0 2 7 0 2 3 0 2 7 1 2 7 5 30 3 0 2 7 12 16 2 1 2 7 1 2 4 17 9 2 16 32 2 0 2 11 1 2 7 0 62.9425697922706604
0 2 7 0 2 7 0 2 7 0 2 7 1 2 7 12 16 2 12 16 2 1 2 7 0 2 7 0 2 7 1 2 7 0 2 7 0 2 7 0 2 7 0 2 7 0 2 7 1 2 11 17 1 2 17 18 2 17 18 2 1 2 4 0 2 7 0 2 7 0 2 7 0 2 7 1 2 4 0 2 7 17 9 2 0 2 7 0 2 3 0 2 4 6 2 7 0 2 4 1 2 7 1 2 7 1 2 7 0 2 7 13 6 3 17 9 2 1 2 7 5 30 3 1 2 7 17 18 2 5 30 3 13 6 3 5 30 3 0 2 7 12 16 2 1 2 7 5 31 3 1 2 7 0 2 4 5 30 3 0 2 7 13 6 3 17 18 2 0 2 7 0 2 7 12 16 2 5 30 3 0 60.6427132487297058
5 31 3 0 2 3 5 30 3 16 6 2 0 2 7 5 30 3 5 30 3 5 30 3 12 16 2 5 30 3 12 16 2 12 16 2 0 2 3 0 2 7 0 2 3 0 2 7 5 30 3 8 18 2 16 18 11 6 2 3 16 19 11 0 2 7 0 2 3 0 2 7 0 2 3 0 2 3 0 2 3 0 2 7 0 2 7 0 2 3 0 2 7 0 2 7 0 2 7 16 6 2 0 2 7 0 2 7 0 2 3 0 2 7 1 2 3 0 2 7 0 2 3 0 2 7 0 2 3 0 2 3 16 19 11 1 2 7 1 2 7 0 2 7 6 2 3 1 2 3 0 2 7 0 2 3 1 2 7 1 2 3 16 19 11 1 2 7 16 19 11 0 2 3 5 30 3 0 2 3 0 64.6958561539649963
0 2 7 5 30 3 0 2 7 17 18 2 17 9 2 5 30 3 1 2 7 0 2 7 0 2 7 13 6 3 0 2 7 0 2 7 17 18 2 0 2 7 1 2 7 1 2 7 0 2 3 0 2 7 12 16 2 5 30 3 0 2 7 0 2 7 0 2 7 0 2 7 0 2 7 0 2 7 1 2 7 0 2 7 0 2 7 17 9 2 0 2 7 1 2 3 5 31 3 5 31 3 0 2 7 0 2 7 0 2 7 0 2 7 1 2 4 1 2 7 1 2 7 0 2 7 0 2 7 0 2 7 5 31 3 1 2 7 0 2 7 1 2 7 1 2 7 0 2 7 1 2 7 13 6 3 16 30 2 1 2 7 16 6 2 1 2 7 17 18 2 1 2 7 1 2 7 1 2 7 0 60.3538565635681152
5 30 3 5 31 3 5 30 3 0 2 7 12 16 2 12 16 2 0 2 7 0 2 7 0 2 7 1 2 7 1 2 4 0 2 7 1 2 7 0 2 7 0 2 7 0 2 7 0 2 4 0 2 7 0 2 4 0 2 4 1 2 7 1 2 4 0 2 4 0 2 7 0 2 7 5 31 3 0 2 4 8 9 2 0 2 7 1 2 7 0 2 7 1 2 7 0 2 7 1 2 7 1 2 7 12 16 2 12 16 2 13 6 3 17 9 2 0 2 7 1 2 7 13 6 3 16 6 2 12 16 2 1 2 4 0 2 7 12 16 2 17 18 2 17 9 2 1 2 7 1 2 7 16 6 2 0 2 7 0 2 4 5 31 3 0 2 7 0 2 7 17 18 2 16 6 2 0 2 7 0 60.7092503309249878
5 31 3 0 2 3 0 2 7 5 31 3 12 16 2 1 2 3 0 2 7 0 2 7 12 16 2 13 6 3 1 2 7 0 2 7 0 2 7 1 2 7 0 2 7 8 18 2 1 2 7 0 2 7 0 2 7 0 2 7 0 2 4 1 2 7 0 2 7 1 2 7 16 15 2 17 9 2 5 30 3 17 9 2 5 30 3 17 9 2 0 2 7 1 2 7 0 2 7 12 16 2 6 2 7 0 2 7 0 2 7 0 2 7 0 2 7 12 16 2 5 30 3 0 2 3 0 2 7 0 2 7 0 2 7 13 6 3 5 30 3 12 16 2 6 2 3 0 2 3 0 2 7 1 2 7 0 2 7 16 6 2 0 2 7 1 2 3 0 2 7 16 30 2 1 2 7 16 19 11 0 61.7043762803077698
0 2 7 0 2 4 5 30 3 0 2 7 0 2 3 1 2 7 5 31 3 0 2 7 1 2 7 1 2 7 12 16 2 0 2 4 12 16 2 0 2 7 1 2 4 0 2 7 0 2 3 0 2 7 12 16 2 1 2 4 1 2 7 0 2 7 0 2 4 0 2 3 0 2 4 1 2 7 1 2 7 0 2 4 0 2 7 1 2 7 0 2 7 0 2 4 0 2 7 1 2 7 0 2 7 1 2 7 1 2 4 1 2 4 17 9 2 1 2 7 5 31 3 1 2 7 0 2 4 0 2 3 17 9 2 0 2 4 0 2 3 1 2 7 13 6 3 17 18 2 16 9 11 5 31 3 12 16 2 17 18 2 17 9 2 1 2 7 0 2 4 0 2 10 16 6 2 1 2 7 0 61.1281977295875549
5 30 3 5 30 3 5 30 3 1 2 7 12 16 2 12 16 2 0 2 10 0 2 7 0 2 7 1 2 7 1 2 4 0 2 4 0 2 7 0 2 7 1 2 7 0 2 7 0 2 7 0 2 7 0 2 7 0 2 10 1 2 7 1 2 7 5 31 3 0 2 11 0 2 7 5 30 3 0 2 7 17 9 2 0 2 7 5 31 3 1 2 7 0 2 3 0 2 7 0 2 4 0 2 4 1 2 7 1 2 7 12 16 2 16 19 11 16 9 11 5 30 3 16 19 11 0 2 7 0 2 7 1 2 3 1 2 7 0 2 7 1 2 7 0 2 10 0 2 7 8 9 2 0 2 7 17 9 2 8 9 2 0 2 7 0 2 7 0 2 7 0 2 7 17 18 2 16 6 2 0 62.7557763457298279

Current Evaluation = 11700(11700)
Front Size = 10
1 2 7 5 31 3 0 2 7 0 2 7 17 9 2 0 2 7 0 2 4 1 2 7 1 2 7 0 2 7 0 2 7 1 2 7 0 2 7 12 16 2 12 16 2 1 2 7 1 2 7 1 2 7 0 2 7 0 2 7 1 2 7 1 2 7 0 2 7 17 9 2 1 2 4 13 6 3 0 2 4 0 2 7 1 2 7 0 2 7 0 2 7 0 2 7 5 31 3 0 2 7 1 2 7 1 2 7 13 6 3 0 2 7 0 2 7 17 18 2 0 2 7 5 31 3 0 2 7 1 2 7 1 2 7 0 2 7 0 2 7 17 18 2 17 9 2 17 18 2 1 2 7 12 16 2 12 16 2 0 2 7 13 6 3 16 6 2 1 2 7 1 2 7 0 2 7 1 2 7 0 59.7211945056915283
0 2 7 0 2 7 0 2 7 0 2 7 1 2 7 12 16 2 12 16 2 1 2 11 0 2 7 0 2 7 1 2 7 0 2 7 0 2 11 0 2 7 0 2 4 0 2 4 1 2 7 17 18 2 17 18 2 17 18 2 1 2 7 6 2 7 0 2 7 0 2 4 0 2 7 1 2 4 0 2 7 17 9 2 0 2 7 1 2 7 0 2 4 1 2 7 0 2 7 1 2 7 1 2 7 1 2 7 1 2 4 13 6 3 17 9 2 0 2 7 5 31 3 0 2 4 17 18 2 5 30 3 13 6 3 5 30 3 0 2 7 12 16 2 1 2 4 5 31 3 1 2 7 0 2 7 5 30 3 0 2 7 13 6 3 17 18 2 0 2 4 0 2 7 1 2 7 5 30 3 0 60.5159865021705627
0 2 7 0 2 4 5 30 3 0 2 7 0 2 3 1 2 7 5 31 3 0 2 7 1 2 7 1 2 7 12 16 2 0 2 4 12 16 2 0 2 7 1 2 4 0 2 7 0 2 3 0 2 7 12 16 2 1 2 4 1 2 7 0 2 7 0 2 4 0 2 3 0 2 4 1 2 7 1 2 7 0 2 4 0 2 7 1 2 7 0 2 7 0 2 4 0 2 7 1 2 7 0 2 7 1 2 7 1 2 4 1 2 4 17 9 2 1 2 7 5 31 3 1 2 7 0 2 4 0 2 3 17 9 2 0 2 4 0 2 3 1 2 7 13 6 3 17 18 2 16 9 11 5 31 3 12 16 2 17 18 2 17 9 2 1 2 7 0 2 4 0 2 10 16 6 2 1 2 7 0 61.1281977295875549
0 2 7 0 2 7 0 2 7 1 2 7 1 2 7 12 16 2 12 16 2 0 2 7 0 2 7 1 2 7 0 2 7 0 2 7 0 2 7 0 2 4 1 2 7 17 18 2 17 18 2 17 18 2 1 2 7 0 2 7 0 2 7 1 2 4 0 2 3 17 9 2 0 2 7 1 2 7 1 2 7 0 2 7 1 2 7 1 2 4 1 2 7 13 6 3 17 9 2 0 2 7 5 31 3 13 6 3 0 2 7 12 16 2 5 31 3 1 2 7 0 2 7 0 2 7 13 6 3 0 2 7 1 2 7 1 2 7 0 2 7 0 2 7 16 30 2 0 2 4 1 2 3 0 2 4 17 18 2 1 2 7 5 30 3 1 2 4 5 30 3 0 2 7 12 16 2 1 2 7 0 59.9867335557937622
5 30 3 0 2 7 0 2 7 12 16 2 0 2 7 0 2 7 1 2 3 0 2 7 0 2 7 0 2 7 1 2 7 0 2 7 0 2 7 5 30 3 0 2 7 0 2 7 1 2 7 17 9 2 17 9 2 1 2 7 0 2 7 1 2 7 0 2 7 0 2 3 1 2 8 0 2 11 1 2 7 12 16 2 1 2 7 1 2 7 13 6 3 17 1 2 0 2 7 16 6 2 16 9 11 1 2 7 17 18 2 5 30 3 1 2 8 8 9 2 0 2 7 0 2 11 1 2 7 1 2 3 0 2 7 5 30 3 17 18 2 5 30 3 8 18 2 1 2 11 0 2 7 0 2 7 0 2 4 0 2 7 5 31 3 0 2 7 0 2 7 0 2 7 12 16 2 0 2 7 0 62.0007453560829163
0 2 11 0 2 11 0 2 7 1 2 3 0 2 7 12 16 2 12 16 2 1 2 7 0 2 7 1 2 8 1 2 7 1 2 7 1 2 7 0 2 11 0 2 4 1 2 11 17 18 2 17 18 2 0 2 7 0 2 4 0 2 7 0 2 4 17 9 2 8 9 2 0 2 4 1 2 7 0 2 7 0 2 7 1 2 7 1 2 11 13 6 3 17 9 2 1 2 7 5 30 3 5 30 3 5 30 3 0 2 11 12 16 2 0 2 7 5 30 3 0 2 4 0 2 7 5 30 3 0 2 11 1 2 7 0 2 3 0 2 3 1 2 11 0 2 7 16 6 2 1 2 3 17 18 2 0 2 7 0 2 7 17 18 2 0 2 4 13 6 3 8 9 2 1 2 7 1 2 4 0 61.6051986217498779
1 2 7 0 2 4 1 2 4 1 2 7 5 31 3 0 2 7 0 2 7 0 2 7 1 2 4 17 9 2 0 2 7 17 9 2 5 31 3 0 2 4 1 2 7 0 2 4 0 2 4 13 6 3 0 2 7 1 2 7 12 16 2 0 2 7 0 2 4 17 18 2 0 2 7 1 2 7 0 2 7 0 2 7 1 2 7 1 2 7 1 2 7 0 2 7 0 2 7 1 2 7 0 2 7 17 18 2 1 2 7 12 16 2 0 2 4 5 31 3 16 30 2 17 9 2 5 31 3 1 2 7 0 2 4 1 2 4 0 2 7 1 2 7 0 2 7 0 2 7 1 2 4 0 2 7 0 2 7 0 2 7 1 2 7 1 2 7 0 2 7 1 2 7 17 9 2 1 2 7 0 60.1749738454818726
5 30 3 5 31 3 5 30 3 0 2 7 12 16 2 12 16 2 0 2 7 0 2 7 0 2 7 1 2 7 1 2 4 0 2 7 1 2 7 0 2 7 0 2 7 0 2 7 0 2 4 0 2 7 0 2 4 0 2 4 1 2 7 1 2 4 0 2 4 0 2 7 0 2 7 5 31 3 0 2 4 8 9 2 0 2 7 1 2 7 0 2 7 1 2 7 0 2 7 1 2 7 1 2 7 12 16 2 12 16 2 13 6 3 17 9 2 0 2 7 1 2 7 13 6 3 16 6 2 12 16 2 1 2 4 0 2 7 12 16 2 17 18 2 17 9 2 1 2 7 1 2 7 16 6 2 0 2 7 0 2 4 5 31 3 0 2 7 0 2 7 17 18 2 16 6 2 0 2 7 0 60.7092503309249878
5 31 3 0 2 3 5 30 3 16 6 2 0 2 7 5 30 3 5 30 3 5 30 3 12 16 2 5 30 3 12 16 2 12 16 2 0 2 3 0 2 7 0 2 3 0 2 7 5 30 3 8 18 2 16 18 11 6 2 3 16 19 11 0 2 7 0 2 3 0 2 7 0 2 3 0 2 3 0 2 3 0 2 7 0 2 7 0 2 3 0 2 7 0 2 7 0 2 7 16 6 2 0 2 7 0 2 7 0 2 3 0 2 7 1 2 3 0 2 7 0 2 3 0 2 7 0 2 3 0 2 3 16 19 11 1 2 7 1 2 7 0 2 7 6 2 3 1 2 3 0 2 7 0 2 3 1 2 7 1 2 3 16 19 11 1 2 7 16 19 11 0 2 3 5 30 3 0 2 3 0 64.6958561539649963
0 2 7 1 2 7 0 2 7 0 2 7 1 2 7 0 2 7 5 30 3 0 2 7 1 2 11 0 2 4 1 2 7 0 2 7 0 2 7 13 6 3 1 2 4 16 6 2 17 9 2 17 9 2 5 30 3 0 2 7 0 2 7 0 2 3 0 2 4 5 31 3 0 2 7 1 2 7 0 2 7 17 9 2 12 16 2 0 2 4 1 2 7 0 2 7 0 2 10 0 2 7 12 16 2 0 2 7 5 30 3 1 2 7 1 2 7 17 18 2 0 2 4 1 2 7 0 2 7 5 30 3 0 2 4 0 2 4 17 18 2 1 2 7 1 2 7 5 30 3 0 2 7 1 2 3 0 2 7 1 2 7 1 2 4 0 2 7 17 9 2 13 6 3 8 9 2 1 2 3 0 60.7776694297790527

Current Evaluation = 12600(12600)
Front Size = 10
1 2 7 5 31 3 0 2 7 0 2 7 17 9 2 0 2 7 0 2 4 1 2 7 1 2 7 0 2 7 0 2 7 1 2 7 0 2 7 12 16 2 12 16 2 1 2 7 1 2 7 1 2 7 0 2 7 0 2 7 1 2 7 1 2 7 0 2 7 17 9 2 1 2 4 13 6 3 0 2 4 0 2 7 1 2 7 0 2 7 0 2 7 0 2 7 5 31 3 0 2 7 1 2 7 1 2 7 13 6 3 0 2 7 0 2 7 17 18 2 0 2 7 5 31 3 0 2 7 1 2 7 1 2 7 0 2 7 0 2 7 17 18 2 17 9 2 17 18 2 1 2 7 12 16 2 12 16 2 0 2 7 13 6 3 16 6 2 1 2 7 1 2 7 0 2 7 1 2 7 0 59.7211945056915283
0 2 11 0 2 11 0 2 7 1 2 3 0 2 7 12 16 2 12 16 2 1 2 7 0 2 7 1 2 8 1 2 7 1 2 7 1 2 7 0 2 11 0 2 4 1 2 11 17 18 2 17 18 2 0 2 7 0 2 4 0 2 7 0 2 4 17 9 2 8 9 2 0 2 4 1 2 7 0 2 7 0 2 7 1 2 7 1 2 11 13 6 3 17 9 2 1 2 7 5 30 3 5 30 3 5 30 3 0 2 11 12 16 2 0 2 7 5 30 3 0 2 4 0 2 7 5 30 3 0 2 11 1 2 7 0 2 3 0 2 3 1 2 11 0 2 7 16 6 2 1 2 3 17 18 2 0 2 7 0 2 7 17 18 2 0 2 4 13 6 3 8 9 2 1 2 7 1 2 4 0 61.6051986217498779
0 2 7 0 2 7 0 2 7 1 2 7 1 2 7 12 16 2 12 16 2 0 2 7 0 2 7 1 2 7 0 2 7 0 2 7 0 2 7 0 2 4 1 2 7 17 18 2 17 18 2 17 18 2 1 2 7 0 2 7 0 2 7 1 2 4 0 2 3 17 9 2 0 2 7 1 2 7 1 2 7 0 2 7 1 2 7 1 2 4 1 2 7 13 6 3 17 9 2 0 2 7 5 31 3 13 6 3 0 2 7 12 16 2 5 31 3 1 2 7 0 2 7 0 2 7 13 6 3 0 2 7 1 2 7 1 2 7 0 2 7 0 2 7 16 30 2 0 2 4 1 2 3 0 2 4 17 18 2 1 2 7 5 30 3 1 2 4 5 30 3 0 2 7 12 16 2 1 2 7 0 59.9867335557937622
5 31 3 0 2 3 5 30 3 16 6 2 0 2 7 5 30 3 5 30 3 5 30 3 12 16 2 5 30 3 12 16 2 12 16 2 0 2 3 0 2 7 0 2 3 0 2 7 5 30 3 8 18 2 16 18 11 6 2 3 16 19 11 0 2 7 0 2 3 0 2 7 0 2 3 0 2 3 0 2 3 0 2 7 0 2 7 0 2 3 0 2 7 0 2 7 0 2 7 16 6 2 0 2 7 0 2 7 0 2 3 0 2 7 1 2 3 0 2 7 0 2 3 0 2 7 0 2 3 0 2 3 16 19 11 1 2 7 1 2 7 0 2 7 6 2 3 1 2 3 0 2 7 0 2 3 1 2 7 1 2 3 16 19 11 1 2 7 16 19 11 0 2 3 5 30 3 0 2 3 0 64.6958561539649963
5 30 3 5 30 3 5 30 3 0 2 7 12 16 2 12 16 2 0 2 7 0 2 7 1 2 7 0 2 7 0 2 4 1 2 7 0 2 7 0 2 7 0 2 7 0 2 7 0 2 7 0 2 7 0 2 7 0 2 7 1 2 4 0 2 7 16 30 2 12 16 2 0 2 7 16 6 2 0 2 11 16 6 2 0 2 7 0 2 3 16 19 11 0 2 7 0 2 3 5 30 3 5 31 3 1 2 7 5 31 3 16 19 11 6 2 7 1 2 7 1 2 7 0 2 3 13 6 3 17 9 2 1 2 3 8 18 2 12 16 2 0 2 7 12 16 2 1 2 7 17 9 2 1 2 7 0 2 3 0 2 7 1 2 3 0 2 7 0 2 7 8 18 2 0 2 7 1 2 3 0 62.3424463868141174
1 2 7 0 2 4 1 2 4 1 2 7 5 31 3 0 2 7 0 2 7 0 2 7 1 2 4 17 9 2 0 2 7 17 9 2 5 31 3 0 2 4 1 2 7 0 2 4 0 2 4 13 6 3 0 2 7 1 2 7 12 16 2 0 2 7 0 2 4 17 18 2 0 2 7 1 2 7 0 2 7 0 2 7 1 2 7 1 2 7 1 2 7 0 2 7 0 2 7 1 2 7 0 2 7 17 18 2 1 2 7 12 16 2 0 2 4 5 31 3 16 30 2 17 9 2 5 31 3 1 2 7 0 2 4 1 2 4 0 2 7 1 2 7 0 2 7 0 2 7 1 2 4 0 2 7 0 2 7 0 2 7 1 2 7 1 2 7 0 2 7 1 2 7 17 9 2 1 2 7 0 60.1749738454818726
0 2 4 0 2 7 0 2 7 1 2 7 1 2 7 12 16 2 12 16 2 1 2 7 0 2 7 0 2 7 1 2 4 0 2 7 0 2 3 0 2 7 0 2 4 0 2 7 1 2 7 17 18 2 17 18 2 17 18 2 1 2 4 1 2 3 0 2 4 0 2 7 1 2 7 1 2 7 0 2 4 17 9 2 0 2 4 0 2 7 1 2 7 0 2 7 1 2 7 1 2 7 0 2 7 1 2 3 1 2 7 13 6 3 17 9 2 0 2 4 5 31 3 1 2 7 17 18 2 5 30 3 13 6 3 5 30 3 0 2 7 12 16 2 0 2 4 5 30 3 0 2 4 0 2 7 1 2 7 0 2 7 13 6 3 17 18 2 0 2 4 0 2 7 1 2 7 5 30 3 0 60.239019513130188
0 2 7 0 2 4 5 30 3 0 2 7 0 2 3 1 2 7 5 31 3 0 2 7 1 2 7 1 2 7 12 16 2 0 2 4 12 16 2 0 2 7 1 2 4 0 2 7 0 2 3 0 2 7 12 16 2 1 2 4 1 2 7 0 2 7 0 2 4 0 2 3 0 2 4 1 2 7 1 2 7 0 2 4 0 2 7 1 2 7 0 2 7 0 2 4 0 2 7 1 2 7 0 2 7 1 2 7 1 2 4 1 2 4 17 9 2 1 2 7 5 31 3 1 2 7 0 2 4 0 2 3 17 9 2 0 2 4 0 2 3 1 2 7 13 6 3 17 18 2 16 9 11 5 31 3 12 16 2 17 18 2 17 9 2 1 2 7 0 2 4 0 2 10 16 6 2 1 2 7 0 61.1281977295875549
0 2 7 0 2 7 1 2 7 0 2 11 1 2 7 1 2 4 17 18 2 0 2 7 0 2 7 0 2 7 0 2 11 0 2 7 13 6 3 1 2 7 12 16 2 17 18 2 0 2 7 1 2 7 0 2 7 0 2 7 0 2 7 1 2 7 0 2 4 1 2 8 0 2 7 0 2 7 12 16 2 17 9 2 5 31 3 17 9 2 0 2 7 0 2 7 5 30 3 1 2 11 0 2 4 0 2 7 0 2 7 12 16 2 1 2 7 0 2 4 0 2 7 13 6 3 16 6 2 1 2 4 1 2 7 17 18 2 1 2 7 8 18 2 1 2 7 8 18 2 5 30 3 0 2 7 5 30 3 1 2 8 17 9 2 1 2 1 0 2 7 1 2 7 5 30 3 0 2 11 0 61.2962775230407715
0 2 11 0 2 7 12 16 2 12 16 2 1 2 3 0 2 7 1 2 7 1 2 4 1 2 7 1 2 7 17 18 2 17 18 2 1 2 8 0 2 7 0 2 4 0 2 7 1 2 7 0 2 4 0 2 7 1 2 7 13 6 3 17 9 2 5 31 3 12 16 2 0 2 3 0 2 4 1 2 7 0 2 7 17 9 2 17 18 2 0 2 4 0 2 7 13 6 3 0 2 7 1 2 3 5 31 3 0 2 7 0 2 12 0 2 4 0 2 7 1 2 4 0 2 11 1 2 7 0 2 7 1 2 3 16 9 11 0 2 7 1 2 7 0 2 7 5 30 3 1 2 3 5 30 3 1 2 11 0 2 7 0 2 7 1 2 7 1 2 4 17 18 2 0 2 7 0 2 7 0 61.3337207436561584

Current Evaluation = 13500(13500)
Front Size = 10
1 2 7 5 31 3 0 2 7 0 2 7 17 9 2 0 2 7 0 2 4 1 2 7 1 2 7 0 2 7 0 2 7 1 2 7 0 2 7 12 16 2 12 16 2 1 2 7 1 2 7 1 2 7 0 2 7 0 2 7 1 2 7 1 2 7 0 2 7 17 9 2 1 2 4 13 6 3 0 2 4 0 2 7 1 2 7 0 2 7 0 2 7 0 2 7 5 31 3 0 2 7 1 2 7 1 2 7 13 6 3 0 2 7 0 2 7 17 18 2 0 2 7 5 31 3 0 2 7 1 2 7 1 2 7 0 2 7 0 2 7 17 18 2 17 9 2 17 18 2 1 2 7 12 16 2 12 16 2 0 2 7 13 6 3 16 6 2 1 2 7 1 2 7 0 2 7 1 2 7 0 59.7211945056915283
0 2 11 0 2 11 0 2 7 1 2 3 0 2 7 12 16 2 12 16 2 1 2 7 0 2 7 1 2 8 1 2 7 1 2 7 1 2 7 0 2 11 0 2 4 1 2 11 17 18 2 17 18 2 0 2 7 0 2 4 0 2 7 0 2 4 17 9 2 8 9 2 0 2 4 1 2 7 0 2 7 0 2 7 1 2 7 1 2 11 13 6 3 17 9 2 1 2 7 5 30 3 5 30 3 5 30 3 0 2 11 12 16 2 0 2 7 5 30 3 0 2 4 0 2 7 5 30 3 0 2 11 1 2 7 0 2 3 0 2 3 1 2 11 0 2 7 16 6 2 1 2 3 17 18 2 0 2 7 0 2 7 17 18 2 0 2 4 13 6 3 8 9 2 1 2 7 1 2 4 0 61.6051986217498779
1 2 7 0 2 4 1 2 4 1 2 7 5 31 3 0 2 7 0 2 7 0 2 7 1 2 4 17 9 2 0 2 7 17 9 2 5 31 3 0 2 4 1 2 7 0 2 4 0 2 4 13 6 3 0 2 7 1 2 7 12 16 2 0 2 7 0 2 4 17 18 2 0 2 7 1 2 7 0 2 7 0 2 7 1 2 7 1 2 7 1 2 7 0 2 7 0 2 7 1 2 7 0 2 7 17 18 2 1 2 7 12 16 2 0 2 4 5 31 3 16 30 2 17 9 2 5 31 3 1 2 7 0 2 4 1 2 4 0 2 7 1 2 7 0 2 7 0 2 7 1 2 4 0 2 7 0 2 7 0 2 7 1 2 7 1 2 7 0 2 7 1 2 7 17 9 2 1 2 7 0 60.1749738454818726
0 2 7 0 2 7 0 2 7 1 2 7 1 2 7 12 16 2 12 16 2 1 2 7 0 2 7 0 2 7 1 2 4 0 2 7 0 2 7 0 2 7 0 2 4 0 2 7 1 2 7 17 18 2 17 18 2 1 2 7 0 2 4 0 2 7 1 2 7 1 2 7 0 2 4 17 9 2 0 2 7 0 2 7 1 2 7 0 2 7 1 2 7 1 2 7 0 2 7 1 2 7 13 6 3 17 9 2 0 2 4 5 31 3 1 2 7 5 30 3 12 16 2 0 2 4 0 2 4 1 2 7 0 2 4 1 2 7 17 18 2 1 2 7 1 2 7 17 18 2 13 6 3 5 30 3 0 2 7 17 9 2 0 2 7 0 2 7 13 6 3 0 2 4 5 31 3 5 30 3 0 60.0792984962463379
0 2 4 0 2 7 1 2 4 5 31 3 1 2 7 0 2 7 1 2 7 0 2 4 12 16 2 1 2 4 1 2 7 1 2 7 1 2 7 0 2 4 0 2 7 12 16 2 0 2 7 1 2 3 1 2 4 1 2 4 0 2 7 0 2 7 17 9 2 1 2 7 5 31 3 0 2 4 1 2 7 0 2 4 13 6 3 17 18 2 5 31 3 17 9 2 1 2 3 0 2 3 1 2 7 0 2 7 0 2 7 0 2 4 1 2 4 0 2 7 0 2 7 0 2 7 17 9 2 0 2 7 1 2 7 17 9 2 6 2 7 1 2 7 0 2 4 5 30 3 0 2 7 1 2 4 0 2 3 0 2 7 16 6 2 0 2 4 17 9 2 0 2 7 1 2 3 0 2 7 0 60.5263648629188538
0 2 7 0 2 4 1 2 7 5 31 3 1 2 7 0 2 7 1 2 11 12 16 2 0 2 7 12 16 2 1 2 3 1 2 7 1 2 7 0 2 3 0 2 7 0 2 7 6 2 3 0 2 7 0 2 7 1 2 7 0 2 7 0 2 7 1 2 4 1 2 7 0 2 7 0 2 7 17 9 2 1 2 7 5 31 3 0 2 7 1 2 7 0 2 7 13 6 3 17 18 2 5 31 3 5 30 3 17 9 2 1 2 7 0 2 7 0 2 11 0 2 7 0 2 7 0 2 4 16 6 2 0 2 7 1 2 7 0 2 7 0 2 4 0 2 7 1 2 3 17 9 2 8 9 2 1 2 4 0 2 7 1 2 7 17 9 2 1 2 7 16 6 2 0 2 11 1 2 7 0 60.8251787424087524
1 2 10 5 30 3 0 2 7 0 2 7 17 9 2 0 2 4 0 2 3 1 2 4 1 2 7 0 2 4 0 2 7 6 2 7 1 2 4 12 16 2 12 16 2 1 2 7 1 2 7 0 2 7 5 31 3 0 2 7 1 2 7 1 2 11 1 2 7 17 9 2 1 2 4 13 6 3 0 2 3 0 2 7 0 2 11 1 2 4 0 2 7 0 2 11 0 2 7 0 2 4 1 2 4 0 2 7 17 18 2 0 2 4 0 2 7 0 2 4 17 18 2 17 9 2 17 18 2 12 16 2 16 30 2 5 30 3 0 2 4 5 31 3 5 30 3 0 2 7 1 2 7 1 2 7 0 2 7 12 16 2 0 2 7 13 6 3 0 2 7 0 2 3 1 2 7 1 2 7 0 60.9392127394676208
0 2 11 5 30 3 5 31 3 0 2 7 0 2 7 1 2 7 1 2 7 0 2 7 1 2 7 0 2 7 0 2 7 12 16 2 12 16 2 0 2 7 0 2 7 5 31 3 0 2 7 1 2 7 0 2 3 1 2 7 0 2 11 0 2 7 0 2 7 0 2 7 12 16 2 16 6 2 0 2 7 1 2 7 1 2 7 1 2 7 16 9 11 0 2 4 0 2 7 16 18 11 0 2 7 16 6 2 0 2 7 0 2 7 5 31 3 0 2 7 6 2 7 8 18 2 5 30 3 17 18 2 0 2 11 0 2 7 5 30 3 0 2 7 0 2 7 17 18 2 5 30 3 15 2 1 1 2 7 12 16 2 0 2 7 16 19 11 0 2 7 0 2 7 0 2 3 1 2 4 0 62.9518665671348572
12 16 2 0 2 7 0 2 7 17 9 2 0 2 3 1 2 7 1 2 7 0 2 4 0 2 7 0 2 7 12 16 2 12 16 2 0 2 7 1 2 7 1 2 7 5 31 3 0 2 3 0 2 4 0 2 3 17 9 2 13 6 3 0 2 7 0 2 7 0 2 7 0 2 7 0 2 7 17 18 2 0 2 3 17 18 2 12 16 2 16 6 2 5 30 3 5 31 3 5 31 3 0 2 7 1 2 7 0 2 3 6 2 4 1 2 4 13 6 3 0 2 7 1 2 7 1 2 4 1 2 4 0 2 7 1 2 4 1 2 4 1 2 7 16 6 2 0 2 7 1 2 7 1 2 7 0 2 4 1 2 4 1 2 7 17 18 2 0 2 7 0 2 7 12 16 2 0 2 4 0 60.6754326224327087
0 2 7 0 2 11 1 2 7 5 31 3 1 2 7 0 2 7 0 2 7 1 2 7 12 16 2 1 2 7 1 2 7 1 2 7 0 2 11 0 2 7 12 16 2 0 2 7 1 2 7 0 2 7 0 2 7 17 9 2 1 2 4 5 31 3 1 2 7 13 6 3 17 18 2 5 31 3 17 9 2 1 2 7 0 2 7 0 2 7 0 2 7 0 2 7 0 2 7 17 9 2 0 2 7 1 2 7 17 9 2 0 2 7 1 2 4 5 30 3 6 2 7 0 2 7 0 2 7 0 2 7 1 2 4 0 2 7 13 6 3 0 2 7 0 2 4 5 30 3 0 2 7 0 2 7 16 30 2 0 2 4 1 2 7 16 30 2 5 30 3 12 16 2 0 2 7 1 2 7 0 60.5801207423210144

Current Evaluation = 14400(14400)
Front Size = 10
1 2 7 5 31 3 0 2 7 0 2 7 17 9 2 0 2 7 0 2 7 1 2 7 0 2 7 0 2 7 0 2 7 1 2 7 0 2 7 12 16 2 12 16 2 1 2 7 1 2 7 1 2 7 0 2 7 1 2 7 1 2 7 1 2 7 0 2 4 17 9 2 1 2 7 13 6 3 0 2 7 0 2 4 1 2 7 0 2 7 0 2 7 0 2 7 5 31 3 1 2 7 0 2 7 1 2 7 13 6 3 0 2 7 0 2 7 17 18 2 1 2 7 1 2 7 1 2 4 17 18 2 17 9 2 17 18 2 1 2 7 12 16 2 13 6 3 1 2 7 5 31 3 0 2 7 0 2 7 0 2 7 12 16 2 0 2 7 16 6 2 0 2 7 0 2 7 1 2 7 0 59.7211945056915283
0 2 4 0 2 7 1 2 4 5 31 3 1 2 7 0 2 7 1 2 7 0 2 4 12 16 2 1 2 4 1 2 7 1 2 7 1 2 7 0 2 4 0 2 7 12 16 2 0 2 7 1 2 3 1 2 4 1 2 4 0 2 7 0 2 7 17 9 2 1 2 7 5 31 3 0 2 4 1 2 7 0 2 4 13 6 3 17 18 2 5 31 3 17 9 2 1 2 3 0 2 3 1 2 7 0 2 7 0 2 7 0 2 4 1 2 4 0 2 7 0 2 7 0 2 7 17 9 2 0 2 7 1 2 7 17 9 2 6 2 7 1 2 7 0 2 4 5 30 3 0 2 7 1 2 4 0 2 3 0 2 7 16 6 2 0 2 4 17 9 2 0 2 7 1 2 3 0 2 7 0 60.5263648629188538
1 2 7 0 2 7 0 2 7 0 2 7 1 2 3 12 16 2 12 16 2 0 2 7 0 2 7 0 2 7 1 2 7 0 2 7 0 2 7 5 30 3 1 2 4 0 2 7 1 2 7 17 18 2 17 18 2 1 2 4 0 2 7 0 2 7 0 2 7 17 9 2 0 2 7 1 2 4 0 2 7 1 2 7 13 6 3 17 9 2 12 16 2 0 2 7 1 2 7 17 18 2 13 6 3 1 2 7 0 2 7 0 2 7 1 2 4 0 2 7 1 2 4 13 6 3 5 31 3 12 16 2 1 2 7 1 2 7 1 2 7 1 2 7 1 2 7 1 2 3 16 30 2 5 30 3 5 31 3 0 2 7 0 2 4 0 2 7 0 2 7 17 18 2 0 2 7 0 2 7 0 59.9867335557937622
0 2 7 0 2 7 0 2 7 1 2 7 1 2 7 12 16 2 12 16 2 1 2 7 0 2 7 0 2 7 1 2 4 0 2 7 0 2 7 0 2 7 0 2 4 0 2 7 1 2 7 17 18 2 17 18 2 1 2 7 0 2 4 0 2 7 1 2 7 1 2 7 0 2 4 17 9 2 0 2 7 0 2 7 1 2 7 0 2 7 1 2 7 1 2 7 0 2 7 1 2 7 13 6 3 17 9 2 0 2 4 5 31 3 1 2 7 5 30 3 12 16 2 0 2 4 0 2 4 1 2 7 0 2 4 1 2 7 17 18 2 1 2 7 1 2 7 17 18 2 13 6 3 5 30 3 0 2 7 17 9 2 0 2 7 0 2 7 13 6 3 0 2 4 5 31 3 5 30 3 0 60.0792984962463379
1 2 7 5 30 3 0 2 7 0 2 7 17 9 2 0 2 7 0 2 7 1 2 7 1 2 4 0 2 7 0 2 7 1 2 7 0 2 7 12 16 2 12 16 2 1 2 7 1 2 7 1 2 7 0 2 7 0 2 7 1 2 7 1 2 7 0 2 7 17 9 2 1 2 7 13 6 3 0 2 7 0 2 7 1 2 7 0 2 7 0 2 7 0 2 7 5 31 3 0 2 7 0 2 7 13 6 3 17 18 2 5 31 3 16 6 2 1 2 7 0 2 7 0 2 7 0 2 7 1 2 7 13 6 3 1 2 7 5 31 3 1 2 7 12 16 2 0 2 11 17 9 2 0 2 7 0 2 7 1 2 7 17 9 2 0 2 7 17 9 2 1 2 7 1 2 7 0 2 7 0 59.9741915464401245
0 2 11 0 2 11 0 2 7 1 2 3 0 2 7 12 16 2 12 16 2 1 2 7 0 2 7 1 2 8 1 2 7 1 2 7 1 2 7 0 2 11 0 2 4 1 2 11 17 18 2 17 18 2 0 2 7 0 2 4 0 2 7 0 2 4 17 9 2 8 9 2 0 2 4 1 2 7 0 2 7 0 2 7 1 2 7 1 2 11 13 6 3 17 9 2 1 2 7 5 30 3 5 30 3 5 30 3 0 2 11 12 16 2 0 2 7 5 30 3 0 2 4 0 2 7 5 30 3 0 2 11 1 2 7 0 2 3 0 2 3 1 2 11 0 2 7 16 6 2 1 2 3 17 18 2 0 2 7 0 2 7 17 18 2 0 2 4 13 6 3 8 9 2 1 2 7 1 2 4 0 61.6051986217498779
1 2 7 5 30 3 0 2 7 0 2 7 17 9 2 0 2 7 0 2 7 1 2 7 1 2 7 0 2 7 0 2 4 1 2 7 0 2 7 12 16 2 12 16 2 1 2 4 1 2 7 1 2 3 0 2 7 0 2 7 1 2 7 1 2 7 0 2 7 17 9 2 1 2 7 13 6 3 0 2 7 0 2 7 1 2 7 0 2 7 0 2 3 0 2 4 5 31 3 0 2 7 13 6 3 0 2 4 0 2 7 17 18 2 5 31 3 17 18 2 17 18 2 12 16 2 12 16 2 16 6 2 1 2 7 1 2 7 0 2 3 0 2 7 1 2 7 1 2 7 0 2 3 1 2 7 0 2 7 17 18 2 0 2 7 13 6 3 1 2 7 1 2 4 1 2 7 0 2 7 0 59.9809155464172363
1 2 7 0 2 4 1 2 4 1 2 7 5 31 3 0 2 7 0 2 7 0 2 7 1 2 4 17 9 2 0 2 7 17 9 2 5 31 3 0 2 4 1 2 7 0 2 4 0 2 4 13 6 3 0 2 7 1 2 7 12 16 2 0 2 7 0 2 4 17 18 2 0 2 7 1 2 7 0 2 7 0 2 7 1 2 7 1 2 7 1 2 7 0 2 7 0 2 7 1 2 7 0 2 7 17 18 2 1 2 7 12 16 2 0 2 4 5 31 3 16 30 2 17 9 2 5 31 3 1 2 7 0 2 4 1 2 4 0 2 7 1 2 7 0 2 7 0 2 7 1 2 4 0 2 7 0 2 7 0 2 7 1 2 7 1 2 7 0 2 7 1 2 7 17 9 2 1 2 7 0 60.1749738454818726
1 2 7 5 31 3 0 2 7 1 2 7 17 9 2 1 2 4 0 2 7 0 2 7 0 2 7 0 2 7 1 2 7 0 2 7 1 2 7 12 16 2 12 16 2 0 2 11 1 2 7 1 2 7 0 2 4 1 2 7 0 2 7 0 2 4 0 2 4 17 9 2 1 2 7 13 6 3 0 2 4 1 2 7 0 2 7 0 2 7 6 2 7 5 30 3 0 2 7 0 2 7 0 2 7 17 9 2 1 2 7 17 9 2 5 31 3 16 31 2 0 2 7 0 2 7 0 2 4 17 18 2 0 2 7 1 2 11 1 2 7 17 9 2 0 2 7 0 2 7 13 6 3 0 2 7 0 2 7 1 2 7 1 2 7 12 16 2 1 2 7 1 2 11 1 2 7 5 30 3 0 60.3059465289115906
0 2 7 5 31 3 0 2 7 0 2 7 1 2 7 0 2 3 0 2 4 0 2 3 1 2 7 0 2 7 0 2 7 1 2 7 0 2 7 12 16 2 12 16 2 0 2 7 17 18 2 1 2 4 1 2 7 0 2 7 1 2 7 1 2 7 0 2 7 17 9 2 0 2 7 13 6 3 0 2 7 1 2 7 1 2 7 0 2 7 0 2 7 1 2 3 0 2 7 13 6 3 0 2 7 17 9 2 17 18 2 17 18 2 12 16 2 12 16 2 16 15 2 1 2 7 1 2 7 0 2 7 1 2 3 0 2 7 0 2 7 1 2 7 1 2 7 13 6 3 1 2 7 0 2 7 0 2 7 17 9 2 5 30 3 0 2 7 1 2 7 8 18 2 5 30 3 1 2 7 0 60.207181453704834

Current Evaluation = 15300(15300)
Front Size = 10
1 2 7 5 31 3 0 2 7 1 2 7 17 9 2 0 2 7 0 2 7 0 2 7 0 2 7 1 2 7 0 2 7 1 2 7 12 16 2 12 16 2 1 2 7 1 2 7 0 2 7 1 2 7 0 2 7 1 2 7 17 9 2 1 2 4 13 6 3 1 2 7 0 2 7 0 2 7 0 2 7 0 2 7 0 2 7 5 31 3 0 2 7 17 18 2 0 2 7 1 2 7 0 2 4 0 2 7 13 6 3 1 2 7 0 2 7 1 2 7 12 16 2 0 2 7 12 16 2 0 2 7 0 2 4 17 18 2 1 2 7 1 2 7 13 6 3 1 2 7 16 6 2 1 2 7 5 31 3 1 2 7 17 9 2 1 2 7 0 2 7 0 2 7 17 18 2 0 2 7 0 59.7211945056915283
1 2 7 5 31 3 0 2 7 1 2 7 17 9 2 0 2 7 0 2 7 0 2 7 0 2 7 1 2 7 0 2 7 1 2 7 12 16 2 12 16 2 1 2 4 1 2 7 0 2 7 1 2 7 0 2 7 1 2 7 17 9 2 1 2 7 13 6 3 1 2 7 1 2 4 0 2 7 0 2 7 0 2 7 0 2 7 17 9 2 0 2 7 5 31 3 0 2 7 17 18 2 0 2 7 1 2 7 0 2 7 0 2 7 13 6 3 1 2 7 0 2 7 1 2 7 1 2 4 12 16 2 0 2 7 12 16 2 0 2 7 0 2 7 0 2 7 17 18 2 1 2 7 0 2 7 17 9 2 0 2 7 1 2 7 13 6 3 1 2 7 16 6 2 1 2 7 5 31 3 0 59.7211945056915283
0 2 11 0 2 11 0 2 7 1 2 3 0 2 7 12 16 2 12 16 2 1 2 7 0 2 7 1 2 8 1 2 7 1 2 7 1 2 7 0 2 11 0 2 4 1 2 11 17 18 2 17 18 2 0 2 7 0 2 4 0 2 7 0 2 4 17 9 2 8 9 2 0 2 4 1 2 7 0 2 7 0 2 7 1 2 7 1 2 11 13 6 3 17 9 2 1 2 7 5 30 3 5 30 3 5 30 3 0 2 11 12 16 2 0 2 7 5 30 3 0 2 4 0 2 7 5 30 3 0 2 11 1 2 7 0 2 3 0 2 3 1 2 11 0 2 7 16 6 2 1 2 3 17 18 2 0 2 7 0 2 7 17 18 2 0 2 4 13 6 3 8 9 2 1 2 7 1 2 4 0 61.6051986217498779
0 2 7 0 2 7 0 2 7 1 2 7 1 2 7 12 16 2 12 16 2 1 2 7 0 2 7 0 2 7 1 2 4 0 2 7 0 2 7 0 2 7 0 2 4 0 2 7 1 2 7 17 18 2 17 18 2 1 2 7 0 2 4 0 2 7 1 2 7 1 2 7 0 2 4 17 9 2 0 2 7 0 2 7 1 2 7 0 2 7 1 2 7 1 2 7 0 2 7 1 2 7 13 6 3 17 9 2 5 31 3 1 2 7 5 30 3 12 16 2 1 2 7 1 2 7 17 18 2 1 2 7 1 2 7 17 18 2 13 6 3 0 2 7 0 2 7 0 2 7 13 6 3 5 31 3 1 2 4 0 2 4 0 2 4 0 2 7 5 30 3 17 9 2 0 2 7 1 2 7 0 59.7875515222549438
1 2 7 5 30 3 0 2 7 0 2 7 17 9 2 0 2 7 0 2 7 1 2 7 1 2 7 0 2 7 0 2 4 0 2 7 0 2 7 12 16 2 12 16 2 1 2 7 1 2 7 0 2 7 0 2 7 0 2 7 1 2 7 1 2 7 0 2 7 17 9 2 1 2 4 13 6 3 1 2 7 0 2 7 1 2 7 0 2 7 5 31 3 0 2 4 13 6 3 0 2 7 17 18 2 5 31 3 17 18 2 17 18 2 12 16 2 12 16 2 6 2 7 0 2 4 5 31 3 0 2 7 17 18 2 0 2 7 13 6 3 1 2 7 0 2 7 0 2 7 0 2 7 0 2 7 16 6 2 0 2 7 1 2 7 1 2 7 1 2 7 1 2 7 1 2 7 1 2 7 0 59.938682496547699
1 2 7 5 30 3 0 2 7 0 2 7 17 9 2 0 2 7 0 2 7 1 2 7 1 2 7 0 2 7 0 2 4 1 2 7 0 2 7 12 16 2 12 16 2 1 2 4 1 2 7 1 2 3 0 2 7 0 2 7 1 2 7 1 2 7 0 2 7 17 9 2 1 2 7 13 6 3 0 2 7 0 2 7 1 2 7 0 2 7 0 2 3 0 2 4 5 31 3 0 2 7 13 6 3 0 2 4 0 2 7 17 18 2 5 31 3 17 18 2 17 18 2 12 16 2 12 16 2 16 6 2 1 2 7 1 2 7 0 2 3 0 2 7 1 2 7 1 2 7 0 2 3 1 2 7 0 2 7 17 18 2 0 2 7 13 6 3 1 2 7 1 2 4 1 2 7 0 2 7 0 59.9809155464172363
0 2 4 0 2 7 1 2 4 5 31 3 1 2 7 0 2 7 1 2 7 0 2 4 12 16 2 1 2 4 1 2 7 1 2 7 1 2 7 0 2 4 0 2 7 12 16 2 0 2 7 1 2 3 1 2 4 1 2 4 0 2 7 0 2 7 17 9 2 1 2 7 5 31 3 0 2 4 1 2 7 0 2 4 13 6 3 17 18 2 5 31 3 17 9 2 1 2 3 0 2 3 1 2 7 0 2 7 0 2 7 0 2 4 1 2 4 0 2 7 0 2 7 0 2 7 17 9 2 0 2 7 1 2 7 17 9 2 6 2 7 1 2 7 0 2 4 5 30 3 0 2 7 1 2 4 0 2 3 0 2 7 16 6 2 0 2 4 17 9 2 0 2 7 1 2 3 0 2 7 0 60.5263648629188538
1 2 7 0 2 7 0 2 7 0 2 7 1 2 3 12 16 2 12 16 2 0 2 7 0 2 7 0 2 7 1 2 7 0 2 7 0 2 7 5 30 3 1 2 4 0 2 7 1 2 7 17 18 2 17 18 2 1 2 4 0 2 7 0 2 7 0 2 7 17 9 2 0 2 7 1 2 4 0 2 7 1 2 7 13 6 3 17 9 2 12 16 2 0 2 7 1 2 7 17 18 2 13 6 3 1 2 7 0 2 7 0 2 7 1 2 4 0 2 7 1 2 4 13 6 3 5 31 3 12 16 2 1 2 7 1 2 7 1 2 7 1 2 7 1 2 7 1 2 3 16 30 2 5 30 3 5 31 3 0 2 7 0 2 4 0 2 7 0 2 7 17 18 2 0 2 7 0 2 7 0 59.9867335557937622
1 2 7 5 31 3 0 2 7 1 2 4 17 9 2 0 2 7 0 2 7 0 2 7 0 2 7 1 2 7 0 2 7 1 2 4 12 16 2 12 16 2 1 2 7 0 2 7 0 2 7 1 2 7 0 2 7 1 2 7 17 9 2 6 2 7 13 6 3 1 2 7 0 2 7 0 2 4 0 2 7 0 2 7 0 2 7 5 31 3 1 2 7 17 18 2 0 2 7 1 2 7 0 2 7 0 2 7 13 6 3 1 2 7 0 2 7 1 2 7 12 16 2 0 2 7 12 16 2 0 2 7 0 2 7 17 18 2 1 2 7 1 2 7 13 6 3 1 2 7 16 6 2 1 2 7 5 31 3 5 30 3 17 18 2 1 2 4 0 2 7 0 2 7 17 9 2 0 2 7 0 59.938682496547699
0 2 7 0 2 7 0 2 7 1 2 7 1 2 7 12 16 2 12 16 2 1 2 7 0 2 7 0 2 7 1 2 4 0 2 7 0 2 7 0 2 7 0 2 4 0 2 7 1 2 7 17 18 2 17 18 2 1 2 7 0 2 4 0 2 7 1 2 7 1 2 7 0 2 4 17 9 2 0 2 7 0 2 7 1 2 7 0 2 7 1 2 7 1 2 7 0 2 7 1 2 7 13 6 3 17 9 2 0 2 4 5 31 3 1 2 7 5 30 3 12 16 2 0 2 4 0 2 4 1 2 7 0 2 4 1 2 7 17 18 2 1 2 7 1 2 7 17 18 2 13 6 3 5 30 3 0 2 7 17 9 2 0 2 7 0 2 7 13 6 3 0 2 4 5 31 3 5 30 3 0 60.0792984962463379

Current Evaluation = 16200(16200)
Front Size = 10
0 2 4 0 2 7 1 2 7 5 31 3 1 2 7 0 2 7 1 2 7 0 2 7 12 16 2 1 2 4 1 2 7 0 2 4 12 16 2 0 2 7 1 2 7 0 2 7 17 9 2 0 2 7 5 31 3 0 2 7 13 6 3 17 18 2 5 31 3 17 9 2 1 2 7 0 2 7 0 2 7 0 2 7 0 2 7 0 2 7 1 2 7 1 2 7 0 2 7 16 6 2 0 2 7 0 2 7 17 18 2 0 2 7 1 2 7 13 6 3 17 18 2 0 2 7 12 16 2 1 2 7 1 2 7 12 16 2 17 18 2 1 2 7 1 2 7 0 2 7 0 2 7 1 2 7 13 6 3 0 2 7 1 2 7 0 2 7 1 2 7 1 2 7 0 2 7 1 2 7 0 59.7211945056915283
0 2 4 0 2 7 1 2 4 5 31 3 1 2 7 0 2 7 1 2 7 0 2 4 12 16 2 1 2 7 1 2 7 1 2 4 0 2 4 0 2 7 12 16 2 0 2 7 0 2 7 0 2 7 17 9 2 1 2 7 5 31 3 1 2 7 13 6 3 17 18 2 5 31 3 17 9 2 1 2 7 0 2 7 0 2 7 0 2 7 0 2 7 0 2 7 0 2 4 1 2 7 6 2 7 1 2 7 5 30 3 0 2 7 0 2 4 16 6 2 0 2 7 0 2 7 17 18 2 1 2 4 0 2 7 1 2 4 1 2 4 0 2 4 0 2 7 0 2 3 13 6 3 17 18 2 0 2 7 12 16 2 1 2 7 1 2 7 12 16 2 0 2 4 17 18 2 1 2 7 0 60.2408736348152161
0 2 7 0 2 7 0 2 7 1 2 7 1 2 7 12 16 2 12 16 2 1 2 7 0 2 7 0 2 7 1 2 4 0 2 7 0 2 7 0 2 7 0 2 4 0 2 7 1 2 7 17 18 2 17 18 2 1 2 7 0 2 4 0 2 7 1 2 7 1 2 7 0 2 4 17 9 2 0 2 7 0 2 7 1 2 7 0 2 7 1 2 7 1 2 7 0 2 7 1 2 7 13 6 3 17 9 2 5 31 3 1 2 7 5 30 3 12 16 2 1 2 7 1 2 7 17 18 2 1 2 7 1 2 7 17 18 2 13 6 3 0 2 7 0 2 7 0 2 7 13 6 3 5 31 3 1 2 4 0 2 4 0 2 4 0 2 7 5 30 3 17 9 2 0 2 7 1 2 7 0 59.7875515222549438
1 2 7 5 30 3 0 2 7 0 2 7 17 9 2 0 2 7 0 2 7 1 2 7 1 2 7 0 2 7 0 2 4 1 2 7 0 2 7 12 16 2 12 16 2 1 2 4 1 2 7 1 2 3 0 2 7 0 2 7 1 2 7 1 2 7 0 2 7 17 9 2 1 2 7 13 6 3 0 2 7 0 2 7 1 2 7 0 2 7 0 2 3 0 2 4 5 31 3 0 2 7 13 6 3 0 2 4 0 2 7 17 18 2 5 31 3 17 18 2 17 18 2 12 16 2 12 16 2 16 6 2 1 2 7 1 2 7 0 2 3 0 2 7 1 2 7 1 2 7 0 2 3 1 2 7 0 2 7 17 18 2 0 2 7 13 6 3 1 2 7 1 2 4 1 2 7 0 2 7 0 59.9809155464172363
1 2 7 0 2 7 0 2 7 0 2 7 1 2 3 12 16 2 12 16 2 0 2 7 0 2 7 0 2 7 1 2 7 0 2 7 0 2 7 5 30 3 1 2 4 0 2 7 1 2 7 17 18 2 17 18 2 1 2 4 0 2 7 0 2 7 0 2 7 17 9 2 0 2 7 1 2 4 0 2 7 1 2 7 13 6 3 17 9 2 12 16 2 0 2 7 1 2 7 17 18 2 13 6 3 1 2 7 0 2 7 0 2 7 1 2 4 0 2 7 1 2 4 13 6 3 5 31 3 12 16 2 1 2 7 1 2 7 1 2 7 1 2 7 1 2 7 1 2 3 16 30 2 5 30 3 5 31 3 0 2 7 0 2 4 0 2 7 0 2 7 17 18 2 0 2 7 0 2 7 0 59.9867335557937622
0 2 3 0 2 7 0 2 3 1 2 7 0 2 7 12 16 2 12 16 2 0 2 7 1 2 7 0 2 4 1 2 7 0 2 7 0 2 4 0 2 7 0 2 7 1 2 3 1 2 3 17 18 2 0 2 7 0 2 4 0 2 7 0 2 4 1 2 7 0 2 7 17 9 2 0 2 3 0 2 7 1 2 4 1 2 7 1 2 7 1 2 7 0 2 7 13 6 3 17 9 2 1 2 7 5 31 3 5 30 3 0 2 7 0 2 7 0 2 7 0 2 7 17 9 2 0 2 7 0 2 4 5 31 3 1 2 7 5 30 3 1 2 4 1 2 3 1 2 7 0 2 7 17 9 2 16 6 2 1 2 7 17 18 2 1 2 7 0 2 7 1 2 11 13 6 3 1 2 4 0 60.4777536392211914
0 2 11 0 2 11 0 2 7 1 2 3 0 2 7 12 16 2 12 16 2 1 2 7 0 2 7 1 2 8 1 2 7 1 2 7 1 2 7 0 2 11 0 2 4 1 2 11 17 18 2 17 18 2 0 2 7 0 2 4 0 2 7 0 2 4 17 9 2 8 9 2 0 2 4 1 2 7 0 2 7 0 2 7 1 2 7 1 2 11 13 6 3 17 9 2 1 2 7 5 30 3 5 30 3 5 30 3 0 2 11 12 16 2 0 2 7 5 30 3 0 2 4 0 2 7 5 30 3 0 2 11 1 2 7 0 2 3 0 2 3 1 2 11 0 2 7 16 6 2 1 2 3 17 18 2 0 2 7 0 2 7 17 18 2 0 2 4 13 6 3 8 9 2 1 2 7 1 2 4 0 61.6051986217498779
0 2 7 5 30 3 0 2 7 0 2 7 17 9 2 0 2 7 0 2 7 1 2 7 1 2 7 0 2 7 0 2 7 1 2 4 0 2 7 12 16 2 12 16 2 1 2 7 1 2 7 1 2 7 0 2 7 0 2 7 1 2 4 1 2 7 1 2 7 17 9 2 1 2 7 13 6 3 0 2 4 0 2 7 6 2 7 0 2 7 0 2 7 0 2 7 5 31 3 0 2 7 13 6 3 0 2 7 0 2 7 17 18 2 5 31 3 17 18 2 17 18 2 12 16 2 12 16 2 16 6 2 1 2 7 1 2 7 1 2 7 1 2 7 5 31 3 0 2 7 17 18 2 0 2 7 13 6 3 1 2 4 0 2 7 0 2 7 1 2 7 1 2 7 0 2 7 0 2 7 0 59.938682496547699
0 2 7 5 30 3 0 2 7 0 2 7 17 9 2 0 2 7 1 2 7 1 2 7 1 2 7 0 2 7 0 2 7 1 2 7 0 2 7 1 2 7 12 16 2 1 2 7 1 2 7 12 16 2 1 2 7 0 2 7 1 2 7 0 2 7 1 2 7 17 9 2 1 2 7 13 6 3 0 2 7 1 2 7 5 31 3 0 2 7 0 2 4 5 31 3 0 2 7 13 6 3 6 2 7 0 2 7 17 18 2 5 31 3 17 18 2 17 18 2 12 16 2 12 16 2 16 6 2 1 2 7 1 2 7 0 2 7 0 2 4 0 2 7 17 18 2 0 2 7 13 6 3 0 2 7 1 2 7 0 2 7 0 2 7 0 2 4 1 2 7 1 2 7 0 2 7 0 2 4 0 59.938682496547699
0 2 7 0 2 7 0 2 7 1 2 4 1 2 7 12 16 2 12 16 2 1 2 4 0 2 4 0 2 7 1 2 4 0 2 7 0 2 7 0 2 7 0 2 4 0 2 7 1 2 7 17 18 2 17 18 2 1 2 7 0 2 7 1 2 7 1 2 7 17 9 2 0 2 7 0 2 7 1 2 7 0 2 4 1 2 4 1 2 7 0 2 7 1 2 7 13 6 3 17 9 2 5 31 3 1 2 7 12 16 2 1 2 7 1 2 7 17 18 2 5 30 3 1 2 4 17 18 2 13 6 3 0 2 7 0 2 7 0 2 4 13 6 3 5 30 3 0 2 4 1 2 7 0 2 7 1 2 7 0 2 7 5 31 3 0 2 7 12 16 2 17 9 2 0 2 7 0 2 7 0 59.9459015130996704

Current Evaluation = 17100(17100)
Front Size = 10
0 2 7 0 2 7 1 2 7 17 9 2 0 2 7 0 2 7 1 2 7 1 2 7 0 2 7 0 2 7 0 2 7 12 16 2 12 16 2 1 2 7 1 2 7 0 2 7 0 2 7 0 2 7 1 2 7 1 2 7 17 9 2 1 2 7 13 6 3 0 2 7 0 2 7 1 2 7 0 2 4 1 2 7 5 31 3 0 2 7 13 6 3 0 2 7 0 2 4 17 18 2 5 31 3 17 18 2 17 18 2 12 16 2 12 16 2 16 6 2 0 2 7 1 2 7 1 2 7 1 2 7 5 31 3 0 2 7 17 18 2 1 2 7 13 6 3 0 2 7 0 2 7 1 2 4 1 2 7 0 2 7 0 2 7 0 2 7 1 2 7 1 2 7 0 2 7 1 2 7 0 59.7211945056915283
0 2 7 1 2 7 5 31 3 1 2 7 0 2 7 1 2 7 0 2 7 12 16 2 1 2 7 12 16 2 0 2 7 1 2 7 0 2 7 17 9 2 0 2 7 5 31 3 0 2 7 13 6 3 17 18 2 5 31 3 17 9 2 1 2 7 0 2 7 0 2 7 0 2 7 0 2 7 0 2 7 1 2 7 1 2 7 0 2 7 16 6 2 0 2 7 0 2 7 17 18 2 0 2 7 1 2 7 13 6 3 17 18 2 0 2 7 12 16 2 1 2 7 1 2 7 12 16 2 17 18 2 1 2 7 1 2 7 0 2 7 0 2 7 1 2 7 13 6 3 0 2 7 1 2 7 1 2 7 0 2 7 0 2 4 0 2 4 1 2 7 0 2 4 1 2 7 1 2 7 0 59.7211945056915283
0 2 7 0 2 7 0 2 7 17 9 2 0 2 7 0 2 7 1 2 7 1 2 7 0 2 7 0 2 7 0 2 7 12 16 2 12 16 2 1 2 7 1 2 7 1 2 7 0 2 7 0 2 7 1 2 7 1 2 7 17 9 2 1 2 4 13 6 3 0 2 7 0 2 7 1 2 7 0 2 7 0 2 7 5 31 3 0 2 7 13 6 3 0 2 7 0 2 7 17 18 2 5 31 3 17 18 2 17 18 2 12 16 2 12 16 2 16 6 2 1 2 7 1 2 7 1 2 7 1 2 7 5 31 3 0 2 7 17 18 2 0 2 7 13 6 3 0 2 7 0 2 7 1 2 7 1 2 7 1 2 7 1 2 4 1 2 7 1 2 4 0 2 7 0 2 7 0 2 7 0 59.7211945056915283
1 2 7 0 2 7 0 2 7 0 2 7 1 2 3 12 16 2 12 16 2 0 2 7 0 2 7 0 2 7 1 2 7 0 2 7 0 2 7 5 30 3 1 2 4 0 2 7 1 2 7 17 18 2 17 18 2 1 2 4 0 2 7 0 2 7 0 2 7 17 9 2 0 2 7 1 2 4 0 2 7 1 2 7 13 6 3 17 9 2 12 16 2 0 2 7 1 2 7 17 18 2 13 6 3 1 2 7 0 2 7 0 2 7 1 2 4 0 2 7 1 2 4 13 6 3 5 31 3 12 16 2 1 2 7 1 2 7 1 2 7 1 2 7 1 2 7 1 2 3 16 30 2 5 30 3 5 31 3 0 2 7 0 2 4 0 2 7 0 2 7 17 18 2 0 2 7 0 2 7 0 59.9867335557937622
0 2 7 0 2 7 0 2 7 1 2 7 1 2 7 12 16 2 12 16 2 1 2 7 0 2 7 0 2 7 1 2 4 0 2 7 0 2 7 0 2 7 0 2 4 0 2 7 1 2 7 17 18 2 17 18 2 1 2 7 0 2 4 0 2 7 1 2 7 1 2 7 0 2 4 17 9 2 0 2 7 0 2 7 1 2 7 0 2 7 1 2 7 1 2 7 0 2 7 1 2 7 13 6 3 17 9 2 5 31 3 1 2 7 5 30 3 12 16 2 1 2 7 1 2 7 17 18 2 1 2 7 1 2 7 17 18 2 13 6 3 0 2 7 0 2 7 0 2 7 13 6 3 5 31 3 1 2 4 0 2 4 0 2 4 0 2 7 5 30 3 17 9 2 0 2 7 1 2 7 0 59.7875515222549438
0 2 7 0 2 7 1 2 6 5 31 3 1 2 7 1 2 7 1 2 3 12 16 2 1 2 11 1 2 7 0 2 7 12 16 2 0 2 7 0 2 7 0 2 7 17 9 2 1 2 7 5 30 3 1 2 7 13 6 3 17 18 2 17 9 2 1 2 7 0 2 7 0 2 7 0 2 7 0 2 7 0 2 7 1 2 7 5 30 3 0 2 7 0 2 3 0 2 4 17 18 2 0 2 7 0 2 7 13 6 3 17 18 2 0 2 7 12 16 2 1 2 7 1 2 7 17 18 2 1 2 7 0 2 7 1 2 7 0 2 4 0 2 3 0 2 4 0 2 4 0 2 4 1 2 4 17 9 2 1 2 11 1 2 7 1 2 7 1 2 7 13 6 3 0 2 3 1 2 7 0 60.1652774810791016
0 2 4 0 2 7 1 2 4 5 31 3 1 2 7 0 2 7 1 2 7 0 2 4 12 16 2 1 2 7 1 2 7 1 2 4 0 2 4 0 2 7 12 16 2 0 2 7 0 2 7 0 2 7 17 9 2 1 2 7 5 31 3 1 2 7 13 6 3 17 18 2 5 31 3 17 9 2 1 2 7 0 2 7 0 2 7 0 2 7 0 2 7 0 2 7 0 2 4 1 2 7 6 2 7 1 2 7 5 30 3 0 2 7 0 2 4 16 6 2 0 2 7 0 2 7 17 18 2 1 2 4 0 2 7 1 2 4 1 2 4 0 2 4 0 2 7 0 2 3 13 6 3 17 18 2 0 2 7 12 16 2 1 2 7 1 2 7 12 16 2 0 2 4 17 18 2 1 2 7 0 60.2408736348152161
0 2 7 0 2 7 0 2 7 17 9 2 0 2 7 0 2 7 1 2 7 1 2 7 0 2 7 0 2 7 0 2 7 12 16 2 12 16 2 1 2 7 1 2 7 1 2 7 0 2 7 0 2 7 1 2 7 1 2 7 17 9 2 1 2 4 13 6 3 0 2 7 0 2 7 1 2 7 0 2 7 0 2 7 5 31 3 0 2 7 13 6 3 0 2 7 17 18 2 17 18 2 17 18 2 12 16 2 1 2 7 1 2 7 1 2 7 1 2 7 17 18 2 13 6 3 1 2 7 1 2 7 1 2 7 0 2 3 0 2 4 0 2 4 1 2 3 5 31 3 0 2 7 0 2 7 0 2 7 1 2 11 1 2 11 0 2 3 0 2 4 0 2 7 0 2 7 5 30 3 0.000541397457842148736 60.2586615085601807
0 2 7 0 2 7 0 2 7 1 2 7 1 2 7 12 16 2 12 16 2 1 2 7 0 2 7 0 2 7 1 2 4 0 2 7 0 2 7 0 2 7 0 2 4 0 2 7 1 2 7 17 18 2 17 18 2 1 2 7 0 2 4 0 2 7 1 2 7 1 2 7 17 9 2 0 2 7 0 2 7 1 2 7 0 2 7 1 2 7 1 2 7 0 2 7 1 2 7 13 6 3 17 9 2 5 31 3 1 2 7 5 30 3 12 16 2 1 2 7 1 2 7 17 18 2 1 2 7 17 18 2 13 6 3 0 2 7 0 2 7 0 2 7 13 6 3 5 31 3 1 2 4 0 2 7 0 2 7 0 2 4 16 6 2 5 31 3 6 2 7 5 30 3 0 2 7 0 2 7 3.08238557653030346e-05 59.9615275263786316
0 2 7 5 30 3 0 2 7 0 2 7 17 9 2 0 2 7 1 2 7 1 2 7 1 2 7 0 2 7 0 2 7 1 2 7 0 2 7 1 2 7 12 16 2 1 2 7 1 2 7 12 16 2 1 2 7 0 2 7 1 2 7 0 2 7 1 2 7 17 9 2 1 2 7 13 6 3 0 2 7 1 2 7 5 31 3 0 2 7 0 2 4 5 31 3 0 2 7 13 6 3 6 2 7 0 2 7 17 18 2 5 31 3 17 18 2 17 18 2 12 16 2 12 16 2 16 6 2 1 2 7 1 2 7 0 2 7 0 2 4 0 2 7 17 18 2 0 2 7 13 6 3 0 2 7 1 2 7 0 2 7 0 2 7 0 2 4 1 2 7 1 2 7 0 2 7 0 2 4 0 59.938682496547699

Current Evaluation = 18000(18000)
Front Size = 10
0 2 7 1 2 7 5 31 3 1 2 7 0 2 7 1 2 7 0 2 7 12 16 2 1 2 7 12 16 2 0 2 7 1 2 7 0 2 7 17 9 2 0 2 7 5 31 3 0 2 7 13 6 3 17 18 2 5 31 3 17 9 2 1 2 7 0 2 7 0 2 7 0 2 7 0 2 7 0 2 7 1 2 7 1 2 7 0 2 7 16 6 2 0 2 7 0 2 7 17 18 2 0 2 7 1 2 7 13 6 3 17 18 2 0 2 7 12 16 2 1 2 7 1 2 7 12 16 2 17 18 2 1 2 7 1 2 7 0 2 7 0 2 7 1 2 7 13 6 3 0 2 7 1 2 7 1 2 7 0 2 4 0 2 4 1 2 7 0 2 4 0 2 7 1 2 7 1 2 7 0 59.7211945056915283
0 2 7 1 2 7 5 31 3 1 2 7 0 2 7 1 2 7 0 2 7 12 16 2 1 2 7 12 16 2 0 2 7 1 2 7 0 2 7 17 9 2 0 2 7 5 31 3 0 2 7 13 6 3 17 18 2 5 31 3 17 9 2 1 2 7 0 2 7 0 2 7 0 2 7 0 2 7 0 2 7 1 2 7 1 2 7 0 2 7 16 6 2 0 2 7 0 2 7 17 18 2 0 2 7 1 2 7 13 6 3 17 18 2 0 2 7 12 16 2 1 2 7 1 2 7 12 16 2 17 18 2 1 2 7 1 2 7 0 2 7 0 2 7 1 2 7 13 6 3 0 2 7 1 2 7 1 2 7 0 2 4 1 2 7 0 2 7 0 2 4 0 2 7 1 2 7 1 2 4 0 59.7211945056915283
0 2 7 0 2 7 5 31 3 1 2 4 1 2 7 12 16 2 1 2 4 12 16 2 12 16 2 0 2 7 1 2 7 0 2 7 17 9 2 0 2 7 1 2 7 13 6 3 17 18 2 17 9 2 1 2 7 0 2 7 1 2 7 0 2 7 0 2 4 0 2 7 1 2 7 0 2 7 17 18 2 1 2 7 0 2 7 13 6 3 17 18 2 0 2 7 12 16 2 0 2 7 1 2 7 17 18 2 1 2 7 0 2 7 1 2 4 0 2 7 0 2 4 0 2 7 1 2 4 13 6 3 1 2 7 1 2 7 0 2 7 0 2 7 5 30 3 5 30 3 0 2 7 0 2 7 0 2 7 1 2 7 0 2 7 5 31 3 1 2 7 17 9 2 12 16 2 13 6 3 0 59.8820604085922241
0 2 7 0 2 7 0 2 7 17 9 2 0 2 7 0 2 7 1 2 7 1 2 7 0 2 7 0 2 7 0 2 7 12 16 2 12 16 2 1 2 7 1 2 7 1 2 7 0 2 7 0 2 7 1 2 7 1 2 7 17 9 2 13 6 3 0 2 7 0 2 7 1 2 7 0 2 7 0 2 7 5 31 3 0 2 7 13 6 3 0 2 7 0 2 7 17 18 2 5 31 3 17 18 2 17 18 2 12 16 2 12 16 2 16 6 2 1 2 7 1 2 7 1 2 7 1 2 7 5 31 3 0 2 7 17 18 2 0 2 7 13 6 3 0 2 7 1 2 7 1 2 7 1 2 7 1 2 7 1 2 7 0 2 4 1 2 4 1 2 4 0 2 7 0 2 7 0 2 7 0 59.7211945056915283
0 2 7 0 2 7 0 2 7 1 2 7 1 2 7 12 16 2 12 16 2 1 2 7 0 2 7 0 2 7 1 2 4 0 2 7 0 2 7 0 2 7 0 2 4 0 2 7 1 2 7 17 18 2 17 18 2 1 2 7 0 2 4 0 2 7 1 2 7 1 2 7 0 2 4 17 9 2 0 2 7 0 2 7 1 2 7 0 2 7 1 2 7 1 2 7 0 2 7 1 2 7 13 6 3 17 9 2 5 31 3 1 2 7 5 30 3 12 16 2 1 2 7 1 2 7 17 18 2 1 2 7 1 2 7 17 18 2 13 6 3 0 2 7 0 2 7 0 2 7 13 6 3 5 31 3 1 2 4 0 2 4 0 2 4 0 2 7 5 30 3 17 9 2 0 2 7 1 2 7 0 59.7875515222549438
0 2 7 0 2 7 5 31 3 1 2 7 0 2 4 1 2 7 12 16 2 12 16 2 1 2 11 6 2 7 12 16 2 0 2 7 0 2 4 0 2 7 17 9 2 1 2 7 5 30 3 1 2 7 13 6 3 17 18 2 17 9 2 1 2 7 0 2 7 0 2 7 0 2 7 0 2 7 0 2 7 1 2 7 0 2 7 5 30 3 0 2 7 0 2 7 1 2 4 17 18 2 0 2 7 0 2 4 13 6 3 17 18 2 0 2 7 12 16 2 1 2 7 0 2 7 12 16 2 17 18 2 0 2 4 5 31 3 0 2 4 0 2 4 0 2 3 0 2 7 0 2 7 1 2 7 1 2 4 16 6 2 1 2 7 1 2 7 1 2 4 1 2 4 5 30 3 13 6 3 0 60.3975483775138855
1 2 7 0 2 4 0 2 4 12 16 2 12 16 2 0 2 7 0 2 7 0 2 7 1 2 7 0 2 7 0 2 7 1 2 7 1 2 7 17 18 2 17 18 2 1 2 7 0 2 7 0 2 7 0 2 7 17 9 2 0 2 7 1 2 7 0 2 7 13 6 3 17 9 2 12 16 2 0 2 4 1 2 7 17 18 2 13 6 3 1 2 7 0 2 7 0 2 7 1 2 7 0 2 7 13 6 3 5 31 3 12 16 2 1 2 7 1 2 7 0 2 7 1 2 7 1 2 7 16 6 2 1 2 7 5 31 3 0 2 7 1 2 7 0 2 7 0 2 7 17 18 2 0 2 4 0 2 7 0 2 7 6 2 7 5 30 3 1 2 7 0 2 7 1 2 7 5 31 3 0 59.938682496547699
0 2 7 0 2 7 1 2 6 5 31 3 1 2 7 1 2 7 1 2 3 12 16 2 1 2 11 1 2 7 0 2 7 12 16 2 0 2 7 0 2 7 0 2 7 17 9 2 1 2 7 5 30 3 1 2 7 13 6 3 17 18 2 17 9 2 1 2 7 0 2 7 0 2 7 0 2 7 0 2 7 0 2 7 1 2 7 5 30 3 0 2 7 0 2 3 0 2 4 17 18 2 0 2 7 0 2 7 13 6 3 17 18 2 0 2 7 12 16 2 1 2 7 1 2 7 17 18 2 1 2 7 0 2 7 1 2 7 0 2 4 0 2 3 0 2 4 0 2 4 0 2 4 1 2 4 17 9 2 1 2 11 1 2 7 1 2 7 1 2 7 13 6 3 0 2 3 1 2 7 0 60.1652774810791016
1 2 7 0 2 7 0 2 7 0 2 7 1 2 3 12 16 2 12 16 2 0 2 7 0 2 7 0 2 7 1 2 7 0 2 7 0 2 7 5 30 3 1 2 4 0 2 7 1 2 7 17 18 2 17 18 2 1 2 4 0 2 7 0 2 7 0 2 7 17 9 2 0 2 7 1 2 4 0 2 7 1 2 7 13 6 3 17 9 2 12 16 2 0 2 7 1 2 7 17 18 2 13 6 3 1 2 7 0 2 7 0 2 7 1 2 4 0 2 7 1 2 4 13 6 3 5 31 3 12 16 2 1 2 7 1 2 7 1 2 7 1 2 7 1 2 7 1 2 3 16 30 2 5 30 3 5 31 3 0 2 7 0 2 4 0 2 7 0 2 7 17 18 2 0 2 7 0 2 7 0 59.9867335557937622
0 2 7 0 2 7 0 2 7 17 9 2 0 2 7 0 2 4 1 2 7 1 2 7 0 2 7 0 2 7 0 2 7 12 16 2 12 16 2 1 2 7 1 2 7 1 2 7 0 2 7 0 2 7 6 2 7 1 2 7 17 9 2 13 6 3 0 2 7 0 2 7 1 2 7 0 2 7 0 2 7 5 31 3 0 2 7 13 6 3 0 2 7 0 2 7 17 18 2 5 31 3 17 18 2 17 18 2 12 16 2 12 16 2 1 2 7 1 2 7 1 2 7 0 2 7 17 18 2 0 2 7 13 6 3 0 2 7 0 2 4 1 2 4 1 2 4 0 2 7 0 2 7 0 2 7 16 6 2 1 2 7 5 31 3 1 2 7 5 30 3 1 2 7 1 2 7 1 2 7 0 59.938682496547699

MonoObjective Genetic Algorithm
Number of Evaluations = 0
Mutation Probability = 0
Crossover Probability = 1
Population Size = 10
Survival Selection Type = 16

Time =  18009.6993260383606

Current Evaluation = 2010
Front Size = 10
0 2 7 1 2 7 5 31 3 1 2 7 0 2 7 1 2 7 0 2 7 12 16 2 1 2 7 12 16 2 0 2 7 1 2 7 0 2 7 17 9 2 0 2 7 5 31 3 0 2 7 13 6 3 17 18 2 5 31 3 17 9 2 1 2 7 0 2 7 0 2 7 0 2 7 0 2 7 0 2 7 1 2 7 1 2 7 0 2 7 16 6 2 0 2 7 0 2 7 17 18 2 0 2 7 1 2 7 13 6 3 17 18 2 0 2 7 12 16 2 1 2 7 1 2 7 12 16 2 17 18 2 1 2 7 1 2 7 0 2 7 0 2 7 1 2 7 13 6 3 0 2 7 1 2 7 1 2 7 0 2 4 0 2 4 1 2 7 0 2 4 0 2 7 1 2 7 1 2 7 0 59.7211945056915283
0 2 7 1 2 7 5 31 3 1 2 7 0 2 7 1 2 7 0 2 7 12 16 2 1 2 7 12 16 2 0 2 7 1 2 7 0 2 7 17 9 2 0 2 7 5 31 3 0 2 7 13 6 3 17 18 2 5 31 3 17 9 2 1 2 7 0 2 7 0 2 7 0 2 7 0 2 7 0 2 7 1 2 7 1 2 7 0 2 7 16 6 2 0 2 7 0 2 7 17 18 2 0 2 7 1 2 7 13 6 3 17 18 2 0 2 7 12 16 2 1 2 7 1 2 7 12 16 2 17 18 2 1 2 7 1 2 7 0 2 7 0 2 7 1 2 7 13 6 3 0 2 7 1 2 7 1 2 7 0 2 4 1 2 7 0 2 7 0 2 4 0 2 7 1 2 7 1 2 4 0 59.7211945056915283
0 2 7 0 2 7 5 31 3 1 2 4 1 2 7 12 16 2 1 2 4 12 16 2 12 16 2 0 2 7 1 2 7 0 2 7 17 9 2 0 2 7 1 2 7 13 6 3 17 18 2 17 9 2 1 2 7 0 2 7 1 2 7 0 2 7 0 2 4 0 2 7 1 2 7 0 2 7 17 18 2 1 2 7 0 2 7 13 6 3 17 18 2 0 2 7 12 16 2 0 2 7 1 2 7 17 18 2 1 2 7 0 2 7 1 2 4 0 2 7 0 2 4 0 2 7 1 2 4 13 6 3 1 2 7 1 2 7 0 2 7 0 2 7 5 30 3 5 30 3 0 2 7 0 2 7 0 2 7 1 2 7 0 2 7 5 31 3 1 2 7 17 9 2 12 16 2 13 6 3 0 59.8820604085922241
0 2 7 0 2 7 0 2 7 17 9 2 0 2 7 0 2 7 1 2 7 1 2 7 0 2 7 0 2 7 0 2 7 12 16 2 12 16 2 1 2 7 1 2 7 1 2 7 0 2 7 0 2 7 1 2 7 1 2 7 17 9 2 13 6 3 0 2 7 0 2 7 1 2 7 0 2 7 0 2 7 5 31 3 0 2 7 13 6 3 0 2 7 0 2 7 17 18 2 5 31 3 17 18 2 17 18 2 12 16 2 12 16 2 16 6 2 1 2 7 1 2 7 1 2 7 1 2 7 5 31 3 0 2 7 17 18 2 0 2 7 13 6 3 0 2 7 1 2 7 1 2 7 1 2 7 1 2 7 1 2 7 0 2 4 1 2 4 1 2 4 0 2 7 0 2 7 0 2 7 0 59.7211945056915283
0 2 7 0 2 7 0 2 7 1 2 7 1 2 7 12 16 2 12 16 2 1 2 7 0 2 7 0 2 7 1 2 4 0 2 7 0 2 7 0 2 7 0 2 4 0 2 7 1 2 7 17 18 2 17 18 2 1 2 7 0 2 4 0 2 7 1 2 7 1 2 7 0 2 4 17 9 2 0 2 7 0 2 7 1 2 7 0 2 7 1 2 7 1 2 7 0 2 7 1 2 7 13 6 3 17 9 2 5 31 3 1 2 7 5 30 3 12 16 2 1 2 7 1 2 7 17 18 2 1 2 7 1 2 7 17 18 2 13 6 3 0 2 7 0 2 7 0 2 7 13 6 3 5 31 3 1 2 4 0 2 4 0 2 4 0 2 7 5 30 3 17 9 2 0 2 7 1 2 7 0 59.7875515222549438
0 2 7 0 2 7 5 31 3 1 2 7 0 2 4 1 2 7 12 16 2 12 16 2 1 2 11 6 2 7 12 16 2 0 2 7 0 2 4 0 2 7 17 9 2 1 2 7 5 30 3 1 2 7 13 6 3 17 18 2 17 9 2 1 2 7 0 2 7 0 2 7 0 2 7 0 2 7 0 2 7 1 2 7 0 2 7 5 30 3 0 2 7 0 2 7 1 2 4 17 18 2 0 2 7 0 2 4 13 6 3 17 18 2 0 2 7 12 16 2 1 2 7 0 2 7 12 16 2 17 18 2 0 2 4 5 31 3 0 2 4 0 2 4 0 2 3 0 2 7 0 2 7 1 2 7 1 2 4 16 6 2 1 2 7 1 2 7 1 2 4 1 2 4 5 30 3 13 6 3 0 60.3975483775138855
1 2 7 0 2 4 0 2 4 12 16 2 12 16 2 0 2 7 0 2 7 0 2 7 1 2 7 0 2 7 0 2 7 1 2 7 1 2 7 17 18 2 17 18 2 1 2 7 0 2 7 0 2 7 0 2 7 17 9 2 0 2 7 1 2 7 0 2 7 13 6 3 17 9 2 12 16 2 0 2 4 1 2 7 17 18 2 13 6 3 1 2 7 0 2 7 0 2 7 1 2 7 0 2 7 13 6 3 5 31 3 12 16 2 1 2 7 1 2 7 0 2 7 1 2 7 1 2 7 16 6 2 1 2 7 5 31 3 0 2 7 1 2 7 0 2 7 0 2 7 17 18 2 0 2 4 0 2 7 0 2 7 6 2 7 5 30 3 1 2 7 0 2 7 1 2 7 5 31 3 0 59.938682496547699
0 2 7 0 2 7 1 2 6 5 31 3 1 2 7 1 2 7 1 2 3 12 16 2 1 2 11 1 2 7 0 2 7 12 16 2 0 2 7 0 2 7 0 2 7 17 9 2 1 2 7 5 30 3 1 2 7 13 6 3 17 18 2 17 9 2 1 2 7 0 2 7 0 2 7 0 2 7 0 2 7 0 2 7 1 2 7 5 30 3 0 2 7 0 2 3 0 2 4 17 18 2 0 2 7 0 2 7 13 6 3 17 18 2 0 2 7 12 16 2 1 2 7 1 2 7 17 18 2 1 2 7 0 2 7 1 2 7 0 2 4 0 2 3 0 2 4 0 2 4 0 2 4 1 2 4 17 9 2 1 2 11 1 2 7 1 2 7 1 2 7 13 6 3 0 2 3 1 2 7 0 60.1652774810791016
1 2 7 0 2 7 0 2 7 0 2 7 1 2 3 12 16 2 12 16 2 0 2 7 0 2 7 0 2 7 1 2 7 0 2 7 0 2 7 5 30 3 1 2 4 0 2 7 1 2 7 17 18 2 17 18 2 1 2 4 0 2 7 0 2 7 0 2 7 17 9 2 0 2 7 1 2 4 0 2 7 1 2 7 13 6 3 17 9 2 12 16 2 0 2 7 1 2 7 17 18 2 13 6 3 1 2 7 0 2 7 0 2 7 1 2 4 0 2 7 1 2 4 13 6 3 5 31 3 12 16 2 1 2 7 1 2 7 1 2 7 1 2 7 1 2 7 1 2 3 16 30 2 5 30 3 5 31 3 0 2 7 0 2 4 0 2 7 0 2 7 17 18 2 0 2 7 0 2 7 0 59.9867335557937622
0 2 7 0 2 7 0 2 7 17 9 2 0 2 7 0 2 4 1 2 7 1 2 7 0 2 7 0 2 7 0 2 7 12 16 2 12 16 2 1 2 7 1 2 7 1 2 7 0 2 7 0 2 7 6 2 7 1 2 7 17 9 2 13 6 3 0 2 7 0 2 7 1 2 7 0 2 7 0 2 7 5 31 3 0 2 7 13 6 3 0 2 7 0 2 7 17 18 2 5 31 3 17 18 2 17 18 2 12 16 2 12 16 2 1 2 7 1 2 7 1 2 7 0 2 7 17 18 2 0 2 7 13 6 3 0 2 7 0 2 4 1 2 4 1 2 4 0 2 7 0 2 7 0 2 7 16 6 2 1 2 7 5 31 3 1 2 7 5 30 3 1 2 7 1 2 7 1 2 7 0 59.938682496547699

