Current Evaluation = 900(900)
Front Size = 10
16 6 2 17 18 2 5 30 3 5 30 3 17 9 2 0 2 7 8 18 2 0 2 7 13 6 3 5 31 3 5 30 3 12 16 2 0 2 7 5 31 3 17 18 2 0 2 7 0 2 3 5 30 3 0 2 7 0 2 7 12 16 2 16 6 2 1 2 7 6 2 7 0 2 7 1 2 7 1 2 7 5 30 3 0 2 7 6 2 7 0 2 7 0 2 7 0 2 7 0 2 7 0 2 4 1 2 7 16 19 11 0 2 7 0 2 7 0 2 7 16 19 11 0 2 7 1 2 3 0 2 7 0 2 7 1 2 7 5 31 3 1 2 7 0 2 7 0 2 7 1 2 7 0 2 7 0 2 7 0 2 7 0 2 7 1 2 7 0 2 7 1 2 7 0 2 7 0 2 7 0 61.963225245475769
5 30 3 5 30 3 0 2 8 0 2 3 0 2 8 5 30 3 0 2 7 5 30 3 0 2 8 5 30 3 0 2 8 5 30 3 5 30 3 16 6 2 0 2 7 0 2 3 16 19 11 0 2 11 5 31 3 0 2 8 12 16 2 0 2 8 1 2 8 0 2 11 0 2 11 0 2 8 16 19 11 0 2 11 5 30 3 8 18 2 0 2 3 6 2 8 16 19 11 16 30 2 0 2 8 0 2 3 0 2 8 0 2 8 0 2 3 0 2 8 0 2 3 16 6 2 0 2 11 0 2 7 1 2 8 12 16 2 0 2 8 0 2 11 5 31 3 0 2 8 16 6 2 0 2 3 0 2 8 0 2 11 0 2 8 0 2 3 0 2 3 0 2 8 0 2 8 0 2 8 3.30979185046524971e-06 67.6395999193191528
0 2 7 8 18 2 5 30 3 16 30 2 12 16 2 5 30 3 5 30 3 0 2 11 5 30 3 5 30 3 0 2 3 12 16 2 0 2 7 0 2 7 17 18 2 0 2 3 16 19 11 0 2 7 8 9 2 1 2 7 0 2 3 1 2 7 16 19 11 1 2 11 8 9 2 0 2 7 0 2 7 0 2 7 0 2 7 0 2 7 0 2 7 1 2 4 0 2 3 0 2 11 17 9 2 0 2 7 5 30 3 16 19 11 1 2 7 0 2 4 0 2 4 0 2 11 17 9 2 1 2 7 1 2 7 0 2 11 5 30 3 1 2 7 0 2 7 0 2 11 0 2 11 12 16 2 1 2 3 1 2 7 0 2 11 0 2 7 1 2 7 0 2 10 0 2 4 0 2 7 0 63.6274796724319458
5 31 3 0 2 7 0 2 7 0 2 3 5 30 3 0 2 7 1 2 3 0 2 7 0 2 3 0 2 11 0 2 3 5 30 3 1 2 3 5 30 3 5 30 3 0 2 3 5 30 3 12 16 2 0 2 7 5 30 3 16 19 11 5 30 3 16 6 2 0 2 7 16 6 2 16 19 11 1 2 3 12 16 2 16 9 8 16 6 2 0 2 7 0 2 7 1 2 7 0 2 3 0 2 7 1 2 7 0 2 7 17 18 2 1 2 7 0 2 3 0 2 7 1 2 3 6 2 7 1 2 3 0 2 7 0 2 7 8 9 2 0 2 7 0 2 3 0 2 11 0 2 3 1 2 7 1 2 7 0 2 7 0 2 3 0 2 3 0 2 7 8 18 2 0 2 7 0 2 3 0 63.8098054528236389
8 9 2 6 2 12 6 2 8 8 9 2 6 2 8 16 19 12 6 2 12 16 19 12 5 30 3 5 30 3 8 18 2 6 2 12 8 18 2 8 18 2 6 3 2 5 30 3 8 18 2 8 18 2 5 30 3 8 18 2 13 6 3 6 2 12 6 2 12 8 18 2 6 2 8 5 30 3 0 2 12 6 2 8 8 18 2 6 2 12 16 15 2 16 15 2 0 2 12 6 2 12 16 19 12 8 9 2 8 9 2 6 2 12 8 9 2 6 2 8 8 9 2 16 19 12 6 2 8 5 30 3 8 18 2 16 19 12 6 2 12 8 9 2 6 2 12 8 18 2 8 9 2 8 9 2 2 3 3 8 9 2 5 30 3 6 2 12 13 6 3 5 30 3 6 2 12 8 18 2 0.115682604433565317 64.4672977924346924
0 2 8 16 19 12 0 2 8 8 9 2 0 2 8 0 2 3 0 2 8 1 2 8 16 19 12 8 18 2 1 2 8 5 30 3 8 9 2 16 6 2 12 16 2 5 30 3 0 2 8 0 2 8 0 2 8 0 2 8 5 30 3 1 2 8 0 2 3 0 2 8 0 2 8 0 2 8 0 2 8 0 2 8 8 18 2 5 30 3 1 2 8 16 19 12 0 2 3 5 30 3 0 2 3 0 2 8 12 16 2 0 2 8 0 2 8 0 2 3 8 9 2 1 2 8 0 2 8 1 2 8 1 2 3 5 30 3 0 2 3 16 19 12 8 18 2 5 30 3 12 16 2 0 2 8 16 19 12 0 2 8 1 2 8 0 2 8 0 2 8 17 18 2 0 2 8 0 2 8 0.000125113000210658876 68.4805909395217896
5 30 3 5 30 3 0 2 7 0 2 7 0 2 3 5 30 3 1 2 7 5 30 3 0 2 11 5 30 3 8 18 2 5 30 3 5 30 3 16 6 2 0 2 7 0 2 7 16 19 11 0 2 3 0 2 3 0 2 7 17 18 2 0 2 7 0 2 7 1 2 11 6 2 7 0 2 7 0 2 7 1 2 11 0 2 7 1 2 11 5 30 3 0 2 7 12 16 2 0 2 7 15 2 11 0 2 7 0 2 7 17 9 2 6 2 11 0 2 11 8 18 2 0 2 3 0 2 7 5 30 3 1 2 3 0 2 11 0 2 7 0 2 11 0 2 11 0 2 7 0 2 7 0 2 7 1 2 11 16 19 11 0 2 7 16 19 11 17 18 2 6 2 7 0 2 3 1 2 11 0 64.1997692584991455
17 18 2 5 30 3 5 30 3 8 18 2 12 16 2 5 30 3 12 16 2 5 30 3 5 30 3 12 16 2 16 6 2 5 30 3 0 2 8 17 9 2 1 2 8 13 6 3 5 31 3 0 2 3 0 2 8 0 2 8 16 19 12 0 2 7 8 9 2 0 2 7 0 2 7 0 2 8 6 2 7 0 2 8 0 2 3 0 2 7 1 2 7 16 19 12 0 2 8 0 2 7 0 2 7 1 2 8 1 2 7 1 2 8 0 2 7 1 2 3 0 2 7 16 9 11 0 2 7 1 2 7 8 18 2 0 2 8 1 2 7 1 2 8 0 2 8 0 2 7 0 2 8 0 2 7 0 2 11 0 2 7 0 2 7 16 19 12 0 2 7 0 2 8 0 2 8 0 2 7 0.000135352710304593532 64.9972161054611206
16 6 2 0 2 11 17 18 2 0 2 7 0 2 11 5 30 3 5 30 3 0 2 11 8 9 2 0 2 8 0 2 11 1 2 7 0 2 7 8 18 2 0 2 7 0 2 8 0 2 7 0 2 7 0 2 8 5 30 3 0 2 7 0 2 7 16 19 11 5 30 3 12 16 2 0 2 7 5 30 3 0 2 11 5 30 3 0 2 11 8 18 2 16 19 11 0 2 11 0 2 3 0 2 8 0 2 11 5 30 3 1 2 7 0 2 11 0 2 11 5 30 3 16 19 11 0 2 7 0 2 7 0 2 7 5 30 3 0 2 7 1 2 8 0 2 8 12 16 2 16 19 11 15 2 11 0 2 7 12 16 2 0 2 8 0 2 3 12 16 2 0 2 7 16 6 2 0 2 7 0 65.7994698286056519
17 18 2 5 30 3 1 2 3 6 2 7 5 30 3 12 16 2 1 2 8 0 2 7 0 2 11 0 2 8 0 2 3 0 2 7 0 2 8 0 2 3 0 2 3 0 2 7 5 30 3 5 31 3 1 2 7 0 2 8 5 30 3 5 31 3 0 2 3 12 16 2 0 2 8 0 2 3 5 30 3 8 18 2 0 2 11 5 30 3 0 2 3 0 2 7 0 2 3 5 30 3 0 2 12 16 6 2 0 2 3 0 2 7 1 2 12 1 2 12 0 2 7 0 2 11 12 16 2 0 2 7 0 2 7 0 2 7 0 2 7 13 6 3 16 6 2 6 2 3 0 2 7 0 2 7 0 2 7 0 2 11 17 9 2 0 2 7 0 2 7 0 2 8 16 19 12 16 19 11 0 65.1527009606361389

Current Evaluation = 1800(1800)
Front Size = 10
1 2 7 1 2 4 0 2 4 5 31 3 1 2 4 1 2 7 0 2 7 1 2 4 12 16 2 13 6 3 1 2 7 0 2 7 12 16 2 5 31 3 13 6 3 0 2 7 0 2 7 1 2 7 0 2 7 0 2 7 1 2 4 12 16 2 17 18 2 5 31 3 12 16 2 17 9 2 0 2 4 5 30 3 6 2 7 1 2 7 0 2 7 17 18 2 0 2 7 0 2 7 0 2 4 1 2 7 0 2 7 17 9 2 0 2 4 12 16 2 1 2 7 1 2 7 16 6 2 0 2 4 17 18 2 0 2 4 0 2 7 0 2 4 1 2 7 0 2 4 1 2 7 1 2 4 0 2 7 0 2 10 0 2 4 17 9 2 0 2 7 1 2 7 0 2 7 0 2 7 0 60.373223602771759
16 19 11 5 30 3 0 2 3 0 2 7 0 2 7 5 30 3 1 2 3 5 30 3 5 30 3 17 18 2 5 30 3 5 30 3 16 30 2 0 2 7 1 2 7 1 2 3 0 2 7 0 2 7 1 2 7 0 2 7 0 2 7 0 2 3 0 2 7 0 2 3 12 16 2 0 2 3 0 2 3 0 2 7 0 2 7 0 2 7 1 2 7 12 16 2 5 31 3 8 1 2 0 2 7 1 2 3 0 2 3 1 2 3 5 30 3 6 2 7 17 9 2 0 2 7 0 2 3 0 2 7 0 2 3 0 2 3 0 2 7 0 2 7 0 2 7 16 9 11 1 2 7 0 2 3 16 30 2 0 2 7 12 16 2 1 2 7 0 2 7 0 2 7 1 2 3 16 19 11 0 63.541291356086731
5 31 3 0 2 7 12 16 2 17 9 2 0 2 11 12 16 2 5 30 3 12 16 2 8 9 2 0 2 11 0 2 7 0 2 7 0 2 11 0 2 11 0 2 7 1 2 11 1 2 11 1 2 7 0 2 7 5 30 3 0 2 7 0 2 7 1 2 7 5 30 3 1 2 11 5 30 3 12 16 2 1 2 7 0 2 7 0 2 7 0 2 7 0 2 7 0 2 4 0 2 7 0 2 11 0 2 7 0 2 7 8 18 2 1 2 7 16 6 2 0 2 7 0 2 4 1 2 7 16 19 11 1 2 4 16 19 11 16 6 2 0 2 7 17 9 2 1 2 7 0 2 7 5 30 3 0 2 11 8 9 2 0 2 7 8 18 2 0 2 7 0 2 4 17 18 2 5 30 3 0 63.2144883871078491
0 2 8 16 19 12 0 2 8 8 9 2 0 2 8 0 2 3 0 2 8 1 2 8 16 19 12 8 18 2 1 2 8 5 30 3 8 9 2 16 6 2 12 16 2 5 30 3 0 2 8 0 2 8 0 2 8 0 2 8 5 30 3 1 2 8 0 2 3 0 2 8 0 2 8 0 2 8 0 2 8 0 2 8 8 18 2 5 30 3 1 2 8 16 19 12 0 2 3 5 30 3 0 2 3 0 2 8 12 16 2 0 2 8 0 2 8 0 2 3 8 9 2 1 2 8 0 2 8 1 2 8 1 2 3 5 30 3 0 2 3 16 19 12 8 18 2 5 30 3 12 16 2 0 2 8 16 19 12 0 2 8 1 2 8 0 2 8 0 2 8 17 18 2 0 2 8 0 2 8 0.000125113000210658876 68.4805909395217896
5 30 3 5 30 3 5 30 3 5 30 3 5 30 3 5 30 3 5 30 3 5 30 3 0 2 3 0 2 3 0 2 3 0 2 7 0 2 3 1 2 3 0 2 7 0 2 3 5 30 3 0 2 3 0 2 7 0 2 3 9 2 7 1 2 11 0 2 7 12 16 2 16 19 11 0 2 3 0 2 3 16 19 11 0 2 11 16 19 11 0 2 7 0 2 7 16 19 11 16 6 2 0 2 3 12 16 2 0 2 11 0 2 7 1 2 7 0 2 8 0 2 7 16 19 11 8 18 2 0 2 7 16 6 2 0 2 3 0 2 7 0 2 3 0 2 3 0 2 3 0 2 7 0 2 3 1 2 3 0 2 3 1 2 7 0 2 7 0 2 7 0 2 3 0 2 7 0 2 7 0 65.5903902053833008
8 9 2 6 2 12 6 2 8 8 9 2 6 2 8 16 19 12 6 2 12 16 19 12 5 30 3 5 30 3 8 18 2 6 2 12 8 18 2 8 18 2 6 3 2 5 30 3 8 18 2 8 18 2 5 30 3 8 18 2 13 6 3 6 2 12 6 2 12 8 18 2 6 2 8 5 30 3 0 2 12 6 2 8 8 18 2 6 2 12 16 15 2 16 15 2 0 2 12 6 2 12 16 19 12 8 9 2 8 9 2 6 2 12 8 9 2 6 2 8 8 9 2 16 19 12 6 2 8 5 30 3 8 18 2 16 19 12 6 2 12 8 9 2 6 2 12 8 18 2 8 9 2 8 9 2 2 3 3 8 9 2 5 30 3 6 2 12 13 6 3 5 30 3 6 2 12 8 18 2 0.115682604433565317 64.4672977924346924
5 30 3 5 30 3 0 2 8 0 2 3 0 2 8 5 30 3 0 2 7 5 30 3 0 2 8 5 30 3 0 2 8 5 30 3 5 30 3 16 6 2 0 2 7 0 2 3 16 19 11 0 2 11 5 31 3 0 2 8 12 16 2 0 2 8 1 2 8 0 2 11 0 2 11 0 2 8 16 19 11 0 2 11 5 30 3 8 18 2 0 2 3 6 2 8 16 19 11 16 30 2 0 2 8 0 2 3 0 2 8 0 2 8 0 2 3 0 2 8 0 2 3 16 6 2 0 2 11 0 2 7 1 2 8 12 16 2 0 2 8 0 2 11 5 31 3 0 2 8 16 6 2 0 2 3 0 2 8 0 2 11 0 2 8 0 2 3 0 2 3 0 2 8 0 2 8 0 2 8 3.30979185046524971e-06 67.6395999193191528
0 2 3 8 18 2 5 30 3 12 16 2 5 30 3 5 30 3 0 2 3 5 30 3 0 2 3 5 30 3 0 2 3 12 16 2 1 2 3 5 30 3 12 16 2 17 18 2 0 2 8 0 2 7 17 9 2 0 2 4 0 2 8 1 2 7 1 2 8 16 19 12 1 2 8 8 9 2 0 2 7 16 31 2 0 2 8 0 2 7 0 2 8 1 2 8 0 2 8 0 2 8 0 2 8 0 2 7 17 9 2 0 2 7 0 2 7 1 2 7 0 2 8 0 2 8 1 2 7 0 2 3 8 9 2 0 2 4 0 2 8 0 2 7 0 2 3 0 2 7 8 18 2 13 6 3 1 2 7 0 2 7 1 2 7 1 2 4 0 2 8 0 2 7 0 2 8 0 2 8 0.00127472454572552605 65.0295183658599854
5 30 3 5 30 3 8 18 2 8 18 2 5 30 3 5 30 3 5 30 3 5 30 3 5 30 3 5 30 3 1 2 11 6 2 12 6 2 8 0 2 7 6 2 8 0 2 7 0 2 7 17 9 2 6 2 12 8 18 2 16 19 11 8 18 2 8 18 2 0 2 3 13 6 3 0 2 11 0 2 3 8 18 2 6 2 8 0 2 12 0 2 7 8 18 2 6 2 12 0 2 7 16 15 2 0 2 12 6 2 12 16 19 12 8 9 2 0 2 7 1 2 3 8 9 2 6 2 8 5 30 3 16 19 12 6 2 8 0 2 7 0 2 3 6 2 12 1 2 7 0 2 7 8 18 2 8 9 2 0 2 7 6 2 7 8 9 2 0 2 7 16 6 2 16 19 11 17 18 2 0.0336747046578508014 64.1610570549964905
5 30 3 5 30 3 0 2 7 0 2 7 0 2 3 5 30 3 1 2 7 5 30 3 0 2 11 5 30 3 8 18 2 5 30 3 5 30 3 16 6 2 0 2 7 0 2 7 16 19 11 0 2 3 0 2 3 0 2 7 17 18 2 0 2 7 0 2 7 1 2 11 6 2 7 0 2 7 0 2 7 1 2 11 0 2 7 1 2 11 5 30 3 0 2 7 12 16 2 0 2 7 15 2 11 0 2 7 0 2 7 17 9 2 6 2 11 0 2 11 8 18 2 0 2 3 0 2 7 5 30 3 1 2 3 0 2 11 0 2 7 0 2 11 0 2 11 0 2 7 0 2 7 0 2 7 1 2 11 16 19 11 0 2 7 16 19 11 17 18 2 6 2 7 0 2 3 1 2 11 0 64.1997692584991455

Current Evaluation = 2700(2700)
Front Size = 10
1 2 7 1 2 4 0 2 4 5 31 3 1 2 4 1 2 7 0 2 7 0 2 7 12 16 2 13 6 3 1 2 7 0 2 7 12 16 2 5 31 3 13 6 3 0 2 7 0 2 7 1 2 7 0 2 7 0 2 7 1 2 4 12 16 2 17 18 2 5 31 3 12 16 2 17 9 2 0 2 4 5 30 3 1 2 7 1 2 7 0 2 7 17 18 2 0 2 7 0 2 7 0 2 4 1 2 7 0 2 7 17 9 2 0 2 4 12 16 2 1 2 7 1 2 7 16 6 2 0 2 4 17 18 2 0 2 4 0 2 7 0 2 4 1 2 4 1 2 4 1 2 7 1 2 4 0 2 7 0 2 7 0 2 4 17 9 2 0 2 7 1 2 7 0 2 7 0 2 7 0 60.3429305553436279
5 30 3 5 30 3 0 2 8 0 2 3 0 2 8 5 30 3 0 2 7 5 30 3 0 2 8 5 30 3 0 2 8 5 30 3 5 30 3 16 6 2 0 2 7 0 2 3 16 19 11 0 2 11 5 31 3 0 2 8 12 16 2 0 2 8 1 2 8 0 2 11 0 2 11 0 2 8 16 19 11 0 2 11 5 30 3 8 18 2 0 2 3 6 2 8 16 19 11 16 30 2 0 2 8 0 2 3 0 2 8 0 2 8 0 2 3 0 2 8 0 2 3 16 6 2 0 2 11 0 2 7 1 2 8 12 16 2 0 2 8 0 2 11 5 31 3 0 2 8 16 6 2 0 2 3 0 2 8 0 2 11 0 2 8 0 2 3 0 2 3 0 2 8 0 2 8 0 2 8 3.30979185046524971e-06 67.6395999193191528
1 2 7 0 2 7 5 30 3 1 2 3 0 2 7 0 2 7 12 16 2 1 2 7 1 2 3 12 16 2 1 2 7 0 2 7 1 2 7 0 2 3 0 2 7 17 9 2 5 31 3 0 2 7 0 2 7 0 2 3 0 2 7 0 2 7 0 2 7 5 31 3 17 18 2 16 6 2 0 2 7 0 2 3 0 2 7 0 2 7 0 2 3 0 2 3 16 6 2 1 2 7 0 2 7 13 6 3 1 2 4 5 30 3 17 18 2 5 30 3 8 9 2 0 2 3 0 2 7 0 2 7 16 19 11 0 2 7 0 2 3 1 2 3 0 2 4 0 2 7 0 2 7 1 2 7 1 2 7 1 2 7 1 2 4 0 2 7 0 2 3 16 6 2 1 2 7 5 30 3 0 61.8821204900741577
5 30 3 5 30 3 5 30 3 0 2 11 1 2 7 0 2 7 0 2 11 1 2 7 0 2 11 1 2 11 0 2 11 12 16 2 0 2 10 1 2 7 16 6 2 12 16 2 0 2 7 0 2 7 0 2 11 0 2 11 8 18 2 0 2 7 0 2 11 0 2 11 5 30 3 5 30 3 5 30 3 6 2 11 5 31 3 0 2 7 1 2 7 0 2 11 17 18 2 0 2 7 0 2 7 0 2 11 8 9 2 6 2 7 16 18 11 6 2 11 0 2 7 5 31 3 16 19 11 0 2 11 0 2 11 0 2 7 16 6 2 12 16 2 0 2 7 17 9 2 0 2 7 17 18 2 0 2 7 6 2 11 5 30 3 0 2 7 1 2 7 0 2 7 0 2 7 0 2 7 0 64.0834890604019165
5 30 3 5 30 3 8 18 2 8 18 2 5 30 3 5 30 3 5 30 3 5 30 3 5 30 3 5 30 3 1 2 11 6 2 12 6 2 8 0 2 7 6 2 8 0 2 7 0 2 7 17 9 2 6 2 12 8 18 2 16 19 11 8 18 2 8 18 2 0 2 3 13 6 3 0 2 11 0 2 3 8 18 2 6 2 8 0 2 12 0 2 7 8 18 2 6 2 12 0 2 7 16 15 2 0 2 12 6 2 12 16 19 12 8 9 2 0 2 7 1 2 3 8 9 2 6 2 8 5 30 3 16 19 12 6 2 8 0 2 7 0 2 3 6 2 12 1 2 7 0 2 7 8 18 2 8 9 2 0 2 7 6 2 7 8 9 2 0 2 7 16 6 2 16 19 11 17 18 2 0.0336747046578508014 64.1610570549964905
5 30 3 5 30 3 0 2 7 6 2 3 0 2 7 5 30 3 0 2 11 5 30 3 1 2 7 5 31 3 8 18 2 5 30 3 5 30 3 16 6 2 0 2 7 1 2 11 16 19 11 0 2 7 0 2 7 1 2 7 17 18 2 0 2 7 0 2 7 0 2 7 0 2 7 1 2 11 0 2 7 1 2 7 0 2 4 0 2 7 5 30 3 0 2 7 12 16 2 16 19 11 0 2 3 1 2 7 0 2 7 17 18 2 0 2 7 0 2 7 8 18 2 0 2 7 0 2 7 12 16 2 1 2 11 0 2 7 1 2 7 1 2 7 0 2 7 0 2 10 0 2 7 1 2 7 0 2 7 16 19 11 0 2 7 8 9 2 17 18 2 0 2 7 0 2 7 0 2 7 0 63.1438729763031006
5 30 3 5 30 3 5 30 3 5 30 3 5 30 3 5 30 3 5 30 3 5 30 3 0 2 3 0 2 3 0 2 3 0 2 7 0 2 3 1 2 3 0 2 7 0 2 3 5 30 3 0 2 3 0 2 7 0 2 3 9 2 7 1 2 11 0 2 7 12 16 2 16 19 11 0 2 3 0 2 3 16 19 11 0 2 11 16 19 11 0 2 7 0 2 7 16 19 11 16 6 2 0 2 3 12 16 2 0 2 11 0 2 7 1 2 7 0 2 8 0 2 7 16 19 11 8 18 2 0 2 7 16 6 2 0 2 3 0 2 7 0 2 3 0 2 3 0 2 3 0 2 7 0 2 3 1 2 3 0 2 3 1 2 7 0 2 7 0 2 7 0 2 3 0 2 7 0 2 7 0 65.5903902053833008
5 30 3 5 30 3 0 2 7 0 2 7 0 2 3 5 30 3 1 2 7 5 30 3 0 2 11 5 30 3 8 18 2 5 30 3 5 30 3 16 6 2 0 2 7 0 2 7 16 19 11 0 2 3 0 2 3 0 2 7 17 18 2 0 2 7 0 2 7 1 2 11 6 2 7 0 2 7 0 2 7 1 2 11 0 2 7 1 2 11 5 30 3 0 2 7 12 16 2 0 2 7 15 2 11 0 2 7 0 2 7 17 9 2 6 2 11 0 2 11 8 18 2 0 2 3 0 2 7 5 30 3 1 2 3 0 2 11 0 2 7 0 2 11 0 2 11 0 2 7 0 2 7 0 2 7 1 2 11 16 19 11 0 2 7 16 19 11 17 18 2 6 2 7 0 2 3 1 2 11 0 64.1997692584991455
12 16 2 12 16 2 12 16 2 17 18 2 5 30 3 16 6 2 0 2 8 1 2 4 0 2 8 5 31 3 1 2 8 1 2 7 0 2 8 0 2 7 13 6 3 1 2 7 0 2 7 0 2 8 5 30 3 0 2 7 0 2 8 0 2 8 0 2 7 8 9 2 0 2 3 5 31 3 12 16 2 0 2 8 0 2 4 1 2 7 0 2 8 16 19 12 8 18 2 0 2 7 0 2 7 0 2 8 1 2 7 0 2 7 8 9 2 0 2 4 12 16 2 0 2 3 0 2 3 0 2 4 17 18 2 1 2 8 0 2 7 0 2 4 1 2 4 0 2 3 0 2 8 1 2 4 0 2 8 0 2 8 0 2 8 5 30 3 0 2 8 0 2 8 0 2 7 0 2 7 0.00395720413456186141 65.1641795635223389
0 2 8 16 19 12 0 2 8 8 9 2 0 2 8 0 2 3 0 2 8 1 2 8 16 19 12 8 18 2 1 2 8 5 30 3 8 9 2 16 6 2 12 16 2 5 30 3 0 2 8 0 2 8 0 2 8 0 2 8 5 30 3 1 2 8 0 2 3 0 2 8 0 2 8 0 2 8 0 2 8 0 2 8 8 18 2 5 30 3 1 2 8 16 19 12 0 2 3 5 30 3 0 2 3 0 2 8 12 16 2 0 2 8 0 2 8 0 2 3 8 9 2 1 2 8 0 2 8 1 2 8 1 2 3 5 30 3 0 2 3 16 19 12 8 18 2 5 30 3 12 16 2 0 2 8 16 19 12 0 2 8 1 2 8 0 2 8 0 2 8 17 18 2 0 2 8 0 2 8 0.000125113000210658876 68.4805909395217896

Current Evaluation = 3600(3600)
Front Size = 10
1 2 7 1 2 4 0 2 4 5 31 3 1 2 4 1 2 7 0 2 7 0 2 7 12 16 2 13 6 3 1 2 7 0 2 7 12 16 2 5 31 3 13 6 3 0 2 7 0 2 7 1 2 7 0 2 7 0 2 7 1 2 4 0 2 7 17 18 2 5 31 3 12 16 2 17 9 2 0 2 4 5 30 3 1 2 7 1 2 7 0 2 7 17 18 2 0 2 7 0 2 7 0 2 4 1 2 7 0 2 7 17 9 2 1 2 4 12 16 2 1 2 7 1 2 7 16 30 2 0 2 7 17 18 2 0 2 4 0 2 7 0 2 7 1 2 4 1 2 4 1 2 7 1 2 4 0 2 7 0 2 7 0 2 4 17 9 2 0 2 7 1 2 7 0 2 7 0 2 7 0 60.1292036771774292
1 2 7 0 2 3 0 2 7 0 2 3 0 2 7 12 16 2 0 2 7 16 6 2 12 16 2 1 2 7 0 2 3 0 2 7 0 2 7 0 2 3 0 2 7 0 2 7 0 2 3 0 2 7 5 31 3 0 2 3 0 2 3 1 2 3 0 2 7 5 30 3 0 2 3 1 2 7 5 30 3 16 6 2 0 2 7 1 2 7 0 2 7 16 19 11 17 9 2 0 2 7 0 2 7 1 2 7 0 2 7 8 18 2 16 19 11 5 30 3 6 2 3 1 2 7 0 2 7 1 2 7 0 2 3 1 2 7 0 2 7 13 6 3 16 6 2 1 2 3 5 31 3 1 2 7 0 2 7 1 2 7 0 2 3 5 30 3 0 2 7 17 9 2 0 2 7 12 16 2 0 62.4988223314285278
5 30 3 5 30 3 5 30 3 0 2 11 1 2 7 0 2 7 0 2 11 1 2 7 0 2 11 1 2 11 0 2 11 12 16 2 0 2 10 1 2 7 16 6 2 12 16 2 0 2 7 0 2 7 0 2 11 0 2 11 8 18 2 0 2 7 0 2 11 0 2 11 5 30 3 5 30 3 5 30 3 6 2 11 5 31 3 0 2 7 1 2 7 0 2 11 17 18 2 0 2 7 0 2 7 0 2 11 8 9 2 6 2 7 16 18 11 6 2 11 0 2 7 5 31 3 16 19 11 0 2 11 0 2 11 0 2 7 16 6 2 12 16 2 0 2 7 17 9 2 0 2 7 17 18 2 0 2 7 6 2 11 5 30 3 0 2 7 1 2 7 0 2 7 0 2 7 0 2 7 0 64.0834890604019165
5 30 3 5 30 3 0 2 8 0 2 3 0 2 8 5 30 3 0 2 7 5 30 3 0 2 8 5 30 3 0 2 8 5 30 3 5 30 3 16 6 2 0 2 7 0 2 3 16 19 11 0 2 11 5 31 3 0 2 8 12 16 2 0 2 8 1 2 8 0 2 11 0 2 11 0 2 8 16 19 11 0 2 11 5 30 3 8 18 2 0 2 3 6 2 8 16 19 11 16 30 2 0 2 8 0 2 3 0 2 8 0 2 8 0 2 3 0 2 8 0 2 3 16 6 2 0 2 11 0 2 7 1 2 8 12 16 2 0 2 8 0 2 11 5 31 3 0 2 8 16 6 2 0 2 3 0 2 8 0 2 11 0 2 8 0 2 3 0 2 3 0 2 8 0 2 8 0 2 8 3.30979185046524971e-06 67.6395999193191528
5 30 3 0 2 7 0 2 7 0 2 7 17 9 2 13 6 3 1 2 11 0 2 7 0 2 7 0 2 4 0 2 7 1 2 11 0 2 7 0 2 7 17 18 2 5 30 3 12 16 2 0 2 4 5 30 3 5 30 3 1 2 7 0 2 11 5 30 3 5 30 3 0 2 7 1 2 7 0 2 7 0 2 7 1 2 7 8 18 2 0 2 7 17 18 2 8 18 2 1 2 7 0 2 11 0 2 7 0 2 11 0 2 7 0 2 7 1 2 7 0 2 7 16 19 11 1 2 11 0 2 11 0 2 11 5 30 3 1 2 11 17 9 2 1 2 7 0 2 7 16 19 11 1 2 7 17 18 2 0 2 11 12 16 2 8 18 2 0 2 7 5 30 3 0 2 7 0 2 7 0 63.0704423189163208
5 30 3 0 2 7 1 2 7 0 2 3 0 2 3 12 16 2 0 2 7 16 6 2 12 16 2 0 2 7 0 2 7 1 2 7 0 2 3 0 2 7 0 2 3 1 2 11 0 2 7 0 2 7 5 30 3 0 2 7 0 2 3 0 2 3 5 30 3 5 30 3 0 2 7 0 2 3 5 30 3 0 2 3 0 2 7 0 2 7 0 2 11 16 19 11 1 2 7 1 2 3 0 2 7 1 2 3 0 2 7 5 30 3 0 2 7 0 2 3 0 2 7 5 30 3 0 2 7 8 9 2 16 19 11 0 2 3 16 19 11 16 19 11 16 19 11 5 30 3 16 19 11 0 2 7 0 2 3 0 2 7 0 2 3 0 2 3 0 2 3 0 2 3 0 2 3 5 30 3 0 65.3571749925613403
5 30 3 12 16 2 12 16 2 12 16 2 17 18 2 1 2 7 1 2 7 13 6 3 0 2 7 0 2 8 13 6 3 0 2 7 0 2 7 0 2 7 0 2 7 1 2 7 8 9 2 16 6 2 5 30 3 0 2 8 1 2 7 0 2 7 0 2 8 5 30 3 1 2 8 12 16 2 0 2 7 5 31 3 16 30 2 0 2 7 0 2 8 8 18 2 5 30 3 1 2 8 16 19 12 0 2 3 0 2 7 5 31 3 0 2 8 1 2 7 0 2 8 1 2 4 1 2 7 1 2 8 0 2 8 1 2 8 17 9 2 5 30 3 1 2 4 16 19 12 0 2 4 5 30 3 5 31 3 16 19 12 0 2 7 1 2 8 1 2 7 0 2 8 0 2 8 0 2 8 0.00832793711685309024 64.3867189884185791
5 30 3 5 30 3 8 18 2 8 18 2 5 30 3 5 30 3 5 30 3 5 30 3 5 30 3 5 30 3 1 2 11 6 2 12 6 2 8 0 2 7 6 2 8 0 2 7 0 2 7 17 9 2 6 2 12 8 18 2 16 19 11 8 18 2 8 18 2 0 2 3 13 6 3 0 2 11 0 2 3 8 18 2 6 2 8 0 2 12 0 2 7 8 18 2 6 2 12 0 2 7 16 15 2 0 2 12 6 2 12 16 19 12 8 9 2 0 2 7 1 2 3 8 9 2 6 2 8 5 30 3 16 19 12 6 2 8 0 2 7 0 2 3 6 2 12 1 2 7 0 2 7 8 18 2 8 9 2 0 2 7 6 2 7 8 9 2 0 2 7 16 6 2 16 19 11 17 18 2 0.0336747046578508014 64.1610570549964905
0 2 8 16 19 12 0 2 8 8 9 2 0 2 8 0 2 3 0 2 8 1 2 8 16 19 12 8 18 2 1 2 8 5 30 3 8 9 2 16 6 2 12 16 2 5 30 3 0 2 8 0 2 8 0 2 8 0 2 8 5 30 3 1 2 8 0 2 3 0 2 8 0 2 8 0 2 8 0 2 8 0 2 8 8 18 2 5 30 3 1 2 8 16 19 12 0 2 3 5 30 3 0 2 3 0 2 8 12 16 2 0 2 8 0 2 8 0 2 3 8 9 2 1 2 8 0 2 8 1 2 8 1 2 3 5 30 3 0 2 3 16 19 12 8 18 2 5 30 3 12 16 2 0 2 8 16 19 12 0 2 8 1 2 8 0 2 8 0 2 8 17 18 2 0 2 8 0 2 8 0.000125113000210658876 68.4805909395217896
5 30 3 5 30 3 5 30 3 5 31 3 5 30 3 0 2 7 0 2 7 0 2 7 1 2 7 0 2 7 1 2 7 0 2 7 0 2 7 0 2 3 0 2 4 0 2 7 0 2 3 12 16 2 16 19 11 0 2 7 0 2 7 0 2 7 0 2 7 1 2 7 16 30 2 12 16 2 0 2 7 6 2 7 1 2 7 0 2 7 1 2 7 6 2 7 0 2 7 0 2 7 0 2 3 0 2 7 0 2 3 1 2 3 6 2 7 0 2 7 1 2 7 5 31 3 1 2 3 0 2 7 16 9 11 17 18 2 0 2 7 0 2 4 0 2 7 1 2 3 17 18 2 1 2 7 0 2 3 0 2 3 16 19 11 5 30 3 0 2 7 5 31 3 0 2 3 16 19 11 0 63.3558034896850586

Current Evaluation = 4500(4500)
Front Size = 10
1 2 7 1 2 4 0 2 4 5 31 3 1 2 4 1 2 7 0 2 7 0 2 7 12 16 2 13 6 3 1 2 7 0 2 7 12 16 2 5 31 3 13 6 3 0 2 7 0 2 7 1 2 7 0 2 7 0 2 7 1 2 4 0 2 7 17 18 2 5 31 3 12 16 2 17 9 2 0 2 4 5 30 3 1 2 7 1 2 7 0 2 7 17 18 2 0 2 7 0 2 7 0 2 4 1 2 7 0 2 7 17 9 2 1 2 4 12 16 2 1 2 7 1 2 7 16 30 2 0 2 7 17 18 2 0 2 4 0 2 7 0 2 7 1 2 4 1 2 4 1 2 7 1 2 4 0 2 7 0 2 7 0 2 4 17 9 2 0 2 7 1 2 7 0 2 7 0 2 7 0 60.1292036771774292
5 31 3 0 2 3 5 30 3 0 2 3 0 2 7 1 2 7 0 2 3 1 2 7 1 2 7 0 2 7 5 30 3 0 2 7 0 2 7 0 2 3 0 2 7 1 2 3 5 30 3 5 31 3 17 18 2 12 16 2 0 2 3 1 2 3 0 2 7 1 2 7 0 2 7 0 2 7 17 18 2 0 2 7 0 2 3 0 2 3 5 30 3 1 2 7 1 2 7 1 2 3 1 2 7 0 2 7 0 2 7 0 2 7 16 30 2 12 16 2 0 2 7 6 2 7 17 18 2 8 9 2 0 2 7 1 2 7 16 15 2 13 6 3 0 2 3 0 2 7 16 6 2 0 2 7 1 2 7 0 2 7 0 2 3 1 2 7 16 30 2 1 2 7 0 2 7 0 2 7 0 61.6539977192878723
5 30 3 5 30 3 5 30 3 0 2 11 0 2 7 0 2 7 1 2 3 12 16 2 0 2 7 0 2 7 0 2 7 0 2 7 5 30 3 5 30 3 5 30 3 5 30 3 0 2 7 0 2 7 17 18 2 0 2 7 0 2 3 8 9 2 0 2 7 1 2 11 8 1 2 16 19 11 0 2 7 0 2 7 17 9 2 0 2 3 17 18 2 0 2 7 1 2 7 0 2 7 0 2 7 0 2 7 1 2 7 8 18 2 1 2 7 1 2 7 0 2 7 0 2 7 1 2 7 12 16 2 0 2 7 0 2 7 13 6 3 1 2 7 17 18 2 16 6 2 0 2 7 0 2 7 0 2 7 1 2 3 0 2 7 0 2 7 16 6 2 12 16 2 1 2 7 5 30 3 0 62.2200549840927124
0 2 8 16 19 12 0 2 8 8 9 2 0 2 8 0 2 3 0 2 8 1 2 8 16 19 12 8 18 2 1 2 8 5 30 3 8 9 2 16 6 2 12 16 2 5 30 3 0 2 8 0 2 8 0 2 8 0 2 8 5 30 3 1 2 8 0 2 3 0 2 8 0 2 8 0 2 8 0 2 8 0 2 8 8 18 2 5 30 3 1 2 8 16 19 12 0 2 3 5 30 3 0 2 3 0 2 8 12 16 2 0 2 8 0 2 8 0 2 3 8 9 2 1 2 8 0 2 8 1 2 8 1 2 3 5 30 3 0 2 3 16 19 12 8 18 2 5 30 3 12 16 2 0 2 8 16 19 12 0 2 8 1 2 8 0 2 8 0 2 8 17 18 2 0 2 8 0 2 8 0.000125113000210658876 68.4805909395217896
5 30 3 0 2 7 5 30 3 0 2 7 1 2 7 1 2 7 0 2 7 1 2 7 0 2 7 0 2 7 0 2 7 5 30 3 17 9 2 1 2 11 1 2 4 0 2 7 0 2 11 1 2 7 0 2 11 0 2 11 0 2 7 16 6 2 17 18 2 12 16 2 0 2 1 5 30 3 0 2 11 5 30 3 5 30 3 0 2 7 1 2 11 0 2 7 0 2 7 0 2 7 0 2 7 8 18 2 0 2 7 1 2 11 1 2 4 0 2 7 8 18 2 0 2 4 1 2 7 17 18 2 0 2 7 0 2 4 0 2 7 1 2 7 0 2 7 17 9 2 1 2 11 5 31 3 0 2 7 0 2 7 0 2 7 8 18 2 1 2 7 1 2 1 17 18 2 16 9 11 0 62.673132598400116
5 30 3 12 16 2 12 16 2 12 16 2 17 18 2 1 2 7 1 2 7 13 6 3 0 2 7 0 2 8 13 6 3 0 2 7 0 2 7 0 2 7 0 2 7 1 2 7 8 9 2 16 6 2 5 30 3 0 2 8 1 2 7 0 2 7 0 2 8 5 30 3 1 2 8 12 16 2 0 2 7 5 31 3 16 30 2 0 2 7 0 2 8 8 18 2 5 30 3 1 2 8 16 19 12 0 2 3 0 2 7 5 31 3 0 2 8 1 2 7 0 2 8 1 2 4 1 2 7 1 2 8 0 2 8 1 2 8 17 9 2 5 30 3 1 2 4 16 19 12 0 2 4 5 30 3 5 31 3 16 19 12 0 2 7 1 2 8 1 2 7 0 2 8 0 2 8 0 2 8 0.00832793711685309024 64.3867189884185791
12 16 2 0 2 7 12 16 2 0 2 7 0 2 6 5 31 3 1 2 3 5 30 3 0 2 4 0 2 7 0 2 3 0 2 3 1 2 7 1 2 3 1 2 3 0 2 7 0 2 3 5 30 3 0 2 3 8 9 2 12 16 2 5 30 3 0 2 7 16 6 2 0 2 7 0 2 3 0 2 4 0 2 7 16 6 2 0 2 3 8 9 2 0 2 4 5 30 3 0 2 7 0 2 3 0 2 7 0 2 3 1 2 7 0 2 3 1 2 3 0 2 3 1 2 3 16 18 8 5 30 3 0 2 7 12 16 2 1 2 3 0 2 7 1 2 3 16 6 2 5 30 3 0 2 7 0 2 3 0 2 3 0 2 3 16 6 2 1 2 3 16 19 11 16 6 2 0 2 7 0 63.8001763820648193
5 30 3 5 30 3 8 18 2 8 18 2 5 30 3 5 30 3 5 30 3 5 30 3 5 30 3 5 30 3 1 2 11 6 2 12 6 2 8 0 2 7 6 2 8 0 2 7 0 2 7 17 9 2 6 2 12 8 18 2 16 19 11 8 18 2 8 18 2 0 2 3 13 6 3 0 2 11 0 2 3 8 18 2 6 2 8 0 2 12 0 2 7 8 18 2 6 2 12 0 2 7 16 15 2 0 2 12 6 2 12 16 19 12 8 9 2 0 2 7 1 2 3 8 9 2 6 2 8 5 30 3 16 19 12 6 2 8 0 2 7 0 2 3 6 2 12 1 2 7 0 2 7 8 18 2 8 9 2 0 2 7 6 2 7 8 9 2 0 2 7 16 6 2 16 19 11 17 18 2 0.0336747046578508014 64.1610570549964905
5 30 3 5 30 3 5 30 3 0 2 11 1 2 7 0 2 7 0 2 11 1 2 7 0 2 11 1 2 11 0 2 11 12 16 2 0 2 10 1 2 7 16 6 2 12 16 2 0 2 7 0 2 7 0 2 11 0 2 11 8 18 2 0 2 7 0 2 11 0 2 11 5 30 3 5 30 3 5 30 3 6 2 11 5 31 3 0 2 7 1 2 7 0 2 11 17 18 2 0 2 7 0 2 7 0 2 11 8 9 2 6 2 7 16 18 11 6 2 11 0 2 7 5 31 3 16 19 11 0 2 11 0 2 11 0 2 7 16 6 2 12 16 2 0 2 7 17 9 2 0 2 7 17 18 2 0 2 7 6 2 11 5 30 3 0 2 7 1 2 7 0 2 7 0 2 7 0 2 7 0 64.0834890604019165
5 30 3 0 2 7 5 30 3 0 2 7 1 2 7 1 2 7 0 2 7 1 2 7 1 2 7 0 2 7 5 30 3 0 2 7 0 2 7 0 2 7 0 2 7 13 6 3 5 30 3 5 31 3 17 18 2 12 16 2 0 2 7 1 2 7 1 2 7 1 2 7 0 2 7 0 2 7 17 18 2 0 2 7 0 2 7 0 2 7 5 31 3 0 2 7 17 9 2 0 2 4 6 2 4 1 2 7 1 2 7 1 2 7 0 2 7 0 2 7 0 2 7 16 6 2 12 16 2 1 2 7 0 2 7 17 18 2 5 31 3 13 6 3 0 2 7 1 2 7 0 2 7 0 2 7 0 2 7 1 2 4 0 2 7 0 2 7 0 2 7 1 2 7 17 18 2 16 18 11 0 60.8762884140014648

Current Evaluation = 5400(5400)
Front Size = 10
1 2 7 1 2 4 0 2 7 5 30 3 1 2 7 0 2 7 0 2 7 0 2 7 12 16 2 13 6 3 1 2 7 1 2 7 12 16 2 5 31 3 13 6 3 0 2 4 0 2 7 1 2 4 0 2 7 0 2 7 1 2 4 0 2 7 17 18 2 5 30 3 12 16 2 17 9 2 0 2 4 5 31 3 0 2 4 1 2 4 0 2 7 17 18 2 0 2 7 0 2 7 0 2 7 1 2 7 0 2 7 17 9 2 1 2 7 12 16 2 1 2 7 1 2 4 16 31 2 0 2 7 17 18 2 0 2 7 0 2 7 0 2 7 1 2 7 1 2 7 1 2 4 1 2 4 0 2 4 1 2 7 0 2 7 17 9 2 0 2 7 1 2 7 0 2 7 0 2 4 0 60.1292035579681396
0 2 8 16 19 12 0 2 8 8 9 2 0 2 8 0 2 3 0 2 8 1 2 8 16 19 12 8 18 2 1 2 8 5 30 3 8 9 2 16 6 2 12 16 2 5 30 3 0 2 8 0 2 8 0 2 8 0 2 8 5 30 3 1 2 8 0 2 3 0 2 8 0 2 8 0 2 8 0 2 8 0 2 8 8 18 2 5 30 3 1 2 8 16 19 12 0 2 3 5 30 3 0 2 3 0 2 8 12 16 2 0 2 8 0 2 8 0 2 3 8 9 2 1 2 8 0 2 8 1 2 8 1 2 3 5 30 3 0 2 3 16 19 12 8 18 2 5 30 3 12 16 2 0 2 8 16 19 12 0 2 8 1 2 8 0 2 8 0 2 8 17 18 2 0 2 8 0 2 8 0.000125113000210658876 68.4805909395217896
5 30 3 5 30 3 0 2 7 1 2 3 0 2 7 12 16 2 1 2 7 12 16 2 0 2 7 0 2 7 0 2 7 5 31 3 0 2 3 16 6 2 17 18 2 0 2 4 1 2 7 1 2 7 5 30 3 0 2 7 12 16 2 1 2 3 17 9 2 0 2 7 17 18 2 0 2 7 0 2 7 1 2 7 1 2 7 0 2 7 0 2 7 5 30 3 1 2 7 0 2 3 0 2 3 1 2 7 8 1 2 0 2 7 0 2 7 17 9 2 0 2 7 0 2 7 12 16 2 0 2 7 1 2 3 1 2 7 0 2 7 0 2 4 1 2 3 0 2 7 8 9 2 13 6 3 0 2 7 0 2 7 16 19 11 0 2 7 6 2 3 16 6 2 0 2 7 5 30 3 0 61.9590301513671875
8 9 2 5 31 3 17 18 2 5 31 3 16 6 2 12 16 2 5 31 3 5 30 3 0 2 7 5 30 3 1 2 7 5 31 3 0 2 7 12 16 2 0 2 7 0 2 7 0 2 7 17 18 2 1 2 7 1 2 7 0 2 7 6 2 7 0 2 7 0 2 7 0 2 7 0 2 7 0 2 7 0 2 7 1 2 11 16 6 2 0 2 7 0 2 7 0 2 7 1 2 7 0 2 7 0 2 7 12 16 2 0 2 7 0 2 7 0 2 7 0 2 7 16 19 11 1 2 7 16 9 11 0 2 4 1 2 7 0 2 7 12 16 2 0 2 7 0 2 7 0 2 7 0 2 7 1 2 7 6 2 7 16 6 2 6 2 7 0 2 7 5 31 3 5 30 3 0 2 7 0 62.4695912599563599
5 30 3 12 16 2 12 16 2 12 16 2 17 18 2 1 2 7 1 2 7 13 6 3 0 2 7 0 2 8 13 6 3 0 2 7 0 2 7 0 2 7 0 2 7 1 2 7 8 9 2 16 6 2 5 30 3 0 2 8 1 2 7 0 2 7 0 2 8 5 30 3 1 2 8 12 16 2 0 2 7 5 31 3 16 30 2 0 2 7 0 2 8 8 18 2 5 30 3 1 2 8 16 19 12 0 2 3 0 2 7 5 31 3 0 2 8 1 2 7 0 2 8 1 2 4 1 2 7 1 2 8 0 2 8 1 2 8 17 9 2 5 30 3 1 2 4 16 19 12 0 2 4 5 30 3 5 31 3 16 19 12 0 2 7 1 2 8 1 2 7 0 2 8 0 2 8 0 2 8 0.00832793711685309024 64.3867189884185791
5 30 3 5 30 3 8 18 2 8 18 2 5 30 3 5 30 3 5 30 3 5 30 3 5 30 3 5 30 3 1 2 11 6 2 12 6 2 8 0 2 7 6 2 8 0 2 7 0 2 7 17 9 2 6 2 12 8 18 2 16 19 11 8 18 2 8 18 2 0 2 3 13 6 3 0 2 11 0 2 3 8 18 2 6 2 8 0 2 12 0 2 7 8 18 2 6 2 12 0 2 7 16 15 2 0 2 12 6 2 12 16 19 12 8 9 2 0 2 7 1 2 3 8 9 2 6 2 8 5 30 3 16 19 12 6 2 8 0 2 7 0 2 3 6 2 12 1 2 7 0 2 7 8 18 2 8 9 2 0 2 7 6 2 7 8 9 2 0 2 7 16 6 2 16 19 11 17 18 2 0.0336747046578508014 64.1610570549964905
5 30 3 5 30 3 5 30 3 0 2 11 1 2 7 0 2 7 0 2 11 1 2 7 0 2 11 1 2 11 0 2 11 12 16 2 0 2 10 1 2 7 16 6 2 12 16 2 0 2 7 0 2 7 0 2 11 0 2 11 8 18 2 0 2 7 0 2 11 0 2 11 5 30 3 5 30 3 5 30 3 6 2 11 5 31 3 0 2 7 1 2 7 0 2 11 17 18 2 0 2 7 0 2 7 0 2 11 8 9 2 6 2 7 16 18 11 6 2 11 0 2 7 5 31 3 16 19 11 0 2 11 0 2 11 0 2 7 16 6 2 12 16 2 0 2 7 17 9 2 0 2 7 17 18 2 0 2 7 6 2 11 5 30 3 0 2 7 1 2 7 0 2 7 0 2 7 0 2 7 0 64.0834890604019165
5 30 3 0 2 7 17 18 2 5 30 3 1 2 7 12 16 2 5 30 3 5 31 3 0 2 7 5 30 3 0 2 7 5 31 3 1 2 7 12 16 2 0 2 7 0 2 7 0 2 3 0 2 7 16 30 2 0 2 3 0 2 7 0 2 3 0 2 3 1 2 3 0 2 3 1 2 7 0 2 7 1 2 7 0 2 3 16 6 2 0 2 4 0 2 7 1 2 3 0 2 7 0 2 7 0 2 3 12 16 2 0 2 7 16 31 2 1 2 7 0 2 3 16 18 11 1 2 11 0 2 7 5 30 3 0 2 7 0 2 7 0 2 7 16 19 11 1 2 4 0 2 7 16 19 11 1 2 7 0 2 3 0 2 3 0 2 3 0 2 4 0 2 7 1 2 7 6 2 7 0 63.205506443977356
5 30 3 5 30 3 5 30 3 5 30 3 1 2 11 0 2 7 0 2 7 0 2 7 17 9 2 16 19 11 13 6 3 0 2 7 0 2 7 16 15 2 8 9 2 0 2 7 8 9 2 0 2 7 1 2 7 0 2 7 0 2 7 6 2 7 0 2 7 16 6 2 17 18 2 8 18 2 8 18 2 0 2 7 0 2 7 5 30 3 5 30 3 6 2 12 0 2 7 6 2 8 0 2 7 8 18 2 5 31 3 12 16 2 0 2 3 1 2 7 0 2 3 0 2 4 6 2 8 0 2 12 0 2 7 6 2 12 1 2 7 12 16 2 16 19 12 0 2 4 0 2 7 5 30 3 16 19 12 6 2 8 5 31 3 1 2 7 1 2 7 8 9 2 8 9 2 16 19 11 0.0228841431186614444 63.550584614276886
8 9 2 0 2 3 8 18 2 5 30 3 16 6 2 12 16 2 5 30 3 5 30 3 0 2 3 5 30 3 0 2 3 5 30 3 0 2 3 12 16 2 0 2 3 1 2 3 0 2 3 17 18 2 16 6 2 1 2 7 0 2 8 0 2 7 0 2 8 1 2 8 16 19 12 1 2 8 1 2 7 0 2 7 0 2 3 0 2 7 5 31 3 0 2 7 0 2 7 0 2 8 1 2 7 0 2 8 0 2 8 1 2 7 1 2 8 16 19 12 16 6 2 0 2 3 0 2 8 0 2 7 1 2 8 0 2 8 0 2 7 1 2 3 0 2 7 8 18 2 0 2 7 12 16 2 0 2 8 17 18 2 0 2 7 1 2 8 0 2 8 0 2 8 5 31 3 0 2 8 0 65.5169740915298462

Current Evaluation = 6300(6300)
Front Size = 10
1 2 7 1 2 7 0 2 7 5 31 3 1 2 3 0 2 3 0 2 7 1 2 4 12 16 2 13 6 3 1 2 7 1 2 7 12 16 2 5 31 3 13 6 3 0 2 7 0 2 3 1 2 7 0 2 7 0 2 7 1 2 7 0 2 7 17 18 2 5 30 3 12 16 2 17 9 2 0 2 4 0 2 7 0 2 7 1 2 7 0 2 7 17 18 2 0 2 7 0 2 7 0 2 7 1 2 7 0 2 7 17 9 2 0 2 7 12 16 2 1 2 7 1 2 7 16 6 2 1 2 7 17 18 2 0 2 7 1 2 7 0 2 4 1 2 7 1 2 3 1 2 7 1 2 4 13 6 3 0 2 7 1 2 7 17 9 2 0 2 7 0 2 7 0 2 7 0 2 4 0 59.9809155464172363
1 2 7 0 2 7 5 31 3 1 2 7 1 2 7 0 2 7 0 2 7 12 16 2 0 2 4 0 2 7 12 16 2 5 30 3 1 2 7 0 2 7 0 2 7 1 2 4 17 18 2 5 31 3 1 2 4 1 2 3 17 18 2 0 2 3 0 2 4 16 6 2 0 2 7 0 2 7 5 31 3 6 2 4 0 2 7 0 2 4 17 18 2 0 2 7 12 16 2 0 2 4 0 2 7 0 2 4 1 2 7 0 2 7 0 2 7 0 2 7 5 31 3 1 2 4 16 6 2 17 18 2 1 2 7 0 2 7 6 2 7 1 2 7 1 2 3 0 2 7 16 6 2 1 2 7 0 2 10 1 2 7 1 2 4 0 2 4 8 9 2 0 2 3 0 2 11 0 2 7 0 61.2744958400726318
1 2 7 1 2 7 0 2 7 0 2 7 0 2 7 1 2 7 5 31 3 13 6 3 5 30 3 6 2 3 12 16 2 0 2 7 0 2 7 0 2 11 0 2 7 0 2 7 0 2 7 0 2 7 5 31 3 12 16 2 17 9 2 0 2 7 0 2 7 0 2 7 0 2 3 0 2 7 1 2 7 0 2 7 5 31 3 16 6 2 1 2 7 0 2 7 1 2 7 1 2 7 5 30 3 1 2 7 6 2 7 16 18 11 1 2 7 0 2 7 17 9 2 16 30 2 1 2 7 1 2 7 0 2 7 0 2 7 0 2 7 0 2 7 1 2 3 1 2 7 0 2 7 0 2 3 5 30 3 0 2 7 5 31 3 17 9 2 16 6 2 0 2 3 0 2 7 0 2 7 0 61.5316926240921021
5 30 3 17 9 2 5 30 3 12 16 2 5 30 3 5 30 3 12 16 2 0 2 3 1 2 7 1 2 3 1 2 7 0 2 3 0 2 7 1 2 7 16 6 2 12 16 2 5 30 3 0 2 3 16 19 11 5 30 3 0 2 7 0 2 3 0 2 7 6 2 7 0 2 7 0 2 3 0 2 7 16 6 2 0 2 3 0 2 3 0 2 3 1 2 3 0 2 7 0 2 7 16 6 2 8 9 2 0 2 7 1 2 7 1 2 7 13 6 3 12 16 2 0 2 4 1 2 3 0 2 3 0 2 7 0 2 3 0 2 3 16 19 11 16 31 2 0 2 3 0 2 3 1 2 7 0 2 3 0 2 3 1 2 3 0 2 7 0 2 7 1 2 3 0 2 7 0 2 3 0 63.1577253937721252
0 2 3 0 2 3 5 30 3 16 6 2 12 16 2 1 2 3 12 16 2 1 2 7 1 2 3 16 6 2 0 2 7 1 2 11 1 2 7 5 31 3 0 2 7 0 2 3 1 2 3 8 9 2 0 2 7 0 2 7 0 2 7 12 16 2 17 18 2 0 2 7 5 31 3 1 2 7 0 2 7 0 2 4 5 30 3 0 2 7 13 6 3 1 2 7 0 2 7 1 2 7 1 2 7 1 2 7 1 2 3 1 2 3 0 2 3 0 2 3 16 18 11 1 2 7 1 2 7 1 2 3 0 2 7 0 2 7 1 2 3 0 2 7 0 2 7 0 2 3 0 2 7 0 2 7 17 18 2 0 2 11 16 6 2 17 18 2 0 2 7 0 2 7 0 2 3 0 2 7 0 61.8815436959266663
5 30 3 5 30 3 8 18 2 8 18 2 5 30 3 5 30 3 5 30 3 5 30 3 5 30 3 5 30 3 1 2 11 6 2 12 6 2 8 0 2 7 6 2 8 0 2 7 0 2 7 17 9 2 6 2 12 8 18 2 16 19 11 8 18 2 8 18 2 0 2 3 13 6 3 0 2 11 0 2 3 8 18 2 6 2 8 0 2 12 0 2 7 8 18 2 6 2 12 0 2 7 16 15 2 0 2 12 6 2 12 16 19 12 8 9 2 0 2 7 1 2 3 8 9 2 6 2 8 5 30 3 16 19 12 6 2 8 0 2 7 0 2 3 6 2 12 1 2 7 0 2 7 8 18 2 8 9 2 0 2 7 6 2 7 8 9 2 0 2 7 16 6 2 16 19 11 17 18 2 0.0336747046578508014 64.1610570549964905
8 9 2 0 2 3 8 18 2 5 30 3 16 6 2 12 16 2 5 30 3 5 30 3 0 2 3 5 30 3 0 2 3 5 30 3 0 2 3 12 16 2 0 2 3 1 2 3 0 2 3 17 18 2 16 6 2 1 2 7 0 2 8 0 2 7 0 2 8 1 2 8 16 19 12 1 2 8 1 2 7 0 2 7 0 2 3 0 2 7 5 31 3 0 2 7 0 2 7 0 2 8 1 2 7 0 2 8 0 2 8 1 2 7 1 2 8 16 19 12 16 6 2 0 2 3 0 2 8 0 2 7 1 2 8 0 2 8 0 2 7 1 2 3 0 2 7 8 18 2 0 2 7 12 16 2 0 2 8 17 18 2 0 2 7 1 2 8 0 2 8 0 2 8 5 31 3 0 2 8 0 65.5169740915298462
1 2 7 0 2 7 5 30 3 16 6 2 12 16 2 1 2 7 12 16 2 1 2 7 1 2 4 16 15 2 0 2 7 0 2 7 1 2 7 0 2 4 0 2 4 5 31 3 0 2 4 0 2 3 0 2 3 1 2 3 17 9 2 0 2 7 0 2 7 0 2 4 0 2 4 0 2 3 12 16 2 17 18 2 0 2 7 5 31 3 1 2 7 1 2 3 0 2 4 0 2 7 0 2 4 5 30 3 0 2 3 0 2 3 1 2 3 0 2 3 1 2 7 1 2 3 1 2 7 17 18 2 1 2 7 1 2 7 0 2 4 0 2 3 0 2 3 16 18 11 0 2 7 1 2 7 1 2 4 1 2 7 8 18 2 0 2 4 1 2 7 17 18 2 0 2 3 0 2 4 0 62.0005138516426086
8 9 2 5 31 3 17 18 2 5 31 3 16 6 2 12 16 2 5 31 3 5 30 3 0 2 7 5 30 3 0 2 7 5 31 3 0 2 7 12 16 2 0 2 7 0 2 7 0 2 7 17 18 2 1 2 7 1 2 7 0 2 7 6 2 7 0 2 7 0 2 7 0 2 7 0 2 7 0 2 7 0 2 7 1 2 4 16 6 2 0 2 7 0 2 7 0 2 7 1 2 7 0 2 7 0 2 7 12 16 2 0 2 7 0 2 7 0 2 7 0 2 7 16 19 11 1 2 7 16 19 11 0 2 7 1 2 4 0 2 7 12 16 2 0 2 7 0 2 7 0 2 7 0 2 7 6 2 7 6 2 7 16 6 2 6 2 7 0 2 7 5 31 3 5 30 3 1 2 7 0 62.420917272567749
0 2 3 0 2 7 5 30 3 16 30 2 12 16 2 0 2 7 12 16 2 1 2 7 1 2 7 16 6 2 0 2 7 1 2 7 0 2 7 6 2 3 0 2 7 8 9 2 0 2 7 0 2 7 0 2 7 12 16 2 0 2 3 0 2 4 0 2 7 0 2 7 5 30 3 5 30 3 13 6 3 1 2 7 0 2 7 0 2 7 1 2 11 1 2 4 1 2 7 0 2 7 16 6 2 0 2 7 0 2 7 0 2 4 0 2 7 16 6 2 1 2 4 0 2 7 5 31 3 17 18 2 5 31 3 1 2 7 0 2 7 5 30 3 5 31 3 1 2 3 0 2 7 0 2 7 0 2 7 1 2 3 17 18 2 0 2 7 17 18 2 0 2 7 0 2 7 1 2 4 0 61.4260584115982056

Current Evaluation = 7200(7200)
Front Size = 10
1 2 7 1 2 7 0 2 7 5 31 3 1 2 7 0 2 7 0 2 4 12 16 2 13 6 3 1 2 7 0 2 7 12 16 2 5 31 3 1 2 7 1 2 4 1 2 7 0 2 7 0 2 7 0 2 7 0 2 7 17 18 2 5 31 3 12 16 2 1 2 7 0 2 7 0 2 7 0 2 7 0 2 7 17 18 2 0 2 7 0 2 4 13 6 3 1 2 7 0 2 7 0 2 7 1 2 7 0 2 7 16 6 2 0 2 7 17 18 2 0 2 7 1 2 7 0 2 7 0 2 7 1 2 7 1 2 7 17 9 2 17 9 2 12 16 2 1 2 7 0 2 7 1 2 7 1 2 7 1 2 7 13 6 3 0 2 7 17 9 2 1 2 7 0 2 7 1 2 7 0 59.7211945056915283
5 30 3 17 9 2 5 30 3 12 16 2 5 30 3 5 30 3 12 16 2 0 2 3 1 2 7 1 2 3 1 2 7 0 2 3 0 2 7 1 2 7 16 6 2 12 16 2 5 30 3 0 2 3 16 19 11 5 30 3 0 2 7 0 2 3 0 2 7 6 2 7 0 2 7 0 2 3 0 2 7 16 6 2 0 2 3 0 2 3 0 2 3 1 2 3 0 2 7 0 2 7 16 6 2 8 9 2 0 2 7 1 2 7 1 2 7 13 6 3 12 16 2 0 2 4 1 2 3 0 2 3 0 2 7 0 2 3 0 2 3 16 19 11 16 31 2 0 2 3 0 2 3 1 2 7 0 2 3 0 2 3 1 2 3 0 2 7 0 2 7 1 2 3 0 2 7 0 2 3 0 63.1577253937721252
5 30 3 5 30 3 8 18 2 8 18 2 5 30 3 5 30 3 5 30 3 5 30 3 5 30 3 5 30 3 1 2 11 6 2 12 6 2 8 0 2 7 6 2 8 0 2 7 0 2 7 17 9 2 6 2 12 8 18 2 16 19 11 8 18 2 8 18 2 0 2 3 13 6 3 0 2 11 0 2 3 8 18 2 6 2 8 0 2 12 0 2 7 8 18 2 6 2 12 0 2 7 16 15 2 0 2 12 6 2 12 16 19 12 8 9 2 0 2 7 1 2 3 8 9 2 6 2 8 5 30 3 16 19 12 6 2 8 0 2 7 0 2 3 6 2 12 1 2 7 0 2 7 8 18 2 8 9 2 0 2 7 6 2 7 8 9 2 0 2 7 16 6 2 16 19 11 17 18 2 0.0336747046578508014 64.1610570549964905
1 2 4 0 2 11 5 30 3 16 6 2 12 16 2 1 2 4 12 16 2 1 2 7 1 2 11 0 2 3 0 2 4 1 2 4 1 2 3 0 2 7 5 31 3 0 2 7 0 2 7 0 2 3 1 2 3 17 18 2 0 2 7 0 2 3 12 16 2 17 18 2 0 2 4 5 30 3 1 2 7 1 2 7 0 2 3 0 2 3 0 2 7 17 18 2 1 2 7 1 2 3 0 2 4 1 2 3 1 2 7 1 2 7 1 2 7 8 18 2 0 2 11 0 2 4 0 2 4 0 2 7 0 2 7 0 2 3 0 2 7 0 2 4 0 2 4 0 2 7 1 2 3 5 30 3 0 2 4 1 2 7 0 2 7 16 9 11 13 6 3 17 9 2 1 2 7 17 9 2 0 61.7178948521614075
0 2 7 0 2 7 5 30 3 1 2 11 0 2 4 13 6 3 0 2 3 0 2 7 0 2 7 0 2 7 0 2 11 0 2 7 1 2 7 0 2 7 16 6 2 1 2 3 0 2 7 0 2 7 17 9 2 5 30 3 13 6 3 12 16 2 5 30 3 5 30 3 0 2 7 0 2 7 0 2 7 12 16 2 0 2 7 12 16 2 1 2 11 17 18 2 0 2 12 0 2 7 0 2 12 1 2 7 16 19 11 0 2 4 8 18 2 0 2 7 5 30 3 0 2 7 1 2 7 1 2 7 0 2 7 17 18 2 1 2 7 17 9 2 12 16 2 0 2 3 0 2 7 17 18 2 1 2 7 1 2 7 1 2 7 13 6 3 5 31 3 5 30 3 6 2 7 0 2 7 0 61.8134772181510925
8 9 2 0 2 3 8 18 2 5 30 3 16 6 2 12 16 2 5 30 3 5 30 3 0 2 3 5 30 3 0 2 3 5 30 3 0 2 3 12 16 2 0 2 3 1 2 3 0 2 3 17 18 2 16 6 2 1 2 7 0 2 8 0 2 7 0 2 8 1 2 8 16 19 12 1 2 8 1 2 7 0 2 7 0 2 3 0 2 7 5 31 3 0 2 7 0 2 7 0 2 8 1 2 7 0 2 8 0 2 8 1 2 7 1 2 8 16 19 12 16 6 2 0 2 3 0 2 8 0 2 7 1 2 8 0 2 8 0 2 7 1 2 3 0 2 7 8 18 2 0 2 7 12 16 2 0 2 8 17 18 2 0 2 7 1 2 8 0 2 8 0 2 8 5 31 3 0 2 8 0 65.5169740915298462
1 2 4 5 31 3 16 6 2 12 16 2 0 2 7 5 31 3 1 2 4 0 2 4 1 2 7 5 31 3 5 31 3 0 2 7 1 2 7 1 2 7 17 18 2 0 2 7 12 16 2 0 2 7 5 30 3 1 2 7 1 2 7 1 2 7 0 2 7 0 2 7 0 2 7 0 2 7 1 2 7 1 2 4 0 2 7 0 2 7 0 2 7 0 2 7 5 30 3 0 2 7 1 2 4 13 6 3 17 9 2 1 2 4 17 9 2 0 2 7 1 2 7 0 2 7 0 2 4 6 2 7 0 2 7 6 2 7 0 2 7 0 2 7 17 18 2 1 2 4 17 18 2 0 2 7 0 2 7 0 2 7 0 2 7 0 2 7 0 2 7 6 2 7 0 2 7 16 19 11 0 60.9542306065559387
1 2 7 0 2 7 1 2 7 5 30 3 1 2 4 0 2 7 0 2 7 12 16 2 13 6 3 1 2 4 0 2 3 12 16 2 5 30 3 1 2 7 0 2 4 0 2 7 0 2 4 0 2 7 0 2 7 0 2 7 17 18 2 5 31 3 12 16 2 0 2 3 0 2 7 12 16 2 5 31 3 0 2 7 17 18 2 0 2 7 13 6 3 0 2 7 0 2 4 0 2 7 6 2 7 1 2 4 16 6 2 17 18 2 1 2 7 1 2 7 0 2 7 0 2 7 1 2 7 1 2 4 0 2 7 17 18 2 17 9 2 12 16 2 1 2 4 0 2 3 1 2 7 17 18 2 1 2 7 0 2 7 1 2 7 13 6 3 1 2 7 0 2 7 1 2 4 0 2 7 0 60.2567535042762756
8 9 2 12 16 2 12 16 2 1 2 7 0 2 7 0 2 7 1 2 7 16 6 2 12 16 2 0 2 7 0 2 7 0 2 7 0 2 7 0 2 7 1 2 7 0 2 3 0 2 7 0 2 7 12 16 2 12 16 2 0 2 3 0 2 7 1 2 7 1 2 3 6 2 7 0 2 7 5 31 3 17 9 2 1 2 7 5 31 3 1 2 7 1 2 7 5 30 3 5 30 3 1 2 7 0 2 7 0 2 7 0 2 7 0 2 7 1 2 11 16 6 2 1 2 7 17 9 2 0 2 7 17 9 2 16 15 2 0 2 7 1 2 7 1 2 7 13 6 3 17 18 2 13 6 3 0 2 7 0 2 7 0 2 7 0 2 7 8 18 2 0 2 7 1 2 11 0 2 7 0 60.9809122681617737
0 2 7 0 2 11 5 30 3 1 2 7 0 2 11 13 6 3 0 2 7 0 2 7 0 2 11 0 2 11 0 2 7 0 2 7 0 2 7 0 2 7 16 6 2 15 2 11 0 2 7 0 2 10 17 9 2 5 30 3 16 6 2 12 16 2 5 30 3 5 30 3 1 2 7 0 2 7 0 2 7 12 16 2 0 2 7 12 16 2 5 30 3 17 18 2 0 2 7 0 2 7 0 2 7 1 2 7 16 19 11 0 2 7 8 18 2 0 2 11 5 30 3 0 2 7 1 2 7 1 2 7 0 2 7 17 18 2 1 2 7 8 9 2 12 16 2 0 2 7 0 2 7 17 18 2 1 2 7 1 2 7 1 2 4 13 6 3 5 30 3 5 30 3 0 2 7 0 2 7 0 62.1783022880554199

Current Evaluation = 8100(8100)
Front Size = 10
1 2 7 1 2 7 0 2 7 5 31 3 1 2 7 0 2 7 0 2 4 12 16 2 13 6 3 1 2 7 0 2 7 12 16 2 5 31 3 1 2 7 1 2 4 1 2 7 0 2 7 0 2 7 0 2 7 0 2 7 17 18 2 5 31 3 12 16 2 1 2 7 0 2 7 0 2 7 0 2 7 0 2 7 17 18 2 0 2 7 0 2 4 13 6 3 1 2 7 0 2 7 0 2 7 1 2 7 0 2 7 16 6 2 0 2 7 17 18 2 0 2 7 1 2 7 0 2 7 0 2 7 1 2 7 1 2 7 17 9 2 17 9 2 12 16 2 1 2 7 0 2 7 1 2 7 1 2 7 1 2 7 13 6 3 0 2 7 17 9 2 1 2 7 0 2 7 1 2 7 0 59.7211945056915283
5 31 3 5 31 3 12 16 2 12 16 2 1 2 4 1 2 7 0 2 7 0 2 7 17 18 2 1 2 4 16 6 2 12 16 2 1 2 3 0 2 4 0 2 4 1 2 3 0 2 4 0 2 7 0 2 7 1 2 11 6 2 7 0 2 7 1 2 7 0 2 7 0 2 4 5 30 3 5 30 3 13 6 3 0 2 4 17 18 2 17 18 2 8 18 2 0 2 7 1 2 7 1 2 7 0 2 7 0 2 4 1 2 7 0 2 7 17 18 2 0 2 4 12 16 2 0 2 7 0 2 7 1 2 4 17 9 2 5 31 3 16 15 2 6 2 7 0 2 7 1 2 7 0 2 7 0 2 4 0 2 7 1 2 7 0 2 7 0 2 7 6 2 7 0 2 7 0 2 7 0 61.0991995930671692
5 30 3 17 9 2 5 30 3 12 16 2 5 30 3 5 30 3 12 16 2 0 2 3 1 2 7 1 2 3 1 2 7 0 2 3 0 2 7 1 2 7 16 6 2 12 16 2 5 30 3 0 2 3 16 19 11 5 30 3 0 2 7 0 2 3 0 2 7 6 2 7 0 2 7 0 2 3 0 2 7 16 6 2 0 2 3 0 2 3 0 2 3 1 2 3 0 2 7 0 2 7 16 6 2 8 9 2 0 2 7 1 2 7 1 2 7 13 6 3 12 16 2 0 2 4 1 2 3 0 2 3 0 2 7 0 2 3 0 2 3 16 19 11 16 31 2 0 2 3 0 2 3 1 2 7 0 2 3 0 2 3 1 2 3 0 2 7 0 2 7 1 2 3 0 2 7 0 2 3 0 63.1577253937721252
8 9 2 0 2 3 8 18 2 5 30 3 16 6 2 12 16 2 5 30 3 5 30 3 0 2 3 5 30 3 0 2 3 5 30 3 0 2 3 12 16 2 0 2 3 1 2 3 0 2 3 17 18 2 16 6 2 1 2 7 0 2 8 0 2 7 0 2 8 1 2 8 16 19 12 1 2 8 1 2 7 0 2 7 0 2 3 0 2 7 5 31 3 0 2 7 0 2 7 0 2 8 1 2 7 0 2 8 0 2 8 1 2 7 1 2 8 16 19 12 16 6 2 0 2 3 0 2 8 0 2 7 1 2 8 0 2 8 0 2 7 1 2 3 0 2 7 8 18 2 0 2 7 12 16 2 0 2 8 17 18 2 0 2 7 1 2 8 0 2 8 0 2 8 5 31 3 0 2 8 0 65.5169740915298462
5 31 3 8 9 2 5 30 3 12 16 2 12 16 2 5 31 3 1 2 7 0 2 7 0 2 7 0 2 7 0 2 7 1 2 7 16 6 2 12 16 2 0 2 7 0 2 7 0 2 7 1 2 4 0 2 7 0 2 7 0 2 7 1 2 4 16 6 2 0 2 7 1 2 7 0 2 7 1 2 7 12 16 2 12 16 2 0 2 7 1 2 7 0 2 7 0 2 7 0 2 4 0 2 11 0 2 7 5 30 3 5 31 3 5 30 3 13 6 3 1 2 7 17 18 2 16 6 2 12 16 2 17 18 2 0 2 7 16 6 2 8 18 2 0 2 7 0 2 7 0 2 7 1 2 7 16 31 2 0 2 7 0 2 7 1 2 4 0 2 7 0 2 7 1 2 7 0 2 7 0 61.3133612871170044
5 30 3 1 2 7 12 16 2 12 16 2 1 2 7 0 2 7 0 2 7 0 2 7 6 2 7 0 2 7 1 2 7 16 6 2 12 16 2 1 2 7 0 2 7 0 2 7 1 2 3 0 2 7 1 2 7 0 2 7 1 2 7 0 2 7 1 2 7 0 2 7 13 6 3 12 16 2 12 16 2 0 2 4 0 2 3 0 2 7 0 2 3 0 2 7 0 2 7 5 30 3 13 6 3 1 2 7 5 31 3 17 18 2 0 2 3 0 2 7 0 2 7 1 2 7 0 2 7 8 9 2 17 18 2 17 9 2 5 31 3 1 2 7 0 2 7 1 2 7 16 6 2 17 1 2 0 2 7 17 9 2 0 2 7 1 2 7 1 2 7 0 2 7 0 2 3 1 2 3 0 60.8566624522209167
0 2 7 0 2 7 5 30 3 1 2 7 0 2 7 0 2 7 1 2 7 0 2 7 1 2 7 0 2 7 0 2 7 17 9 2 5 30 3 12 16 2 5 30 3 5 31 3 0 2 7 0 2 4 0 2 7 12 16 2 0 2 7 12 16 2 17 18 2 0 2 7 0 2 4 0 2 7 0 2 7 0 2 7 0 2 7 0 2 7 1 2 4 1 2 7 17 18 2 1 2 7 12 16 2 6 2 7 0 2 7 17 18 2 0 2 7 0 2 7 1 2 3 0 2 4 0 2 4 1 2 3 13 6 3 1 2 7 0 2 7 1 2 7 0 2 7 0 2 7 16 6 2 5 30 3 1 2 7 8 18 2 5 31 3 0 2 7 16 6 2 13 6 3 5 30 3 16 19 11 0 61.3873562216758728
5 30 3 5 30 3 8 18 2 8 18 2 5 30 3 5 30 3 5 30 3 5 30 3 5 30 3 5 30 3 1 2 11 6 2 12 6 2 8 0 2 7 6 2 8 0 2 7 0 2 7 17 9 2 6 2 12 8 18 2 16 19 11 8 18 2 8 18 2 0 2 3 13 6 3 0 2 11 0 2 3 8 18 2 6 2 8 0 2 12 0 2 7 8 18 2 6 2 12 0 2 7 16 15 2 0 2 12 6 2 12 16 19 12 8 9 2 0 2 7 1 2 3 8 9 2 6 2 8 5 30 3 16 19 12 6 2 8 0 2 7 0 2 3 6 2 12 1 2 7 0 2 7 8 18 2 8 9 2 0 2 7 6 2 7 8 9 2 0 2 7 16 6 2 16 19 11 17 18 2 0.0336747046578508014 64.1610570549964905
1 2 4 0 2 11 5 30 3 16 6 2 12 16 2 1 2 4 12 16 2 1 2 7 1 2 11 0 2 3 0 2 4 1 2 4 1 2 3 0 2 7 5 31 3 0 2 7 0 2 7 0 2 3 1 2 3 17 18 2 0 2 7 0 2 3 12 16 2 17 18 2 0 2 4 5 30 3 1 2 7 1 2 7 0 2 3 0 2 3 0 2 7 17 18 2 1 2 7 1 2 3 0 2 4 1 2 3 1 2 7 1 2 7 1 2 7 8 18 2 0 2 11 0 2 4 0 2 4 0 2 7 0 2 7 0 2 3 0 2 7 0 2 4 0 2 4 0 2 7 1 2 3 5 30 3 0 2 4 1 2 7 0 2 7 16 9 11 13 6 3 17 9 2 1 2 7 17 9 2 0 61.7178948521614075
5 31 3 16 30 2 12 16 2 12 16 2 1 2 7 1 2 7 0 2 7 0 2 7 5 31 3 5 30 3 1 2 7 0 2 7 0 2 7 17 18 2 0 2 7 1 2 7 12 16 2 17 18 2 5 30 3 1 2 4 0 2 7 6 2 7 0 2 7 1 2 7 0 2 7 17 18 2 0 2 7 0 2 7 0 2 7 0 2 7 0 2 7 5 31 3 0 2 7 1 2 7 0 2 7 0 2 7 1 2 7 8 22 2 1 2 7 5 30 3 0 2 7 12 16 2 1 2 7 0 2 7 0 2 7 1 2 7 1 2 7 0 2 7 0 2 7 0 2 4 6 2 7 0 2 7 0 2 7 0 2 11 1 2 7 16 9 11 5 30 3 17 9 2 0 2 7 16 30 2 0 61.9854684472084045

Current Evaluation = 9000(9000)
Front Size = 10
1 2 7 1 2 7 0 2 7 5 31 3 1 2 7 0 2 7 0 2 4 12 16 2 13 6 3 1 2 7 0 2 7 12 16 2 5 31 3 1 2 7 1 2 4 1 2 7 0 2 7 0 2 7 0 2 7 0 2 7 17 18 2 5 31 3 12 16 2 1 2 7 0 2 7 0 2 7 0 2 7 0 2 7 17 18 2 0 2 7 0 2 4 13 6 3 1 2 7 0 2 7 0 2 7 1 2 7 0 2 7 16 6 2 0 2 7 17 18 2 0 2 7 1 2 7 0 2 7 0 2 7 1 2 7 1 2 7 17 9 2 17 9 2 12 16 2 1 2 7 0 2 7 1 2 7 1 2 7 1 2 7 13 6 3 0 2 7 17 9 2 1 2 7 0 2 7 1 2 7 0 59.7211945056915283
5 30 3 12 16 2 12 16 2 0 2 4 1 2 7 0 2 7 0 2 7 1 2 11 0 2 7 5 30 3 0 2 7 0 2 7 1 2 7 17 18 2 0 2 7 12 16 2 17 18 2 5 30 3 0 2 7 0 2 4 0 2 7 0 2 7 1 2 7 1 2 4 1 2 4 17 18 2 0 2 7 0 2 4 0 2 4 5 30 3 1 2 7 0 2 7 13 6 3 17 9 2 1 2 4 17 9 2 0 2 7 0 2 7 16 6 2 1 2 3 0 2 1 5 31 3 1 2 7 0 2 3 0 2 7 0 2 7 13 6 3 5 30 3 1 2 3 1 2 7 8 18 2 0 2 7 12 16 2 0 2 7 1 2 7 0 2 4 1 2 3 0 2 7 0 2 7 16 9 11 0 61.5227953791618347
1 2 11 0 2 7 5 30 3 0 2 7 0 2 7 1 2 7 0 2 7 0 2 7 0 2 11 0 2 7 0 2 7 17 1 2 17 18 2 0 2 7 1 2 7 0 2 7 1 2 7 8 9 2 5 30 3 1 2 11 5 30 3 0 2 7 1 2 7 0 2 7 17 18 2 0 2 7 5 30 3 0 2 7 0 2 7 1 2 8 0 2 8 0 2 7 0 2 7 0 2 7 0 2 7 1 2 7 0 2 11 0 2 7 0 2 7 0 2 7 5 30 3 1 2 7 8 1 2 0 2 7 5 30 3 1 2 7 12 16 2 8 18 2 12 16 2 17 9 2 0 2 7 1 2 11 0 2 7 17 18 2 17 9 2 5 30 3 0 2 7 8 9 2 5 30 3 16 6 2 0 62.5237851142883301
5 30 3 5 30 3 8 18 2 8 18 2 5 30 3 5 30 3 5 30 3 5 30 3 5 30 3 5 30 3 1 2 11 6 2 12 6 2 8 0 2 7 6 2 8 0 2 7 0 2 7 17 9 2 6 2 12 8 18 2 16 19 11 8 18 2 8 18 2 0 2 3 13 6 3 0 2 11 0 2 3 8 18 2 6 2 8 0 2 12 0 2 7 8 18 2 6 2 12 0 2 7 16 15 2 0 2 12 6 2 12 16 19 12 8 9 2 0 2 7 1 2 3 8 9 2 6 2 8 5 30 3 16 19 12 6 2 8 0 2 7 0 2 3 6 2 12 1 2 7 0 2 7 8 18 2 8 9 2 0 2 7 6 2 7 8 9 2 0 2 7 16 6 2 16 19 11 17 18 2 0.0336747046578508014 64.1610570549964905
1 2 7 16 6 2 12 16 2 12 16 2 1 2 7 0 2 4 0 2 7 5 31 3 0 2 7 1 2 7 17 18 2 0 2 4 12 16 2 17 18 2 0 2 4 8 9 2 1 2 4 0 2 7 17 18 2 1 2 7 0 2 7 1 2 7 1 2 7 0 2 4 1 2 7 1 2 7 0 2 7 1 2 4 0 2 7 13 6 3 17 9 2 0 2 4 17 9 2 0 2 7 5 31 3 1 2 4 0 2 7 0 2 4 1 2 7 0 2 7 5 31 3 1 2 7 1 2 7 0 2 4 1 2 4 1 2 4 0 2 7 1 2 4 1 2 7 17 18 2 0 2 7 0 2 7 0 2 7 0 2 11 0 2 7 0 2 7 0 2 7 5 30 3 0 2 4 0 2 8 0 60.6460268497467041
1 2 4 0 2 11 5 30 3 16 6 2 12 16 2 1 2 4 12 16 2 1 2 7 1 2 11 0 2 3 0 2 4 1 2 4 1 2 3 0 2 7 5 31 3 0 2 7 0 2 7 0 2 3 1 2 3 17 18 2 0 2 7 0 2 3 12 16 2 17 18 2 0 2 4 5 30 3 1 2 7 1 2 7 0 2 3 0 2 3 0 2 7 17 18 2 1 2 7 1 2 3 0 2 4 1 2 3 1 2 7 1 2 7 1 2 7 8 18 2 0 2 11 0 2 4 0 2 4 0 2 7 0 2 7 0 2 3 0 2 7 0 2 4 0 2 4 0 2 7 1 2 3 5 30 3 0 2 4 1 2 7 0 2 7 16 9 11 13 6 3 17 9 2 1 2 7 17 9 2 0 61.7178948521614075
0 2 7 0 2 7 0 2 7 13 6 3 0 2 7 0 2 7 0 2 7 1 2 11 1 2 7 17 18 2 0 2 7 0 2 7 0 2 4 16 31 2 17 9 2 0 2 7 5 30 3 12 16 2 0 2 7 0 2 7 1 2 7 5 30 3 12 16 2 5 30 3 0 2 7 0 2 3 13 6 3 1 2 7 1 2 7 0 2 7 17 9 2 12 16 2 1 2 7 0 2 3 0 2 7 17 9 2 1 2 7 0 2 7 1 2 7 1 2 7 1 2 7 1 2 7 0 2 7 0 2 7 17 18 2 1 2 3 1 2 7 0 2 7 8 9 2 1 2 7 0 2 7 5 30 3 1 2 7 12 16 2 1 2 7 1 2 3 0 2 7 13 6 3 12 16 2 0 2 7 0 60.6602102518081665
16 6 2 12 16 2 12 16 2 17 18 2 1 2 7 0 2 7 1 2 7 0 2 7 0 2 7 5 31 3 0 2 7 0 2 7 0 2 7 0 2 7 1 2 7 0 2 3 0 2 7 0 2 7 12 16 2 8 18 2 0 2 3 5 30 3 0 2 7 0 2 3 8 18 2 1 2 7 0 2 3 0 2 7 0 2 7 5 30 3 0 2 3 1 2 7 5 30 3 0 2 7 0 2 7 0 2 3 0 2 7 0 2 3 1 2 7 12 16 2 1 2 7 1 2 7 5 31 3 0 2 7 1 2 7 13 6 3 1 2 7 16 19 11 16 15 2 6 2 3 0 2 7 1 2 7 16 20 12 1 2 7 1 2 7 0 2 7 17 9 2 0 2 7 17 9 2 0 2 7 0 62.012385368347168
1 2 7 0 2 7 0 2 7 5 30 3 0 2 7 0 2 7 0 2 7 12 16 2 13 6 3 0 2 7 1 2 7 12 16 2 5 30 3 0 2 7 0 2 3 0 2 4 0 2 7 0 2 7 0 2 7 1 2 7 17 18 2 5 31 3 12 16 2 0 2 7 12 16 2 1 2 7 0 2 7 1 2 7 5 31 3 6 2 7 1 2 7 1 2 7 0 2 7 0 2 7 16 30 2 0 2 7 0 2 7 0 2 7 1 2 4 12 16 2 0 2 4 0 2 7 0 2 7 17 9 2 16 30 2 16 31 2 17 18 2 0 2 7 5 31 3 5 30 3 16 6 2 12 16 2 1 2 11 1 2 4 1 2 7 1 2 7 13 6 3 0 2 7 0 2 7 0 2 7 0 60.9128903746604919
8 9 2 0 2 3 8 18 2 5 30 3 16 6 2 12 16 2 5 30 3 5 30 3 0 2 3 5 30 3 0 2 3 5 30 3 0 2 3 12 16 2 0 2 3 1 2 3 0 2 3 17 18 2 16 6 2 1 2 7 0 2 8 0 2 7 0 2 8 1 2 8 16 19 12 1 2 8 1 2 7 0 2 7 0 2 3 0 2 7 5 31 3 0 2 7 0 2 7 0 2 8 1 2 7 0 2 8 0 2 8 1 2 7 1 2 8 16 19 12 16 6 2 0 2 3 0 2 8 0 2 7 1 2 8 0 2 8 0 2 7 1 2 3 0 2 7 8 18 2 0 2 7 12 16 2 0 2 8 17 18 2 0 2 7 1 2 8 0 2 8 0 2 8 5 31 3 0 2 8 0 65.5169740915298462

Current Evaluation = 9900(9900)
Front Size = 10
1 2 7 1 2 7 0 2 7 5 31 3 1 2 7 0 2 7 0 2 4 12 16 2 13 6 3 1 2 7 0 2 7 12 16 2 5 31 3 1 2 7 1 2 4 1 2 7 0 2 7 0 2 7 0 2 7 0 2 7 17 18 2 5 31 3 12 16 2 1 2 7 0 2 7 0 2 7 0 2 7 0 2 7 17 18 2 0 2 7 0 2 4 13 6 3 1 2 7 0 2 7 0 2 7 1 2 7 0 2 7 16 6 2 0 2 7 17 18 2 0 2 7 1 2 7 0 2 7 0 2 7 1 2 7 1 2 7 17 9 2 17 9 2 12 16 2 1 2 7 0 2 7 1 2 7 1 2 7 1 2 7 13 6 3 0 2 7 17 9 2 1 2 7 0 2 7 1 2 7 0 59.7211945056915283
5 30 3 5 30 3 8 18 2 8 18 2 5 30 3 5 30 3 5 30 3 5 30 3 5 30 3 5 30 3 1 2 11 6 2 12 6 2 8 0 2 7 6 2 8 0 2 7 0 2 7 17 9 2 6 2 12 8 18 2 16 19 11 8 18 2 8 18 2 0 2 3 13 6 3 0 2 11 0 2 3 8 18 2 6 2 8 0 2 12 0 2 7 8 18 2 6 2 12 0 2 7 16 15 2 0 2 12 6 2 12 16 19 12 8 9 2 0 2 7 1 2 3 8 9 2 6 2 8 5 30 3 16 19 12 6 2 8 0 2 7 0 2 3 6 2 12 1 2 7 0 2 7 8 18 2 8 9 2 0 2 7 6 2 7 8 9 2 0 2 7 16 6 2 16 19 11 17 18 2 0.0336747046578508014 64.1610570549964905
1 2 7 16 6 2 12 16 2 17 18 2 6 2 7 0 2 7 0 2 7 5 30 3 0 2 7 0 2 7 17 18 2 6 2 7 12 16 2 17 18 2 1 2 4 0 2 10 1 2 4 0 2 4 1 2 7 1 2 7 1 2 7 1 2 7 1 2 7 1 2 7 0 2 7 13 6 3 17 9 2 0 2 7 5 31 3 0 2 7 1 2 4 0 2 4 5 31 3 0 2 7 0 2 4 0 2 7 0 2 4 0 2 7 0 2 4 0 2 4 5 30 3 12 16 2 0 2 7 0 2 7 0 2 7 17 18 2 13 6 3 12 16 2 0 2 4 1 2 7 0 2 7 1 2 4 1 2 7 1 2 7 1 2 7 5 31 3 17 18 2 0 2 7 0 2 7 0 2 7 0 60.4523615837097168
1 2 4 0 2 11 5 30 3 16 6 2 12 16 2 1 2 4 12 16 2 1 2 7 1 2 11 0 2 3 0 2 4 1 2 4 1 2 3 0 2 7 5 31 3 0 2 7 0 2 7 0 2 3 1 2 3 17 18 2 0 2 7 0 2 3 12 16 2 17 18 2 0 2 4 5 30 3 1 2 7 1 2 7 0 2 3 0 2 3 0 2 7 17 18 2 1 2 7 1 2 3 0 2 4 1 2 3 1 2 7 1 2 7 1 2 7 8 18 2 0 2 11 0 2 4 0 2 4 0 2 7 0 2 7 0 2 3 0 2 7 0 2 4 0 2 4 0 2 7 1 2 3 5 30 3 0 2 4 1 2 7 0 2 7 16 9 11 13 6 3 17 9 2 1 2 7 17 9 2 0 61.7178948521614075
0 2 7 1 2 7 12 16 2 1 2 7 1 2 7 0 2 7 5 30 3 0 2 7 1 2 7 5 30 3 5 30 3 12 16 2 17 18 2 1 2 7 0 2 7 0 2 7 0 2 7 0 2 7 0 2 7 5 30 3 0 2 7 0 2 7 0 2 11 1 2 7 0 2 7 0 2 7 13 6 3 17 9 2 1 2 7 0 2 7 0 2 4 0 2 7 5 31 3 0 2 7 0 2 7 1 2 7 0 2 11 1 2 7 17 18 2 1 2 7 1 2 7 0 2 11 17 18 2 17 9 2 1 2 7 17 18 2 1 2 7 0 2 4 16 6 2 1 2 4 0 2 1 13 6 3 1 2 7 0 2 7 6 2 7 8 9 2 0 2 7 0 2 7 0 2 4 5 31 3 0 60.9744417071342468
16 6 2 0 2 7 1 2 11 17 18 2 5 30 3 0 2 7 1 2 4 0 2 4 0 2 7 13 6 3 17 9 2 0 2 7 0 2 7 0 2 7 1 2 3 5 31 3 12 16 2 0 2 11 0 2 7 1 2 3 8 18 2 12 16 2 5 30 3 0 2 7 1 2 7 17 18 2 0 2 7 0 2 4 0 2 7 8 18 2 0 2 7 5 30 3 0 2 7 17 9 2 0 2 7 1 2 7 0 2 7 16 19 11 1 2 7 0 2 7 0 2 7 0 2 4 0 2 7 0 2 3 6 2 3 1 2 11 0 2 7 0 2 7 1 2 7 1 2 7 1 2 7 0 2 7 1 2 4 0 2 7 0 2 7 5 30 3 12 16 2 1 2 3 5 30 3 16 19 11 0 62.1876262426376343
5 31 3 0 2 7 1 2 7 17 18 2 5 30 3 1 2 4 1 2 11 0 2 7 1 2 7 13 6 3 17 9 2 0 2 7 0 2 7 0 2 7 1 2 7 5 30 3 12 16 2 0 2 7 1 2 7 0 2 4 8 18 2 12 16 2 5 30 3 0 2 7 0 2 7 17 18 2 1 2 11 0 2 4 0 2 4 6 2 4 1 2 4 5 30 3 0 2 7 17 9 2 0 2 7 0 2 7 0 2 4 0 2 7 1 2 7 1 2 7 0 2 7 0 2 7 0 2 7 1 2 7 0 2 7 5 31 3 0 2 7 6 2 7 1 2 7 1 2 11 0 2 11 1 2 11 0 2 4 17 18 2 17 9 2 0 2 7 0 2 7 1 2 7 0 2 7 0 2 7 0 61.4729174375534058
0 2 1 16 6 2 0 2 7 1 2 11 17 18 2 5 30 3 1 2 7 1 2 7 0 2 3 1 2 7 13 6 3 17 9 2 0 2 7 0 2 1 0 2 7 0 2 4 0 2 11 5 30 3 6 2 11 12 16 2 1 2 11 0 2 4 1 2 7 0 2 7 8 18 2 12 16 2 5 30 3 0 2 7 1 2 3 17 18 2 1 2 4 1 2 11 0 2 7 0 2 12 0 2 7 0 2 12 17 18 2 1 2 3 6 2 4 5 31 3 0 2 7 17 9 2 8 18 2 17 9 2 5 30 3 0 2 7 1 2 7 0 2 7 0 2 7 0 2 4 1 2 7 1 2 7 0 2 4 0 2 7 5 30 3 1 2 7 0 2 3 0 2 4 0 2 4 0 2 7 0 62.2060996890068054
8 9 2 0 2 3 8 18 2 5 30 3 16 6 2 12 16 2 5 30 3 5 30 3 0 2 3 5 30 3 0 2 3 5 30 3 0 2 3 12 16 2 0 2 3 1 2 3 0 2 3 17 18 2 16 6 2 1 2 7 0 2 8 0 2 7 0 2 8 1 2 8 16 19 12 1 2 8 1 2 7 0 2 7 0 2 3 0 2 7 5 31 3 0 2 7 0 2 7 0 2 8 1 2 7 0 2 8 0 2 8 1 2 7 1 2 8 16 19 12 16 6 2 0 2 3 0 2 8 0 2 7 1 2 8 0 2 8 0 2 7 1 2 3 0 2 7 8 18 2 0 2 7 12 16 2 0 2 8 17 18 2 0 2 7 1 2 8 0 2 8 0 2 8 5 31 3 0 2 8 0 65.5169740915298462
0 2 7 1 2 7 12 16 2 1 2 7 1 2 7 0 2 7 5 30 3 0 2 7 1 2 7 5 30 3 5 30 3 12 16 2 17 18 2 0 2 7 0 2 7 0 2 7 0 2 7 0 2 7 5 30 3 0 2 7 0 2 7 5 30 3 5 31 3 17 18 2 8 18 2 5 31 3 16 6 2 16 30 2 1 2 7 0 2 7 1 2 7 0 2 8 0 2 7 0 2 3 17 9 2 0 2 8 0 2 7 16 6 2 0 2 3 1 2 8 0 2 3 1 2 3 0 2 11 1 2 3 0 2 8 1 2 7 13 6 3 0 2 8 0 2 8 0 2 3 8 9 2 0 2 7 5 30 3 1 2 7 0 2 3 0 2 4 0 2 7 0 2 7 0 2 7 0 2 7 7.11739747157472336e-05 63.0982328653335571

Current Evaluation = 10800(10800)
Front Size = 10
1 2 7 1 2 7 0 2 7 5 31 3 1 2 7 0 2 7 0 2 4 12 16 2 13 6 3 1 2 7 0 2 7 12 16 2 5 31 3 1 2 7 1 2 4 1 2 7 0 2 7 0 2 7 0 2 7 0 2 7 17 18 2 5 31 3 12 16 2 1 2 7 0 2 7 0 2 7 0 2 7 0 2 7 17 18 2 0 2 7 0 2 4 13 6 3 1 2 7 0 2 7 0 2 7 1 2 7 0 2 7 16 6 2 0 2 7 17 18 2 0 2 7 1 2 7 0 2 7 0 2 7 1 2 7 1 2 7 17 9 2 17 9 2 12 16 2 1 2 7 0 2 7 1 2 7 1 2 7 1 2 7 13 6 3 0 2 7 17 9 2 1 2 7 0 2 7 1 2 7 0 59.7211945056915283
0 2 7 16 30 2 12 16 2 17 9 2 0 2 7 0 2 7 0 2 7 0 2 7 17 18 2 12 16 2 17 18 2 1 2 4 1 2 7 1 2 7 1 2 4 1 2 7 1 2 4 1 2 7 1 2 7 0 2 7 13 6 3 17 9 2 0 2 7 5 31 3 0 2 7 0 2 7 5 30 3 0 2 7 0 2 7 0 2 4 12 16 2 0 2 7 0 2 7 1 2 3 13 6 3 12 16 2 1 2 7 0 2 7 1 2 7 1 2 7 1 2 7 5 31 3 0 2 7 0 2 7 0 2 7 1 2 3 5 30 3 1 2 7 0 2 7 1 2 7 17 9 2 0 2 7 13 6 3 0 2 4 0 2 4 17 9 2 0 2 7 1 2 7 0 2 7 1 2 7 0 59.9867335557937622
1 2 7 16 6 2 12 16 2 17 18 2 6 2 7 0 2 7 0 2 7 5 30 3 0 2 7 0 2 7 17 18 2 6 2 7 12 16 2 17 18 2 1 2 4 0 2 10 1 2 4 0 2 4 1 2 7 1 2 7 1 2 7 1 2 7 1 2 7 1 2 7 0 2 7 13 6 3 17 9 2 0 2 7 5 31 3 0 2 7 1 2 4 0 2 4 5 31 3 0 2 7 0 2 4 0 2 7 0 2 4 0 2 7 0 2 4 0 2 4 5 30 3 12 16 2 0 2 7 0 2 7 0 2 7 17 18 2 13 6 3 12 16 2 0 2 4 1 2 7 0 2 7 1 2 4 1 2 7 1 2 7 1 2 7 5 31 3 17 18 2 0 2 7 0 2 7 0 2 7 0 60.4523615837097168
1 2 4 1 2 11 0 2 4 5 31 3 1 2 7 0 2 7 0 2 7 12 16 2 0 2 7 0 2 4 5 31 3 1 2 4 0 2 4 1 2 11 5 31 3 1 2 7 0 2 7 0 2 7 17 18 2 5 30 3 1 2 7 0 2 7 0 2 7 0 2 7 0 2 7 17 18 2 0 2 7 0 2 7 1 2 7 1 2 7 0 2 7 0 2 11 0 2 7 1 2 4 17 18 2 0 2 7 1 2 7 0 2 7 0 2 7 0 2 7 17 9 2 17 9 2 1 2 7 1 2 11 1 2 7 1 2 7 13 6 3 0 2 7 12 16 2 13 6 3 6 2 7 0 2 7 12 16 2 0 2 7 1 2 7 0 2 7 16 6 2 6 2 7 17 18 2 1 2 3 0 60.5172165632247925
5 30 3 16 15 2 12 16 2 1 2 7 12 16 2 17 9 2 0 2 7 0 2 7 0 2 7 0 2 7 0 2 7 5 30 3 5 31 3 0 2 7 1 2 3 0 2 7 13 6 3 5 30 3 1 2 7 0 2 7 8 18 2 1 2 7 5 30 3 8 18 2 0 2 7 8 18 2 0 2 7 1 2 7 5 30 3 1 2 7 0 2 4 0 2 7 0 2 7 1 2 7 0 2 11 16 6 2 0 2 7 0 2 7 0 2 7 0 2 7 0 2 7 0 2 3 1 2 7 17 18 2 0 2 7 17 18 2 1 2 11 16 30 2 5 30 3 0 2 7 17 18 2 1 2 7 1 2 7 1 2 7 0 2 7 0 2 7 1 2 7 0 2 7 0 2 7 0 2 7 0 61.4340463876724243
5 30 3 12 16 2 12 16 2 17 9 2 1 2 7 1 2 7 0 2 7 0 2 7 5 30 3 12 16 2 1 2 7 1 2 7 0 2 11 0 2 4 1 2 7 0 2 7 17 9 2 0 2 7 1 2 7 0 2 4 0 2 7 0 2 7 0 2 7 0 2 4 0 2 7 0 2 7 0 2 7 0 2 7 1 2 7 0 2 7 17 18 2 0 2 7 17 18 2 1 2 11 0 2 11 1 2 7 0 2 7 0 2 4 1 2 7 0 2 1 1 2 7 13 6 3 0 2 7 5 30 3 8 18 2 12 16 2 0 2 7 17 18 2 5 31 3 5 30 3 13 6 3 13 6 3 0 2 7 16 6 2 1 2 7 17 18 2 1 2 7 0 2 7 1 2 7 1 2 7 0 60.7111834287643433
1 2 4 0 2 7 17 9 2 0 2 3 0 2 7 5 31 3 0 2 11 0 2 7 17 18 2 0 2 4 1 2 7 0 2 7 0 2 3 8 18 2 0 2 7 5 30 3 0 2 7 5 31 3 1 2 7 1 2 7 1 2 7 16 15 2 12 16 2 1 2 7 17 18 2 1 2 3 0 2 7 0 2 7 0 2 7 1 2 4 1 2 7 1 2 7 1 2 4 0 2 3 0 2 7 0 2 7 1 2 7 0 2 7 1 2 7 1 2 7 17 9 2 0 2 4 1 2 7 5 31 3 0 2 3 0 2 7 17 18 2 0 2 4 0 2 4 1 2 7 0 2 7 1 2 7 0 2 7 1 2 7 0 2 7 0 2 7 0 2 7 1 2 7 1 2 7 16 18 11 0 61.2674838900566101
8 9 2 0 2 3 8 18 2 5 30 3 16 6 2 12 16 2 5 30 3 5 30 3 0 2 3 5 30 3 0 2 3 5 30 3 0 2 3 12 16 2 0 2 3 1 2 3 0 2 3 17 18 2 16 6 2 1 2 7 0 2 8 0 2 7 0 2 8 1 2 8 16 19 12 1 2 8 1 2 7 0 2 7 0 2 3 0 2 7 5 31 3 0 2 7 0 2 7 0 2 8 1 2 7 0 2 8 0 2 8 1 2 7 1 2 8 16 19 12 16 6 2 0 2 3 0 2 8 0 2 7 1 2 8 0 2 8 0 2 7 1 2 3 0 2 7 8 18 2 0 2 7 12 16 2 0 2 8 17 18 2 0 2 7 1 2 8 0 2 8 0 2 8 5 31 3 0 2 8 0 65.5169740915298462
5 30 3 16 15 2 12 16 2 15 2 11 12 16 2 17 9 2 0 2 7 0 2 7 1 2 7 0 2 11 0 2 7 5 30 3 5 31 3 0 2 7 1 2 7 0 2 7 0 2 4 5 30 3 1 2 4 0 2 7 8 18 2 1 2 4 5 30 3 8 18 2 0 2 7 8 18 2 0 2 11 1 2 7 5 30 3 1 2 7 0 2 7 0 2 10 0 2 7 1 2 7 0 2 4 16 6 2 0 2 11 0 2 7 0 2 7 0 2 7 0 2 7 0 2 7 0 2 7 17 18 2 0 2 7 17 18 2 1 2 7 16 6 2 5 30 3 0 2 7 17 18 2 1 2 7 6 2 7 1 2 7 0 2 11 0 2 7 1 2 11 0 2 7 0 2 11 0 2 7 0 62.1511046290397644
1 2 7 12 16 2 17 18 2 1 2 7 6 2 7 1 2 7 5 30 3 0 2 7 0 2 7 17 18 2 12 16 2 17 18 2 1 2 7 1 2 3 8 18 2 1 2 7 1 2 7 1 2 7 0 2 7 1 2 7 0 2 4 13 6 3 17 9 2 0 2 7 5 31 3 0 2 3 1 2 7 5 31 3 0 2 7 0 2 7 0 2 7 5 30 3 12 16 2 0 2 7 0 2 7 0 2 7 17 18 2 13 6 3 1 2 7 0 2 7 1 2 7 1 2 7 0 2 7 0 2 7 0 2 7 16 6 2 0 2 7 1 2 7 0 2 7 0 2 3 0 2 7 0 2 7 16 15 2 0 2 7 0 2 3 0 2 7 0 2 7 1 2 4 0 2 7 1 2 3 0 60.6555505394935608

Current Evaluation = 11700(11700)
Front Size = 10
1 2 7 1 2 7 0 2 7 5 31 3 1 2 7 0 2 7 0 2 4 12 16 2 13 6 3 1 2 7 0 2 7 12 16 2 5 31 3 1 2 7 1 2 4 1 2 7 0 2 7 0 2 7 0 2 7 0 2 7 17 18 2 12 16 2 1 2 7 0 2 7 0 2 7 0 2 7 0 2 7 17 18 2 0 2 7 0 2 7 13 6 3 1 2 7 0 2 7 0 2 7 1 2 7 0 2 7 0 2 7 17 18 2 0 2 7 1 2 7 0 2 7 0 2 7 1 2 7 1 2 7 17 9 2 12 16 2 13 6 3 5 31 3 16 6 2 17 9 2 1 2 7 0 2 7 1 2 7 1 2 7 1 2 4 0 2 7 17 9 2 1 2 7 0 2 7 1 2 7 0 59.7211945056915283
0 2 7 16 30 2 12 16 2 17 9 2 0 2 7 0 2 7 0 2 7 0 2 7 17 18 2 12 16 2 17 18 2 1 2 4 1 2 7 1 2 7 1 2 4 1 2 7 1 2 4 1 2 7 1 2 7 0 2 7 13 6 3 17 9 2 0 2 7 5 31 3 0 2 7 0 2 7 5 30 3 0 2 7 0 2 7 0 2 4 12 16 2 0 2 7 0 2 7 1 2 3 13 6 3 12 16 2 1 2 7 0 2 7 1 2 7 1 2 7 1 2 7 5 31 3 0 2 7 0 2 7 0 2 7 1 2 3 5 30 3 1 2 7 0 2 7 1 2 7 17 9 2 0 2 7 13 6 3 0 2 4 0 2 4 17 9 2 0 2 7 1 2 7 0 2 7 1 2 7 0 59.9867335557937622
1 2 7 12 16 2 17 9 2 0 2 4 0 2 7 0 2 4 0 2 7 17 18 2 12 16 2 17 18 2 1 2 7 1 2 7 1 2 7 1 2 7 1 2 7 1 2 7 16 6 2 0 2 7 0 2 7 13 6 3 0 2 7 5 31 3 0 2 7 0 2 7 5 31 3 0 2 7 0 2 7 0 2 4 12 16 2 0 2 7 0 2 7 1 2 7 13 6 3 12 16 2 0 2 7 0 2 7 1 2 7 1 2 7 6 2 7 5 31 3 0 2 4 0 2 7 1 2 7 5 30 3 1 2 7 1 2 7 1 2 7 0 2 4 13 6 3 0 2 4 0 2 7 0 2 7 17 18 2 0 2 3 16 6 2 12 16 2 0 2 7 12 16 2 17 18 2 1 2 7 0 60.2315914034843445
0 2 7 16 6 2 12 16 2 17 18 2 1 2 4 0 2 7 5 31 3 0 2 7 12 16 2 17 18 2 12 16 2 17 18 2 0 2 7 0 2 4 1 2 4 1 2 7 0 2 7 1 2 7 0 2 7 1 2 7 13 6 3 17 9 2 0 2 7 5 31 3 1 2 4 0 2 7 0 2 7 1 2 7 6 2 7 1 2 7 1 2 7 5 31 3 12 16 2 0 2 7 0 2 4 0 2 7 17 18 2 13 6 3 12 16 2 1 2 7 0 2 7 0 2 7 1 2 7 1 2 7 0 2 7 1 2 4 0 2 4 0 2 7 0 2 7 5 30 3 13 6 3 0 2 7 1 2 7 17 18 2 0 2 7 0 2 7 0 2 7 0 2 7 1 2 7 1 2 7 0 60.0970324873924255
1 2 4 0 2 7 17 9 2 0 2 3 0 2 7 5 31 3 0 2 11 0 2 7 17 18 2 0 2 4 1 2 7 0 2 7 0 2 3 8 18 2 0 2 7 5 30 3 0 2 7 5 31 3 1 2 7 1 2 7 1 2 7 16 15 2 12 16 2 1 2 7 17 18 2 1 2 3 0 2 7 0 2 7 0 2 7 1 2 4 1 2 7 1 2 7 1 2 4 0 2 3 0 2 7 0 2 7 1 2 7 0 2 7 1 2 7 1 2 7 17 9 2 0 2 4 1 2 7 5 31 3 0 2 3 0 2 7 17 18 2 0 2 4 0 2 4 1 2 7 0 2 7 1 2 7 0 2 7 1 2 7 0 2 7 0 2 7 0 2 7 1 2 7 1 2 7 16 18 11 0 61.2674838900566101
16 6 2 0 2 7 17 9 2 0 2 7 5 31 3 0 2 7 17 18 2 0 2 4 1 2 7 0 2 4 0 2 7 5 31 3 12 16 2 5 31 3 1 2 4 1 2 7 1 2 7 12 16 2 1 2 7 17 18 2 0 2 4 0 2 4 0 2 7 1 2 7 1 2 4 0 2 7 1 2 7 0 2 7 0 2 7 1 2 4 0 2 7 1 2 7 1 2 7 0 2 7 0 2 4 5 31 3 6 2 7 17 18 2 0 2 4 1 2 4 0 2 7 1 2 7 0 2 7 0 2 7 0 2 7 12 16 2 0 2 7 0 2 4 8 18 2 0 2 7 12 16 2 0 2 7 17 9 2 12 16 2 0 2 7 1 2 4 1 2 4 13 6 3 1 2 7 16 6 2 0 60.6511556506156921
8 9 2 0 2 3 8 18 2 5 30 3 16 6 2 12 16 2 5 30 3 5 30 3 0 2 3 5 30 3 0 2 3 5 30 3 0 2 3 12 16 2 0 2 3 1 2 3 0 2 3 17 18 2 16 6 2 1 2 7 0 2 8 0 2 7 0 2 8 1 2 8 16 19 12 1 2 8 1 2 7 0 2 7 0 2 3 0 2 7 5 31 3 0 2 7 0 2 7 0 2 8 1 2 7 0 2 8 0 2 8 1 2 7 1 2 8 16 19 12 16 6 2 0 2 3 0 2 8 0 2 7 1 2 8 0 2 8 0 2 7 1 2 3 0 2 7 8 18 2 0 2 7 12 16 2 0 2 8 17 18 2 0 2 7 1 2 8 0 2 8 0 2 8 5 31 3 0 2 8 0 65.5169740915298462
5 30 3 12 16 2 12 16 2 17 9 2 1 2 4 1 2 7 0 2 7 0 2 4 5 30 3 12 16 2 0 2 3 1 2 7 0 2 7 1 2 7 0 2 7 17 9 2 0 2 7 1 2 7 0 2 3 0 2 7 0 2 7 0 2 3 0 2 7 0 2 7 0 2 7 0 2 7 0 2 3 1 2 7 1 2 7 17 18 2 0 2 7 17 18 2 1 2 7 1 2 7 1 2 7 6 2 4 13 6 3 0 2 7 12 16 2 0 2 7 5 31 3 13 6 3 13 6 3 0 2 7 1 2 7 0 2 7 0 2 4 1 2 7 17 9 2 1 2 7 1 2 7 17 9 2 0 2 7 1 2 7 0 2 4 1 2 4 0 2 3 16 6 2 5 31 3 1 2 7 0 60.2984035611152649
5 30 3 16 15 2 12 16 2 1 2 7 12 16 2 17 9 2 0 2 7 0 2 7 0 2 7 0 2 7 0 2 7 5 30 3 5 31 3 0 2 7 1 2 3 0 2 7 13 6 3 5 30 3 1 2 7 0 2 7 8 18 2 1 2 7 5 30 3 8 18 2 0 2 7 8 18 2 0 2 7 1 2 7 5 30 3 1 2 7 0 2 4 0 2 7 0 2 7 1 2 7 0 2 11 16 6 2 0 2 7 0 2 7 0 2 7 0 2 7 0 2 7 0 2 3 1 2 7 17 18 2 0 2 7 17 18 2 1 2 11 16 30 2 5 30 3 0 2 7 17 18 2 1 2 7 1 2 7 1 2 7 0 2 7 0 2 7 1 2 7 0 2 7 0 2 7 0 2 7 0 61.4340463876724243
1 2 7 1 2 7 0 2 7 5 30 3 1 2 3 0 2 4 1 2 7 12 16 2 13 6 3 1 2 7 0 2 7 12 16 2 5 30 3 1 2 7 0 2 7 1 2 7 0 2 7 0 2 7 0 2 7 0 2 7 17 18 2 12 16 2 1 2 7 1 2 7 0 2 7 1 2 11 0 2 7 17 9 2 0 2 7 0 2 7 1 2 7 0 2 7 0 2 7 1 2 7 0 2 7 0 2 7 8 18 2 0 2 7 0 2 7 17 9 2 12 16 2 5 31 3 16 6 2 17 9 2 0 2 7 13 6 3 5 31 3 12 16 2 1 2 7 1 2 7 13 6 3 0 2 11 0 2 7 16 6 2 0 2 7 0 2 7 17 9 2 1 2 7 0 2 7 1 2 7 0 60.359674334526062

Current Evaluation = 12600(12600)
Front Size = 10
1 2 7 1 2 7 0 2 7 5 31 3 1 2 7 0 2 7 0 2 4 12 16 2 13 6 3 1 2 7 0 2 7 12 16 2 5 31 3 1 2 7 1 2 4 1 2 7 0 2 7 0 2 7 0 2 7 0 2 7 17 18 2 12 16 2 1 2 7 0 2 7 0 2 7 0 2 7 0 2 7 17 18 2 0 2 7 0 2 7 13 6 3 1 2 7 0 2 7 0 2 7 1 2 7 0 2 7 1 2 7 1 2 7 1 2 7 17 9 2 12 16 2 13 6 3 16 6 2 17 9 2 1 2 7 1 2 7 1 2 7 1 2 4 17 9 2 0 2 7 17 18 2 0 2 7 0 2 7 0 2 7 5 31 3 0 2 7 0 2 7 1 2 7 0 2 7 1 2 7 0 59.7211945056915283
1 2 7 1 2 4 0 2 7 5 30 3 1 2 7 1 2 7 0 2 4 12 16 2 13 6 3 1 2 7 0 2 7 12 16 2 5 31 3 1 2 7 0 2 4 1 2 7 0 2 7 0 2 7 0 2 7 0 2 7 17 18 2 12 16 2 1 2 7 0 2 7 0 2 3 1 2 3 0 2 7 17 18 2 0 2 7 0 2 7 13 6 3 1 2 7 0 2 7 0 2 7 1 2 7 0 2 7 1 2 7 1 2 7 1 2 7 17 9 2 12 16 2 13 6 3 16 6 2 17 9 2 1 2 7 1 2 7 1 2 7 1 2 3 17 9 2 0 2 7 0 2 7 0 2 4 0 2 7 17 9 2 5 31 3 0 2 7 0 2 7 0 2 4 0 2 3 1 2 7 0 59.9809155464172363
0 2 7 16 6 2 5 30 3 17 18 2 6 2 7 0 2 7 5 30 3 1 2 7 12 16 2 17 18 2 12 16 2 1 2 7 5 30 3 0 2 7 1 2 3 0 2 7 0 2 7 0 2 7 0 2 7 0 2 7 5 30 3 0 2 7 0 2 7 5 31 3 12 16 2 5 30 3 17 18 2 0 2 7 8 9 2 0 2 7 1 2 7 1 2 11 1 2 11 0 2 7 0 2 7 1 2 7 0 2 7 0 2 7 16 19 11 0 2 7 0 2 4 0 2 7 0 2 7 1 2 7 1 2 7 0 2 7 0 2 7 16 6 2 13 6 3 0 2 7 8 18 2 0 2 7 0 2 7 0 2 7 0 2 7 16 19 11 0 2 7 1 2 7 5 31 3 1 2 3 0 62.0962610840797424
12 16 2 0 2 4 12 16 2 17 9 2 0 2 7 0 2 7 0 2 7 1 2 7 0 2 7 5 31 3 0 2 4 0 2 10 0 2 4 1 2 7 0 2 7 0 2 4 0 2 7 0 2 10 0 2 4 1 2 7 1 2 11 1 2 7 0 2 7 1 2 7 16 6 2 0 2 7 1 2 7 0 2 7 1 2 4 1 2 7 1 2 11 8 18 2 0 2 4 8 18 2 0 2 7 17 18 2 1 2 4 1 2 7 0 2 7 0 2 7 0 2 4 1 2 7 1 2 7 0 2 4 5 31 3 16 6 2 5 30 3 12 16 2 0 2 7 1 2 4 1 2 7 17 18 2 17 18 2 5 31 3 0 2 7 1 2 4 12 16 2 0 2 7 17 18 2 0 2 4 0 61.1494295597076416
0 2 7 16 6 2 12 16 2 17 18 2 5 31 3 0 2 4 5 30 3 0 2 7 12 16 2 17 18 2 12 16 2 17 18 2 0 2 7 0 2 4 1 2 7 1 2 4 0 2 7 1 2 7 0 2 7 1 2 7 13 6 3 0 2 7 5 31 3 0 2 7 0 2 4 1 2 7 0 2 4 1 2 7 0 2 7 5 31 3 12 16 2 0 2 7 0 2 7 0 2 7 17 18 2 12 16 2 1 2 4 0 2 7 0 2 7 1 2 4 1 2 7 0 2 7 0 2 7 0 2 7 0 2 7 5 31 3 16 18 11 1 2 4 1 2 4 0 2 4 1 2 7 0 2 7 6 2 7 17 18 2 0 2 7 1 2 4 6 2 10 0 2 7 0 2 7 1 2 7 0 61.2006075382232666
0 2 3 0 2 4 0 2 7 5 30 3 0 2 7 0 2 7 12 16 2 1 2 3 0 2 7 12 16 2 0 2 7 0 2 7 0 2 7 0 2 7 17 9 2 12 16 2 1 2 7 17 18 2 16 30 2 0 2 7 0 2 4 0 2 7 0 2 7 0 2 3 1 2 7 5 30 3 0 2 7 0 2 7 1 2 7 12 16 2 13 6 3 8 9 2 1 2 7 0 2 3 0 2 7 1 2 7 1 2 7 1 2 7 1 2 7 1 2 7 0 2 3 0 2 7 0 2 7 5 30 3 8 18 2 0 2 3 0 2 7 1 2 3 17 18 2 1 2 7 0 2 3 17 18 2 5 30 3 1 2 3 13 6 3 16 15 2 16 19 11 5 30 3 0 2 7 1 2 7 0 61.6087313890457153
0 2 7 16 6 2 12 16 2 17 18 2 1 2 4 0 2 7 5 31 3 0 2 7 12 16 2 17 18 2 12 16 2 17 18 2 0 2 7 0 2 4 1 2 4 1 2 7 0 2 7 1 2 7 0 2 7 1 2 7 13 6 3 17 9 2 0 2 7 5 31 3 1 2 4 0 2 7 0 2 7 1 2 7 6 2 7 1 2 7 1 2 7 5 31 3 12 16 2 0 2 7 0 2 4 0 2 7 17 18 2 13 6 3 12 16 2 1 2 7 0 2 7 0 2 7 1 2 7 1 2 7 0 2 7 1 2 4 0 2 4 0 2 7 0 2 7 5 30 3 13 6 3 0 2 7 1 2 7 17 18 2 0 2 7 0 2 7 0 2 7 0 2 7 1 2 7 1 2 7 0 60.0970324873924255
1 2 7 16 6 2 12 16 2 17 18 2 0 2 3 5 31 3 16 9 11 12 16 2 17 18 2 12 16 2 0 2 7 0 2 7 0 2 4 0 2 4 0 2 11 0 2 7 0 2 7 5 31 3 1 2 7 0 2 7 6 2 7 0 2 4 5 30 3 1 2 7 5 31 3 8 18 2 1 2 7 0 2 7 0 2 7 0 2 4 0 2 7 1 2 7 1 2 7 0 2 4 12 16 2 0 2 7 0 2 7 17 18 2 13 6 3 12 16 2 0 2 4 1 2 7 1 2 7 0 2 7 1 2 4 0 2 7 16 24 2 0 2 7 0 2 4 0 2 7 1 2 4 0 2 7 1 2 3 17 18 2 0 2 7 1 2 7 0 2 7 1 2 7 1 2 7 5 30 3 0 61.371484637260437
8 9 2 0 2 3 8 18 2 5 30 3 16 6 2 12 16 2 5 30 3 5 30 3 0 2 3 5 30 3 0 2 3 5 30 3 0 2 3 12 16 2 0 2 3 1 2 3 0 2 3 17 18 2 16 6 2 1 2 7 0 2 8 0 2 7 0 2 8 1 2 8 16 19 12 1 2 8 1 2 7 0 2 7 0 2 3 0 2 7 5 31 3 0 2 7 0 2 7 0 2 8 1 2 7 0 2 8 0 2 8 1 2 7 1 2 8 16 19 12 16 6 2 0 2 3 0 2 8 0 2 7 1 2 8 0 2 8 0 2 7 1 2 3 0 2 7 8 18 2 0 2 7 12 16 2 0 2 8 17 18 2 0 2 7 1 2 8 0 2 8 0 2 8 5 31 3 0 2 8 0 65.5169740915298462
5 30 3 16 6 2 12 16 2 12 16 2 17 18 2 1 2 7 0 2 7 1 2 7 0 2 7 0 2 7 5 31 3 0 2 7 0 2 7 1 2 7 1 2 7 0 2 7 0 2 7 0 2 7 0 2 7 12 16 2 17 18 2 0 2 7 5 31 3 1 2 7 5 31 3 8 18 2 0 2 7 0 2 7 0 2 3 5 30 3 0 2 3 0 2 4 6 2 7 0 2 3 1 2 4 0 2 7 16 6 2 0 2 8 0 2 8 1 2 7 0 2 7 1 2 8 0 2 3 0 2 8 0 2 8 0 2 7 12 16 2 16 19 12 1 2 7 0 2 7 1 2 4 1 2 8 0 2 7 0 2 7 8 18 2 1 2 4 1 2 8 12 16 2 0 2 8 0 2 8 0.00033664888889784134 63.7169848084449768

Current Evaluation = 13500(13500)
Front Size = 10
1 2 7 1 2 7 0 2 7 5 31 3 1 2 7 0 2 7 0 2 4 12 16 2 13 6 3 1 2 7 0 2 7 12 16 2 5 31 3 1 2 7 1 2 4 1 2 7 0 2 7 0 2 7 0 2 7 0 2 7 17 18 2 12 16 2 1 2 7 0 2 7 0 2 7 0 2 7 0 2 7 17 18 2 0 2 7 0 2 7 13 6 3 1 2 7 0 2 7 0 2 7 1 2 7 0 2 7 1 2 7 1 2 7 1 2 7 17 9 2 12 16 2 13 6 3 16 6 2 17 9 2 1 2 7 1 2 7 1 2 7 1 2 4 17 9 2 0 2 7 17 18 2 0 2 7 0 2 7 0 2 7 5 31 3 0 2 7 0 2 7 1 2 7 0 2 7 1 2 7 0 59.7211945056915283
0 2 7 0 2 7 0 2 7 5 31 3 1 2 7 0 2 7 5 30 3 12 16 2 0 2 7 5 31 3 12 16 2 1 2 4 1 2 7 1 2 7 0 2 4 0 2 7 0 2 4 0 2 7 12 16 2 0 2 7 1 2 7 0 2 4 0 2 7 17 18 2 1 2 7 1 2 4 0 2 7 1 2 7 5 30 3 0 2 7 1 2 7 17 9 2 12 16 2 16 15 2 0 2 7 17 18 2 0 2 4 1 2 7 13 6 3 6 2 7 1 2 7 0 2 7 17 18 2 0 2 4 1 2 7 17 9 2 1 2 7 1 2 7 0 2 7 0 2 4 6 2 7 0 2 7 8 18 2 17 18 2 13 6 3 0 2 4 0 2 4 5 30 3 0 2 7 0 2 7 0 60.5846275091171265
0 2 7 16 6 2 12 16 2 17 18 2 5 31 3 0 2 4 5 30 3 0 2 7 12 16 2 17 18 2 12 16 2 17 18 2 0 2 7 0 2 4 1 2 7 1 2 4 0 2 7 1 2 7 0 2 7 1 2 7 13 6 3 0 2 7 5 31 3 0 2 7 0 2 4 1 2 7 0 2 4 1 2 7 0 2 7 5 31 3 12 16 2 0 2 7 0 2 7 0 2 7 17 18 2 12 16 2 1 2 4 0 2 7 0 2 7 1 2 4 1 2 7 0 2 7 0 2 7 0 2 7 0 2 7 5 31 3 16 18 11 1 2 4 1 2 4 0 2 4 1 2 7 0 2 7 6 2 7 17 18 2 0 2 7 1 2 4 6 2 10 0 2 7 0 2 7 1 2 7 0 61.2006075382232666
1 2 7 1 2 4 0 2 7 5 30 3 1 2 7 1 2 7 0 2 4 12 16 2 13 6 3 1 2 7 0 2 7 12 16 2 5 31 3 1 2 7 0 2 4 1 2 7 0 2 7 0 2 7 0 2 7 0 2 7 17 18 2 12 16 2 1 2 7 0 2 7 0 2 3 1 2 3 0 2 7 17 18 2 0 2 7 0 2 7 13 6 3 1 2 7 0 2 7 0 2 7 1 2 7 0 2 7 1 2 7 1 2 7 1 2 7 17 9 2 12 16 2 13 6 3 16 6 2 17 9 2 1 2 7 1 2 7 1 2 7 1 2 3 17 9 2 0 2 7 0 2 7 0 2 4 0 2 7 17 9 2 5 31 3 0 2 7 0 2 7 0 2 4 0 2 3 1 2 7 0 59.9809155464172363
0 2 7 1 2 4 5 30 3 1 2 4 1 2 7 12 16 2 1 2 7 0 2 7 12 16 2 5 30 3 1 2 7 0 2 7 0 2 3 0 2 7 1 2 7 1 2 7 8 18 2 1 2 3 0 2 4 0 2 7 17 18 2 0 2 7 0 2 7 1 2 7 1 2 7 0 2 7 1 2 7 0 2 7 1 2 3 1 2 7 17 9 2 16 30 2 0 2 7 0 2 7 0 2 3 13 6 3 1 2 7 1 2 3 1 2 3 0 2 7 0 2 7 5 31 3 17 9 2 0 2 7 1 2 7 12 16 2 13 6 3 0 2 4 1 2 7 0 2 3 16 15 2 0 2 7 0 2 3 17 18 2 0 2 7 17 18 2 0 2 3 5 30 3 0 2 3 0 2 7 0 60.9330496788024902
1 2 4 0 2 4 0 2 4 5 30 3 1 2 7 1 2 7 0 2 4 12 16 2 1 2 7 0 2 7 12 16 2 5 31 3 1 2 7 0 2 4 1 2 7 0 2 7 0 2 7 0 2 7 0 2 7 17 18 2 12 16 2 1 2 7 0 2 7 0 2 7 17 18 2 0 2 7 0 2 7 1 2 7 0 2 7 0 2 7 1 2 4 0 2 7 1 2 7 1 2 7 17 9 2 12 16 2 16 6 2 0 2 4 0 2 7 0 2 4 5 31 3 0 2 4 0 2 7 0 2 4 0 2 4 13 6 3 1 2 7 13 6 3 17 18 2 1 2 7 0 2 3 1 2 7 6 2 7 17 9 2 5 31 3 17 18 2 1 2 7 0 2 4 1 2 7 1 2 7 0 60.2408736348152161
0 2 7 0 2 7 0 2 4 5 31 3 0 2 7 0 2 7 5 31 3 12 16 2 0 2 7 5 30 3 12 16 2 0 2 4 1 2 7 1 2 7 0 2 4 0 2 7 0 2 7 0 2 7 12 16 2 0 2 7 0 2 7 1 2 4 1 2 7 17 18 2 1 2 7 1 2 7 0 2 7 1 2 7 0 2 7 1 2 7 1 2 7 17 9 2 12 16 2 16 6 2 0 2 7 17 18 2 0 2 7 1 2 7 13 6 3 0 2 7 1 2 7 0 2 4 17 18 2 0 2 7 1 2 4 17 9 2 1 2 7 13 6 3 1 2 7 17 18 2 0 2 7 0 2 7 13 6 3 0 2 7 0 2 7 6 2 4 1 2 7 12 16 2 5 31 3 1 2 7 0 60.0970324873924255
0 2 4 0 2 4 1 2 4 5 30 3 1 2 4 1 2 7 12 16 2 1 2 7 0 2 7 12 16 2 5 31 3 12 16 2 0 2 4 1 2 7 0 2 7 17 9 2 12 16 2 1 2 7 17 18 2 0 2 7 1 2 7 1 2 7 0 2 7 1 2 7 0 2 4 1 2 7 17 9 2 1 2 4 16 6 2 0 2 4 13 6 3 1 2 4 17 18 2 0 2 7 17 9 2 0 2 4 13 6 3 5 31 3 17 18 2 0 2 7 1 2 7 1 2 4 1 2 7 0 2 4 0 2 7 6 2 7 0 2 7 0 2 7 0 2 3 0 2 7 0 2 7 1 2 7 0 2 7 0 2 7 0 2 7 1 2 7 0 2 7 0 2 7 5 31 3 0 2 7 0 60.2408736348152161
1 2 7 0 2 7 0 2 4 5 31 3 1 2 4 1 2 7 5 31 3 12 16 2 0 2 7 5 30 3 12 16 2 5 30 3 0 2 3 1 2 7 0 2 4 0 2 7 0 2 7 1 2 4 0 2 7 12 16 2 1 2 3 0 2 7 0 2 7 1 2 7 0 2 4 17 18 2 0 2 7 0 2 7 0 2 7 1 2 7 0 2 7 1 2 7 1 2 7 17 9 2 12 16 2 16 6 2 0 2 4 17 18 2 0 2 4 1 2 7 13 6 3 0 2 4 1 2 7 0 2 7 17 18 2 0 2 7 0 2 7 17 9 2 0 2 7 1 2 4 6 2 7 1 2 7 0 2 7 13 6 3 1 2 7 17 18 2 12 16 2 1 2 7 0 2 3 13 6 3 0 60.2567535042762756
1 2 7 0 2 7 0 2 7 5 31 3 1 2 7 1 2 11 0 2 4 12 16 2 1 2 7 0 2 4 12 16 2 5 30 3 1 2 7 0 2 7 1 2 7 0 2 7 0 2 7 0 2 7 0 2 7 17 18 2 12 16 2 1 2 7 0 2 7 0 2 4 17 18 2 0 2 7 0 2 11 1 2 4 0 2 7 0 2 7 1 2 7 0 2 4 1 2 7 1 2 7 17 9 2 12 16 2 16 6 2 0 2 7 0 2 7 0 2 11 5 30 3 0 2 4 13 6 3 1 2 7 17 18 2 1 2 7 1 2 4 17 9 2 8 18 2 0 2 7 0 2 7 13 6 3 0 2 4 0 2 4 5 31 3 17 18 2 0 2 7 1 2 4 1 2 7 1 2 7 0 60.5269066095352173

Current Evaluation = 14400(14400)
Front Size = 10
1 2 7 1 2 7 0 2 7 5 31 3 1 2 7 0 2 7 0 2 4 12 16 2 13 6 3 1 2 7 0 2 7 12 16 2 5 31 3 1 2 7 1 2 4 1 2 7 0 2 7 0 2 7 0 2 7 0 2 7 17 18 2 12 16 2 1 2 7 0 2 7 0 2 7 0 2 7 0 2 7 17 18 2 0 2 7 0 2 7 13 6 3 1 2 7 0 2 7 0 2 7 1 2 7 0 2 7 1 2 7 1 2 7 1 2 7 17 9 2 12 16 2 13 6 3 16 6 2 17 9 2 1 2 7 1 2 7 1 2 7 1 2 4 17 9 2 0 2 7 17 18 2 0 2 7 0 2 7 0 2 7 5 31 3 0 2 7 0 2 7 1 2 7 0 2 7 1 2 7 0 59.7211945056915283
1 2 7 0 2 7 1 2 7 0 2 4 12 16 2 13 6 3 1 2 7 0 2 7 12 16 2 5 31 3 1 2 7 0 2 4 1 2 7 0 2 7 0 2 7 0 2 7 0 2 7 17 18 2 12 16 2 1 2 7 0 2 7 0 2 7 1 2 7 0 2 7 17 18 2 0 2 7 0 2 7 13 6 3 1 2 7 0 2 7 0 2 7 1 2 7 0 2 7 1 2 7 1 2 7 5 31 3 17 9 2 12 16 2 13 6 3 16 6 2 17 9 2 1 2 7 1 2 7 1 2 7 1 2 7 0 2 7 0 2 7 0 2 7 0 2 7 5 31 3 0 2 7 0 2 7 0 2 4 0 2 7 1 2 7 1 2 7 17 18 2 17 18 2 1 2 7 1 2 7 0 59.7211945056915283
1 2 4 0 2 4 0 2 4 5 30 3 1 2 7 1 2 7 0 2 4 12 16 2 1 2 7 0 2 7 12 16 2 5 31 3 1 2 7 0 2 4 1 2 7 0 2 7 0 2 7 0 2 7 0 2 7 17 18 2 12 16 2 1 2 7 0 2 7 0 2 7 17 18 2 0 2 7 0 2 7 1 2 7 0 2 7 0 2 7 1 2 4 0 2 7 1 2 7 1 2 7 17 9 2 12 16 2 16 6 2 0 2 4 0 2 7 0 2 4 5 31 3 0 2 4 0 2 7 0 2 4 0 2 4 13 6 3 1 2 7 13 6 3 17 18 2 1 2 7 0 2 3 1 2 7 6 2 7 17 9 2 5 31 3 17 18 2 1 2 7 0 2 4 1 2 7 1 2 7 0 60.2408736348152161
1 2 7 1 2 4 0 2 7 5 30 3 1 2 7 1 2 7 0 2 4 12 16 2 13 6 3 1 2 7 0 2 7 12 16 2 5 31 3 1 2 7 0 2 4 1 2 7 0 2 7 0 2 7 0 2 7 0 2 7 17 18 2 12 16 2 1 2 7 0 2 7 0 2 3 1 2 3 0 2 7 17 18 2 0 2 7 0 2 7 13 6 3 1 2 7 0 2 7 0 2 7 1 2 7 0 2 7 1 2 7 1 2 7 1 2 7 17 9 2 12 16 2 13 6 3 16 6 2 17 9 2 1 2 7 1 2 7 1 2 7 1 2 3 17 9 2 0 2 7 0 2 7 0 2 4 0 2 7 17 9 2 5 31 3 0 2 7 0 2 7 0 2 4 0 2 3 1 2 7 0 59.9809155464172363
0 2 7 1 2 4 5 30 3 1 2 4 1 2 7 12 16 2 1 2 7 0 2 7 12 16 2 5 30 3 1 2 7 0 2 7 0 2 3 0 2 7 1 2 7 1 2 7 8 18 2 1 2 3 0 2 4 0 2 7 17 18 2 0 2 7 0 2 7 1 2 7 1 2 7 0 2 7 1 2 7 0 2 7 1 2 3 1 2 7 17 9 2 16 30 2 0 2 7 0 2 7 0 2 3 13 6 3 1 2 7 1 2 3 1 2 3 0 2 7 0 2 7 5 31 3 17 9 2 0 2 7 1 2 7 12 16 2 13 6 3 0 2 4 1 2 7 0 2 3 16 15 2 0 2 7 0 2 3 17 18 2 0 2 7 17 18 2 0 2 3 5 30 3 0 2 3 0 2 7 0 60.9330496788024902
1 2 7 0 2 7 0 2 7 5 31 3 1 2 7 0 2 7 5 31 3 12 16 2 0 2 7 5 30 3 12 16 2 0 2 7 0 2 7 1 2 7 0 2 7 1 2 7 0 2 7 12 16 2 0 2 7 0 2 7 0 2 7 1 2 4 1 2 7 17 18 2 5 31 3 0 2 7 1 2 4 1 2 7 0 2 7 1 2 7 1 2 7 17 9 2 12 16 2 16 6 2 0 2 7 17 18 2 1 2 4 13 6 3 6 2 7 0 2 7 0 2 7 0 2 7 17 9 2 0 2 7 1 2 7 0 2 7 13 6 3 0 2 7 1 2 7 0 2 7 13 6 3 17 9 2 0 2 7 17 9 2 0 2 7 1 2 7 1 2 4 0 2 7 1 2 7 1 2 7 0 59.938682496547699
1 2 7 0 2 7 0 2 4 5 31 3 1 2 4 1 2 7 5 31 3 12 16 2 0 2 7 5 30 3 12 16 2 5 30 3 0 2 3 1 2 7 0 2 4 0 2 7 0 2 7 1 2 4 0 2 7 12 16 2 1 2 3 0 2 7 0 2 7 1 2 7 0 2 4 17 18 2 0 2 7 0 2 7 0 2 7 1 2 7 0 2 7 1 2 7 1 2 7 17 9 2 12 16 2 16 6 2 0 2 4 17 18 2 0 2 4 1 2 7 13 6 3 0 2 4 1 2 7 0 2 7 17 18 2 0 2 7 0 2 7 17 9 2 0 2 7 1 2 4 6 2 7 1 2 7 0 2 7 13 6 3 1 2 7 17 18 2 12 16 2 1 2 7 0 2 3 13 6 3 0 60.2567535042762756
0 2 4 1 2 7 5 31 3 1 2 7 0 2 4 12 16 2 1 2 7 0 2 7 12 16 2 5 30 3 0 2 7 5 31 3 1 2 7 1 2 7 1 2 4 1 2 7 1 2 4 0 2 4 0 2 3 17 18 2 0 2 7 1 2 7 1 2 7 0 2 7 6 2 4 0 2 7 1 2 7 0 2 7 5 31 3 0 2 4 0 2 7 0 2 7 13 6 3 0 2 3 0 2 7 0 2 3 12 16 2 17 9 2 1 2 4 0 2 7 12 16 2 13 6 3 0 2 7 0 2 7 0 2 7 17 18 2 0 2 7 17 18 2 17 18 2 0 2 7 16 6 2 0 2 7 1 2 7 1 2 7 0 2 4 0 2 7 0 2 7 5 30 3 1 2 7 16 6 2 0 60.6288295388221741
1 2 7 0 2 7 1 2 7 0 2 4 12 16 2 13 6 3 1 2 7 0 2 7 12 16 2 5 31 3 1 2 7 0 2 4 1 2 7 0 2 7 0 2 7 0 2 7 0 2 7 17 18 2 12 16 2 1 2 7 0 2 7 0 2 7 1 2 7 0 2 7 17 18 2 0 2 7 0 2 7 13 6 3 1 2 7 0 2 7 0 2 7 1 2 7 0 2 7 1 2 7 1 2 7 5 31 3 17 9 2 12 16 2 13 6 3 16 6 2 17 9 2 1 2 7 1 2 7 1 2 7 1 2 7 0 2 7 0 2 7 0 2 7 0 2 7 5 31 3 0 2 7 0 2 7 0 2 4 0 2 7 1 2 7 1 2 4 5 30 3 6 2 7 17 9 2 17 9 2 0 59.938682496547699
0 2 7 16 6 2 12 16 2 17 18 2 5 31 3 0 2 4 5 30 3 0 2 7 12 16 2 17 18 2 12 16 2 17 18 2 0 2 7 0 2 4 1 2 7 1 2 4 0 2 7 1 2 7 0 2 7 1 2 7 13 6 3 0 2 7 5 31 3 0 2 7 0 2 4 1 2 7 0 2 4 1 2 7 0 2 7 5 31 3 12 16 2 0 2 7 0 2 7 0 2 7 17 18 2 12 16 2 1 2 4 0 2 7 0 2 7 1 2 4 1 2 7 0 2 7 0 2 7 0 2 7 0 2 7 5 31 3 16 18 11 1 2 4 1 2 4 0 2 4 1 2 7 0 2 7 6 2 7 17 18 2 0 2 7 1 2 4 6 2 10 0 2 7 0 2 7 1 2 7 0 61.2006075382232666

Current Evaluation = 15300(15300)
Front Size = 10
1 2 7 0 2 7 1 2 7 12 16 2 13 6 3 1 2 7 1 2 4 12 16 2 5 31 3 1 2 7 1 2 7 0 2 7 0 2 7 0 2 7 0 2 7 17 18 2 12 16 2 0 2 7 0 2 7 0 2 7 0 2 7 0 2 7 17 18 2 0 2 7 0 2 7 13 6 3 1 2 7 0 2 7 0 2 7 1 2 7 1 2 7 0 2 7 1 2 7 5 31 3 17 9 2 12 16 2 13 6 3 16 6 2 17 9 2 0 2 7 1 2 7 0 2 7 0 2 7 1 2 7 1 2 4 5 31 3 0 2 7 1 2 4 0 2 7 0 2 7 1 2 7 0 2 7 1 2 7 1 2 7 17 9 2 1 2 7 1 2 7 17 18 2 0 2 7 0 2 7 0 59.7211945056915283
1 2 7 0 2 7 1 2 7 12 16 2 13 6 3 1 2 7 0 2 4 12 16 2 5 31 3 1 2 7 1 2 7 0 2 4 0 2 7 1 2 7 0 2 7 17 18 2 12 16 2 1 2 7 0 2 7 0 2 7 1 2 7 0 2 4 17 18 2 0 2 7 0 2 7 13 6 3 1 2 7 0 2 7 0 2 7 1 2 7 0 2 7 1 2 7 1 2 7 5 31 3 17 9 2 12 16 2 13 6 3 16 6 2 17 9 2 1 2 7 1 2 7 0 2 7 0 2 7 0 2 7 0 2 7 5 31 3 0 2 7 0 2 7 0 2 7 17 9 2 17 9 2 1 2 7 0 2 7 1 2 7 0 2 7 0 2 7 1 2 7 1 2 7 1 2 7 0 2 7 0 59.7211945056915283
1 2 7 0 2 7 1 2 7 12 16 2 13 6 3 1 2 4 0 2 7 12 16 2 5 31 3 1 2 3 1 2 4 0 2 7 1 2 7 1 2 7 0 2 3 17 18 2 12 16 2 1 2 7 0 2 7 1 2 7 1 2 7 17 18 2 0 2 7 0 2 7 13 6 3 0 2 7 0 2 7 1 2 7 0 2 7 1 2 7 1 2 3 5 31 3 17 9 2 12 16 2 13 6 3 16 6 2 17 9 2 1 2 7 1 2 4 0 2 7 0 2 7 0 2 7 0 2 4 0 2 7 0 2 7 0 2 4 0 2 7 5 30 3 17 9 2 1 2 7 17 18 2 1 2 3 1 2 7 1 2 7 0 2 7 0 2 7 0 2 7 0 2 7 0 2 7 0 2 7 0 59.9809155464172363
0 2 7 16 6 2 12 16 2 17 18 2 5 31 3 0 2 4 5 30 3 0 2 7 12 16 2 17 18 2 12 16 2 17 18 2 0 2 7 0 2 4 1 2 7 1 2 4 0 2 7 1 2 7 0 2 7 1 2 7 13 6 3 0 2 7 5 31 3 0 2 7 0 2 4 1 2 7 0 2 4 1 2 7 0 2 7 5 31 3 12 16 2 0 2 7 0 2 7 0 2 7 17 18 2 12 16 2 1 2 4 0 2 7 0 2 7 1 2 4 1 2 7 0 2 7 0 2 7 0 2 7 0 2 7 5 31 3 16 18 11 1 2 4 1 2 4 0 2 4 1 2 7 0 2 7 6 2 7 17 18 2 0 2 7 1 2 4 6 2 10 0 2 7 0 2 7 1 2 7 0 61.2006075382232666
1 2 7 0 2 7 1 2 7 12 16 2 13 6 3 1 2 7 0 2 4 12 16 2 5 31 3 1 2 7 1 2 7 0 2 4 0 2 7 1 2 7 0 2 7 17 18 2 12 16 2 1 2 7 0 2 7 0 2 7 1 2 7 17 18 2 0 2 7 0 2 7 13 6 3 1 2 3 0 2 7 0 2 7 1 2 7 0 2 7 1 2 7 1 2 7 5 31 3 17 9 2 12 16 2 13 6 3 16 6 2 17 9 2 1 2 7 1 2 7 0 2 4 0 2 4 0 2 7 0 2 7 0 2 7 0 2 3 0 2 7 0 2 7 0 2 7 0 2 7 5 30 3 0 2 3 17 9 2 1 2 7 0 2 3 17 18 2 1 2 7 1 2 7 1 2 7 1 2 4 0 59.9809155464172363
1 2 7 0 2 7 5 31 3 1 2 7 1 2 7 5 31 3 12 16 2 0 2 7 12 16 2 1 2 7 0 2 7 0 2 7 1 2 4 0 2 7 12 16 2 0 2 7 0 2 7 1 2 7 17 18 2 0 2 7 0 2 7 0 2 7 1 2 7 0 2 7 1 2 7 6 2 7 17 9 2 12 16 2 16 6 2 17 18 2 0 2 4 13 6 3 1 2 7 0 2 7 17 18 2 0 2 7 0 2 7 17 9 2 0 2 7 1 2 4 1 2 7 0 2 7 13 6 3 1 2 7 1 2 7 13 6 3 0 2 7 5 30 3 0 2 4 1 2 7 1 2 7 1 2 7 0 2 4 0 2 4 5 31 3 0 2 4 0 2 7 17 18 2 12 16 2 0 2 7 0 60.0970324873924255
0 2 7 1 2 7 1 2 7 12 16 2 13 6 3 1 2 7 1 2 7 12 16 2 5 31 3 1 2 7 1 2 7 0 2 7 0 2 7 0 2 3 0 2 7 17 18 2 12 16 2 0 2 7 0 2 7 0 2 7 0 2 7 1 2 7 17 18 2 1 2 7 0 2 7 13 6 3 1 2 7 1 2 7 0 2 7 1 2 7 0 2 7 1 2 7 1 2 7 17 9 2 16 6 2 17 9 2 1 2 7 0 2 7 0 2 7 1 2 7 17 18 2 5 31 3 5 31 3 0 2 3 0 2 7 1 2 7 17 18 2 1 2 7 1 2 7 1 2 7 0 2 7 13 6 3 0 2 3 0 2 7 0 2 7 0 2 7 0 2 7 0 2 7 0 2 7 1 2 7 0 59.8628445863723755
1 2 7 0 2 4 0 2 7 5 30 3 1 2 4 1 2 7 0 2 3 1 2 7 1 2 7 0 2 7 12 16 2 5 31 3 1 2 7 0 2 4 1 2 7 0 2 7 0 2 7 0 2 7 0 2 4 17 18 2 12 16 2 1 2 7 0 2 7 0 2 7 17 18 2 0 2 7 0 2 7 1 2 7 0 2 3 0 2 7 1 2 7 1 2 7 1 2 7 1 2 7 17 9 2 12 16 2 16 6 2 0 2 4 0 2 7 0 2 4 5 31 3 0 2 4 0 2 7 0 2 4 0 2 7 13 6 3 1 2 7 13 6 3 17 18 2 1 2 7 0 2 7 1 2 7 6 2 7 17 9 2 5 31 3 17 18 2 0 2 7 0 2 4 1 2 7 1 2 7 0 60.1825236678123474
1 2 7 0 2 7 0 2 7 12 16 2 13 6 3 1 2 7 0 2 4 12 16 2 5 31 3 1 2 7 1 2 11 1 2 4 0 2 7 1 2 7 0 2 7 17 18 2 12 16 2 1 2 7 0 2 3 0 2 7 1 2 7 17 18 2 0 2 7 0 2 7 13 6 3 0 2 7 0 2 7 1 2 3 1 2 7 0 2 7 0 2 7 5 31 3 17 9 2 13 6 3 16 6 2 17 9 2 1 2 7 1 2 7 0 2 4 0 2 7 0 2 7 0 2 7 0 2 7 0 2 7 0 2 7 0 2 7 0 2 7 5 30 3 1 2 3 1 2 7 0 2 7 17 18 2 1 2 7 1 2 7 1 2 7 1 2 7 0 2 7 17 18 2 0 2 7 5 30 3 0 60.1339124441146851
1 2 7 0 2 7 0 2 4 5 31 3 1 2 4 1 2 7 5 31 3 12 16 2 0 2 7 5 30 3 12 16 2 5 30 3 0 2 3 1 2 7 0 2 4 0 2 7 0 2 7 1 2 4 0 2 7 12 16 2 1 2 3 0 2 7 0 2 7 1 2 7 0 2 4 17 18 2 0 2 7 0 2 7 0 2 7 1 2 7 0 2 7 1 2 7 1 2 7 17 9 2 12 16 2 16 6 2 0 2 4 17 18 2 0 2 4 1 2 7 13 6 3 0 2 4 1 2 7 0 2 7 17 18 2 0 2 7 0 2 7 17 9 2 0 2 7 1 2 4 6 2 7 1 2 7 0 2 7 13 6 3 1 2 7 17 18 2 12 16 2 1 2 7 0 2 3 13 6 3 0 60.2567535042762756

Current Evaluation = 16200(16200)
Front Size = 10
1 2 7 0 2 7 1 2 7 12 16 2 13 6 3 1 2 7 0 2 4 12 16 2 5 31 3 1 2 7 1 2 7 0 2 4 0 2 7 1 2 7 0 2 7 17 18 2 12 16 2 1 2 7 0 2 7 0 2 7 1 2 7 0 2 4 17 18 2 0 2 7 0 2 7 13 6 3 1 2 7 0 2 7 0 2 7 1 2 7 0 2 7 1 2 7 1 2 7 5 31 3 17 9 2 12 16 2 13 6 3 16 6 2 17 9 2 1 2 7 1 2 7 0 2 7 0 2 7 0 2 7 0 2 7 5 31 3 0 2 7 0 2 7 0 2 7 17 9 2 17 9 2 1 2 7 0 2 7 1 2 7 0 2 7 0 2 7 1 2 7 1 2 7 1 2 7 0 2 7 0 59.7211945056915283
0 2 7 1 2 7 1 2 7 12 16 2 13 6 3 1 2 7 1 2 7 12 16 2 5 31 3 1 2 7 1 2 7 0 2 7 0 2 4 0 2 7 0 2 7 17 18 2 12 16 2 0 2 7 0 2 4 12 16 2 0 2 7 1 2 4 17 18 2 1 2 7 0 2 7 13 6 3 1 2 7 1 2 7 0 2 7 1 2 7 0 2 7 1 2 7 1 2 7 17 9 2 16 6 2 17 9 2 1 2 7 0 2 7 0 2 7 1 2 7 17 18 2 5 31 3 5 31 3 0 2 7 0 2 7 1 2 7 17 18 2 0 2 7 1 2 7 1 2 7 0 2 7 13 6 3 0 2 7 0 2 7 0 2 7 0 2 7 0 2 7 0 2 7 0 2 7 1 2 7 0 59.7211945056915283
1 2 7 0 2 7 1 2 7 12 16 2 13 6 3 1 2 7 1 2 4 12 16 2 5 31 3 1 2 7 1 2 7 0 2 7 0 2 7 0 2 7 0 2 7 17 18 2 12 16 2 0 2 7 0 2 7 0 2 7 0 2 7 0 2 7 17 18 2 0 2 7 0 2 7 13 6 3 1 2 7 0 2 7 0 2 7 1 2 7 1 2 7 0 2 7 1 2 7 5 31 3 17 9 2 12 16 2 13 6 3 16 6 2 17 9 2 0 2 7 1 2 7 0 2 7 0 2 7 1 2 7 1 2 4 5 31 3 0 2 7 1 2 4 0 2 7 0 2 7 1 2 7 0 2 7 1 2 7 1 2 7 17 9 2 1 2 7 1 2 7 17 18 2 0 2 7 0 2 7 0 59.7211945056915283
0 2 7 6 2 7 1 2 4 12 16 2 13 6 3 0 2 7 1 2 7 12 16 2 5 30 3 1 2 7 0 2 7 1 2 7 0 2 4 1 2 7 0 2 7 17 18 2 12 16 2 0 2 7 0 2 4 0 2 7 1 2 7 1 2 11 17 18 2 0 2 11 0 2 7 13 6 3 1 2 7 0 2 7 0 2 7 1 2 7 0 2 7 1 2 7 0 2 7 16 6 2 0 2 7 0 2 7 17 18 2 5 31 3 0 2 7 5 30 3 17 18 2 5 30 3 0 2 7 0 2 4 1 2 7 17 9 2 17 9 2 0 2 7 0 2 7 5 30 3 8 9 2 5 30 3 1 2 11 5 30 3 13 6 3 0 2 7 0 2 12 0 2 7 1 2 7 0 2 7 0 60.9095162749290466
1 2 7 0 2 7 1 2 7 12 16 2 13 6 3 1 2 4 0 2 7 12 16 2 5 31 3 1 2 3 1 2 4 0 2 7 1 2 7 1 2 7 0 2 3 17 18 2 12 16 2 1 2 7 0 2 7 1 2 7 1 2 7 17 18 2 0 2 7 0 2 7 13 6 3 0 2 7 0 2 7 1 2 7 0 2 7 1 2 7 5 31 3 17 9 2 12 16 2 13 6 3 16 6 2 17 9 2 1 2 7 1 2 4 0 2 7 0 2 7 0 2 7 0 2 4 0 2 7 0 2 7 0 2 4 0 2 7 5 30 3 1 2 7 17 18 2 1 2 7 1 2 7 0 2 7 0 2 7 0 2 7 0 2 7 1 2 7 0 2 3 0 2 3 1 2 7 17 18 2 0 59.9809155464172363
0 2 7 16 6 2 12 16 2 17 18 2 5 31 3 0 2 4 5 30 3 0 2 7 12 16 2 17 18 2 12 16 2 17 18 2 0 2 7 0 2 4 1 2 7 1 2 4 0 2 7 1 2 7 0 2 7 1 2 7 13 6 3 0 2 7 5 31 3 0 2 7 0 2 4 1 2 7 0 2 4 1 2 7 0 2 7 5 31 3 12 16 2 0 2 7 0 2 7 0 2 7 17 18 2 12 16 2 1 2 4 0 2 7 0 2 7 1 2 4 1 2 7 0 2 7 0 2 7 0 2 7 0 2 7 5 31 3 16 18 11 1 2 4 1 2 4 0 2 4 1 2 7 0 2 7 6 2 7 17 18 2 0 2 7 1 2 4 6 2 10 0 2 7 0 2 7 1 2 7 0 61.2006075382232666
0 2 7 1 2 7 1 2 7 12 16 2 13 6 3 1 2 7 1 2 7 12 16 2 5 31 3 1 2 7 1 2 7 0 2 7 0 2 7 0 2 3 0 2 7 17 18 2 12 16 2 0 2 7 0 2 7 0 2 7 0 2 7 1 2 7 17 18 2 1 2 7 0 2 7 13 6 3 1 2 7 1 2 7 0 2 7 1 2 7 0 2 7 1 2 7 1 2 7 17 9 2 16 6 2 17 9 2 1 2 7 0 2 7 0 2 7 1 2 7 17 18 2 5 31 3 5 31 3 0 2 3 0 2 7 1 2 7 17 18 2 1 2 7 1 2 7 1 2 7 0 2 7 13 6 3 0 2 3 0 2 7 0 2 7 0 2 7 0 2 7 0 2 7 0 2 7 1 2 7 0 59.8628445863723755
0 2 7 1 2 7 1 2 7 12 16 2 13 6 3 1 2 7 1 2 7 12 16 2 5 31 3 1 2 7 1 2 7 0 2 7 0 2 7 0 2 3 0 2 7 17 18 2 12 16 2 0 2 4 0 2 7 0 2 7 0 2 7 1 2 7 17 18 2 1 2 7 0 2 7 13 6 3 6 2 7 1 2 7 0 2 4 1 2 7 0 2 7 1 2 7 1 2 7 17 9 2 16 6 2 17 9 2 1 2 7 0 2 7 0 2 7 1 2 7 17 18 2 5 31 3 5 31 3 0 2 3 0 2 7 1 2 7 17 18 2 1 2 7 0 2 7 1 2 7 0 2 4 0 2 4 5 30 3 0 2 7 0 2 7 0 2 4 0 2 4 0 2 4 1 2 4 0 2 4 0 60.1825236678123474
1 2 7 0 2 7 1 2 7 12 16 2 13 6 3 1 2 7 12 16 2 5 31 3 1 2 7 1 2 7 0 2 7 1 2 7 0 2 7 0 2 7 17 18 2 12 16 2 0 2 7 0 2 7 0 2 7 0 2 7 0 2 7 17 18 2 0 2 7 0 2 7 13 6 3 1 2 7 0 2 7 0 2 7 1 2 7 1 2 7 0 2 7 1 2 7 5 31 3 17 9 2 13 6 3 16 6 2 17 9 2 0 2 7 1 2 7 0 2 7 0 2 7 1 2 3 5 31 3 0 2 7 0 2 7 0 2 7 1 2 7 1 2 3 1 2 7 1 2 7 1 2 7 17 18 2 1 2 7 0 2 7 1 2 7 1 2 3 0 2 7 17 9 2 0 2 7 0 2 7 0 59.8628445863723755
1 2 7 0 2 7 1 2 7 12 16 2 13 6 3 1 2 7 1 2 7 12 16 2 5 31 3 1 2 4 1 2 7 0 2 7 0 2 7 0 2 7 0 2 7 17 18 2 12 16 2 0 2 7 0 2 7 0 2 7 0 2 7 0 2 7 17 18 2 0 2 7 0 2 7 13 6 3 0 2 7 0 2 7 0 2 7 1 2 7 1 2 7 0 2 7 1 2 7 5 31 3 17 9 2 12 16 2 13 6 3 16 6 2 17 9 2 0 2 4 1 2 7 0 2 7 0 2 7 1 2 7 0 2 7 1 2 7 1 2 7 1 2 7 1 2 7 17 18 2 1 2 4 0 2 7 17 18 2 5 31 3 0 2 7 5 30 3 6 2 4 0 2 7 1 2 7 0 2 7 0 59.938682496547699

Current Evaluation = 17100(17100)
Front Size = 10
0 2 7 1 2 7 1 2 7 12 16 2 13 6 3 1 2 7 1 2 7 12 16 2 5 31 3 1 2 7 1 2 7 0 2 7 0 2 7 0 2 7 17 18 2 12 16 2 0 2 7 0 2 7 0 2 7 0 2 7 1 2 7 17 18 2 1 2 7 0 2 7 13 6 3 1 2 7 1 2 7 0 2 7 1 2 7 0 2 7 1 2 7 1 2 7 17 9 2 16 6 2 17 9 2 1 2 7 0 2 7 0 2 7 1 2 7 17 18 2 5 31 3 5 31 3 0 2 7 1 2 7 0 2 7 13 6 3 0 2 7 0 2 7 0 2 7 0 2 7 0 2 7 0 2 7 0 2 7 0 2 7 1 2 4 1 2 4 12 16 2 1 2 4 17 9 2 0 2 7 0 59.7211945056915283
0 2 7 1 2 7 12 16 2 13 6 3 1 2 7 1 2 7 12 16 2 5 31 3 1 2 7 1 2 7 0 2 7 0 2 7 0 2 7 17 18 2 12 16 2 0 2 7 0 2 7 17 18 2 1 2 7 0 2 7 13 6 3 1 2 7 1 2 7 0 2 7 1 2 7 0 2 7 1 2 7 1 2 7 17 9 2 16 6 2 17 9 2 1 2 7 0 2 7 0 2 7 1 2 7 17 18 2 5 31 3 5 31 3 0 2 7 0 2 7 1 2 7 0 2 4 1 2 7 0 2 7 13 6 3 0 2 7 0 2 7 0 2 7 0 2 7 0 2 7 0 2 4 12 16 2 1 2 7 0 2 7 1 2 7 1 2 4 0 2 7 1 2 7 17 9 2 0 2 7 0 59.7211945056915283
0 2 7 1 2 7 1 2 7 12 16 2 13 6 3 1 2 7 1 2 7 12 16 2 5 31 3 1 2 7 1 2 7 0 2 7 0 2 7 0 2 3 0 2 7 17 18 2 12 16 2 0 2 7 0 2 7 0 2 7 0 2 7 1 2 7 17 18 2 1 2 7 0 2 7 13 6 3 1 2 7 1 2 7 0 2 7 1 2 7 0 2 7 1 2 7 1 2 7 17 9 2 16 6 2 17 9 2 1 2 7 0 2 7 0 2 7 1 2 7 17 18 2 5 31 3 5 31 3 0 2 3 0 2 7 1 2 7 17 18 2 1 2 7 1 2 7 1 2 7 0 2 7 13 6 3 0 2 3 0 2 7 0 2 7 0 2 7 0 2 7 0 2 7 0 2 7 1 2 7 0 59.8628445863723755
0 2 7 1 2 4 12 16 2 13 6 3 0 2 7 1 2 7 12 16 2 5 30 3 1 2 7 0 2 11 1 2 7 1 2 7 0 2 7 17 18 2 12 16 2 0 2 7 0 2 7 1 2 7 1 2 11 17 18 2 0 2 7 13 6 3 1 2 7 0 2 7 1 2 7 1 2 7 0 2 7 1 2 4 0 2 7 16 30 2 0 2 7 0 2 7 17 18 2 5 31 3 0 2 7 17 18 2 0 2 7 1 2 7 17 9 2 17 9 2 0 2 7 0 2 7 13 6 3 0 2 7 0 2 7 1 2 7 0 2 7 5 31 3 0 2 7 0 2 4 0 2 7 5 30 3 0 2 7 0 2 7 1 2 7 1 2 7 5 30 3 1 2 7 1 2 7 0 2 7 0 60.1593304872512817
1 2 7 0 2 4 12 16 2 12 16 2 0 2 7 0 2 4 12 16 2 0 2 7 0 2 7 1 2 7 0 2 4 0 2 7 0 2 7 12 16 2 5 31 3 1 2 7 0 2 7 17 9 2 0 2 4 13 6 3 0 2 7 0 2 7 1 2 7 0 2 7 0 2 4 0 2 4 0 2 7 0 2 7 0 2 4 0 2 7 17 18 2 5 30 3 6 2 7 0 2 4 1 2 7 17 9 2 17 9 2 1 2 7 16 6 2 13 6 3 1 2 4 12 16 2 1 2 7 1 2 4 1 2 7 0 2 7 1 2 7 1 2 4 1 2 4 0 2 7 5 31 3 17 18 2 1 2 4 0 2 10 5 31 3 0 2 7 0 2 7 1 2 7 1 2 4 17 9 2 0 60.373223602771759
1 2 7 0 2 7 1 2 7 12 16 2 13 6 3 1 2 4 0 2 7 12 16 2 5 31 3 0 2 7 1 2 4 1 2 7 17 18 2 12 16 2 6 2 7 0 2 7 1 2 7 1 2 7 17 18 2 0 2 7 0 2 7 13 6 3 0 2 7 0 2 7 1 2 7 0 2 7 1 2 7 5 31 3 17 9 2 13 6 3 16 6 2 17 9 2 1 2 7 0 2 7 0 2 7 0 2 7 0 2 7 0 2 7 0 2 7 5 30 3 1 2 7 17 18 2 1 2 4 1 2 7 0 2 7 0 2 7 0 2 7 0 2 7 1 2 7 1 2 7 17 18 2 0 2 7 0 2 7 0 2 7 12 16 2 1 2 4 5 31 3 1 2 7 0 2 7 0 2 7 0 59.938682496547699
0 2 4 1 2 7 0 2 7 12 16 2 12 16 2 1 2 7 0 2 7 12 16 2 5 31 3 0 2 7 0 2 7 0 2 4 0 2 7 17 18 2 12 16 2 0 2 4 0 2 7 0 2 7 0 2 7 1 2 7 17 18 2 1 2 7 0 2 7 13 6 3 1 2 7 0 2 7 0 2 7 1 2 7 0 2 7 17 9 2 17 9 2 5 31 3 17 18 2 5 31 3 1 2 7 17 18 2 0 2 7 1 2 7 5 30 3 1 2 7 0 2 7 1 2 7 13 6 3 0 2 4 1 2 7 0 2 7 1 2 7 16 6 2 0 2 7 13 6 3 0 2 7 1 2 7 1 2 7 1 2 7 1 2 7 1 2 7 0 2 7 0 2 7 0 2 7 6 2 7 0 59.938682496547699
0 2 7 6 2 7 1 2 4 12 16 2 13 6 3 0 2 7 1 2 7 12 16 2 5 30 3 1 2 7 0 2 7 1 2 7 0 2 4 1 2 7 0 2 7 17 18 2 12 16 2 0 2 7 0 2 4 0 2 7 1 2 7 1 2 11 17 18 2 0 2 11 0 2 7 13 6 3 1 2 7 0 2 7 0 2 7 1 2 7 0 2 7 1 2 7 0 2 7 16 6 2 0 2 7 0 2 7 17 18 2 5 31 3 0 2 7 5 30 3 17 18 2 5 30 3 0 2 7 0 2 4 1 2 7 17 9 2 17 9 2 0 2 7 0 2 7 5 30 3 8 9 2 5 30 3 1 2 11 5 30 3 13 6 3 0 2 7 0 2 12 0 2 7 1 2 7 0 2 7 0 60.9095162749290466
0 2 7 16 6 2 12 16 2 17 18 2 5 31 3 0 2 4 5 30 3 0 2 7 12 16 2 17 18 2 12 16 2 17 18 2 0 2 7 0 2 4 1 2 7 1 2 4 0 2 7 1 2 7 0 2 7 1 2 7 13 6 3 0 2 7 5 31 3 0 2 7 0 2 4 1 2 7 0 2 4 1 2 7 0 2 7 5 31 3 12 16 2 0 2 7 0 2 7 0 2 7 17 18 2 12 16 2 1 2 4 0 2 7 0 2 7 1 2 4 1 2 7 0 2 7 0 2 7 0 2 7 0 2 7 5 31 3 16 18 11 1 2 4 1 2 4 0 2 4 1 2 7 0 2 7 6 2 7 17 18 2 0 2 7 1 2 4 6 2 10 0 2 7 0 2 7 1 2 7 0 61.2006075382232666
1 2 7 0 2 7 1 2 7 12 16 2 13 6 3 1 2 4 0 2 7 12 16 2 5 31 3 1 2 3 1 2 4 0 2 7 1 2 7 1 2 7 0 2 3 17 18 2 12 16 2 1 2 7 0 2 7 1 2 7 1 2 7 17 18 2 0 2 7 0 2 7 13 6 3 0 2 7 0 2 7 1 2 7 0 2 7 1 2 7 5 31 3 17 9 2 12 16 2 13 6 3 16 6 2 17 9 2 1 2 7 1 2 4 0 2 7 0 2 7 0 2 7 0 2 4 0 2 7 0 2 7 0 2 4 0 2 7 5 30 3 1 2 7 17 18 2 1 2 7 1 2 7 0 2 7 0 2 7 0 2 7 0 2 7 1 2 7 0 2 3 0 2 3 1 2 7 17 18 2 0 59.9809155464172363

Current Evaluation = 18000(18000)
Front Size = 10
0 2 7 1 2 7 1 2 7 12 16 2 13 6 3 1 2 7 1 2 7 12 16 2 5 31 3 1 2 7 1 2 7 0 2 7 0 2 7 0 2 4 17 18 2 12 16 2 0 2 7 0 2 7 0 2 7 1 2 7 17 18 2 1 2 7 0 2 7 13 6 3 1 2 7 1 2 7 0 2 7 1 2 7 0 2 7 1 2 7 0 2 7 17 9 2 16 6 2 17 9 2 1 2 7 0 2 7 0 2 7 1 2 7 17 18 2 5 31 3 5 31 3 0 2 7 1 2 7 0 2 7 13 6 3 0 2 7 0 2 7 0 2 7 0 2 7 0 2 4 0 2 7 1 2 7 17 18 2 1 2 7 0 2 7 1 2 7 12 16 2 0 2 7 1 2 4 0 2 7 0 59.7211945056915283
0 2 7 1 2 7 1 2 7 12 16 2 13 6 3 1 2 7 1 2 7 12 16 2 5 31 3 1 2 7 1 2 7 0 2 4 0 2 7 0 2 7 17 18 2 12 16 2 0 2 7 0 2 7 1 2 7 0 2 7 1 2 7 17 18 2 1 2 7 0 2 7 13 6 3 1 2 7 1 2 7 0 2 7 1 2 7 0 2 7 1 2 7 1 2 7 17 9 2 16 6 2 17 9 2 1 2 7 0 2 4 0 2 7 1 2 7 17 18 2 5 31 3 5 31 3 0 2 7 1 2 7 0 2 7 13 6 3 0 2 7 0 2 7 0 2 7 0 2 7 0 2 7 0 2 7 0 2 7 1 2 7 12 16 2 17 9 2 0 2 7 1 2 7 0 2 4 0 2 7 0 59.7211945056915283
0 2 7 0 2 7 12 16 2 13 6 3 1 2 7 1 2 7 12 16 2 5 31 3 1 2 7 1 2 7 0 2 7 0 2 7 0 2 7 17 18 2 12 16 2 0 2 7 0 2 7 17 18 2 1 2 7 0 2 7 13 6 3 1 2 4 1 2 4 0 2 7 1 2 7 0 2 7 1 2 7 1 2 7 17 9 2 16 6 2 17 9 2 1 2 7 0 2 7 0 2 7 1 2 7 17 18 2 5 31 3 5 31 3 0 2 7 0 2 7 1 2 7 1 2 7 0 2 7 13 6 3 0 2 7 0 2 7 0 2 7 0 2 7 0 2 7 1 2 4 0 2 7 1 2 7 0 2 7 1 2 7 0 2 7 1 2 7 12 16 2 1 2 7 17 18 2 0 2 7 0 59.7211945056915283
0 2 7 1 2 11 12 16 2 13 6 3 0 2 7 1 2 7 12 16 2 1 2 7 1 2 7 1 2 3 0 2 7 17 18 2 12 16 2 0 2 7 0 2 7 1 2 3 17 18 2 0 2 7 13 6 3 1 2 3 0 2 7 1 2 7 1 2 7 0 2 7 0 2 7 0 2 7 0 2 3 17 18 2 5 31 3 0 2 7 0 2 7 1 2 7 17 9 2 17 9 2 0 2 7 0 2 7 13 6 3 0 2 7 0 2 7 1 2 7 0 2 7 5 30 3 0 2 7 0 2 4 0 2 7 0 2 7 0 2 7 1 2 7 1 2 7 1 2 7 1 2 7 16 6 2 1 2 7 1 2 3 1 2 7 0 2 11 17 9 2 1 2 7 5 31 3 1 2 7 0 60.1417655944824219
1 2 7 0 2 7 1 2 7 12 16 2 13 6 3 1 2 4 0 2 7 12 16 2 5 31 3 1 2 3 1 2 4 0 2 7 1 2 7 1 2 7 0 2 3 17 18 2 12 16 2 1 2 7 0 2 7 1 2 7 1 2 7 17 18 2 0 2 7 0 2 7 13 6 3 0 2 7 0 2 7 1 2 7 0 2 7 1 2 7 5 31 3 17 9 2 12 16 2 13 6 3 16 6 2 17 9 2 1 2 7 1 2 4 0 2 7 0 2 7 0 2 7 0 2 4 0 2 7 0 2 7 0 2 4 0 2 7 5 30 3 1 2 7 17 18 2 1 2 7 1 2 7 0 2 7 0 2 7 0 2 7 0 2 7 1 2 7 0 2 3 0 2 3 1 2 7 17 18 2 0 59.9809155464172363
0 2 7 1 2 7 1 2 7 12 16 2 13 6 3 1 2 7 1 2 7 12 16 2 5 31 3 1 2 7 1 2 7 0 2 7 0 2 7 17 18 2 12 16 2 0 2 7 0 2 7 1 2 7 0 2 7 1 2 7 17 18 2 1 2 7 0 2 7 13 6 3 1 2 7 1 2 7 0 2 7 1 2 7 0 2 7 1 2 7 1 2 7 17 9 2 16 6 2 17 9 2 1 2 7 0 2 7 1 2 7 17 18 2 5 31 3 5 31 3 0 2 7 0 2 7 13 6 3 0 2 7 0 2 7 0 2 7 0 2 7 0 2 7 0 2 7 0 2 7 12 16 2 17 9 2 0 2 7 0 2 7 0 2 7 0 2 4 1 2 4 1 2 7 0 2 7 1 2 4 0 59.7211945056915283
0 2 7 1 2 7 1 2 7 12 16 2 13 6 3 1 2 7 1 2 7 12 16 2 5 31 3 1 2 7 1 2 7 0 2 7 0 2 7 0 2 3 0 2 7 17 18 2 12 16 2 0 2 7 0 2 7 0 2 7 0 2 7 1 2 7 17 18 2 1 2 7 0 2 7 13 6 3 1 2 7 1 2 7 0 2 7 1 2 7 0 2 7 1 2 7 1 2 7 17 9 2 16 6 2 17 9 2 1 2 7 0 2 7 0 2 7 1 2 7 17 18 2 5 31 3 5 31 3 0 2 3 0 2 7 1 2 7 17 18 2 1 2 7 1 2 7 1 2 7 0 2 7 13 6 3 0 2 3 0 2 7 0 2 7 0 2 7 0 2 7 0 2 7 0 2 7 1 2 7 0 59.8628445863723755
0 2 7 1 2 7 1 2 7 12 16 2 13 6 3 1 2 7 1 2 7 12 16 2 5 31 3 1 2 7 1 2 7 0 2 7 0 2 7 0 2 7 17 18 2 12 16 2 0 2 7 0 2 7 0 2 7 1 2 7 1 2 3 17 18 2 1 2 7 0 2 7 13 6 3 1 2 7 1 2 7 0 2 7 1 2 7 0 2 3 1 2 7 1 2 7 17 9 2 16 6 2 17 9 2 1 2 7 0 2 7 0 2 7 1 2 7 17 18 2 5 31 3 5 31 3 0 2 7 1 2 7 1 2 7 0 2 7 13 6 3 0 2 7 0 2 7 0 2 7 0 2 3 0 2 7 0 2 7 0 2 7 0 2 7 17 9 2 0 2 7 1 2 7 0 2 7 1 2 7 0 59.8628445863723755
1 2 7 0 2 7 1 2 7 12 16 2 13 6 3 1 2 4 0 2 7 12 16 2 5 31 3 0 2 7 1 2 4 1 2 7 17 18 2 12 16 2 6 2 7 0 2 7 1 2 7 1 2 7 17 18 2 0 2 7 0 2 7 13 6 3 0 2 7 0 2 7 1 2 7 0 2 7 1 2 7 5 31 3 17 9 2 13 6 3 16 6 2 17 9 2 1 2 7 0 2 7 0 2 7 0 2 7 0 2 7 0 2 7 0 2 7 5 30 3 1 2 7 17 18 2 1 2 4 1 2 7 0 2 7 0 2 7 0 2 7 0 2 7 1 2 7 1 2 7 17 18 2 0 2 7 0 2 7 0 2 7 12 16 2 1 2 4 5 31 3 1 2 7 0 2 7 0 2 7 0 59.938682496547699
0 2 7 1 2 7 1 2 7 12 16 2 13 6 3 1 2 7 1 2 7 12 16 2 5 31 3 1 2 7 1 2 7 0 2 7 0 2 7 0 2 7 17 18 2 12 16 2 0 2 7 0 2 7 0 2 7 0 2 7 1 2 7 17 18 2 1 2 7 0 2 7 13 6 3 1 2 7 1 2 7 0 2 7 1 2 7 0 2 7 1 2 7 1 2 7 17 9 2 16 6 2 17 9 2 1 2 7 0 2 7 0 2 7 1 2 7 17 18 2 5 31 3 5 31 3 0 2 7 1 2 7 1 2 7 0 2 7 13 6 3 0 2 7 0 2 7 0 2 7 0 2 7 0 2 7 0 2 7 0 2 3 1 2 4 17 18 2 1 2 7 12 16 2 0 2 3 1 2 7 4.53222229919415529e-05 59.890642523765564

MonoObjective Genetic Algorithm
Number of Evaluations = 0
Mutation Probability = 0
Crossover Probability = 1
Population Size = 10
Survival Selection Type = 16

Time =  18007.0625810623169

Current Evaluation = 2050
Front Size = 10
0 2 7 1 2 7 1 2 7 12 16 2 13 6 3 1 2 7 1 2 7 12 16 2 5 31 3 1 2 7 1 2 7 0 2 7 0 2 7 0 2 4 17 18 2 12 16 2 0 2 7 0 2 7 0 2 7 1 2 7 17 18 2 1 2 7 0 2 7 13 6 3 1 2 7 1 2 7 0 2 7 1 2 7 0 2 7 1 2 7 0 2 7 17 9 2 16 6 2 17 9 2 1 2 7 0 2 7 0 2 7 1 2 7 17 18 2 5 31 3 5 31 3 0 2 7 1 2 7 0 2 7 13 6 3 0 2 7 0 2 7 0 2 7 0 2 7 0 2 4 0 2 7 1 2 7 17 18 2 1 2 7 0 2 7 1 2 7 12 16 2 0 2 7 1 2 4 0 2 7 0 59.7211945056915283
0 2 7 1 2 7 1 2 7 12 16 2 13 6 3 1 2 7 1 2 7 12 16 2 5 31 3 1 2 7 1 2 7 0 2 4 0 2 7 0 2 7 17 18 2 12 16 2 0 2 7 0 2 7 1 2 7 0 2 7 1 2 7 17 18 2 1 2 7 0 2 7 13 6 3 1 2 7 1 2 7 0 2 7 1 2 7 0 2 7 1 2 7 1 2 7 17 9 2 16 6 2 17 9 2 1 2 7 0 2 4 0 2 7 1 2 7 17 18 2 5 31 3 5 31 3 0 2 7 1 2 7 0 2 7 13 6 3 0 2 7 0 2 7 0 2 7 0 2 7 0 2 7 0 2 7 0 2 7 1 2 7 12 16 2 17 9 2 0 2 7 1 2 7 0 2 4 0 2 7 0 59.7211945056915283
0 2 7 0 2 7 12 16 2 13 6 3 1 2 7 1 2 7 12 16 2 5 31 3 1 2 7 1 2 7 0 2 7 0 2 7 0 2 7 17 18 2 12 16 2 0 2 7 0 2 7 17 18 2 1 2 7 0 2 7 13 6 3 1 2 4 1 2 4 0 2 7 1 2 7 0 2 7 1 2 7 1 2 7 17 9 2 16 6 2 17 9 2 1 2 7 0 2 7 0 2 7 1 2 7 17 18 2 5 31 3 5 31 3 0 2 7 0 2 7 1 2 7 1 2 7 0 2 7 13 6 3 0 2 7 0 2 7 0 2 7 0 2 7 0 2 7 1 2 4 0 2 7 1 2 7 0 2 7 1 2 7 0 2 7 1 2 7 12 16 2 1 2 7 17 18 2 0 2 7 0 59.7211945056915283
0 2 7 1 2 11 12 16 2 13 6 3 0 2 7 1 2 7 12 16 2 1 2 7 1 2 7 1 2 3 0 2 7 17 18 2 12 16 2 0 2 7 0 2 7 1 2 3 17 18 2 0 2 7 13 6 3 1 2 3 0 2 7 1 2 7 1 2 7 0 2 7 0 2 7 0 2 7 0 2 3 17 18 2 5 31 3 0 2 7 0 2 7 1 2 7 17 9 2 17 9 2 0 2 7 0 2 7 13 6 3 0 2 7 0 2 7 1 2 7 0 2 7 5 30 3 0 2 7 0 2 4 0 2 7 0 2 7 0 2 7 1 2 7 1 2 7 1 2 7 1 2 7 16 6 2 1 2 7 1 2 3 1 2 7 0 2 11 17 9 2 1 2 7 5 31 3 1 2 7 0 60.1417655944824219
1 2 7 0 2 7 1 2 7 12 16 2 13 6 3 1 2 4 0 2 7 12 16 2 5 31 3 1 2 3 1 2 4 0 2 7 1 2 7 1 2 7 0 2 3 17 18 2 12 16 2 1 2 7 0 2 7 1 2 7 1 2 7 17 18 2 0 2 7 0 2 7 13 6 3 0 2 7 0 2 7 1 2 7 0 2 7 1 2 7 5 31 3 17 9 2 12 16 2 13 6 3 16 6 2 17 9 2 1 2 7 1 2 4 0 2 7 0 2 7 0 2 7 0 2 4 0 2 7 0 2 7 0 2 4 0 2 7 5 30 3 1 2 7 17 18 2 1 2 7 1 2 7 0 2 7 0 2 7 0 2 7 0 2 7 1 2 7 0 2 3 0 2 3 1 2 7 17 18 2 0 59.9809155464172363
0 2 7 1 2 7 1 2 7 12 16 2 13 6 3 1 2 7 1 2 7 12 16 2 5 31 3 1 2 7 1 2 7 0 2 7 0 2 7 17 18 2 12 16 2 0 2 7 0 2 7 1 2 7 0 2 7 1 2 7 17 18 2 1 2 7 0 2 7 13 6 3 1 2 7 1 2 7 0 2 7 1 2 7 0 2 7 1 2 7 1 2 7 17 9 2 16 6 2 17 9 2 1 2 7 0 2 7 1 2 7 17 18 2 5 31 3 5 31 3 0 2 7 0 2 7 13 6 3 0 2 7 0 2 7 0 2 7 0 2 7 0 2 7 0 2 7 0 2 7 12 16 2 17 9 2 0 2 7 0 2 7 0 2 7 0 2 4 1 2 4 1 2 7 0 2 7 1 2 4 0 59.7211945056915283
0 2 7 1 2 7 1 2 7 12 16 2 13 6 3 1 2 7 1 2 7 12 16 2 5 31 3 1 2 7 1 2 7 0 2 7 0 2 7 0 2 3 0 2 7 17 18 2 12 16 2 0 2 7 0 2 7 0 2 7 0 2 7 1 2 7 17 18 2 1 2 7 0 2 7 13 6 3 1 2 7 1 2 7 0 2 7 1 2 7 0 2 7 1 2 7 1 2 7 17 9 2 16 6 2 17 9 2 1 2 7 0 2 7 0 2 7 1 2 7 17 18 2 5 31 3 5 31 3 0 2 3 0 2 7 1 2 7 17 18 2 1 2 7 1 2 7 1 2 7 0 2 7 13 6 3 0 2 3 0 2 7 0 2 7 0 2 7 0 2 7 0 2 7 0 2 7 1 2 7 0 59.8628445863723755
0 2 7 1 2 7 1 2 7 12 16 2 13 6 3 1 2 7 1 2 7 12 16 2 5 31 3 1 2 7 1 2 7 0 2 7 0 2 7 0 2 7 17 18 2 12 16 2 0 2 7 0 2 7 0 2 7 1 2 7 1 2 3 17 18 2 1 2 7 0 2 7 13 6 3 1 2 7 1 2 7 0 2 7 1 2 7 0 2 3 1 2 7 1 2 7 17 9 2 16 6 2 17 9 2 1 2 7 0 2 7 0 2 7 1 2 7 17 18 2 5 31 3 5 31 3 0 2 7 1 2 7 1 2 7 0 2 7 13 6 3 0 2 7 0 2 7 0 2 7 0 2 3 0 2 7 0 2 7 0 2 7 0 2 7 17 9 2 0 2 7 1 2 7 0 2 7 1 2 7 0 59.8628445863723755
1 2 7 0 2 7 1 2 7 12 16 2 13 6 3 1 2 4 0 2 7 12 16 2 5 31 3 0 2 7 1 2 4 1 2 7 17 18 2 12 16 2 6 2 7 0 2 7 1 2 7 1 2 7 17 18 2 0 2 7 0 2 7 13 6 3 0 2 7 0 2 7 1 2 7 0 2 7 1 2 7 5 31 3 17 9 2 13 6 3 16 6 2 17 9 2 1 2 7 0 2 7 0 2 7 0 2 7 0 2 7 0 2 7 0 2 7 5 30 3 1 2 7 17 18 2 1 2 4 1 2 7 0 2 7 0 2 7 0 2 7 0 2 7 1 2 7 1 2 7 17 18 2 0 2 7 0 2 7 0 2 7 12 16 2 1 2 4 5 31 3 1 2 7 0 2 7 0 2 7 0 59.938682496547699
0 2 7 1 2 7 1 2 7 12 16 2 13 6 3 1 2 7 1 2 7 12 16 2 5 31 3 1 2 7 1 2 7 0 2 7 0 2 7 0 2 7 17 18 2 12 16 2 0 2 7 0 2 7 0 2 7 0 2 7 1 2 7 17 18 2 1 2 7 0 2 7 13 6 3 1 2 7 1 2 7 0 2 7 1 2 7 0 2 7 1 2 7 1 2 7 17 9 2 16 6 2 17 9 2 1 2 7 0 2 7 0 2 7 1 2 7 17 18 2 5 31 3 5 31 3 0 2 7 1 2 7 1 2 7 0 2 7 13 6 3 0 2 7 0 2 7 0 2 7 0 2 7 0 2 7 0 2 7 0 2 3 1 2 4 17 18 2 1 2 7 12 16 2 0 2 3 1 2 7 4.53222229919415529e-05 59.890642523765564

