Current Evaluation = 900(900)
Front Size = 10
1 2 7 1 2 7 5 30 3 5 30 3 0 2 7 16 31 2 5 31 3 12 16 2 1 2 7 5 30 3 0 2 7 0 2 7 17 9 2 17 9 2 0 2 7 0 2 7 5 30 3 13 6 3 0 2 7 0 2 7 1 2 7 1 2 7 0 2 11 1 2 11 16 18 11 0 2 7 1 2 7 1 2 7 0 2 4 12 16 2 12 16 2 0 2 7 17 9 2 0 2 7 1 2 7 0 2 7 17 9 2 1 2 7 0 2 7 0 2 7 0 2 7 0 2 7 6 2 7 1 2 7 0 2 7 5 31 3 0 2 7 0 2 4 0 2 7 1 2 7 16 31 2 0 2 7 0 2 7 1 2 7 0 2 4 0 2 4 1 2 7 1 2 11 0 2 7 0 2 7 0 61.2296164035797119
5 30 3 5 30 3 5 30 3 12 16 2 12 16 2 12 16 2 5 30 3 16 6 2 16 19 11 0 2 7 5 30 3 0 2 3 5 30 3 6 2 7 1 2 3 0 2 7 1 2 3 0 2 7 16 19 11 0 2 7 8 9 2 5 30 3 0 2 3 1 2 3 17 9 2 0 2 7 0 2 7 0 2 7 16 19 11 0 2 3 0 2 7 0 2 7 0 2 7 0 2 7 1 2 7 8 1 2 0 2 3 1 2 10 0 2 7 0 2 7 0 2 3 17 18 2 0 2 7 0 2 7 1 2 7 0 2 7 8 9 2 0 2 3 0 2 3 0 2 7 0 2 7 0 2 7 0 2 7 16 6 2 0 2 7 0 2 7 12 16 2 0 2 7 5 30 3 1 2 3 0 63.726358950138092
5 30 3 0 2 7 0 2 7 16 19 11 0 2 3 0 2 3 16 18 11 0 2 3 0 2 3 0 2 11 12 16 2 16 19 11 0 2 7 6 2 7 12 16 2 16 19 11 5 30 3 8 9 2 6 2 3 0 2 3 12 16 2 16 6 2 1 2 7 0 2 3 0 2 8 0 2 3 6 2 3 16 19 11 1 2 3 0 2 3 0 2 11 5 30 3 0 2 7 0 2 3 5 30 3 0 2 8 5 30 3 0 2 3 0 2 7 5 30 3 0 2 3 1 2 3 5 30 3 5 30 3 0 2 3 5 30 3 0 2 3 0 2 7 0 2 7 0 2 7 0 2 3 0 2 3 0 2 11 1 2 11 0 2 12 0 2 3 0 2 7 0 2 3 16 19 11 0 2 3 0 66.2892674207687378
8 9 2 16 18 8 1 2 8 5 30 3 0 2 8 12 16 2 8 18 2 0 2 8 8 18 2 5 30 3 8 9 2 1 2 8 1 2 8 8 9 2 0 2 8 1 2 8 8 18 2 16 15 2 1 2 8 8 18 2 1 2 8 0 2 8 0 2 8 12 16 2 1 2 8 16 15 2 0 2 8 8 9 2 0 2 8 8 18 2 0 2 8 0 2 8 16 18 8 0 2 8 0 2 8 0 2 8 1 2 8 16 19 12 0 2 8 0 2 8 0 2 8 0 2 8 1 2 8 8 9 2 16 18 8 0 2 8 5 30 3 8 9 2 1 2 8 1 2 8 0 2 8 5 30 3 0 2 8 0 2 8 1 2 8 16 19 12 0 2 8 0 2 8 1 2 8 0 2 8 0.00497754522830231617 67.8209588527679443
16 20 12 6 2 12 5 30 3 8 18 2 2 3 3 16 20 12 5 30 3 8 18 2 16 20 12 8 9 2 6 2 12 5 30 3 16 20 12 6 2 12 8 9 2 6 2 12 6 2 12 8 9 2 6 2 12 5 30 3 16 20 12 6 2 12 8 18 2 8 18 2 16 20 12 8 18 2 8 9 2 8 9 2 5 30 3 2 3 3 6 2 12 6 2 12 6 2 12 8 18 2 16 20 12 5 30 3 8 9 2 5 30 3 5 30 3 6 2 12 8 9 2 6 2 12 6 2 12 5 30 3 6 2 12 5 30 3 8 18 2 0 2 12 5 30 3 6 3 2 8 18 2 8 9 2 8 18 2 13 6 3 6 2 12 6 2 12 6 2 12 8 9 2 6 2 12 6 2 12 0.194052591865896629 63.5198782682418823
5 30 3 0 2 8 0 2 3 8 18 2 0 2 7 1 2 8 16 19 12 1 2 7 0 2 8 0 2 8 12 16 2 16 19 12 0 2 7 8 9 2 8 9 2 16 19 12 5 30 3 0 2 7 0 2 8 12 16 2 12 16 2 8 9 2 0 2 3 8 9 2 0 2 8 1 2 3 1 2 8 16 19 12 0 2 3 0 2 7 5 30 3 5 30 3 1 2 3 0 2 3 5 30 3 0 2 7 5 30 3 0 2 3 0 2 3 5 30 3 0 2 3 0 2 12 5 30 3 17 9 2 0 2 7 0 2 12 0 2 12 0 2 3 0 2 3 0 2 3 0 2 3 0 2 8 1 2 8 16 6 2 0 2 8 12 16 2 0 2 3 0 2 8 1 2 7 16 6 2 0 66.5662800073623657
5 30 3 5 30 3 5 30 3 12 16 2 5 30 3 5 30 3 13 6 3 12 16 2 12 16 2 0 2 8 16 19 12 16 30 2 5 31 3 1 2 7 8 9 2 1 2 7 17 9 2 17 9 2 6 2 8 0 2 7 0 2 8 0 2 8 1 2 7 8 18 2 8 18 2 0 2 7 8 9 2 8 18 2 1 2 3 0 2 8 0 2 7 16 19 12 6 2 8 16 15 2 1 2 7 0 2 8 17 9 2 0 2 8 0 2 7 0 2 7 0 2 7 0 2 7 1 2 7 1 2 7 0 2 7 5 31 3 6 2 8 0 2 7 8 9 2 5 30 3 16 31 2 0 2 7 6 2 8 1 2 8 0 2 3 0 2 7 16 19 12 1 2 7 0 2 7 0 2 7 0.051848628471442261 63.8408712148666382
5 30 3 12 16 2 5 30 3 12 16 2 5 30 3 5 30 3 8 9 2 16 19 11 0 2 3 0 2 8 8 18 2 0 2 7 5 31 3 8 9 2 1 2 8 0 2 7 8 9 2 0 2 7 16 30 2 8 18 2 16 15 2 0 2 7 0 2 7 6 2 11 1 2 7 0 2 7 1 2 8 16 15 2 0 2 8 8 9 2 0 2 7 8 18 2 17 18 2 0 2 8 16 18 8 0 2 3 0 2 8 0 2 8 1 2 8 0 2 7 0 2 8 1 2 4 17 1 2 0 2 8 0 2 7 0 2 7 16 18 8 0 2 8 1 2 7 0 2 7 1 2 8 0 2 3 0 2 8 0 2 8 0 2 7 16 19 12 0 2 8 0 2 8 1 2 8 0 2 8 0.0570973397128855531 65.0393733978271484
0 2 8 0 2 8 8 18 2 6 2 8 6 2 8 5 30 3 5 30 3 0 2 8 5 30 3 16 19 12 0 2 8 16 19 12 8 18 2 8 9 2 6 2 8 6 2 8 8 18 2 0 2 8 1 2 8 8 9 2 0 2 8 8 18 2 16 19 12 0 2 8 8 9 2 1 2 8 12 16 2 8 18 2 5 30 3 8 18 2 0 2 8 8 18 2 5 30 3 8 18 2 8 18 2 5 30 3 16 19 12 8 18 2 6 2 8 16 15 2 0 2 8 13 6 3 16 15 2 8 9 2 0 2 8 2 3 3 5 30 3 0 2 8 0 2 8 0 2 8 6 2 8 12 16 2 8 9 2 16 15 2 0 2 8 6 2 8 0 2 8 12 16 2 0 2 8 0 2 8 0.0208358465306767819 67.0397824048995972
5 30 3 0 2 7 1 2 7 12 16 2 0 2 7 5 30 3 0 2 7 12 16 2 12 16 2 0 2 7 5 30 3 5 30 3 0 2 7 17 9 2 0 2 7 1 2 7 0 2 8 0 2 3 1 2 7 1 2 8 0 2 4 0 2 7 0 2 8 16 19 12 0 2 7 16 31 2 16 19 12 0 2 7 8 9 2 0 2 3 0 2 7 0 2 8 0 2 7 1 2 8 0 2 7 0 2 3 0 2 4 1 2 7 5 30 3 0 2 4 0 2 7 0 2 3 0 2 7 1 2 11 0 2 12 1 2 7 17 9 2 0 2 12 0 2 3 0 2 3 0 2 3 0 2 7 0 2 8 1 2 11 0 2 7 16 31 2 12 16 2 0 2 3 6 2 7 0 2 7 0.0136510836077436328 64.0826146006584167

Current Evaluation = 1800(1800)
Front Size = 10
1 2 7 1 2 7 5 30 3 5 30 3 0 2 7 16 31 2 5 31 3 12 16 2 1 2 3 5 30 3 0 2 7 0 2 7 17 9 2 17 9 2 0 2 7 0 2 7 5 30 3 13 6 3 0 2 7 0 2 7 0 2 7 1 2 7 0 2 7 1 2 4 16 20 12 0 2 7 1 2 3 1 2 7 0 2 7 12 16 2 12 16 2 0 2 7 17 9 2 1 2 4 1 2 7 0 2 7 17 9 2 1 2 3 0 2 7 0 2 7 0 2 7 0 2 7 0 2 7 1 2 4 0 2 4 5 31 3 0 2 7 0 2 7 0 2 7 1 2 4 16 31 2 1 2 4 0 2 7 1 2 7 0 2 7 0 2 7 1 2 7 1 2 7 0 2 7 0 2 7 0 61.0363324880599976
5 30 3 8 9 2 12 16 2 5 30 3 5 30 3 0 2 3 12 16 2 12 16 2 0 2 8 0 2 7 0 2 3 16 6 2 5 30 3 5 30 3 1 2 8 0 2 7 5 30 3 16 15 2 8 18 2 1 2 8 0 2 3 1 2 3 0 2 7 0 2 7 0 2 7 0 2 8 16 18 8 0 2 3 0 2 3 0 2 8 0 2 3 0 2 3 16 19 11 0 2 3 0 2 3 16 19 11 0 2 8 0 2 3 0 2 7 16 19 12 0 2 7 0 2 7 0 2 3 6 2 7 0 2 7 5 30 3 1 2 3 5 30 3 0 2 11 12 16 2 0 2 3 0 2 8 16 6 2 0 2 8 1 2 3 0 2 7 0 2 3 0 2 3 0 2 7 8 18 2 0 65.9633346199989319
16 20 12 6 2 12 5 30 3 8 18 2 2 3 3 16 20 12 5 30 3 8 18 2 16 20 12 8 9 2 6 2 12 5 30 3 16 20 12 6 2 12 8 9 2 6 2 12 6 2 12 8 9 2 6 2 12 5 30 3 16 20 12 6 2 12 8 18 2 8 18 2 16 20 12 8 18 2 8 9 2 8 9 2 5 30 3 2 3 3 6 2 12 6 2 12 6 2 12 8 18 2 16 20 12 5 30 3 8 9 2 5 30 3 5 30 3 6 2 12 8 9 2 6 2 12 6 2 12 5 30 3 6 2 12 5 30 3 8 18 2 0 2 12 5 30 3 6 3 2 8 18 2 8 9 2 8 18 2 13 6 3 6 2 12 6 2 12 6 2 12 8 9 2 6 2 12 6 2 12 0.194052591865896629 63.5198782682418823
0 2 7 6 2 7 5 30 3 5 30 3 1 2 7 16 15 2 12 16 2 5 30 3 1 2 7 0 2 7 0 2 11 8 9 2 1 2 11 0 2 7 5 31 3 0 2 7 0 2 7 0 2 4 1 2 7 0 2 11 0 2 7 0 2 7 0 2 7 0 2 7 12 16 2 12 16 2 17 1 2 0 2 7 17 9 2 6 2 7 0 2 7 5 30 3 1 2 7 1 2 7 8 18 2 0 2 7 0 2 7 17 18 2 1 2 7 16 19 11 1 2 7 0 2 4 1 2 7 5 30 3 0 2 7 17 18 2 5 30 3 17 18 2 0 2 4 0 2 7 0 2 11 0 2 7 0 2 7 8 18 2 0 2 7 0 2 7 1 2 7 0 2 7 0 2 7 0 2 4 0 62.3690954446792603
8 9 2 16 18 8 1 2 8 5 30 3 0 2 8 12 16 2 8 18 2 0 2 8 8 18 2 5 30 3 8 9 2 1 2 8 1 2 8 8 9 2 0 2 8 1 2 8 8 18 2 16 15 2 1 2 8 8 18 2 1 2 8 0 2 8 0 2 8 12 16 2 1 2 8 16 15 2 0 2 8 8 9 2 0 2 8 8 18 2 0 2 8 0 2 8 16 18 8 0 2 8 0 2 8 0 2 8 1 2 8 16 19 12 0 2 8 0 2 8 0 2 8 0 2 8 1 2 8 8 9 2 16 18 8 0 2 8 5 30 3 8 9 2 1 2 8 1 2 8 0 2 8 5 30 3 0 2 8 0 2 8 1 2 8 16 19 12 0 2 8 0 2 8 1 2 8 0 2 8 0.00497754522830231617 67.8209588527679443
0 2 7 16 19 11 5 30 3 1 2 3 12 16 2 0 2 7 0 2 7 8 9 2 5 31 3 0 2 7 0 2 7 5 30 3 0 2 7 0 2 3 0 2 7 0 2 3 0 2 7 12 16 2 0 2 7 5 30 3 0 2 3 16 19 11 5 31 3 5 30 3 1 2 7 1 2 7 0 2 7 16 6 2 1 2 7 0 2 11 0 2 7 16 19 11 6 2 7 0 2 3 0 2 3 16 19 11 0 2 7 0 2 3 5 30 3 0 2 7 0 2 7 0 2 7 0 2 3 0 2 11 0 2 7 5 30 3 16 19 11 0 2 7 0 2 3 0 2 7 5 30 3 0 2 7 0 2 7 0 2 7 0 2 7 0 2 7 12 16 2 0 2 7 0 2 7 16 6 2 0 64.4865260720252991
0 2 3 0 2 8 5 30 3 0 2 8 12 16 2 0 2 3 0 2 3 8 9 2 5 31 3 0 2 3 0 2 8 5 30 3 0 2 8 5 30 3 0 2 8 0 2 3 0 2 8 12 16 2 0 2 11 5 30 3 0 2 8 16 19 11 5 30 3 5 30 3 0 2 8 0 2 8 0 2 11 16 30 2 0 2 3 0 2 11 0 2 3 16 19 11 0 2 8 0 2 8 0 2 8 16 19 11 1 2 11 0 2 8 5 30 3 0 2 3 0 2 7 0 2 3 0 2 11 0 2 8 0 2 3 5 30 3 16 19 11 0 2 8 0 2 11 0 2 7 5 30 3 0 2 8 0 2 8 0 2 8 0 2 8 16 19 12 0 2 11 0 2 8 0 2 8 16 6 2 1.01998860050424053e-06 68.549232006072998
5 30 3 5 30 3 12 16 2 5 30 3 5 30 3 13 6 3 12 16 2 12 16 2 1 2 8 2 3 3 16 19 12 16 31 2 8 18 2 1 2 7 5 30 3 0 2 8 17 9 2 17 9 2 0 2 7 8 9 2 0 2 7 0 2 7 1 2 7 1 2 7 0 2 11 0 2 8 0 2 8 6 2 8 8 9 2 1 2 7 0 2 4 0 2 7 17 9 2 0 2 7 1 2 7 0 2 7 17 9 2 8 9 2 0 2 8 0 2 7 0 2 7 0 2 7 6 2 7 0 2 8 6 2 8 8 18 2 1 2 8 0 2 4 6 2 8 8 18 2 6 2 8 0 2 8 0 2 7 8 18 2 0 2 4 8 9 2 1 2 7 8 18 2 8 18 2 0 2 7 0.0127371988988823938 63.6586764454841614
5 30 3 12 16 2 8 9 2 5 30 3 12 16 2 5 30 3 5 30 3 0 2 8 0 2 7 16 19 11 0 2 8 0 2 7 1 2 8 0 2 8 0 2 7 0 2 7 0 2 7 0 2 3 16 19 12 0 2 3 0 2 3 0 2 8 0 2 3 0 2 8 5 31 3 1 2 7 16 19 12 1 2 8 1 2 8 1 2 7 0 2 8 0 2 8 16 19 11 0 2 8 0 2 3 0 2 8 16 19 11 0 2 7 0 2 8 5 30 3 8 9 2 0 2 7 1 2 8 0 2 3 0 2 7 0 2 8 16 19 11 0 2 7 0 2 3 0 2 7 8 9 2 0 2 8 0 2 7 1 2 8 0 2 7 16 15 2 0 2 8 0 2 7 1 2 8 1 2 8 0.00532442377849564989 66.7347159385681152
5 30 3 0 2 7 1 2 7 12 16 2 0 2 7 5 30 3 0 2 7 12 16 2 12 16 2 0 2 7 5 30 3 5 30 3 0 2 7 17 9 2 0 2 7 1 2 7 0 2 8 0 2 3 1 2 7 1 2 8 0 2 4 0 2 7 0 2 8 16 19 12 0 2 7 16 31 2 16 19 12 0 2 7 8 9 2 0 2 3 0 2 7 0 2 8 0 2 7 1 2 8 0 2 7 0 2 3 0 2 4 1 2 7 5 30 3 0 2 4 0 2 7 0 2 3 0 2 7 1 2 11 0 2 12 1 2 7 17 9 2 0 2 12 0 2 3 0 2 3 0 2 3 0 2 7 0 2 8 1 2 11 0 2 7 16 31 2 12 16 2 0 2 3 6 2 7 0 2 7 0.0136510836077436328 64.0826146006584167

Current Evaluation = 2700(2700)
Front Size = 10
6 2 7 1 2 7 5 31 3 5 30 3 0 2 7 17 9 2 5 31 3 12 16 2 1 2 7 5 30 3 0 2 7 0 2 4 17 9 2 17 9 2 0 2 4 0 2 7 5 30 3 13 6 3 0 2 7 0 2 7 0 2 7 1 2 7 0 2 7 1 2 4 16 20 12 0 2 7 1 2 10 1 2 7 0 2 7 12 16 2 12 16 2 1 2 7 17 9 2 1 2 4 1 2 7 0 2 7 17 9 2 1 2 7 0 2 7 0 2 7 0 2 7 0 2 7 0 2 7 1 2 7 0 2 4 5 31 3 0 2 7 0 2 4 0 2 7 1 2 7 16 31 2 0 2 4 0 2 7 1 2 7 0 2 4 0 2 7 1 2 7 1 2 7 0 2 7 0 2 7 0 60.9657935500144958
8 9 2 16 18 8 1 2 8 5 30 3 0 2 8 12 16 2 8 18 2 0 2 8 8 18 2 5 30 3 8 9 2 1 2 8 1 2 8 8 9 2 0 2 8 1 2 8 8 18 2 16 15 2 1 2 8 8 18 2 1 2 8 0 2 8 0 2 8 12 16 2 1 2 8 16 15 2 0 2 8 8 9 2 0 2 8 8 18 2 0 2 8 0 2 8 16 18 8 0 2 8 0 2 8 0 2 8 1 2 8 16 19 12 0 2 8 0 2 8 0 2 8 0 2 8 1 2 8 8 9 2 16 18 8 0 2 8 5 30 3 8 9 2 1 2 8 1 2 8 0 2 8 5 30 3 0 2 8 0 2 8 1 2 8 16 19 12 0 2 8 0 2 8 1 2 8 0 2 8 0.00497754522830231617 67.8209588527679443
0 2 7 0 2 3 5 30 3 5 30 3 0 2 3 5 30 3 12 16 2 0 2 3 5 31 3 1 2 3 0 2 3 0 2 7 0 2 3 0 2 7 8 18 2 1 2 7 0 2 7 12 16 2 12 16 2 0 2 7 0 2 7 5 30 3 5 30 3 1 2 7 0 2 3 1 2 7 0 2 7 0 2 3 0 2 7 1 2 7 1 2 3 0 2 3 0 2 3 0 2 3 1 2 3 0 2 7 0 2 7 0 2 7 1 2 7 6 2 7 16 6 2 16 6 2 0 2 7 1 2 3 0 2 7 1 2 3 0 2 3 0 2 7 8 9 2 1 2 3 0 2 7 16 6 2 8 9 2 17 9 2 16 6 2 0 2 3 0 2 7 0 2 7 16 19 11 16 15 2 0 63.0108914971351624
0 2 3 0 2 8 5 30 3 0 2 8 12 16 2 0 2 3 0 2 3 8 9 2 5 31 3 0 2 3 0 2 8 5 30 3 0 2 8 5 30 3 0 2 8 0 2 3 0 2 8 12 16 2 0 2 11 5 30 3 0 2 8 16 19 11 5 30 3 5 30 3 0 2 8 0 2 8 0 2 11 16 30 2 0 2 3 0 2 11 0 2 3 16 19 11 0 2 8 0 2 8 0 2 8 16 19 11 1 2 11 0 2 8 5 30 3 0 2 3 0 2 7 0 2 3 0 2 11 0 2 8 0 2 3 5 30 3 16 19 11 0 2 8 0 2 11 0 2 7 5 30 3 0 2 8 0 2 8 0 2 8 0 2 8 16 19 12 0 2 11 0 2 8 0 2 8 16 6 2 1.01998860050424053e-06 68.549232006072998
16 20 12 6 2 12 5 30 3 8 18 2 2 3 3 16 20 12 5 30 3 8 18 2 16 20 12 8 9 2 6 2 12 5 30 3 16 20 12 6 2 12 8 9 2 6 2 12 6 2 12 8 9 2 6 2 12 5 30 3 16 20 12 6 2 12 8 18 2 8 18 2 16 20 12 8 18 2 8 9 2 8 9 2 5 30 3 2 3 3 6 2 12 6 2 12 6 2 12 8 18 2 16 20 12 5 30 3 8 9 2 5 30 3 5 30 3 6 2 12 8 9 2 6 2 12 6 2 12 5 30 3 6 2 12 5 30 3 8 18 2 0 2 12 5 30 3 6 3 2 8 18 2 8 9 2 8 18 2 13 6 3 6 2 12 6 2 12 6 2 12 8 9 2 6 2 12 6 2 12 0.194052591865896629 63.5198782682418823
5 30 3 5 30 3 12 16 2 5 30 3 8 9 2 12 16 2 5 30 3 0 2 7 17 9 2 0 2 7 0 2 11 0 2 8 0 2 3 8 9 2 0 2 11 1 2 7 0 2 8 0 2 11 0 2 8 0 2 8 0 2 7 0 2 7 1 2 8 0 2 11 0 2 7 6 2 8 16 19 11 0 2 11 5 30 3 0 2 8 5 30 3 5 30 3 6 2 11 0 2 7 0 2 12 0 2 8 1 2 3 16 19 11 15 2 11 5 30 3 0 2 11 16 19 11 16 19 11 0 2 3 1 2 7 0 2 7 16 6 2 8 9 2 0 2 3 0 2 8 12 16 2 0 2 7 0 2 7 17 9 2 6 2 8 0 2 7 0 2 3 0 2 7 5 30 3 0 2 11 0 66.1785340309143066
5 30 3 5 30 3 8 9 2 5 30 3 5 30 3 5 30 3 5 30 3 5 30 3 5 30 3 5 30 3 16 20 12 0 2 8 0 2 8 2 3 3 16 19 11 0 2 3 16 20 12 0 2 3 0 2 3 16 30 2 0 2 11 6 2 12 0 2 11 0 2 8 6 2 12 16 20 12 6 2 12 0 2 3 8 18 2 16 19 12 8 18 2 0 2 11 0 2 7 2 3 3 0 2 8 6 2 12 6 2 12 0 2 3 16 20 12 0 2 8 0 2 11 8 9 2 0 2 3 0 2 3 0 2 8 0 2 11 8 18 2 0 2 12 5 30 3 6 3 2 16 19 11 8 9 2 8 18 2 0 2 8 6 2 12 16 6 2 6 2 12 8 9 2 6 2 12 6 2 12 0.17526104710519938 65.4326936006546021
1 2 7 0 2 8 5 30 3 5 30 3 0 2 7 12 16 2 5 30 3 0 2 8 1 2 7 17 18 2 17 9 2 0 2 7 1 2 7 5 30 3 0 2 7 0 2 7 0 2 7 1 2 3 0 2 7 0 2 7 1 2 7 5 30 3 12 16 2 12 16 2 0 2 7 0 2 8 0 2 7 1 2 4 0 2 7 0 2 11 0 2 11 0 2 7 0 2 7 0 2 7 1 2 7 0 2 7 1 2 7 16 15 2 8 18 2 0 2 4 13 6 3 0 2 7 8 18 2 0 2 4 17 9 2 0 2 7 8 9 2 8 9 2 1 2 7 5 30 3 0 2 7 0 2 7 17 18 2 16 6 2 1 2 11 0 2 11 16 6 2 1 2 11 5 30 3 0 2 7 0 62.3326995372772217
1 2 7 0 2 3 5 30 3 12 16 2 0 2 7 0 2 3 0 2 7 12 16 2 16 19 11 5 30 3 0 2 7 1 2 7 0 2 7 5 30 3 16 19 11 16 6 2 0 2 7 0 2 7 0 2 7 0 2 7 0 2 7 0 2 7 0 2 7 0 2 3 5 30 3 16 19 11 0 2 3 12 16 2 16 19 11 5 30 3 5 31 3 5 31 3 8 9 2 5 31 3 0 2 7 0 2 7 0 2 8 6 2 7 6 2 8 1 2 3 0 2 7 5 31 3 0 2 7 0 2 11 6 2 7 5 30 3 16 6 2 0 2 7 0 2 7 1 2 7 0 2 7 0 2 7 0 2 8 0 2 7 0 2 7 0 2 7 16 6 2 12 16 2 0 2 11 0 2 11 0.0043203257400024099 64.6333574056625366
5 30 3 5 30 3 12 16 2 0 2 3 8 9 2 12 16 2 5 30 3 1 2 7 0 2 7 0 2 3 0 2 7 1 2 7 0 2 3 0 2 3 1 2 4 0 2 7 1 2 7 0 2 3 16 19 11 0 2 3 5 30 3 0 2 3 5 30 3 8 9 2 0 2 7 13 6 3 5 30 3 0 2 7 16 19 11 16 19 11 0 2 7 17 18 2 0 2 7 0 2 4 1 2 7 5 30 3 0 2 7 1 2 4 0 2 7 1 2 7 0 2 7 0 2 7 16 19 11 0 2 7 0 2 7 0 2 3 1 2 7 0 2 7 12 16 2 0 2 3 0 2 3 17 18 2 12 16 2 0 2 7 0 2 7 0 2 7 16 30 2 0 2 7 1 2 3 1 2 7 0 63.3616441488265991

Current Evaluation = 3600(3600)
Front Size = 10
1 2 7 1 2 7 5 31 3 5 30 3 0 2 7 17 9 2 5 31 3 1 2 7 1 2 7 5 30 3 0 2 7 0 2 7 17 9 2 17 9 2 0 2 4 0 2 7 5 30 3 13 6 3 0 2 7 0 2 7 0 2 4 0 2 7 0 2 7 1 2 4 16 20 12 0 2 7 1 2 7 1 2 7 0 2 7 12 16 2 12 16 2 1 2 7 17 9 2 1 2 7 1 2 7 0 2 7 17 9 2 1 2 7 0 2 7 0 2 7 0 2 7 0 2 7 0 2 7 1 2 4 0 2 7 5 31 3 0 2 4 0 2 3 0 2 7 1 2 7 16 31 2 0 2 7 0 2 7 1 2 7 0 2 7 6 2 7 1 2 4 1 2 7 0 2 4 0 2 7 0 60.8134436011314392
12 16 2 5 30 3 12 16 2 17 18 2 5 31 3 0 2 7 16 6 2 12 16 2 5 31 3 5 31 3 16 9 11 0 2 4 0 2 7 15 2 11 0 2 7 0 2 7 0 2 3 0 2 7 0 2 7 0 2 4 1 2 7 0 2 3 0 2 3 0 2 7 16 6 2 1 2 3 1 2 3 16 6 2 1 2 3 1 2 7 0 2 3 12 16 2 1 2 7 0 2 7 16 19 11 0 2 7 0 2 7 0 2 4 1 2 3 0 2 7 5 30 3 8 18 2 0 2 7 1 2 7 1 2 3 0 2 3 0 2 7 0 2 3 1 2 7 16 6 2 0 2 7 0 2 4 1 2 7 12 16 2 1 2 7 1 2 7 0 2 7 0 2 7 0 2 7 0 2 3 0 62.6917734742164612
8 9 2 16 18 8 1 2 8 5 30 3 0 2 8 12 16 2 8 18 2 0 2 8 8 18 2 5 30 3 8 9 2 1 2 8 1 2 8 8 9 2 0 2 8 1 2 8 8 18 2 16 15 2 1 2 8 8 18 2 1 2 8 0 2 8 0 2 8 12 16 2 1 2 8 16 15 2 0 2 8 8 9 2 0 2 8 8 18 2 0 2 8 0 2 8 16 18 8 0 2 8 0 2 8 0 2 8 1 2 8 16 19 12 0 2 8 0 2 8 0 2 8 0 2 8 1 2 8 8 9 2 16 18 8 0 2 8 5 30 3 8 9 2 1 2 8 1 2 8 0 2 8 5 30 3 0 2 8 0 2 8 1 2 8 16 19 12 0 2 8 0 2 8 1 2 8 0 2 8 0.00497754522830231617 67.8209588527679443
0 2 7 0 2 7 12 16 2 5 30 3 0 2 7 5 30 3 12 16 2 0 2 7 0 2 3 0 2 7 12 16 2 0 2 7 5 30 3 5 30 3 0 2 7 0 2 7 0 2 7 8 9 2 1 2 11 0 2 7 0 2 7 1 2 7 1 2 7 0 2 7 0 2 7 8 9 2 1 2 7 0 2 7 5 30 3 1 2 7 1 2 7 0 2 1 0 2 7 13 6 3 1 2 7 0 2 7 1 2 7 0 2 7 0 2 7 0 2 7 5 30 3 5 30 3 0 2 11 0 2 7 16 6 2 16 6 2 17 9 2 17 9 2 16 6 2 0 2 4 1 2 11 0 2 7 0 2 7 8 9 2 5 31 3 0 2 7 0 2 3 17 18 2 16 19 11 1 2 7 0 62.3334391117095947
5 30 3 5 30 3 8 9 2 5 30 3 5 30 3 5 30 3 5 30 3 5 30 3 5 30 3 5 30 3 16 20 12 0 2 8 0 2 8 2 3 3 16 19 11 0 2 3 16 20 12 0 2 3 0 2 3 16 30 2 0 2 11 6 2 12 0 2 11 0 2 8 6 2 12 16 20 12 6 2 12 0 2 3 8 18 2 16 19 12 8 18 2 0 2 11 0 2 7 2 3 3 0 2 8 6 2 12 6 2 12 0 2 3 16 20 12 0 2 8 0 2 11 8 9 2 0 2 3 0 2 3 0 2 8 0 2 11 8 18 2 0 2 12 5 30 3 6 3 2 16 19 11 8 9 2 8 18 2 0 2 8 6 2 12 16 6 2 6 2 12 8 9 2 6 2 12 6 2 12 0.17526104710519938 65.4326936006546021
0 2 7 0 2 3 12 16 2 5 30 3 0 2 3 5 30 3 12 16 2 5 31 3 0 2 3 0 2 7 0 2 3 0 2 3 0 2 3 5 30 3 5 30 3 0 2 3 0 2 3 0 2 3 0 2 3 16 6 2 8 9 2 16 19 11 0 2 8 0 2 11 0 2 8 0 2 8 0 2 8 5 30 3 12 16 2 0 2 7 0 2 8 0 2 7 0 2 8 0 2 8 0 2 8 0 2 8 16 19 11 1 2 3 0 2 8 0 2 7 0 2 8 0 2 11 0 2 11 0 2 8 0 2 8 0 2 8 0 2 3 1 2 3 0 2 8 0 2 8 0 2 8 0 2 3 16 19 12 0 2 11 17 9 2 5 30 3 0 2 3 16 19 11 0 2 7 16 15 2 0.00690234559705971574 67.6550067663192749
0 2 7 0 2 3 12 16 2 5 30 3 5 30 3 12 16 2 0 2 7 5 30 3 5 30 3 0 2 3 0 2 3 5 30 3 5 30 3 0 2 3 0 2 7 16 6 2 5 30 3 0 2 3 16 19 11 1 2 3 0 2 3 0 2 7 1 2 7 0 2 3 6 2 7 0 2 3 0 2 3 0 2 3 0 2 3 0 2 3 0 2 7 0 2 3 0 2 7 1 2 7 0 2 7 0 2 3 12 16 2 0 2 7 0 2 3 0 2 7 16 19 11 1 2 7 16 19 11 5 30 3 0 2 7 0 2 7 0 2 3 0 2 3 16 30 2 0 2 7 8 9 2 16 30 2 1 2 3 1 2 3 0 2 7 1 2 7 1 2 3 1 2 3 8 18 2 16 19 11 0 64.4600144028663635
16 20 12 5 30 3 5 30 3 5 30 3 13 6 3 1 2 7 1 2 7 16 31 2 0 2 7 8 18 2 0 2 7 8 9 2 17 9 2 0 2 7 6 2 12 0 2 7 6 2 12 6 2 12 8 9 2 6 2 12 0 2 7 16 20 12 6 2 12 0 2 7 8 18 2 16 20 12 1 2 7 8 9 2 0 2 7 5 31 3 0 2 7 0 2 7 6 2 12 1 2 7 8 18 2 16 20 12 1 2 7 0 2 7 5 30 3 5 30 3 0 2 7 0 2 7 6 2 12 0 2 4 1 2 7 0 2 7 5 30 3 8 18 2 1 2 7 5 30 3 6 3 2 8 18 2 1 2 7 8 18 2 6 2 12 1 2 7 0 2 4 8 9 2 6 2 12 17 9 2 0.025913876050051611 61.5397778749465942
16 20 12 6 2 12 5 30 3 8 18 2 2 3 3 16 20 12 5 30 3 8 18 2 16 20 12 8 9 2 6 2 12 5 30 3 16 20 12 6 2 12 8 9 2 6 2 12 6 2 12 8 9 2 6 2 12 5 30 3 16 20 12 6 2 12 8 18 2 8 18 2 16 20 12 8 18 2 8 9 2 8 9 2 5 30 3 2 3 3 6 2 12 6 2 12 6 2 12 8 18 2 16 20 12 5 30 3 8 9 2 5 30 3 5 30 3 6 2 12 8 9 2 6 2 12 6 2 12 5 30 3 6 2 12 5 30 3 8 18 2 0 2 12 5 30 3 6 3 2 8 18 2 8 9 2 8 18 2 13 6 3 6 2 12 6 2 12 6 2 12 8 9 2 6 2 12 6 2 12 0.194052591865896629 63.5198782682418823
5 30 3 5 30 3 12 16 2 5 30 3 8 9 2 12 16 2 5 30 3 0 2 7 17 9 2 0 2 7 0 2 11 0 2 8 0 2 3 8 9 2 0 2 11 1 2 7 0 2 8 0 2 11 0 2 8 0 2 8 0 2 7 0 2 7 1 2 8 0 2 11 0 2 7 6 2 8 16 19 11 0 2 11 5 30 3 0 2 8 5 30 3 5 30 3 6 2 11 0 2 7 0 2 12 0 2 8 1 2 3 16 19 11 15 2 11 5 30 3 0 2 11 16 19 11 16 19 11 0 2 3 1 2 7 0 2 7 16 6 2 8 9 2 0 2 3 0 2 8 12 16 2 0 2 7 0 2 7 17 9 2 6 2 8 0 2 7 0 2 3 0 2 7 5 30 3 0 2 11 0 66.1785340309143066

Current Evaluation = 4500(4500)
Front Size = 10
1 2 7 1 2 7 5 31 3 5 30 3 0 2 7 17 9 2 5 31 3 1 2 7 1 2 7 5 30 3 0 2 7 0 2 7 17 9 2 17 9 2 0 2 4 0 2 7 5 30 3 13 6 3 0 2 7 0 2 7 0 2 4 0 2 7 0 2 7 1 2 4 16 20 12 0 2 7 1 2 7 1 2 7 0 2 7 12 16 2 12 16 2 1 2 7 17 9 2 1 2 7 1 2 7 0 2 7 17 9 2 1 2 7 0 2 7 0 2 7 0 2 7 0 2 7 0 2 7 1 2 4 0 2 7 5 31 3 0 2 4 0 2 3 0 2 7 1 2 7 16 31 2 0 2 7 0 2 7 1 2 7 0 2 7 6 2 7 1 2 4 1 2 7 0 2 4 0 2 7 0 60.8134436011314392
12 16 2 5 30 3 0 2 3 5 30 3 1 2 3 0 2 7 1 2 3 1 2 7 1 2 7 0 2 3 0 2 3 16 30 2 5 30 3 16 31 2 16 18 11 5 30 3 0 2 7 0 2 3 1 2 7 0 2 3 0 2 7 0 2 7 1 2 7 0 2 3 1 2 4 1 2 7 0 2 3 1 2 3 0 2 3 12 16 2 1 2 3 0 2 7 0 2 3 1 2 3 0 2 7 5 30 3 0 2 7 0 2 7 1 2 4 0 2 3 0 2 3 0 2 3 0 2 11 0 2 3 1 2 4 16 19 11 0 2 7 0 2 7 16 6 2 0 2 7 17 9 2 0 2 3 0 2 3 16 6 2 0 2 3 5 31 3 1 2 3 0 2 7 0 2 7 0 2 7 0 63.1835398077964783
5 30 3 5 30 3 5 30 3 5 30 3 17 18 2 5 30 3 5 30 3 17 18 2 0 2 3 12 16 2 17 18 2 0 2 7 0 2 11 0 2 7 8 9 2 0 2 7 0 2 11 0 2 7 5 30 3 0 2 11 6 2 7 0 2 11 16 9 11 6 2 7 0 2 7 0 2 7 0 2 11 5 31 3 0 2 11 0 2 7 16 6 2 8 9 2 1 2 7 16 19 11 0 2 11 0 2 7 0 2 7 1 2 11 0 2 3 0 2 11 0 2 3 0 2 7 1 2 7 16 19 11 12 16 2 0 2 7 0 2 7 1 2 11 0 2 11 0 2 7 0 2 7 0 2 7 5 30 3 1 2 7 1 2 11 1 2 11 0 2 7 0 2 7 0 2 11 1 2 7 0 64.2954756617546082
5 30 3 5 30 3 12 16 2 5 30 3 8 9 2 12 16 2 5 30 3 0 2 7 17 9 2 0 2 7 0 2 11 0 2 8 0 2 3 8 9 2 0 2 11 1 2 7 0 2 8 0 2 11 0 2 8 0 2 8 0 2 7 0 2 7 1 2 8 0 2 11 0 2 7 6 2 8 16 19 11 0 2 11 5 30 3 0 2 8 5 30 3 5 30 3 6 2 11 0 2 7 0 2 12 0 2 8 1 2 3 16 19 11 15 2 11 5 30 3 0 2 11 16 19 11 16 19 11 0 2 3 1 2 7 0 2 7 16 6 2 8 9 2 0 2 3 0 2 8 12 16 2 0 2 7 0 2 7 17 9 2 6 2 8 0 2 7 0 2 3 0 2 7 5 30 3 0 2 11 0 66.1785340309143066
5 30 3 5 31 3 12 16 2 5 30 3 17 9 2 12 16 2 5 30 3 0 2 3 17 9 2 0 2 3 1 2 7 0 2 4 1 2 3 0 2 3 16 19 11 5 30 3 1 2 4 1 2 4 16 19 11 0 2 7 1 2 7 0 2 4 16 30 2 1 2 7 0 2 7 0 2 4 1 2 3 0 2 7 1 2 3 0 2 3 0 2 4 17 18 2 17 18 2 0 2 7 0 2 3 0 2 4 0 2 7 1 2 7 0 2 7 0 2 7 0 2 7 1 2 7 1 2 7 0 2 3 0 2 7 0 2 7 0 2 4 5 31 3 13 6 3 0 2 11 6 2 7 0 2 7 6 2 7 0 2 7 12 16 2 1 2 11 0 2 7 0 2 7 1 2 4 0 2 7 0 62.2721636295318604
1 2 7 0 2 7 5 31 3 5 30 3 0 2 7 17 9 2 5 30 3 1 2 4 1 2 7 5 30 3 0 2 7 0 2 7 6 2 7 0 2 7 5 30 3 8 9 2 0 2 7 0 2 7 0 2 7 0 2 7 1 2 7 0 2 7 12 16 2 12 16 2 0 2 7 0 2 7 5 31 3 0 2 7 1 2 7 0 2 7 0 2 7 0 2 7 1 2 7 0 2 7 0 2 7 0 2 7 16 19 11 17 18 2 17 9 2 13 6 3 6 2 7 16 6 2 0 2 7 6 2 7 0 2 7 0 2 7 16 6 2 1 2 7 5 31 3 1 2 7 0 2 7 5 31 3 0 2 7 12 16 2 0 2 7 1 2 7 0 2 7 0 2 7 16 19 11 0 2 7 0 61.98759526014328
5 31 3 12 16 2 0 2 3 0 2 7 5 30 3 5 30 3 0 2 7 1 2 3 0 2 7 1 2 3 0 2 3 1 2 7 0 2 7 0 2 11 0 2 7 1 2 3 5 30 3 16 6 2 16 19 11 5 31 3 0 2 11 0 2 7 12 16 2 0 2 7 0 2 11 16 6 2 0 2 4 0 2 7 16 19 11 5 30 3 0 2 7 0 2 7 8 18 2 0 2 7 0 2 7 0 2 7 16 6 2 0 2 7 1 2 3 0 2 7 8 9 2 17 9 2 5 30 3 12 16 2 6 2 7 1 2 7 16 6 2 0 2 7 1 2 7 0 2 7 0 2 3 12 16 2 8 18 2 0 2 7 0 2 7 1 2 7 1 2 7 0 2 7 0 2 3 0 2 7 0 63.0926254391670227
12 16 2 5 30 3 0 2 7 5 31 3 5 31 3 0 2 7 0 2 7 0 2 7 0 2 8 1 2 3 0 2 7 1 2 12 1 2 8 0 2 3 0 2 8 5 30 3 16 6 2 16 19 12 5 30 3 5 30 3 0 2 3 0 2 3 0 2 7 0 2 3 0 2 3 0 2 7 0 2 7 0 2 3 0 2 3 16 18 8 0 2 7 0 2 7 0 2 3 0 2 8 0 2 3 1 2 3 0 2 7 0 2 7 0 2 7 1 2 3 1 2 8 16 6 2 16 6 2 5 30 3 0 2 7 1 2 7 0 2 7 12 16 2 0 2 8 16 6 2 5 31 3 0 2 3 0 2 8 5 31 3 0 2 8 0 2 7 16 18 8 0 2 7 0 2 3 0 2 7 0 65.2176707983016968
8 9 2 16 18 8 1 2 8 5 30 3 0 2 8 12 16 2 8 18 2 0 2 8 8 18 2 5 30 3 8 9 2 1 2 8 1 2 8 8 9 2 0 2 8 1 2 8 8 18 2 16 15 2 1 2 8 8 18 2 1 2 8 0 2 8 0 2 8 12 16 2 1 2 8 16 15 2 0 2 8 8 9 2 0 2 8 8 18 2 0 2 8 0 2 8 16 18 8 0 2 8 0 2 8 0 2 8 1 2 8 16 19 12 0 2 8 0 2 8 0 2 8 0 2 8 1 2 8 8 9 2 16 18 8 0 2 8 5 30 3 8 9 2 1 2 8 1 2 8 0 2 8 5 30 3 0 2 8 0 2 8 1 2 8 16 19 12 0 2 8 0 2 8 1 2 8 0 2 8 0.00497754522830231617 67.8209588527679443
16 20 12 6 2 12 5 30 3 8 18 2 2 3 3 16 20 12 5 30 3 8 18 2 16 20 12 8 9 2 6 2 12 5 30 3 16 20 12 6 2 12 8 9 2 6 2 12 6 2 12 8 9 2 6 2 12 5 30 3 16 20 12 6 2 12 8 18 2 8 18 2 16 20 12 8 18 2 8 9 2 8 9 2 5 30 3 2 3 3 6 2 12 6 2 12 6 2 12 8 18 2 16 20 12 5 30 3 8 9 2 5 30 3 5 30 3 6 2 12 8 9 2 6 2 12 6 2 12 5 30 3 6 2 12 5 30 3 8 18 2 0 2 12 5 30 3 6 3 2 8 18 2 8 9 2 8 18 2 13 6 3 6 2 12 6 2 12 6 2 12 8 9 2 6 2 12 6 2 12 0.194052591865896629 63.5198782682418823

Current Evaluation = 5400(5400)
Front Size = 10
1 2 7 1 2 7 5 31 3 5 30 3 0 2 7 17 9 2 5 31 3 1 2 7 1 2 7 5 30 3 0 2 7 0 2 7 17 9 2 17 9 2 0 2 4 0 2 7 5 30 3 13 6 3 0 2 7 0 2 7 0 2 4 0 2 7 0 2 7 1 2 4 16 20 12 0 2 7 1 2 7 1 2 7 0 2 7 12 16 2 12 16 2 1 2 7 17 9 2 1 2 7 1 2 7 0 2 7 17 9 2 1 2 7 0 2 7 0 2 7 0 2 7 0 2 7 0 2 7 1 2 4 0 2 7 5 31 3 0 2 4 0 2 3 0 2 7 1 2 7 16 31 2 0 2 7 0 2 7 1 2 7 0 2 7 6 2 7 1 2 4 1 2 7 0 2 4 0 2 7 0 60.8134436011314392
1 2 7 0 2 7 5 30 3 5 30 3 0 2 7 5 30 3 1 2 7 0 2 7 5 30 3 1 2 7 0 2 7 0 2 7 0 2 7 1 2 7 0 2 7 0 2 7 0 2 7 1 2 7 1 2 7 1 2 7 12 16 2 12 16 2 0 2 7 0 2 7 0 2 7 0 2 7 0 2 7 0 2 7 0 2 7 0 2 7 0 2 7 1 2 7 1 2 7 8 18 2 0 2 7 16 6 2 17 9 2 1 2 7 1 2 7 1 2 7 0 2 7 0 2 7 16 31 2 1 2 7 0 2 7 0 2 7 1 2 7 0 2 7 0 2 7 5 30 3 8 9 2 5 31 3 17 18 2 0 2 7 16 31 2 16 31 2 12 16 2 5 30 3 0 2 7 0 2 7 0 61.4271352291107178
0 2 3 0 2 7 5 30 3 5 30 3 0 2 7 5 30 3 0 2 7 1 2 7 5 30 3 0 2 3 1 2 7 0 2 7 1 2 7 5 30 3 0 2 7 0 2 7 0 2 7 0 2 3 0 2 3 1 2 7 0 2 3 12 16 2 12 16 2 0 2 3 1 2 3 0 2 3 0 2 3 0 2 3 0 2 3 0 2 3 1 2 7 0 2 3 1 2 4 1 2 7 5 30 3 1 2 7 16 31 2 16 30 2 16 6 2 0 2 7 1 2 7 16 19 11 16 19 11 0 2 7 16 6 2 1 2 7 0 2 3 0 2 3 0 2 7 0 2 7 0 2 3 0 2 7 16 31 2 12 16 2 0 2 3 5 30 3 0 2 3 15 2 11 0 2 3 0 2 3 0 63.4097464084625244
1 2 7 0 2 4 5 30 3 5 30 3 1 2 7 13 6 3 5 30 3 12 16 2 0 2 11 5 31 3 0 2 7 12 16 2 0 2 7 0 2 7 5 30 3 0 2 7 6 2 7 0 2 4 0 2 7 0 2 7 1 2 7 0 2 10 1 2 7 1 2 11 0 2 7 12 16 2 12 16 2 0 2 7 0 2 7 0 2 11 1 2 7 5 31 3 0 2 7 0 2 7 5 30 3 0 2 7 0 2 7 0 2 7 6 2 3 6 2 7 8 18 2 13 6 3 0 2 4 17 9 2 17 18 2 0 2 7 1 2 7 1 2 11 16 6 2 0 2 7 1 2 3 0 2 7 16 6 2 17 18 2 0 2 4 0 2 7 12 16 2 0 2 4 16 19 11 17 18 2 0 61.9401402473449707
8 9 2 16 18 8 1 2 8 5 30 3 0 2 8 12 16 2 8 18 2 0 2 8 8 18 2 5 30 3 8 9 2 1 2 8 1 2 8 8 9 2 0 2 8 1 2 8 8 18 2 16 15 2 1 2 8 8 18 2 1 2 8 0 2 8 0 2 8 12 16 2 1 2 8 16 15 2 0 2 8 8 9 2 0 2 8 8 18 2 0 2 8 0 2 8 16 18 8 0 2 8 0 2 8 0 2 8 1 2 8 16 19 12 0 2 8 0 2 8 0 2 8 0 2 8 1 2 8 8 9 2 16 18 8 0 2 8 5 30 3 8 9 2 1 2 8 1 2 8 0 2 8 5 30 3 0 2 8 0 2 8 1 2 8 16 19 12 0 2 8 0 2 8 1 2 8 0 2 8 0.00497754522830231617 67.8209588527679443
5 30 3 5 30 3 12 16 2 5 30 3 8 9 2 12 16 2 5 30 3 0 2 7 17 9 2 0 2 7 0 2 11 0 2 8 0 2 3 8 9 2 0 2 11 1 2 7 0 2 8 0 2 11 0 2 8 0 2 8 0 2 7 0 2 7 1 2 8 0 2 11 0 2 7 6 2 8 16 19 11 0 2 11 5 30 3 0 2 8 5 30 3 5 30 3 6 2 11 0 2 7 0 2 12 0 2 8 1 2 3 16 19 11 15 2 11 5 30 3 0 2 11 16 19 11 16 19 11 0 2 3 1 2 7 0 2 7 16 6 2 8 9 2 0 2 3 0 2 8 12 16 2 0 2 7 0 2 7 17 9 2 6 2 8 0 2 7 0 2 3 0 2 7 5 30 3 0 2 11 0 66.1785340309143066
0 2 3 0 2 7 5 31 3 5 31 3 0 2 7 5 31 3 0 2 7 1 2 7 5 30 3 1 2 7 1 2 7 0 2 7 1 2 4 5 31 3 0 2 11 0 2 7 6 2 7 1 2 7 1 2 7 0 2 7 0 2 11 12 16 2 12 16 2 0 2 7 0 2 7 0 2 7 5 30 3 6 2 7 16 6 2 0 2 7 1 2 7 0 2 3 5 31 3 0 2 7 0 2 7 8 9 2 0 2 7 12 16 2 5 30 3 17 18 2 6 2 7 0 2 7 0 2 7 16 6 2 0 2 11 0 2 7 0 2 4 16 6 2 16 6 2 0 2 7 0 2 7 17 18 2 0 2 7 0 2 7 6 2 7 0 2 7 16 24 2 1 2 7 0 2 7 0 2 7 0 62.011502742767334
1 2 7 0 2 7 5 30 3 5 30 3 0 2 7 8 9 2 5 30 3 1 2 7 0 2 11 5 30 3 1 2 7 0 2 7 0 2 7 0 2 7 5 30 3 1 2 7 0 2 7 0 2 7 0 2 7 0 2 7 1 2 7 1 2 3 12 16 2 12 16 2 0 2 7 0 2 7 0 2 11 0 2 3 0 2 3 13 6 3 0 2 7 0 2 3 0 2 7 0 2 7 0 2 7 0 2 7 1 2 11 0 2 7 8 9 2 0 2 7 1 2 7 5 30 3 8 18 2 0 2 3 16 6 2 17 9 2 8 9 2 16 6 2 17 9 2 17 9 2 16 15 2 16 6 2 12 16 2 1 2 7 5 30 3 1 2 7 0 2 7 0 2 7 1 2 7 0 2 3 0 62.0271083116531372
5 30 3 5 30 3 5 30 3 5 30 3 17 18 2 5 30 3 5 30 3 17 18 2 0 2 3 12 16 2 17 18 2 0 2 7 0 2 11 0 2 7 8 9 2 0 2 7 0 2 11 0 2 7 5 30 3 0 2 11 6 2 7 0 2 11 16 9 11 6 2 7 0 2 7 0 2 7 0 2 11 5 31 3 0 2 11 0 2 7 16 6 2 8 9 2 1 2 7 16 19 11 0 2 11 0 2 7 0 2 7 1 2 11 0 2 3 0 2 11 0 2 3 0 2 7 1 2 7 16 19 11 12 16 2 0 2 7 0 2 7 1 2 11 0 2 11 0 2 7 0 2 7 0 2 7 5 30 3 1 2 7 1 2 11 1 2 11 0 2 7 0 2 7 0 2 11 1 2 7 0 64.2954756617546082
5 30 3 5 30 3 8 9 2 5 30 3 5 30 3 12 16 2 12 16 2 8 9 2 8 18 2 8 9 2 16 15 2 0 2 8 0 2 7 0 2 8 1 2 7 0 2 11 1 2 8 0 2 8 0 2 7 1 2 8 0 2 8 0 2 8 8 9 2 0 2 8 16 18 8 8 9 2 1 2 8 1 2 3 0 2 8 8 18 2 0 2 8 0 2 8 0 2 3 1 2 8 0 2 7 1 2 8 0 2 8 16 18 8 0 2 7 0 2 8 1 2 8 0 2 7 0 2 8 1 2 7 0 2 8 0 2 3 16 6 2 17 9 2 16 6 2 0 2 8 17 9 2 0 2 8 12 16 2 1 2 7 5 30 3 1 2 7 0 2 8 0 2 7 1 2 7 16 15 2 0.0165750530890397575 65.2746603488922119

Current Evaluation = 6300(6300)
Front Size = 10
1 2 7 1 2 7 5 31 3 5 30 3 0 2 7 17 9 2 5 31 3 1 2 7 1 2 7 5 30 3 0 2 7 0 2 7 17 9 2 17 9 2 0 2 4 0 2 7 5 30 3 13 6 3 0 2 7 0 2 7 0 2 4 0 2 7 0 2 7 1 2 4 16 20 12 0 2 7 1 2 7 1 2 7 0 2 7 12 16 2 12 16 2 1 2 7 17 9 2 1 2 7 1 2 7 0 2 7 17 9 2 1 2 7 0 2 7 0 2 7 0 2 7 0 2 7 0 2 7 1 2 4 0 2 7 5 31 3 0 2 4 0 2 3 0 2 7 1 2 7 16 31 2 0 2 7 0 2 7 1 2 7 0 2 7 6 2 7 1 2 4 1 2 7 0 2 4 0 2 7 0 60.8134436011314392
0 2 7 1 2 7 5 31 3 5 30 3 0 2 3 17 9 2 0 2 3 0 2 7 5 30 3 1 2 7 0 2 7 0 2 7 0 2 7 0 2 7 0 2 7 1 2 7 0 2 7 0 2 7 17 18 2 1 2 4 0 2 7 13 6 3 12 16 2 0 2 7 0 2 7 1 2 7 0 2 7 0 2 7 0 2 7 1 2 7 1 2 7 0 2 7 1 2 3 0 2 7 1 2 7 0 2 7 16 30 2 0 2 7 0 2 7 1 2 4 0 2 7 0 2 7 5 31 3 5 30 3 1 2 3 0 2 4 0 2 7 5 30 3 16 15 2 1 2 7 0 2 7 8 9 2 17 9 2 5 30 3 17 18 2 1 2 7 0 2 3 0 2 7 16 30 2 1 2 7 0 61.2348926067352295
1 2 4 1 2 7 5 30 3 5 31 3 0 2 3 0 2 7 0 2 3 5 30 3 0 2 7 0 2 7 0 2 7 0 2 3 5 30 3 1 2 7 0 2 7 0 2 7 0 2 7 0 2 7 0 2 7 0 2 4 1 2 7 0 2 3 12 16 2 1 2 3 1 2 7 0 2 11 1 2 3 0 2 4 0 2 4 6 2 7 8 18 2 1 2 7 17 9 2 17 9 2 16 19 11 0 2 4 17 9 2 0 2 3 16 9 11 5 31 3 0 2 7 0 2 4 0 2 7 0 2 4 0 2 7 1 2 3 1 2 4 16 6 2 0 2 7 1 2 3 1 2 4 0 2 7 0 2 7 1 2 7 1 2 3 1 2 7 1 2 1 12 16 2 17 18 2 0 2 7 0 62.3679138422012329
8 9 2 16 18 8 1 2 8 5 30 3 0 2 8 12 16 2 8 18 2 0 2 8 8 18 2 5 30 3 8 9 2 1 2 8 1 2 8 8 9 2 0 2 8 1 2 8 8 18 2 16 15 2 1 2 8 8 18 2 1 2 8 0 2 8 0 2 8 12 16 2 1 2 8 16 15 2 0 2 8 8 9 2 0 2 8 8 18 2 0 2 8 0 2 8 16 18 8 0 2 8 0 2 8 0 2 8 1 2 8 16 19 12 0 2 8 0 2 8 0 2 8 0 2 8 1 2 8 8 9 2 16 18 8 0 2 8 5 30 3 8 9 2 1 2 8 1 2 8 0 2 8 5 30 3 0 2 8 0 2 8 1 2 8 16 19 12 0 2 8 0 2 8 1 2 8 0 2 8 0.00497754522830231617 67.8209588527679443
5 30 3 5 30 3 12 16 2 5 30 3 1 2 3 12 16 2 5 31 3 1 2 3 0 2 11 0 2 3 1 2 7 5 30 3 8 18 2 0 2 3 0 2 3 0 2 3 0 2 3 1 2 3 0 2 3 5 30 3 0 2 12 0 2 7 0 2 3 0 2 3 6 2 3 0 2 7 16 6 2 9 2 7 0 2 3 0 2 7 0 2 3 0 2 3 0 2 3 1 2 3 0 2 3 0 2 7 0 2 7 0 2 3 16 19 11 0 2 3 0 2 7 0 2 3 16 19 12 5 30 3 5 30 3 1 2 3 0 2 3 0 2 8 0 2 3 16 6 2 16 6 2 0 2 3 0 2 7 0 2 7 16 19 11 0 2 3 0 2 11 0 2 8 16 6 2 1 2 7 0 65.413963794708252
1 2 7 0 2 7 5 30 3 5 30 3 0 2 7 5 30 3 1 2 7 0 2 7 5 30 3 1 2 7 0 2 7 0 2 7 0 2 7 1 2 7 0 2 7 0 2 7 0 2 7 1 2 7 1 2 7 1 2 7 12 16 2 12 16 2 0 2 7 0 2 7 0 2 7 0 2 7 0 2 7 0 2 7 0 2 7 0 2 7 0 2 7 1 2 7 1 2 7 8 18 2 0 2 7 16 6 2 17 9 2 1 2 7 1 2 7 1 2 7 0 2 7 0 2 7 16 31 2 1 2 7 0 2 7 0 2 7 1 2 7 0 2 7 0 2 7 5 30 3 8 9 2 5 31 3 17 18 2 0 2 7 16 31 2 16 31 2 12 16 2 5 30 3 0 2 7 0 2 7 0 61.4271352291107178
5 30 3 5 30 3 12 16 2 5 30 3 8 9 2 12 16 2 5 30 3 0 2 7 17 9 2 0 2 7 0 2 11 0 2 8 0 2 3 8 9 2 0 2 11 1 2 7 0 2 8 0 2 11 0 2 8 0 2 8 0 2 7 0 2 7 1 2 8 0 2 11 0 2 7 6 2 8 16 19 11 0 2 11 5 30 3 0 2 8 5 30 3 5 30 3 6 2 11 0 2 7 0 2 12 0 2 8 1 2 3 16 19 11 15 2 11 5 30 3 0 2 11 16 19 11 16 19 11 0 2 3 1 2 7 0 2 7 16 6 2 8 9 2 0 2 3 0 2 8 12 16 2 0 2 7 0 2 7 17 9 2 6 2 8 0 2 7 0 2 3 0 2 7 5 30 3 0 2 11 0 66.1785340309143066
16 9 12 5 30 3 5 30 3 5 30 3 5 30 3 5 30 3 0 2 7 12 16 2 0 2 3 0 2 7 0 2 3 8 9 2 1 2 7 0 2 3 0 2 3 5 30 3 1 2 7 0 2 7 0 2 7 0 2 3 0 2 11 1 2 7 0 2 7 16 6 2 8 18 2 1 2 3 16 19 12 0 2 3 0 2 7 0 2 12 0 2 7 0 2 3 0 2 7 1 2 3 16 19 11 12 16 2 0 2 7 5 30 3 0 2 7 17 9 2 8 18 2 1 2 7 13 6 3 12 16 2 1 2 7 0 2 7 5 30 3 1 2 11 17 9 2 0 2 3 0 2 7 0 2 7 0 2 3 0 2 7 0 2 7 0 2 7 1 2 7 16 19 12 0 2 7 12 16 2 0 64.0292363166809082
0 2 7 0 2 7 5 31 3 5 31 3 0 2 7 5 31 3 0 2 7 1 2 11 5 30 3 1 2 7 1 2 7 0 2 7 6 2 10 5 31 3 0 2 7 0 2 7 6 2 7 1 2 11 1 2 7 0 2 7 1 2 7 12 16 2 12 16 2 0 2 7 0 2 7 0 2 7 5 30 3 6 2 7 16 6 2 0 2 7 1 2 7 0 2 7 5 31 3 0 2 3 0 2 10 8 9 2 0 2 7 12 16 2 5 30 3 17 18 2 0 2 7 0 2 7 0 2 7 16 6 2 0 2 7 0 2 7 0 2 7 16 6 2 16 6 2 0 2 7 0 2 7 17 18 2 0 2 7 0 2 7 0 2 7 0 2 4 16 30 2 1 2 7 0 2 7 1 2 7 0 61.8863973617553711
5 30 3 5 30 3 12 16 2 5 30 3 12 16 2 8 9 2 0 2 3 1 2 3 0 2 3 1 2 7 16 6 2 0 2 7 0 2 7 1 2 7 0 2 3 16 6 2 16 31 2 0 2 7 0 2 3 16 6 2 1 2 7 1 2 7 1 2 3 1 2 3 5 31 3 1 2 7 0 2 3 0 2 3 0 2 7 0 2 3 1 2 3 0 2 7 16 6 2 0 2 7 0 2 7 0 2 7 1 2 3 1 2 7 1 2 3 0 2 3 12 16 2 0 2 3 1 2 7 0 2 7 0 2 3 17 18 2 0 2 7 0 2 7 16 19 12 5 30 3 0 2 3 1 2 7 0 2 3 0 2 4 0 2 7 1 2 7 0 2 3 8 9 2 0 2 7 0 2 3 0 62.6946086883544922

Current Evaluation = 7200(7200)
Front Size = 10
1 2 7 1 2 7 5 31 3 5 30 3 0 2 7 17 9 2 5 31 3 1 2 7 1 2 7 5 30 3 0 2 7 0 2 7 17 9 2 17 9 2 0 2 4 0 2 7 5 30 3 13 6 3 0 2 7 0 2 7 0 2 4 0 2 7 0 2 7 1 2 4 16 20 12 0 2 7 1 2 7 1 2 7 0 2 7 12 16 2 12 16 2 1 2 7 17 9 2 1 2 7 1 2 7 0 2 7 17 9 2 1 2 7 0 2 7 0 2 7 0 2 7 0 2 7 0 2 7 1 2 4 0 2 7 5 31 3 0 2 4 0 2 3 0 2 7 1 2 7 16 31 2 0 2 7 0 2 7 1 2 7 0 2 7 6 2 7 1 2 4 1 2 7 0 2 4 0 2 7 0 60.8134436011314392
8 9 2 16 18 8 1 2 8 5 30 3 0 2 8 12 16 2 8 18 2 0 2 8 8 18 2 5 30 3 8 9 2 1 2 8 1 2 8 8 9 2 0 2 8 1 2 8 8 18 2 16 15 2 1 2 8 8 18 2 1 2 8 0 2 8 0 2 8 12 16 2 1 2 8 16 15 2 0 2 8 8 9 2 0 2 8 8 18 2 0 2 8 0 2 8 16 18 8 0 2 8 0 2 8 0 2 8 1 2 8 16 19 12 0 2 8 0 2 8 0 2 8 0 2 8 1 2 8 8 9 2 16 18 8 0 2 8 5 30 3 8 9 2 1 2 8 1 2 8 0 2 8 5 30 3 0 2 8 0 2 8 1 2 8 16 19 12 0 2 8 0 2 8 1 2 8 0 2 8 0.00497754522830231617 67.8209588527679443
0 2 3 12 16 2 5 31 3 12 16 2 5 30 3 5 30 3 16 19 12 1 2 3 0 2 3 0 2 8 9 2 7 0 2 3 0 2 7 0 2 7 0 2 7 16 6 2 0 2 8 0 2 3 8 18 2 16 6 2 0 2 7 5 30 3 0 2 8 0 2 7 0 2 3 1 2 3 16 6 2 0 2 7 0 2 3 0 2 7 0 2 8 0 2 8 16 6 2 0 2 8 5 31 3 0 2 3 0 2 11 1 2 7 16 19 12 0 2 7 5 30 3 0 2 7 5 30 3 0 2 8 1 2 3 0 2 11 1 2 7 0 2 3 1 2 3 5 30 3 0 2 7 5 30 3 0 2 3 0 2 7 0 2 3 16 19 12 0 2 3 0 2 3 0 2 3 0 2 3 0 65.7544971704483032
0 2 7 0 2 7 5 31 3 5 31 3 0 2 7 5 31 3 0 2 7 1 2 11 5 30 3 1 2 7 1 2 7 0 2 7 6 2 10 5 31 3 0 2 7 0 2 7 6 2 7 1 2 11 1 2 7 0 2 7 1 2 7 12 16 2 12 16 2 0 2 7 0 2 7 0 2 7 5 30 3 6 2 7 16 6 2 0 2 7 1 2 7 0 2 7 5 31 3 0 2 3 0 2 10 8 9 2 0 2 7 12 16 2 5 30 3 17 18 2 0 2 7 0 2 7 0 2 7 16 6 2 0 2 7 0 2 7 0 2 7 16 6 2 16 6 2 0 2 7 0 2 7 17 18 2 0 2 7 0 2 7 0 2 7 0 2 4 16 30 2 1 2 7 0 2 7 1 2 7 0 61.8863973617553711
5 30 3 5 30 3 12 16 2 5 30 3 12 16 2 17 9 2 0 2 3 1 2 7 0 2 7 1 2 7 16 6 2 0 2 4 0 2 3 1 2 4 0 2 3 17 9 2 16 24 2 1 2 3 0 2 7 16 30 2 0 2 3 1 2 3 1 2 7 1 2 3 5 31 3 0 2 3 1 2 4 13 6 3 0 2 7 0 2 7 1 2 7 0 2 3 0 2 7 0 2 3 0 2 3 0 2 7 1 2 3 1 2 7 1 2 4 0 2 7 12 16 2 0 2 7 1 2 3 0 2 3 0 2 7 17 18 2 0 2 7 0 2 7 16 19 11 5 30 3 0 2 7 1 2 7 1 2 3 0 2 7 0 2 7 1 2 3 0 2 3 8 9 2 0 2 7 0 2 7 0 62.1843507289886475
1 2 7 0 2 7 5 30 3 5 30 3 1 2 7 5 30 3 1 2 7 0 2 7 5 30 3 1 2 7 0 2 4 0 2 7 0 2 4 1 2 7 0 2 7 0 2 7 0 2 7 1 2 11 1 2 7 1 2 3 12 16 2 12 16 2 0 2 7 0 2 7 0 2 7 0 2 4 0 2 4 0 2 11 0 2 7 0 2 4 0 2 7 1 2 7 1 2 7 17 18 2 0 2 7 16 6 2 17 9 2 1 2 7 1 2 7 1 2 11 0 2 4 0 2 7 16 31 2 0 2 7 0 2 7 0 2 7 1 2 7 0 2 3 0 2 7 5 30 3 8 9 2 5 31 3 17 18 2 0 2 4 16 31 2 16 31 2 12 16 2 1 2 7 0 2 7 0 2 7 0 61.3689343929290771
5 30 3 5 30 3 12 16 2 5 30 3 12 16 2 0 2 7 17 9 2 0 2 7 0 2 3 1 2 7 0 2 7 0 2 7 0 2 7 0 2 7 1 2 7 0 2 7 0 2 7 0 2 7 17 9 2 0 2 7 0 2 7 8 9 2 5 30 3 0 2 11 0 2 8 8 9 2 1 2 7 0 2 8 0 2 11 1 2 7 0 2 8 1 2 8 0 2 11 6 2 8 16 19 11 17 9 2 17 9 2 0 2 8 5 30 3 5 30 3 1 2 4 0 2 12 0 2 8 6 2 7 1 2 7 0 2 7 0 2 4 0 2 11 0 2 7 16 31 2 1 2 7 16 6 2 8 9 2 0 2 3 0 2 8 12 16 2 6 2 8 13 6 3 5 30 3 0 2 11 0.000655683294758101936 63.654538094997406
13 6 3 5 30 3 12 16 2 5 30 3 12 16 2 8 9 2 0 2 7 0 2 7 1 2 7 1 2 7 1 2 7 0 2 11 0 2 3 0 2 7 0 2 7 17 18 2 16 6 2 0 2 7 1 2 3 16 6 2 1 2 7 0 2 11 1 2 7 1 2 7 5 31 3 1 2 7 0 2 7 0 2 7 0 2 7 0 2 7 0 2 7 0 2 7 16 31 2 1 2 4 0 2 7 5 31 3 5 30 3 1 2 7 0 2 7 1 2 3 12 16 2 0 2 7 0 2 7 0 2 11 0 2 7 17 18 2 0 2 7 0 2 7 16 19 11 5 30 3 0 2 7 1 2 7 0 2 7 0 2 7 0 2 7 0 2 7 6 2 7 17 9 2 0 2 7 1 2 3 0 61.7099135518074036
5 30 3 12 16 2 5 30 3 12 16 2 5 30 3 1 2 7 1 2 7 16 20 12 1 2 4 8 18 2 0 2 8 8 18 2 8 9 2 1 2 8 0 2 7 8 9 2 17 9 2 1 2 8 1 2 7 1 2 4 1 2 8 1 2 7 1 2 8 0 2 7 1 2 7 17 9 2 17 9 2 0 2 8 17 9 2 0 2 8 0 2 4 1 2 7 0 2 8 16 18 8 0 2 8 0 2 8 0 2 7 1 2 8 0 2 4 0 2 7 0 2 8 0 2 8 6 2 7 0 2 4 8 9 2 16 18 8 0 2 8 8 9 2 1 2 7 1 2 8 0 2 8 1 2 7 5 31 3 0 2 8 1 2 7 0 2 7 0 2 7 0 2 8 1 2 8 0 2 7 0.00272960213871914752 64.0249462723731995
5 30 3 5 31 3 12 16 2 5 31 3 12 16 2 8 9 2 1 2 7 1 2 7 16 6 2 0 2 4 0 2 3 0 2 7 16 30 2 0 2 4 16 6 2 1 2 4 1 2 3 5 31 3 0 2 7 1 2 7 0 2 3 16 6 2 0 2 7 0 2 7 0 2 7 0 2 3 12 16 2 0 2 4 0 2 7 17 18 2 6 2 3 0 2 7 1 2 7 0 2 7 0 2 3 0 2 7 0 2 7 5 30 3 0 2 11 1 2 7 0 2 3 0 2 7 0 2 3 1 2 7 0 2 7 1 2 7 0 2 7 1 2 3 1 2 7 0 2 7 1 2 4 1 2 7 6 2 7 16 6 2 0 2 7 0 2 7 5 31 3 0 2 7 17 9 2 0 2 3 0 61.8292837738990784

Current Evaluation = 8100(8100)
Front Size = 10
1 2 7 1 2 7 5 31 3 13 6 3 1 2 7 17 9 2 1 2 7 1 2 4 5 30 3 0 2 7 0 2 7 0 2 7 0 2 7 5 30 3 0 2 7 0 2 7 1 2 7 0 2 4 1 2 7 0 2 7 0 2 7 1 2 7 0 2 7 12 16 2 12 16 2 1 2 7 1 2 7 1 2 7 0 2 7 0 2 7 0 2 7 0 2 7 0 2 7 1 2 7 0 2 4 0 2 7 5 30 3 0 2 7 0 2 3 0 2 7 16 30 2 0 2 4 0 2 7 0 2 7 5 31 3 17 9 2 17 9 2 13 6 3 1 2 7 1 2 7 17 9 2 0 2 7 0 2 7 5 31 3 16 6 2 0 2 7 1 2 7 0 2 7 1 2 7 17 18 2 0 60.4122065305709839
0 2 4 1 2 3 5 30 3 17 9 2 5 31 3 1 2 3 1 2 4 1 2 3 5 31 3 0 2 3 0 2 3 0 2 7 0 2 3 0 2 4 12 16 2 0 2 11 0 2 3 0 2 7 1 2 7 0 2 7 17 9 2 0 2 7 0 2 7 0 2 7 6 2 7 0 2 7 1 2 7 1 2 7 0 2 7 1 2 7 1 2 7 0 2 7 1 2 7 16 24 2 0 2 7 0 2 3 0 2 7 0 2 7 0 2 7 8 18 2 17 9 2 16 6 2 1 2 7 13 6 3 17 9 2 5 30 3 5 30 3 12 16 2 0 2 3 16 6 2 0 2 3 1 2 7 1 2 3 0 2 7 0 2 7 1 2 7 1 2 7 0 2 7 1 2 4 0 2 7 0 61.4154908061027527
0 2 7 0 2 7 5 30 3 0 2 7 1 2 7 5 30 3 0 2 7 0 2 7 0 2 7 1 2 7 5 30 3 0 2 7 0 2 7 0 2 7 16 6 2 0 2 7 12 16 2 12 16 2 0 2 3 0 2 7 0 2 7 1 2 3 0 2 7 17 9 2 16 6 2 0 2 7 5 31 3 5 31 3 5 30 3 1 2 3 0 2 7 16 31 2 8 9 2 1 2 7 1 2 3 16 6 2 0 2 3 0 2 7 16 6 2 16 19 11 0 2 7 5 30 3 0 2 3 1 2 3 1 2 7 0 2 7 0 2 7 15 2 11 1 2 7 1 2 7 0 2 7 0 2 3 0 2 3 1 2 7 0 2 7 5 30 3 0 2 7 0 2 7 0 2 7 0 2 7 0 62.4348182678222656
0 2 7 0 2 4 5 30 3 17 9 2 5 30 3 0 2 7 1 2 7 0 2 7 5 30 3 0 2 7 1 2 7 0 2 7 0 2 7 0 2 7 12 16 2 12 16 2 0 2 7 0 2 7 0 2 7 0 2 11 0 2 7 1 2 10 8 18 2 17 9 2 1 2 11 0 2 7 0 2 7 0 2 7 0 2 7 1 2 3 0 2 7 0 2 7 1 2 7 1 2 7 0 2 3 1 2 4 1 2 7 5 31 3 0 2 7 12 16 2 0 2 7 16 19 11 0 2 4 0 2 7 0 2 4 1 2 4 1 2 4 17 18 2 17 9 2 0 2 7 17 9 2 16 6 2 1 2 11 13 6 3 8 9 2 5 30 3 5 30 3 1 2 11 1 2 4 0 2 4 0 61.84287428855896
5 31 3 5 31 3 12 16 2 5 30 3 12 16 2 17 9 2 0 2 7 6 2 7 0 2 7 0 2 7 0 2 7 1 2 4 1 2 7 5 30 3 1 2 4 0 2 7 1 2 7 1 2 4 0 2 7 0 2 7 1 2 7 1 2 7 0 2 7 0 2 7 16 6 2 0 2 7 1 2 7 0 2 7 1 2 4 0 2 11 0 2 7 0 2 7 0 2 7 0 2 4 0 2 7 12 16 2 0 2 7 1 2 7 0 2 7 0 2 7 0 2 7 0 2 7 8 9 2 1 2 7 0 2 7 5 31 3 17 1 2 0 2 7 17 18 2 16 6 2 1 2 7 1 2 7 0 2 7 8 18 2 0 2 7 0 2 7 17 18 2 17 18 2 1 2 4 1 2 7 0 61.029223620891571
8 9 2 16 18 8 1 2 8 5 30 3 0 2 8 12 16 2 8 18 2 0 2 8 8 18 2 5 30 3 8 9 2 1 2 8 1 2 8 8 9 2 0 2 8 1 2 8 8 18 2 16 15 2 1 2 8 8 18 2 1 2 8 0 2 8 0 2 8 12 16 2 1 2 8 16 15 2 0 2 8 8 9 2 0 2 8 8 18 2 0 2 8 0 2 8 16 18 8 0 2 8 0 2 8 0 2 8 1 2 8 16 19 12 0 2 8 0 2 8 0 2 8 0 2 8 1 2 8 8 9 2 16 18 8 0 2 8 5 30 3 8 9 2 1 2 8 1 2 8 0 2 8 5 30 3 0 2 8 0 2 8 1 2 8 16 19 12 0 2 8 0 2 8 1 2 8 0 2 8 0.00497754522830231617 67.8209588527679443
5 30 3 12 16 2 5 30 3 12 16 2 5 30 3 8 9 2 16 18 8 1 2 8 0 2 8 8 18 2 0 2 8 8 18 2 17 9 2 0 2 4 1 2 8 8 9 2 0 2 8 1 2 7 0 2 7 16 6 2 1 2 8 1 2 7 0 2 7 0 2 8 0 2 7 1 2 8 16 15 2 17 9 2 8 9 2 0 2 4 1 2 7 0 2 8 1 2 4 16 18 8 0 2 4 0 2 8 1 2 3 1 2 7 16 19 12 1 2 7 0 2 7 0 2 7 0 2 8 1 2 8 0 2 4 0 2 7 0 2 7 0 2 7 1 2 8 1 2 8 0 2 8 0 2 4 0 2 8 0 2 7 0 2 7 16 19 12 0 2 8 0 2 8 1 2 8 0 2 8 0.0202789465917067382 64.3151741027832031
1 2 7 5 30 3 17 9 2 5 30 3 0 2 7 0 2 4 0 2 3 5 30 3 0 2 7 1 2 7 0 2 7 0 2 7 1 2 3 12 16 2 1 2 7 0 2 11 0 2 7 0 2 7 0 2 7 0 2 7 0 2 7 0 2 7 0 2 7 1 2 3 0 2 3 0 2 7 1 2 7 1 2 11 1 2 3 1 2 7 5 31 3 0 2 7 1 2 7 17 9 2 1 2 7 0 2 4 16 6 2 8 9 2 5 30 3 5 30 3 0 2 7 16 30 2 0 2 7 16 30 2 17 9 2 0 2 7 0 2 11 0 2 7 0 2 7 0 2 3 1 2 7 1 2 11 17 18 2 0 2 7 1 2 7 1 2 7 13 6 3 5 31 3 0 2 4 0 2 7 0 61.520000696182251
0 2 7 12 16 2 5 30 3 12 16 2 5 30 3 0 2 7 0 2 7 0 2 7 0 2 7 0 2 4 0 2 3 0 2 3 16 30 2 0 2 7 0 2 7 5 30 3 0 2 7 0 2 7 0 2 3 5 30 3 0 2 7 1 2 3 16 19 11 16 6 2 1 2 7 0 2 7 16 19 11 0 2 7 1 2 3 0 2 7 5 31 3 0 2 7 0 2 3 5 30 3 0 2 3 16 6 2 0 2 3 1 2 3 0 2 7 1 2 3 1 2 7 0 2 7 0 2 3 0 2 3 0 2 3 5 30 3 0 2 7 0 2 7 0 2 3 1 2 3 5 31 3 0 2 3 0 2 3 0 2 7 0 2 7 16 19 11 0 2 7 1 2 7 0 2 3 16 19 11 0 64.1864563226699829
0 2 3 12 16 2 5 30 3 12 16 2 5 30 3 5 30 3 0 2 7 0 2 3 0 2 3 0 2 7 16 6 2 8 18 2 0 2 7 0 2 3 1 2 3 0 2 3 12 16 2 0 2 3 0 2 3 0 2 3 5 30 3 0 2 7 5 30 3 0 2 3 0 2 3 0 2 7 16 19 11 0 2 3 0 2 3 8 18 2 1 2 4 1 2 7 0 2 3 12 16 2 0 2 4 0 2 3 1 2 7 16 6 2 1 2 7 0 2 3 0 2 3 16 6 2 0 2 7 8 9 2 0 2 3 1 2 7 0 2 7 0 2 7 16 6 2 5 30 3 1 2 7 0 2 7 5 30 3 16 19 11 1 2 3 16 19 12 0 2 11 1 2 7 0 2 3 0 2 3 0 64.2425854206085205

Current Evaluation = 9000(9000)
Front Size = 10
1 2 7 1 2 7 5 31 3 13 6 3 1 2 7 17 9 2 1 2 7 1 2 7 15 2 11 0 2 7 0 2 7 0 2 7 0 2 7 5 30 3 0 2 7 0 2 7 1 2 7 0 2 7 1 2 7 0 2 7 0 2 7 1 2 7 0 2 7 12 16 2 12 16 2 1 2 7 1 2 7 1 2 7 0 2 7 0 2 7 0 2 7 0 2 7 0 2 7 1 2 7 0 2 7 0 2 7 5 30 3 0 2 7 0 2 7 0 2 7 16 6 2 0 2 7 0 2 7 1 2 7 5 31 3 17 9 2 17 9 2 13 6 3 1 2 7 1 2 7 17 9 2 0 2 7 0 2 4 5 31 3 16 6 2 0 2 7 1 2 3 0 2 7 1 2 7 17 18 2 0 60.3266334533691406
5 30 3 12 16 2 17 18 2 5 30 3 12 16 2 5 30 3 16 6 2 0 2 4 16 6 2 1 2 3 1 2 7 1 2 7 1 2 3 0 2 7 0 2 7 0 2 3 1 2 3 16 6 2 1 2 3 16 19 12 1 2 7 0 2 3 0 2 3 0 2 3 5 31 3 0 2 3 5 30 3 0 2 7 8 18 2 1 2 3 8 9 2 1 2 3 16 18 8 1 2 3 0 2 7 1 2 7 0 2 7 0 2 7 0 2 7 0 2 7 0 2 3 1 2 3 0 2 3 0 2 7 16 6 2 0 2 3 0 2 3 5 30 3 0 2 7 0 2 3 0 2 3 1 2 3 0 2 7 0 2 3 1 2 3 0 2 7 0 2 7 0 2 7 0 2 7 0 2 3 0 63.3689206838607788
15 2 11 17 9 2 0 2 7 5 30 3 12 16 2 0 2 3 16 15 2 0 2 7 0 2 3 6 2 3 1 2 7 5 31 3 0 2 3 0 2 7 1 2 7 1 2 7 0 2 3 0 2 7 0 2 7 1 2 7 1 2 7 0 2 7 1 2 7 0 2 7 17 9 2 5 30 3 0 2 4 1 2 7 1 2 7 0 2 7 0 2 4 1 2 7 0 2 7 1 2 7 0 2 4 5 30 3 0 2 7 16 30 2 16 31 2 0 2 3 0 2 7 0 2 7 1 2 7 0 2 7 0 2 3 0 2 7 0 2 7 0 2 7 16 31 2 0 2 7 0 2 7 1 2 3 17 18 2 1 2 3 0 2 7 5 30 3 1 2 3 5 30 3 1 2 7 0 2 7 0 61.629732608795166
1 2 7 1 2 3 5 30 3 0 2 7 0 2 4 1 2 7 0 2 3 0 2 11 0 2 7 0 2 7 0 2 7 12 16 2 0 2 7 0 2 3 0 2 7 0 2 3 0 2 7 0 2 7 1 2 7 1 2 4 0 2 7 0 2 3 0 2 7 0 2 7 8 18 2 16 6 2 5 30 3 12 16 2 0 2 7 16 6 2 1 2 7 6 2 7 1 2 7 8 18 2 5 31 3 5 30 3 0 2 11 17 9 2 12 16 2 0 2 7 0 2 7 16 6 2 17 18 2 0 2 7 16 6 2 0 2 7 0 2 4 8 9 2 5 30 3 1 2 7 16 19 11 0 2 11 5 30 3 5 31 3 0 2 11 1 2 4 0 2 7 1 2 7 12 16 2 0 2 3 0 62.6996145844459534
0 2 4 1 2 7 5 30 3 17 9 2 5 31 3 1 2 3 1 2 7 1 2 3 5 31 3 0 2 3 0 2 3 0 2 7 0 2 7 0 2 7 12 16 2 0 2 7 0 2 7 0 2 7 1 2 3 0 2 7 17 9 2 0 2 7 0 2 7 0 2 7 0 2 7 0 2 4 1 2 7 1 2 3 0 2 7 1 2 7 1 2 7 0 2 7 1 2 7 16 24 2 0 2 7 0 2 3 0 2 7 1 2 7 0 2 3 8 18 2 17 9 2 16 6 2 1 2 7 13 6 3 17 9 2 5 30 3 1 2 7 12 16 2 0 2 3 16 6 2 0 2 3 1 2 4 1 2 4 0 2 3 0 2 7 1 2 7 1 2 3 0 2 7 1 2 7 0 2 7 0 61.1784027814865112
0 2 3 12 16 2 5 30 3 12 16 2 5 30 3 5 30 3 0 2 7 0 2 3 0 2 3 0 2 7 16 6 2 8 18 2 0 2 7 0 2 3 1 2 3 0 2 3 12 16 2 0 2 3 0 2 3 0 2 3 5 30 3 0 2 7 5 30 3 0 2 3 0 2 3 0 2 7 16 19 11 0 2 3 0 2 3 8 18 2 1 2 4 1 2 7 0 2 3 12 16 2 0 2 4 0 2 3 1 2 7 16 6 2 1 2 7 0 2 3 0 2 3 16 6 2 0 2 7 8 9 2 0 2 3 1 2 7 0 2 7 0 2 7 16 6 2 5 30 3 1 2 7 0 2 7 5 30 3 16 19 11 1 2 3 16 19 12 0 2 11 1 2 7 0 2 3 0 2 3 0 64.2425854206085205
12 16 2 0 2 7 5 31 3 1 2 7 0 2 11 1 2 7 5 31 3 1 2 7 1 2 7 0 2 7 0 2 7 17 18 2 0 2 7 13 6 3 0 2 7 1 2 7 0 2 7 0 2 7 0 2 7 0 2 7 16 6 2 0 2 7 0 2 7 1 2 4 0 2 7 0 2 4 0 2 7 5 30 3 1 2 7 17 9 2 0 2 7 1 2 4 0 2 7 0 2 4 0 2 7 1 2 7 0 2 7 1 2 7 0 2 7 1 2 7 17 9 2 6 2 7 1 2 7 0 2 7 15 2 11 13 6 3 1 2 7 17 18 2 0 2 4 17 18 2 12 16 2 1 2 4 5 30 3 0 2 4 5 30 3 0 2 7 1 2 7 5 30 3 0 2 7 17 18 2 0 60.547233521938324
12 16 2 12 16 2 1 2 7 16 6 2 0 2 4 1 2 7 16 19 11 5 30 3 1 2 7 0 2 7 1 2 4 8 9 2 0 2 7 0 2 7 0 2 7 0 2 7 0 2 7 0 2 7 0 2 7 0 2 7 0 2 7 0 2 7 1 2 7 12 16 2 1 2 7 1 2 4 0 2 7 16 6 2 1 2 7 0 2 7 0 2 7 0 2 7 0 2 7 0 2 7 0 2 7 17 9 2 8 9 2 0 2 7 0 2 7 0 2 7 0 2 4 0 2 4 12 16 2 12 16 2 0 2 7 1 2 7 1 2 4 1 2 4 5 31 3 1 2 7 17 18 2 0 2 7 5 31 3 16 6 2 16 6 2 0 2 7 5 31 3 12 16 2 5 31 3 8 18 2 0 61.7092373371124268
5 30 3 12 16 2 17 18 2 5 30 3 12 16 2 16 30 2 0 2 7 16 6 2 0 2 7 6 2 3 0 2 7 1 2 3 6 2 7 0 2 3 5 31 3 0 2 3 0 2 7 0 2 3 0 2 7 1 2 3 0 2 10 0 2 7 0 2 3 0 2 3 0 2 7 1 2 4 0 2 7 0 2 7 0 2 7 8 9 2 5 30 3 17 9 2 16 19 11 16 15 2 0 2 7 8 9 2 0 2 7 0 2 7 0 2 7 1 2 7 0 2 7 1 2 3 0 2 7 0 2 3 0 2 3 5 30 3 1 2 7 0 2 7 0 2 7 6 2 7 16 6 2 5 30 3 0 2 7 5 30 3 0 2 7 5 31 3 1 2 7 1 2 7 1 2 7 0 2 7 0 62.7464054822921753
0 2 4 1 2 7 5 30 3 1 2 3 1 2 7 1 2 3 0 2 3 0 2 3 0 2 7 0 2 7 0 2 7 12 16 2 0 2 7 0 2 7 0 2 7 0 2 7 0 2 7 0 2 7 1 2 7 1 2 7 1 2 7 1 2 7 0 2 3 0 2 3 8 18 2 16 6 2 5 30 3 12 16 2 0 2 3 16 6 2 0 2 3 1 2 4 0 2 3 0 2 3 16 19 12 0 2 3 1 2 3 0 2 3 0 2 7 0 2 3 0 2 3 1 2 3 0 2 7 0 2 3 16 6 2 0 2 7 0 2 3 1 2 7 17 9 2 5 30 3 13 6 3 17 9 2 1 2 7 1 2 4 5 30 3 0 2 3 5 30 3 0 2 11 1 2 7 0 2 3 0.000405467954898093552 62.5359207391738892

Current Evaluation = 9900(9900)
Front Size = 10
12 16 2 1 2 7 5 31 3 1 2 7 1 2 4 5 31 3 1 2 7 1 2 7 0 2 7 17 18 2 0 2 7 13 6 3 0 2 7 1 2 7 0 2 7 0 2 7 0 2 7 0 2 7 16 6 2 0 2 7 0 2 7 0 2 7 0 2 7 0 2 4 5 30 3 1 2 7 17 9 2 0 2 7 0 2 7 1 2 7 0 2 7 1 2 7 0 2 4 1 2 7 17 9 2 6 2 7 1 2 7 1 2 7 1 2 7 1 2 7 0 2 7 0 2 7 0 2 7 0 2 4 5 31 3 17 9 2 1 2 7 0 2 7 0 2 3 13 6 3 0 2 7 0 2 7 0 2 7 5 30 3 0 2 7 1 2 7 17 9 2 1 2 7 1 2 7 17 18 2 0 60.0775706171989441
5 30 3 12 16 2 17 18 2 5 30 3 12 16 2 16 30 2 0 2 7 16 6 2 0 2 7 6 2 3 0 2 7 1 2 3 6 2 7 0 2 3 5 31 3 0 2 3 0 2 7 0 2 3 0 2 7 1 2 3 0 2 10 0 2 7 0 2 3 0 2 3 0 2 7 1 2 4 0 2 7 0 2 7 0 2 7 8 9 2 5 30 3 17 9 2 16 19 11 16 15 2 0 2 7 8 9 2 0 2 7 0 2 7 0 2 7 1 2 7 0 2 7 1 2 3 0 2 7 0 2 3 0 2 3 5 30 3 1 2 7 0 2 7 0 2 7 6 2 7 16 6 2 5 30 3 0 2 7 5 30 3 0 2 7 5 31 3 1 2 7 1 2 7 1 2 7 0 2 7 0 62.7464054822921753
12 16 2 5 31 3 1 2 4 0 2 4 5 31 3 1 2 4 17 18 2 0 2 7 0 2 4 17 18 2 6 2 4 0 2 4 1 2 7 0 2 7 1 2 7 0 2 4 0 2 7 16 6 2 0 2 4 0 2 7 0 2 4 0 2 7 1 2 7 5 31 3 1 2 7 17 9 2 0 2 7 0 2 7 0 2 7 1 2 7 0 2 7 1 2 7 0 2 4 0 2 7 1 2 7 12 16 2 0 2 7 0 2 7 0 2 7 1 2 7 0 2 7 1 2 7 8 18 2 1 2 4 12 16 2 1 2 4 13 6 3 0 2 7 5 31 3 1 2 7 12 16 2 0 2 7 17 9 2 12 16 2 0 2 7 16 6 2 0 2 4 1 2 7 1 2 7 17 18 2 0 60.6511556506156921
12 16 2 5 30 3 0 2 7 5 31 3 17 18 2 0 2 7 1 2 7 17 18 2 0 2 4 1 2 7 0 2 7 0 2 7 0 2 7 5 30 3 16 6 2 0 2 3 1 2 7 0 2 7 0 2 7 0 2 7 1 2 11 17 9 2 1 2 3 0 2 7 0 2 7 0 2 7 0 2 7 1 2 7 0 2 4 0 2 7 1 2 7 12 16 2 0 2 4 0 2 7 0 2 7 0 2 7 0 2 7 1 2 3 8 18 2 13 6 3 0 2 7 1 2 7 1 2 7 17 9 2 16 6 2 1 2 3 1 2 4 16 31 2 1 2 7 1 2 7 5 31 3 1 2 7 1 2 4 0 2 3 12 16 2 1 2 7 0 2 7 0 2 3 1 2 7 0 2 7 0 60.8288675546646118
8 18 2 0 2 7 5 31 3 12 16 2 0 2 11 1 2 7 0 2 7 5 31 3 1 2 7 0 2 7 0 2 7 0 2 7 0 2 7 0 2 7 1 2 7 0 2 7 5 30 3 0 2 7 13 6 3 0 2 7 0 2 7 0 2 7 5 31 3 1 2 7 0 2 7 0 2 7 0 2 7 17 9 2 0 2 7 1 2 11 17 9 2 16 19 11 16 6 2 12 16 2 12 16 2 0 2 7 1 2 7 0 2 7 1 2 7 5 30 3 0 2 7 1 2 7 8 18 2 0 2 7 12 16 2 8 18 2 0 2 7 1 2 7 0 2 7 12 16 2 12 16 2 1 2 7 1 2 7 0 2 7 0 2 7 16 6 2 0 2 7 1 2 7 16 6 2 16 6 2 0 61.5859671831130981
17 9 2 0 2 7 5 30 3 5 31 3 0 2 7 0 2 7 0 2 7 1 2 7 5 31 3 0 2 7 0 2 7 1 2 7 1 2 7 0 2 11 0 2 7 1 2 7 1 2 7 0 2 7 1 2 7 0 2 7 5 30 3 0 2 7 1 2 7 0 2 4 6 2 11 6 2 7 0 2 7 1 2 7 16 30 2 0 2 7 0 2 7 0 2 7 0 2 7 0 2 7 0 2 4 0 2 11 0 2 7 0 2 7 17 18 2 1 2 7 0 2 7 0 2 7 0 2 11 6 2 11 12 16 2 0 2 7 0 2 7 17 9 2 1 2 7 0 2 7 6 2 7 12 16 2 0 2 7 16 30 2 1 2 7 5 31 3 16 30 2 5 31 3 5 30 3 5 31 3 0 61.9601650238037109
0 2 3 12 16 2 5 30 3 12 16 2 5 30 3 5 30 3 0 2 7 0 2 3 0 2 3 0 2 7 16 6 2 8 18 2 0 2 7 0 2 3 1 2 3 0 2 3 12 16 2 0 2 3 0 2 3 0 2 3 5 30 3 0 2 7 5 30 3 0 2 3 0 2 3 0 2 7 16 19 11 0 2 3 0 2 3 8 18 2 1 2 4 1 2 7 0 2 3 12 16 2 0 2 4 0 2 3 1 2 7 16 6 2 1 2 7 0 2 3 0 2 3 16 6 2 0 2 7 8 9 2 0 2 3 1 2 7 0 2 7 0 2 7 16 6 2 5 30 3 1 2 7 0 2 7 5 30 3 16 19 11 1 2 3 16 19 12 0 2 11 1 2 7 0 2 3 0 2 3 0 64.2425854206085205
17 9 2 0 2 4 5 30 3 5 31 3 0 2 7 1 2 7 0 2 7 1 2 7 5 31 3 0 2 7 0 2 7 6 2 7 1 2 4 13 6 3 1 2 7 1 2 7 0 2 7 1 2 7 0 2 7 0 2 7 1 2 7 0 2 7 0 2 7 0 2 7 0 2 7 0 2 7 0 2 7 0 2 7 6 2 7 1 2 4 0 2 7 0 2 7 17 18 2 0 2 10 0 2 7 12 16 2 1 2 7 0 2 7 0 2 7 12 16 2 0 2 7 5 31 3 5 31 3 0 2 4 5 30 3 12 16 2 12 16 2 12 16 2 12 16 2 8 9 2 0 2 7 0 2 4 17 9 2 16 6 2 1 2 4 16 6 2 16 19 11 0 2 4 16 6 2 0 2 7 0 61.6415603160858154
17 9 2 0 2 4 5 30 3 12 16 2 0 2 7 0 2 7 0 2 7 1 2 11 5 31 3 1 2 7 0 2 3 1 2 11 1 2 7 1 2 7 0 2 7 0 2 7 1 2 3 1 2 3 0 2 4 1 2 7 0 2 7 5 31 3 0 2 7 1 2 3 0 2 7 0 2 3 0 2 7 0 2 7 0 2 4 0 2 4 5 31 3 0 2 7 6 2 7 0 2 7 0 2 7 0 2 7 0 2 7 0 2 4 0 2 3 6 2 7 0 2 7 1 2 7 17 18 2 5 30 3 16 19 11 16 6 2 12 16 2 12 16 2 16 6 2 16 30 2 0 2 7 1 2 7 16 30 2 0 2 7 5 31 3 0 2 7 1 2 7 8 9 2 0 2 7 12 16 2 0 62.0777065753936768
0 2 3 1 2 7 5 31 3 17 9 2 5 31 3 1 2 7 1 2 7 1 2 3 5 31 3 0 2 7 0 2 3 0 2 7 0 2 7 0 2 7 12 16 2 0 2 7 1 2 7 0 2 7 1 2 7 0 2 7 17 9 2 0 2 7 0 2 7 0 2 7 0 2 7 0 2 7 1 2 7 1 2 3 0 2 7 1 2 7 0 2 7 0 2 7 1 2 7 16 24 2 0 2 7 0 2 7 0 2 7 1 2 7 0 2 7 17 18 2 17 9 2 16 6 2 1 2 7 13 6 3 8 9 2 5 30 3 1 2 7 12 16 2 0 2 7 16 6 2 0 2 3 1 2 7 1 2 4 0 2 3 0 2 7 1 2 7 1 2 3 0 2 7 1 2 7 0 2 7 0 60.838681697845459

Current Evaluation = 10800(10800)
Front Size = 10
12 16 2 1 2 7 5 31 3 1 2 7 1 2 4 5 31 3 1 2 7 1 2 7 0 2 7 17 18 2 0 2 7 13 6 3 0 2 7 1 2 7 0 2 7 0 2 7 0 2 7 0 2 7 16 6 2 0 2 7 0 2 7 0 2 7 0 2 7 0 2 4 5 30 3 1 2 7 17 9 2 0 2 7 0 2 7 1 2 7 0 2 7 1 2 7 0 2 4 1 2 7 17 9 2 6 2 7 1 2 7 1 2 7 1 2 7 1 2 7 0 2 7 0 2 7 0 2 7 0 2 4 5 31 3 17 9 2 1 2 7 0 2 7 0 2 3 13 6 3 0 2 7 0 2 7 0 2 7 5 30 3 0 2 7 1 2 7 17 9 2 1 2 7 1 2 7 17 18 2 0 60.0775706171989441
12 16 2 5 30 3 0 2 7 5 31 3 0 2 7 1 2 7 0 2 7 0 2 7 0 2 7 0 2 7 5 30 3 16 6 2 0 2 3 1 2 7 0 2 7 1 2 7 0 2 7 17 9 2 0 2 7 0 2 7 1 2 7 0 2 7 1 2 7 0 2 7 1 2 7 1 2 7 0 2 7 1 2 7 0 2 7 0 2 7 17 18 2 13 6 3 1 2 11 1 2 7 0 2 7 5 31 3 16 6 2 1 2 7 0 2 7 5 31 3 5 30 3 1 2 7 0 2 7 13 6 3 0 2 7 1 2 7 17 18 2 12 16 2 0 2 3 17 18 2 0 2 7 0 2 7 16 30 2 1 2 7 0 2 7 0 2 3 1 2 3 0 2 7 0 2 7 0 2 7 0 60.7585674524307251
12 16 2 5 31 3 1 2 4 0 2 4 5 31 3 1 2 7 17 18 2 0 2 7 0 2 4 17 18 2 0 2 7 0 2 7 1 2 7 0 2 7 1 2 7 1 2 7 0 2 4 16 6 2 0 2 7 0 2 7 0 2 7 0 2 7 13 6 3 5 31 3 1 2 7 17 9 2 0 2 7 0 2 7 0 2 7 1 2 7 0 2 7 1 2 7 0 2 7 0 2 7 1 2 7 12 16 2 0 2 7 0 2 7 0 2 7 1 2 4 0 2 7 1 2 7 8 18 2 1 2 4 12 16 2 1 2 4 13 6 3 0 2 7 5 30 3 1 2 4 12 16 2 0 2 7 17 9 2 12 16 2 0 2 7 16 6 2 0 2 7 1 2 7 1 2 7 17 18 2 0 60.3829444646835327
17 9 2 0 2 7 5 30 3 5 30 3 1 2 7 16 6 2 0 2 7 5 31 3 0 2 7 1 2 7 1 2 7 13 6 3 0 2 7 1 2 7 1 2 4 1 2 7 0 2 7 0 2 4 0 2 4 0 2 7 0 2 4 0 2 7 0 2 4 0 2 7 1 2 7 17 18 2 1 2 7 1 2 7 0 2 7 12 16 2 0 2 4 5 31 3 0 2 7 1 2 7 0 2 7 0 2 7 1 2 7 0 2 7 5 31 3 0 2 7 0 2 7 1 2 7 17 9 2 0 2 7 0 2 7 0 2 7 0 2 7 17 9 2 1 2 7 0 2 7 15 2 11 0 2 7 1 2 11 16 30 2 0 2 4 12 16 2 17 9 2 1 2 7 1 2 4 1 2 3 0 60.6130475997924805
17 9 2 0 2 7 5 30 3 5 30 3 0 2 7 16 30 2 0 2 7 1 2 4 5 31 3 0 2 7 0 2 7 1 2 7 13 6 3 0 2 4 1 2 7 0 2 4 1 2 7 0 2 4 0 2 4 1 2 7 0 2 7 0 2 7 0 2 7 0 2 7 1 2 7 0 2 11 1 2 7 0 2 7 0 2 3 1 2 7 17 18 2 0 2 3 0 2 7 1 2 7 0 2 4 0 2 7 12 16 2 0 2 7 0 2 7 5 31 3 12 16 2 0 2 4 17 9 2 16 30 2 16 6 2 1 2 7 0 2 7 1 2 7 17 18 2 1 2 7 1 2 7 12 16 2 12 16 2 1 2 3 1 2 4 5 31 3 8 9 2 0 2 7 1 2 7 0 2 4 0 60.8930357694625854
5 30 3 12 16 2 17 18 2 5 30 3 12 16 2 16 30 2 0 2 7 16 6 2 0 2 7 6 2 3 0 2 7 1 2 3 6 2 7 0 2 3 5 31 3 0 2 3 0 2 7 0 2 3 0 2 7 1 2 3 0 2 10 0 2 7 0 2 3 0 2 3 0 2 7 1 2 4 0 2 7 0 2 7 0 2 7 8 9 2 5 30 3 17 9 2 16 19 11 16 15 2 0 2 7 8 9 2 0 2 7 0 2 7 0 2 7 1 2 7 0 2 7 1 2 3 0 2 7 0 2 3 0 2 3 5 30 3 1 2 7 0 2 7 0 2 7 6 2 7 16 6 2 5 30 3 0 2 7 5 30 3 0 2 7 5 31 3 1 2 7 1 2 7 1 2 7 0 2 7 0 62.7464054822921753
0 2 3 12 16 2 5 30 3 12 16 2 5 30 3 5 30 3 0 2 7 0 2 3 0 2 3 0 2 7 16 6 2 8 18 2 0 2 7 0 2 3 1 2 3 0 2 3 12 16 2 0 2 3 0 2 3 0 2 3 5 30 3 0 2 7 5 30 3 0 2 3 0 2 3 0 2 7 16 19 11 0 2 3 0 2 3 8 18 2 1 2 4 1 2 7 0 2 3 12 16 2 0 2 4 0 2 3 1 2 7 16 6 2 1 2 7 0 2 3 0 2 3 16 6 2 0 2 7 8 9 2 0 2 3 1 2 7 0 2 7 0 2 7 16 6 2 5 30 3 1 2 7 0 2 7 5 30 3 16 19 11 1 2 3 16 19 12 0 2 11 1 2 7 0 2 3 0 2 3 0 64.2425854206085205
17 9 2 0 2 7 5 30 3 5 31 3 0 2 7 0 2 7 0 2 7 1 2 7 5 31 3 0 2 7 0 2 7 1 2 7 1 2 7 0 2 11 0 2 7 1 2 7 1 2 7 0 2 7 1 2 7 0 2 7 5 30 3 0 2 7 1 2 7 0 2 4 6 2 11 6 2 7 0 2 7 1 2 7 16 30 2 0 2 7 0 2 7 0 2 7 0 2 7 0 2 7 0 2 4 0 2 11 0 2 7 0 2 7 17 18 2 1 2 7 0 2 7 0 2 7 0 2 11 6 2 11 12 16 2 0 2 7 0 2 7 17 9 2 1 2 7 0 2 7 6 2 7 12 16 2 0 2 7 16 30 2 1 2 7 5 31 3 16 30 2 5 31 3 5 30 3 5 31 3 0 61.9601650238037109
0 2 4 5 31 3 12 16 2 0 2 7 5 31 3 1 2 7 1 2 7 0 2 7 0 2 7 0 2 4 1 2 7 0 2 7 5 30 3 0 2 11 0 2 7 0 2 11 5 30 3 0 2 4 0 2 7 1 2 7 17 1 2 17 9 2 12 16 2 0 2 7 0 2 7 0 2 7 1 2 7 0 2 7 0 2 4 0 2 7 1 2 7 1 2 7 1 2 7 1 2 7 13 6 3 0 2 3 0 2 4 1 2 7 1 2 7 0 2 7 0 2 7 1 2 7 1 2 7 17 18 2 1 2 7 1 2 7 0 2 7 17 18 2 0 2 7 16 30 2 12 16 2 0 2 7 17 18 2 5 30 3 8 9 2 0 2 7 17 9 2 1 2 7 0 2 7 0 2 4 0 60.905221700668335
0 2 7 5 31 3 12 16 2 1 2 7 15 2 11 5 31 3 1 2 4 1 2 7 0 2 7 6 2 4 0 2 7 0 2 4 1 2 7 0 2 7 5 30 3 0 2 7 0 2 7 0 2 4 5 31 3 0 2 4 0 2 7 0 2 7 17 9 2 6 2 7 17 9 2 16 15 2 12 16 2 0 2 7 1 2 4 0 2 7 6 2 7 5 30 3 0 2 7 0 2 4 0 2 7 1 2 7 1 2 7 0 2 7 1 2 7 13 6 3 0 2 4 0 2 7 1 2 7 1 2 7 0 2 4 0 2 7 0 2 7 1 2 7 17 18 2 1 2 7 0 2 7 1 2 7 0 2 4 17 18 2 6 2 1 17 9 2 17 9 2 0 2 4 0 2 7 12 16 2 0 60.9833256602287292

Current Evaluation = 11700(11700)
Front Size = 10
12 16 2 1 2 7 5 31 3 1 2 7 1 2 7 5 31 3 1 2 7 1 2 7 0 2 4 17 18 2 0 2 7 13 6 3 0 2 7 1 2 7 6 2 3 0 2 7 0 2 7 0 2 7 16 6 2 0 2 7 0 2 7 0 2 7 0 2 7 0 2 7 5 30 3 1 2 7 17 9 2 0 2 7 0 2 7 1 2 7 0 2 7 1 2 7 0 2 7 1 2 7 17 9 2 1 2 7 1 2 7 1 2 4 1 2 7 1 2 7 0 2 7 0 2 7 0 2 7 0 2 7 5 31 3 17 9 2 1 2 7 0 2 7 0 2 7 13 6 3 0 2 7 0 2 7 0 2 7 5 30 3 0 2 4 1 2 7 17 9 2 0 2 4 1 2 7 17 18 2 0 60.0775705575942993
17 9 2 6 2 7 5 30 3 0 2 4 1 2 7 5 31 3 1 2 7 5 31 3 1 2 7 13 6 3 1 2 7 1 2 7 1 2 7 1 2 4 0 2 7 0 2 7 0 2 7 0 2 7 1 2 7 0 2 7 0 2 7 1 2 7 17 18 2 0 2 7 0 2 7 12 16 2 0 2 7 1 2 7 5 31 3 12 16 2 1 2 7 0 2 7 0 2 4 17 18 2 0 2 4 0 2 4 1 2 7 0 2 7 0 2 7 0 2 7 13 6 3 0 2 7 0 2 4 0 2 4 0 2 7 0 2 7 12 16 2 17 9 2 17 18 2 16 6 2 1 2 4 0 2 3 0 2 3 1 2 4 17 18 2 0 2 7 1 2 7 1 2 7 1 2 7 1 2 7 0 60.1825236678123474
17 9 2 0 2 7 5 30 3 5 31 3 0 2 7 0 2 7 0 2 7 1 2 7 5 31 3 0 2 7 0 2 7 1 2 7 1 2 7 0 2 11 0 2 7 1 2 7 1 2 7 0 2 7 1 2 7 0 2 7 5 30 3 0 2 7 1 2 7 0 2 4 6 2 11 6 2 7 0 2 7 1 2 7 16 30 2 0 2 7 0 2 7 0 2 7 0 2 7 0 2 7 0 2 4 0 2 11 0 2 7 0 2 7 17 18 2 1 2 7 0 2 7 0 2 7 0 2 11 6 2 11 12 16 2 0 2 7 0 2 7 17 9 2 1 2 7 0 2 7 6 2 7 12 16 2 0 2 7 16 30 2 1 2 7 5 31 3 16 30 2 5 31 3 5 30 3 5 31 3 0 61.9601650238037109
17 9 2 0 2 7 5 30 3 5 31 3 5 31 3 0 2 7 0 2 7 0 2 7 17 9 2 0 2 7 0 2 7 0 2 4 0 2 7 1 2 7 0 2 4 0 2 7 1 2 7 1 2 11 5 30 3 1 2 4 0 2 7 0 2 4 0 2 7 0 2 7 0 2 7 0 2 7 1 2 4 1 2 7 0 2 7 0 2 7 1 2 4 0 2 7 0 2 7 12 16 2 17 9 2 13 6 3 12 16 2 16 6 2 1 2 7 12 16 2 13 6 3 6 2 7 1 2 7 1 2 7 0 2 4 5 30 3 6 2 7 0 2 7 0 2 7 1 2 7 17 9 2 5 31 3 0 2 7 1 2 7 17 9 2 0 2 7 17 9 2 0 2 4 1 2 4 1 2 11 0 60.7509584426879883
5 30 3 12 16 2 17 18 2 5 30 3 12 16 2 16 30 2 0 2 7 16 6 2 0 2 7 6 2 3 0 2 7 1 2 3 6 2 7 0 2 3 5 31 3 0 2 3 0 2 7 0 2 3 0 2 7 1 2 3 0 2 10 0 2 7 0 2 3 0 2 3 0 2 7 1 2 4 0 2 7 0 2 7 0 2 7 8 9 2 5 30 3 17 9 2 16 19 11 16 15 2 0 2 7 8 9 2 0 2 7 0 2 7 0 2 7 1 2 7 0 2 7 1 2 3 0 2 7 0 2 3 0 2 3 5 30 3 1 2 7 0 2 7 0 2 7 6 2 7 16 6 2 5 30 3 0 2 7 5 30 3 0 2 7 5 31 3 1 2 7 1 2 7 1 2 7 0 2 7 0 62.7464054822921753
12 16 2 5 31 3 1 2 4 0 2 4 5 31 3 1 2 7 17 18 2 0 2 7 0 2 4 17 18 2 0 2 7 0 2 7 1 2 7 0 2 7 1 2 7 1 2 7 0 2 4 16 6 2 0 2 7 0 2 7 0 2 7 0 2 7 13 6 3 5 31 3 1 2 7 17 9 2 0 2 7 0 2 7 0 2 7 1 2 7 0 2 7 1 2 7 0 2 7 0 2 7 1 2 7 12 16 2 0 2 7 0 2 7 0 2 7 1 2 4 0 2 7 1 2 7 8 18 2 1 2 4 12 16 2 1 2 4 13 6 3 0 2 7 5 30 3 1 2 4 12 16 2 0 2 7 17 9 2 12 16 2 0 2 7 16 6 2 0 2 7 1 2 7 1 2 7 17 18 2 0 60.3829444646835327
17 9 2 0 2 7 1 2 4 5 30 3 16 30 2 1 2 7 5 31 3 1 2 7 5 31 3 1 2 7 13 6 3 1 2 7 1 2 7 1 2 7 0 2 7 0 2 7 0 2 7 0 2 7 1 2 7 0 2 7 0 2 7 1 2 7 17 18 2 0 2 7 0 2 3 0 2 7 0 2 3 12 16 2 0 2 7 1 2 7 5 31 3 12 16 2 1 2 7 0 2 7 0 2 7 17 18 2 0 2 7 0 2 7 5 30 3 0 2 7 0 2 7 1 2 7 13 6 3 0 2 7 0 2 7 0 2 7 0 2 7 1 2 7 0 2 7 17 18 2 0 2 4 0 2 3 16 30 2 0 2 4 16 6 2 5 30 3 1 2 7 12 16 2 0 2 7 1 2 3 0 60.7113885879516602
0 2 7 5 31 3 12 16 2 1 2 7 5 31 3 1 2 7 0 2 7 0 2 7 0 2 7 1 2 7 0 2 4 5 30 3 0 2 7 0 2 11 1 2 7 0 2 7 0 2 7 17 9 2 17 9 2 12 16 2 0 2 7 0 2 7 0 2 4 1 2 7 0 2 7 0 2 7 1 2 7 0 2 7 1 2 11 13 6 3 0 2 7 0 2 7 1 2 7 0 2 4 0 2 4 0 2 4 13 6 3 0 2 7 1 2 7 0 2 7 12 16 2 1 2 4 0 2 7 16 6 2 0 2 7 1 2 7 1 2 7 1 2 11 5 30 3 0 2 7 17 18 2 17 18 2 1 2 11 17 18 2 6 2 7 5 30 3 1 2 7 1 2 4 17 18 2 8 9 2 0 60.705644428730011
0 2 3 12 16 2 5 30 3 12 16 2 5 30 3 5 30 3 0 2 7 0 2 3 0 2 3 0 2 7 16 6 2 8 18 2 0 2 7 0 2 3 1 2 3 0 2 3 12 16 2 0 2 3 0 2 3 0 2 3 5 30 3 0 2 7 5 30 3 0 2 3 0 2 3 0 2 7 16 19 11 0 2 3 0 2 3 8 18 2 1 2 4 1 2 7 0 2 3 12 16 2 0 2 4 0 2 3 1 2 7 16 6 2 1 2 7 0 2 3 0 2 3 16 6 2 0 2 7 8 9 2 0 2 3 1 2 7 0 2 7 0 2 7 16 6 2 5 30 3 1 2 7 0 2 7 5 30 3 16 19 11 1 2 3 16 19 12 0 2 11 1 2 7 0 2 3 0 2 3 0 64.2425854206085205
12 16 2 5 31 3 1 2 7 0 2 4 5 31 3 1 2 7 17 18 2 0 2 4 0 2 7 17 18 2 0 2 7 0 2 4 1 2 7 0 2 7 1 2 7 0 2 7 0 2 7 0 2 7 0 2 7 13 6 3 5 31 3 5 30 3 17 9 2 0 2 7 1 2 7 1 2 7 1 2 4 0 2 7 1 2 7 12 16 2 0 2 7 0 2 7 0 2 7 1 2 7 1 2 4 12 16 2 13 6 3 0 2 7 1 2 7 0 2 7 17 9 2 0 2 4 1 2 4 17 18 2 1 2 7 1 2 4 1 2 4 1 2 7 12 16 2 12 16 2 16 6 2 0 2 7 0 2 7 0 2 4 0 2 7 0 2 4 0 2 4 17 18 2 0 2 4 1 2 4 0 60.3429305553436279

Current Evaluation = 12600(12600)
Front Size = 10
17 9 2 1 2 7 5 30 3 0 2 7 1 2 7 5 31 3 1 2 7 5 31 3 1 2 7 13 6 3 1 2 7 1 2 7 1 2 7 1 2 7 0 2 7 0 2 7 0 2 7 0 2 7 1 2 4 0 2 7 0 2 7 1 2 7 0 2 7 12 16 2 0 2 7 5 31 3 12 16 2 1 2 7 0 2 7 0 2 7 13 6 3 0 2 4 0 2 7 0 2 7 13 6 3 0 2 7 0 2 4 0 2 7 0 2 7 12 16 2 17 9 2 16 6 2 1 2 7 1 2 7 0 2 7 17 18 2 1 2 7 6 2 7 1 2 7 1 2 7 0 2 7 0 2 7 17 18 2 0 2 4 17 9 2 17 9 2 1 2 7 12 16 2 0 2 7 0 2 7 0 59.938682496547699
17 9 2 5 30 3 0 2 4 1 2 3 5 30 3 1 2 7 5 31 3 13 6 3 0 2 4 1 2 7 1 2 7 1 2 4 0 2 7 0 2 7 0 2 4 0 2 7 0 2 7 1 2 3 1 2 7 1 2 7 0 2 7 12 16 2 0 2 7 12 16 2 0 2 7 1 2 7 0 2 7 0 2 7 13 6 3 0 2 7 0 2 7 0 2 4 12 16 2 17 9 2 16 31 2 0 2 7 17 18 2 0 2 7 1 2 7 1 2 7 0 2 7 17 18 2 1 2 7 1 2 7 5 30 3 17 18 2 0 2 7 0 2 7 17 18 2 0 2 7 0 2 4 13 6 3 1 2 7 1 2 7 0 2 7 1 2 7 0 2 7 1 2 7 1 2 7 12 16 2 0 59.9867334365844727
12 16 2 5 31 3 1 2 7 1 2 7 5 31 3 1 2 4 0 2 7 0 2 4 1 2 7 0 2 7 0 2 7 1 2 7 0 2 7 16 6 2 0 2 4 0 2 7 0 2 7 1 2 4 13 6 3 17 9 2 0 2 4 0 2 7 0 2 7 1 2 7 0 2 4 12 16 2 0 2 7 12 16 2 13 6 3 0 2 7 1 2 4 6 2 3 17 9 2 0 2 4 1 2 7 1 2 7 0 2 7 1 2 7 0 2 7 1 2 7 5 30 3 1 2 4 1 2 7 0 2 4 12 16 2 17 18 2 0 2 7 1 2 7 0 2 4 5 31 3 0 2 7 17 18 2 17 18 2 1 2 7 0 2 4 0 2 7 1 2 7 0 2 7 0 2 7 17 9 2 0 60.2408735752105713
12 16 2 5 31 3 1 2 7 1 2 7 5 30 3 1 2 7 17 18 2 0 2 7 0 2 3 17 18 2 0 2 7 0 2 7 0 2 7 0 2 7 1 2 7 0 2 7 16 6 2 0 2 7 0 2 7 0 2 7 1 2 4 13 6 3 17 9 2 0 2 4 0 2 7 0 2 7 1 2 4 0 2 7 12 16 2 0 2 7 6 2 4 12 16 2 13 6 3 0 2 7 1 2 4 12 16 2 13 6 3 5 30 3 17 9 2 0 2 4 17 18 2 1 2 7 17 18 2 1 2 4 0 2 7 0 2 7 0 2 7 1 2 7 1 2 7 1 2 4 5 31 3 1 2 7 0 2 7 1 2 3 1 2 3 1 2 7 0 2 7 0 2 4 0 2 7 12 16 2 0 60.2567535042762756
17 9 2 5 30 3 0 2 7 1 2 7 5 31 3 1 2 4 1 2 7 13 6 3 1 2 7 1 2 4 1 2 7 1 2 7 0 2 7 0 2 7 0 2 7 0 2 7 1 2 7 0 2 3 0 2 7 1 2 3 0 2 7 0 2 7 12 16 2 0 2 3 12 16 2 0 2 7 0 2 4 0 2 7 0 2 7 0 2 3 0 2 7 13 6 3 1 2 7 0 2 4 0 2 7 0 2 7 12 16 2 17 9 2 1 2 7 17 18 2 1 2 7 1 2 7 1 2 7 1 2 7 0 2 7 0 2 7 17 18 2 1 2 7 1 2 7 0 2 7 0 2 7 12 16 2 5 31 3 0 2 7 16 6 2 1 2 4 1 2 7 13 6 3 17 9 2 17 18 2 0 59.9809155464172363
5 30 3 12 16 2 17 18 2 5 30 3 12 16 2 16 30 2 12 16 2 16 6 2 0 2 3 0 2 7 0 2 7 0 2 7 6 2 7 0 2 7 5 30 3 0 2 7 0 2 7 0 2 3 0 2 7 1 2 7 1 2 7 0 2 7 0 2 3 0 2 7 0 2 7 1 2 7 0 2 3 0 2 7 0 2 7 8 9 2 5 31 3 17 9 2 16 19 11 16 15 2 0 2 7 8 9 2 0 2 3 0 2 7 0 2 7 1 2 7 0 2 7 1 2 7 0 2 7 0 2 7 0 2 10 5 30 3 1 2 7 0 2 7 6 2 7 6 2 4 16 6 2 5 30 3 0 2 7 5 31 3 0 2 7 5 31 3 0 2 7 1 2 7 1 2 7 0 2 7 0 62.4650344252586365
17 9 2 0 2 7 5 30 3 0 2 7 1 2 7 5 30 3 1 2 11 5 31 3 13 6 3 0 2 7 1 2 7 1 2 7 0 2 7 0 2 7 0 2 11 1 2 4 0 2 7 0 2 7 0 2 4 1 2 4 1 2 10 0 2 7 12 16 2 5 30 3 12 16 2 0 2 7 0 2 7 0 2 7 1 2 7 0 2 7 0 2 7 0 2 7 0 2 7 0 2 7 12 16 2 17 9 2 16 30 2 0 2 7 17 18 2 0 2 4 1 2 10 0 2 7 0 2 7 17 9 2 1 2 4 0 2 7 5 30 3 8 9 2 5 30 3 0 2 7 13 6 3 0 2 7 1 2 7 1 2 7 17 9 2 0 2 7 0 2 3 5 30 3 16 19 11 1 2 7 0 61.4680483341217041
12 16 2 5 31 3 1 2 7 1 2 7 5 30 3 17 9 2 0 2 7 0 2 7 0 2 7 1 2 3 0 2 7 1 2 7 0 2 7 16 6 2 1 2 7 0 2 4 0 2 7 1 2 7 13 6 3 17 9 2 0 2 4 0 2 7 0 2 7 1 2 4 0 2 4 12 16 2 0 2 7 12 16 2 13 6 3 0 2 7 1 2 7 12 16 2 17 9 2 0 2 7 1 2 7 1 2 3 0 2 4 1 2 7 1 2 7 0 2 4 5 31 3 1 2 7 1 2 7 1 2 7 12 16 2 0 2 7 0 2 7 17 18 2 0 2 4 13 6 3 5 30 3 17 9 2 0 2 4 0 2 3 1 2 4 17 9 2 0 2 7 6 2 7 0 2 7 0 2 7 0 60.2567535042762756
12 16 2 5 31 3 1 2 7 0 2 7 5 30 3 1 2 7 0 2 7 0 2 7 0 2 7 0 2 4 0 2 7 1 2 7 0 2 4 16 6 2 1 2 4 0 2 7 0 2 7 1 2 7 13 6 3 17 9 2 0 2 4 0 2 7 0 2 7 1 2 4 0 2 7 12 16 2 1 2 7 12 16 2 13 6 3 0 2 7 0 2 7 1 2 7 17 9 2 0 2 7 1 2 7 1 2 7 0 2 10 1 2 4 0 2 7 0 2 4 0 2 4 5 31 3 1 2 7 1 2 7 0 2 7 0 2 4 0 2 4 6 2 7 0 2 4 17 9 2 5 31 3 17 9 2 17 9 2 1 2 4 17 9 2 0 2 4 1 2 4 1 2 7 12 16 2 12 16 2 0 60.373223602771759
0 2 3 12 16 2 5 30 3 12 16 2 5 30 3 5 30 3 0 2 7 0 2 3 0 2 3 0 2 7 16 6 2 8 18 2 0 2 7 0 2 3 1 2 3 0 2 3 12 16 2 0 2 3 0 2 3 0 2 3 5 30 3 0 2 7 5 30 3 0 2 3 0 2 3 0 2 7 16 19 11 0 2 3 0 2 3 8 18 2 1 2 4 1 2 7 0 2 3 12 16 2 0 2 4 0 2 3 1 2 7 16 6 2 1 2 7 0 2 3 0 2 3 16 6 2 0 2 7 8 9 2 0 2 3 1 2 7 0 2 7 0 2 7 16 6 2 5 30 3 1 2 7 0 2 7 5 30 3 16 19 11 1 2 3 16 19 12 0 2 11 1 2 7 0 2 3 0 2 3 0 64.2425854206085205

Current Evaluation = 13500(13500)
Front Size = 10
17 9 2 5 30 3 0 2 7 1 2 7 5 31 3 1 2 4 1 2 7 13 6 3 1 2 7 1 2 4 1 2 7 0 2 7 0 2 7 0 2 7 0 2 7 0 2 7 1 2 7 0 2 7 0 2 7 1 2 7 0 2 7 0 2 7 12 16 2 0 2 7 12 16 2 0 2 7 0 2 4 1 2 7 0 2 7 0 2 7 0 2 7 13 6 3 6 2 7 0 2 4 0 2 7 0 2 7 12 16 2 17 9 2 1 2 7 17 18 2 1 2 7 1 2 7 1 2 7 1 2 7 0 2 7 0 2 7 17 18 2 1 2 7 5 31 3 0 2 7 0 2 7 12 16 2 5 31 3 0 2 7 16 6 2 1 2 7 1 2 7 13 6 3 17 9 2 17 18 2 0 59.938682496547699
17 9 2 5 30 3 0 2 4 1 2 3 5 30 3 1 2 7 5 31 3 13 6 3 0 2 4 1 2 7 1 2 7 1 2 4 0 2 7 0 2 7 0 2 4 0 2 7 0 2 7 1 2 3 1 2 7 1 2 7 0 2 7 12 16 2 0 2 7 12 16 2 0 2 7 1 2 7 0 2 7 0 2 7 13 6 3 0 2 7 0 2 7 0 2 4 12 16 2 17 9 2 16 31 2 0 2 7 17 18 2 0 2 7 1 2 7 1 2 7 0 2 7 17 18 2 1 2 7 1 2 7 5 30 3 17 18 2 0 2 7 0 2 7 17 18 2 0 2 7 0 2 4 13 6 3 1 2 7 1 2 7 0 2 7 1 2 7 0 2 7 1 2 7 1 2 7 12 16 2 0 59.9867334365844727
17 9 2 1 2 7 5 30 3 0 2 7 1 2 4 5 31 3 1 2 7 5 30 3 1 2 4 13 6 3 0 2 7 1 2 7 1 2 4 1 2 4 0 2 7 0 2 7 1 2 7 0 2 4 1 2 4 0 2 7 0 2 7 1 2 7 0 2 7 12 16 2 0 2 4 5 31 3 12 16 2 1 2 4 1 2 7 0 2 7 13 6 3 0 2 7 0 2 7 1 2 4 0 2 7 1 2 7 0 2 7 0 2 4 12 16 2 17 9 2 16 31 2 0 2 7 1 2 7 0 2 7 17 18 2 0 2 7 17 18 2 0 2 7 17 9 2 12 16 2 0 2 7 0 2 7 1 2 7 0 2 4 0 2 7 0 2 7 17 9 2 1 2 7 1 2 4 0 2 7 0 60.1292035579681396
17 9 2 0 2 7 5 30 3 0 2 7 1 2 7 5 30 3 1 2 11 5 31 3 13 6 3 0 2 7 1 2 7 1 2 7 0 2 7 0 2 7 0 2 11 1 2 4 0 2 7 0 2 7 0 2 4 1 2 4 1 2 10 0 2 7 12 16 2 5 30 3 12 16 2 0 2 7 0 2 7 0 2 7 1 2 7 0 2 7 0 2 7 0 2 7 0 2 7 0 2 7 12 16 2 17 9 2 16 30 2 0 2 7 17 18 2 0 2 4 1 2 10 0 2 7 0 2 7 17 9 2 1 2 4 0 2 7 5 30 3 8 9 2 5 30 3 0 2 7 13 6 3 0 2 7 1 2 7 1 2 7 17 9 2 0 2 7 0 2 3 5 30 3 16 19 11 1 2 7 0 61.4680483341217041
5 30 3 12 16 2 17 18 2 5 30 3 12 16 2 16 30 2 12 16 2 16 6 2 0 2 3 0 2 7 0 2 7 0 2 7 6 2 7 0 2 7 5 30 3 0 2 7 0 2 7 0 2 3 0 2 7 1 2 7 1 2 7 0 2 7 0 2 3 0 2 7 0 2 7 1 2 7 0 2 3 0 2 7 0 2 7 8 9 2 5 31 3 17 9 2 16 19 11 16 15 2 0 2 7 8 9 2 0 2 3 0 2 7 0 2 7 1 2 7 0 2 7 1 2 7 0 2 7 0 2 7 0 2 10 5 30 3 1 2 7 0 2 7 6 2 7 6 2 4 16 6 2 5 30 3 0 2 7 5 31 3 0 2 7 5 31 3 0 2 7 1 2 7 1 2 7 0 2 7 0 62.4650344252586365
12 16 2 5 31 3 1 2 3 1 2 7 5 30 3 1 2 7 17 18 2 0 2 7 1 2 7 0 2 3 0 2 4 1 2 7 0 2 7 6 2 7 0 2 7 16 15 2 0 2 7 6 2 7 0 2 4 17 9 2 0 2 3 0 2 7 0 2 7 12 16 2 0 2 7 0 2 7 12 16 2 0 2 4 5 31 3 0 2 7 0 2 7 0 2 7 0 2 7 1 2 7 0 2 7 5 30 3 1 2 7 1 2 4 0 2 3 0 2 7 17 18 2 1 2 7 8 9 2 0 2 7 16 6 2 13 6 3 1 2 7 0 2 4 16 6 2 1 2 3 0 2 7 17 18 2 8 18 2 0 2 3 0 2 4 1 2 7 1 2 7 0 2 4 5 30 3 12 16 2 0 61.323041558265686
12 16 2 5 31 3 1 2 7 1 2 7 5 30 3 17 9 2 0 2 7 0 2 7 0 2 7 1 2 3 0 2 7 1 2 7 0 2 7 16 6 2 1 2 7 0 2 4 0 2 7 1 2 7 13 6 3 17 9 2 0 2 4 0 2 7 0 2 7 1 2 4 0 2 4 12 16 2 0 2 7 12 16 2 13 6 3 0 2 7 1 2 7 12 16 2 17 9 2 0 2 7 1 2 7 1 2 3 0 2 4 1 2 7 1 2 7 0 2 4 5 31 3 1 2 7 1 2 7 1 2 7 12 16 2 0 2 7 0 2 7 17 18 2 0 2 4 13 6 3 5 30 3 17 9 2 0 2 4 0 2 3 1 2 4 17 9 2 0 2 7 6 2 7 0 2 7 0 2 7 0 60.2567535042762756
17 9 2 0 2 7 5 30 3 0 2 7 1 2 7 5 31 3 5 31 3 13 6 3 1 2 7 1 2 7 0 2 7 0 2 7 0 2 7 0 2 4 0 2 7 1 2 4 1 2 7 0 2 7 0 2 4 12 16 2 12 16 2 0 2 7 0 2 7 0 2 7 1 2 3 0 2 7 1 2 7 0 2 7 1 2 4 0 2 7 12 16 2 17 9 2 0 2 7 17 18 2 0 2 7 1 2 4 0 2 7 1 2 7 0 2 7 13 6 3 1 2 7 1 2 7 1 2 7 1 2 7 0 2 7 0 2 7 17 18 2 1 2 7 16 30 2 1 2 3 17 18 2 1 2 7 12 16 2 5 30 3 0 2 7 1 2 7 17 18 2 0 2 7 0 2 4 13 6 3 0 59.9867335557937622
17 9 2 5 30 3 0 2 7 1 2 7 5 30 3 1 2 7 13 6 3 1 2 7 1 2 7 1 2 7 0 2 7 0 2 7 0 2 7 0 2 7 1 2 7 1 2 7 0 2 7 12 16 2 0 2 7 12 16 2 0 2 7 6 2 7 0 2 7 0 2 7 13 6 3 0 2 7 0 2 7 12 16 2 17 9 2 0 2 7 17 18 2 0 2 7 1 2 7 1 2 7 0 2 7 17 18 2 0 2 7 1 2 7 5 30 3 17 18 2 1 2 7 0 2 7 0 2 7 13 6 3 0 2 7 0 2 7 0 2 7 12 16 2 5 31 3 0 2 7 5 30 3 0 2 7 16 6 2 16 15 2 5 30 3 5 30 3 8 9 2 8 9 2 0 2 7 0 2 7 0 60.8588201403617859
17 9 2 0 2 7 5 31 3 0 2 7 0 2 7 5 30 3 5 31 3 13 6 3 0 2 7 1 2 7 0 2 7 0 2 7 0 2 7 1 2 7 0 2 7 0 2 7 8 9 2 0 2 7 12 16 2 5 30 3 12 16 2 0 2 7 0 2 7 0 2 7 1 2 4 0 2 7 0 2 7 0 2 7 0 2 7 0 2 7 12 16 2 17 18 2 0 2 7 17 18 2 1 2 7 0 2 11 0 2 7 13 6 3 1 2 7 1 2 7 1 2 7 1 2 7 0 2 7 1 2 11 1 2 7 16 32 2 1 2 7 17 9 2 1 2 7 1 2 7 5 30 3 1 2 7 1 2 7 0 2 7 1 2 7 0 2 7 12 16 2 0 2 7 17 18 2 16 18 11 0 60.9910324215888977

Current Evaluation = 14400(14400)
Front Size = 10
12 16 2 5 31 3 1 2 7 1 2 7 5 31 3 17 9 2 0 2 7 0 2 7 0 2 7 1 2 7 0 2 7 1 2 4 0 2 7 16 6 2 1 2 7 1 2 7 0 2 7 1 2 7 13 6 3 17 9 2 0 2 4 0 2 7 0 2 7 0 2 7 12 16 2 0 2 4 12 16 2 13 6 3 1 2 7 1 2 7 12 16 2 17 9 2 0 2 7 1 2 7 1 2 7 0 2 7 1 2 7 1 2 7 0 2 7 5 31 3 1 2 7 1 2 7 1 2 7 0 2 7 0 2 7 17 18 2 13 6 3 17 9 2 0 2 7 0 2 7 0 2 7 0 2 7 1 2 7 17 18 2 1 2 7 0 2 7 0 2 7 1 2 7 0 2 7 0 2 7 0 59.7211945056915283
12 16 2 5 31 3 1 2 7 0 2 7 17 9 2 1 2 7 0 2 7 0 2 7 1 2 7 0 2 7 1 2 4 0 2 4 1 2 7 1 2 4 0 2 4 1 2 7 17 18 2 17 9 2 0 2 7 5 31 3 0 2 7 0 2 7 12 16 2 0 2 7 12 16 2 13 6 3 0 2 7 17 9 2 0 2 7 1 2 4 0 2 7 0 2 7 1 2 7 8 18 2 17 9 2 1 2 7 0 2 7 0 2 7 0 2 7 5 30 3 0 2 4 1 2 7 0 2 4 5 30 3 16 6 2 1 2 7 12 16 2 1 2 7 0 2 7 0 2 7 1 2 7 17 9 2 0 2 7 5 30 3 0 2 4 13 6 3 1 2 4 1 2 4 0 2 7 0 2 4 0 60.4693014621734619
17 9 2 1 2 7 5 30 3 1 2 7 13 6 3 1 2 7 13 6 3 0 2 3 1 2 4 6 2 7 0 2 3 0 2 7 0 2 7 12 16 2 1 2 7 0 2 7 12 16 2 12 16 2 1 2 7 1 2 7 13 6 3 0 2 7 1 2 7 1 2 7 0 2 7 1 2 7 0 2 7 0 2 7 12 16 2 17 9 2 16 15 2 0 2 7 17 18 2 0 2 7 0 2 7 0 2 7 1 2 3 17 18 2 0 2 4 0 2 7 0 2 7 0 2 7 5 30 3 0 2 7 5 31 3 17 9 2 0 2 7 0 2 7 0 2 7 1 2 4 8 18 2 1 2 7 5 30 3 0 2 7 1 2 7 1 2 7 1 2 7 0 2 7 0 2 7 17 9 2 0 60.3246694207191467
12 16 2 5 31 3 0 2 7 0 2 7 17 9 2 0 2 7 0 2 7 0 2 7 1 2 4 0 2 7 1 2 7 0 2 7 1 2 7 1 2 7 1 2 7 1 2 7 13 6 3 17 18 2 0 2 7 0 2 4 1 2 3 0 2 7 12 16 2 0 2 7 12 16 2 13 6 3 1 2 7 1 2 7 12 16 2 17 9 2 0 2 7 1 2 7 0 2 7 0 2 7 1 2 7 1 2 7 0 2 7 1 2 7 1 2 3 0 2 7 0 2 7 17 18 2 13 6 3 0 2 7 0 2 7 0 2 4 0 2 4 17 18 2 0 2 7 0 2 3 5 30 3 5 31 3 1 2 7 0 2 7 16 6 2 17 18 2 1 2 4 1 2 7 1 2 7 1 2 3 0 59.9809155464172363
12 16 2 5 31 3 0 2 7 0 2 7 17 9 2 0 2 7 0 2 7 0 2 7 0 2 7 1 2 7 0 2 7 1 2 7 1 2 7 1 2 7 1 2 7 13 6 3 17 18 2 0 2 7 0 2 4 1 2 7 0 2 7 12 16 2 0 2 7 12 16 2 13 6 3 5 31 3 1 2 7 12 16 2 17 9 2 0 2 7 1 2 7 0 2 7 0 2 7 1 2 7 1 2 7 0 2 7 1 2 7 1 2 7 0 2 7 0 2 7 17 18 2 13 6 3 0 2 7 0 2 4 0 2 7 0 2 7 5 30 3 5 31 3 1 2 7 16 6 2 6 2 7 1 2 7 1 2 4 0 2 7 17 18 2 0 2 7 0 2 7 17 18 2 1 2 4 1 2 7 0 59.938682496547699
17 9 2 0 2 7 5 30 3 0 2 7 1 2 7 5 30 3 1 2 11 5 31 3 13 6 3 0 2 7 1 2 7 1 2 7 0 2 7 0 2 7 0 2 11 1 2 4 0 2 7 0 2 7 0 2 4 1 2 4 1 2 10 0 2 7 12 16 2 5 30 3 12 16 2 0 2 7 0 2 7 0 2 7 1 2 7 0 2 7 0 2 7 0 2 7 0 2 7 0 2 7 12 16 2 17 9 2 16 30 2 0 2 7 17 18 2 0 2 4 1 2 10 0 2 7 0 2 7 17 9 2 1 2 4 0 2 7 5 30 3 8 9 2 5 30 3 0 2 7 13 6 3 0 2 7 1 2 7 1 2 7 17 9 2 0 2 7 0 2 3 5 30 3 16 19 11 1 2 7 0 61.4680483341217041
17 9 2 1 2 7 5 31 3 0 2 3 1 2 7 13 6 3 1 2 7 5 30 3 1 2 7 13 6 3 0 2 7 1 2 7 1 2 7 1 2 7 0 2 7 0 2 4 1 2 3 0 2 4 1 2 7 0 2 7 0 2 7 1 2 7 0 2 7 12 16 2 0 2 7 5 31 3 12 16 2 1 2 3 1 2 7 0 2 7 13 6 3 0 2 7 0 2 7 1 2 7 0 2 7 1 2 7 0 2 7 0 2 7 12 16 2 17 9 2 16 6 2 0 2 7 0 2 3 1 2 7 17 18 2 0 2 7 17 18 2 0 2 7 17 9 2 12 16 2 0 2 4 0 2 7 1 2 7 0 2 4 1 2 7 0 2 4 17 9 2 1 2 7 1 2 7 0 2 7 0 59.9809155464172363
17 9 2 5 30 3 0 2 7 1 2 7 1 2 7 13 6 3 0 2 7 1 2 7 1 2 7 0 2 7 0 2 7 0 2 7 0 2 7 1 2 7 1 2 7 0 2 7 12 16 2 0 2 7 12 16 2 0 2 7 0 2 7 0 2 7 13 6 3 0 2 7 0 2 7 12 16 2 17 9 2 0 2 7 17 18 2 16 6 2 1 2 7 8 9 2 0 2 4 17 18 2 1 2 7 0 2 7 0 2 7 0 2 7 1 2 7 13 6 3 0 2 7 0 2 7 0 2 7 12 16 2 5 31 3 16 6 2 1 2 7 0 2 7 5 30 3 5 31 3 17 9 2 1 2 7 0 2 7 1 2 7 5 30 3 5 30 3 1 2 4 1 2 7 0 2 7 0 2 7 0 60.4150662422180176
17 9 2 0 2 7 5 30 3 0 2 3 1 2 7 5 31 3 5 30 3 1 2 7 0 2 3 0 2 7 0 2 7 1 2 7 0 2 7 6 2 7 0 2 7 12 16 2 12 16 2 1 2 3 0 2 7 0 2 3 0 2 7 1 2 7 0 2 7 0 2 7 12 16 2 0 2 7 17 18 2 1 2 7 0 2 7 1 2 7 0 2 7 0 2 7 0 2 7 0 2 7 1 2 3 16 6 2 5 30 3 0 2 7 0 2 7 6 2 7 0 2 3 1 2 7 13 6 3 1 2 7 0 2 7 17 9 2 5 30 3 16 15 2 0 2 7 1 2 7 17 1 2 0 2 7 1 2 7 8 18 2 5 30 3 12 16 2 0 2 3 17 18 2 0 2 3 13 6 3 0 61.470008373260498
17 9 2 0 2 7 5 30 3 1 2 7 1 2 4 13 6 3 1 2 7 13 6 3 0 2 7 1 2 7 1 2 7 0 2 7 0 2 4 0 2 7 12 16 2 1 2 4 1 2 7 0 2 7 12 16 2 5 30 3 12 16 2 1 2 4 0 2 7 0 2 7 13 6 3 0 2 4 1 2 7 0 2 4 0 2 4 1 2 7 0 2 7 0 2 4 12 16 2 17 9 2 16 6 2 0 2 7 17 18 2 0 2 7 12 16 2 0 2 7 0 2 7 0 2 4 0 2 7 17 18 2 0 2 7 0 2 7 0 2 7 1 2 7 1 2 8 5 30 3 5 31 3 0 2 7 1 2 3 17 9 2 17 9 2 1 2 7 5 30 3 0 2 7 1 2 4 8 9 2 0 60.4993813037872314

Current Evaluation = 15300(15300)
Front Size = 10
1 2 4 5 31 3 13 6 3 0 2 7 0 2 7 1 2 7 13 6 3 5 31 3 1 2 7 1 2 7 0 2 7 1 2 7 1 2 7 0 2 7 0 2 7 12 16 2 5 31 3 12 16 2 1 2 7 0 2 7 13 6 3 0 2 7 1 2 7 0 2 7 1 2 7 0 2 7 12 16 2 17 9 2 16 6 2 0 2 7 1 2 7 17 18 2 0 2 7 17 18 2 0 2 7 12 16 2 1 2 7 1 2 7 1 2 7 1 2 7 17 9 2 0 2 7 17 9 2 1 2 7 0 2 7 0 2 7 0 2 7 0 2 7 0 2 7 0 2 7 0 2 7 0 2 7 0 2 7 1 2 7 1 2 7 1 2 4 1 2 4 17 9 2 0 2 7 0 2 7 0 59.7211945056915283
17 9 2 1 2 7 5 31 3 0 2 7 1 2 7 13 6 3 1 2 7 5 31 3 1 2 7 13 6 3 0 2 7 1 2 7 1 2 7 1 2 7 0 2 4 0 2 7 1 2 7 0 2 7 1 2 7 0 2 7 0 2 7 1 2 7 0 2 7 12 16 2 0 2 7 5 31 3 12 16 2 1 2 7 1 2 7 0 2 7 13 6 3 0 2 7 0 2 7 0 2 7 0 2 7 1 2 7 0 2 7 0 2 7 12 16 2 17 9 2 16 6 2 0 2 7 0 2 7 1 2 7 17 18 2 0 2 7 17 18 2 0 2 4 17 9 2 12 16 2 0 2 7 0 2 7 1 2 4 1 2 7 0 2 7 17 18 2 1 2 7 0 2 7 1 2 7 1 2 7 0 59.7211945056915283
17 9 2 0 2 7 5 30 3 1 2 7 1 2 4 13 6 3 1 2 7 13 6 3 0 2 7 1 2 7 1 2 7 0 2 7 0 2 4 0 2 7 12 16 2 1 2 4 1 2 7 0 2 7 12 16 2 5 30 3 12 16 2 1 2 4 0 2 7 0 2 7 13 6 3 0 2 4 1 2 7 0 2 4 0 2 4 1 2 7 0 2 7 0 2 4 12 16 2 17 9 2 16 6 2 0 2 7 17 18 2 0 2 7 12 16 2 0 2 7 0 2 7 0 2 4 0 2 7 17 18 2 0 2 7 0 2 7 0 2 7 1 2 7 1 2 8 5 30 3 5 31 3 0 2 7 1 2 3 17 9 2 17 9 2 1 2 7 5 30 3 0 2 7 1 2 4 8 9 2 0 60.4993813037872314
17 9 2 1 2 7 5 31 3 0 2 3 1 2 7 13 6 3 1 2 7 5 30 3 1 2 7 13 6 3 0 2 7 1 2 7 1 2 7 1 2 7 0 2 7 0 2 4 1 2 3 0 2 4 1 2 7 0 2 7 0 2 7 1 2 7 0 2 7 12 16 2 0 2 7 5 31 3 12 16 2 1 2 3 1 2 7 0 2 7 13 6 3 0 2 7 0 2 7 1 2 7 0 2 7 1 2 7 0 2 7 0 2 7 12 16 2 17 9 2 16 6 2 0 2 7 0 2 3 1 2 7 17 18 2 0 2 7 17 18 2 0 2 7 17 9 2 12 16 2 0 2 4 0 2 7 1 2 7 0 2 4 1 2 7 0 2 4 17 9 2 1 2 7 1 2 7 0 2 7 0 59.9809155464172363
5 30 3 0 2 7 5 31 3 13 6 3 0 2 7 0 2 7 0 2 7 13 6 3 0 2 7 1 2 7 0 2 7 0 2 7 0 2 7 1 2 4 0 2 7 0 2 7 1 2 7 1 2 7 12 16 2 0 2 7 5 31 3 12 16 2 1 2 4 0 2 7 0 2 7 0 2 7 1 2 7 0 2 7 1 2 4 0 2 7 12 16 2 17 9 2 16 30 2 1 2 7 17 18 2 0 2 4 17 18 2 12 16 2 1 2 7 1 2 7 1 2 4 1 2 7 1 2 7 17 9 2 17 18 2 1 2 7 17 9 2 1 2 7 5 30 3 0 2 3 13 6 3 1 2 4 0 2 4 12 16 2 0 2 7 0 2 4 0 2 7 0 2 7 0 2 4 1 2 7 0 60.0450835227966309
5 30 3 0 2 7 5 31 3 1 2 3 13 6 3 0 2 7 0 2 7 0 2 7 13 6 3 0 2 7 1 2 7 1 2 3 0 2 3 0 2 7 0 2 7 0 2 7 1 2 7 0 2 7 0 2 7 1 2 4 1 2 4 12 16 2 0 2 7 5 31 3 12 16 2 1 2 7 0 2 7 13 6 3 0 2 7 0 2 7 1 2 7 1 2 3 1 2 4 1 2 7 0 2 7 12 16 2 17 9 2 16 6 2 0 2 7 1 2 7 17 18 2 0 2 4 17 18 2 0 2 7 12 16 2 0 2 7 1 2 7 1 2 7 0 2 7 0 2 7 1 2 4 1 2 7 1 2 7 17 9 2 17 18 2 0 2 7 1 2 7 17 9 2 0 2 7 1 2 7 0 59.9809155464172363
12 16 2 5 31 3 5 31 3 0 2 4 17 9 2 1 2 7 0 2 4 0 2 4 1 2 7 1 2 7 0 2 4 0 2 7 0 2 4 0 2 4 1 2 7 17 18 2 17 9 2 1 2 7 1 2 7 0 2 7 12 16 2 1 2 4 12 16 2 0 2 4 1 2 4 17 9 2 0 2 7 0 2 7 0 2 10 1 2 4 0 2 7 17 18 2 0 2 4 1 2 7 0 2 7 0 2 4 12 16 2 0 2 7 5 31 3 0 2 7 12 16 2 1 2 7 0 2 7 1 2 7 0 2 7 6 2 7 5 30 3 13 6 3 1 2 4 1 2 7 13 6 3 1 2 4 16 6 2 1 2 7 17 18 2 0 2 7 0 2 7 0 2 7 0 2 7 0 2 7 0 60.373223602771759
17 9 2 1 2 7 5 30 3 1 2 7 13 6 3 1 2 7 13 6 3 0 2 3 1 2 4 6 2 7 0 2 3 0 2 7 0 2 7 12 16 2 1 2 7 0 2 7 12 16 2 12 16 2 1 2 7 1 2 7 13 6 3 0 2 7 1 2 7 1 2 7 0 2 7 1 2 7 0 2 7 0 2 7 12 16 2 17 9 2 16 15 2 0 2 7 17 18 2 0 2 7 0 2 7 0 2 7 1 2 3 17 18 2 0 2 4 0 2 7 0 2 7 0 2 7 5 30 3 0 2 7 5 31 3 17 9 2 0 2 7 0 2 7 0 2 7 1 2 4 8 18 2 1 2 7 5 30 3 0 2 7 1 2 7 1 2 7 1 2 7 0 2 7 0 2 7 17 9 2 0 60.3246694207191467
17 9 2 1 2 7 1 2 7 13 6 3 1 2 7 13 6 3 1 2 4 0 2 7 0 2 7 12 16 2 1 2 7 0 2 7 12 16 2 12 16 2 1 2 7 1 2 7 13 6 3 0 2 7 1 2 7 1 2 7 0 2 7 1 2 7 0 2 7 0 2 7 12 16 2 17 9 2 0 2 7 17 18 2 0 2 7 0 2 7 0 2 7 17 18 2 0 2 4 0 2 7 0 2 7 0 2 7 0 2 7 5 31 3 17 9 2 0 2 7 0 2 7 0 2 7 1 2 7 0 2 7 1 2 7 1 2 7 1 2 7 0 2 7 0 2 7 5 30 3 0 2 3 1 2 7 5 31 3 16 15 2 1 2 7 5 31 3 0 2 7 0 2 4 5 30 3 17 9 2 0 60.5568764209747314
1 2 7 5 31 3 1 2 3 0 2 7 0 2 4 1 2 7 16 9 11 5 31 3 1 2 7 0 2 7 1 2 7 0 2 7 0 2 4 0 2 7 17 9 2 12 16 2 12 16 2 0 2 7 0 2 7 13 6 3 1 2 7 1 2 7 0 2 7 0 2 3 1 2 7 12 16 2 8 9 2 16 6 2 0 2 7 0 2 4 5 31 3 0 2 7 17 18 2 0 2 7 12 16 2 1 2 7 1 2 7 1 2 7 1 2 7 17 9 2 1 2 4 17 9 2 0 2 4 0 2 4 0 2 4 0 2 3 0 2 3 0 2 3 0 2 7 0 2 7 1 2 7 0 2 7 1 2 7 0 2 7 1 2 7 1 2 7 5 30 3 0 2 7 0 2 7 16 6 2 0 61.1142116189002991

Current Evaluation = 16200(16200)
Front Size = 10
0 2 7 5 31 3 13 6 3 0 2 7 0 2 7 0 2 7 13 6 3 0 2 7 1 2 7 0 2 7 0 2 7 1 2 7 0 2 7 0 2 7 1 2 4 1 2 4 12 16 2 0 2 7 5 31 3 12 16 2 1 2 7 0 2 7 13 6 3 0 2 7 1 2 7 1 2 7 1 2 7 0 2 7 12 16 2 17 9 2 16 6 2 0 2 7 1 2 7 17 18 2 17 18 2 0 2 7 12 16 2 0 2 7 1 2 7 1 2 7 0 2 7 0 2 7 1 2 7 1 2 7 17 9 2 17 18 2 0 2 7 1 2 7 17 9 2 0 2 7 1 2 7 5 31 3 1 2 7 0 2 7 1 2 7 0 2 7 1 2 7 1 2 7 0 2 4 0 2 7 0 59.7211945056915283
1 2 7 5 31 3 13 6 3 0 2 7 0 2 7 0 2 7 13 6 3 0 2 7 1 2 7 0 2 7 0 2 7 0 2 7 1 2 7 0 2 7 0 2 7 1 2 7 1 2 7 12 16 2 0 2 7 1 2 4 12 16 2 1 2 7 0 2 7 13 6 3 0 2 7 0 2 7 1 2 7 1 2 7 1 2 7 0 2 7 12 16 2 17 9 2 16 6 2 0 2 7 0 2 7 17 18 2 17 18 2 0 2 7 12 16 2 0 2 7 1 2 7 1 2 7 0 2 4 0 2 4 1 2 7 1 2 7 17 9 2 1 2 7 1 2 7 17 9 2 0 2 7 1 2 7 5 31 3 17 9 2 1 2 7 0 2 7 5 31 3 0 2 7 1 2 7 0 2 7 0 59.7211945056915283
17 9 2 0 2 7 5 30 3 1 2 7 1 2 4 13 6 3 1 2 7 13 6 3 0 2 7 1 2 7 1 2 7 0 2 7 0 2 4 0 2 7 12 16 2 1 2 4 1 2 7 0 2 7 12 16 2 5 30 3 12 16 2 1 2 4 0 2 7 0 2 7 13 6 3 0 2 4 1 2 7 0 2 4 0 2 4 1 2 7 0 2 7 0 2 4 12 16 2 17 9 2 16 6 2 0 2 7 17 18 2 0 2 7 12 16 2 0 2 7 0 2 7 0 2 4 0 2 7 17 18 2 0 2 7 0 2 7 0 2 7 1 2 7 1 2 8 5 30 3 5 31 3 0 2 7 1 2 3 17 9 2 17 9 2 1 2 7 5 30 3 0 2 7 1 2 4 8 9 2 0 60.4993813037872314
17 18 2 0 2 7 5 31 3 0 2 7 0 2 4 13 6 3 1 2 7 1 2 11 13 6 3 0 2 7 1 2 7 1 2 11 0 2 7 0 2 7 0 2 7 1 2 4 0 2 7 1 2 7 1 2 7 1 2 7 0 2 7 0 2 7 0 2 7 0 2 7 12 16 2 1 2 7 1 2 7 0 2 7 0 2 4 1 2 11 0 2 7 6 2 7 12 16 2 17 9 2 17 18 2 17 9 2 12 16 2 1 2 11 13 6 3 0 2 7 0 2 7 0 2 7 1 2 7 0 2 7 0 2 7 1 2 7 0 2 7 0 2 7 5 31 3 17 9 2 17 18 2 17 18 2 0 2 7 5 30 3 1 2 4 1 2 4 1 2 7 0 2 7 1 2 7 5 30 3 0 60.2022443413734436
17 18 2 1 2 7 5 31 3 0 2 7 1 2 7 13 6 3 1 2 7 5 31 3 1 2 7 13 6 3 0 2 7 1 2 7 1 2 7 1 2 7 1 2 7 0 2 7 0 2 7 0 2 7 1 2 7 0 2 7 0 2 7 0 2 7 0 2 7 12 16 2 0 2 7 5 31 3 12 16 2 1 2 7 1 2 7 0 2 7 0 2 4 0 2 7 0 2 7 1 2 7 12 16 2 17 9 2 16 6 2 17 18 2 17 18 2 17 9 2 12 16 2 1 2 7 1 2 7 13 6 3 1 2 7 0 2 7 1 2 7 0 2 7 0 2 7 0 2 7 0 2 7 1 2 7 0 2 7 0 2 4 0 2 7 0 2 7 0 2 4 17 18 2 1 2 7 1 2 7 0 59.7211945056915283
1 2 4 5 31 3 13 6 3 0 2 7 0 2 7 1 2 7 13 6 3 5 31 3 1 2 7 1 2 7 0 2 7 1 2 7 1 2 7 0 2 7 0 2 7 12 16 2 5 31 3 12 16 2 1 2 7 0 2 7 13 6 3 0 2 7 1 2 7 0 2 7 1 2 7 0 2 7 12 16 2 17 9 2 16 6 2 0 2 7 1 2 7 17 18 2 0 2 7 17 18 2 0 2 7 12 16 2 1 2 7 1 2 7 1 2 7 1 2 7 17 9 2 0 2 7 17 9 2 1 2 7 0 2 7 0 2 7 0 2 7 0 2 7 0 2 7 0 2 7 0 2 7 0 2 7 0 2 7 1 2 7 1 2 7 1 2 4 1 2 4 17 9 2 0 2 7 0 2 7 0 59.7211945056915283
5 30 3 0 2 7 5 31 3 13 6 3 0 2 7 0 2 7 0 2 7 13 6 3 0 2 7 1 2 7 0 2 7 0 2 7 0 2 7 1 2 4 0 2 7 0 2 7 1 2 7 1 2 7 12 16 2 0 2 7 5 31 3 12 16 2 1 2 4 0 2 7 0 2 7 0 2 7 1 2 7 0 2 7 1 2 4 0 2 7 12 16 2 17 9 2 16 30 2 1 2 7 17 18 2 0 2 4 17 18 2 12 16 2 1 2 7 1 2 7 1 2 4 1 2 7 1 2 7 17 9 2 17 18 2 1 2 7 17 9 2 1 2 7 5 30 3 0 2 3 13 6 3 1 2 4 0 2 4 12 16 2 0 2 7 0 2 4 0 2 7 0 2 7 0 2 4 1 2 7 0 60.0450835227966309
0 2 7 5 31 3 13 6 3 0 2 7 0 2 7 0 2 4 13 6 3 0 2 7 1 2 7 0 2 7 6 2 7 0 2 7 1 2 7 0 2 7 0 2 7 1 2 4 1 2 4 12 16 2 0 2 7 5 31 3 12 16 2 1 2 7 0 2 7 13 6 3 0 2 7 0 2 7 1 2 7 1 2 7 0 2 7 12 16 2 17 9 2 16 6 2 0 2 7 1 2 7 17 18 2 0 2 4 17 18 2 0 2 7 12 16 2 0 2 7 1 2 7 1 2 7 0 2 7 0 2 7 1 2 7 1 2 7 17 9 2 17 18 2 0 2 7 1 2 7 17 9 2 0 2 7 1 2 7 5 30 3 5 31 3 1 2 7 0 2 7 1 2 7 0 2 7 1 2 7 0 59.938682496547699
17 9 2 1 2 7 5 31 3 0 2 3 1 2 7 13 6 3 1 2 7 5 30 3 1 2 7 13 6 3 0 2 7 1 2 7 1 2 7 1 2 7 0 2 7 0 2 4 1 2 3 0 2 4 1 2 7 0 2 7 0 2 7 1 2 7 0 2 7 12 16 2 0 2 7 5 31 3 12 16 2 1 2 3 1 2 7 0 2 7 13 6 3 0 2 7 0 2 7 1 2 7 0 2 7 1 2 7 0 2 7 0 2 7 12 16 2 17 9 2 16 6 2 0 2 7 0 2 3 1 2 7 17 18 2 0 2 7 17 18 2 0 2 7 17 9 2 12 16 2 0 2 4 0 2 7 1 2 7 0 2 4 1 2 7 0 2 4 17 9 2 1 2 7 1 2 7 0 2 7 0 59.9809155464172363
5 30 3 0 2 7 5 31 3 1 2 3 13 6 3 0 2 7 0 2 7 0 2 7 13 6 3 0 2 7 1 2 7 1 2 3 0 2 3 0 2 7 0 2 7 0 2 7 1 2 7 0 2 7 0 2 7 1 2 4 1 2 4 12 16 2 0 2 7 5 31 3 12 16 2 1 2 7 0 2 7 13 6 3 0 2 7 0 2 7 1 2 7 1 2 3 1 2 4 1 2 7 0 2 7 12 16 2 17 9 2 16 6 2 0 2 7 1 2 7 17 18 2 0 2 4 17 18 2 0 2 7 12 16 2 0 2 7 1 2 7 1 2 7 0 2 7 0 2 7 1 2 4 1 2 7 1 2 7 17 9 2 17 18 2 0 2 7 1 2 7 17 9 2 0 2 7 1 2 7 0 59.9809155464172363

Current Evaluation = 17100(17100)
Front Size = 10
0 2 7 5 31 3 13 6 3 0 2 7 0 2 7 0 2 7 13 6 3 0 2 7 1 2 7 0 2 7 0 2 7 1 2 7 0 2 7 0 2 7 1 2 7 12 16 2 0 2 4 5 31 3 12 16 2 1 2 7 0 2 7 13 6 3 0 2 7 1 2 7 1 2 7 1 2 7 0 2 7 12 16 2 17 9 2 16 6 2 0 2 7 1 2 7 17 18 2 17 18 2 0 2 7 12 16 2 0 2 7 1 2 7 1 2 7 0 2 7 0 2 7 0 2 7 1 2 7 17 9 2 0 2 7 1 2 7 17 9 2 0 2 7 1 2 7 5 31 3 1 2 7 0 2 7 1 2 7 0 2 7 1 2 7 1 2 7 0 2 4 1 2 4 17 18 2 1 2 7 0 59.7211945056915283
0 2 7 5 31 3 13 6 3 0 2 7 0 2 7 0 2 7 13 6 3 0 2 7 1 2 7 0 2 7 0 2 7 1 2 7 0 2 7 0 2 7 1 2 4 12 16 2 0 2 7 5 31 3 12 16 2 1 2 7 0 2 7 13 6 3 0 2 7 1 2 7 1 2 7 1 2 7 0 2 7 12 16 2 17 9 2 16 6 2 0 2 7 1 2 7 17 18 2 17 18 2 0 2 7 12 16 2 0 2 7 1 2 7 1 2 7 0 2 7 0 2 7 1 2 7 1 2 7 17 9 2 0 2 7 1 2 7 17 9 2 0 2 7 1 2 7 5 31 3 1 2 7 0 2 7 1 2 7 0 2 7 1 2 7 1 2 7 0 2 4 1 2 4 17 9 2 0 2 7 0 59.7211945056915283
17 9 2 0 2 7 5 30 3 1 2 7 1 2 4 13 6 3 1 2 7 13 6 3 0 2 7 1 2 7 1 2 7 0 2 7 0 2 4 0 2 7 12 16 2 1 2 4 1 2 7 0 2 7 12 16 2 5 30 3 12 16 2 1 2 4 0 2 7 0 2 7 13 6 3 0 2 4 1 2 7 0 2 4 0 2 4 1 2 7 0 2 7 0 2 4 12 16 2 17 9 2 16 6 2 0 2 7 17 18 2 0 2 7 12 16 2 0 2 7 0 2 7 0 2 4 0 2 7 17 18 2 0 2 7 0 2 7 0 2 7 1 2 7 1 2 8 5 30 3 5 31 3 0 2 7 1 2 3 17 9 2 17 9 2 1 2 7 5 30 3 0 2 7 1 2 4 8 9 2 0 60.4993813037872314
17 9 2 1 2 7 5 31 3 0 2 3 1 2 7 13 6 3 1 2 7 5 30 3 1 2 7 13 6 3 0 2 7 1 2 7 1 2 7 1 2 7 0 2 7 0 2 4 1 2 3 0 2 4 1 2 7 0 2 7 0 2 7 1 2 7 0 2 7 12 16 2 0 2 7 5 31 3 12 16 2 1 2 3 1 2 7 0 2 7 13 6 3 0 2 7 0 2 7 1 2 7 0 2 7 1 2 7 0 2 7 0 2 7 12 16 2 17 9 2 16 6 2 0 2 7 0 2 3 1 2 7 17 18 2 0 2 7 17 18 2 0 2 7 17 9 2 12 16 2 0 2 4 0 2 7 1 2 7 0 2 4 1 2 7 0 2 4 17 9 2 1 2 7 1 2 7 0 2 7 0 59.9809155464172363
5 30 3 0 2 7 5 31 3 13 6 3 0 2 7 0 2 7 0 2 7 13 6 3 0 2 7 1 2 7 0 2 7 0 2 7 0 2 7 1 2 4 0 2 7 0 2 7 1 2 7 1 2 7 12 16 2 0 2 7 5 31 3 12 16 2 1 2 4 0 2 7 0 2 7 0 2 7 1 2 7 0 2 7 1 2 4 0 2 7 12 16 2 17 9 2 16 30 2 1 2 7 17 18 2 0 2 4 17 18 2 12 16 2 1 2 7 1 2 7 1 2 4 1 2 7 1 2 7 17 9 2 17 18 2 1 2 7 17 9 2 1 2 7 5 30 3 0 2 3 13 6 3 1 2 4 0 2 4 12 16 2 0 2 7 0 2 4 0 2 7 0 2 7 0 2 4 1 2 7 0 60.0450835227966309
17 9 2 1 2 7 5 31 3 1 2 7 13 6 3 1 2 7 1 2 7 13 6 3 0 2 7 1 2 7 1 2 7 0 2 7 0 2 4 0 2 4 1 2 7 0 2 7 0 2 7 1 2 7 0 2 7 12 16 2 0 2 7 5 31 3 12 16 2 1 2 7 0 2 7 13 6 3 0 2 4 0 2 7 1 2 7 0 2 7 1 2 7 0 2 7 0 2 7 12 16 2 17 9 2 16 6 2 0 2 7 1 2 7 17 18 2 0 2 7 17 18 2 0 2 7 12 16 2 0 2 7 1 2 7 1 2 7 1 2 7 1 2 7 0 2 7 0 2 7 0 2 7 5 31 3 1 2 7 17 9 2 0 2 7 6 2 7 0 2 4 5 30 3 0 2 7 17 9 2 0 59.938682496547699
0 2 7 5 30 3 13 6 3 0 2 7 0 2 7 0 2 7 13 6 3 1 2 7 1 2 4 0 2 7 0 2 7 1 2 4 0 2 4 0 2 7 1 2 7 12 16 2 0 2 7 5 31 3 12 16 2 0 2 7 0 2 7 13 6 3 1 2 7 1 2 7 1 2 7 6 2 7 0 2 4 12 16 2 17 9 2 5 31 3 1 2 7 17 18 2 17 18 2 0 2 4 0 2 7 1 2 7 0 2 4 0 2 7 0 2 7 1 2 7 0 2 4 17 9 2 0 2 7 17 9 2 0 2 4 0 2 7 0 2 7 0 2 4 1 2 4 1 2 7 12 16 2 1 2 7 1 2 4 5 30 3 1 2 7 17 18 2 5 30 3 0 2 7 1 2 7 17 18 2 0 60.1633895039558411
17 9 2 1 2 4 5 31 3 1 2 7 13 6 3 0 2 7 1 2 7 13 6 3 0 2 7 1 2 7 0 2 7 1 2 7 0 2 4 0 2 7 0 2 7 1 2 4 5 31 3 1 2 7 0 2 7 12 16 2 0 2 7 5 31 3 12 16 2 1 2 7 0 2 7 13 6 3 0 2 7 0 2 7 1 2 7 0 2 4 1 2 7 0 2 7 0 2 7 12 16 2 17 9 2 16 6 2 0 2 7 1 2 7 17 18 2 0 2 7 17 18 2 0 2 7 17 9 2 12 16 2 1 2 7 0 2 7 1 2 7 1 2 7 0 2 7 0 2 7 1 2 7 5 30 3 0 2 7 17 18 2 0 2 7 0 2 7 1 2 7 6 2 7 1 2 7 0 2 7 0 59.938682496547699
17 9 2 1 2 7 5 31 3 1 2 7 13 6 3 1 2 7 1 2 7 13 6 3 0 2 7 1 2 7 0 2 7 1 2 7 0 2 7 0 2 4 0 2 7 1 2 7 6 2 7 0 2 7 1 2 7 0 2 7 12 16 2 0 2 7 5 31 3 12 16 2 1 2 7 0 2 7 13 6 3 0 2 7 0 2 7 1 2 7 0 2 7 1 2 7 0 2 7 0 2 7 12 16 2 17 9 2 16 6 2 0 2 7 1 2 7 17 18 2 0 2 7 17 18 2 0 2 4 17 9 2 12 16 2 0 2 7 0 2 7 1 2 7 1 2 7 1 2 7 0 2 7 1 2 4 5 30 3 0 2 4 17 18 2 1 2 7 0 2 7 0 2 7 5 31 3 0 2 7 0 59.938682496547699
17 18 2 0 2 7 5 31 3 0 2 7 0 2 4 13 6 3 1 2 7 1 2 11 13 6 3 0 2 7 1 2 7 1 2 11 0 2 7 0 2 7 0 2 7 1 2 4 0 2 7 1 2 7 1 2 7 1 2 7 0 2 7 0 2 7 0 2 7 0 2 7 12 16 2 1 2 7 1 2 7 0 2 7 0 2 4 1 2 11 0 2 7 6 2 7 12 16 2 17 9 2 17 18 2 17 9 2 12 16 2 1 2 11 13 6 3 0 2 7 0 2 7 0 2 7 1 2 7 0 2 7 0 2 7 1 2 7 0 2 7 0 2 7 5 31 3 17 9 2 17 18 2 17 18 2 0 2 7 5 30 3 1 2 4 1 2 4 1 2 7 0 2 7 1 2 7 5 30 3 0 60.2022443413734436

Current Evaluation = 18000(18000)
Front Size = 10
17 9 2 1 2 7 0 2 4 1 2 7 13 6 3 1 2 7 1 2 7 13 6 3 1 2 7 1 2 4 1 2 7 1 2 7 0 2 7 0 2 7 0 2 7 0 2 7 1 2 7 1 2 7 12 16 2 0 2 7 5 31 3 12 16 2 1 2 7 0 2 7 13 6 3 1 2 7 0 2 7 0 2 7 0 2 7 1 2 7 0 2 7 0 2 7 12 16 2 17 9 2 16 6 2 1 2 7 0 2 7 17 18 2 0 2 7 17 18 2 0 2 7 17 9 2 12 16 2 0 2 7 1 2 7 1 2 7 0 2 7 1 2 7 0 2 7 5 31 3 0 2 7 1 2 7 0 2 7 0 2 7 5 31 3 17 18 2 0 2 7 0 2 7 1 2 4 0 2 7 0 59.7211945056915283
17 9 2 1 2 7 5 31 3 1 2 7 13 6 3 1 2 7 1 2 7 13 6 3 0 2 7 1 2 7 1 2 7 1 2 7 0 2 7 0 2 4 0 2 7 0 2 7 1 2 7 0 2 7 12 16 2 0 2 7 5 31 3 12 16 2 1 2 7 0 2 7 13 6 3 1 2 7 0 2 7 0 2 7 0 2 7 1 2 7 0 2 7 0 2 7 12 16 2 17 9 2 16 6 2 1 2 7 1 2 7 17 18 2 0 2 7 17 18 2 0 2 7 17 9 2 12 16 2 0 2 7 1 2 7 1 2 7 0 2 4 1 2 7 0 2 7 5 31 3 1 2 7 0 2 7 0 2 7 0 2 7 1 2 7 0 2 7 0 2 7 1 2 4 17 18 2 0 2 7 0 59.7211945056915283
17 9 2 0 2 7 5 31 3 1 2 7 13 6 3 1 2 7 1 2 7 13 6 3 0 2 7 0 2 7 1 2 7 0 2 7 1 2 7 13 6 3 1 2 7 0 2 7 1 2 7 1 2 7 12 16 2 0 2 7 5 31 3 12 16 2 0 2 7 1 2 7 0 2 7 1 2 7 0 2 7 0 2 7 1 2 7 0 2 7 0 2 7 0 2 7 12 16 2 17 9 2 16 6 2 1 2 7 0 2 7 17 18 2 0 2 3 17 18 2 0 2 7 17 9 2 12 16 2 0 2 7 0 2 7 0 2 7 5 31 3 0 2 7 0 2 7 0 2 7 0 2 7 0 2 7 1 2 7 1 2 7 16 6 2 1 2 7 1 2 7 1 2 7 0 2 7 5 30 3 0 60.0091503858566284
17 9 2 1 2 7 5 31 3 1 2 7 13 6 3 1 2 7 1 2 7 13 6 3 0 2 7 1 2 7 1 2 7 1 2 7 0 2 7 0 2 4 0 2 7 0 2 7 1 2 7 0 2 7 12 16 2 0 2 7 5 31 3 12 16 2 1 2 7 0 2 7 13 6 3 1 2 7 0 2 7 0 2 7 0 2 7 1 2 7 0 2 7 0 2 7 12 16 2 17 9 2 16 6 2 1 2 7 1 2 7 17 18 2 0 2 7 17 18 2 0 2 7 17 9 2 12 16 2 0 2 7 1 2 7 1 2 7 17 9 2 0 2 4 1 2 7 0 2 7 5 31 3 1 2 7 0 2 7 0 2 7 0 2 7 1 2 7 1 2 7 0 2 4 0 2 7 0 2 7 0 59.7211945056915283
0 2 4 13 6 3 1 2 7 0 2 7 0 2 7 13 6 3 1 2 7 0 2 4 0 2 7 0 2 7 0 2 7 1 2 7 12 16 2 0 2 7 5 31 3 12 16 2 0 2 7 0 2 7 13 6 3 1 2 7 1 2 7 1 2 7 0 2 4 12 16 2 17 9 2 5 31 3 1 2 3 17 18 2 17 18 2 0 2 4 0 2 7 1 2 7 0 2 7 0 2 7 1 2 7 17 9 2 0 2 7 17 9 2 0 2 7 0 2 4 1 2 7 12 16 2 1 2 4 1 2 7 0 2 7 1 2 4 0 2 7 1 2 7 1 2 4 17 9 2 0 2 4 0 2 7 0 2 4 0 2 7 1 2 7 1 2 4 5 30 3 1 2 3 5 30 3 17 18 2 0 60.1259015798568726
17 18 2 0 2 7 5 31 3 0 2 7 0 2 4 13 6 3 1 2 7 1 2 11 13 6 3 0 2 7 1 2 7 1 2 11 0 2 7 0 2 7 0 2 7 1 2 4 0 2 7 1 2 7 1 2 7 1 2 7 0 2 7 0 2 7 0 2 7 0 2 7 12 16 2 1 2 7 1 2 7 0 2 7 0 2 4 1 2 11 0 2 7 6 2 7 12 16 2 17 9 2 17 18 2 17 9 2 12 16 2 1 2 11 13 6 3 0 2 7 0 2 7 0 2 7 1 2 7 0 2 7 0 2 7 1 2 7 0 2 7 0 2 7 5 31 3 17 9 2 17 18 2 17 18 2 0 2 7 5 30 3 1 2 4 1 2 4 1 2 7 0 2 7 1 2 7 5 30 3 0 60.2022443413734436
17 9 2 1 2 7 5 30 3 1 2 7 0 2 7 1 2 7 1 2 7 13 6 3 0 2 7 1 2 11 1 2 7 1 2 7 0 2 7 16 19 11 0 2 7 0 2 7 8 18 2 0 2 7 12 16 2 0 2 7 5 31 3 12 16 2 1 2 7 0 2 7 13 6 3 1 2 7 0 2 7 0 2 4 0 2 7 1 2 7 0 2 7 0 2 3 12 16 2 17 9 2 17 18 2 0 2 7 17 18 2 0 2 7 17 9 2 0 2 7 0 2 7 0 2 7 1 2 7 8 9 2 1 2 7 12 16 2 5 30 3 5 30 3 0 2 11 0 2 7 1 2 7 0 2 7 0 2 7 0 2 7 1 2 7 0 2 7 0 2 7 1 2 7 1 2 7 1 2 7 0 61.12868332862854
17 9 2 1 2 7 5 31 3 1 2 7 13 6 3 1 2 7 1 2 7 13 6 3 0 2 7 1 2 7 1 2 7 1 2 7 0 2 7 0 2 4 0 2 7 0 2 7 1 2 7 0 2 7 12 16 2 0 2 7 5 31 3 12 16 2 1 2 7 0 2 7 13 6 3 1 2 7 0 2 7 0 2 7 0 2 7 1 2 7 0 2 7 0 2 7 12 16 2 17 9 2 16 6 2 1 2 7 1 2 7 17 18 2 0 2 7 17 18 2 0 2 7 17 9 2 12 16 2 0 2 7 1 2 7 1 2 7 17 9 2 0 2 7 1 2 7 0 2 7 5 31 3 0 2 7 0 2 7 0 2 7 0 2 7 1 2 4 1 2 4 0 2 7 0 2 7 1 2 7 0 59.7211945056915283
17 9 2 1 2 7 5 31 3 1 2 7 13 6 3 1 2 7 1 2 7 13 6 3 0 2 7 1 2 7 1 2 7 1 2 7 0 2 7 0 2 4 0 2 7 0 2 7 0 2 4 1 2 7 0 2 7 12 16 2 0 2 7 5 31 3 12 16 2 1 2 7 0 2 7 13 6 3 1 2 7 0 2 7 0 2 7 0 2 7 1 2 7 0 2 7 0 2 7 12 16 2 17 9 2 1 2 7 17 18 2 0 2 7 17 18 2 0 2 7 17 9 2 12 16 2 0 2 7 0 2 7 0 2 7 17 18 2 1 2 4 0 2 4 1 2 7 1 2 4 5 30 3 1 2 7 5 31 3 0 2 7 0 2 7 0 2 7 0 2 4 17 18 2 0 2 4 5 30 3 3.02241255790511549e-08 60.4379274845123291
0 2 7 5 30 3 13 6 3 0 2 7 0 2 1 0 2 7 13 6 3 1 2 7 1 2 7 0 2 4 0 2 7 0 2 4 0 2 4 1 2 7 12 16 2 0 2 4 5 31 3 12 16 2 0 2 7 0 2 7 13 6 3 1 2 7 1 2 4 1 2 7 0 2 7 12 16 2 17 9 2 1 2 7 17 18 2 17 18 2 1 2 7 1 2 7 0 2 7 0 2 7 1 2 7 17 9 2 0 2 7 17 9 2 0 2 7 0 2 7 1 2 7 12 16 2 1 2 7 5 31 3 0 2 7 17 18 2 5 30 3 0 2 7 1 2 4 1 2 7 0 2 7 1 2 7 1 2 4 0 2 7 0 2 7 6 2 4 17 9 2 1 2 7 0 2 7 0 2 7 0 60.1571945548057556

MonoObjective Genetic Algorithm
Number of Evaluations = 0
Mutation Probability = 0
Crossover Probability = 1
Population Size = 10
Survival Selection Type = 16

Time =  18048.2965109348297

Current Evaluation = 2010
Front Size = 10
17 9 2 1 2 7 0 2 4 1 2 7 13 6 3 1 2 7 1 2 7 13 6 3 1 2 7 1 2 4 1 2 7 1 2 7 0 2 7 0 2 7 0 2 7 0 2 7 1 2 7 1 2 7 12 16 2 0 2 7 5 31 3 12 16 2 1 2 7 0 2 7 13 6 3 1 2 7 0 2 7 0 2 7 0 2 7 1 2 7 0 2 7 0 2 7 12 16 2 17 9 2 16 6 2 1 2 7 0 2 7 17 18 2 0 2 7 17 18 2 0 2 7 17 9 2 12 16 2 0 2 7 1 2 7 1 2 7 0 2 7 1 2 7 0 2 7 5 31 3 0 2 7 1 2 7 0 2 7 0 2 7 5 31 3 17 18 2 0 2 7 0 2 7 1 2 4 0 2 7 0 59.7211945056915283
17 9 2 1 2 7 5 31 3 1 2 7 13 6 3 1 2 7 1 2 7 13 6 3 0 2 7 1 2 7 1 2 7 1 2 7 0 2 7 0 2 4 0 2 7 0 2 7 1 2 7 0 2 7 12 16 2 0 2 7 5 31 3 12 16 2 1 2 7 0 2 7 13 6 3 1 2 7 0 2 7 0 2 7 0 2 7 1 2 7 0 2 7 0 2 7 12 16 2 17 9 2 16 6 2 1 2 7 1 2 7 17 18 2 0 2 7 17 18 2 0 2 7 17 9 2 12 16 2 0 2 7 1 2 7 1 2 7 0 2 4 1 2 7 0 2 7 5 31 3 1 2 7 0 2 7 0 2 7 0 2 7 1 2 7 0 2 7 0 2 7 1 2 4 17 18 2 0 2 7 0 59.7211945056915283
17 9 2 0 2 7 5 31 3 1 2 7 13 6 3 1 2 7 1 2 7 13 6 3 0 2 7 0 2 7 1 2 7 0 2 7 1 2 7 13 6 3 1 2 7 0 2 7 1 2 7 1 2 7 12 16 2 0 2 7 5 31 3 12 16 2 0 2 7 1 2 7 0 2 7 1 2 7 0 2 7 0 2 7 1 2 7 0 2 7 0 2 7 0 2 7 12 16 2 17 9 2 16 6 2 1 2 7 0 2 7 17 18 2 0 2 3 17 18 2 0 2 7 17 9 2 12 16 2 0 2 7 0 2 7 0 2 7 5 31 3 0 2 7 0 2 7 0 2 7 0 2 7 0 2 7 1 2 7 1 2 7 16 6 2 1 2 7 1 2 7 1 2 7 0 2 7 5 30 3 0 60.0091503858566284
17 9 2 1 2 7 5 31 3 1 2 7 13 6 3 1 2 7 1 2 7 13 6 3 0 2 7 1 2 7 1 2 7 1 2 7 0 2 7 0 2 4 0 2 7 0 2 7 1 2 7 0 2 7 12 16 2 0 2 7 5 31 3 12 16 2 1 2 7 0 2 7 13 6 3 1 2 7 0 2 7 0 2 7 0 2 7 1 2 7 0 2 7 0 2 7 12 16 2 17 9 2 16 6 2 1 2 7 1 2 7 17 18 2 0 2 7 17 18 2 0 2 7 17 9 2 12 16 2 0 2 7 1 2 7 1 2 7 17 9 2 0 2 4 1 2 7 0 2 7 5 31 3 1 2 7 0 2 7 0 2 7 0 2 7 1 2 7 1 2 7 0 2 4 0 2 7 0 2 7 0 59.7211945056915283
0 2 4 13 6 3 1 2 7 0 2 7 0 2 7 13 6 3 1 2 7 0 2 4 0 2 7 0 2 7 0 2 7 1 2 7 12 16 2 0 2 7 5 31 3 12 16 2 0 2 7 0 2 7 13 6 3 1 2 7 1 2 7 1 2 7 0 2 4 12 16 2 17 9 2 5 31 3 1 2 3 17 18 2 17 18 2 0 2 4 0 2 7 1 2 7 0 2 7 0 2 7 1 2 7 17 9 2 0 2 7 17 9 2 0 2 7 0 2 4 1 2 7 12 16 2 1 2 4 1 2 7 0 2 7 1 2 4 0 2 7 1 2 7 1 2 4 17 9 2 0 2 4 0 2 7 0 2 4 0 2 7 1 2 7 1 2 4 5 30 3 1 2 3 5 30 3 17 18 2 0 60.1259015798568726
17 18 2 0 2 7 5 31 3 0 2 7 0 2 4 13 6 3 1 2 7 1 2 11 13 6 3 0 2 7 1 2 7 1 2 11 0 2 7 0 2 7 0 2 7 1 2 4 0 2 7 1 2 7 1 2 7 1 2 7 0 2 7 0 2 7 0 2 7 0 2 7 12 16 2 1 2 7 1 2 7 0 2 7 0 2 4 1 2 11 0 2 7 6 2 7 12 16 2 17 9 2 17 18 2 17 9 2 12 16 2 1 2 11 13 6 3 0 2 7 0 2 7 0 2 7 1 2 7 0 2 7 0 2 7 1 2 7 0 2 7 0 2 7 5 31 3 17 9 2 17 18 2 17 18 2 0 2 7 5 30 3 1 2 4 1 2 4 1 2 7 0 2 7 1 2 7 5 30 3 0 60.2022443413734436
17 9 2 1 2 7 5 30 3 1 2 7 0 2 7 1 2 7 1 2 7 13 6 3 0 2 7 1 2 11 1 2 7 1 2 7 0 2 7 16 19 11 0 2 7 0 2 7 8 18 2 0 2 7 12 16 2 0 2 7 5 31 3 12 16 2 1 2 7 0 2 7 13 6 3 1 2 7 0 2 7 0 2 4 0 2 7 1 2 7 0 2 7 0 2 3 12 16 2 17 9 2 17 18 2 0 2 7 17 18 2 0 2 7 17 9 2 0 2 7 0 2 7 0 2 7 1 2 7 8 9 2 1 2 7 12 16 2 5 30 3 5 30 3 0 2 11 0 2 7 1 2 7 0 2 7 0 2 7 0 2 7 1 2 7 0 2 7 0 2 7 1 2 7 1 2 7 1 2 7 0 61.12868332862854
17 9 2 1 2 7 5 31 3 1 2 7 13 6 3 1 2 7 1 2 7 13 6 3 0 2 7 1 2 7 1 2 7 1 2 7 0 2 7 0 2 4 0 2 7 0 2 7 1 2 7 0 2 7 12 16 2 0 2 7 5 31 3 12 16 2 1 2 7 0 2 7 13 6 3 1 2 7 0 2 7 0 2 7 0 2 7 1 2 7 0 2 7 0 2 7 12 16 2 17 9 2 16 6 2 1 2 7 1 2 7 17 18 2 0 2 7 17 18 2 0 2 7 17 9 2 12 16 2 0 2 7 1 2 7 1 2 7 17 9 2 0 2 7 1 2 7 0 2 7 5 31 3 0 2 7 0 2 7 0 2 7 0 2 7 1 2 4 1 2 4 0 2 7 0 2 7 1 2 7 0 59.7211945056915283
17 9 2 1 2 7 5 31 3 1 2 7 13 6 3 1 2 7 1 2 7 13 6 3 0 2 7 1 2 7 1 2 7 1 2 7 0 2 7 0 2 4 0 2 7 0 2 7 0 2 4 1 2 7 0 2 7 12 16 2 0 2 7 5 31 3 12 16 2 1 2 7 0 2 7 13 6 3 1 2 7 0 2 7 0 2 7 0 2 7 1 2 7 0 2 7 0 2 7 12 16 2 17 9 2 1 2 7 17 18 2 0 2 7 17 18 2 0 2 7 17 9 2 12 16 2 0 2 7 0 2 7 0 2 7 17 18 2 1 2 4 0 2 4 1 2 7 1 2 4 5 30 3 1 2 7 5 31 3 0 2 7 0 2 7 0 2 7 0 2 4 17 18 2 0 2 4 5 30 3 3.02241255790511549e-08 60.4379274845123291
0 2 7 5 30 3 13 6 3 0 2 7 0 2 1 0 2 7 13 6 3 1 2 7 1 2 7 0 2 4 0 2 7 0 2 4 0 2 4 1 2 7 12 16 2 0 2 4 5 31 3 12 16 2 0 2 7 0 2 7 13 6 3 1 2 7 1 2 4 1 2 7 0 2 7 12 16 2 17 9 2 1 2 7 17 18 2 17 18 2 1 2 7 1 2 7 0 2 7 0 2 7 1 2 7 17 9 2 0 2 7 17 9 2 0 2 7 0 2 7 1 2 7 12 16 2 1 2 7 5 31 3 0 2 7 17 18 2 5 30 3 0 2 7 1 2 4 1 2 7 0 2 7 1 2 7 1 2 4 0 2 7 0 2 7 6 2 4 17 9 2 1 2 7 0 2 7 0 2 7 0 60.1571945548057556

