Current Evaluation = 900(900)
Front Size = 10
5 30 3 17 18 2 5 30 3 1 2 7 1 2 7 5 30 3 1 2 7 0 2 7 0 2 4 0 2 7 12 16 2 0 2 7 6 2 7 0 2 3 0 2 7 17 9 2 17 1 2 0 2 7 0 2 7 0 2 7 1 2 7 0 2 7 0 2 7 0 2 7 0 2 7 0 2 7 0 2 7 0 2 7 6 2 7 1 2 7 0 2 7 0 2 7 1 2 7 6 2 7 0 2 7 1 2 4 0 2 7 0 2 7 0 2 7 0 2 3 5 31 3 5 30 3 1 2 3 0 2 7 5 30 3 12 16 2 0 2 7 5 31 3 17 18 2 16 19 11 0 2 7 0 2 7 6 2 3 16 31 2 16 19 11 12 16 2 13 6 3 0 2 7 12 16 2 1 2 7 0 62.103077232837677
12 16 2 8 9 2 1 2 8 5 30 3 16 19 12 16 15 2 0 2 8 0 2 8 13 6 3 16 19 12 5 30 3 16 19 12 5 30 3 0 2 8 5 30 3 0 2 8 5 30 3 5 30 3 0 2 8 0 2 8 8 18 2 1 2 8 5 30 3 8 18 2 16 19 12 0 2 8 13 6 3 0 2 8 8 9 2 8 9 2 0 2 8 0 2 8 8 18 2 16 19 12 8 18 2 8 9 2 0 2 8 0 2 8 0 2 8 0 2 8 0 2 8 12 16 2 12 16 2 8 18 2 1 2 8 12 16 2 16 6 2 12 16 2 0 2 8 8 18 2 0 2 8 0 2 8 0 2 8 0 2 8 0 2 8 12 16 2 0 2 8 0 2 8 5 30 3 0 2 8 0.00291661149385368749 67.7323670387268066
5 30 3 8 18 2 0 2 7 17 18 2 12 16 2 1 2 3 16 6 2 16 19 11 16 6 2 0 2 7 5 30 3 5 30 3 5 30 3 5 30 3 1 2 3 8 18 2 0 2 7 12 16 2 0 2 7 1 2 3 0 2 7 12 16 2 12 16 2 0 2 4 1 2 3 1 2 3 0 2 7 13 6 3 0 2 7 0 2 3 0 2 7 0 2 7 1 2 7 8 9 2 0 2 7 5 30 3 0 2 3 0 2 7 0 2 7 0 2 7 1 2 3 0 2 7 5 30 3 0 2 7 16 19 11 0 2 7 0 2 7 0 2 3 16 19 11 0 2 7 16 6 2 1 2 3 0 2 3 1 2 3 0 2 3 0 2 7 12 16 2 0 2 3 0 2 7 0 2 7 0 63.4389830827713013
5 30 3 8 18 2 0 2 7 8 18 2 5 30 3 0 2 7 16 6 2 16 19 11 16 6 2 0 2 7 5 30 3 5 30 3 5 30 3 5 30 3 0 2 7 8 9 2 5 31 3 1 2 11 6 2 7 5 31 3 0 2 11 0 2 11 12 16 2 0 2 11 0 2 11 0 2 7 0 2 7 0 2 11 0 2 8 5 30 3 0 2 7 1 2 11 12 16 2 16 19 11 0 2 11 12 16 2 0 2 12 0 2 7 16 19 11 0 2 11 0 2 8 16 6 2 12 16 2 0 2 7 0 2 7 0 2 7 0 2 7 0 2 7 0 2 11 6 2 7 0 2 8 17 18 2 0 2 11 12 16 2 0 2 11 0 2 11 0 2 7 0 2 7 0 2 8 0 2 7 0 65.3329648971557617
8 18 2 5 30 3 5 30 3 5 30 3 5 30 3 5 30 3 8 18 2 8 9 2 5 30 3 5 30 3 8 9 2 17 9 2 0 2 7 8 18 2 12 16 2 0 2 7 6 3 2 0 2 12 0 2 12 0 2 8 5 30 3 6 2 8 12 16 2 5 31 3 16 6 2 16 19 11 16 19 12 0 2 7 8 18 2 8 9 2 8 18 2 13 6 3 8 9 2 6 2 12 0 2 7 6 2 12 6 2 11 0 2 12 6 2 8 16 15 2 6 2 8 8 18 2 8 9 2 8 18 2 0 2 7 1 2 3 0 2 12 0 2 7 1 2 7 16 19 12 0 2 12 0 2 8 8 9 2 0 2 7 0 2 11 0 2 12 0 2 7 0 2 11 0 2 7 16 6 2 0.0383966048429454226 64.6855102777481079
0 2 3 0 2 8 16 19 12 5 30 3 0 2 8 17 18 2 0 2 7 5 30 3 0 2 7 0 2 8 1 2 8 0 2 7 0 2 8 5 30 3 0 2 3 0 2 7 8 18 2 8 18 2 5 30 3 0 2 8 0 2 7 16 19 12 0 2 7 1 2 8 5 30 3 1 2 7 12 16 2 1 2 3 0 2 3 0 2 8 0 2 8 5 31 3 0 2 7 0 2 8 1 2 7 5 30 3 0 2 8 0 2 8 5 30 3 0 2 3 0 2 7 0 2 7 16 19 12 5 30 3 0 2 12 0 2 8 0 2 7 0 2 7 17 9 2 1 2 3 0 2 8 8 9 2 0 2 8 0 2 8 0 2 7 1 2 3 16 19 12 0 2 3 16 19 12 0 2 3 0 66.9353435039520264
5 30 3 0 2 8 16 19 12 8 18 2 5 30 3 0 2 3 16 6 2 16 19 11 6 2 7 0 2 8 5 30 3 5 31 3 5 30 3 8 18 2 0 2 11 5 30 3 5 30 3 6 2 7 8 9 2 5 30 3 0 2 8 0 2 3 0 2 3 0 2 11 0 2 11 0 2 8 17 9 2 0 2 8 0 2 7 5 30 3 0 2 3 6 2 8 12 16 2 16 19 12 0 2 8 12 16 2 12 16 2 0 2 8 16 19 11 8 18 2 0 2 8 1 2 8 0 2 8 0 2 8 0 2 1 0 2 8 12 16 2 6 2 8 16 19 11 0 2 8 0 2 8 0 2 8 0 2 7 0 2 8 0 2 7 0 2 8 0 2 7 12 16 2 0 2 8 0 2 8 0 68.0338736772537231
0 2 3 5 30 3 0 2 3 5 30 3 0 2 7 5 31 3 0 2 7 5 30 3 0 2 7 1 2 7 0 2 7 0 2 3 0 2 7 0 2 7 5 30 3 1 2 7 0 2 7 0 2 7 0 2 3 0 2 7 5 30 3 8 18 2 16 19 11 0 2 7 12 16 2 0 2 7 1 2 11 16 19 11 5 30 3 16 6 2 16 6 2 16 19 11 0 2 7 0 2 3 1 2 7 1 2 7 1 2 7 0 2 3 0 2 3 0 2 3 0 2 3 0 2 3 16 6 2 5 30 3 0 2 7 0 2 7 8 18 2 0 2 3 0 2 7 1 2 7 0 2 3 0 2 3 6 2 7 12 16 2 1 2 4 0 2 3 17 9 2 0 2 7 0 2 3 1 2 7 0 63.7007902264595032
5 30 3 8 18 2 5 30 3 5 30 3 8 9 2 8 9 2 5 30 3 12 16 2 5 30 3 12 16 2 5 30 3 1 2 8 0 2 7 16 19 1 0 2 8 0 2 7 0 2 7 17 9 2 0 2 7 0 2 8 16 19 11 0 2 8 1 2 8 0 2 7 0 2 7 0 2 1 0 2 8 0 2 7 0 2 7 0 2 7 6 2 7 0 2 8 0 2 7 1 2 8 8 18 2 1 2 7 0 2 10 0 2 7 8 18 2 16 6 2 8 18 2 0 2 7 12 16 2 0 2 7 1 2 7 0 2 7 0 2 7 16 19 11 0 2 7 0 2 8 8 18 2 8 18 2 0 2 7 8 9 2 17 9 2 5 30 3 0 2 8 1 2 10 1 2 8 8 18 2 0.00312952441663745615 65.1499298214912415
5 31 3 0 2 7 0 2 7 8 18 2 0 2 7 0 2 7 16 6 2 5 30 3 17 9 2 8 9 2 5 30 3 12 16 2 12 16 2 12 16 2 16 19 11 12 16 2 16 19 11 12 16 2 6 2 7 5 31 3 16 20 12 0 2 3 0 2 8 5 31 3 1 2 11 1 2 7 0 2 7 0 2 8 1 2 4 6 2 8 0 2 7 0 2 8 0 2 8 6 2 7 0 2 8 0 2 8 8 18 2 5 30 3 5 30 3 0 2 7 0 2 1 5 30 3 0 2 7 16 6 2 0 2 4 0 2 8 0 2 3 5 30 3 0 2 7 5 30 3 1 2 7 17 18 2 0 2 7 0 2 8 0 2 8 0 2 7 0 2 4 0 2 4 1 2 7 0 2 8 0.0305491368110303307 65.3351389169692993

Current Evaluation = 1800(1800)
Front Size = 10
5 31 3 5 30 3 0 2 7 16 30 2 16 19 11 0 2 7 5 30 3 1 2 7 5 30 3 5 30 3 0 2 7 17 9 2 12 16 2 0 2 4 12 16 2 0 2 4 12 16 2 1 2 7 0 2 7 12 16 2 0 2 7 0 2 7 17 9 2 12 16 2 0 2 7 0 2 7 0 2 4 0 2 7 1 2 7 0 2 11 1 2 7 0 2 7 1 2 7 1 2 7 1 2 7 0 2 7 0 2 7 13 6 3 1 2 7 13 6 3 8 18 2 17 18 2 16 6 2 0 2 4 0 2 4 5 31 3 0 2 7 1 2 7 0 2 7 0 2 7 0 2 7 6 2 4 1 2 11 0 2 3 1 2 7 0 2 7 17 18 2 0 2 7 1 2 3 0 2 7 0 61.4177823662757874
12 16 2 0 2 4 1 2 7 5 30 3 16 9 11 1 2 3 0 2 7 5 30 3 5 30 3 0 2 7 0 2 7 5 30 3 5 30 3 8 18 2 17 18 2 1 2 7 1 2 3 0 2 7 0 2 7 0 2 7 0 2 7 0 2 7 0 2 7 1 2 7 1 2 3 1 2 7 0 2 3 1 2 7 0 2 7 0 2 7 0 2 7 0 2 3 0 2 7 0 2 7 12 16 2 0 2 7 0 2 3 1 2 3 8 9 2 16 6 2 16 15 2 0 2 7 5 30 3 0 2 3 0 2 7 0 2 3 17 9 2 5 31 3 0 2 7 0 2 7 0 2 7 16 30 2 0 2 7 1 2 3 1 2 7 16 31 2 1 2 7 0 2 7 0 2 7 1 2 7 0 62.2723215222358704
5 30 3 5 30 3 5 30 3 5 30 3 16 19 11 5 30 3 12 16 2 5 30 3 0 2 7 1 2 11 0 2 7 0 2 7 0 2 7 0 2 7 8 9 2 0 2 7 0 2 7 5 30 3 1 2 7 0 2 7 0 2 7 0 2 7 1 2 7 0 2 11 0 2 7 0 2 7 1 2 7 17 18 2 0 2 7 0 2 7 0 2 7 1 2 10 0 2 11 5 30 3 0 2 7 8 9 2 16 19 11 0 2 7 16 19 11 0 2 7 17 18 2 0 2 7 0 2 7 12 16 2 16 24 2 17 18 2 1 2 7 0 2 7 1 2 7 12 16 2 0 2 7 1 2 1 8 18 2 0 2 7 0 2 7 1 2 7 0 2 7 0 2 11 0 2 11 8 18 2 0 63.5658912658691406
12 16 2 0 2 7 5 30 3 0 2 7 1 2 7 5 31 3 5 31 3 1 2 7 5 31 3 1 2 7 5 30 3 5 31 3 8 18 2 5 30 3 8 18 2 12 16 2 12 16 2 12 16 2 12 16 2 12 16 2 1 2 7 16 19 11 16 6 2 0 2 7 16 19 13 0 2 7 16 19 13 0 2 7 0 2 7 0 2 7 1 2 7 0 2 7 0 2 7 17 9 2 0 2 7 0 2 7 0 2 7 0 2 7 16 20 12 0 2 7 8 9 2 0 2 7 0 2 7 0 2 7 0 2 7 0 2 7 0 2 7 0 2 7 0 2 7 6 2 7 0 2 7 0 2 4 16 19 13 0 2 7 0 2 7 12 16 2 1 2 7 1 2 7 0 2 4 0 2 7 0 63.6238072514533997
5 30 3 5 30 3 5 30 3 5 30 3 8 9 2 5 30 3 12 16 2 5 30 3 0 2 11 6 2 11 0 2 8 1 2 11 0 2 8 0 2 7 17 9 2 0 2 11 0 2 7 5 30 3 0 2 11 0 2 7 0 2 3 0 2 7 0 2 3 0 2 11 0 2 11 0 2 8 0 2 7 17 18 2 0 2 11 0 2 11 0 2 11 1 2 11 0 2 7 5 30 3 0 2 12 8 9 2 16 19 12 0 2 7 16 19 11 0 2 12 17 18 2 0 2 11 0 2 7 12 16 2 16 6 2 17 18 2 1 2 11 0 2 11 6 2 11 0 2 11 0 2 11 1 2 11 8 18 2 6 2 11 1 2 11 5 30 3 0 2 11 1 2 8 0 2 7 8 18 2 0 65.7345222234725952
0 2 3 0 2 8 16 19 12 5 30 3 0 2 8 17 18 2 0 2 7 5 30 3 0 2 7 0 2 8 1 2 8 0 2 7 0 2 8 5 30 3 0 2 3 0 2 7 8 18 2 8 18 2 5 30 3 0 2 8 0 2 7 16 19 12 0 2 7 1 2 8 5 30 3 1 2 7 12 16 2 1 2 3 0 2 3 0 2 8 0 2 8 5 31 3 0 2 7 0 2 8 1 2 7 5 30 3 0 2 8 0 2 8 5 30 3 0 2 3 0 2 7 0 2 7 16 19 12 5 30 3 0 2 12 0 2 8 0 2 7 0 2 7 17 9 2 1 2 3 0 2 8 8 9 2 0 2 8 0 2 8 0 2 7 1 2 3 16 19 12 0 2 3 16 19 12 0 2 3 0 66.9353435039520264
12 16 2 8 9 2 1 2 8 5 30 3 16 19 12 16 15 2 0 2 8 0 2 8 13 6 3 16 19 12 5 30 3 16 19 12 5 30 3 0 2 8 5 30 3 0 2 8 5 30 3 5 30 3 0 2 8 0 2 8 8 18 2 1 2 8 5 30 3 8 18 2 16 19 12 0 2 8 13 6 3 0 2 8 8 9 2 8 9 2 0 2 8 0 2 8 8 18 2 16 19 12 8 18 2 8 9 2 0 2 8 0 2 8 0 2 8 0 2 8 0 2 8 12 16 2 12 16 2 8 18 2 1 2 8 12 16 2 16 6 2 12 16 2 0 2 8 8 18 2 0 2 8 0 2 8 0 2 8 0 2 8 0 2 8 12 16 2 0 2 8 0 2 8 5 30 3 0 2 8 0.00291661149385368749 67.7323670387268066
8 18 2 5 30 3 5 30 3 5 30 3 5 30 3 5 30 3 8 18 2 8 9 2 5 30 3 5 30 3 8 9 2 17 9 2 0 2 7 8 18 2 12 16 2 0 2 7 6 3 2 0 2 12 0 2 12 0 2 8 5 30 3 6 2 8 12 16 2 5 31 3 16 6 2 16 19 11 16 19 12 0 2 7 8 18 2 8 9 2 8 18 2 13 6 3 8 9 2 6 2 12 0 2 7 6 2 12 6 2 11 0 2 12 6 2 8 16 15 2 6 2 8 8 18 2 8 9 2 8 18 2 0 2 7 1 2 3 0 2 12 0 2 7 1 2 7 16 19 12 0 2 12 0 2 8 8 9 2 0 2 7 0 2 11 0 2 12 0 2 7 0 2 11 0 2 7 16 6 2 0.0383966048429454226 64.6855102777481079
5 30 3 8 18 2 5 30 3 5 30 3 8 9 2 8 9 2 5 30 3 12 16 2 5 30 3 12 16 2 5 30 3 1 2 8 0 2 7 16 19 1 0 2 8 0 2 7 0 2 7 17 9 2 0 2 7 0 2 8 16 19 11 0 2 8 1 2 8 0 2 7 0 2 7 0 2 1 0 2 8 0 2 7 0 2 7 0 2 7 6 2 7 0 2 8 0 2 7 1 2 8 8 18 2 1 2 7 0 2 10 0 2 7 8 18 2 16 6 2 8 18 2 0 2 7 12 16 2 0 2 7 1 2 7 0 2 7 0 2 7 16 19 11 0 2 7 0 2 8 8 18 2 8 18 2 0 2 7 8 9 2 17 9 2 5 30 3 0 2 8 1 2 10 1 2 8 8 18 2 0.00312952441663745615 65.1499298214912415
12 16 2 17 9 2 5 30 3 6 2 7 0 2 7 5 30 3 5 30 3 0 2 7 5 31 3 0 2 11 5 30 3 5 30 3 0 2 7 5 30 3 8 18 2 12 16 2 12 16 2 12 16 2 0 2 7 12 16 2 0 2 7 17 18 2 0 2 7 5 30 3 6 2 11 16 19 11 0 2 7 0 2 7 0 2 7 16 19 11 0 2 7 13 6 3 0 2 7 0 2 11 6 2 11 0 2 7 0 2 7 16 6 2 0 2 11 0 2 11 1 2 7 0 2 11 0 2 7 17 18 2 0 2 7 6 2 11 1 2 11 0 2 7 0 2 11 8 18 2 0 2 3 0 2 7 0 2 7 0 2 11 5 30 3 0 2 11 0 2 11 6 2 10 16 19 11 1 2 7 0 64.2956945300102234

Current Evaluation = 2700(2700)
Front Size = 10
5 31 3 5 30 3 0 2 7 16 30 2 16 19 11 0 2 7 5 30 3 1 2 7 5 30 3 5 30 3 0 2 7 17 9 2 12 16 2 0 2 7 0 2 7 0 2 7 12 16 2 1 2 7 0 2 4 12 16 2 1 2 7 0 2 7 17 9 2 12 16 2 0 2 3 0 2 7 0 2 7 0 2 7 1 2 7 0 2 7 1 2 11 0 2 7 1 2 7 1 2 7 1 2 4 0 2 7 0 2 7 13 6 3 1 2 7 13 6 3 8 18 2 17 18 2 16 30 2 0 2 7 0 2 7 5 31 3 1 2 11 1 2 7 0 2 7 0 2 7 0 2 7 0 2 7 1 2 7 0 2 7 1 2 7 0 2 7 17 18 2 0 2 7 1 2 7 0 2 7 0 61.167762279510498
5 30 3 5 30 3 5 30 3 5 30 3 8 9 2 5 30 3 12 16 2 5 30 3 0 2 11 6 2 11 0 2 8 1 2 11 0 2 8 0 2 7 17 9 2 0 2 11 0 2 7 5 30 3 0 2 11 0 2 7 0 2 3 0 2 7 0 2 3 0 2 11 0 2 11 0 2 8 0 2 7 17 18 2 0 2 11 0 2 11 0 2 11 1 2 11 0 2 7 5 30 3 0 2 12 8 9 2 16 19 12 0 2 7 16 19 11 0 2 12 17 18 2 0 2 11 0 2 7 12 16 2 16 6 2 17 18 2 1 2 11 0 2 11 6 2 11 0 2 11 0 2 11 1 2 11 8 18 2 6 2 11 1 2 11 5 30 3 0 2 11 1 2 8 0 2 7 8 18 2 0 65.7345222234725952
0 2 7 0 2 7 16 20 12 8 9 2 0 2 11 17 18 2 1 2 7 5 30 3 0 2 4 0 2 7 16 19 11 0 2 7 5 30 3 0 2 7 0 2 11 17 18 2 17 18 2 5 30 3 0 2 7 0 2 7 5 30 3 12 16 2 1 2 7 5 30 3 5 30 3 1 2 11 0 2 11 5 30 3 1 2 7 17 9 2 8 9 2 6 2 7 0 2 4 8 9 2 0 2 7 12 16 2 12 16 2 0 2 7 1 2 11 0 2 7 0 2 7 1 2 11 0 2 11 13 6 3 1 2 11 0 2 11 1 2 7 0 2 7 1 2 7 0 2 7 1 2 11 0 2 7 0 2 7 0 2 1 0 2 7 0 2 7 5 30 3 17 18 2 0 2 11 0 2 7 0 63.2163093686103821
12 16 2 5 30 3 5 30 3 5 30 3 5 30 3 5 30 3 5 30 3 5 30 3 5 30 3 0 2 8 0 2 8 16 19 12 0 2 8 0 2 8 0 2 8 0 2 8 16 19 11 0 2 8 5 30 3 0 2 8 0 2 11 0 2 8 0 2 8 8 9 2 16 19 11 0 2 8 0 2 8 0 2 8 0 2 8 8 9 2 0 2 3 0 2 8 0 2 3 16 19 11 0 2 8 0 2 8 0 2 8 0 2 8 0 2 8 0 2 8 0 2 3 0 2 8 0 2 7 0 2 3 0 2 8 12 16 2 16 19 11 16 19 11 0 2 8 0 2 8 0 2 8 0 2 8 0 2 8 0 2 8 0 2 8 0 2 8 0 2 3 16 19 11 5 31 3 12 16 2 1.57361805096195996e-09 70.0323121547698975
12 16 2 0 2 7 0 2 7 0 2 7 0 2 7 5 31 3 12 16 2 16 19 11 1 2 7 5 30 3 5 30 3 1 2 7 1 2 7 0 2 7 0 2 7 0 2 7 0 2 7 0 2 7 0 2 3 0 2 7 0 2 7 0 2 3 1 2 3 0 2 3 0 2 7 0 2 7 0 2 7 0 2 7 0 2 7 0 2 7 12 16 2 0 2 7 0 2 7 8 9 2 16 6 2 5 31 3 0 2 7 0 2 7 16 6 2 1 2 7 16 6 2 0 2 7 1 2 7 16 9 11 0 2 7 1 2 7 0 2 7 16 6 2 12 16 2 12 16 2 5 30 3 5 31 3 0 2 3 1 2 7 0 2 7 0 2 7 8 9 2 5 31 3 16 6 2 1 2 7 0 62.6047632098197937
12 16 2 0 2 7 5 30 3 0 2 11 0 2 7 5 30 3 5 30 3 0 2 3 1 2 7 8 18 2 5 30 3 12 16 2 1 2 7 0 2 7 0 2 3 1 2 7 0 2 3 1 2 7 12 16 2 16 19 11 16 6 2 16 6 2 0 2 11 0 2 7 5 30 3 12 16 2 5 30 3 8 9 2 1 2 3 0 2 3 0 2 3 0 2 3 5 30 3 8 9 2 0 2 7 0 2 7 0 2 3 16 19 11 0 2 7 1 2 7 0 2 3 0 2 7 0 2 3 0 2 7 0 2 3 0 2 7 1 2 3 1 2 7 0 2 7 0 2 7 0 2 3 16 6 2 0 2 7 5 30 3 0 2 3 16 30 2 0 2 7 0 2 7 1 2 7 16 31 2 0 63.5231033563613892
0 2 3 0 2 8 16 19 12 5 30 3 0 2 8 17 18 2 0 2 7 5 30 3 0 2 7 0 2 8 1 2 8 0 2 7 0 2 8 5 30 3 0 2 3 0 2 7 8 18 2 8 18 2 5 30 3 0 2 8 0 2 7 16 19 12 0 2 7 1 2 8 5 30 3 1 2 7 12 16 2 1 2 3 0 2 3 0 2 8 0 2 8 5 31 3 0 2 7 0 2 8 1 2 7 5 30 3 0 2 8 0 2 8 5 30 3 0 2 3 0 2 7 0 2 7 16 19 12 5 30 3 0 2 12 0 2 8 0 2 7 0 2 7 17 9 2 1 2 3 0 2 8 8 9 2 0 2 8 0 2 8 0 2 7 1 2 3 16 19 12 0 2 3 16 19 12 0 2 3 0 66.9353435039520264
12 16 2 8 9 2 1 2 8 5 30 3 16 19 12 16 15 2 0 2 8 0 2 8 13 6 3 16 19 12 5 30 3 16 19 12 5 30 3 0 2 8 5 30 3 0 2 8 5 30 3 5 30 3 0 2 8 0 2 8 8 18 2 1 2 8 5 30 3 8 18 2 16 19 12 0 2 8 13 6 3 0 2 8 8 9 2 8 9 2 0 2 8 0 2 8 8 18 2 16 19 12 8 18 2 8 9 2 0 2 8 0 2 8 0 2 8 0 2 8 0 2 8 12 16 2 12 16 2 8 18 2 1 2 8 12 16 2 16 6 2 12 16 2 0 2 8 8 18 2 0 2 8 0 2 8 0 2 8 0 2 8 0 2 8 12 16 2 0 2 8 0 2 8 5 30 3 0 2 8 0.00291661149385368749 67.7323670387268066
5 30 3 8 18 2 5 30 3 5 30 3 8 9 2 8 9 2 5 30 3 12 16 2 5 30 3 12 16 2 5 30 3 1 2 8 0 2 7 16 19 1 0 2 8 0 2 7 0 2 7 17 9 2 0 2 7 0 2 8 16 19 11 0 2 8 1 2 8 0 2 7 0 2 7 0 2 1 0 2 8 0 2 7 0 2 7 0 2 7 6 2 7 0 2 8 0 2 7 1 2 8 8 18 2 1 2 7 0 2 10 0 2 7 8 18 2 16 6 2 8 18 2 0 2 7 12 16 2 0 2 7 1 2 7 0 2 7 0 2 7 16 19 11 0 2 7 0 2 8 8 18 2 8 18 2 0 2 7 8 9 2 17 9 2 5 30 3 0 2 8 1 2 10 1 2 8 8 18 2 0.00312952441663745615 65.1499298214912415
1 2 11 0 2 11 1 2 11 5 31 3 16 19 11 0 2 3 6 2 7 16 19 11 5 30 3 0 2 7 5 31 3 0 2 7 5 30 3 0 2 7 5 30 3 5 30 3 0 2 7 0 2 3 0 2 3 1 2 7 5 30 3 17 18 2 0 2 7 1 2 7 1 2 11 0 2 7 0 2 7 16 19 11 0 2 10 0 2 7 0 2 7 0 2 7 5 30 3 16 30 2 0 2 7 0 2 7 17 9 2 6 2 7 0 2 7 0 2 7 0 2 7 1 2 3 12 16 2 5 30 3 8 18 2 1 2 7 1 2 3 0 2 11 0 2 7 0 2 7 0 2 11 6 2 7 17 18 2 0 2 7 0 2 3 0 2 7 6 2 7 0 2 7 0 2 7 0 2 7 0 63.6226414442062378

Current Evaluation = 3600(3600)
Front Size = 10
5 31 3 5 30 3 0 2 7 16 30 2 16 19 11 0 2 7 5 30 3 1 2 7 5 30 3 5 30 3 0 2 7 17 9 2 12 16 2 0 2 7 0 2 7 0 2 7 12 16 2 1 2 7 0 2 4 12 16 2 1 2 7 0 2 7 17 9 2 12 16 2 0 2 3 0 2 7 0 2 7 0 2 7 1 2 7 0 2 7 1 2 11 0 2 7 1 2 7 1 2 7 1 2 4 0 2 7 0 2 7 13 6 3 1 2 7 13 6 3 8 18 2 17 18 2 16 30 2 0 2 7 0 2 7 5 31 3 1 2 11 1 2 7 0 2 7 0 2 7 0 2 7 0 2 7 1 2 7 0 2 7 1 2 7 0 2 7 17 18 2 0 2 7 1 2 7 0 2 7 0 61.167762279510498
5 30 3 5 31 3 5 30 3 16 6 2 5 31 3 12 16 2 5 30 3 0 2 7 0 2 7 0 2 4 0 2 4 5 30 3 0 2 7 0 2 3 12 16 2 8 9 2 0 2 3 16 19 11 16 18 11 12 16 2 8 18 2 1 2 7 0 2 7 0 2 4 1 2 3 0 2 7 0 2 3 0 2 7 0 2 7 0 2 7 16 19 11 0 2 7 1 2 3 1 2 7 16 18 11 0 2 7 1 2 7 0 2 7 5 30 3 0 2 7 12 16 2 0 2 7 0 2 3 0 2 7 1 2 3 16 6 2 1 2 7 1 2 7 1 2 3 0 2 7 0 2 7 0 2 7 0 2 7 0 2 7 17 18 2 0 2 7 0 2 7 0 2 10 1 2 7 12 16 2 0 63.4685112237930298
5 30 3 5 30 3 5 30 3 5 30 3 8 9 2 5 30 3 12 16 2 5 30 3 0 2 11 6 2 11 0 2 8 1 2 11 0 2 8 0 2 7 17 9 2 0 2 11 0 2 7 5 30 3 0 2 11 0 2 7 0 2 3 0 2 7 0 2 3 0 2 11 0 2 11 0 2 8 0 2 7 17 18 2 0 2 11 0 2 11 0 2 11 1 2 11 0 2 7 5 30 3 0 2 12 8 9 2 16 19 12 0 2 7 16 19 11 0 2 12 17 18 2 0 2 11 0 2 7 12 16 2 16 6 2 17 18 2 1 2 11 0 2 11 6 2 11 0 2 11 0 2 11 1 2 11 8 18 2 6 2 11 1 2 11 5 30 3 0 2 11 1 2 8 0 2 7 8 18 2 0 65.7345222234725952
12 16 2 17 1 2 0 2 7 5 30 3 0 2 7 0 2 7 5 30 3 5 30 3 0 2 7 5 30 3 0 2 7 5 30 3 5 30 3 0 2 3 0 2 7 5 30 3 0 2 7 5 30 3 16 19 11 0 2 7 17 9 2 0 2 7 8 18 2 8 9 2 12 16 2 12 16 2 1 2 7 0 2 7 16 15 2 0 2 7 1 2 7 0 2 7 0 2 7 16 19 11 17 9 2 6 2 7 12 16 2 0 2 7 6 2 7 0 2 7 1 2 10 0 2 7 0 2 7 1 2 11 0 2 7 8 9 2 0 2 7 0 2 7 12 16 2 16 19 11 0 2 7 8 9 2 0 2 7 0 2 7 0 2 7 0 2 11 0 2 7 0 2 7 0 2 7 1 2 7 0 63.5199859142303467
5 30 3 0 2 8 5 30 3 5 30 3 17 9 2 5 30 3 0 2 11 5 30 3 0 2 7 0 2 7 0 2 7 17 18 2 0 2 7 1 2 7 5 30 3 0 2 7 0 2 4 0 2 7 1 2 7 0 2 7 0 2 7 0 2 7 0 2 3 17 18 2 1 2 7 1 2 7 0 2 7 12 16 2 5 30 3 0 2 11 16 19 12 17 18 2 0 2 7 12 16 2 16 19 11 8 18 2 0 2 7 8 1 2 0 2 7 1 2 7 0 2 7 0 2 7 1 2 11 8 18 2 6 2 11 0 2 7 0 2 12 0 2 7 17 18 2 0 2 11 0 2 7 1 2 1 1 2 7 0 2 11 0 2 7 0 2 7 15 2 11 5 30 3 1 2 7 0 2 7 0 63.614627480506897
12 16 2 8 9 2 1 2 8 5 30 3 16 19 12 16 15 2 0 2 8 0 2 8 13 6 3 16 19 12 5 30 3 16 19 12 5 30 3 0 2 8 5 30 3 0 2 8 5 30 3 5 30 3 0 2 8 0 2 8 8 18 2 1 2 8 5 30 3 8 18 2 16 19 12 0 2 8 13 6 3 0 2 8 8 9 2 8 9 2 0 2 8 0 2 8 8 18 2 16 19 12 8 18 2 8 9 2 0 2 8 0 2 8 0 2 8 0 2 8 0 2 8 12 16 2 12 16 2 8 18 2 1 2 8 12 16 2 16 6 2 12 16 2 0 2 8 8 18 2 0 2 8 0 2 8 0 2 8 0 2 8 0 2 8 12 16 2 0 2 8 0 2 8 5 30 3 0 2 8 0.00291661149385368749 67.7323670387268066
12 16 2 0 2 7 1 2 7 0 2 7 1 2 4 5 31 3 5 30 3 1 2 7 1 2 7 1 2 7 0 2 7 1 2 4 0 2 7 1 2 7 0 2 7 5 30 3 0 2 7 17 18 2 0 2 7 0 2 7 0 2 7 0 2 7 0 2 7 0 2 7 0 2 3 17 18 2 0 2 7 0 2 7 0 2 7 16 18 11 12 16 2 12 16 2 5 31 3 0 2 7 1 2 7 0 2 7 16 9 11 0 2 7 8 9 2 6 2 7 0 2 4 0 2 4 0 2 4 17 9 2 1 2 7 1 2 4 0 2 7 5 31 3 0 2 3 1 2 4 1 2 4 1 2 7 17 9 2 16 15 2 1 2 7 0 2 4 0 2 7 0 2 3 1 2 3 0 2 7 0 61.840049684047699
5 30 3 1 2 4 5 30 3 5 30 3 8 9 2 5 30 3 12 16 2 5 30 3 0 2 7 0 2 7 0 2 7 0 2 11 5 30 3 1 2 3 0 2 11 17 18 2 0 2 7 0 2 11 0 2 7 5 30 3 17 9 2 0 2 7 16 19 11 0 2 7 12 16 2 16 6 2 8 18 2 0 2 7 0 2 3 1 2 7 0 2 11 0 2 7 0 2 7 6 2 4 0 2 11 0 2 11 1 2 3 0 2 7 0 2 7 0 2 3 0 2 11 6 2 7 1 2 7 16 19 11 0 2 7 0 2 3 1 2 11 17 18 2 1 2 7 0 2 11 16 19 11 0 2 3 0 2 7 0 2 7 0 2 7 1 2 3 5 30 3 0 2 7 1 2 7 8 18 2 0 63.9438877105712891
0 2 3 0 2 8 16 19 12 5 30 3 0 2 8 17 18 2 0 2 7 5 30 3 0 2 7 0 2 8 1 2 8 0 2 7 0 2 8 5 30 3 0 2 3 0 2 7 8 18 2 8 18 2 5 30 3 0 2 8 0 2 7 16 19 12 0 2 7 1 2 8 5 30 3 1 2 7 12 16 2 1 2 3 0 2 3 0 2 8 0 2 8 5 31 3 0 2 7 0 2 8 1 2 7 5 30 3 0 2 8 0 2 8 5 30 3 0 2 3 0 2 7 0 2 7 16 19 12 5 30 3 0 2 12 0 2 8 0 2 7 0 2 7 17 9 2 1 2 3 0 2 8 8 9 2 0 2 8 0 2 8 0 2 7 1 2 3 16 19 12 0 2 3 16 19 12 0 2 3 0 66.9353435039520264
12 16 2 5 30 3 5 30 3 5 30 3 5 30 3 5 30 3 5 30 3 5 30 3 5 30 3 0 2 8 0 2 8 16 19 12 0 2 8 0 2 8 0 2 8 0 2 8 16 19 11 0 2 8 5 30 3 0 2 8 0 2 11 0 2 8 0 2 8 8 9 2 16 19 11 0 2 8 0 2 8 0 2 8 0 2 8 8 9 2 0 2 3 0 2 8 0 2 3 16 19 11 0 2 8 0 2 8 0 2 8 0 2 8 0 2 8 0 2 8 0 2 3 0 2 8 0 2 7 0 2 3 0 2 8 12 16 2 16 19 11 16 19 11 0 2 8 0 2 8 0 2 8 0 2 8 0 2 8 0 2 8 0 2 8 0 2 8 0 2 3 16 19 11 5 31 3 12 16 2 1.57361805096195996e-09 70.0323121547698975

Current Evaluation = 4500(4500)
Front Size = 10
12 16 2 5 31 3 0 2 7 1 2 7 5 31 3 0 2 7 0 2 7 0 2 7 5 31 3 8 18 2 17 18 2 12 16 2 0 2 7 1 2 7 1 2 7 1 2 4 0 2 4 0 2 7 0 2 7 0 2 7 0 2 7 1 2 7 0 2 4 0 2 4 0 2 4 1 2 7 17 18 2 1 2 7 8 18 2 0 2 7 0 2 7 12 16 2 1 2 7 1 2 7 0 2 4 1 2 7 0 2 7 1 2 7 0 2 7 0 2 4 12 16 2 13 6 3 16 24 2 1 2 7 12 16 2 5 30 3 0 2 7 0 2 7 0 2 7 1 2 4 0 2 7 17 18 2 0 2 7 17 18 2 5 30 3 0 2 4 16 6 2 1 2 7 0 2 7 16 6 2 0 60.9481794834136963
12 16 2 8 9 2 1 2 8 5 30 3 16 19 12 16 15 2 0 2 8 0 2 8 13 6 3 16 19 12 5 30 3 16 19 12 5 30 3 0 2 8 5 30 3 0 2 8 5 30 3 5 30 3 0 2 8 0 2 8 8 18 2 1 2 8 5 30 3 8 18 2 16 19 12 0 2 8 13 6 3 0 2 8 8 9 2 8 9 2 0 2 8 0 2 8 8 18 2 16 19 12 8 18 2 8 9 2 0 2 8 0 2 8 0 2 8 0 2 8 0 2 8 12 16 2 12 16 2 8 18 2 1 2 8 12 16 2 16 6 2 12 16 2 0 2 8 8 18 2 0 2 8 0 2 8 0 2 8 0 2 8 0 2 8 12 16 2 0 2 8 0 2 8 5 30 3 0 2 8 0.00291661149385368749 67.7323670387268066
5 30 3 1 2 4 5 30 3 5 30 3 8 9 2 5 30 3 12 16 2 5 30 3 0 2 7 0 2 7 0 2 7 0 2 11 5 30 3 1 2 3 0 2 11 17 18 2 0 2 7 0 2 11 0 2 7 5 30 3 17 9 2 0 2 7 16 19 11 0 2 7 12 16 2 16 6 2 8 18 2 0 2 7 0 2 3 1 2 7 0 2 11 0 2 7 0 2 7 6 2 4 0 2 11 0 2 11 1 2 3 0 2 7 0 2 7 0 2 3 0 2 11 6 2 7 1 2 7 16 19 11 0 2 7 0 2 3 1 2 11 17 18 2 1 2 7 0 2 11 16 19 11 0 2 3 0 2 7 0 2 7 0 2 7 1 2 3 5 30 3 0 2 7 1 2 7 8 18 2 0 63.9438877105712891
5 31 3 5 30 3 0 2 7 16 30 2 16 19 11 0 2 7 5 30 3 1 2 7 5 30 3 5 30 3 0 2 7 17 9 2 12 16 2 0 2 7 0 2 7 0 2 7 12 16 2 1 2 7 0 2 4 12 16 2 1 2 7 0 2 7 17 9 2 12 16 2 0 2 3 0 2 7 0 2 7 0 2 7 1 2 7 0 2 7 1 2 11 0 2 7 1 2 7 1 2 7 1 2 4 0 2 7 0 2 7 13 6 3 1 2 7 13 6 3 8 18 2 17 18 2 16 30 2 0 2 7 0 2 7 5 31 3 1 2 11 1 2 7 0 2 7 0 2 7 0 2 7 0 2 7 1 2 7 0 2 7 1 2 7 0 2 7 17 18 2 0 2 7 1 2 7 0 2 7 0 61.167762279510498
12 16 2 5 30 3 0 2 7 5 30 3 16 6 2 12 16 2 5 30 3 5 30 3 13 6 3 0 2 3 0 2 7 0 2 7 1 2 7 1 2 7 0 2 3 0 2 3 1 2 7 12 16 2 0 2 3 12 16 2 16 6 2 1 2 7 0 2 7 16 18 11 0 2 7 0 2 7 0 2 7 0 2 3 0 2 3 5 30 3 1 2 3 1 2 3 1 2 7 1 2 7 0 2 7 17 18 2 1 2 7 1 2 7 0 2 4 12 16 2 0 2 3 0 2 3 0 2 3 0 2 3 0 2 4 0 2 3 0 2 3 0 2 3 16 18 11 16 6 2 0 2 3 0 2 3 0 2 3 8 18 2 1 2 7 0 2 7 1 2 3 0 2 3 16 19 11 5 31 3 0 63.4211914539337158
12 16 2 5 30 3 1 2 7 8 9 2 16 6 2 12 16 2 5 30 3 5 30 3 13 6 3 0 2 7 1 2 3 0 2 7 1 2 7 0 2 7 1 2 7 1 2 7 0 2 7 5 31 3 0 2 7 0 2 7 1 2 7 0 2 7 0 2 7 0 2 3 1 2 3 0 2 7 5 30 3 0 2 7 1 2 3 0 2 3 0 2 3 1 2 3 17 18 2 0 2 7 0 2 7 0 2 3 17 18 2 0 2 4 16 19 11 12 16 2 1 2 7 0 2 7 16 6 2 1 2 7 0 2 7 5 30 3 0 2 7 0 2 7 0 2 3 8 9 2 0 2 3 16 6 2 16 30 2 0 2 7 1 2 3 0 2 7 0 2 3 0 2 3 0 2 7 5 30 3 0 62.3154714107513428
0 2 3 0 2 8 16 19 12 5 30 3 0 2 8 17 18 2 0 2 7 5 30 3 0 2 7 0 2 8 1 2 8 0 2 7 0 2 8 5 30 3 0 2 3 0 2 7 8 18 2 8 18 2 5 30 3 0 2 8 0 2 7 16 19 12 0 2 7 1 2 8 5 30 3 1 2 7 12 16 2 1 2 3 0 2 3 0 2 8 0 2 8 5 31 3 0 2 7 0 2 8 1 2 7 5 30 3 0 2 8 0 2 8 5 30 3 0 2 3 0 2 7 0 2 7 16 19 12 5 30 3 0 2 12 0 2 8 0 2 7 0 2 7 17 9 2 1 2 3 0 2 8 8 9 2 0 2 8 0 2 8 0 2 7 1 2 3 16 19 12 0 2 3 16 19 12 0 2 3 0 66.9353435039520264
5 30 3 5 30 3 5 30 3 5 30 3 8 9 2 5 30 3 12 16 2 5 30 3 0 2 11 6 2 11 0 2 8 1 2 11 0 2 8 0 2 7 17 9 2 0 2 11 0 2 7 5 30 3 0 2 11 0 2 7 0 2 3 0 2 7 0 2 3 0 2 11 0 2 11 0 2 8 0 2 7 17 18 2 0 2 11 0 2 11 0 2 11 1 2 11 0 2 7 5 30 3 0 2 12 8 9 2 16 19 12 0 2 7 16 19 11 0 2 12 17 18 2 0 2 11 0 2 7 12 16 2 16 6 2 17 18 2 1 2 11 0 2 11 6 2 11 0 2 11 0 2 11 1 2 11 8 18 2 6 2 11 1 2 11 5 30 3 0 2 11 1 2 8 0 2 7 8 18 2 0 65.7345222234725952
12 16 2 5 30 3 5 30 3 16 6 2 12 16 2 5 30 3 5 31 3 13 6 3 12 16 2 12 16 2 5 30 3 12 16 2 17 18 2 0 2 7 8 9 2 5 30 3 0 2 7 0 2 7 8 18 2 1 2 7 0 2 7 1 2 7 16 19 11 16 6 2 0 2 7 5 30 3 0 2 7 8 9 2 0 2 7 0 2 11 0 2 7 0 2 11 17 18 2 0 2 7 1 2 7 16 19 11 0 2 12 0 2 7 0 2 7 0 2 7 8 18 2 0 2 7 0 2 11 5 30 3 0 2 7 0 2 7 0 2 7 0 2 7 0 2 7 16 19 11 0 2 7 0 2 7 1 2 7 0 2 7 1 2 11 0 2 7 0 2 7 1 2 11 1 2 7 12 16 2 0 63.5068509578704834
12 16 2 5 31 3 0 2 4 1 2 7 0 2 7 1 2 7 5 30 3 8 18 2 17 18 2 12 16 2 0 2 7 1 2 7 1 2 7 0 2 7 0 2 7 0 2 4 0 2 7 0 2 7 0 2 7 0 2 7 0 2 7 1 2 7 1 2 7 1 2 7 12 16 2 1 2 7 1 2 7 16 6 2 12 16 2 13 6 3 0 2 3 1 2 11 5 31 3 0 2 3 0 2 3 0 2 3 0 2 4 16 18 11 0 2 4 0 2 3 0 2 7 0 2 7 17 18 2 0 2 3 1 2 3 17 9 2 0 2 3 5 30 3 0 2 7 16 20 12 12 16 2 0 2 7 0 2 11 0 2 3 6 2 7 0 2 7 0 2 7 1 2 3 0 2 3 5 30 3 0.000631935319338813991 62.6656535863876343

Current Evaluation = 5400(5400)
Front Size = 10
12 16 2 5 31 3 0 2 7 1 2 11 5 31 3 0 2 4 0 2 7 0 2 7 5 31 3 8 18 2 17 18 2 12 16 2 1 2 7 1 2 7 1 2 7 1 2 4 0 2 7 1 2 7 0 2 7 0 2 7 0 2 7 1 2 7 0 2 4 0 2 4 0 2 4 1 2 7 17 18 2 1 2 4 8 18 2 0 2 7 0 2 4 12 16 2 1 2 7 1 2 7 0 2 7 1 2 7 0 2 7 0 2 7 0 2 7 0 2 7 0 2 7 13 6 3 16 6 2 1 2 7 12 16 2 5 30 3 0 2 7 0 2 7 0 2 7 1 2 7 0 2 7 17 18 2 0 2 7 17 18 2 5 30 3 0 2 7 16 6 2 1 2 7 0 2 7 16 6 2 0 60.8275943994522095
1 2 7 5 30 3 5 30 3 12 16 2 5 30 3 0 2 7 8 18 2 12 16 2 12 16 2 16 15 2 5 30 3 8 18 2 5 30 3 16 6 2 5 30 3 8 18 2 0 2 7 8 9 2 1 2 7 0 2 3 0 2 3 16 19 11 0 2 7 1 2 8 0 2 3 16 19 12 0 2 7 0 2 7 0 2 3 16 19 12 0 2 8 17 9 2 5 30 3 16 19 11 0 2 7 0 2 3 0 2 7 1 2 7 0 2 7 12 16 2 1 2 7 0 2 3 0 2 3 12 16 2 0 2 3 0 2 7 0 2 7 0 2 7 0 2 8 0 2 3 0 2 12 0 2 7 0 2 3 1 2 7 8 18 2 0 2 3 1 2 7 0 2 7 0 2 3 0 2 3 0 65.0797743797302246
0 2 7 5 30 3 17 18 2 0 2 7 5 30 3 0 2 7 0 2 7 5 31 3 1 2 4 0 2 7 5 31 3 0 2 7 1 2 7 5 30 3 0 2 7 12 16 2 0 2 7 1 2 1 0 2 7 0 2 7 0 2 7 6 2 7 1 2 7 6 2 7 0 2 7 0 2 7 1 2 7 0 2 7 0 2 7 12 16 2 6 2 7 0 2 7 12 16 2 16 19 11 0 2 7 0 2 7 0 2 7 16 6 2 1 2 7 0 2 7 16 19 11 17 18 2 0 2 7 12 16 2 0 2 7 13 6 3 17 18 2 17 9 2 0 2 7 0 2 7 8 9 2 0 2 7 5 30 3 5 30 3 13 6 3 0 2 7 1 2 7 5 30 3 1 2 7 0 2 4 0 62.0219871401786804
5 31 3 5 31 3 5 31 3 12 16 2 17 18 2 5 31 3 0 2 11 5 31 3 12 16 2 5 30 3 16 20 12 0 2 7 0 2 7 0 2 4 0 2 7 0 2 7 0 2 7 1 2 7 1 2 4 0 2 7 12 16 2 1 2 7 1 2 7 1 2 7 12 16 2 1 2 4 1 2 11 12 16 2 1 2 4 0 2 4 0 2 3 0 2 7 16 9 11 0 2 7 0 2 7 0 2 7 0 2 7 0 2 3 1 2 7 0 2 3 1 2 7 1 2 1 0 2 7 0 2 7 0 2 7 0 2 7 1 2 7 0 2 7 0 2 7 6 2 7 0 2 7 17 9 2 6 2 7 0 2 7 0 2 7 17 18 2 0 2 7 16 20 12 0 2 11 16 9 11 0 62.9043117761611938
5 30 3 5 30 3 5 30 3 5 30 3 8 9 2 5 30 3 12 16 2 5 30 3 0 2 11 6 2 11 0 2 8 1 2 11 0 2 8 0 2 7 17 9 2 0 2 11 0 2 7 5 30 3 0 2 11 0 2 7 0 2 3 0 2 7 0 2 3 0 2 11 0 2 11 0 2 8 0 2 7 17 18 2 0 2 11 0 2 11 0 2 11 1 2 11 0 2 7 5 30 3 0 2 12 8 9 2 16 19 12 0 2 7 16 19 11 0 2 12 17 18 2 0 2 11 0 2 7 12 16 2 16 6 2 17 18 2 1 2 11 0 2 11 6 2 11 0 2 11 0 2 11 1 2 11 8 18 2 6 2 11 1 2 11 5 30 3 0 2 11 1 2 8 0 2 7 8 18 2 0 65.7345222234725952
5 30 3 5 30 3 0 2 11 5 30 3 8 9 2 5 30 3 12 16 2 5 30 3 0 2 11 0 2 7 0 2 7 1 2 7 1 2 11 1 2 7 17 9 2 0 2 4 0 2 7 6 2 11 0 2 7 0 2 7 0 2 4 0 2 1 0 2 7 1 2 7 0 2 1 8 9 2 0 2 7 17 18 2 0 2 11 0 2 11 1 2 7 1 2 7 0 2 11 5 30 3 0 2 7 8 9 2 0 2 7 0 2 7 16 19 11 0 2 11 17 18 2 0 2 7 0 2 4 12 16 2 16 6 2 17 18 2 0 2 7 0 2 7 1 2 7 0 2 7 0 2 1 1 2 4 8 18 2 0 2 1 1 2 7 5 30 3 1 2 7 1 2 7 0 2 7 17 18 2 0 63.3759348392486572
12 16 2 5 30 3 0 2 7 5 30 3 16 6 2 12 16 2 5 30 3 5 30 3 13 6 3 0 2 3 0 2 7 0 2 7 1 2 7 1 2 7 0 2 3 0 2 3 1 2 7 12 16 2 0 2 3 12 16 2 16 6 2 1 2 7 0 2 7 16 18 11 0 2 7 0 2 7 0 2 7 0 2 3 0 2 3 5 30 3 1 2 3 1 2 3 1 2 7 1 2 7 0 2 7 17 18 2 1 2 7 1 2 7 0 2 4 12 16 2 0 2 3 0 2 3 0 2 3 0 2 3 0 2 4 0 2 3 0 2 3 0 2 3 16 18 11 16 6 2 0 2 3 0 2 3 0 2 3 8 18 2 1 2 7 0 2 7 1 2 3 0 2 3 16 19 11 5 31 3 0 63.4211914539337158
5 30 3 0 2 3 5 30 3 0 2 7 1 2 7 5 30 3 1 2 7 17 18 2 0 2 3 1 2 7 1 2 7 12 16 2 1 2 7 5 31 3 0 2 7 1 2 7 0 2 3 0 2 7 0 2 7 0 2 3 13 6 3 0 2 7 5 30 3 0 2 7 0 2 7 12 16 2 0 2 7 13 6 3 1 2 7 0 2 7 0 2 4 0 2 7 0 2 7 0 2 7 12 16 2 0 2 7 1 2 3 5 30 3 16 6 2 16 19 11 1 2 7 17 18 2 1 2 7 1 2 7 1 2 7 0 2 3 0 2 7 0 2 4 0 2 7 0 2 3 17 18 2 0 2 7 1 2 7 0 2 7 0 2 7 17 9 2 16 19 11 8 18 2 0 2 7 1 2 7 0 61.7570892572402954
12 16 2 5 30 3 0 2 7 5 30 3 16 6 2 12 16 2 1 2 3 5 30 3 0 2 7 1 2 7 0 2 7 0 2 7 1 2 3 1 2 7 0 2 3 0 2 7 1 2 7 0 2 7 17 18 2 8 18 2 0 2 7 16 19 11 13 6 3 0 2 3 0 2 7 0 2 7 8 9 2 0 2 7 0 2 7 12 16 2 0 2 7 5 30 3 16 19 11 0 2 7 0 2 7 0 2 3 17 9 2 0 2 3 1 2 4 0 2 7 0 2 3 0 2 7 12 16 2 1 2 3 0 2 7 0 2 7 5 30 3 0 2 7 5 30 3 16 19 11 1 2 11 0 2 3 16 6 2 8 18 2 0 2 7 0 2 7 0 2 7 1 2 7 1 2 7 5 30 3 0 63.0240240097045898
12 16 2 8 9 2 1 2 8 5 30 3 16 19 12 16 15 2 0 2 8 0 2 8 13 6 3 16 19 12 5 30 3 16 19 12 5 30 3 0 2 8 5 30 3 0 2 8 5 30 3 5 30 3 0 2 8 0 2 8 8 18 2 1 2 8 5 30 3 8 18 2 16 19 12 0 2 8 13 6 3 0 2 8 8 9 2 8 9 2 0 2 8 0 2 8 8 18 2 16 19 12 8 18 2 8 9 2 0 2 8 0 2 8 0 2 8 0 2 8 0 2 8 12 16 2 12 16 2 8 18 2 1 2 8 12 16 2 16 6 2 12 16 2 0 2 8 8 18 2 0 2 8 0 2 8 0 2 8 0 2 8 0 2 8 12 16 2 0 2 8 0 2 8 5 30 3 0 2 8 0.00291661149385368749 67.7323670387268066

Current Evaluation = 6300(6300)
Front Size = 10
12 16 2 5 31 3 0 2 7 1 2 11 5 31 3 0 2 4 0 2 7 0 2 7 5 31 3 8 18 2 17 18 2 12 16 2 1 2 7 1 2 7 1 2 7 1 2 4 0 2 7 1 2 7 0 2 7 0 2 7 0 2 7 1 2 7 0 2 4 0 2 4 0 2 4 1 2 7 17 18 2 1 2 4 8 18 2 0 2 7 0 2 4 12 16 2 1 2 7 1 2 7 0 2 7 1 2 7 0 2 7 0 2 7 0 2 7 0 2 7 0 2 7 13 6 3 16 6 2 1 2 7 12 16 2 5 30 3 0 2 7 0 2 7 0 2 7 1 2 7 0 2 7 17 18 2 0 2 7 17 18 2 5 30 3 0 2 7 16 6 2 1 2 7 0 2 7 16 6 2 0 60.8275943994522095
5 30 3 5 30 3 5 30 3 5 30 3 8 9 2 5 30 3 12 16 2 5 30 3 0 2 11 6 2 11 0 2 8 1 2 11 0 2 8 0 2 7 17 9 2 0 2 11 0 2 7 5 30 3 0 2 11 0 2 7 0 2 3 0 2 7 0 2 3 0 2 11 0 2 11 0 2 8 0 2 7 17 18 2 0 2 11 0 2 11 0 2 11 1 2 11 0 2 7 5 30 3 0 2 12 8 9 2 16 19 12 0 2 7 16 19 11 0 2 12 17 18 2 0 2 11 0 2 7 12 16 2 16 6 2 17 18 2 1 2 11 0 2 11 6 2 11 0 2 11 0 2 11 1 2 11 8 18 2 6 2 11 1 2 11 5 30 3 0 2 11 1 2 8 0 2 7 8 18 2 0 65.7345222234725952
12 16 2 8 9 2 5 30 3 13 6 3 5 30 3 5 30 3 5 30 3 5 30 3 5 30 3 5 30 3 8 9 2 12 16 2 12 16 2 16 6 2 1 2 8 16 19 12 0 2 7 0 2 8 0 2 7 16 19 12 0 2 3 0 2 8 0 2 7 0 2 8 0 2 8 8 18 2 1 2 8 8 18 2 16 19 12 0 2 8 13 6 3 0 2 8 0 2 7 0 2 8 0 2 3 8 18 2 0 2 7 0 2 7 16 19 11 0 2 8 0 2 8 0 2 8 0 2 8 0 2 7 8 18 2 1 2 8 12 16 2 0 2 3 0 2 7 0 2 7 0 2 8 0 2 8 0 2 8 0 2 8 0 2 3 12 16 2 0 2 8 0 2 7 16 6 2 0 2 8 0.00238098264185758468 66.2724673748016357
0 2 7 5 30 3 5 30 3 5 30 3 17 9 2 12 16 2 5 30 3 1 2 7 17 9 2 0 2 11 1 2 7 5 30 3 0 2 11 0 2 7 0 2 7 0 2 4 13 6 3 8 18 2 1 2 7 0 2 7 12 16 2 16 6 2 0 2 7 1 2 4 0 2 7 1 2 10 0 2 7 0 2 7 1 2 7 1 2 4 0 2 11 1 2 7 0 2 7 1 2 7 0 2 7 17 9 2 0 2 11 0 2 7 12 16 2 17 9 2 1 2 7 0 2 7 0 2 7 5 30 3 1 2 4 5 30 3 0 2 7 0 2 11 0 2 7 8 9 2 0 2 11 17 9 2 1 2 7 0 2 7 0 2 11 16 19 11 0 2 11 0 2 11 0 2 7 8 9 2 0 62.5055958032608032
12 16 2 5 30 3 0 2 7 5 30 3 16 6 2 12 16 2 5 30 3 5 30 3 13 6 3 0 2 3 0 2 7 0 2 7 1 2 7 1 2 7 0 2 3 0 2 3 1 2 7 12 16 2 0 2 3 12 16 2 16 6 2 1 2 7 0 2 7 16 18 11 0 2 7 0 2 7 0 2 7 0 2 3 0 2 3 5 30 3 1 2 3 1 2 3 1 2 7 1 2 7 0 2 7 17 18 2 1 2 7 1 2 7 0 2 4 12 16 2 0 2 3 0 2 3 0 2 3 0 2 3 0 2 4 0 2 3 0 2 3 0 2 3 16 18 11 16 6 2 0 2 3 0 2 3 0 2 3 8 18 2 1 2 7 0 2 7 1 2 3 0 2 3 16 19 11 5 31 3 0 63.4211914539337158
12 16 2 1 2 7 13 6 3 5 30 3 16 6 2 5 31 3 12 16 2 12 16 2 1 2 7 16 6 2 16 30 2 0 2 7 0 2 7 0 2 7 0 2 7 1 2 7 0 2 3 0 2 7 0 2 7 0 2 3 0 2 4 1 2 7 0 2 7 1 2 3 0 2 7 1 2 3 16 31 2 12 16 2 0 2 7 0 2 3 1 2 7 0 2 7 1 2 7 1 2 7 0 2 7 0 2 3 17 9 2 5 30 3 1 2 3 5 30 3 0 2 7 0 2 7 0 2 7 0 2 7 0 2 3 16 6 2 0 2 7 0 2 7 1 2 11 0 2 7 17 18 2 8 9 2 1 2 7 0 2 7 0 2 3 5 31 3 1 2 3 1 2 3 0 2 7 1 2 7 0 61.5160055160522461
0 2 7 5 30 3 5 30 3 5 30 3 12 16 2 0 2 7 1 2 7 0 2 7 8 18 2 12 16 2 0 2 7 6 2 7 0 2 7 0 2 7 13 6 3 12 16 2 16 19 11 17 9 2 0 2 7 0 2 7 1 2 7 1 2 7 5 30 3 0 2 7 0 2 7 0 2 7 0 2 7 1 2 7 17 1 2 12 16 2 1 2 11 0 2 7 0 2 7 0 2 7 1 2 7 1 2 7 0 2 7 0 2 7 0 2 7 0 2 7 5 30 3 5 31 3 17 9 2 8 18 2 0 2 7 5 30 3 5 30 3 0 2 7 8 9 2 0 2 7 0 2 7 16 30 2 0 2 7 0 2 7 6 2 7 12 16 2 16 15 2 0 2 7 17 18 2 0 2 7 0 62.2468310594558716
5 30 3 5 30 3 5 30 3 5 30 3 1 2 7 5 30 3 0 2 7 0 2 7 16 19 11 0 2 3 0 2 7 12 16 2 1 2 7 1 2 7 0 2 7 0 2 7 0 2 7 0 2 7 16 30 2 0 2 7 0 2 7 0 2 3 5 30 3 0 2 3 1 2 7 0 2 3 1 2 7 17 18 2 0 2 7 1 2 7 17 9 2 0 2 4 5 30 3 1 2 7 0 2 4 0 2 7 0 2 7 0 2 4 1 2 7 17 18 2 13 6 3 0 2 3 0 2 7 17 18 2 1 2 3 1 2 7 8 9 2 1 2 7 12 16 2 1 2 3 0 2 4 17 1 2 0 2 7 0 2 7 0 2 7 0 2 7 1 2 3 0 2 7 0 2 7 15 2 11 0 61.9329113960266113
0 2 7 5 30 3 5 30 3 5 30 3 12 16 2 5 30 3 5 30 3 0 2 7 1 2 7 1 2 7 8 18 2 0 2 3 12 16 2 16 30 2 0 2 7 0 2 7 0 2 7 0 2 7 0 2 7 0 2 3 12 16 2 5 30 3 5 30 3 8 9 2 16 19 11 8 9 2 17 9 2 0 2 10 16 19 11 0 2 7 0 2 10 0 2 7 1 2 7 6 2 7 5 31 3 0 2 7 0 2 7 0 2 7 0 2 7 1 2 7 0 2 11 17 9 2 0 2 11 12 16 2 0 2 7 0 2 1 0 2 7 1 2 7 1 2 7 0 2 3 16 6 2 0 2 10 16 19 11 1 2 7 0 2 7 0 2 7 1 2 3 0 2 7 0 2 7 0 2 7 0 63.6652052998542786
5 30 3 0 2 7 5 30 3 17 9 2 1 2 7 5 30 3 5 30 3 1 2 7 1 2 3 0 2 7 17 18 2 0 2 7 16 6 2 1 2 11 0 2 1 0 2 7 1 2 7 1 2 11 13 6 3 5 30 3 8 18 2 0 2 4 1 2 7 16 19 11 1 2 3 17 9 2 0 2 4 0 2 11 0 2 7 0 2 7 0 2 7 5 30 3 0 2 1 8 18 2 0 2 7 0 2 7 5 30 3 1 2 7 0 2 7 1 2 4 0 2 11 8 18 2 0 2 7 0 2 7 12 16 2 0 2 7 1 2 3 12 16 2 0 2 7 6 2 7 0 2 7 17 9 2 0 2 11 1 2 7 0 2 11 0 2 7 0 2 7 17 18 2 0 2 7 0 2 11 0 62.7203386425971985

Current Evaluation = 7200(7200)
Front Size = 10
12 16 2 5 31 3 0 2 7 1 2 7 5 31 3 0 2 7 0 2 7 0 2 7 17 18 2 12 16 2 1 2 7 0 2 7 1 2 7 1 2 7 0 2 7 1 2 7 0 2 11 0 2 7 0 2 7 1 2 7 0 2 3 1 2 7 17 18 2 0 2 7 1 2 7 1 2 7 0 2 11 0 2 7 0 2 7 0 2 4 0 2 7 0 2 7 13 6 3 16 30 2 5 30 3 0 2 7 0 2 7 0 2 7 0 2 7 17 18 2 0 2 7 17 18 2 5 30 3 0 2 7 0 2 7 5 30 3 8 18 2 0 2 7 1 2 7 1 2 7 13 6 3 17 9 2 1 2 7 1 2 7 1 2 7 5 30 3 0 2 4 16 6 2 1 2 7 1 2 7 0 60.6043806076049805
12 16 2 8 9 2 5 30 3 13 6 3 5 30 3 5 30 3 5 30 3 5 30 3 5 30 3 5 30 3 8 9 2 12 16 2 12 16 2 16 6 2 1 2 8 16 19 12 0 2 7 0 2 8 0 2 7 16 19 12 0 2 3 0 2 8 0 2 7 0 2 8 0 2 8 8 18 2 1 2 8 8 18 2 16 19 12 0 2 8 13 6 3 0 2 8 0 2 7 0 2 8 0 2 3 8 18 2 0 2 7 0 2 7 16 19 11 0 2 8 0 2 8 0 2 8 0 2 8 0 2 7 8 18 2 1 2 8 12 16 2 0 2 3 0 2 7 0 2 7 0 2 8 0 2 8 0 2 8 0 2 8 0 2 3 12 16 2 0 2 8 0 2 7 16 6 2 0 2 8 0.00238098264185758468 66.2724673748016357
12 16 2 5 30 3 0 2 7 5 30 3 16 6 2 12 16 2 5 30 3 5 30 3 13 6 3 0 2 3 0 2 7 0 2 7 1 2 7 1 2 7 0 2 3 0 2 3 1 2 7 12 16 2 0 2 3 12 16 2 16 6 2 1 2 7 0 2 7 16 18 11 0 2 7 0 2 7 0 2 7 0 2 3 0 2 3 5 30 3 1 2 3 1 2 3 1 2 7 1 2 7 0 2 7 17 18 2 1 2 7 1 2 7 0 2 4 12 16 2 0 2 3 0 2 3 0 2 3 0 2 3 0 2 4 0 2 3 0 2 3 0 2 3 16 18 11 16 6 2 0 2 3 0 2 3 0 2 3 8 18 2 1 2 7 0 2 7 1 2 3 0 2 3 16 19 11 5 31 3 0 63.4211914539337158
5 30 3 5 30 3 5 30 3 5 30 3 1 2 7 5 30 3 0 2 7 0 2 7 16 19 11 0 2 3 0 2 7 12 16 2 1 2 7 1 2 7 0 2 7 0 2 7 0 2 7 0 2 7 16 30 2 0 2 7 0 2 7 0 2 3 5 30 3 0 2 3 1 2 7 0 2 3 1 2 7 17 18 2 0 2 7 1 2 7 17 9 2 0 2 4 5 30 3 1 2 7 0 2 4 0 2 7 0 2 7 0 2 4 1 2 7 17 18 2 13 6 3 0 2 3 0 2 7 17 18 2 1 2 3 1 2 7 8 9 2 1 2 7 12 16 2 1 2 3 0 2 4 17 1 2 0 2 7 0 2 7 0 2 7 0 2 7 1 2 3 0 2 7 0 2 7 15 2 11 0 61.9329113960266113
5 30 3 5 30 3 5 30 3 5 30 3 8 9 2 5 30 3 12 16 2 5 30 3 0 2 11 6 2 11 0 2 8 1 2 11 0 2 8 0 2 7 17 9 2 0 2 11 0 2 7 5 30 3 0 2 11 0 2 7 0 2 3 0 2 7 0 2 3 0 2 11 0 2 11 0 2 8 0 2 7 17 18 2 0 2 11 0 2 11 0 2 11 1 2 11 0 2 7 5 30 3 0 2 12 8 9 2 16 19 12 0 2 7 16 19 11 0 2 12 17 18 2 0 2 11 0 2 7 12 16 2 16 6 2 17 18 2 1 2 11 0 2 11 6 2 11 0 2 11 0 2 11 1 2 11 8 18 2 6 2 11 1 2 11 5 30 3 0 2 11 1 2 8 0 2 7 8 18 2 0 65.7345222234725952
12 16 2 0 2 7 0 2 7 1 2 7 17 18 2 12 16 2 0 2 7 0 2 7 0 2 7 0 2 7 0 2 7 0 2 3 1 2 7 0 2 7 15 2 11 1 2 7 0 2 7 5 31 3 5 30 3 16 6 2 1 2 7 12 16 2 0 2 7 16 6 2 1 2 7 1 2 7 0 2 7 0 2 7 1 2 7 13 6 3 5 31 3 1 2 7 0 2 7 0 2 7 0 2 7 5 31 3 0 2 7 0 2 7 17 18 2 0 2 7 6 2 7 0 2 7 16 6 2 0 2 7 1 2 7 1 2 7 5 30 3 0 2 7 1 2 7 17 9 2 1 2 7 0 2 3 1 2 4 0 2 7 0 2 7 5 30 3 0 2 7 17 9 2 13 6 3 0 2 7 0 60.7492323517799377
12 16 2 0 2 7 0 2 7 0 2 3 1 2 7 8 18 2 12 16 2 0 2 7 0 2 7 0 2 7 0 2 7 0 2 7 0 2 7 1 2 7 0 2 7 12 16 2 1 2 7 6 2 7 0 2 7 5 30 3 16 30 2 5 30 3 16 6 2 5 30 3 0 2 10 1 2 7 1 2 3 17 9 2 12 16 2 5 30 3 0 2 7 16 6 2 5 30 3 1 2 7 1 2 7 0 2 7 1 2 3 0 2 7 1 2 7 13 6 3 5 31 3 0 2 3 1 2 7 0 2 3 0 2 4 5 30 3 0 2 7 0 2 7 0 2 3 5 31 3 17 9 2 0 2 7 0 2 7 17 18 2 13 6 3 0 2 7 0 2 7 0 2 7 0 2 10 16 6 2 0 61.6315333247184753
12 16 2 5 31 3 0 2 7 1 2 11 5 31 3 0 2 4 0 2 7 0 2 7 5 31 3 8 18 2 17 18 2 12 16 2 1 2 7 1 2 7 1 2 7 1 2 4 0 2 7 1 2 7 0 2 7 0 2 7 0 2 7 1 2 7 0 2 4 0 2 4 0 2 4 1 2 7 17 18 2 1 2 4 8 18 2 0 2 7 0 2 4 12 16 2 1 2 7 1 2 7 0 2 7 1 2 7 0 2 7 0 2 7 0 2 7 0 2 7 0 2 7 13 6 3 16 6 2 1 2 7 12 16 2 5 30 3 0 2 7 0 2 7 0 2 7 1 2 7 0 2 7 17 18 2 0 2 7 17 18 2 5 30 3 0 2 7 16 6 2 1 2 7 0 2 7 16 6 2 0 60.8275943994522095
12 16 2 1 2 7 0 2 7 1 2 7 12 16 2 0 2 7 6 2 7 0 2 7 1 2 11 8 18 2 15 2 11 0 2 7 6 2 7 0 2 11 0 2 7 0 2 7 5 31 3 6 2 7 5 30 3 0 2 11 1 2 7 1 2 7 16 6 2 5 31 3 0 2 7 0 2 7 5 30 3 0 2 7 5 30 3 5 30 3 5 30 3 0 2 7 0 2 11 0 2 7 0 2 7 0 2 7 1 2 7 5 31 3 12 16 2 1 2 11 0 2 7 16 31 2 0 2 7 0 2 7 0 2 7 0 2 7 0 2 7 17 9 2 0 2 7 0 2 7 0 2 7 0 2 7 16 19 11 16 6 2 0 2 7 17 9 2 16 6 2 0 2 7 1 2 4 0 2 7 0 62.3935653567314148
12 16 2 5 30 3 0 2 4 5 30 3 16 30 2 12 16 2 5 31 3 5 30 3 0 2 7 0 2 7 16 9 11 0 2 7 0 2 7 0 2 3 0 2 7 1 2 3 12 16 2 0 2 3 12 16 2 16 6 2 6 2 7 1 2 7 1 2 3 0 2 7 1 2 7 1 2 7 1 2 7 0 2 7 17 18 2 16 6 2 17 18 2 0 2 4 5 31 3 13 6 3 1 2 11 1 2 4 0 2 7 0 2 7 1 2 3 0 2 3 0 2 7 0 2 3 0 2 7 12 16 2 0 2 7 1 2 7 0 2 11 1 2 7 0 2 7 0 2 3 16 9 11 0 2 7 0 2 3 0 2 7 0 2 3 0 2 4 5 31 3 1 2 3 0 2 7 0 2 7 0 62.5360016226768494

Current Evaluation = 8100(8100)
Front Size = 10
12 16 2 5 31 3 1 2 7 0 2 7 12 16 2 1 2 4 5 31 3 0 2 4 0 2 7 0 2 7 1 2 7 0 2 7 1 2 7 0 2 7 0 2 7 12 16 2 1 2 7 1 2 7 1 2 7 0 2 7 0 2 7 1 2 7 1 2 7 0 2 7 0 2 7 17 18 2 0 2 7 6 2 7 0 2 7 5 30 3 17 9 2 1 2 7 5 31 3 0 2 4 17 18 2 1 2 7 0 2 7 0 2 7 0 2 7 0 2 7 1 2 7 13 6 3 0 2 7 0 2 7 1 2 7 17 9 2 13 6 3 0 2 7 16 6 2 17 18 2 1 2 7 1 2 4 12 16 2 0 2 7 17 18 2 0 2 7 1 2 7 13 6 3 0 2 7 1 2 7 0 59.938682496547699
5 30 3 0 2 11 1 2 7 12 16 2 1 2 7 1 2 7 0 2 7 0 2 7 0 2 7 0 2 7 0 2 7 0 2 7 1 2 7 6 2 7 0 2 7 8 9 2 0 2 7 5 30 3 5 31 3 5 30 3 12 16 2 12 16 2 5 30 3 0 2 7 16 6 2 17 18 2 13 6 3 12 16 2 0 2 7 16 30 2 0 2 7 0 2 7 1 2 7 1 2 7 1 2 7 0 2 3 0 2 7 0 2 7 1 2 7 0 2 7 0 2 7 0 2 7 0 2 7 5 30 3 0 2 7 5 30 3 0 2 7 8 9 2 16 15 2 0 2 7 16 6 2 13 6 3 17 18 2 0 2 7 12 16 2 8 18 2 17 18 2 0 2 7 5 30 3 0 2 7 0 61.5810021758079529
0 2 7 0 2 4 0 2 3 12 16 2 0 2 7 12 16 2 1 2 7 0 2 7 1 2 7 16 30 2 12 16 2 0 2 7 0 2 7 0 2 3 0 2 4 0 2 7 17 18 2 17 9 2 0 2 7 0 2 7 16 18 11 0 2 7 1 2 7 1 2 7 12 16 2 1 2 7 0 2 3 1 2 7 0 2 3 1 2 4 1 2 7 0 2 4 1 2 4 0 2 4 0 2 7 1 2 7 0 2 7 0 2 7 5 30 3 1 2 7 17 9 2 5 31 3 0 2 4 5 30 3 5 30 3 0 2 7 17 18 2 0 2 3 0 2 7 13 6 3 13 6 3 6 2 3 5 31 3 16 19 11 1 2 7 0 2 7 0 2 7 12 16 2 1 2 4 5 30 3 0 61.7259944081306458
5 30 3 5 30 3 5 30 3 5 30 3 8 9 2 5 30 3 12 16 2 5 30 3 0 2 11 6 2 11 0 2 8 1 2 11 0 2 8 0 2 7 17 9 2 0 2 11 0 2 7 5 30 3 0 2 11 0 2 7 0 2 3 0 2 7 0 2 3 0 2 11 0 2 11 0 2 8 0 2 7 17 18 2 0 2 11 0 2 11 0 2 11 1 2 11 0 2 7 5 30 3 0 2 12 8 9 2 16 19 12 0 2 7 16 19 11 0 2 12 17 18 2 0 2 11 0 2 7 12 16 2 16 6 2 17 18 2 1 2 11 0 2 11 6 2 11 0 2 11 0 2 11 1 2 11 8 18 2 6 2 11 1 2 11 5 30 3 0 2 11 1 2 8 0 2 7 8 18 2 0 65.7345222234725952
12 16 2 5 31 3 0 2 7 0 2 7 12 16 2 0 2 7 0 2 7 1 2 7 0 2 7 0 2 11 1 2 7 1 2 3 0 2 7 12 16 2 1 2 7 1 2 7 0 2 7 1 2 3 0 2 7 0 2 7 1 2 4 0 2 11 17 18 2 5 31 3 6 2 11 0 2 7 13 6 3 16 6 2 12 16 2 0 2 7 5 31 3 5 30 3 0 2 4 5 30 3 16 18 8 0 2 7 0 2 4 0 2 4 17 9 2 0 2 7 0 2 7 0 2 7 0 2 7 16 6 2 1 2 11 0 2 7 6 2 7 0 2 7 5 31 3 0 2 4 17 18 2 0 2 4 1 2 7 6 2 7 17 18 2 1 2 4 0 2 4 1 2 7 0 2 7 1 2 7 0 61.7455066442489624
5 30 3 5 30 3 5 30 3 0 2 3 1 2 7 0 2 7 12 16 2 1 2 7 0 2 7 0 2 7 0 2 7 0 2 7 1 2 7 0 2 4 1 2 7 1 2 7 0 2 7 0 2 7 17 9 2 0 2 7 0 2 7 13 6 3 1 2 7 13 6 3 0 2 3 0 2 7 0 2 7 1 2 7 0 2 7 0 2 3 1 2 4 0 2 7 0 2 7 5 30 3 5 30 3 12 16 2 12 16 2 17 9 2 0 2 7 12 16 2 16 6 2 0 2 4 5 31 3 0 2 7 1 2 7 16 6 2 1 2 7 17 18 2 0 2 7 17 18 2 13 6 3 17 9 2 0 2 7 0 2 3 1 2 7 1 2 7 8 18 2 0 2 7 1 2 4 1 2 7 0 60.6747872829437256
12 16 2 5 30 3 0 2 7 5 30 3 16 6 2 12 16 2 5 30 3 5 30 3 13 6 3 0 2 3 0 2 7 0 2 7 1 2 7 1 2 7 0 2 3 0 2 3 1 2 7 12 16 2 0 2 3 12 16 2 16 6 2 1 2 7 0 2 7 16 18 11 0 2 7 0 2 7 0 2 7 0 2 3 0 2 3 5 30 3 1 2 3 1 2 3 1 2 7 1 2 7 0 2 7 17 18 2 1 2 7 1 2 7 0 2 4 12 16 2 0 2 3 0 2 3 0 2 3 0 2 3 0 2 4 0 2 3 0 2 3 0 2 3 16 18 11 16 6 2 0 2 3 0 2 3 0 2 3 8 18 2 1 2 7 0 2 7 1 2 3 0 2 3 16 19 11 5 31 3 0 63.4211914539337158
5 30 3 0 2 7 0 2 7 12 16 2 0 2 7 0 2 7 0 2 7 0 2 7 0 2 7 0 2 3 13 6 3 12 16 2 0 2 7 0 2 7 0 2 7 5 30 3 5 30 3 16 6 2 12 16 2 8 18 2 5 30 3 1 2 4 0 2 8 0 2 8 0 2 8 0 2 8 1 2 7 1 2 11 0 2 4 8 18 2 0 2 8 0 2 4 0 2 8 0 2 8 0 2 11 1 2 7 0 2 4 0 2 3 16 18 11 0 2 8 1 2 7 1 2 8 0 2 7 16 19 12 0 2 7 17 18 2 1 2 11 1 2 7 1 2 7 6 2 4 0 2 7 8 9 2 5 30 3 17 9 2 0 2 3 0 2 7 5 31 3 17 9 2 0 2 8 0 2 7 0.00123484999460655867 63.8864080905914307
5 30 3 5 30 3 5 30 3 0 2 7 1 2 3 0 2 7 12 16 2 6 2 7 0 2 4 0 2 7 0 2 7 0 2 4 1 2 7 16 32 2 1 2 3 1 2 7 1 2 7 0 2 7 17 9 2 0 2 7 0 2 7 13 6 3 1 2 7 0 2 4 0 2 7 0 2 7 0 2 7 1 2 7 0 2 7 0 2 7 5 30 3 12 16 2 12 16 2 17 9 2 0 2 7 0 2 4 0 2 11 5 31 3 0 2 7 17 18 2 0 2 7 17 18 2 17 9 2 0 2 7 8 18 2 0 2 7 1 2 4 1 2 3 0 2 7 0 2 4 0 2 7 1 2 7 1 2 7 1 2 7 16 18 11 1 2 4 0 2 7 1 2 7 5 31 3 1 2 7 0 61.4527616500854492
12 16 2 5 30 3 0 2 7 5 30 3 16 6 2 16 19 1 5 31 3 5 30 3 0 2 7 1 2 3 0 2 7 0 2 3 0 2 7 0 2 7 0 2 7 0 2 7 5 31 3 0 2 3 17 18 2 8 18 2 1 2 3 16 19 11 0 2 7 1 2 7 0 2 7 1 2 7 0 2 7 5 30 3 0 2 7 1 2 7 16 6 2 8 9 2 16 9 11 1 2 7 0 2 7 0 2 3 0 2 7 1 2 7 17 9 2 1 2 7 0 2 3 0 2 7 12 16 2 0 2 7 0 2 7 1 2 7 0 2 7 1 2 3 1 2 7 0 2 7 0 2 3 0 2 7 0 2 7 5 30 3 0 2 7 0 2 7 0 2 7 0 2 7 0 2 7 1 2 7 0 62.9179874062538147

Current Evaluation = 9000(9000)
Front Size = 10
12 16 2 5 31 3 1 2 7 0 2 7 12 16 2 1 2 4 5 31 3 0 2 4 0 2 7 0 2 7 1 2 7 0 2 7 1 2 7 0 2 7 0 2 7 12 16 2 1 2 7 1 2 7 1 2 7 0 2 7 0 2 7 1 2 7 1 2 7 0 2 7 0 2 7 17 18 2 0 2 7 6 2 7 0 2 7 5 30 3 17 9 2 1 2 7 5 31 3 0 2 4 17 18 2 1 2 7 0 2 7 0 2 7 0 2 7 0 2 7 1 2 7 13 6 3 0 2 7 0 2 7 1 2 7 17 9 2 13 6 3 0 2 7 16 6 2 17 18 2 1 2 7 1 2 4 12 16 2 0 2 7 17 18 2 0 2 7 1 2 7 13 6 3 0 2 7 1 2 7 0 59.938682496547699
5 30 3 0 2 7 0 2 7 1 2 7 12 16 2 1 2 7 0 2 7 0 2 7 0 2 3 1 2 4 0 2 7 17 9 2 0 2 7 13 6 3 1 2 7 0 2 7 0 2 4 0 2 7 0 2 4 13 6 3 5 31 3 12 16 2 12 16 2 0 2 7 0 2 7 0 2 4 17 18 2 0 2 7 0 2 7 0 2 7 1 2 7 1 2 7 0 2 7 0 2 7 12 16 2 1 2 7 1 2 7 17 9 2 1 2 7 0 2 7 0 2 7 0 2 7 0 2 7 0 2 4 1 2 7 6 2 7 5 31 3 0 2 7 1 2 4 17 9 2 1 2 4 1 2 4 5 31 3 17 9 2 17 9 2 16 15 2 1 2 7 6 2 7 1 2 7 1 2 4 0 60.4199066162109375
0 2 7 5 30 3 1 2 7 1 2 7 12 16 2 0 2 7 0 2 7 0 2 7 0 2 7 0 2 7 0 2 7 0 2 7 12 16 2 0 2 7 5 30 3 1 2 7 1 2 7 0 2 7 0 2 7 1 2 7 0 2 7 0 2 11 8 18 2 1 2 7 1 2 7 0 2 7 5 30 3 8 18 2 0 2 7 1 2 7 1 2 7 0 2 7 13 6 3 0 2 7 0 2 7 13 6 3 0 2 7 16 30 2 17 18 2 12 16 2 0 2 7 0 2 7 0 2 7 0 2 7 5 30 3 8 9 2 17 9 2 1 2 7 5 30 3 0 2 7 0 2 7 0 2 7 5 31 3 17 9 2 5 30 3 17 9 2 5 30 3 12 16 2 16 6 2 16 15 2 0 61.4901502132415771
12 16 2 5 30 3 0 2 7 5 30 3 16 6 2 12 16 2 5 30 3 5 30 3 13 6 3 0 2 3 0 2 7 0 2 7 1 2 7 1 2 7 0 2 3 0 2 3 1 2 7 12 16 2 0 2 3 12 16 2 16 6 2 1 2 7 0 2 7 16 18 11 0 2 7 0 2 7 0 2 7 0 2 3 0 2 3 5 30 3 1 2 3 1 2 3 1 2 7 1 2 7 0 2 7 17 18 2 1 2 7 1 2 7 0 2 4 12 16 2 0 2 3 0 2 3 0 2 3 0 2 3 0 2 4 0 2 3 0 2 3 0 2 3 16 18 11 16 6 2 0 2 3 0 2 3 0 2 3 8 18 2 1 2 7 0 2 7 1 2 3 0 2 3 16 19 11 5 31 3 0 63.4211914539337158
12 16 2 5 31 3 5 30 3 12 16 2 5 31 3 0 2 7 0 2 7 0 2 4 0 2 7 0 2 7 1 2 4 0 2 7 0 2 7 0 2 4 12 16 2 1 2 7 12 16 2 0 2 7 1 2 7 0 2 7 1 2 7 0 2 7 0 2 4 0 2 7 1 2 4 17 18 2 1 2 4 0 2 7 0 2 7 0 2 7 0 2 3 13 6 3 1 2 7 1 2 7 0 2 7 1 2 7 1 2 7 16 6 2 17 18 2 0 2 7 0 2 7 0 2 7 0 2 3 17 9 2 5 30 3 0 2 7 1 2 7 1 2 7 0 2 7 17 18 2 1 2 7 17 18 2 13 6 3 1 2 3 1 2 11 0 2 7 16 31 2 6 2 4 1 2 3 1 2 7 0 60.5013055205345154
5 30 3 5 30 3 5 30 3 5 30 3 8 9 2 5 30 3 12 16 2 5 30 3 0 2 11 6 2 11 0 2 8 1 2 11 0 2 8 0 2 7 17 9 2 0 2 11 0 2 7 5 30 3 0 2 11 0 2 7 0 2 3 0 2 7 0 2 3 0 2 11 0 2 11 0 2 8 0 2 7 17 18 2 0 2 11 0 2 11 0 2 11 1 2 11 0 2 7 5 30 3 0 2 12 8 9 2 16 19 12 0 2 7 16 19 11 0 2 12 17 18 2 0 2 11 0 2 7 12 16 2 16 6 2 17 18 2 1 2 11 0 2 11 6 2 11 0 2 11 0 2 11 1 2 11 8 18 2 6 2 11 1 2 11 5 30 3 0 2 11 1 2 8 0 2 7 8 18 2 0 65.7345222234725952
12 16 2 5 31 3 0 2 7 0 2 7 12 16 2 0 2 7 0 2 7 1 2 7 0 2 7 0 2 11 1 2 7 1 2 3 0 2 7 12 16 2 1 2 7 1 2 7 0 2 7 1 2 3 0 2 7 0 2 7 1 2 4 0 2 11 17 18 2 5 31 3 6 2 11 0 2 7 13 6 3 16 6 2 12 16 2 0 2 7 5 31 3 5 30 3 0 2 4 5 30 3 16 18 8 0 2 7 0 2 4 0 2 4 17 9 2 0 2 7 0 2 7 0 2 7 0 2 7 16 6 2 1 2 11 0 2 7 6 2 7 0 2 7 5 31 3 0 2 4 17 18 2 0 2 4 1 2 7 6 2 7 17 18 2 1 2 4 0 2 4 1 2 7 0 2 7 1 2 7 0 61.7455066442489624
5 30 3 12 16 2 16 6 2 0 2 3 1 2 3 0 2 7 0 2 7 12 16 2 0 2 10 5 30 3 0 2 7 1 2 7 0 2 7 5 30 3 17 18 2 5 30 3 0 2 3 16 6 2 1 2 7 8 18 2 1 2 7 5 30 3 8 9 2 0 2 7 0 2 7 5 30 3 0 2 7 1 2 7 0 2 3 0 2 7 5 30 3 0 2 7 0 2 7 0 2 7 0 2 7 1 2 7 0 2 7 0 2 7 1 2 7 13 6 3 0 2 10 12 16 2 0 2 7 0 2 7 1 2 7 0 2 7 0 2 7 16 19 11 8 9 2 0 2 7 0 2 3 17 9 2 12 16 2 16 6 2 0 2 7 1 2 3 0 2 11 5 31 3 0 2 7 16 6 2 0 62.4817981719970703
0 2 4 5 30 3 1 2 7 6 2 7 12 16 2 1 2 7 0 2 7 1 2 4 0 2 7 0 2 7 0 2 7 0 2 7 12 16 2 0 2 7 5 30 3 0 2 7 1 2 7 0 2 4 0 2 7 1 2 7 0 2 7 1 2 7 1 2 7 0 2 7 5 30 3 0 2 7 1 2 7 0 2 7 13 6 3 0 2 7 0 2 7 13 6 3 0 2 7 17 18 2 12 16 2 0 2 7 0 2 7 0 2 7 0 2 7 5 30 3 17 9 2 5 31 3 0 2 7 0 2 7 0 2 7 5 31 3 17 9 2 12 16 2 16 6 2 1 2 11 8 18 2 13 6 3 0 2 4 17 18 2 1 2 4 1 2 7 5 30 3 17 9 2 12 16 2 16 6 2 0 60.910504162311554
5 30 3 12 16 2 0 2 4 0 2 7 12 16 2 5 31 3 1 2 3 1 2 7 0 2 3 5 30 3 16 19 11 0 2 7 0 2 7 8 9 2 1 2 7 0 2 7 1 2 7 1 2 7 0 2 11 1 2 7 1 2 7 0 2 4 0 2 1 1 2 7 0 2 7 0 2 4 0 2 7 13 6 3 12 16 2 0 2 7 0 2 7 0 2 7 17 9 2 0 2 7 0 2 7 8 18 2 12 16 2 0 2 7 5 30 3 0 2 7 16 6 2 0 2 7 0 2 7 17 9 2 0 2 7 0 2 7 1 2 7 0 2 4 16 19 11 5 30 3 17 18 2 5 30 3 1 2 7 8 18 2 0 2 3 0 2 7 16 6 2 0 2 7 1 2 7 12 16 2 0 62.3838472366333008

Current Evaluation = 9900(9900)
Front Size = 10
12 16 2 5 31 3 1 2 7 0 2 7 12 16 2 1 2 7 5 31 3 0 2 4 0 2 7 0 2 7 1 2 7 0 2 7 1 2 7 0 2 7 0 2 4 12 16 2 1 2 7 1 2 7 1 2 7 0 2 7 0 2 7 1 2 7 1 2 7 0 2 7 0 2 7 17 18 2 1 2 7 0 2 7 5 30 3 17 9 2 1 2 7 5 31 3 0 2 7 1 2 7 0 2 7 0 2 7 0 2 7 0 2 7 1 2 7 13 6 3 0 2 7 0 2 7 1 2 7 17 9 2 13 6 3 0 2 7 1 2 7 12 16 2 6 2 7 17 18 2 16 6 2 17 18 2 1 2 7 1 2 4 17 18 2 0 2 7 0 2 7 13 6 3 0 2 7 0 2 4 0 59.938682496547699
12 16 2 5 31 3 5 30 3 12 16 2 5 30 3 0 2 7 0 2 4 0 2 7 0 2 7 1 2 7 1 2 7 0 2 7 0 2 7 0 2 4 12 16 2 1 2 7 12 16 2 0 2 7 1 2 7 0 2 7 1 2 7 0 2 4 0 2 7 0 2 4 1 2 7 17 18 2 1 2 7 0 2 7 0 2 7 0 2 4 0 2 4 13 6 3 1 2 7 1 2 4 0 2 7 1 2 4 1 2 7 0 2 4 0 2 7 0 2 7 17 9 2 0 2 7 1 2 7 1 2 7 0 2 7 1 2 7 13 6 3 0 2 7 1 2 7 17 9 2 5 31 3 17 9 2 0 2 7 1 2 4 17 9 2 1 2 4 1 2 4 16 31 2 0 2 7 17 9 2 0 60.1292035579681396
5 30 3 12 16 2 0 2 7 0 2 3 12 16 2 5 30 3 1 2 7 1 2 3 0 2 3 5 30 3 16 19 11 0 2 7 0 2 3 0 2 7 0 2 7 1 2 7 0 2 7 1 2 7 0 2 7 0 2 7 0 2 7 1 2 7 0 2 7 13 6 3 12 16 2 0 2 3 1 2 3 0 2 3 8 18 2 12 16 2 5 30 3 16 6 2 1 2 7 5 30 3 0 2 3 0 2 7 1 2 7 0 2 7 16 6 2 12 16 2 0 2 3 0 2 7 0 2 7 0 2 3 17 9 2 0 2 3 0 2 7 1 2 4 8 18 2 0 2 7 16 15 2 17 18 2 16 19 11 0 2 3 0 2 7 1 2 3 8 9 2 1 2 3 1 2 7 0 2 7 0 62.826722264289856
0 2 7 5 30 3 1 2 7 1 2 7 12 16 2 0 2 7 0 2 7 0 2 7 0 2 7 0 2 7 0 2 7 0 2 7 12 16 2 0 2 7 5 30 3 1 2 7 1 2 7 0 2 7 0 2 7 1 2 7 0 2 7 0 2 11 8 18 2 1 2 7 1 2 7 0 2 7 5 30 3 8 18 2 0 2 7 1 2 7 1 2 7 0 2 7 13 6 3 0 2 7 0 2 7 13 6 3 0 2 7 16 30 2 17 18 2 12 16 2 0 2 7 0 2 7 0 2 7 0 2 7 5 30 3 8 9 2 17 9 2 1 2 7 5 30 3 0 2 7 0 2 7 0 2 7 5 31 3 17 9 2 5 30 3 17 9 2 5 30 3 12 16 2 16 6 2 16 15 2 0 61.4901502132415771
12 16 2 13 6 3 5 30 3 12 16 2 5 30 3 0 2 7 0 2 7 0 2 7 1 2 7 1 2 7 0 2 7 0 2 7 12 16 2 0 2 7 13 6 3 1 2 7 1 2 7 0 2 7 0 2 7 1 2 11 8 9 2 1 2 7 1 2 7 0 2 7 1 2 7 1 2 7 1 2 7 1 2 7 0 2 7 17 9 2 0 2 7 0 2 7 17 9 2 17 9 2 1 2 7 0 2 7 1 2 7 1 2 7 5 30 3 0 2 11 1 2 7 0 2 7 13 6 3 1 2 7 0 2 7 0 2 7 0 2 7 0 2 7 0 2 7 0 2 7 0 2 7 5 30 3 0 2 7 5 31 3 0 2 7 17 9 2 0 2 7 17 9 2 1 2 7 17 9 2 0 60.5140253305435181
12 16 2 5 31 3 5 30 3 12 16 2 5 31 3 0 2 7 0 2 7 0 2 4 0 2 7 0 2 7 1 2 4 0 2 7 0 2 7 0 2 4 12 16 2 1 2 7 12 16 2 0 2 7 1 2 7 0 2 7 1 2 7 0 2 7 0 2 4 0 2 7 1 2 4 17 18 2 1 2 4 0 2 7 0 2 7 0 2 7 0 2 3 13 6 3 1 2 7 1 2 7 0 2 7 1 2 7 1 2 7 16 6 2 17 18 2 0 2 7 0 2 7 0 2 7 0 2 3 17 9 2 5 30 3 0 2 7 1 2 7 1 2 7 0 2 7 17 18 2 1 2 7 17 18 2 13 6 3 1 2 3 1 2 11 0 2 7 16 31 2 6 2 4 1 2 3 1 2 7 0 60.5013055205345154
12 16 2 13 6 3 5 31 3 12 16 2 5 30 3 0 2 7 0 2 7 0 2 7 1 2 7 0 2 7 0 2 7 0 2 7 12 16 2 1 2 7 12 16 2 0 2 7 1 2 4 0 2 7 1 2 7 0 2 7 1 2 7 17 18 2 1 2 7 0 2 7 0 2 7 13 6 3 1 2 7 0 2 7 1 2 7 0 2 4 0 2 7 17 9 2 0 2 4 1 2 7 0 2 7 13 6 3 0 2 7 17 9 2 17 9 2 0 2 4 0 2 4 0 2 7 0 2 7 0 2 7 0 2 7 0 2 7 1 2 7 1 2 4 5 30 3 0 2 7 1 2 7 5 30 3 6 2 7 5 30 3 5 30 3 17 9 2 1 2 7 8 9 2 16 15 2 17 9 2 0 60.5576112866401672
5 30 3 5 30 3 5 30 3 5 30 3 8 9 2 5 30 3 12 16 2 5 30 3 0 2 11 6 2 11 0 2 8 1 2 11 0 2 8 0 2 7 17 9 2 0 2 11 0 2 7 5 30 3 0 2 11 0 2 7 0 2 3 0 2 7 0 2 3 0 2 11 0 2 11 0 2 8 0 2 7 17 18 2 0 2 11 0 2 11 0 2 11 1 2 11 0 2 7 5 30 3 0 2 12 8 9 2 16 19 12 0 2 7 16 19 11 0 2 12 17 18 2 0 2 11 0 2 7 12 16 2 16 6 2 17 18 2 1 2 11 0 2 11 6 2 11 0 2 11 0 2 11 1 2 11 8 18 2 6 2 11 1 2 11 5 30 3 0 2 11 1 2 8 0 2 7 8 18 2 0 65.7345222234725952
5 30 3 12 16 2 0 2 3 17 9 2 0 2 7 1 2 7 0 2 10 0 2 7 17 18 2 0 2 7 0 2 7 0 2 7 12 16 2 0 2 4 16 18 11 5 31 3 0 2 3 0 2 4 17 9 2 1 2 7 0 2 7 5 31 3 1 2 7 1 2 3 0 2 7 0 2 4 1 2 3 1 2 10 0 2 7 1 2 4 1 2 7 0 2 3 0 2 4 0 2 4 1 2 3 0 2 7 1 2 7 0 2 4 1 2 4 17 9 2 0 2 4 0 2 3 0 2 7 5 30 3 1 2 7 1 2 4 12 16 2 0 2 7 0 2 7 1 2 4 0 2 7 1 2 7 1 2 4 17 18 2 13 6 3 0 2 4 1 2 4 1 2 7 1 2 7 17 18 2 0 61.2473598122596741
5 30 3 12 16 2 0 2 7 1 2 4 12 16 2 5 30 3 0 2 7 1 2 7 0 2 7 5 30 3 0 2 11 0 2 7 0 2 7 12 16 2 1 2 7 1 2 7 0 2 7 0 2 7 0 2 7 1 2 7 0 2 7 13 6 3 12 16 2 1 2 7 12 16 2 5 31 3 16 6 2 0 2 7 0 2 7 1 2 4 0 2 7 16 30 2 0 2 4 1 2 7 17 9 2 0 2 7 0 2 11 17 18 2 0 2 7 1 2 7 0 2 3 0 2 7 0 2 11 5 31 3 5 31 3 0 2 7 0 2 7 8 18 2 0 2 7 0 2 7 12 16 2 0 2 7 0 2 7 16 6 2 1 2 7 8 18 2 16 30 2 16 19 11 0 2 7 1 2 7 0 61.8627555370330811

Current Evaluation = 10800(10800)
Front Size = 10
12 16 2 5 31 3 1 2 7 0 2 7 12 16 2 1 2 7 5 31 3 0 2 4 0 2 7 0 2 7 1 2 7 0 2 7 1 2 7 0 2 7 0 2 4 12 16 2 1 2 7 1 2 7 1 2 7 0 2 7 0 2 7 1 2 7 1 2 7 0 2 7 0 2 7 17 18 2 1 2 7 0 2 7 5 30 3 17 9 2 1 2 7 5 31 3 0 2 7 1 2 7 0 2 7 0 2 7 0 2 7 0 2 7 1 2 7 13 6 3 0 2 7 0 2 7 1 2 7 17 9 2 13 6 3 0 2 7 1 2 7 12 16 2 6 2 7 17 18 2 16 6 2 17 18 2 1 2 7 1 2 4 17 18 2 0 2 7 0 2 7 13 6 3 0 2 7 0 2 4 0 59.938682496547699
12 16 2 13 6 3 5 31 3 12 16 2 5 30 3 0 2 7 0 2 4 0 2 7 1 2 7 1 2 7 0 2 7 0 2 4 12 16 2 0 2 7 13 6 3 1 2 7 1 2 4 0 2 7 0 2 4 0 2 4 17 9 2 0 2 4 1 2 7 0 2 7 1 2 7 1 2 7 0 2 7 1 2 7 0 2 7 17 9 2 0 2 7 0 2 4 17 9 2 17 9 2 1 2 7 0 2 7 1 2 7 1 2 7 5 30 3 0 2 7 1 2 7 0 2 7 13 6 3 1 2 7 0 2 7 0 2 7 0 2 7 0 2 7 1 2 4 0 2 7 0 2 7 5 30 3 0 2 4 5 31 3 1 2 7 17 9 2 1 2 7 17 9 2 1 2 7 17 9 2 0 60.0792984962463379
5 30 3 12 16 2 0 2 7 0 2 3 12 16 2 5 30 3 1 2 7 1 2 3 0 2 3 5 30 3 16 19 11 0 2 7 0 2 3 0 2 7 0 2 7 1 2 7 0 2 7 1 2 7 0 2 7 0 2 7 0 2 7 1 2 7 0 2 7 13 6 3 12 16 2 0 2 3 1 2 3 0 2 3 8 18 2 12 16 2 5 30 3 16 6 2 1 2 7 5 30 3 0 2 3 0 2 7 1 2 7 0 2 7 16 6 2 12 16 2 0 2 3 0 2 7 0 2 7 0 2 3 17 9 2 0 2 3 0 2 7 1 2 4 8 18 2 0 2 7 16 15 2 17 18 2 16 19 11 0 2 3 0 2 7 1 2 3 8 9 2 1 2 3 1 2 7 0 2 7 0 62.826722264289856
5 30 3 12 16 2 0 2 3 17 9 2 0 2 7 1 2 7 0 2 10 0 2 7 17 18 2 0 2 7 0 2 7 0 2 7 12 16 2 0 2 4 16 18 11 5 31 3 0 2 3 0 2 4 17 9 2 1 2 7 0 2 7 5 31 3 1 2 7 1 2 3 0 2 7 0 2 4 1 2 3 1 2 10 0 2 7 1 2 4 1 2 7 0 2 3 0 2 4 0 2 4 1 2 3 0 2 7 1 2 7 0 2 4 1 2 4 17 9 2 0 2 4 0 2 3 0 2 7 5 30 3 1 2 7 1 2 4 12 16 2 0 2 7 0 2 7 1 2 4 0 2 7 1 2 7 1 2 4 17 18 2 13 6 3 0 2 4 1 2 4 1 2 7 1 2 7 17 18 2 0 61.2473598122596741
5 30 3 5 30 3 5 30 3 5 30 3 8 9 2 5 30 3 12 16 2 5 30 3 0 2 11 6 2 11 0 2 8 1 2 11 0 2 8 0 2 7 17 9 2 0 2 11 0 2 7 5 30 3 0 2 11 0 2 7 0 2 3 0 2 7 0 2 3 0 2 11 0 2 11 0 2 8 0 2 7 17 18 2 0 2 11 0 2 11 0 2 11 1 2 11 0 2 7 5 30 3 0 2 12 8 9 2 16 19 12 0 2 7 16 19 11 0 2 12 17 18 2 0 2 11 0 2 7 12 16 2 16 6 2 17 18 2 1 2 11 0 2 11 6 2 11 0 2 11 0 2 11 1 2 11 8 18 2 6 2 11 1 2 11 5 30 3 0 2 11 1 2 8 0 2 7 8 18 2 0 65.7345222234725952
12 16 2 5 31 3 1 2 4 0 2 7 0 2 7 0 2 7 5 31 3 0 2 7 0 2 7 1 2 7 1 2 3 0 2 7 0 2 7 0 2 4 0 2 4 12 16 2 1 2 3 0 2 7 0 2 7 0 2 7 1 2 7 1 2 7 0 2 7 0 2 3 5 30 3 17 18 2 1 2 3 13 6 3 17 9 2 1 2 7 1 2 4 0 2 7 0 2 7 1 2 7 17 9 2 0 2 7 1 2 3 0 2 7 0 2 7 6 2 4 0 2 7 0 2 3 1 2 4 12 16 2 1 2 7 0 2 4 0 2 4 17 9 2 17 9 2 17 9 2 0 2 4 1 2 4 13 6 3 16 6 2 5 30 3 1 2 3 1 2 4 0 2 7 1 2 7 1 2 7 0 60.5422447323799133
12 16 2 13 6 3 5 30 3 12 16 2 5 30 3 0 2 7 0 2 7 0 2 7 1 2 7 1 2 7 0 2 7 0 2 7 12 16 2 0 2 7 13 6 3 1 2 7 1 2 7 0 2 7 0 2 7 1 2 11 8 9 2 1 2 7 1 2 7 0 2 7 1 2 7 1 2 7 1 2 7 1 2 7 0 2 7 17 9 2 0 2 7 0 2 7 17 9 2 17 9 2 1 2 7 0 2 7 1 2 11 1 2 7 5 30 3 0 2 7 1 2 7 0 2 7 13 6 3 1 2 7 0 2 7 0 2 7 0 2 7 0 2 7 0 2 7 0 2 7 0 2 7 5 30 3 0 2 7 5 31 3 0 2 7 17 9 2 0 2 7 17 9 2 1 2 7 17 9 2 0 60.5140252113342285
5 30 3 12 16 2 0 2 7 0 2 3 12 16 2 1 2 7 1 2 7 0 2 7 0 2 7 1 2 7 1 2 7 5 30 3 1 2 3 0 2 7 0 2 7 1 2 3 0 2 7 1 2 3 5 30 3 12 16 2 0 2 7 12 16 2 16 6 2 1 2 7 0 2 7 0 2 7 1 2 4 0 2 7 0 2 7 8 9 2 1 2 7 8 9 2 1 2 4 0 2 7 0 2 3 0 2 7 0 2 7 5 30 3 13 6 3 5 31 3 0 2 7 0 2 4 0 2 3 1 2 3 17 18 2 5 30 3 0 2 7 0 2 7 16 6 2 12 16 2 0 2 7 17 9 2 0 2 7 13 6 3 16 6 2 17 18 2 16 19 11 0 2 7 0 2 3 0 2 7 0 61.7574012279510498
12 16 2 5 31 3 5 30 3 12 16 2 0 2 7 0 2 7 0 2 3 0 2 7 1 2 7 1 2 7 0 2 7 0 2 4 0 2 7 12 16 2 0 2 7 12 16 2 0 2 7 1 2 3 1 2 4 1 2 7 0 2 4 0 2 7 0 2 7 1 2 3 0 2 7 0 2 7 1 2 7 13 6 3 1 2 7 1 2 4 1 2 7 1 2 7 0 2 7 0 2 7 17 9 2 0 2 7 0 2 7 1 2 7 0 2 7 1 2 4 13 6 3 0 2 7 1 2 7 17 9 2 5 31 3 17 9 2 0 2 7 17 9 2 17 9 2 1 2 3 1 2 7 1 2 7 0 2 7 1 2 7 1 2 7 13 6 3 0 2 7 17 9 2 16 6 2 0 2 7 0 59.9809155464172363
5 31 3 12 16 2 0 2 7 1 2 4 12 16 2 5 30 3 0 2 7 1 2 7 0 2 7 1 2 4 0 2 7 0 2 7 0 2 7 0 2 7 0 2 7 0 2 7 16 9 11 0 2 7 0 2 4 0 2 7 13 6 3 12 16 2 1 2 7 16 15 2 0 2 7 1 2 4 1 2 4 0 2 7 1 2 7 0 2 7 17 9 2 0 2 7 0 2 7 1 2 7 17 18 2 1 2 7 0 2 7 0 2 7 1 2 4 0 2 7 1 2 7 5 31 3 1 2 7 5 31 3 0 2 7 17 18 2 12 16 2 1 2 7 0 2 7 1 2 7 0 2 4 17 9 2 1 2 7 0 2 7 1 2 7 8 9 2 1 2 7 0 2 4 0 2 4 17 9 2 0 60.9207425713539124

Current Evaluation = 11700(11700)
Front Size = 10
12 16 2 5 31 3 1 2 7 0 2 7 12 16 2 1 2 7 5 31 3 0 2 7 0 2 7 1 2 7 0 2 4 1 2 7 0 2 7 0 2 7 0 2 7 12 16 2 0 2 7 1 2 7 0 2 7 0 2 7 0 2 7 1 2 7 1 2 7 1 2 7 0 2 7 1 2 7 0 2 7 1 2 7 17 9 2 1 2 7 0 2 4 1 2 7 0 2 7 0 2 7 0 2 7 0 2 7 1 2 7 13 6 3 0 2 7 1 2 7 17 9 2 13 6 3 0 2 7 12 16 2 16 6 2 1 2 4 0 2 7 0 2 7 13 6 3 0 2 7 17 18 2 5 31 3 1 2 7 1 2 7 17 9 2 17 18 2 17 18 2 1 2 7 1 2 7 0 2 7 0 59.7211945056915283
12 16 2 17 18 2 0 2 7 0 2 7 0 2 7 12 16 2 0 2 7 5 30 3 17 9 2 0 2 7 5 31 3 0 2 7 0 2 7 0 2 7 1 2 7 1 2 4 1 2 7 17 9 2 1 2 7 1 2 3 0 2 4 1 2 7 1 2 7 13 6 3 1 2 4 1 2 7 0 2 7 0 2 7 0 2 7 0 2 3 0 2 7 1 2 7 1 2 7 1 2 7 13 6 3 1 2 7 0 2 7 0 2 3 0 2 7 0 2 7 0 2 7 17 18 2 0 2 7 0 2 7 5 30 3 0 2 7 12 16 2 1 2 7 5 31 3 17 9 2 1 2 7 16 6 2 0 2 11 1 2 7 1 2 7 0 2 7 13 6 3 17 9 2 0 2 7 1 2 7 0 60.1339125633239746
5 30 3 12 16 2 17 9 2 0 2 7 1 2 4 0 2 7 1 2 4 0 2 7 0 2 7 12 16 2 0 2 7 5 31 3 1 2 11 17 9 2 1 2 7 0 2 4 5 30 3 1 2 7 1 2 11 0 2 7 0 2 4 1 2 4 1 2 7 1 2 7 0 2 3 8 18 2 0 2 7 1 2 7 17 9 2 1 2 7 5 30 3 1 2 7 0 2 7 0 2 7 0 2 4 1 2 7 13 6 3 1 2 7 1 2 7 0 2 4 0 2 7 17 18 2 0 2 4 17 9 2 1 2 7 0 2 4 0 2 4 17 9 2 0 2 11 0 2 4 0 2 7 0 2 7 17 9 2 0 2 7 0 2 7 1 2 7 5 30 3 0 2 7 1 2 7 13 6 3 0 60.5349135398864746
12 16 2 13 6 3 5 30 3 12 16 2 5 30 3 0 2 7 0 2 7 0 2 7 1 2 7 1 2 4 0 2 7 0 2 7 12 16 2 0 2 7 13 6 3 1 2 7 0 2 7 0 2 7 1 2 7 1 2 7 8 9 2 1 2 7 16 15 2 1 2 7 1 2 11 0 2 7 1 2 7 1 2 7 0 2 7 17 9 2 0 2 7 0 2 7 17 9 2 17 9 2 1 2 7 0 2 7 1 2 7 0 2 7 5 30 3 0 2 7 0 2 7 6 2 3 13 6 3 0 2 7 0 2 7 0 2 7 0 2 7 0 2 7 0 2 7 1 2 7 0 2 7 5 30 3 1 2 7 5 31 3 0 2 7 17 9 2 0 2 7 17 9 2 1 2 7 17 9 2 0 60.3776662349700928
5 31 3 12 16 2 17 9 2 0 2 4 1 2 7 0 2 7 1 2 7 0 2 7 0 2 7 12 16 2 0 2 4 5 31 3 17 9 2 1 2 4 0 2 7 5 30 3 1 2 7 0 2 7 1 2 7 1 2 7 1 2 7 0 2 7 0 2 7 1 2 7 17 9 2 1 2 3 5 30 3 1 2 7 1 2 7 1 2 4 0 2 3 0 2 3 13 6 3 0 2 7 0 2 7 17 18 2 0 2 7 0 2 7 1 2 4 0 2 7 5 30 3 0 2 7 13 6 3 0 2 4 1 2 4 0 2 7 0 2 4 0 2 7 0 2 7 0 2 7 17 9 2 1 2 7 0 2 7 16 30 2 0 2 7 1 2 4 0 2 7 17 9 2 1 2 3 1 2 7 0 60.3839716911315918
5 30 3 12 16 2 0 2 7 0 2 3 12 16 2 5 30 3 1 2 7 1 2 3 0 2 3 5 30 3 16 19 11 0 2 7 0 2 3 0 2 7 0 2 7 1 2 7 0 2 7 1 2 7 0 2 7 0 2 7 0 2 7 1 2 7 0 2 7 13 6 3 12 16 2 0 2 3 1 2 3 0 2 3 8 18 2 12 16 2 5 30 3 16 6 2 1 2 7 5 30 3 0 2 3 0 2 7 1 2 7 0 2 7 16 6 2 12 16 2 0 2 3 0 2 7 0 2 7 0 2 3 17 9 2 0 2 3 0 2 7 1 2 4 8 18 2 0 2 7 16 15 2 17 18 2 16 19 11 0 2 3 0 2 7 1 2 3 8 9 2 1 2 3 1 2 7 0 2 7 0 62.826722264289856
12 16 2 17 9 2 0 2 4 1 2 7 0 2 7 12 16 2 0 2 4 5 31 3 17 9 2 0 2 4 5 31 3 0 2 4 0 2 7 0 2 7 1 2 7 6 2 7 1 2 7 17 9 2 0 2 7 1 2 7 0 2 4 1 2 4 1 2 7 13 6 3 1 2 7 0 2 7 0 2 4 0 2 7 0 2 7 0 2 7 0 2 7 0 2 7 1 2 7 1 2 7 13 6 3 1 2 7 0 2 7 0 2 7 0 2 4 6 2 7 1 2 7 17 18 2 0 2 7 0 2 7 5 30 3 5 30 3 12 16 2 1 2 4 5 31 3 17 18 2 1 2 7 16 6 2 0 2 4 1 2 4 0 2 7 0 2 10 0 2 7 17 18 2 12 16 2 1 2 7 0 60.4523615837097168
12 16 2 0 2 7 17 9 2 1 2 4 0 2 7 0 2 7 0 2 7 17 18 2 0 2 4 0 2 7 17 18 2 0 2 7 12 16 2 16 6 2 17 18 2 0 2 7 5 31 3 1 2 7 1 2 4 5 31 3 0 2 7 13 6 3 0 2 7 0 2 7 1 2 7 1 2 7 1 2 7 0 2 7 1 2 7 1 2 7 0 2 7 17 9 2 0 2 7 0 2 7 1 2 7 12 16 2 1 2 7 1 2 4 1 2 4 5 30 3 5 30 3 5 30 3 0 2 7 1 2 4 0 2 4 0 2 7 0 2 7 17 9 2 0 2 7 1 2 7 0 2 7 13 6 3 6 2 11 0 2 7 0 2 7 0 2 7 5 30 3 0 2 4 0 2 7 15 2 11 0 60.7455834150314331
12 16 2 0 2 7 17 9 2 0 2 7 0 2 7 0 2 7 5 30 3 17 18 2 0 2 7 0 2 7 17 18 2 0 2 3 12 16 2 16 15 2 8 18 2 1 2 7 5 30 3 5 30 3 0 2 7 1 2 7 8 9 2 5 30 3 5 30 3 0 2 7 0 2 7 0 2 7 1 2 7 1 2 7 0 2 3 5 30 3 0 2 7 0 2 7 0 2 7 0 2 7 0 2 7 0 2 3 12 16 2 0 2 7 0 2 3 1 2 7 1 2 7 0 2 7 8 9 2 16 19 12 17 1 2 0 2 7 0 2 7 0 2 7 0 2 7 0 2 3 0 2 7 0 2 7 1 2 7 1 2 7 1 2 7 16 19 11 8 9 2 1 2 7 1 2 7 1 2 7 0 62.53589928150177
5 30 3 5 30 3 5 30 3 5 30 3 8 9 2 5 30 3 12 16 2 5 30 3 0 2 11 6 2 11 0 2 8 1 2 11 0 2 8 0 2 7 17 9 2 0 2 11 0 2 7 5 30 3 0 2 11 0 2 7 0 2 3 0 2 7 0 2 3 0 2 11 0 2 11 0 2 8 0 2 7 17 18 2 0 2 11 0 2 11 0 2 11 1 2 11 0 2 7 5 30 3 0 2 12 8 9 2 16 19 12 0 2 7 16 19 11 0 2 12 17 18 2 0 2 11 0 2 7 12 16 2 16 6 2 17 18 2 1 2 11 0 2 11 6 2 11 0 2 11 0 2 11 1 2 11 8 18 2 6 2 11 1 2 11 5 30 3 0 2 11 1 2 8 0 2 7 8 18 2 0 65.7345222234725952

Current Evaluation = 12600(12600)
Front Size = 10
12 16 2 5 31 3 1 2 7 0 2 7 12 16 2 1 2 7 5 31 3 0 2 7 0 2 7 1 2 7 1 2 7 1 2 7 0 2 7 0 2 7 0 2 7 12 16 2 0 2 4 1 2 7 0 2 7 0 2 7 0 2 7 1 2 7 1 2 7 1 2 7 0 2 7 1 2 7 0 2 7 1 2 7 17 9 2 1 2 7 1 2 7 0 2 7 0 2 7 0 2 7 0 2 7 1 2 7 13 6 3 0 2 7 1 2 7 17 9 2 13 6 3 0 2 7 16 6 2 1 2 4 0 2 7 0 2 7 13 6 3 0 2 7 17 18 2 1 2 7 17 9 2 17 18 2 0 2 7 12 16 2 5 31 3 1 2 4 17 18 2 0 2 7 1 2 7 0 2 7 0 59.7211945056915283
12 16 2 12 16 2 17 9 2 0 2 7 1 2 4 0 2 4 0 2 7 0 2 7 0 2 7 12 16 2 0 2 4 5 31 3 17 9 2 1 2 7 1 2 7 5 31 3 1 2 7 1 2 7 0 2 7 1 2 7 1 2 7 0 2 7 0 2 4 0 2 7 17 9 2 0 2 7 1 2 4 0 2 7 1 2 7 0 2 7 1 2 4 13 6 3 1 2 7 1 2 7 0 2 4 1 2 7 17 18 2 1 2 4 0 2 7 1 2 4 0 2 7 0 2 7 1 2 4 0 2 7 13 6 3 5 31 3 17 18 2 12 16 2 17 18 2 0 2 4 0 2 7 17 9 2 1 2 7 12 16 2 13 6 3 0 2 7 0 2 4 5 30 3 0 2 7 0 2 7 0 60.2245305776596069
12 16 2 5 31 3 1 2 7 5 31 3 12 16 2 0 2 7 5 30 3 0 2 7 0 2 7 1 2 3 0 2 7 1 2 7 0 2 4 0 2 3 0 2 7 12 16 2 0 2 7 0 2 7 1 2 7 0 2 3 1 2 7 1 2 7 0 2 7 1 2 7 0 2 7 0 2 7 0 2 7 12 16 2 6 2 7 0 2 7 0 2 7 0 2 7 0 2 7 1 2 7 17 9 2 0 2 3 16 6 2 1 2 7 17 18 2 12 16 2 5 30 3 16 6 2 0 2 7 13 6 3 0 2 11 16 6 2 16 6 2 0 2 7 1 2 7 0 2 7 13 6 3 1 2 7 6 2 7 17 9 2 8 18 2 5 30 3 0 2 3 0 2 4 0 2 7 5 31 3 0 61.2404904365539551
5 30 3 12 16 2 17 9 2 0 2 7 1 2 4 0 2 7 1 2 4 0 2 7 0 2 7 12 16 2 0 2 7 5 31 3 1 2 11 17 9 2 1 2 7 0 2 4 5 30 3 1 2 7 1 2 11 0 2 7 0 2 4 1 2 4 1 2 7 1 2 7 0 2 3 8 18 2 0 2 7 1 2 7 17 9 2 1 2 7 5 30 3 1 2 7 0 2 7 0 2 7 0 2 4 1 2 7 13 6 3 1 2 7 1 2 7 0 2 4 0 2 7 17 18 2 0 2 4 17 9 2 1 2 7 0 2 4 0 2 4 17 9 2 0 2 11 0 2 4 0 2 7 0 2 7 17 9 2 0 2 7 0 2 7 1 2 7 5 30 3 0 2 7 1 2 7 13 6 3 0 60.5349135398864746
5 31 3 12 16 2 17 9 2 0 2 4 1 2 7 0 2 7 1 2 7 0 2 7 0 2 7 12 16 2 5 31 3 17 9 2 1 2 7 0 2 7 5 30 3 1 2 7 0 2 7 1 2 7 1 2 7 1 2 7 0 2 7 0 2 7 1 2 3 17 9 2 1 2 11 5 30 3 1 2 7 1 2 7 1 2 7 0 2 7 0 2 3 13 6 3 0 2 7 0 2 7 17 18 2 0 2 7 0 2 7 0 2 7 0 2 7 13 6 3 0 2 7 0 2 3 0 2 7 0 2 7 17 9 2 1 2 7 0 2 7 1 2 7 0 2 7 1 2 7 17 18 2 1 2 7 0 2 7 1 2 7 0 2 4 0 2 4 1 2 7 16 6 2 13 6 3 12 16 2 0 60.1339124441146851
12 16 2 0 2 7 17 9 2 0 2 7 0 2 7 0 2 7 5 30 3 17 18 2 0 2 7 0 2 7 17 18 2 0 2 3 12 16 2 16 15 2 8 18 2 1 2 7 5 30 3 5 30 3 0 2 7 1 2 7 8 9 2 5 30 3 5 30 3 0 2 7 0 2 7 0 2 7 1 2 7 1 2 7 0 2 3 5 30 3 0 2 7 0 2 7 0 2 7 0 2 7 0 2 7 0 2 3 12 16 2 0 2 7 0 2 3 1 2 7 1 2 7 0 2 7 8 9 2 16 19 12 17 1 2 0 2 7 0 2 7 0 2 7 0 2 7 0 2 3 0 2 7 0 2 7 1 2 7 1 2 7 1 2 7 16 19 11 8 9 2 1 2 7 1 2 7 1 2 7 0 62.53589928150177
5 31 3 12 16 2 17 9 2 0 2 7 1 2 7 0 2 7 1 2 4 0 2 4 0 2 7 12 16 2 5 31 3 17 9 2 1 2 4 0 2 7 1 2 4 0 2 7 1 2 3 1 2 4 1 2 4 0 2 7 1 2 11 1 2 7 17 9 2 0 2 7 1 2 7 1 2 7 13 6 3 0 2 7 0 2 7 17 18 2 0 2 7 0 2 4 0 2 4 0 2 7 13 6 3 1 2 7 0 2 7 0 2 7 1 2 7 1 2 4 0 2 4 0 2 7 0 2 3 1 2 7 0 2 7 5 30 3 1 2 4 6 2 7 0 2 7 0 2 7 1 2 3 5 30 3 0 2 7 0 2 7 0 2 11 17 9 2 17 18 2 1 2 7 17 9 2 1 2 7 0 60.3268857598304749
12 16 2 5 31 3 1 2 7 5 30 3 12 16 2 0 2 4 5 31 3 0 2 7 1 2 7 0 2 7 0 2 7 1 2 7 0 2 7 0 2 7 1 2 7 12 16 2 6 2 7 0 2 7 1 2 7 0 2 7 1 2 7 1 2 7 0 2 7 1 2 4 0 2 7 0 2 7 0 2 7 12 16 2 0 2 7 0 2 7 0 2 7 0 2 7 0 2 4 1 2 7 17 9 2 0 2 7 16 6 2 1 2 4 17 18 2 12 16 2 5 30 3 16 6 2 0 2 7 16 18 11 0 2 7 0 2 4 16 6 2 0 2 7 0 2 7 0 2 4 13 6 3 1 2 7 1 2 7 17 9 2 8 18 2 5 31 3 0 2 7 0 2 7 0 2 7 5 31 3 0 61.3182843923568726
12 16 2 1 2 7 0 2 7 12 16 2 1 2 7 0 2 3 0 2 3 1 2 4 0 2 7 1 2 4 1 2 7 0 2 3 0 2 7 12 16 2 0 2 7 0 2 7 0 2 7 0 2 3 1 2 3 1 2 4 0 2 3 17 9 2 1 2 7 0 2 7 0 2 11 0 2 7 13 6 3 0 2 3 0 2 7 16 6 2 0 2 7 17 18 2 12 16 2 0 2 7 16 6 2 1 2 7 5 31 3 0 2 7 1 2 7 0 2 7 1 2 7 0 2 7 0 2 7 8 9 2 16 18 11 5 31 3 1 2 7 1 2 7 1 2 4 5 31 3 1 2 7 17 9 2 12 16 2 0 2 7 5 30 3 0 2 7 16 6 2 0 2 3 1 2 4 0 2 4 0 61.5483706593513489
5 30 3 12 16 2 17 9 2 0 2 7 1 2 7 0 2 4 1 2 7 0 2 7 1 2 7 12 16 2 5 31 3 17 9 2 1 2 7 0 2 7 5 30 3 1 2 7 0 2 7 1 2 7 1 2 7 1 2 7 0 2 7 0 2 7 17 9 2 1 2 11 5 30 3 1 2 11 1 2 7 1 2 7 0 2 7 13 6 3 0 2 7 0 2 7 17 18 2 0 2 7 0 2 7 0 2 7 0 2 7 13 6 3 0 2 7 0 2 7 0 2 7 1 2 7 0 2 7 0 2 4 0 2 7 1 2 7 17 18 2 0 2 7 13 6 3 12 16 2 1 2 7 0 2 7 0 2 7 17 9 2 5 30 3 0 2 7 0 2 7 1 2 4 1 2 7 16 31 2 0 60.1593302488327026

Current Evaluation = 13500(13500)
Front Size = 10
12 16 2 5 31 3 1 2 7 1 2 7 12 16 2 1 2 7 5 31 3 0 2 7 0 2 7 1 2 7 0 2 7 1 2 7 1 2 7 0 2 7 0 2 7 12 16 2 0 2 7 1 2 7 0 2 7 0 2 4 0 2 7 1 2 7 1 2 7 1 2 7 0 2 7 1 2 7 0 2 7 1 2 7 17 9 2 1 2 7 1 2 7 0 2 7 0 2 7 0 2 7 0 2 7 13 6 3 0 2 7 17 9 2 13 6 3 0 2 7 1 2 7 0 2 7 13 6 3 17 18 2 17 9 2 17 18 2 12 16 2 1 2 7 17 18 2 0 2 7 1 2 7 16 6 2 0 2 7 0 2 7 1 2 4 0 2 4 5 31 3 1 2 7 0 2 7 0 2 7 0 59.7211945056915283
5 30 3 12 16 2 17 9 2 0 2 7 1 2 4 0 2 7 1 2 4 0 2 7 0 2 7 12 16 2 0 2 7 5 31 3 1 2 11 17 9 2 1 2 7 0 2 4 5 30 3 1 2 7 1 2 11 0 2 7 0 2 4 1 2 4 1 2 7 1 2 7 0 2 3 8 18 2 0 2 7 1 2 7 17 9 2 1 2 7 5 30 3 1 2 7 0 2 7 0 2 7 0 2 4 1 2 7 13 6 3 1 2 7 1 2 7 0 2 4 0 2 7 17 18 2 0 2 4 17 9 2 1 2 7 0 2 4 0 2 4 17 9 2 0 2 11 0 2 4 0 2 7 0 2 7 17 9 2 0 2 7 0 2 7 1 2 7 5 30 3 0 2 7 1 2 7 13 6 3 0 60.5349135398864746
12 16 2 5 31 3 1 2 7 5 31 3 12 16 2 0 2 7 5 30 3 0 2 7 0 2 7 1 2 3 0 2 7 1 2 7 0 2 4 0 2 3 0 2 7 12 16 2 0 2 7 0 2 7 1 2 7 0 2 3 1 2 7 1 2 7 0 2 7 1 2 7 0 2 7 0 2 7 0 2 7 12 16 2 6 2 7 0 2 7 0 2 7 0 2 7 0 2 7 1 2 7 17 9 2 0 2 3 16 6 2 1 2 7 17 18 2 12 16 2 5 30 3 16 6 2 0 2 7 13 6 3 0 2 11 16 6 2 16 6 2 0 2 7 1 2 7 0 2 7 13 6 3 1 2 7 6 2 7 17 9 2 8 18 2 5 30 3 0 2 3 0 2 4 0 2 7 5 31 3 0 61.2404904365539551
5 31 3 12 16 2 17 9 2 0 2 7 1 2 7 0 2 7 1 2 4 0 2 4 0 2 7 12 16 2 5 31 3 17 9 2 1 2 4 0 2 7 1 2 4 0 2 7 1 2 3 1 2 4 1 2 4 0 2 7 1 2 11 1 2 7 17 9 2 0 2 7 1 2 7 1 2 7 13 6 3 0 2 7 0 2 7 17 18 2 0 2 7 0 2 4 0 2 4 0 2 7 13 6 3 1 2 7 0 2 7 0 2 7 1 2 7 1 2 4 0 2 4 0 2 7 0 2 3 1 2 7 0 2 7 5 30 3 1 2 4 6 2 7 0 2 7 0 2 7 1 2 3 5 30 3 0 2 7 0 2 7 0 2 11 17 9 2 17 18 2 1 2 7 17 9 2 1 2 7 0 60.3268857598304749
12 16 2 5 31 3 0 2 7 1 2 7 12 16 2 1 2 4 5 30 3 0 2 7 1 2 4 1 2 7 0 2 7 0 2 7 0 2 4 1 2 7 12 16 2 0 2 4 1 2 7 0 2 7 1 2 7 1 2 4 0 2 4 1 2 7 0 2 7 0 2 7 0 2 7 1 2 4 17 9 2 1 2 7 0 2 4 0 2 7 0 2 7 13 6 3 0 2 7 17 9 2 13 6 3 1 2 7 0 2 7 0 2 4 17 18 2 17 18 2 12 16 2 5 31 3 1 2 7 17 18 2 0 2 7 1 2 7 0 2 7 1 2 7 0 2 7 0 2 7 0 2 7 0 2 7 0 2 3 16 30 2 13 6 3 17 18 2 12 16 2 1 2 7 1 2 7 5 30 3 0 60.0450835227966309
12 16 2 5 31 3 0 2 7 1 2 7 12 16 2 1 2 4 5 30 3 0 2 7 1 2 4 1 2 7 0 2 7 0 2 7 0 2 4 1 2 7 12 16 2 0 2 4 1 2 7 0 2 7 1 2 7 1 2 4 0 2 4 1 2 7 0 2 7 0 2 7 0 2 7 1 2 4 17 9 2 1 2 7 0 2 4 0 2 7 0 2 7 13 6 3 0 2 7 17 9 2 13 6 3 1 2 7 0 2 7 0 2 4 17 18 2 17 18 2 12 16 2 5 31 3 1 2 7 17 18 2 0 2 7 1 2 7 0 2 7 1 2 7 0 2 7 0 2 7 0 2 7 0 2 7 0 2 7 1 2 3 16 6 2 17 9 2 5 31 3 1 2 4 0 2 4 6 2 4 0 60.2408736348152161
0 2 7 5 31 3 1 2 7 1 2 7 12 16 2 1 2 7 5 31 3 12 16 2 0 2 7 1 2 7 0 2 7 1 2 4 1 2 7 0 2 7 1 2 11 0 2 7 0 2 7 1 2 11 1 2 11 0 2 7 1 2 7 1 2 7 1 2 7 0 2 4 17 9 2 0 2 7 0 2 7 0 2 7 0 2 7 13 6 3 0 2 7 17 9 2 13 6 3 0 2 7 0 2 7 17 18 2 17 9 2 17 18 2 0 2 7 1 2 7 1 2 7 0 2 7 1 2 7 0 2 7 5 30 3 0 2 7 1 2 7 17 9 2 0 2 7 13 6 3 12 16 2 0 2 4 17 18 2 0 2 7 1 2 7 1 2 7 1 2 7 1 2 7 0 2 4 0 2 7 0 59.8851563930511475
12 16 2 5 31 3 0 2 4 1 2 7 12 16 2 5 30 3 0 2 7 0 2 7 1 2 7 0 2 7 0 2 7 0 2 7 0 2 7 0 2 7 1 2 7 0 2 7 1 2 7 0 2 7 0 2 7 0 2 7 5 31 3 17 9 2 1 2 7 0 2 7 0 2 4 13 6 3 0 2 4 17 9 2 13 6 3 1 2 4 1 2 7 17 18 2 17 9 2 5 30 3 0 2 7 0 2 7 1 2 7 0 2 4 0 2 7 0 2 7 0 2 7 1 2 7 0 2 7 0 2 7 1 2 7 5 30 3 17 9 2 1 2 4 12 16 2 1 2 7 1 2 4 1 2 7 0 2 7 1 2 4 0 2 7 13 6 3 17 18 2 1 2 7 17 18 2 1 2 4 0 60.0792984962463379
0 2 7 5 31 3 1 2 7 0 2 7 12 16 2 1 2 4 5 31 3 12 16 2 1 2 7 1 2 11 0 2 7 1 2 7 1 2 7 0 2 4 1 2 7 0 2 11 0 2 7 0 2 7 1 2 7 0 2 11 1 2 7 6 2 7 17 9 2 0 2 7 0 2 7 0 2 7 0 2 7 13 6 3 0 2 4 16 31 2 13 6 3 0 2 7 0 2 7 17 18 2 17 9 2 17 18 2 0 2 7 1 2 7 1 2 7 0 2 7 1 2 7 0 2 7 5 30 3 1 2 7 17 9 2 0 2 7 17 18 2 1 2 4 1 2 4 1 2 4 0 2 7 0 2 7 0 2 7 1 2 7 12 16 2 5 30 3 0 2 7 0 2 7 1 2 7 0 2 7 0 60.3059466481208801
12 16 2 5 31 3 0 2 7 1 2 10 12 16 2 1 2 7 5 30 3 0 2 4 0 2 7 0 2 4 1 2 7 0 2 7 0 2 7 0 2 7 0 2 7 0 2 4 17 9 2 0 2 4 1 2 7 1 2 7 0 2 7 1 2 7 0 2 7 0 2 7 0 2 4 17 9 2 0 2 7 0 2 4 0 2 4 0 2 4 13 6 3 0 2 7 17 9 2 13 6 3 1 2 4 0 2 7 0 2 4 17 18 2 17 9 2 1 2 7 0 2 7 1 2 4 0 2 7 1 2 7 0 2 7 1 2 11 1 2 4 5 30 3 1 2 7 1 2 7 1 2 7 1 2 7 17 18 2 0 2 7 1 2 7 17 18 2 1 2 7 5 30 3 0 2 7 5 31 3 0 60.316739559173584

Current Evaluation = 14400(14400)
Front Size = 10
12 16 2 5 31 3 1 2 7 1 2 7 12 16 2 1 2 7 5 31 3 0 2 7 0 2 7 1 2 7 0 2 7 1 2 7 1 2 7 0 2 7 0 2 7 12 16 2 0 2 7 1 2 7 0 2 7 0 2 4 0 2 7 1 2 7 1 2 7 1 2 7 0 2 7 1 2 7 0 2 7 1 2 7 17 9 2 1 2 7 1 2 7 0 2 7 0 2 7 0 2 7 0 2 7 13 6 3 0 2 7 17 9 2 13 6 3 0 2 7 1 2 7 0 2 7 13 6 3 17 18 2 17 9 2 17 18 2 12 16 2 1 2 7 17 18 2 0 2 7 1 2 7 16 6 2 0 2 7 0 2 7 1 2 4 0 2 4 5 31 3 1 2 7 0 2 7 0 2 7 0 59.7211945056915283
5 31 3 12 16 2 17 9 2 0 2 7 1 2 7 0 2 7 1 2 4 0 2 4 0 2 7 12 16 2 5 31 3 17 9 2 1 2 4 0 2 7 1 2 4 0 2 7 1 2 3 1 2 4 1 2 4 0 2 7 1 2 11 1 2 7 17 9 2 0 2 7 1 2 7 1 2 7 13 6 3 0 2 7 0 2 7 17 18 2 0 2 7 0 2 4 0 2 4 0 2 7 13 6 3 1 2 7 0 2 7 0 2 7 1 2 7 1 2 4 0 2 4 0 2 7 0 2 3 1 2 7 0 2 7 5 30 3 1 2 4 6 2 7 0 2 7 0 2 7 1 2 3 5 30 3 0 2 7 0 2 7 0 2 11 17 9 2 17 18 2 1 2 7 17 9 2 1 2 7 0 60.3268857598304749
12 16 2 5 31 3 1 2 7 1 2 7 12 16 2 1 2 7 5 30 3 0 2 7 0 2 7 1 2 4 0 2 7 1 2 7 1 2 7 0 2 7 0 2 4 0 2 4 1 2 4 0 2 4 0 2 7 0 2 7 1 2 7 1 2 4 1 2 7 0 2 7 1 2 7 0 2 7 17 9 2 1 2 7 0 2 7 0 2 7 1 2 7 0 2 7 13 6 3 0 2 7 13 6 3 1 2 7 0 2 7 17 18 2 17 18 2 17 18 2 0 2 7 0 2 7 12 16 2 1 2 7 13 6 3 0 2 7 5 30 3 1 2 7 1 2 7 5 31 3 0 2 7 0 2 7 17 18 2 0 2 7 17 9 2 17 9 2 0 2 7 1 2 7 1 2 4 0 2 7 0 59.7875515222549438
5 30 3 12 16 2 17 9 2 0 2 7 1 2 4 0 2 7 1 2 4 0 2 7 0 2 7 12 16 2 0 2 7 5 31 3 1 2 11 17 9 2 1 2 7 0 2 4 5 30 3 1 2 7 1 2 11 0 2 7 0 2 4 1 2 4 1 2 7 1 2 7 0 2 3 8 18 2 0 2 7 1 2 7 17 9 2 1 2 7 5 30 3 1 2 7 0 2 7 0 2 7 0 2 4 1 2 7 13 6 3 1 2 7 1 2 7 0 2 4 0 2 7 17 18 2 0 2 4 17 9 2 1 2 7 0 2 4 0 2 4 17 9 2 0 2 11 0 2 4 0 2 7 0 2 7 17 9 2 0 2 7 0 2 7 1 2 7 5 30 3 0 2 7 1 2 7 13 6 3 0 60.5349135398864746
12 16 2 5 31 3 0 2 4 1 2 7 12 16 2 1 2 4 5 30 3 0 2 7 1 2 4 1 2 7 0 2 7 0 2 4 0 2 7 1 2 7 0 2 7 1 2 7 0 2 7 1 2 7 1 2 7 0 2 7 1 2 4 0 2 7 0 2 7 0 2 4 1 2 7 17 9 2 1 2 4 1 2 4 0 2 7 0 2 4 13 6 3 0 2 7 17 9 2 13 6 3 1 2 7 0 2 3 17 18 2 17 18 2 5 31 3 0 2 7 0 2 4 0 2 7 0 2 7 1 2 7 0 2 4 0 2 4 0 2 7 5 30 3 12 16 2 0 2 4 1 2 4 17 18 2 1 2 7 1 2 7 1 2 7 17 9 2 17 18 2 0 2 7 1 2 4 0 2 3 0 60.1897426843643188
12 16 2 5 31 3 1 2 7 1 2 7 12 16 2 1 2 7 5 30 3 0 2 7 0 2 7 1 2 4 0 2 7 1 2 1 1 2 7 0 2 7 0 2 4 0 2 7 1 2 7 0 2 7 0 2 7 0 2 7 1 2 7 1 2 7 1 2 7 0 2 7 1 2 7 0 2 7 17 9 2 1 2 7 0 2 7 0 2 7 1 2 7 0 2 7 13 6 3 0 2 7 13 6 3 0 2 7 0 2 7 17 18 2 17 18 2 17 18 2 0 2 7 0 2 7 12 16 2 1 2 7 13 6 3 0 2 7 5 30 3 1 2 7 1 2 4 5 31 3 0 2 7 0 2 7 17 18 2 0 2 7 17 9 2 17 9 2 1 2 7 6 2 4 1 2 4 0 2 7 0 59.9988445639610291
5 31 3 12 16 2 17 9 2 1 2 7 0 2 7 1 2 7 0 2 7 12 16 2 5 30 3 0 2 7 0 2 7 1 2 7 0 2 7 1 2 7 0 2 7 1 2 7 1 2 4 13 6 3 0 2 7 0 2 7 17 18 2 0 2 7 0 2 7 13 6 3 1 2 7 0 2 7 0 2 7 1 2 7 1 2 7 0 2 4 0 2 7 0 2 7 5 30 3 0 2 7 0 2 7 5 30 3 0 2 7 17 18 2 1 2 4 1 2 7 17 9 2 1 2 7 1 2 7 1 2 3 0 2 4 13 6 3 17 18 2 17 18 2 12 16 2 0 2 4 0 2 4 0 2 4 0 2 4 1 2 4 1 2 7 0 2 7 12 16 2 16 31 2 12 16 2 1 2 7 0 60.0450834035873413
12 16 2 5 31 3 0 2 7 1 2 7 12 16 2 1 2 3 5 31 3 0 2 7 1 2 7 1 2 4 6 2 7 0 2 4 0 2 4 1 2 7 12 16 2 1 2 7 0 2 7 1 2 7 1 2 3 1 2 4 0 2 4 0 2 7 1 2 7 17 9 2 1 2 7 0 2 7 1 2 7 13 6 3 0 2 7 17 9 2 13 6 3 0 2 7 0 2 4 17 18 2 17 18 2 17 9 2 5 31 3 0 2 7 17 18 2 0 2 7 1 2 4 0 2 4 1 2 7 0 2 7 0 2 7 0 2 7 0 2 7 0 2 7 16 6 2 5 30 3 1 2 7 0 2 7 1 2 7 0 2 7 0 2 7 0 2 7 0 2 7 1 2 7 0 2 4 1 2 7 0 60.1825236678123474
5 31 3 12 16 2 17 9 2 0 2 11 1 2 7 0 2 7 1 2 7 0 2 11 0 2 7 12 16 2 5 31 3 0 2 7 0 2 7 1 2 7 0 2 7 1 2 7 0 2 7 1 2 7 1 2 7 13 6 3 0 2 7 0 2 7 17 18 2 0 2 7 0 2 7 13 6 3 1 2 7 0 2 7 0 2 7 1 2 7 0 2 7 0 2 7 1 2 7 0 2 7 5 30 3 0 2 7 0 2 7 5 30 3 0 2 7 0 2 7 0 2 7 17 18 2 1 2 7 1 2 7 17 9 2 1 2 4 1 2 7 1 2 4 0 2 7 1 2 11 1 2 7 1 2 7 0 2 11 13 6 3 17 18 2 1 2 7 0 2 7 1 2 7 17 9 2 17 18 2 0 60.1381536722183228
5 31 3 12 16 2 17 9 2 0 2 7 1 2 7 0 2 7 1 2 4 0 2 4 0 2 7 12 16 2 5 31 3 17 9 2 1 2 4 0 2 7 1 2 4 0 2 7 1 2 4 0 2 7 1 2 7 17 9 2 0 2 7 1 2 7 1 2 7 13 6 3 0 2 7 0 2 7 17 18 2 0 2 7 0 2 4 0 2 4 0 2 7 13 6 3 1 2 7 0 2 7 0 2 7 1 2 7 0 2 7 1 2 7 0 2 7 5 30 3 0 2 7 0 2 7 5 30 3 0 2 7 0 2 7 17 18 2 1 2 7 1 2 7 1 2 3 0 2 7 1 2 11 1 2 7 0 2 4 0 2 3 1 2 7 6 2 7 1 2 3 1 2 7 17 9 2 1 2 7 2.8220277451125318e-05 60.3192866444587708

Current Evaluation = 15300(15300)
Front Size = 10
12 16 2 5 31 3 1 2 7 1 2 7 12 16 2 1 2 7 5 31 3 0 2 7 0 2 7 1 2 7 0 2 7 1 2 7 1 2 7 0 2 7 0 2 7 12 16 2 0 2 7 1 2 7 0 2 7 0 2 4 0 2 7 1 2 7 1 2 7 1 2 7 0 2 7 1 2 7 0 2 7 1 2 7 17 9 2 1 2 7 1 2 7 0 2 7 0 2 7 0 2 7 0 2 7 13 6 3 0 2 7 17 9 2 13 6 3 0 2 7 1 2 7 0 2 7 13 6 3 17 18 2 17 9 2 17 18 2 17 18 2 0 2 7 0 2 7 0 2 7 1 2 4 0 2 4 0 2 7 12 16 2 1 2 7 1 2 7 16 6 2 5 31 3 1 2 7 0 2 7 0 59.7211945056915283
5 30 3 12 16 2 17 9 2 0 2 7 1 2 4 0 2 7 1 2 4 0 2 7 0 2 7 12 16 2 0 2 7 5 31 3 1 2 11 17 9 2 1 2 7 0 2 4 5 30 3 1 2 7 1 2 11 0 2 7 0 2 4 1 2 4 1 2 7 1 2 7 0 2 3 8 18 2 0 2 7 1 2 7 17 9 2 1 2 7 5 30 3 1 2 7 0 2 7 0 2 7 0 2 4 1 2 7 13 6 3 1 2 7 1 2 7 0 2 4 0 2 7 17 18 2 0 2 4 17 9 2 1 2 7 0 2 4 0 2 4 17 9 2 0 2 11 0 2 4 0 2 7 0 2 7 17 9 2 0 2 7 0 2 7 1 2 7 5 30 3 0 2 7 1 2 7 13 6 3 0 60.5349135398864746
12 16 2 5 30 3 1 2 7 1 2 7 12 16 2 1 2 7 0 2 7 0 2 7 1 2 4 0 2 7 1 2 7 1 2 7 0 2 7 1 2 4 0 2 7 0 2 7 1 2 7 1 2 7 0 2 7 17 9 2 1 2 7 0 2 7 0 2 7 1 2 7 0 2 7 13 6 3 0 2 7 13 6 3 1 2 7 0 2 7 17 18 2 17 18 2 0 2 7 0 2 7 1 2 7 5 31 3 0 2 7 17 9 2 17 9 2 1 2 4 1 2 4 0 2 4 1 2 4 0 2 7 1 2 4 0 2 4 0 2 4 5 31 3 5 31 3 0 2 3 5 30 3 6 2 7 0 2 7 0 2 11 12 16 2 13 6 3 0 2 7 0 2 3 1 2 11 1 2 7 0.0006642159120471571 60.5485207438468933
5 31 3 12 16 2 17 9 2 1 2 7 0 2 7 1 2 7 0 2 7 12 16 2 5 30 3 0 2 7 0 2 7 1 2 7 1 2 7 1 2 7 0 2 4 1 2 4 1 2 4 13 6 3 0 2 7 0 2 7 17 18 2 0 2 7 0 2 7 13 6 3 1 2 7 0 2 7 0 2 4 1 2 7 1 2 7 0 2 4 0 2 7 0 2 7 5 30 3 1 2 7 0 2 7 0 2 4 17 18 2 13 6 3 0 2 7 17 9 2 1 2 7 0 2 7 1 2 7 13 6 3 17 18 2 17 18 2 12 16 2 0 2 7 0 2 4 0 2 7 1 2 7 0 2 7 1 2 7 5 30 3 1 2 7 1 2 4 0 2 7 12 16 2 17 18 2 12 16 2 0 59.7417813539505005
12 16 2 5 31 3 0 2 7 1 2 7 12 16 2 1 2 3 5 31 3 0 2 7 1 2 7 1 2 4 6 2 7 0 2 4 0 2 4 1 2 7 12 16 2 1 2 7 0 2 7 1 2 7 1 2 3 1 2 4 0 2 4 0 2 7 1 2 7 17 9 2 1 2 7 0 2 7 1 2 7 13 6 3 0 2 7 17 9 2 13 6 3 0 2 7 0 2 4 17 18 2 17 18 2 17 9 2 5 31 3 0 2 7 17 18 2 0 2 7 1 2 4 0 2 4 1 2 7 0 2 7 0 2 7 0 2 7 0 2 7 0 2 7 16 6 2 5 30 3 1 2 7 0 2 7 1 2 7 0 2 7 0 2 7 0 2 7 0 2 7 1 2 7 0 2 4 1 2 7 0 60.1825236678123474
0 2 7 12 16 2 17 9 2 1 2 7 0 2 4 1 2 7 0 2 7 12 16 2 5 31 3 0 2 7 0 2 7 1 2 7 1 2 7 0 2 7 0 2 7 0 2 7 13 6 3 1 2 4 0 2 7 17 18 2 0 2 7 0 2 7 13 6 3 1 2 7 0 2 7 0 2 7 1 2 7 0 2 7 0 2 7 1 2 7 1 2 4 5 30 3 0 2 7 0 2 7 5 31 3 0 2 4 1 2 7 5 30 3 17 18 2 1 2 7 1 2 7 17 9 2 1 2 7 1 2 7 0 2 7 1 2 7 1 2 4 13 6 3 17 18 2 0 2 7 17 9 2 17 18 2 12 16 2 0 2 7 1 2 4 0 2 4 0 2 7 1 2 7 1 2 7 0 2 7 0 59.7875515222549438
12 16 2 5 31 3 0 2 7 1 2 4 12 16 2 1 2 7 5 31 3 0 2 7 1 2 11 1 2 7 0 2 7 1 2 4 0 2 7 1 2 7 0 2 4 1 2 7 0 2 7 0 2 7 0 2 7 0 2 7 1 2 7 1 2 4 1 2 4 0 2 7 1 2 7 17 9 2 6 2 7 0 2 7 0 2 7 0 2 7 13 6 3 0 2 7 17 9 2 13 6 3 1 2 7 0 2 7 17 18 2 17 18 2 5 31 3 0 2 7 0 2 4 1 2 11 0 2 7 0 2 7 5 30 3 0 2 7 17 9 2 0 2 7 1 2 7 1 2 7 0 2 7 0 2 4 1 2 4 1 2 7 1 2 7 17 9 2 1 2 4 0 2 7 17 9 2 0 2 7 0 60.1671646237373352
0 2 7 12 16 2 17 9 2 1 2 7 0 2 7 1 2 7 0 2 7 12 16 2 5 31 3 0 2 7 0 2 7 1 2 7 0 2 7 0 2 7 0 2 7 1 2 11 1 2 7 13 6 3 0 2 7 0 2 7 17 18 2 0 2 7 0 2 7 13 6 3 1 2 7 1 2 7 0 2 4 1 2 7 0 2 7 0 2 7 1 2 7 0 2 7 5 30 3 0 2 7 0 2 3 5 31 3 0 2 7 0 2 7 17 18 2 1 2 7 1 2 7 17 9 2 1 2 7 1 2 7 0 2 7 1 2 7 1 2 7 13 6 3 17 18 2 0 2 7 17 18 2 0 2 7 1 2 7 1 2 7 1 2 11 1 2 4 17 9 2 1 2 7 0 2 3 1 2 7 0 59.8072065114974976
12 16 2 5 31 3 0 2 4 1 2 7 12 16 2 1 2 4 5 30 3 0 2 7 1 2 4 1 2 7 0 2 7 0 2 4 0 2 7 1 2 7 0 2 7 1 2 7 0 2 7 1 2 7 1 2 7 0 2 7 1 2 4 0 2 7 0 2 7 0 2 4 1 2 7 17 9 2 1 2 4 1 2 4 0 2 7 0 2 4 13 6 3 0 2 7 17 9 2 13 6 3 1 2 7 0 2 3 17 18 2 17 18 2 5 31 3 0 2 7 0 2 4 0 2 7 0 2 7 1 2 7 0 2 4 0 2 4 0 2 7 5 30 3 12 16 2 0 2 4 1 2 4 17 18 2 1 2 7 1 2 7 1 2 7 17 9 2 17 18 2 0 2 7 1 2 4 0 2 3 0 60.1897426843643188
12 16 2 5 30 3 1 2 7 1 2 7 12 16 2 1 2 7 5 30 3 0 2 7 0 2 7 1 2 4 0 2 7 1 2 7 1 2 7 0 2 7 1 2 4 0 2 7 0 2 7 1 2 7 1 2 7 0 2 7 17 9 2 1 2 7 0 2 7 0 2 7 1 2 7 0 2 7 13 6 3 0 2 7 13 6 3 1 2 7 0 2 7 17 18 2 17 18 2 17 18 2 0 2 7 0 2 7 1 2 7 0 2 3 5 30 3 1 2 7 5 31 3 0 2 7 17 18 2 17 9 2 17 9 2 1 2 4 1 2 4 0 2 4 0 2 11 12 16 2 13 6 3 1 2 4 0 2 3 0 2 3 0 2 7 0 2 3 1 2 4 0 2 4 1 2 7 0 2 4 0 60.1468726396560669

Current Evaluation = 16200(16200)
Front Size = 10
12 16 2 5 31 3 0 2 7 1 2 7 12 16 2 1 2 7 5 31 3 1 2 7 1 2 7 0 2 7 0 2 7 1 2 7 0 2 7 0 2 4 12 16 2 1 2 7 1 2 7 0 2 7 0 2 7 0 2 7 0 2 7 1 2 7 1 2 7 0 2 7 0 2 7 0 2 7 1 2 7 17 9 2 0 2 4 1 2 7 0 2 4 0 2 7 1 2 7 0 2 7 13 6 3 0 2 7 17 9 2 13 6 3 0 2 7 1 2 7 0 2 7 13 6 3 17 18 2 17 9 2 17 18 2 17 18 2 0 2 7 1 2 7 0 2 7 1 2 7 1 2 7 0 2 7 1 2 7 0 2 7 5 31 3 12 16 2 16 6 2 1 2 7 1 2 7 0 2 7 0 59.7211945056915283
12 16 2 5 31 3 0 2 7 1 2 7 12 16 2 1 2 4 0 2 7 0 2 4 1 2 7 0 2 3 1 2 7 0 2 7 0 2 7 0 2 3 1 2 4 1 2 4 0 2 7 0 2 7 0 2 7 1 2 4 1 2 7 0 2 11 1 2 7 17 9 2 1 2 3 6 2 7 0 2 4 13 6 3 0 2 4 17 9 2 13 6 3 0 2 7 0 2 7 17 18 2 0 2 4 0 2 7 1 2 7 5 30 3 17 9 2 1 2 7 1 2 7 0 2 11 0 2 7 1 2 7 17 9 2 17 9 2 5 30 3 1 2 4 0 2 7 17 18 2 1 2 4 0 2 4 1 2 7 0 2 7 0 2 7 0 2 7 1 2 7 1 2 7 0 2 7 5 31 3 0 60.3268858790397644
5 31 3 12 16 2 17 9 2 1 2 7 0 2 7 1 2 7 0 2 7 12 16 2 5 30 3 0 2 7 0 2 7 1 2 7 1 2 7 1 2 7 0 2 4 1 2 4 1 2 4 13 6 3 0 2 7 0 2 7 17 18 2 0 2 7 0 2 7 13 6 3 1 2 7 0 2 7 0 2 4 1 2 7 1 2 7 0 2 4 0 2 7 0 2 7 5 30 3 1 2 7 0 2 7 0 2 4 17 18 2 13 6 3 0 2 7 17 9 2 1 2 7 0 2 7 1 2 7 13 6 3 17 18 2 17 18 2 12 16 2 0 2 7 0 2 4 0 2 7 1 2 7 0 2 7 1 2 7 5 30 3 1 2 7 1 2 4 0 2 7 12 16 2 17 18 2 12 16 2 0 59.7417813539505005
5 30 3 12 16 2 17 9 2 0 2 7 1 2 4 0 2 7 1 2 7 0 2 7 0 2 7 12 16 2 0 2 7 5 31 3 17 9 2 1 2 7 0 2 7 1 2 7 0 2 7 1 2 7 1 2 7 0 2 7 1 2 7 0 2 7 1 2 7 17 9 2 1 2 7 1 2 7 0 2 7 1 2 7 0 2 7 1 2 7 13 6 3 1 2 7 0 2 7 0 2 7 0 2 7 17 18 2 1 2 7 1 2 7 0 2 7 0 2 7 0 2 7 0 2 7 0 2 7 1 2 7 1 2 4 5 30 3 13 6 3 1 2 7 0 2 7 0 2 7 0 2 7 8 18 2 5 31 3 17 1 2 0 2 7 0 2 7 17 18 2 17 18 2 0 2 7 12 16 2 0 60.2312514781951904
12 16 2 5 30 3 0 2 7 1 2 7 12 16 2 1 2 7 5 31 3 1 2 7 1 2 7 0 2 7 0 2 7 1 2 7 0 2 7 0 2 4 12 16 2 1 2 7 1 2 4 0 2 7 0 2 7 0 2 7 0 2 7 1 2 7 1 2 7 0 2 7 0 2 7 0 2 7 1 2 7 17 9 2 0 2 4 1 2 7 0 2 4 0 2 7 1 2 7 0 2 7 13 6 3 0 2 4 17 9 2 13 6 3 0 2 4 1 2 7 0 2 7 13 6 3 17 18 2 17 9 2 17 18 2 17 18 2 0 2 7 1 2 7 0 2 4 1 2 7 1 2 7 0 2 7 1 2 7 0 2 7 5 31 3 1 2 7 5 30 3 17 9 2 0 2 7 1 2 7 0 59.7875515222549438
12 16 2 5 30 3 1 2 7 1 2 7 12 16 2 1 2 7 5 30 3 0 2 7 0 2 7 1 2 4 0 2 7 1 2 7 1 2 7 0 2 7 1 2 4 0 2 7 0 2 7 1 2 7 1 2 7 0 2 7 17 9 2 1 2 7 0 2 7 0 2 7 1 2 7 0 2 7 13 6 3 0 2 7 13 6 3 1 2 7 0 2 7 17 18 2 17 18 2 17 18 2 0 2 7 0 2 7 1 2 7 0 2 3 5 30 3 1 2 7 5 31 3 0 2 7 17 18 2 17 9 2 17 9 2 1 2 4 1 2 4 0 2 4 0 2 11 12 16 2 13 6 3 1 2 4 0 2 3 0 2 3 0 2 7 0 2 3 1 2 4 0 2 4 1 2 7 0 2 4 0 60.1468726396560669
0 2 7 12 16 2 17 9 2 1 2 7 0 2 7 0 2 7 1 2 7 12 16 2 5 31 3 0 2 7 0 2 7 1 2 7 1 2 4 0 2 7 0 2 7 0 2 7 13 6 3 1 2 7 0 2 7 17 18 2 0 2 7 0 2 7 13 6 3 1 2 7 0 2 7 1 2 7 1 2 4 0 2 7 0 2 4 1 2 7 1 2 7 5 31 3 0 2 7 0 2 7 0 2 7 1 2 7 5 30 3 17 18 2 1 2 4 1 2 7 17 9 2 1 2 7 1 2 4 1 2 7 1 2 7 13 6 3 17 18 2 17 9 2 17 18 2 12 16 2 0 2 7 0 2 4 0 2 7 0 2 7 1 2 4 0 2 7 1 2 7 5 30 3 0 2 7 0 2 7 0 59.7875515222549438
12 16 2 17 9 2 0 2 7 0 2 7 0 2 7 1 2 7 12 16 2 5 31 3 0 2 7 0 2 7 0 2 7 1 2 4 0 2 7 1 2 7 0 2 7 13 6 3 1 2 7 0 2 7 17 18 2 0 2 7 0 2 7 13 6 3 1 2 7 0 2 7 1 2 7 0 2 7 0 2 7 1 2 7 1 2 7 0 2 7 0 2 7 0 2 4 1 2 7 5 30 3 17 18 2 1 2 7 17 9 2 1 2 7 1 2 7 1 2 7 13 6 3 17 18 2 17 18 2 0 2 7 0 2 7 1 2 7 1 2 7 0 2 3 12 16 2 17 9 2 0 2 7 0 2 7 12 16 2 13 6 3 1 2 7 0 2 3 1 2 11 1 2 11 1 2 7 17 18 2 0.0158843946355438637 59.4882403612136841
0 2 3 12 16 2 17 9 2 0 2 7 0 2 7 0 2 7 1 2 7 12 16 2 5 31 3 0 2 7 0 2 7 0 2 7 1 2 4 0 2 7 1 2 7 0 2 7 13 6 3 1 2 7 0 2 7 17 18 2 0 2 7 0 2 7 13 6 3 1 2 7 0 2 7 1 2 7 0 2 7 0 2 7 1 2 7 1 2 7 5 31 3 0 2 7 0 2 7 0 2 4 1 2 7 5 30 3 17 18 2 1 2 7 17 9 2 1 2 7 1 2 7 1 2 7 13 6 3 17 18 2 17 9 2 17 18 2 0 2 7 0 2 7 0 2 7 0 2 7 1 2 7 0 2 7 1 2 7 1 2 7 1 2 7 0 2 3 1 2 11 1 2 11 1 2 7 1 2 7 0 59.8072065114974976
5 30 3 12 16 2 17 9 2 1 2 7 0 2 7 1 2 7 0 2 4 1 2 7 5 31 3 0 2 7 0 2 7 1 2 7 1 2 7 1 2 7 1 2 7 1 2 7 1 2 7 13 6 3 0 2 7 1 2 7 17 18 2 0 2 7 13 6 3 0 2 7 0 2 4 0 2 7 1 2 7 0 2 7 1 2 11 0 2 7 17 9 2 0 2 7 0 2 7 1 2 7 0 2 7 0 2 7 1 2 7 17 18 2 13 6 3 17 9 2 12 16 2 0 2 7 0 2 7 1 2 7 17 18 2 1 2 7 0 2 7 0 2 7 0 2 7 0 2 7 0 2 7 1 2 11 5 31 3 1 2 7 1 2 7 12 16 2 0 2 4 1 2 11 17 9 2 0 2 4 0 59.8851563930511475

Current Evaluation = 17100(17100)
Front Size = 10
12 16 2 5 31 3 0 2 7 1 2 7 12 16 2 1 2 7 5 31 3 1 2 7 1 2 7 0 2 7 0 2 7 1 2 7 0 2 7 0 2 4 12 16 2 1 2 7 1 2 7 0 2 7 0 2 7 0 2 7 0 2 7 1 2 7 1 2 7 0 2 7 0 2 7 0 2 7 1 2 7 17 9 2 0 2 4 1 2 7 0 2 4 0 2 7 1 2 7 0 2 7 13 6 3 0 2 7 17 9 2 13 6 3 0 2 7 1 2 7 0 2 7 13 6 3 17 18 2 17 9 2 17 18 2 17 18 2 0 2 7 1 2 7 0 2 7 1 2 7 1 2 7 0 2 7 1 2 7 0 2 7 5 31 3 12 16 2 16 6 2 1 2 7 1 2 7 0 2 7 0 59.7211945056915283
12 16 2 5 31 3 0 2 7 1 2 7 12 16 2 1 2 4 0 2 7 0 2 4 1 2 7 0 2 3 1 2 7 0 2 7 0 2 7 0 2 3 1 2 4 1 2 4 0 2 7 0 2 7 0 2 7 1 2 4 1 2 7 0 2 11 1 2 7 17 9 2 1 2 3 6 2 7 0 2 4 13 6 3 0 2 4 17 9 2 13 6 3 0 2 7 0 2 7 17 18 2 0 2 4 0 2 7 1 2 7 5 30 3 17 9 2 1 2 7 1 2 7 0 2 11 0 2 7 1 2 7 17 9 2 17 9 2 5 30 3 1 2 4 0 2 7 17 18 2 1 2 4 0 2 4 1 2 7 0 2 7 0 2 7 0 2 7 1 2 7 1 2 7 0 2 7 5 31 3 0 60.3268858790397644
5 31 3 12 16 2 17 9 2 1 2 7 0 2 7 1 2 7 0 2 7 12 16 2 5 30 3 0 2 7 0 2 7 1 2 7 1 2 7 1 2 7 0 2 4 1 2 4 1 2 4 13 6 3 0 2 7 0 2 7 17 18 2 0 2 7 0 2 7 13 6 3 1 2 7 0 2 7 0 2 4 1 2 7 1 2 7 0 2 4 0 2 7 0 2 7 5 30 3 1 2 7 0 2 7 0 2 4 17 18 2 13 6 3 0 2 7 17 9 2 1 2 7 0 2 7 1 2 7 13 6 3 17 18 2 17 18 2 12 16 2 0 2 7 0 2 4 0 2 7 1 2 7 0 2 7 1 2 7 5 30 3 1 2 7 1 2 4 0 2 7 12 16 2 17 18 2 12 16 2 0 59.7417813539505005
0 2 7 12 16 2 17 9 2 1 2 7 0 2 7 0 2 7 1 2 7 12 16 2 5 31 3 0 2 7 0 2 7 1 2 7 1 2 4 0 2 7 0 2 7 0 2 7 13 6 3 1 2 7 0 2 7 17 18 2 0 2 7 0 2 7 13 6 3 1 2 7 0 2 7 1 2 7 1 2 4 0 2 7 0 2 4 1 2 7 1 2 7 5 31 3 0 2 7 0 2 7 0 2 7 1 2 7 5 30 3 17 18 2 1 2 4 1 2 7 17 9 2 1 2 7 1 2 4 1 2 7 1 2 7 13 6 3 17 18 2 17 9 2 17 18 2 12 16 2 0 2 7 0 2 4 0 2 7 0 2 7 0 2 7 1 2 7 5 30 3 0 2 7 1 2 4 0 2 7 0 59.7875515222549438
12 16 2 5 30 3 1 2 7 1 2 7 12 16 2 1 2 7 5 30 3 0 2 7 0 2 3 1 2 4 0 2 4 1 2 7 1 2 7 0 2 7 0 2 7 0 2 7 1 2 4 1 2 7 0 2 7 17 9 2 1 2 7 0 2 7 0 2 7 1 2 7 0 2 7 13 6 3 0 2 7 13 6 3 1 2 7 0 2 7 17 18 2 17 18 2 17 18 2 0 2 7 0 2 7 1 2 7 5 30 3 1 2 7 5 31 3 0 2 7 17 18 2 17 9 2 0 2 4 12 16 2 13 6 3 0 2 4 0 2 3 1 2 7 0 2 4 1 2 4 0 2 3 17 9 2 1 2 7 0 2 4 0 2 11 1 2 4 0 2 7 1 2 7 0 2 3 1 2 7 0 60.1468726396560669
12 16 2 5 30 3 0 2 7 1 2 7 12 16 2 1 2 7 5 31 3 1 2 7 1 2 7 0 2 7 0 2 7 1 2 7 0 2 7 0 2 4 12 16 2 1 2 7 1 2 4 0 2 7 0 2 7 0 2 7 0 2 7 1 2 7 1 2 7 0 2 7 0 2 7 0 2 7 1 2 7 17 9 2 0 2 4 1 2 7 0 2 4 0 2 7 1 2 7 0 2 7 13 6 3 0 2 4 17 9 2 13 6 3 0 2 4 1 2 7 0 2 7 13 6 3 17 18 2 17 9 2 17 18 2 17 18 2 0 2 7 1 2 7 0 2 4 1 2 7 1 2 7 0 2 7 1 2 7 0 2 7 5 31 3 1 2 7 5 30 3 17 9 2 0 2 7 1 2 7 0 59.7875515222549438
0 2 3 12 16 2 17 9 2 0 2 7 0 2 7 0 2 7 1 2 7 12 16 2 5 31 3 0 2 7 0 2 7 0 2 7 1 2 4 0 2 7 1 2 7 0 2 7 13 6 3 1 2 7 0 2 7 17 18 2 0 2 7 0 2 7 13 6 3 1 2 7 0 2 7 1 2 7 0 2 7 0 2 7 1 2 7 1 2 7 5 31 3 0 2 7 0 2 7 0 2 4 1 2 7 5 30 3 17 18 2 1 2 7 17 9 2 1 2 7 1 2 7 1 2 7 13 6 3 17 18 2 17 9 2 17 18 2 0 2 7 0 2 7 0 2 7 0 2 7 1 2 7 0 2 7 1 2 7 1 2 7 1 2 7 0 2 3 1 2 11 1 2 11 1 2 7 1 2 7 0 59.8072065114974976
12 16 2 5 31 3 0 2 7 1 2 7 12 16 2 1 2 7 1 2 7 1 2 7 0 2 7 0 2 7 1 2 7 0 2 7 0 2 4 12 16 2 1 2 7 1 2 7 0 2 7 0 2 7 0 2 7 0 2 7 1 2 7 1 2 7 0 2 7 0 2 7 0 2 7 1 2 7 17 9 2 0 2 4 1 2 7 0 2 4 0 2 7 1 2 7 0 2 7 13 6 3 0 2 7 17 9 2 13 6 3 0 2 7 1 2 7 0 2 7 13 6 3 17 18 2 17 18 2 17 18 2 0 2 7 1 2 7 0 2 7 12 16 2 1 2 4 17 9 2 13 6 3 12 16 2 5 30 3 1 2 4 0 2 7 5 30 3 1 2 4 1 2 7 1 2 7 0 2 7 9.01353976557837255e-05 59.5525873899459839
5 31 3 12 16 2 17 9 2 1 2 7 0 2 7 1 2 7 0 2 7 12 16 2 5 30 3 0 2 7 0 2 7 1 2 7 1 2 7 1 2 7 0 2 4 1 2 4 13 6 3 0 2 7 0 2 7 17 18 2 0 2 7 0 2 7 13 6 3 1 2 7 0 2 7 1 2 7 1 2 7 0 2 7 0 2 7 1 2 7 0 2 7 17 18 2 13 6 3 0 2 7 17 9 2 1 2 7 0 2 7 1 2 7 17 18 2 17 18 2 0 2 7 0 2 7 1 2 7 0 2 7 1 2 7 1 2 7 0 2 7 1 2 4 0 2 7 0 2 4 1 2 7 0 2 7 13 6 3 1 2 7 0 2 4 5 31 3 0 2 7 1 2 7 1 2 7 12 16 2 0.000371322336236009785 59.3067185878753662
12 16 2 5 31 3 0 2 7 1 2 7 12 16 2 1 2 7 1 2 7 1 2 7 0 2 7 0 2 7 1 2 7 0 2 7 0 2 4 12 16 2 1 2 7 1 2 7 0 2 7 0 2 7 0 2 7 0 2 7 1 2 7 1 2 7 0 2 7 0 2 7 0 2 7 1 2 7 17 9 2 0 2 4 1 2 7 0 2 4 0 2 7 1 2 7 0 2 7 13 6 3 0 2 7 17 9 2 13 6 3 0 2 7 1 2 7 0 2 7 13 6 3 17 18 2 17 18 2 17 18 2 0 2 7 1 2 7 0 2 7 12 16 2 5 31 3 0 2 4 1 2 7 1 2 7 0 2 7 1 2 7 0 2 4 5 31 3 16 6 2 5 30 3 17 18 2 17 18 2 0.0113695043899123948 59.9103884696960449

Current Evaluation = 18000(18000)
Front Size = 10
12 16 2 5 31 3 0 2 7 1 2 7 12 16 2 1 2 7 5 31 3 1 2 7 1 2 7 0 2 7 0 2 7 1 2 7 0 2 7 12 16 2 1 2 7 1 2 7 0 2 7 0 2 7 0 2 7 0 2 7 1 2 7 1 2 7 0 2 7 0 2 7 0 2 7 1 2 7 17 9 2 1 2 7 0 2 7 1 2 7 0 2 7 13 6 3 0 2 7 17 9 2 13 6 3 0 2 7 1 2 7 0 2 7 13 6 3 17 18 2 17 18 2 17 18 2 0 2 7 1 2 7 0 2 7 1 2 7 1 2 7 0 2 7 1 2 7 0 2 7 5 31 3 16 6 2 1 2 7 0 2 7 0 2 4 0 2 7 12 16 2 0 2 4 17 18 2 1 2 4 0 59.7211945056915283
12 16 2 5 31 3 0 2 7 1 2 7 12 16 2 1 2 7 5 31 3 1 2 7 1 2 7 0 2 7 0 2 7 1 2 7 0 2 7 12 16 2 1 2 7 1 2 7 0 2 7 0 2 7 0 2 7 0 2 7 1 2 7 1 2 7 0 2 7 0 2 7 0 2 7 1 2 7 17 9 2 1 2 7 0 2 7 1 2 7 0 2 7 13 6 3 0 2 7 17 9 2 13 6 3 0 2 7 1 2 7 0 2 7 13 6 3 17 18 2 17 18 2 17 18 2 0 2 7 1 2 7 0 2 7 1 2 7 1 2 7 0 2 7 1 2 7 0 2 7 5 31 3 16 6 2 1 2 7 0 2 7 0 2 4 0 2 4 0 2 4 17 18 2 12 16 2 1 2 7 0 59.7211945056915283
12 16 2 17 9 2 0 2 7 0 2 7 0 2 7 1 2 4 12 16 2 5 31 3 0 2 7 0 2 7 0 2 7 1 2 4 0 2 7 1 2 7 0 2 7 13 6 3 1 2 7 0 2 7 17 18 2 0 2 7 0 2 7 13 6 3 1 2 7 0 2 7 1 2 7 0 2 7 0 2 7 1 2 7 0 2 7 0 2 7 0 2 7 0 2 7 1 2 7 5 30 3 17 18 2 0 2 7 17 9 2 1 2 7 1 2 7 1 2 7 13 6 3 17 18 2 17 18 2 0 2 7 0 2 7 1 2 7 1 2 4 12 16 2 5 30 3 17 9 2 1 2 4 1 2 4 13 6 3 12 16 2 0 2 4 12 16 2 0 2 4 1 2 4 5 30 3 1 2 7 0 59.7417813539505005
12 16 2 5 30 3 0 2 7 1 2 7 12 16 2 1 2 7 5 31 3 1 2 7 1 2 7 1 2 7 0 2 7 1 2 7 0 2 7 0 2 7 12 16 2 1 2 7 1 2 7 0 2 4 1 2 4 0 2 4 0 2 7 1 2 7 0 2 7 0 2 4 0 2 7 0 2 7 1 2 7 17 9 2 0 2 7 1 2 7 0 2 7 0 2 4 0 2 7 13 6 3 17 9 2 13 6 3 0 2 7 13 6 3 17 18 2 17 9 2 17 18 2 17 18 2 0 2 7 0 2 7 0 2 7 5 30 3 0 2 4 0 2 4 1 2 7 1 2 7 0 2 4 1 2 7 1 2 7 12 16 2 12 16 2 0 2 7 5 30 3 13 6 3 17 9 2 1 2 7 0 59.7417813539505005
5 30 3 12 16 2 17 9 2 1 2 7 0 2 11 16 6 2 0 2 7 12 16 2 5 30 3 0 2 7 0 2 7 1 2 4 0 2 7 1 2 7 1 2 7 1 2 7 13 6 3 0 2 7 1 2 7 17 18 2 0 2 7 0 2 7 5 31 3 0 2 7 0 2 3 1 2 7 1 2 7 0 2 7 0 2 7 1 2 7 0 2 7 17 18 2 13 6 3 0 2 7 17 9 2 1 2 7 0 2 7 0 2 4 17 18 2 0 2 7 0 2 7 1 2 7 0 2 3 1 2 7 1 2 7 0 2 7 1 2 4 0 2 7 1 2 7 0 2 7 5 31 3 1 2 7 1 2 7 12 16 2 17 18 2 0 2 3 0 2 7 0 2 7 13 6 3 1 2 7 0 60.1339125633239746
12 16 2 5 31 3 0 2 7 1 2 7 12 16 2 1 2 4 0 2 7 0 2 4 1 2 7 0 2 3 1 2 7 0 2 7 0 2 7 0 2 3 1 2 4 1 2 4 0 2 7 0 2 7 0 2 7 1 2 4 1 2 7 0 2 11 1 2 7 17 9 2 1 2 3 6 2 7 0 2 4 13 6 3 0 2 4 17 9 2 13 6 3 0 2 7 0 2 7 17 18 2 0 2 4 0 2 7 1 2 7 5 30 3 17 9 2 1 2 7 1 2 7 0 2 11 0 2 7 1 2 7 17 9 2 17 9 2 5 30 3 1 2 4 0 2 7 17 18 2 1 2 4 0 2 4 1 2 7 0 2 7 0 2 7 0 2 7 1 2 7 1 2 7 0 2 7 5 31 3 0 60.3268858790397644
12 16 2 5 30 3 1 2 7 1 2 7 12 16 2 1 2 7 5 30 3 0 2 7 0 2 3 1 2 4 0 2 4 1 2 7 1 2 7 0 2 7 0 2 7 0 2 7 1 2 4 1 2 7 0 2 7 17 9 2 1 2 7 0 2 7 0 2 7 1 2 7 0 2 7 13 6 3 0 2 7 13 6 3 1 2 7 0 2 7 17 18 2 17 18 2 17 18 2 0 2 7 0 2 7 1 2 7 5 30 3 1 2 7 5 31 3 0 2 7 17 18 2 17 9 2 0 2 4 12 16 2 13 6 3 0 2 4 0 2 3 1 2 7 0 2 4 1 2 4 0 2 3 17 9 2 1 2 7 0 2 4 0 2 11 1 2 4 0 2 7 1 2 7 0 2 3 1 2 7 0 60.1468726396560669
5 31 3 12 16 2 17 9 2 1 2 7 0 2 7 1 2 7 0 2 7 12 16 2 0 2 7 0 2 7 1 2 7 1 2 7 1 2 7 0 2 4 13 6 3 0 2 7 0 2 7 17 18 2 0 2 7 0 2 7 13 6 3 1 2 7 0 2 7 0 2 4 1 2 7 1 2 7 0 2 4 0 2 7 0 2 7 1 2 7 0 2 7 17 18 2 13 6 3 0 2 7 17 9 2 1 2 7 0 2 7 1 2 7 17 18 2 12 16 2 0 2 7 0 2 7 1 2 7 0 2 7 1 2 7 0 2 7 12 16 2 1 2 7 5 31 3 1 2 4 1 2 4 5 30 3 0 2 4 13 6 3 0 2 7 17 9 2 1 2 4 17 18 2 12 16 2 1 2 7 3.38913396932900352e-05 59.6008654832839966
12 16 2 5 31 3 0 2 7 1 2 7 12 16 2 1 2 7 5 31 3 1 2 7 1 2 7 0 2 7 0 2 7 1 2 7 0 2 7 0 2 7 12 16 2 1 2 7 1 2 7 0 2 7 0 2 7 0 2 7 0 2 7 1 2 7 1 2 7 0 2 7 0 2 7 0 2 7 1 2 7 17 9 2 0 2 7 1 2 7 0 2 7 1 2 7 0 2 7 13 6 3 0 2 7 17 9 2 13 6 3 0 2 7 1 2 7 0 2 7 13 6 3 17 18 2 17 9 2 17 18 2 17 18 2 0 2 7 1 2 4 0 2 7 1 2 7 1 2 7 0 2 7 1 2 7 0 2 7 5 31 3 12 16 2 16 6 2 1 2 7 0 2 7 0 2 4 1 2 4 0 59.7211945056915283
12 16 2 5 31 3 0 2 7 1 2 7 12 16 2 1 2 7 5 31 3 1 2 7 1 2 7 0 2 7 0 2 7 1 2 7 0 2 7 12 16 2 1 2 4 1 2 7 0 2 7 0 2 4 0 2 7 0 2 7 1 2 7 1 2 7 0 2 7 0 2 7 0 2 7 1 2 7 17 9 2 1 2 7 0 2 7 1 2 7 0 2 7 13 6 3 0 2 7 17 9 2 13 6 3 0 2 7 1 2 7 0 2 7 13 6 3 17 18 2 17 18 2 17 18 2 0 2 4 12 16 2 0 2 7 1 2 7 1 2 7 0 2 7 1 2 7 0 2 7 5 31 3 16 6 2 1 2 7 0 2 7 0 2 7 1 2 7 0 2 7 17 9 2 1 2 7 0 2 7 0 59.7211945056915283

MonoObjective Genetic Algorithm
Number of Evaluations = 0
Mutation Probability = 0
Crossover Probability = 1
Population Size = 10
Survival Selection Type = 16

Time =  18074.4492211341858

Current Evaluation = 2020
Front Size = 10
12 16 2 5 31 3 0 2 7 1 2 7 12 16 2 1 2 7 5 31 3 1 2 7 1 2 7 0 2 7 0 2 7 1 2 7 0 2 7 12 16 2 1 2 7 1 2 7 0 2 7 0 2 7 0 2 7 0 2 7 1 2 7 1 2 7 0 2 7 0 2 7 0 2 7 1 2 7 17 9 2 1 2 7 0 2 7 1 2 7 0 2 7 13 6 3 0 2 7 17 9 2 13 6 3 0 2 7 1 2 7 0 2 7 13 6 3 17 18 2 17 18 2 17 18 2 0 2 7 1 2 7 0 2 7 1 2 7 1 2 7 0 2 7 1 2 7 0 2 7 5 31 3 16 6 2 1 2 7 0 2 7 0 2 4 0 2 7 12 16 2 0 2 4 17 18 2 1 2 4 0 59.7211945056915283
12 16 2 5 31 3 0 2 7 1 2 7 12 16 2 1 2 7 5 31 3 1 2 7 1 2 7 0 2 7 0 2 7 1 2 7 0 2 7 12 16 2 1 2 7 1 2 7 0 2 7 0 2 7 0 2 7 0 2 7 1 2 7 1 2 7 0 2 7 0 2 7 0 2 7 1 2 7 17 9 2 1 2 7 0 2 7 1 2 7 0 2 7 13 6 3 0 2 7 17 9 2 13 6 3 0 2 7 1 2 7 0 2 7 13 6 3 17 18 2 17 18 2 17 18 2 0 2 7 1 2 7 0 2 7 1 2 7 1 2 7 0 2 7 1 2 7 0 2 7 5 31 3 16 6 2 1 2 7 0 2 7 0 2 4 0 2 4 0 2 4 17 18 2 12 16 2 1 2 7 0 59.7211945056915283
12 16 2 17 9 2 0 2 7 0 2 7 0 2 7 1 2 4 12 16 2 5 31 3 0 2 7 0 2 7 0 2 7 1 2 4 0 2 7 1 2 7 0 2 7 13 6 3 1 2 7 0 2 7 17 18 2 0 2 7 0 2 7 13 6 3 1 2 7 0 2 7 1 2 7 0 2 7 0 2 7 1 2 7 0 2 7 0 2 7 0 2 7 0 2 7 1 2 7 5 30 3 17 18 2 0 2 7 17 9 2 1 2 7 1 2 7 1 2 7 13 6 3 17 18 2 17 18 2 0 2 7 0 2 7 1 2 7 1 2 4 12 16 2 5 30 3 17 9 2 1 2 4 1 2 4 13 6 3 12 16 2 0 2 4 12 16 2 0 2 4 1 2 4 5 30 3 1 2 7 0 59.7417813539505005
12 16 2 5 30 3 0 2 7 1 2 7 12 16 2 1 2 7 5 31 3 1 2 7 1 2 7 1 2 7 0 2 7 1 2 7 0 2 7 0 2 7 12 16 2 1 2 7 1 2 7 0 2 4 1 2 4 0 2 4 0 2 7 1 2 7 0 2 7 0 2 4 0 2 7 0 2 7 1 2 7 17 9 2 0 2 7 1 2 7 0 2 7 0 2 4 0 2 7 13 6 3 17 9 2 13 6 3 0 2 7 13 6 3 17 18 2 17 9 2 17 18 2 17 18 2 0 2 7 0 2 7 0 2 7 5 30 3 0 2 4 0 2 4 1 2 7 1 2 7 0 2 4 1 2 7 1 2 7 12 16 2 12 16 2 0 2 7 5 30 3 13 6 3 17 9 2 1 2 7 0 59.7417813539505005
5 30 3 12 16 2 17 9 2 1 2 7 0 2 11 16 6 2 0 2 7 12 16 2 5 30 3 0 2 7 0 2 7 1 2 4 0 2 7 1 2 7 1 2 7 1 2 7 13 6 3 0 2 7 1 2 7 17 18 2 0 2 7 0 2 7 5 31 3 0 2 7 0 2 3 1 2 7 1 2 7 0 2 7 0 2 7 1 2 7 0 2 7 17 18 2 13 6 3 0 2 7 17 9 2 1 2 7 0 2 7 0 2 4 17 18 2 0 2 7 0 2 7 1 2 7 0 2 3 1 2 7 1 2 7 0 2 7 1 2 4 0 2 7 1 2 7 0 2 7 5 31 3 1 2 7 1 2 7 12 16 2 17 18 2 0 2 3 0 2 7 0 2 7 13 6 3 1 2 7 0 60.1339125633239746
12 16 2 5 31 3 0 2 7 1 2 7 12 16 2 1 2 4 0 2 7 0 2 4 1 2 7 0 2 3 1 2 7 0 2 7 0 2 7 0 2 3 1 2 4 1 2 4 0 2 7 0 2 7 0 2 7 1 2 4 1 2 7 0 2 11 1 2 7 17 9 2 1 2 3 6 2 7 0 2 4 13 6 3 0 2 4 17 9 2 13 6 3 0 2 7 0 2 7 17 18 2 0 2 4 0 2 7 1 2 7 5 30 3 17 9 2 1 2 7 1 2 7 0 2 11 0 2 7 1 2 7 17 9 2 17 9 2 5 30 3 1 2 4 0 2 7 17 18 2 1 2 4 0 2 4 1 2 7 0 2 7 0 2 7 0 2 7 1 2 7 1 2 7 0 2 7 5 31 3 0 60.3268858790397644
12 16 2 5 30 3 1 2 7 1 2 7 12 16 2 1 2 7 5 30 3 0 2 7 0 2 3 1 2 4 0 2 4 1 2 7 1 2 7 0 2 7 0 2 7 0 2 7 1 2 4 1 2 7 0 2 7 17 9 2 1 2 7 0 2 7 0 2 7 1 2 7 0 2 7 13 6 3 0 2 7 13 6 3 1 2 7 0 2 7 17 18 2 17 18 2 17 18 2 0 2 7 0 2 7 1 2 7 5 30 3 1 2 7 5 31 3 0 2 7 17 18 2 17 9 2 0 2 4 12 16 2 13 6 3 0 2 4 0 2 3 1 2 7 0 2 4 1 2 4 0 2 3 17 9 2 1 2 7 0 2 4 0 2 11 1 2 4 0 2 7 1 2 7 0 2 3 1 2 7 0 60.1468726396560669
5 31 3 12 16 2 17 9 2 1 2 7 0 2 7 1 2 7 0 2 7 12 16 2 0 2 7 0 2 7 1 2 7 1 2 7 1 2 7 0 2 4 13 6 3 0 2 7 0 2 7 17 18 2 0 2 7 0 2 7 13 6 3 1 2 7 0 2 7 0 2 4 1 2 7 1 2 7 0 2 4 0 2 7 0 2 7 1 2 7 0 2 7 17 18 2 13 6 3 0 2 7 17 9 2 1 2 7 0 2 7 1 2 7 17 18 2 12 16 2 0 2 7 0 2 7 1 2 7 0 2 7 1 2 7 0 2 7 12 16 2 1 2 7 5 31 3 1 2 4 1 2 4 5 30 3 0 2 4 13 6 3 0 2 7 17 9 2 1 2 4 17 18 2 12 16 2 1 2 7 3.38913396932900352e-05 59.6008654832839966
12 16 2 5 31 3 0 2 7 1 2 7 12 16 2 1 2 7 5 31 3 1 2 7 1 2 7 0 2 7 0 2 7 1 2 7 0 2 7 0 2 7 12 16 2 1 2 7 1 2 7 0 2 7 0 2 7 0 2 7 0 2 7 1 2 7 1 2 7 0 2 7 0 2 7 0 2 7 1 2 7 17 9 2 0 2 7 1 2 7 0 2 7 1 2 7 0 2 7 13 6 3 0 2 7 17 9 2 13 6 3 0 2 7 1 2 7 0 2 7 13 6 3 17 18 2 17 9 2 17 18 2 17 18 2 0 2 7 1 2 4 0 2 7 1 2 7 1 2 7 0 2 7 1 2 7 0 2 7 5 31 3 12 16 2 16 6 2 1 2 7 0 2 7 0 2 4 1 2 4 0 59.7211945056915283
12 16 2 5 31 3 0 2 7 1 2 7 12 16 2 1 2 7 5 31 3 1 2 7 1 2 7 0 2 7 0 2 7 1 2 7 0 2 7 12 16 2 1 2 4 1 2 7 0 2 7 0 2 4 0 2 7 0 2 7 1 2 7 1 2 7 0 2 7 0 2 7 0 2 7 1 2 7 17 9 2 1 2 7 0 2 7 1 2 7 0 2 7 13 6 3 0 2 7 17 9 2 13 6 3 0 2 7 1 2 7 0 2 7 13 6 3 17 18 2 17 18 2 17 18 2 0 2 4 12 16 2 0 2 7 1 2 7 1 2 7 0 2 7 1 2 7 0 2 7 5 31 3 16 6 2 1 2 7 0 2 7 0 2 7 1 2 7 0 2 7 17 9 2 1 2 7 0 2 7 0 59.7211945056915283

