Current Evaluation = 900(900)
Front Size = 10
0 2 7 17 9 2 5 30 3 1 2 4 0 2 7 12 16 2 5 30 3 12 16 2 5 30 3 12 16 2 12 16 2 17 18 2 0 2 4 17 9 2 0 2 7 0 2 4 0 2 7 6 2 7 0 2 7 1 2 7 1 2 7 1 2 7 0 2 7 1 2 7 0 2 7 1 2 4 1 2 7 0 2 4 0 2 7 1 2 7 1 2 7 8 18 2 17 18 2 13 6 3 0 2 7 8 18 2 1 2 7 15 2 11 0 2 10 1 2 7 0 2 7 0 2 7 1 2 4 12 16 2 5 30 3 0 2 4 1 3 2 0 2 7 0 2 7 0 2 7 12 16 2 6 2 4 6 2 7 0 2 7 0 2 7 17 9 2 0 2 7 5 31 3 0 2 4 17 9 2 0 61.4679643511772156
0 2 8 0 2 8 16 19 1 1 2 8 0 2 8 0 2 8 8 9 2 0 2 8 8 9 2 5 30 3 8 9 2 8 18 2 8 18 2 5 30 3 0 2 8 0 2 8 8 18 2 5 30 3 0 2 8 16 19 12 8 18 2 0 2 8 1 2 8 0 2 8 12 16 2 5 30 3 0 2 8 5 30 3 8 9 2 12 16 2 16 19 12 12 16 2 0 2 8 0 2 8 12 16 2 0 2 8 0 2 8 0 2 8 16 19 12 5 30 3 16 19 12 16 19 12 0 2 8 0 2 8 0 2 8 0 2 8 0 2 8 5 30 3 0 2 8 0 2 8 0 2 8 16 19 12 5 30 3 0 2 8 0 2 8 1 2 8 1 2 8 8 9 2 8 9 2 0 2 8 0.00154581093833113773 69.4051613807678223
1 2 7 0 2 7 1 2 3 0 2 10 0 2 7 0 2 7 8 18 2 5 30 3 0 2 3 12 16 2 5 31 3 6 2 7 0 2 7 5 31 3 0 2 7 16 19 11 0 2 7 0 2 3 0 2 4 12 16 2 5 30 3 6 2 7 5 31 3 12 16 2 1 2 7 6 2 11 0 2 7 12 16 2 0 2 7 1 2 7 5 30 3 0 2 7 0 2 3 0 2 7 0 2 7 0 2 7 8 9 2 16 6 2 0 2 7 0 2 7 12 16 2 12 16 2 5 30 3 16 30 2 16 19 11 5 31 3 0 2 11 0 2 7 1 2 7 0 2 7 0 2 7 0 2 7 0 2 7 0 2 7 16 6 2 0 2 7 0 2 7 16 6 2 0 2 7 16 6 2 0 63.1350913047790527
8 9 2 0 2 7 5 30 3 12 16 2 16 6 2 5 30 3 1 2 7 17 18 2 8 18 2 12 16 2 0 2 7 0 2 3 0 2 7 0 2 7 0 2 7 0 2 7 1 2 7 1 2 7 1 2 7 0 2 7 16 19 11 16 15 2 0 2 7 0 2 7 0 2 7 0 2 7 0 2 7 0 2 7 0 2 7 5 30 3 1 2 7 0 2 7 5 30 3 0 2 7 1 2 7 0 2 7 0 2 7 13 6 3 5 30 3 12 16 2 0 2 7 17 9 2 5 31 3 0 2 7 0 2 3 1 2 4 0 2 3 17 18 2 8 9 2 0 2 7 1 2 7 0 2 3 5 30 3 16 6 2 1 2 7 1 2 7 0 2 7 0 2 7 0 2 7 1 2 7 0 61.9211841821670532
0 2 3 16 19 11 5 30 3 5 30 3 0 2 11 0 2 7 12 16 2 9 2 7 5 30 3 5 30 3 1 2 3 0 2 11 1 2 7 0 2 7 6 2 7 17 18 2 5 30 3 5 30 3 0 2 3 5 30 3 0 2 7 5 30 3 16 19 11 0 2 3 0 2 7 0 2 3 16 19 11 5 30 3 0 2 7 0 2 7 0 2 7 0 2 11 0 2 8 0 2 3 16 6 2 0 2 3 0 2 8 8 9 2 0 2 7 0 2 7 0 2 11 0 2 3 8 18 2 0 2 7 1 2 3 1 2 8 0 2 3 0 2 11 0 2 3 0 2 3 0 2 8 0 2 8 0 2 3 16 15 2 0 2 7 0 2 11 16 6 2 0 2 3 12 16 2 0 2 7 0 65.650367796421051
8 9 2 5 30 3 17 9 2 12 16 2 16 6 2 5 30 3 0 2 7 8 9 2 1 2 7 12 16 2 15 2 11 0 2 7 0 2 11 0 2 3 0 2 3 0 2 3 0 2 7 1 2 7 1 2 11 0 2 3 0 2 3 16 6 2 0 2 3 0 2 7 1 2 11 1 2 7 0 2 7 1 2 1 0 2 7 5 30 3 0 2 3 0 2 7 5 30 3 0 2 7 0 2 3 0 2 3 0 2 3 1 2 7 12 16 2 0 2 3 16 6 2 0 2 7 0 2 7 0 2 7 0 2 7 0 2 3 16 6 2 5 30 3 0 2 7 8 9 2 5 30 3 1 2 7 1 2 3 16 19 11 1 2 7 16 19 11 0 2 7 0 2 3 12 16 2 0 2 3 0 63.7203762531280518
8 9 2 0 2 7 5 30 3 16 19 11 0 2 8 0 2 7 1 2 7 5 30 3 0 2 7 0 2 8 8 9 2 8 18 2 5 30 3 0 2 8 12 16 2 0 2 7 0 2 7 0 2 3 5 30 3 1 2 11 0 2 7 1 2 3 0 2 8 0 2 3 16 19 11 0 2 7 5 30 3 5 30 3 5 30 3 0 2 12 0 2 7 12 16 2 8 9 2 0 2 3 12 16 2 1 2 7 0 2 7 16 6 2 12 16 2 0 2 7 16 6 2 12 16 2 16 6 2 8 9 2 0 2 7 0 2 12 12 16 2 0 2 8 0 2 7 0 2 7 1 2 7 5 31 3 0 2 8 0 2 8 16 19 11 0 2 8 0 2 3 0 2 7 16 6 2 0 2 7 0 65.1040174961090088
0 2 3 0 2 3 8 9 2 13 6 3 16 19 12 5 30 3 5 30 3 0 2 8 0 2 8 12 16 2 16 6 2 1 2 8 0 2 13 5 30 3 5 30 3 0 2 8 1 2 8 0 2 8 1 2 7 17 18 2 0 2 8 8 18 2 8 18 2 5 30 3 8 9 2 0 2 8 12 16 2 0 2 3 0 2 3 12 16 2 12 16 2 8 9 2 0 2 8 0 2 3 5 30 3 0 2 3 16 6 2 1 2 3 16 19 12 0 2 8 0 2 3 0 2 13 0 2 3 0 2 3 0 2 8 0 2 8 1 2 8 16 19 12 0 2 3 5 30 3 16 6 2 0 2 3 12 16 2 0 2 3 5 30 3 0 2 8 0 2 8 12 16 2 0 2 8 0 2 8 1.65497372151839142e-08 66.9737392663955688
8 9 2 13 6 3 5 30 3 5 30 3 12 16 2 16 6 2 5 30 3 1 2 7 17 18 2 8 18 2 12 16 2 12 16 2 12 16 2 0 2 3 0 2 3 16 19 12 17 18 2 1 2 7 1 2 7 0 2 13 0 2 7 0 2 7 1 2 7 0 2 4 0 2 8 8 18 2 0 2 7 8 9 2 0 2 7 0 2 7 0 2 3 8 9 2 1 2 7 0 2 4 0 2 7 0 2 3 16 6 2 17 18 2 16 19 12 1 2 7 0 2 3 0 2 7 1 2 7 0 2 3 0 2 8 0 2 7 1 2 8 0 2 7 1 2 7 5 30 3 0 2 4 0 2 3 12 16 2 0 2 7 5 30 3 0 2 8 0 2 7 1 2 11 0 2 7 0 2 8 0.000950024498362283566 63.4057836532592773
8 9 2 5 30 3 12 16 2 5 30 3 8 18 2 5 30 3 5 30 3 16 19 11 8 18 2 16 19 1 0 2 7 1 2 7 0 2 8 0 2 8 0 2 7 8 18 2 16 15 2 17 18 2 5 30 3 8 18 2 0 2 7 12 16 2 1 2 7 0 2 8 16 15 2 0 2 1 0 2 8 1 2 7 0 2 7 8 18 2 0 2 1 0 2 7 16 19 11 0 2 8 0 2 7 0 2 8 0 2 7 8 9 2 0 2 7 8 18 2 8 9 2 1 2 4 16 19 12 0 2 1 0 2 7 1 2 7 1 2 8 0 2 7 0 2 7 0 2 4 1 2 7 0 2 7 8 9 2 1 2 4 5 31 3 8 18 2 1 2 7 8 9 2 8 18 2 12 16 2 0.00741540244575085959 64.9322752952575684

Current Evaluation = 1800(1800)
Front Size = 10
1 2 7 13 6 3 5 30 3 5 31 3 12 16 2 5 31 3 1 2 7 17 18 2 12 16 2 12 16 2 6 2 4 0 2 7 12 16 2 1 2 7 0 2 7 8 18 2 5 31 3 1 2 7 0 2 7 0 2 7 0 2 7 0 2 4 0 2 4 12 16 2 0 2 7 0 2 7 0 2 7 1 2 7 1 2 4 0 2 7 0 2 7 6 2 7 0 2 7 1 2 7 17 9 2 0 2 7 1 2 4 0 2 4 0 2 7 0 2 7 1 2 7 16 6 2 0 2 4 0 2 7 1 2 4 0 2 7 1 2 4 16 6 2 17 18 2 0 2 7 5 31 3 1 2 7 0 2 7 0 2 7 17 9 2 16 19 11 0 2 7 1 2 7 0 2 7 0 2 7 0 61.2012544870376587
12 16 2 5 30 3 1 2 3 12 16 2 1 2 7 0 2 10 0 2 3 0 2 7 5 30 3 0 2 4 1 2 7 0 2 4 17 9 2 0 2 4 0 2 7 1 2 7 5 30 3 5 30 3 0 2 7 0 2 7 0 2 7 0 2 7 0 2 4 1 2 7 6 2 7 0 2 7 0 2 11 0 2 7 0 2 3 0 2 3 0 2 7 17 9 2 1 2 7 0 2 7 0 2 4 1 2 7 0 2 7 1 2 7 0 2 3 8 18 2 1 2 7 5 31 3 0 2 7 12 16 2 13 6 3 16 19 11 5 30 3 0 2 7 12 16 2 1 2 7 1 2 3 17 18 2 16 31 2 0 2 7 1 2 7 16 6 2 16 19 11 0 2 7 0 2 7 0 2 3 0 62.2686343789100647
17 9 2 1 2 7 5 30 3 16 19 11 8 18 2 0 2 7 0 2 7 5 30 3 0 2 7 0 2 7 8 9 2 5 30 3 0 2 7 12 16 2 0 2 7 1 2 7 0 2 7 5 30 3 0 2 3 1 2 7 0 2 7 0 2 7 16 19 11 0 2 7 5 30 3 5 30 3 5 30 3 0 2 7 12 16 2 0 2 7 0 2 7 16 15 2 0 2 7 16 6 2 0 2 7 0 2 7 16 19 11 0 2 7 8 9 2 0 2 7 1 2 7 5 31 3 0 2 7 1 2 7 12 16 2 0 2 7 1 2 7 8 9 2 1 2 7 12 16 2 0 2 7 0 2 7 6 2 7 0 2 7 0 2 7 0 2 7 17 18 2 0 2 7 0 2 7 0 2 7 0 63.1109269261360168
0 2 3 0 2 3 8 9 2 13 6 3 16 19 12 5 30 3 5 30 3 0 2 8 0 2 8 12 16 2 16 6 2 1 2 8 0 2 13 5 30 3 5 30 3 0 2 8 1 2 8 0 2 8 1 2 7 17 18 2 0 2 8 8 18 2 8 18 2 5 30 3 8 9 2 0 2 8 12 16 2 0 2 3 0 2 3 12 16 2 12 16 2 8 9 2 0 2 8 0 2 3 5 30 3 0 2 3 16 6 2 1 2 3 16 19 12 0 2 8 0 2 3 0 2 13 0 2 3 0 2 3 0 2 8 0 2 8 1 2 8 16 19 12 0 2 3 5 30 3 16 6 2 0 2 3 12 16 2 0 2 3 5 30 3 0 2 8 0 2 8 12 16 2 0 2 8 0 2 8 1.65497372151839142e-08 66.9737392663955688
8 9 2 0 2 3 5 30 3 16 19 12 0 2 3 1 2 3 0 2 7 5 30 3 1 2 3 0 2 7 8 18 2 5 30 3 0 2 7 12 16 2 1 2 7 0 2 3 0 2 3 0 2 7 0 2 8 1 2 3 0 2 3 0 2 3 8 18 2 0 2 7 5 30 3 5 30 3 5 30 3 0 2 7 12 16 2 0 2 3 0 2 3 16 6 2 1 2 7 16 6 2 0 2 7 0 2 3 16 19 11 0 2 7 6 2 3 0 2 7 0 2 7 0 2 7 12 16 2 0 2 3 0 2 7 12 16 2 16 15 2 0 2 3 0 2 7 16 6 2 5 30 3 5 30 3 0 2 7 8 18 2 0 2 3 0 2 3 0 2 3 0 2 7 16 6 2 1 2 7 0 64.1753683090209961
8 9 2 0 2 7 5 30 3 16 19 11 0 2 8 0 2 7 1 2 7 5 30 3 0 2 7 0 2 8 8 9 2 8 18 2 5 30 3 0 2 8 12 16 2 0 2 7 0 2 7 0 2 3 5 30 3 1 2 11 0 2 7 1 2 3 0 2 8 0 2 3 16 19 11 0 2 7 5 30 3 5 30 3 5 30 3 0 2 12 0 2 7 12 16 2 8 9 2 0 2 3 12 16 2 1 2 7 0 2 7 16 6 2 12 16 2 0 2 7 16 6 2 12 16 2 16 6 2 8 9 2 0 2 7 0 2 12 12 16 2 0 2 8 0 2 7 0 2 7 1 2 7 5 31 3 0 2 8 0 2 8 16 19 11 0 2 8 0 2 3 0 2 7 16 6 2 0 2 7 0 65.1040174961090088
0 2 8 0 2 8 16 19 1 1 2 8 0 2 8 0 2 8 8 9 2 0 2 8 8 9 2 5 30 3 8 9 2 8 18 2 8 18 2 5 30 3 0 2 8 0 2 8 8 18 2 5 30 3 0 2 8 16 19 12 8 18 2 0 2 8 1 2 8 0 2 8 12 16 2 5 30 3 0 2 8 5 30 3 8 9 2 12 16 2 16 19 12 12 16 2 0 2 8 0 2 8 12 16 2 0 2 8 0 2 8 0 2 8 16 19 12 5 30 3 16 19 12 16 19 12 0 2 8 0 2 8 0 2 8 0 2 8 0 2 8 5 30 3 0 2 8 0 2 8 0 2 8 16 19 12 5 30 3 0 2 8 0 2 8 1 2 8 1 2 8 8 9 2 8 9 2 0 2 8 0.00154581093833113773 69.4051613807678223
13 6 3 5 30 3 12 16 2 16 6 2 5 30 3 1 2 7 17 18 2 12 16 2 12 16 2 12 16 2 0 2 3 5 30 3 1 2 3 8 9 2 16 6 2 0 2 3 5 30 3 12 16 2 0 2 3 0 2 3 0 2 3 0 2 3 5 31 3 0 2 8 0 2 3 0 2 7 0 2 13 0 2 7 0 2 7 0 2 11 0 2 8 0 2 7 0 2 4 1 2 4 0 2 7 0 2 7 0 2 4 5 31 3 0 2 8 0 2 7 1 2 7 0 2 8 0 2 7 0 2 3 16 19 12 0 2 8 1 2 4 16 6 2 0 2 11 16 9 11 16 19 11 0 2 3 6 2 7 0 2 3 0 2 8 16 19 12 0 2 8 0 2 7 0 2 4 0 2 3 0.0132034283582210393 64.6336151361465454
0 2 3 16 19 11 5 30 3 5 30 3 0 2 11 0 2 7 12 16 2 9 2 7 5 30 3 5 30 3 1 2 3 0 2 11 1 2 7 0 2 7 6 2 7 17 18 2 5 30 3 5 30 3 0 2 3 5 30 3 0 2 7 5 30 3 16 19 11 0 2 3 0 2 7 0 2 3 16 19 11 5 30 3 0 2 7 0 2 7 0 2 7 0 2 11 0 2 8 0 2 3 16 6 2 0 2 3 0 2 8 8 9 2 0 2 7 0 2 7 0 2 11 0 2 3 8 18 2 0 2 7 1 2 3 1 2 8 0 2 3 0 2 11 0 2 3 0 2 3 0 2 8 0 2 8 0 2 3 16 15 2 0 2 7 0 2 11 16 6 2 0 2 3 12 16 2 0 2 7 0 65.650367796421051
8 9 2 13 6 3 5 30 3 5 30 3 12 16 2 16 6 2 5 30 3 1 2 7 17 18 2 8 18 2 12 16 2 12 16 2 12 16 2 0 2 3 0 2 3 16 19 12 17 18 2 1 2 7 1 2 7 0 2 13 0 2 7 0 2 7 1 2 7 0 2 4 0 2 8 8 18 2 0 2 7 8 9 2 0 2 7 0 2 7 0 2 3 8 9 2 1 2 7 0 2 4 0 2 7 0 2 3 16 6 2 17 18 2 16 19 12 1 2 7 0 2 3 0 2 7 1 2 7 0 2 3 0 2 8 0 2 7 1 2 8 0 2 7 1 2 7 5 30 3 0 2 4 0 2 3 12 16 2 0 2 7 5 30 3 0 2 8 0 2 7 1 2 11 0 2 7 0 2 8 0.000950024498362283566 63.4057836532592773

Current Evaluation = 2700(2700)
Front Size = 10
1 2 4 13 6 3 0 2 7 5 31 3 12 16 2 5 31 3 0 2 7 17 18 2 12 16 2 12 16 2 6 2 4 0 2 4 12 16 2 1 2 7 0 2 7 8 18 2 5 31 3 1 2 7 0 2 4 0 2 7 0 2 7 0 2 7 0 2 7 16 6 2 0 2 3 0 2 7 1 2 7 1 2 7 1 2 7 0 2 7 1 2 7 1 2 7 0 2 7 1 2 7 17 9 2 0 2 7 1 2 7 0 2 3 0 2 4 0 2 7 1 2 7 16 6 2 0 2 4 0 2 7 1 2 4 0 2 7 1 2 7 16 6 2 17 18 2 0 2 7 5 31 3 1 2 7 0 2 7 0 2 7 17 9 2 1 2 7 0 2 7 1 2 7 0 2 7 0 2 7 0 60.6195666193962097
0 2 8 0 2 8 16 19 1 1 2 8 0 2 8 0 2 8 8 9 2 0 2 8 8 9 2 5 30 3 8 9 2 8 18 2 8 18 2 5 30 3 0 2 8 0 2 8 8 18 2 5 30 3 0 2 8 16 19 12 8 18 2 0 2 8 1 2 8 0 2 8 12 16 2 5 30 3 0 2 8 5 30 3 8 9 2 12 16 2 16 19 12 12 16 2 0 2 8 0 2 8 12 16 2 0 2 8 0 2 8 0 2 8 16 19 12 5 30 3 16 19 12 16 19 12 0 2 8 0 2 8 0 2 8 0 2 8 0 2 8 5 30 3 0 2 8 0 2 8 0 2 8 16 19 12 5 30 3 0 2 8 0 2 8 1 2 8 1 2 8 8 9 2 8 9 2 0 2 8 0.00154581093833113773 69.4051613807678223
1 2 7 5 30 3 5 30 3 0 2 7 12 16 2 5 31 3 5 30 3 0 2 7 0 2 7 5 30 3 12 16 2 0 2 7 16 9 11 0 2 7 0 2 7 0 2 7 15 2 11 16 6 2 8 9 2 1 2 7 0 2 7 17 9 2 16 6 2 0 2 7 12 16 2 16 19 11 0 2 7 1 2 7 1 2 7 0 2 7 0 2 7 16 19 11 0 2 7 0 2 7 16 19 11 5 30 3 1 2 11 0 2 7 0 2 7 5 30 3 5 31 3 0 2 7 8 9 2 0 2 7 0 2 7 0 2 7 0 2 7 1 2 3 0 2 7 0 2 7 0 2 7 0 2 7 0 2 7 0 2 7 0 2 3 1 2 7 12 16 2 1 2 7 0 2 7 0 2 7 0 63.3329378962516785
12 16 2 5 30 3 12 16 2 12 16 2 1 2 7 17 18 2 0 2 7 0 2 3 1 2 7 0 2 7 0 2 7 12 16 2 0 2 3 0 2 7 0 2 3 0 2 7 0 2 11 0 2 3 0 2 11 0 2 7 0 2 7 1 2 7 1 2 7 0 2 7 1 2 7 16 6 2 16 6 2 1 2 7 0 2 11 0 2 7 0 2 4 17 18 2 1 2 3 5 30 3 5 30 3 0 2 7 5 30 3 5 31 3 8 18 2 13 6 3 0 2 11 0 2 7 0 2 7 5 30 3 5 30 3 1 2 11 0 2 3 0 2 7 16 6 2 0 2 7 0 2 3 0 2 7 0 2 3 16 9 11 5 30 3 0 2 3 6 2 7 1 2 7 16 19 11 8 18 2 0 63.1759034395217896
0 2 3 0 2 3 8 9 2 13 6 3 16 19 12 5 30 3 5 30 3 0 2 8 0 2 8 12 16 2 16 6 2 1 2 8 0 2 13 5 30 3 5 30 3 0 2 8 1 2 8 0 2 8 1 2 7 17 18 2 0 2 8 8 18 2 8 18 2 5 30 3 8 9 2 0 2 8 12 16 2 0 2 3 0 2 3 12 16 2 12 16 2 8 9 2 0 2 8 0 2 3 5 30 3 0 2 3 16 6 2 1 2 3 16 19 12 0 2 8 0 2 3 0 2 13 0 2 3 0 2 3 0 2 8 0 2 8 1 2 8 16 19 12 0 2 3 5 30 3 16 6 2 0 2 3 12 16 2 0 2 3 5 30 3 0 2 8 0 2 8 12 16 2 0 2 8 0 2 8 1.65497372151839142e-08 66.9737392663955688
0 2 8 0 2 8 8 9 2 5 31 3 5 30 3 0 2 7 0 2 8 12 16 2 16 6 2 5 30 3 5 30 3 0 2 7 0 2 8 1 2 7 0 2 7 8 18 2 5 30 3 8 9 2 0 2 7 12 16 2 0 2 7 0 2 7 12 16 2 12 16 2 17 9 2 0 2 7 8 18 2 16 6 2 1 2 7 1 2 11 5 30 3 16 6 2 12 16 2 12 16 2 0 2 7 16 19 11 0 2 11 0 2 7 0 2 7 0 2 8 8 18 2 0 2 7 0 2 8 16 19 11 0 2 7 5 31 3 0 2 7 1 2 7 1 2 7 0 2 7 0 2 7 16 19 12 0 2 1 0 2 8 0 2 12 5 30 3 0 2 7 0 2 7 0 2 12 0 2 7 0 65.0618876218795776
0 2 3 16 19 11 5 30 3 5 30 3 0 2 11 0 2 7 12 16 2 9 2 7 5 30 3 5 30 3 1 2 3 0 2 11 1 2 7 0 2 7 6 2 7 17 18 2 5 30 3 5 30 3 0 2 3 5 30 3 0 2 7 5 30 3 16 19 11 0 2 3 0 2 7 0 2 3 16 19 11 5 30 3 0 2 7 0 2 7 0 2 7 0 2 11 0 2 8 0 2 3 16 6 2 0 2 3 0 2 8 8 9 2 0 2 7 0 2 7 0 2 11 0 2 3 8 18 2 0 2 7 1 2 3 1 2 8 0 2 3 0 2 11 0 2 3 0 2 3 0 2 8 0 2 8 0 2 3 16 15 2 0 2 7 0 2 11 16 6 2 0 2 3 12 16 2 0 2 7 0 65.650367796421051
12 16 2 5 30 3 5 30 3 12 16 2 12 16 2 5 30 3 5 30 3 5 30 3 5 30 3 8 9 2 8 9 2 8 18 2 5 31 3 0 2 7 6 2 7 16 19 12 1 2 7 0 2 7 8 9 2 0 2 7 0 2 8 1 2 8 0 2 7 0 2 8 16 19 12 0 2 7 0 2 8 0 2 8 0 2 7 0 2 8 17 18 2 16 19 1 16 19 11 5 31 3 0 2 7 0 2 7 0 2 7 12 16 2 1 2 8 1 2 7 0 2 8 0 2 8 0 2 7 1 2 7 0 2 8 0 2 8 0 2 8 0 2 7 1 2 8 0 2 8 1 2 7 0 2 8 0 2 7 0 2 8 16 19 12 0 2 7 0 2 8 0 2 7 0 2 8 8 18 2 0.000197943429344120679 66.7671733498573303
12 16 2 5 30 3 1 2 3 12 16 2 1 2 7 0 2 10 0 2 3 0 2 7 5 30 3 0 2 4 1 2 7 0 2 4 17 9 2 0 2 4 0 2 7 1 2 7 5 30 3 5 30 3 0 2 7 0 2 7 0 2 7 0 2 7 0 2 4 1 2 7 6 2 7 0 2 7 0 2 11 0 2 7 0 2 3 0 2 3 0 2 7 17 9 2 1 2 7 0 2 7 0 2 4 1 2 7 0 2 7 1 2 7 0 2 3 8 18 2 1 2 7 5 31 3 0 2 7 12 16 2 13 6 3 16 19 11 5 30 3 0 2 7 12 16 2 1 2 7 1 2 3 17 18 2 16 31 2 0 2 7 1 2 7 16 6 2 16 19 11 0 2 7 0 2 7 0 2 3 0 62.2686343789100647
0 2 7 12 16 2 5 30 3 12 16 2 5 31 3 0 2 7 12 16 2 16 6 2 8 9 2 16 6 2 12 16 2 5 30 3 5 30 3 8 9 2 0 2 7 1 2 7 12 16 2 0 2 7 0 2 7 1 2 7 1 2 7 1 2 7 16 19 11 0 2 7 0 2 4 16 19 11 0 2 7 0 2 7 0 2 7 17 9 2 0 2 7 0 2 7 0 2 7 1 2 7 0 2 7 17 18 2 0 2 7 0 2 4 0 2 7 0 2 7 16 19 11 0 2 4 0 2 7 1 2 7 5 31 3 0 2 7 1 2 4 0 2 7 0 2 7 5 31 3 1 2 7 0 2 4 12 16 2 8 9 2 0 2 4 0 2 7 0 2 7 0 2 7 1 2 7 1 2 7 0 62.692405104637146

Current Evaluation = 3600(3600)
Front Size = 10
1 2 7 13 6 3 0 2 7 5 31 3 12 16 2 5 30 3 0 2 7 17 18 2 12 16 2 1 2 7 0 2 7 0 2 7 12 16 2 1 2 7 16 6 2 17 18 2 0 2 7 0 2 7 0 2 7 0 2 7 0 2 4 0 2 7 16 6 2 0 2 7 0 2 7 1 2 7 1 2 4 1 2 7 0 2 7 1 2 7 1 2 7 0 2 7 0 2 7 17 9 2 0 2 7 1 2 7 0 2 3 0 2 7 0 2 7 16 31 2 0 2 7 8 18 2 17 9 2 1 2 7 5 31 3 1 2 7 1 2 7 0 2 7 0 2 4 1 2 7 0 2 7 0 2 7 5 31 3 1 2 7 0 2 7 1 2 7 1 2 7 1 2 7 0 2 7 1 2 7 0 60.3695465326309204
0 2 3 0 2 3 8 9 2 13 6 3 16 19 12 5 30 3 5 30 3 0 2 8 0 2 8 12 16 2 16 6 2 1 2 8 0 2 13 5 30 3 5 30 3 0 2 8 1 2 8 0 2 8 1 2 7 17 18 2 0 2 8 8 18 2 8 18 2 5 30 3 8 9 2 0 2 8 12 16 2 0 2 3 0 2 3 12 16 2 12 16 2 8 9 2 0 2 8 0 2 3 5 30 3 0 2 3 16 6 2 1 2 3 16 19 12 0 2 8 0 2 3 0 2 13 0 2 3 0 2 3 0 2 8 0 2 8 1 2 8 16 19 12 0 2 3 5 30 3 16 6 2 0 2 3 12 16 2 0 2 3 5 30 3 0 2 8 0 2 8 12 16 2 0 2 8 0 2 8 1.65497372151839142e-08 66.9737392663955688
12 16 2 5 30 3 12 16 2 12 16 2 0 2 7 1 2 3 0 2 7 12 16 2 0 2 7 0 2 3 0 2 3 16 31 2 16 30 2 5 30 3 16 19 11 13 6 3 5 30 3 5 30 3 0 2 3 16 6 2 1 2 10 5 30 3 17 18 2 0 2 3 0 2 7 0 2 7 0 2 7 0 2 7 5 31 3 0 2 7 0 2 7 5 30 3 1 2 7 1 2 7 0 2 7 0 2 3 5 30 3 1 2 7 1 2 10 0 2 4 0 2 7 0 2 10 16 18 11 0 2 7 1 2 7 0 2 7 0 2 7 1 2 3 0 2 7 0 2 7 1 2 3 0 2 3 0 2 7 0 2 7 0 2 3 0 2 3 12 16 2 0 2 3 0 2 7 16 9 11 0 63.3724052906036377
0 2 4 13 6 3 12 16 2 1 2 3 17 18 2 12 16 2 1 2 3 0 2 7 0 2 4 12 16 2 17 18 2 6 2 3 17 18 2 0 2 7 0 2 4 0 2 7 0 2 4 0 2 3 0 2 4 0 2 7 0 2 7 0 2 7 1 2 7 0 2 7 0 2 7 1 2 7 0 2 7 0 2 7 16 30 2 13 6 3 1 2 7 12 16 2 5 30 3 0 2 3 1 2 4 1 2 11 6 2 4 1 2 7 5 31 3 0 2 3 0 2 7 0 2 7 1 2 7 0 2 7 1 2 4 5 31 3 1 2 3 1 2 7 17 18 2 0 2 7 5 30 3 17 9 2 0 2 7 16 15 2 0 2 7 0 2 7 5 30 3 0 2 7 1 2 3 6 2 7 0 61.2080996036529541
12 16 2 5 30 3 12 16 2 12 16 2 0 2 7 17 18 2 1 2 7 0 2 7 0 2 4 0 2 7 16 19 11 16 30 2 1 2 7 5 30 3 1 2 3 16 18 11 13 6 3 5 30 3 0 2 3 0 2 3 1 2 7 0 2 7 17 18 2 0 2 7 0 2 7 0 2 3 0 2 7 1 2 7 0 2 3 0 2 3 1 2 7 0 2 3 5 31 3 1 2 7 0 2 7 1 2 7 0 2 4 1 2 11 1 2 7 1 2 7 0 2 7 12 16 2 8 18 2 17 18 2 16 6 2 5 31 3 1 2 7 0 2 4 1 2 7 0 2 7 1 2 7 0 2 7 1 2 7 0 2 4 0 2 7 0 2 3 0 2 7 0 2 3 0 2 7 0 2 7 0 62.0319615006446838
0 2 8 0 2 8 8 9 2 5 31 3 5 30 3 0 2 7 0 2 8 12 16 2 16 6 2 5 30 3 5 30 3 0 2 7 0 2 8 1 2 7 0 2 7 8 18 2 5 30 3 8 9 2 0 2 7 12 16 2 0 2 7 0 2 7 12 16 2 12 16 2 17 9 2 0 2 7 8 18 2 16 6 2 1 2 7 1 2 11 5 30 3 16 6 2 12 16 2 12 16 2 0 2 7 16 19 11 0 2 11 0 2 7 0 2 7 0 2 8 8 18 2 0 2 7 0 2 8 16 19 11 0 2 7 5 31 3 0 2 7 1 2 7 1 2 7 0 2 7 0 2 7 16 19 12 0 2 1 0 2 8 0 2 12 5 30 3 0 2 7 0 2 7 0 2 12 0 2 7 0 65.0618876218795776
12 16 2 5 31 3 12 16 2 12 16 2 0 2 7 17 18 2 0 2 4 6 2 7 0 2 7 1 2 7 12 16 2 5 30 3 1 2 11 1 2 4 1 2 7 1 2 7 0 2 4 0 2 4 0 2 7 16 6 2 0 2 7 1 2 4 0 2 4 1 2 11 5 30 3 0 2 7 0 2 7 1 2 7 16 19 11 1 2 7 0 2 7 0 2 7 13 6 3 1 2 7 1 2 7 17 18 2 0 2 7 5 31 3 0 2 4 0 2 7 0 2 7 17 18 2 0 2 7 0 2 7 1 2 4 0 2 7 0 2 7 8 9 2 0 2 4 0 2 7 0 2 11 6 2 7 0 2 7 0 2 4 1 2 7 17 9 2 17 9 2 5 31 3 1 2 7 0 2 4 0 61.3452165126800537
0 2 7 12 16 2 1 2 7 17 18 2 12 16 2 0 2 7 12 16 2 0 2 7 0 2 7 1 2 3 0 2 7 0 2 7 0 2 7 1 2 7 0 2 7 0 2 7 1 2 7 0 2 7 1 2 7 16 15 2 1 2 7 5 30 3 0 2 7 6 2 7 8 18 2 5 30 3 0 2 7 0 2 7 0 2 7 5 30 3 0 2 7 1 2 7 0 2 4 5 30 3 17 9 2 0 2 7 0 2 4 0 2 7 5 30 3 0 2 7 0 2 7 13 6 3 0 2 7 0 2 7 5 31 3 8 9 2 17 18 2 0 2 7 16 6 2 0 2 7 13 6 3 12 16 2 0 2 7 0 2 4 1 2 7 5 30 3 1 2 3 17 18 2 16 19 11 1 2 7 0 61.5936221480369568
0 2 3 16 19 11 5 30 3 5 30 3 0 2 11 0 2 7 12 16 2 9 2 7 5 30 3 5 30 3 1 2 3 0 2 11 1 2 7 0 2 7 6 2 7 17 18 2 5 30 3 5 30 3 0 2 3 5 30 3 0 2 7 5 30 3 16 19 11 0 2 3 0 2 7 0 2 3 16 19 11 5 30 3 0 2 7 0 2 7 0 2 7 0 2 11 0 2 8 0 2 3 16 6 2 0 2 3 0 2 8 8 9 2 0 2 7 0 2 7 0 2 11 0 2 3 8 18 2 0 2 7 1 2 3 1 2 8 0 2 3 0 2 11 0 2 3 0 2 3 0 2 8 0 2 8 0 2 3 16 15 2 0 2 7 0 2 11 16 6 2 0 2 3 12 16 2 0 2 7 0 65.650367796421051
8 9 2 13 6 3 5 30 3 5 30 3 12 16 2 16 6 2 5 30 3 5 30 3 1 2 7 17 18 2 5 30 3 8 9 2 12 16 2 12 16 2 12 16 2 16 6 2 16 6 2 0 2 7 1 2 7 16 19 12 0 2 7 0 2 8 0 2 7 0 2 13 0 2 8 1 2 8 0 2 7 0 2 8 1 2 7 8 18 2 0 2 8 0 2 3 0 2 3 0 2 7 0 2 7 0 2 7 0 2 7 1 2 7 0 2 7 16 19 12 0 2 7 0 2 3 0 2 7 0 2 7 0 2 7 0 2 8 0 2 8 1 2 8 16 19 12 0 2 3 5 30 3 0 2 7 12 16 2 0 2 3 5 30 3 0 2 8 0 2 8 1 2 7 0 2 8 0 2 8 0.000191623912282549828 64.7036877870559692

Current Evaluation = 4500(4500)
Front Size = 10
1 2 7 13 6 3 0 2 7 5 31 3 12 16 2 5 30 3 0 2 7 17 18 2 12 16 2 1 2 7 0 2 7 0 2 7 12 16 2 1 2 7 16 6 2 17 18 2 0 2 7 0 2 7 0 2 7 0 2 7 0 2 4 0 2 7 16 6 2 0 2 7 0 2 7 1 2 7 1 2 4 1 2 7 0 2 7 1 2 7 1 2 7 0 2 7 0 2 7 17 9 2 0 2 7 1 2 7 0 2 3 0 2 7 0 2 7 16 31 2 0 2 7 8 18 2 17 9 2 1 2 7 5 31 3 1 2 7 1 2 7 0 2 7 0 2 4 1 2 7 0 2 7 0 2 7 5 31 3 1 2 7 0 2 7 1 2 7 1 2 7 1 2 7 0 2 7 1 2 7 0 60.3695465326309204
0 2 8 0 2 8 8 9 2 5 31 3 5 30 3 0 2 7 0 2 8 12 16 2 16 6 2 5 30 3 5 30 3 0 2 7 0 2 8 1 2 7 0 2 7 8 18 2 5 30 3 8 9 2 0 2 7 12 16 2 0 2 7 0 2 7 12 16 2 12 16 2 17 9 2 0 2 7 8 18 2 16 6 2 1 2 7 1 2 11 5 30 3 16 6 2 12 16 2 12 16 2 0 2 7 16 19 11 0 2 11 0 2 7 0 2 7 0 2 8 8 18 2 0 2 7 0 2 8 16 19 11 0 2 7 5 31 3 0 2 7 1 2 7 1 2 7 0 2 7 0 2 7 16 19 12 0 2 1 0 2 8 0 2 12 5 30 3 0 2 7 0 2 7 0 2 12 0 2 7 0 65.0618876218795776
12 16 2 12 16 2 12 16 2 0 2 7 17 18 2 5 30 3 1 2 7 1 2 7 1 2 7 5 30 3 0 2 4 0 2 4 5 30 3 0 2 7 0 2 4 5 30 3 13 6 3 0 2 7 0 2 7 1 2 7 1 2 4 1 2 4 0 2 7 1 2 3 0 2 3 17 9 2 1 2 7 0 2 7 1 2 7 0 2 7 17 9 2 0 2 7 0 2 7 0 2 7 0 2 7 0 2 4 5 30 3 16 15 2 0 2 7 0 2 7 1 2 10 0 2 4 0 2 7 1 2 3 0 2 7 0 2 7 5 30 3 8 18 2 0 2 7 0 2 7 0 2 7 17 18 2 1 2 7 8 18 2 17 18 2 17 18 2 1 2 7 0 2 7 13 6 3 1 2 7 0 61.0826853513717651
0 2 3 0 2 3 8 9 2 13 6 3 16 19 12 5 30 3 5 30 3 0 2 8 0 2 8 12 16 2 16 6 2 1 2 8 0 2 13 5 30 3 5 30 3 0 2 8 1 2 8 0 2 8 1 2 7 17 18 2 0 2 8 8 18 2 8 18 2 5 30 3 8 9 2 0 2 8 12 16 2 0 2 3 0 2 3 12 16 2 12 16 2 8 9 2 0 2 8 0 2 3 5 30 3 0 2 3 16 6 2 1 2 3 16 19 12 0 2 8 0 2 3 0 2 13 0 2 3 0 2 3 0 2 8 0 2 8 1 2 8 16 19 12 0 2 3 5 30 3 16 6 2 0 2 3 12 16 2 0 2 3 5 30 3 0 2 8 0 2 8 12 16 2 0 2 8 0 2 8 1.65497372151839142e-08 66.9737392663955688
12 16 2 5 30 3 12 16 2 12 16 2 0 2 7 1 2 3 0 2 7 12 16 2 0 2 7 0 2 3 0 2 3 16 31 2 16 30 2 5 30 3 16 19 11 13 6 3 5 30 3 5 30 3 0 2 3 16 6 2 1 2 10 5 30 3 17 18 2 0 2 3 0 2 7 0 2 7 0 2 7 0 2 7 5 31 3 0 2 7 0 2 7 5 30 3 1 2 7 1 2 7 0 2 7 0 2 3 5 30 3 1 2 7 1 2 10 0 2 4 0 2 7 0 2 10 16 18 11 0 2 7 1 2 7 0 2 7 0 2 7 1 2 3 0 2 7 0 2 7 1 2 3 0 2 3 0 2 7 0 2 7 0 2 3 0 2 3 12 16 2 0 2 3 0 2 7 16 9 11 0 63.3724052906036377
0 2 3 16 19 11 5 30 3 5 30 3 0 2 11 0 2 7 12 16 2 9 2 7 5 30 3 5 30 3 1 2 3 0 2 11 1 2 7 0 2 7 6 2 7 17 18 2 5 30 3 5 30 3 0 2 3 5 30 3 0 2 7 5 30 3 16 19 11 0 2 3 0 2 7 0 2 3 16 19 11 5 30 3 0 2 7 0 2 7 0 2 7 0 2 11 0 2 8 0 2 3 16 6 2 0 2 3 0 2 8 8 9 2 0 2 7 0 2 7 0 2 11 0 2 3 8 18 2 0 2 7 1 2 3 1 2 8 0 2 3 0 2 11 0 2 3 0 2 3 0 2 8 0 2 8 0 2 3 16 15 2 0 2 7 0 2 11 16 6 2 0 2 3 12 16 2 0 2 7 0 65.650367796421051
12 16 2 5 30 3 12 16 2 12 16 2 6 2 7 17 9 2 1 2 7 0 2 7 0 2 3 0 2 7 17 18 2 1 2 7 0 2 7 13 6 3 0 2 4 1 2 7 0 2 4 0 2 7 0 2 3 0 2 7 0 2 7 5 30 3 1 2 4 1 2 3 1 2 7 0 2 4 0 2 7 17 18 2 16 6 2 5 30 3 0 2 3 1 2 3 0 2 3 0 2 3 1 2 3 0 2 7 1 2 7 0 2 3 0 2 7 1 2 7 0 2 3 13 6 3 5 31 3 16 6 2 16 24 2 17 9 2 0 2 4 5 31 3 1 2 7 0 2 7 1 2 3 6 2 7 0 2 7 0 2 3 0 2 4 12 16 2 1 2 7 1 2 7 0 2 3 0 2 7 0 61.4028877019882202
12 16 2 5 30 3 12 16 2 12 16 2 1 2 7 17 18 2 1 2 7 0 2 4 0 2 7 0 2 7 17 18 2 1 2 3 0 2 7 13 6 3 0 2 7 1 2 7 0 2 7 0 2 4 0 2 7 1 2 7 1 2 3 5 31 3 1 2 7 0 2 7 1 2 7 1 2 7 0 2 4 17 18 2 16 18 11 5 31 3 1 2 4 1 2 4 0 2 7 0 2 7 0 2 11 1 2 4 0 2 7 0 2 3 1 2 7 0 2 4 0 2 7 0 2 7 5 31 3 1 2 7 0 2 7 0 2 4 1 2 7 17 18 2 0 2 3 0 2 7 17 9 2 0 2 11 0 2 7 1 2 3 0 2 4 16 6 2 0 2 7 1 2 7 1 2 4 0 2 11 0 61.2851999402046204
0 2 7 0 2 7 13 6 3 5 30 3 5 30 3 12 16 2 16 6 2 5 30 3 5 30 3 0 2 7 17 18 2 5 30 3 12 16 2 0 2 7 13 6 3 12 16 2 12 16 2 0 2 7 5 30 3 12 16 2 1 2 7 1 2 7 0 2 11 0 2 3 8 18 2 0 2 11 8 9 2 0 2 7 1 2 7 0 2 7 1 2 7 16 6 2 0 2 7 1 2 7 0 2 7 0 2 7 17 18 2 17 1 2 8 9 2 1 2 11 17 9 2 0 2 7 16 6 2 0 2 7 1 2 7 0 2 11 0 2 7 1 2 7 0 2 7 0 2 7 0 2 7 0 2 7 0 2 7 0 2 7 5 30 3 0 2 7 0 2 10 12 16 2 0 2 7 5 30 3 0 62.0297120809555054
12 16 2 5 30 3 12 16 2 12 16 2 0 2 7 5 31 3 12 16 2 0 2 4 5 31 3 13 6 3 5 30 3 5 30 3 17 9 2 8 18 2 0 2 7 0 2 7 0 2 7 5 30 3 0 2 7 1 2 7 0 2 7 1 2 7 1 2 7 0 2 7 6 2 7 0 2 7 0 2 7 0 2 7 0 2 7 0 2 7 1 2 7 1 2 7 0 2 7 1 2 7 0 2 7 0 2 7 0 2 11 1 2 7 16 30 2 0 2 7 16 19 11 17 18 2 16 30 2 1 2 7 5 31 3 16 19 11 1 2 7 0 2 7 5 30 3 0 2 7 0 2 7 0 2 7 0 2 7 0 2 7 0 2 7 0 2 7 0 2 7 12 16 2 0 2 7 16 9 11 0 62.4677022695541382

Current Evaluation = 5400(5400)
Front Size = 10
1 2 7 13 6 3 0 2 7 5 31 3 12 16 2 5 30 3 0 2 7 17 18 2 12 16 2 1 2 7 0 2 7 0 2 7 12 16 2 1 2 7 16 6 2 17 18 2 0 2 7 0 2 7 0 2 7 0 2 7 0 2 4 0 2 7 16 6 2 0 2 7 0 2 7 1 2 7 1 2 4 1 2 7 0 2 7 1 2 7 1 2 7 0 2 7 0 2 7 17 9 2 0 2 7 1 2 7 0 2 3 0 2 7 0 2 7 16 31 2 0 2 7 8 18 2 17 9 2 1 2 7 5 31 3 1 2 7 1 2 7 0 2 7 0 2 4 1 2 7 0 2 7 0 2 7 5 31 3 1 2 7 0 2 7 1 2 7 1 2 7 1 2 7 0 2 7 1 2 7 0 60.3695465326309204
0 2 3 0 2 3 8 9 2 13 6 3 16 19 12 5 30 3 5 30 3 0 2 8 0 2 8 12 16 2 16 6 2 1 2 8 0 2 13 5 30 3 5 30 3 0 2 8 1 2 8 0 2 8 1 2 7 17 18 2 0 2 8 8 18 2 8 18 2 5 30 3 8 9 2 0 2 8 12 16 2 0 2 3 0 2 3 12 16 2 12 16 2 8 9 2 0 2 8 0 2 3 5 30 3 0 2 3 16 6 2 1 2 3 16 19 12 0 2 8 0 2 3 0 2 13 0 2 3 0 2 3 0 2 8 0 2 8 1 2 8 16 19 12 0 2 3 5 30 3 16 6 2 0 2 3 12 16 2 0 2 3 5 30 3 0 2 8 0 2 8 12 16 2 0 2 8 0 2 8 1.65497372151839142e-08 66.9737392663955688
12 16 2 12 16 2 12 16 2 0 2 7 17 18 2 5 30 3 1 2 7 1 2 7 1 2 11 0 2 4 0 2 4 0 2 7 0 2 11 13 6 3 0 2 7 0 2 7 1 2 7 1 2 4 1 2 7 0 2 7 1 2 7 0 2 7 17 9 2 1 2 7 13 6 3 1 2 7 0 2 7 0 2 7 0 2 7 0 2 7 0 2 11 0 2 7 0 2 7 0 2 7 0 2 7 0 2 7 1 2 7 6 2 7 0 2 7 17 18 2 1 2 7 17 18 2 17 18 2 1 2 7 1 2 7 0 2 7 5 30 3 1 2 4 17 9 2 5 31 3 16 6 2 1 2 11 5 30 3 5 31 3 1 2 7 0 2 4 0 2 4 8 18 2 0 2 4 0 2 7 0 60.7056445479393005
12 16 2 5 31 3 12 16 2 0 2 3 0 2 7 1 2 7 0 2 7 0 2 4 0 2 7 5 30 3 16 19 11 5 30 3 5 30 3 0 2 7 16 30 2 1 2 3 1 2 3 0 2 7 0 2 7 0 2 7 1 2 7 0 2 3 0 2 7 0 2 7 12 16 2 0 2 3 1 2 7 1 2 3 0 2 3 0 2 7 0 2 7 0 2 3 0 2 3 0 2 7 0 2 3 0 2 7 0 2 7 5 30 3 16 30 2 16 31 2 0 2 3 1 2 3 5 31 3 1 2 7 0 2 7 0 2 3 0 2 3 16 18 8 16 6 2 1 2 3 5 30 3 0 2 3 0 2 7 0 2 7 0 2 7 1 2 3 1 2 7 1 2 3 0 2 3 16 6 2 0 63.2191956043243408
16 19 11 5 30 3 1 2 7 12 16 2 5 31 3 5 30 3 0 2 7 0 2 7 0 2 7 0 2 7 0 2 7 12 16 2 12 16 2 0 2 7 1 2 7 0 2 7 0 2 7 1 2 7 0 2 7 0 2 7 0 2 11 0 2 7 1 2 11 0 2 7 1 2 11 0 2 7 8 9 2 0 2 7 0 2 7 0 2 7 0 2 7 0 2 7 0 2 7 0 2 7 0 2 7 17 9 2 0 2 7 16 6 2 6 2 11 8 18 2 5 31 3 8 9 2 5 30 3 0 2 7 0 2 7 16 19 11 12 16 2 0 2 7 5 30 3 5 30 3 16 19 11 1 2 4 1 2 7 6 2 7 0 2 7 5 30 3 16 19 11 0 2 7 17 18 2 0 2 7 0 63.5652039647102356
12 16 2 5 30 3 12 16 2 12 16 2 6 2 7 17 9 2 1 2 7 0 2 7 0 2 3 0 2 7 17 18 2 1 2 7 0 2 7 13 6 3 0 2 4 1 2 7 0 2 4 0 2 7 0 2 3 0 2 7 0 2 7 5 30 3 1 2 4 1 2 3 1 2 7 0 2 4 0 2 7 17 18 2 16 6 2 5 30 3 0 2 3 1 2 3 0 2 3 0 2 3 1 2 3 0 2 7 1 2 7 0 2 3 0 2 7 1 2 7 0 2 3 13 6 3 5 31 3 16 6 2 16 24 2 17 9 2 0 2 4 5 31 3 1 2 7 0 2 7 1 2 3 6 2 7 0 2 7 0 2 3 0 2 4 12 16 2 1 2 7 1 2 7 0 2 3 0 2 7 0 61.4028877019882202
8 9 2 16 19 11 5 30 3 5 30 3 0 2 7 0 2 8 12 16 2 16 6 2 5 30 3 5 30 3 1 2 7 0 2 3 0 2 7 0 2 7 8 9 2 8 18 2 5 30 3 8 9 2 0 2 7 12 16 2 12 16 2 12 16 2 0 2 7 5 30 3 16 6 2 16 6 2 12 16 2 12 16 2 0 2 7 1 2 11 5 30 3 0 2 7 0 2 7 0 2 7 0 2 3 0 2 7 5 30 3 0 2 7 0 2 11 1 2 3 0 2 7 16 19 11 0 2 7 0 2 7 0 2 3 1 2 7 0 2 8 0 2 7 0 2 8 0 2 8 0 2 3 0 2 7 16 19 11 1 2 7 0 2 7 16 19 11 0 2 8 8 18 2 0 2 7 0 2 11 0 64.8801882266998291
12 16 2 5 30 3 12 16 2 0 2 7 6 2 7 1 2 7 0 2 7 1 2 3 0 2 3 0 2 7 5 31 3 0 2 7 6 2 7 0 2 12 6 2 7 0 2 7 0 2 7 0 2 7 17 9 2 0 2 7 0 2 7 0 2 7 1 2 7 1 2 4 16 31 2 1 2 7 5 30 3 1 2 4 0 2 3 0 2 7 0 2 7 1 2 7 1 2 4 17 9 2 0 2 7 17 18 2 0 2 7 1 2 7 1 2 7 5 30 3 0 2 7 0 2 7 0 2 11 5 30 3 6 2 7 16 30 2 0 2 7 13 6 3 5 31 3 5 31 3 16 15 2 0 2 3 6 2 4 0 2 7 17 18 2 0 2 7 0 2 11 12 16 2 0 2 7 0 2 4 0 61.6609068512916565
12 16 2 5 30 3 12 16 2 12 16 2 1 2 7 17 18 2 0 2 7 0 2 3 0 2 7 1 2 7 1 2 7 1 2 7 0 2 7 0 2 7 1 2 7 0 2 7 0 2 7 1 2 7 1 2 7 5 30 3 1 2 7 0 2 7 5 31 3 5 30 3 1 2 7 0 2 3 0 2 7 0 2 7 0 2 7 1 2 7 0 2 7 12 2 7 0 2 7 0 2 7 0 2 7 17 9 2 0 2 7 0 2 7 16 15 2 1 2 7 17 9 2 12 16 2 0 2 7 16 15 2 2 3 3 0 2 7 0 2 7 12 16 2 0 2 7 1 2 7 0 2 7 1 2 7 8 18 2 1 2 7 17 9 2 8 18 2 8 18 2 0 2 11 6 2 7 8 18 2 0 62.161282479763031
12 16 2 12 16 2 12 16 2 0 2 7 5 31 3 6 2 4 17 18 2 1 2 4 0 2 7 5 30 3 0 2 7 0 2 7 5 30 3 0 2 7 5 30 3 1 2 7 0 2 7 1 2 7 0 2 7 0 2 7 1 2 7 0 2 7 0 2 7 1 2 7 0 2 7 1 2 3 0 2 4 0 2 7 0 2 7 0 2 7 1 2 7 0 2 7 0 2 7 0 2 7 0 2 11 0 2 7 0 2 7 8 18 2 0 2 7 0 2 7 0 2 7 17 9 2 0 2 7 1 2 7 0 2 7 12 16 2 8 18 2 5 30 3 5 30 3 1 2 7 16 30 2 0 2 11 16 19 11 17 1 2 0 2 7 17 18 2 8 18 2 1 2 11 1 2 7 5 30 3 0 62.4854363799095154

Current Evaluation = 6300(6300)
Front Size = 10
1 2 7 13 6 3 0 2 7 5 31 3 12 16 2 5 30 3 0 2 7 17 18 2 12 16 2 1 2 7 0 2 7 0 2 7 12 16 2 1 2 7 16 6 2 17 18 2 0 2 7 0 2 7 0 2 7 0 2 7 0 2 4 0 2 7 16 6 2 0 2 7 0 2 7 1 2 7 1 2 4 1 2 7 0 2 7 1 2 7 1 2 7 0 2 7 0 2 7 17 9 2 0 2 7 1 2 7 0 2 3 0 2 7 0 2 7 16 31 2 0 2 7 8 18 2 17 9 2 1 2 7 5 31 3 1 2 7 1 2 7 0 2 7 0 2 4 1 2 7 0 2 7 0 2 7 5 31 3 1 2 7 0 2 7 1 2 7 1 2 7 1 2 7 0 2 7 1 2 7 0 60.3695465326309204
12 16 2 5 31 3 12 16 2 12 16 2 1 2 7 17 9 2 0 2 4 0 2 7 0 2 7 8 18 2 0 2 4 0 2 7 13 6 3 0 2 7 0 2 7 1 2 7 0 2 7 1 2 7 0 2 3 0 2 3 1 2 3 1 2 7 1 2 7 0 2 3 0 2 7 17 18 2 16 6 2 0 2 11 1 2 4 0 2 7 1 2 4 0 2 4 1 2 7 0 2 7 0 2 4 5 30 3 17 9 2 17 9 2 5 30 3 1 2 3 1 2 11 0 2 4 1 2 7 0 2 7 1 2 4 1 2 7 0 2 7 5 30 3 0 2 4 1 2 4 0 2 4 0 2 4 13 6 3 0 2 7 1 2 7 1 2 11 17 18 2 12 16 2 0 2 7 17 18 2 0 60.8866275548934937
12 16 2 5 30 3 12 16 2 0 2 7 6 2 7 1 2 7 0 2 7 1 2 3 0 2 3 0 2 7 5 31 3 0 2 7 6 2 7 0 2 12 6 2 7 0 2 7 0 2 7 0 2 7 17 9 2 0 2 7 0 2 7 0 2 7 1 2 7 1 2 4 16 31 2 1 2 7 5 30 3 1 2 4 0 2 3 0 2 7 0 2 7 1 2 7 1 2 4 17 9 2 0 2 7 17 18 2 0 2 7 1 2 7 1 2 7 5 30 3 0 2 7 0 2 7 0 2 11 5 30 3 6 2 7 16 30 2 0 2 7 13 6 3 5 31 3 5 31 3 16 15 2 0 2 3 6 2 4 0 2 7 17 18 2 0 2 7 0 2 11 12 16 2 0 2 7 0 2 4 0 61.6609068512916565
0 2 7 0 2 7 12 16 2 5 31 3 0 2 7 12 16 2 0 2 7 0 2 7 0 2 7 12 16 2 0 2 7 16 6 2 1 2 3 0 2 7 0 2 7 0 2 7 0 2 7 16 6 2 0 2 7 0 2 7 0 2 7 0 2 7 1 2 7 1 2 7 1 2 7 1 2 4 0 2 7 0 2 7 17 18 2 13 6 3 1 2 7 17 18 2 16 6 2 12 16 2 0 2 7 16 19 11 5 30 3 1 2 4 0 2 7 8 9 2 0 2 7 5 31 3 1 2 7 0 2 7 1 2 7 1 2 4 5 30 3 16 9 11 5 31 3 0 2 7 0 2 7 8 9 2 0 2 7 0 2 7 0 2 7 1 2 7 12 16 2 0 2 7 5 30 3 12 16 2 0 61.9059261679649353
12 16 2 5 30 3 12 16 2 0 2 7 1 2 7 0 2 3 0 2 3 6 2 7 0 2 11 0 2 3 0 2 11 0 2 7 1 2 4 6 2 7 1 2 3 0 2 3 0 2 7 0 2 3 5 30 3 0 2 11 1 2 3 0 2 3 0 2 3 1 2 7 0 2 11 0 2 3 0 2 7 1 2 7 5 30 3 0 2 7 0 2 3 0 2 1 0 2 7 12 16 2 5 30 3 0 2 7 0 2 3 0 2 7 0 2 3 8 9 2 8 9 2 5 30 3 16 19 11 0 2 3 6 2 7 16 6 2 0 2 3 0 2 7 8 18 2 16 6 2 16 19 11 0 2 7 5 30 3 5 30 3 16 6 2 0 2 3 17 9 2 12 16 2 16 19 1 5 30 3 0 64.6616986393928528
12 16 2 12 16 2 12 16 2 0 2 7 17 18 2 12 16 2 1 2 7 1 2 7 0 2 7 0 2 7 0 2 4 13 6 3 0 2 4 0 2 7 1 2 7 1 2 4 1 2 7 0 2 7 1 2 7 0 2 7 17 9 2 1 2 7 13 6 3 1 2 7 0 2 4 0 2 7 1 2 7 0 2 4 0 2 7 0 2 4 1 2 4 1 2 7 17 18 2 1 2 7 5 31 3 17 9 2 5 31 3 16 6 2 5 30 3 5 31 3 0 2 7 0 2 7 0 2 4 0 2 7 0 2 4 1 2 7 0 2 4 0 2 7 1 2 4 0 2 4 17 18 2 17 18 2 1 2 7 0 2 7 0 2 4 6 2 7 1 2 7 0 2 4 0 2 10 12 16 2 0 60.373223602771759
0 2 7 6 2 7 12 16 2 5 31 3 0 2 4 12 16 2 0 2 7 0 2 7 0 2 7 12 16 2 0 2 7 16 6 2 6 2 7 6 2 7 0 2 4 0 2 7 0 2 7 17 9 2 6 2 7 1 2 4 1 2 7 1 2 7 17 18 2 13 6 3 6 2 7 17 18 2 12 16 2 5 31 3 1 2 7 5 31 3 0 2 7 6 2 7 1 2 7 5 31 3 1 2 7 12 16 2 1 2 7 17 18 2 0 2 7 1 2 7 0 2 7 0 2 7 0 2 7 0 2 4 0 2 7 0 2 7 1 2 7 0 2 7 0 2 7 5 30 3 2 3 3 0 2 7 1 2 7 0 2 7 17 9 2 13 6 3 0 2 7 1 2 7 0 2 4 12 16 2 0 61.0721886157989502
12 16 2 5 30 3 12 16 2 12 16 2 1 2 3 1 2 7 0 2 7 6 2 3 0 2 7 1 2 4 13 6 3 0 2 3 0 2 7 0 2 7 0 2 7 1 2 7 0 2 4 1 2 7 1 2 7 1 2 7 0 2 3 0 2 3 0 2 3 17 18 2 16 6 2 0 2 7 1 2 7 0 2 7 1 2 7 0 2 7 5 30 3 5 30 3 1 2 7 0 2 7 1 2 7 5 31 3 0 2 4 0 2 7 0 2 3 17 18 2 12 16 2 0 2 3 0 2 7 17 9 2 1 2 7 0 2 7 0 2 7 5 30 3 1 2 7 0 2 7 0 2 4 8 9 2 13 6 3 0 2 7 0 2 3 16 19 11 16 19 11 0 2 7 1 2 7 17 18 2 0 61.7799853086471558
12 16 2 5 30 3 12 16 2 12 16 2 0 2 7 0 2 3 1 2 3 0 2 3 0 2 7 0 2 3 0 2 3 1 2 3 1 2 7 0 2 4 0 2 7 1 2 7 0 2 7 1 2 3 1 2 7 0 2 3 0 2 7 16 6 2 0 2 3 1 2 7 5 30 3 5 31 3 1 2 7 0 2 3 0 2 7 5 31 3 0 2 3 0 2 7 0 2 3 16 9 11 1 2 7 13 6 3 0 2 4 0 2 7 1 2 3 1 2 7 1 2 3 16 6 2 0 2 7 17 9 2 17 9 2 16 6 2 0 2 7 1 2 3 0 2 7 1 2 7 0 2 7 16 6 2 1 2 7 0 2 7 0 2 3 0 2 3 1 2 3 0 2 7 12 16 2 8 9 2 0 62.0769026875495911
12 16 2 5 31 3 12 16 2 12 16 2 1 2 7 17 9 2 0 2 7 0 2 7 0 2 7 8 18 2 0 2 7 0 2 7 13 6 3 0 2 7 0 2 7 0 2 7 0 2 7 1 2 7 0 2 7 0 2 7 1 2 3 1 2 7 1 2 7 0 2 7 0 2 7 17 18 2 16 6 2 0 2 7 1 2 7 0 2 7 1 2 3 0 2 11 1 2 7 0 2 7 0 2 11 5 30 3 17 9 2 17 9 2 5 30 3 1 2 7 1 2 11 0 2 11 1 2 7 0 2 7 1 2 4 13 6 3 1 2 11 5 30 3 1 2 7 1 2 4 0 2 4 0 2 7 13 6 3 0 2 7 1 2 7 1 2 7 17 18 2 12 16 2 0 2 7 17 18 2 0 60.6036365032196045

Current Evaluation = 7200(7200)
Front Size = 10
12 16 2 12 16 2 12 16 2 0 2 7 17 18 2 12 16 2 1 2 7 1 2 7 0 2 7 0 2 7 0 2 7 13 6 3 0 2 7 0 2 7 1 2 7 1 2 7 1 2 3 0 2 7 1 2 4 0 2 7 17 9 2 1 2 7 13 6 3 13 6 3 0 2 7 0 2 7 1 2 7 0 2 7 1 2 7 0 2 7 1 2 4 1 2 7 17 18 2 0 2 4 5 31 3 17 9 2 5 30 3 16 30 2 5 30 3 5 31 3 0 2 7 0 2 7 0 2 7 0 2 7 1 2 4 1 2 3 0 2 7 0 2 7 1 2 7 0 2 7 17 18 2 17 18 2 1 2 7 0 2 7 0 2 4 1 2 7 1 2 7 0 2 4 0 2 7 1 2 7 0 59.9867335557937622
12 16 2 5 30 3 12 16 2 16 15 2 0 2 7 0 2 4 1 2 7 0 2 3 1 2 7 1 2 7 1 2 7 1 2 3 5 30 3 0 2 7 0 2 7 0 2 7 0 2 7 0 2 11 12 16 2 0 2 3 5 30 3 0 2 7 0 2 7 12 16 2 0 2 7 1 2 7 5 30 3 0 2 7 0 2 7 0 2 7 0 2 7 0 2 7 8 18 2 1 2 3 0 2 7 0 2 7 1 2 7 1 2 3 1 2 7 17 9 2 1 2 7 0 2 7 17 18 2 16 6 2 0 2 3 0 2 7 8 9 2 16 6 2 8 9 2 0 2 3 13 6 3 1 2 7 0 2 11 1 2 7 1 2 3 16 31 2 5 30 3 17 9 2 0 2 7 0 2 7 0 61.6740134954452515
12 16 2 12 16 2 12 16 2 0 2 7 17 18 2 12 16 2 1 2 4 1 2 7 0 2 7 0 2 7 0 2 7 13 6 3 0 2 4 0 2 7 1 2 7 1 2 4 1 2 7 0 2 7 0 2 7 0 2 7 17 9 2 1 2 7 13 6 3 1 2 7 0 2 7 0 2 4 1 2 7 0 2 4 0 2 7 0 2 4 1 2 4 1 2 4 17 18 2 1 2 7 5 31 3 17 9 2 5 31 3 16 6 2 5 30 3 5 31 3 0 2 7 0 2 7 0 2 4 0 2 7 1 2 4 1 2 7 0 2 4 0 2 7 1 2 4 0 2 7 17 18 2 17 18 2 1 2 7 0 2 7 0 2 4 1 2 7 1 2 7 0 2 4 0 2 7 12 16 2 0 60.3429305553436279
12 16 2 5 30 3 12 16 2 0 2 7 1 2 7 0 2 3 0 2 3 6 2 7 0 2 11 0 2 3 0 2 11 0 2 7 1 2 4 6 2 7 1 2 3 0 2 3 0 2 7 0 2 3 5 30 3 0 2 11 1 2 3 0 2 3 0 2 3 1 2 7 0 2 11 0 2 3 0 2 7 1 2 7 5 30 3 0 2 7 0 2 3 0 2 1 0 2 7 12 16 2 5 30 3 0 2 7 0 2 3 0 2 7 0 2 3 8 9 2 8 9 2 5 30 3 16 19 11 0 2 3 6 2 7 16 6 2 0 2 3 0 2 7 8 18 2 16 6 2 16 19 11 0 2 7 5 30 3 5 30 3 16 6 2 0 2 3 17 9 2 12 16 2 16 19 1 5 30 3 0 64.6616986393928528
0 2 7 0 2 7 12 16 2 5 31 3 0 2 7 12 16 2 0 2 7 0 2 7 0 2 7 12 16 2 0 2 7 16 6 2 1 2 3 0 2 7 0 2 7 0 2 7 0 2 7 16 6 2 0 2 7 0 2 7 0 2 7 0 2 7 1 2 7 1 2 7 1 2 7 1 2 4 0 2 7 0 2 7 17 18 2 13 6 3 1 2 7 17 18 2 16 6 2 12 16 2 0 2 7 16 19 11 5 30 3 1 2 4 0 2 7 8 9 2 0 2 7 5 31 3 1 2 7 0 2 7 1 2 7 1 2 4 5 30 3 16 9 11 5 31 3 0 2 7 0 2 7 8 9 2 0 2 7 0 2 7 0 2 7 1 2 7 12 16 2 0 2 7 5 30 3 12 16 2 0 61.9059261679649353
12 16 2 5 30 3 12 16 2 0 2 7 6 2 7 1 2 7 0 2 7 1 2 3 0 2 3 0 2 7 5 31 3 0 2 7 6 2 7 0 2 12 6 2 7 0 2 7 0 2 7 0 2 7 17 9 2 0 2 7 0 2 7 0 2 7 1 2 7 1 2 4 16 31 2 1 2 7 5 30 3 1 2 4 0 2 3 0 2 7 0 2 7 1 2 7 1 2 4 17 9 2 0 2 7 17 18 2 0 2 7 1 2 7 1 2 7 5 30 3 0 2 7 0 2 7 0 2 11 5 30 3 6 2 7 16 30 2 0 2 7 13 6 3 5 31 3 5 31 3 16 15 2 0 2 3 6 2 4 0 2 7 17 18 2 0 2 7 0 2 11 12 16 2 0 2 7 0 2 4 0 61.6609068512916565
12 16 2 5 31 3 12 16 2 12 16 2 1 2 7 17 9 2 0 2 4 0 2 7 0 2 7 8 18 2 0 2 4 0 2 7 13 6 3 0 2 7 0 2 7 1 2 7 0 2 7 1 2 7 0 2 3 0 2 3 1 2 3 1 2 7 1 2 7 0 2 3 0 2 7 17 18 2 16 6 2 0 2 11 1 2 4 0 2 7 1 2 4 0 2 4 1 2 7 0 2 7 0 2 4 5 30 3 17 9 2 17 9 2 5 30 3 1 2 3 1 2 11 0 2 4 1 2 7 0 2 7 1 2 4 1 2 7 0 2 7 5 30 3 0 2 4 1 2 4 0 2 4 0 2 4 13 6 3 0 2 7 1 2 7 1 2 11 17 18 2 12 16 2 0 2 7 17 18 2 0 60.8866275548934937
0 2 7 13 6 3 5 31 3 1 2 7 12 16 2 0 2 7 0 2 7 0 2 7 12 16 2 0 2 7 16 6 2 1 2 7 0 2 3 1 2 7 17 9 2 1 2 7 1 2 7 1 2 7 17 18 2 13 6 3 17 18 2 12 16 2 5 31 3 6 2 7 5 31 3 0 2 7 1 2 7 1 2 7 12 16 2 1 2 7 17 18 2 0 2 7 0 2 7 0 2 7 0 2 7 0 2 7 0 2 7 6 2 7 0 2 7 1 2 7 0 2 7 0 2 7 5 30 3 0 2 7 1 2 7 17 9 2 13 6 3 1 2 7 1 2 7 0 2 7 1 2 7 0 2 7 0 2 7 1 2 7 0 2 7 0 2 7 0 2 7 0 2 7 1 2 7 12 16 2 0 60.3453264236450195
12 16 2 5 31 3 12 16 2 12 16 2 0 2 7 0 2 7 1 2 7 0 2 7 0 2 7 1 2 4 0 2 7 0 2 7 1 2 7 0 2 7 1 2 1 0 2 7 0 2 7 0 2 11 1 2 7 0 2 7 0 2 11 17 18 2 16 6 2 0 2 7 6 2 7 0 2 7 0 2 7 5 30 3 5 31 3 0 2 7 0 2 7 0 2 7 5 30 3 0 2 7 12 16 2 1 2 7 8 9 2 5 31 3 13 6 3 0 2 11 16 19 1 1 2 11 5 30 3 0 2 7 17 9 2 8 9 2 5 30 3 1 2 7 0 2 7 1 2 4 0 2 7 1 2 4 0 2 7 17 9 2 0 2 7 12 16 2 0 2 7 17 9 2 8 18 2 17 18 2 0 62.9072735905647278
12 16 2 5 30 3 12 16 2 1 2 7 1 2 3 0 2 7 0 2 7 0 2 7 0 2 7 1 2 7 0 2 11 0 2 7 1 2 4 5 30 3 0 2 3 0 2 3 1 2 3 0 2 7 0 2 3 0 2 3 0 2 4 1 2 3 0 2 7 0 2 7 12 16 2 0 2 4 0 2 7 0 2 7 1 2 3 8 9 2 16 6 2 0 2 7 16 6 2 0 2 11 16 6 2 8 9 2 12 16 2 0 2 7 1 2 7 5 31 3 16 6 2 1 2 3 0 2 7 0 2 7 1 2 7 0 2 3 0 2 7 0 2 7 5 30 3 16 19 11 17 18 2 0 2 3 0 2 3 8 9 2 16 19 11 5 30 3 0 2 3 0 2 7 1 2 3 5 30 3 0 63.2152584791183472

Current Evaluation = 8100(8100)
Front Size = 10
12 16 2 12 16 2 12 16 2 0 2 7 17 18 2 12 16 2 1 2 7 1 2 7 0 2 7 0 2 7 1 2 7 13 6 3 1 2 7 0 2 7 1 2 7 0 2 7 0 2 4 0 2 7 17 9 2 1 2 7 13 6 3 13 6 3 0 2 7 0 2 4 1 2 7 0 2 7 1 2 7 1 2 7 0 2 7 17 18 2 5 31 3 17 9 2 5 31 3 0 2 4 0 2 7 0 2 7 0 2 7 0 2 7 0 2 7 1 2 7 6 2 7 0 2 7 17 18 2 1 2 7 0 2 7 5 31 3 1 2 4 1 2 7 1 2 7 1 2 7 1 2 7 0 2 7 0 2 7 16 6 2 5 30 3 1 2 7 0 2 7 17 18 2 0 2 7 0 2 7 0 59.938682496547699
12 16 2 5 30 3 12 16 2 0 2 7 1 2 7 0 2 3 0 2 3 6 2 7 0 2 11 0 2 3 0 2 11 0 2 7 1 2 4 6 2 7 1 2 3 0 2 3 0 2 7 0 2 3 5 30 3 0 2 11 1 2 3 0 2 3 0 2 3 1 2 7 0 2 11 0 2 3 0 2 7 1 2 7 5 30 3 0 2 7 0 2 3 0 2 1 0 2 7 12 16 2 5 30 3 0 2 7 0 2 3 0 2 7 0 2 3 8 9 2 8 9 2 5 30 3 16 19 11 0 2 3 6 2 7 16 6 2 0 2 3 0 2 7 8 18 2 16 6 2 16 19 11 0 2 7 5 30 3 5 30 3 16 6 2 0 2 3 17 9 2 12 16 2 16 19 1 5 30 3 0 64.6616986393928528
12 16 2 5 31 3 1 2 7 12 16 2 0 2 7 17 9 2 0 2 7 0 2 7 8 18 2 13 6 3 0 2 7 1 2 7 0 2 7 0 2 7 0 2 7 1 2 7 6 2 11 1 2 7 1 2 7 0 2 7 17 18 2 1 2 7 0 2 7 0 2 7 0 2 7 0 2 7 0 2 7 0 2 7 5 30 3 17 9 2 17 9 2 5 30 3 1 2 7 1 2 7 1 2 7 1 2 7 0 2 7 5 30 3 1 2 7 0 2 7 0 2 7 13 6 3 1 2 7 1 2 7 17 18 2 12 16 2 0 2 7 16 15 2 0 2 4 0 2 7 0 2 3 0 2 7 0 2 7 0 2 4 0 2 7 16 31 2 5 30 3 0 2 3 1 2 7 1 2 7 0 60.6809684038162231
12 16 2 5 30 3 12 16 2 0 2 7 6 2 7 1 2 7 0 2 7 1 2 3 0 2 3 0 2 7 5 31 3 0 2 7 6 2 7 0 2 12 6 2 7 0 2 7 0 2 7 0 2 7 17 9 2 0 2 7 0 2 7 0 2 7 1 2 7 1 2 4 16 31 2 1 2 7 5 30 3 1 2 4 0 2 3 0 2 7 0 2 7 1 2 7 1 2 4 17 9 2 0 2 7 17 18 2 0 2 7 1 2 7 1 2 7 5 30 3 0 2 7 0 2 7 0 2 11 5 30 3 6 2 7 16 30 2 0 2 7 13 6 3 5 31 3 5 31 3 16 15 2 0 2 3 6 2 4 0 2 7 17 18 2 0 2 7 0 2 11 12 16 2 0 2 7 0 2 4 0 61.6609068512916565
12 16 2 17 9 2 0 2 4 17 18 2 1 2 7 0 2 7 0 2 7 6 2 7 13 6 3 0 2 7 0 2 7 1 2 4 0 2 7 1 2 7 0 2 4 1 2 7 0 2 7 17 9 2 0 2 7 13 6 3 1 2 7 0 2 7 0 2 7 0 2 7 17 9 2 6 2 7 5 30 3 17 9 2 5 30 3 16 6 2 5 30 3 5 30 3 0 2 7 0 2 7 0 2 7 0 2 7 0 2 7 1 2 7 1 2 4 0 2 7 1 2 3 0 2 7 0 2 7 0 2 7 12 16 2 16 6 2 5 31 3 1 2 11 0 2 7 1 2 7 0 2 7 0 2 7 0 2 7 1 2 7 0 2 7 1 2 4 5 31 3 1 2 7 0 2 7 5 31 3 0 60.740964412689209
12 16 2 5 31 3 0 2 7 12 16 2 0 2 3 17 9 2 0 2 7 0 2 4 17 18 2 13 6 3 0 2 7 1 2 7 0 2 7 1 2 7 0 2 7 1 2 7 1 2 4 0 2 4 1 2 4 0 2 7 5 31 3 1 2 4 1 2 7 0 2 7 1 2 10 1 2 7 0 2 4 0 2 7 5 30 3 17 9 2 17 9 2 5 30 3 0 2 7 1 2 4 1 2 7 6 2 3 0 2 7 5 30 3 1 2 4 0 2 3 0 2 7 13 6 3 0 2 7 1 2 3 17 18 2 12 16 2 0 2 7 0 2 7 0 2 7 0 2 4 0 2 7 1 2 7 16 24 2 0 2 7 0 2 7 0 2 7 1 2 7 0 2 7 1 2 7 17 18 2 0 60.7098265886306763
12 16 2 5 30 3 12 16 2 0 2 4 0 2 7 0 2 7 1 2 7 1 2 3 0 2 7 0 2 11 0 2 3 0 2 7 0 2 11 0 2 11 0 2 4 12 16 2 0 2 3 0 2 11 12 16 2 0 2 3 5 30 3 0 2 11 0 2 7 0 2 7 0 2 7 0 2 4 1 2 4 1 2 7 1 2 11 1 2 7 0 2 7 1 2 3 17 9 2 1 2 7 1 2 3 8 18 2 16 6 2 1 2 7 13 6 3 1 2 4 0 2 4 17 9 2 0 2 7 1 2 7 17 18 2 17 18 2 1 2 3 1 2 7 17 18 2 5 30 3 8 18 2 1 2 7 13 6 3 0 2 7 5 30 3 0 2 3 0 2 7 0 2 4 16 6 2 5 30 3 0 61.6663577556610107
12 16 2 5 31 3 1 2 7 12 16 2 0 2 7 17 9 2 0 2 4 0 2 7 0 2 7 8 18 2 0 2 4 0 2 11 13 6 3 0 2 4 0 2 7 1 2 7 0 2 11 0 2 7 0 2 7 0 2 7 1 2 7 1 2 11 1 2 7 1 2 4 0 2 7 17 18 2 16 6 2 0 2 4 1 2 7 0 2 7 0 2 7 0 2 7 1 2 7 0 2 7 0 2 7 5 30 3 17 9 2 17 9 2 5 30 3 1 2 7 1 2 7 0 2 4 1 2 7 0 2 4 5 31 3 1 2 7 0 2 7 5 30 3 6 2 11 1 2 7 0 2 7 0 2 7 13 6 3 1 2 7 1 2 7 1 2 7 17 18 2 12 16 2 0 2 7 17 18 2 0 60.7056446075439453
16 19 11 12 16 2 12 16 2 0 2 7 17 18 2 0 2 7 1 2 7 0 2 7 0 2 7 1 2 7 13 6 3 0 2 7 0 2 7 0 2 7 0 2 7 0 2 7 0 2 7 1 2 7 17 9 2 0 2 7 1 2 7 0 2 7 1 2 7 0 2 7 1 2 7 17 9 2 16 6 2 5 30 3 0 2 7 1 2 3 0 2 7 1 2 7 1 2 7 1 2 3 1 2 7 0 2 7 1 2 7 0 2 7 0 2 7 0 2 7 0 2 7 0 2 7 0 2 7 0 2 7 0 2 7 1 2 7 17 18 2 5 31 3 5 31 3 5 31 3 13 6 3 0 2 7 1 2 7 5 30 3 0 2 7 5 30 3 0 2 7 0 2 7 0 2 7 16 6 2 0 60.93074631690979
12 16 2 5 30 3 12 16 2 1 2 7 1 2 7 1 2 7 0 2 7 0 2 7 0 2 7 0 2 7 0 2 3 12 16 2 0 2 7 5 30 3 0 2 7 0 2 4 0 2 7 0 2 7 0 2 7 1 2 7 17 9 2 1 2 7 8 9 2 1 2 7 13 6 3 17 9 2 0 2 3 1 2 7 8 18 2 17 9 2 1 2 7 5 30 3 1 2 4 5 31 3 0 2 4 5 30 3 0 2 7 1 2 3 0 2 7 16 24 2 16 6 2 1 2 7 12 16 2 0 2 3 0 2 7 0 2 4 0 2 7 0 2 7 1 2 7 0 2 7 13 6 3 0 2 7 0 2 7 0 2 7 17 9 2 0 2 7 5 30 3 0 2 7 16 6 2 5 30 3 0 61.2600222826004028

Current Evaluation = 9000(9000)
Front Size = 10
12 16 2 12 16 2 12 16 2 0 2 7 17 18 2 12 16 2 1 2 7 1 2 7 0 2 7 0 2 7 1 2 7 13 6 3 1 2 7 0 2 7 0 2 7 0 2 7 5 30 3 0 2 7 17 9 2 1 2 7 13 6 3 13 6 3 0 2 7 0 2 7 1 2 7 0 2 7 1 2 7 1 2 7 1 2 4 17 18 2 5 31 3 17 9 2 0 2 4 5 31 3 0 2 7 0 2 7 0 2 4 1 2 7 1 2 7 0 2 7 17 18 2 0 2 7 5 31 3 17 18 2 1 2 7 0 2 7 0 2 7 0 2 7 6 2 7 0 2 7 0 2 7 0 2 7 1 2 7 0 2 7 1 2 7 16 6 2 1 2 4 1 2 7 0 2 7 1 2 7 0 59.938682496547699
12 16 2 5 30 3 12 16 2 0 2 4 0 2 7 0 2 7 1 2 7 1 2 3 0 2 7 0 2 11 0 2 3 0 2 7 0 2 11 0 2 11 0 2 4 12 16 2 0 2 3 0 2 11 12 16 2 0 2 3 5 30 3 0 2 11 0 2 7 0 2 7 0 2 7 0 2 4 1 2 4 1 2 7 1 2 11 1 2 7 0 2 7 1 2 3 17 9 2 1 2 7 1 2 3 8 18 2 16 6 2 1 2 7 13 6 3 1 2 4 0 2 4 17 9 2 0 2 7 1 2 7 17 18 2 17 18 2 1 2 3 1 2 7 17 18 2 5 30 3 8 18 2 1 2 7 13 6 3 0 2 7 5 30 3 0 2 3 0 2 7 0 2 4 16 6 2 5 30 3 0 61.6663577556610107
12 16 2 12 16 2 12 16 2 1 2 7 17 18 2 12 16 2 0 2 4 1 2 4 0 2 7 1 2 4 0 2 7 1 2 4 0 2 7 0 2 7 17 9 2 1 2 7 13 6 3 0 2 7 1 2 7 0 2 7 0 2 7 1 2 7 0 2 7 5 30 3 17 9 2 5 30 3 1 2 7 0 2 7 1 2 7 0 2 4 0 2 4 0 2 7 1 2 7 0 2 4 0 2 7 13 6 3 5 31 3 5 30 3 1 2 7 0 2 7 0 2 7 0 2 7 0 2 7 1 2 4 17 18 2 1 2 4 13 6 3 1 2 7 17 18 2 17 18 2 6 2 7 5 31 3 0 2 7 1 2 7 0 2 4 1 2 7 0 2 7 17 9 2 0 2 7 0 2 4 0 60.1633895039558411
12 16 2 12 16 2 12 16 2 0 2 7 17 18 2 1 2 7 1 2 7 0 2 7 0 2 7 0 2 7 13 6 3 0 2 7 0 2 7 1 2 7 0 2 7 0 2 7 0 2 7 17 9 2 1 2 7 0 2 7 0 2 7 5 31 3 5 31 3 5 31 3 17 9 2 5 30 3 1 2 7 0 2 7 0 2 7 0 2 7 0 2 7 0 2 7 0 2 7 0 2 7 5 30 3 1 2 7 0 2 7 1 2 7 5 30 3 6 2 4 0 2 7 1 2 7 13 6 3 16 6 2 0 2 7 16 31 2 0 2 7 1 2 7 0 2 7 0 2 7 1 2 7 1 2 7 0 2 7 0 2 7 1 2 7 0 2 7 16 6 2 1 2 7 17 18 2 1 2 7 0 60.4633373618125916
12 16 2 5 30 3 12 16 2 0 2 7 6 2 7 1 2 7 0 2 7 1 2 3 0 2 3 0 2 7 5 31 3 0 2 7 6 2 7 0 2 12 6 2 7 0 2 7 0 2 7 0 2 7 17 9 2 0 2 7 0 2 7 0 2 7 1 2 7 1 2 4 16 31 2 1 2 7 5 30 3 1 2 4 0 2 3 0 2 7 0 2 7 1 2 7 1 2 4 17 9 2 0 2 7 17 18 2 0 2 7 1 2 7 1 2 7 5 30 3 0 2 7 0 2 7 0 2 11 5 30 3 6 2 7 16 30 2 0 2 7 13 6 3 5 31 3 5 31 3 16 15 2 0 2 3 6 2 4 0 2 7 17 18 2 0 2 7 0 2 11 12 16 2 0 2 7 0 2 4 0 61.6609068512916565
12 16 2 5 31 3 0 2 7 12 16 2 0 2 7 17 9 2 0 2 7 0 2 7 13 6 3 0 2 7 1 2 7 0 2 7 1 2 3 0 2 7 1 2 4 1 2 7 0 2 7 0 2 7 1 2 7 0 2 7 1 2 7 0 2 7 0 2 7 5 30 3 17 9 2 17 9 2 5 30 3 0 2 3 1 2 3 0 2 7 5 30 3 0 2 7 0 2 7 13 6 3 0 2 7 1 2 3 12 16 2 0 2 7 0 2 3 0 2 7 0 2 7 0 2 7 16 24 2 0 2 7 0 2 7 0 2 7 1 2 3 0 2 7 1 2 7 17 18 2 1 2 7 16 6 2 1 2 4 1 2 3 1 2 7 12 16 2 1 2 4 16 6 2 5 31 3 8 18 2 0 61.0341064929962158
12 16 2 5 30 3 0 2 7 12 16 2 0 2 7 17 9 2 0 2 7 0 2 7 13 6 3 0 2 3 1 2 7 0 2 7 1 2 7 0 2 7 1 2 4 1 2 7 0 2 7 0 2 7 1 2 7 0 2 7 1 2 7 0 2 7 0 2 7 5 31 3 17 9 2 17 9 2 5 30 3 0 2 3 0 2 3 0 2 7 5 30 3 0 2 7 0 2 7 13 6 3 0 2 7 1 2 7 12 16 2 0 2 7 0 2 4 0 2 7 0 2 4 1 2 7 16 30 2 0 2 7 0 2 3 0 2 4 1 2 7 15 2 11 1 2 7 17 18 2 1 2 3 16 6 2 1 2 7 0 2 3 1 2 3 12 16 2 1 2 7 16 6 2 5 31 3 1 2 4 0 60.9438865184783936
12 16 2 5 30 3 12 16 2 0 2 3 0 2 7 1 2 7 1 2 7 0 2 11 0 2 7 1 2 7 12 16 2 0 2 7 5 30 3 0 2 7 0 2 7 13 6 3 0 2 7 0 2 7 1 2 7 17 9 2 0 2 7 8 9 2 0 2 7 13 6 3 17 9 2 1 2 7 17 9 2 1 2 4 5 30 3 1 2 7 5 30 3 0 2 7 0 2 4 0 2 7 16 6 2 1 2 11 12 16 2 0 2 7 0 2 7 0 2 7 0 2 7 1 2 7 0 2 7 13 6 3 0 2 7 0 2 7 0 2 11 1 2 11 0 2 7 8 18 2 5 30 3 1 2 7 0 2 7 0 2 7 17 9 2 17 18 2 5 30 3 5 30 3 16 6 2 1 2 11 0 61.1975080966949463
12 16 2 5 30 3 0 2 7 0 2 3 0 2 7 1 2 4 0 2 7 0 2 7 5 30 3 0 2 7 1 2 7 0 2 7 0 2 7 17 9 2 0 2 7 0 2 7 1 2 3 0 2 7 1 2 7 0 2 7 5 30 3 1 2 7 0 2 7 17 9 2 0 2 7 17 18 2 0 2 3 1 2 7 1 2 7 0 2 7 0 2 7 1 2 7 0 2 7 5 30 3 17 1 2 0 2 7 17 18 2 1 2 7 12 16 2 0 2 7 0 2 7 1 2 7 1 2 7 0 2 3 0 2 7 13 6 3 16 6 2 0 2 7 16 31 2 6 2 3 1 2 7 5 31 3 0 2 7 1 2 7 0 2 4 0 2 7 0 2 7 1 2 7 5 31 3 1 2 7 0 61.0483944416046143
12 16 2 5 30 3 12 16 2 0 2 7 1 2 7 0 2 3 0 2 3 6 2 7 0 2 11 0 2 3 0 2 11 0 2 7 1 2 4 6 2 7 1 2 3 0 2 3 0 2 7 0 2 3 5 30 3 0 2 11 1 2 3 0 2 3 0 2 3 1 2 7 0 2 11 0 2 3 0 2 7 1 2 7 5 30 3 0 2 7 0 2 3 0 2 1 0 2 7 12 16 2 5 30 3 0 2 7 0 2 3 0 2 7 0 2 3 8 9 2 8 9 2 5 30 3 16 19 11 0 2 3 6 2 7 16 6 2 0 2 3 0 2 7 8 18 2 16 6 2 16 19 11 0 2 7 5 30 3 5 30 3 16 6 2 0 2 3 17 9 2 12 16 2 16 19 1 5 30 3 0 64.6616986393928528

Current Evaluation = 9900(9900)
Front Size = 10
12 16 2 12 16 2 12 16 2 0 2 7 17 18 2 12 16 2 1 2 7 1 2 7 0 2 7 0 2 7 1 2 7 13 6 3 1 2 7 0 2 7 0 2 7 0 2 7 5 30 3 0 2 7 17 9 2 1 2 7 13 6 3 13 6 3 0 2 7 0 2 7 1 2 7 0 2 7 1 2 7 1 2 7 1 2 4 17 18 2 5 31 3 17 9 2 0 2 4 5 31 3 0 2 7 0 2 7 0 2 4 1 2 7 1 2 7 0 2 7 17 18 2 0 2 7 5 31 3 17 18 2 1 2 7 0 2 7 0 2 7 0 2 7 6 2 7 0 2 7 0 2 7 0 2 7 1 2 7 0 2 7 1 2 7 16 6 2 1 2 4 1 2 7 0 2 7 1 2 7 0 59.938682496547699
12 16 2 5 31 3 0 2 7 12 16 2 0 2 7 17 9 2 0 2 7 0 2 7 13 6 3 0 2 7 1 2 7 0 2 7 1 2 3 0 2 7 1 2 4 1 2 7 0 2 7 0 2 7 1 2 7 0 2 7 1 2 7 0 2 7 0 2 7 5 30 3 17 9 2 17 9 2 5 30 3 0 2 3 1 2 3 0 2 7 5 30 3 0 2 7 0 2 7 13 6 3 0 2 7 1 2 3 12 16 2 0 2 7 0 2 3 0 2 7 0 2 7 0 2 7 16 24 2 0 2 7 0 2 7 0 2 7 1 2 3 0 2 7 1 2 7 17 18 2 1 2 7 16 6 2 1 2 4 1 2 3 1 2 7 12 16 2 1 2 4 16 6 2 5 31 3 8 18 2 0 61.0341064929962158
12 16 2 12 16 2 12 16 2 1 2 7 17 18 2 12 16 2 0 2 4 1 2 11 0 2 7 1 2 7 0 2 7 0 2 7 0 2 7 17 9 2 1 2 7 13 6 3 0 2 7 0 2 7 0 2 7 0 2 4 1 2 7 0 2 7 5 30 3 17 9 2 5 30 3 1 2 4 0 2 7 1 2 4 0 2 7 0 2 7 1 2 7 1 2 7 0 2 7 13 6 3 5 31 3 5 30 3 1 2 7 0 2 7 0 2 7 12 16 2 0 2 7 1 2 7 5 31 3 6 2 4 1 2 7 1 2 7 0 2 4 17 9 2 0 2 7 1 2 7 0 2 7 0 2 7 17 18 2 1 2 7 13 6 3 17 18 2 0 2 4 16 30 2 0 2 4 0 2 4 0 60.2821714282035828
12 16 2 12 16 2 12 16 2 1 2 7 0 2 3 12 16 2 1 2 7 1 2 7 0 2 7 1 2 7 1 2 7 13 6 3 1 2 7 1 2 7 0 2 3 5 31 3 0 2 7 17 9 2 1 2 7 13 6 3 13 6 3 0 2 7 0 2 7 0 2 7 0 2 7 0 2 4 0 2 4 1 2 4 17 18 2 17 9 2 1 2 7 0 2 7 0 2 7 0 2 7 0 2 7 0 2 4 0 2 7 16 6 2 0 2 3 1 2 3 0 2 7 0 2 3 1 2 7 0 2 7 0 2 7 0 2 3 17 18 2 17 18 2 0 2 3 5 31 3 16 6 2 0 2 7 1 2 3 5 30 3 1 2 7 12 16 2 1 2 7 1 2 7 1 2 7 1 2 7 0 60.415474534034729
12 16 2 5 30 3 12 16 2 0 2 3 0 2 7 1 2 7 1 2 7 0 2 11 0 2 7 1 2 7 12 16 2 0 2 7 5 30 3 0 2 7 0 2 7 13 6 3 0 2 7 0 2 7 1 2 7 17 9 2 0 2 7 8 9 2 0 2 7 13 6 3 17 9 2 1 2 7 17 9 2 1 2 4 5 30 3 1 2 7 5 30 3 0 2 7 0 2 4 0 2 7 16 6 2 1 2 11 12 16 2 0 2 7 0 2 7 0 2 7 0 2 7 1 2 7 0 2 7 13 6 3 0 2 7 0 2 7 0 2 11 1 2 11 0 2 7 8 18 2 5 30 3 1 2 7 0 2 7 0 2 7 17 9 2 17 18 2 5 30 3 5 30 3 16 6 2 1 2 11 0 61.1975080966949463
12 16 2 12 16 2 12 16 2 1 2 7 17 18 2 12 16 2 1 2 7 1 2 7 0 2 7 1 2 4 1 2 7 13 6 3 1 2 7 0 2 10 0 2 7 0 2 7 5 30 3 0 2 4 17 9 2 1 2 7 13 6 3 13 6 3 0 2 7 0 2 7 0 2 7 0 2 7 1 2 7 0 2 7 1 2 7 17 18 2 5 30 3 17 9 2 1 2 7 0 2 4 0 2 7 5 30 3 0 2 7 0 2 4 0 2 7 0 2 7 0 2 7 0 2 7 0 2 7 0 2 7 0 2 7 0 2 7 1 2 4 0 2 7 0 2 7 5 30 3 0 2 7 17 18 2 5 30 3 17 18 2 8 18 2 12 16 2 17 1 2 1 2 4 1 2 4 5 30 3 0 60.652144193649292
12 16 2 5 30 3 12 16 2 1 2 7 0 2 7 1 2 7 0 2 3 0 2 7 12 16 2 12 16 2 0 2 7 0 2 7 0 2 7 0 2 7 1 2 7 1 2 7 0 2 7 17 9 2 1 2 7 1 2 7 13 6 3 0 2 7 17 9 2 0 2 7 0 2 7 17 18 2 0 2 7 13 6 3 0 2 7 0 2 7 0 2 7 1 2 7 0 2 7 5 30 3 0 2 7 0 2 7 5 30 3 8 18 2 0 2 7 0 2 7 5 31 3 0 2 4 16 15 2 17 18 2 16 30 2 0 2 3 0 2 7 1 2 7 0 2 7 13 6 3 17 9 2 0 2 7 0 2 7 1 2 4 1 2 7 5 30 3 1 2 7 5 30 3 1 2 7 1 2 7 0 60.6927022933959961
12 16 2 12 16 2 12 16 2 0 2 7 17 18 2 1 2 7 1 2 7 0 2 7 0 2 7 0 2 7 13 6 3 0 2 7 0 2 7 1 2 7 0 2 7 0 2 7 0 2 7 17 9 2 1 2 7 0 2 7 0 2 7 5 31 3 5 31 3 5 31 3 17 9 2 5 30 3 1 2 7 0 2 7 0 2 7 0 2 7 0 2 7 0 2 7 0 2 7 0 2 7 5 30 3 1 2 7 0 2 7 1 2 7 5 30 3 6 2 4 0 2 7 1 2 7 13 6 3 16 6 2 0 2 7 16 31 2 0 2 7 1 2 7 0 2 7 0 2 7 1 2 7 1 2 7 0 2 7 0 2 7 1 2 7 0 2 7 16 6 2 1 2 7 17 18 2 1 2 7 0 60.4633373618125916
12 16 2 5 30 3 12 16 2 0 2 4 0 2 7 0 2 7 1 2 7 1 2 3 0 2 7 0 2 11 0 2 3 0 2 7 0 2 11 0 2 11 0 2 4 12 16 2 0 2 3 0 2 11 12 16 2 0 2 3 5 30 3 0 2 11 0 2 7 0 2 7 0 2 7 0 2 4 1 2 4 1 2 7 1 2 11 1 2 7 0 2 7 1 2 3 17 9 2 1 2 7 1 2 3 8 18 2 16 6 2 1 2 7 13 6 3 1 2 4 0 2 4 17 9 2 0 2 7 1 2 7 17 18 2 17 18 2 1 2 3 1 2 7 17 18 2 5 30 3 8 18 2 1 2 7 13 6 3 0 2 7 5 30 3 0 2 3 0 2 7 0 2 4 16 6 2 5 30 3 0 61.6663577556610107
12 16 2 5 30 3 12 16 2 0 2 4 1 2 7 0 2 7 0 2 4 1 2 7 0 2 7 0 2 7 12 16 2 12 16 2 0 2 7 0 2 7 0 2 7 0 2 7 1 2 7 1 2 7 0 2 7 17 9 2 1 2 7 16 15 2 1 2 7 13 6 3 0 2 7 17 9 2 1 2 7 0 2 7 17 18 2 17 18 2 0 2 7 17 18 2 1 2 7 13 6 3 0 2 7 0 2 4 1 2 7 0 2 7 0 2 7 0 2 3 1 2 7 13 6 3 0 2 7 0 2 4 5 30 3 1 2 7 0 2 7 0 2 7 5 30 3 1 2 7 8 18 2 17 18 2 1 2 7 5 30 3 8 18 2 5 30 3 0 2 7 1 2 7 1 2 7 0 2 7 0 60.4130972623825073

Current Evaluation = 10800(10800)
Front Size = 10
12 16 2 12 16 2 12 16 2 1 2 4 17 18 2 12 16 2 0 2 7 0 2 7 1 2 7 0 2 7 1 2 7 0 2 7 17 9 2 1 2 4 13 6 3 0 2 7 0 2 7 0 2 7 0 2 7 1 2 7 0 2 7 5 30 3 17 9 2 0 2 7 0 2 7 0 2 7 1 2 7 1 2 7 0 2 4 13 6 3 1 2 7 0 2 7 0 2 7 0 2 4 1 2 4 0 2 4 0 2 7 13 6 3 17 18 2 13 6 3 17 18 2 1 2 7 1 2 7 1 2 7 1 2 7 0 2 7 17 18 2 1 2 4 1 2 7 1 2 4 0 2 7 12 16 2 1 2 7 5 31 3 0 2 7 5 30 3 0 2 7 17 9 2 5 30 3 0 2 7 0 59.7417813539505005
12 16 2 5 30 3 12 16 2 0 2 3 0 2 7 1 2 7 1 2 7 0 2 11 0 2 7 1 2 7 12 16 2 0 2 7 5 30 3 0 2 7 0 2 7 13 6 3 0 2 7 0 2 7 1 2 7 17 9 2 0 2 7 8 9 2 0 2 7 13 6 3 17 9 2 1 2 7 17 9 2 1 2 4 5 30 3 1 2 7 5 30 3 0 2 7 0 2 4 0 2 7 16 6 2 1 2 11 12 16 2 0 2 7 0 2 7 0 2 7 0 2 7 1 2 7 0 2 7 13 6 3 0 2 7 0 2 7 0 2 11 1 2 11 0 2 7 8 18 2 5 30 3 1 2 7 0 2 7 0 2 7 17 9 2 17 18 2 5 30 3 5 30 3 16 6 2 1 2 11 0 61.1975080966949463
12 16 2 12 16 2 12 16 2 1 2 7 1 2 7 16 6 2 0 2 7 0 2 7 1 2 7 0 2 7 1 2 7 0 2 7 17 9 2 13 6 3 0 2 7 5 31 3 0 2 7 0 2 3 1 2 7 0 2 7 5 30 3 17 9 2 0 2 7 0 2 7 0 2 7 1 2 7 0 2 7 0 2 7 1 2 7 0 2 7 0 2 7 0 2 7 13 6 3 17 18 2 0 2 7 1 2 7 1 2 7 1 2 7 1 2 7 1 2 7 0 2 7 12 16 2 1 2 7 5 31 3 0 2 7 5 31 3 0 2 7 17 9 2 0 2 7 0 2 7 16 6 2 0 2 7 0 2 7 1 2 7 13 6 3 17 18 2 1 2 7 0 2 7 1 2 7 1 2 7 0 60.0091503858566284
12 16 2 5 31 3 12 16 2 0 2 7 1 2 7 0 2 4 0 2 7 1 2 7 0 2 7 1 2 7 12 16 2 12 16 2 1 2 7 0 2 4 0 2 7 0 2 7 1 2 4 1 2 7 0 2 4 17 9 2 0 2 7 1 2 7 13 6 3 0 2 7 17 9 2 0 2 7 0 2 7 5 30 3 17 18 2 1 2 7 17 18 2 1 2 7 13 6 3 0 2 4 0 2 4 0 2 4 0 2 7 0 2 7 0 2 7 1 2 7 13 6 3 0 2 7 1 2 7 1 2 7 1 2 7 0 2 4 1 2 7 0 2 3 12 16 2 0 2 4 16 30 2 0 2 7 1 2 7 17 18 2 17 18 2 5 31 3 1 2 7 5 30 3 1 2 7 0 2 7 0 60.0450835227966309
12 16 2 0 2 7 12 16 2 0 2 7 17 9 2 0 2 3 0 2 7 13 6 3 0 2 4 1 2 4 0 2 11 1 2 10 1 2 7 0 2 7 1 2 7 0 2 7 1 2 11 1 2 4 0 2 7 0 2 4 5 30 3 17 9 2 5 30 3 0 2 4 0 2 7 5 30 3 1 2 7 0 2 4 13 6 3 0 2 7 12 16 2 0 2 7 0 2 7 0 2 7 0 2 4 17 18 2 0 2 4 1 2 4 5 31 3 17 18 2 1 2 4 1 2 7 6 2 7 17 18 2 1 2 7 0 2 7 0 2 7 0 2 7 1 2 4 5 31 3 0 2 7 0 2 4 0 2 7 1 2 7 17 18 2 6 2 7 1 2 7 1 2 11 17 18 2 1 2 7 0 60.7163236141204834
12 16 2 5 30 3 12 16 2 0 2 4 0 2 7 0 2 7 1 2 7 1 2 3 0 2 7 0 2 11 0 2 3 0 2 7 0 2 11 0 2 11 0 2 4 12 16 2 0 2 3 0 2 11 12 16 2 0 2 3 5 30 3 0 2 11 0 2 7 0 2 7 0 2 7 0 2 4 1 2 4 1 2 7 1 2 11 1 2 7 0 2 7 1 2 3 17 9 2 1 2 7 1 2 3 8 18 2 16 6 2 1 2 7 13 6 3 1 2 4 0 2 4 17 9 2 0 2 7 1 2 7 17 18 2 17 18 2 1 2 3 1 2 7 17 18 2 5 30 3 8 18 2 1 2 7 13 6 3 0 2 7 5 30 3 0 2 3 0 2 7 0 2 4 16 6 2 5 30 3 0 61.6663577556610107
12 16 2 5 30 3 12 16 2 0 2 4 1 2 7 0 2 7 0 2 4 1 2 7 0 2 7 0 2 7 12 16 2 12 16 2 0 2 7 0 2 7 0 2 7 0 2 7 1 2 7 1 2 7 0 2 7 17 9 2 1 2 7 16 15 2 1 2 7 13 6 3 0 2 7 17 9 2 1 2 7 0 2 7 17 18 2 17 18 2 0 2 7 17 18 2 1 2 7 13 6 3 0 2 7 0 2 4 1 2 7 0 2 7 0 2 7 0 2 3 1 2 7 13 6 3 0 2 7 0 2 4 5 30 3 1 2 7 0 2 7 0 2 7 5 30 3 1 2 7 8 18 2 17 18 2 1 2 7 5 30 3 8 18 2 5 30 3 0 2 7 1 2 7 1 2 7 0 2 7 0 60.4130972623825073
12 16 2 12 16 2 12 16 2 1 2 7 0 2 3 12 16 2 1 2 7 1 2 7 0 2 7 1 2 7 1 2 7 13 6 3 1 2 7 1 2 7 0 2 3 5 31 3 0 2 7 17 9 2 1 2 7 13 6 3 13 6 3 0 2 7 0 2 7 0 2 7 0 2 7 0 2 4 0 2 4 1 2 4 17 18 2 17 9 2 1 2 7 0 2 7 0 2 7 0 2 7 0 2 7 0 2 4 0 2 7 16 6 2 0 2 3 1 2 3 0 2 7 0 2 3 1 2 7 0 2 7 0 2 7 0 2 3 17 18 2 17 18 2 0 2 3 5 31 3 16 6 2 0 2 7 1 2 3 5 30 3 1 2 7 12 16 2 1 2 7 1 2 7 1 2 7 1 2 7 0 60.415474534034729
12 16 2 5 31 3 12 16 2 0 2 7 0 2 7 1 2 7 1 2 3 0 2 7 12 16 2 5 30 3 0 2 7 0 2 7 0 2 4 0 2 7 1 2 3 0 2 7 17 9 2 1 2 3 16 6 2 0 2 7 13 6 3 8 9 2 0 2 7 0 2 7 17 18 2 17 18 2 1 2 3 5 30 3 1 2 7 13 6 3 1 2 7 17 1 2 16 30 2 0 2 7 0 2 7 0 2 3 1 2 7 0 2 7 1 2 7 1 2 7 0 2 7 0 2 3 12 16 2 0 2 3 0 2 7 0 2 7 1 2 7 1 2 7 0 2 7 1 2 3 0 2 7 0 2 7 0 2 7 1 2 7 17 18 2 0 2 7 1 2 7 0 2 7 5 30 3 5 30 3 0 61.0581104755401611
12 16 2 12 16 2 12 16 2 0 2 7 17 18 2 1 2 7 1 2 7 0 2 7 0 2 7 0 2 7 13 6 3 0 2 7 0 2 7 1 2 7 0 2 7 0 2 7 0 2 7 17 9 2 1 2 7 0 2 7 0 2 7 5 31 3 5 31 3 5 31 3 17 9 2 5 30 3 1 2 7 0 2 7 0 2 7 0 2 7 0 2 7 0 2 7 0 2 7 0 2 7 5 30 3 1 2 7 0 2 7 1 2 7 5 30 3 6 2 4 0 2 7 1 2 7 13 6 3 16 6 2 0 2 7 16 31 2 0 2 7 1 2 7 0 2 7 0 2 7 1 2 7 1 2 7 0 2 7 0 2 7 1 2 7 0 2 7 16 6 2 1 2 7 17 18 2 1 2 7 0 60.4633373618125916

Current Evaluation = 11700(11700)
Front Size = 10
12 16 2 12 16 2 12 16 2 1 2 4 17 18 2 12 16 2 0 2 7 0 2 7 1 2 7 0 2 7 1 2 7 0 2 7 17 9 2 1 2 4 13 6 3 0 2 7 0 2 7 0 2 7 0 2 7 1 2 7 0 2 7 5 30 3 17 9 2 0 2 7 0 2 7 0 2 7 1 2 7 1 2 7 0 2 4 13 6 3 1 2 7 0 2 7 0 2 7 0 2 4 1 2 4 0 2 4 0 2 7 13 6 3 17 18 2 13 6 3 17 18 2 1 2 7 1 2 7 1 2 7 1 2 7 0 2 7 17 18 2 1 2 4 1 2 7 1 2 4 0 2 7 12 16 2 1 2 7 5 31 3 0 2 7 5 30 3 0 2 7 17 9 2 5 30 3 0 2 7 0 59.7417813539505005
12 16 2 12 16 2 12 16 2 1 2 7 0 2 3 12 16 2 1 2 7 1 2 7 0 2 7 1 2 7 1 2 7 13 6 3 1 2 7 1 2 7 0 2 3 5 31 3 0 2 7 17 9 2 1 2 7 13 6 3 13 6 3 0 2 7 0 2 7 0 2 7 0 2 7 0 2 4 0 2 4 1 2 4 17 18 2 17 9 2 1 2 7 0 2 7 0 2 7 0 2 7 0 2 7 0 2 4 0 2 7 16 6 2 0 2 3 1 2 3 0 2 7 0 2 3 1 2 7 0 2 7 0 2 7 0 2 3 17 18 2 17 18 2 0 2 3 5 31 3 16 6 2 0 2 7 1 2 3 5 30 3 1 2 7 12 16 2 1 2 7 1 2 7 1 2 7 1 2 7 0 60.415474534034729
12 16 2 12 16 2 12 16 2 1 2 7 0 2 7 12 16 2 0 2 3 1 2 7 0 2 7 1 2 7 1 2 7 13 6 3 1 2 7 1 2 7 5 31 3 0 2 7 17 9 2 1 2 7 13 6 3 13 6 3 0 2 7 0 2 7 0 2 7 0 2 7 1 2 3 0 2 7 1 2 7 17 18 2 17 9 2 1 2 7 0 2 7 0 2 7 1 2 7 0 2 7 0 2 7 0 2 7 0 2 7 1 2 3 0 2 7 0 2 7 17 18 2 17 18 2 5 31 3 0 2 7 0 2 7 0 2 7 12 16 2 1 2 7 1 2 7 0 2 7 1 2 7 1 2 4 16 6 2 1 2 4 5 31 3 1 2 7 0 2 7 0 2 7 16 6 2 0 2 7 0 60.0557534694671631
12 16 2 5 31 3 12 16 2 0 2 7 1 2 7 0 2 4 0 2 7 1 2 7 0 2 7 1 2 7 12 16 2 12 16 2 1 2 7 0 2 4 0 2 7 0 2 7 1 2 4 1 2 7 0 2 4 17 9 2 0 2 7 1 2 7 13 6 3 0 2 7 17 9 2 0 2 7 0 2 7 5 30 3 17 18 2 1 2 7 17 18 2 1 2 7 13 6 3 0 2 4 0 2 4 0 2 4 0 2 7 0 2 7 0 2 7 1 2 7 13 6 3 0 2 7 1 2 7 1 2 7 1 2 7 0 2 4 1 2 7 0 2 3 12 16 2 0 2 4 16 30 2 0 2 7 1 2 7 17 18 2 17 18 2 5 31 3 1 2 7 5 30 3 1 2 7 0 2 7 0 60.0450835227966309
12 16 2 5 31 3 12 16 2 0 2 7 1 2 7 0 2 3 0 2 3 1 2 7 0 2 7 1 2 7 12 16 2 1 2 7 0 2 4 0 2 7 0 2 7 1 2 4 1 2 7 0 2 4 17 9 2 0 2 3 1 2 7 13 6 3 0 2 7 17 9 2 0 2 7 0 2 7 5 30 3 17 18 2 1 2 7 17 18 2 1 2 7 13 6 3 0 2 4 0 2 4 0 2 4 0 2 7 0 2 7 0 2 7 1 2 7 13 6 3 0 2 7 1 2 7 1 2 7 1 2 7 0 2 4 0 2 7 17 18 2 17 18 2 5 30 3 0 2 7 1 2 4 1 2 4 1 2 3 0 2 7 5 30 3 17 18 2 1 2 11 0 2 7 1 2 7 1 2 7 0 60.1468725204467773
12 16 2 5 31 3 12 16 2 0 2 7 0 2 7 1 2 7 1 2 3 0 2 7 12 16 2 5 30 3 0 2 7 0 2 7 0 2 4 0 2 7 1 2 3 0 2 7 17 9 2 1 2 3 16 6 2 0 2 7 13 6 3 8 9 2 0 2 7 0 2 7 17 18 2 17 18 2 1 2 3 5 30 3 1 2 7 13 6 3 1 2 7 17 1 2 16 30 2 0 2 7 0 2 7 0 2 3 1 2 7 0 2 7 1 2 7 1 2 7 0 2 7 0 2 3 12 16 2 0 2 3 0 2 7 0 2 7 1 2 7 1 2 7 0 2 7 1 2 3 0 2 7 0 2 7 0 2 7 1 2 7 17 18 2 0 2 7 1 2 7 0 2 7 5 30 3 5 30 3 0 61.0581104755401611
12 16 2 12 16 2 12 16 2 1 2 3 0 2 7 6 2 4 1 2 7 0 2 7 1 2 7 1 2 7 13 6 3 0 2 7 12 16 2 5 31 3 0 2 7 17 9 2 1 2 7 13 6 3 1 2 7 0 2 7 0 2 4 0 2 4 0 2 7 0 2 11 1 2 7 17 18 2 17 9 2 0 2 3 0 2 7 0 2 7 0 2 7 0 2 7 0 2 7 0 2 3 0 2 7 0 2 7 17 18 2 17 18 2 5 31 3 0 2 7 5 30 3 0 2 4 1 2 7 13 6 3 1 2 7 16 6 2 0 2 7 17 18 2 1 2 7 1 2 7 0 2 4 0 2 7 5 30 3 1 2 7 1 2 7 1 2 11 0 2 7 1 2 7 1 2 7 1 2 7 0 60.3176035284996033
12 16 2 5 30 3 12 16 2 0 2 7 1 2 7 1 2 7 0 2 7 0 2 7 0 2 3 0 2 7 12 16 2 12 16 2 0 2 7 0 2 7 1 2 7 0 2 7 0 2 7 1 2 7 0 2 7 12 16 2 1 2 7 1 2 7 13 6 3 1 2 7 17 9 2 1 2 7 1 2 7 5 31 3 17 18 2 0 2 7 17 18 2 0 2 7 13 6 3 0 2 7 0 2 7 1 2 7 0 2 7 0 2 7 1 2 7 0 2 7 13 6 3 0 2 7 1 2 7 0 2 4 1 2 7 1 2 7 0 2 3 16 6 2 0 2 7 5 30 3 0 2 3 16 6 2 0 2 7 16 31 2 17 18 2 5 31 3 1 2 7 0 2 7 0 2 4 12 16 2 0 60.3666822910308838
12 16 2 0 2 7 12 16 2 0 2 7 17 9 2 0 2 4 0 2 7 13 6 3 0 2 4 1 2 7 0 2 7 1 2 7 0 2 7 0 2 7 1 2 7 5 30 3 5 30 3 0 2 3 1 2 7 13 6 3 0 2 4 1 2 7 1 2 7 0 2 7 0 2 7 17 18 2 5 30 3 17 18 2 1 2 7 17 18 2 0 2 7 0 2 7 0 2 3 0 2 7 5 31 3 1 2 7 0 2 7 1 2 7 1 2 7 1 2 7 8 9 2 0 2 7 0 2 7 1 2 7 1 2 4 0 2 7 0 2 7 0 2 7 0 2 7 1 2 7 17 1 2 1 2 7 1 2 4 0 2 3 12 16 2 0 2 7 17 18 2 1 2 7 1 2 7 17 18 2 0 60.3709725141525269
12 16 2 12 16 2 0 2 7 0 2 7 1 2 7 0 2 7 12 16 2 5 31 3 1 2 7 1 2 7 0 2 4 0 2 7 1 2 4 17 9 2 12 16 2 13 6 3 0 2 7 1 2 7 17 18 2 17 18 2 1 2 4 1 2 7 13 6 3 0 2 7 0 2 7 1 2 7 0 2 7 1 2 7 0 2 7 0 2 7 1 2 7 0 2 4 12 16 2 1 2 4 0 2 7 0 2 4 0 2 7 1 2 7 1 2 4 0 2 4 0 2 4 17 18 2 1 2 7 5 30 3 5 31 3 0 2 7 17 18 2 5 31 3 1 2 4 0 2 7 1 2 7 1 2 4 13 6 3 17 18 2 0 2 4 17 9 2 0 2 7 0 2 7 0 2 7 0 2 7 0 60.2245305776596069

Current Evaluation = 12600(12600)
Front Size = 10
12 16 2 12 16 2 12 16 2 1 2 7 12 16 2 1 2 7 0 2 7 0 2 7 0 2 7 13 6 3 1 2 7 0 2 7 5 31 3 1 2 7 17 9 2 0 2 7 13 6 3 13 6 3 0 2 7 1 2 7 0 2 7 0 2 7 1 2 7 5 31 3 17 18 2 17 9 2 1 2 7 1 2 7 1 2 7 0 2 7 1 2 7 0 2 7 16 6 2 1 2 7 0 2 7 0 2 7 17 18 2 17 18 2 5 31 3 0 2 7 1 2 7 1 2 7 1 2 7 1 2 7 0 2 7 0 2 4 1 2 7 17 18 2 0 2 7 0 2 7 0 2 4 0 2 7 1 2 7 0 2 7 1 2 7 0 2 7 0 2 4 0 2 7 1 2 7 0 2 7 0 59.7211945056915283
12 16 2 5 31 3 12 16 2 0 2 7 0 2 7 1 2 7 1 2 3 0 2 7 12 16 2 5 30 3 0 2 7 0 2 7 0 2 4 0 2 7 1 2 3 0 2 7 17 9 2 1 2 3 16 6 2 0 2 7 13 6 3 8 9 2 0 2 7 0 2 7 17 18 2 17 18 2 1 2 3 5 30 3 1 2 7 13 6 3 1 2 7 17 1 2 16 30 2 0 2 7 0 2 7 0 2 3 1 2 7 0 2 7 1 2 7 1 2 7 0 2 7 0 2 3 12 16 2 0 2 3 0 2 7 0 2 7 1 2 7 1 2 7 0 2 7 1 2 3 0 2 7 0 2 7 0 2 7 1 2 7 17 18 2 0 2 7 1 2 7 0 2 7 5 30 3 5 30 3 0 61.0581104755401611
12 16 2 12 16 2 12 16 2 1 2 4 17 18 2 12 16 2 0 2 7 0 2 7 1 2 7 0 2 7 1 2 7 0 2 7 17 9 2 1 2 4 13 6 3 0 2 7 0 2 7 0 2 7 0 2 7 1 2 7 0 2 7 5 30 3 17 9 2 0 2 7 0 2 7 0 2 7 1 2 7 1 2 7 0 2 4 13 6 3 1 2 7 0 2 7 0 2 7 0 2 4 1 2 4 0 2 4 0 2 7 13 6 3 17 18 2 13 6 3 17 18 2 1 2 7 1 2 7 1 2 7 1 2 7 0 2 7 17 18 2 1 2 4 1 2 7 1 2 4 0 2 7 12 16 2 1 2 7 5 31 3 0 2 7 5 30 3 0 2 7 17 9 2 5 30 3 0 2 7 0 59.7417813539505005
12 16 2 12 16 2 12 16 2 1 2 7 0 2 3 12 16 2 1 2 7 1 2 7 0 2 7 1 2 7 1 2 7 13 6 3 1 2 7 1 2 7 0 2 3 5 31 3 0 2 7 17 9 2 1 2 7 13 6 3 13 6 3 0 2 7 0 2 7 0 2 7 0 2 7 0 2 4 0 2 4 1 2 4 17 18 2 17 9 2 1 2 7 0 2 7 0 2 7 0 2 7 0 2 7 0 2 4 0 2 7 16 6 2 0 2 3 1 2 3 0 2 7 0 2 3 1 2 7 0 2 7 0 2 7 0 2 3 17 18 2 17 18 2 0 2 3 5 31 3 16 6 2 0 2 7 1 2 3 5 30 3 1 2 7 12 16 2 1 2 7 1 2 7 1 2 7 1 2 7 0 60.415474534034729
12 16 2 5 31 3 12 16 2 0 2 7 1 2 7 0 2 3 0 2 3 1 2 7 0 2 7 1 2 7 12 16 2 1 2 7 0 2 4 0 2 7 0 2 7 1 2 4 1 2 7 0 2 4 17 9 2 0 2 3 1 2 7 13 6 3 0 2 7 17 9 2 0 2 7 0 2 7 5 30 3 17 18 2 1 2 7 17 18 2 1 2 7 13 6 3 0 2 4 0 2 4 0 2 4 0 2 7 0 2 7 0 2 7 1 2 7 13 6 3 0 2 7 1 2 7 1 2 7 1 2 7 0 2 4 0 2 7 17 18 2 17 18 2 5 30 3 0 2 7 1 2 4 1 2 4 1 2 3 0 2 7 5 30 3 17 18 2 1 2 11 0 2 7 1 2 7 1 2 7 0 60.1468725204467773
12 16 2 12 16 2 12 16 2 0 2 4 0 2 7 12 16 2 1 2 7 1 2 7 0 2 4 5 30 3 0 2 7 13 6 3 1 2 7 1 2 7 0 2 7 5 31 3 6 2 7 17 9 2 0 2 7 13 6 3 13 6 3 1 2 7 1 2 7 0 2 7 0 2 7 6 2 7 0 2 4 17 18 2 0 2 7 1 2 7 1 2 4 0 2 4 0 2 7 0 2 7 16 6 2 0 2 4 0 2 7 0 2 7 1 2 7 1 2 7 17 18 2 17 18 2 5 30 3 16 6 2 0 2 7 5 31 3 0 2 7 12 16 2 0 2 7 1 2 7 0 2 7 1 2 7 0 2 7 17 9 2 5 31 3 12 16 2 0 2 7 0 2 4 0 2 7 1 2 7 0 60.3490793704986572
12 16 2 5 30 3 12 16 2 0 2 7 1 2 7 1 2 7 0 2 7 0 2 7 0 2 3 0 2 7 12 16 2 12 16 2 0 2 7 0 2 7 1 2 7 0 2 7 0 2 7 1 2 7 0 2 7 12 16 2 1 2 7 1 2 7 13 6 3 1 2 7 17 9 2 1 2 7 1 2 7 5 31 3 17 18 2 0 2 7 17 18 2 0 2 7 13 6 3 0 2 7 0 2 7 1 2 7 0 2 7 0 2 7 1 2 7 0 2 7 13 6 3 0 2 7 1 2 7 0 2 4 1 2 7 1 2 7 0 2 3 16 6 2 0 2 7 5 30 3 0 2 3 16 6 2 0 2 7 16 31 2 17 18 2 5 31 3 1 2 7 0 2 7 0 2 4 12 16 2 0 60.3666822910308838
12 16 2 5 31 3 12 16 2 0 2 7 0 2 7 1 2 7 1 2 7 0 2 4 12 16 2 5 30 3 0 2 7 0 2 7 0 2 7 0 2 7 1 2 7 0 2 3 17 9 2 1 2 3 16 15 2 0 2 7 13 6 3 8 9 2 13 6 3 0 2 7 17 18 2 17 18 2 6 2 7 5 30 3 1 2 7 13 6 3 1 2 7 17 18 2 16 6 2 0 2 7 0 2 7 0 2 3 1 2 7 0 2 7 1 2 7 1 2 7 0 2 4 0 2 3 12 16 2 0 2 7 0 2 7 0 2 7 1 2 7 1 2 7 0 2 4 1 2 7 0 2 3 0 2 7 0 2 7 1 2 7 17 18 2 0 2 4 12 16 2 0 2 7 5 30 3 5 30 3 0 60.8509753346443176
12 16 2 12 16 2 12 16 2 1 2 7 12 16 2 1 2 3 1 2 7 0 2 7 0 2 7 1 2 7 13 6 3 1 2 7 0 2 4 5 31 3 0 2 7 17 9 2 1 2 7 13 6 3 13 6 3 0 2 7 0 2 7 0 2 7 0 2 7 1 2 7 0 2 7 1 2 3 17 18 2 17 9 2 1 2 7 0 2 7 0 2 7 0 2 7 1 2 7 0 2 7 16 6 2 0 2 4 1 2 7 0 2 7 0 2 7 17 18 2 17 18 2 5 31 3 0 2 7 5 30 3 1 2 3 0 2 4 1 2 7 1 2 7 1 2 7 1 2 4 1 2 7 0 2 7 0 2 4 1 2 7 17 18 2 0 2 7 0 2 7 0 2 7 1 2 3 0 2 7 0 59.9809155464172363
12 16 2 12 16 2 12 16 2 0 2 7 1 2 7 12 16 2 1 2 7 1 2 7 0 2 7 1 2 7 0 2 7 13 6 3 1 2 7 1 2 7 0 2 7 5 31 3 1 2 7 17 9 2 1 2 7 13 6 3 13 6 3 0 2 7 0 2 3 0 2 3 0 2 7 0 2 7 0 2 7 17 18 2 0 2 7 0 2 7 0 2 3 0 2 7 0 2 7 0 2 7 1 2 7 16 30 2 1 2 7 1 2 7 0 2 7 1 2 3 1 2 7 0 2 7 0 2 7 17 18 2 17 18 2 1 2 7 5 30 3 0 2 7 16 15 2 0 2 7 1 2 3 0 2 7 17 9 2 0 2 7 5 31 3 0 2 7 1 2 7 1 2 7 0 2 3 5 30 3 0 60.5162345170974731

Current Evaluation = 13500(13500)
Front Size = 10
12 16 2 5 31 3 12 16 2 0 2 4 1 2 7 0 2 7 1 2 7 12 16 2 1 2 7 0 2 7 0 2 7 1 2 7 0 2 7 17 9 2 0 2 7 13 6 3 0 2 7 17 9 2 1 2 7 0 2 7 17 18 2 0 2 7 17 18 2 13 6 3 0 2 7 0 2 7 0 2 7 0 2 7 0 2 7 13 6 3 0 2 7 0 2 7 1 2 7 1 2 7 1 2 7 17 18 2 17 18 2 0 2 7 0 2 7 1 2 7 1 2 7 1 2 4 5 31 3 0 2 7 1 2 4 1 2 7 1 2 7 1 2 7 12 16 2 16 6 2 1 2 7 0 2 7 0 2 7 1 2 7 0 2 7 0 2 7 5 31 3 1 2 7 0 2 7 1 2 7 0 59.7211945056915283
12 16 2 5 31 3 12 16 2 0 2 7 1 2 7 0 2 3 0 2 3 1 2 7 0 2 7 1 2 7 12 16 2 1 2 7 0 2 4 0 2 7 0 2 7 1 2 4 1 2 7 0 2 4 17 9 2 0 2 3 1 2 7 13 6 3 0 2 7 17 9 2 0 2 7 0 2 7 5 30 3 17 18 2 1 2 7 17 18 2 1 2 7 13 6 3 0 2 4 0 2 4 0 2 4 0 2 7 0 2 7 0 2 7 1 2 7 13 6 3 0 2 7 1 2 7 1 2 7 1 2 7 0 2 4 0 2 7 17 18 2 17 18 2 5 30 3 0 2 7 1 2 4 1 2 4 1 2 3 0 2 7 5 30 3 17 18 2 1 2 11 0 2 7 1 2 7 1 2 7 0 60.1468725204467773
12 16 2 12 16 2 12 16 2 1 2 4 17 18 2 12 16 2 0 2 7 0 2 7 1 2 7 0 2 7 1 2 7 0 2 7 17 9 2 1 2 4 13 6 3 0 2 7 0 2 7 0 2 7 0 2 7 1 2 7 0 2 7 5 30 3 17 9 2 0 2 7 0 2 7 0 2 7 1 2 7 1 2 7 0 2 4 13 6 3 1 2 7 0 2 7 0 2 7 0 2 4 1 2 4 0 2 4 0 2 7 13 6 3 17 18 2 13 6 3 17 18 2 1 2 7 1 2 7 1 2 7 1 2 7 0 2 7 17 18 2 1 2 4 1 2 7 1 2 4 0 2 7 12 16 2 1 2 7 5 31 3 0 2 7 5 30 3 0 2 7 17 9 2 5 30 3 0 2 7 0 59.7417813539505005
12 16 2 5 31 3 12 16 2 0 2 7 1 2 7 1 2 3 0 2 7 1 2 7 12 16 2 1 2 4 0 2 7 0 2 3 0 2 7 1 2 7 0 2 4 17 9 2 1 2 7 13 6 3 0 2 7 17 9 2 0 2 7 0 2 7 17 18 2 1 2 7 17 18 2 0 2 3 13 6 3 0 2 7 0 2 7 0 2 7 0 2 7 1 2 7 13 6 3 0 2 7 1 2 7 1 2 7 1 2 7 0 2 7 17 18 2 17 18 2 0 2 4 0 2 7 0 2 7 1 2 7 1 2 7 5 31 3 0 2 7 1 2 4 1 2 7 1 2 7 0 2 3 0 2 4 1 2 7 5 30 3 1 2 7 12 16 2 16 6 2 1 2 7 0 2 7 0 2 7 0 59.9809155464172363
12 16 2 12 16 2 12 16 2 0 2 4 0 2 7 12 16 2 1 2 7 1 2 7 0 2 4 5 30 3 0 2 7 13 6 3 1 2 7 1 2 7 0 2 7 5 31 3 6 2 7 17 9 2 0 2 7 13 6 3 13 6 3 1 2 7 1 2 7 0 2 7 0 2 7 6 2 7 0 2 4 17 18 2 0 2 7 1 2 7 1 2 4 0 2 4 0 2 7 0 2 7 16 6 2 0 2 4 0 2 7 0 2 7 1 2 7 1 2 7 17 18 2 17 18 2 5 30 3 16 6 2 0 2 7 5 31 3 0 2 7 12 16 2 0 2 7 1 2 7 0 2 7 1 2 7 0 2 7 17 9 2 5 31 3 12 16 2 0 2 7 0 2 4 0 2 7 1 2 7 0 60.3490793704986572
12 16 2 0 2 7 12 16 2 0 2 7 1 2 7 1 2 7 1 2 4 12 16 2 0 2 7 0 2 7 0 2 7 0 2 7 17 9 2 0 2 7 13 6 3 0 2 7 17 9 2 0 2 7 0 2 7 17 18 2 1 2 7 17 18 2 13 6 3 0 2 7 0 2 7 0 2 7 0 2 7 1 2 7 13 6 3 0 2 7 1 2 4 0 2 7 1 2 7 0 2 7 17 18 2 17 18 2 0 2 7 0 2 7 0 2 7 1 2 7 1 2 7 5 31 3 0 2 7 1 2 7 1 2 7 0 2 7 1 2 7 1 2 7 12 16 2 16 6 2 1 2 4 0 2 7 5 31 3 1 2 7 1 2 7 1 2 4 5 31 3 6 2 7 0 2 7 5 30 3 0 59.938682496547699
12 16 2 5 30 3 12 16 2 0 2 7 0 2 7 0 2 7 5 31 3 5 30 3 0 2 7 0 2 7 0 2 4 0 2 7 17 9 2 13 6 3 1 2 7 0 2 4 17 18 2 17 18 2 0 2 4 13 6 3 1 2 7 0 2 7 0 2 4 0 2 11 1 2 7 0 2 7 0 2 4 12 16 2 0 2 7 1 2 7 1 2 7 0 2 7 0 2 7 0 2 7 1 2 7 17 18 2 0 2 4 1 2 7 0 2 7 1 2 7 1 2 4 1 2 7 17 9 2 17 9 2 1 2 7 0 2 7 5 30 3 0 2 7 6 2 7 1 2 7 16 31 2 1 2 4 1 2 7 12 16 2 0 2 7 12 16 2 0 2 4 1 2 7 13 6 3 5 30 3 0 60.2821714282035828
12 16 2 5 31 3 12 16 2 0 2 7 0 2 7 1 2 7 1 2 3 0 2 7 12 16 2 5 30 3 0 2 7 0 2 7 0 2 4 0 2 7 1 2 3 0 2 7 17 9 2 1 2 3 16 6 2 0 2 7 13 6 3 8 9 2 0 2 7 0 2 7 17 18 2 17 18 2 1 2 3 5 30 3 1 2 7 13 6 3 1 2 7 17 1 2 16 30 2 0 2 7 0 2 7 0 2 3 1 2 7 0 2 7 1 2 7 1 2 7 0 2 7 0 2 3 12 16 2 0 2 3 0 2 7 0 2 7 1 2 7 1 2 7 0 2 7 1 2 3 0 2 7 0 2 7 0 2 7 1 2 7 17 18 2 0 2 7 1 2 7 0 2 7 5 30 3 5 30 3 0 61.0581104755401611
12 16 2 5 30 3 12 16 2 16 31 2 1 2 7 1 2 7 0 2 7 0 2 7 0 2 7 0 2 7 12 16 2 0 2 7 0 2 7 1 2 7 1 2 7 0 2 7 1 2 7 0 2 7 1 2 7 1 2 7 13 6 3 0 2 7 17 9 2 1 2 7 1 2 7 5 31 3 17 18 2 0 2 7 17 18 2 0 2 7 13 6 3 0 2 7 0 2 7 1 2 7 0 2 7 0 2 7 0 2 7 13 6 3 1 2 7 0 2 7 0 2 7 1 2 7 0 2 7 5 30 3 0 2 7 17 18 2 0 2 7 12 16 2 17 9 2 1 2 7 0 2 7 1 2 4 1 2 7 0 2 11 1 2 7 16 31 2 1 2 7 5 30 3 0 2 7 12 16 2 0 60.0657943487167358
12 16 2 5 30 3 12 16 2 0 2 7 0 2 7 0 2 7 5 31 3 5 30 3 0 2 7 0 2 7 0 2 4 0 2 7 17 9 2 13 6 3 1 2 7 0 2 4 17 18 2 17 18 2 0 2 4 13 6 3 1 2 7 0 2 7 1 2 4 0 2 7 12 16 2 0 2 7 1 2 7 1 2 7 0 2 7 0 2 7 0 2 7 6 2 7 17 18 2 0 2 7 1 2 7 0 2 7 1 2 7 1 2 4 1 2 7 17 9 2 17 9 2 1 2 7 0 2 7 5 30 3 0 2 7 1 2 7 1 2 7 12 16 2 13 6 3 0 2 7 1 2 4 0 2 7 12 16 2 0 2 7 0 2 7 1 2 7 0 2 4 8 9 2 5 30 3 5 30 3 0 60.7784612774848938

Current Evaluation = 14400(14400)
Front Size = 10
12 16 2 5 31 3 12 16 2 0 2 7 0 2 7 0 2 7 5 31 3 1 2 7 0 2 7 1 2 7 0 2 7 17 9 2 13 6 3 1 2 4 17 18 2 17 18 2 13 6 3 1 2 7 0 2 7 0 2 7 1 2 7 0 2 7 12 16 2 0 2 7 1 2 7 0 2 7 0 2 7 0 2 4 0 2 7 17 18 2 1 2 7 0 2 7 1 2 7 0 2 7 1 2 7 17 9 2 1 2 4 1 2 7 5 31 3 0 2 7 1 2 7 1 2 7 0 2 7 13 6 3 1 2 7 0 2 7 0 2 7 0 2 7 1 2 7 1 2 7 0 2 7 0 2 7 16 6 2 12 16 2 17 18 2 0 2 7 1 2 7 1 2 7 1 2 7 0 2 7 0 59.7211945056915283
12 16 2 5 30 3 12 16 2 0 2 7 0 2 7 0 2 7 5 31 3 5 30 3 0 2 4 0 2 4 0 2 4 17 9 2 13 6 3 1 2 4 17 18 2 17 18 2 13 6 3 1 2 7 0 2 7 0 2 7 1 2 4 0 2 7 12 16 2 0 2 7 1 2 7 1 2 7 0 2 7 0 2 7 0 2 7 0 2 4 17 18 2 1 2 7 0 2 7 1 2 7 1 2 7 1 2 7 17 9 2 1 2 7 0 2 7 5 30 3 0 2 7 1 2 7 1 2 7 12 16 2 0 2 7 12 16 2 1 2 7 13 6 3 0 2 7 0 2 4 17 9 2 1 2 7 0 2 7 1 2 4 1 2 7 17 18 2 13 6 3 0 2 7 1 2 7 0 2 7 0 59.7417813539505005
12 16 2 5 31 3 12 16 2 0 2 7 0 2 7 1 2 7 1 2 3 0 2 7 12 16 2 5 30 3 0 2 7 0 2 7 0 2 4 0 2 7 1 2 3 0 2 7 17 9 2 1 2 3 16 6 2 0 2 7 13 6 3 8 9 2 0 2 7 0 2 7 17 18 2 17 18 2 1 2 3 5 30 3 1 2 7 13 6 3 1 2 7 17 1 2 16 30 2 0 2 7 0 2 7 0 2 3 1 2 7 0 2 7 1 2 7 1 2 7 0 2 7 0 2 3 12 16 2 0 2 3 0 2 7 0 2 7 1 2 7 1 2 7 0 2 7 1 2 3 0 2 7 0 2 7 0 2 7 1 2 7 17 18 2 0 2 7 1 2 7 0 2 7 5 30 3 5 30 3 0 61.0581104755401611
12 16 2 12 16 2 12 16 2 0 2 4 0 2 7 12 16 2 1 2 7 1 2 7 0 2 4 5 30 3 0 2 7 13 6 3 1 2 7 1 2 7 0 2 7 5 31 3 6 2 7 17 9 2 0 2 7 13 6 3 13 6 3 1 2 7 1 2 7 0 2 7 0 2 7 6 2 7 0 2 4 17 18 2 0 2 7 1 2 7 1 2 4 0 2 4 0 2 7 0 2 7 16 6 2 0 2 4 0 2 7 0 2 7 1 2 7 1 2 7 17 18 2 17 18 2 5 30 3 16 6 2 0 2 7 5 31 3 0 2 7 12 16 2 0 2 7 1 2 7 0 2 7 1 2 7 0 2 7 17 9 2 5 31 3 12 16 2 0 2 7 0 2 4 0 2 7 1 2 7 0 60.3490793704986572
12 16 2 5 31 3 12 16 2 0 2 7 1 2 7 1 2 7 0 2 7 1 2 7 12 16 2 1 2 7 0 2 7 0 2 7 1 2 4 1 2 7 17 9 2 1 2 7 13 6 3 0 2 7 17 9 2 0 2 7 0 2 7 5 30 3 17 18 2 1 2 7 17 18 2 1 2 7 13 6 3 0 2 7 0 2 7 0 2 7 1 2 7 13 6 3 0 2 7 1 2 7 1 2 7 1 2 7 0 2 7 17 18 2 5 30 3 0 2 7 0 2 7 5 30 3 0 2 7 1 2 7 1 2 7 0 2 3 0 2 3 0 2 4 16 31 2 0 2 3 0 2 4 1 2 7 0 2 4 0 2 4 0 2 7 1 2 7 1 2 4 1 2 3 0 2 11 1 2 11 0.000272434742442303004 60.1995846033096313
12 16 2 5 31 3 12 16 2 0 2 7 0 2 7 0 2 7 5 31 3 1 2 7 0 2 7 1 2 3 0 2 7 17 9 2 13 6 3 1 2 7 17 18 2 17 18 2 13 6 3 1 2 7 0 2 7 0 2 7 1 2 7 0 2 7 12 16 2 0 2 3 1 2 7 1 2 7 0 2 4 0 2 4 0 2 3 17 18 2 1 2 3 0 2 7 1 2 7 0 2 7 1 2 7 17 9 2 1 2 7 1 2 4 5 30 3 0 2 7 1 2 7 1 2 4 0 2 7 13 6 3 1 2 7 0 2 7 0 2 7 0 2 7 1 2 7 1 2 7 0 2 7 0 2 7 16 6 2 12 16 2 17 18 2 1 2 7 1 2 7 0 2 4 0 2 7 0 2 7 0 59.9809155464172363
12 16 2 0 2 7 12 16 2 0 2 7 1 2 7 1 2 7 12 16 2 0 2 7 0 2 7 0 2 7 0 2 7 17 9 2 0 2 7 13 6 3 0 2 7 0 2 7 0 2 7 17 18 2 1 2 7 17 18 2 13 6 3 0 2 7 0 2 7 0 2 7 0 2 7 1 2 7 0 2 7 0 2 7 1 2 7 0 2 7 17 18 2 0 2 7 0 2 7 0 2 7 1 2 7 1 2 7 5 31 3 0 2 7 1 2 7 1 2 7 0 2 7 1 2 7 12 16 2 16 6 2 5 30 3 1 2 4 17 9 2 1 2 3 8 9 2 17 18 2 1 2 3 5 30 3 0 2 7 5 31 3 1 2 7 17 1 2 1 2 3 5 31 3 6 2 7 0 2 7 0.0113336861616054468 60.8010244965553284
12 16 2 12 16 2 12 16 2 1 2 4 17 18 2 12 16 2 0 2 7 0 2 7 1 2 7 0 2 7 1 2 7 0 2 7 17 9 2 1 2 4 13 6 3 0 2 7 0 2 7 0 2 7 0 2 7 1 2 7 0 2 7 5 30 3 17 9 2 0 2 7 0 2 7 0 2 7 1 2 7 1 2 7 0 2 4 13 6 3 1 2 7 0 2 7 0 2 7 0 2 4 1 2 4 0 2 4 0 2 7 13 6 3 17 18 2 13 6 3 17 18 2 1 2 7 1 2 7 1 2 7 1 2 7 0 2 7 17 18 2 1 2 4 1 2 7 1 2 4 0 2 7 12 16 2 1 2 7 5 31 3 0 2 7 5 30 3 0 2 7 17 9 2 5 30 3 0 2 7 0 59.7417813539505005
12 16 2 0 2 7 12 16 2 0 2 7 1 2 7 1 2 7 1 2 4 12 16 2 0 2 7 0 2 7 0 2 7 0 2 7 17 9 2 0 2 7 13 6 3 0 2 7 17 9 2 0 2 7 0 2 7 17 18 2 1 2 7 17 18 2 13 6 3 0 2 7 0 2 7 0 2 7 0 2 7 1 2 7 13 6 3 0 2 7 1 2 4 0 2 7 1 2 7 0 2 7 17 18 2 17 18 2 0 2 7 0 2 7 0 2 7 1 2 7 1 2 7 5 31 3 0 2 7 1 2 7 1 2 7 0 2 7 1 2 7 1 2 7 12 16 2 16 6 2 1 2 4 0 2 7 5 31 3 1 2 7 1 2 7 1 2 4 5 31 3 6 2 7 0 2 7 5 30 3 0 59.938682496547699
12 16 2 5 30 3 12 16 2 16 31 2 1 2 7 1 2 7 0 2 7 0 2 7 0 2 7 0 2 7 12 16 2 0 2 7 0 2 7 1 2 7 1 2 7 0 2 7 1 2 7 0 2 7 1 2 7 1 2 7 13 6 3 0 2 7 17 9 2 1 2 7 1 2 7 5 31 3 17 18 2 0 2 7 17 18 2 0 2 7 13 6 3 0 2 7 0 2 7 1 2 7 0 2 7 0 2 7 0 2 7 13 6 3 1 2 7 0 2 7 0 2 7 1 2 7 0 2 7 5 30 3 0 2 7 17 18 2 0 2 7 12 16 2 17 9 2 1 2 7 0 2 7 1 2 4 1 2 7 0 2 11 1 2 7 16 31 2 1 2 7 5 30 3 0 2 7 12 16 2 0 60.0657943487167358

Current Evaluation = 15300(15300)
Front Size = 10
12 16 2 5 31 3 12 16 2 0 2 7 0 2 7 0 2 7 1 2 7 0 2 4 0 2 7 17 9 2 13 6 3 1 2 7 17 18 2 17 18 2 13 6 3 1 2 7 0 2 7 0 2 7 1 2 7 0 2 7 12 16 2 1 2 7 1 2 7 1 2 7 0 2 7 17 18 2 0 2 7 1 2 7 0 2 7 1 2 7 17 9 2 1 2 7 1 2 7 5 31 3 0 2 7 0 2 7 1 2 7 0 2 4 13 6 3 1 2 7 0 2 7 0 2 7 0 2 7 1 2 7 0 2 7 0 2 4 12 16 2 17 18 2 0 2 7 0 2 7 0 2 7 5 31 3 1 2 7 0 2 7 0 2 7 1 2 7 1 2 7 16 6 2 1 2 7 1 2 7 0 59.7211945056915283
12 16 2 5 31 3 12 16 2 0 2 7 0 2 7 0 2 7 1 2 7 0 2 4 0 2 7 17 9 2 13 6 3 1 2 7 17 18 2 17 18 2 13 6 3 1 2 7 0 2 7 0 2 7 1 2 4 0 2 7 12 16 2 1 2 7 1 2 7 0 2 7 0 2 7 17 18 2 0 2 7 1 2 7 0 2 7 1 2 7 17 9 2 1 2 7 1 2 7 5 31 3 0 2 7 0 2 7 1 2 7 13 6 3 1 2 7 0 2 7 0 2 7 0 2 7 1 2 7 0 2 7 12 16 2 17 18 2 0 2 7 0 2 7 0 2 7 5 31 3 1 2 7 0 2 7 0 2 7 1 2 7 1 2 7 16 6 2 0 2 7 1 2 4 1 2 7 1 2 7 0 59.7211945056915283
12 16 2 5 30 3 12 16 2 0 2 7 0 2 7 0 2 7 5 31 3 5 30 3 0 2 4 0 2 4 0 2 4 17 9 2 13 6 3 1 2 4 17 18 2 17 18 2 13 6 3 1 2 7 0 2 7 0 2 7 1 2 4 0 2 7 12 16 2 0 2 7 1 2 7 1 2 7 0 2 7 0 2 7 0 2 7 17 18 2 1 2 7 0 2 7 1 2 7 1 2 7 1 2 7 17 9 2 1 2 7 0 2 7 5 30 3 0 2 7 1 2 7 1 2 7 12 16 2 0 2 7 12 16 2 1 2 7 13 6 3 0 2 7 17 9 2 1 2 7 0 2 7 1 2 4 17 18 2 13 6 3 0 2 7 0 2 7 1 2 4 1 2 4 0 2 7 0 2 7 0 59.7417813539505005
12 16 2 5 31 3 12 16 2 0 2 7 0 2 7 0 2 7 1 2 7 0 2 7 0 2 7 17 9 2 13 6 3 1 2 7 17 18 2 17 18 2 13 6 3 1 2 7 0 2 7 0 2 7 1 2 7 0 2 7 12 16 2 1 2 3 1 2 7 0 2 7 0 2 7 17 18 2 0 2 7 0 2 7 0 2 7 1 2 7 17 9 2 1 2 3 1 2 4 5 30 3 0 2 7 1 2 7 1 2 7 0 2 3 13 6 3 1 2 7 0 2 7 0 2 7 0 2 7 1 2 3 1 2 7 0 2 7 0 2 7 12 16 2 17 18 2 1 2 7 0 2 4 0 2 7 5 31 3 1 2 7 0 2 4 1 2 7 1 2 4 16 6 2 1 2 7 0 2 4 0 59.9809155464172363
12 16 2 5 30 3 12 16 2 16 31 2 1 2 7 1 2 7 0 2 7 0 2 7 0 2 7 0 2 7 12 16 2 0 2 7 0 2 7 1 2 7 1 2 7 0 2 7 1 2 7 0 2 7 1 2 7 1 2 7 13 6 3 0 2 7 17 9 2 1 2 7 1 2 7 5 31 3 17 18 2 0 2 7 17 18 2 0 2 7 13 6 3 0 2 7 0 2 7 1 2 7 0 2 7 0 2 7 0 2 7 13 6 3 1 2 7 0 2 7 0 2 7 1 2 7 0 2 7 5 30 3 0 2 7 17 18 2 0 2 7 12 16 2 17 9 2 1 2 7 0 2 7 1 2 4 1 2 7 0 2 11 1 2 7 16 31 2 1 2 7 5 30 3 0 2 7 12 16 2 0 60.0657943487167358
12 16 2 12 16 2 12 16 2 0 2 4 0 2 7 12 16 2 1 2 7 1 2 7 0 2 4 5 30 3 0 2 7 13 6 3 1 2 7 1 2 7 0 2 7 5 31 3 6 2 7 17 9 2 0 2 7 13 6 3 13 6 3 1 2 7 1 2 7 0 2 7 0 2 7 6 2 7 0 2 4 17 18 2 0 2 7 1 2 7 1 2 4 0 2 4 0 2 7 0 2 7 16 6 2 0 2 4 0 2 7 0 2 7 1 2 7 1 2 7 17 18 2 17 18 2 5 30 3 16 6 2 0 2 7 5 31 3 0 2 7 12 16 2 0 2 7 1 2 7 0 2 7 1 2 7 0 2 7 17 9 2 5 31 3 12 16 2 0 2 7 0 2 4 0 2 7 1 2 7 0 60.3490793704986572
12 16 2 5 30 3 12 16 2 0 2 7 0 2 7 0 2 7 5 31 3 5 30 3 0 2 4 0 2 4 0 2 4 17 9 2 13 6 3 1 2 4 17 18 2 17 18 2 13 6 3 1 2 7 0 2 7 0 2 7 1 2 4 0 2 7 12 16 2 0 2 7 1 2 7 1 2 7 0 2 7 0 2 7 0 2 7 0 2 4 17 18 2 1 2 7 0 2 7 1 2 7 1 2 7 1 2 7 17 9 2 1 2 7 0 2 7 5 30 3 0 2 7 1 2 7 1 2 7 12 16 2 0 2 7 12 16 2 1 2 7 13 6 3 0 2 7 0 2 4 17 9 2 1 2 7 0 2 7 1 2 4 1 2 7 17 18 2 13 6 3 0 2 7 1 2 7 0 2 7 0 59.7417813539505005
12 16 2 12 16 2 12 16 2 17 18 2 12 16 2 0 2 7 0 2 12 1 2 4 0 2 11 1 2 7 1 2 7 17 9 2 16 20 12 0 2 7 0 2 4 0 2 7 0 2 4 1 2 7 0 2 7 5 31 3 0 2 7 0 2 7 0 2 7 0 2 4 0 2 4 0 2 7 1 2 7 1 2 7 0 2 7 0 2 7 0 2 7 17 9 2 17 18 2 1 2 4 1 2 4 1 2 7 0 2 7 0 2 7 1 2 7 5 31 3 0 2 7 5 30 3 0 2 4 5 31 3 0 2 4 8 9 2 0 2 4 17 9 2 1 2 7 1 2 4 0 2 7 13 6 3 1 2 7 0 2 4 1 2 7 1 2 3 1 2 4 1 2 4 1 2 7 17 9 2 0 60.9456508159637451
12 16 2 0 2 7 12 16 2 0 2 7 1 2 7 1 2 7 1 2 4 12 16 2 0 2 7 0 2 7 0 2 7 0 2 7 17 9 2 0 2 7 13 6 3 0 2 7 17 9 2 0 2 7 0 2 7 17 18 2 1 2 7 17 18 2 13 6 3 0 2 7 0 2 7 0 2 7 0 2 7 1 2 7 13 6 3 0 2 7 1 2 4 0 2 7 1 2 7 0 2 7 17 18 2 17 18 2 0 2 7 0 2 7 0 2 7 1 2 7 1 2 7 5 31 3 0 2 7 1 2 7 1 2 7 0 2 7 1 2 7 1 2 7 12 16 2 16 6 2 0 2 7 5 31 3 1 2 7 1 2 7 5 31 3 1 2 4 1 2 4 6 2 7 0 2 7 5 30 3 0 59.938682496547699
12 16 2 5 31 3 12 16 2 0 2 7 0 2 7 1 2 7 1 2 3 0 2 7 12 16 2 5 30 3 0 2 7 0 2 7 0 2 4 0 2 7 1 2 3 0 2 7 17 9 2 1 2 3 16 6 2 0 2 7 13 6 3 8 9 2 0 2 7 0 2 7 17 18 2 17 18 2 1 2 3 5 30 3 1 2 7 13 6 3 1 2 7 17 1 2 16 30 2 0 2 7 0 2 7 0 2 3 1 2 7 0 2 7 1 2 7 1 2 7 0 2 7 0 2 3 12 16 2 0 2 3 0 2 7 0 2 7 1 2 7 1 2 7 0 2 7 1 2 3 0 2 7 0 2 7 0 2 7 1 2 7 17 18 2 0 2 7 1 2 7 0 2 7 5 30 3 5 30 3 0 61.0581104755401611

Current Evaluation = 16200(16200)
Front Size = 10
12 16 2 0 2 7 12 16 2 0 2 7 1 2 7 0 2 7 1 2 7 12 16 2 0 2 7 0 2 7 0 2 7 0 2 7 17 9 2 0 2 7 13 6 3 0 2 7 17 9 2 0 2 7 0 2 7 17 18 2 1 2 7 17 18 2 13 6 3 0 2 7 0 2 4 0 2 7 0 2 7 1 2 7 13 6 3 0 2 7 1 2 7 1 2 7 1 2 7 0 2 7 17 18 2 17 18 2 0 2 7 0 2 7 0 2 7 1 2 7 1 2 7 5 31 3 0 2 7 1 2 7 1 2 7 0 2 7 1 2 7 1 2 7 12 16 2 16 6 2 0 2 7 5 31 3 1 2 7 1 2 7 1 2 4 1 2 7 1 2 7 1 2 4 0 2 7 5 31 3 0 59.7211945056915283
12 16 2 5 30 3 12 16 2 0 2 7 0 2 7 0 2 7 5 31 3 5 30 3 0 2 4 0 2 4 0 2 4 17 9 2 13 6 3 1 2 4 17 18 2 17 18 2 13 6 3 1 2 7 0 2 7 0 2 7 1 2 4 0 2 7 12 16 2 0 2 7 1 2 7 1 2 7 0 2 7 0 2 7 0 2 7 17 18 2 1 2 7 0 2 7 1 2 7 1 2 7 1 2 7 17 9 2 1 2 7 0 2 7 5 30 3 0 2 7 1 2 7 1 2 7 12 16 2 0 2 7 12 16 2 1 2 7 13 6 3 0 2 7 17 9 2 1 2 7 0 2 7 1 2 4 17 18 2 13 6 3 0 2 7 0 2 7 1 2 4 1 2 4 0 2 7 0 2 7 0 59.7417813539505005
12 16 2 5 30 3 12 16 2 0 2 7 0 2 4 0 2 7 5 31 3 5 30 3 17 9 2 13 6 3 17 18 2 17 18 2 13 6 3 1 2 4 0 2 7 0 2 4 1 2 7 12 16 2 0 2 11 0 2 3 6 2 7 0 2 7 0 2 4 0 2 7 1 2 7 0 2 7 1 2 7 0 2 4 0 2 7 17 9 2 1 2 7 0 2 7 0 2 7 0 2 7 1 2 3 17 18 2 1 2 11 1 2 7 5 30 3 0 2 7 17 9 2 1 2 7 1 2 7 0 2 7 0 2 7 0 2 7 1 2 7 0 2 7 0 2 7 16 6 2 0 2 4 1 2 7 0 2 7 1 2 4 12 16 2 1 2 7 5 31 3 13 6 3 0 2 7 1 2 7 0 60.5093504786491394
12 16 2 5 31 3 12 16 2 0 2 7 0 2 7 1 2 7 1 2 3 0 2 7 12 16 2 5 30 3 0 2 7 0 2 7 0 2 4 0 2 7 1 2 3 0 2 7 17 9 2 1 2 3 16 6 2 0 2 7 13 6 3 8 9 2 0 2 7 0 2 7 17 18 2 17 18 2 1 2 3 5 30 3 1 2 7 13 6 3 1 2 7 17 1 2 16 30 2 0 2 7 0 2 7 0 2 3 1 2 7 0 2 7 1 2 7 1 2 7 0 2 7 0 2 3 12 16 2 0 2 3 0 2 7 0 2 7 1 2 7 1 2 7 0 2 7 1 2 3 0 2 7 0 2 7 0 2 7 1 2 7 17 18 2 0 2 7 1 2 7 0 2 7 5 30 3 5 30 3 0 61.0581104755401611
12 16 2 12 16 2 12 16 2 17 18 2 12 16 2 0 2 7 0 2 12 1 2 4 0 2 11 1 2 7 1 2 7 17 9 2 16 20 12 0 2 7 0 2 4 0 2 7 0 2 4 1 2 7 0 2 7 5 31 3 0 2 7 0 2 7 0 2 7 0 2 4 0 2 4 0 2 7 1 2 7 1 2 7 0 2 7 0 2 7 0 2 7 17 9 2 17 18 2 1 2 4 1 2 4 1 2 7 0 2 7 0 2 7 1 2 7 5 31 3 0 2 7 5 30 3 0 2 4 5 31 3 0 2 4 8 9 2 0 2 4 17 9 2 1 2 7 1 2 4 0 2 7 13 6 3 1 2 7 0 2 4 1 2 7 1 2 3 1 2 4 1 2 4 1 2 7 17 9 2 0 60.9456508159637451
12 16 2 12 16 2 12 16 2 17 18 2 12 16 2 1 2 7 1 2 7 1 2 7 17 9 2 1 2 7 0 2 7 0 2 7 0 2 7 5 31 3 1 2 7 0 2 7 0 2 7 0 2 7 0 2 7 1 2 7 0 2 7 0 2 7 17 9 2 0 2 7 0 2 11 0 2 7 0 2 7 1 2 7 0 2 7 1 2 7 13 6 3 1 2 7 1 2 3 1 2 3 13 6 3 1 2 7 0 2 7 13 6 3 0 2 7 0 2 7 0 2 7 16 19 11 0 2 7 0 2 7 0 2 7 1 2 7 1 2 7 0 2 7 17 18 2 5 30 3 5 30 3 1 2 7 1 2 7 0 2 3 16 30 2 0 2 7 1 2 7 0 2 7 5 31 3 17 9 2 0 60.5389444828033447
12 16 2 12 16 2 12 16 2 17 18 2 12 16 2 1 2 7 1 2 7 1 2 7 1 2 1 17 9 2 0 2 3 1 2 7 0 2 4 0 2 7 0 2 7 5 31 3 1 2 4 0 2 7 0 2 7 0 2 7 1 2 3 1 2 7 1 2 7 0 2 7 0 2 7 17 9 2 5 30 3 0 2 7 0 2 7 0 2 7 0 2 7 1 2 7 5 30 3 0 2 4 5 30 3 1 2 7 0 2 7 13 6 3 1 2 7 1 2 7 1 2 7 13 6 3 16 19 12 17 9 2 1 2 7 0 2 3 0 2 7 13 6 3 0 2 7 1 2 7 0 2 7 8 9 2 0 2 7 17 9 2 0 2 7 0 2 3 0 2 7 0 2 7 1 2 7 17 9 2 0 60.8798865079879761
12 16 2 5 30 3 12 16 2 16 31 2 1 2 7 1 2 7 0 2 7 0 2 7 0 2 7 0 2 7 12 16 2 0 2 7 0 2 7 1 2 7 1 2 7 0 2 7 1 2 7 0 2 7 1 2 7 1 2 7 13 6 3 0 2 7 17 9 2 1 2 7 1 2 7 5 31 3 17 18 2 0 2 7 17 18 2 0 2 7 13 6 3 0 2 7 0 2 7 1 2 7 0 2 7 0 2 7 0 2 7 13 6 3 1 2 7 0 2 7 0 2 7 1 2 7 0 2 7 5 30 3 0 2 7 17 18 2 0 2 7 12 16 2 17 9 2 1 2 7 0 2 7 1 2 4 1 2 7 0 2 11 1 2 7 16 31 2 1 2 7 5 30 3 0 2 7 12 16 2 0 60.0657943487167358
12 16 2 0 2 7 12 16 2 0 2 7 1 2 7 1 2 7 1 2 4 12 16 2 0 2 7 0 2 7 0 2 7 0 2 7 17 9 2 0 2 7 13 6 3 0 2 7 17 9 2 0 2 7 0 2 7 17 18 2 1 2 7 17 18 2 13 6 3 0 2 7 0 2 7 0 2 7 0 2 7 1 2 7 13 6 3 0 2 7 1 2 4 0 2 7 1 2 7 0 2 7 17 18 2 17 18 2 0 2 7 0 2 7 0 2 7 1 2 7 1 2 7 5 31 3 0 2 7 1 2 7 1 2 7 0 2 7 1 2 7 1 2 7 12 16 2 16 6 2 0 2 7 5 31 3 1 2 7 1 2 7 5 31 3 1 2 4 1 2 4 6 2 7 0 2 7 5 30 3 0 59.938682496547699
12 16 2 5 30 3 12 16 2 0 2 7 0 2 7 1 2 7 5 31 3 5 30 3 0 2 11 0 2 7 0 2 7 17 9 2 13 6 3 0 2 7 17 18 2 17 18 2 13 6 3 1 2 7 0 2 7 1 2 7 1 2 4 0 2 7 12 16 2 0 2 7 1 2 7 1 2 7 0 2 7 0 2 7 0 2 7 17 18 2 1 2 7 0 2 7 1 2 4 1 2 7 0 2 7 17 9 2 1 2 7 0 2 7 5 30 3 0 2 11 1 2 7 1 2 7 12 16 2 0 2 7 0 2 7 13 6 3 0 2 7 17 9 2 0 2 7 0 2 7 0 2 7 0 2 7 1 2 7 1 2 7 17 18 2 13 6 3 1 2 7 5 31 3 0 2 7 1 2 4 0 60.254657506942749

Current Evaluation = 17100(17100)
Front Size = 10
12 16 2 0 2 7 12 16 2 0 2 7 0 2 7 0 2 7 1 2 7 12 16 2 0 2 7 1 2 7 0 2 7 0 2 7 17 9 2 0 2 7 13 6 3 1 2 7 17 9 2 0 2 7 0 2 7 17 18 2 1 2 7 17 18 2 13 6 3 0 2 7 0 2 7 0 2 7 1 2 7 1 2 7 13 6 3 0 2 7 1 2 7 1 2 4 1 2 7 0 2 4 17 18 2 1 2 7 0 2 7 0 2 7 1 2 7 5 31 3 0 2 7 1 2 7 12 16 2 16 6 2 5 31 3 1 2 7 0 2 7 5 31 3 0 2 7 1 2 7 0 2 7 1 2 7 1 2 7 0 2 7 1 2 7 0 2 7 1 2 7 0 2 7 17 9 2 1 2 4 0 59.7211945056915283
12 16 2 0 2 7 12 16 2 0 2 7 0 2 7 0 2 7 1 2 7 12 16 2 0 2 7 1 2 7 0 2 7 0 2 7 17 9 2 0 2 7 13 6 3 1 2 7 17 9 2 0 2 7 0 2 7 17 18 2 1 2 7 17 18 2 13 6 3 0 2 7 0 2 7 0 2 7 1 2 7 1 2 7 13 6 3 0 2 7 1 2 7 1 2 4 1 2 7 0 2 4 17 18 2 1 2 7 0 2 7 0 2 7 1 2 7 5 31 3 0 2 7 1 2 7 12 16 2 16 6 2 5 31 3 1 2 7 0 2 7 5 31 3 0 2 7 1 2 7 0 2 7 1 2 7 1 2 7 0 2 7 1 2 7 0 2 7 1 2 7 1 2 7 17 9 2 0 2 4 0 59.7211945056915283
12 16 2 0 2 7 12 16 2 0 2 7 1 2 7 0 2 7 1 2 7 12 16 2 0 2 7 0 2 7 0 2 7 0 2 7 17 9 2 0 2 7 13 6 3 0 2 7 17 9 2 0 2 7 0 2 7 17 18 2 1 2 7 17 18 2 13 6 3 0 2 7 0 2 4 0 2 7 0 2 7 1 2 7 13 6 3 0 2 7 1 2 7 1 2 7 1 2 7 0 2 7 17 18 2 17 18 2 0 2 7 0 2 7 0 2 7 1 2 7 1 2 7 5 31 3 0 2 7 1 2 7 1 2 7 0 2 7 1 2 7 1 2 7 12 16 2 16 6 2 0 2 7 5 31 3 1 2 7 1 2 7 1 2 4 1 2 7 1 2 7 1 2 4 0 2 7 5 31 3 0 59.7211945056915283
12 16 2 1 2 3 12 16 2 0 2 7 1 2 7 6 2 4 1 2 4 12 16 2 0 2 4 0 2 7 0 2 4 0 2 7 17 9 2 0 2 7 13 6 3 1 2 7 17 9 2 0 2 7 0 2 7 17 18 2 1 2 7 17 18 2 13 6 3 0 2 7 0 2 7 0 2 7 0 2 7 12 16 2 13 6 3 0 2 7 1 2 4 1 2 4 1 2 7 0 2 7 17 18 2 0 2 4 0 2 7 1 2 7 1 2 4 5 31 3 1 2 7 1 2 7 12 16 2 16 6 2 5 31 3 1 2 7 1 2 4 0 2 7 0 2 7 0 2 7 1 2 7 5 30 3 0 2 7 5 30 3 1 2 3 0 2 3 0 2 7 0 2 7 0 2 7 17 9 2 0 60.2567535042762756
12 16 2 0 2 7 12 16 2 0 2 7 1 2 7 0 2 7 1 2 7 12 16 2 0 2 7 0 2 7 0 2 7 0 2 7 17 9 2 0 2 7 13 6 3 0 2 7 17 9 2 0 2 7 0 2 7 17 18 2 1 2 7 17 18 2 13 6 3 0 2 7 0 2 4 0 2 7 0 2 7 1 2 7 13 6 3 0 2 4 1 2 7 1 2 7 1 2 7 0 2 7 17 18 2 0 2 7 0 2 7 0 2 7 1 2 7 1 2 7 5 31 3 0 2 7 12 16 2 16 6 2 5 31 3 0 2 4 1 2 7 17 18 2 1 2 7 1 2 7 0 2 7 1 2 7 1 2 7 0 2 7 1 2 7 1 2 7 1 2 7 1 2 7 1 2 7 5 31 3 0 59.7211945056915283
12 16 2 12 16 2 12 16 2 17 18 2 1 2 7 0 2 7 1 2 7 1 2 7 1 2 7 17 9 2 0 2 7 0 2 7 0 2 4 0 2 4 1 2 7 0 2 7 5 31 3 0 2 7 0 2 7 1 2 7 0 2 7 1 2 4 1 2 7 0 2 7 0 2 4 0 2 7 17 9 2 1 2 7 0 2 7 0 2 7 1 2 7 1 2 4 5 30 3 8 9 2 17 9 2 1 2 7 0 2 7 13 6 3 1 2 7 1 2 11 0 2 7 1 2 7 17 9 2 0 2 7 1 2 7 16 19 11 5 30 3 0 2 7 17 9 2 0 2 7 13 6 3 1 2 7 0 2 7 5 31 3 0 2 7 0 2 7 0 2 7 0 2 4 0 2 7 1 2 7 0 60.5552064180374146
12 16 2 0 2 7 12 16 2 0 2 7 0 2 7 0 2 7 1 2 7 12 16 2 0 2 7 1 2 7 0 2 7 0 2 7 17 9 2 0 2 7 13 6 3 1 2 7 17 9 2 0 2 7 0 2 7 17 18 2 1 2 7 17 18 2 13 6 3 0 2 7 0 2 7 0 2 7 1 2 7 1 2 7 13 6 3 0 2 7 1 2 7 1 2 4 1 2 7 0 2 4 17 18 2 1 2 7 0 2 7 0 2 7 1 2 7 5 31 3 0 2 7 1 2 7 12 16 2 16 6 2 5 31 3 1 2 7 0 2 7 5 31 3 0 2 7 1 2 7 0 2 7 1 2 7 1 2 7 0 2 7 1 2 7 0 2 7 1 2 7 1 2 7 17 18 2 0 2 4 0 59.7211945056915283
12 16 2 12 16 2 12 16 2 17 18 2 12 16 2 0 2 7 0 2 12 1 2 4 0 2 11 1 2 7 1 2 7 17 9 2 16 20 12 0 2 7 0 2 4 0 2 7 0 2 4 1 2 7 0 2 7 5 31 3 0 2 7 0 2 7 0 2 7 0 2 4 0 2 4 0 2 7 1 2 7 1 2 7 0 2 7 0 2 7 0 2 7 17 9 2 17 18 2 1 2 4 1 2 4 1 2 7 0 2 7 0 2 7 1 2 7 5 31 3 0 2 7 5 30 3 0 2 4 5 31 3 0 2 4 8 9 2 0 2 4 17 9 2 1 2 7 1 2 4 0 2 7 13 6 3 1 2 7 0 2 4 1 2 7 1 2 3 1 2 4 1 2 4 1 2 7 17 9 2 0 60.9456508159637451
12 16 2 5 30 3 12 16 2 0 2 7 0 2 7 0 2 7 5 31 3 5 30 3 0 2 4 0 2 4 0 2 4 17 9 2 13 6 3 1 2 4 17 18 2 17 18 2 13 6 3 1 2 7 0 2 7 0 2 7 1 2 4 0 2 7 12 16 2 0 2 7 1 2 7 1 2 7 0 2 7 0 2 7 0 2 7 17 18 2 1 2 7 0 2 7 1 2 7 1 2 7 1 2 7 17 9 2 1 2 7 0 2 7 5 30 3 0 2 7 1 2 7 1 2 7 12 16 2 0 2 7 12 16 2 1 2 7 13 6 3 0 2 7 17 9 2 1 2 7 0 2 7 1 2 4 17 18 2 13 6 3 0 2 7 0 2 7 1 2 4 1 2 4 0 2 7 0 2 7 0 59.7417813539505005
12 16 2 5 30 3 12 16 2 16 31 2 1 2 7 0 2 7 0 2 7 0 2 7 0 2 7 0 2 7 12 16 2 0 2 7 0 2 7 1 2 7 1 2 7 0 2 7 1 2 7 0 2 7 0 2 7 1 2 7 13 6 3 0 2 7 17 9 2 1 2 7 1 2 7 5 31 3 17 18 2 0 2 7 17 18 2 1 2 7 13 6 3 0 2 7 0 2 7 1 2 7 0 2 7 0 2 7 0 2 7 13 6 3 1 2 7 0 2 7 0 2 4 1 2 7 0 2 7 5 30 3 0 2 7 17 18 2 0 2 7 12 16 2 17 9 2 1 2 11 0 2 7 1 2 7 1 2 7 0 2 7 1 2 7 16 31 2 1 2 7 5 30 3 1 2 7 12 16 2 0 60.0657942295074463

Current Evaluation = 18000(18000)
Front Size = 10
12 16 2 0 2 7 12 16 2 0 2 7 0 2 7 0 2 7 1 2 7 12 16 2 0 2 7 0 2 7 0 2 7 17 9 2 0 2 7 13 6 3 1 2 7 17 9 2 0 2 7 0 2 7 17 18 2 1 2 7 17 18 2 13 6 3 0 2 7 0 2 7 0 2 7 1 2 7 1 2 7 13 6 3 0 2 7 1 2 7 0 2 7 1 2 7 0 2 4 17 18 2 1 2 7 0 2 7 0 2 7 1 2 7 5 31 3 0 2 7 1 2 7 12 16 2 16 6 2 5 31 3 1 2 7 0 2 7 5 31 3 0 2 7 1 2 4 0 2 7 1 2 7 1 2 7 1 2 7 1 2 7 1 2 7 17 18 2 1 2 7 0 2 7 0 2 7 1 2 4 0 59.7211945056915283
12 16 2 0 2 7 12 16 2 0 2 7 0 2 7 1 2 7 1 2 7 12 16 2 0 2 7 1 2 7 0 2 7 0 2 7 17 9 2 0 2 7 13 6 3 1 2 7 17 9 2 0 2 7 0 2 7 17 18 2 1 2 7 17 18 2 13 6 3 0 2 7 0 2 7 0 2 7 1 2 7 1 2 7 13 6 3 0 2 7 1 2 7 1 2 7 0 2 4 17 18 2 1 2 7 0 2 7 0 2 7 1 2 7 5 31 3 0 2 7 1 2 7 12 16 2 16 6 2 5 31 3 1 2 7 0 2 7 5 31 3 0 2 7 1 2 7 0 2 7 1 2 7 1 2 7 0 2 7 1 2 7 1 2 7 17 18 2 1 2 7 0 2 4 0 2 4 0 2 7 0 59.7211945056915283
12 16 2 5 30 3 12 16 2 0 2 7 0 2 7 0 2 7 5 31 3 5 30 3 0 2 4 0 2 4 0 2 4 17 9 2 13 6 3 1 2 4 17 18 2 17 18 2 13 6 3 1 2 7 0 2 7 0 2 7 1 2 4 0 2 7 12 16 2 0 2 7 1 2 7 1 2 7 0 2 7 0 2 7 0 2 7 17 18 2 1 2 7 0 2 7 1 2 7 1 2 7 1 2 7 17 9 2 1 2 7 0 2 7 5 30 3 0 2 7 1 2 7 1 2 7 12 16 2 0 2 7 12 16 2 1 2 7 13 6 3 0 2 7 17 9 2 1 2 7 0 2 7 1 2 4 17 18 2 13 6 3 0 2 7 0 2 7 1 2 4 1 2 4 0 2 7 0 2 7 0 59.7417813539505005
12 16 2 0 2 7 12 16 2 0 2 4 1 2 7 0 2 7 1 2 7 12 16 2 0 2 7 1 2 7 0 2 7 0 2 7 17 9 2 0 2 4 13 6 3 1 2 4 17 9 2 0 2 7 0 2 7 17 18 2 1 2 7 17 18 2 13 6 3 0 2 7 0 2 7 0 2 7 1 2 7 1 2 4 13 6 3 0 2 7 1 2 4 1 2 7 0 2 4 17 18 2 1 2 4 0 2 7 0 2 7 1 2 7 5 30 3 0 2 7 12 16 2 5 31 3 0 2 7 0 2 7 17 18 2 0 2 7 0 2 7 1 2 7 1 2 7 1 2 4 5 31 3 1 2 7 0 2 7 5 30 3 1 2 4 0 2 7 1 2 7 17 9 2 1 2 4 0 2 7 0 59.9459015130996704
12 16 2 0 2 7 12 16 2 0 2 7 0 2 7 1 2 4 1 2 7 12 16 2 0 2 7 1 2 7 0 2 7 0 2 7 17 9 2 0 2 7 13 6 3 1 2 7 17 9 2 0 2 4 0 2 7 17 18 2 1 2 7 17 18 2 13 6 3 0 2 7 0 2 7 0 2 7 1 2 7 1 2 7 13 6 3 0 2 7 1 2 7 1 2 4 0 2 4 17 18 2 1 2 7 0 2 7 0 2 7 5 31 3 0 2 7 12 16 2 5 31 3 0 2 7 0 2 7 0 2 7 17 18 2 0 2 7 0 2 7 1 2 7 1 2 7 16 6 2 6 2 7 5 31 3 1 2 7 1 2 7 1 2 7 0 2 7 5 30 3 1 2 7 1 2 7 0 2 7 0 59.938682496547699
12 16 2 0 2 7 12 16 2 0 2 7 0 2 7 1 2 4 1 2 7 12 16 2 0 2 7 1 2 7 0 2 7 0 2 7 17 9 2 0 2 7 13 6 3 1 2 7 17 9 2 0 2 4 0 2 7 17 18 2 1 2 7 17 18 2 13 6 3 0 2 7 0 2 7 0 2 7 1 2 7 1 2 7 13 6 3 0 2 7 1 2 7 1 2 4 17 18 2 1 2 7 0 2 7 0 2 7 5 31 3 0 2 7 12 16 2 5 31 3 0 2 7 0 2 7 0 2 7 17 18 2 0 2 7 0 2 7 1 2 7 1 2 7 16 6 2 5 31 3 1 2 7 1 2 7 1 2 7 0 2 7 1 2 7 1 2 7 0 2 7 0 2 4 1 2 7 5 30 3 0 59.9623894691467285
12 16 2 5 30 3 12 16 2 16 31 2 1 2 7 0 2 7 0 2 7 0 2 7 0 2 7 0 2 7 12 16 2 0 2 7 0 2 7 1 2 7 1 2 7 0 2 7 1 2 7 0 2 7 0 2 7 1 2 7 13 6 3 0 2 7 17 9 2 1 2 7 1 2 7 5 31 3 17 18 2 0 2 7 17 18 2 1 2 7 13 6 3 0 2 7 0 2 7 1 2 7 0 2 7 0 2 7 0 2 7 13 6 3 1 2 7 0 2 7 0 2 4 1 2 7 0 2 7 5 30 3 0 2 7 17 18 2 0 2 7 12 16 2 17 9 2 1 2 11 0 2 7 1 2 7 1 2 7 0 2 7 1 2 7 16 31 2 1 2 7 5 30 3 1 2 7 12 16 2 0 60.0657942295074463
12 16 2 0 2 7 12 16 2 0 2 7 1 2 7 5 31 3 1 2 7 12 16 2 1 2 4 1 2 7 0 2 7 0 2 7 17 9 2 0 2 7 13 6 3 1 2 7 17 9 2 0 2 4 0 2 7 17 18 2 0 2 7 17 18 2 13 6 3 0 2 7 0 2 7 0 2 7 1 2 4 0 2 7 13 6 3 0 2 7 0 2 7 1 2 4 1 2 7 1 2 4 17 18 2 1 2 4 0 2 7 5 30 3 0 2 7 5 30 3 1 2 7 1 2 7 12 16 2 0 2 7 5 31 3 6 2 7 0 2 7 5 30 3 0 2 4 1 2 4 0 2 7 1 2 7 0 2 4 0 2 7 0 2 4 0 2 4 1 2 7 1 2 7 17 18 2 17 9 2 0 60.1633895039558411
12 16 2 12 16 2 0 2 7 1 2 7 12 16 2 0 2 4 0 2 7 0 2 7 17 9 2 0 2 7 13 6 3 1 2 4 17 9 2 0 2 7 0 2 7 17 18 2 1 2 7 17 18 2 13 6 3 0 2 7 0 2 7 0 2 7 0 2 7 12 16 2 13 6 3 0 2 7 1 2 3 0 2 7 17 18 2 0 2 7 1 2 7 5 31 3 1 2 7 1 2 7 12 16 2 1 2 4 0 2 7 0 2 7 0 2 7 1 2 7 5 30 3 0 2 7 5 30 3 0 2 7 0 2 7 0 2 7 1 2 7 6 2 4 1 2 4 0 2 4 1 2 7 1 2 4 0 2 4 1 2 4 16 6 2 5 31 3 1 2 7 1 2 3 0 2 3 17 9 2 0 60.2567535042762756
12 16 2 12 16 2 0 2 7 1 2 7 1 2 7 12 16 2 0 2 7 0 2 7 0 2 7 1 2 4 17 9 2 0 2 7 13 6 3 1 2 3 16 6 2 0 2 7 0 2 7 17 18 2 1 2 7 17 18 2 13 6 3 0 2 4 0 2 7 5 30 3 0 2 7 12 16 2 13 6 3 0 2 7 1 2 7 0 2 7 17 18 2 0 2 3 1 2 7 5 31 3 1 2 7 1 2 7 16 6 2 5 31 3 0 2 4 0 2 7 0 2 7 0 2 7 1 2 7 0 2 7 0 2 7 0 2 7 6 2 7 17 9 2 1 2 7 0 2 7 1 2 7 1 2 7 1 2 7 1 2 7 12 16 2 5 31 3 0 2 7 0 2 7 1 2 7 0 2 7 0 60.1732414364814758

MonoObjective Genetic Algorithm
Number of Evaluations = 0
Mutation Probability = 0
Crossover Probability = 1
Population Size = 10
Survival Selection Type = 16

Time =  18066.848494052887

Current Evaluation = 2040
Front Size = 10
12 16 2 0 2 7 12 16 2 0 2 7 0 2 7 0 2 7 1 2 7 12 16 2 0 2 7 0 2 7 0 2 7 17 9 2 0 2 7 13 6 3 1 2 7 17 9 2 0 2 7 0 2 7 17 18 2 1 2 7 17 18 2 13 6 3 0 2 7 0 2 7 0 2 7 1 2 7 1 2 7 13 6 3 0 2 7 1 2 7 0 2 7 1 2 7 0 2 4 17 18 2 1 2 7 0 2 7 0 2 7 1 2 7 5 31 3 0 2 7 1 2 7 12 16 2 16 6 2 5 31 3 1 2 7 0 2 7 5 31 3 0 2 7 1 2 4 0 2 7 1 2 7 1 2 7 1 2 7 1 2 7 1 2 7 17 18 2 1 2 7 0 2 7 0 2 7 1 2 4 0 59.7211945056915283
12 16 2 0 2 7 12 16 2 0 2 7 0 2 7 1 2 7 1 2 7 12 16 2 0 2 7 1 2 7 0 2 7 0 2 7 17 9 2 0 2 7 13 6 3 1 2 7 17 9 2 0 2 7 0 2 7 17 18 2 1 2 7 17 18 2 13 6 3 0 2 7 0 2 7 0 2 7 1 2 7 1 2 7 13 6 3 0 2 7 1 2 7 1 2 7 0 2 4 17 18 2 1 2 7 0 2 7 0 2 7 1 2 7 5 31 3 0 2 7 1 2 7 12 16 2 16 6 2 5 31 3 1 2 7 0 2 7 5 31 3 0 2 7 1 2 7 0 2 7 1 2 7 1 2 7 0 2 7 1 2 7 1 2 7 17 18 2 1 2 7 0 2 4 0 2 4 0 2 7 0 59.7211945056915283
12 16 2 5 30 3 12 16 2 0 2 7 0 2 7 0 2 7 5 31 3 5 30 3 0 2 4 0 2 4 0 2 4 17 9 2 13 6 3 1 2 4 17 18 2 17 18 2 13 6 3 1 2 7 0 2 7 0 2 7 1 2 4 0 2 7 12 16 2 0 2 7 1 2 7 1 2 7 0 2 7 0 2 7 0 2 7 17 18 2 1 2 7 0 2 7 1 2 7 1 2 7 1 2 7 17 9 2 1 2 7 0 2 7 5 30 3 0 2 7 1 2 7 1 2 7 12 16 2 0 2 7 12 16 2 1 2 7 13 6 3 0 2 7 17 9 2 1 2 7 0 2 7 1 2 4 17 18 2 13 6 3 0 2 7 0 2 7 1 2 4 1 2 4 0 2 7 0 2 7 0 59.7417813539505005
12 16 2 0 2 7 12 16 2 0 2 4 1 2 7 0 2 7 1 2 7 12 16 2 0 2 7 1 2 7 0 2 7 0 2 7 17 9 2 0 2 4 13 6 3 1 2 4 17 9 2 0 2 7 0 2 7 17 18 2 1 2 7 17 18 2 13 6 3 0 2 7 0 2 7 0 2 7 1 2 7 1 2 4 13 6 3 0 2 7 1 2 4 1 2 7 0 2 4 17 18 2 1 2 4 0 2 7 0 2 7 1 2 7 5 30 3 0 2 7 12 16 2 5 31 3 0 2 7 0 2 7 17 18 2 0 2 7 0 2 7 1 2 7 1 2 7 1 2 4 5 31 3 1 2 7 0 2 7 5 30 3 1 2 4 0 2 7 1 2 7 17 9 2 1 2 4 0 2 7 0 59.9459015130996704
12 16 2 0 2 7 12 16 2 0 2 7 0 2 7 1 2 4 1 2 7 12 16 2 0 2 7 1 2 7 0 2 7 0 2 7 17 9 2 0 2 7 13 6 3 1 2 7 17 9 2 0 2 4 0 2 7 17 18 2 1 2 7 17 18 2 13 6 3 0 2 7 0 2 7 0 2 7 1 2 7 1 2 7 13 6 3 0 2 7 1 2 7 1 2 4 0 2 4 17 18 2 1 2 7 0 2 7 0 2 7 5 31 3 0 2 7 12 16 2 5 31 3 0 2 7 0 2 7 0 2 7 17 18 2 0 2 7 0 2 7 1 2 7 1 2 7 16 6 2 6 2 7 5 31 3 1 2 7 1 2 7 1 2 7 0 2 7 5 30 3 1 2 7 1 2 7 0 2 7 0 59.938682496547699
12 16 2 0 2 7 12 16 2 0 2 7 0 2 7 1 2 4 1 2 7 12 16 2 0 2 7 1 2 7 0 2 7 0 2 7 17 9 2 0 2 7 13 6 3 1 2 7 17 9 2 0 2 4 0 2 7 17 18 2 1 2 7 17 18 2 13 6 3 0 2 7 0 2 7 0 2 7 1 2 7 1 2 7 13 6 3 0 2 7 1 2 7 1 2 4 17 18 2 1 2 7 0 2 7 0 2 7 5 31 3 0 2 7 12 16 2 5 31 3 0 2 7 0 2 7 0 2 7 17 18 2 0 2 7 0 2 7 1 2 7 1 2 7 16 6 2 5 31 3 1 2 7 1 2 7 1 2 7 0 2 7 1 2 7 1 2 7 0 2 7 0 2 4 1 2 7 5 30 3 0 59.9623894691467285
12 16 2 5 30 3 12 16 2 16 31 2 1 2 7 0 2 7 0 2 7 0 2 7 0 2 7 0 2 7 12 16 2 0 2 7 0 2 7 1 2 7 1 2 7 0 2 7 1 2 7 0 2 7 0 2 7 1 2 7 13 6 3 0 2 7 17 9 2 1 2 7 1 2 7 5 31 3 17 18 2 0 2 7 17 18 2 1 2 7 13 6 3 0 2 7 0 2 7 1 2 7 0 2 7 0 2 7 0 2 7 13 6 3 1 2 7 0 2 7 0 2 4 1 2 7 0 2 7 5 30 3 0 2 7 17 18 2 0 2 7 12 16 2 17 9 2 1 2 11 0 2 7 1 2 7 1 2 7 0 2 7 1 2 7 16 31 2 1 2 7 5 30 3 1 2 7 12 16 2 0 60.0657942295074463
12 16 2 0 2 7 12 16 2 0 2 7 1 2 7 5 31 3 1 2 7 12 16 2 1 2 4 1 2 7 0 2 7 0 2 7 17 9 2 0 2 7 13 6 3 1 2 7 17 9 2 0 2 4 0 2 7 17 18 2 0 2 7 17 18 2 13 6 3 0 2 7 0 2 7 0 2 7 1 2 4 0 2 7 13 6 3 0 2 7 0 2 7 1 2 4 1 2 7 1 2 4 17 18 2 1 2 4 0 2 7 5 30 3 0 2 7 5 30 3 1 2 7 1 2 7 12 16 2 0 2 7 5 31 3 6 2 7 0 2 7 5 30 3 0 2 4 1 2 4 0 2 7 1 2 7 0 2 4 0 2 7 0 2 4 0 2 4 1 2 7 1 2 7 17 18 2 17 9 2 0 60.1633895039558411
12 16 2 12 16 2 0 2 7 1 2 7 12 16 2 0 2 4 0 2 7 0 2 7 17 9 2 0 2 7 13 6 3 1 2 4 17 9 2 0 2 7 0 2 7 17 18 2 1 2 7 17 18 2 13 6 3 0 2 7 0 2 7 0 2 7 0 2 7 12 16 2 13 6 3 0 2 7 1 2 3 0 2 7 17 18 2 0 2 7 1 2 7 5 31 3 1 2 7 1 2 7 12 16 2 1 2 4 0 2 7 0 2 7 0 2 7 1 2 7 5 30 3 0 2 7 5 30 3 0 2 7 0 2 7 0 2 7 1 2 7 6 2 4 1 2 4 0 2 4 1 2 7 1 2 4 0 2 4 1 2 4 16 6 2 5 31 3 1 2 7 1 2 3 0 2 3 17 9 2 0 60.2567535042762756
12 16 2 12 16 2 0 2 7 1 2 7 1 2 7 12 16 2 0 2 7 0 2 7 0 2 7 1 2 4 17 9 2 0 2 7 13 6 3 1 2 3 16 6 2 0 2 7 0 2 7 17 18 2 1 2 7 17 18 2 13 6 3 0 2 4 0 2 7 5 30 3 0 2 7 12 16 2 13 6 3 0 2 7 1 2 7 0 2 7 17 18 2 0 2 3 1 2 7 5 31 3 1 2 7 1 2 7 16 6 2 5 31 3 0 2 4 0 2 7 0 2 7 0 2 7 1 2 7 0 2 7 0 2 7 0 2 7 6 2 7 17 9 2 1 2 7 0 2 7 1 2 7 1 2 7 1 2 7 1 2 7 12 16 2 5 31 3 0 2 7 0 2 7 1 2 7 0 2 7 0 60.1732414364814758

