Current Evaluation = 900(900)
Front Size = 10
1 2 7 5 31 3 0 2 7 5 30 3 0 2 7 12 16 2 0 2 4 1 2 7 0 2 7 17 18 2 0 2 4 0 2 4 0 2 7 1 2 7 0 2 4 12 16 2 0 2 7 12 16 2 5 30 3 1 2 7 0 2 7 0 2 7 0 2 7 1 2 7 0 2 7 0 2 7 1 2 7 0 2 7 0 2 7 0 2 4 1 2 4 1 2 7 16 6 2 0 2 7 0 2 7 1 2 7 17 18 2 5 31 3 13 6 3 0 2 7 0 2 7 1 2 7 0 2 4 17 9 2 1 2 4 0 2 7 0 2 7 12 16 2 0 2 7 1 2 4 1 2 7 8 9 2 1 2 7 17 18 2 12 16 2 5 31 3 0 2 7 0 2 4 16 18 11 16 19 11 0 61.4701583981513977
12 16 2 5 30 3 17 18 2 5 30 3 0 2 4 1 2 7 0 2 4 12 16 2 1 2 7 0 2 3 0 2 7 1 2 3 0 2 3 1 2 7 5 30 3 12 16 2 0 2 7 0 2 7 16 19 11 5 30 3 0 2 7 17 18 2 17 9 2 0 2 7 0 2 7 0 2 7 1 2 7 0 2 7 5 30 3 8 9 2 0 2 3 0 2 4 5 31 3 0 2 3 1 2 3 0 2 7 1 2 7 1 2 7 0 2 4 1 2 7 0 2 7 0 2 7 1 2 7 1 2 7 0 2 7 0 2 4 1 2 7 0 2 4 16 6 2 0 2 7 17 9 2 16 6 2 0 2 7 8 9 2 0 2 7 0 2 3 13 6 3 1 2 3 0 2 4 1 2 7 0 61.8066834211349487
0 2 8 16 19 11 16 19 11 0 2 3 0 2 8 0 2 8 0 2 11 0 2 8 0 2 8 5 30 3 0 2 8 0 2 7 0 2 7 0 2 8 0 2 7 5 30 3 5 30 3 0 2 8 5 30 3 0 2 7 0 2 8 0 2 8 0 2 8 5 31 3 16 19 11 12 16 2 12 16 2 5 30 3 0 2 7 0 2 8 0 2 8 5 30 3 0 2 8 16 19 11 0 2 3 5 30 3 0 2 8 5 30 3 0 2 8 5 31 3 16 19 11 0 2 3 0 2 11 0 2 8 0 2 8 0 2 7 16 19 11 8 18 2 0 2 3 12 16 2 0 2 8 0 2 11 0 2 7 6 2 7 0 2 3 0 2 8 0 2 8 16 6 2 0 2 8 0 2 8 0 68.5714287161827087
1 2 8 8 18 2 8 9 2 6 2 8 8 9 2 8 18 2 2 3 3 16 19 1 8 18 2 5 30 3 5 30 3 16 19 12 8 9 2 5 30 3 16 15 2 6 2 8 16 19 12 16 15 2 16 19 12 8 18 2 5 30 3 8 9 2 5 30 3 8 18 2 8 18 2 8 18 2 0 2 8 8 18 2 8 18 2 6 2 8 5 30 3 8 18 2 0 2 8 8 9 2 0 2 8 8 18 2 6 2 8 1 2 8 0 2 8 0 2 8 12 16 2 5 30 3 12 16 2 0 2 8 6 2 8 0 2 8 0 2 12 0 2 8 6 2 8 13 6 3 0 2 8 0 2 8 16 19 12 0 2 8 6 2 8 0 2 8 0 2 8 6 2 8 8 18 2 8 9 2 0.0362614148554822602 66.9263944625854492
1 2 7 1 2 7 5 30 3 0 2 7 5 31 3 1 2 7 0 2 7 0 2 7 6 2 4 12 16 2 0 2 3 5 30 3 1 2 7 17 18 2 0 2 7 0 2 7 0 2 7 0 2 3 1 2 7 0 2 7 0 2 7 6 2 7 12 16 2 0 2 3 12 16 2 5 30 3 0 2 7 0 2 7 0 2 7 1 2 7 0 2 7 0 2 7 1 2 7 0 2 7 1 2 7 17 1 2 0 2 7 0 2 7 0 2 7 0 2 7 0 2 7 16 30 2 17 18 2 0 2 4 0 2 7 16 19 11 5 30 3 5 31 3 0 2 3 5 31 3 13 6 3 0 2 7 6 2 7 5 30 3 0 2 7 16 6 2 1 2 7 0 2 7 17 9 2 0 2 7 0 61.8743314146995544
0 2 7 16 19 11 6 2 7 0 2 7 0 2 7 0 2 7 0 2 7 5 31 3 5 31 3 5 30 3 0 2 7 16 6 2 0 2 7 12 16 2 1 2 7 0 2 7 1 2 7 0 2 7 12 16 2 1 2 7 1 2 10 1 2 7 0 2 7 0 2 7 0 2 7 0 2 7 0 2 7 0 2 7 12 16 2 0 2 7 0 2 7 0 2 7 0 2 7 0 2 7 5 30 3 0 2 7 5 30 3 0 2 7 8 9 2 0 2 7 0 2 7 16 19 11 16 6 2 1 2 4 17 9 2 8 9 2 0 2 7 5 30 3 8 9 2 17 9 2 5 30 3 16 19 11 1 2 3 1 2 11 0 2 7 0 2 7 5 30 3 0 2 7 0 2 7 1 2 7 0 62.8599110245704651
12 16 2 5 30 3 0 2 7 0 2 7 0 2 7 12 16 2 0 2 7 5 30 3 16 6 2 5 30 3 0 2 3 0 2 7 0 2 7 0 2 7 0 2 11 12 16 2 5 30 3 0 2 11 5 30 3 5 30 3 0 2 11 0 2 3 8 18 2 5 30 3 5 31 3 16 19 11 0 2 3 1 2 11 16 19 11 13 6 3 1 2 7 1 2 11 12 16 2 12 16 2 16 9 11 0 2 8 0 2 7 1 2 7 0 2 7 6 2 7 5 30 3 0 2 7 0 2 8 0 2 7 0 2 7 0 2 7 0 2 10 0 2 8 0 2 8 15 2 11 16 19 11 0 2 7 1 2 7 0 2 8 0 2 8 1 2 3 16 19 11 0 2 7 0 2 8 0 2 8 0.000229397224893016291 65.5569045543670654
0 2 7 16 19 11 0 2 7 1 2 7 0 2 4 0 2 7 0 2 7 5 30 3 5 30 3 5 30 3 0 2 7 5 31 3 12 16 2 12 16 2 1 2 7 1 2 7 0 2 7 0 2 7 12 16 2 0 2 7 0 2 11 0 2 7 0 2 7 0 2 7 0 2 7 0 2 4 0 2 4 0 2 7 12 16 2 1 2 7 0 2 11 0 2 11 0 2 7 1 2 7 5 30 3 0 2 7 5 30 3 0 2 7 17 9 2 0 2 11 1 2 7 0 2 7 0 2 7 1 2 7 0 2 7 0 2 7 8 18 2 16 6 2 8 18 2 5 30 3 16 19 11 17 9 2 17 9 2 8 9 2 1 2 7 16 31 2 1 2 7 0 2 7 1 2 7 1 2 7 0 62.6775853633880615
16 19 11 16 19 11 0 2 7 0 2 3 17 18 2 0 2 7 1 2 7 1 2 7 5 30 3 5 30 3 5 30 3 0 2 7 5 30 3 16 19 11 12 16 2 12 16 2 5 30 3 0 2 7 0 2 7 0 2 7 0 2 7 8 18 2 0 2 7 12 16 2 5 31 3 0 2 7 0 2 3 16 6 2 0 2 7 0 2 3 0 2 3 16 6 2 0 2 7 0 2 3 0 2 3 0 2 3 0 2 7 0 2 7 0 2 7 0 2 7 1 2 7 5 30 3 16 6 2 0 2 7 0 2 3 1 2 7 5 30 3 0 2 7 0 2 8 12 16 2 0 2 7 0 2 3 0 2 7 1 2 3 13 6 3 1 2 7 1 2 7 0 2 11 0 2 7 8 18 2 0 63.5437581539154053
12 16 2 1 2 7 1 2 7 0 2 7 12 16 2 1 2 4 5 30 3 16 30 2 5 30 3 0 2 7 1 2 7 0 2 7 12 16 2 0 2 3 0 2 7 5 30 3 5 31 3 0 2 7 16 19 11 0 2 7 0 2 11 0 2 7 0 2 11 1 2 11 0 2 7 0 2 11 0 2 7 0 2 7 0 2 7 0 2 4 6 2 7 0 2 7 6 2 7 0 2 7 17 9 2 1 2 4 0 2 7 0 2 7 1 2 7 17 18 2 0 2 7 1 2 3 0 2 7 0 2 7 0 2 7 5 31 3 5 30 3 0 2 7 0 2 7 12 16 2 17 1 2 1 2 7 0 2 7 16 24 2 8 9 2 17 9 2 0 2 7 1 2 4 5 30 3 8 18 2 0 62.4238466024398804

Current Evaluation = 1800(1800)
Front Size = 10
12 16 2 5 31 3 17 18 2 0 2 7 17 18 2 1 2 7 12 16 2 13 6 3 1 2 7 1 2 7 1 2 7 12 16 2 0 2 7 13 6 3 0 2 4 17 18 2 0 2 7 1 2 7 0 2 7 0 2 7 0 2 7 17 9 2 0 2 4 5 31 3 1 2 4 1 2 7 0 2 7 0 2 7 0 2 7 0 2 7 1 2 7 1 2 4 1 2 7 0 2 7 0 2 7 16 6 2 0 2 7 0 2 7 13 6 3 0 2 7 0 2 7 5 30 3 12 16 2 1 2 7 17 9 2 0 2 7 0 2 7 1 2 7 0 2 7 1 2 7 1 2 7 1 2 7 0 2 7 1 2 7 0 2 7 0 2 7 5 31 3 6 2 7 17 18 2 1 2 7 0 59.938682496547699
1 2 8 8 18 2 8 9 2 6 2 8 8 9 2 8 18 2 2 3 3 16 19 1 8 18 2 5 30 3 5 30 3 16 19 12 8 9 2 5 30 3 16 15 2 6 2 8 16 19 12 16 15 2 16 19 12 8 18 2 5 30 3 8 9 2 5 30 3 8 18 2 8 18 2 8 18 2 0 2 8 8 18 2 8 18 2 6 2 8 5 30 3 8 18 2 0 2 8 8 9 2 0 2 8 8 18 2 6 2 8 1 2 8 0 2 8 0 2 8 12 16 2 5 30 3 12 16 2 0 2 8 6 2 8 0 2 8 0 2 12 0 2 8 6 2 8 13 6 3 0 2 8 0 2 8 16 19 12 0 2 8 6 2 8 0 2 8 0 2 8 6 2 8 8 18 2 8 9 2 0.0362614148554822602 66.9263944625854492
0 2 4 0 2 7 0 2 3 0 2 7 0 2 7 5 31 3 5 31 3 5 30 3 0 2 7 16 30 2 0 2 7 1 2 4 1 2 4 0 2 7 0 2 7 0 2 7 12 16 2 0 2 3 1 2 4 1 2 7 1 2 7 0 2 7 0 2 4 1 2 4 0 2 11 12 16 2 0 2 7 0 2 7 0 2 7 0 2 7 0 2 7 17 9 2 1 2 11 17 9 2 17 9 2 1 2 4 1 2 10 0 2 7 0 2 7 1 2 7 17 18 2 1 2 7 5 31 3 0 2 7 0 2 3 1 2 7 16 19 11 16 30 2 8 9 2 0 2 7 5 30 3 1 2 7 5 30 3 6 2 11 1 2 7 0 2 7 0 2 7 1 2 7 0 2 7 0 2 4 0 61.765616774559021
12 16 2 17 18 2 13 6 3 17 18 2 1 2 3 1 2 7 1 2 7 1 2 7 1 2 7 0 2 3 12 16 2 0 2 7 0 2 7 17 9 2 0 2 7 0 2 7 0 2 7 0 2 7 0 2 7 17 9 2 0 2 3 1 2 7 0 2 7 1 2 7 0 2 7 1 2 7 0 2 7 0 2 4 16 6 2 0 2 3 0 2 7 1 2 3 0 2 7 13 6 3 1 2 11 0 2 7 5 30 3 12 16 2 8 9 2 1 2 7 0 2 7 0 2 7 0 2 3 5 30 3 0 2 7 5 31 3 16 6 2 16 6 2 1 2 3 0 2 4 1 2 11 12 16 2 1 2 7 0 2 7 0 2 7 1 2 3 1 2 7 0 2 7 5 31 3 0 2 4 0 61.0302764177322388
0 2 7 0 2 7 1 2 3 5 30 3 5 30 3 5 30 3 0 2 3 5 30 3 12 16 2 12 16 2 0 2 10 0 2 7 0 2 7 12 16 2 0 2 7 0 2 3 17 18 2 5 30 3 0 2 7 16 6 2 5 30 3 0 2 3 1 2 11 0 2 7 16 19 11 0 2 7 0 2 3 0 2 4 0 2 7 1 2 7 1 2 3 0 2 4 0 2 7 0 2 3 0 2 7 0 2 7 16 19 11 1 2 4 0 2 4 1 2 7 16 19 11 8 9 2 0 2 3 0 2 3 1 2 3 0 2 10 0 2 7 0 2 3 1 2 7 8 18 2 16 19 11 5 30 3 0 2 3 17 9 2 0 2 3 1 2 7 1 2 7 1 2 7 0 2 10 0 2 3 0 64.0824621915817261
0 2 7 16 19 11 6 2 7 0 2 7 0 2 7 0 2 7 0 2 7 5 31 3 5 31 3 5 30 3 0 2 7 16 6 2 0 2 7 12 16 2 1 2 7 0 2 7 1 2 7 0 2 7 12 16 2 1 2 7 1 2 10 1 2 7 0 2 7 0 2 7 0 2 7 0 2 7 0 2 7 0 2 7 12 16 2 0 2 7 0 2 7 0 2 7 0 2 7 0 2 7 5 30 3 0 2 7 5 30 3 0 2 7 8 9 2 0 2 7 0 2 7 16 19 11 16 6 2 1 2 4 17 9 2 8 9 2 0 2 7 5 30 3 8 9 2 17 9 2 5 30 3 16 19 11 1 2 3 1 2 11 0 2 7 0 2 7 5 30 3 0 2 7 0 2 7 1 2 7 0 62.8599110245704651
1 2 7 1 2 7 5 30 3 0 2 3 5 30 3 0 2 7 0 2 7 0 2 7 12 16 2 0 2 7 5 30 3 1 2 7 17 18 2 0 2 7 0 2 7 1 2 7 0 2 7 0 2 7 0 2 3 0 2 7 12 16 2 1 2 7 12 16 2 5 30 3 0 2 7 1 2 7 0 2 7 1 2 7 0 2 7 0 2 7 0 2 7 0 2 7 0 2 7 0 2 7 17 18 2 0 2 7 16 19 11 5 30 3 0 2 7 13 6 3 5 30 3 16 30 2 1 2 11 8 9 2 1 2 7 1 2 7 17 18 2 0 2 7 17 18 2 16 30 2 0 2 7 0 2 7 0 2 7 5 31 3 5 30 3 0 2 7 8 1 2 1 2 7 0 2 7 0 2 7 0 61.8261750936508179
0 2 7 0 2 7 1 2 7 0 2 7 5 30 3 5 30 3 0 2 7 0 2 4 0 2 4 0 2 3 0 2 7 12 16 2 0 2 4 1 2 11 0 2 7 1 2 7 1 2 7 12 16 2 0 2 7 0 2 7 0 2 7 1 2 7 0 2 7 17 9 2 0 2 7 17 9 2 0 2 7 1 2 7 6 2 7 17 1 2 5 31 3 1 2 7 0 2 11 6 2 7 17 9 2 0 2 7 5 30 3 1 2 7 5 30 3 17 18 2 0 2 7 1 2 3 0 2 7 17 18 2 1 2 7 0 2 7 0 2 4 1 2 7 0 2 7 8 18 2 0 2 7 1 2 7 1 2 7 5 31 3 13 6 3 16 6 2 0 2 7 1 2 7 0 2 11 0 2 7 0 61.1756296157836914
1 2 7 6 2 7 0 2 7 0 2 7 0 2 7 0 2 7 5 31 3 5 31 3 1 2 7 0 2 7 16 6 2 0 2 7 12 16 2 1 2 7 0 2 7 0 2 7 0 2 7 12 16 2 1 2 7 0 2 7 1 2 7 0 2 7 0 2 7 16 6 2 0 2 7 0 2 7 12 16 2 0 2 7 0 2 7 0 2 7 0 2 7 0 2 11 1 2 7 0 2 7 0 2 3 8 9 2 17 9 2 0 2 10 13 6 3 1 2 7 5 30 3 5 30 3 1 2 7 0 2 7 6 2 4 0 2 7 0 2 4 12 16 2 0 2 10 5 30 3 17 9 2 5 30 3 16 19 11 5 30 3 1 2 7 17 18 2 17 18 2 5 30 3 13 6 3 0 2 7 0 61.7924442291259766
0 2 7 1 2 7 0 2 7 5 30 3 5 30 3 0 2 7 12 16 2 12 16 2 0 2 7 0 2 7 0 2 11 0 2 7 8 18 2 1 2 7 6 2 7 0 2 7 0 2 7 16 19 11 0 2 7 0 2 7 0 2 7 1 2 7 0 2 7 0 2 7 0 2 7 17 18 2 0 2 7 0 2 7 1 2 7 8 9 2 12 16 2 1 2 7 17 9 2 0 2 3 0 2 7 1 2 7 0 2 7 5 31 3 0 2 3 1 2 7 5 31 3 0 2 7 5 30 3 16 6 2 1 2 11 0 2 3 16 19 11 0 2 7 1 2 7 1 2 7 1 2 7 0 2 7 0 2 7 16 6 2 16 19 11 1 2 7 5 31 3 0 2 7 0 2 7 0 2 7 0 62.5795952677726746

Current Evaluation = 2700(2700)
Front Size = 10
12 16 2 5 31 3 17 18 2 0 2 7 17 18 2 1 2 7 12 16 2 13 6 3 1 2 7 1 2 7 1 2 7 12 16 2 0 2 7 13 6 3 0 2 4 17 18 2 0 2 7 1 2 7 0 2 7 0 2 7 0 2 7 17 9 2 0 2 4 5 31 3 1 2 4 1 2 7 0 2 7 0 2 7 0 2 7 0 2 7 1 2 7 1 2 4 1 2 7 0 2 7 0 2 7 16 6 2 0 2 7 0 2 7 13 6 3 0 2 7 0 2 7 5 30 3 12 16 2 1 2 7 17 9 2 0 2 7 0 2 7 1 2 7 0 2 7 1 2 7 1 2 7 1 2 7 0 2 7 1 2 7 0 2 7 0 2 7 5 31 3 6 2 7 17 18 2 1 2 7 0 59.938682496547699
12 16 2 5 30 3 17 18 2 0 2 7 17 18 2 1 2 4 12 16 2 13 6 3 1 2 7 1 2 7 1 2 7 0 2 7 13 6 3 0 2 7 17 18 2 0 2 7 1 2 7 0 2 7 0 2 7 0 2 7 17 9 2 0 2 4 1 2 4 1 2 7 0 2 7 0 2 7 0 2 7 0 2 7 1 2 4 1 2 7 12 16 2 0 2 7 0 2 7 16 6 2 0 2 7 0 2 7 1 2 7 0 2 7 5 30 3 1 2 7 17 9 2 0 2 7 0 2 7 1 2 7 1 2 4 0 2 4 5 31 3 5 30 3 12 16 2 0 2 4 17 9 2 0 2 4 0 2 7 1 2 4 0 2 7 0 2 4 5 31 3 1 2 7 8 18 2 1 2 4 0 60.4693014621734619
12 16 2 5 31 3 1 2 7 0 2 7 0 2 7 12 16 2 1 2 7 1 2 7 0 2 7 0 2 7 0 2 4 0 2 7 0 2 11 0 2 7 0 2 7 0 2 7 17 9 2 0 2 10 5 31 3 1 2 7 0 2 4 0 2 7 0 2 7 0 2 7 0 2 7 1 2 4 1 2 4 0 2 7 0 2 4 0 2 4 0 2 7 0 2 7 0 2 4 1 2 7 5 31 3 17 9 2 0 2 7 1 2 7 0 2 7 0 2 7 1 2 7 5 30 3 17 18 2 5 31 3 17 9 2 0 2 4 16 20 12 1 2 7 8 9 2 12 16 2 1 2 7 1 2 7 0 2 4 1 2 7 1 2 7 1 2 4 1 2 7 1 2 7 16 30 2 17 9 2 0 61.2033498287200928
12 16 2 0 2 4 16 6 2 0 2 7 0 2 11 1 2 4 5 30 3 5 30 3 0 2 7 0 2 7 12 16 2 6 2 7 0 2 7 8 9 2 0 2 7 12 16 2 1 2 7 1 2 11 0 2 7 0 2 7 0 2 7 0 2 7 0 2 7 0 2 7 12 16 2 1 2 11 0 2 7 0 2 7 8 9 2 0 2 7 8 9 2 17 9 2 0 2 10 1 2 7 0 2 7 16 6 2 0 2 11 0 2 7 0 2 11 5 31 3 0 2 7 17 9 2 0 2 7 1 2 7 0 2 7 0 2 7 16 15 2 1 2 7 1 2 7 5 30 3 5 30 3 5 30 3 0 2 7 0 2 4 17 18 2 0 2 3 16 19 11 5 30 3 1 2 7 8 18 2 0 62.7432712912559509
12 16 2 1 2 4 0 2 7 0 2 7 12 16 2 0 2 7 1 2 3 0 2 4 0 2 7 0 2 7 0 2 3 1 2 7 1 2 7 0 2 7 17 9 2 0 2 4 0 2 7 0 2 7 0 2 7 0 2 7 0 2 4 1 2 7 0 2 3 6 2 3 0 2 3 0 2 7 1 2 3 1 2 7 0 2 3 0 2 7 5 30 3 17 18 2 1 2 7 8 9 2 1 2 3 1 2 7 0 2 7 1 2 7 5 30 3 0 2 7 17 9 2 16 30 2 1 2 3 0 2 7 0 2 3 13 6 3 0 2 3 0 2 7 5 30 3 1 2 7 16 6 2 15 2 11 1 2 7 0 2 7 5 30 3 0 2 7 5 31 3 1 2 3 16 15 2 17 9 2 0 61.5319366455078125
0 2 7 0 2 7 1 2 4 0 2 7 0 2 7 0 2 7 0 2 7 5 31 3 12 16 2 1 2 7 5 31 3 0 2 7 0 2 7 12 16 2 0 2 7 0 2 7 0 2 7 0 2 7 0 2 7 17 9 2 1 2 7 1 2 7 0 2 7 17 18 2 1 2 7 0 2 7 0 2 7 5 30 3 5 30 3 0 2 7 1 2 7 5 31 3 1 2 7 17 9 2 1 2 3 0 2 3 13 6 3 5 30 3 1 2 7 1 2 7 12 16 2 1 2 7 0 2 7 1 2 3 16 6 2 0 2 7 6 2 7 6 2 7 16 30 2 0 2 7 0 2 7 0 2 7 0 2 7 1 2 7 0 2 7 17 9 2 0 2 7 0 2 7 5 30 3 13 6 3 0 61.136338472366333
12 16 2 12 16 2 0 2 3 8 9 2 16 6 2 5 30 3 5 30 3 5 30 3 1 2 11 0 2 8 0 2 3 0 2 3 5 31 3 0 2 11 0 2 11 0 2 8 1 2 7 5 30 3 0 2 8 0 2 8 0 2 11 1 2 7 16 19 11 8 9 2 0 2 3 0 2 7 6 2 3 16 19 11 0 2 3 0 2 7 0 2 8 0 2 7 0 2 7 0 2 11 0 2 11 1 2 8 16 19 11 0 2 7 1 2 8 0 2 7 8 18 2 5 30 3 12 16 2 5 30 3 0 2 3 16 6 2 0 2 8 0 2 7 1 2 8 0 2 7 5 30 3 0 2 8 0 2 8 5 30 3 0 2 8 0 2 8 0 2 3 0 2 3 16 6 2 17 9 2 0 66.2267409563064575
12 16 2 5 30 3 12 16 2 13 6 3 8 9 2 5 30 3 16 15 2 5 30 3 8 18 2 5 30 3 17 18 2 1 2 7 17 18 2 5 30 3 0 2 8 0 2 11 1 2 7 8 18 2 0 2 7 0 2 8 0 2 7 1 2 8 8 18 2 8 18 2 8 18 2 0 2 8 0 2 8 8 18 2 0 2 7 0 2 4 8 18 2 0 2 7 1 2 7 1 2 7 0 2 8 6 2 8 16 15 2 6 2 8 0 2 12 1 2 7 1 2 7 6 2 8 6 2 8 0 2 7 0 2 7 1 2 7 8 18 2 8 9 2 16 19 12 0 2 4 8 18 2 0 2 7 1 2 11 0 2 7 2 3 3 6 2 7 0 2 7 8 9 2 16 19 12 17 18 2 0.0156215356077994381 63.5607255101203918
12 16 2 12 16 2 8 18 2 8 9 2 16 15 2 5 30 3 5 30 3 5 30 3 8 18 2 5 31 3 1 2 7 16 19 12 0 2 4 0 2 7 8 18 2 8 9 2 0 2 7 0 2 7 8 9 2 6 2 8 0 2 7 1 2 7 0 2 7 0 2 8 0 2 7 0 2 8 8 18 2 0 2 7 1 2 7 1 2 8 0 2 8 8 18 2 8 18 2 0 2 8 5 30 3 0 2 8 17 9 2 0 2 7 5 30 3 0 2 7 0 2 7 0 2 7 2 3 3 0 2 8 16 6 2 8 9 2 1 2 7 0 2 8 8 9 2 12 16 2 0 2 7 16 19 1 0 2 7 6 2 8 1 2 8 6 2 8 0 2 12 6 2 4 6 2 8 8 18 2 0.0134541694170599215 64.9810585379600525
1 2 8 8 18 2 8 9 2 6 2 8 8 9 2 8 18 2 2 3 3 16 19 1 8 18 2 5 30 3 5 30 3 16 19 12 8 9 2 5 30 3 16 15 2 6 2 8 16 19 12 16 15 2 16 19 12 8 18 2 5 30 3 8 9 2 5 30 3 8 18 2 8 18 2 8 18 2 0 2 8 8 18 2 8 18 2 6 2 8 5 30 3 8 18 2 0 2 8 8 9 2 0 2 8 8 18 2 6 2 8 1 2 8 0 2 8 0 2 8 12 16 2 5 30 3 12 16 2 0 2 8 6 2 8 0 2 8 0 2 12 0 2 8 6 2 8 13 6 3 0 2 8 0 2 8 16 19 12 0 2 8 6 2 8 0 2 8 0 2 8 6 2 8 8 18 2 8 9 2 0.0362614148554822602 66.9263944625854492

Current Evaluation = 3600(3600)
Front Size = 10
12 16 2 5 31 3 17 18 2 0 2 7 17 18 2 1 2 7 12 16 2 13 6 3 1 2 7 1 2 7 1 2 7 12 16 2 0 2 7 13 6 3 0 2 4 17 18 2 0 2 7 1 2 7 0 2 7 0 2 7 0 2 7 17 9 2 0 2 4 5 31 3 1 2 4 1 2 7 0 2 7 0 2 7 0 2 7 0 2 7 1 2 7 1 2 4 1 2 7 0 2 7 0 2 7 16 6 2 0 2 7 0 2 7 13 6 3 0 2 7 0 2 7 5 30 3 12 16 2 1 2 7 17 9 2 0 2 7 0 2 7 1 2 7 0 2 7 1 2 7 1 2 7 1 2 7 0 2 7 1 2 7 0 2 7 0 2 7 5 31 3 6 2 7 17 18 2 1 2 7 0 59.938682496547699
12 16 2 1 2 11 0 2 7 0 2 7 12 16 2 0 2 7 0 2 7 0 2 7 0 2 7 1 2 7 1 2 7 0 2 3 17 9 2 0 2 7 0 2 7 0 2 7 0 2 7 0 2 7 0 2 3 0 2 7 1 2 11 1 2 7 0 2 7 5 30 3 1 2 7 1 2 7 0 2 7 1 2 7 5 30 3 0 2 7 17 9 2 16 30 2 0 2 7 13 6 3 0 2 7 5 30 3 1 2 7 16 6 2 1 2 7 0 2 7 5 30 3 0 2 7 5 31 3 17 9 2 1 2 3 0 2 7 0 2 7 5 31 3 0 2 3 1 2 7 0 2 3 17 18 2 0 2 3 1 2 3 0 2 7 0 2 7 0 2 7 13 6 3 0 2 7 16 15 2 0 61.341732382774353
12 16 2 1 2 4 0 2 7 0 2 7 12 16 2 0 2 7 0 2 4 0 2 7 0 2 11 1 2 7 1 2 7 0 2 7 17 9 2 0 2 7 0 2 7 0 2 7 1 2 7 0 2 7 1 2 7 1 2 7 0 2 4 0 2 4 0 2 7 0 2 7 1 2 7 1 2 4 1 2 7 1 2 4 5 31 3 0 2 7 17 9 2 16 30 2 0 2 7 13 6 3 0 2 7 5 30 3 1 2 4 16 6 2 1 2 7 0 2 7 5 30 3 0 2 7 5 31 3 17 9 2 1 2 7 12 16 2 1 2 11 0 2 7 17 9 2 0 2 7 5 31 3 0 2 7 8 9 2 17 9 2 1 2 11 0 2 7 0 2 7 6 2 11 1 2 4 0 2 7 0 60.9089466333389282
12 16 2 0 2 7 0 2 7 12 16 2 1 2 3 0 2 10 0 2 7 0 2 7 1 2 7 1 2 7 0 2 7 0 2 7 0 2 7 6 2 7 0 2 7 0 2 7 0 2 7 0 2 7 1 2 7 0 2 7 5 30 3 1 2 7 0 2 7 0 2 7 1 2 4 5 30 3 0 2 7 0 2 7 0 2 7 5 30 3 5 31 3 16 6 2 1 2 7 6 2 11 5 30 3 0 2 7 5 31 3 1 2 7 0 2 7 0 2 7 5 31 3 1 2 11 17 18 2 0 2 7 0 2 3 0 2 7 0 2 7 1 2 4 17 9 2 16 19 11 8 9 2 16 30 2 13 6 3 0 2 7 0 2 7 0 2 7 5 30 3 16 6 2 17 18 2 12 16 2 0 61.9429963231086731
12 16 2 12 16 2 0 2 3 8 9 2 16 6 2 5 30 3 5 30 3 5 30 3 1 2 11 0 2 8 0 2 3 0 2 3 5 31 3 0 2 11 0 2 11 0 2 8 1 2 7 5 30 3 0 2 8 0 2 8 0 2 11 1 2 7 16 19 11 8 9 2 0 2 3 0 2 7 6 2 3 16 19 11 0 2 3 0 2 7 0 2 8 0 2 7 0 2 7 0 2 11 0 2 11 1 2 8 16 19 11 0 2 7 1 2 8 0 2 7 8 18 2 5 30 3 12 16 2 5 30 3 0 2 3 16 6 2 0 2 8 0 2 7 1 2 8 0 2 7 5 30 3 0 2 8 0 2 8 5 30 3 0 2 8 0 2 8 0 2 3 0 2 3 16 6 2 17 9 2 0 66.2267409563064575
1 2 8 8 18 2 8 9 2 6 2 8 8 9 2 8 18 2 2 3 3 16 19 1 8 18 2 5 30 3 5 30 3 16 19 12 8 9 2 5 30 3 16 15 2 6 2 8 16 19 12 16 15 2 16 19 12 8 18 2 5 30 3 8 9 2 5 30 3 8 18 2 8 18 2 8 18 2 0 2 8 8 18 2 8 18 2 6 2 8 5 30 3 8 18 2 0 2 8 8 9 2 0 2 8 8 18 2 6 2 8 1 2 8 0 2 8 0 2 8 12 16 2 5 30 3 12 16 2 0 2 8 6 2 8 0 2 8 0 2 12 0 2 8 6 2 8 13 6 3 0 2 8 0 2 8 16 19 12 0 2 8 6 2 8 0 2 8 0 2 8 6 2 8 8 18 2 8 9 2 0.0362614148554822602 66.9263944625854492
12 16 2 1 2 7 0 2 7 0 2 7 12 16 2 1 2 7 1 2 7 0 2 7 1 2 7 0 2 7 1 2 7 1 2 11 0 2 4 17 9 2 0 2 7 0 2 7 0 2 7 0 2 7 0 2 7 0 2 7 1 2 7 0 2 4 0 2 7 5 30 3 17 18 2 0 2 7 1 2 7 0 2 7 0 2 7 17 9 2 16 6 2 0 2 7 13 6 3 0 2 7 1 2 7 1 2 7 0 2 7 5 30 3 0 2 7 0 2 7 0 2 7 0 2 11 5 31 3 5 30 3 1 2 7 1 2 7 13 6 3 1 2 11 5 30 3 17 18 2 17 9 2 5 30 3 17 9 2 12 16 2 0 2 7 1 2 7 8 18 2 13 6 3 1 2 7 0 2 4 0 60.5790282487869263
12 16 2 5 31 3 0 2 7 1 2 7 12 16 2 1 2 7 5 31 3 0 2 7 0 2 7 0 2 7 1 2 7 1 2 7 17 9 2 6 2 4 0 2 4 16 6 2 5 30 3 17 18 2 17 18 2 1 2 7 1 2 11 1 2 7 5 30 3 0 2 7 17 18 2 0 2 7 1 2 11 16 30 2 0 2 7 0 2 7 1 2 7 0 2 4 1 2 4 1 2 7 1 2 4 1 2 7 0 2 7 0 2 7 0 2 7 13 6 3 0 2 7 0 2 7 12 16 2 0 2 7 0 2 7 8 18 2 0 2 4 1 2 7 0 2 7 0 2 7 0 2 7 1 2 7 1 2 11 0 2 7 0 2 4 0 2 11 5 31 3 0 2 7 17 18 2 0 2 4 0 60.9089465737342834
12 16 2 6 2 7 0 2 3 0 2 3 16 15 2 0 2 7 1 2 7 0 2 4 0 2 7 0 2 7 1 2 7 17 9 2 0 2 7 1 2 3 0 2 3 0 2 7 0 2 7 0 2 7 1 2 7 0 2 7 5 30 3 5 30 3 1 2 7 1 2 7 0 2 7 1 2 7 5 30 3 0 2 7 17 9 2 16 30 2 0 2 4 13 6 3 0 2 7 1 2 7 16 30 2 0 2 7 0 2 7 0 2 3 5 31 3 17 9 2 0 2 7 1 2 7 5 31 3 1 2 3 0 2 7 1 2 4 0 2 7 5 30 3 0 2 7 0 2 7 12 16 2 0 2 3 17 18 2 1 2 7 1 2 7 1 2 7 0 2 4 8 9 2 0 2 3 1 2 7 0 61.3072367310523987
12 16 2 0 2 7 0 2 7 1 2 7 12 16 2 0 2 7 0 2 7 0 2 7 1 2 7 1 2 7 1 2 4 0 2 7 17 9 2 0 2 7 0 2 7 0 2 3 0 2 7 1 2 7 0 2 7 0 2 7 0 2 4 0 2 7 5 31 3 0 2 7 1 2 7 6 2 7 0 2 7 5 30 3 1 2 7 17 9 2 13 6 3 1 2 7 5 30 3 16 6 2 1 2 7 5 31 3 16 30 2 5 30 3 0 2 7 0 2 7 17 18 2 16 30 2 1 2 7 16 19 11 5 31 3 0 2 7 1 2 4 0 2 3 0 2 7 0 2 7 5 31 3 0 2 7 1 2 7 0 2 7 0 2 7 0 2 7 6 2 7 12 16 2 0 2 7 0 2 3 0 61.4496985673904419

Current Evaluation = 4500(4500)
Front Size = 10
12 16 2 5 31 3 17 18 2 0 2 7 17 18 2 1 2 7 12 16 2 13 6 3 1 2 7 1 2 7 1 2 7 12 16 2 0 2 7 13 6 3 0 2 4 17 18 2 0 2 7 1 2 7 0 2 7 0 2 7 0 2 7 17 9 2 0 2 4 5 31 3 1 2 4 1 2 7 0 2 7 0 2 7 0 2 7 0 2 7 1 2 7 1 2 4 1 2 7 0 2 7 0 2 7 16 6 2 0 2 7 0 2 7 13 6 3 0 2 7 0 2 7 5 30 3 12 16 2 1 2 7 17 9 2 0 2 7 0 2 7 1 2 7 0 2 7 1 2 7 1 2 7 1 2 7 0 2 7 1 2 7 0 2 7 0 2 7 5 31 3 6 2 7 17 18 2 1 2 7 0 59.938682496547699
1 2 8 8 18 2 8 9 2 6 2 8 8 9 2 8 18 2 2 3 3 16 19 1 8 18 2 5 30 3 5 30 3 16 19 12 8 9 2 5 30 3 16 15 2 6 2 8 16 19 12 16 15 2 16 19 12 8 18 2 5 30 3 8 9 2 5 30 3 8 18 2 8 18 2 8 18 2 0 2 8 8 18 2 8 18 2 6 2 8 5 30 3 8 18 2 0 2 8 8 9 2 0 2 8 8 18 2 6 2 8 1 2 8 0 2 8 0 2 8 12 16 2 5 30 3 12 16 2 0 2 8 6 2 8 0 2 8 0 2 12 0 2 8 6 2 8 13 6 3 0 2 8 0 2 8 16 19 12 0 2 8 6 2 8 0 2 8 0 2 8 6 2 8 8 18 2 8 9 2 0.0362614148554822602 66.9263944625854492
12 16 2 0 2 7 0 2 7 1 2 7 0 2 7 0 2 7 0 2 7 0 2 7 0 2 7 17 9 2 0 2 7 8 9 2 0 2 7 5 30 3 5 30 3 5 30 3 17 9 2 5 31 3 12 16 2 16 30 2 1 2 7 0 2 4 0 2 7 0 2 7 5 31 3 1 2 7 0 2 7 0 2 7 0 2 7 0 2 7 17 9 2 1 2 7 1 2 7 0 2 7 1 2 11 16 19 11 5 30 3 0 2 7 0 2 7 1 2 7 1 2 7 0 2 11 0 2 7 1 2 7 0 2 7 0 2 11 1 2 7 0 2 11 0 2 7 16 6 2 0 2 7 0 2 7 1 2 7 0 2 7 5 30 3 8 18 2 16 19 11 5 30 3 0 2 11 8 9 2 0 62.7122324705123901
12 16 2 5 30 3 0 2 7 0 2 7 12 16 2 13 6 3 1 2 7 1 2 7 1 2 7 13 6 3 0 2 7 1 2 7 0 2 7 0 2 7 1 2 4 17 9 2 5 31 3 1 2 4 0 2 7 0 2 7 0 2 7 0 2 7 1 2 7 1 2 4 0 2 7 16 6 2 0 2 4 17 9 2 0 2 4 1 2 4 0 2 4 0 2 7 0 2 7 1 2 7 0 2 4 0 2 7 17 18 2 0 2 7 17 18 2 1 2 7 1 2 4 1 2 7 0 2 7 17 18 2 1 2 3 5 31 3 0 2 7 0 2 7 0 2 7 0 2 7 0 2 4 5 31 3 1 2 7 0 2 7 12 16 2 12 16 2 6 2 7 1 2 4 1 2 4 17 9 2 0 60.2408736348152161
12 16 2 0 2 7 0 2 7 0 2 7 1 2 7 0 2 7 0 2 7 0 2 7 1 2 7 17 9 2 0 2 7 1 2 7 8 18 2 0 2 7 0 2 7 0 2 7 1 2 7 0 2 7 5 31 3 5 30 3 1 2 7 6 2 7 0 2 7 1 2 7 5 30 3 0 2 7 17 9 2 16 6 2 13 6 3 1 2 7 1 2 7 0 2 7 0 2 7 5 31 3 17 9 2 0 2 7 1 2 7 5 30 3 1 2 7 0 2 7 0 2 7 0 2 7 0 2 7 12 16 2 1 2 7 1 2 7 0 2 7 0 2 7 16 15 2 0 2 7 16 6 2 0 2 7 1 2 7 0 2 7 8 18 2 17 18 2 0 2 7 5 31 3 0 2 7 1 2 7 0 60.8820744156837463
12 16 2 6 2 7 0 2 3 0 2 3 16 15 2 0 2 7 1 2 7 0 2 4 0 2 7 0 2 7 1 2 7 17 9 2 0 2 7 1 2 3 0 2 3 0 2 7 0 2 7 0 2 7 1 2 7 0 2 7 5 30 3 5 30 3 1 2 7 1 2 7 0 2 7 1 2 7 5 30 3 0 2 7 17 9 2 16 30 2 0 2 4 13 6 3 0 2 7 1 2 7 16 30 2 0 2 7 0 2 7 0 2 3 5 31 3 17 9 2 0 2 7 1 2 7 5 31 3 1 2 3 0 2 7 1 2 4 0 2 7 5 30 3 0 2 7 0 2 7 12 16 2 0 2 3 17 18 2 1 2 7 1 2 7 1 2 7 0 2 4 8 9 2 0 2 3 1 2 7 0 61.3072367310523987
12 16 2 12 16 2 0 2 3 8 9 2 16 6 2 5 30 3 5 30 3 5 30 3 1 2 11 0 2 8 0 2 3 0 2 3 5 31 3 0 2 11 0 2 11 0 2 8 1 2 7 5 30 3 0 2 8 0 2 8 0 2 11 1 2 7 16 19 11 8 9 2 0 2 3 0 2 7 6 2 3 16 19 11 0 2 3 0 2 7 0 2 8 0 2 7 0 2 7 0 2 11 0 2 11 1 2 8 16 19 11 0 2 7 1 2 8 0 2 7 8 18 2 5 30 3 12 16 2 5 30 3 0 2 3 16 6 2 0 2 8 0 2 7 1 2 8 0 2 7 5 30 3 0 2 8 0 2 8 5 30 3 0 2 8 0 2 8 0 2 3 0 2 3 16 6 2 17 9 2 0 66.2267409563064575
12 16 2 0 2 7 1 2 7 12 16 2 1 2 7 0 2 7 0 2 3 1 2 7 0 2 3 0 2 7 0 2 7 0 2 3 1 2 7 12 16 2 0 2 3 0 2 7 0 2 7 0 2 3 0 2 7 0 2 7 0 2 7 0 2 7 5 30 3 0 2 11 1 2 7 0 2 7 5 30 3 16 6 2 0 2 7 0 2 7 0 2 7 5 30 3 0 2 7 1 2 7 0 2 3 5 31 3 0 2 7 0 2 3 17 18 2 1 2 11 17 9 2 17 1 2 16 6 2 13 6 3 1 2 7 1 2 7 0 2 7 8 9 2 1 2 7 0 2 7 1 2 7 1 2 7 1 2 7 17 9 2 0 2 7 1 2 7 0 2 3 5 31 3 16 6 2 0 2 3 0 61.5941205024719238
12 16 2 5 30 3 17 18 2 0 2 7 0 2 4 12 16 2 13 6 3 15 2 11 1 2 7 0 2 7 0 2 7 1 2 7 0 2 7 0 2 7 0 2 7 17 9 2 5 31 3 0 2 7 0 2 7 0 2 7 1 2 7 1 2 7 0 2 4 16 6 2 0 2 7 0 2 7 5 30 3 17 9 2 0 2 7 1 2 7 0 2 7 0 2 4 0 2 7 0 2 4 0 2 7 0 2 7 0 2 7 0 2 7 5 31 3 1 2 7 1 2 7 1 2 4 17 9 2 0 2 4 1 2 7 1 2 7 5 31 3 1 2 4 0 2 7 1 2 7 0 2 4 0 2 4 1 2 7 17 18 2 1 2 4 1 2 7 0 2 4 1 2 7 1 2 7 17 18 2 0 60.5926156044006348
12 16 2 5 30 3 8 18 2 0 2 7 0 2 7 12 16 2 13 6 3 1 2 7 1 2 7 1 2 4 0 2 3 13 6 3 0 2 7 1 2 7 0 2 4 0 2 7 0 2 7 17 9 2 5 31 3 1 2 4 0 2 7 0 2 7 0 2 7 0 2 4 1 2 7 1 2 7 1 2 4 0 2 7 16 6 2 0 2 4 0 2 3 0 2 4 0 2 7 5 30 3 1 2 11 17 9 2 0 2 7 1 2 7 0 2 7 0 2 7 0 2 7 0 2 7 0 2 7 0 2 3 0 2 7 17 18 2 0 2 7 17 18 2 5 30 3 5 30 3 1 2 7 5 30 3 1 2 10 1 2 7 1 2 7 1 2 4 17 9 2 0 2 7 17 18 2 1 2 7 0 60.7776694297790527

Current Evaluation = 5400(5400)
Front Size = 10
12 16 2 0 2 7 0 2 7 12 16 2 13 6 3 1 2 7 1 2 7 1 2 7 13 6 3 0 2 7 1 2 7 0 2 7 0 2 7 1 2 7 17 9 2 5 31 3 0 2 7 0 2 7 1 2 7 0 2 7 1 2 7 0 2 7 16 6 2 17 9 2 0 2 7 0 2 7 1 2 4 17 18 2 0 2 7 17 18 2 1 2 7 1 2 7 17 18 2 5 31 3 0 2 7 0 2 7 0 2 7 5 31 3 0 2 7 12 16 2 12 16 2 17 9 2 1 2 7 1 2 7 0 2 7 1 2 7 0 2 7 0 2 7 1 2 7 1 2 7 0 2 4 0 2 7 0 2 7 0 2 7 1 2 7 1 2 7 13 6 3 0 2 7 1 2 7 1 2 4 0 59.7211945056915283
12 16 2 0 2 7 0 2 3 1 2 4 13 6 3 1 2 3 0 2 7 1 2 7 0 2 3 0 2 7 1 2 4 8 9 2 5 31 3 0 2 7 0 2 4 0 2 3 0 2 4 0 2 7 16 6 2 17 9 2 0 2 7 0 2 4 1 2 7 17 18 2 0 2 3 1 2 7 1 2 4 5 30 3 0 2 7 1 2 7 0 2 1 1 2 3 12 16 2 5 30 3 1 2 7 0 2 7 0 2 7 1 2 7 0 2 3 1 2 7 5 30 3 8 9 2 0 2 4 17 18 2 0 2 4 17 9 2 0 2 7 1 2 7 5 30 3 17 18 2 0 2 4 16 6 2 1 2 7 12 16 2 0 2 10 1 2 7 0 2 4 0 2 7 0 2 7 1 2 7 0 61.4018776416778564
12 16 2 0 2 7 1 2 7 0 2 7 1 2 3 0 2 7 1 2 4 17 9 2 12 16 2 0 2 3 0 2 7 0 2 7 0 2 7 6 2 7 5 30 3 5 30 3 0 2 7 1 2 7 17 9 2 16 30 2 13 6 3 1 2 3 0 2 7 5 30 3 16 15 2 0 2 7 0 2 7 0 2 7 1 2 7 1 2 3 0 2 3 17 18 2 17 9 2 0 2 7 0 2 7 0 2 7 0 2 7 0 2 7 0 2 7 1 2 7 1 2 7 0 2 7 5 30 3 1 2 7 1 2 3 0 2 7 0 2 7 1 2 7 0 2 7 17 18 2 1 2 3 8 18 2 1 2 7 13 6 3 0 2 7 5 30 3 0 2 7 1 2 4 5 31 3 0 2 4 0 61.0039345622062683
12 16 2 0 2 7 1 2 7 12 16 2 1 2 7 0 2 7 0 2 3 1 2 7 0 2 3 0 2 7 0 2 7 0 2 3 1 2 7 12 16 2 0 2 3 0 2 7 0 2 7 0 2 3 0 2 7 0 2 7 0 2 7 0 2 7 5 30 3 0 2 11 1 2 7 0 2 7 5 30 3 16 6 2 0 2 7 0 2 7 0 2 7 5 30 3 0 2 7 1 2 7 0 2 3 5 31 3 0 2 7 0 2 3 17 18 2 1 2 11 17 9 2 17 1 2 16 6 2 13 6 3 1 2 7 1 2 7 0 2 7 8 9 2 1 2 7 0 2 7 1 2 7 1 2 7 1 2 7 17 9 2 0 2 7 1 2 7 0 2 3 5 31 3 16 6 2 0 2 3 0 61.5941205024719238
12 16 2 0 2 4 1 2 7 12 16 2 0 2 7 0 2 4 1 2 4 1 2 7 0 2 7 1 2 7 12 16 2 0 2 4 0 2 4 1 2 7 0 2 7 0 2 7 0 2 4 1 2 7 0 2 7 16 32 2 0 2 4 0 2 7 0 2 7 0 2 7 0 2 7 5 30 3 1 2 7 12 16 2 17 9 2 13 6 3 1 2 7 0 2 7 0 2 4 1 2 7 0 2 4 1 2 4 1 2 7 1 2 7 17 9 2 17 18 2 1 2 7 5 31 3 1 2 7 0 2 7 1 2 7 8 9 2 17 18 2 5 31 3 0 2 4 0 2 7 1 2 7 0 2 7 17 18 2 1 2 7 17 9 2 5 31 3 1 2 4 0 2 7 0 2 7 0 2 4 0 60.6151297092437744
12 16 2 0 2 3 0 2 7 12 16 2 0 2 7 0 2 7 0 2 7 0 2 3 1 2 7 0 2 7 0 2 7 0 2 7 0 2 7 0 2 3 0 2 3 0 2 7 1 2 7 8 9 2 0 2 7 8 9 2 0 2 3 0 2 7 1 2 4 0 2 3 1 2 7 17 9 2 5 30 3 5 30 3 8 9 2 5 30 3 0 2 3 1 2 3 17 18 2 1 2 7 0 2 3 5 30 3 1 2 7 16 19 11 0 2 7 0 2 7 1 2 7 16 15 2 0 2 3 12 16 2 13 6 3 1 2 7 0 2 7 5 30 3 16 30 2 1 2 7 0 2 7 0 2 7 5 30 3 0 2 7 1 2 7 16 6 2 0 2 3 1 2 7 17 18 2 1 2 7 0 62.1537814140319824
12 16 2 0 2 7 0 2 7 12 16 2 13 6 3 1 2 4 1 2 7 1 2 4 13 6 3 0 2 7 1 2 7 0 2 7 0 2 7 1 2 7 17 9 2 5 31 3 1 2 4 0 2 7 0 2 4 0 2 7 0 2 7 1 2 7 0 2 7 16 6 2 0 2 4 17 9 2 0 2 7 0 2 7 1 2 7 0 2 4 17 18 2 0 2 7 17 18 2 1 2 7 1 2 7 0 2 4 17 18 2 5 31 3 0 2 7 0 2 7 6 2 3 0 2 7 5 31 3 1 2 4 0 2 7 12 16 2 12 16 2 17 9 2 5 30 3 1 2 4 0 2 4 1 2 7 0 2 7 0 2 7 1 2 4 1 2 7 0 2 7 0 2 7 1 2 4 1 2 7 0 60.2408735752105713
12 16 2 12 16 2 0 2 3 8 9 2 16 6 2 5 30 3 5 30 3 5 30 3 1 2 11 0 2 8 0 2 3 0 2 3 5 31 3 0 2 11 0 2 11 0 2 8 1 2 7 5 30 3 0 2 8 0 2 8 0 2 11 1 2 7 16 19 11 8 9 2 0 2 3 0 2 7 6 2 3 16 19 11 0 2 3 0 2 7 0 2 8 0 2 7 0 2 7 0 2 11 0 2 11 1 2 8 16 19 11 0 2 7 1 2 8 0 2 7 8 18 2 5 30 3 12 16 2 5 30 3 0 2 3 16 6 2 0 2 8 0 2 7 1 2 8 0 2 7 5 30 3 0 2 8 0 2 8 5 30 3 0 2 8 0 2 8 0 2 3 0 2 3 16 6 2 17 9 2 0 66.2267409563064575
12 16 2 1 2 7 17 18 2 0 2 7 17 9 2 1 2 4 12 16 2 13 6 3 1 2 7 1 2 7 1 2 7 0 2 7 13 6 3 0 2 7 17 18 2 0 2 7 1 2 7 0 2 7 0 2 7 1 2 7 17 9 2 0 2 7 5 31 3 1 2 11 1 2 11 0 2 7 1 2 7 0 2 4 0 2 7 1 2 7 15 2 11 0 2 7 0 2 3 16 6 2 0 2 4 0 2 7 0 2 7 0 2 7 17 9 2 0 2 7 0 2 7 0 2 7 17 9 2 0 2 7 5 31 3 1 2 7 5 30 3 0 2 7 1 2 7 0 2 11 0 2 7 1 2 7 1 2 7 0 2 4 1 2 7 0 2 11 5 30 3 1 2 7 0 2 7 1 2 7 0 60.5073505640029907
12 16 2 1 2 7 1 2 7 1 2 7 1 2 4 0 2 7 1 2 7 17 9 2 12 16 2 0 2 7 1 2 7 0 2 7 1 2 4 5 30 3 5 30 3 0 2 7 5 31 3 17 9 2 16 6 2 13 6 3 1 2 7 0 2 4 5 31 3 0 2 7 0 2 7 0 2 7 0 2 7 12 16 2 0 2 11 0 2 7 1 2 4 17 18 2 1 2 7 0 2 7 0 2 7 0 2 7 16 18 11 0 2 7 5 30 3 0 2 7 1 2 7 0 2 7 0 2 4 1 2 7 0 2 7 0 2 7 0 2 7 0 2 7 0 2 7 1 2 7 5 31 3 0 2 7 16 30 2 8 18 2 0 2 7 1 2 11 17 18 2 0 2 7 0 2 7 1 2 7 0 61.1926265358924866

Current Evaluation = 6300(6300)
Front Size = 10
12 16 2 0 2 7 0 2 7 12 16 2 13 6 3 1 2 4 1 2 7 1 2 7 13 6 3 0 2 7 1 2 7 0 2 7 0 2 7 1 2 7 17 9 2 5 31 3 0 2 7 0 2 7 1 2 7 0 2 7 1 2 7 0 2 7 16 6 2 17 9 2 0 2 7 0 2 7 1 2 4 17 18 2 0 2 7 17 18 2 0 2 7 1 2 7 17 18 2 5 31 3 0 2 7 0 2 7 0 2 7 5 31 3 0 2 7 12 16 2 12 16 2 17 9 2 1 2 7 0 2 7 0 2 7 0 2 7 0 2 7 1 2 7 1 2 7 1 2 7 1 2 7 0 2 7 1 2 7 0 2 4 1 2 7 0 2 7 1 2 7 13 6 3 1 2 7 1 2 7 0 59.7211945056915283
5 30 3 1 2 3 17 18 2 0 2 11 17 9 2 1 2 3 12 16 2 13 6 3 0 2 7 1 2 7 0 2 7 0 2 11 17 18 2 1 2 4 1 2 11 0 2 7 0 2 7 1 2 7 17 9 2 1 2 7 5 30 3 1 2 7 0 2 7 0 2 4 1 2 3 0 2 3 0 2 7 0 2 7 0 2 7 0 2 7 16 6 2 0 2 4 0 2 7 1 2 4 0 2 7 5 30 3 1 2 7 1 2 3 0 2 7 1 2 3 5 30 3 1 2 7 1 2 7 13 6 3 0 2 7 17 18 2 5 31 3 0 2 7 8 9 2 0 2 7 12 16 2 0 2 7 5 30 3 0 2 7 0 2 7 0 2 7 16 30 2 0 2 7 1 2 7 0 2 7 0 61.0637016296386719
12 16 2 0 2 7 0 2 3 1 2 4 13 6 3 1 2 3 0 2 7 1 2 7 0 2 3 0 2 7 1 2 4 8 9 2 5 31 3 0 2 7 0 2 4 0 2 3 0 2 4 0 2 7 16 6 2 17 9 2 0 2 7 0 2 4 1 2 7 17 18 2 0 2 3 1 2 7 1 2 4 5 30 3 0 2 7 1 2 7 0 2 1 1 2 3 12 16 2 5 30 3 1 2 7 0 2 7 0 2 7 1 2 7 0 2 3 1 2 7 5 30 3 8 9 2 0 2 4 17 18 2 0 2 4 17 9 2 0 2 7 1 2 7 5 30 3 17 18 2 0 2 4 16 6 2 1 2 7 12 16 2 0 2 10 1 2 7 0 2 4 0 2 7 0 2 7 1 2 7 0 61.4018776416778564
12 16 2 0 2 4 12 16 2 0 2 7 1 2 11 5 31 3 0 2 7 0 2 7 0 2 7 0 2 7 0 2 7 0 2 7 5 31 3 0 2 7 0 2 3 0 2 7 0 2 7 17 9 2 17 18 2 1 2 7 1 2 7 0 2 7 0 2 7 0 2 7 12 16 2 13 6 3 1 2 7 1 2 7 0 2 7 1 2 7 0 2 7 1 2 7 0 2 7 16 6 2 1 2 7 17 18 2 0 2 7 0 2 7 0 2 7 0 2 7 0 2 7 8 9 2 5 30 3 0 2 7 0 2 10 5 30 3 0 2 10 8 9 2 5 30 3 0 2 7 1 2 7 1 2 7 5 30 3 16 19 11 16 6 2 1 2 7 5 30 3 16 30 2 5 30 3 0 2 7 0 61.888336181640625
12 16 2 0 2 3 0 2 7 12 16 2 0 2 7 0 2 7 0 2 7 0 2 3 1 2 7 0 2 7 0 2 7 0 2 7 0 2 7 0 2 3 0 2 3 0 2 7 1 2 7 8 9 2 0 2 7 8 9 2 0 2 3 0 2 7 1 2 4 0 2 3 1 2 7 17 9 2 5 30 3 5 30 3 8 9 2 5 30 3 0 2 3 1 2 3 17 18 2 1 2 7 0 2 3 5 30 3 1 2 7 16 19 11 0 2 7 0 2 7 1 2 7 16 15 2 0 2 3 12 16 2 13 6 3 1 2 7 0 2 7 5 30 3 16 30 2 1 2 7 0 2 7 0 2 7 5 30 3 0 2 7 1 2 7 16 6 2 0 2 3 1 2 7 17 18 2 1 2 7 0 62.1537814140319824
12 16 2 0 2 7 0 2 7 12 16 2 13 6 3 1 2 4 1 2 7 1 2 4 13 6 3 0 2 7 1 2 7 0 2 7 0 2 7 1 2 7 17 9 2 5 31 3 1 2 4 0 2 7 0 2 4 0 2 7 0 2 7 1 2 7 0 2 7 16 6 2 0 2 4 17 9 2 0 2 7 0 2 7 1 2 7 0 2 4 17 18 2 0 2 7 17 18 2 1 2 7 1 2 7 0 2 4 17 18 2 5 31 3 0 2 7 0 2 7 6 2 3 0 2 7 5 31 3 1 2 4 0 2 7 12 16 2 12 16 2 17 9 2 5 30 3 1 2 4 0 2 4 1 2 7 0 2 7 0 2 7 1 2 4 1 2 7 0 2 7 0 2 7 1 2 4 1 2 7 0 60.2408735752105713
12 16 2 0 2 7 0 2 7 12 16 2 13 6 3 1 2 4 1 2 7 1 2 7 13 6 3 0 2 7 15 2 11 0 2 3 17 9 2 0 2 7 1 2 4 0 2 7 1 2 7 0 2 7 0 2 4 1 2 7 0 2 7 17 9 2 0 2 7 0 2 7 0 2 7 17 18 2 0 2 7 17 18 2 1 2 7 0 2 7 0 2 7 0 2 7 0 2 7 1 2 4 5 30 3 0 2 7 0 2 7 0 2 7 1 2 7 1 2 7 5 31 3 5 31 3 17 9 2 1 2 7 1 2 7 1 2 4 16 6 2 1 2 4 1 2 7 17 9 2 0 2 7 0 2 7 0 2 7 1 2 4 0 2 7 5 30 3 0 2 7 5 30 3 1 2 7 0 2 7 0 60.3101454973220825
12 16 2 0 2 7 0 2 7 12 16 2 13 6 3 1 2 7 1 2 7 1 2 7 13 6 3 0 2 7 0 2 7 16 24 2 0 2 7 6 2 7 17 9 2 5 30 3 1 2 7 0 2 7 0 2 7 0 2 7 1 2 7 6 2 4 16 6 2 0 2 7 17 9 2 0 2 7 0 2 7 0 2 7 17 18 2 0 2 7 17 18 2 0 2 7 1 2 7 17 18 2 0 2 7 0 2 7 0 2 7 0 2 7 5 30 3 0 2 7 0 2 7 0 2 7 0 2 7 0 2 7 1 2 7 0 2 11 0 2 7 5 31 3 6 2 7 5 31 3 1 2 4 0 2 7 5 31 3 5 30 3 1 2 7 5 30 3 5 30 3 1 2 7 0 2 7 1 2 4 0 60.9602875113487244
12 16 2 1 2 4 17 18 2 0 2 4 17 9 2 0 2 7 12 16 2 13 6 3 1 2 7 1 2 7 1 2 4 0 2 7 13 6 3 0 2 7 17 18 2 0 2 7 1 2 7 0 2 3 0 2 4 1 2 7 17 9 2 1 2 7 5 30 3 0 2 7 1 2 3 0 2 7 0 2 7 0 2 7 0 2 4 16 6 2 0 2 4 0 2 7 0 2 7 0 2 7 17 9 2 1 2 7 0 2 7 0 2 7 0 2 7 5 31 3 1 2 7 5 31 3 0 2 4 1 2 7 0 2 4 0 2 7 0 2 7 1 2 7 1 2 7 1 2 7 0 2 7 17 18 2 0 2 7 1 2 7 6 2 4 1 2 7 12 16 2 1 2 7 5 31 3 1 2 7 0 60.1825236678123474
12 16 2 0 2 7 12 16 2 13 6 3 1 2 7 1 2 7 13 6 3 0 2 7 1 2 7 0 2 7 0 2 7 1 2 7 17 9 2 5 31 3 0 2 7 0 2 7 1 2 7 0 2 7 1 2 7 0 2 4 16 6 2 17 9 2 0 2 7 0 2 4 1 2 7 17 18 2 0 2 7 17 18 2 0 2 7 1 2 7 5 30 3 17 18 2 5 30 3 0 2 7 1 2 11 0 2 4 5 30 3 1 2 7 0 2 7 0 2 4 0 2 7 0 2 7 1 2 12 1 2 7 1 2 7 0 2 7 0 2 7 12 16 2 17 9 2 1 2 7 0 2 7 0 2 7 0 2 7 12 16 2 5 31 3 1 2 7 13 6 3 1 2 7 8 9 2 0 2 7 0 60.4597103595733643

Current Evaluation = 7200(7200)
Front Size = 10
12 16 2 0 2 7 0 2 7 12 16 2 13 6 3 1 2 4 1 2 7 1 2 7 13 6 3 0 2 7 1 2 7 0 2 7 0 2 7 1 2 7 17 9 2 5 31 3 0 2 7 0 2 7 1 2 7 0 2 7 1 2 7 0 2 7 16 6 2 17 9 2 0 2 7 0 2 7 1 2 4 17 18 2 0 2 7 17 18 2 0 2 7 1 2 7 17 18 2 5 31 3 0 2 7 0 2 7 0 2 7 5 31 3 0 2 7 12 16 2 12 16 2 17 9 2 1 2 7 0 2 7 0 2 7 0 2 7 0 2 7 1 2 7 1 2 7 1 2 7 1 2 7 0 2 7 1 2 7 0 2 4 1 2 7 0 2 7 1 2 7 13 6 3 1 2 7 1 2 7 0 59.7211945056915283
12 16 2 0 2 7 1 2 7 13 6 3 0 2 4 0 2 10 0 2 7 1 2 4 5 30 3 0 2 7 0 2 7 16 6 2 17 9 2 1 2 7 1 2 7 17 18 2 1 2 4 1 2 7 0 2 4 1 2 7 12 16 2 5 31 3 1 2 11 0 2 7 0 2 3 1 2 4 1 2 7 5 30 3 17 18 2 17 9 2 0 2 7 1 2 7 5 31 3 17 18 2 17 9 2 1 2 7 1 2 7 0 2 4 1 2 11 0 2 4 8 9 2 0 2 4 0 2 3 0 2 4 0 2 7 0 2 7 1 2 4 0 2 4 0 2 7 1 2 7 0 2 7 0 2 7 0 2 7 0 2 7 0 2 7 12 16 2 0 2 3 1 2 4 0 2 4 1 2 4 0 60.8451476097106934
12 16 2 0 2 7 1 2 7 12 16 2 13 6 3 0 2 7 13 6 3 1 2 7 0 2 7 0 2 7 8 9 2 0 2 7 1 2 7 0 2 4 1 2 11 0 2 11 0 2 7 17 9 2 0 2 7 0 2 4 0 2 11 17 18 2 0 2 7 17 18 2 0 2 7 1 2 7 5 30 3 1 2 7 5 31 3 0 2 7 1 2 7 1 2 7 5 30 3 5 30 3 1 2 7 12 16 2 0 2 7 0 2 4 0 2 7 0 2 4 1 2 7 0 2 7 13 6 3 0 2 4 0 2 7 5 30 3 0 2 7 1 2 4 0 2 7 5 30 3 1 2 7 0 2 7 1 2 4 16 6 2 1 2 7 17 9 2 17 9 2 17 18 2 0 2 7 12 16 2 0 60.7173783779144287
12 16 2 0 2 7 0 2 7 12 16 2 13 6 3 0 2 7 0 2 7 0 2 7 17 9 2 1 2 7 0 2 7 0 2 7 1 2 7 0 2 7 17 1 2 0 2 7 0 2 7 1 2 7 17 18 2 0 2 7 17 18 2 1 2 7 0 2 7 5 31 3 1 2 7 5 31 3 1 2 7 1 2 7 5 30 3 5 30 3 1 2 7 0 2 7 5 30 3 1 2 7 13 6 3 0 2 7 1 2 7 0 2 7 1 2 4 1 2 7 0 2 7 0 2 7 0 2 7 0 2 7 0 2 7 0 2 7 0 2 7 0 2 7 0 2 7 1 2 4 1 2 7 17 9 2 5 30 3 0 2 7 17 18 2 16 30 2 0 2 7 5 30 3 0 2 7 0 2 7 0 60.6451693773269653
12 16 2 0 2 7 0 2 7 12 16 2 13 6 3 0 2 4 1 2 11 0 2 7 0 2 7 0 2 7 17 9 2 1 2 4 0 2 7 0 2 4 0 2 7 1 2 7 0 2 7 17 9 2 0 2 7 0 2 7 6 2 7 17 18 2 1 2 7 17 18 2 1 2 7 0 2 7 1 2 11 5 31 3 1 2 7 5 31 3 0 2 7 1 2 7 5 30 3 5 30 3 1 2 4 1 2 7 0 2 7 1 2 7 13 6 3 17 9 2 1 2 4 0 2 7 0 2 7 0 2 7 1 2 7 1 2 7 1 2 4 0 2 7 16 31 2 12 16 2 0 2 7 0 2 7 0 2 7 1 2 7 1 2 7 1 2 11 17 9 2 0 2 7 0 2 7 0 2 7 0 60.305946409702301
12 16 2 1 2 7 17 18 2 0 2 7 17 9 2 1 2 4 12 16 2 13 6 3 1 2 7 1 2 7 1 2 11 1 2 7 0 2 7 17 18 2 0 2 7 0 2 11 0 2 7 0 2 7 1 2 7 1 2 4 5 30 3 0 2 7 1 2 7 6 2 4 0 2 7 0 2 4 0 2 11 16 6 2 0 2 7 0 2 7 0 2 7 0 2 7 1 2 7 1 2 7 0 2 7 0 2 7 5 31 3 1 2 3 0 2 7 1 2 7 1 2 7 1 2 3 17 18 2 1 2 7 1 2 7 0 2 7 5 31 3 0 2 7 0 2 3 0 2 7 17 9 2 0 2 7 16 6 2 0 2 4 0 2 7 1 2 3 8 18 2 0 2 7 5 31 3 0 2 7 0 60.8251788020133972
12 16 2 0 2 7 0 2 7 12 16 2 13 6 3 0 2 7 0 2 4 0 2 7 17 9 2 1 2 7 0 2 7 0 2 7 0 2 7 0 2 7 0 2 4 0 2 7 1 2 7 17 18 2 0 2 4 17 18 2 1 2 7 0 2 7 5 31 3 1 2 7 5 31 3 1 2 7 1 2 7 5 30 3 1 2 7 0 2 4 1 2 7 0 2 7 1 2 7 0 2 4 1 2 7 1 2 7 0 2 7 0 2 7 0 2 7 0 2 7 0 2 7 0 2 7 1 2 4 1 2 7 17 9 2 17 18 2 1 2 7 5 30 3 5 30 3 13 6 3 0 2 7 0 2 7 6 2 7 0 2 7 1 2 11 16 30 2 17 18 2 0 2 4 1 2 7 5 31 3 0 60.4613385796546936
12 16 2 1 2 4 17 18 2 0 2 4 17 9 2 0 2 7 12 16 2 13 6 3 1 2 7 1 2 7 1 2 4 0 2 7 13 6 3 0 2 7 17 18 2 0 2 7 1 2 7 0 2 3 0 2 4 1 2 7 17 9 2 1 2 7 5 30 3 0 2 7 1 2 3 0 2 7 0 2 7 0 2 7 0 2 4 16 6 2 0 2 4 0 2 7 0 2 7 0 2 7 17 9 2 1 2 7 0 2 7 0 2 7 0 2 7 5 31 3 1 2 7 5 31 3 0 2 4 1 2 7 0 2 4 0 2 7 0 2 7 1 2 7 1 2 7 1 2 7 0 2 7 17 18 2 0 2 7 1 2 7 6 2 4 1 2 7 12 16 2 1 2 7 5 31 3 1 2 7 0 60.1825236678123474
12 16 2 0 2 3 0 2 7 12 16 2 0 2 7 0 2 7 0 2 7 0 2 3 1 2 7 0 2 7 0 2 7 0 2 7 0 2 7 0 2 3 0 2 3 0 2 7 1 2 7 8 9 2 0 2 7 8 9 2 0 2 3 0 2 7 1 2 4 0 2 3 1 2 7 17 9 2 5 30 3 5 30 3 8 9 2 5 30 3 0 2 3 1 2 3 17 18 2 1 2 7 0 2 3 5 30 3 1 2 7 16 19 11 0 2 7 0 2 7 1 2 7 16 15 2 0 2 3 12 16 2 13 6 3 1 2 7 0 2 7 5 30 3 16 30 2 1 2 7 0 2 7 0 2 7 5 30 3 0 2 7 1 2 7 16 6 2 0 2 3 1 2 7 17 18 2 1 2 7 0 62.1537814140319824
12 16 2 0 2 3 1 2 3 13 6 3 0 2 3 0 2 7 1 2 7 5 30 3 1 2 3 0 2 7 16 6 2 17 9 2 16 31 2 1 2 4 17 18 2 1 2 7 1 2 7 1 2 7 12 16 2 5 30 3 1 2 3 0 2 7 1 2 7 1 2 4 5 30 3 17 18 2 17 9 2 0 2 7 1 2 7 5 31 3 17 18 2 0 2 4 1 2 11 0 2 7 0 2 4 0 2 3 0 2 7 1 2 7 0 2 7 0 2 7 0 2 7 0 2 4 0 2 7 12 16 2 1 2 7 1 2 7 0 2 7 1 2 7 0 2 3 0 2 7 1 2 4 0 2 7 0 2 3 13 6 3 0 2 3 0 2 7 0 2 7 0 2 7 0 2 7 1 2 7 0 60.7969355583190918

Current Evaluation = 8100(8100)
Front Size = 10
12 16 2 0 2 7 0 2 7 12 16 2 13 6 3 1 2 4 1 2 7 1 2 7 13 6 3 0 2 7 1 2 7 0 2 7 0 2 7 1 2 7 17 9 2 5 31 3 0 2 7 0 2 7 1 2 7 0 2 7 1 2 7 0 2 7 16 6 2 17 9 2 0 2 7 0 2 7 1 2 4 17 18 2 0 2 7 17 18 2 0 2 7 1 2 7 17 18 2 5 31 3 0 2 7 0 2 7 0 2 7 5 31 3 0 2 7 12 16 2 12 16 2 17 9 2 1 2 7 0 2 7 0 2 7 0 2 7 0 2 7 1 2 7 1 2 7 1 2 7 1 2 7 0 2 7 1 2 7 0 2 4 1 2 7 0 2 7 1 2 7 13 6 3 1 2 7 1 2 7 0 59.7211945056915283
12 16 2 0 2 3 1 2 3 13 6 3 0 2 3 0 2 7 1 2 7 5 30 3 1 2 3 0 2 7 16 6 2 17 9 2 16 31 2 1 2 4 17 18 2 1 2 7 1 2 7 1 2 7 12 16 2 5 30 3 1 2 3 0 2 7 1 2 7 1 2 4 5 30 3 17 18 2 17 9 2 0 2 7 1 2 7 5 31 3 17 18 2 0 2 4 1 2 11 0 2 7 0 2 4 0 2 3 0 2 7 1 2 7 0 2 7 0 2 7 0 2 7 0 2 4 0 2 7 12 16 2 1 2 7 1 2 7 0 2 7 1 2 7 0 2 3 0 2 7 1 2 4 0 2 7 0 2 3 13 6 3 0 2 3 0 2 7 0 2 7 0 2 7 0 2 7 1 2 7 0 60.7969355583190918
12 16 2 0 2 7 0 2 7 12 16 2 13 6 3 0 2 7 0 2 7 0 2 7 17 9 2 1 2 7 0 2 7 0 2 7 1 2 7 0 2 7 17 1 2 0 2 7 0 2 7 1 2 7 17 18 2 0 2 7 17 18 2 1 2 7 0 2 7 5 31 3 1 2 7 5 31 3 1 2 7 1 2 7 5 30 3 5 30 3 1 2 7 0 2 7 5 30 3 1 2 7 13 6 3 0 2 7 1 2 7 0 2 7 1 2 4 1 2 7 0 2 7 0 2 7 0 2 7 0 2 7 0 2 7 0 2 7 0 2 7 0 2 7 0 2 7 1 2 4 1 2 7 17 9 2 5 30 3 0 2 7 17 18 2 16 30 2 0 2 7 5 30 3 0 2 7 0 2 7 0 60.6451693773269653
12 16 2 0 2 4 1 2 7 13 6 3 0 2 4 0 2 7 1 2 7 5 31 3 0 2 7 0 2 7 16 6 2 17 9 2 6 2 4 1 2 7 17 18 2 1 2 4 13 6 3 0 2 3 1 2 7 12 16 2 5 31 3 1 2 7 0 2 7 0 2 4 1 2 7 1 2 4 5 30 3 17 18 2 17 9 2 0 2 7 1 2 7 5 31 3 17 18 2 0 2 7 1 2 4 0 2 7 0 2 7 0 2 7 1 2 7 1 2 4 0 2 7 0 2 7 0 2 7 0 2 7 12 16 2 0 2 4 17 9 2 0 2 7 0 2 7 0 2 4 0 2 7 1 2 4 1 2 7 12 16 2 0 2 7 0 2 7 1 2 7 1 2 7 0 2 7 1 2 4 0 60.2408736348152161
12 16 2 0 2 3 0 2 7 12 16 2 0 2 7 0 2 7 0 2 7 0 2 3 1 2 7 0 2 7 0 2 7 0 2 7 0 2 7 0 2 3 0 2 3 0 2 7 1 2 7 8 9 2 0 2 7 8 9 2 0 2 3 0 2 7 1 2 4 0 2 3 1 2 7 17 9 2 5 30 3 5 30 3 8 9 2 5 30 3 0 2 3 1 2 3 17 18 2 1 2 7 0 2 3 5 30 3 1 2 7 16 19 11 0 2 7 0 2 7 1 2 7 16 15 2 0 2 3 12 16 2 13 6 3 1 2 7 0 2 7 5 30 3 16 30 2 1 2 7 0 2 7 0 2 7 5 30 3 0 2 7 1 2 7 16 6 2 0 2 3 1 2 7 17 18 2 1 2 7 0 62.1537814140319824
12 16 2 0 2 7 0 2 7 12 16 2 13 6 3 0 2 4 1 2 11 0 2 7 0 2 7 0 2 7 17 9 2 1 2 4 0 2 7 0 2 4 0 2 7 1 2 7 0 2 7 17 9 2 0 2 7 0 2 7 6 2 7 17 18 2 1 2 7 17 18 2 1 2 7 0 2 7 1 2 11 5 31 3 1 2 7 5 31 3 0 2 7 1 2 7 5 30 3 5 30 3 1 2 4 1 2 7 0 2 7 1 2 7 13 6 3 17 9 2 1 2 4 0 2 7 0 2 7 0 2 7 1 2 7 1 2 7 1 2 4 0 2 7 16 31 2 12 16 2 0 2 7 0 2 7 0 2 7 1 2 7 1 2 7 1 2 11 17 9 2 0 2 7 0 2 7 0 2 7 0 60.305946409702301
12 16 2 1 2 7 17 18 2 0 2 7 17 9 2 1 2 4 12 16 2 13 6 3 1 2 7 1 2 7 1 2 11 1 2 7 0 2 7 17 18 2 0 2 7 0 2 11 0 2 7 0 2 7 1 2 7 1 2 4 5 30 3 0 2 7 1 2 7 6 2 4 0 2 7 0 2 4 0 2 11 16 6 2 0 2 7 0 2 7 0 2 7 0 2 7 1 2 7 1 2 7 0 2 7 0 2 7 5 31 3 1 2 3 0 2 7 1 2 7 1 2 7 1 2 3 17 18 2 1 2 7 1 2 7 0 2 7 5 31 3 0 2 7 0 2 3 0 2 7 17 9 2 0 2 7 16 6 2 0 2 4 0 2 7 1 2 3 8 18 2 0 2 7 5 31 3 0 2 7 0 60.8251788020133972
12 16 2 1 2 7 17 18 2 1 2 4 17 9 2 12 16 2 13 6 3 0 2 7 1 2 7 0 2 7 17 18 2 0 2 4 0 2 7 0 2 7 1 2 4 1 2 7 1 2 7 0 2 7 1 2 7 0 2 4 0 2 7 0 2 7 0 2 4 1 2 7 1 2 7 0 2 7 0 2 4 5 31 3 0 2 4 1 2 7 1 2 7 1 2 7 0 2 7 5 30 3 0 2 4 0 2 7 0 2 7 0 2 7 0 2 7 0 2 4 0 2 7 0 2 7 17 9 2 5 30 3 1 2 7 1 2 7 0 2 7 1 2 7 0 2 7 5 31 3 1 2 4 17 18 2 0 2 7 1 2 7 13 6 3 5 30 3 0 2 7 17 9 2 12 16 2 16 31 2 0 60.2826005220413208
12 16 2 0 2 7 0 2 7 12 16 2 13 6 3 1 2 7 0 2 4 1 2 7 13 6 3 0 2 7 1 2 7 1 2 7 0 2 7 0 2 4 17 9 2 5 31 3 0 2 3 0 2 7 1 2 7 0 2 7 6 2 4 0 2 7 16 15 2 17 9 2 0 2 7 0 2 7 0 2 7 17 18 2 0 2 7 17 18 2 1 2 7 0 2 7 17 18 2 0 2 7 0 2 7 0 2 7 0 2 7 12 16 2 12 16 2 17 9 2 0 2 7 0 2 7 1 2 11 1 2 7 5 30 3 0 2 7 13 6 3 5 30 3 5 30 3 1 2 7 0 2 7 5 30 3 1 2 7 1 2 7 1 2 7 8 9 2 0 2 7 1 2 7 0 2 7 1 2 4 0 60.5360162854194641
12 16 2 0 2 7 1 2 7 13 6 3 0 2 4 0 2 10 0 2 7 1 2 4 5 30 3 0 2 7 0 2 7 16 6 2 17 9 2 1 2 7 1 2 7 17 18 2 1 2 4 1 2 7 0 2 4 1 2 7 12 16 2 5 31 3 1 2 11 0 2 7 0 2 3 1 2 4 1 2 7 5 30 3 17 18 2 17 9 2 0 2 7 1 2 7 5 31 3 17 18 2 17 9 2 1 2 7 1 2 7 0 2 4 1 2 11 0 2 4 8 9 2 0 2 4 0 2 3 0 2 4 0 2 7 0 2 7 1 2 4 0 2 4 0 2 7 1 2 7 0 2 7 0 2 7 0 2 7 0 2 7 0 2 7 12 16 2 0 2 3 1 2 4 0 2 4 1 2 4 0 60.8451476097106934

Current Evaluation = 9000(9000)
Front Size = 10
12 16 2 0 2 7 0 2 7 12 16 2 13 6 3 0 2 4 1 2 7 1 2 7 13 6 3 0 2 7 0 2 7 0 2 7 0 2 7 1 2 7 17 9 2 5 31 3 0 2 7 0 2 7 1 2 7 1 2 7 0 2 7 0 2 7 16 6 2 17 9 2 1 2 7 0 2 7 1 2 4 17 18 2 0 2 7 17 18 2 1 2 7 1 2 7 17 18 2 5 31 3 0 2 7 0 2 7 0 2 7 5 31 3 0 2 7 12 16 2 12 16 2 17 9 2 1 2 7 0 2 7 0 2 7 1 2 7 1 2 7 1 2 7 0 2 7 0 2 7 0 2 7 1 2 7 1 2 7 1 2 7 1 2 7 0 2 7 1 2 7 13 6 3 1 2 4 0 2 7 0 59.7211945056915283
12 16 2 13 6 3 0 2 4 1 2 7 5 30 3 0 2 7 17 9 2 1 2 4 17 18 2 1 2 7 1 2 7 1 2 4 12 16 2 5 30 3 0 2 7 1 2 4 1 2 7 17 18 2 17 9 2 0 2 7 1 2 7 5 31 3 0 2 4 0 2 7 0 2 7 0 2 7 0 2 7 1 2 7 1 2 7 0 2 7 0 2 4 0 2 7 12 16 2 6 2 7 1 2 4 0 2 7 0 2 7 1 2 7 13 6 3 0 2 7 0 2 7 0 2 7 1 2 4 0 2 7 17 9 2 1 2 7 5 30 3 17 9 2 0 2 7 1 2 7 0 2 7 0 2 7 0 2 7 16 31 2 0 2 7 0 2 4 5 31 3 0 2 4 12 16 2 1 2 4 0 60.3866915106773376
12 16 2 0 2 3 0 2 7 12 16 2 0 2 7 0 2 7 0 2 7 0 2 3 1 2 7 0 2 7 0 2 7 0 2 7 0 2 7 0 2 3 0 2 3 0 2 7 1 2 7 8 9 2 0 2 7 8 9 2 0 2 3 0 2 7 1 2 4 0 2 3 1 2 7 17 9 2 5 30 3 5 30 3 8 9 2 5 30 3 0 2 3 1 2 3 17 18 2 1 2 7 0 2 3 5 30 3 1 2 7 16 19 11 0 2 7 0 2 7 1 2 7 16 15 2 0 2 3 12 16 2 13 6 3 1 2 7 0 2 7 5 30 3 16 30 2 1 2 7 0 2 7 0 2 7 5 30 3 0 2 7 1 2 7 16 6 2 0 2 3 1 2 7 17 18 2 1 2 7 0 62.1537814140319824
12 16 2 0 2 4 1 2 7 13 6 3 0 2 7 0 2 7 1 2 7 5 31 3 0 2 7 0 2 7 17 9 2 1 2 7 17 18 2 0 2 7 13 6 3 1 2 7 12 16 2 5 31 3 1 2 7 0 2 7 6 2 4 1 2 7 1 2 7 5 30 3 17 18 2 17 9 2 0 2 4 1 2 7 17 18 2 0 2 4 1 2 4 0 2 7 1 2 3 1 2 7 1 2 7 0 2 4 0 2 7 0 2 7 0 2 7 12 16 2 0 2 7 17 9 2 0 2 4 0 2 7 0 2 7 0 2 7 1 2 3 0 2 7 0 2 7 1 2 7 0 2 7 0 2 4 1 2 7 1 2 7 0 2 7 5 31 3 0 2 7 16 6 2 1 2 4 1 2 7 0 60.1825236678123474
12 16 2 0 2 4 0 2 7 12 16 2 13 6 3 0 2 7 1 2 7 0 2 7 17 9 2 1 2 4 0 2 4 1 2 7 1 2 7 0 2 7 0 2 7 0 2 7 1 2 7 17 18 2 0 2 4 17 18 2 1 2 7 0 2 7 5 30 3 1 2 7 5 31 3 0 2 7 1 2 7 1 2 7 0 2 7 1 2 7 13 6 3 0 2 7 1 2 7 5 31 3 0 2 7 1 2 7 0 2 7 0 2 4 0 2 4 0 2 7 0 2 7 1 2 7 1 2 7 0 2 4 0 2 7 1 2 4 17 9 2 17 18 2 17 9 2 0 2 11 1 2 4 8 18 2 17 9 2 5 30 3 1 2 7 0 2 7 0 2 7 5 30 3 1 2 7 0 2 11 0 60.4755927324295044
12 16 2 0 2 7 0 2 7 12 16 2 13 6 3 0 2 7 0 2 7 0 2 7 17 9 2 1 2 7 0 2 7 0 2 7 1 2 7 0 2 7 17 1 2 0 2 7 0 2 7 1 2 7 17 18 2 0 2 7 17 18 2 1 2 7 0 2 7 5 31 3 1 2 7 5 31 3 1 2 7 1 2 7 5 30 3 5 30 3 1 2 7 0 2 7 5 30 3 1 2 7 13 6 3 0 2 7 1 2 7 0 2 7 1 2 4 1 2 7 0 2 7 0 2 7 0 2 7 0 2 7 0 2 7 0 2 7 0 2 7 0 2 7 0 2 7 1 2 4 1 2 7 17 9 2 5 30 3 0 2 7 17 18 2 16 30 2 0 2 7 5 30 3 0 2 7 0 2 7 0 60.6451693773269653
12 16 2 0 2 7 1 2 7 13 6 3 0 2 4 0 2 10 0 2 7 1 2 4 5 30 3 0 2 7 0 2 7 16 6 2 17 9 2 1 2 7 1 2 7 17 18 2 1 2 4 1 2 7 0 2 4 1 2 7 12 16 2 5 31 3 1 2 11 0 2 7 0 2 3 1 2 4 1 2 7 5 30 3 17 18 2 17 9 2 0 2 7 1 2 7 5 31 3 17 18 2 17 9 2 1 2 7 1 2 7 0 2 4 1 2 11 0 2 4 8 9 2 0 2 4 0 2 3 0 2 4 0 2 7 0 2 7 1 2 4 0 2 4 0 2 7 1 2 7 0 2 7 0 2 7 0 2 7 0 2 7 0 2 7 12 16 2 0 2 3 1 2 4 0 2 4 1 2 4 0 60.8451476097106934
12 16 2 0 2 7 0 2 7 12 16 2 13 6 3 1 2 7 0 2 4 1 2 7 13 6 3 0 2 7 1 2 4 1 2 7 17 9 2 1 2 4 0 2 3 1 2 7 0 2 7 17 9 2 0 2 7 0 2 7 17 18 2 0 2 7 17 18 2 1 2 7 0 2 7 17 18 2 0 2 3 0 2 7 0 2 3 0 2 7 12 16 2 12 16 2 17 9 2 0 2 3 0 2 7 0 2 4 0 2 7 13 6 3 0 2 7 0 2 7 1 2 7 1 2 7 5 31 3 0 2 7 1 2 7 0 2 7 1 2 7 1 2 4 1 2 7 0 2 7 0 2 7 1 2 7 1 2 7 1 2 7 1 2 7 1 2 7 1 2 7 5 30 3 16 6 2 5 31 3 0 59.9809155464172363
12 16 2 0 2 7 0 2 7 12 16 2 13 6 3 0 2 4 1 2 7 1 2 7 13 6 3 0 2 7 0 2 4 0 2 7 0 2 4 1 2 7 17 9 2 5 31 3 0 2 7 0 2 7 1 2 7 0 2 7 0 2 7 0 2 7 17 9 2 1 2 7 0 2 4 1 2 4 17 18 2 0 2 7 17 18 2 1 2 7 1 2 7 5 31 3 0 2 7 0 2 7 0 2 7 5 31 3 0 2 7 12 16 2 12 16 2 17 9 2 1 2 7 0 2 4 0 2 7 1 2 7 1 2 7 0 2 7 1 2 4 1 2 4 16 30 2 1 2 4 0 2 4 0 2 7 1 2 7 5 30 3 1 2 7 1 2 7 17 9 2 1 2 4 0 2 4 0 2 7 0 60.1292036771774292
12 16 2 0 2 7 1 2 3 12 16 2 13 6 3 1 2 11 6 2 7 0 2 7 0 2 7 12 16 2 17 9 2 1 2 7 0 2 7 0 2 7 0 2 7 1 2 7 0 2 4 17 9 2 6 2 3 0 2 7 17 18 2 1 2 7 13 6 3 0 2 4 1 2 7 1 2 3 5 31 3 0 2 4 5 30 3 0 2 7 0 2 4 5 31 3 1 2 7 0 2 7 0 2 7 1 2 4 0 2 4 0 2 7 0 2 7 0 2 7 1 2 7 1 2 3 0 2 7 1 2 7 0 2 7 0 2 3 1 2 7 1 2 7 0 2 7 0 2 3 17 18 2 1 2 7 0 2 7 0 2 7 16 6 2 12 16 2 16 6 2 17 9 2 5 31 3 1 2 4 0 60.7129755616188049

Current Evaluation = 9900(9900)
Front Size = 10
12 16 2 0 2 7 1 2 7 12 16 2 13 6 3 1 2 7 0 2 7 1 2 7 13 6 3 0 2 7 0 2 4 1 2 7 17 9 2 1 2 7 0 2 7 1 2 7 17 9 2 5 31 3 0 2 7 17 18 2 0 2 7 17 18 2 1 2 7 1 2 7 17 18 2 0 2 7 0 2 7 12 16 2 12 16 2 17 9 2 0 2 7 0 2 7 13 6 3 0 2 7 0 2 7 1 2 7 0 2 7 5 31 3 0 2 7 1 2 7 0 2 7 1 2 4 1 2 7 0 2 7 0 2 7 1 2 7 1 2 7 0 2 7 1 2 7 1 2 7 1 2 7 16 6 2 5 31 3 0 2 7 0 2 4 0 2 7 0 2 7 0 2 7 1 2 7 1 2 7 0 59.7211945056915283
12 16 2 13 6 3 0 2 4 1 2 7 5 30 3 0 2 4 17 9 2 1 2 7 17 18 2 1 2 7 1 2 4 1 2 7 1 2 7 0 2 7 1 2 4 1 2 7 17 18 2 17 9 2 0 2 4 1 2 7 5 31 3 0 2 7 0 2 7 0 2 7 0 2 7 0 2 7 0 2 7 0 2 7 12 16 2 0 2 7 0 2 4 13 6 3 0 2 7 0 2 7 0 2 7 0 2 7 17 9 2 1 2 7 0 2 4 1 2 7 5 31 3 0 2 7 12 16 2 0 2 7 1 2 4 1 2 7 1 2 7 0 2 4 5 30 3 0 2 7 1 2 4 0 2 4 0 2 7 17 9 2 16 31 2 0 2 7 1 2 4 12 16 2 1 2 7 1 2 7 0 60.1292035579681396
12 16 2 0 2 4 0 2 7 12 16 2 13 6 3 1 2 7 0 2 7 1 2 7 13 6 3 0 2 7 0 2 7 1 2 7 17 9 2 1 2 3 1 2 7 0 2 4 17 9 2 5 31 3 0 2 3 17 18 2 0 2 7 17 18 2 1 2 7 1 2 7 17 18 2 0 2 7 0 2 7 12 16 2 12 16 2 17 9 2 0 2 7 0 2 7 13 6 3 0 2 7 0 2 4 1 2 7 0 2 7 5 31 3 0 2 7 1 2 7 0 2 7 1 2 7 1 2 7 0 2 7 0 2 7 1 2 7 1 2 3 1 2 7 1 2 7 1 2 3 1 2 7 16 6 2 5 30 3 0 2 7 0 2 7 0 2 4 0 2 7 0 2 7 1 2 4 1 2 7 0 59.9809155464172363
12 16 2 0 2 7 0 2 7 12 16 2 13 6 3 0 2 7 5 31 3 0 2 7 17 9 2 1 2 7 0 2 7 0 2 7 1 2 4 0 2 7 0 2 7 0 2 7 1 2 7 17 18 2 1 2 7 8 18 2 1 2 7 0 2 7 5 31 3 1 2 7 5 30 3 1 2 7 1 2 7 5 30 3 1 2 7 0 2 7 0 2 7 13 6 3 0 2 7 1 2 7 0 2 7 1 2 7 6 2 7 0 2 7 17 18 2 0 2 7 1 2 7 0 2 7 17 1 2 16 6 2 17 18 2 5 30 3 0 2 7 0 2 7 0 2 7 1 2 7 0 2 7 0 2 7 12 16 2 0 2 7 1 2 7 17 18 2 0 2 7 5 30 3 0 2 7 0 2 7 0 60.6166953444480896
12 16 2 0 2 7 0 2 4 13 6 3 0 2 4 0 2 3 1 2 7 5 30 3 0 2 3 1 2 7 17 9 2 0 2 7 17 18 2 0 2 3 0 2 7 1 2 7 12 16 2 5 31 3 1 2 7 0 2 3 0 2 7 1 2 7 5 31 3 17 9 2 1 2 4 17 18 2 1 2 7 1 2 7 1 2 4 1 2 11 0 2 7 1 2 7 0 2 3 12 16 2 0 2 7 17 9 2 16 30 2 0 2 7 0 2 7 0 2 7 1 2 3 1 2 7 0 2 7 16 6 2 1 2 4 5 30 3 0 2 7 1 2 7 0 2 4 0 2 7 1 2 7 1 2 3 0 2 7 0 2 7 0 2 3 0 2 7 0 2 7 13 6 3 0 2 7 1 2 3 0 60.7969356775283813
12 16 2 0 2 3 0 2 7 13 6 3 0 2 7 0 2 7 1 2 7 5 31 3 0 2 7 0 2 7 17 9 2 1 2 4 17 18 2 0 2 4 1 2 7 1 2 4 12 16 2 5 31 3 1 2 7 0 2 3 1 2 7 0 2 7 17 18 2 17 9 2 1 2 7 17 18 2 1 2 4 0 2 7 1 2 4 1 2 7 0 2 7 0 2 7 0 2 4 12 16 2 0 2 7 17 9 2 6 2 4 0 2 7 0 2 7 0 2 7 0 2 7 1 2 7 0 2 7 1 2 4 1 2 7 0 2 7 5 31 3 0 2 7 16 6 2 1 2 7 0 2 7 0 2 7 5 30 3 0 2 7 1 2 4 1 2 7 0 2 7 13 6 3 1 2 7 1 2 7 0 60.1825236678123474
12 16 2 0 2 3 0 2 7 12 16 2 0 2 7 0 2 7 0 2 7 0 2 3 1 2 7 0 2 7 0 2 7 0 2 7 0 2 7 0 2 3 0 2 3 0 2 7 1 2 7 8 9 2 0 2 7 8 9 2 0 2 3 0 2 7 1 2 4 0 2 3 1 2 7 17 9 2 5 30 3 5 30 3 8 9 2 5 30 3 0 2 3 1 2 3 17 18 2 1 2 7 0 2 3 5 30 3 1 2 7 16 19 11 0 2 7 0 2 7 1 2 7 16 15 2 0 2 3 12 16 2 13 6 3 1 2 7 0 2 7 5 30 3 16 30 2 1 2 7 0 2 7 0 2 7 5 30 3 0 2 7 1 2 7 16 6 2 0 2 3 1 2 7 17 18 2 1 2 7 0 62.1537814140319824
12 16 2 0 2 7 1 2 7 12 16 2 13 6 3 16 15 2 6 2 7 0 2 7 13 6 3 0 2 7 0 2 7 1 2 7 17 9 2 1 2 7 0 2 7 1 2 7 17 9 2 5 31 3 0 2 7 17 18 2 0 2 7 17 18 2 0 2 7 1 2 7 0 2 7 0 2 7 12 16 2 12 16 2 17 9 2 0 2 4 0 2 7 0 2 7 0 2 7 1 2 4 0 2 7 5 31 3 0 2 7 0 2 7 0 2 7 1 2 7 1 2 7 0 2 7 0 2 7 1 2 7 1 2 7 0 2 7 1 2 7 16 6 2 0 2 7 8 18 2 1 2 7 0 2 7 1 2 7 5 31 3 0 2 7 5 30 3 0 2 7 6 2 7 1 2 7 1 2 7 0 60.379920482635498
12 16 2 0 2 7 0 2 7 12 16 2 13 6 3 0 2 7 0 2 7 0 2 7 17 9 2 1 2 7 0 2 7 0 2 7 1 2 7 0 2 7 17 1 2 0 2 7 0 2 7 1 2 7 17 18 2 0 2 7 17 18 2 1 2 7 0 2 7 5 31 3 1 2 7 5 31 3 1 2 7 1 2 7 5 30 3 5 30 3 1 2 7 0 2 7 5 30 3 1 2 7 13 6 3 0 2 7 1 2 7 0 2 7 1 2 4 1 2 7 0 2 7 0 2 7 0 2 7 0 2 7 0 2 7 0 2 7 0 2 7 0 2 7 0 2 7 1 2 4 1 2 7 17 9 2 5 30 3 0 2 7 17 18 2 16 30 2 0 2 7 5 30 3 0 2 7 0 2 7 0 60.6451693773269653
12 16 2 0 2 7 0 2 7 12 16 2 13 6 3 1 2 7 1 2 7 13 6 3 0 2 7 0 2 7 1 2 7 17 9 2 5 31 3 0 2 7 0 2 7 1 2 7 0 2 7 0 2 7 0 2 7 17 9 2 1 2 7 1 2 4 17 18 2 0 2 7 17 18 2 1 2 7 1 2 7 5 31 3 0 2 7 0 2 7 0 2 7 0 2 7 1 2 7 0 2 7 1 2 7 1 2 7 0 2 7 1 2 4 16 30 2 0 2 7 1 2 7 5 30 3 1 2 7 0 2 7 0 2 4 0 2 4 0 2 7 0 2 4 5 31 3 0 2 7 5 30 3 0 2 7 0 2 4 0 2 7 1 2 4 0 2 4 1 2 7 5 30 3 1 2 4 0 2 4 0.00158080166699212901 60.5305516719818115

Current Evaluation = 10800(10800)
Front Size = 10
12 16 2 0 2 7 0 2 7 12 16 2 13 6 3 1 2 7 0 2 7 1 2 7 13 6 3 0 2 7 1 2 7 17 9 2 0 2 7 1 2 7 0 2 7 17 9 2 5 31 3 0 2 7 17 18 2 0 2 7 17 18 2 1 2 7 1 2 7 17 18 2 0 2 4 0 2 7 12 16 2 12 16 2 17 9 2 5 31 3 0 2 7 13 6 3 0 2 7 0 2 7 0 2 7 0 2 4 5 31 3 0 2 4 1 2 7 0 2 7 0 2 7 1 2 7 1 2 7 0 2 7 1 2 7 1 2 7 1 2 7 0 2 7 1 2 7 1 2 7 16 6 2 0 2 7 0 2 7 1 2 7 1 2 7 1 2 7 0 2 7 0 2 7 1 2 7 1 2 7 0 59.7211945056915283
12 16 2 0 2 7 0 2 7 13 6 3 0 2 7 0 2 7 1 2 7 5 31 3 1 2 4 0 2 7 17 9 2 1 2 4 0 2 7 1 2 7 12 16 2 5 31 3 1 2 4 1 2 7 0 2 7 17 18 2 17 18 2 1 2 7 17 18 2 0 2 7 0 2 7 1 2 7 0 2 7 0 2 7 12 16 2 0 2 7 17 9 2 0 2 7 0 2 4 0 2 7 0 2 7 1 2 7 0 2 4 0 2 7 1 2 7 1 2 7 0 2 7 0 2 7 5 30 3 13 6 3 12 16 2 1 2 4 17 18 2 0 2 4 0 2 4 1 2 7 1 2 7 5 30 3 1 2 7 0 2 7 1 2 4 1 2 4 13 6 3 1 2 7 0 2 7 17 9 2 0 59.9459015130996704
12 16 2 0 2 7 0 2 7 12 16 2 13 6 3 0 2 7 0 2 7 1 2 7 13 6 3 0 2 7 0 2 3 1 2 4 17 9 2 1 2 7 0 2 7 17 9 2 5 31 3 17 18 2 0 2 7 17 18 2 1 2 7 1 2 4 0 2 7 0 2 4 12 16 2 12 16 2 17 9 2 0 2 3 1 2 3 0 2 7 0 2 7 1 2 7 0 2 7 5 31 3 0 2 7 1 2 4 0 2 7 1 2 7 1 2 7 0 2 3 0 2 7 1 2 4 1 2 7 1 2 7 5 30 3 0 2 7 0 2 7 0 2 7 0 2 7 1 2 7 0 2 7 1 2 7 17 9 2 13 6 3 1 2 7 0 2 7 1 2 7 16 6 2 1 2 7 1 2 7 0 59.9809155464172363
12 16 2 0 2 7 0 2 7 0 2 7 13 6 3 1 2 7 1 2 7 1 2 7 13 6 3 0 2 7 1 2 7 1 2 7 17 9 2 1 2 7 1 2 7 0 2 7 8 9 2 5 30 3 0 2 4 17 18 2 0 2 7 17 18 2 1 2 7 1 2 7 17 18 2 0 2 7 0 2 7 17 9 2 0 2 7 1 2 7 0 2 7 0 2 4 0 2 7 0 2 7 5 30 3 0 2 7 0 2 7 0 2 7 17 18 2 0 2 7 0 2 7 0 2 4 0 2 7 1 2 7 0 2 7 0 2 7 0 2 7 0 2 7 1 2 4 5 30 3 12 16 2 17 1 2 0 2 7 5 30 3 1 2 7 1 2 7 5 30 3 5 31 3 1 2 7 1 2 7 0 60.4655643701553345
12 16 2 0 2 7 0 2 7 13 6 3 0 2 7 0 2 7 1 2 7 5 31 3 1 2 7 0 2 7 17 9 2 1 2 7 8 18 2 0 2 7 1 2 7 12 16 2 5 31 3 1 2 7 1 2 7 0 2 7 17 18 2 17 18 2 1 2 7 17 18 2 0 2 7 0 2 7 1 2 7 0 2 7 0 2 7 12 16 2 0 2 7 17 9 2 0 2 7 0 2 7 0 2 7 0 2 7 1 2 7 0 2 7 17 18 2 0 2 7 1 2 7 16 15 2 1 2 7 0 2 7 0 2 7 5 30 3 1 2 7 13 6 3 1 2 7 1 2 7 1 2 7 1 2 7 0 2 7 1 2 7 0 2 7 13 6 3 1 2 7 0 2 7 0 2 7 12 16 2 0 59.947460412979126
12 16 2 0 2 7 0 2 7 13 6 3 0 2 4 0 2 11 0 2 7 5 31 3 1 2 4 8 18 2 17 9 2 1 2 4 0 2 7 1 2 7 12 16 2 5 31 3 1 2 7 1 2 7 0 2 7 17 18 2 17 18 2 1 2 4 0 2 4 0 2 11 0 2 4 0 2 7 0 2 7 12 16 2 0 2 7 17 9 2 0 2 4 0 2 7 0 2 7 1 2 4 1 2 7 0 2 7 0 2 4 0 2 4 5 30 3 5 31 3 0 2 7 17 18 2 17 18 2 0 2 7 0 2 7 0 2 7 1 2 7 1 2 7 0 2 4 1 2 7 1 2 7 16 6 2 1 2 4 1 2 7 0 2 4 1 2 7 1 2 7 0 2 7 1 2 7 1 2 7 0 60.611426830291748
12 16 2 1 2 7 0 2 7 12 16 2 13 6 3 0 2 7 0 2 7 1 2 7 13 6 3 0 2 7 1 2 7 1 2 7 17 9 2 0 2 7 0 2 4 17 9 2 5 31 3 17 18 2 0 2 7 17 18 2 1 2 7 1 2 7 0 2 7 5 31 3 12 16 2 17 9 2 0 2 7 0 2 7 0 2 7 6 2 7 0 2 7 5 31 3 0 2 7 1 2 4 0 2 7 1 2 7 1 2 7 0 2 7 0 2 4 0 2 7 1 2 7 5 30 3 0 2 7 0 2 7 0 2 7 0 2 7 1 2 7 0 2 7 1 2 7 1 2 7 0 2 7 1 2 7 16 6 2 12 16 2 1 2 7 0 2 7 17 9 2 13 6 3 1 2 4 1 2 7 0 59.938682496547699
12 16 2 0 2 7 0 2 7 12 16 2 13 6 3 0 2 7 0 2 7 0 2 7 17 9 2 1 2 7 0 2 7 1 2 11 1 2 7 0 2 7 0 2 7 0 2 7 1 2 7 17 18 2 0 2 7 17 18 2 0 2 7 0 2 7 5 31 3 1 2 7 5 31 3 1 2 7 1 2 7 5 30 3 1 2 7 0 2 7 1 2 7 13 6 3 0 2 7 1 2 7 0 2 7 1 2 4 1 2 7 0 2 7 0 2 7 0 2 7 0 2 7 0 2 7 6 2 7 1 2 4 1 2 7 17 9 2 17 18 2 17 1 2 5 30 3 5 30 3 0 2 7 0 2 7 0 2 4 5 30 3 0 2 7 1 2 3 0 2 7 0 2 4 6 2 7 17 9 2 0 60.5942244529724121
12 16 2 0 2 4 1 2 7 12 16 2 1 2 7 0 2 3 0 2 7 1 2 3 13 6 3 0 2 7 1 2 4 1 2 4 17 9 2 5 30 3 0 2 4 0 2 4 17 9 2 5 31 3 1 2 4 17 18 2 0 2 7 17 18 2 6 2 7 1 2 7 1 2 4 5 31 3 12 16 2 17 9 2 0 2 7 1 2 4 1 2 4 0 2 7 1 2 7 0 2 4 5 31 3 1 2 7 1 2 10 0 2 3 1 2 7 0 2 7 0 2 7 1 2 7 16 6 2 0 2 7 17 18 2 0 2 7 0 2 4 0 2 4 0 2 7 0 2 3 1 2 7 0 2 7 1 2 7 0 2 7 0 2 4 0 2 4 0 2 7 0 2 7 0 2 7 1 2 10 0 60.7527148127555847
12 16 2 0 2 4 0 2 7 12 16 2 13 6 3 1 2 7 0 2 7 1 2 7 13 6 3 0 2 7 0 2 7 1 2 7 17 9 2 1 2 3 1 2 7 0 2 4 17 9 2 5 31 3 0 2 3 17 18 2 0 2 7 17 18 2 1 2 7 1 2 7 17 18 2 0 2 7 0 2 7 12 16 2 12 16 2 17 9 2 0 2 7 0 2 7 13 6 3 0 2 7 0 2 4 1 2 7 0 2 7 5 31 3 0 2 7 1 2 7 0 2 7 1 2 7 1 2 7 0 2 7 0 2 7 1 2 7 1 2 3 1 2 7 1 2 7 1 2 3 1 2 7 16 6 2 5 30 3 0 2 7 0 2 7 0 2 4 0 2 7 0 2 7 1 2 4 1 2 7 0 59.9809155464172363

Current Evaluation = 11700(11700)
Front Size = 10
12 16 2 0 2 7 0 2 7 12 16 2 13 6 3 1 2 7 0 2 7 1 2 7 13 6 3 0 2 7 1 2 7 17 9 2 0 2 7 1 2 7 0 2 7 17 9 2 5 31 3 0 2 7 17 18 2 0 2 7 17 18 2 1 2 7 1 2 7 17 18 2 0 2 4 0 2 7 12 16 2 12 16 2 17 9 2 5 31 3 0 2 7 13 6 3 0 2 7 0 2 7 0 2 7 0 2 4 5 31 3 0 2 4 1 2 7 0 2 7 0 2 7 1 2 7 1 2 7 0 2 7 1 2 7 1 2 7 1 2 7 0 2 7 1 2 7 1 2 7 16 6 2 0 2 7 0 2 7 1 2 7 1 2 7 1 2 7 0 2 7 0 2 7 1 2 7 1 2 7 0 59.7211945056915283
16 15 2 0 2 4 0 2 7 12 16 2 13 6 3 1 2 7 0 2 7 1 2 7 13 6 3 0 2 7 0 2 7 17 9 2 0 2 7 1 2 7 0 2 7 17 9 2 5 31 3 0 2 7 17 18 2 0 2 3 17 18 2 1 2 4 1 2 7 17 18 2 0 2 7 0 2 7 17 9 2 5 31 3 0 2 7 0 2 7 0 2 7 0 2 7 0 2 7 1 2 3 0 2 7 0 2 7 0 2 7 1 2 7 1 2 3 1 2 7 1 2 7 0 2 3 0 2 3 0 2 7 0 2 7 1 2 7 6 2 3 5 30 3 1 2 7 0 2 7 0 2 7 0 2 7 0 2 7 1 2 7 5 30 3 1 2 7 1 2 7 1 2 4 1 2 7 1 2 7 0 60.4493886232376099
12 16 2 0 2 7 0 2 7 12 16 2 13 6 3 1 2 4 0 2 7 0 2 7 17 9 2 1 2 11 0 2 7 1 2 7 0 2 7 1 2 7 0 2 7 1 2 7 17 18 2 0 2 7 17 18 2 0 2 7 0 2 7 5 31 3 1 2 7 5 31 3 0 2 7 1 2 7 5 30 3 1 2 7 13 6 3 1 2 7 13 6 3 0 2 7 0 2 7 0 2 7 1 2 7 1 2 7 0 2 7 0 2 7 0 2 7 0 2 7 17 9 2 17 18 2 0 2 7 1 2 7 0 2 4 17 9 2 12 16 2 13 6 3 1 2 11 0 2 7 0 2 7 17 9 2 5 30 3 5 30 3 0 2 7 1 2 7 0 2 4 1 2 7 12 16 2 1 2 7 0 60.2546572685241699
12 16 2 0 2 7 0 2 7 12 16 2 13 6 3 0 2 7 0 2 7 1 2 7 17 9 2 1 2 7 0 2 7 0 2 7 0 2 7 0 2 3 6 2 7 0 2 7 17 18 2 0 2 4 17 18 2 1 2 7 0 2 7 5 31 3 1 2 4 5 31 3 1 2 7 1 2 1 5 31 3 1 2 7 0 2 7 0 2 4 13 6 3 0 2 7 1 2 7 0 2 3 1 2 7 1 2 4 0 2 7 0 2 4 0 2 7 1 2 7 1 2 7 1 2 4 17 9 2 17 18 2 6 2 7 0 2 7 17 9 2 0 2 7 1 2 7 0 2 4 16 6 2 5 30 3 0 2 7 0 2 7 1 2 7 1 2 7 0 2 7 1 2 7 12 16 2 0 2 7 0 60.3938167095184326
12 16 2 0 2 7 0 2 7 0 2 7 13 6 3 1 2 7 1 2 7 1 2 7 13 6 3 0 2 7 1 2 7 1 2 7 17 9 2 1 2 7 1 2 7 0 2 7 8 9 2 5 30 3 0 2 4 17 18 2 0 2 7 17 18 2 1 2 7 1 2 7 17 18 2 0 2 7 0 2 7 17 9 2 0 2 7 1 2 7 0 2 7 0 2 4 0 2 7 0 2 7 5 30 3 0 2 7 0 2 7 0 2 7 17 18 2 0 2 7 0 2 7 0 2 4 0 2 7 1 2 7 0 2 7 0 2 7 0 2 7 0 2 7 1 2 4 5 30 3 12 16 2 17 1 2 0 2 7 5 30 3 1 2 7 1 2 7 5 30 3 5 31 3 1 2 7 1 2 7 0 60.4655643701553345
12 16 2 0 2 4 1 2 7 12 16 2 1 2 7 0 2 3 0 2 7 1 2 3 13 6 3 0 2 7 1 2 4 1 2 4 17 9 2 5 30 3 0 2 4 0 2 4 17 9 2 5 31 3 1 2 4 17 18 2 0 2 7 17 18 2 6 2 7 1 2 7 1 2 4 5 31 3 12 16 2 17 9 2 0 2 7 1 2 4 1 2 4 0 2 7 1 2 7 0 2 4 5 31 3 1 2 7 1 2 10 0 2 3 1 2 7 0 2 7 0 2 7 1 2 7 16 6 2 0 2 7 17 18 2 0 2 7 0 2 4 0 2 4 0 2 7 0 2 3 1 2 7 0 2 7 1 2 7 0 2 7 0 2 4 0 2 4 0 2 7 0 2 7 0 2 7 1 2 10 0 60.7527148127555847
12 16 2 1 2 7 1 2 4 12 16 2 13 6 3 0 2 7 0 2 7 1 2 7 13 6 3 0 2 4 1 2 7 17 9 2 0 2 7 1 2 7 0 2 7 17 9 2 5 31 3 0 2 7 17 18 2 0 2 7 17 18 2 1 2 7 1 2 7 17 18 2 0 2 7 0 2 7 12 16 2 12 16 2 5 31 3 0 2 7 13 6 3 0 2 7 0 2 7 0 2 7 5 31 3 0 2 7 0 2 7 0 2 7 1 2 7 1 2 4 6 2 7 1 2 7 1 2 7 1 2 7 0 2 7 1 2 7 1 2 7 16 6 2 0 2 7 0 2 7 5 30 3 0 2 7 0 2 7 0 2 7 0 2 7 1 2 4 1 2 7 0 2 7 17 18 2 1 2 7 0 59.938682496547699
12 16 2 0 2 7 0 2 7 13 6 3 0 2 7 0 2 7 1 2 7 5 31 3 1 2 7 0 2 7 17 9 2 1 2 7 8 18 2 0 2 7 1 2 7 12 16 2 5 31 3 1 2 7 1 2 7 0 2 7 17 18 2 17 18 2 1 2 7 17 18 2 0 2 7 0 2 7 1 2 7 0 2 7 0 2 7 12 16 2 0 2 7 17 9 2 0 2 7 0 2 7 0 2 7 0 2 7 1 2 7 0 2 7 17 18 2 0 2 7 1 2 7 16 15 2 1 2 7 0 2 7 0 2 7 5 30 3 1 2 7 13 6 3 1 2 7 1 2 7 1 2 7 1 2 7 0 2 7 1 2 7 0 2 7 13 6 3 1 2 7 0 2 7 0 2 7 12 16 2 0 59.947460412979126
12 16 2 0 2 7 0 2 7 12 16 2 13 6 3 1 2 7 1 2 7 0 2 3 1 2 3 17 9 2 1 2 7 5 31 3 0 2 7 17 9 2 0 2 7 17 18 2 0 2 7 17 18 2 1 2 7 13 6 3 17 18 2 0 2 3 0 2 7 12 16 2 17 9 2 5 30 3 0 2 4 1 2 7 0 2 7 5 31 3 0 2 7 0 2 7 1 2 7 1 2 7 0 2 7 16 6 2 0 2 7 1 2 7 0 2 7 1 2 7 0 2 7 0 2 7 0 2 7 1 2 7 0 2 7 1 2 3 0 2 4 1 2 7 1 2 7 0 2 7 0 2 7 1 2 7 1 2 7 1 2 4 13 6 3 0 2 4 0 2 4 12 16 2 1 2 7 1 2 7 0 59.9809155464172363
1 2 3 1 2 7 0 2 7 13 6 3 0 2 7 0 2 7 0 2 7 5 31 3 1 2 7 1 2 7 17 9 2 0 2 7 1 2 7 1 2 7 5 31 3 6 2 7 1 2 7 0 2 7 17 18 2 17 18 2 0 2 7 17 18 2 0 2 7 0 2 7 1 2 7 0 2 7 0 2 3 0 2 7 17 9 2 0 2 7 0 2 7 0 2 7 0 2 7 0 2 7 1 2 7 0 2 7 1 2 7 16 15 2 1 2 7 0 2 3 0 2 4 5 30 3 0 2 7 13 6 3 1 2 7 1 2 7 0 2 7 0 2 7 0 2 7 5 30 3 12 16 2 12 16 2 17 18 2 1 2 7 1 2 7 1 2 7 13 6 3 1 2 7 0 2 7 12 16 2 0 60.1933454871177673

Current Evaluation = 12600(12600)
Front Size = 10
12 16 2 0 2 7 12 16 2 13 6 3 1 2 7 0 2 7 1 2 7 13 6 3 0 2 7 1 2 7 17 9 2 0 2 7 1 2 7 0 2 7 17 9 2 5 31 3 1 2 7 17 18 2 0 2 7 17 18 2 1 2 7 1 2 4 17 18 2 0 2 7 0 2 7 12 16 2 12 16 2 5 31 3 0 2 4 13 6 3 0 2 7 0 2 7 0 2 7 0 2 7 0 2 7 1 2 7 1 2 7 1 2 7 1 2 7 0 2 7 1 2 7 1 2 7 16 6 2 0 2 7 0 2 7 0 2 7 0 2 7 0 2 7 0 2 7 0 2 7 0 2 7 1 2 4 5 31 3 1 2 7 1 2 7 1 2 7 17 9 2 0 2 7 1 2 7 1 2 7 0 59.7211945056915283
12 16 2 0 2 7 5 31 3 0 2 7 1 2 4 1 2 4 0 2 4 1 2 4 17 9 2 0 2 7 17 9 2 5 30 3 17 18 2 5 30 3 17 18 2 0 2 7 17 18 2 0 2 7 1 2 7 5 31 3 12 16 2 0 2 7 0 2 7 0 2 7 1 2 4 0 2 11 1 2 7 0 2 4 0 2 7 1 2 7 0 2 7 17 18 2 0 2 4 0 2 7 1 2 7 1 2 4 1 2 7 0 2 7 0 2 4 0 2 7 0 2 7 1 2 7 0 2 3 0 2 4 1 2 4 0 2 7 0 2 7 0 2 4 16 31 2 1 2 7 1 2 7 1 2 4 1 2 7 1 2 7 1 2 7 0 2 7 1 2 7 0 2 3 1 2 3 13 6 3 0 60.4342948198318481
1 2 7 0 2 7 13 6 3 0 2 7 1 2 7 0 2 7 5 31 3 1 2 7 1 2 7 17 9 2 0 2 4 0 2 4 0 2 7 5 30 3 1 2 11 0 2 7 17 18 2 17 18 2 0 2 7 17 18 2 0 2 7 1 2 7 1 2 4 0 2 7 17 9 2 0 2 7 0 2 7 0 2 7 1 2 7 1 2 11 1 2 7 1 2 4 5 31 3 0 2 7 13 6 3 0 2 11 0 2 7 0 2 7 0 2 7 17 9 2 12 16 2 17 18 2 1 2 7 1 2 7 13 6 3 1 2 7 1 2 7 12 16 2 1 2 7 0 2 7 0 2 7 0 2 7 0 2 7 0 2 7 0 2 7 1 2 7 1 2 7 1 2 7 1 2 7 12 16 2 0 59.885156512260437
12 16 2 0 2 7 0 2 7 12 16 2 13 6 3 0 2 7 0 2 7 1 2 7 17 9 2 1 2 7 0 2 7 0 2 7 0 2 7 0 2 3 6 2 7 0 2 7 17 18 2 0 2 4 17 18 2 1 2 7 0 2 7 5 31 3 1 2 4 5 31 3 1 2 7 1 2 1 5 31 3 1 2 7 0 2 7 0 2 4 13 6 3 0 2 7 1 2 7 0 2 3 1 2 7 1 2 4 0 2 7 0 2 4 0 2 7 1 2 7 1 2 7 1 2 4 17 9 2 17 18 2 6 2 7 0 2 7 17 9 2 0 2 7 1 2 7 0 2 4 16 6 2 5 30 3 0 2 7 0 2 7 1 2 7 1 2 7 0 2 7 1 2 7 12 16 2 0 2 7 0 60.3938167095184326
1 2 7 0 2 7 13 6 3 0 2 4 0 2 7 0 2 7 5 31 3 5 31 3 1 2 7 17 9 2 0 2 7 1 2 7 0 2 7 5 31 3 6 2 7 0 2 7 17 18 2 17 18 2 17 18 2 0 2 7 0 2 7 1 2 7 0 2 7 17 9 2 0 2 7 0 2 7 0 2 7 1 2 7 1 2 7 1 2 7 0 2 7 1 2 7 16 6 2 1 2 7 0 2 7 13 6 3 1 2 7 0 2 7 0 2 7 0 2 7 12 16 2 12 16 2 1 2 7 1 2 7 1 2 7 13 6 3 1 2 7 1 2 7 12 16 2 1 2 7 0 2 7 1 2 7 0 2 7 12 16 2 0 2 4 0 2 4 5 30 3 0 2 7 17 18 2 0 2 4 0 59.938682496547699
1 2 3 0 2 7 13 6 3 0 2 7 0 2 7 0 2 7 5 31 3 0 2 7 1 2 7 17 9 2 0 2 3 1 2 4 1 2 3 5 31 3 1 2 7 0 2 7 17 18 2 17 18 2 0 2 7 0 2 7 0 2 7 1 2 7 0 2 7 0 2 4 17 9 2 0 2 7 0 2 7 0 2 7 1 2 4 1 2 7 0 2 7 16 6 2 1 2 7 0 2 7 13 6 3 1 2 4 1 2 7 1 2 4 0 2 7 12 16 2 12 16 2 1 2 7 1 2 7 13 6 3 1 2 7 0 2 7 12 16 2 1 2 7 0 2 7 0 2 7 1 2 3 0 2 7 12 16 2 17 18 2 0 2 7 1 2 7 5 30 3 0 2 7 17 18 2 1 2 7 0 59.9809155464172363
12 16 2 0 2 7 0 2 7 13 6 3 0 2 7 0 2 7 1 2 7 5 31 3 1 2 7 0 2 7 17 9 2 1 2 7 8 18 2 0 2 7 1 2 7 12 16 2 5 31 3 1 2 7 1 2 7 0 2 7 17 18 2 17 18 2 1 2 7 17 18 2 0 2 7 0 2 7 1 2 7 0 2 7 0 2 7 12 16 2 0 2 7 17 9 2 0 2 7 0 2 7 0 2 7 0 2 7 1 2 7 0 2 7 17 18 2 0 2 7 1 2 7 16 15 2 1 2 7 0 2 7 0 2 7 5 30 3 1 2 7 13 6 3 1 2 7 1 2 7 1 2 7 1 2 7 0 2 7 1 2 7 0 2 7 13 6 3 1 2 7 0 2 7 0 2 7 12 16 2 0 59.947460412979126
12 16 2 0 2 4 1 2 7 12 16 2 1 2 7 0 2 3 0 2 7 1 2 3 13 6 3 0 2 7 1 2 4 1 2 4 17 9 2 5 30 3 0 2 4 0 2 4 17 9 2 5 31 3 1 2 4 17 18 2 0 2 7 17 18 2 6 2 7 1 2 7 1 2 4 5 31 3 12 16 2 17 9 2 0 2 7 1 2 4 1 2 4 0 2 7 1 2 7 0 2 4 5 31 3 1 2 7 1 2 10 0 2 3 1 2 7 0 2 7 0 2 7 1 2 7 16 6 2 0 2 7 17 18 2 0 2 7 0 2 4 0 2 4 0 2 7 0 2 3 1 2 7 0 2 7 1 2 7 0 2 7 0 2 4 0 2 4 0 2 7 0 2 7 0 2 7 1 2 10 0 60.7527148127555847
1 2 7 0 2 7 13 6 3 0 2 7 0 2 7 0 2 4 5 31 3 1 2 7 1 2 7 17 9 2 0 2 7 1 2 7 1 2 7 5 31 3 1 2 7 0 2 7 17 18 2 17 18 2 0 2 7 17 18 2 0 2 7 0 2 4 1 2 7 0 2 7 0 2 3 17 9 2 0 2 7 0 2 7 0 2 4 0 2 7 1 2 3 1 2 7 0 2 7 1 2 4 16 6 2 1 2 7 5 30 3 0 2 7 13 6 3 1 2 7 1 2 7 0 2 7 0 2 3 0 2 7 12 16 2 12 16 2 17 18 2 1 2 4 1 2 7 1 2 7 13 6 3 1 2 7 0 2 7 12 16 2 1 2 3 0 2 7 0 2 7 1 2 7 0 2 7 12 16 2 0 59.9809155464172363
12 16 2 0 2 7 0 2 7 12 16 2 13 6 3 0 2 7 0 2 7 0 2 7 17 9 2 1 2 7 0 2 7 1 2 7 0 2 7 0 2 3 0 2 7 17 18 2 0 2 7 12 16 2 1 2 7 5 31 3 1 2 3 5 31 3 1 2 7 0 2 7 0 2 7 0 2 7 13 6 3 0 2 7 1 2 7 0 2 4 0 2 4 1 2 7 0 2 7 0 2 7 0 2 7 1 2 7 17 9 2 17 18 2 1 2 7 0 2 7 1 2 7 16 6 2 1 2 7 0 2 7 1 2 7 1 2 7 0 2 7 1 2 7 12 16 2 0 2 7 12 16 2 1 2 7 5 31 3 1 2 7 0 2 7 1 2 3 13 6 3 17 9 2 1 2 7 16 6 2 0 60.0557534694671631

Current Evaluation = 13500(13500)
Front Size = 10
12 16 2 0 2 7 12 16 2 13 6 3 1 2 7 0 2 7 1 2 7 13 6 3 0 2 7 1 2 7 17 9 2 0 2 7 1 2 7 0 2 7 17 9 2 5 31 3 1 2 7 17 18 2 0 2 7 17 18 2 1 2 7 1 2 4 17 18 2 0 2 7 0 2 7 12 16 2 12 16 2 5 31 3 0 2 7 13 6 3 0 2 7 0 2 7 0 2 7 0 2 7 0 2 7 1 2 7 0 2 7 1 2 7 1 2 4 0 2 7 1 2 7 1 2 7 16 6 2 0 2 7 0 2 7 0 2 7 0 2 7 0 2 7 0 2 7 0 2 7 0 2 7 1 2 7 5 31 3 1 2 7 1 2 7 1 2 7 1 2 7 17 18 2 1 2 7 1 2 4 0 59.7211945056915283
12 16 2 0 2 7 12 16 2 13 6 3 1 2 7 0 2 7 1 2 7 13 6 3 0 2 7 1 2 7 17 9 2 0 2 7 1 2 7 0 2 7 17 9 2 5 31 3 1 2 7 17 18 2 0 2 7 17 18 2 1 2 7 1 2 7 17 18 2 0 2 7 0 2 7 12 16 2 5 31 3 0 2 7 13 6 3 0 2 7 0 2 7 0 2 7 0 2 7 0 2 7 1 2 7 0 2 7 1 2 7 1 2 4 0 2 7 1 2 7 1 2 7 0 2 7 0 2 7 0 2 7 0 2 7 1 2 7 1 2 7 1 2 7 1 2 7 1 2 7 17 18 2 1 2 7 1 2 7 12 16 2 16 6 2 0 2 4 0 2 4 0 2 7 0 2 7 5 31 3 0 59.7211945056915283
12 16 2 0 2 7 5 31 3 0 2 7 1 2 4 1 2 4 0 2 4 1 2 4 17 9 2 0 2 7 17 9 2 5 30 3 17 18 2 5 30 3 17 18 2 0 2 7 17 18 2 0 2 7 1 2 7 5 31 3 12 16 2 0 2 7 0 2 7 0 2 7 1 2 4 0 2 11 1 2 7 0 2 4 0 2 7 1 2 7 0 2 7 17 18 2 0 2 4 0 2 7 1 2 7 1 2 4 1 2 7 0 2 7 0 2 4 0 2 7 0 2 7 1 2 7 0 2 3 0 2 4 1 2 4 0 2 7 0 2 7 0 2 4 16 31 2 1 2 7 1 2 7 1 2 4 1 2 7 1 2 7 1 2 7 0 2 7 1 2 7 0 2 3 1 2 3 13 6 3 0 60.4342948198318481
12 16 2 0 2 4 1 2 7 12 16 2 1 2 7 0 2 3 0 2 7 1 2 3 13 6 3 0 2 7 1 2 4 1 2 4 17 9 2 5 30 3 0 2 4 0 2 4 17 9 2 5 31 3 1 2 4 17 18 2 0 2 7 17 18 2 6 2 7 1 2 7 1 2 4 5 31 3 12 16 2 17 9 2 0 2 7 1 2 4 1 2 4 0 2 7 1 2 7 0 2 4 5 31 3 1 2 7 1 2 10 0 2 3 1 2 7 0 2 7 0 2 7 1 2 7 16 6 2 0 2 7 17 18 2 0 2 7 0 2 4 0 2 4 0 2 7 0 2 3 1 2 7 0 2 7 1 2 7 0 2 7 0 2 4 0 2 4 0 2 7 0 2 7 0 2 7 1 2 10 0 60.7527148127555847
12 16 2 0 2 4 0 2 7 12 16 2 13 6 3 0 2 7 1 2 7 0 2 7 17 9 2 1 2 7 0 2 7 0 2 7 17 18 2 0 2 4 17 18 2 1 2 7 0 2 7 1 2 7 1 2 7 0 2 7 0 2 7 13 6 3 1 2 7 1 2 4 0 2 7 1 2 7 1 2 7 1 2 4 17 9 2 17 18 2 17 9 2 1 2 7 0 2 7 1 2 7 1 2 7 5 31 3 0 2 7 0 2 7 13 6 3 0 2 7 1 2 7 5 31 3 0 2 7 1 2 7 0 2 7 0 2 7 0 2 4 5 30 3 5 30 3 1 2 7 0 2 7 1 2 4 1 2 7 12 16 2 0 2 7 17 18 2 0 2 7 0 2 7 1 2 7 0 2 4 0 59.7875515222549438
12 16 2 0 2 7 12 16 2 0 2 4 0 2 4 13 6 3 1 2 4 17 9 2 5 30 3 17 9 2 5 31 3 17 18 2 1 2 7 17 18 2 1 2 7 5 31 3 12 16 2 0 2 4 1 2 4 0 2 7 0 2 7 1 2 7 0 2 4 1 2 4 0 2 7 1 2 4 17 18 2 0 2 7 0 2 4 1 2 7 1 2 7 0 2 7 17 18 2 0 2 7 1 2 7 0 2 7 0 2 7 0 2 4 0 2 7 1 2 7 0 2 4 1 2 7 0 2 7 0 2 7 0 2 7 1 2 7 1 2 7 0 2 7 1 2 4 0 2 4 13 6 3 17 18 2 0 2 7 1 2 7 1 2 7 5 31 3 12 16 2 0 2 7 0 2 4 1 2 7 0 60.3283716440200806
12 16 2 0 2 7 0 2 7 13 6 3 0 2 7 0 2 7 1 2 7 5 31 3 1 2 7 0 2 7 17 9 2 1 2 7 8 18 2 0 2 7 1 2 7 12 16 2 5 31 3 1 2 7 1 2 7 0 2 7 17 18 2 17 18 2 1 2 7 17 18 2 0 2 7 0 2 7 1 2 7 0 2 7 0 2 7 12 16 2 0 2 7 17 9 2 0 2 7 0 2 7 0 2 7 0 2 7 1 2 7 0 2 7 17 18 2 0 2 7 1 2 7 16 15 2 1 2 7 0 2 7 0 2 7 5 30 3 1 2 7 13 6 3 1 2 7 1 2 7 1 2 7 1 2 7 0 2 7 1 2 7 0 2 7 13 6 3 1 2 7 0 2 7 0 2 7 12 16 2 0 59.947460412979126
1 2 3 0 2 7 13 6 3 0 2 7 0 2 7 0 2 7 5 31 3 0 2 7 1 2 7 17 9 2 0 2 3 1 2 4 1 2 3 5 31 3 1 2 7 0 2 7 17 18 2 17 18 2 0 2 7 0 2 7 0 2 7 1 2 7 0 2 7 0 2 4 17 9 2 0 2 7 0 2 7 0 2 7 1 2 4 1 2 7 0 2 7 16 6 2 1 2 7 0 2 7 13 6 3 1 2 4 1 2 7 1 2 4 0 2 7 12 16 2 12 16 2 1 2 7 1 2 7 13 6 3 1 2 7 0 2 7 12 16 2 1 2 7 0 2 7 0 2 7 1 2 3 0 2 7 12 16 2 17 18 2 0 2 7 1 2 7 5 30 3 0 2 7 17 18 2 1 2 7 0 59.9809155464172363
12 16 2 0 2 7 0 2 7 12 16 2 13 6 3 0 2 4 0 2 7 1 2 7 17 9 2 1 2 7 0 2 4 0 2 7 0 2 3 0 2 7 17 18 2 0 2 7 17 18 2 1 2 7 0 2 7 5 30 3 1 2 7 5 30 3 1 2 11 1 2 7 0 2 7 0 2 7 13 6 3 0 2 4 1 2 7 1 2 3 1 2 7 0 2 7 1 2 7 1 2 7 1 2 4 17 9 2 17 18 2 0 2 3 17 9 2 0 2 4 1 2 7 5 30 3 0 2 7 17 18 2 1 2 7 1 2 7 1 2 7 0 2 7 12 16 2 13 6 3 0 2 7 0 2 3 1 2 7 5 31 3 0 2 7 0 2 4 1 2 4 0 2 7 0 2 4 1 2 4 0 60.1468725204467773
12 16 2 0 2 7 5 31 3 0 2 7 1 2 4 1 2 7 1 2 4 17 9 2 0 2 7 17 9 2 17 18 2 17 18 2 0 2 7 17 18 2 0 2 7 1 2 7 5 31 3 12 16 2 0 2 7 0 2 7 0 2 7 1 2 7 0 2 7 1 2 7 0 2 7 17 18 2 0 2 7 1 2 7 1 2 7 0 2 7 0 2 7 0 2 7 1 2 7 0 2 7 0 2 7 6 2 7 1 2 7 1 2 7 0 2 7 1 2 7 0 2 7 6 2 7 13 6 3 0 2 4 5 30 3 5 31 3 1 2 3 0 2 7 0 2 4 0 2 7 1 2 4 1 2 7 1 2 7 1 2 7 1 2 4 0 2 7 12 16 2 13 6 3 0 2 7 0 2 7 0 60.3546086549758911

Current Evaluation = 14400(14400)
Front Size = 10
1 2 7 0 2 7 13 6 3 1 2 7 0 2 7 1 2 7 5 31 3 0 2 7 1 2 7 17 9 2 0 2 7 1 2 7 1 2 7 1 2 7 1 2 7 0 2 7 17 18 2 17 18 2 0 2 7 0 2 7 0 2 7 1 2 7 0 2 7 0 2 7 17 9 2 0 2 7 0 2 7 0 2 7 0 2 7 1 2 7 0 2 7 16 6 2 1 2 4 0 2 7 13 6 3 1 2 7 1 2 7 1 2 7 1 2 7 12 16 2 12 16 2 0 2 7 1 2 7 13 6 3 1 2 7 5 31 3 12 16 2 0 2 7 0 2 7 0 2 7 0 2 4 0 2 7 12 16 2 17 18 2 0 2 7 1 2 4 5 31 3 0 2 7 17 18 2 1 2 7 0 59.7211945056915283
12 16 2 0 2 4 1 2 7 12 16 2 1 2 7 0 2 3 0 2 7 1 2 3 13 6 3 0 2 7 1 2 4 1 2 4 17 9 2 5 30 3 0 2 4 0 2 4 17 9 2 5 31 3 1 2 4 17 18 2 0 2 7 17 18 2 6 2 7 1 2 7 1 2 4 5 31 3 12 16 2 17 9 2 0 2 7 1 2 4 1 2 4 0 2 7 1 2 7 0 2 4 5 31 3 1 2 7 1 2 10 0 2 3 1 2 7 0 2 7 0 2 7 1 2 7 16 6 2 0 2 7 17 18 2 0 2 7 0 2 4 0 2 4 0 2 7 0 2 3 1 2 7 0 2 7 1 2 7 0 2 7 0 2 4 0 2 4 0 2 7 0 2 7 0 2 7 1 2 10 0 60.7527148127555847
0 2 7 13 6 3 0 2 4 0 2 7 0 2 7 5 31 3 0 2 7 1 2 7 17 9 2 1 2 7 5 30 3 1 2 4 0 2 7 17 18 2 17 18 2 0 2 7 0 2 7 0 2 7 0 2 7 1 2 7 0 2 7 17 9 2 0 2 7 0 2 7 0 2 4 1 2 7 1 2 7 0 2 7 1 2 7 0 2 7 13 6 3 1 2 4 1 2 7 5 31 3 0 2 7 12 16 2 12 16 2 1 2 7 0 2 4 6 2 7 12 16 2 1 2 7 12 16 2 17 18 2 1 2 4 5 30 3 17 18 2 1 2 7 0 2 4 5 30 3 1 2 7 0 2 4 13 6 3 0 2 7 0 2 7 1 2 4 1 2 4 0 2 4 0 2 7 17 18 2 0 60.1633895039558411
12 16 2 0 2 7 0 2 4 17 9 2 13 6 3 0 2 7 1 2 7 0 2 4 17 9 2 1 2 4 1 2 4 17 18 2 0 2 7 17 18 2 1 2 7 0 2 7 1 2 7 1 2 7 0 2 7 0 2 7 13 6 3 0 2 7 1 2 7 1 2 7 1 2 7 17 18 2 0 2 7 0 2 7 1 2 7 5 31 3 0 2 7 0 2 7 13 6 3 0 2 7 1 2 7 5 31 3 0 2 7 1 2 7 0 2 7 1 2 7 1 2 7 0 2 7 1 2 7 1 2 7 12 16 2 0 2 7 17 18 2 0 2 7 0 2 7 0 2 7 0 2 7 12 16 2 0 2 7 0 2 4 1 2 7 1 2 4 17 9 2 1 2 4 5 30 3 5 30 3 0 59.7875515222549438
12 16 2 0 2 7 0 2 7 12 16 2 13 6 3 0 2 4 0 2 7 1 2 7 17 9 2 1 2 7 0 2 4 0 2 7 0 2 3 0 2 7 17 18 2 0 2 7 17 18 2 1 2 7 0 2 7 5 30 3 1 2 7 5 30 3 1 2 11 1 2 7 0 2 7 0 2 7 13 6 3 0 2 4 1 2 7 1 2 3 1 2 7 0 2 7 1 2 7 1 2 7 1 2 4 17 9 2 17 18 2 0 2 3 17 9 2 0 2 4 1 2 7 5 30 3 0 2 7 17 18 2 1 2 7 1 2 7 1 2 7 0 2 7 12 16 2 13 6 3 0 2 7 0 2 3 1 2 7 5 31 3 0 2 7 0 2 4 1 2 4 0 2 7 0 2 4 1 2 4 0 60.1468725204467773
0 2 4 13 6 3 1 2 4 1 2 7 0 2 7 5 31 3 0 2 7 1 2 7 17 9 2 1 2 7 5 30 3 1 2 7 0 2 4 17 18 2 17 18 2 0 2 7 0 2 7 0 2 4 0 2 7 1 2 7 0 2 7 17 9 2 0 2 7 0 2 7 0 2 7 1 2 7 1 2 7 0 2 7 1 2 7 0 2 7 13 6 3 1 2 7 0 2 7 5 31 3 0 2 7 12 16 2 12 16 2 1 2 7 0 2 7 12 16 2 1 2 7 17 18 2 1 2 4 5 30 3 17 18 2 1 2 7 1 2 7 13 6 3 1 2 7 1 2 7 0 2 4 0 2 7 1 2 7 0 2 7 0 2 7 1 2 7 0 2 7 0 2 4 0 2 7 17 18 2 0 59.7875515222549438
1 2 7 13 6 3 0 2 4 1 2 7 0 2 7 5 30 3 5 31 3 17 9 2 0 2 7 0 2 4 17 18 2 17 18 2 0 2 7 1 2 7 0 2 7 1 2 7 0 2 7 17 9 2 0 2 7 0 2 7 0 2 7 0 2 7 0 2 7 13 6 3 0 2 7 0 2 7 12 16 2 12 16 2 1 2 7 1 2 7 13 6 3 1 2 7 12 16 2 1 2 7 0 2 7 0 2 7 5 31 3 17 18 2 0 2 4 17 18 2 1 2 4 0 2 7 16 6 2 0 2 7 12 16 2 0 2 7 0 2 7 1 2 7 1 2 7 0 2 7 0 2 7 5 31 3 1 2 7 0 2 7 1 2 7 1 2 7 1 2 7 6 2 7 1 2 7 1 2 7 0 59.938682496547699
12 16 2 0 2 7 0 2 7 13 6 3 0 2 7 0 2 7 1 2 7 5 31 3 1 2 7 0 2 7 17 9 2 1 2 7 8 18 2 0 2 7 1 2 7 12 16 2 5 31 3 1 2 7 1 2 7 0 2 7 17 18 2 17 18 2 1 2 7 17 18 2 0 2 7 0 2 7 1 2 7 0 2 7 0 2 7 12 16 2 0 2 7 17 9 2 0 2 7 0 2 7 0 2 7 0 2 7 1 2 7 0 2 7 17 18 2 0 2 7 1 2 7 16 15 2 1 2 7 0 2 7 0 2 7 5 30 3 1 2 7 13 6 3 1 2 7 1 2 7 1 2 7 1 2 7 0 2 7 1 2 7 0 2 7 13 6 3 1 2 7 0 2 7 0 2 7 12 16 2 0 59.947460412979126
1 2 3 0 2 7 13 6 3 0 2 7 0 2 7 0 2 7 5 31 3 0 2 7 1 2 7 17 9 2 0 2 3 1 2 4 1 2 3 5 31 3 1 2 7 0 2 7 17 18 2 17 18 2 0 2 7 0 2 7 0 2 7 1 2 7 0 2 7 0 2 4 17 9 2 0 2 7 0 2 7 0 2 7 1 2 4 1 2 7 0 2 7 16 6 2 1 2 7 0 2 7 13 6 3 1 2 4 1 2 7 1 2 4 0 2 7 12 16 2 12 16 2 1 2 7 1 2 7 13 6 3 1 2 7 0 2 7 12 16 2 1 2 7 0 2 7 0 2 7 1 2 3 0 2 7 12 16 2 17 18 2 0 2 7 1 2 7 5 30 3 0 2 7 17 18 2 1 2 7 0 59.9809155464172363
0 2 7 13 6 3 0 2 7 0 2 7 0 2 7 5 31 3 0 2 7 0 2 7 17 9 2 5 31 3 0 2 7 17 18 2 17 18 2 6 2 7 1 2 7 1 2 7 1 2 7 0 2 7 17 9 2 0 2 7 0 2 7 0 2 7 1 2 7 1 2 7 1 2 7 0 2 7 13 6 3 1 2 7 5 31 3 12 16 2 12 16 2 1 2 7 1 2 4 13 6 3 0 2 7 0 2 7 12 16 2 0 2 7 0 2 7 0 2 7 0 2 7 17 18 2 1 2 4 17 18 2 1 2 7 0 2 7 1 2 7 12 16 2 0 2 7 0 2 4 0 2 7 1 2 7 1 2 4 1 2 7 1 2 7 5 30 3 0 2 7 1 2 7 16 6 2 0 2 7 0 59.938682496547699

Current Evaluation = 15300(15300)
Front Size = 10
1 2 7 0 2 7 13 6 3 1 2 7 0 2 7 1 2 7 5 31 3 0 2 7 1 2 7 17 9 2 0 2 7 1 2 7 1 2 7 1 2 7 1 2 7 0 2 7 17 18 2 17 18 2 0 2 7 0 2 7 0 2 7 1 2 7 0 2 7 0 2 7 17 9 2 0 2 7 0 2 7 0 2 7 0 2 7 1 2 7 0 2 7 16 6 2 1 2 4 0 2 7 13 6 3 1 2 7 1 2 7 1 2 7 1 2 7 12 16 2 12 16 2 0 2 7 1 2 7 13 6 3 1 2 7 5 31 3 12 16 2 0 2 7 0 2 7 0 2 7 0 2 4 0 2 7 12 16 2 17 18 2 0 2 7 1 2 4 5 31 3 0 2 7 17 18 2 1 2 7 0 59.7211945056915283
12 16 2 0 2 4 1 2 7 12 16 2 1 2 7 0 2 3 0 2 7 1 2 3 13 6 3 0 2 7 1 2 4 1 2 4 17 9 2 5 30 3 0 2 4 0 2 4 17 9 2 5 31 3 1 2 4 17 18 2 0 2 7 17 18 2 6 2 7 1 2 7 1 2 4 5 31 3 12 16 2 17 9 2 0 2 7 1 2 4 1 2 4 0 2 7 1 2 7 0 2 4 5 31 3 1 2 7 1 2 10 0 2 3 1 2 7 0 2 7 0 2 7 1 2 7 16 6 2 0 2 7 17 18 2 0 2 7 0 2 4 0 2 4 0 2 7 0 2 3 1 2 7 0 2 7 1 2 7 0 2 7 0 2 4 0 2 4 0 2 7 0 2 7 0 2 7 1 2 10 0 60.7527148127555847
1 2 7 1 2 7 13 6 3 0 2 7 0 2 7 1 2 7 5 31 3 0 2 7 0 2 7 17 9 2 0 2 7 1 2 7 1 2 7 1 2 4 1 2 7 0 2 7 17 18 2 17 18 2 0 2 7 0 2 4 0 2 7 1 2 7 0 2 7 0 2 7 17 9 2 0 2 7 0 2 7 0 2 7 0 2 7 1 2 4 1 2 7 1 2 4 0 2 7 13 6 3 1 2 4 12 16 2 12 16 2 0 2 7 13 6 3 5 30 3 12 16 2 0 2 7 0 2 7 12 16 2 17 18 2 5 31 3 17 18 2 0 2 4 1 2 4 0 2 4 1 2 7 1 2 7 1 2 4 0 2 7 0 2 7 1 2 7 0 2 4 17 18 2 5 30 3 1 2 7 0 59.9459015130996704
12 16 2 0 2 7 0 2 7 12 16 2 13 6 3 0 2 4 0 2 7 1 2 7 17 9 2 1 2 7 0 2 4 0 2 7 0 2 3 0 2 7 17 18 2 0 2 7 17 18 2 1 2 7 0 2 7 5 30 3 1 2 7 5 30 3 1 2 11 1 2 7 0 2 7 0 2 7 13 6 3 0 2 4 1 2 7 1 2 3 1 2 7 0 2 7 1 2 7 1 2 7 1 2 4 17 9 2 17 18 2 0 2 3 17 9 2 0 2 4 1 2 7 5 30 3 0 2 7 17 18 2 1 2 7 1 2 7 1 2 7 0 2 7 12 16 2 13 6 3 0 2 7 0 2 3 1 2 7 5 31 3 0 2 7 0 2 4 1 2 4 0 2 7 0 2 4 1 2 4 0 60.1468725204467773
12 16 2 0 2 4 0 2 7 17 9 2 13 6 3 0 2 7 1 2 7 17 9 2 1 2 7 1 2 4 17 18 2 0 2 7 17 18 2 1 2 4 0 2 4 1 2 7 1 2 4 0 2 7 0 2 4 13 6 3 0 2 7 1 2 7 1 2 7 1 2 7 17 18 2 0 2 7 0 2 7 1 2 7 5 31 3 0 2 7 0 2 7 13 6 3 17 9 2 1 2 7 5 31 3 0 2 7 1 2 7 0 2 7 1 2 7 0 2 7 0 2 7 1 2 7 1 2 7 12 16 2 1 2 7 17 18 2 0 2 7 0 2 7 0 2 7 0 2 7 12 16 2 0 2 7 1 2 7 0 2 7 0 2 7 1 2 7 5 30 3 0 2 4 1 2 7 5 30 3 0 59.7875515222549438
1 2 3 0 2 7 13 6 3 0 2 7 0 2 7 0 2 7 5 31 3 0 2 7 1 2 7 17 9 2 0 2 3 1 2 4 1 2 3 5 31 3 1 2 7 0 2 7 17 18 2 17 18 2 0 2 7 0 2 7 0 2 7 1 2 7 0 2 7 0 2 4 17 9 2 0 2 7 0 2 7 0 2 7 1 2 4 1 2 7 0 2 7 16 6 2 1 2 7 0 2 7 13 6 3 1 2 4 1 2 7 1 2 4 0 2 7 12 16 2 12 16 2 1 2 7 1 2 7 13 6 3 1 2 7 0 2 7 12 16 2 1 2 7 0 2 7 0 2 7 1 2 3 0 2 7 12 16 2 17 18 2 0 2 7 1 2 7 5 30 3 0 2 7 17 18 2 1 2 7 0 59.9809155464172363
1 2 7 0 2 7 13 6 3 1 2 4 0 2 7 1 2 7 5 31 3 0 2 4 1 2 7 17 9 2 0 2 7 17 9 2 1 2 7 0 2 4 1 2 7 0 2 7 17 18 2 17 18 2 0 2 7 0 2 4 0 2 3 1 2 7 0 2 7 0 2 7 17 9 2 0 2 4 0 2 7 0 2 7 0 2 7 0 2 7 16 6 2 1 2 4 12 16 2 12 16 2 5 31 3 12 16 2 0 2 7 17 18 2 1 2 4 5 31 3 1 2 7 0 2 7 6 2 7 0 2 7 1 2 7 1 2 7 1 2 7 0 2 7 1 2 7 13 6 3 5 30 3 0 2 4 0 2 7 0 2 7 1 2 7 0 2 4 1 2 7 0 2 3 1 2 7 1 2 7 0 60.1825236678123474
1 2 7 0 2 7 13 6 3 1 2 7 0 2 4 1 2 7 5 31 3 0 2 7 1 2 4 17 9 2 0 2 4 1 2 7 1 2 7 0 2 4 0 2 7 0 2 4 17 18 2 17 18 2 0 2 7 0 2 7 1 2 10 0 2 4 0 2 7 5 31 3 17 9 2 0 2 4 0 2 7 0 2 7 1 2 7 1 2 7 5 30 3 0 2 7 13 6 3 5 31 3 0 2 4 12 16 2 12 16 2 0 2 7 0 2 7 12 16 2 0 2 7 0 2 7 1 2 4 6 2 4 17 18 2 1 2 7 16 6 2 0 2 7 5 30 3 0 2 7 1 2 7 0 2 7 17 9 2 0 2 7 12 16 2 0 2 7 1 2 7 1 2 7 6 2 4 1 2 7 0 60.4523615837097168
12 16 2 0 2 3 0 2 4 12 16 2 13 6 3 1 2 7 5 30 3 1 2 7 17 9 2 1 2 4 0 2 7 0 2 7 0 2 7 17 18 2 0 2 7 17 18 2 1 2 7 0 2 7 5 30 3 1 2 4 5 30 3 0 2 4 1 2 4 0 2 7 13 6 3 0 2 7 1 2 7 1 2 7 0 2 7 1 2 3 1 2 7 1 2 7 17 9 2 17 18 2 17 9 2 0 2 7 1 2 4 0 2 7 17 18 2 1 2 7 1 2 3 1 2 7 0 2 7 12 16 2 13 6 3 0 2 7 1 2 7 5 31 3 0 2 7 1 2 7 0 2 7 1 2 11 0 2 7 0 2 4 0 2 3 1 2 4 0 2 4 0 2 7 0 2 7 0 2 7 0 60.1468725204467773
1 2 7 0 2 7 13 6 3 1 2 7 0 2 7 1 2 7 5 31 3 0 2 7 1 2 7 17 9 2 0 2 7 1 2 7 1 2 7 1 2 7 1 2 7 0 2 7 17 18 2 17 18 2 1 2 7 0 2 7 0 2 7 0 2 7 0 2 7 5 31 3 17 9 2 0 2 7 0 2 7 0 2 4 0 2 7 1 2 7 0 2 7 0 2 7 13 6 3 1 2 7 1 2 7 12 16 2 12 16 2 0 2 4 0 2 7 12 16 2 0 2 7 0 2 4 0 2 7 0 2 7 17 18 2 0 2 7 16 6 2 0 2 4 5 30 3 1 2 7 1 2 7 1 2 10 13 6 3 5 31 3 0 2 4 0 2 3 17 18 2 1 2 4 0 2 3 0 2 3 0.000304372450586602012 60.2696956396102905

Current Evaluation = 16200(16200)
Front Size = 10
12 16 2 0 2 7 17 9 2 13 6 3 0 2 7 1 2 7 17 9 2 1 2 7 1 2 7 17 18 2 0 2 7 17 18 2 0 2 7 1 2 7 0 2 7 13 6 3 0 2 4 1 2 7 1 2 7 1 2 7 17 18 2 0 2 7 0 2 7 1 2 7 5 31 3 0 2 7 0 2 7 13 6 3 1 2 7 5 31 3 0 2 7 0 2 7 0 2 7 0 2 7 0 2 7 0 2 7 1 2 7 1 2 7 12 16 2 1 2 7 17 18 2 0 2 7 0 2 7 0 2 7 12 16 2 0 2 7 1 2 4 0 2 7 0 2 7 1 2 7 1 2 7 0 2 7 5 31 3 16 6 2 12 16 2 1 2 7 1 2 7 0 2 7 1 2 4 1 2 7 0 59.7211945056915283
12 16 2 0 2 7 0 2 7 17 9 2 13 6 3 0 2 7 1 2 7 17 9 2 1 2 7 1 2 7 17 18 2 0 2 4 17 18 2 1 2 7 1 2 7 1 2 7 0 2 7 0 2 7 13 6 3 1 2 7 0 2 7 1 2 7 1 2 7 17 18 2 0 2 7 0 2 7 1 2 7 5 31 3 0 2 4 0 2 7 5 31 3 0 2 7 0 2 7 0 2 7 1 2 7 1 2 7 0 2 7 1 2 7 1 2 7 12 16 2 0 2 7 0 2 7 0 2 4 0 2 7 0 2 7 12 16 2 0 2 7 0 2 7 0 2 7 13 6 3 17 18 2 1 2 7 1 2 7 1 2 7 0 2 7 12 16 2 16 6 2 5 31 3 1 2 7 1 2 7 0 59.7211945056915283
1 2 7 0 2 7 13 6 3 1 2 7 0 2 4 1 2 7 5 31 3 0 2 7 1 2 4 17 9 2 0 2 4 1 2 7 1 2 7 0 2 4 0 2 7 0 2 4 17 18 2 17 18 2 0 2 7 0 2 7 1 2 10 0 2 4 0 2 7 5 31 3 17 9 2 0 2 4 0 2 7 0 2 7 1 2 7 1 2 7 5 30 3 0 2 7 13 6 3 5 31 3 0 2 4 12 16 2 12 16 2 0 2 7 0 2 7 12 16 2 0 2 7 0 2 7 1 2 4 6 2 4 17 18 2 1 2 7 16 6 2 0 2 7 5 30 3 0 2 7 1 2 7 0 2 7 17 9 2 0 2 7 12 16 2 0 2 7 1 2 7 1 2 7 6 2 4 1 2 7 0 60.4523615837097168
12 16 2 0 2 4 0 2 7 17 9 2 13 6 3 0 2 7 1 2 7 17 9 2 1 2 7 1 2 4 17 18 2 0 2 7 17 18 2 1 2 4 0 2 4 1 2 7 1 2 4 0 2 7 0 2 4 13 6 3 0 2 7 1 2 7 1 2 7 1 2 7 17 18 2 0 2 7 0 2 7 1 2 7 5 31 3 0 2 7 0 2 7 13 6 3 17 9 2 1 2 7 5 31 3 0 2 7 1 2 7 0 2 7 1 2 7 0 2 7 0 2 7 1 2 7 1 2 7 12 16 2 1 2 7 17 18 2 0 2 7 0 2 7 0 2 7 0 2 7 12 16 2 0 2 7 1 2 7 0 2 7 0 2 7 1 2 7 5 30 3 0 2 4 1 2 7 5 30 3 0 59.7875515222549438
12 16 2 0 2 4 1 2 7 12 16 2 1 2 7 0 2 3 0 2 7 1 2 3 13 6 3 0 2 7 1 2 4 1 2 4 17 9 2 5 30 3 0 2 4 0 2 4 17 9 2 5 31 3 1 2 4 17 18 2 0 2 7 17 18 2 6 2 7 1 2 7 1 2 4 5 31 3 12 16 2 17 9 2 0 2 7 1 2 4 1 2 4 0 2 7 1 2 7 0 2 4 5 31 3 1 2 7 1 2 10 0 2 3 1 2 7 0 2 7 0 2 7 1 2 7 16 6 2 0 2 7 17 18 2 0 2 7 0 2 4 0 2 4 0 2 7 0 2 3 1 2 7 0 2 7 1 2 7 0 2 7 0 2 4 0 2 4 0 2 7 0 2 7 0 2 7 1 2 10 0 60.7527148127555847
1 2 7 1 2 7 13 6 3 0 2 7 0 2 7 1 2 7 5 31 3 0 2 7 1 2 7 17 9 2 0 2 7 0 2 7 1 2 7 0 2 4 1 2 4 6 2 7 17 18 2 17 18 2 0 2 7 0 2 7 0 2 7 5 30 3 17 9 2 0 2 7 0 2 7 1 2 7 0 2 7 5 30 3 0 2 7 13 6 3 12 16 2 12 16 2 0 2 7 0 2 7 12 16 2 1 2 4 0 2 7 5 31 3 17 18 2 1 2 7 1 2 7 5 31 3 1 2 7 0 2 7 0 2 7 17 9 2 0 2 7 0 2 7 1 2 7 1 2 7 1 2 7 0 2 7 0 2 7 1 2 7 5 30 3 0 2 7 13 6 3 16 6 2 0 2 7 0 2 7 0 60.3332744240760803
12 16 2 0 2 7 0 2 7 17 9 2 13 6 3 0 2 7 1 2 7 17 9 2 0 2 7 1 2 7 17 18 2 0 2 7 17 18 2 0 2 7 1 2 7 1 2 7 0 2 7 0 2 7 13 6 3 0 2 7 1 2 7 1 2 3 17 18 2 0 2 7 0 2 7 1 2 7 5 31 3 1 2 7 1 2 7 5 31 3 1 2 11 0 2 7 0 2 7 1 2 7 0 2 7 12 16 2 1 2 7 0 2 7 1 2 7 0 2 7 0 2 4 0 2 7 0 2 7 13 6 3 17 18 2 1 2 4 1 2 7 1 2 7 1 2 3 1 2 7 0 2 7 0 2 11 1 2 7 1 2 7 0 2 7 5 30 3 0 2 7 0 2 7 17 9 2 1 2 7 0 59.8072066307067871
12 16 2 0 2 7 17 9 2 13 6 3 0 2 7 1 2 7 17 9 2 1 2 7 1 2 7 17 18 2 0 2 7 17 18 2 0 2 7 0 2 7 0 2 7 13 6 3 0 2 7 1 2 7 1 2 7 1 2 7 17 18 2 0 2 7 0 2 7 1 2 7 5 31 3 0 2 7 0 2 7 13 6 3 1 2 7 5 31 3 0 2 7 0 2 7 0 2 7 0 2 7 0 2 7 0 2 7 1 2 7 1 2 7 12 16 2 1 2 7 17 18 2 0 2 7 0 2 7 0 2 7 12 16 2 0 2 7 0 2 7 0 2 7 1 2 7 1 2 7 5 31 3 16 6 2 12 16 2 1 2 7 1 2 7 1 2 4 1 2 4 1 2 7 0 2 7 1 2 4 0 59.7211945056915283
12 16 2 0 2 7 0 2 7 17 9 2 13 6 3 0 2 7 1 2 7 17 9 2 1 2 7 1 2 7 17 18 2 0 2 7 17 18 2 1 2 4 0 2 7 1 2 7 1 2 7 0 2 7 0 2 7 13 6 3 0 2 7 1 2 7 1 2 7 1 2 7 17 18 2 0 2 7 0 2 4 1 2 7 5 31 3 0 2 7 0 2 7 17 9 2 1 2 11 5 31 3 0 2 7 1 2 7 0 2 7 1 2 7 0 2 7 0 2 7 1 2 7 1 2 7 12 16 2 1 2 7 0 2 7 0 2 7 0 2 7 0 2 7 12 16 2 0 2 7 1 2 4 0 2 4 0 2 7 1 2 11 5 30 3 0 2 7 13 6 3 17 18 2 1 2 7 1 2 11 0 59.8851563930511475
0 2 3 0 2 7 0 2 7 17 9 2 13 6 3 0 2 7 1 2 3 17 9 2 1 2 7 1 2 7 17 18 2 0 2 7 17 18 2 1 2 7 0 2 4 1 2 7 1 2 7 0 2 7 0 2 7 13 6 3 0 2 4 1 2 7 1 2 7 1 2 7 17 18 2 0 2 7 0 2 7 1 2 7 5 31 3 0 2 7 0 2 7 17 9 2 1 2 7 5 31 3 0 2 7 1 2 7 0 2 7 1 2 7 0 2 7 0 2 7 1 2 7 1 2 7 12 16 2 1 2 7 0 2 7 0 2 7 0 2 7 1 2 7 12 16 2 0 2 7 1 2 11 0 2 7 0 2 7 1 2 7 5 30 3 0 2 7 13 6 3 17 18 2 1 2 7 1 2 11 0 59.8072065114974976

Current Evaluation = 17100(17100)
Front Size = 10
12 16 2 0 2 7 17 9 2 13 6 3 1 2 7 1 2 4 17 9 2 1 2 7 1 2 7 17 18 2 0 2 7 17 18 2 0 2 7 0 2 7 0 2 7 13 6 3 0 2 7 1 2 7 1 2 7 1 2 7 17 18 2 0 2 7 0 2 7 1 2 7 5 31 3 0 2 7 0 2 7 13 6 3 1 2 7 5 31 3 0 2 7 0 2 7 0 2 7 0 2 7 0 2 7 0 2 7 1 2 7 1 2 7 12 16 2 1 2 7 17 18 2 0 2 7 0 2 7 0 2 7 12 16 2 0 2 7 0 2 7 1 2 7 1 2 7 5 31 3 16 6 2 12 16 2 1 2 7 1 2 7 1 2 7 0 2 7 0 2 7 1 2 4 1 2 7 0 2 4 0 59.7211945056915283
12 16 2 0 2 7 17 9 2 13 6 3 1 2 7 1 2 7 17 9 2 1 2 7 1 2 7 17 18 2 0 2 7 17 18 2 0 2 7 0 2 7 0 2 7 13 6 3 0 2 7 1 2 7 1 2 7 1 2 7 17 18 2 0 2 4 0 2 7 1 2 7 5 31 3 0 2 7 0 2 7 13 6 3 1 2 7 5 31 3 0 2 7 0 2 7 0 2 7 0 2 7 0 2 4 0 2 7 1 2 7 1 2 7 12 16 2 1 2 7 17 18 2 0 2 7 0 2 7 0 2 7 12 16 2 0 2 7 0 2 7 1 2 7 1 2 7 5 31 3 16 6 2 12 16 2 1 2 7 1 2 7 1 2 7 1 2 7 0 2 7 0 2 4 1 2 7 0 2 7 0 59.7211945056915283
12 16 2 0 2 7 0 2 7 17 9 2 13 6 3 17 9 2 0 2 7 17 18 2 0 2 7 17 18 2 1 2 7 0 2 7 0 2 7 13 6 3 0 2 7 17 18 2 0 2 7 0 2 4 1 2 7 0 2 1 0 2 7 0 2 7 5 30 3 1 2 7 1 2 7 0 2 7 12 16 2 0 2 7 6 2 4 0 2 4 1 2 7 1 2 7 1 2 7 0 2 7 1 2 7 1 2 7 1 2 7 1 2 4 12 16 2 0 2 7 0 2 7 1 2 7 0 2 7 1 2 4 13 6 3 0 2 7 0 2 7 0 2 7 0 2 7 1 2 7 17 9 2 5 31 3 1 2 4 1 2 7 0 2 4 1 2 4 5 30 3 5 31 3 17 9 2 12 16 2 0 60.1571945548057556
12 16 2 0 2 7 13 6 3 17 9 2 13 6 3 17 9 2 0 2 7 1 2 7 17 18 2 0 2 7 17 18 2 1 2 7 1 2 4 1 2 7 0 2 7 1 2 7 0 2 7 17 18 2 0 2 7 0 2 7 1 2 7 5 31 3 5 31 3 0 2 7 1 2 7 12 16 2 1 2 7 1 2 7 1 2 7 0 2 7 0 2 7 0 2 7 1 2 7 0 2 7 1 2 7 0 2 7 1 2 7 12 16 2 0 2 7 0 2 7 0 2 7 0 2 7 0 2 7 0 2 7 1 2 7 16 6 2 0 2 7 5 31 3 0 2 7 0 2 7 1 2 7 13 6 3 1 2 7 1 2 7 0 2 7 1 2 4 0 2 7 12 16 2 1 2 4 17 18 2 0 59.7211945056915283
12 16 2 1 2 7 1 2 7 0 2 4 13 6 3 17 9 2 1 2 7 17 18 2 0 2 4 17 18 2 1 2 7 1 2 7 0 2 7 13 6 3 0 2 4 17 18 2 0 2 4 5 31 3 0 2 3 1 2 7 5 31 3 0 2 7 1 2 7 12 16 2 0 2 7 1 2 7 0 2 7 0 2 7 0 2 7 0 2 4 1 2 4 1 2 7 12 16 2 0 2 4 0 2 4 1 2 7 1 2 4 6 2 7 16 6 2 0 2 7 1 2 7 0 2 4 17 9 2 1 2 4 0 2 7 0 2 7 1 2 7 0 2 7 0 2 7 0 2 4 0 2 7 0 2 7 0 2 7 17 18 2 1 2 7 12 16 2 5 30 3 5 31 3 0 2 7 1 2 7 0 60.2408736348152161
12 16 2 0 2 7 13 6 3 17 9 2 13 6 3 17 9 2 17 9 2 0 2 7 1 2 4 17 18 2 0 2 7 17 18 2 1 2 7 1 2 4 1 2 7 0 2 7 1 2 4 0 2 7 17 18 2 0 2 7 0 2 7 1 2 7 5 31 3 1 2 4 1 2 4 5 31 3 0 2 7 0 2 4 1 2 7 0 2 4 12 16 2 1 2 7 1 2 7 1 2 7 0 2 7 0 2 7 0 2 3 0 2 7 1 2 7 0 2 7 1 2 7 1 2 4 5 30 3 0 2 7 1 2 7 12 16 2 0 2 7 0 2 7 0 2 7 0 2 7 0 2 7 0 2 3 0 2 7 1 2 4 1 2 7 16 6 2 0 2 7 6 2 7 5 31 3 0 2 7 0 60.1825236678123474
0 2 7 0 2 7 17 9 2 13 6 3 0 2 4 17 9 2 1 2 7 1 2 7 17 18 2 0 2 7 17 18 2 1 2 7 0 2 4 1 2 7 1 2 7 0 2 7 0 2 7 13 6 3 0 2 4 1 2 7 1 2 7 1 2 7 17 18 2 0 2 7 0 2 7 1 2 7 5 31 3 0 2 7 0 2 7 17 9 2 1 2 7 5 31 3 0 2 7 1 2 7 0 2 7 1 2 7 0 2 7 0 2 4 1 2 7 1 2 7 12 16 2 1 2 7 0 2 7 0 2 7 0 2 7 1 2 7 12 16 2 0 2 7 0 2 7 0 2 7 5 30 3 13 6 3 17 18 2 0 2 4 1 2 7 1 2 4 5 30 3 0 2 7 1 2 4 12 16 2 0 59.7875515222549438
12 16 2 0 2 7 13 6 3 17 9 2 13 6 3 17 9 2 0 2 7 1 2 7 17 18 2 0 2 7 17 18 2 1 2 7 1 2 7 1 2 7 0 2 7 1 2 7 0 2 7 17 18 2 0 2 7 0 2 7 1 2 7 5 31 3 5 31 3 0 2 7 1 2 11 12 16 2 1 2 7 1 2 7 1 2 7 0 2 7 0 2 7 0 2 7 1 2 7 0 2 7 1 2 7 0 2 7 1 2 7 12 16 2 0 2 7 0 2 7 13 6 3 0 2 7 0 2 7 0 2 7 1 2 7 16 6 2 0 2 7 5 31 3 0 2 7 17 9 2 1 2 7 0 2 7 0 2 7 0 2 4 1 2 7 1 2 7 5 30 3 0 2 7 1 2 7 0 2 7 0 59.974191427230835
12 16 2 1 2 7 1 2 7 13 6 3 17 9 2 1 2 7 17 18 2 17 18 2 1 2 7 1 2 7 0 2 7 13 6 3 17 18 2 5 31 3 1 2 7 5 31 3 0 2 7 1 2 7 12 16 2 0 2 7 1 2 7 0 2 7 0 2 7 0 2 7 1 2 4 1 2 7 12 16 2 1 2 7 1 2 7 16 6 2 0 2 7 1 2 7 17 9 2 1 2 7 0 2 7 0 2 7 0 2 7 0 2 7 0 2 7 0 2 7 0 2 7 0 2 7 17 18 2 1 2 7 12 16 2 5 31 3 0 2 7 1 2 7 0 2 4 0 2 7 0 2 7 0 2 4 0 2 7 1 2 7 0 2 4 0 2 7 6 2 7 13 6 3 0 2 7 5 30 3 0 59.938682496547699
12 16 2 0 2 7 17 9 2 13 6 3 1 2 7 1 2 7 17 9 2 1 2 7 1 2 7 17 18 2 0 2 7 17 18 2 0 2 7 1 2 7 0 2 7 13 6 3 0 2 7 1 2 7 1 2 7 1 2 7 17 18 2 0 2 4 0 2 7 1 2 7 5 31 3 0 2 7 0 2 3 1 2 7 5 31 3 0 2 7 0 2 7 0 2 7 0 2 7 0 2 7 1 2 4 1 2 7 12 16 2 1 2 3 17 18 2 12 16 2 1 2 7 1 2 7 5 30 3 16 30 2 12 16 2 1 2 7 0 2 4 1 2 7 13 6 3 0 2 7 5 30 3 0 2 7 0 2 7 0 2 7 0 2 7 0 2 4 0 2 4 1 2 7 0 2 4 0 2 7 0 59.9867335557937622

Current Evaluation = 18000(18000)
Front Size = 10
12 16 2 0 2 7 17 9 2 13 6 3 1 2 7 1 2 7 17 9 2 1 2 7 1 2 7 17 18 2 0 2 7 17 18 2 0 2 7 0 2 7 0 2 7 13 6 3 0 2 7 1 2 7 1 2 7 1 2 7 17 18 2 0 2 7 0 2 7 1 2 7 5 31 3 1 2 7 0 2 7 13 6 3 1 2 7 5 31 3 0 2 7 0 2 7 0 2 7 0 2 7 1 2 7 1 2 7 12 16 2 1 2 7 0 2 7 0 2 7 1 2 7 12 16 2 0 2 7 0 2 7 1 2 7 5 31 3 16 6 2 1 2 7 1 2 4 0 2 7 0 2 7 0 2 7 0 2 7 1 2 7 17 9 2 0 2 7 0 2 7 1 2 4 12 16 2 0 2 4 0 59.7211945056915283
12 16 2 0 2 7 17 9 2 13 6 3 1 2 7 1 2 7 17 9 2 1 2 7 1 2 7 17 18 2 0 2 7 17 18 2 0 2 7 0 2 7 0 2 7 13 6 3 0 2 7 1 2 7 1 2 7 12 16 2 17 18 2 0 2 7 0 2 7 1 2 7 5 31 3 1 2 7 0 2 7 13 6 3 1 2 4 5 31 3 0 2 7 0 2 4 0 2 7 0 2 7 0 2 7 1 2 7 1 2 7 12 16 2 1 2 7 0 2 4 0 2 7 1 2 7 12 16 2 0 2 7 0 2 7 1 2 7 1 2 7 5 31 3 16 6 2 1 2 7 1 2 7 1 2 7 0 2 7 0 2 7 0 2 7 0 2 7 1 2 7 17 9 2 0 2 7 0 2 7 0 59.7211945056915283
12 16 2 0 2 7 13 6 3 17 9 2 13 6 3 17 9 2 17 9 2 0 2 7 1 2 4 17 18 2 0 2 7 17 18 2 1 2 7 1 2 4 1 2 7 0 2 7 1 2 4 0 2 7 17 18 2 0 2 7 0 2 7 1 2 7 5 31 3 1 2 4 1 2 4 5 31 3 0 2 7 0 2 4 1 2 7 0 2 4 12 16 2 1 2 7 1 2 7 1 2 7 0 2 7 0 2 7 0 2 3 0 2 7 1 2 7 0 2 7 1 2 7 1 2 4 5 30 3 0 2 7 1 2 7 12 16 2 0 2 7 0 2 7 0 2 7 0 2 7 0 2 7 0 2 3 0 2 7 1 2 4 1 2 7 16 6 2 0 2 7 6 2 7 5 31 3 0 2 7 0 60.1825236678123474
12 16 2 1 2 3 1 2 7 13 6 3 17 9 2 1 2 7 17 18 2 17 9 2 1 2 7 0 2 7 0 2 3 13 6 3 8 18 2 5 31 3 1 2 7 5 30 3 0 2 7 1 2 7 12 16 2 0 2 12 1 2 7 0 2 7 0 2 11 0 2 3 1 2 7 1 2 3 12 16 2 1 2 7 1 2 7 0 2 7 1 2 7 17 18 2 1 2 11 0 2 7 0 2 7 0 2 3 0 2 7 0 2 7 0 2 7 0 2 12 1 2 7 17 18 2 0 2 7 0 2 7 0 2 3 0 2 7 0 2 7 0 2 7 1 2 7 0 2 7 0 2 7 13 6 3 5 30 3 1 2 3 1 2 7 5 30 3 0 2 7 1 2 12 16 6 2 17 9 2 0 60.985486626625061
12 16 2 0 2 7 17 9 2 13 6 3 1 2 7 1 2 3 17 9 2 1 2 7 1 2 7 17 18 2 0 2 7 17 18 2 0 2 7 0 2 4 0 2 7 13 6 3 0 2 7 1 2 7 1 2 7 0 2 7 17 18 2 0 2 4 0 2 7 1 2 3 5 31 3 0 2 7 0 2 7 13 6 3 1 2 7 5 31 3 0 2 7 0 2 7 0 2 7 0 2 7 0 2 7 0 2 7 1 2 3 1 2 7 12 16 2 1 2 7 17 18 2 0 2 7 0 2 7 0 2 4 12 16 2 0 2 4 0 2 7 1 2 7 1 2 7 12 16 2 0 2 7 5 30 3 16 6 2 1 2 3 1 2 7 1 2 7 1 2 7 0 2 4 1 2 7 1 2 7 0 59.9809155464172363
12 16 2 0 2 7 17 9 2 13 6 3 1 2 7 1 2 4 17 9 2 1 2 7 1 2 7 17 18 2 0 2 7 17 18 2 0 2 7 0 2 7 0 2 7 13 6 3 0 2 7 1 2 7 1 2 7 12 16 2 17 18 2 0 2 7 0 2 7 1 2 7 5 31 3 1 2 4 0 2 7 13 6 3 5 31 3 0 2 7 0 2 7 0 2 7 0 2 7 1 2 7 1 2 7 12 16 2 0 2 7 0 2 7 1 2 7 0 2 7 0 2 7 1 2 7 1 2 7 5 31 3 16 6 2 1 2 7 1 2 7 1 2 7 0 2 7 0 2 7 0 2 7 0 2 7 1 2 7 17 9 2 0 2 7 0 2 7 1 2 4 0 2 7 1 2 7 12 16 2 0 59.7211945056915283
12 16 2 0 2 7 13 6 3 17 9 2 13 6 3 17 9 2 0 2 7 1 2 7 17 18 2 0 2 7 17 18 2 1 2 7 1 2 7 0 2 7 1 2 7 0 2 7 17 18 2 0 2 7 0 2 7 1 2 7 5 31 3 5 31 3 0 2 7 1 2 7 12 16 2 1 2 7 1 2 7 1 2 7 0 2 7 1 2 7 0 2 7 1 2 7 0 2 7 1 2 7 0 2 7 1 2 7 12 16 2 0 2 7 0 2 7 0 2 7 0 2 7 0 2 7 0 2 7 1 2 7 16 6 2 0 2 7 5 31 3 0 2 7 0 2 7 1 2 7 13 6 3 1 2 7 1 2 7 12 16 2 17 18 2 0 2 4 0 2 4 0 2 4 1 2 7 1 2 7 0 59.7211945056915283
12 16 2 1 2 4 1 2 7 13 6 3 17 9 2 1 2 7 17 18 2 17 18 2 1 2 7 1 2 7 0 2 7 13 6 3 17 18 2 5 31 3 1 2 7 5 31 3 0 2 7 1 2 7 12 16 2 0 2 7 1 2 7 0 2 7 0 2 7 0 2 7 1 2 4 1 2 7 12 16 2 1 2 7 1 2 7 0 2 7 1 2 7 17 9 2 1 2 7 0 2 7 0 2 7 0 2 7 0 2 7 0 2 7 0 2 7 0 2 7 0 2 7 1 2 4 0 2 7 1 2 7 0 2 7 0 2 7 0 2 7 1 2 7 13 6 3 17 9 2 1 2 4 17 18 2 0 2 4 0 2 7 0 2 7 5 30 3 5 30 3 1 2 4 0 2 4 0 2 7 0 59.7875515222549438
12 16 2 1 2 7 1 2 7 13 6 3 17 9 2 1 2 7 17 18 2 17 18 2 1 2 7 1 2 7 0 2 7 13 6 3 17 18 2 5 31 3 1 2 7 5 31 3 0 2 7 1 2 7 12 16 2 0 2 7 1 2 7 0 2 7 0 2 7 0 2 7 1 2 4 1 2 7 12 16 2 1 2 7 1 2 7 0 2 7 1 2 7 17 9 2 1 2 7 0 2 7 0 2 7 0 2 7 0 2 7 0 2 7 0 2 7 0 2 7 0 2 7 17 18 2 1 2 7 0 2 7 1 2 7 0 2 4 0 2 7 0 2 7 0 2 4 0 2 7 1 2 7 0 2 4 13 6 3 5 30 3 5 30 3 0 2 4 0 2 4 1 2 7 17 9 2 1 2 4 0 59.7875515222549438
12 16 2 0 2 7 17 9 2 13 6 3 1 2 7 1 2 7 17 9 2 1 2 7 1 2 7 17 18 2 0 2 7 17 18 2 0 2 7 0 2 7 0 2 7 13 6 3 0 2 7 1 2 7 1 2 7 1 2 7 17 18 2 0 2 7 0 2 7 1 2 7 5 31 3 1 2 7 0 2 7 13 6 3 1 2 7 5 31 3 0 2 3 0 2 7 0 2 7 0 2 7 0 2 7 1 2 7 1 2 7 12 16 2 1 2 7 0 2 7 0 2 7 1 2 7 12 16 2 0 2 7 0 2 7 1 2 3 1 2 7 5 31 3 16 6 2 1 2 7 1 2 3 1 2 7 0 2 7 0 2 7 0 2 7 0 2 7 1 2 7 17 9 2 0 2 7 0 2 7 0 59.8628445863723755

MonoObjective Genetic Algorithm
Number of Evaluations = 0
Mutation Probability = 0
Crossover Probability = 1
Population Size = 10
Survival Selection Type = 16

Time =  18006.2289881706238

Current Evaluation = 2050
Front Size = 10
12 16 2 0 2 7 17 9 2 13 6 3 1 2 7 1 2 7 17 9 2 1 2 7 1 2 7 17 18 2 0 2 7 17 18 2 0 2 7 0 2 7 0 2 7 13 6 3 0 2 7 1 2 7 1 2 7 1 2 7 17 18 2 0 2 7 0 2 7 1 2 7 5 31 3 1 2 7 0 2 7 13 6 3 1 2 7 5 31 3 0 2 7 0 2 7 0 2 7 0 2 7 1 2 7 1 2 7 12 16 2 1 2 7 0 2 7 0 2 7 1 2 7 12 16 2 0 2 7 0 2 7 1 2 7 5 31 3 16 6 2 1 2 7 1 2 4 0 2 7 0 2 7 0 2 7 0 2 7 1 2 7 17 9 2 0 2 7 0 2 7 1 2 4 12 16 2 0 2 4 0 59.7211945056915283
12 16 2 0 2 7 17 9 2 13 6 3 1 2 7 1 2 7 17 9 2 1 2 7 1 2 7 17 18 2 0 2 7 17 18 2 0 2 7 0 2 7 0 2 7 13 6 3 0 2 7 1 2 7 1 2 7 12 16 2 17 18 2 0 2 7 0 2 7 1 2 7 5 31 3 1 2 7 0 2 7 13 6 3 1 2 4 5 31 3 0 2 7 0 2 4 0 2 7 0 2 7 0 2 7 1 2 7 1 2 7 12 16 2 1 2 7 0 2 4 0 2 7 1 2 7 12 16 2 0 2 7 0 2 7 1 2 7 1 2 7 5 31 3 16 6 2 1 2 7 1 2 7 1 2 7 0 2 7 0 2 7 0 2 7 0 2 7 1 2 7 17 9 2 0 2 7 0 2 7 0 59.7211945056915283
12 16 2 0 2 7 13 6 3 17 9 2 13 6 3 17 9 2 17 9 2 0 2 7 1 2 4 17 18 2 0 2 7 17 18 2 1 2 7 1 2 4 1 2 7 0 2 7 1 2 4 0 2 7 17 18 2 0 2 7 0 2 7 1 2 7 5 31 3 1 2 4 1 2 4 5 31 3 0 2 7 0 2 4 1 2 7 0 2 4 12 16 2 1 2 7 1 2 7 1 2 7 0 2 7 0 2 7 0 2 3 0 2 7 1 2 7 0 2 7 1 2 7 1 2 4 5 30 3 0 2 7 1 2 7 12 16 2 0 2 7 0 2 7 0 2 7 0 2 7 0 2 7 0 2 3 0 2 7 1 2 4 1 2 7 16 6 2 0 2 7 6 2 7 5 31 3 0 2 7 0 60.1825236678123474
12 16 2 1 2 3 1 2 7 13 6 3 17 9 2 1 2 7 17 18 2 17 9 2 1 2 7 0 2 7 0 2 3 13 6 3 8 18 2 5 31 3 1 2 7 5 30 3 0 2 7 1 2 7 12 16 2 0 2 12 1 2 7 0 2 7 0 2 11 0 2 3 1 2 7 1 2 3 12 16 2 1 2 7 1 2 7 0 2 7 1 2 7 17 18 2 1 2 11 0 2 7 0 2 7 0 2 3 0 2 7 0 2 7 0 2 7 0 2 12 1 2 7 17 18 2 0 2 7 0 2 7 0 2 3 0 2 7 0 2 7 0 2 7 1 2 7 0 2 7 0 2 7 13 6 3 5 30 3 1 2 3 1 2 7 5 30 3 0 2 7 1 2 12 16 6 2 17 9 2 0 60.985486626625061
12 16 2 0 2 7 17 9 2 13 6 3 1 2 7 1 2 3 17 9 2 1 2 7 1 2 7 17 18 2 0 2 7 17 18 2 0 2 7 0 2 4 0 2 7 13 6 3 0 2 7 1 2 7 1 2 7 0 2 7 17 18 2 0 2 4 0 2 7 1 2 3 5 31 3 0 2 7 0 2 7 13 6 3 1 2 7 5 31 3 0 2 7 0 2 7 0 2 7 0 2 7 0 2 7 0 2 7 1 2 3 1 2 7 12 16 2 1 2 7 17 18 2 0 2 7 0 2 7 0 2 4 12 16 2 0 2 4 0 2 7 1 2 7 1 2 7 12 16 2 0 2 7 5 30 3 16 6 2 1 2 3 1 2 7 1 2 7 1 2 7 0 2 4 1 2 7 1 2 7 0 59.9809155464172363
12 16 2 0 2 7 17 9 2 13 6 3 1 2 7 1 2 4 17 9 2 1 2 7 1 2 7 17 18 2 0 2 7 17 18 2 0 2 7 0 2 7 0 2 7 13 6 3 0 2 7 1 2 7 1 2 7 12 16 2 17 18 2 0 2 7 0 2 7 1 2 7 5 31 3 1 2 4 0 2 7 13 6 3 5 31 3 0 2 7 0 2 7 0 2 7 0 2 7 1 2 7 1 2 7 12 16 2 0 2 7 0 2 7 1 2 7 0 2 7 0 2 7 1 2 7 1 2 7 5 31 3 16 6 2 1 2 7 1 2 7 1 2 7 0 2 7 0 2 7 0 2 7 0 2 7 1 2 7 17 9 2 0 2 7 0 2 7 1 2 4 0 2 7 1 2 7 12 16 2 0 59.7211945056915283
12 16 2 0 2 7 13 6 3 17 9 2 13 6 3 17 9 2 0 2 7 1 2 7 17 18 2 0 2 7 17 18 2 1 2 7 1 2 7 0 2 7 1 2 7 0 2 7 17 18 2 0 2 7 0 2 7 1 2 7 5 31 3 5 31 3 0 2 7 1 2 7 12 16 2 1 2 7 1 2 7 1 2 7 0 2 7 1 2 7 0 2 7 1 2 7 0 2 7 1 2 7 0 2 7 1 2 7 12 16 2 0 2 7 0 2 7 0 2 7 0 2 7 0 2 7 0 2 7 1 2 7 16 6 2 0 2 7 5 31 3 0 2 7 0 2 7 1 2 7 13 6 3 1 2 7 1 2 7 12 16 2 17 18 2 0 2 4 0 2 4 0 2 4 1 2 7 1 2 7 0 59.7211945056915283
12 16 2 1 2 4 1 2 7 13 6 3 17 9 2 1 2 7 17 18 2 17 18 2 1 2 7 1 2 7 0 2 7 13 6 3 17 18 2 5 31 3 1 2 7 5 31 3 0 2 7 1 2 7 12 16 2 0 2 7 1 2 7 0 2 7 0 2 7 0 2 7 1 2 4 1 2 7 12 16 2 1 2 7 1 2 7 0 2 7 1 2 7 17 9 2 1 2 7 0 2 7 0 2 7 0 2 7 0 2 7 0 2 7 0 2 7 0 2 7 0 2 7 1 2 4 0 2 7 1 2 7 0 2 7 0 2 7 0 2 7 1 2 7 13 6 3 17 9 2 1 2 4 17 18 2 0 2 4 0 2 7 0 2 7 5 30 3 5 30 3 1 2 4 0 2 4 0 2 7 0 59.7875515222549438
12 16 2 1 2 7 1 2 7 13 6 3 17 9 2 1 2 7 17 18 2 17 18 2 1 2 7 1 2 7 0 2 7 13 6 3 17 18 2 5 31 3 1 2 7 5 31 3 0 2 7 1 2 7 12 16 2 0 2 7 1 2 7 0 2 7 0 2 7 0 2 7 1 2 4 1 2 7 12 16 2 1 2 7 1 2 7 0 2 7 1 2 7 17 9 2 1 2 7 0 2 7 0 2 7 0 2 7 0 2 7 0 2 7 0 2 7 0 2 7 0 2 7 17 18 2 1 2 7 0 2 7 1 2 7 0 2 4 0 2 7 0 2 7 0 2 4 0 2 7 1 2 7 0 2 4 13 6 3 5 30 3 5 30 3 0 2 4 0 2 4 1 2 7 17 9 2 1 2 4 0 59.7875515222549438
12 16 2 0 2 7 17 9 2 13 6 3 1 2 7 1 2 7 17 9 2 1 2 7 1 2 7 17 18 2 0 2 7 17 18 2 0 2 7 0 2 7 0 2 7 13 6 3 0 2 7 1 2 7 1 2 7 1 2 7 17 18 2 0 2 7 0 2 7 1 2 7 5 31 3 1 2 7 0 2 7 13 6 3 1 2 7 5 31 3 0 2 3 0 2 7 0 2 7 0 2 7 0 2 7 1 2 7 1 2 7 12 16 2 1 2 7 0 2 7 0 2 7 1 2 7 12 16 2 0 2 7 0 2 7 1 2 3 1 2 7 5 31 3 16 6 2 1 2 7 1 2 3 1 2 7 0 2 7 0 2 7 0 2 7 0 2 7 1 2 7 17 9 2 0 2 7 0 2 7 0 59.8628445863723755

