Current Evaluation = 900(900)
Front Size = 10
5 30 3 5 31 3 12 16 2 12 16 2 1 2 7 16 19 11 0 2 7 0 2 7 0 2 7 16 19 11 0 2 7 5 30 3 12 16 2 5 31 3 0 2 7 0 2 7 5 31 3 5 30 3 5 31 3 1 2 7 0 2 7 17 9 2 5 31 3 0 2 7 0 2 7 1 2 7 6 2 7 0 2 7 0 2 7 0 2 7 0 2 7 0 2 7 1 2 7 6 2 7 0 2 7 17 9 2 16 30 2 1 2 7 0 2 7 0 2 4 16 6 2 0 2 4 0 2 7 1 2 7 0 2 7 0 2 7 0 2 7 0 2 7 12 16 2 12 16 2 6 2 7 16 30 2 0 2 7 13 6 3 6 2 7 1 2 7 0 2 7 0 2 7 0 2 7 0 2 7 0 62.0825173854827881
0 2 8 16 19 12 1 2 8 16 19 12 0 2 8 16 19 12 5 30 3 1 2 8 16 19 12 5 30 3 0 2 8 8 18 2 5 30 3 1 2 8 8 9 2 0 2 8 0 2 8 8 9 2 1 2 8 8 18 2 5 30 3 0 2 8 0 2 8 12 16 2 0 2 8 16 19 12 0 2 8 0 2 8 0 2 8 0 2 8 5 30 3 8 9 2 0 2 8 16 19 12 8 18 2 0 2 8 0 2 8 0 2 8 0 2 8 5 30 3 5 30 3 1 2 8 0 2 8 8 18 2 16 6 2 0 2 8 0 2 8 0 2 8 0 2 8 0 2 8 0 2 8 0 2 8 1 2 8 1 2 8 0 2 8 8 9 2 0 2 8 0 2 8 0 2 8 5 30 3 0.00137419233510186053 68.9533554315567017
5 30 3 5 30 3 0 2 3 5 30 3 5 30 3 5 30 3 0 2 7 12 16 2 0 2 7 0 2 7 0 2 7 0 2 7 12 16 2 0 2 7 1 2 7 0 2 7 0 2 8 0 2 7 0 2 3 0 2 7 0 2 7 5 31 3 5 30 3 0 2 7 0 2 7 0 2 3 1 2 7 0 2 7 5 30 3 0 2 7 16 19 11 16 19 11 1 2 3 0 2 3 16 19 11 1 2 3 1 2 7 0 2 7 0 2 11 0 2 7 0 2 3 1 2 3 0 2 3 0 2 3 0 2 3 16 19 11 16 19 11 0 2 3 0 2 3 5 30 3 0 2 7 16 6 2 0 2 3 0 2 7 0 2 3 0 2 3 16 6 2 8 18 2 0 2 7 0 2 7 0 64.9462041854858398
5 30 3 8 18 2 5 30 3 5 30 3 5 30 3 8 9 2 5 30 3 5 30 3 0 2 11 6 2 12 8 9 2 12 16 2 8 9 2 1 2 7 1 2 8 0 2 7 0 2 7 16 18 8 8 18 2 0 2 7 8 18 2 12 16 2 16 19 12 0 2 11 16 19 12 13 6 3 6 2 8 8 9 2 17 18 2 12 16 2 1 2 7 0 2 7 6 2 8 8 9 2 0 2 12 6 2 12 8 18 2 8 18 2 0 2 8 8 9 2 6 3 2 0 2 7 0 2 7 0 2 7 16 19 12 1 2 7 0 2 8 8 18 2 0 2 8 8 18 2 16 15 2 16 19 12 16 19 12 8 9 2 8 18 2 0 2 7 6 2 12 8 18 2 1 2 7 12 16 2 0.0561155323774676015 64.6452332735061646
0 2 7 5 30 3 12 16 2 5 30 3 0 2 7 16 6 2 5 30 3 0 2 3 5 30 3 5 30 3 5 30 3 5 30 3 0 2 7 0 2 3 0 2 10 16 19 11 16 19 11 0 2 11 6 2 7 0 2 7 16 19 11 0 2 3 0 2 3 0 2 3 0 2 8 16 19 11 0 2 11 0 2 7 0 2 11 0 2 8 0 2 8 0 2 11 0 2 3 0 2 11 12 16 2 0 2 11 16 19 11 0 2 8 0 2 7 0 2 8 0 2 11 5 30 3 0 2 11 0 2 3 0 2 3 0 2 8 5 31 3 0 2 8 0 2 7 0 2 8 0 2 3 5 30 3 16 19 11 0 2 3 0 2 11 0 2 11 0 2 11 0 2 8 0 2 3 12 16 2 0 67.7098962664604187
8 9 2 8 9 2 0 2 8 8 18 2 8 9 2 13 6 3 6 2 8 12 16 2 6 2 8 5 30 3 8 18 2 6 2 8 16 19 12 13 6 3 8 9 2 8 18 2 5 30 3 8 18 2 2 3 3 6 2 8 16 15 2 16 15 2 6 2 8 16 19 12 6 2 8 16 19 12 6 2 8 0 2 8 0 2 12 5 30 3 6 2 12 5 30 3 16 19 12 5 30 3 8 9 2 0 2 8 6 2 8 8 18 2 0 2 12 8 9 2 6 2 8 2 3 3 8 18 2 5 30 3 6 2 8 5 30 3 8 18 2 6 2 8 5 30 3 16 19 12 8 18 2 6 2 8 8 18 2 0 2 8 6 2 8 12 16 2 0 2 8 6 2 8 8 18 2 0 2 8 0.0654135199751210566 65.9612582921981812
5 30 3 12 16 2 12 16 2 1 2 7 0 2 7 0 2 7 0 2 7 0 2 7 5 30 3 12 16 2 0 2 7 0 2 7 5 30 3 1 2 7 0 2 7 0 2 7 1 2 7 1 2 7 12 16 2 13 6 3 8 9 2 5 30 3 16 19 12 5 31 3 16 18 8 8 18 2 5 30 3 8 9 2 8 9 2 6 2 7 0 2 7 0 2 7 0 2 7 8 18 2 16 19 12 6 2 7 0 2 7 17 9 2 16 30 2 1 2 7 0 2 8 0 2 4 6 2 12 0 2 4 0 2 7 16 15 2 0 2 7 0 2 7 16 19 12 0 2 11 12 16 2 6 3 2 16 30 2 0 2 7 6 2 8 8 18 2 0 2 7 0 2 7 6 2 12 8 18 2 0.036141996873512057 62.6023787260055542
5 31 3 8 18 2 5 30 3 5 30 3 0 2 7 12 16 2 5 30 3 5 30 3 0 2 7 17 9 2 12 16 2 8 9 2 1 2 8 5 30 3 12 16 2 16 19 11 16 19 12 12 16 2 0 2 7 8 9 2 0 2 8 12 16 2 0 2 7 5 31 3 0 2 7 0 2 7 0 2 11 0 2 8 0 2 7 0 2 7 0 2 3 0 2 7 8 9 2 0 2 7 16 19 11 0 2 7 0 2 7 0 2 7 0 2 7 0 2 3 16 19 11 6 2 7 1 2 11 0 2 7 6 2 3 1 2 7 12 16 2 0 2 7 0 2 8 0 2 7 16 19 11 5 30 3 0 2 7 0 2 8 0 2 12 0 2 7 0 2 7 16 19 11 1 2 7 0 2 3 0 65.771818220615387
5 30 3 0 2 7 16 19 11 0 2 3 8 18 2 1 2 8 5 30 3 12 16 2 12 16 2 0 2 8 16 19 12 1 2 3 8 9 2 0 2 3 8 9 2 0 2 8 0 2 3 0 2 7 16 19 12 16 19 12 0 2 7 0 2 7 0 2 3 16 6 2 0 2 3 0 2 3 1 2 3 12 16 2 16 18 8 0 2 3 0 2 7 0 2 8 0 2 7 0 2 7 5 30 3 0 2 3 5 30 3 0 2 7 16 19 11 0 2 8 12 16 2 0 2 3 0 2 8 1 2 8 1 2 7 8 9 2 1 2 3 5 30 3 5 30 3 0 2 3 0 2 8 0 2 3 0 2 8 5 30 3 0 2 7 0 2 7 0 2 3 0 2 7 5 30 3 12 16 2 0 66.6584526300430298
1 2 7 5 30 3 12 16 2 12 16 2 0 2 3 16 18 11 0 2 7 1 2 7 0 2 7 16 19 11 0 2 7 5 30 3 1 2 7 0 2 7 5 30 3 0 2 7 1 2 7 1 2 7 1 2 7 0 2 7 0 2 7 6 2 3 0 2 7 1 2 7 0 2 7 0 2 7 1 2 3 0 2 3 0 2 7 0 2 7 16 6 2 1 2 7 0 2 7 0 2 3 0 2 3 0 2 7 13 6 3 0 2 7 5 31 3 5 31 3 0 2 7 5 31 3 17 9 2 0 2 4 0 2 7 1 2 7 0 2 7 16 30 2 0 2 7 5 30 3 1 2 3 12 16 2 1 2 7 16 6 2 0 2 3 0 2 7 0 2 3 17 9 2 0 2 7 0 2 3 0 62.2864814400672913

Current Evaluation = 1800(1800)
Front Size = 10
5 31 3 5 31 3 12 16 2 12 16 2 0 2 4 0 2 7 12 16 2 0 2 7 17 18 2 1 2 7 5 31 3 6 2 7 12 16 2 5 30 3 5 31 3 1 2 7 0 2 7 8 1 2 0 2 7 0 2 7 1 2 7 1 2 7 1 2 7 0 2 7 0 2 4 1 2 7 0 2 7 13 6 3 16 6 2 0 2 7 0 2 7 1 2 3 16 6 2 0 2 7 0 2 7 0 2 7 12 16 2 0 2 7 0 2 7 0 2 7 0 2 4 1 2 4 12 16 2 5 30 3 0 2 7 17 9 2 0 2 3 1 2 7 0 2 3 12 16 2 0 2 7 0 2 7 16 6 2 0 2 7 17 18 2 0 2 7 0 2 7 0 2 4 16 6 2 0 2 4 0 61.7120231986045837
5 30 3 0 2 7 16 19 11 0 2 3 8 18 2 1 2 8 5 30 3 12 16 2 12 16 2 0 2 8 16 19 12 1 2 3 8 9 2 0 2 3 8 9 2 0 2 8 0 2 3 0 2 7 16 19 12 16 19 12 0 2 7 0 2 7 0 2 3 16 6 2 0 2 3 0 2 3 1 2 3 12 16 2 16 18 8 0 2 3 0 2 7 0 2 8 0 2 7 0 2 7 5 30 3 0 2 3 5 30 3 0 2 7 16 19 11 0 2 8 12 16 2 0 2 3 0 2 8 1 2 8 1 2 7 8 9 2 1 2 3 5 30 3 5 30 3 0 2 3 0 2 8 0 2 3 0 2 8 5 30 3 0 2 7 0 2 7 0 2 3 0 2 7 5 30 3 12 16 2 0 66.6584526300430298
12 16 2 5 31 3 16 19 11 5 30 3 16 31 2 0 2 7 1 2 7 0 2 7 1 2 7 0 2 3 0 2 7 12 16 2 0 2 7 16 30 2 5 30 3 1 2 7 0 2 7 0 2 7 0 2 3 0 2 3 1 2 7 0 2 3 1 2 7 0 2 7 0 2 3 0 2 7 5 30 3 0 2 3 0 2 3 16 9 8 0 2 7 17 9 2 0 2 7 1 2 7 0 2 7 6 2 3 0 2 7 0 2 7 0 2 7 0 2 7 5 30 3 0 2 3 5 30 3 0 2 7 1 2 7 1 2 7 0 2 7 0 2 3 5 31 3 0 2 3 1 2 4 0 2 7 1 2 3 0 2 7 16 9 11 5 30 3 0 2 3 1 2 7 16 6 2 1 2 3 0 63.1781664490699768
8 9 2 8 9 2 0 2 8 8 18 2 8 9 2 13 6 3 6 2 8 12 16 2 6 2 8 5 30 3 8 18 2 6 2 8 16 19 12 13 6 3 8 9 2 8 18 2 5 30 3 8 18 2 2 3 3 6 2 8 16 15 2 16 15 2 6 2 8 16 19 12 6 2 8 16 19 12 6 2 8 0 2 8 0 2 12 5 30 3 6 2 12 5 30 3 16 19 12 5 30 3 8 9 2 0 2 8 6 2 8 8 18 2 0 2 12 8 9 2 6 2 8 2 3 3 8 18 2 5 30 3 6 2 8 5 30 3 8 18 2 6 2 8 5 30 3 16 19 12 8 18 2 6 2 8 8 18 2 0 2 8 6 2 8 12 16 2 0 2 8 6 2 8 8 18 2 0 2 8 0.0654135199751210566 65.9612582921981812
0 2 8 16 19 12 1 2 8 16 19 12 0 2 8 16 19 12 5 30 3 1 2 8 16 19 12 5 30 3 0 2 8 8 18 2 5 30 3 1 2 8 8 9 2 0 2 8 0 2 8 8 9 2 1 2 8 8 18 2 5 30 3 0 2 8 0 2 8 12 16 2 0 2 8 16 19 12 0 2 8 0 2 8 0 2 8 0 2 8 5 30 3 8 9 2 0 2 8 16 19 12 8 18 2 0 2 8 0 2 8 0 2 8 0 2 8 5 30 3 5 30 3 1 2 8 0 2 8 8 18 2 16 6 2 0 2 8 0 2 8 0 2 8 0 2 8 0 2 8 0 2 8 0 2 8 1 2 8 1 2 8 0 2 8 8 9 2 0 2 8 0 2 8 0 2 8 5 30 3 0.00137419233510186053 68.9533554315567017
5 30 3 5 30 3 5 30 3 5 30 3 5 30 3 0 2 7 0 2 7 12 16 2 0 2 7 0 2 7 0 2 7 12 16 2 0 2 3 12 16 2 0 2 7 0 2 7 0 2 4 0 2 7 0 2 7 1 2 7 0 2 3 0 2 3 12 16 2 1 2 11 1 2 7 0 2 7 0 2 7 0 2 7 16 19 11 0 2 7 0 2 10 5 30 3 16 19 11 13 6 3 1 2 3 17 9 2 17 18 2 0 2 7 0 2 7 8 9 2 0 2 11 0 2 7 1 2 10 5 30 3 5 30 3 0 2 7 0 2 3 6 2 7 8 18 2 0 2 3 1 2 3 16 19 11 16 19 11 0 2 7 16 19 12 0 2 3 6 2 7 0 2 10 0 2 3 12 16 2 0 64.4096020460128784
5 30 3 8 18 2 5 30 3 5 30 3 5 30 3 8 9 2 5 30 3 5 30 3 0 2 11 6 2 12 8 9 2 12 16 2 8 9 2 1 2 7 1 2 8 0 2 7 0 2 7 16 18 8 8 18 2 0 2 7 8 18 2 12 16 2 16 19 12 0 2 11 16 19 12 13 6 3 6 2 8 8 9 2 17 18 2 12 16 2 1 2 7 0 2 7 6 2 8 8 9 2 0 2 12 6 2 12 8 18 2 8 18 2 0 2 8 8 9 2 6 3 2 0 2 7 0 2 7 0 2 7 16 19 12 1 2 7 0 2 8 8 18 2 0 2 8 8 18 2 16 15 2 16 19 12 16 19 12 8 9 2 8 18 2 0 2 7 6 2 12 8 18 2 1 2 7 12 16 2 0.0561155323774676015 64.6452332735061646
0 2 7 5 30 3 12 16 2 5 30 3 0 2 7 16 6 2 5 30 3 0 2 3 5 30 3 5 30 3 5 30 3 5 30 3 0 2 7 0 2 3 0 2 10 16 19 11 16 19 11 0 2 11 6 2 7 0 2 7 16 19 11 0 2 3 0 2 3 0 2 3 0 2 8 16 19 11 0 2 11 0 2 7 0 2 11 0 2 8 0 2 8 0 2 11 0 2 3 0 2 11 12 16 2 0 2 11 16 19 11 0 2 8 0 2 7 0 2 8 0 2 11 5 30 3 0 2 11 0 2 3 0 2 3 0 2 8 5 31 3 0 2 8 0 2 7 0 2 8 0 2 3 5 30 3 16 19 11 0 2 3 0 2 11 0 2 11 0 2 11 0 2 8 0 2 3 12 16 2 0 67.7098962664604187
12 16 2 5 30 3 5 30 3 16 6 2 5 30 3 0 2 8 5 31 3 1 2 8 12 16 2 0 2 8 5 30 3 0 2 8 16 19 12 0 2 7 1 2 8 1 2 8 5 30 3 0 2 3 16 19 12 1 2 7 1 2 3 1 2 7 0 2 3 0 2 8 0 2 7 8 18 2 0 2 3 1 2 3 16 19 12 0 2 8 1 2 3 1 2 4 17 18 2 1 2 3 0 2 3 0 2 3 0 2 8 0 2 3 16 19 12 0 2 8 0 2 3 16 18 11 0 2 8 5 30 3 1 2 7 8 9 2 0 2 8 0 2 7 8 9 2 1 2 7 16 19 12 16 6 2 0 2 8 0 2 8 16 19 12 0 2 8 0 2 3 1 2 3 1 2 8 0 2 8 0.10775464635086017 66.1568354964256287
12 16 2 5 30 3 5 31 3 5 30 3 16 6 2 5 31 3 0 2 3 12 16 2 0 2 7 16 6 2 0 2 7 1 2 7 0 2 7 0 2 3 16 9 11 12 16 2 0 2 3 1 2 3 1 2 7 1 2 3 1 2 7 0 2 3 5 30 3 0 2 7 0 2 7 0 2 3 0 2 3 1 2 3 0 2 7 0 2 7 1 2 3 1 2 4 17 18 2 1 2 3 0 2 3 0 2 3 1 2 3 0 2 3 1 2 3 0 2 3 0 2 3 16 18 11 16 18 11 0 2 3 1 2 7 0 2 7 0 2 3 0 2 7 0 2 7 1 2 7 0 2 7 16 6 2 1 2 4 0 2 3 1 2 3 0 2 3 0 2 3 1 2 3 0 2 4 0 2 7 0 63.4473288655281067

Current Evaluation = 2700(2700)
Front Size = 10
5 31 3 5 30 3 5 30 3 12 16 2 0 2 7 0 2 7 1 2 7 0 2 7 17 18 2 0 2 7 8 18 2 0 2 7 12 16 2 5 30 3 5 30 3 0 2 7 1 2 7 17 9 2 0 2 7 1 2 7 0 2 7 1 2 7 1 2 11 0 2 7 0 2 7 1 2 7 0 2 7 13 6 3 16 6 2 0 2 7 13 6 3 0 2 7 13 6 3 0 2 7 0 2 7 0 2 7 12 16 2 1 2 7 1 2 3 1 2 7 0 2 7 1 2 7 12 16 2 5 31 3 0 2 7 17 9 2 0 2 7 1 2 7 0 2 7 12 16 2 1 2 7 0 2 7 16 6 2 0 2 7 17 18 2 1 2 7 0 2 7 0 2 7 16 30 2 0 2 7 0 60.6338481903076172
0 2 7 5 30 3 12 16 2 5 30 3 0 2 7 16 6 2 5 30 3 0 2 3 5 30 3 5 30 3 5 30 3 5 30 3 0 2 7 0 2 3 0 2 10 16 19 11 16 19 11 0 2 11 6 2 7 0 2 7 16 19 11 0 2 3 0 2 3 0 2 3 0 2 8 16 19 11 0 2 11 0 2 7 0 2 11 0 2 8 0 2 8 0 2 11 0 2 3 0 2 11 12 16 2 0 2 11 16 19 11 0 2 8 0 2 7 0 2 8 0 2 11 5 30 3 0 2 11 0 2 3 0 2 3 0 2 8 5 31 3 0 2 8 0 2 7 0 2 8 0 2 3 5 30 3 16 19 11 0 2 3 0 2 11 0 2 11 0 2 11 0 2 8 0 2 3 12 16 2 0 67.7098962664604187
0 2 8 16 19 12 1 2 8 16 19 12 0 2 8 16 19 12 5 30 3 1 2 8 16 19 12 5 30 3 0 2 8 8 18 2 5 30 3 1 2 8 8 9 2 0 2 8 0 2 8 8 9 2 1 2 8 8 18 2 5 30 3 0 2 8 0 2 8 12 16 2 0 2 8 16 19 12 0 2 8 0 2 8 0 2 8 0 2 8 5 30 3 8 9 2 0 2 8 16 19 12 8 18 2 0 2 8 0 2 8 0 2 8 0 2 8 5 30 3 5 30 3 1 2 8 0 2 8 8 18 2 16 6 2 0 2 8 0 2 8 0 2 8 0 2 8 0 2 8 0 2 8 0 2 8 1 2 8 1 2 8 0 2 8 8 9 2 0 2 8 0 2 8 0 2 8 5 30 3 0.00137419233510186053 68.9533554315567017
1 2 7 17 18 2 16 19 11 12 16 2 5 30 3 5 30 3 5 30 3 5 31 3 12 16 2 1 2 11 1 2 7 0 2 7 1 2 10 0 2 3 0 2 7 0 2 7 0 2 7 0 2 7 0 2 10 0 2 7 0 2 7 0 2 3 0 2 3 0 2 4 12 16 2 0 2 3 0 2 7 0 2 7 17 9 2 1 2 7 0 2 3 1 2 7 1 2 4 0 2 3 0 2 7 1 2 7 16 30 2 17 18 2 16 30 2 0 2 7 16 31 2 0 2 7 0 2 7 5 30 3 0 2 7 0 2 6 5 30 3 13 6 3 1 2 10 0 2 7 1 2 7 0 2 3 0 2 10 6 2 4 5 30 3 0 2 3 0 2 6 12 16 2 1 2 7 1 2 7 0 62.5114204287528992
5 30 3 8 18 2 5 30 3 5 30 3 5 30 3 8 9 2 5 30 3 5 30 3 0 2 11 6 2 12 8 9 2 12 16 2 8 9 2 1 2 7 1 2 8 0 2 7 0 2 7 16 18 8 8 18 2 0 2 7 8 18 2 12 16 2 16 19 12 0 2 11 16 19 12 13 6 3 6 2 8 8 9 2 17 18 2 12 16 2 1 2 7 0 2 7 6 2 8 8 9 2 0 2 12 6 2 12 8 18 2 8 18 2 0 2 8 8 9 2 6 3 2 0 2 7 0 2 7 0 2 7 16 19 12 1 2 7 0 2 8 8 18 2 0 2 8 8 18 2 16 15 2 16 19 12 16 19 12 8 9 2 8 18 2 0 2 7 6 2 12 8 18 2 1 2 7 12 16 2 0.0561155323774676015 64.6452332735061646
0 2 7 5 30 3 5 30 3 12 16 2 0 2 7 1 2 3 1 2 3 0 2 3 0 2 7 0 2 7 12 16 2 5 30 3 5 31 3 1 2 7 1 2 3 8 9 2 0 2 7 0 2 7 0 2 4 0 2 7 1 2 7 1 2 3 0 2 3 0 2 7 0 2 7 16 6 2 0 2 7 0 2 3 0 2 3 1 2 3 0 2 7 0 2 7 0 2 7 0 2 3 0 2 3 5 30 3 1 2 3 0 2 3 0 2 7 0 2 7 1 2 3 8 18 2 0 2 7 13 6 3 17 18 2 16 6 2 12 16 2 0 2 3 0 2 3 1 2 3 12 16 2 0 2 3 1 2 7 16 6 2 16 19 11 0 2 7 1 2 7 12 16 2 16 6 2 16 19 11 0 62.9272173643112183
5 30 3 0 2 7 5 30 3 5 30 3 5 30 3 0 2 7 1 2 7 12 16 2 0 2 3 17 9 2 0 2 7 12 16 2 12 16 2 0 2 7 0 2 7 0 2 7 1 2 7 0 2 7 1 2 11 0 2 7 0 2 4 0 2 7 1 2 7 16 19 11 0 2 7 5 30 3 16 19 11 13 6 3 17 9 2 0 2 4 0 2 7 8 9 2 0 2 7 0 2 7 5 30 3 5 30 3 0 2 7 8 18 2 16 19 11 16 19 11 1 2 7 0 2 7 0 2 3 0 2 7 0 2 7 0 2 4 0 2 7 1 2 7 0 2 7 0 2 7 1 2 7 1 2 8 8 9 2 1 2 7 0 2 11 0 2 7 1 2 7 17 9 2 0 2 7 12 16 2 0 63.1074649095535278
5 30 3 5 30 3 8 18 2 5 30 3 5 30 3 12 16 2 16 6 2 0 2 8 1 2 7 1 2 8 16 19 12 0 2 8 12 16 2 1 2 8 16 6 2 0 2 8 5 31 3 1 2 7 0 2 8 0 2 7 16 6 2 1 2 8 17 18 2 0 2 8 0 2 8 13 6 3 16 19 12 0 2 7 0 2 7 1 2 7 0 2 8 0 2 7 8 9 2 0 2 8 0 2 7 8 18 2 0 2 8 0 2 8 0 2 8 0 2 7 5 30 3 0 2 7 1 2 7 0 2 8 8 18 2 12 16 2 1 2 7 0 2 7 0 2 8 1 2 7 0 2 8 0 2 8 0 2 7 0 2 7 0 2 7 8 9 2 0 2 7 0 2 7 0 2 8 5 30 3 0.000487448143854339979 64.867267370223999
8 9 2 8 9 2 0 2 8 8 18 2 8 9 2 13 6 3 6 2 8 12 16 2 6 2 8 5 30 3 8 18 2 6 2 8 16 19 12 13 6 3 8 9 2 8 18 2 5 30 3 8 18 2 2 3 3 6 2 8 16 15 2 16 15 2 6 2 8 16 19 12 6 2 8 16 19 12 6 2 8 0 2 8 0 2 12 5 30 3 6 2 12 5 30 3 16 19 12 5 30 3 8 9 2 0 2 8 6 2 8 8 18 2 0 2 12 8 9 2 6 2 8 2 3 3 8 18 2 5 30 3 6 2 8 5 30 3 8 18 2 6 2 8 5 30 3 16 19 12 8 18 2 6 2 8 8 18 2 0 2 8 6 2 8 12 16 2 0 2 8 6 2 8 8 18 2 0 2 8 0.0654135199751210566 65.9612582921981812
8 9 2 8 18 2 13 6 3 12 16 2 5 30 3 5 30 3 5 30 3 5 30 3 12 16 2 1 2 7 1 2 7 8 9 2 6 2 8 0 2 3 8 18 2 1 2 3 16 19 12 0 2 7 0 2 7 0 2 7 0 2 7 2 3 3 0 2 7 16 15 2 0 2 7 6 2 8 16 19 12 6 2 8 0 2 7 0 2 7 0 2 3 0 2 12 6 2 12 16 6 2 5 30 3 16 6 2 12 16 2 17 18 2 8 18 2 0 2 12 8 9 2 6 2 8 2 3 3 8 18 2 1 2 3 6 2 8 5 30 3 8 18 2 6 2 8 16 19 11 16 19 12 1 2 7 6 2 8 0 2 3 0 2 7 0 2 7 0 2 8 0 2 4 1 2 3 0 2 3 0.0648410970709940859 64.0920941829681396

Current Evaluation = 3600(3600)
Front Size = 10
5 31 3 5 30 3 5 30 3 12 16 2 0 2 7 0 2 7 1 2 7 0 2 7 17 18 2 0 2 7 8 18 2 0 2 7 12 16 2 5 30 3 1 2 7 0 2 7 1 2 7 17 9 2 0 2 7 1 2 3 0 2 7 1 2 7 1 2 7 0 2 7 0 2 3 1 2 3 0 2 7 13 6 3 16 6 2 1 2 7 13 6 3 0 2 7 13 6 3 0 2 7 0 2 7 0 2 7 12 16 2 1 2 7 1 2 3 1 2 7 0 2 7 1 2 7 12 16 2 5 31 3 0 2 7 17 9 2 0 2 7 0 2 7 0 2 7 12 16 2 1 2 7 0 2 7 16 6 2 0 2 7 17 18 2 1 2 7 0 2 7 0 2 7 16 6 2 0 2 7 0 60.6084302663803101
0 2 8 16 19 12 1 2 8 16 19 12 0 2 8 16 19 12 5 30 3 1 2 8 16 19 12 5 30 3 0 2 8 8 18 2 5 30 3 1 2 8 8 9 2 0 2 8 0 2 8 8 9 2 1 2 8 8 18 2 5 30 3 0 2 8 0 2 8 12 16 2 0 2 8 16 19 12 0 2 8 0 2 8 0 2 8 0 2 8 5 30 3 8 9 2 0 2 8 16 19 12 8 18 2 0 2 8 0 2 8 0 2 8 0 2 8 5 30 3 5 30 3 1 2 8 0 2 8 8 18 2 16 6 2 0 2 8 0 2 8 0 2 8 0 2 8 0 2 8 0 2 8 0 2 8 1 2 8 1 2 8 0 2 8 8 9 2 0 2 8 0 2 8 0 2 8 5 30 3 0.00137419233510186053 68.9533554315567017
1 2 7 8 18 2 16 19 11 12 16 2 5 30 3 1 2 7 5 30 3 5 30 3 12 16 2 0 2 3 1 2 7 1 2 11 1 2 7 0 2 7 0 2 3 1 2 3 0 2 7 0 2 7 0 2 3 0 2 7 12 16 2 12 16 2 0 2 3 1 2 7 0 2 3 0 2 7 0 2 3 0 2 7 0 2 7 0 2 3 0 2 3 0 2 3 0 2 7 5 30 3 1 2 7 13 6 3 0 2 7 1 2 7 0 2 3 1 2 7 1 2 7 1 2 4 0 2 7 17 9 2 0 2 3 0 2 3 16 31 2 17 18 2 16 6 2 16 6 2 16 6 2 8 9 2 0 2 11 0 2 7 0 2 7 0 2 3 5 30 3 0 2 3 1 2 7 1 2 3 0 62.4400794506072998
5 30 3 8 18 2 5 30 3 5 30 3 5 30 3 8 9 2 5 30 3 5 30 3 0 2 11 6 2 12 8 9 2 12 16 2 8 9 2 1 2 7 1 2 8 0 2 7 0 2 7 16 18 8 8 18 2 0 2 7 8 18 2 12 16 2 16 19 12 0 2 11 16 19 12 13 6 3 6 2 8 8 9 2 17 18 2 12 16 2 1 2 7 0 2 7 6 2 8 8 9 2 0 2 12 6 2 12 8 18 2 8 18 2 0 2 8 8 9 2 6 3 2 0 2 7 0 2 7 0 2 7 16 19 12 1 2 7 0 2 8 8 18 2 0 2 8 8 18 2 16 15 2 16 19 12 16 19 12 8 9 2 8 18 2 0 2 7 6 2 12 8 18 2 1 2 7 12 16 2 0.0561155323774676015 64.6452332735061646
5 30 3 1 2 3 17 18 2 5 30 3 5 31 3 12 16 2 16 6 2 1 2 4 12 16 2 16 6 2 1 2 7 0 2 7 5 31 3 17 18 2 5 30 3 6 2 7 0 2 7 0 2 7 0 2 3 8 9 2 0 2 7 0 2 7 5 30 3 0 2 3 0 2 7 12 16 2 1 2 7 0 2 3 1 2 7 0 2 4 0 2 7 0 2 11 0 2 7 0 2 11 0 2 7 16 19 11 6 2 7 1 2 11 0 2 7 5 30 3 0 2 7 0 2 11 0 2 7 1 2 7 16 19 11 0 2 7 0 2 7 8 18 2 0 2 7 0 2 7 1 2 12 0 2 7 0 2 3 0 2 7 0 2 11 0 2 4 8 9 2 1 2 7 12 16 2 16 6 2 0 63.174357533454895
0 2 7 5 30 3 12 16 2 5 30 3 0 2 7 16 6 2 5 30 3 0 2 3 5 30 3 5 30 3 5 30 3 5 30 3 0 2 7 0 2 3 0 2 10 16 19 11 16 19 11 0 2 11 6 2 7 0 2 7 16 19 11 0 2 3 0 2 3 0 2 3 0 2 8 16 19 11 0 2 11 0 2 7 0 2 11 0 2 8 0 2 8 0 2 11 0 2 3 0 2 11 12 16 2 0 2 11 16 19 11 0 2 8 0 2 7 0 2 8 0 2 11 5 30 3 0 2 11 0 2 3 0 2 3 0 2 8 5 31 3 0 2 8 0 2 7 0 2 8 0 2 3 5 30 3 16 19 11 0 2 3 0 2 11 0 2 11 0 2 11 0 2 8 0 2 3 12 16 2 0 67.7098962664604187
5 30 3 5 30 3 8 18 2 5 30 3 5 30 3 12 16 2 16 6 2 0 2 8 1 2 7 1 2 8 16 19 12 0 2 8 12 16 2 1 2 8 16 6 2 0 2 8 5 31 3 1 2 7 0 2 8 0 2 7 16 6 2 1 2 8 17 18 2 0 2 8 0 2 8 13 6 3 16 19 12 0 2 7 0 2 7 1 2 7 0 2 8 0 2 7 8 9 2 0 2 8 0 2 7 8 18 2 0 2 8 0 2 8 0 2 8 0 2 7 5 30 3 0 2 7 1 2 7 0 2 8 8 18 2 12 16 2 1 2 7 0 2 7 0 2 8 1 2 7 0 2 8 0 2 8 0 2 7 0 2 7 0 2 7 8 9 2 0 2 7 0 2 7 0 2 8 5 30 3 0.000487448143854339979 64.867267370223999
5 30 3 12 16 2 5 30 3 16 6 2 5 30 3 0 2 7 5 31 3 5 31 3 5 31 3 0 2 7 6 2 7 0 2 7 0 2 7 0 2 7 0 2 7 0 2 7 0 2 7 6 2 7 1 2 7 16 19 13 5 31 3 0 2 7 0 2 7 5 31 3 1 2 7 6 2 7 0 2 7 0 2 7 12 16 2 0 2 7 1 2 7 0 2 7 6 2 7 6 2 7 6 2 7 2 3 3 1 2 7 0 2 7 9 2 7 0 2 7 0 2 12 0 2 7 0 2 7 17 18 2 0 2 13 0 2 7 0 2 7 0 2 7 0 2 7 17 9 2 0 2 7 0 2 7 0 2 7 5 30 3 16 19 11 0 2 7 6 2 7 16 19 13 17 9 2 1 2 7 0 63.3084196448326111
5 30 3 12 16 2 5 30 3 16 6 2 5 30 3 1 2 7 5 30 3 5 30 3 5 30 3 0 2 3 0 2 3 0 2 7 1 2 7 0 2 7 5 30 3 0 2 7 1 2 7 0 2 3 0 2 7 0 2 7 0 2 7 0 2 7 0 2 3 0 2 3 0 2 7 16 19 12 5 31 3 0 2 7 1 2 7 0 2 7 16 19 11 0 2 3 1 2 7 0 2 3 16 19 11 0 2 7 6 2 7 0 2 3 0 2 7 0 2 7 0 2 7 0 2 7 0 2 7 0 2 3 0 2 7 0 2 3 0 2 7 0 2 3 0 2 7 16 19 11 0 2 7 0 2 3 5 31 3 16 19 11 0 2 3 0 2 3 16 19 11 0 2 3 12 16 2 0 2 7 0 64.9949731230735779
16 19 11 5 30 3 5 30 3 5 30 3 5 30 3 12 16 2 5 30 3 5 30 3 17 18 2 16 30 2 5 31 3 0 2 7 1 2 7 0 2 7 0 2 7 0 2 7 16 15 2 0 2 7 17 18 2 1 2 7 6 2 7 0 2 7 1 2 7 17 9 2 0 2 7 17 9 2 0 2 7 0 2 7 0 2 7 0 2 7 15 2 11 0 2 4 1 2 11 1 2 7 0 2 7 0 2 7 0 2 11 8 18 2 15 2 11 0 2 7 0 2 7 0 2 7 0 2 11 0 2 7 0 2 7 1 2 7 1 2 7 8 9 2 0 2 7 0 2 7 1 2 7 0 2 7 1 2 7 0 2 11 0 2 7 1 2 7 0 2 7 0 2 11 0 2 7 5 30 3 0 62.5283665060997009

Current Evaluation = 4500(4500)
Front Size = 10
5 31 3 5 31 3 5 30 3 12 16 2 0 2 7 0 2 7 1 2 7 0 2 7 17 18 2 1 2 7 5 30 3 0 2 7 6 2 4 5 30 3 1 2 7 0 2 7 1 2 7 17 9 2 0 2 7 1 2 7 0 2 7 1 2 7 1 2 7 0 2 7 0 2 7 1 2 7 0 2 7 13 6 3 16 30 2 0 2 7 13 6 3 0 2 7 13 6 3 0 2 7 1 2 7 0 2 7 12 16 2 1 2 7 1 2 7 0 2 7 0 2 7 1 2 7 12 16 2 5 31 3 0 2 7 17 9 2 0 2 7 0 2 7 1 2 7 12 16 2 0 2 7 0 2 7 16 6 2 0 2 7 17 18 2 1 2 7 0 2 7 0 2 7 17 9 2 0 2 4 0 60.3324564099311829
17 9 2 0 2 7 12 16 2 0 2 7 0 2 7 5 30 3 12 16 2 1 2 7 0 2 11 1 2 7 1 2 3 0 2 11 0 2 11 0 2 7 0 2 7 5 30 3 0 2 7 1 2 7 0 2 7 1 2 7 0 2 7 0 2 3 0 2 7 1 2 7 5 30 3 0 2 9 0 2 7 0 2 11 5 30 3 6 2 7 0 2 7 5 30 3 0 2 7 8 18 2 16 6 2 13 6 3 0 2 4 17 18 2 0 2 7 0 2 7 12 16 2 5 30 3 0 2 11 1 2 11 5 30 3 0 2 7 5 30 3 1 2 11 17 18 2 0 2 7 0 2 7 16 19 11 0 2 3 1 2 7 0 2 7 17 18 2 17 18 2 8 18 2 1 2 7 0 2 7 0 62.7486063838005066
0 2 8 16 19 12 1 2 8 16 19 12 0 2 8 16 19 12 5 30 3 1 2 8 16 19 12 5 30 3 0 2 8 8 18 2 5 30 3 1 2 8 8 9 2 0 2 8 0 2 8 8 9 2 1 2 8 8 18 2 5 30 3 0 2 8 0 2 8 12 16 2 0 2 8 16 19 12 0 2 8 0 2 8 0 2 8 0 2 8 5 30 3 8 9 2 0 2 8 16 19 12 8 18 2 0 2 8 0 2 8 0 2 8 0 2 8 5 30 3 5 30 3 1 2 8 0 2 8 8 18 2 16 6 2 0 2 8 0 2 8 0 2 8 0 2 8 0 2 8 0 2 8 0 2 8 1 2 8 1 2 8 0 2 8 8 9 2 0 2 8 0 2 8 0 2 8 5 30 3 0.00137419233510186053 68.9533554315567017
0 2 7 5 30 3 12 16 2 5 30 3 0 2 7 16 6 2 5 30 3 0 2 3 5 30 3 5 30 3 5 30 3 5 30 3 0 2 7 0 2 3 0 2 10 16 19 11 16 19 11 0 2 11 6 2 7 0 2 7 16 19 11 0 2 3 0 2 3 0 2 3 0 2 8 16 19 11 0 2 11 0 2 7 0 2 11 0 2 8 0 2 8 0 2 11 0 2 3 0 2 11 12 16 2 0 2 11 16 19 11 0 2 8 0 2 7 0 2 8 0 2 11 5 30 3 0 2 11 0 2 3 0 2 3 0 2 8 5 31 3 0 2 8 0 2 7 0 2 8 0 2 3 5 30 3 16 19 11 0 2 3 0 2 11 0 2 11 0 2 11 0 2 8 0 2 3 12 16 2 0 67.7098962664604187
0 2 7 5 30 3 12 16 2 5 30 3 0 2 7 16 6 2 5 31 3 0 2 3 5 31 3 8 18 2 0 2 7 6 2 3 1 2 3 0 2 3 0 2 3 0 2 7 12 16 2 0 2 7 5 30 3 0 2 3 1 2 7 16 6 2 0 2 3 16 6 2 0 2 3 0 2 7 1 2 7 16 19 11 0 2 4 0 2 3 16 19 11 0 2 3 0 2 7 1 2 7 1 2 7 0 2 7 0 2 7 0 2 7 0 2 3 5 30 3 0 2 7 5 30 3 1 2 3 5 30 3 0 2 3 0 2 3 16 6 2 0 2 3 0 2 3 0 2 3 0 2 7 0 2 7 16 9 11 0 2 7 0 2 7 0 2 7 1 2 7 0 2 7 12 16 2 1 2 3 0 63.868142306804657
5 31 3 5 30 3 5 30 3 0 2 7 0 2 7 0 2 7 1 2 7 0 2 7 17 18 2 0 2 4 0 2 7 12 16 2 5 30 3 1 2 10 0 2 7 1 2 7 17 9 2 0 2 7 1 2 11 0 2 7 1 2 7 0 2 4 0 2 7 0 2 7 1 2 4 13 6 3 1 2 7 5 30 3 0 2 4 1 2 4 0 2 4 1 2 7 1 2 10 1 2 7 0 2 4 1 2 7 0 2 7 17 9 2 0 2 4 1 2 4 17 18 2 17 9 2 0 2 7 8 9 2 0 2 7 0 2 4 0 2 11 13 6 3 1 2 7 12 16 2 17 9 2 0 2 7 0 2 7 12 16 2 1 2 7 0 2 7 17 18 2 1 2 7 1 2 11 0 2 4 0 60.7612634897232056
5 30 3 12 16 2 5 30 3 16 6 2 5 30 3 0 2 7 5 31 3 5 31 3 5 31 3 0 2 7 6 2 7 0 2 7 0 2 7 0 2 7 0 2 7 0 2 7 0 2 7 6 2 7 1 2 7 16 19 13 5 31 3 0 2 7 0 2 7 5 31 3 1 2 7 6 2 7 0 2 7 0 2 7 12 16 2 0 2 7 1 2 7 0 2 7 6 2 7 6 2 7 6 2 7 2 3 3 1 2 7 0 2 7 9 2 7 0 2 7 0 2 12 0 2 7 0 2 7 17 18 2 0 2 13 0 2 7 0 2 7 0 2 7 0 2 7 17 9 2 0 2 7 0 2 7 0 2 7 5 30 3 16 19 11 0 2 7 6 2 7 16 19 13 17 9 2 1 2 7 0 63.3084196448326111
5 30 3 5 30 3 5 30 3 12 16 2 16 6 2 17 9 2 16 19 12 1 2 8 16 19 12 0 2 8 16 19 12 1 2 8 0 2 7 6 2 7 0 2 7 1 2 8 12 16 2 0 2 8 0 2 8 1 2 7 1 2 8 8 18 2 0 2 7 0 2 7 0 2 7 0 2 8 16 19 12 0 2 8 0 2 8 0 2 8 0 2 8 1 2 4 8 9 2 0 2 8 16 19 12 8 18 2 0 2 8 12 16 2 0 2 8 0 2 7 5 30 3 0 2 7 1 2 4 0 2 4 0 2 7 0 2 8 0 2 8 0 2 7 0 2 8 1 2 7 0 2 8 0 2 7 5 31 3 1 2 8 12 16 2 8 9 2 0 2 8 0 2 8 0 2 7 5 30 3 0.00156160184507576428 66.2731074690818787
5 31 3 5 30 3 5 30 3 12 16 2 1 2 7 0 2 3 0 2 7 0 2 7 0 2 3 5 30 3 0 2 7 5 30 3 6 2 7 1 2 7 0 2 7 12 16 2 0 2 3 0 2 7 0 2 7 0 2 7 1 2 7 0 2 7 0 2 7 1 2 11 0 2 3 13 6 3 0 2 7 0 2 7 0 2 3 1 2 7 1 2 7 12 16 2 0 2 3 1 2 3 1 2 3 1 2 4 1 2 3 12 16 2 1 2 7 17 9 2 6 2 4 0 2 7 16 19 11 17 18 2 17 9 2 0 2 3 1 2 7 16 15 2 16 30 2 0 2 7 13 6 3 1 2 7 0 2 7 8 9 2 0 2 7 0 2 7 17 18 2 0 2 7 0 2 7 0 2 7 0 61.737391471862793
0 2 7 12 16 2 0 2 7 1 2 3 5 30 3 12 16 2 0 2 7 0 2 7 1 2 3 0 2 10 1 2 3 0 2 7 12 16 2 1 2 7 0 2 7 0 2 7 5 30 3 0 2 7 0 2 4 0 2 7 0 2 7 1 2 7 0 2 7 1 2 7 5 31 3 0 2 7 0 2 7 0 2 7 5 30 3 0 2 7 5 31 3 0 2 7 0 2 7 0 2 7 0 2 7 16 6 2 0 2 3 16 6 2 17 9 2 8 9 2 1 2 7 0 2 7 1 2 7 0 2 7 1 2 7 1 2 7 8 9 2 16 6 2 1 2 7 0 2 3 16 19 11 0 2 4 5 30 3 5 30 3 0 2 7 0 2 4 1 2 4 16 31 2 17 9 2 0 2 7 0 62.0722203254699707

Current Evaluation = 5400(5400)
Front Size = 10
5 31 3 5 30 3 5 30 3 0 2 7 0 2 7 0 2 7 1 2 11 0 2 7 17 18 2 0 2 4 0 2 7 12 16 2 5 30 3 0 2 7 1 2 7 17 9 2 0 2 7 0 2 7 1 2 7 0 2 7 0 2 7 13 6 3 1 2 7 1 2 7 1 2 7 1 2 7 0 2 7 17 9 2 17 18 2 17 9 2 0 2 7 0 2 7 13 6 3 1 2 7 12 16 2 0 2 7 0 2 7 12 16 2 1 2 7 0 2 7 1 2 7 6 2 4 0 2 7 0 2 7 1 2 4 5 30 3 1 2 7 1 2 4 0 2 7 0 2 7 0 2 7 1 2 7 1 2 4 0 2 7 0 2 7 5 31 3 13 6 3 17 18 2 0 2 7 16 6 2 0 60.2925953269004822
5 31 3 12 16 2 5 30 3 12 16 2 16 6 2 5 30 3 0 2 3 0 2 3 1 2 7 12 16 2 0 2 7 1 2 7 0 2 7 0 2 7 0 2 7 12 16 2 0 2 7 5 30 3 0 2 3 0 2 3 1 2 3 1 2 7 1 2 7 1 2 3 5 30 3 0 2 3 5 30 3 16 19 11 0 2 3 16 9 11 0 2 7 16 19 11 0 2 7 0 2 7 1 2 7 0 2 3 0 2 7 0 2 7 0 2 3 1 2 3 0 2 3 0 2 3 5 30 3 1 2 3 0 2 4 16 9 11 16 9 11 0 2 7 12 16 2 0 2 7 0 2 7 0 2 3 1 2 3 0 2 3 0 2 7 0 2 7 0 2 7 8 9 2 1 2 3 0 2 3 0 64.7041973471641541
5 31 3 12 16 2 5 30 3 16 30 2 5 30 3 1 2 7 1 2 7 5 30 3 0 2 7 0 2 7 0 2 7 1 2 7 0 2 7 0 2 7 0 2 3 0 2 7 0 2 7 1 2 7 1 2 7 1 2 7 0 2 7 12 16 2 0 2 8 1 2 3 0 2 7 1 2 7 0 2 7 0 2 7 0 2 7 0 2 4 1 2 7 0 2 7 0 2 3 0 2 7 17 9 2 0 2 3 5 30 3 16 19 11 8 9 2 0 2 3 5 30 3 0 2 7 17 9 2 16 19 12 0 2 3 5 31 3 8 9 2 1 2 7 0 2 3 1 2 3 0 2 7 1 2 7 0 2 7 16 18 8 0 2 7 1 2 3 0 2 7 16 6 2 0 2 11 0 2 7 0 63.11845862865448
12 16 2 1 2 7 5 31 3 12 16 2 0 2 7 0 2 7 0 2 7 0 2 7 5 30 3 6 2 3 1 2 7 1 2 7 0 2 7 5 30 3 16 6 2 12 16 2 0 2 7 5 30 3 0 2 7 0 2 7 0 2 7 0 2 7 0 2 7 0 2 3 0 2 7 16 19 11 12 16 2 1 2 7 1 2 7 5 30 3 0 2 7 0 2 7 0 2 7 17 9 2 8 9 2 0 2 7 0 2 7 13 6 3 0 2 7 17 18 2 5 30 3 0 2 7 1 2 7 5 30 3 5 31 3 0 2 7 0 2 7 0 2 7 0 2 7 13 6 3 0 2 7 6 2 7 1 2 7 0 2 7 0 2 7 0 2 7 17 9 2 16 15 2 16 19 12 0 2 3 0 62.2841470837593079
0 2 7 5 30 3 12 16 2 5 30 3 0 2 7 16 6 2 5 30 3 0 2 3 5 30 3 5 30 3 5 30 3 5 30 3 0 2 7 0 2 3 0 2 10 16 19 11 16 19 11 0 2 11 6 2 7 0 2 7 16 19 11 0 2 3 0 2 3 0 2 3 0 2 8 16 19 11 0 2 11 0 2 7 0 2 11 0 2 8 0 2 8 0 2 11 0 2 3 0 2 11 12 16 2 0 2 11 16 19 11 0 2 8 0 2 7 0 2 8 0 2 11 5 30 3 0 2 11 0 2 3 0 2 3 0 2 8 5 31 3 0 2 8 0 2 7 0 2 8 0 2 3 5 30 3 16 19 11 0 2 3 0 2 11 0 2 11 0 2 11 0 2 8 0 2 3 12 16 2 0 67.7098962664604187
0 2 8 16 19 12 1 2 8 16 19 12 0 2 8 16 19 12 5 30 3 1 2 8 16 19 12 5 30 3 0 2 8 8 18 2 5 30 3 1 2 8 8 9 2 0 2 8 0 2 8 8 9 2 1 2 8 8 18 2 5 30 3 0 2 8 0 2 8 12 16 2 0 2 8 16 19 12 0 2 8 0 2 8 0 2 8 0 2 8 5 30 3 8 9 2 0 2 8 16 19 12 8 18 2 0 2 8 0 2 8 0 2 8 0 2 8 5 30 3 5 30 3 1 2 8 0 2 8 8 18 2 16 6 2 0 2 8 0 2 8 0 2 8 0 2 8 0 2 8 0 2 8 0 2 8 1 2 8 1 2 8 0 2 8 8 9 2 0 2 8 0 2 8 0 2 8 5 30 3 0.00137419233510186053 68.9533554315567017
5 30 3 5 30 3 5 30 3 12 16 2 16 6 2 17 9 2 16 19 12 1 2 8 16 19 12 0 2 8 16 19 12 1 2 8 0 2 7 6 2 7 0 2 7 1 2 8 12 16 2 0 2 8 0 2 8 1 2 7 1 2 8 8 18 2 0 2 7 0 2 7 0 2 7 0 2 8 16 19 12 0 2 8 0 2 8 0 2 8 0 2 8 1 2 4 8 9 2 0 2 8 16 19 12 8 18 2 0 2 8 12 16 2 0 2 8 0 2 7 5 30 3 0 2 7 1 2 4 0 2 4 0 2 7 0 2 8 0 2 8 0 2 7 0 2 8 1 2 7 0 2 8 0 2 7 5 31 3 1 2 8 12 16 2 8 9 2 0 2 8 0 2 8 0 2 7 5 30 3 0.00156160184507576428 66.2731074690818787
17 9 2 0 2 7 12 16 2 0 2 11 1 2 11 5 30 3 12 16 2 0 2 7 0 2 7 0 2 11 0 2 7 5 30 3 1 2 7 0 2 11 0 2 7 1 2 7 0 2 7 0 2 11 0 2 3 5 30 3 1 2 7 0 2 7 0 2 7 16 6 2 13 6 3 0 2 7 1 2 11 0 2 7 0 2 7 12 16 2 0 2 4 17 18 2 0 2 7 0 2 4 1 2 7 0 2 7 0 2 7 0 2 7 0 2 7 1 2 7 0 2 11 5 30 3 6 2 7 13 6 3 1 2 7 5 30 3 0 2 11 1 2 7 17 18 2 5 30 3 0 2 7 5 30 3 0 2 7 5 30 3 17 9 2 16 19 11 1 2 7 17 18 2 8 9 2 8 18 2 0 62.314039409160614
12 16 2 5 30 3 5 30 3 5 30 3 16 6 2 5 30 3 5 30 3 5 30 3 8 9 2 1 2 7 5 30 3 0 2 7 0 2 7 16 19 12 0 2 8 1 2 8 1 2 7 0 2 8 1 2 7 0 2 3 16 19 12 0 2 7 1 2 8 5 31 3 0 2 4 0 2 8 0 2 8 0 2 3 0 2 3 8 18 2 0 2 4 0 2 7 0 2 7 8 18 2 16 19 12 8 9 2 0 2 3 0 2 4 0 2 7 0 2 8 1 2 7 0 2 8 16 19 12 8 18 2 0 2 8 8 9 2 16 19 12 5 30 3 1 2 7 1 2 8 0 2 7 16 19 11 0 2 7 1 2 8 1 2 7 17 9 2 8 18 2 0 2 8 0 2 8 0 2 3 0.0207607045268142498 65.7568141222000122
5 30 3 12 16 2 5 30 3 16 6 2 5 30 3 0 2 7 5 31 3 5 31 3 5 31 3 0 2 7 6 2 7 0 2 7 0 2 7 0 2 7 0 2 7 0 2 7 0 2 7 6 2 7 1 2 7 16 19 13 5 31 3 0 2 7 0 2 7 5 31 3 1 2 7 6 2 7 0 2 7 0 2 7 12 16 2 0 2 7 1 2 7 0 2 7 6 2 7 6 2 7 6 2 7 2 3 3 1 2 7 0 2 7 9 2 7 0 2 7 0 2 12 0 2 7 0 2 7 17 18 2 0 2 13 0 2 7 0 2 7 0 2 7 0 2 7 17 9 2 0 2 7 0 2 7 0 2 7 5 30 3 16 19 11 0 2 7 6 2 7 16 19 13 17 9 2 1 2 7 0 63.3084196448326111

Current Evaluation = 6300(6300)
Front Size = 10
5 31 3 5 30 3 5 30 3 0 2 7 0 2 7 0 2 7 1 2 11 0 2 7 17 18 2 0 2 4 0 2 7 12 16 2 5 30 3 0 2 7 1 2 7 17 9 2 0 2 7 0 2 7 1 2 7 0 2 7 0 2 7 13 6 3 1 2 7 1 2 7 1 2 7 1 2 7 0 2 7 17 9 2 17 18 2 17 9 2 0 2 7 0 2 7 13 6 3 1 2 7 12 16 2 0 2 7 0 2 7 12 16 2 1 2 7 0 2 7 1 2 7 6 2 4 0 2 7 0 2 7 1 2 4 5 30 3 1 2 7 1 2 4 0 2 7 0 2 7 0 2 7 1 2 7 1 2 4 0 2 7 0 2 7 5 31 3 13 6 3 17 18 2 0 2 7 16 6 2 0 60.2925953269004822
0 2 7 5 30 3 12 16 2 5 30 3 0 2 7 16 6 2 5 30 3 0 2 3 5 30 3 5 30 3 5 30 3 5 30 3 0 2 7 0 2 3 0 2 10 16 19 11 16 19 11 0 2 11 6 2 7 0 2 7 16 19 11 0 2 3 0 2 3 0 2 3 0 2 8 16 19 11 0 2 11 0 2 7 0 2 11 0 2 8 0 2 8 0 2 11 0 2 3 0 2 11 12 16 2 0 2 11 16 19 11 0 2 8 0 2 7 0 2 8 0 2 11 5 30 3 0 2 11 0 2 3 0 2 3 0 2 8 5 31 3 0 2 8 0 2 7 0 2 8 0 2 3 5 30 3 16 19 11 0 2 3 0 2 11 0 2 11 0 2 11 0 2 8 0 2 3 12 16 2 0 67.7098962664604187
0 2 7 5 31 3 12 16 2 5 31 3 0 2 7 16 31 2 5 30 3 0 2 7 5 30 3 0 2 7 6 2 7 0 2 7 0 2 11 0 2 7 1 2 7 0 2 7 0 2 7 6 2 7 0 2 7 12 16 2 6 2 7 5 31 3 0 2 7 12 16 2 6 2 7 0 2 11 5 31 3 0 2 7 12 16 2 2 3 3 16 19 11 17 9 2 0 2 7 12 16 2 6 2 7 0 2 4 17 9 2 17 18 2 6 2 11 6 2 7 12 16 2 1 2 7 13 6 3 6 2 7 5 30 3 0 2 7 1 2 4 0 2 7 5 30 3 0 2 7 0 2 7 0 2 7 0 2 7 16 6 2 0 2 7 0 2 7 0 2 7 1 2 7 6 2 7 0 2 7 0 62.5993655920028687
12 16 2 5 30 3 12 16 2 5 31 3 5 30 3 17 9 2 0 2 7 0 2 3 5 31 3 0 2 4 0 2 7 0 2 3 1 2 3 16 19 11 0 2 7 0 2 7 0 2 7 16 19 11 0 2 7 16 9 11 0 2 7 1 2 7 5 30 3 0 2 7 0 2 7 0 2 7 0 2 7 0 2 10 0 2 10 1 2 7 0 2 3 1 2 7 1 2 3 5 30 3 0 2 3 1 2 7 0 2 3 0 2 3 0 2 3 0 2 7 0 2 7 5 30 3 0 2 7 0 2 7 1 2 7 1 2 7 16 6 2 16 9 8 0 2 3 0 2 3 16 9 11 1 2 3 5 30 3 0 2 7 0 2 11 0 2 3 12 16 2 1 2 3 0 2 3 6 2 7 0 64.3822104334831238
0 2 8 16 19 12 1 2 8 16 19 12 0 2 8 16 19 12 5 30 3 1 2 8 16 19 12 5 30 3 0 2 8 8 18 2 5 30 3 1 2 8 8 9 2 0 2 8 0 2 8 8 9 2 1 2 8 8 18 2 5 30 3 0 2 8 0 2 8 12 16 2 0 2 8 16 19 12 0 2 8 0 2 8 0 2 8 0 2 8 5 30 3 8 9 2 0 2 8 16 19 12 8 18 2 0 2 8 0 2 8 0 2 8 0 2 8 5 30 3 5 30 3 1 2 8 0 2 8 8 18 2 16 6 2 0 2 8 0 2 8 0 2 8 0 2 8 0 2 8 0 2 8 0 2 8 1 2 8 1 2 8 0 2 8 8 9 2 0 2 8 0 2 8 0 2 8 5 30 3 0.00137419233510186053 68.9533554315567017
1 2 7 12 16 2 12 16 2 5 30 3 1 2 7 0 2 7 0 2 7 5 30 3 0 2 7 0 2 7 0 2 7 0 2 7 0 2 7 0 2 7 1 2 7 1 2 7 0 2 7 12 16 2 0 2 7 12 16 2 0 2 7 16 19 11 8 9 2 0 2 7 0 2 7 1 2 7 0 2 4 0 2 7 0 2 7 5 31 3 1 2 7 6 2 7 16 6 2 0 2 7 16 6 2 16 20 12 0 2 7 5 31 3 1 2 7 5 31 3 5 30 3 12 16 2 0 2 7 12 16 2 0 2 7 17 18 2 0 2 7 0 2 7 16 19 11 12 16 2 8 18 2 0 2 4 5 31 3 0 2 7 0 2 7 16 19 11 0 2 7 8 9 2 0 2 7 0 2 7 0 63.2177570462226868
5 30 3 5 30 3 12 16 2 5 30 3 5 30 3 16 6 2 5 30 3 0 2 3 16 19 11 1 2 3 0 2 7 0 2 7 0 2 7 0 2 7 0 2 3 12 16 2 0 2 3 0 2 11 0 2 3 0 2 7 0 2 11 0 2 3 0 2 7 0 2 3 0 2 3 0 2 3 16 19 11 0 2 7 16 19 11 8 18 2 5 30 3 0 2 7 0 2 7 0 2 7 16 19 11 0 2 11 0 2 7 5 30 3 0 2 11 12 16 2 1 2 7 0 2 7 0 2 7 5 30 3 0 2 7 0 2 7 0 2 7 12 16 2 16 19 11 8 18 2 0 2 11 16 19 11 0 2 11 0 2 7 0 2 7 0 2 11 5 30 3 0 2 3 1 2 7 0 2 11 0 65.715280294418335
5 30 3 5 30 3 12 16 2 5 30 3 5 30 3 16 6 2 0 2 8 0 2 7 0 2 7 0 2 7 0 2 8 0 2 8 17 18 2 1 2 8 0 2 8 0 2 8 8 9 2 8 18 2 0 2 7 0 2 7 0 2 8 5 30 3 0 2 7 13 6 3 0 2 8 0 2 8 1 2 7 1 2 8 0 2 7 0 2 8 0 2 8 8 18 2 0 2 7 0 2 7 13 6 3 1 2 7 12 16 2 0 2 8 1 2 8 0 2 8 1 2 8 0 2 7 5 30 3 6 2 4 0 2 7 0 2 8 1 2 4 1 2 7 1 2 4 0 2 7 0 2 8 0 2 7 1 2 7 0 2 8 0 2 7 1 2 8 0 2 8 0 2 8 0 2 8 8 18 2 0.00982739928326654272 64.8014165759086609
12 16 2 1 2 7 0 2 7 1 2 3 0 2 3 5 30 3 1 2 7 1 2 7 5 30 3 8 9 2 0 2 7 5 30 3 0 2 7 0 2 7 0 2 7 0 2 7 0 2 7 1 2 3 0 2 3 8 9 2 5 30 3 5 30 3 0 2 3 5 30 3 16 19 11 0 2 3 1 2 4 1 2 4 8 18 2 0 2 7 0 2 7 0 2 8 0 2 4 0 2 8 0 2 8 0 2 8 0 2 8 0 2 4 13 6 3 0 2 7 16 9 11 5 30 3 0 2 3 0 2 7 0 2 8 8 18 2 0 2 8 0 2 8 8 9 2 0 2 8 8 18 2 0 2 3 0 2 7 17 18 2 0 2 8 0 2 7 16 9 11 0 2 8 16 19 12 6 2 4 0.0100803922637716682 64.8732685446739197
5 31 3 5 30 3 5 30 3 0 2 7 0 2 7 0 2 7 0 2 7 17 18 2 1 2 7 0 2 7 12 16 2 5 30 3 1 2 7 1 2 7 17 9 2 1 2 4 0 2 7 1 2 7 0 2 4 8 1 2 0 2 7 0 2 7 0 2 7 1 2 7 0 2 3 0 2 7 1 2 7 0 2 7 12 16 2 0 2 7 0 2 4 12 16 2 1 2 7 0 2 4 1 2 7 0 2 7 0 2 7 0 2 3 0 2 7 1 2 7 1 2 4 0 2 7 0 2 7 0 2 7 5 31 3 17 18 2 0 2 3 0 2 3 0 2 7 6 2 4 16 9 11 16 19 11 0 2 7 17 9 2 5 31 3 6 2 7 1 2 7 12 16 2 16 6 2 0 2 7 0 62.1654843688011169

Current Evaluation = 7200(7200)
Front Size = 10
5 31 3 5 30 3 5 30 3 5 31 3 12 16 2 0 2 7 16 30 2 0 2 7 0 2 7 5 30 3 0 2 7 0 2 7 12 16 2 1 2 11 0 2 7 1 2 7 0 2 7 0 2 7 0 2 4 1 2 7 0 2 7 0 2 7 1 2 7 0 2 7 1 2 7 0 2 7 0 2 7 0 2 7 0 2 7 0 2 7 1 2 7 1 2 7 0 2 7 1 2 7 0 2 7 1 2 7 13 6 3 0 2 7 1 2 7 12 16 2 17 9 2 0 2 7 0 2 7 0 2 4 17 9 2 0 2 4 1 2 7 1 2 7 13 6 3 1 2 7 0 2 7 17 18 2 17 18 2 17 18 2 1 2 7 1 2 7 1 2 7 17 9 2 1 2 11 13 6 3 0 60.1593303680419922
0 2 7 5 30 3 12 16 2 5 30 3 1 2 3 5 31 3 0 2 7 5 30 3 0 2 7 1 2 3 0 2 7 0 2 7 0 2 3 0 2 7 12 16 2 5 31 3 0 2 7 12 16 2 8 9 2 12 16 2 16 24 2 12 16 2 0 2 7 0 2 7 5 31 3 0 2 3 0 2 3 0 2 7 0 2 7 6 2 7 0 2 7 6 2 7 0 2 3 0 2 7 0 2 7 1 2 7 6 2 3 0 2 3 0 2 7 0 2 3 16 6 2 16 6 2 15 2 11 1 2 3 6 2 7 0 2 7 12 16 2 16 6 2 6 2 7 16 18 11 1 2 7 0 2 3 0 2 7 2 3 3 17 18 2 0 2 7 0 2 3 1 2 7 1 2 3 1 2 7 0 63.2242355942726135
5 30 3 12 16 2 16 31 2 0 2 7 0 2 7 0 2 7 0 2 7 0 2 7 12 16 2 1 2 7 1 2 7 1 2 7 0 2 7 0 2 10 16 19 11 12 16 2 0 2 7 0 2 7 5 30 3 0 2 7 6 2 7 16 6 2 12 16 2 0 2 7 0 2 7 1 2 7 0 2 7 0 2 7 0 2 7 5 31 3 8 18 2 17 9 2 5 30 3 5 30 3 8 9 2 12 16 2 0 2 7 16 19 11 0 2 7 0 2 7 0 2 7 16 19 11 12 16 2 5 31 3 1 2 7 16 20 12 0 2 7 0 2 7 1 2 7 0 2 7 0 2 7 0 2 7 0 2 7 0 2 7 0 2 7 5 30 3 5 30 3 0 2 7 12 16 2 13 6 3 0 63.0218518376350403
5 30 3 5 30 3 12 16 2 16 6 2 5 30 3 8 9 2 8 9 2 5 30 3 8 9 2 0 2 8 0 2 8 0 2 7 1 2 7 1 2 8 0 2 7 0 2 7 0 2 8 8 18 2 0 2 7 0 2 8 8 18 2 0 2 8 0 2 8 1 2 7 0 2 7 0 2 7 0 2 8 0 2 8 1 2 3 0 2 8 0 2 7 5 30 3 0 2 8 0 2 8 16 19 11 0 2 7 0 2 7 0 2 4 0 2 7 0 2 8 0 2 7 1 2 7 0 2 8 1 2 8 1 2 8 5 30 3 0 2 8 17 9 2 16 19 11 12 16 2 16 19 11 12 16 2 16 19 12 1 2 8 12 16 2 0 2 8 0 2 7 0 2 7 8 9 2 1 2 7 0.000664302318681289118 65.9378870725631714
5 30 3 13 6 3 12 16 2 5 30 3 17 18 2 8 18 2 16 15 2 5 30 3 5 30 3 5 30 3 8 18 2 5 30 3 0 2 7 1 2 7 0 2 7 0 2 4 0 2 7 0 2 3 0 2 7 0 2 7 1 2 7 6 2 3 1 2 7 0 2 3 0 2 7 0 2 7 1 2 3 6 2 7 0 2 7 1 2 7 0 2 7 0 2 7 0 2 7 1 2 7 16 19 11 17 9 2 0 2 4 0 2 3 16 19 11 17 9 2 0 2 7 0 2 7 0 2 7 1 2 7 0 2 3 1 2 3 17 18 2 0 2 3 0 2 7 0 2 7 1 2 3 0 2 3 0 2 7 1 2 7 1 2 7 5 30 3 0 2 3 0 2 7 0 2 7 1 2 7 0 62.4626273512840271
0 2 8 16 19 12 1 2 8 16 19 12 0 2 8 16 19 12 5 30 3 1 2 8 16 19 12 5 30 3 0 2 8 8 18 2 5 30 3 1 2 8 8 9 2 0 2 8 0 2 8 8 9 2 1 2 8 8 18 2 5 30 3 0 2 8 0 2 8 12 16 2 0 2 8 16 19 12 0 2 8 0 2 8 0 2 8 0 2 8 5 30 3 8 9 2 0 2 8 16 19 12 8 18 2 0 2 8 0 2 8 0 2 8 0 2 8 5 30 3 5 30 3 1 2 8 0 2 8 8 18 2 16 6 2 0 2 8 0 2 8 0 2 8 0 2 8 0 2 8 0 2 8 0 2 8 1 2 8 1 2 8 0 2 8 8 9 2 0 2 8 0 2 8 0 2 8 5 30 3 0.00137419233510186053 68.9533554315567017
5 30 3 5 30 3 12 16 2 0 2 3 0 2 4 1 2 7 5 31 3 1 2 7 0 2 7 1 2 7 0 2 3 1 2 7 0 2 7 1 2 4 1 2 7 1 2 7 0 2 7 0 2 4 1 2 4 0 2 7 0 2 3 13 6 3 0 2 7 0 2 7 0 2 7 0 2 7 0 2 7 1 2 7 1 2 4 0 2 3 1 2 7 1 2 7 13 6 3 0 2 7 17 9 2 5 30 3 16 19 11 17 9 2 1 2 4 0 2 7 0 2 4 17 18 2 0 2 7 1 2 3 0 2 7 1 2 7 0 2 4 0 2 7 16 6 2 12 16 2 12 16 2 5 30 3 17 18 2 17 9 2 0 2 4 12 16 2 8 9 2 0 2 3 0 2 4 0 2 7 0 61.2216334342956543
5 31 3 5 30 3 5 30 3 5 30 3 1 2 4 0 2 7 1 2 7 0 2 7 5 30 3 0 2 7 5 31 3 12 16 2 1 2 7 0 2 7 0 2 7 0 2 3 0 2 7 0 2 7 1 2 7 0 2 7 0 2 7 0 2 7 0 2 3 0 2 7 0 2 7 0 2 7 0 2 7 0 2 7 1 2 7 0 2 7 0 2 7 1 2 7 0 2 7 0 2 7 13 6 3 0 2 3 0 2 7 12 16 2 17 9 2 0 2 7 17 9 2 1 2 3 16 30 2 1 2 7 1 2 3 0 2 7 16 30 2 1 2 7 16 6 2 0 2 7 16 19 11 12 16 2 1 2 7 17 18 2 1 2 7 12 16 2 8 9 2 13 6 3 0 2 7 5 30 3 0 61.5165183544158936
0 2 7 5 31 3 12 16 2 17 9 2 5 30 3 0 2 7 0 2 4 0 2 7 0 2 7 0 2 7 0 2 7 12 16 2 5 31 3 1 2 7 12 16 2 12 16 2 12 16 2 0 2 4 0 2 7 5 30 3 0 2 1 0 2 7 1 2 7 0 2 7 1 2 7 1 2 7 0 2 4 0 2 7 0 2 7 16 6 2 0 2 7 1 2 4 13 6 3 5 31 3 0 2 7 0 2 7 5 30 3 8 18 2 1 2 3 6 2 7 0 2 3 1 2 7 0 2 7 17 9 2 0 2 7 16 6 2 1 2 11 1 2 7 1 2 4 0 2 7 8 9 2 16 6 2 17 18 2 1 2 7 16 6 2 0 2 7 0 2 4 0 2 7 0 2 7 0 2 7 0 61.5651933550834656
5 30 3 5 30 3 0 2 7 0 2 7 0 2 4 0 2 4 17 18 2 0 2 4 0 2 7 12 16 2 5 30 3 0 2 3 1 2 7 17 9 2 0 2 4 0 2 7 1 2 3 0 2 7 0 2 11 13 6 3 1 2 7 1 2 7 1 2 7 1 2 7 0 2 7 17 9 2 17 18 2 1 2 7 0 2 7 1 2 3 0 2 7 0 2 7 1 2 7 0 2 7 1 2 7 1 2 4 0 2 11 5 30 3 0 2 7 5 31 3 5 30 3 0 2 3 16 9 11 12 16 2 12 16 2 0 2 11 0 2 7 1 2 7 1 2 7 0 2 7 0 2 11 0 2 7 1 2 7 0 2 7 0 2 7 8 18 2 13 6 3 17 18 2 1 2 7 16 6 2 0 61.4682456851005554

Current Evaluation = 8100(8100)
Front Size = 10
5 31 3 5 30 3 5 30 3 5 31 3 12 16 2 0 2 7 16 30 2 0 2 7 0 2 7 5 30 3 0 2 7 0 2 7 12 16 2 1 2 11 0 2 7 1 2 7 0 2 7 0 2 7 0 2 4 1 2 7 0 2 7 0 2 7 1 2 7 0 2 7 1 2 7 0 2 7 0 2 7 0 2 7 0 2 7 0 2 7 1 2 7 1 2 7 0 2 7 1 2 7 0 2 7 1 2 7 13 6 3 0 2 7 1 2 7 12 16 2 17 9 2 0 2 7 0 2 7 0 2 4 17 9 2 0 2 4 1 2 7 1 2 7 13 6 3 1 2 7 0 2 7 17 18 2 17 18 2 17 18 2 1 2 7 1 2 7 1 2 7 17 9 2 1 2 11 13 6 3 0 60.1593303680419922
6 2 11 5 30 3 5 30 3 16 6 2 5 30 3 17 9 2 17 9 2 0 2 3 5 30 3 1 2 7 0 2 7 0 2 11 0 2 8 0 2 7 1 2 8 0 2 7 16 19 11 5 30 3 0 2 7 12 16 2 0 2 7 12 16 2 16 19 11 0 2 11 0 2 7 1 2 8 0 2 11 0 2 7 0 2 7 0 2 7 0 2 3 0 2 8 0 2 3 8 18 2 0 2 7 8 18 2 5 30 3 5 30 3 5 30 3 0 2 7 16 19 11 1 2 8 0 2 8 0 2 8 0 2 7 0 2 8 16 6 2 0 2 7 0 2 7 5 31 3 0 2 7 8 9 2 0 2 7 6 2 8 0 2 3 1 2 11 1 2 7 0 2 11 0 2 7 0 2 11 0 65.1712746620178223
0 2 7 5 30 3 12 16 2 5 30 3 1 2 7 5 30 3 0 2 3 0 2 7 0 2 7 12 16 2 0 2 7 1 2 7 0 2 7 0 2 3 0 2 7 0 2 3 17 9 2 0 2 7 0 2 7 0 2 7 17 18 2 12 16 2 0 2 3 0 2 3 13 6 3 0 2 3 17 9 2 0 2 7 0 2 3 16 15 2 1 2 7 1 2 7 0 2 7 0 2 7 0 2 7 5 30 3 0 2 3 1 2 7 0 2 7 1 2 3 8 9 2 0 2 3 1 2 3 0 2 7 0 2 7 0 2 7 1 2 7 13 6 3 5 30 3 8 18 2 1 2 7 16 19 11 1 2 7 1 2 7 5 30 3 16 6 2 0 2 3 12 16 2 1 2 7 16 6 2 0 62.1120642423629761
12 16 2 16 6 2 8 9 2 1 2 7 0 2 11 0 2 11 1 2 7 0 2 7 0 2 7 0 2 7 0 2 7 0 2 7 0 2 7 0 2 7 0 2 7 0 2 7 0 2 7 1 2 7 8 18 2 12 16 2 12 16 2 12 16 2 0 2 7 0 2 7 1 2 7 5 30 3 5 31 3 16 19 11 0 2 7 5 31 3 6 2 7 0 2 7 5 30 3 0 2 7 17 18 2 0 2 7 1 2 7 0 2 7 0 2 7 1 2 7 12 16 2 0 2 7 0 2 7 0 2 7 5 30 3 0 2 7 0 2 7 16 9 11 0 2 7 0 2 7 16 19 11 0 2 7 5 30 3 1 2 7 16 19 11 8 9 2 16 19 11 5 30 3 0 2 7 5 30 3 0 63.6954870223999023
5 30 3 5 30 3 12 16 2 16 6 2 5 30 3 8 9 2 8 9 2 5 30 3 8 9 2 0 2 8 0 2 8 0 2 7 1 2 7 1 2 8 0 2 7 0 2 7 0 2 8 8 18 2 0 2 7 0 2 8 8 18 2 0 2 8 0 2 8 1 2 7 0 2 7 0 2 7 0 2 8 0 2 8 1 2 3 0 2 8 0 2 7 5 30 3 0 2 8 0 2 8 16 19 11 0 2 7 0 2 7 0 2 4 0 2 7 0 2 8 0 2 7 1 2 7 0 2 8 1 2 8 1 2 8 5 30 3 0 2 8 17 9 2 16 19 11 12 16 2 16 19 11 12 16 2 16 19 12 1 2 8 12 16 2 0 2 8 0 2 7 0 2 7 8 9 2 1 2 7 0.000664302318681289118 65.9378870725631714
0 2 7 12 16 2 1 2 4 0 2 7 0 2 7 12 16 2 0 2 7 1 2 7 1 2 7 0 2 7 17 9 2 0 2 7 0 2 7 0 2 7 17 18 2 12 16 2 13 6 3 16 9 11 0 2 7 0 2 4 0 2 7 1 2 7 0 2 4 1 2 4 1 2 4 0 2 7 1 2 7 0 2 7 0 2 4 1 2 7 17 18 2 0 2 7 1 2 7 1 2 7 16 6 2 12 16 2 1 2 7 1 2 7 0 2 7 5 31 3 5 31 3 0 2 7 1 2 7 0 2 7 0 2 7 0 2 7 0 2 7 0 2 7 16 6 2 0 2 7 1 2 7 1 2 4 8 9 2 5 31 3 12 16 2 0 2 7 17 18 2 1 2 4 5 31 3 0 2 7 0 60.9128405451774597
5 30 3 5 30 3 12 16 2 0 2 7 0 2 7 0 2 10 5 30 3 0 2 7 0 2 7 12 16 2 0 2 7 1 2 7 0 2 7 0 2 4 1 2 7 0 2 7 0 2 4 1 2 7 0 2 7 0 2 4 0 2 3 1 2 7 0 2 7 0 2 7 0 2 7 1 2 7 1 2 10 0 2 4 1 2 7 1 2 7 13 6 3 1 2 7 12 16 2 17 9 2 17 9 2 1 2 7 13 6 3 17 18 2 5 31 3 8 18 2 16 6 2 0 2 7 0 2 11 0 2 4 0 2 7 0 2 4 0 2 7 0 2 4 1 2 10 5 30 3 0 2 6 0 2 7 17 18 2 17 18 2 1 2 7 1 2 7 1 2 7 17 9 2 1 2 7 5 30 3 0 61.0440194606781006
5 30 3 16 19 11 5 31 3 5 30 3 12 16 2 13 6 3 1 2 7 6 2 11 5 30 3 0 2 4 0 2 4 12 16 2 0 2 7 0 2 7 0 2 7 1 2 7 6 2 7 0 2 7 0 2 7 1 2 7 0 2 7 0 2 7 0 2 4 0 2 7 0 2 7 12 16 2 17 18 2 16 6 2 0 2 7 0 2 7 1 2 7 16 30 2 0 2 3 0 2 7 0 2 7 0 2 3 17 9 2 5 31 3 1 2 7 0 2 7 1 2 3 1 2 7 8 9 2 1 2 7 0 2 3 0 2 3 1 2 7 0 2 4 1 2 7 0 2 7 12 16 2 17 18 2 1 2 7 16 6 2 0 2 7 5 31 3 0 2 7 0 2 7 0 2 11 1 2 7 0 61.7744045853614807
0 2 7 15 2 11 12 16 2 5 30 3 0 2 7 5 30 3 0 2 7 1 2 7 0 2 7 1 2 3 0 2 7 0 2 7 0 2 7 0 2 7 6 2 3 0 2 7 17 9 2 0 2 7 1 2 7 0 2 7 17 18 2 12 16 2 0 2 7 13 6 3 0 2 7 1 2 7 1 2 7 0 2 7 1 2 7 0 2 3 1 2 3 0 2 7 0 2 4 17 9 2 0 2 7 0 2 7 0 2 7 0 2 7 1 2 7 17 9 2 1 2 7 1 2 3 16 6 2 12 16 2 0 2 3 16 6 2 0 2 7 0 2 7 5 31 3 1 2 7 16 15 2 5 30 3 0 2 3 1 2 7 0 2 7 13 6 3 5 30 3 8 18 2 5 30 3 0 2 7 0 61.3152192831039429
0 2 7 5 30 3 12 16 2 5 30 3 1 2 3 5 31 3 0 2 7 5 30 3 0 2 7 1 2 3 0 2 7 0 2 7 0 2 3 0 2 7 12 16 2 5 31 3 0 2 7 12 16 2 8 9 2 12 16 2 16 24 2 12 16 2 0 2 7 0 2 7 5 31 3 0 2 3 0 2 3 0 2 7 0 2 7 6 2 7 0 2 7 6 2 7 0 2 3 0 2 7 0 2 7 1 2 7 6 2 3 0 2 3 0 2 7 0 2 3 16 6 2 16 6 2 15 2 11 1 2 3 6 2 7 0 2 7 12 16 2 16 6 2 6 2 7 16 18 11 1 2 7 0 2 3 0 2 7 2 3 3 17 18 2 0 2 7 0 2 3 1 2 7 1 2 3 1 2 7 0 63.2242355942726135

Current Evaluation = 9000(9000)
Front Size = 10
0 2 7 5 30 3 12 16 2 1 2 7 0 2 7 5 30 3 1 2 4 12 16 2 0 2 7 0 2 7 17 9 2 1 2 7 0 2 7 1 2 7 17 18 2 12 16 2 13 6 3 17 9 2 0 2 7 0 2 7 0 2 7 0 2 7 0 2 7 1 2 7 0 2 7 1 2 7 0 2 7 0 2 7 1 2 7 13 6 3 0 2 7 0 2 7 0 2 7 13 6 3 0 2 7 0 2 7 0 2 7 0 2 4 5 31 3 5 31 3 5 31 3 17 18 2 1 2 7 1 2 7 1 2 7 1 2 7 17 9 2 0 2 7 0 2 7 1 2 7 0 2 7 1 2 7 1 2 7 0 2 7 17 18 2 1 2 7 1 2 7 16 6 2 0 2 7 1 2 7 0 60.1157864332199097
0 2 7 5 30 3 12 16 2 5 30 3 1 2 3 5 31 3 0 2 7 5 30 3 0 2 7 1 2 3 0 2 7 0 2 7 0 2 3 0 2 7 12 16 2 5 31 3 0 2 7 12 16 2 8 9 2 12 16 2 16 24 2 12 16 2 0 2 7 0 2 7 5 31 3 0 2 3 0 2 3 0 2 7 0 2 7 6 2 7 0 2 7 6 2 7 0 2 3 0 2 7 0 2 7 1 2 7 6 2 3 0 2 3 0 2 7 0 2 3 16 6 2 16 6 2 15 2 11 1 2 3 6 2 7 0 2 7 12 16 2 16 6 2 6 2 7 16 18 11 1 2 7 0 2 3 0 2 7 2 3 3 17 18 2 0 2 7 0 2 3 1 2 7 1 2 3 1 2 7 0 63.2242355942726135
5 30 3 5 30 3 12 16 2 16 6 2 5 30 3 8 9 2 8 9 2 5 30 3 8 9 2 0 2 8 0 2 8 0 2 7 1 2 7 1 2 8 0 2 7 0 2 7 0 2 8 8 18 2 0 2 7 0 2 8 8 18 2 0 2 8 0 2 8 1 2 7 0 2 7 0 2 7 0 2 8 0 2 8 1 2 3 0 2 8 0 2 7 5 30 3 0 2 8 0 2 8 16 19 11 0 2 7 0 2 7 0 2 4 0 2 7 0 2 8 0 2 7 1 2 7 0 2 8 1 2 8 1 2 8 5 30 3 0 2 8 17 9 2 16 19 11 12 16 2 16 19 11 12 16 2 16 19 12 1 2 8 12 16 2 0 2 8 0 2 7 0 2 7 8 9 2 1 2 7 0.000664302318681289118 65.9378870725631714
5 30 3 5 30 3 12 16 2 0 2 7 0 2 7 0 2 10 5 30 3 0 2 7 0 2 7 12 16 2 0 2 7 1 2 7 0 2 7 0 2 4 1 2 7 0 2 7 0 2 4 1 2 7 0 2 7 0 2 4 0 2 3 1 2 7 0 2 7 0 2 7 0 2 7 1 2 7 1 2 10 0 2 4 1 2 7 1 2 7 13 6 3 1 2 7 12 16 2 17 9 2 17 9 2 1 2 7 13 6 3 17 18 2 5 31 3 8 18 2 16 6 2 0 2 7 0 2 11 0 2 4 0 2 7 0 2 4 0 2 7 0 2 4 1 2 10 5 30 3 0 2 6 0 2 7 17 18 2 17 18 2 1 2 7 1 2 7 1 2 7 17 9 2 1 2 7 5 30 3 0 61.0440194606781006
0 2 7 5 30 3 12 16 2 0 2 7 0 2 7 5 30 3 12 16 2 0 2 7 0 2 7 17 9 2 0 2 7 0 2 7 1 2 7 17 18 2 1 2 11 13 6 3 17 9 2 0 2 4 0 2 4 0 2 7 1 2 7 0 2 7 0 2 7 0 2 7 1 2 7 0 2 7 1 2 7 1 2 7 13 6 3 1 2 7 0 2 7 1 2 7 5 31 3 0 2 7 0 2 7 0 2 7 5 30 3 17 18 2 1 2 7 1 2 7 0 2 7 17 18 2 16 6 2 0 2 7 13 6 3 1 2 7 0 2 7 17 18 2 0 2 4 12 16 2 5 30 3 5 30 3 1 2 11 1 2 7 0 2 7 0 2 8 1 2 7 0 2 4 8 9 2 1 2 7 0 60.6136282682418823
0 2 7 5 31 3 12 16 2 5 30 3 5 30 3 1 2 7 1 2 11 0 2 7 1 2 7 0 2 4 12 16 2 5 30 3 0 2 7 12 16 2 1 2 7 0 2 11 5 31 3 0 2 7 0 2 7 0 2 7 0 2 7 0 2 7 0 2 7 0 2 7 16 6 2 6 2 7 0 2 7 5 30 3 17 18 2 0 2 7 15 2 11 0 2 7 8 18 2 5 31 3 1 2 7 0 2 7 6 2 7 16 19 11 0 2 7 12 16 2 0 2 7 0 2 7 0 2 7 0 2 7 16 19 11 0 2 7 0 2 7 0 2 7 16 6 2 1 2 7 0 2 7 5 30 3 12 16 2 16 30 2 16 19 11 0 2 7 0 2 7 8 18 2 0 2 7 0 2 7 0 63.1066070795059204
0 2 7 5 30 3 12 16 2 5 30 3 1 2 7 5 30 3 0 2 3 0 2 7 0 2 7 12 16 2 0 2 7 1 2 7 0 2 7 0 2 3 0 2 7 0 2 3 17 9 2 0 2 7 0 2 7 0 2 7 17 18 2 12 16 2 0 2 3 0 2 3 13 6 3 0 2 3 17 9 2 0 2 7 0 2 3 16 15 2 1 2 7 1 2 7 0 2 7 0 2 7 0 2 7 5 30 3 0 2 3 1 2 7 0 2 7 1 2 3 8 9 2 0 2 3 1 2 3 0 2 7 0 2 7 0 2 7 1 2 7 13 6 3 5 30 3 8 18 2 1 2 7 16 19 11 1 2 7 1 2 7 5 30 3 16 6 2 0 2 3 12 16 2 1 2 7 16 6 2 0 62.1120642423629761
6 2 11 5 30 3 5 30 3 16 6 2 5 30 3 17 9 2 17 9 2 0 2 3 5 30 3 1 2 7 0 2 7 0 2 11 0 2 8 0 2 7 1 2 8 0 2 7 16 19 11 5 30 3 0 2 7 12 16 2 0 2 7 12 16 2 16 19 11 0 2 11 0 2 7 1 2 8 0 2 11 0 2 7 0 2 7 0 2 7 0 2 3 0 2 8 0 2 3 8 18 2 0 2 7 8 18 2 5 30 3 5 30 3 5 30 3 0 2 7 16 19 11 1 2 8 0 2 8 0 2 8 0 2 7 0 2 8 16 6 2 0 2 7 0 2 7 5 31 3 0 2 7 8 9 2 0 2 7 6 2 8 0 2 3 1 2 11 1 2 7 0 2 11 0 2 7 0 2 11 0 65.1712746620178223
0 2 7 5 31 3 5 31 3 6 2 7 5 31 3 12 16 2 0 2 7 0 2 7 12 16 2 0 2 7 0 2 7 1 2 7 1 2 4 0 2 4 0 2 4 17 9 2 0 2 7 0 2 7 0 2 7 17 18 2 12 16 2 17 9 2 0 2 7 0 2 4 0 2 4 0 2 7 1 2 4 1 2 4 1 2 7 1 2 4 17 9 2 0 2 7 1 2 7 0 2 7 0 2 7 0 2 7 16 19 11 1 2 4 0 2 7 16 6 2 12 16 2 0 2 7 0 2 7 1 2 7 1 2 7 16 6 2 0 2 7 12 16 2 1 2 7 0 2 7 1 2 7 1 2 7 0 2 7 13 6 3 5 31 3 5 30 3 8 9 2 0 2 7 6 2 7 0 2 7 0 61.2012544870376587
5 31 3 5 30 3 16 30 2 0 2 7 17 18 2 0 2 7 5 30 3 0 2 7 0 2 7 1 2 7 0 2 7 5 30 3 0 2 7 12 16 2 0 2 3 5 31 3 13 6 3 1 2 7 1 2 7 0 2 7 0 2 7 5 30 3 5 30 3 0 2 7 0 2 3 0 2 7 1 2 7 0 2 7 8 9 2 1 2 7 0 2 7 1 2 7 0 2 7 17 9 2 1 2 7 1 2 4 17 9 2 5 30 3 0 2 11 0 2 4 6 2 7 12 16 2 0 2 7 13 6 3 17 18 2 16 6 2 0 2 7 1 2 10 1 2 11 0 2 7 16 6 2 0 2 7 1 2 7 0 2 7 0 2 7 0 2 7 12 16 2 0 2 7 0 2 7 0 2 7 0 61.3421743512153625

Current Evaluation = 9900(9900)
Front Size = 10
0 2 4 5 30 3 12 16 2 1 2 7 0 2 4 5 30 3 1 2 7 12 16 2 0 2 7 0 2 7 17 9 2 1 2 7 0 2 7 1 2 7 17 18 2 12 16 2 13 6 3 17 9 2 0 2 7 0 2 7 0 2 4 0 2 7 0 2 7 1 2 7 0 2 7 1 2 4 0 2 7 0 2 7 1 2 7 13 6 3 0 2 7 0 2 4 0 2 7 13 6 3 0 2 7 0 2 7 0 2 4 0 2 4 5 30 3 5 31 3 5 31 3 17 18 2 1 2 7 1 2 7 1 2 7 1 2 7 17 9 2 0 2 7 0 2 4 1 2 7 0 2 7 1 2 7 1 2 7 0 2 7 17 18 2 1 2 7 1 2 4 17 18 2 0 2 7 1 2 7 0 60.0792984962463379
5 30 3 5 30 3 12 16 2 16 6 2 5 30 3 8 9 2 8 9 2 5 30 3 8 9 2 0 2 8 0 2 8 0 2 7 1 2 7 1 2 8 0 2 7 0 2 7 0 2 8 8 18 2 0 2 7 0 2 8 8 18 2 0 2 8 0 2 8 1 2 7 0 2 7 0 2 7 0 2 8 0 2 8 1 2 3 0 2 8 0 2 7 5 30 3 0 2 8 0 2 8 16 19 11 0 2 7 0 2 7 0 2 4 0 2 7 0 2 8 0 2 7 1 2 7 0 2 8 1 2 8 1 2 8 5 30 3 0 2 8 17 9 2 16 19 11 12 16 2 16 19 11 12 16 2 16 19 12 1 2 8 12 16 2 0 2 8 0 2 7 0 2 7 8 9 2 1 2 7 0.000664302318681289118 65.9378870725631714
0 2 7 1 2 7 12 16 2 5 30 3 1 2 7 0 2 7 0 2 7 12 16 2 1 2 7 1 2 7 0 2 7 0 2 7 17 9 2 0 2 7 0 2 7 5 30 3 12 16 2 13 6 3 17 18 2 0 2 7 1 2 7 5 30 3 0 2 7 1 2 11 0 2 7 0 2 7 13 6 3 6 2 7 0 2 7 0 2 3 0 2 4 0 2 7 0 2 7 0 2 7 6 2 7 0 2 7 1 2 7 17 18 2 5 31 3 0 2 7 0 2 7 5 30 3 0 2 7 17 18 2 17 9 2 0 2 7 0 2 7 8 9 2 6 2 7 0 2 7 16 19 11 1 2 7 0 2 4 1 2 7 1 2 7 1 2 7 16 15 2 5 31 3 1 2 7 0 2 7 0 61.1959763169288635
0 2 7 5 30 3 12 16 2 1 2 7 0 2 7 5 30 3 1 2 4 12 16 2 0 2 7 0 2 7 17 9 2 1 2 7 0 2 7 1 2 7 17 18 2 12 16 2 13 6 3 17 9 2 0 2 7 0 2 7 0 2 7 0 2 7 0 2 7 1 2 7 0 2 7 1 2 7 0 2 7 0 2 7 1 2 7 13 6 3 0 2 7 0 2 7 0 2 7 13 6 3 0 2 7 0 2 7 0 2 7 0 2 4 5 31 3 5 31 3 5 31 3 17 18 2 1 2 7 1 2 7 1 2 7 1 2 7 17 9 2 0 2 7 0 2 7 1 2 7 0 2 7 1 2 7 1 2 7 0 2 7 17 18 2 1 2 7 1 2 7 16 6 2 0 2 7 1 2 7 0 60.1157864332199097
5 30 3 5 30 3 12 16 2 0 2 4 1 2 7 0 2 7 0 2 3 12 16 2 0 2 7 1 2 11 0 2 7 0 2 7 1 2 7 0 2 7 1 2 4 0 2 7 1 2 7 0 2 7 0 2 11 0 2 7 1 2 7 1 2 7 1 2 4 13 6 3 1 2 7 12 16 2 17 9 2 17 9 2 1 2 4 13 6 3 17 18 2 5 30 3 16 31 2 0 2 4 0 2 7 0 2 7 0 2 7 17 18 2 17 18 2 1 2 7 1 2 7 1 2 7 17 9 2 1 2 3 0 2 7 0 2 7 0 2 4 0 2 7 0 2 7 1 2 11 0 2 4 8 18 2 0 2 11 0 2 3 0 2 4 0 2 7 1 2 7 5 30 3 1 2 4 5 30 3 0 60.8536955118179321
1 2 7 5 31 3 12 16 2 5 30 3 5 30 3 0 2 3 5 30 3 0 2 7 0 2 7 1 2 7 0 2 7 0 2 7 12 16 2 5 30 3 0 2 7 12 16 2 8 9 2 0 2 3 0 2 7 0 2 7 15 2 11 0 2 7 1 2 3 0 2 7 1 2 3 0 2 3 0 2 7 0 2 7 16 6 2 16 6 2 1 2 7 0 2 3 0 2 7 1 2 7 1 2 3 0 2 7 1 2 7 1 2 3 8 18 2 17 9 2 0 2 4 5 30 3 16 19 11 0 2 7 1 2 7 0 2 4 0 2 4 0 2 3 0 2 7 0 2 4 1 2 7 17 18 2 0 2 7 16 19 11 1 2 3 16 19 11 0 2 7 0 2 3 0 2 7 0 2 7 0 63.0743412971496582
0 2 7 5 30 3 12 16 2 5 30 3 1 2 3 5 31 3 0 2 7 5 30 3 0 2 7 1 2 3 0 2 7 0 2 7 0 2 3 0 2 7 12 16 2 5 31 3 0 2 7 12 16 2 8 9 2 12 16 2 16 24 2 12 16 2 0 2 7 0 2 7 5 31 3 0 2 3 0 2 3 0 2 7 0 2 7 6 2 7 0 2 7 6 2 7 0 2 3 0 2 7 0 2 7 1 2 7 6 2 3 0 2 3 0 2 7 0 2 3 16 6 2 16 6 2 15 2 11 1 2 3 6 2 7 0 2 7 12 16 2 16 6 2 6 2 7 16 18 11 1 2 7 0 2 3 0 2 7 2 3 3 17 18 2 0 2 7 0 2 3 1 2 7 1 2 3 1 2 7 0 63.2242355942726135
0 2 7 5 30 3 12 16 2 0 2 7 5 30 3 12 16 2 0 2 7 0 2 7 1 2 7 0 2 7 1 2 3 8 18 2 0 2 7 0 2 7 0 2 7 0 2 7 0 2 7 0 2 7 1 2 3 0 2 7 1 2 7 0 2 7 0 2 7 1 2 11 0 2 7 0 2 7 0 2 7 1 2 7 5 30 3 5 31 3 1 2 7 0 2 7 0 2 7 16 6 2 0 2 7 1 2 7 17 9 2 13 6 3 1 2 7 17 18 2 1 2 7 1 2 7 17 9 2 1 2 8 0 2 7 0 2 3 17 18 2 5 31 3 1 2 7 17 9 2 0 2 4 0 2 7 1 2 7 0 2 3 0 2 4 13 6 3 1 2 7 1 2 7 1 2 7 16 6 2 0 60.7331624031066895
0 2 7 5 30 3 12 16 2 1 2 7 0 2 7 5 30 3 12 16 2 0 2 7 0 2 7 17 9 2 1 2 7 0 2 7 1 2 7 12 16 2 0 2 7 0 2 7 0 2 7 0 2 7 0 2 7 1 2 7 0 2 7 0 2 7 0 2 7 0 2 4 16 6 2 8 9 2 17 18 2 5 30 3 16 19 11 1 2 7 16 19 11 13 6 3 0 2 7 0 2 8 0 2 8 13 6 3 8 9 2 5 30 3 1 2 8 0 2 8 0 2 8 5 31 3 17 18 2 1 2 8 5 30 3 1 2 7 5 30 3 8 18 2 0 2 7 0 2 8 1 2 7 0 2 8 1 2 7 0 2 8 0 2 7 17 18 2 0 2 8 0 2 8 0 2 8 1 2 7 3.04967247637561047e-05 63.4362947940826416
0 2 7 0 2 7 12 16 2 5 30 3 0 2 7 0 2 11 0 2 7 12 16 2 1 2 7 0 2 7 0 2 11 0 2 7 17 9 2 0 2 7 5 30 3 12 16 2 13 6 3 17 9 2 1 2 11 6 2 4 1 2 7 6 2 7 0 2 7 0 2 7 0 2 7 6 2 7 1 2 7 0 2 7 1 2 11 0 2 7 0 2 7 17 18 2 0 2 7 0 2 4 0 2 7 0 2 7 1 2 7 0 2 7 5 31 3 16 6 2 0 2 7 0 2 7 0 2 7 1 2 4 5 30 3 17 18 2 13 6 3 1 2 4 5 30 3 0 2 4 1 2 4 12 16 2 16 31 2 1 2 7 5 31 3 1 2 7 0 2 7 17 9 2 5 30 3 0 2 7 0 61.226828396320343

Current Evaluation = 10800(10800)
Front Size = 10
0 2 7 5 31 3 1 2 7 1 2 7 5 30 3 1 2 7 12 16 2 0 2 7 1 2 7 17 18 2 0 2 4 0 2 7 0 2 7 17 18 2 12 16 2 13 6 3 17 9 2 0 2 7 0 2 7 0 2 4 0 2 7 1 2 7 0 2 7 1 2 7 0 2 7 1 2 7 1 2 7 13 6 3 1 2 7 0 2 7 13 6 3 1 2 7 17 9 2 5 30 3 17 18 2 1 2 7 0 2 4 0 2 7 17 9 2 0 2 7 0 2 7 0 2 7 17 18 2 5 30 3 5 31 3 1 2 7 1 2 4 1 2 7 1 2 7 0 2 7 1 2 7 0 2 7 0 2 7 1 2 7 0 2 7 0 2 7 0 2 7 0 2 7 0 2 7 1 2 4 0 59.940948486328125
5 30 3 5 30 3 12 16 2 16 6 2 5 30 3 8 9 2 8 9 2 5 30 3 8 9 2 0 2 8 0 2 8 0 2 7 1 2 7 1 2 8 0 2 7 0 2 7 0 2 8 8 18 2 0 2 7 0 2 8 8 18 2 0 2 8 0 2 8 1 2 7 0 2 7 0 2 7 0 2 8 0 2 8 1 2 3 0 2 8 0 2 7 5 30 3 0 2 8 0 2 8 16 19 11 0 2 7 0 2 7 0 2 4 0 2 7 0 2 8 0 2 7 1 2 7 0 2 8 1 2 8 1 2 8 5 30 3 0 2 8 17 9 2 16 19 11 12 16 2 16 19 11 12 16 2 16 19 12 1 2 8 12 16 2 0 2 8 0 2 7 0 2 7 8 9 2 1 2 7 0.000664302318681289118 65.9378870725631714
0 2 7 12 16 2 5 30 3 5 31 3 0 2 4 5 30 3 17 9 2 12 16 2 1 2 3 12 16 2 0 2 4 0 2 7 0 2 7 1 2 4 1 2 4 0 2 4 1 2 7 0 2 7 0 2 7 1 2 3 0 2 7 0 2 7 17 18 2 1 2 3 0 2 7 0 2 3 0 2 4 1 2 7 0 2 7 0 2 4 0 2 7 1 2 7 1 2 11 0 2 7 0 2 7 12 16 2 1 2 7 0 2 7 1 2 7 17 9 2 1 2 7 13 6 3 0 2 7 13 6 3 1 2 4 17 18 2 17 9 2 16 19 11 17 18 2 1 2 7 0 2 4 0 2 7 1 2 4 1 2 7 0 2 4 5 30 3 0 2 7 0 2 7 1 2 4 8 9 2 0 60.9532774686813354
5 30 3 5 30 3 12 16 2 5 31 3 0 2 7 0 2 11 0 2 7 0 2 7 6 2 7 0 2 7 0 2 7 0 2 7 0 2 7 0 2 7 0 2 7 1 2 7 6 2 7 0 2 7 1 2 7 12 16 2 0 2 7 1 2 4 5 30 3 13 6 3 17 9 2 1 2 7 0 2 7 0 2 7 0 2 7 0 2 7 1 2 7 1 2 10 0 2 7 0 2 7 1 2 7 1 2 4 1 2 7 0 2 4 0 2 7 0 2 7 1 2 4 1 2 4 17 18 2 17 18 2 0 2 4 5 31 3 1 2 10 1 2 7 0 2 7 13 6 3 0 2 7 0 2 7 17 9 2 16 19 11 17 18 2 17 18 2 5 30 3 0 2 7 0 2 7 5 30 3 0 61.1983264684677124
5 30 3 5 30 3 12 16 2 16 6 2 0 2 7 1 2 7 1 2 7 0 2 7 0 2 7 1 2 7 0 2 7 0 2 10 0 2 7 0 2 7 0 2 11 0 2 11 0 2 7 0 2 7 5 30 3 17 9 2 12 16 2 12 16 2 0 2 7 0 2 7 1 2 7 5 30 3 8 18 2 17 18 2 5 30 3 0 2 7 0 2 7 1 2 7 0 2 7 1 2 7 0 2 4 0 2 7 1 2 7 0 2 3 0 2 3 0 2 3 8 9 2 5 30 3 1 2 7 0 2 7 1 2 3 1 2 3 0 2 7 16 19 11 16 19 11 8 18 2 13 6 3 5 30 3 0 2 7 17 18 2 16 19 12 0 2 7 0 2 7 5 30 3 0 2 7 0 2 7 0 63.0376602411270142
1 2 4 5 30 3 12 16 2 5 31 3 5 31 3 0 2 7 5 30 3 17 9 2 12 16 2 8 18 2 0 2 7 12 16 2 5 30 3 0 2 4 12 16 2 6 2 7 0 2 7 0 2 4 1 2 7 1 2 7 0 2 4 12 16 2 0 2 4 0 2 7 1 2 7 0 2 7 1 2 7 1 2 7 0 2 7 1 2 7 0 2 7 1 2 7 17 18 2 17 9 2 6 2 7 12 16 2 1 2 4 0 2 7 0 2 7 0 2 7 0 2 11 0 2 4 0 2 7 6 2 7 0 2 11 17 9 2 0 2 7 0 2 7 0 2 7 16 6 2 1 2 7 1 2 7 0 2 7 13 6 3 5 31 3 17 18 2 0 2 7 13 6 3 0 2 7 0 2 7 0 61.5075555443763733
5 30 3 12 16 2 5 30 3 5 30 3 1 2 4 5 31 3 17 9 2 12 16 2 0 2 7 12 16 2 5 30 3 0 2 7 1 2 4 0 2 7 1 2 3 0 2 7 0 2 7 0 2 7 0 2 7 0 2 4 1 2 4 1 2 7 0 2 4 1 2 7 0 2 7 17 18 2 0 2 7 0 2 7 0 2 7 1 2 7 0 2 3 0 2 7 1 2 7 0 2 7 0 2 7 1 2 11 1 2 7 0 2 7 0 2 7 0 2 4 12 16 2 0 2 11 6 2 4 16 19 11 0 2 7 12 16 2 17 9 2 5 30 3 0 2 7 16 6 2 0 2 7 0 2 11 13 6 3 0 2 7 17 1 2 1 2 7 0 2 7 8 18 2 17 9 2 8 9 2 0 61.9799713492393494
0 2 7 5 30 3 12 16 2 5 30 3 1 2 3 5 31 3 0 2 7 5 30 3 0 2 7 1 2 3 0 2 7 0 2 7 0 2 3 0 2 7 12 16 2 5 31 3 0 2 7 12 16 2 8 9 2 12 16 2 16 24 2 12 16 2 0 2 7 0 2 7 5 31 3 0 2 3 0 2 3 0 2 7 0 2 7 6 2 7 0 2 7 6 2 7 0 2 3 0 2 7 0 2 7 1 2 7 6 2 3 0 2 3 0 2 7 0 2 3 16 6 2 16 6 2 15 2 11 1 2 3 6 2 7 0 2 7 12 16 2 16 6 2 6 2 7 16 18 11 1 2 7 0 2 3 0 2 7 2 3 3 17 18 2 0 2 7 0 2 3 1 2 7 1 2 3 1 2 7 0 63.2242355942726135
5 30 3 5 30 3 12 16 2 5 30 3 0 2 7 0 2 7 1 2 7 0 2 7 6 2 3 0 2 4 1 2 7 0 2 7 0 2 4 0 2 7 0 2 7 1 2 7 0 2 7 1 2 7 17 9 2 12 16 2 0 2 7 1 2 7 13 6 3 0 2 4 1 2 4 0 2 3 0 2 7 0 2 7 1 2 7 1 2 4 1 2 7 8 18 2 0 2 7 0 2 7 0 2 7 0 2 7 1 2 7 0 2 7 16 19 11 0 2 7 1 2 7 17 18 2 17 18 2 13 6 3 0 2 7 0 2 7 0 2 7 5 31 3 17 18 2 5 30 3 1 2 7 17 9 2 0 2 7 5 30 3 0 2 7 12 16 2 0 2 7 12 16 2 1 2 7 17 1 2 0 61.2206162214279175
5 30 3 5 30 3 12 16 2 5 30 3 0 2 7 1 2 7 0 2 7 0 2 7 0 2 7 1 2 7 0 2 7 0 2 7 1 2 3 0 2 7 0 2 7 0 2 7 0 2 4 0 2 7 0 2 7 1 2 7 17 9 2 12 16 2 0 2 7 0 2 7 1 2 7 16 6 2 8 9 2 1 2 4 0 2 7 8 9 2 1 2 7 0 2 7 1 2 7 17 18 2 8 18 2 0 2 7 0 2 7 0 2 8 17 18 2 1 2 7 0 2 8 0 2 8 5 30 3 0 2 8 0 2 8 1 2 7 0 2 7 0 2 8 0 2 7 1 2 7 0 2 4 0 2 8 13 6 3 16 19 11 13 6 3 16 19 12 1 2 4 0 2 7 17 18 2 8 9 2 0.00614127930589719508 61.8813899755477905

Current Evaluation = 11700(11700)
Front Size = 10
12 16 2 5 30 3 5 31 3 0 2 7 0 2 7 0 2 4 1 2 4 0 2 7 1 2 7 0 2 7 0 2 7 12 16 2 1 2 4 13 6 3 17 9 2 17 9 2 0 2 7 1 2 7 1 2 7 0 2 7 0 2 7 1 2 7 1 2 4 1 2 7 1 2 7 17 9 2 1 2 7 1 2 7 13 6 3 1 2 7 1 2 4 0 2 7 0 2 7 0 2 7 5 31 3 1 2 7 17 18 2 0 2 7 0 2 7 5 30 3 0 2 7 0 2 7 17 18 2 17 18 2 1 2 7 0 2 7 1 2 7 0 2 7 1 2 4 1 2 7 0 2 7 0 2 7 13 6 3 0 2 7 0 2 4 17 9 2 0 2 7 12 16 2 0 2 7 1 2 7 0 59.7875515222549438
0 2 7 5 31 3 0 2 4 1 2 7 5 30 3 0 2 7 12 16 2 0 2 11 1 2 7 17 18 2 0 2 7 0 2 7 0 2 7 17 18 2 12 16 2 13 6 3 17 9 2 0 2 7 0 2 7 0 2 7 0 2 7 0 2 7 1 2 7 1 2 7 0 2 7 1 2 7 0 2 7 1 2 7 1 2 7 17 9 2 5 31 3 0 2 7 17 9 2 0 2 7 0 2 7 1 2 7 5 31 3 0 2 7 1 2 7 1 2 7 1 2 7 1 2 7 1 2 7 1 2 7 12 16 2 16 6 2 0 2 7 1 2 7 0 2 7 13 6 3 1 2 7 1 2 7 17 18 2 1 2 7 0 2 7 0 2 7 0 2 7 13 6 3 0 2 7 0 2 7 0 59.9741915464401245
12 16 2 5 30 3 5 31 3 0 2 4 0 2 7 0 2 4 1 2 7 0 2 11 1 2 7 0 2 7 0 2 7 12 16 2 13 6 3 17 9 2 17 9 2 0 2 7 1 2 7 1 2 7 0 2 7 0 2 7 1 2 11 1 2 7 1 2 7 17 9 2 1 2 7 0 2 7 13 6 3 1 2 7 6 2 11 1 2 7 0 2 7 5 31 3 0 2 7 17 18 2 0 2 7 0 2 7 5 30 3 0 2 7 0 2 7 17 18 2 17 18 2 1 2 7 1 2 7 1 2 7 0 2 7 1 2 7 0 2 7 13 6 3 0 2 7 12 16 2 1 2 11 1 2 7 1 2 7 1 2 7 0 2 4 0 2 7 17 18 2 0 2 7 0 2 4 0 2 4 0 60.2022445201873779
0 2 7 5 30 3 12 16 2 5 30 3 1 2 3 5 31 3 0 2 7 5 30 3 0 2 7 1 2 3 0 2 7 0 2 7 0 2 3 0 2 7 12 16 2 5 31 3 0 2 7 12 16 2 8 9 2 12 16 2 16 24 2 12 16 2 0 2 7 0 2 7 5 31 3 0 2 3 0 2 3 0 2 7 0 2 7 6 2 7 0 2 7 6 2 7 0 2 3 0 2 7 0 2 7 1 2 7 6 2 3 0 2 3 0 2 7 0 2 3 16 6 2 16 6 2 15 2 11 1 2 3 6 2 7 0 2 7 12 16 2 16 6 2 6 2 7 16 18 11 1 2 7 0 2 3 0 2 7 2 3 3 17 18 2 0 2 7 0 2 3 1 2 7 1 2 3 1 2 7 0 63.2242355942726135
13 6 3 5 30 3 12 16 2 5 30 3 1 2 7 0 2 4 1 2 7 0 2 7 0 2 7 1 2 7 0 2 7 1 2 3 0 2 7 0 2 7 12 16 2 0 2 4 0 2 4 5 31 3 13 6 3 17 9 2 13 6 3 0 2 7 0 2 7 1 2 7 0 2 7 0 2 7 1 2 7 1 2 7 1 2 7 1 2 7 0 2 7 17 9 2 17 18 2 1 2 7 0 2 7 17 9 2 17 18 2 0 2 7 12 16 2 0 2 7 0 2 7 0 2 7 12 16 2 1 2 7 0 2 7 5 30 3 0 2 7 0 2 3 0 2 7 0 2 7 0 2 7 16 30 2 5 30 3 0 2 7 1 2 7 16 31 2 1 2 7 1 2 7 1 2 4 5 30 3 0 60.3805073499679565
5 30 3 5 30 3 5 31 3 5 30 3 0 2 7 1 2 7 0 2 7 0 2 7 0 2 4 0 2 7 0 2 7 0 2 7 0 2 7 1 2 7 0 2 7 6 2 7 12 16 2 0 2 7 0 2 7 5 30 3 13 6 3 17 9 2 1 2 7 0 2 7 0 2 7 0 2 7 0 2 7 1 2 7 0 2 7 0 2 7 1 2 4 0 2 7 0 2 7 1 2 11 1 2 7 0 2 7 17 9 2 17 9 2 0 2 7 1 2 7 13 6 3 17 9 2 1 2 4 17 9 2 1 2 4 1 2 7 0 2 4 0 2 7 0 2 7 1 2 7 5 31 3 1 2 7 1 2 7 0 2 4 17 9 2 17 18 2 0 2 7 0 2 7 1 2 11 5 30 3 0 60.833224356174469
0 2 4 5 31 3 0 2 4 1 2 7 5 30 3 1 2 7 12 16 2 0 2 7 1 2 7 17 18 2 0 2 7 0 2 7 0 2 7 17 18 2 12 16 2 13 6 3 17 9 2 0 2 4 0 2 7 0 2 4 1 2 7 0 2 7 1 2 4 1 2 7 0 2 7 1 2 7 0 2 7 1 2 4 1 2 7 17 9 2 5 31 3 0 2 7 17 9 2 0 2 7 0 2 7 1 2 4 5 31 3 0 2 7 0 2 3 0 2 7 1 2 7 1 2 7 1 2 7 1 2 3 12 16 2 16 6 2 1 2 7 1 2 4 0 2 7 13 6 3 1 2 7 6 2 7 17 18 2 1 2 7 0 2 7 0 2 7 0 2 7 0 2 7 0 2 7 0 2 4 0 60.1825236678123474
5 30 3 12 16 2 5 30 3 1 2 7 1 2 11 0 2 7 0 2 7 0 2 7 0 2 7 0 2 7 0 2 7 0 2 7 0 2 7 1 2 7 1 2 7 1 2 7 1 2 7 0 2 7 13 6 3 17 9 2 1 2 3 0 2 4 0 2 7 0 2 7 0 2 11 1 2 7 0 2 7 0 2 7 1 2 7 5 30 3 0 2 4 0 2 7 0 2 7 8 18 2 17 18 2 5 31 3 1 2 7 0 2 7 13 6 3 0 2 7 0 2 7 17 9 2 17 18 2 0 2 7 1 2 7 1 2 3 1 2 3 1 2 11 1 2 7 0 2 7 1 2 7 0 2 7 17 9 2 1 2 7 1 2 7 16 19 11 17 18 2 0 2 7 0 2 7 5 30 3 0 60.9291744232177734
5 30 3 5 30 3 12 16 2 5 31 3 0 2 7 0 2 11 0 2 7 0 2 7 6 2 7 0 2 7 0 2 7 0 2 7 0 2 7 0 2 7 0 2 7 1 2 7 6 2 7 0 2 7 1 2 7 12 16 2 0 2 7 1 2 4 5 30 3 13 6 3 17 9 2 1 2 7 0 2 7 0 2 7 0 2 7 0 2 7 1 2 7 1 2 10 0 2 7 0 2 7 1 2 7 1 2 4 1 2 7 0 2 4 0 2 7 0 2 7 1 2 4 1 2 4 17 18 2 17 18 2 0 2 4 5 31 3 1 2 10 1 2 7 0 2 7 13 6 3 0 2 7 0 2 7 17 9 2 16 19 11 17 18 2 17 18 2 5 30 3 0 2 7 0 2 7 5 30 3 0 61.1983264684677124
5 30 3 5 30 3 5 31 3 5 30 3 0 2 7 1 2 7 0 2 7 0 2 7 0 2 4 0 2 7 0 2 7 0 2 7 0 2 7 1 2 7 0 2 7 6 2 7 12 16 2 0 2 7 0 2 7 5 30 3 13 6 3 17 9 2 1 2 7 0 2 7 0 2 7 0 2 7 0 2 7 1 2 7 0 2 7 0 2 7 1 2 4 0 2 7 0 2 7 1 2 11 1 2 7 0 2 7 17 9 2 17 9 2 0 2 7 1 2 7 13 6 3 1 2 4 1 2 7 0 2 7 1 2 7 1 2 7 1 2 7 17 18 2 5 30 3 12 16 2 0 2 3 12 16 2 0 2 11 16 31 2 5 31 3 0 2 4 12 16 2 0 2 7 13 6 3 1 2 11 0.000284364966360497757 61.2907963395118713

Current Evaluation = 12600(12600)
Front Size = 10
12 16 2 5 30 3 5 31 3 0 2 7 0 2 7 0 2 4 1 2 4 0 2 7 1 2 7 0 2 7 0 2 7 12 16 2 1 2 4 13 6 3 17 9 2 17 9 2 0 2 7 1 2 7 1 2 7 0 2 7 0 2 7 1 2 7 1 2 4 1 2 7 1 2 7 17 9 2 1 2 7 1 2 7 13 6 3 1 2 7 1 2 4 0 2 7 0 2 7 0 2 7 5 31 3 1 2 7 17 18 2 0 2 7 0 2 7 5 30 3 0 2 7 0 2 7 17 18 2 17 18 2 1 2 7 0 2 7 1 2 7 0 2 7 1 2 4 1 2 7 0 2 7 0 2 7 13 6 3 0 2 7 0 2 4 17 9 2 0 2 7 12 16 2 0 2 7 1 2 7 0 59.7875515222549438
12 16 2 5 31 3 5 31 3 0 2 7 0 2 4 0 2 7 6 2 7 0 2 7 0 2 7 0 2 4 0 2 7 6 2 4 1 2 7 17 9 2 17 1 2 12 16 2 6 2 4 1 2 7 0 2 7 0 2 7 1 2 7 1 2 7 1 2 7 17 9 2 0 2 7 1 2 7 13 6 3 1 2 7 0 2 7 0 2 11 0 2 4 0 2 7 17 18 2 0 2 7 1 2 4 5 30 3 0 2 4 0 2 7 17 18 2 17 18 2 1 2 7 0 2 7 0 2 7 0 2 7 1 2 7 0 2 7 0 2 4 1 2 7 1 2 11 1 2 7 0 2 4 5 30 3 1 2 4 0 2 7 17 9 2 5 31 3 1 2 7 0 2 7 12 16 2 0 2 4 0 60.779190719127655
0 2 4 5 30 3 1 2 7 5 30 3 0 2 7 12 16 2 0 2 3 1 2 7 17 18 2 0 2 7 0 2 3 0 2 7 12 16 2 0 2 7 0 2 3 0 2 7 0 2 7 1 2 7 1 2 4 1 2 7 0 2 7 0 2 4 5 30 3 0 2 3 0 2 7 0 2 7 5 31 3 1 2 7 12 16 2 16 6 2 0 2 3 0 2 7 17 18 2 1 2 7 16 19 11 1 2 7 16 6 2 1 2 7 0 2 7 17 9 2 0 2 7 12 16 2 1 2 7 0 2 7 0 2 7 0 2 11 1 2 7 16 6 2 0 2 4 1 2 3 1 2 7 0 2 7 8 9 2 8 9 2 0 2 7 1 2 3 0 2 7 13 6 3 0 2 7 5 31 3 0 61.7199264764785767
12 16 2 5 30 3 5 31 3 0 2 7 0 2 7 1 2 7 0 2 4 1 2 7 0 2 7 0 2 7 12 16 2 13 6 3 17 9 2 17 9 2 0 2 7 1 2 7 1 2 4 0 2 7 0 2 4 1 2 7 1 2 7 1 2 7 1 2 7 1 2 7 13 6 3 1 2 7 0 2 7 0 2 7 1 2 7 1 2 7 17 18 2 0 2 7 0 2 7 5 30 3 0 2 7 0 2 7 17 18 2 17 18 2 1 2 7 0 2 7 0 2 4 0 2 7 1 2 7 0 2 7 0 2 4 13 6 3 0 2 7 0 2 7 0 2 7 0 2 7 0 2 4 1 2 7 1 2 3 0 2 7 1 2 7 5 31 3 1 2 7 17 18 2 17 9 2 5 30 3 0 60.0209485292434692
0 2 7 5 30 3 12 16 2 5 30 3 1 2 3 5 31 3 0 2 7 5 30 3 0 2 7 1 2 3 0 2 7 0 2 7 0 2 3 0 2 7 12 16 2 5 31 3 0 2 7 12 16 2 8 9 2 12 16 2 16 24 2 12 16 2 0 2 7 0 2 7 5 31 3 0 2 3 0 2 3 0 2 7 0 2 7 6 2 7 0 2 7 6 2 7 0 2 3 0 2 7 0 2 7 1 2 7 6 2 3 0 2 3 0 2 7 0 2 3 16 6 2 16 6 2 15 2 11 1 2 3 6 2 7 0 2 7 12 16 2 16 6 2 6 2 7 16 18 11 1 2 7 0 2 3 0 2 7 2 3 3 17 18 2 0 2 7 0 2 3 1 2 7 1 2 3 1 2 7 0 63.2242355942726135
1 2 7 5 30 3 0 2 7 16 15 2 5 30 3 0 2 7 12 16 2 0 2 7 1 2 11 17 18 2 1 2 7 0 2 7 0 2 7 17 18 2 1 2 7 13 6 3 17 9 2 0 2 7 1 2 7 0 2 7 0 2 7 1 2 4 1 2 7 0 2 7 1 2 7 1 2 7 0 2 7 17 9 2 5 31 3 8 18 2 0 2 7 13 6 3 1 2 7 0 2 7 6 2 3 12 16 2 0 2 7 13 6 3 1 2 7 17 18 2 0 2 7 0 2 7 0 2 7 0 2 7 0 2 7 0 2 7 1 2 7 0 2 7 5 30 3 0 2 7 0 2 7 0 2 7 1 2 7 0 2 7 12 16 2 17 18 2 5 30 3 1 2 7 1 2 7 0 2 7 0 60.3776662349700928
0 2 4 5 31 3 0 2 7 1 2 7 5 30 3 0 2 7 12 16 2 0 2 7 0 2 7 17 18 2 0 2 7 0 2 7 0 2 7 17 18 2 12 16 2 13 6 3 17 9 2 0 2 7 0 2 4 5 30 3 1 2 7 1 2 4 1 2 7 0 2 7 1 2 7 0 2 7 1 2 4 17 9 2 0 2 7 0 2 7 17 9 2 0 2 7 0 2 4 0 2 4 0 2 7 1 2 7 0 2 3 1 2 7 12 16 2 1 2 7 0 2 7 13 6 3 1 2 4 17 18 2 1 2 11 0 2 3 1 2 3 0 2 7 0 2 7 0 2 7 1 2 7 17 18 2 1 2 7 5 30 3 1 2 7 1 2 4 1 2 3 1 2 4 1 2 7 13 6 3 0 60.1468725204467773
13 6 3 5 30 3 12 16 2 5 30 3 0 2 7 0 2 7 5 31 3 0 2 11 1 2 7 0 2 7 1 2 11 1 2 7 0 2 7 12 16 2 0 2 7 5 30 3 17 9 2 5 30 3 0 2 7 1 2 7 0 2 7 0 2 7 1 2 7 0 2 4 1 2 7 0 2 7 17 18 2 1 2 7 17 18 2 0 2 7 12 16 2 0 2 7 0 2 7 0 2 7 0 2 7 0 2 7 5 30 3 1 2 7 0 2 7 0 2 4 0 2 7 1 2 7 0 2 7 0 2 11 1 2 7 16 6 2 1 2 7 0 2 7 8 9 2 13 6 3 1 2 7 17 9 2 1 2 7 16 19 1 8 9 2 1 2 7 17 18 2 0 2 7 0 2 7 0 2 7 0 61.3424834012985229
12 16 2 5 30 3 5 31 3 1 2 7 0 2 7 0 2 7 1 2 7 0 2 7 1 2 7 0 2 7 1 2 7 12 16 2 6 2 4 13 6 3 17 9 2 17 9 2 0 2 4 1 2 7 0 2 7 0 2 4 0 2 7 1 2 7 1 2 7 1 2 7 0 2 7 1 2 7 13 6 3 1 2 7 0 2 7 0 2 7 0 2 7 5 31 3 1 2 7 17 18 2 16 15 2 0 2 7 5 30 3 0 2 7 0 2 7 8 18 2 17 18 2 1 2 7 0 2 7 0 2 7 0 2 7 0 2 7 0 2 7 1 2 4 17 9 2 0 2 7 0 2 7 0 2 7 0 2 7 17 9 2 1 2 7 0 2 7 5 30 3 0 2 7 1 2 7 1 2 7 0 60.3621864914894104
13 6 3 5 31 3 12 16 2 5 30 3 1 2 7 0 2 7 1 2 7 0 2 7 1 2 4 1 2 4 0 2 7 1 2 7 1 2 7 0 2 3 12 16 2 0 2 7 5 30 3 13 6 3 17 9 2 13 6 3 5 30 3 0 2 7 0 2 7 1 2 7 1 2 7 0 2 7 1 2 7 0 2 7 1 2 7 1 2 11 17 9 2 17 18 2 1 2 7 1 2 7 17 9 2 17 18 2 0 2 7 12 16 2 0 2 7 0 2 7 1 2 7 0 2 7 0 2 7 5 31 3 0 2 7 0 2 7 0 2 7 0 2 7 1 2 4 0 2 7 0 2 7 0 2 7 0 2 7 16 6 2 1 2 4 1 2 7 17 18 2 0 2 7 0 2 7 0 2 7 0 60.1751073598861694

Current Evaluation = 13500(13500)
Front Size = 10
12 16 2 5 30 3 5 31 3 0 2 7 0 2 7 0 2 4 1 2 4 0 2 7 1 2 7 0 2 7 0 2 7 12 16 2 1 2 4 13 6 3 17 9 2 17 9 2 0 2 7 1 2 7 1 2 7 0 2 7 0 2 7 1 2 7 1 2 4 1 2 7 1 2 7 17 9 2 1 2 7 1 2 7 13 6 3 1 2 7 1 2 4 0 2 7 0 2 7 0 2 7 5 31 3 1 2 7 17 18 2 0 2 7 0 2 7 5 30 3 0 2 7 0 2 7 17 18 2 17 18 2 1 2 7 0 2 7 1 2 7 0 2 7 1 2 4 1 2 7 0 2 7 0 2 7 13 6 3 0 2 7 0 2 4 17 9 2 0 2 7 12 16 2 0 2 7 1 2 7 0 59.7875515222549438
0 2 7 5 30 3 12 16 2 5 30 3 1 2 3 5 31 3 0 2 7 5 30 3 0 2 7 1 2 3 0 2 7 0 2 7 0 2 3 0 2 7 12 16 2 5 31 3 0 2 7 12 16 2 8 9 2 12 16 2 16 24 2 12 16 2 0 2 7 0 2 7 5 31 3 0 2 3 0 2 3 0 2 7 0 2 7 6 2 7 0 2 7 6 2 7 0 2 3 0 2 7 0 2 7 1 2 7 6 2 3 0 2 3 0 2 7 0 2 3 16 6 2 16 6 2 15 2 11 1 2 3 6 2 7 0 2 7 12 16 2 16 6 2 6 2 7 16 18 11 1 2 7 0 2 3 0 2 7 2 3 3 17 18 2 0 2 7 0 2 3 1 2 7 1 2 3 1 2 7 0 63.2242355942726135
12 16 2 5 30 3 5 31 3 0 2 7 0 2 7 1 2 7 0 2 4 1 2 7 0 2 7 0 2 7 12 16 2 13 6 3 17 9 2 17 9 2 0 2 7 1 2 7 1 2 7 0 2 7 0 2 4 1 2 7 1 2 7 1 2 7 1 2 7 1 2 3 13 6 3 1 2 7 0 2 7 0 2 4 1 2 7 1 2 7 17 18 2 0 2 7 0 2 7 5 30 3 0 2 7 0 2 7 17 18 2 17 18 2 0 2 7 0 2 4 0 2 4 0 2 7 0 2 7 13 6 3 0 2 7 0 2 7 0 2 7 1 2 7 17 18 2 17 9 2 5 30 3 1 2 7 1 2 7 0 2 7 1 2 7 0 2 7 0 2 4 1 2 7 5 31 3 1 2 7 0 60.0209485292434692
1 2 4 5 30 3 0 2 4 1 2 3 5 30 3 0 2 4 12 16 2 0 2 4 0 2 4 17 18 2 16 6 2 0 2 4 0 2 7 17 18 2 12 16 2 13 6 3 17 9 2 0 2 4 0 2 7 5 31 3 0 2 7 1 2 3 1 2 7 1 2 7 1 2 11 0 2 7 1 2 7 17 9 2 0 2 7 0 2 4 17 9 2 0 2 7 1 2 7 1 2 7 0 2 7 1 2 7 1 2 7 1 2 7 0 2 4 0 2 3 17 18 2 1 2 7 0 2 7 0 2 11 0 2 7 1 2 4 1 2 7 1 2 4 1 2 7 0 2 7 0 2 7 0 2 7 0 2 7 0 2 4 1 2 3 0 2 7 0 2 7 1 2 7 8 18 2 5 31 3 0 60.7127977609634399
12 16 2 5 30 3 5 30 3 0 2 7 5 30 3 0 2 11 0 2 7 1 2 7 1 2 7 12 16 2 0 2 7 1 2 7 0 2 11 13 6 3 0 2 4 0 2 7 0 2 4 1 2 4 0 2 4 0 2 7 17 18 2 0 2 7 1 2 7 0 2 7 0 2 7 0 2 7 0 2 7 17 9 2 0 2 7 0 2 7 0 2 11 1 2 11 0 2 7 17 9 2 1 2 4 1 2 11 13 6 3 1 2 11 17 9 2 13 6 3 1 2 7 1 2 7 1 2 4 1 2 4 5 30 3 17 18 2 8 18 2 0 2 7 0 2 7 1 2 7 5 30 3 0 2 7 12 16 2 1 2 4 17 18 2 0 2 7 0 2 7 5 30 3 17 18 2 0 2 7 0 60.8813403844833374
12 16 2 5 31 3 5 31 3 0 2 4 0 2 7 0 2 7 1 2 7 0 2 4 0 2 4 1 2 7 17 9 2 12 16 2 0 2 4 1 2 7 0 2 7 1 2 7 0 2 4 0 2 7 17 9 2 1 2 7 1 2 7 13 6 3 1 2 7 0 2 7 1 2 4 17 18 2 0 2 7 0 2 7 5 30 3 0 2 7 17 18 2 17 9 2 1 2 7 0 2 4 0 2 4 0 2 7 1 2 7 0 2 4 1 2 7 1 2 7 1 2 7 5 30 3 0 2 4 1 2 7 17 9 2 1 2 7 0 2 7 12 16 2 0 2 7 0 2 7 1 2 7 13 6 3 12 16 2 16 31 2 1 2 4 0 2 7 1 2 7 0 2 7 0 2 4 0 2 7 0 60.1292035579681396
12 16 2 5 30 3 5 31 3 0 2 3 0 2 7 5 30 3 1 2 7 0 2 7 0 2 7 1 2 7 17 9 2 12 16 2 6 2 3 0 2 7 0 2 3 1 2 7 0 2 7 1 2 3 13 6 3 1 2 7 1 2 7 1 2 7 8 18 2 0 2 7 0 2 7 5 30 3 0 2 7 17 18 2 1 2 7 0 2 7 0 2 7 1 2 7 1 2 3 5 30 3 0 2 7 8 18 2 0 2 7 0 2 7 12 16 2 1 2 3 0 2 7 0 2 7 16 15 2 5 30 3 17 9 2 0 2 7 0 2 3 0 2 7 0 2 7 0 2 7 0 2 7 0 2 7 17 9 2 1 2 7 1 2 7 13 6 3 16 6 2 0 2 7 16 6 2 0 2 3 0 61.3376753330230713
0 2 4 5 30 3 1 2 7 5 30 3 0 2 7 12 16 2 0 2 3 1 2 7 17 18 2 0 2 7 0 2 3 0 2 7 12 16 2 0 2 7 0 2 3 0 2 7 0 2 7 1 2 7 1 2 4 1 2 7 0 2 7 0 2 4 5 30 3 0 2 3 0 2 7 0 2 7 5 31 3 1 2 7 12 16 2 16 6 2 0 2 3 0 2 7 17 18 2 1 2 7 16 19 11 1 2 7 16 6 2 1 2 7 0 2 7 17 9 2 0 2 7 12 16 2 1 2 7 0 2 7 0 2 7 0 2 11 1 2 7 16 6 2 0 2 4 1 2 3 1 2 7 0 2 7 8 9 2 8 9 2 0 2 7 1 2 3 0 2 7 13 6 3 0 2 7 5 31 3 0 61.7199264764785767
0 2 4 5 31 3 0 2 7 1 2 7 5 30 3 0 2 7 12 16 2 0 2 7 0 2 7 17 18 2 0 2 7 0 2 7 0 2 7 17 18 2 12 16 2 13 6 3 17 9 2 0 2 7 0 2 4 5 30 3 1 2 7 1 2 4 1 2 7 0 2 7 1 2 7 0 2 7 1 2 4 17 9 2 0 2 7 0 2 7 17 9 2 0 2 7 0 2 4 0 2 4 0 2 7 1 2 7 0 2 3 1 2 7 12 16 2 1 2 7 0 2 7 13 6 3 1 2 4 17 18 2 1 2 11 0 2 3 1 2 3 0 2 7 0 2 7 0 2 7 1 2 7 17 18 2 1 2 7 5 30 3 1 2 7 1 2 4 1 2 3 1 2 4 1 2 7 13 6 3 0 60.1468725204467773
1 2 4 5 30 3 0 2 7 5 30 3 0 2 11 12 16 2 0 2 7 0 2 3 17 18 2 0 2 7 0 2 7 17 18 2 12 16 2 13 6 3 17 9 2 0 2 7 0 2 7 5 31 3 0 2 4 1 2 7 1 2 7 0 2 7 1 2 4 17 9 2 0 2 7 0 2 7 17 9 2 0 2 7 1 2 7 1 2 7 0 2 7 1 2 7 1 2 7 1 2 7 0 2 7 1 2 7 0 2 7 0 2 7 1 2 11 1 2 7 1 2 7 0 2 3 1 2 11 0 2 7 0 2 7 0 2 7 0 2 7 0 2 7 1 2 11 5 31 3 1 2 7 16 6 2 1 2 7 1 2 7 0 2 7 17 18 2 13 6 3 0 2 7 1 2 7 8 18 2 0 60.5298064947128296

Current Evaluation = 14400(14400)
Front Size = 10
0 2 7 5 31 3 5 30 3 1 2 7 5 30 3 0 2 7 12 16 2 0 2 7 1 2 7 17 18 2 0 2 4 0 2 7 1 2 4 17 18 2 12 16 2 13 6 3 17 9 2 0 2 7 1 2 7 5 31 3 1 2 7 1 2 7 1 2 7 0 2 4 1 2 7 0 2 7 1 2 7 17 9 2 0 2 4 0 2 4 17 9 2 0 2 7 0 2 7 0 2 7 0 2 7 0 2 7 1 2 7 12 16 2 0 2 7 0 2 7 13 6 3 1 2 7 17 18 2 1 2 7 0 2 7 0 2 7 1 2 7 1 2 7 0 2 7 1 2 4 13 6 3 0 2 7 0 2 7 0 2 7 1 2 7 17 18 2 1 2 4 1 2 7 1 2 7 0 2 7 0 59.7875515222549438
12 16 2 5 30 3 5 31 3 0 2 3 0 2 7 5 30 3 1 2 7 0 2 7 0 2 7 1 2 7 17 9 2 12 16 2 6 2 3 0 2 7 0 2 3 1 2 7 0 2 7 1 2 3 13 6 3 1 2 7 1 2 7 1 2 7 8 18 2 0 2 7 0 2 7 5 30 3 0 2 7 17 18 2 1 2 7 0 2 7 0 2 7 1 2 7 1 2 3 5 30 3 0 2 7 8 18 2 0 2 7 0 2 7 12 16 2 1 2 3 0 2 7 0 2 7 16 15 2 5 30 3 17 9 2 0 2 7 0 2 3 0 2 7 0 2 7 0 2 7 0 2 7 0 2 7 17 9 2 1 2 7 1 2 7 13 6 3 16 6 2 0 2 7 16 6 2 0 2 3 0 61.3376753330230713
12 16 2 5 30 3 5 31 3 0 2 7 0 2 7 1 2 7 0 2 4 1 2 7 0 2 7 0 2 7 12 16 2 13 6 3 17 9 2 17 9 2 0 2 7 1 2 7 1 2 7 0 2 7 0 2 4 1 2 7 1 2 7 1 2 7 1 2 7 1 2 3 13 6 3 1 2 7 0 2 7 0 2 4 1 2 7 1 2 7 17 18 2 0 2 7 0 2 7 5 30 3 0 2 7 0 2 7 17 18 2 17 18 2 0 2 7 0 2 4 0 2 4 0 2 7 0 2 7 13 6 3 0 2 7 0 2 7 0 2 7 1 2 7 17 18 2 17 9 2 5 30 3 1 2 7 1 2 7 0 2 7 1 2 7 0 2 7 0 2 4 1 2 7 5 31 3 1 2 7 0 60.0209485292434692
1 2 7 5 31 3 5 31 3 0 2 7 0 2 7 0 2 4 1 2 7 0 2 4 0 2 7 1 2 7 17 9 2 12 16 2 0 2 4 1 2 7 0 2 3 1 2 7 0 2 7 0 2 7 17 9 2 1 2 7 1 2 7 13 6 3 1 2 7 0 2 7 1 2 7 17 18 2 0 2 4 0 2 4 5 30 3 0 2 4 17 18 2 17 9 2 1 2 4 0 2 7 0 2 4 0 2 7 0 2 3 1 2 7 1 2 7 0 2 7 1 2 11 5 30 3 0 2 7 1 2 11 0 2 7 0 2 4 0 2 4 0 2 7 1 2 7 0 2 7 0 2 3 1 2 3 1 2 7 12 16 2 8 18 2 1 2 7 17 9 2 16 6 2 0 2 4 1 2 4 0 60.7127976417541504
0 2 7 5 31 3 0 2 7 0 2 7 5 31 3 0 2 7 12 16 2 0 2 7 0 2 7 17 18 2 0 2 7 0 2 4 0 2 7 17 18 2 12 16 2 13 6 3 17 9 2 0 2 7 0 2 7 5 30 3 0 2 7 1 2 4 1 2 7 0 2 7 1 2 7 0 2 7 1 2 7 17 9 2 0 2 7 0 2 7 17 9 2 0 2 7 0 2 4 1 2 4 0 2 7 1 2 4 1 2 7 12 16 2 1 2 7 0 2 7 13 6 3 1 2 7 1 2 4 1 2 4 1 2 7 1 2 7 1 2 4 5 30 3 1 2 7 0 2 7 1 2 4 12 16 2 0 2 4 0 2 7 1 2 7 16 31 2 0 2 7 1 2 4 0 2 4 17 9 2 0 60.1292035579681396
12 16 2 5 31 3 5 31 3 0 2 4 0 2 7 0 2 7 1 2 7 0 2 4 0 2 4 1 2 7 17 9 2 12 16 2 0 2 4 1 2 7 0 2 7 1 2 7 0 2 4 0 2 7 17 9 2 1 2 7 1 2 7 13 6 3 1 2 7 0 2 7 1 2 4 17 18 2 0 2 7 0 2 7 5 30 3 0 2 7 17 18 2 17 9 2 1 2 7 0 2 4 0 2 4 0 2 7 1 2 7 0 2 4 1 2 7 1 2 7 1 2 7 5 30 3 0 2 4 1 2 7 17 9 2 1 2 7 0 2 7 12 16 2 0 2 7 0 2 7 1 2 7 13 6 3 12 16 2 16 31 2 1 2 4 0 2 7 1 2 7 0 2 7 0 2 4 0 2 7 0 60.1292035579681396
6 2 7 1 2 7 0 2 4 5 30 3 0 2 7 12 16 2 0 2 7 17 18 2 1 2 7 1 2 7 12 16 2 5 31 3 0 2 4 0 2 7 1 2 7 0 2 4 0 2 4 0 2 7 6 2 7 5 30 3 0 2 7 0 2 7 5 31 3 0 2 7 12 16 2 0 2 7 1 2 7 16 19 11 0 2 7 1 2 7 0 2 7 17 9 2 0 2 7 12 16 2 0 2 7 1 2 7 0 2 7 1 2 7 0 2 4 1 2 7 0 2 7 0 2 4 0 2 7 13 6 3 0 2 7 17 9 2 8 18 2 1 2 4 6 2 7 16 6 2 0 2 7 8 9 2 16 15 2 0 2 7 5 30 3 12 16 2 0 2 7 17 9 2 0 2 7 5 31 3 0 61.645008385181427
0 2 4 5 31 3 0 2 7 1 2 7 5 30 3 0 2 7 12 16 2 0 2 7 0 2 7 17 18 2 0 2 7 0 2 7 0 2 7 17 18 2 12 16 2 13 6 3 17 9 2 0 2 7 0 2 4 5 30 3 1 2 7 1 2 4 1 2 7 0 2 7 1 2 7 0 2 7 1 2 4 17 9 2 0 2 7 0 2 7 17 9 2 0 2 7 0 2 4 0 2 4 0 2 7 1 2 7 0 2 3 1 2 7 12 16 2 1 2 7 0 2 7 13 6 3 1 2 4 17 18 2 1 2 11 0 2 3 1 2 3 0 2 7 0 2 7 0 2 7 1 2 7 17 18 2 1 2 7 5 30 3 1 2 7 1 2 4 1 2 3 1 2 4 1 2 7 13 6 3 0 60.1468725204467773
1 2 7 5 31 3 0 2 7 1 2 7 5 30 3 0 2 7 12 16 2 0 2 7 0 2 7 17 18 2 0 2 7 0 2 11 0 2 7 12 16 2 13 6 3 17 9 2 0 2 7 1 2 7 5 30 3 0 2 7 1 2 7 1 2 7 0 2 7 1 2 7 0 2 7 17 9 2 0 2 7 0 2 4 17 9 2 0 2 7 0 2 7 0 2 7 0 2 11 1 2 11 0 2 7 12 16 2 1 2 7 0 2 11 13 6 3 1 2 7 0 2 7 0 2 7 1 2 4 1 2 11 5 30 3 1 2 7 1 2 7 16 19 11 1 2 7 0 2 4 12 16 2 17 18 2 5 30 3 0 2 7 0 2 7 17 18 2 8 18 2 1 2 7 0 2 7 13 6 3 0 61.1012333631515503
0 2 7 5 31 3 0 2 7 1 2 7 5 30 3 0 2 7 12 16 2 0 2 7 0 2 4 17 18 2 0 2 7 0 2 7 0 2 7 17 18 2 12 16 2 13 6 3 17 9 2 1 2 7 1 2 7 5 30 3 1 2 7 0 2 3 0 2 7 1 2 7 0 2 7 1 2 7 0 2 7 17 9 2 0 2 7 0 2 7 17 9 2 15 2 11 0 2 7 1 2 7 1 2 7 0 2 4 1 2 7 0 2 7 1 2 4 1 2 7 0 2 4 0 2 7 1 2 7 5 31 3 1 2 7 0 2 7 0 2 7 0 2 7 1 2 4 1 2 7 17 18 2 0 2 7 0 2 7 16 6 2 0 2 7 5 30 3 1 2 4 0 2 7 1 2 4 13 6 3 0 60.3101454973220825

Current Evaluation = 15300(15300)
Front Size = 10
0 2 7 5 31 3 5 30 3 1 2 7 5 30 3 0 2 7 12 16 2 0 2 7 1 2 7 17 18 2 0 2 4 0 2 7 1 2 4 17 18 2 12 16 2 13 6 3 17 9 2 0 2 7 1 2 7 5 31 3 1 2 7 1 2 7 1 2 7 0 2 4 1 2 7 0 2 7 1 2 7 17 9 2 0 2 4 0 2 4 17 9 2 0 2 7 0 2 7 0 2 7 0 2 7 0 2 7 1 2 7 12 16 2 0 2 7 0 2 7 13 6 3 1 2 7 17 18 2 1 2 7 0 2 7 0 2 7 1 2 7 1 2 7 0 2 7 1 2 4 13 6 3 0 2 7 0 2 7 0 2 7 1 2 7 17 18 2 1 2 4 1 2 7 1 2 7 0 2 7 0 59.7875515222549438
0 2 7 5 31 3 5 30 3 1 2 7 5 30 3 0 2 7 12 16 2 0 2 7 0 2 7 17 18 2 0 2 4 0 2 7 1 2 4 17 18 2 12 16 2 13 6 3 17 9 2 0 2 7 1 2 7 5 31 3 1 2 7 1 2 7 1 2 7 0 2 7 1 2 7 0 2 7 1 2 7 17 9 2 0 2 4 17 9 2 0 2 7 0 2 7 0 2 7 0 2 7 0 2 7 1 2 7 12 16 2 0 2 7 0 2 7 13 6 3 1 2 7 17 18 2 1 2 7 0 2 7 0 2 7 0 2 7 1 2 4 13 6 3 0 2 7 0 2 7 17 18 2 1 2 4 0 2 7 1 2 7 1 2 7 1 2 7 0 2 7 1 2 7 1 2 4 1 2 4 0 59.7875515222549438
0 2 7 5 31 3 5 30 3 1 2 7 5 31 3 0 2 7 12 16 2 0 2 7 1 2 7 17 18 2 1 2 10 0 2 4 1 2 4 17 18 2 12 16 2 13 6 3 17 9 2 0 2 7 6 2 7 5 31 3 1 2 7 1 2 7 16 6 2 0 2 4 0 2 7 0 2 7 1 2 7 17 9 2 0 2 4 0 2 4 17 9 2 0 2 7 0 2 4 0 2 7 1 2 7 0 2 7 1 2 7 12 16 2 0 2 7 0 2 4 13 6 3 1 2 7 1 2 7 0 2 7 0 2 7 0 2 7 0 2 7 0 2 7 1 2 4 12 16 2 1 2 4 12 16 2 0 2 4 1 2 4 0 2 4 0 2 4 17 18 2 1 2 4 1 2 7 0 2 7 0 60.373223602771759
1 2 7 5 31 3 5 31 3 0 2 7 0 2 7 0 2 4 1 2 7 0 2 4 0 2 7 1 2 7 17 9 2 12 16 2 0 2 4 1 2 7 0 2 3 1 2 7 0 2 7 0 2 7 17 9 2 1 2 7 1 2 7 13 6 3 1 2 7 0 2 7 1 2 7 17 18 2 0 2 4 0 2 4 5 30 3 0 2 4 17 18 2 17 9 2 1 2 4 0 2 7 0 2 4 0 2 7 0 2 3 1 2 7 1 2 7 0 2 7 1 2 11 5 30 3 0 2 7 1 2 11 0 2 7 0 2 4 0 2 4 0 2 7 1 2 7 0 2 7 0 2 3 1 2 3 1 2 7 12 16 2 8 18 2 1 2 7 17 9 2 16 6 2 0 2 4 1 2 4 0 60.7127976417541504
6 2 7 5 31 3 5 31 3 0 2 7 0 2 7 0 2 7 1 2 7 0 2 7 0 2 7 1 2 7 17 9 2 5 31 3 0 2 7 0 2 7 0 2 7 0 2 7 1 2 7 17 9 2 1 2 7 1 2 7 13 6 3 1 2 7 6 2 7 1 2 7 17 18 2 0 2 7 5 30 3 17 18 2 17 9 2 1 2 7 0 2 7 0 2 7 1 2 7 1 2 7 0 2 4 5 30 3 1 2 7 0 2 7 0 2 7 1 2 7 0 2 7 1 2 7 1 2 7 1 2 7 1 2 7 0 2 7 0 2 7 0 2 7 0 2 7 0 2 7 0 2 7 12 16 2 0 2 7 0 2 7 0 2 7 1 2 7 17 18 2 13 6 3 0 2 7 1 2 7 0 60.2496556043624878
1 2 7 5 31 3 5 30 3 1 2 7 5 31 3 0 2 7 12 16 2 0 2 7 1 2 7 17 18 2 0 2 7 1 2 7 17 18 2 12 16 2 13 6 3 17 9 2 0 2 4 1 2 7 1 2 7 16 6 2 0 2 4 0 2 7 0 2 7 0 2 4 17 9 2 0 2 4 1 2 7 17 9 2 0 2 7 1 2 7 0 2 4 0 2 7 0 2 4 0 2 7 0 2 7 0 2 7 1 2 7 1 2 3 0 2 7 0 2 7 0 2 7 6 2 7 1 2 4 0 2 7 0 2 7 0 2 7 1 2 7 0 2 4 5 31 3 12 16 2 13 6 3 1 2 7 0 2 7 1 2 7 1 2 7 1 2 7 17 9 2 1 2 7 1 2 3 0 2 4 0 60.1825236678123474
0 2 4 5 30 3 0 2 7 1 2 7 5 30 3 1 2 7 12 16 2 0 2 3 0 2 7 17 18 2 0 2 7 0 2 7 0 2 3 17 18 2 12 16 2 13 6 3 17 9 2 0 2 7 0 2 4 5 30 3 1 2 4 1 2 11 1 2 7 0 2 7 6 2 7 0 2 7 17 9 2 0 2 7 0 2 7 17 9 2 0 2 7 0 2 7 1 2 7 1 2 7 12 16 2 1 2 3 0 2 7 13 6 3 17 18 2 1 2 4 0 2 7 0 2 7 0 2 7 1 2 7 1 2 7 5 30 3 1 2 7 1 2 7 13 6 3 0 2 7 0 2 4 0 2 4 0 2 7 1 2 7 0 2 3 1 2 3 8 18 2 1 2 3 12 16 2 5 30 3 0 60.9182373881340027
12 16 2 5 31 3 5 31 3 0 2 4 0 2 7 0 2 7 1 2 7 0 2 4 0 2 4 1 2 7 17 9 2 12 16 2 0 2 7 1 2 7 0 2 3 1 2 7 0 2 7 17 9 2 1 2 7 1 2 7 13 6 3 1 2 7 0 2 7 1 2 7 17 18 2 0 2 3 0 2 7 5 30 3 0 2 7 17 18 2 17 9 2 1 2 7 0 2 7 1 2 7 1 2 7 1 2 7 1 2 7 5 30 3 1 2 7 1 2 7 0 2 7 12 16 2 0 2 7 0 2 7 1 2 7 13 6 3 1 2 4 0 2 4 1 2 7 0 2 7 0 2 7 13 6 3 0 2 7 0 2 7 0 2 7 0 2 4 17 9 2 12 16 2 16 30 2 0 2 7 0 59.9867335557937622
1 2 7 5 31 3 1 2 7 1 2 7 5 30 3 1 2 7 12 16 2 0 2 7 1 2 7 17 18 2 0 2 7 1 2 7 17 18 2 12 16 2 13 6 3 17 9 2 0 2 7 1 2 4 1 2 3 16 6 2 0 2 7 1 2 7 0 2 4 1 2 7 17 9 2 1 2 7 0 2 7 17 9 2 0 2 7 0 2 7 0 2 7 0 2 7 0 2 7 0 2 7 0 2 7 0 2 7 1 2 7 1 2 7 0 2 7 5 31 3 0 2 7 1 2 7 1 2 7 0 2 7 0 2 4 0 2 7 0 2 7 1 2 4 17 9 2 0 2 7 1 2 7 0 2 4 1 2 7 0 2 4 5 31 3 0 2 7 13 6 3 0 2 7 1 2 7 0 2 7 0 60.0184326171875
12 16 2 5 31 3 5 31 3 0 2 4 0 2 7 0 2 7 1 2 7 0 2 4 0 2 4 1 2 7 17 9 2 12 16 2 0 2 4 1 2 7 0 2 7 1 2 7 0 2 4 0 2 7 17 9 2 1 2 7 1 2 7 13 6 3 1 2 7 0 2 7 1 2 4 17 18 2 0 2 7 0 2 7 5 30 3 0 2 7 17 18 2 17 9 2 1 2 7 0 2 4 0 2 4 0 2 7 1 2 7 0 2 4 1 2 7 1 2 7 1 2 7 5 30 3 0 2 4 1 2 7 17 9 2 1 2 7 0 2 7 12 16 2 0 2 7 0 2 7 1 2 7 13 6 3 12 16 2 16 31 2 1 2 4 0 2 7 1 2 7 0 2 7 0 2 4 0 2 7 0 60.1292035579681396

Current Evaluation = 16200(16200)
Front Size = 10
0 2 7 5 31 3 5 30 3 1 2 7 5 30 3 0 2 7 12 16 2 0 2 7 0 2 7 17 18 2 0 2 4 0 2 7 1 2 4 17 18 2 12 16 2 13 6 3 17 9 2 0 2 7 1 2 7 5 31 3 1 2 7 1 2 7 1 2 7 0 2 7 1 2 7 0 2 7 1 2 7 17 9 2 17 9 2 0 2 7 0 2 7 0 2 7 0 2 7 0 2 7 1 2 7 12 16 2 0 2 7 0 2 7 13 6 3 1 2 7 17 18 2 1 2 7 0 2 7 0 2 7 0 2 7 1 2 4 13 6 3 0 2 7 0 2 7 17 18 2 1 2 4 1 2 4 1 2 7 1 2 7 1 2 7 0 2 7 1 2 4 1 2 7 0 2 7 0 2 4 0 59.7875515222549438
12 16 2 5 31 3 5 31 3 0 2 4 0 2 7 0 2 7 1 2 7 0 2 7 0 2 4 1 2 7 17 9 2 12 16 2 0 2 7 1 2 7 1 2 7 0 2 7 17 9 2 1 2 7 1 2 7 13 6 3 1 2 7 0 2 7 1 2 7 17 18 2 0 2 7 5 30 3 0 2 7 17 18 2 17 9 2 1 2 7 0 2 7 1 2 7 1 2 7 1 2 7 1 2 7 5 30 3 1 2 7 1 2 7 0 2 7 12 16 2 0 2 7 0 2 7 1 2 7 13 6 3 1 2 4 0 2 4 0 2 7 0 2 7 13 6 3 0 2 7 0 2 7 0 2 7 0 2 7 0 2 7 17 18 2 1 2 4 0 2 4 17 9 2 0 2 7 1 2 4 0 59.7875515222549438
0 2 7 5 31 3 5 30 3 1 2 7 5 30 3 0 2 7 12 16 2 0 2 7 0 2 7 17 18 2 0 2 7 0 2 4 1 2 7 17 18 2 12 16 2 13 6 3 17 9 2 0 2 7 1 2 4 5 31 3 1 2 7 1 2 7 1 2 4 0 2 7 1 2 4 0 2 7 1 2 7 17 9 2 0 2 7 17 9 2 0 2 7 0 2 7 0 2 7 0 2 7 1 2 7 0 2 7 12 16 2 0 2 7 0 2 7 13 6 3 1 2 4 17 18 2 1 2 7 0 2 7 0 2 7 0 2 7 1 2 7 13 6 3 0 2 7 1 2 7 1 2 7 1 2 4 1 2 7 1 2 7 1 2 7 1 2 4 0 2 7 17 18 2 0 2 7 0 2 7 0 59.7875515222549438
12 16 2 5 31 3 5 31 3 0 2 4 0 2 7 0 2 7 1 2 7 0 2 4 0 2 4 1 2 7 17 9 2 12 16 2 0 2 4 1 2 7 0 2 7 1 2 7 0 2 4 0 2 7 17 9 2 1 2 7 1 2 7 13 6 3 1 2 7 0 2 7 1 2 4 17 18 2 0 2 7 0 2 7 5 30 3 0 2 7 17 18 2 17 9 2 1 2 7 0 2 4 0 2 4 0 2 7 1 2 7 0 2 4 1 2 7 1 2 7 1 2 7 5 30 3 0 2 4 1 2 7 17 9 2 1 2 7 0 2 7 12 16 2 0 2 7 0 2 7 1 2 7 13 6 3 12 16 2 16 31 2 1 2 4 0 2 7 1 2 7 0 2 7 0 2 4 0 2 7 0 60.1292035579681396
12 16 2 5 31 3 5 31 3 0 2 7 0 2 7 0 2 3 0 2 7 0 2 7 0 2 7 1 2 7 17 9 2 12 16 2 0 2 7 1 2 7 0 2 7 1 2 7 0 2 7 0 2 4 17 9 2 0 2 3 1 2 7 13 6 3 1 2 7 0 2 7 1 2 7 17 18 2 0 2 7 1 2 3 0 2 4 0 2 4 17 18 2 17 9 2 1 2 4 0 2 7 1 2 7 1 2 7 1 2 7 1 2 7 5 30 3 1 2 7 17 9 2 1 2 7 0 2 4 12 16 2 0 2 7 1 2 7 0 2 7 13 6 3 12 16 2 0 2 7 1 2 3 0 2 7 0 2 7 1 2 7 16 6 2 13 6 3 1 2 7 0 2 7 1 2 7 0 2 7 0 59.9809155464172363
1 2 7 5 31 3 5 31 3 0 2 7 5 30 3 0 2 7 12 16 2 0 2 7 1 2 4 17 18 2 0 2 7 1 2 7 17 18 2 12 16 2 13 6 3 17 9 2 0 2 4 1 2 7 5 31 3 1 2 7 1 2 4 16 6 2 0 2 7 0 2 7 1 2 4 1 2 4 17 9 2 17 9 2 0 2 4 0 2 7 0 2 7 0 2 7 1 2 4 12 16 2 0 2 4 13 6 3 1 2 4 1 2 7 1 2 7 0 2 7 0 2 7 0 2 7 0 2 7 1 2 4 12 16 2 17 18 2 1 2 4 0 2 4 1 2 7 0 2 4 0 2 7 0 2 7 0 2 7 1 2 7 12 16 2 0 2 7 0 2 7 0 2 7 0 2 7 1 2 4 0 60.3429305553436279
0 2 7 5 31 3 5 30 3 1 2 7 5 30 3 0 2 7 12 16 2 0 2 7 0 2 7 17 18 2 0 2 4 0 2 7 1 2 4 17 18 2 12 16 2 13 6 3 17 9 2 0 2 7 1 2 7 5 31 3 1 2 7 1 2 7 1 2 7 0 2 7 1 2 7 0 2 7 1 2 7 17 9 2 0 2 4 17 9 2 0 2 7 0 2 7 0 2 7 0 2 7 0 2 7 1 2 7 12 16 2 0 2 7 0 2 7 13 6 3 1 2 7 17 18 2 1 2 7 0 2 7 0 2 7 0 2 7 1 2 4 13 6 3 0 2 7 0 2 7 17 18 2 1 2 4 1 2 4 1 2 7 1 2 7 1 2 7 1 2 7 0 2 7 1 2 7 0 2 4 0 59.7875515222549438
0 2 7 5 31 3 5 30 3 1 2 7 5 31 3 0 2 7 12 16 2 0 2 7 1 2 7 17 18 2 1 2 10 0 2 4 1 2 4 17 18 2 12 16 2 13 6 3 17 9 2 0 2 7 6 2 7 5 31 3 1 2 7 1 2 7 16 6 2 0 2 4 0 2 7 0 2 7 1 2 7 17 9 2 0 2 4 0 2 4 17 9 2 0 2 7 0 2 4 0 2 7 1 2 7 0 2 7 1 2 7 12 16 2 0 2 7 0 2 4 13 6 3 1 2 7 1 2 7 0 2 7 0 2 7 0 2 7 0 2 7 0 2 7 1 2 4 12 16 2 1 2 4 12 16 2 0 2 4 1 2 4 0 2 4 0 2 4 17 18 2 1 2 4 1 2 7 0 2 7 0 60.373223602771759
1 2 7 5 31 3 1 2 4 1 2 4 5 30 3 0 2 7 12 16 2 0 2 4 1 2 7 17 18 2 0 2 7 1 2 7 17 18 2 12 16 2 13 6 3 17 9 2 0 2 7 1 2 4 16 6 2 0 2 7 0 2 4 0 2 7 1 2 7 17 9 2 1 2 7 1 2 7 17 9 2 6 2 7 15 2 11 0 2 7 0 2 7 0 2 7 0 2 7 17 18 2 1 2 11 0 2 7 5 31 3 0 2 7 0 2 7 0 2 7 0 2 7 0 2 7 12 16 2 1 2 7 0 2 7 1 2 3 1 2 7 0 2 3 0 2 7 0 2 4 5 30 3 13 6 3 1 2 7 0 2 7 1 2 7 0 2 11 0 2 4 1 2 11 0 2 7 1 2 7 0 60.5718415379524231
5 31 3 1 2 7 1 2 7 5 30 3 1 2 4 12 16 2 0 2 7 1 2 7 17 18 2 0 2 7 1 2 7 17 18 2 12 16 2 13 6 3 17 9 2 0 2 7 1 2 7 0 2 7 1 2 7 0 2 7 1 2 7 17 9 2 1 2 7 0 2 7 17 9 2 0 2 4 0 2 7 0 2 7 0 2 7 0 2 7 0 2 7 0 2 7 0 2 7 1 2 7 0 2 7 5 31 3 0 2 7 0 2 7 1 2 7 0 2 7 13 6 3 17 18 2 1 2 7 1 2 7 12 16 2 0 2 7 1 2 7 1 2 7 0 2 7 16 19 11 1 2 7 1 2 7 1 2 3 0 2 7 0 2 7 5 30 3 13 6 3 0 2 7 0 2 7 0 2 7 0 60.2201623916625977

Current Evaluation = 17100(17100)
Front Size = 10
5 31 3 1 2 7 1 2 4 5 31 3 1 2 7 12 16 2 0 2 7 0 2 7 17 18 2 0 2 7 1 2 7 17 18 2 12 16 2 13 6 3 17 9 2 0 2 7 0 2 7 0 2 7 0 2 7 12 16 2 17 9 2 0 2 7 17 9 2 1 2 7 0 2 7 0 2 7 0 2 7 0 2 7 0 2 7 1 2 7 0 2 7 0 2 4 1 2 7 1 2 7 0 2 7 13 6 3 17 18 2 0 2 7 1 2 7 5 31 3 0 2 7 1 2 4 1 2 7 1 2 7 0 2 7 13 6 3 0 2 7 0 2 7 1 2 7 0 2 7 0 2 7 16 6 2 1 2 7 12 16 2 1 2 7 1 2 7 1 2 7 1 2 7 1 2 7 0 2 7 0 59.7211945056915283
5 31 3 1 2 7 1 2 4 5 31 3 1 2 7 12 16 2 0 2 7 0 2 7 17 18 2 0 2 7 1 2 7 17 18 2 12 16 2 13 6 3 17 9 2 0 2 7 0 2 7 0 2 7 0 2 7 12 16 2 17 9 2 0 2 7 17 9 2 1 2 7 0 2 7 0 2 7 0 2 7 0 2 7 0 2 7 1 2 7 0 2 7 0 2 7 1 2 7 1 2 7 0 2 7 13 6 3 17 18 2 0 2 7 1 2 7 5 31 3 0 2 7 1 2 4 1 2 7 1 2 7 0 2 7 13 6 3 0 2 7 0 2 7 1 2 7 0 2 7 0 2 7 16 6 2 1 2 7 12 16 2 1 2 7 1 2 7 1 2 7 1 2 7 1 2 4 0 2 7 0 59.7211945056915283
12 16 2 5 31 3 5 31 3 0 2 4 0 2 7 0 2 7 1 2 7 0 2 4 0 2 4 1 2 7 17 9 2 12 16 2 0 2 4 1 2 7 0 2 7 1 2 7 0 2 4 0 2 7 17 9 2 1 2 7 1 2 7 13 6 3 1 2 7 0 2 7 1 2 4 17 18 2 0 2 7 0 2 7 5 30 3 0 2 7 17 18 2 17 9 2 1 2 7 0 2 4 0 2 4 0 2 7 1 2 7 0 2 4 1 2 7 1 2 7 1 2 7 5 30 3 0 2 4 1 2 7 17 9 2 1 2 7 0 2 7 12 16 2 0 2 7 0 2 7 1 2 7 13 6 3 12 16 2 16 31 2 1 2 4 0 2 7 1 2 7 0 2 7 0 2 4 0 2 7 0 60.1292035579681396
5 30 3 1 2 7 1 2 4 5 31 3 1 2 7 12 16 2 0 2 4 0 2 4 17 18 2 17 18 2 1 2 7 17 18 2 12 16 2 13 6 3 17 9 2 0 2 7 0 2 7 0 2 7 1 2 4 12 16 2 1 2 4 17 9 2 0 2 4 0 2 7 17 9 2 0 2 7 1 2 4 0 2 7 1 2 7 0 2 7 0 2 7 1 2 4 1 2 7 0 2 7 1 2 7 1 2 7 0 2 7 13 6 3 1 2 7 0 2 4 1 2 7 0 2 7 1 2 7 0 2 7 0 2 7 1 2 7 0 2 7 5 30 3 0 2 4 0 2 7 0 2 7 0 2 7 5 31 3 1 2 4 0 2 7 12 16 2 0 2 7 1 2 7 0 2 4 16 31 2 0 60.1292035579681396
5 30 3 1 2 7 1 2 7 5 31 3 1 2 7 12 16 2 0 2 7 0 2 7 17 18 2 0 2 4 1 2 7 17 18 2 12 16 2 13 6 3 17 9 2 0 2 7 0 2 4 0 2 4 1 2 7 12 16 2 1 2 7 17 9 2 0 2 4 0 2 7 17 9 2 0 2 7 1 2 7 0 2 7 1 2 7 0 2 7 0 2 7 1 2 7 1 2 7 0 2 7 1 2 7 1 2 7 0 2 7 13 6 3 17 18 2 1 2 7 0 2 7 1 2 7 0 2 7 1 2 7 0 2 7 0 2 4 1 2 7 0 2 7 5 30 3 13 6 3 0 2 7 1 2 7 0 2 7 0 2 7 0 2 4 5 31 3 17 18 2 1 2 4 0 2 7 1 2 7 0 59.7875515222549438
0 2 7 5 31 3 5 30 3 1 2 7 5 30 3 0 2 7 12 16 2 0 2 7 0 2 7 17 18 2 0 2 7 0 2 4 1 2 7 17 18 2 12 16 2 13 6 3 17 9 2 0 2 7 1 2 4 5 31 3 1 2 7 1 2 7 1 2 4 0 2 7 1 2 4 0 2 7 1 2 7 17 9 2 0 2 7 17 9 2 0 2 7 0 2 7 0 2 7 0 2 7 1 2 7 0 2 7 12 16 2 0 2 7 0 2 7 13 6 3 1 2 4 17 18 2 1 2 7 0 2 7 0 2 7 0 2 7 1 2 7 13 6 3 0 2 7 1 2 7 1 2 7 1 2 4 1 2 7 1 2 7 1 2 7 1 2 4 0 2 7 17 18 2 0 2 7 0 2 7 0 59.7875515222549438
12 16 2 5 31 3 5 31 3 0 2 7 0 2 7 0 2 7 1 2 7 0 2 7 0 2 7 1 2 7 17 9 2 12 16 2 0 2 4 1 2 7 0 2 7 1 2 7 0 2 7 17 9 2 1 2 7 1 2 7 13 6 3 1 2 7 0 2 7 1 2 7 17 18 2 0 2 7 0 2 7 5 30 3 0 2 7 17 18 2 17 9 2 1 2 7 0 2 7 1 2 7 1 2 7 1 2 7 1 2 7 5 30 3 1 2 7 17 9 2 1 2 7 0 2 7 12 16 2 0 2 7 0 2 7 1 2 7 13 6 3 1 2 7 0 2 7 1 2 7 0 2 7 0 2 7 0 2 7 0 2 4 0 2 4 0 2 7 13 6 3 12 16 2 16 31 2 0 2 7 0 59.9470124244689941
12 16 2 5 31 3 5 31 3 0 2 4 0 2 7 0 2 7 0 2 7 0 2 7 0 2 7 1 2 7 17 9 2 12 16 2 0 2 7 1 2 7 1 2 7 0 2 7 17 9 2 1 2 7 1 2 7 13 6 3 1 2 7 0 2 7 1 2 7 17 18 2 0 2 7 5 30 3 0 2 7 17 18 2 17 9 2 1 2 7 0 2 7 1 2 7 1 2 7 1 2 7 1 2 7 5 30 3 1 2 7 1 2 7 0 2 7 12 16 2 0 2 7 0 2 7 1 2 7 13 6 3 1 2 4 0 2 4 0 2 7 0 2 7 13 6 3 0 2 7 0 2 7 0 2 7 0 2 7 17 18 2 0 2 4 0 2 4 1 2 4 17 9 2 1 2 7 1 2 4 0 59.7875515222549438
5 30 3 1 2 7 1 2 7 5 31 3 1 2 7 12 16 2 0 2 7 0 2 7 17 18 2 0 2 4 1 2 7 17 18 2 12 16 2 13 6 3 17 9 2 0 2 7 0 2 7 0 2 4 1 2 7 12 16 2 1 2 7 17 9 2 0 2 4 0 2 7 17 9 2 0 2 7 1 2 7 0 2 7 1 2 7 0 2 7 0 2 7 1 2 7 1 2 7 0 2 7 1 2 7 1 2 7 0 2 7 13 6 3 1 2 7 0 2 7 1 2 7 0 2 7 1 2 7 0 2 7 0 2 4 1 2 7 0 2 7 5 30 3 0 2 7 0 2 7 0 2 7 0 2 4 5 31 3 1 2 4 0 2 7 17 18 2 13 6 3 1 2 4 17 18 2 1 2 7 0 59.7875515222549438
1 2 7 5 31 3 5 31 3 0 2 7 5 30 3 0 2 7 12 16 2 0 2 7 1 2 4 17 18 2 0 2 7 1 2 7 17 18 2 12 16 2 13 6 3 17 9 2 0 2 4 1 2 7 5 31 3 1 2 7 1 2 4 16 6 2 0 2 7 0 2 7 1 2 4 1 2 4 17 9 2 17 9 2 0 2 4 0 2 7 0 2 7 0 2 7 1 2 4 12 16 2 0 2 4 13 6 3 1 2 4 1 2 7 1 2 7 0 2 7 0 2 7 0 2 7 0 2 7 1 2 4 12 16 2 17 18 2 1 2 4 0 2 4 1 2 7 0 2 4 0 2 7 0 2 7 0 2 7 1 2 7 12 16 2 0 2 7 0 2 7 0 2 7 0 2 7 1 2 4 0 60.3429305553436279

Current Evaluation = 18000(18000)
Front Size = 10
5 31 3 5 31 3 1 2 7 1 2 7 12 16 2 1 2 7 1 2 7 17 18 2 0 2 7 1 2 4 17 18 2 12 16 2 13 6 3 1 2 7 0 2 7 0 2 7 0 2 7 12 16 2 17 9 2 0 2 7 17 9 2 1 2 7 0 2 7 0 2 7 0 2 7 1 2 7 1 2 7 0 2 7 0 2 7 1 2 7 0 2 7 0 2 7 0 2 7 13 6 3 17 18 2 0 2 7 1 2 7 0 2 7 0 2 7 1 2 7 1 2 7 0 2 7 13 6 3 1 2 7 0 2 7 1 2 7 0 2 7 0 2 7 1 2 7 1 2 4 1 2 7 0 2 7 17 9 2 5 31 3 16 6 2 0 2 7 0 2 4 12 16 2 1 2 7 0 2 7 0 59.7211945056915283
5 31 3 5 31 3 1 2 7 1 2 7 12 16 2 1 2 7 1 2 7 17 18 2 0 2 7 1 2 7 17 18 2 12 16 2 13 6 3 1 2 7 0 2 7 0 2 7 0 2 7 12 16 2 17 9 2 0 2 7 17 9 2 1 2 7 0 2 7 0 2 7 0 2 7 1 2 7 1 2 7 0 2 7 0 2 7 1 2 7 0 2 7 0 2 7 0 2 7 13 6 3 17 18 2 0 2 7 1 2 7 0 2 7 0 2 4 1 2 7 1 2 7 13 6 3 1 2 7 0 2 7 1 2 7 0 2 7 1 2 4 1 2 7 1 2 7 0 2 7 17 9 2 5 31 3 16 6 2 0 2 7 0 2 7 12 16 2 0 2 7 0 2 7 0 2 4 1 2 7 0 59.7211945056915283
12 16 2 5 30 3 5 31 3 0 2 7 0 2 3 0 2 4 0 2 7 0 2 7 1 2 7 1 2 4 17 9 2 12 16 2 0 2 4 1 2 7 1 2 6 0 2 7 17 9 2 0 2 4 0 2 7 13 6 3 1 2 7 0 2 3 17 18 2 17 18 2 0 2 7 5 30 3 0 2 7 17 18 2 17 9 2 1 2 7 0 2 7 0 2 4 12 16 2 0 2 7 1 2 7 13 6 3 1 2 4 0 2 7 0 2 7 0 2 7 0 2 7 1 2 4 0 2 7 0 2 3 17 18 2 0 2 4 1 2 7 1 2 7 1 2 7 1 2 4 0 2 7 1 2 7 5 30 3 1 2 7 1 2 7 0 2 7 1 2 4 13 6 3 12 16 2 1 2 4 0 60.2456225156784058
12 16 2 5 31 3 5 31 3 0 2 4 0 2 7 0 2 7 0 2 7 0 2 7 0 2 7 1 2 7 17 9 2 12 16 2 0 2 7 1 2 7 1 2 7 0 2 7 17 9 2 1 2 7 1 2 7 13 6 3 1 2 7 0 2 7 1 2 7 17 18 2 0 2 7 5 30 3 0 2 7 17 18 2 17 9 2 1 2 7 0 2 7 1 2 7 1 2 7 1 2 7 1 2 7 5 30 3 1 2 7 1 2 7 0 2 7 12 16 2 0 2 7 0 2 7 1 2 7 13 6 3 1 2 4 0 2 4 0 2 7 0 2 7 13 6 3 0 2 7 0 2 7 0 2 7 0 2 7 17 18 2 0 2 4 0 2 4 1 2 4 17 9 2 1 2 7 1 2 4 0 59.7875515222549438
12 16 2 5 31 3 5 31 3 0 2 4 0 2 7 0 2 7 1 2 7 0 2 4 0 2 4 1 2 7 17 9 2 12 16 2 0 2 4 1 2 7 0 2 7 1 2 7 0 2 4 0 2 7 17 9 2 1 2 7 1 2 7 13 6 3 1 2 7 0 2 7 1 2 4 17 18 2 0 2 7 0 2 7 5 30 3 0 2 7 17 18 2 17 9 2 1 2 7 0 2 4 0 2 4 0 2 7 1 2 7 0 2 4 1 2 7 1 2 7 1 2 7 5 30 3 0 2 4 1 2 7 17 9 2 1 2 7 0 2 7 12 16 2 0 2 7 0 2 7 1 2 7 13 6 3 12 16 2 16 31 2 1 2 4 0 2 7 1 2 7 0 2 7 0 2 4 0 2 7 0 60.1292035579681396
1 2 4 1 2 7 5 30 3 1 2 7 12 16 2 0 2 4 0 2 4 17 18 2 0 2 7 1 2 7 17 18 2 12 16 2 13 6 3 17 9 2 16 31 2 1 2 7 12 16 2 1 2 7 17 9 2 0 2 7 17 9 2 0 2 7 12 16 2 0 2 7 1 2 4 0 2 7 0 2 7 1 2 7 1 2 7 0 2 7 1 2 4 1 2 7 0 2 7 13 6 3 17 18 2 1 2 3 0 2 4 1 2 7 0 2 7 1 2 7 0 2 7 1 2 7 0 2 4 13 6 3 0 2 7 0 2 7 0 2 7 5 31 3 1 2 7 0 2 7 5 30 3 0 2 7 0 2 7 0 2 7 0 2 7 0 2 4 1 2 7 5 30 3 12 16 2 0 2 4 0 60.0450834035873413
5 31 3 5 31 3 1 2 7 1 2 7 12 16 2 1 2 7 1 2 7 17 18 2 0 2 7 1 2 4 17 18 2 12 16 2 13 6 3 1 2 7 0 2 7 0 2 7 0 2 7 12 16 2 17 9 2 0 2 7 17 9 2 1 2 7 0 2 7 0 2 7 0 2 7 1 2 7 1 2 7 0 2 7 0 2 7 1 2 7 0 2 7 0 2 7 0 2 7 13 6 3 17 18 2 0 2 7 1 2 7 0 2 7 0 2 7 1 2 7 1 2 7 0 2 7 13 6 3 1 2 7 0 2 7 1 2 7 0 2 7 0 2 7 1 2 4 0 2 7 17 9 2 0 2 7 0 2 4 1 2 4 17 18 2 5 30 3 1 2 4 5 30 3 1 2 4 0 2 4 0 59.7875515222549438
1 2 7 5 31 3 5 31 3 0 2 7 5 30 3 0 2 7 12 16 2 0 2 7 1 2 4 17 18 2 0 2 7 1 2 7 17 18 2 12 16 2 13 6 3 17 9 2 0 2 4 1 2 7 5 31 3 1 2 7 1 2 4 16 6 2 0 2 7 0 2 7 1 2 4 1 2 4 17 9 2 17 9 2 0 2 4 0 2 7 0 2 7 0 2 7 1 2 4 12 16 2 0 2 4 13 6 3 1 2 4 1 2 7 1 2 7 0 2 7 0 2 7 0 2 7 0 2 7 1 2 4 12 16 2 17 18 2 1 2 4 0 2 4 1 2 7 0 2 4 0 2 7 0 2 7 0 2 7 1 2 7 12 16 2 0 2 7 0 2 7 0 2 7 0 2 7 1 2 4 0 60.3429305553436279
5 31 3 1 2 7 1 2 7 12 16 2 1 2 7 1 2 7 17 18 2 0 2 7 1 2 4 17 18 2 12 16 2 13 6 3 1 2 7 0 2 7 0 2 7 0 2 7 12 16 2 17 9 2 0 2 7 17 9 2 1 2 7 0 2 7 0 2 7 0 2 7 1 2 7 1 2 7 0 2 7 0 2 7 1 2 7 0 2 7 0 2 7 0 2 7 13 6 3 17 18 2 0 2 7 1 2 7 0 2 7 0 2 7 1 2 7 13 6 3 1 2 4 17 9 2 0 2 4 12 16 2 5 31 3 5 30 3 1 2 4 1 2 7 17 18 2 5 30 3 5 30 3 0 2 7 1 2 7 1 2 7 1 2 4 0 2 4 16 6 2 0 2 4 1 2 6 0 2 4 0.0125171484936263903 59.9196484088897705
5 30 3 1 2 7 1 2 7 5 31 3 1 2 7 12 16 2 0 2 7 0 2 7 17 18 2 0 2 4 1 2 7 17 18 2 12 16 2 13 6 3 17 9 2 0 2 7 0 2 4 0 2 4 1 2 7 12 16 2 1 2 7 17 9 2 0 2 4 0 2 7 17 9 2 0 2 7 1 2 7 0 2 7 1 2 7 0 2 7 0 2 7 1 2 7 1 2 7 0 2 7 1 2 7 1 2 7 0 2 7 13 6 3 17 18 2 1 2 7 0 2 7 1 2 7 0 2 7 1 2 7 0 2 7 0 2 4 1 2 7 0 2 7 5 30 3 13 6 3 0 2 7 1 2 7 0 2 7 0 2 7 0 2 4 5 31 3 17 18 2 1 2 4 0 2 7 1 2 7 0 59.7875515222549438

MonoObjective Genetic Algorithm
Number of Evaluations = 0
Mutation Probability = 0
Crossover Probability = 1
Population Size = 10
Survival Selection Type = 16

Time =  18046.7656078338623

Current Evaluation = 2010
Front Size = 10
5 31 3 5 31 3 1 2 7 1 2 7 12 16 2 1 2 7 1 2 7 17 18 2 0 2 7 1 2 4 17 18 2 12 16 2 13 6 3 1 2 7 0 2 7 0 2 7 0 2 7 12 16 2 17 9 2 0 2 7 17 9 2 1 2 7 0 2 7 0 2 7 0 2 7 1 2 7 1 2 7 0 2 7 0 2 7 1 2 7 0 2 7 0 2 7 0 2 7 13 6 3 17 18 2 0 2 7 1 2 7 0 2 7 0 2 7 1 2 7 1 2 7 0 2 7 13 6 3 1 2 7 0 2 7 1 2 7 0 2 7 0 2 7 1 2 7 1 2 4 1 2 7 0 2 7 17 9 2 5 31 3 16 6 2 0 2 7 0 2 4 12 16 2 1 2 7 0 2 7 0 59.7211945056915283
5 31 3 5 31 3 1 2 7 1 2 7 12 16 2 1 2 7 1 2 7 17 18 2 0 2 7 1 2 7 17 18 2 12 16 2 13 6 3 1 2 7 0 2 7 0 2 7 0 2 7 12 16 2 17 9 2 0 2 7 17 9 2 1 2 7 0 2 7 0 2 7 0 2 7 1 2 7 1 2 7 0 2 7 0 2 7 1 2 7 0 2 7 0 2 7 0 2 7 13 6 3 17 18 2 0 2 7 1 2 7 0 2 7 0 2 4 1 2 7 1 2 7 13 6 3 1 2 7 0 2 7 1 2 7 0 2 7 1 2 4 1 2 7 1 2 7 0 2 7 17 9 2 5 31 3 16 6 2 0 2 7 0 2 7 12 16 2 0 2 7 0 2 7 0 2 4 1 2 7 0 59.7211945056915283
12 16 2 5 30 3 5 31 3 0 2 7 0 2 3 0 2 4 0 2 7 0 2 7 1 2 7 1 2 4 17 9 2 12 16 2 0 2 4 1 2 7 1 2 6 0 2 7 17 9 2 0 2 4 0 2 7 13 6 3 1 2 7 0 2 3 17 18 2 17 18 2 0 2 7 5 30 3 0 2 7 17 18 2 17 9 2 1 2 7 0 2 7 0 2 4 12 16 2 0 2 7 1 2 7 13 6 3 1 2 4 0 2 7 0 2 7 0 2 7 0 2 7 1 2 4 0 2 7 0 2 3 17 18 2 0 2 4 1 2 7 1 2 7 1 2 7 1 2 4 0 2 7 1 2 7 5 30 3 1 2 7 1 2 7 0 2 7 1 2 4 13 6 3 12 16 2 1 2 4 0 60.2456225156784058
12 16 2 5 31 3 5 31 3 0 2 4 0 2 7 0 2 7 0 2 7 0 2 7 0 2 7 1 2 7 17 9 2 12 16 2 0 2 7 1 2 7 1 2 7 0 2 7 17 9 2 1 2 7 1 2 7 13 6 3 1 2 7 0 2 7 1 2 7 17 18 2 0 2 7 5 30 3 0 2 7 17 18 2 17 9 2 1 2 7 0 2 7 1 2 7 1 2 7 1 2 7 1 2 7 5 30 3 1 2 7 1 2 7 0 2 7 12 16 2 0 2 7 0 2 7 1 2 7 13 6 3 1 2 4 0 2 4 0 2 7 0 2 7 13 6 3 0 2 7 0 2 7 0 2 7 0 2 7 17 18 2 0 2 4 0 2 4 1 2 4 17 9 2 1 2 7 1 2 4 0 59.7875515222549438
12 16 2 5 31 3 5 31 3 0 2 4 0 2 7 0 2 7 1 2 7 0 2 4 0 2 4 1 2 7 17 9 2 12 16 2 0 2 4 1 2 7 0 2 7 1 2 7 0 2 4 0 2 7 17 9 2 1 2 7 1 2 7 13 6 3 1 2 7 0 2 7 1 2 4 17 18 2 0 2 7 0 2 7 5 30 3 0 2 7 17 18 2 17 9 2 1 2 7 0 2 4 0 2 4 0 2 7 1 2 7 0 2 4 1 2 7 1 2 7 1 2 7 5 30 3 0 2 4 1 2 7 17 9 2 1 2 7 0 2 7 12 16 2 0 2 7 0 2 7 1 2 7 13 6 3 12 16 2 16 31 2 1 2 4 0 2 7 1 2 7 0 2 7 0 2 4 0 2 7 0 60.1292035579681396
1 2 4 1 2 7 5 30 3 1 2 7 12 16 2 0 2 4 0 2 4 17 18 2 0 2 7 1 2 7 17 18 2 12 16 2 13 6 3 17 9 2 16 31 2 1 2 7 12 16 2 1 2 7 17 9 2 0 2 7 17 9 2 0 2 7 12 16 2 0 2 7 1 2 4 0 2 7 0 2 7 1 2 7 1 2 7 0 2 7 1 2 4 1 2 7 0 2 7 13 6 3 17 18 2 1 2 3 0 2 4 1 2 7 0 2 7 1 2 7 0 2 7 1 2 7 0 2 4 13 6 3 0 2 7 0 2 7 0 2 7 5 31 3 1 2 7 0 2 7 5 30 3 0 2 7 0 2 7 0 2 7 0 2 7 0 2 4 1 2 7 5 30 3 12 16 2 0 2 4 0 60.0450834035873413
5 31 3 5 31 3 1 2 7 1 2 7 12 16 2 1 2 7 1 2 7 17 18 2 0 2 7 1 2 4 17 18 2 12 16 2 13 6 3 1 2 7 0 2 7 0 2 7 0 2 7 12 16 2 17 9 2 0 2 7 17 9 2 1 2 7 0 2 7 0 2 7 0 2 7 1 2 7 1 2 7 0 2 7 0 2 7 1 2 7 0 2 7 0 2 7 0 2 7 13 6 3 17 18 2 0 2 7 1 2 7 0 2 7 0 2 7 1 2 7 1 2 7 0 2 7 13 6 3 1 2 7 0 2 7 1 2 7 0 2 7 0 2 7 1 2 4 0 2 7 17 9 2 0 2 7 0 2 4 1 2 4 17 18 2 5 30 3 1 2 4 5 30 3 1 2 4 0 2 4 0 59.7875515222549438
1 2 7 5 31 3 5 31 3 0 2 7 5 30 3 0 2 7 12 16 2 0 2 7 1 2 4 17 18 2 0 2 7 1 2 7 17 18 2 12 16 2 13 6 3 17 9 2 0 2 4 1 2 7 5 31 3 1 2 7 1 2 4 16 6 2 0 2 7 0 2 7 1 2 4 1 2 4 17 9 2 17 9 2 0 2 4 0 2 7 0 2 7 0 2 7 1 2 4 12 16 2 0 2 4 13 6 3 1 2 4 1 2 7 1 2 7 0 2 7 0 2 7 0 2 7 0 2 7 1 2 4 12 16 2 17 18 2 1 2 4 0 2 4 1 2 7 0 2 4 0 2 7 0 2 7 0 2 7 1 2 7 12 16 2 0 2 7 0 2 7 0 2 7 0 2 7 1 2 4 0 60.3429305553436279
5 31 3 1 2 7 1 2 7 12 16 2 1 2 7 1 2 7 17 18 2 0 2 7 1 2 4 17 18 2 12 16 2 13 6 3 1 2 7 0 2 7 0 2 7 0 2 7 12 16 2 17 9 2 0 2 7 17 9 2 1 2 7 0 2 7 0 2 7 0 2 7 1 2 7 1 2 7 0 2 7 0 2 7 1 2 7 0 2 7 0 2 7 0 2 7 13 6 3 17 18 2 0 2 7 1 2 7 0 2 7 0 2 7 1 2 7 13 6 3 1 2 4 17 9 2 0 2 4 12 16 2 5 31 3 5 30 3 1 2 4 1 2 7 17 18 2 5 30 3 5 30 3 0 2 7 1 2 7 1 2 7 1 2 4 0 2 4 16 6 2 0 2 4 1 2 6 0 2 4 0.0125171484936263903 59.9196484088897705
5 30 3 1 2 7 1 2 7 5 31 3 1 2 7 12 16 2 0 2 7 0 2 7 17 18 2 0 2 4 1 2 7 17 18 2 12 16 2 13 6 3 17 9 2 0 2 7 0 2 4 0 2 4 1 2 7 12 16 2 1 2 7 17 9 2 0 2 4 0 2 7 17 9 2 0 2 7 1 2 7 0 2 7 1 2 7 0 2 7 0 2 7 1 2 7 1 2 7 0 2 7 1 2 7 1 2 7 0 2 7 13 6 3 17 18 2 1 2 7 0 2 7 1 2 7 0 2 7 1 2 7 0 2 7 0 2 4 1 2 7 0 2 7 5 30 3 13 6 3 0 2 7 1 2 7 0 2 7 0 2 7 0 2 4 5 31 3 17 18 2 1 2 4 0 2 7 1 2 7 0 59.7875515222549438

