Current Evaluation = 900(900)
Front Size = 10
0 2 7 0 2 7 5 30 3 5 31 3 0 2 7 0 2 7 12 16 2 12 16 2 5 31 3 0 2 7 0 2 7 0 2 7 0 2 7 0 2 10 1 2 7 1 2 7 17 9 2 0 2 7 0 2 7 0 2 7 17 9 2 0 2 7 5 30 3 5 31 3 5 30 3 0 2 7 0 2 7 0 2 7 6 2 7 6 2 7 0 2 7 1 2 7 0 2 7 0 2 7 1 2 7 1 2 7 0 2 7 17 9 2 0 2 7 0 2 7 6 2 7 0 2 7 1 2 11 5 31 3 0 2 7 16 6 2 0 2 7 16 6 2 0 2 7 0 2 7 5 30 3 1 2 7 16 6 2 6 2 7 0 2 7 5 31 3 16 6 2 0 2 7 13 6 3 1 2 7 0 61.495659351348877
16 19 12 5 30 3 0 2 3 8 18 2 1 2 8 0 2 7 0 2 7 16 6 2 5 30 3 1 2 8 16 19 11 5 30 3 0 2 3 0 2 8 0 2 8 0 2 3 0 2 8 12 16 2 5 30 3 0 2 3 0 2 8 5 30 3 16 19 11 0 2 8 5 30 3 5 30 3 0 2 3 12 16 2 16 19 11 0 2 8 5 30 3 0 2 12 8 18 2 1 2 3 1 2 3 0 2 3 0 2 8 0 2 3 0 2 6 0 2 8 0 2 3 0 2 8 5 30 3 0 2 3 0 2 8 0 2 8 16 6 2 0 2 7 0 2 8 0 2 8 17 9 2 0 2 8 0 2 11 8 9 2 0 2 3 1 2 8 0 2 3 0 2 8 0 2 8 6 2 8 0 67.6428663730621338
0 2 7 0 2 7 5 30 3 5 30 3 1 2 7 8 18 2 1 2 3 5 30 3 12 16 2 8 9 2 0 2 3 12 16 2 0 2 7 0 2 7 1 2 7 1 2 7 0 2 3 1 2 7 0 2 7 1 2 7 16 6 2 0 2 3 0 2 7 0 2 4 5 30 3 0 2 7 0 2 7 1 2 7 1 2 7 17 9 2 1 2 7 0 2 3 5 30 3 0 2 7 0 2 7 17 18 2 0 2 4 1 2 7 1 2 7 0 2 4 0 2 7 0 2 4 0 2 3 1 2 7 17 9 2 8 9 2 5 31 3 16 6 2 1 2 7 0 2 7 0 2 7 0 2 7 0 2 7 0 2 3 0 2 3 0 2 3 16 19 11 1 2 7 1 2 7 0 2 7 0 62.2663304805755615
0 2 3 16 19 11 0 2 7 5 31 3 0 2 7 8 9 2 5 31 3 12 16 2 0 2 7 0 2 7 5 30 3 16 6 2 1 2 7 12 16 2 0 2 7 0 2 11 5 30 3 1 2 7 5 30 3 0 2 7 1 2 7 6 2 7 17 18 2 0 2 7 1 2 7 0 2 7 12 16 2 0 2 7 0 2 7 1 2 7 1 2 7 0 2 7 0 2 4 0 2 7 16 19 11 16 6 2 5 30 3 8 18 2 0 2 7 16 31 2 0 2 7 6 2 3 0 2 7 12 16 2 1 2 4 12 16 2 0 2 7 0 2 7 16 20 12 0 2 4 0 2 7 0 2 7 0 2 3 0 2 7 0 2 11 0 2 7 12 16 2 5 31 3 1 2 7 0 2 7 0 62.9298682808876038
1 2 4 0 2 11 15 2 11 0 2 3 5 30 3 5 30 3 0 2 7 16 19 11 1 2 3 5 30 3 12 16 2 0 2 11 5 30 3 12 16 2 0 2 7 5 30 3 0 2 7 0 2 7 0 2 7 1 2 7 1 2 3 0 2 3 0 2 7 0 2 3 5 30 3 5 30 3 0 2 3 0 2 7 16 6 2 0 2 7 16 6 2 0 2 7 6 2 3 16 6 2 0 2 7 0 2 3 0 2 7 0 2 3 16 19 11 0 2 7 15 2 11 8 9 2 17 9 2 1 2 7 0 2 3 0 2 11 0 2 7 0 2 3 5 30 3 0 2 7 1 2 7 0 2 7 0 2 7 0 2 7 0 2 7 0 2 10 1 2 7 15 2 11 17 9 2 1 2 4 0 63.5296863317489624
6 2 11 0 2 11 17 18 2 0 2 7 5 30 3 5 30 3 0 2 7 0 2 11 16 19 11 0 2 7 5 30 3 12 16 2 8 9 2 5 30 3 12 16 2 1 2 7 1 2 7 6 2 11 5 30 3 0 2 11 0 2 11 1 2 7 0 2 7 0 2 11 0 2 11 0 2 7 0 2 11 6 2 11 0 2 7 5 30 3 5 30 3 0 2 7 8 18 2 1 2 7 16 6 2 0 2 7 0 2 7 0 2 7 0 2 11 6 2 11 5 31 3 0 2 7 0 2 11 0 2 7 0 2 7 0 2 7 17 18 2 17 9 2 0 2 7 0 2 7 16 19 11 0 2 11 5 31 3 6 2 7 16 19 11 0 2 11 0 2 7 0 2 11 6 2 7 12 16 2 0 64.4425580501556396
0 2 8 0 2 8 16 19 12 0 2 8 8 18 2 5 30 3 0 2 8 8 18 2 0 2 8 0 2 8 0 2 7 5 30 3 5 30 3 0 2 8 0 2 8 0 2 8 16 15 2 5 30 3 16 6 2 0 2 8 0 2 8 16 19 12 8 18 2 1 2 8 16 6 2 5 30 3 0 2 7 0 2 8 5 30 3 0 2 8 1 2 8 0 2 8 5 30 3 5 30 3 16 19 12 0 2 8 16 19 12 8 9 2 0 2 7 0 2 7 0 2 8 8 9 2 8 9 2 0 2 8 1 2 8 0 2 8 0 2 8 1 2 8 0 2 8 0 2 8 0 2 8 0 2 8 0 2 8 0 2 7 8 9 2 12 16 2 6 2 8 5 30 3 1 2 8 0 2 8 0.000916458809636934413 67.7508300542831421
0 2 7 0 2 7 5 30 3 5 30 3 1 2 7 1 2 3 5 30 3 12 16 2 0 2 3 12 16 2 0 2 7 0 2 7 1 2 7 1 2 7 1 2 7 0 2 7 1 2 7 16 6 2 0 2 7 5 30 3 0 2 7 0 2 7 1 2 7 1 2 7 17 9 2 1 2 7 5 30 3 0 2 7 0 2 7 0 2 7 17 9 2 5 31 3 0 2 7 0 2 7 0 2 7 0 2 7 0 2 7 0 2 7 16 31 2 6 2 7 0 2 3 0 2 7 0 2 7 6 2 7 0 2 4 1 2 7 1 2 7 0 2 7 0 2 4 0 2 7 5 31 3 0 2 10 16 30 2 1 2 4 0 2 3 0 2 3 0 2 3 0 2 10 0 2 7 0 2 7 7.26623633193701843e-05 62.0148595571517944
0 2 7 0 2 7 5 31 3 5 30 3 1 2 7 8 18 2 1 2 7 5 30 3 12 16 2 8 9 2 0 2 7 12 16 2 0 2 7 0 2 11 1 2 3 1 2 7 0 2 11 0 2 7 0 2 7 1 2 7 16 6 2 16 19 11 0 2 7 0 2 7 5 30 3 0 2 7 0 2 7 1 2 7 1 2 11 17 9 2 1 2 3 0 2 7 5 30 3 0 2 7 0 2 7 17 18 2 0 2 7 1 2 7 1 2 7 0 2 7 0 2 7 0 2 7 0 2 7 1 2 7 17 9 2 8 9 2 5 31 3 16 6 2 1 2 4 0 2 7 0 2 7 0 2 7 0 2 7 0 2 7 0 2 7 0 2 7 16 19 11 1 2 7 1 2 7 0 2 7 0 62.1554673910140991
0 2 7 0 2 7 5 30 3 5 30 3 8 18 2 1 2 3 5 30 3 12 16 2 8 9 2 0 2 3 12 16 2 0 2 7 0 2 3 16 6 2 0 2 3 5 30 3 17 9 2 0 2 3 5 30 3 0 2 3 16 6 2 0 2 3 0 2 3 0 2 3 16 19 11 1 2 8 0 2 8 0 2 11 0 2 8 1 2 7 0 2 7 0 2 12 0 2 7 0 2 8 1 2 3 0 2 8 1 2 7 16 19 11 1 2 7 0 2 7 0 2 8 0 2 8 0 2 4 1 2 7 1 2 7 0 2 8 1 2 8 0 2 4 5 30 3 16 19 12 0 2 8 5 31 3 0 2 8 5 30 3 6 2 8 0 2 8 0 2 7 0 2 3 0 2 8 0 2 7 4.63401195041590101e-05 65.8723351955413818

Current Evaluation = 1800(1800)
Front Size = 10
0 2 4 0 2 7 5 30 3 5 30 3 1 2 7 17 18 2 1 2 7 5 30 3 12 16 2 17 9 2 0 2 7 12 16 2 0 2 7 13 6 3 13 6 3 6 2 7 0 2 4 1 2 7 0 2 7 1 2 7 16 6 2 0 2 7 0 2 7 0 2 7 5 30 3 0 2 7 0 2 7 1 2 7 1 2 7 17 9 2 5 31 3 0 2 7 5 30 3 0 2 7 0 2 7 17 18 2 0 2 7 1 2 7 1 2 7 0 2 7 0 2 7 0 2 7 0 2 7 1 2 7 17 9 2 8 9 2 5 30 3 5 31 3 1 2 7 0 2 7 0 2 7 0 2 7 0 2 7 0 2 7 0 2 7 0 2 7 16 19 11 1 2 7 1 2 7 0 2 7 0 61.2756422162055969
16 19 12 5 30 3 0 2 3 8 18 2 1 2 8 0 2 7 0 2 7 16 6 2 5 30 3 1 2 8 16 19 11 5 30 3 0 2 3 0 2 8 0 2 8 0 2 3 0 2 8 12 16 2 5 30 3 0 2 3 0 2 8 5 30 3 16 19 11 0 2 8 5 30 3 5 30 3 0 2 3 12 16 2 16 19 11 0 2 8 5 30 3 0 2 12 8 18 2 1 2 3 1 2 3 0 2 3 0 2 8 0 2 3 0 2 6 0 2 8 0 2 3 0 2 8 5 30 3 0 2 3 0 2 8 0 2 8 16 6 2 0 2 7 0 2 8 0 2 8 17 9 2 0 2 8 0 2 11 8 9 2 0 2 3 1 2 8 0 2 3 0 2 8 0 2 8 6 2 8 0 67.6428663730621338
0 2 7 0 2 7 5 31 3 5 30 3 1 2 7 8 18 2 1 2 4 5 31 3 12 16 2 17 9 2 0 2 3 12 16 2 0 2 3 0 2 7 0 2 7 6 2 7 1 2 7 16 15 2 0 2 7 6 2 7 0 2 7 5 30 3 0 2 7 0 2 7 1 2 3 17 9 2 1 2 7 5 30 3 0 2 7 0 2 7 0 2 7 6 2 7 0 2 7 0 2 4 6 2 7 6 2 7 0 2 7 5 30 3 1 2 7 16 19 11 0 2 7 0 2 7 12 16 2 13 6 3 0 2 7 16 6 2 0 2 7 17 9 2 0 2 7 5 31 3 0 2 3 5 30 3 16 6 2 0 2 7 0 2 7 1 2 3 0 2 7 0 2 7 0 2 7 0 2 7 0 62.0967923998832703
16 19 11 5 30 3 17 18 2 0 2 3 0 2 7 1 2 3 16 6 2 6 2 7 5 31 3 0 2 7 1 2 7 0 2 3 12 16 2 5 30 3 0 2 3 5 30 3 0 2 3 0 2 7 8 9 2 1 2 7 0 2 4 0 2 7 5 30 3 1 2 11 0 2 7 12 16 2 0 2 7 1 2 7 0 2 3 8 9 2 1 2 7 1 2 7 0 2 3 0 2 7 0 2 7 0 2 3 0 2 7 0 2 11 0 2 7 0 2 7 0 2 7 1 2 11 0 2 4 1 2 7 1 2 3 1 2 7 17 18 2 5 30 3 0 2 11 1 2 7 0 2 4 17 9 2 17 9 2 0 2 7 0 2 7 1 2 7 13 6 3 0 2 7 16 6 2 1 2 12 0 62.256026566028595
16 19 12 5 30 3 0 2 7 0 2 7 16 6 2 5 30 3 12 16 2 12 16 2 0 2 7 17 9 2 8 9 2 0 2 3 1 2 4 1 2 4 5 31 3 0 2 7 5 30 3 0 2 3 0 2 8 0 2 8 1 2 4 0 2 8 5 30 3 0 2 3 0 2 8 5 30 3 1 2 7 0 2 8 6 2 3 5 30 3 1 2 7 16 19 11 0 2 8 5 30 3 5 31 3 8 18 2 0 2 7 0 2 7 12 16 2 0 2 8 0 2 3 0 2 7 1 2 7 0 2 4 0 2 7 5 30 3 0 2 4 1 2 7 0 2 7 16 6 2 16 15 2 0 2 8 0 2 8 0 2 7 0 2 7 1 2 8 0 2 3 0 2 8 0 2 8 0 2 7 0.0317471948953670507 65.2681399583816528
0 2 7 0 2 7 5 30 3 5 31 3 0 2 7 0 2 7 12 16 2 12 16 2 5 31 3 0 2 7 0 2 7 0 2 7 0 2 7 0 2 10 1 2 7 1 2 7 17 9 2 0 2 7 0 2 7 0 2 7 17 9 2 0 2 7 5 30 3 5 31 3 5 30 3 0 2 7 0 2 7 0 2 7 6 2 7 6 2 7 0 2 7 1 2 7 0 2 7 0 2 7 1 2 7 1 2 7 0 2 7 17 9 2 0 2 7 0 2 7 6 2 7 0 2 7 1 2 11 5 31 3 0 2 7 16 6 2 0 2 7 16 6 2 0 2 7 0 2 7 5 30 3 1 2 7 16 6 2 6 2 7 0 2 7 5 31 3 16 6 2 0 2 7 13 6 3 1 2 7 0 61.495659351348877
5 30 3 5 30 3 0 2 7 16 19 11 5 30 3 12 16 2 5 31 3 12 16 2 1 2 7 5 31 3 1 2 7 5 30 3 0 2 7 0 2 3 0 2 7 1 2 7 0 2 3 0 2 7 1 2 7 0 2 7 0 2 7 16 6 2 17 18 2 1 2 7 0 2 7 6 2 7 0 2 3 0 2 3 1 2 7 6 2 7 17 18 2 0 2 7 0 2 7 0 2 7 0 2 7 0 2 7 1 2 3 0 2 7 1 2 7 1 2 4 16 6 2 0 2 7 0 2 7 13 6 3 0 2 7 0 2 7 0 2 7 0 2 3 1 2 7 17 18 2 5 31 3 8 9 2 1 2 7 1 2 7 0 2 7 0 2 7 0 2 7 0 2 7 0 2 7 16 6 2 0 61.6656284332275391
5 31 3 17 18 2 0 2 7 0 2 7 0 2 7 1 2 7 0 2 4 0 2 7 12 16 2 5 31 3 17 9 2 0 2 7 1 2 7 5 30 3 0 2 7 0 2 7 0 2 7 0 2 7 0 2 10 0 2 7 12 16 2 0 2 7 12 16 2 0 2 7 0 2 7 0 2 4 12 16 2 0 2 7 1 2 7 1 2 11 17 9 2 5 30 3 1 2 7 1 2 4 1 2 7 8 18 2 0 2 7 1 2 7 1 2 4 1 2 4 16 6 2 8 9 2 1 2 7 5 31 3 5 30 3 16 18 11 0 2 4 0 2 7 0 2 11 16 19 11 0 2 7 0 2 7 1 2 4 16 6 2 0 2 7 0 2 7 1 2 7 0 2 7 0 2 7 0 2 7 0 62.1084083914756775
8 18 2 1 2 7 5 30 3 5 30 3 0 2 7 16 19 11 0 2 7 5 30 3 12 16 2 5 30 3 12 16 2 0 2 7 0 2 7 0 2 7 0 2 7 1 2 7 1 2 7 16 6 2 0 2 7 0 2 7 0 2 7 5 30 3 0 2 7 0 2 7 0 2 7 0 2 11 0 2 11 0 2 11 0 2 7 0 2 7 1 2 7 0 2 7 1 2 11 0 2 7 0 2 7 1 2 11 1 2 11 8 9 2 16 6 2 12 16 2 1 2 7 0 2 7 8 9 2 0 2 1 5 30 3 8 18 2 0 2 11 17 9 2 16 19 11 5 30 3 0 2 7 0 2 7 8 18 2 5 30 3 16 6 2 0 2 7 0 2 3 17 18 2 12 16 2 0 2 7 0 63.4712181091308594
5 30 3 5 30 3 0 2 7 16 19 11 5 30 3 12 16 2 5 30 3 12 16 2 1 2 7 5 30 3 0 2 11 5 31 3 0 2 7 0 2 7 0 2 7 5 30 3 0 2 4 16 30 2 0 2 7 0 2 7 1 2 11 0 2 7 0 2 7 8 9 2 17 9 2 1 2 3 0 2 11 0 2 3 1 2 7 1 2 11 0 2 10 0 2 4 0 2 7 1 2 11 17 9 2 0 2 7 0 2 7 1 2 7 0 2 7 1 2 7 0 2 7 1 2 7 0 2 7 1 2 11 5 30 3 1 2 7 16 6 2 0 2 7 17 9 2 0 2 7 17 18 2 13 6 3 0 2 7 0 2 7 0 2 3 0 2 7 0 2 7 6 2 11 15 2 11 0 2 7 0 62.5003832578659058

Current Evaluation = 2700(2700)
Front Size = 10
1 2 7 5 31 3 1 2 7 0 2 7 5 30 3 12 16 2 1 2 7 0 2 7 0 2 7 1 2 7 1 2 7 0 2 7 5 30 3 17 9 2 0 2 7 5 30 3 1 2 7 0 2 3 0 2 7 0 2 7 5 30 3 1 2 7 13 6 3 0 2 7 16 6 2 1 2 7 17 9 2 1 2 7 0 2 4 0 2 7 0 2 7 0 2 7 0 2 7 17 18 2 0 2 4 0 2 7 0 2 7 5 30 3 12 16 2 0 2 7 0 2 7 17 18 2 1 2 7 13 6 3 0 2 7 0 2 7 0 2 7 0 2 7 0 2 7 0 2 7 0 2 7 1 2 7 16 30 2 16 30 2 1 2 7 5 31 3 1 2 7 0 2 7 5 31 3 0 2 7 0 60.8059804439544678
16 19 11 17 18 2 17 18 2 0 2 7 16 15 2 5 31 3 0 2 1 0 2 7 12 16 2 5 30 3 5 30 3 0 2 4 8 9 2 1 2 7 0 2 4 0 2 7 1 2 7 1 2 7 12 16 2 0 2 7 1 2 7 1 2 7 0 2 7 1 2 7 0 2 7 0 2 7 0 2 4 0 2 7 1 2 7 0 2 4 0 2 4 0 2 7 1 2 4 6 2 4 0 2 7 17 9 2 17 9 2 0 2 7 0 2 4 1 2 7 8 9 2 1 2 7 0 2 7 0 2 7 0 2 7 0 2 11 8 18 2 5 31 3 17 9 2 12 16 2 1 2 4 0 2 7 1 2 4 1 2 7 0 2 7 5 30 3 0 2 7 0 2 7 0 2 7 1 2 7 0 61.8186356425285339
0 2 7 5 30 3 8 18 2 0 2 7 1 2 7 1 2 7 16 6 2 0 2 7 13 6 3 1 2 7 1 2 7 12 16 2 5 30 3 5 30 3 0 2 7 17 9 2 0 2 7 1 2 7 0 2 7 5 31 3 0 2 7 0 2 7 12 16 2 0 2 7 0 2 7 0 2 7 1 2 7 1 2 7 0 2 7 0 2 7 1 2 7 0 2 7 0 2 7 5 31 3 0 2 7 0 2 7 0 2 7 5 30 3 0 2 7 17 9 2 16 19 11 5 30 3 0 2 7 13 6 3 0 2 7 1 2 7 6 2 7 0 2 7 0 2 7 17 9 2 0 2 7 0 2 7 5 30 3 0 2 7 1 2 3 17 9 2 0 2 11 16 6 2 0 2 7 1 2 7 0 61.3820032477378845
16 19 12 5 30 3 0 2 3 8 18 2 1 2 8 0 2 7 0 2 7 16 6 2 5 30 3 1 2 8 16 19 11 5 30 3 0 2 3 0 2 8 0 2 8 0 2 3 0 2 8 12 16 2 5 30 3 0 2 3 0 2 8 5 30 3 16 19 11 0 2 8 5 30 3 5 30 3 0 2 3 12 16 2 16 19 11 0 2 8 5 30 3 0 2 12 8 18 2 1 2 3 1 2 3 0 2 3 0 2 8 0 2 3 0 2 6 0 2 8 0 2 3 0 2 8 5 30 3 0 2 3 0 2 8 0 2 8 16 6 2 0 2 7 0 2 8 0 2 8 17 9 2 0 2 8 0 2 11 8 9 2 0 2 3 1 2 8 0 2 3 0 2 8 0 2 8 6 2 8 0 67.6428663730621338
5 30 3 5 30 3 0 2 7 5 30 3 12 16 2 5 31 3 12 16 2 1 2 7 5 31 3 0 2 7 5 30 3 0 2 7 1 2 11 0 2 3 0 2 7 0 2 7 0 2 7 0 2 7 0 2 7 17 18 2 1 2 7 0 2 3 6 2 7 0 2 7 0 2 7 8 18 2 0 2 7 1 2 7 0 2 3 0 2 7 0 2 7 16 6 2 1 2 7 1 2 4 0 2 7 0 2 7 13 6 3 0 2 3 0 2 7 1 2 3 17 18 2 5 31 3 1 2 7 1 2 3 0 2 7 0 2 7 0 2 7 0 2 3 0 2 3 17 18 2 16 6 2 1 2 7 0 2 7 1 2 7 16 30 2 16 6 2 0 2 7 0 2 7 1 2 4 1 2 7 0 61.5677085518836975
16 19 11 1 2 7 16 15 2 5 31 3 13 6 3 12 16 2 5 30 3 5 30 3 0 2 7 1 2 4 0 2 7 1 2 7 1 2 7 12 16 2 0 2 3 0 2 7 0 2 7 1 2 3 0 2 3 0 2 7 0 2 3 1 2 7 1 2 7 17 9 2 17 9 2 1 2 7 1 2 7 0 2 7 0 2 7 8 18 2 5 30 3 17 9 2 12 16 2 0 2 3 1 2 7 5 30 3 0 2 7 0 2 4 0 2 7 1 2 7 17 18 2 0 2 7 8 9 2 0 2 4 0 2 7 1 2 7 0 2 7 0 2 7 0 2 7 0 2 3 0 2 4 0 2 7 16 30 2 1 2 3 0 2 4 0 2 7 0 2 7 0 2 7 1 2 7 1 2 7 0 61.5928515195846558
16 19 12 5 30 3 0 2 7 0 2 7 16 6 2 5 30 3 12 16 2 12 16 2 0 2 7 17 9 2 8 9 2 0 2 3 1 2 4 1 2 4 5 31 3 0 2 7 5 30 3 0 2 3 0 2 8 0 2 8 1 2 4 0 2 8 5 30 3 0 2 3 0 2 8 5 30 3 1 2 7 0 2 8 6 2 3 5 30 3 1 2 7 16 19 11 0 2 8 5 30 3 5 31 3 8 18 2 0 2 7 0 2 7 12 16 2 0 2 8 0 2 3 0 2 7 1 2 7 0 2 4 0 2 7 5 30 3 0 2 4 1 2 7 0 2 7 16 6 2 16 15 2 0 2 8 0 2 8 0 2 7 0 2 7 1 2 8 0 2 3 0 2 8 0 2 8 0 2 7 0.0317471948953670507 65.2681399583816528
17 18 2 17 1 2 0 2 7 5 31 3 0 2 7 12 16 2 5 30 3 5 30 3 1 2 7 0 2 7 0 2 4 1 2 7 12 16 2 0 2 7 6 2 7 12 16 2 1 2 7 16 24 2 0 2 7 0 2 4 0 2 7 0 2 7 1 2 10 0 2 7 0 2 7 0 2 7 1 2 7 0 2 7 1 2 7 0 2 7 17 18 2 5 31 3 6 2 7 5 31 3 0 2 7 5 30 3 0 2 7 0 2 7 0 2 7 1 2 11 16 6 2 0 2 7 0 2 7 0 2 4 0 2 7 16 31 2 0 2 7 1 2 7 0 2 7 5 30 3 0 2 7 1 2 7 8 9 2 6 2 4 0 2 7 0 2 7 12 16 2 1 2 7 17 18 2 0 2 7 0 61.6662424206733704
0 2 3 5 30 3 8 18 2 0 2 7 1 2 7 16 6 2 0 2 7 0 2 7 1 2 7 1 2 7 0 2 7 5 30 3 5 30 3 0 2 3 17 9 2 1 2 7 1 2 7 1 2 7 5 31 3 0 2 7 0 2 7 12 16 2 1 2 7 0 2 7 0 2 7 1 2 7 16 31 2 1 2 7 0 2 7 0 2 7 0 2 7 5 30 3 0 2 3 17 9 2 16 19 11 5 30 3 13 6 3 0 2 3 0 2 7 0 2 7 0 2 7 17 9 2 0 2 7 0 2 3 5 30 3 0 2 7 0 2 7 16 6 2 0 2 7 0 2 3 0 2 7 1 2 7 0 2 3 0 2 7 1 2 7 0 2 7 1 2 7 1 2 3 0 2 3 1 2 7 0 61.7495883703231812
0 2 7 0 2 7 5 31 3 5 30 3 1 2 7 8 18 2 1 2 4 5 31 3 12 16 2 17 9 2 0 2 3 12 16 2 0 2 3 0 2 7 0 2 7 6 2 7 1 2 7 16 15 2 0 2 7 6 2 7 0 2 7 5 30 3 0 2 7 0 2 7 1 2 3 17 9 2 1 2 7 5 30 3 0 2 7 0 2 7 0 2 7 6 2 7 0 2 7 0 2 4 6 2 7 6 2 7 0 2 7 5 30 3 1 2 7 16 19 11 0 2 7 0 2 7 12 16 2 13 6 3 0 2 7 16 6 2 0 2 7 17 9 2 0 2 7 5 31 3 0 2 3 5 30 3 16 6 2 0 2 7 0 2 7 1 2 3 0 2 7 0 2 7 0 2 7 0 2 7 0 62.0967923998832703

Current Evaluation = 3600(3600)
Front Size = 10
1 2 7 5 31 3 1 2 7 0 2 7 5 30 3 12 16 2 1 2 7 0 2 7 0 2 7 1 2 7 1 2 7 0 2 7 5 30 3 17 9 2 0 2 7 5 30 3 1 2 7 0 2 3 0 2 7 0 2 7 5 30 3 1 2 7 13 6 3 0 2 7 16 6 2 1 2 7 17 9 2 1 2 7 0 2 4 0 2 7 0 2 7 0 2 7 0 2 7 17 18 2 0 2 4 0 2 7 0 2 7 5 30 3 12 16 2 0 2 7 0 2 7 17 18 2 1 2 7 13 6 3 0 2 7 0 2 7 0 2 7 0 2 7 0 2 7 0 2 7 0 2 7 1 2 7 16 30 2 16 30 2 1 2 7 5 31 3 1 2 7 0 2 7 5 31 3 0 2 7 0 60.8059804439544678
0 2 7 5 31 3 0 2 7 1 2 7 16 6 2 0 2 7 0 2 7 0 2 7 1 2 7 0 2 11 5 31 3 5 30 3 1 2 7 1 2 11 6 2 7 1 2 7 5 31 3 1 2 7 0 2 7 12 16 2 0 2 7 0 2 7 0 2 7 13 6 3 0 2 4 0 2 7 0 2 7 0 2 7 16 6 2 0 2 4 0 2 4 0 2 7 6 2 7 1 2 4 0 2 7 1 2 3 12 16 2 0 2 7 17 18 2 0 2 7 0 2 7 5 30 3 0 2 7 5 31 3 0 2 7 1 2 7 17 18 2 6 2 7 0 2 7 1 2 11 1 2 4 0 2 4 17 18 2 1 2 4 1 2 4 0 2 7 17 9 2 17 9 2 1 2 7 0 2 7 0 60.9871806502342224
1 2 7 1 2 7 17 9 2 0 2 7 8 9 2 5 30 3 0 2 3 12 16 2 0 2 7 16 19 11 0 2 7 5 31 3 0 2 7 0 2 7 0 2 7 1 2 7 0 2 7 1 2 11 0 2 7 16 19 11 0 2 3 5 30 3 0 2 3 5 30 3 1 2 7 0 2 3 0 2 3 8 9 2 5 30 3 1 2 7 0 2 3 5 30 3 1 2 7 16 30 2 0 2 7 1 2 7 5 30 3 1 2 7 16 19 11 1 2 7 0 2 7 5 30 3 0 2 3 1 2 7 0 2 7 0 2 7 0 2 7 0 2 7 0 2 7 0 2 3 0 2 4 16 6 2 0 2 3 0 2 3 17 9 2 0 2 7 0 2 7 6 2 7 0 2 3 0 2 7 0 63.1803023219108582
0 2 7 5 30 3 8 18 2 0 2 7 1 2 7 1 2 7 16 6 2 0 2 7 13 6 3 1 2 7 1 2 7 12 16 2 5 30 3 5 30 3 0 2 7 17 9 2 0 2 7 1 2 7 0 2 7 5 31 3 0 2 7 0 2 7 12 16 2 0 2 7 0 2 7 0 2 7 1 2 7 1 2 7 0 2 7 0 2 7 1 2 7 0 2 7 0 2 7 5 31 3 0 2 7 0 2 7 0 2 7 5 30 3 0 2 7 17 9 2 16 19 11 5 30 3 0 2 7 13 6 3 0 2 7 1 2 7 6 2 7 0 2 7 0 2 7 17 9 2 0 2 7 0 2 7 5 30 3 0 2 7 1 2 3 17 9 2 0 2 11 16 6 2 0 2 7 1 2 7 0 61.3820032477378845
5 30 3 5 30 3 1 2 7 5 30 3 12 16 2 5 31 3 12 16 2 1 2 7 5 30 3 0 2 4 5 30 3 0 2 7 1 2 3 0 2 7 0 2 7 0 2 7 0 2 7 1 2 3 0 2 7 17 18 2 1 2 7 0 2 3 0 2 3 0 2 7 0 2 7 8 18 2 0 2 3 1 2 7 1 2 7 0 2 7 0 2 7 16 6 2 1 2 3 0 2 4 0 2 7 0 2 7 13 6 3 0 2 7 0 2 7 0 2 3 17 18 2 5 31 3 1 2 7 1 2 7 0 2 4 0 2 3 0 2 7 1 2 7 0 2 3 17 18 2 16 6 2 1 2 4 0 2 7 0 2 7 16 30 2 16 30 2 0 2 7 1 2 7 0 2 7 1 2 3 0 61.5161596536636353
5 30 3 5 30 3 0 2 7 5 30 3 12 16 2 5 31 3 12 16 2 0 2 7 5 31 3 0 2 7 5 30 3 0 2 7 1 2 3 0 2 7 6 2 10 1 2 3 0 2 7 1 2 7 0 2 7 17 18 2 0 2 3 0 2 7 1 2 11 0 2 7 0 2 7 5 31 3 0 2 7 1 2 7 0 2 7 0 2 7 0 2 4 16 6 2 1 2 7 1 2 7 0 2 7 0 2 7 13 6 3 0 2 7 0 2 7 1 2 7 17 18 2 5 31 3 0 2 7 1 2 7 0 2 7 0 2 7 0 2 7 0 2 3 0 2 7 17 18 2 16 6 2 0 2 7 0 2 7 1 2 4 16 30 2 16 6 2 0 2 7 0 2 7 6 2 7 1 2 7 0 61.5062224268913269
16 19 12 5 30 3 0 2 3 8 18 2 1 2 8 0 2 7 0 2 7 16 6 2 5 30 3 1 2 8 16 19 11 5 30 3 0 2 3 0 2 8 0 2 8 0 2 3 0 2 8 12 16 2 5 30 3 0 2 3 0 2 8 5 30 3 16 19 11 0 2 8 5 30 3 5 30 3 0 2 3 12 16 2 16 19 11 0 2 8 5 30 3 0 2 12 8 18 2 1 2 3 1 2 3 0 2 3 0 2 8 0 2 3 0 2 6 0 2 8 0 2 3 0 2 8 5 30 3 0 2 3 0 2 8 0 2 8 16 6 2 0 2 7 0 2 8 0 2 8 17 9 2 0 2 8 0 2 11 8 9 2 0 2 3 1 2 8 0 2 3 0 2 8 0 2 8 6 2 8 0 67.6428663730621338
0 2 7 5 30 3 12 16 2 0 2 7 0 2 7 5 30 3 17 9 2 5 30 3 0 2 3 5 30 3 16 6 2 5 30 3 12 16 2 6 2 8 5 31 3 0 2 8 5 30 3 1 2 7 1 2 7 0 2 7 0 2 3 1 2 7 0 2 3 0 2 8 16 19 11 13 6 3 1 2 8 1 2 7 17 9 2 1 2 7 0 2 4 0 2 3 0 2 3 0 2 3 0 2 8 1 2 3 0 2 8 0 2 8 0 2 11 0 2 3 0 2 7 1 2 8 16 6 2 1 2 8 0 2 7 0 2 8 0 2 3 0 2 8 0 2 7 0 2 8 0 2 7 1 2 7 16 19 11 16 30 2 0 2 8 5 31 3 1 2 7 0 2 7 5 31 3 0 2 7 0.000156901225886240466 64.6893550157546997
0 2 7 5 30 3 8 18 2 0 2 7 0 2 11 0 2 7 0 2 7 0 2 7 6 2 7 1 2 7 5 31 3 0 2 4 0 2 7 0 2 4 0 2 3 5 30 3 1 2 7 0 2 7 12 16 2 1 2 11 0 2 7 8 18 2 1 2 4 0 2 7 1 2 4 0 2 7 0 2 11 0 2 7 1 2 7 0 2 3 1 2 7 1 2 7 0 2 7 0 2 7 1 2 7 1 2 7 0 2 7 5 30 3 0 2 3 0 2 7 0 2 7 0 2 3 0 2 7 17 18 2 0 2 7 17 9 2 1 2 7 1 2 7 1 2 7 16 6 2 8 9 2 16 15 2 12 16 2 1 2 7 16 6 2 1 2 7 5 31 3 17 18 2 17 9 2 0 2 7 0 61.5548446774482727
0 2 3 0 2 3 8 9 2 0 2 3 12 16 2 5 30 3 1 2 7 12 16 2 0 2 7 16 6 2 5 31 3 5 30 3 0 2 7 0 2 7 1 2 3 0 2 7 0 2 7 17 9 2 0 2 7 16 19 11 0 2 7 5 30 3 0 2 7 5 30 3 5 30 3 1 2 7 0 2 7 8 9 2 5 30 3 16 6 2 0 2 7 0 2 7 0 2 7 0 2 7 0 2 7 16 19 11 0 2 7 0 2 7 0 2 3 0 2 7 0 2 3 0 2 7 0 2 7 16 19 11 0 2 7 1 2 3 0 2 3 0 2 7 0 2 7 0 2 7 0 2 7 1 2 7 5 31 3 1 2 7 16 6 2 0 2 7 1 2 3 0 2 7 1 2 7 1 2 7 0 63.2157281637191772

Current Evaluation = 4500(4500)
Front Size = 10
0 2 4 6 2 7 17 18 2 0 2 7 1 2 7 0 2 7 5 31 3 0 2 7 5 30 3 0 2 7 0 2 7 12 16 2 0 2 7 1 2 7 0 2 7 1 2 7 0 2 7 0 2 7 0 2 7 1 2 7 0 2 7 1 2 7 0 2 7 5 30 3 0 2 7 0 2 7 0 2 7 0 2 7 1 2 4 0 2 7 12 16 2 16 30 2 5 30 3 1 2 7 1 2 7 0 2 7 17 9 2 0 2 7 0 2 7 5 30 3 0 2 7 0 2 7 13 6 3 1 2 7 1 2 7 5 30 3 0 2 7 0 2 7 5 31 3 0 2 7 8 9 2 17 18 2 1 2 7 13 6 3 1 2 7 1 2 7 17 18 2 17 9 2 16 15 2 0 2 7 0 60.7559604048728943
0 2 11 5 30 3 0 2 7 1 2 4 1 2 7 1 2 4 5 31 3 0 2 4 5 30 3 1 2 7 0 2 7 12 16 2 0 2 7 1 2 7 0 2 7 0 2 11 0 2 4 1 2 7 0 2 7 0 2 7 1 2 4 1 2 7 1 2 7 12 16 2 0 2 7 0 2 7 0 2 10 0 2 7 17 18 2 0 2 7 8 9 2 12 16 2 0 2 7 0 2 7 0 2 4 17 9 2 0 2 7 8 18 2 0 2 4 0 2 7 0 2 4 16 31 2 1 2 10 0 2 4 0 2 7 5 30 3 0 2 4 1 2 11 5 30 3 0 2 11 17 18 2 1 2 7 0 2 7 1 2 7 1 2 7 17 18 2 1 2 11 16 19 11 1 2 7 17 9 2 0 61.8518205881118774
16 19 12 5 30 3 0 2 3 8 18 2 1 2 8 0 2 7 0 2 7 16 6 2 5 30 3 1 2 8 16 19 11 5 30 3 0 2 3 0 2 8 0 2 8 0 2 3 0 2 8 12 16 2 5 30 3 0 2 3 0 2 8 5 30 3 16 19 11 0 2 8 5 30 3 5 30 3 0 2 3 12 16 2 16 19 11 0 2 8 5 30 3 0 2 12 8 18 2 1 2 3 1 2 3 0 2 3 0 2 8 0 2 3 0 2 6 0 2 8 0 2 3 0 2 8 5 30 3 0 2 3 0 2 8 0 2 8 16 6 2 0 2 7 0 2 8 0 2 8 17 9 2 0 2 8 0 2 11 8 9 2 0 2 3 1 2 8 0 2 3 0 2 8 0 2 8 6 2 8 0 67.6428663730621338
5 30 3 5 30 3 1 2 7 5 30 3 12 16 2 5 31 3 12 16 2 1 2 7 5 30 3 0 2 4 5 30 3 0 2 7 1 2 3 0 2 7 0 2 7 0 2 7 0 2 7 1 2 3 0 2 7 17 18 2 1 2 7 0 2 3 0 2 3 0 2 7 0 2 7 8 18 2 0 2 3 1 2 7 1 2 7 0 2 7 0 2 7 16 6 2 1 2 3 0 2 4 0 2 7 0 2 7 13 6 3 0 2 7 0 2 7 0 2 3 17 18 2 5 31 3 1 2 7 1 2 7 0 2 4 0 2 3 0 2 7 1 2 7 0 2 3 17 18 2 16 6 2 1 2 4 0 2 7 0 2 7 16 30 2 16 30 2 0 2 7 1 2 7 0 2 7 1 2 3 0 61.5161596536636353
0 2 7 5 30 3 8 18 2 0 2 4 0 2 7 1 2 7 0 2 4 1 2 7 5 31 3 0 2 4 0 2 7 0 2 4 0 2 4 5 30 3 1 2 7 0 2 7 12 16 2 0 2 7 1 2 7 0 2 7 0 2 7 0 2 7 1 2 7 0 2 7 1 2 4 1 2 7 0 2 7 0 2 4 1 2 7 1 2 7 0 2 4 5 30 3 0 2 4 0 2 7 0 2 7 0 2 7 1 2 7 17 18 2 0 2 4 1 2 7 0 2 7 8 9 2 12 16 2 16 6 2 5 31 3 17 18 2 0 2 7 0 2 7 1 2 7 1 2 11 8 18 2 0 2 7 1 2 7 17 18 2 1 2 7 17 9 2 16 15 2 0 2 7 1 2 7 17 9 2 0 61.0631425380706787
0 2 3 5 30 3 1 2 4 0 2 4 1 2 7 0 2 7 1 2 4 5 31 3 0 2 7 0 2 7 0 2 7 5 30 3 1 2 7 0 2 7 12 16 2 0 2 4 1 2 7 0 2 7 1 2 7 1 2 3 1 2 7 0 2 7 1 2 3 1 2 7 0 2 7 1 2 7 0 2 7 0 2 7 0 2 7 17 18 2 0 2 7 12 16 2 1 2 4 5 31 3 17 18 2 0 2 7 1 2 7 1 2 7 0 2 7 17 18 2 17 9 2 0 2 3 17 9 2 0 2 7 1 2 4 0 2 7 0 2 7 0 2 7 0 2 7 0 2 3 1 2 3 0 2 7 1 2 3 8 9 2 1 2 7 1 2 7 0 2 7 13 6 3 16 30 2 1 2 7 0 60.9302217960357666
0 2 7 5 30 3 8 18 2 0 2 7 1 2 7 1 2 7 16 6 2 0 2 7 13 6 3 1 2 7 1 2 7 12 16 2 5 30 3 5 30 3 0 2 7 17 9 2 0 2 7 1 2 7 0 2 7 5 31 3 0 2 7 0 2 7 12 16 2 0 2 7 0 2 7 0 2 7 1 2 7 1 2 7 0 2 7 0 2 7 1 2 7 0 2 7 0 2 7 5 31 3 0 2 7 0 2 7 0 2 7 5 30 3 0 2 7 17 9 2 16 19 11 5 30 3 0 2 7 13 6 3 0 2 7 1 2 7 6 2 7 0 2 7 0 2 7 17 9 2 0 2 7 0 2 7 5 30 3 0 2 7 1 2 3 17 9 2 0 2 11 16 6 2 0 2 7 1 2 7 0 61.3820032477378845
1 2 3 5 30 3 16 30 2 0 2 3 5 30 3 12 16 2 0 2 7 0 2 7 1 2 7 0 2 7 1 2 7 0 2 7 5 30 3 17 9 2 0 2 7 5 30 3 0 2 7 0 2 3 0 2 7 0 2 3 5 30 3 1 2 7 16 30 2 0 2 7 0 2 7 0 2 7 0 2 7 1 2 7 0 2 7 5 30 3 12 16 2 0 2 7 0 2 7 0 2 7 1 2 7 0 2 7 0 2 7 0 2 7 1 2 3 0 2 4 5 31 3 0 2 3 0 2 7 1 2 7 13 6 3 0 2 7 16 19 11 0 2 7 0 2 7 16 31 2 0 2 3 17 18 2 1 2 7 16 19 11 1 2 7 0 2 7 12 16 2 1 2 7 8 9 2 5 30 3 0 62.3187882900238037
15 2 11 0 2 3 0 2 3 1 2 7 6 2 7 5 31 3 0 2 7 5 30 3 0 2 7 0 2 7 12 16 2 0 2 7 1 2 4 0 2 7 1 2 7 0 2 4 0 2 7 0 2 7 0 2 7 0 2 4 1 2 7 0 2 7 5 30 3 0 2 7 0 2 10 0 2 7 0 2 7 0 2 4 16 30 2 5 30 3 1 2 7 1 2 7 0 2 3 17 9 2 5 30 3 1 2 7 1 2 7 5 30 3 8 9 2 1 2 7 17 9 2 0 2 7 0 2 10 12 16 2 16 6 2 16 19 11 0 2 3 1 2 7 0 2 7 0 2 7 0 2 7 0 2 7 16 19 11 17 18 2 5 31 3 1 2 7 1 2 7 0 2 3 0 2 7 0 2 3 0 62.4805174469947815
17 18 2 5 30 3 0 2 7 8 18 2 1 2 7 0 2 7 0 2 7 16 6 2 5 31 3 0 2 4 0 2 11 5 31 3 1 2 7 0 2 7 1 2 3 0 2 7 0 2 7 12 16 2 5 31 3 0 2 7 1 2 7 5 30 3 16 19 11 1 2 7 5 30 3 16 19 11 0 2 4 12 16 2 16 19 11 1 2 7 5 30 3 6 2 7 17 18 2 0 2 3 0 2 10 0 2 7 0 2 7 0 2 7 0 2 7 12 16 2 0 2 7 0 2 7 5 30 3 0 2 10 0 2 7 0 2 7 16 24 2 0 2 7 0 2 3 0 2 3 6 2 7 0 2 7 0 2 7 0 2 7 0 2 7 0 2 7 1 2 7 0 2 7 0 2 7 1 2 7 0 63.2058123350143433

Current Evaluation = 5400(5400)
Front Size = 10
1 2 4 5 30 3 0 2 7 0 2 7 0 2 4 13 6 3 5 30 3 13 6 3 0 2 7 0 2 7 12 16 2 0 2 7 0 2 7 0 2 7 0 2 7 1 2 7 1 2 4 0 2 7 1 2 11 0 2 7 1 2 7 1 2 7 1 2 11 0 2 7 0 2 7 1 2 7 5 31 3 0 2 7 1 2 7 17 9 2 12 16 2 17 18 2 0 2 7 0 2 7 0 2 7 12 16 2 17 9 2 17 9 2 17 9 2 0 2 7 1 2 7 1 2 7 17 9 2 1 2 7 1 2 7 0 2 7 5 30 3 16 30 2 0 2 7 0 2 7 0 2 7 1 2 7 1 2 7 0 2 7 13 6 3 1 2 7 5 31 3 0 2 7 0 2 7 1 2 7 0 60.1593303680419922
16 19 12 5 30 3 0 2 3 8 18 2 1 2 8 0 2 7 0 2 7 16 6 2 5 30 3 1 2 8 16 19 11 5 30 3 0 2 3 0 2 8 0 2 8 0 2 3 0 2 8 12 16 2 5 30 3 0 2 3 0 2 8 5 30 3 16 19 11 0 2 8 5 30 3 5 30 3 0 2 3 12 16 2 16 19 11 0 2 8 5 30 3 0 2 12 8 18 2 1 2 3 1 2 3 0 2 3 0 2 8 0 2 3 0 2 6 0 2 8 0 2 3 0 2 8 5 30 3 0 2 3 0 2 8 0 2 8 16 6 2 0 2 7 0 2 8 0 2 8 17 9 2 0 2 8 0 2 11 8 9 2 0 2 3 1 2 8 0 2 3 0 2 8 0 2 8 6 2 8 0 67.6428663730621338
5 30 3 0 2 7 0 2 7 5 31 3 1 2 1 1 2 7 0 2 7 1 2 7 0 2 4 5 30 3 0 2 7 0 2 7 12 16 2 0 2 7 0 2 7 1 2 7 1 2 4 1 2 4 0 2 7 0 2 7 1 2 7 0 2 4 6 2 7 0 2 4 17 18 2 1 2 4 17 18 2 0 2 11 0 2 4 17 18 2 17 9 2 17 9 2 0 2 7 1 2 7 0 2 7 17 18 2 1 2 7 1 2 7 0 2 7 0 2 7 1 2 7 1 2 4 17 18 2 0 2 7 0 2 7 0 2 7 13 6 3 0 2 7 5 31 3 5 30 3 1 2 7 0 2 4 0 2 4 8 9 2 0 2 7 1 2 7 1 2 7 1 2 7 0 2 4 1 2 11 0 60.7507267594337463
5 30 3 0 2 7 1 2 7 1 2 7 5 31 3 0 2 7 0 2 7 0 2 7 5 30 3 0 2 4 0 2 7 12 16 2 6 2 7 0 2 7 0 2 7 1 2 7 0 2 7 0 2 7 1 2 7 0 2 4 1 2 4 0 2 7 17 18 2 1 2 7 12 16 2 5 31 3 17 18 2 1 2 7 1 2 7 17 18 2 17 9 2 17 9 2 0 2 7 0 2 7 6 2 7 0 2 4 1 2 7 1 2 7 1 2 7 0 2 7 0 2 7 1 2 7 0 2 7 0 2 3 0 2 7 13 6 3 1 2 7 0 2 7 1 2 7 0 2 7 0 2 7 17 9 2 13 6 3 0 2 7 5 31 3 0 2 7 6 2 7 0 2 7 16 15 2 1 2 7 0 60.3912466168403625
5 30 3 1 2 3 0 2 7 1 2 7 1 2 7 5 31 3 0 2 4 0 2 7 0 2 7 5 30 3 0 2 4 0 2 7 12 16 2 0 2 3 1 2 7 0 2 7 0 2 4 1 2 7 0 2 7 1 2 4 0 2 11 1 2 7 0 2 4 1 2 7 0 2 7 17 18 2 1 2 7 12 16 2 5 31 3 17 18 2 0 2 3 1 2 7 1 2 7 0 2 3 17 18 2 17 9 2 17 9 2 0 2 7 0 2 7 6 2 7 0 2 4 17 18 2 1 2 7 1 2 7 1 2 7 0 2 7 1 2 11 16 32 2 0 2 7 1 2 7 8 18 2 1 2 7 0 2 4 0 2 7 1 2 7 0 2 3 0 2 7 0 2 7 13 6 3 1 2 7 0 60.8736438155174255
0 2 7 5 30 3 8 18 2 0 2 7 1 2 7 1 2 7 16 6 2 0 2 7 13 6 3 1 2 7 1 2 7 12 16 2 5 30 3 5 30 3 0 2 7 17 9 2 0 2 7 1 2 7 0 2 7 5 31 3 0 2 7 0 2 7 12 16 2 0 2 7 0 2 7 0 2 7 1 2 7 1 2 7 0 2 7 0 2 7 1 2 7 0 2 7 0 2 7 5 31 3 0 2 7 0 2 7 0 2 7 5 30 3 0 2 7 17 9 2 16 19 11 5 30 3 0 2 7 13 6 3 0 2 7 1 2 7 6 2 7 0 2 7 0 2 7 17 9 2 0 2 7 0 2 7 5 30 3 0 2 7 1 2 3 17 9 2 0 2 11 16 6 2 0 2 7 1 2 7 0 61.3820032477378845
5 31 3 1 2 7 0 2 3 0 2 7 5 31 3 0 2 7 0 2 4 0 2 7 0 2 7 12 16 2 1 2 4 0 2 3 13 6 3 1 2 7 0 2 4 1 2 4 0 2 7 0 2 7 1 2 7 0 2 3 0 2 7 0 2 7 5 30 3 17 18 2 1 2 3 1 2 7 0 2 7 17 18 2 17 9 2 17 9 2 1 2 4 5 30 3 0 2 10 0 2 4 1 2 7 1 2 7 0 2 7 0 2 7 0 2 7 1 2 7 17 18 2 0 2 7 0 2 7 1 2 3 1 2 7 1 2 7 0 2 7 1 2 7 1 2 7 13 6 3 1 2 4 12 16 2 1 2 7 0 2 7 17 9 2 1 2 3 0 2 7 0 2 7 16 6 2 0 2 7 0 60.4521536827087402
0 2 7 5 30 3 0 2 7 0 2 7 0 2 7 1 2 7 5 30 3 0 2 3 5 31 3 1 2 3 1 2 7 0 2 7 1 2 7 0 2 7 0 2 7 0 2 7 1 2 7 0 2 7 0 2 3 1 2 7 1 2 7 0 2 7 1 2 7 1 2 4 0 2 7 1 2 7 1 2 7 0 2 7 17 18 2 0 2 7 12 16 2 8 18 2 0 2 7 0 2 4 17 9 2 0 2 7 0 2 7 0 2 7 0 2 7 0 2 7 0 2 7 5 30 3 5 31 3 1 2 7 12 16 2 12 16 2 0 2 3 1 2 4 0 2 7 16 6 2 8 18 2 8 18 2 16 19 11 1 2 4 0 2 7 0 2 3 16 6 2 16 15 2 17 9 2 0 2 7 0 61.8307124376296997
5 31 3 1 2 7 0 2 3 0 2 4 5 31 3 0 2 7 0 2 7 0 2 7 0 2 7 12 16 2 0 2 7 0 2 7 13 6 3 1 2 7 0 2 7 1 2 7 0 2 7 0 2 4 1 2 7 0 2 7 0 2 7 0 2 7 5 30 3 17 18 2 1 2 3 1 2 7 1 2 7 17 18 2 17 9 2 17 9 2 1 2 4 5 30 3 0 2 7 0 2 7 1 2 7 1 2 7 0 2 7 0 2 4 0 2 7 1 2 7 17 18 2 0 2 7 0 2 7 0 2 7 1 2 7 1 2 7 0 2 7 1 2 7 1 2 7 13 6 3 1 2 7 16 19 11 1 2 12 8 9 2 0 2 11 5 30 3 0 2 11 17 18 2 1 2 7 1 2 3 5.53620066293088127e-05 60.9323017597198486
5 30 3 0 2 7 0 2 7 0 2 7 5 31 3 0 2 4 0 2 4 0 2 7 1 2 7 0 2 7 12 16 2 0 2 7 0 2 7 0 2 7 0 2 7 1 2 4 0 2 4 1 2 7 1 2 4 1 2 4 0 2 7 1 2 7 0 2 7 17 18 2 1 2 4 12 16 2 5 31 3 17 18 2 0 2 7 1 2 7 1 2 7 0 2 7 17 18 2 17 9 2 17 9 2 1 2 7 0 2 7 0 2 4 0 2 7 1 2 7 1 2 7 5 31 3 0 2 7 1 2 7 0 2 4 0 2 4 0 2 7 0 2 3 0 2 7 13 6 3 1 2 7 5 30 3 12 16 2 16 30 2 8 18 2 1 2 7 16 6 2 1 2 7 0 2 7 1 2 7 0 60.5942536592483521

Current Evaluation = 6300(6300)
Front Size = 10
5 31 3 1 2 7 0 2 7 0 2 7 5 31 3 0 2 7 0 2 7 0 2 7 0 2 7 12 16 2 0 2 7 13 6 3 1 2 7 0 2 7 1 2 7 1 2 7 0 2 7 1 2 7 0 2 7 0 2 7 0 2 7 5 30 3 17 18 2 1 2 4 0 2 7 0 2 7 17 18 2 17 9 2 17 9 2 1 2 7 5 30 3 1 2 7 0 2 4 1 2 7 1 2 7 0 2 7 1 2 7 0 2 7 17 18 2 0 2 7 1 2 7 1 2 7 0 2 4 13 6 3 1 2 7 17 9 2 0 2 7 0 2 7 0 2 7 1 2 7 1 2 7 0 2 7 1 2 7 1 2 7 1 2 7 16 30 2 0 2 7 0 2 7 5 31 3 0 2 7 0 59.9859006404876709
5 30 3 0 2 7 0 2 7 1 2 7 5 31 3 0 2 4 0 2 7 1 2 7 5 31 3 1 2 4 0 2 7 12 16 2 1 2 7 0 2 4 1 2 4 1 2 7 0 2 4 1 2 7 0 2 4 1 2 7 0 2 7 1 2 7 0 2 4 17 1 2 1 2 7 5 30 3 17 18 2 1 2 7 1 2 7 17 18 2 17 9 2 8 18 2 0 2 7 1 2 4 0 2 7 0 2 7 17 18 2 0 2 7 0 2 4 1 2 7 0 2 7 0 2 4 0 2 7 0 2 7 1 2 7 12 16 2 0 2 7 13 6 3 17 18 2 0 2 7 12 16 2 0 2 7 1 2 7 0 2 7 1 2 4 17 9 2 0 2 7 0 2 7 0 2 7 1 2 7 0 60.4134426116943359
16 19 12 5 30 3 0 2 3 8 18 2 1 2 8 0 2 7 0 2 7 16 6 2 5 30 3 1 2 8 16 19 11 5 30 3 0 2 3 0 2 8 0 2 8 0 2 3 0 2 8 12 16 2 5 30 3 0 2 3 0 2 8 5 30 3 16 19 11 0 2 8 5 30 3 5 30 3 0 2 3 12 16 2 16 19 11 0 2 8 5 30 3 0 2 12 8 18 2 1 2 3 1 2 3 0 2 3 0 2 8 0 2 3 0 2 6 0 2 8 0 2 3 0 2 8 5 30 3 0 2 3 0 2 8 0 2 8 16 6 2 0 2 7 0 2 8 0 2 8 17 9 2 0 2 8 0 2 11 8 9 2 0 2 3 1 2 8 0 2 3 0 2 8 0 2 8 6 2 8 0 67.6428663730621338
5 31 3 1 2 7 0 2 7 0 2 7 5 30 3 0 2 3 1 2 3 0 2 7 0 2 7 12 16 2 0 2 7 0 2 7 15 2 11 0 2 7 0 2 7 0 2 7 16 6 2 0 2 7 0 2 4 0 2 3 5 30 3 17 18 2 0 2 7 1 2 10 0 2 7 17 18 2 17 9 2 5 30 3 0 2 3 1 2 7 1 2 3 0 2 3 1 2 4 0 2 7 0 2 7 5 30 3 0 2 7 6 2 3 0 2 7 0 2 7 1 2 4 12 16 2 1 2 7 0 2 7 6 2 7 13 6 3 0 2 3 17 9 2 0 2 7 6 2 4 0 2 7 1 2 7 5 30 3 16 6 2 0 2 4 1 2 3 1 2 7 0 2 7 5 31 3 1 2 7 0 61.9163675308227539
5 31 3 1 2 7 0 2 3 0 2 7 5 31 3 0 2 7 0 2 7 0 2 7 0 2 7 12 16 2 1 2 4 0 2 3 13 6 3 1 2 7 0 2 4 1 2 4 0 2 7 0 2 7 1 2 7 0 2 7 0 2 7 0 2 7 5 30 3 17 18 2 1 2 3 1 2 7 0 2 7 17 18 2 17 9 2 17 9 2 1 2 4 5 30 3 0 2 7 0 2 7 1 2 7 1 2 7 0 2 7 0 2 7 0 2 7 5 30 3 17 18 2 0 2 4 0 2 7 1 2 4 1 2 7 1 2 4 0 2 7 1 2 7 1 2 7 13 6 3 1 2 4 12 16 2 1 2 7 0 2 7 17 9 2 1 2 3 0 2 4 0 2 7 16 30 2 0 2 7 0 60.3839716911315918
1 2 4 5 30 3 0 2 7 0 2 7 0 2 4 13 6 3 5 30 3 13 6 3 0 2 7 0 2 7 12 16 2 0 2 7 0 2 7 0 2 7 0 2 7 1 2 7 1 2 4 0 2 7 1 2 11 0 2 7 1 2 7 1 2 7 1 2 11 0 2 7 0 2 7 1 2 7 5 31 3 0 2 7 1 2 7 17 9 2 12 16 2 17 18 2 0 2 7 0 2 7 0 2 7 12 16 2 17 9 2 17 9 2 17 9 2 0 2 7 1 2 7 1 2 7 17 9 2 1 2 7 1 2 7 0 2 7 5 30 3 16 30 2 0 2 7 0 2 7 0 2 7 1 2 7 1 2 7 0 2 7 13 6 3 1 2 7 5 31 3 0 2 7 0 2 7 1 2 7 0 60.1593303680419922
5 30 3 1 2 7 8 9 2 0 2 7 0 2 7 5 30 3 1 2 7 0 2 7 12 16 2 0 2 7 0 2 10 0 2 7 0 2 10 17 9 2 0 2 10 5 31 3 1 2 7 1 2 10 1 2 7 0 2 7 5 30 3 6 2 7 0 2 7 1 2 7 0 2 10 0 2 7 0 2 11 6 2 7 0 2 4 12 16 2 6 2 7 5 30 3 16 19 11 0 2 7 5 30 3 0 2 7 17 9 2 0 2 7 1 2 7 1 2 7 0 2 7 1 2 4 0 2 7 0 2 7 6 2 7 5 30 3 0 2 7 17 18 2 0 2 7 5 31 3 17 18 2 0 2 7 0 2 7 13 6 3 0 2 11 17 18 2 0 2 7 16 15 2 0 2 7 0 2 7 0 62.1786525249481201
0 2 7 5 30 3 8 18 2 0 2 7 1 2 7 1 2 7 16 6 2 0 2 7 13 6 3 1 2 7 1 2 7 12 16 2 5 30 3 5 30 3 0 2 7 17 9 2 0 2 7 1 2 7 0 2 7 5 31 3 0 2 7 0 2 7 12 16 2 0 2 7 0 2 7 0 2 7 1 2 7 1 2 7 0 2 7 0 2 7 1 2 7 0 2 7 0 2 7 5 31 3 0 2 7 0 2 7 0 2 7 5 30 3 0 2 7 17 9 2 16 19 11 5 30 3 0 2 7 13 6 3 0 2 7 1 2 7 6 2 7 0 2 7 0 2 7 17 9 2 0 2 7 0 2 7 5 30 3 0 2 7 1 2 3 17 9 2 0 2 11 16 6 2 0 2 7 1 2 7 0 61.3820032477378845
5 30 3 1 2 3 0 2 7 1 2 7 1 2 7 5 31 3 0 2 4 0 2 7 0 2 7 5 30 3 0 2 4 0 2 7 12 16 2 0 2 3 1 2 7 0 2 7 0 2 4 1 2 7 0 2 7 1 2 4 0 2 11 1 2 7 0 2 4 1 2 7 0 2 7 17 18 2 1 2 7 12 16 2 5 31 3 17 18 2 0 2 3 1 2 7 1 2 7 0 2 3 17 18 2 17 9 2 17 9 2 0 2 7 0 2 7 6 2 7 0 2 4 17 18 2 1 2 7 1 2 7 1 2 7 0 2 7 1 2 11 16 32 2 0 2 7 1 2 7 8 18 2 1 2 7 0 2 4 0 2 7 1 2 7 0 2 3 0 2 7 0 2 7 13 6 3 1 2 7 0 60.8736438155174255
5 30 3 1 2 7 0 2 7 1 2 7 0 2 7 5 31 3 0 2 7 0 2 7 0 2 7 5 30 3 0 2 4 0 2 7 12 16 2 6 2 7 1 2 7 0 2 7 1 2 4 0 2 7 1 2 7 1 2 11 1 2 7 6 2 4 17 18 2 12 16 2 5 31 3 1 2 7 0 2 7 0 2 7 17 9 2 17 9 2 0 2 7 0 2 7 0 2 4 0 2 7 0 2 7 0 2 7 0 2 11 0 2 7 0 2 7 13 6 3 0 2 7 8 9 2 5 30 3 1 2 7 0 2 7 0 2 7 17 18 2 0 2 7 5 30 3 16 6 2 1 2 7 1 2 7 0 2 7 6 2 7 1 2 7 17 18 2 5 31 3 0 2 7 0 2 7 1 2 4 0 61.3680935502052307

Current Evaluation = 7200(7200)
Front Size = 10
5 31 3 1 2 7 0 2 7 0 2 7 5 31 3 0 2 7 0 2 7 0 2 7 0 2 7 12 16 2 0 2 7 13 6 3 1 2 7 0 2 7 1 2 7 1 2 7 0 2 7 1 2 7 0 2 7 0 2 7 0 2 7 5 30 3 17 18 2 1 2 4 0 2 7 0 2 7 17 18 2 17 9 2 17 9 2 1 2 7 5 30 3 1 2 7 0 2 4 1 2 7 1 2 7 0 2 7 1 2 7 0 2 7 17 18 2 0 2 7 1 2 7 1 2 7 0 2 4 13 6 3 1 2 7 17 9 2 0 2 7 0 2 7 0 2 7 1 2 7 1 2 7 0 2 7 1 2 7 1 2 7 1 2 7 16 30 2 0 2 7 0 2 7 5 31 3 0 2 7 0 59.9859006404876709
5 31 3 1 2 3 1 2 11 0 2 7 5 30 3 12 16 2 0 2 7 0 2 4 12 16 2 8 9 2 0 2 4 15 2 11 0 2 7 0 2 11 1 2 7 0 2 7 1 2 7 1 2 7 17 9 2 13 6 3 6 2 7 1 2 4 6 2 4 1 2 7 1 2 7 0 2 11 0 2 7 17 18 2 0 2 4 0 2 7 5 30 3 17 18 2 0 2 7 5 31 3 17 18 2 0 2 7 0 2 7 0 2 7 0 2 7 5 30 3 0 2 7 0 2 7 0 2 7 1 2 7 0 2 7 0 2 7 0 2 4 0 2 3 12 16 2 1 2 7 1 2 4 1 2 3 1 2 7 16 15 2 17 18 2 0 2 7 1 2 7 16 6 2 0 2 7 0 2 7 0 61.3342746496200562
0 2 7 5 30 3 8 18 2 0 2 7 1 2 7 1 2 7 16 6 2 0 2 7 13 6 3 1 2 7 1 2 7 12 16 2 5 30 3 5 30 3 0 2 7 17 9 2 0 2 7 1 2 11 0 2 7 5 31 3 0 2 7 0 2 7 12 16 2 0 2 7 0 2 7 0 2 7 1 2 7 1 2 7 0 2 7 0 2 7 1 2 7 0 2 7 0 2 7 5 31 3 0 2 7 0 2 7 0 2 7 5 30 3 0 2 7 17 9 2 16 19 11 5 30 3 0 2 7 13 6 3 1 2 7 0 2 7 6 2 7 0 2 7 0 2 7 17 9 2 0 2 7 0 2 7 5 30 3 0 2 7 1 2 3 17 9 2 0 2 7 16 6 2 0 2 7 1 2 7 0 61.382003128528595
16 19 12 5 30 3 0 2 3 8 18 2 1 2 8 0 2 7 0 2 7 16 6 2 5 30 3 1 2 8 16 19 11 5 30 3 0 2 3 0 2 8 0 2 8 0 2 3 0 2 8 12 16 2 5 30 3 0 2 3 0 2 8 5 30 3 16 19 11 0 2 8 5 30 3 5 30 3 0 2 3 12 16 2 16 19 11 0 2 8 5 30 3 0 2 12 8 18 2 1 2 3 1 2 3 0 2 3 0 2 8 0 2 3 0 2 6 0 2 8 0 2 3 0 2 8 5 30 3 0 2 3 0 2 8 0 2 8 16 6 2 0 2 7 0 2 8 0 2 8 17 9 2 0 2 8 0 2 11 8 9 2 0 2 3 1 2 8 0 2 3 0 2 8 0 2 8 6 2 8 0 67.6428663730621338
17 9 2 0 2 7 0 2 7 1 2 7 1 2 7 5 31 3 0 2 7 0 2 4 0 2 7 5 30 3 0 2 7 0 2 7 12 16 2 1 2 7 1 2 7 0 2 7 0 2 4 1 2 7 0 2 7 1 2 7 0 2 4 1 2 7 0 2 4 17 18 2 0 2 7 5 31 3 17 18 2 1 2 7 1 2 4 17 18 2 17 9 2 17 9 2 0 2 4 1 2 4 1 2 4 0 2 7 1 2 7 1 2 7 0 2 7 1 2 7 0 2 7 0 2 7 13 6 3 1 2 4 1 2 7 0 2 3 1 2 4 0 2 7 1 2 7 0 2 4 1 2 4 17 9 2 0 2 4 0 2 7 5 31 3 6 2 7 0 2 4 0 2 7 0 2 4 1 2 7 0 60.0918058753013611
5 30 3 0 2 3 0 2 7 1 2 4 0 2 7 1 2 7 1 2 7 0 2 7 0 2 7 5 31 3 0 2 3 0 2 11 12 16 2 5 30 3 0 2 7 0 2 7 0 2 3 1 2 3 0 2 11 1 2 3 0 2 7 1 2 7 0 2 7 17 18 2 1 2 7 5 31 3 17 18 2 1 2 7 1 2 7 17 18 2 17 9 2 0 2 7 0 2 3 0 2 3 0 2 3 0 2 7 0 2 7 1 2 4 0 2 7 0 2 7 13 6 3 1 2 7 1 2 7 1 2 7 0 2 7 0 2 7 17 18 2 1 2 7 1 2 7 1 2 7 16 6 2 13 6 3 1 2 7 12 16 2 0 2 3 1 2 7 0 2 7 16 30 2 1 2 4 0 2 7 0 60.7381858825683594
5 30 3 1 2 7 0 2 7 1 2 7 1 2 7 5 31 3 0 2 7 0 2 7 0 2 7 5 30 3 0 2 7 0 2 7 12 16 2 0 2 7 1 2 7 0 2 4 0 2 4 1 2 7 0 2 7 1 2 3 0 2 3 1 2 7 0 2 7 1 2 7 0 2 7 17 18 2 1 2 4 12 16 2 5 31 3 17 18 2 0 2 3 1 2 11 1 2 7 0 2 7 17 18 2 17 9 2 17 9 2 0 2 4 0 2 7 6 2 7 0 2 4 17 18 2 1 2 3 1 2 11 1 2 4 0 2 7 1 2 7 16 32 2 0 2 7 1 2 7 8 18 2 1 2 7 0 2 4 0 2 7 1 2 7 0 2 3 0 2 7 0 2 7 13 6 3 1 2 7 0 60.873643696308136
5 30 3 0 2 11 1 2 7 0 2 11 5 30 3 12 16 2 0 2 7 0 2 4 1 2 7 0 2 7 1 2 7 1 2 7 17 9 2 13 6 3 0 2 7 1 2 7 1 2 7 0 2 7 1 2 7 5 31 3 0 2 7 5 30 3 0 2 4 0 2 7 0 2 7 0 2 7 5 30 3 0 2 7 0 2 7 1 2 11 0 2 7 0 2 7 1 2 7 0 2 7 1 2 7 0 2 7 0 2 4 0 2 7 1 2 7 0 2 7 17 9 2 0 2 7 0 2 7 17 18 2 17 18 2 0 2 7 1 2 7 13 6 3 1 2 7 0 2 7 5 30 3 16 6 2 5 30 3 1 2 4 1 2 4 17 18 2 0 2 3 0 2 10 8 9 2 17 9 2 0 60.9502664804458618
5 30 3 0 2 7 0 2 7 5 30 3 12 16 2 0 2 7 0 2 7 5 31 3 17 9 2 1 2 7 8 9 2 0 2 7 12 16 2 0 2 7 0 2 7 1 2 7 8 9 2 0 2 7 1 2 7 0 2 7 1 2 7 0 2 7 0 2 11 0 2 7 17 18 2 0 2 7 1 2 7 5 30 3 17 18 2 1 2 7 5 30 3 0 2 7 0 2 7 0 2 7 0 2 4 5 30 3 0 2 7 0 2 7 0 2 7 0 2 7 0 2 7 13 6 3 0 2 7 5 30 3 0 2 7 1 2 7 0 2 11 16 6 2 1 2 7 5 30 3 8 9 2 16 19 11 1 2 7 17 18 2 16 15 2 0 2 7 0 2 7 0 2 7 6 2 7 1 2 7 0 61.9433133006095886
17 9 2 0 2 4 0 2 7 1 2 7 1 2 7 5 30 3 1 2 7 0 2 7 5 30 3 0 2 7 0 2 7 12 16 2 1 2 3 0 2 7 0 2 7 0 2 7 0 2 7 1 2 7 1 2 7 1 2 7 5 31 3 1 2 7 17 9 2 17 9 2 0 2 4 0 2 7 0 2 7 1 2 7 0 2 7 13 6 3 0 2 7 17 9 2 1 2 7 0 2 7 0 2 7 1 2 7 1 2 7 13 6 3 0 2 11 0 2 11 17 18 2 1 2 4 0 2 7 0 2 7 0 2 7 5 30 3 5 30 3 0 2 7 0 2 7 0 2 7 0 2 11 16 30 2 0 2 11 1 2 7 0 2 7 0 2 7 5 30 3 5 30 3 5 30 3 16 31 2 0 61.0695426464080811

Current Evaluation = 8100(8100)
Front Size = 10
5 31 3 1 2 7 0 2 7 0 2 7 5 31 3 0 2 7 0 2 7 0 2 7 0 2 7 12 16 2 0 2 7 13 6 3 1 2 7 0 2 7 1 2 7 1 2 7 0 2 7 1 2 7 0 2 7 0 2 7 0 2 7 5 30 3 17 18 2 1 2 4 0 2 7 0 2 7 17 18 2 17 9 2 17 9 2 1 2 7 5 30 3 1 2 7 0 2 4 1 2 7 1 2 7 0 2 7 1 2 7 0 2 7 17 18 2 0 2 7 1 2 7 1 2 7 0 2 4 13 6 3 1 2 7 17 9 2 0 2 7 0 2 7 0 2 7 1 2 7 1 2 7 0 2 7 1 2 7 1 2 7 1 2 7 16 30 2 0 2 7 0 2 7 5 31 3 0 2 7 0 59.9859006404876709
5 30 3 0 2 7 1 2 7 0 2 7 1 2 4 0 2 7 1 2 4 0 2 3 1 2 7 5 30 3 0 2 4 12 16 2 5 30 3 0 2 7 0 2 7 0 2 7 1 2 7 0 2 3 0 2 7 17 18 2 0 2 7 5 31 3 17 18 2 0 2 7 1 2 7 17 18 2 17 9 2 13 6 3 0 2 7 0 2 7 0 2 7 0 2 7 13 6 3 0 2 7 1 2 7 0 2 7 0 2 3 17 18 2 12 16 2 0 2 7 1 2 4 0 2 7 0 2 7 0 2 7 1 2 4 0 2 4 1 2 7 1 2 4 17 18 2 5 30 3 1 2 4 1 2 7 1 2 7 1 2 7 1 2 7 0 2 4 0 2 7 1 2 3 1 2 7 16 31 2 0 60.3839715719223022
16 19 12 5 30 3 0 2 3 8 18 2 1 2 8 0 2 7 0 2 7 16 6 2 5 30 3 1 2 8 16 19 11 5 30 3 0 2 3 0 2 8 0 2 8 0 2 3 0 2 8 12 16 2 5 30 3 0 2 3 0 2 8 5 30 3 16 19 11 0 2 8 5 30 3 5 30 3 0 2 3 12 16 2 16 19 11 0 2 8 5 30 3 0 2 12 8 18 2 1 2 3 1 2 3 0 2 3 0 2 8 0 2 3 0 2 6 0 2 8 0 2 3 0 2 8 5 30 3 0 2 3 0 2 8 0 2 8 16 6 2 0 2 7 0 2 8 0 2 8 17 9 2 0 2 8 0 2 11 8 9 2 0 2 3 1 2 8 0 2 3 0 2 8 0 2 8 6 2 8 0 67.6428663730621338
17 9 2 0 2 7 0 2 7 1 2 7 1 2 7 5 31 3 0 2 7 0 2 4 0 2 7 5 30 3 0 2 7 0 2 7 12 16 2 1 2 7 1 2 7 0 2 7 0 2 4 1 2 7 0 2 7 1 2 7 0 2 4 1 2 7 0 2 4 17 18 2 0 2 7 5 31 3 17 18 2 1 2 7 1 2 4 17 18 2 17 9 2 17 9 2 0 2 4 1 2 4 1 2 4 0 2 7 1 2 7 1 2 7 0 2 7 1 2 7 0 2 7 0 2 7 13 6 3 1 2 4 1 2 7 0 2 3 1 2 4 0 2 7 1 2 7 0 2 4 1 2 4 17 9 2 0 2 4 0 2 7 5 31 3 6 2 7 0 2 4 0 2 7 0 2 4 1 2 7 0 60.0918058753013611
0 2 7 5 30 3 8 18 2 0 2 7 1 2 7 1 2 7 16 6 2 0 2 7 13 6 3 1 2 7 1 2 7 12 16 2 5 30 3 5 30 3 0 2 7 17 9 2 0 2 7 1 2 11 0 2 7 5 31 3 0 2 7 0 2 7 12 16 2 0 2 7 0 2 7 0 2 7 1 2 7 1 2 7 0 2 7 0 2 7 1 2 7 0 2 7 0 2 7 5 31 3 0 2 7 0 2 7 0 2 7 5 30 3 0 2 7 17 9 2 16 19 11 5 30 3 0 2 7 13 6 3 1 2 7 0 2 7 6 2 7 0 2 7 0 2 7 17 9 2 0 2 7 0 2 7 5 30 3 0 2 7 1 2 3 17 9 2 0 2 7 16 6 2 0 2 7 1 2 7 0 61.382003128528595
5 30 3 6 2 7 1 2 7 0 2 7 1 2 7 0 2 7 1 2 7 0 2 7 1 2 11 5 30 3 0 2 7 12 16 2 0 2 7 0 2 7 1 2 7 1 2 4 0 2 7 17 18 2 5 31 3 17 18 2 1 2 4 0 2 7 17 18 2 5 31 3 0 2 7 0 2 7 0 2 4 0 2 7 0 2 7 13 6 3 0 2 7 1 2 7 5 31 3 0 2 4 0 2 7 0 2 7 1 2 7 0 2 7 1 2 7 1 2 7 1 2 7 1 2 7 1 2 7 0 2 7 1 2 4 0 2 7 0 2 7 0 2 7 0 2 7 13 6 3 17 18 2 12 16 2 1 2 7 17 9 2 17 9 2 0 2 7 0 2 7 0 2 7 1 2 4 16 6 2 0 60.2555205225944519
5 30 3 0 2 7 0 2 11 0 2 7 12 16 2 0 2 7 17 9 2 16 19 11 8 18 2 0 2 7 16 6 2 0 2 7 0 2 11 0 2 7 5 30 3 1 2 7 0 2 4 5 31 3 17 18 2 0 2 3 1 2 7 1 2 11 5 30 3 0 2 11 16 19 11 0 2 7 5 30 3 0 2 7 1 2 7 12 16 2 17 9 2 1 2 7 5 30 3 0 2 7 8 18 2 0 2 3 1 2 4 0 2 7 0 2 7 0 2 7 0 2 3 0 2 7 0 2 7 0 2 3 5 30 3 0 2 7 0 2 7 1 2 7 16 6 2 0 2 7 1 2 7 1 2 4 0 2 7 8 9 2 0 2 4 1 2 7 0 2 7 1 2 7 0 2 11 1 2 7 0 62.7261354923248291
5 30 3 0 2 7 1 2 7 0 2 4 1 2 7 0 2 7 1 2 7 0 2 4 0 2 7 5 31 3 0 2 7 12 16 2 0 2 7 0 2 7 1 2 7 1 2 7 0 2 7 17 18 2 5 31 3 17 18 2 6 2 7 1 2 7 17 18 2 17 9 2 0 2 7 0 2 7 1 2 7 0 2 7 0 2 7 13 6 3 13 6 3 0 2 7 1 2 7 5 31 3 0 2 7 0 2 7 17 18 2 12 16 2 0 2 7 1 2 7 0 2 7 0 2 7 0 2 7 1 2 7 0 2 7 1 2 7 1 2 7 1 2 4 1 2 7 1 2 4 0 2 7 1 2 7 5 30 3 0 2 4 0 2 4 0 2 4 0 2 4 17 18 2 5 30 3 16 6 2 0 60.3771155476570129
5 30 3 0 2 3 0 2 7 0 2 7 12 16 2 0 2 7 17 9 2 0 2 7 17 9 2 1 2 8 1 2 7 5 30 3 0 2 7 16 19 11 0 2 4 0 2 7 17 9 2 0 2 8 0 2 3 1 2 7 5 30 3 1 2 4 0 2 8 5 30 3 0 2 7 0 2 8 5 31 3 5 30 3 1 2 4 0 2 7 16 19 11 5 31 3 1 2 4 5 31 3 0 2 4 1 2 3 1 2 3 0 2 3 0 2 8 1 2 7 1 2 7 17 18 2 1 2 7 0 2 7 1 2 4 1 2 7 0 2 8 0 2 4 13 6 3 0 2 8 0 2 8 0 2 8 0 2 11 8 9 2 0 2 3 1 2 8 6 2 7 17 18 2 0 2 8 6 2 8 0.00596631871507635053 64.1708022952079773
5 30 3 0 2 3 0 2 7 1 2 4 0 2 7 1 2 7 1 2 7 0 2 7 0 2 7 5 31 3 0 2 3 0 2 11 12 16 2 5 30 3 0 2 7 0 2 7 0 2 3 1 2 3 0 2 11 1 2 3 0 2 7 1 2 7 0 2 7 17 18 2 1 2 7 5 31 3 17 18 2 1 2 7 1 2 7 17 18 2 17 9 2 0 2 7 0 2 3 0 2 3 0 2 3 0 2 7 0 2 7 1 2 4 0 2 7 0 2 7 13 6 3 1 2 7 1 2 7 1 2 7 0 2 7 0 2 7 17 18 2 1 2 7 1 2 7 1 2 7 16 6 2 13 6 3 1 2 7 12 16 2 0 2 3 1 2 7 0 2 7 16 30 2 1 2 4 0 2 7 0 60.7381858825683594

Current Evaluation = 9000(9000)
Front Size = 10
17 9 2 0 2 7 0 2 7 1 2 7 1 2 3 5 31 3 0 2 7 0 2 3 0 2 7 5 30 3 0 2 7 0 2 7 12 16 2 1 2 7 1 2 7 0 2 7 0 2 7 1 2 7 0 2 7 1 2 7 1 2 7 17 18 2 0 2 7 5 31 3 17 18 2 1 2 7 1 2 4 17 18 2 17 9 2 17 9 2 0 2 7 1 2 7 1 2 7 0 2 7 1 2 7 1 2 7 0 2 7 13 6 3 0 2 7 0 2 4 1 2 7 0 2 7 5 31 3 0 2 7 1 2 7 0 2 7 0 2 7 0 2 7 1 2 7 13 6 3 1 2 7 16 6 2 1 2 7 0 2 7 1 2 7 1 2 7 0 2 7 0 2 7 0 2 7 0 2 4 0 59.9600826501846313
5 30 3 0 2 7 1 2 7 0 2 7 1 2 4 0 2 7 1 2 4 0 2 3 1 2 7 5 30 3 0 2 4 12 16 2 5 30 3 0 2 7 0 2 7 0 2 7 1 2 7 0 2 3 0 2 7 17 18 2 0 2 7 5 31 3 17 18 2 0 2 7 1 2 7 17 18 2 17 9 2 13 6 3 0 2 7 0 2 7 0 2 7 0 2 7 13 6 3 0 2 7 1 2 7 0 2 7 0 2 3 17 18 2 12 16 2 0 2 7 1 2 4 0 2 7 0 2 7 0 2 7 1 2 4 0 2 4 1 2 7 1 2 4 17 18 2 5 30 3 1 2 4 1 2 7 1 2 7 1 2 7 1 2 7 0 2 4 0 2 7 1 2 3 1 2 7 16 31 2 0 60.3839715719223022
0 2 7 5 30 3 8 18 2 0 2 7 1 2 7 1 2 7 16 6 2 0 2 7 13 6 3 1 2 7 1 2 7 12 16 2 5 30 3 5 30 3 0 2 7 17 9 2 0 2 7 1 2 11 0 2 7 5 31 3 0 2 7 0 2 7 12 16 2 0 2 7 0 2 7 0 2 7 1 2 7 1 2 7 0 2 7 0 2 7 1 2 7 0 2 7 0 2 7 5 31 3 0 2 7 0 2 7 0 2 7 5 30 3 0 2 7 17 9 2 16 19 11 5 30 3 0 2 7 13 6 3 1 2 7 0 2 7 6 2 7 0 2 7 0 2 7 17 9 2 0 2 7 0 2 7 5 30 3 0 2 7 1 2 3 17 9 2 0 2 7 16 6 2 0 2 7 1 2 7 0 61.382003128528595
17 9 2 0 2 7 0 2 7 1 2 7 1 2 7 5 31 3 0 2 7 0 2 4 0 2 7 5 30 3 0 2 7 0 2 7 12 16 2 1 2 7 1 2 7 0 2 7 0 2 4 1 2 7 0 2 7 1 2 7 0 2 4 1 2 7 0 2 4 17 18 2 0 2 7 5 31 3 17 18 2 1 2 7 1 2 4 17 18 2 17 9 2 17 9 2 0 2 4 1 2 4 1 2 4 0 2 7 1 2 7 1 2 7 0 2 7 1 2 7 0 2 7 0 2 7 13 6 3 1 2 4 1 2 7 0 2 3 1 2 4 0 2 7 1 2 7 0 2 4 1 2 4 17 9 2 0 2 4 0 2 7 5 31 3 6 2 7 0 2 4 0 2 7 0 2 4 1 2 7 0 60.0918058753013611
5 30 3 0 2 7 1 2 7 0 2 4 1 2 7 0 2 7 1 2 7 0 2 4 0 2 7 5 31 3 0 2 7 12 16 2 0 2 7 0 2 7 0 2 7 1 2 7 0 2 4 17 18 2 5 31 3 17 18 2 1 2 7 17 18 2 17 9 2 0 2 7 0 2 7 1 2 7 1 2 4 0 2 4 13 6 3 13 6 3 0 2 7 6 2 7 17 18 2 0 2 7 17 18 2 12 16 2 0 2 7 1 2 7 0 2 7 0 2 7 0 2 7 1 2 7 0 2 7 1 2 7 1 2 7 1 2 7 1 2 7 5 30 3 5 30 3 16 6 2 1 2 7 5 31 3 0 2 7 0 2 4 0 2 4 1 2 7 0 2 7 0 2 4 0 2 7 1 2 7 0 60.3771155476570129
5 30 3 0 2 7 1 2 7 0 2 7 0 2 7 1 2 7 0 2 7 0 2 7 12 16 2 0 2 7 0 2 7 0 2 3 1 2 7 0 2 7 17 18 2 0 2 7 5 31 3 17 18 2 17 9 2 0 2 7 0 2 7 0 2 7 0 2 7 0 2 7 13 6 3 0 2 7 1 2 7 1 2 7 0 2 7 0 2 7 1 2 7 1 2 4 16 6 2 13 6 3 1 2 4 0 2 7 0 2 7 0 2 7 0 2 7 0 2 7 1 2 7 1 2 7 17 18 2 0 2 7 0 2 7 0 2 7 5 31 3 17 9 2 1 2 7 5 30 3 1 2 4 16 31 2 1 2 4 12 16 2 5 30 3 1 2 7 5 30 3 0 2 7 1 2 7 1 2 7 0 60.4122064113616943
5 30 3 1 2 7 1 2 7 1 2 4 0 2 4 1 2 7 1 2 4 5 31 3 0 2 7 12 16 2 0 2 7 0 2 7 0 2 7 1 2 4 16 6 2 17 18 2 5 31 3 17 18 2 1 2 7 17 18 2 17 9 2 0 2 7 0 2 7 1 2 7 0 2 11 0 2 7 13 6 3 13 6 3 8 18 2 1 2 7 0 2 11 0 2 11 17 18 2 12 16 2 0 2 7 1 2 7 0 2 7 0 2 4 1 2 7 1 2 7 1 2 7 1 2 7 1 2 7 1 2 7 1 2 7 5 30 3 12 16 2 0 2 7 0 2 7 1 2 4 0 2 11 0 2 7 0 2 7 0 2 7 0 2 7 0 2 7 0 2 7 0 2 7 17 18 2 0 2 7 0 60.488156795501709
5 30 3 0 2 3 0 2 7 1 2 4 0 2 7 1 2 7 1 2 7 0 2 7 0 2 7 5 31 3 0 2 3 0 2 11 12 16 2 5 30 3 0 2 7 0 2 7 0 2 3 1 2 3 0 2 11 1 2 3 0 2 7 1 2 7 0 2 7 17 18 2 1 2 7 5 31 3 17 18 2 1 2 7 1 2 7 17 18 2 17 9 2 0 2 7 0 2 3 0 2 3 0 2 3 0 2 7 0 2 7 1 2 4 0 2 7 0 2 7 13 6 3 1 2 7 1 2 7 1 2 7 0 2 7 0 2 7 17 18 2 1 2 7 1 2 7 1 2 7 16 6 2 13 6 3 1 2 7 12 16 2 0 2 3 1 2 7 0 2 7 16 30 2 1 2 4 0 2 7 0 60.7381858825683594
5 30 3 0 2 7 0 2 7 1 2 7 0 2 7 0 2 7 0 2 7 12 16 2 1 2 7 1 2 7 0 2 7 0 2 3 0 2 7 0 2 7 17 9 2 0 2 7 0 2 7 1 2 7 13 6 3 1 2 7 1 2 7 0 2 7 0 2 4 0 2 4 1 2 7 1 2 7 1 2 4 1 2 7 0 2 7 1 2 7 0 2 7 5 31 3 0 2 7 5 31 3 16 31 2 17 18 2 1 2 7 17 18 2 17 9 2 0 2 7 5 30 3 5 30 3 0 2 7 16 15 2 0 2 7 6 2 7 0 2 7 0 2 7 0 2 7 17 18 2 6 2 7 1 2 7 1 2 7 0 2 7 0 2 7 5 30 3 0 2 7 1 2 7 0 2 7 8 18 2 0 60.7246265411376953
5 30 3 0 2 7 0 2 7 1 2 7 0 2 7 0 2 7 0 2 7 5 30 3 12 16 2 5 30 3 1 2 7 1 2 7 0 2 7 0 2 7 0 2 7 0 2 7 5 30 3 17 9 2 16 30 2 0 2 7 6 2 7 1 2 7 13 6 3 1 2 7 1 2 7 0 2 7 0 2 7 0 2 7 1 2 7 1 2 7 16 15 2 13 6 3 1 2 7 1 2 7 0 2 7 1 2 7 0 2 7 5 31 3 0 2 7 6 2 7 0 2 7 0 2 7 0 2 7 5 31 3 0 2 7 0 2 7 0 2 7 5 30 3 17 9 2 0 2 7 0 2 7 17 18 2 5 30 3 0 2 7 0 2 7 1 2 7 0 2 7 8 18 2 17 18 2 17 9 2 0 60.8150984048843384

Current Evaluation = 9900(9900)
Front Size = 10
17 9 2 0 2 7 0 2 7 1 2 7 1 2 3 5 31 3 0 2 7 0 2 3 0 2 7 5 30 3 0 2 7 0 2 7 12 16 2 1 2 7 1 2 7 0 2 7 0 2 7 1 2 7 0 2 7 1 2 7 1 2 7 17 18 2 0 2 7 5 31 3 17 18 2 1 2 7 1 2 4 17 18 2 17 9 2 17 9 2 0 2 7 1 2 7 1 2 7 0 2 7 1 2 7 1 2 7 0 2 7 13 6 3 0 2 7 0 2 4 1 2 7 0 2 7 5 31 3 0 2 7 1 2 7 0 2 7 0 2 7 0 2 7 1 2 7 13 6 3 1 2 7 16 6 2 1 2 7 0 2 7 1 2 7 1 2 7 0 2 7 0 2 7 0 2 7 0 2 4 0 59.9600826501846313
17 9 2 0 2 7 0 2 4 1 2 7 1 2 7 5 31 3 0 2 7 0 2 4 1 2 7 5 30 3 0 2 7 0 2 4 12 16 2 1 2 7 1 2 7 0 2 7 0 2 7 1 2 4 0 2 7 1 2 7 0 2 4 1 2 7 0 2 4 17 18 2 0 2 7 5 31 3 17 18 2 1 2 7 1 2 7 17 18 2 17 9 2 17 9 2 0 2 4 1 2 4 0 2 4 0 2 7 1 2 7 1 2 7 0 2 7 1 2 7 0 2 7 0 2 7 13 6 3 1 2 4 1 2 7 0 2 7 1 2 4 0 2 7 1 2 7 0 2 4 1 2 4 17 9 2 0 2 4 0 2 7 5 31 3 6 2 3 0 2 7 0 2 7 0 2 4 1 2 7 0 60.0918058156967163
5 30 3 0 2 4 1 2 7 0 2 4 0 2 4 1 2 7 5 31 3 0 2 7 12 16 2 0 2 7 0 2 7 0 2 7 0 2 7 17 18 2 0 2 7 5 31 3 17 18 2 17 9 2 0 2 4 0 2 4 0 2 7 1 2 4 0 2 7 13 6 3 1 2 4 1 2 7 1 2 7 0 2 7 0 2 7 6 2 7 1 2 7 16 6 2 13 6 3 1 2 7 0 2 7 0 2 7 1 2 7 1 2 7 17 18 2 5 31 3 1 2 7 5 30 3 1 2 7 0 2 7 12 16 2 1 2 7 1 2 7 1 2 7 0 2 7 0 2 7 0 2 4 17 18 2 17 18 2 0 2 7 0 2 7 0 2 7 0 2 7 0 2 7 5 30 3 1 2 7 0 60.3771155476570129
5 30 3 0 2 7 1 2 7 0 2 7 1 2 4 0 2 7 1 2 4 0 2 3 1 2 7 5 30 3 0 2 4 12 16 2 5 30 3 0 2 7 0 2 7 0 2 7 1 2 7 0 2 3 0 2 7 17 18 2 0 2 7 5 31 3 17 18 2 0 2 7 1 2 7 17 18 2 17 9 2 13 6 3 0 2 7 0 2 7 0 2 7 0 2 7 13 6 3 0 2 7 1 2 7 0 2 7 0 2 3 17 18 2 12 16 2 0 2 7 1 2 4 0 2 7 0 2 7 0 2 7 1 2 4 0 2 4 1 2 7 1 2 4 17 18 2 5 30 3 1 2 4 1 2 7 1 2 7 1 2 7 1 2 7 0 2 4 0 2 7 1 2 3 1 2 7 16 31 2 0 60.3839715719223022
5 30 3 0 2 7 1 2 7 0 2 7 0 2 7 1 2 7 0 2 7 0 2 7 12 16 2 0 2 7 0 2 7 0 2 3 1 2 7 0 2 7 17 18 2 0 2 7 5 31 3 17 18 2 17 9 2 0 2 7 0 2 7 0 2 7 0 2 7 0 2 7 13 6 3 0 2 7 1 2 7 1 2 7 0 2 7 0 2 7 1 2 7 1 2 4 16 6 2 13 6 3 1 2 4 0 2 7 0 2 7 0 2 7 0 2 7 0 2 7 1 2 7 1 2 7 17 18 2 0 2 7 0 2 7 0 2 7 5 31 3 17 9 2 1 2 7 5 30 3 1 2 4 16 31 2 1 2 4 12 16 2 5 30 3 1 2 7 5 30 3 0 2 7 1 2 7 1 2 7 0 60.4122064113616943
5 30 3 1 2 3 1 2 11 5 31 3 0 2 7 12 16 2 0 2 4 0 2 7 0 2 7 0 2 7 17 18 2 0 2 7 5 31 3 17 18 2 17 9 2 1 2 7 1 2 7 0 2 7 13 6 3 1 2 3 1 2 11 1 2 7 1 2 7 0 2 3 1 2 3 16 6 2 13 6 3 1 2 7 0 2 7 0 2 7 1 2 7 1 2 7 17 18 2 1 2 3 5 30 3 1 2 7 0 2 7 12 16 2 1 2 7 1 2 3 1 2 7 0 2 7 0 2 4 17 18 2 0 2 3 0 2 7 1 2 7 0 2 7 1 2 7 0 2 7 0 2 7 0 2 7 16 30 2 0 2 3 0 2 7 0 2 3 0 2 4 0 2 7 0 2 7 0 2 7 0 60.7381856441497803
5 30 3 0 2 3 0 2 7 1 2 4 0 2 7 1 2 7 1 2 7 0 2 7 0 2 7 5 31 3 0 2 3 0 2 11 12 16 2 5 30 3 0 2 7 0 2 7 0 2 3 1 2 3 0 2 11 1 2 3 0 2 7 1 2 7 0 2 7 17 18 2 1 2 7 5 31 3 17 18 2 1 2 7 1 2 7 17 18 2 17 9 2 0 2 7 0 2 3 0 2 3 0 2 3 0 2 7 0 2 7 1 2 4 0 2 7 0 2 7 13 6 3 1 2 7 1 2 7 1 2 7 0 2 7 0 2 7 17 18 2 1 2 7 1 2 7 1 2 7 16 6 2 13 6 3 1 2 7 12 16 2 0 2 3 1 2 7 0 2 7 16 30 2 1 2 4 0 2 7 0 60.7381858825683594
5 30 3 0 2 7 1 2 7 0 2 7 0 2 7 1 2 7 0 2 7 0 2 7 12 16 2 0 2 7 0 2 7 0 2 11 1 2 7 0 2 7 17 18 2 0 2 7 5 31 3 17 18 2 17 9 2 0 2 7 0 2 7 0 2 7 0 2 7 0 2 7 13 6 3 0 2 7 1 2 7 1 2 7 0 2 7 1 2 7 1 2 4 16 30 2 13 6 3 1 2 7 0 2 4 0 2 7 1 2 7 1 2 7 17 18 2 5 31 3 1 2 7 5 30 3 12 16 2 1 2 11 1 2 7 1 2 7 17 18 2 1 2 7 0 2 4 17 9 2 5 30 3 12 16 2 0 2 7 0 2 7 13 6 3 0 2 7 1 2 7 1 2 7 0 2 7 0 2 7 0 60.1593304872512817
17 9 2 0 2 7 0 2 7 1 2 7 0 2 3 5 31 3 0 2 7 0 2 4 1 2 7 5 30 3 0 2 7 5 30 3 1 2 7 1 2 4 0 2 4 0 2 7 1 2 7 0 2 7 1 2 7 1 2 7 17 18 2 0 2 7 5 30 3 17 18 2 1 2 7 1 2 3 17 18 2 17 9 2 17 9 2 0 2 7 1 2 4 1 2 7 0 2 7 1 2 7 0 2 4 1 2 4 13 6 3 1 2 7 0 2 7 0 2 7 1 2 7 0 2 7 5 31 3 0 2 7 0 2 7 1 2 4 0 2 7 13 6 3 1 2 7 0 2 7 1 2 7 0 2 7 0 2 7 1 2 7 0 2 7 0 2 7 17 9 2 0 2 7 1 2 7 0 2 7 0 60.0264396667480469
5 30 3 0 2 7 0 2 7 1 2 7 0 2 7 0 2 7 0 2 7 12 16 2 1 2 7 1 2 7 0 2 7 0 2 3 0 2 7 0 2 7 17 9 2 0 2 7 0 2 7 1 2 7 13 6 3 1 2 7 1 2 7 0 2 7 0 2 4 0 2 4 1 2 7 1 2 7 1 2 4 1 2 7 0 2 7 1 2 7 0 2 7 5 31 3 0 2 7 5 31 3 16 31 2 17 18 2 1 2 7 17 18 2 17 9 2 0 2 7 5 30 3 5 30 3 0 2 7 16 15 2 0 2 7 6 2 7 0 2 7 0 2 7 0 2 7 17 18 2 6 2 7 1 2 7 1 2 7 0 2 7 0 2 7 5 30 3 0 2 7 1 2 7 0 2 7 8 18 2 0 60.7246265411376953

Current Evaluation = 10800(10800)
Front Size = 10
17 9 2 0 2 7 0 2 7 1 2 7 1 2 3 5 31 3 0 2 7 0 2 3 0 2 7 5 30 3 0 2 7 0 2 7 12 16 2 1 2 7 1 2 7 0 2 7 0 2 7 1 2 7 0 2 7 1 2 7 1 2 7 17 18 2 0 2 7 5 31 3 17 18 2 1 2 7 1 2 4 17 18 2 17 9 2 17 9 2 0 2 7 1 2 7 1 2 7 0 2 7 1 2 7 1 2 7 0 2 7 13 6 3 0 2 7 0 2 4 1 2 7 0 2 7 5 31 3 0 2 7 1 2 7 0 2 7 0 2 7 0 2 7 1 2 7 13 6 3 1 2 7 16 6 2 1 2 7 0 2 7 1 2 7 1 2 7 0 2 7 0 2 7 0 2 7 0 2 4 0 59.9600826501846313
17 9 2 0 2 7 0 2 4 1 2 7 1 2 7 5 31 3 0 2 7 0 2 4 1 2 7 5 30 3 0 2 7 0 2 4 12 16 2 1 2 7 1 2 7 0 2 7 0 2 7 1 2 4 0 2 7 1 2 7 0 2 4 1 2 7 0 2 4 17 18 2 0 2 7 5 31 3 17 18 2 1 2 7 1 2 7 17 18 2 17 9 2 17 9 2 0 2 4 1 2 4 0 2 4 0 2 7 1 2 7 1 2 7 0 2 7 1 2 7 0 2 7 0 2 7 13 6 3 1 2 4 1 2 7 0 2 7 1 2 4 0 2 7 1 2 7 0 2 4 1 2 4 17 9 2 0 2 4 0 2 7 5 31 3 6 2 3 0 2 7 0 2 7 0 2 4 1 2 7 0 60.0918058156967163
5 30 3 1 2 3 1 2 11 5 31 3 0 2 7 12 16 2 0 2 4 0 2 7 0 2 7 0 2 7 17 18 2 0 2 7 5 31 3 17 18 2 17 9 2 1 2 7 1 2 7 0 2 7 13 6 3 1 2 3 1 2 11 1 2 7 1 2 7 0 2 3 1 2 3 16 6 2 13 6 3 1 2 7 0 2 7 0 2 7 1 2 7 1 2 7 17 18 2 1 2 3 5 30 3 1 2 7 0 2 7 12 16 2 1 2 7 1 2 3 1 2 7 0 2 7 0 2 4 17 18 2 0 2 3 0 2 7 1 2 7 0 2 7 1 2 7 0 2 7 0 2 7 0 2 7 16 30 2 0 2 3 0 2 7 0 2 3 0 2 4 0 2 7 0 2 7 0 2 7 0 60.7381856441497803
5 30 3 0 2 4 1 2 7 0 2 4 0 2 4 1 2 7 5 31 3 0 2 7 12 16 2 0 2 7 0 2 7 0 2 7 0 2 7 17 18 2 0 2 7 5 31 3 17 18 2 17 9 2 0 2 4 0 2 4 0 2 7 1 2 4 0 2 7 13 6 3 1 2 4 1 2 7 1 2 7 0 2 7 0 2 7 6 2 7 1 2 7 16 6 2 13 6 3 1 2 7 0 2 7 0 2 7 1 2 7 1 2 7 17 18 2 5 31 3 1 2 7 5 30 3 1 2 7 0 2 7 12 16 2 1 2 7 1 2 7 1 2 7 0 2 7 0 2 7 0 2 4 17 18 2 17 18 2 0 2 7 0 2 7 0 2 7 0 2 7 0 2 7 5 30 3 1 2 7 0 60.3771155476570129
5 30 3 0 2 7 1 2 7 0 2 7 0 2 7 1 2 7 0 2 7 0 2 7 12 16 2 0 2 7 0 2 7 0 2 11 1 2 7 0 2 7 17 18 2 0 2 7 5 31 3 17 18 2 17 9 2 0 2 7 0 2 7 0 2 7 0 2 7 0 2 7 13 6 3 0 2 7 1 2 7 1 2 7 0 2 7 1 2 7 1 2 4 16 30 2 13 6 3 1 2 7 0 2 4 0 2 7 1 2 7 1 2 7 17 18 2 5 31 3 1 2 7 5 30 3 12 16 2 1 2 11 1 2 7 1 2 7 17 18 2 1 2 7 0 2 4 17 9 2 5 30 3 12 16 2 0 2 7 0 2 7 13 6 3 0 2 7 1 2 7 1 2 7 0 2 7 0 2 7 0 60.1593304872512817
17 9 2 0 2 7 0 2 7 1 2 7 0 2 3 5 31 3 0 2 7 0 2 4 1 2 7 5 30 3 0 2 7 5 30 3 1 2 7 1 2 4 0 2 4 0 2 7 1 2 7 0 2 7 1 2 7 1 2 7 17 18 2 0 2 7 5 30 3 17 18 2 1 2 7 1 2 3 17 18 2 17 9 2 17 9 2 0 2 7 1 2 4 1 2 7 0 2 7 1 2 7 0 2 4 1 2 4 13 6 3 1 2 7 0 2 7 0 2 7 1 2 7 0 2 7 5 31 3 0 2 7 0 2 7 1 2 4 0 2 7 13 6 3 1 2 7 0 2 7 1 2 7 0 2 7 0 2 7 1 2 7 0 2 7 0 2 7 17 9 2 0 2 7 1 2 7 0 2 7 0 60.0264396667480469
5 30 3 0 2 7 1 2 7 0 2 7 0 2 7 1 2 7 5 31 3 0 2 7 0 2 7 0 2 7 1 2 7 0 2 7 17 18 2 0 2 7 5 31 3 17 18 2 17 9 2 0 2 7 1 2 7 0 2 7 13 6 3 0 2 7 1 2 7 1 2 7 0 2 7 0 2 7 1 2 7 13 6 3 1 2 7 0 2 7 0 2 7 1 2 7 1 2 7 17 18 2 1 2 3 5 30 3 1 2 7 0 2 7 0 2 7 0 2 7 0 2 7 0 2 7 1 2 7 0 2 7 0 2 7 0 2 7 0 2 7 0 2 7 5 30 3 1 2 7 0 2 11 1 2 7 1 2 7 1 2 7 16 6 2 5 31 3 12 16 2 17 9 2 16 30 2 0 2 7 0 60.373456597328186
5 30 3 0 2 7 0 2 7 1 2 7 0 2 7 0 2 7 0 2 7 12 16 2 1 2 7 1 2 7 0 2 7 0 2 3 0 2 7 0 2 7 17 9 2 0 2 7 0 2 7 1 2 7 13 6 3 1 2 7 1 2 7 0 2 7 0 2 4 0 2 4 1 2 7 1 2 7 1 2 4 1 2 7 0 2 7 1 2 7 0 2 7 5 31 3 0 2 7 5 31 3 16 31 2 17 18 2 1 2 7 17 18 2 17 9 2 0 2 7 5 30 3 5 30 3 0 2 7 16 15 2 0 2 7 6 2 7 0 2 7 0 2 7 0 2 7 17 18 2 6 2 7 1 2 7 1 2 7 0 2 7 0 2 7 5 30 3 0 2 7 1 2 7 0 2 7 8 18 2 0 60.7246265411376953
5 30 3 0 2 7 1 2 7 0 2 7 0 2 4 1 2 7 5 31 3 0 2 7 0 2 7 0 2 7 1 2 7 0 2 7 17 18 2 0 2 7 5 31 3 17 18 2 17 9 2 0 2 7 1 2 3 0 2 7 13 6 3 0 2 7 1 2 3 1 2 7 0 2 7 0 2 7 1 2 7 13 6 3 1 2 4 0 2 7 0 2 7 1 2 7 1 2 7 17 18 2 1 2 7 5 30 3 1 2 7 0 2 7 0 2 7 0 2 7 0 2 7 0 2 7 1 2 4 0 2 7 0 2 7 5 30 3 1 2 7 1 2 7 1 2 7 17 9 2 0 2 7 0 2 7 0 2 7 15 2 11 17 9 2 16 6 2 0 2 4 12 16 2 1 2 7 1 2 7 0 60.2517955303192139
5 30 3 0 2 7 1 2 7 0 2 7 0 2 7 1 2 7 0 2 7 0 2 7 12 16 2 0 2 7 0 2 7 0 2 3 1 2 7 0 2 7 17 18 2 0 2 7 5 31 3 17 18 2 17 9 2 0 2 7 0 2 7 0 2 7 0 2 7 0 2 7 13 6 3 0 2 7 1 2 7 1 2 7 0 2 7 0 2 7 1 2 7 1 2 4 16 6 2 13 6 3 1 2 4 0 2 7 0 2 7 0 2 7 0 2 7 0 2 7 1 2 7 1 2 7 17 18 2 0 2 7 0 2 7 0 2 7 5 31 3 17 9 2 1 2 7 5 30 3 1 2 4 16 31 2 1 2 4 12 16 2 5 30 3 1 2 7 5 30 3 0 2 7 1 2 7 1 2 7 0 60.4122064113616943

Current Evaluation = 11700(11700)
Front Size = 10
17 9 2 0 2 7 0 2 7 1 2 7 1 2 7 5 31 3 0 2 4 0 2 7 5 30 3 0 2 7 0 2 7 12 16 2 1 2 7 1 2 7 0 2 7 0 2 7 1 2 7 0 2 7 1 2 7 1 2 7 17 18 2 0 2 7 5 31 3 17 18 2 1 2 7 1 2 3 17 18 2 0 2 7 1 2 7 1 2 7 0 2 7 1 2 7 1 2 7 0 2 7 13 6 3 0 2 7 0 2 4 1 2 7 0 2 7 0 2 7 1 2 7 0 2 7 0 2 7 0 2 7 13 6 3 16 6 2 0 2 7 0 2 3 0 2 7 17 9 2 5 31 3 1 2 7 1 2 7 0 2 7 0 2 7 0 2 4 17 18 2 1 2 7 1 2 7 1 2 7 0 59.9600826501846313
17 9 2 0 2 7 0 2 4 1 2 7 1 2 7 5 31 3 0 2 7 0 2 4 1 2 7 5 30 3 0 2 7 0 2 4 12 16 2 1 2 7 1 2 7 0 2 7 0 2 7 1 2 4 0 2 7 1 2 7 0 2 4 1 2 7 0 2 4 17 18 2 0 2 7 5 31 3 17 18 2 1 2 7 1 2 7 17 18 2 17 9 2 17 9 2 0 2 4 1 2 4 0 2 4 0 2 7 1 2 7 1 2 7 0 2 7 1 2 7 0 2 7 0 2 7 13 6 3 1 2 4 1 2 7 0 2 7 1 2 4 0 2 7 1 2 7 0 2 4 1 2 4 17 9 2 0 2 4 0 2 7 5 31 3 6 2 3 0 2 7 0 2 7 0 2 4 1 2 7 0 60.0918058156967163
17 9 2 0 2 4 0 2 7 1 2 7 0 2 7 5 30 3 0 2 7 0 2 7 0 2 7 5 31 3 0 2 7 12 16 2 0 2 3 0 2 7 0 2 3 5 31 3 0 2 7 1 2 4 1 2 7 17 18 2 0 2 7 5 30 3 17 18 2 1 2 7 6 2 3 17 18 2 0 2 7 0 2 3 1 2 7 0 2 7 16 30 2 0 2 7 0 2 7 13 6 3 1 2 7 1 2 4 0 2 3 0 2 7 0 2 7 0 2 7 0 2 7 5 30 3 1 2 7 0 2 4 16 9 11 1 2 7 1 2 7 0 2 7 1 2 7 5 31 3 5 30 3 0 2 10 0 2 7 12 16 2 0 2 7 1 2 7 1 2 7 1 2 4 0 2 7 16 6 2 0 61.5133115649223328
5 30 3 1 2 3 1 2 11 5 31 3 0 2 7 12 16 2 0 2 4 0 2 7 0 2 7 0 2 7 17 18 2 0 2 7 5 31 3 17 18 2 17 9 2 1 2 7 1 2 7 0 2 7 13 6 3 1 2 3 1 2 11 1 2 7 1 2 7 0 2 3 1 2 3 16 6 2 13 6 3 1 2 7 0 2 7 0 2 7 1 2 7 1 2 7 17 18 2 1 2 3 5 30 3 1 2 7 0 2 7 12 16 2 1 2 7 1 2 3 1 2 7 0 2 7 0 2 4 17 18 2 0 2 3 0 2 7 1 2 7 0 2 7 1 2 7 0 2 7 0 2 7 0 2 7 16 30 2 0 2 3 0 2 7 0 2 3 0 2 4 0 2 7 0 2 7 0 2 7 0 60.7381856441497803
17 9 2 0 2 7 0 2 7 1 2 4 1 2 4 5 31 3 0 2 7 0 2 7 1 2 7 5 30 3 0 2 7 0 2 7 0 2 7 1 2 7 0 2 7 0 2 7 1 2 4 0 2 7 1 2 4 1 2 7 17 18 2 0 2 7 5 31 3 17 18 2 1 2 7 1 2 7 17 18 2 17 9 2 17 9 2 1 2 7 0 2 7 1 2 7 1 2 7 0 2 7 1 2 7 0 2 7 0 2 7 13 6 3 1 2 7 1 2 7 0 2 7 1 2 7 0 2 7 1 2 7 17 9 2 0 2 7 0 2 7 0 2 7 1 2 7 5 31 3 0 2 4 0 2 7 5 30 3 0 2 7 0 2 7 1 2 7 1 2 7 0 2 7 13 6 3 0 2 7 0 59.9667186737060547
12 16 2 0 2 7 1 2 7 0 2 7 0 2 3 1 2 7 0 2 7 0 2 4 12 16 2 0 2 7 0 2 3 0 2 7 1 2 7 0 2 7 17 18 2 0 2 4 5 31 3 17 18 2 17 9 2 0 2 7 0 2 7 0 2 7 0 2 7 0 2 7 13 6 3 0 2 7 1 2 7 1 2 7 0 2 7 1 2 7 1 2 7 16 30 2 13 6 3 1 2 4 0 2 7 0 2 7 1 2 7 1 2 7 17 18 2 5 31 3 1 2 7 5 30 3 12 16 2 1 2 4 1 2 7 1 2 7 17 18 2 1 2 7 0 2 7 17 9 2 5 30 3 12 16 2 0 2 7 0 2 4 13 6 3 1 2 7 1 2 4 1 2 7 0 2 7 0 2 7 0 59.9867335557937622
17 9 2 0 2 7 0 2 7 1 2 7 0 2 3 5 31 3 0 2 7 0 2 4 1 2 7 5 30 3 0 2 7 5 30 3 1 2 7 1 2 4 0 2 4 0 2 7 1 2 7 0 2 7 1 2 7 1 2 7 17 18 2 0 2 7 5 30 3 17 18 2 1 2 7 1 2 3 17 18 2 17 9 2 17 9 2 0 2 7 1 2 4 1 2 7 0 2 7 1 2 7 0 2 4 1 2 4 13 6 3 1 2 7 0 2 7 0 2 7 1 2 7 0 2 7 5 31 3 0 2 7 0 2 7 1 2 4 0 2 7 13 6 3 1 2 7 0 2 7 1 2 7 0 2 7 0 2 7 1 2 7 0 2 7 0 2 7 17 9 2 0 2 7 1 2 7 0 2 7 0 60.0264396667480469
5 30 3 0 2 7 1 2 7 0 2 7 0 2 7 1 2 7 0 2 7 0 2 7 12 16 2 0 2 7 0 2 7 1 2 7 0 2 7 17 18 2 0 2 7 5 31 3 17 18 2 17 9 2 0 2 7 0 2 7 0 2 7 0 2 7 0 2 7 13 6 3 0 2 7 1 2 7 1 2 7 0 2 7 1 2 7 1 2 4 13 6 3 1 2 7 0 2 4 0 2 7 1 2 7 1 2 7 17 18 2 5 31 3 1 2 7 5 30 3 1 2 7 1 2 7 17 18 2 1 2 7 17 9 2 0 2 7 0 2 7 0 2 7 1 2 7 1 2 7 0 2 7 0 2 7 0 2 7 5 31 3 16 6 2 1 2 4 0 2 7 0 2 7 1 2 3 6 2 4 0 60.0775706171989441
5 30 3 0 2 4 1 2 7 0 2 4 0 2 4 1 2 7 5 31 3 0 2 7 0 2 7 0 2 7 0 2 4 0 2 7 17 18 2 0 2 7 5 31 3 17 18 2 17 9 2 1 2 7 6 2 4 0 2 7 13 6 3 1 2 4 1 2 7 1 2 7 0 2 7 0 2 7 1 2 7 13 6 3 1 2 7 0 2 7 0 2 7 1 2 7 1 2 7 17 18 2 1 2 7 5 30 3 1 2 7 0 2 7 1 2 7 1 2 7 1 2 7 0 2 7 0 2 7 0 2 7 0 2 7 0 2 7 0 2 7 0 2 7 5 30 3 1 2 7 17 9 2 0 2 4 1 2 7 0 2 7 0 2 4 5 31 3 12 16 2 0 2 4 17 18 2 17 18 2 0 60.3425566554069519
5 30 3 0 2 7 1 2 7 0 2 7 0 2 7 1 2 7 0 2 7 0 2 7 12 16 2 0 2 7 0 2 7 0 2 11 1 2 7 0 2 7 17 18 2 0 2 7 5 31 3 17 18 2 17 9 2 0 2 7 0 2 7 0 2 7 0 2 7 0 2 7 13 6 3 0 2 7 1 2 7 1 2 7 0 2 7 1 2 7 1 2 4 16 30 2 13 6 3 1 2 7 0 2 4 0 2 7 1 2 7 1 2 7 17 18 2 5 31 3 1 2 7 5 30 3 12 16 2 1 2 11 1 2 7 1 2 7 17 18 2 1 2 7 0 2 4 17 9 2 5 30 3 12 16 2 0 2 7 0 2 7 13 6 3 0 2 7 1 2 7 1 2 7 0 2 7 0 2 7 0 60.1593304872512817

Current Evaluation = 12600(12600)
Front Size = 10
0 2 7 0 2 7 0 2 7 0 2 7 0 2 7 1 2 4 0 2 7 0 2 7 12 16 2 0 2 7 0 2 7 1 2 7 1 2 4 0 2 7 17 18 2 0 2 7 5 30 3 17 18 2 17 9 2 0 2 4 13 6 3 0 2 7 1 2 7 0 2 7 13 6 3 0 2 7 1 2 7 1 2 4 0 2 7 1 2 7 0 2 7 13 6 3 1 2 7 0 2 7 0 2 7 0 2 7 17 9 2 17 18 2 5 31 3 0 2 7 12 16 2 1 2 4 1 2 7 17 18 2 1 2 7 12 16 2 1 2 4 1 2 7 1 2 7 1 2 7 1 2 7 5 31 3 0 2 7 1 2 7 17 9 2 5 30 3 1 2 7 1 2 7 0 2 4 0 2 7 0 59.7875515222549438
17 9 2 0 2 7 0 2 7 1 2 7 1 2 7 5 31 3 0 2 4 0 2 7 5 30 3 0 2 7 0 2 7 12 16 2 1 2 7 1 2 7 0 2 7 0 2 7 1 2 7 0 2 7 1 2 7 1 2 7 17 18 2 0 2 7 5 31 3 17 18 2 1 2 7 1 2 3 17 18 2 0 2 7 1 2 7 1 2 7 0 2 7 1 2 7 1 2 7 0 2 7 13 6 3 0 2 7 0 2 4 1 2 7 0 2 7 0 2 7 1 2 7 0 2 7 0 2 7 0 2 7 13 6 3 16 6 2 0 2 7 0 2 3 0 2 7 17 9 2 5 31 3 1 2 7 1 2 7 0 2 7 0 2 7 0 2 4 17 18 2 1 2 7 1 2 7 1 2 7 0 59.9600826501846313
17 9 2 0 2 7 0 2 4 1 2 7 1 2 7 5 31 3 0 2 7 0 2 4 1 2 7 5 30 3 0 2 7 0 2 4 12 16 2 1 2 7 1 2 7 0 2 7 0 2 7 1 2 4 0 2 7 1 2 7 0 2 4 1 2 7 0 2 4 17 18 2 0 2 7 5 31 3 17 18 2 1 2 7 1 2 7 17 18 2 17 9 2 17 9 2 0 2 4 1 2 4 0 2 4 0 2 7 1 2 7 1 2 7 0 2 7 1 2 7 0 2 7 0 2 7 13 6 3 1 2 4 1 2 7 0 2 7 1 2 4 0 2 7 1 2 7 0 2 4 1 2 4 17 9 2 0 2 4 0 2 7 5 31 3 6 2 3 0 2 7 0 2 7 0 2 4 1 2 7 0 60.0918058156967163
17 9 2 0 2 7 0 2 7 1 2 4 1 2 4 5 31 3 0 2 7 0 2 7 1 2 7 5 30 3 0 2 7 0 2 7 0 2 7 1 2 7 0 2 7 0 2 7 1 2 4 0 2 7 1 2 4 1 2 7 17 18 2 0 2 7 5 31 3 17 18 2 1 2 7 1 2 7 17 18 2 17 9 2 17 9 2 1 2 7 0 2 7 1 2 7 1 2 7 0 2 7 1 2 7 0 2 7 0 2 7 13 6 3 1 2 7 1 2 7 0 2 7 1 2 7 0 2 7 1 2 7 17 9 2 0 2 7 0 2 7 0 2 7 1 2 7 5 31 3 0 2 4 0 2 7 5 30 3 0 2 7 0 2 7 1 2 7 1 2 7 0 2 7 13 6 3 0 2 7 0 59.9667186737060547
5 31 3 5 31 3 0 2 7 12 16 2 0 2 7 0 2 7 0 2 7 0 2 7 17 18 2 0 2 3 5 31 3 17 18 2 17 9 2 6 2 7 1 2 7 0 2 7 13 6 3 1 2 7 1 2 7 0 2 3 13 6 3 1 2 7 0 2 7 0 2 7 0 2 7 1 2 7 17 18 2 5 30 3 1 2 11 0 2 7 12 16 2 1 2 7 1 2 7 0 2 4 0 2 4 17 18 2 0 2 7 0 2 7 1 2 7 0 2 7 1 2 7 0 2 7 0 2 3 0 2 7 16 30 2 0 2 7 0 2 7 0 2 4 0 2 7 0 2 7 12 16 2 1 2 7 1 2 3 1 2 4 12 16 2 16 6 2 1 2 4 1 2 7 1 2 4 1 2 4 0 60.5013056397438049
17 9 2 0 2 4 0 2 7 1 2 7 0 2 7 5 30 3 0 2 7 0 2 7 0 2 7 5 31 3 0 2 7 12 16 2 0 2 3 0 2 7 0 2 3 5 31 3 0 2 7 1 2 4 1 2 7 17 18 2 0 2 7 5 30 3 17 18 2 1 2 7 6 2 3 17 18 2 0 2 7 0 2 3 1 2 7 0 2 7 16 30 2 0 2 7 0 2 7 13 6 3 1 2 7 1 2 4 0 2 3 0 2 7 0 2 7 0 2 7 0 2 7 5 30 3 1 2 7 0 2 4 16 9 11 1 2 7 1 2 7 0 2 7 1 2 7 5 31 3 5 30 3 0 2 10 0 2 7 12 16 2 0 2 7 1 2 7 1 2 7 1 2 4 0 2 7 16 6 2 0 61.5133115649223328
12 16 2 0 2 7 1 2 7 0 2 7 0 2 7 1 2 7 0 2 7 1 2 7 12 16 2 0 2 7 0 2 7 0 2 7 1 2 3 0 2 7 17 18 2 0 2 7 5 30 3 17 18 2 17 9 2 0 2 4 0 2 7 0 2 7 1 2 7 0 2 7 13 6 3 0 2 4 1 2 7 1 2 7 0 2 4 1 2 7 1 2 7 16 31 2 13 6 3 1 2 7 0 2 7 0 2 7 1 2 7 1 2 4 17 18 2 5 31 3 1 2 7 5 30 3 12 16 2 0 2 4 0 2 7 0 2 7 17 18 2 1 2 7 0 2 7 17 9 2 5 30 3 12 16 2 0 2 3 1 2 7 13 6 3 1 2 7 1 2 4 1 2 7 0 2 7 0 2 7 0 59.9867334365844727
12 16 2 0 2 7 1 2 7 0 2 4 0 2 7 1 2 7 0 2 7 0 2 4 12 16 2 0 2 7 0 2 4 0 2 4 1 2 7 1 2 4 17 18 2 0 2 7 5 31 3 17 18 2 17 9 2 0 2 7 0 2 7 0 2 4 1 2 7 0 2 4 13 6 3 0 2 7 0 2 7 1 2 7 0 2 7 1 2 7 1 2 4 6 2 7 1 2 4 0 2 7 0 2 7 1 2 7 1 2 7 17 18 2 5 30 3 1 2 7 12 16 2 0 2 7 0 2 7 17 18 2 1 2 7 12 16 2 1 2 7 1 2 7 0 2 4 0 2 7 0 2 7 16 6 2 0 2 4 5 31 3 17 9 2 5 31 3 0 2 4 13 6 3 1 2 3 1 2 7 0 60.2408736348152161
0 2 7 0 2 4 0 2 7 0 2 7 0 2 7 1 2 7 0 2 7 0 2 7 12 16 2 0 2 4 0 2 7 6 2 7 1 2 1 0 2 4 17 18 2 0 2 7 5 30 3 17 18 2 17 9 2 0 2 7 13 6 3 0 2 7 1 2 7 0 2 7 13 6 3 0 2 7 1 2 7 1 2 7 0 2 7 1 2 7 0 2 7 13 6 3 1 2 7 0 2 7 0 2 4 0 2 7 17 9 2 17 18 2 5 31 3 1 2 7 12 16 2 1 2 7 1 2 7 17 18 2 1 2 7 12 16 2 0 2 7 1 2 7 1 2 4 1 2 7 1 2 7 5 31 3 0 2 7 1 2 7 17 9 2 5 30 3 1 2 7 1 2 7 0 2 7 0 2 7 0 59.9988445639610291
5 31 3 5 31 3 0 2 7 12 16 2 0 2 7 0 2 7 0 2 7 0 2 7 17 18 2 0 2 7 5 31 3 17 18 2 17 9 2 1 2 7 0 2 7 13 6 3 1 2 7 1 2 7 13 6 3 1 2 7 0 2 3 0 2 7 0 2 7 1 2 3 17 18 2 5 30 3 0 2 7 1 2 7 1 2 7 0 2 4 0 2 7 17 18 2 0 2 7 0 2 3 1 2 4 0 2 7 1 2 7 0 2 7 0 2 11 0 2 7 0 2 7 0 2 4 0 2 7 0 2 3 1 2 7 1 2 7 16 6 2 1 2 7 0 2 7 0 2 7 1 2 7 1 2 7 0 2 7 16 30 2 12 16 2 1 2 4 12 16 2 1 2 7 1 2 7 1 2 7 0 60.437214732170105

Current Evaluation = 13500(13500)
Front Size = 10
17 9 2 1 2 7 0 2 7 5 30 3 0 2 7 0 2 7 1 2 4 5 31 3 0 2 7 1 2 4 0 2 7 1 2 7 0 2 7 0 2 7 0 2 7 1 2 7 17 18 2 0 2 7 5 30 3 17 18 2 1 2 7 1 2 7 17 18 2 17 9 2 1 2 7 0 2 7 1 2 7 0 2 4 1 2 4 0 2 7 0 2 7 13 6 3 1 2 7 1 2 7 0 2 4 1 2 7 0 2 7 1 2 7 0 2 7 0 2 7 0 2 7 0 2 7 5 31 3 0 2 7 0 2 7 0 2 7 1 2 7 1 2 7 13 6 3 12 16 2 13 6 3 12 16 2 17 9 2 17 18 2 0 2 7 0 2 7 1 2 4 12 16 2 1 2 4 1 2 7 0 59.7875515222549438
12 16 2 0 2 7 1 2 4 0 2 4 0 2 7 1 2 7 0 2 4 1 2 7 12 16 2 0 2 7 0 2 7 0 2 7 0 2 7 17 18 2 0 2 7 5 30 3 17 18 2 17 9 2 0 2 7 0 2 7 1 2 7 0 2 7 0 2 7 13 6 3 1 2 4 1 2 7 1 2 7 0 2 7 1 2 7 1 2 7 13 6 3 1 2 7 0 2 7 0 2 7 1 2 7 1 2 7 17 18 2 5 31 3 1 2 7 5 30 3 0 2 7 17 18 2 1 2 7 0 2 7 17 9 2 1 2 4 13 6 3 1 2 7 1 2 7 1 2 7 0 2 4 1 2 7 0 2 7 17 9 2 0 2 7 5 31 3 12 16 2 0 2 7 0 2 4 0 2 7 0 59.7875515222549438
17 9 2 0 2 7 0 2 7 1 2 7 1 2 7 5 31 3 0 2 4 0 2 7 5 30 3 0 2 7 0 2 7 12 16 2 1 2 7 1 2 7 0 2 7 0 2 7 1 2 7 0 2 7 1 2 7 1 2 7 17 18 2 0 2 7 5 31 3 17 18 2 1 2 7 1 2 3 17 18 2 0 2 7 1 2 7 1 2 7 0 2 7 1 2 7 1 2 7 0 2 7 13 6 3 0 2 7 0 2 4 1 2 7 0 2 7 0 2 7 1 2 7 0 2 7 0 2 7 0 2 7 13 6 3 16 6 2 0 2 7 0 2 3 0 2 7 17 9 2 5 31 3 1 2 7 1 2 7 0 2 7 0 2 7 0 2 4 17 18 2 1 2 7 1 2 7 1 2 7 0 59.9600826501846313
17 9 2 0 2 7 0 2 7 1 2 7 1 2 4 5 31 3 0 2 7 0 2 7 1 2 7 5 30 3 0 2 7 0 2 7 0 2 7 1 2 7 0 2 7 0 2 7 1 2 7 0 2 7 1 2 7 1 2 7 17 18 2 0 2 7 5 31 3 17 18 2 1 2 7 1 2 7 17 18 2 17 9 2 17 9 2 1 2 7 0 2 7 1 2 7 1 2 7 0 2 7 1 2 7 0 2 7 0 2 7 13 6 3 1 2 7 1 2 7 0 2 7 1 2 7 1 2 7 17 9 2 0 2 4 0 2 7 0 2 7 0 2 7 5 30 3 13 6 3 5 31 3 0 2 7 0 2 7 0 2 7 1 2 4 1 2 7 0 2 4 0 2 7 1 2 4 0 2 7 0 59.9667186737060547
17 9 2 0 2 7 0 2 7 1 2 7 1 2 4 5 31 3 0 2 7 0 2 7 1 2 7 5 30 3 0 2 7 0 2 7 0 2 7 1 2 7 0 2 7 0 2 7 1 2 7 0 2 7 1 2 7 1 2 7 17 18 2 0 2 7 5 31 3 17 18 2 1 2 7 1 2 7 17 18 2 17 9 2 17 9 2 1 2 7 0 2 7 1 2 7 1 2 7 0 2 7 1 2 7 0 2 7 0 2 7 13 6 3 1 2 7 1 2 7 0 2 7 1 2 7 1 2 7 17 9 2 1 2 7 0 2 4 1 2 7 0 2 4 0 2 7 0 2 7 0 2 7 0 2 4 5 30 3 0 2 4 13 6 3 5 31 3 0 2 7 1 2 7 0 2 7 0 2 7 0 59.9667186737060547
17 9 2 0 2 7 0 2 4 1 2 7 1 2 7 5 31 3 0 2 7 0 2 4 1 2 7 5 30 3 0 2 7 0 2 4 12 16 2 1 2 7 1 2 7 0 2 7 0 2 7 1 2 4 0 2 7 1 2 7 0 2 4 1 2 7 0 2 4 17 18 2 0 2 7 5 31 3 17 18 2 1 2 7 1 2 7 17 18 2 17 9 2 17 9 2 0 2 4 1 2 4 0 2 4 0 2 7 1 2 7 1 2 7 0 2 7 1 2 7 0 2 7 0 2 7 13 6 3 1 2 4 1 2 7 0 2 7 1 2 4 0 2 7 1 2 7 0 2 4 1 2 4 17 9 2 0 2 4 0 2 7 5 31 3 6 2 3 0 2 7 0 2 7 0 2 4 1 2 7 0 60.0918058156967163
17 9 2 0 2 7 1 2 7 1 2 7 1 2 7 5 31 3 0 2 7 0 2 4 1 2 7 5 30 3 0 2 7 1 2 7 1 2 7 0 2 7 0 2 3 0 2 4 1 2 3 0 2 7 1 2 7 1 2 7 17 18 2 0 2 7 5 31 3 17 18 2 1 2 7 1 2 7 16 30 2 0 2 7 0 2 7 1 2 7 1 2 7 1 2 4 0 2 7 1 2 7 13 6 3 1 2 7 0 2 4 0 2 7 0 2 7 5 31 3 6 2 4 0 2 3 0 2 7 0 2 7 0 2 4 0 2 4 17 9 2 0 2 7 0 2 7 0 2 7 1 2 3 0 2 3 5 30 3 16 6 2 12 16 2 1 2 3 17 9 2 0 2 3 0 2 7 0 2 7 0 60.7405938506126404
17 9 2 0 2 4 0 2 7 1 2 7 0 2 7 5 30 3 0 2 7 0 2 7 0 2 7 5 31 3 0 2 7 12 16 2 0 2 3 0 2 7 0 2 3 5 31 3 0 2 7 1 2 4 1 2 7 17 18 2 0 2 7 5 30 3 17 18 2 1 2 7 6 2 3 17 18 2 0 2 7 0 2 3 1 2 7 0 2 7 16 30 2 0 2 7 0 2 7 13 6 3 1 2 7 1 2 4 0 2 3 0 2 7 0 2 7 0 2 7 0 2 7 5 30 3 1 2 7 0 2 4 16 9 11 1 2 7 1 2 7 0 2 7 1 2 7 5 31 3 5 30 3 0 2 10 0 2 7 12 16 2 0 2 7 1 2 7 1 2 7 1 2 4 0 2 7 16 6 2 0 61.5133115649223328
17 9 2 0 2 7 0 2 7 0 2 7 1 2 7 5 31 3 0 2 4 0 2 4 5 30 3 0 2 7 0 2 4 12 16 2 1 2 7 1 2 4 0 2 7 1 2 3 1 2 4 0 2 7 1 2 7 1 2 7 17 18 2 0 2 7 5 31 3 17 18 2 1 2 7 6 2 7 17 18 2 0 2 7 1 2 7 1 2 3 0 2 7 1 2 7 1 2 7 0 2 7 13 6 3 0 2 7 0 2 4 0 2 7 0 2 7 0 2 7 0 2 7 0 2 7 13 6 3 16 6 2 17 9 2 5 31 3 0 2 7 17 18 2 1 2 7 1 2 4 0 2 7 1 2 7 0 2 4 12 16 2 1 2 7 0 2 7 0 2 7 1 2 4 12 16 2 1 2 7 0 60.1825236678123474
17 9 2 0 2 7 0 2 7 1 2 3 6 2 7 5 31 3 0 2 7 0 2 7 0 2 7 5 31 3 0 2 7 0 2 7 6 2 7 1 2 3 0 2 7 0 2 7 13 6 3 0 2 7 1 2 7 1 2 7 8 18 2 0 2 7 5 30 3 17 18 2 1 2 7 1 2 7 17 18 2 0 2 7 0 2 4 0 2 7 0 2 7 0 2 7 0 2 7 1 2 7 16 6 2 0 2 7 0 2 4 1 2 7 0 2 7 0 2 7 1 2 7 5 30 3 5 31 3 0 2 7 0 2 7 17 9 2 1 2 7 1 2 7 6 2 7 12 16 2 0 2 7 0 2 7 17 9 2 1 2 7 1 2 7 5 30 3 0 2 7 16 15 2 1 2 7 0 2 4 0 60.8362966179847717

Current Evaluation = 14400(14400)
Front Size = 10
17 9 2 0 2 7 0 2 4 1 2 7 1 2 7 5 31 3 0 2 4 0 2 7 1 2 7 5 30 3 0 2 7 0 2 7 12 16 2 1 2 7 1 2 4 0 2 7 0 2 7 1 2 7 0 2 7 1 2 7 1 2 4 17 18 2 0 2 7 5 31 3 17 18 2 1 2 7 1 2 7 17 18 2 17 9 2 17 9 2 0 2 7 0 2 7 1 2 7 1 2 7 0 2 7 1 2 7 0 2 7 0 2 7 13 6 3 1 2 4 1 2 7 0 2 7 1 2 7 13 6 3 17 9 2 0 2 7 0 2 7 0 2 7 12 16 2 0 2 7 12 16 2 0 2 7 13 6 3 0 2 7 0 2 7 1 2 4 1 2 7 1 2 4 0 2 7 5 30 3 0 59.7875515222549438
17 9 2 1 2 7 0 2 7 5 30 3 0 2 4 0 2 7 1 2 4 5 31 3 0 2 7 1 2 7 0 2 4 1 2 7 0 2 4 0 2 7 0 2 7 1 2 7 17 18 2 0 2 7 17 18 2 1 2 7 1 2 7 17 18 2 17 9 2 1 2 7 0 2 7 1 2 7 0 2 7 0 2 7 0 2 7 13 6 3 1 2 7 1 2 7 0 2 7 1 2 7 0 2 7 1 2 7 0 2 7 0 2 7 0 2 7 0 2 7 5 31 3 1 2 7 0 2 7 0 2 7 1 2 7 1 2 7 13 6 3 12 16 2 13 6 3 12 16 2 17 9 2 12 16 2 1 2 7 0 2 4 5 30 3 1 2 4 0 2 7 0 2 4 17 18 2 1 2 7 0 59.7875515222549438
17 9 2 0 2 7 0 2 7 1 2 7 1 2 4 5 31 3 0 2 7 0 2 7 1 2 7 5 30 3 0 2 7 12 16 2 1 2 7 1 2 7 0 2 7 0 2 7 1 2 7 0 2 7 1 2 7 1 2 7 17 18 2 1 2 3 5 31 3 17 18 2 1 2 7 0 2 7 17 18 2 17 9 2 17 9 2 1 2 7 0 2 3 1 2 7 0 2 7 0 2 4 1 2 7 1 2 7 0 2 7 13 6 3 1 2 7 1 2 7 0 2 7 1 2 11 0 2 7 1 2 7 1 2 7 17 9 2 0 2 7 0 2 7 0 2 7 0 2 7 12 16 2 13 6 3 0 2 7 13 6 3 0 2 7 0 2 7 0 2 7 1 2 11 0 2 7 1 2 7 0 59.8072065114974976
17 9 2 0 2 7 0 2 7 1 2 3 6 2 7 5 31 3 0 2 7 0 2 7 0 2 7 5 31 3 0 2 7 0 2 7 6 2 7 1 2 3 0 2 7 0 2 7 13 6 3 0 2 7 1 2 7 1 2 7 8 18 2 0 2 7 5 30 3 17 18 2 1 2 7 1 2 7 17 18 2 0 2 7 0 2 4 0 2 7 0 2 7 0 2 7 0 2 7 1 2 7 16 6 2 0 2 7 0 2 4 1 2 7 0 2 7 0 2 7 1 2 7 5 30 3 5 31 3 0 2 7 0 2 7 17 9 2 1 2 7 1 2 7 6 2 7 12 16 2 0 2 7 0 2 7 17 9 2 1 2 7 1 2 7 5 30 3 0 2 7 16 15 2 1 2 7 0 2 4 0 60.8362966179847717
17 9 2 0 2 7 0 2 4 1 2 7 1 2 7 5 31 3 0 2 7 0 2 4 1 2 7 5 30 3 0 2 7 0 2 4 12 16 2 1 2 7 1 2 7 0 2 7 0 2 7 1 2 4 0 2 7 1 2 7 0 2 4 1 2 7 0 2 4 17 18 2 0 2 7 5 31 3 17 18 2 1 2 7 1 2 7 17 18 2 17 9 2 17 9 2 0 2 4 1 2 4 0 2 4 0 2 7 1 2 7 1 2 7 0 2 7 1 2 7 0 2 7 0 2 7 13 6 3 1 2 4 1 2 7 0 2 7 1 2 4 0 2 7 1 2 7 0 2 4 1 2 4 17 9 2 0 2 4 0 2 7 5 31 3 6 2 3 0 2 7 0 2 7 0 2 4 1 2 7 0 60.0918058156967163
17 9 2 0 2 7 1 2 7 1 2 7 1 2 7 5 31 3 0 2 7 0 2 3 1 2 7 5 30 3 0 2 7 1 2 7 1 2 7 0 2 7 0 2 7 0 2 7 1 2 7 1 2 7 17 18 2 0 2 7 5 31 3 17 18 2 1 2 7 1 2 7 0 2 7 0 2 7 1 2 7 1 2 7 1 2 7 0 2 7 1 2 7 13 6 3 1 2 7 0 2 3 0 2 7 0 2 7 0 2 7 0 2 7 0 2 7 17 9 2 0 2 7 0 2 3 0 2 7 5 30 3 12 16 2 17 9 2 0 2 7 0 2 7 0 2 4 12 16 2 16 24 2 5 31 3 6 2 7 0 2 3 1 2 7 0 2 7 0 2 7 16 6 2 13 6 3 1 2 7 0 60.4939646124839783
17 9 2 0 2 7 1 2 7 1 2 7 1 2 7 5 31 3 0 2 7 0 2 4 1 2 7 5 30 3 0 2 7 1 2 7 1 2 7 0 2 7 0 2 3 0 2 4 1 2 3 0 2 7 1 2 7 1 2 7 17 18 2 0 2 7 5 31 3 17 18 2 1 2 7 1 2 7 16 30 2 0 2 7 0 2 7 1 2 7 1 2 7 1 2 4 0 2 7 1 2 7 13 6 3 1 2 7 0 2 4 0 2 7 0 2 7 5 31 3 6 2 4 0 2 3 0 2 7 0 2 7 0 2 4 0 2 4 17 9 2 0 2 7 0 2 7 0 2 7 1 2 3 0 2 3 5 30 3 16 6 2 12 16 2 1 2 3 17 9 2 0 2 3 0 2 7 0 2 7 0 60.7405938506126404
17 9 2 0 2 7 0 2 7 1 2 7 1 2 7 5 30 3 1 2 7 1 2 7 0 2 7 0 2 7 0 2 4 12 16 2 1 2 7 1 2 7 0 2 7 0 2 1 1 2 7 0 2 4 1 2 7 17 18 2 0 2 7 5 31 3 17 18 2 1 2 7 1 2 7 17 18 2 17 9 2 0 2 7 0 2 7 1 2 7 1 2 7 0 2 7 1 2 7 0 2 7 0 2 7 13 6 3 1 2 7 0 2 7 1 2 4 13 6 3 1 2 7 0 2 7 0 2 7 0 2 7 1 2 7 12 16 2 0 2 7 12 16 2 0 2 7 13 6 3 0 2 4 5 31 3 1 2 11 0 2 7 0 2 7 1 2 7 17 9 2 1 2 7 17 9 2 0 2 7 0 59.8809565305709839
17 9 2 0 2 7 0 2 7 1 2 7 1 2 7 5 31 3 0 2 4 0 2 7 5 30 3 0 2 7 0 2 7 12 16 2 1 2 7 1 2 7 0 2 7 0 2 7 1 2 7 0 2 7 1 2 7 1 2 7 17 18 2 0 2 7 5 31 3 17 18 2 1 2 7 1 2 3 17 18 2 0 2 7 1 2 7 1 2 7 0 2 7 1 2 7 1 2 7 0 2 7 13 6 3 0 2 7 0 2 4 1 2 7 0 2 7 0 2 7 1 2 7 0 2 7 0 2 7 0 2 7 13 6 3 16 6 2 0 2 7 0 2 3 0 2 7 17 9 2 5 31 3 1 2 7 1 2 7 0 2 7 0 2 7 0 2 4 17 18 2 1 2 7 1 2 7 1 2 7 0 59.9600826501846313
17 9 2 0 2 7 0 2 4 1 2 7 1 2 7 5 31 3 0 2 7 1 2 7 5 30 3 0 2 7 0 2 7 12 16 2 1 2 7 1 2 7 0 2 7 0 2 7 1 2 7 0 2 7 1 2 7 17 18 2 0 2 7 5 31 3 17 18 2 1 2 7 1 2 7 17 18 2 17 9 2 0 2 7 0 2 7 1 2 7 1 2 7 0 2 7 1 2 7 0 2 7 0 2 7 13 6 3 1 2 7 0 2 7 1 2 7 13 6 3 1 2 7 0 2 7 0 2 7 0 2 7 1 2 7 12 16 2 0 2 7 12 16 2 0 2 7 13 6 3 0 2 7 5 31 3 1 2 7 0 2 7 0 2 7 16 6 2 17 18 2 0 2 7 1 2 11 0 2 7 0 59.974191427230835

Current Evaluation = 15300(15300)
Front Size = 10
17 9 2 0 2 7 1 2 7 1 2 7 0 2 7 5 30 3 1 2 4 0 2 7 0 2 7 5 30 3 0 2 7 12 16 2 0 2 4 1 2 7 1 2 7 0 2 4 1 2 7 17 18 2 0 2 4 17 18 2 1 2 7 1 2 7 17 9 2 0 2 7 0 2 7 0 2 7 1 2 7 1 2 7 1 2 7 0 2 7 0 2 7 13 6 3 0 2 7 0 2 7 1 2 7 0 2 7 0 2 7 0 2 7 0 2 7 5 31 3 13 6 3 1 2 7 17 9 2 0 2 7 1 2 7 1 2 7 0 2 7 0 2 7 0 2 7 5 31 3 12 16 2 1 2 4 1 2 4 12 16 2 17 9 2 1 2 4 13 6 3 17 9 2 1 2 7 0 2 7 0 59.7875515222549438
17 9 2 0 2 7 1 2 4 1 2 7 0 2 7 5 30 3 1 2 4 0 2 7 0 2 7 5 30 3 0 2 7 12 16 2 0 2 7 1 2 7 1 2 4 0 2 7 1 2 7 17 18 2 0 2 4 17 18 2 1 2 7 1 2 7 17 9 2 0 2 7 0 2 7 0 2 7 1 2 7 1 2 7 1 2 7 0 2 7 0 2 7 13 6 3 0 2 7 0 2 7 1 2 7 0 2 7 0 2 7 0 2 7 0 2 7 5 31 3 13 6 3 1 2 7 17 9 2 0 2 7 1 2 7 1 2 7 0 2 7 0 2 7 5 31 3 12 16 2 1 2 7 1 2 4 12 16 2 13 6 3 1 2 7 17 18 2 1 2 4 17 9 2 0 2 4 0 2 7 0 59.7875515222549438
17 9 2 0 2 7 0 2 7 1 2 7 1 2 7 5 31 3 0 2 4 0 2 7 5 30 3 0 2 7 0 2 7 12 16 2 1 2 7 1 2 7 0 2 7 0 2 7 1 2 7 0 2 7 1 2 7 1 2 7 17 18 2 0 2 7 5 31 3 17 18 2 1 2 7 1 2 3 17 18 2 0 2 7 1 2 7 1 2 7 0 2 7 1 2 7 1 2 7 0 2 7 13 6 3 0 2 7 0 2 4 1 2 7 0 2 7 0 2 7 1 2 7 0 2 7 0 2 7 0 2 7 13 6 3 16 6 2 0 2 7 0 2 3 0 2 7 17 9 2 5 31 3 1 2 7 1 2 7 0 2 7 0 2 7 0 2 4 17 18 2 1 2 7 1 2 7 1 2 7 0 59.9600826501846313
17 9 2 0 2 7 0 2 4 1 2 7 1 2 7 5 31 3 0 2 7 0 2 4 1 2 7 5 30 3 0 2 7 0 2 4 12 16 2 1 2 7 1 2 7 0 2 7 0 2 7 1 2 4 0 2 7 1 2 7 0 2 4 1 2 7 0 2 4 17 18 2 0 2 7 5 31 3 17 18 2 1 2 7 1 2 7 17 18 2 17 9 2 17 9 2 0 2 4 1 2 4 0 2 4 0 2 7 1 2 7 1 2 7 0 2 7 1 2 7 0 2 7 0 2 7 13 6 3 1 2 4 1 2 7 0 2 7 1 2 4 0 2 7 1 2 7 0 2 4 1 2 4 17 9 2 0 2 4 0 2 7 5 31 3 6 2 3 0 2 7 0 2 7 0 2 4 1 2 7 0 60.0918058156967163
17 9 2 0 2 7 1 2 7 1 2 7 1 2 7 5 31 3 0 2 7 0 2 4 1 2 7 5 30 3 0 2 7 1 2 7 1 2 7 0 2 7 0 2 3 0 2 4 1 2 3 0 2 7 1 2 7 1 2 7 17 18 2 0 2 7 5 31 3 17 18 2 1 2 7 1 2 7 16 30 2 0 2 7 0 2 7 1 2 7 1 2 7 1 2 4 0 2 7 1 2 7 13 6 3 1 2 7 0 2 4 0 2 7 0 2 7 5 31 3 6 2 4 0 2 3 0 2 7 0 2 7 0 2 4 0 2 4 17 9 2 0 2 7 0 2 7 0 2 7 1 2 3 0 2 3 5 30 3 16 6 2 12 16 2 1 2 3 17 9 2 0 2 3 0 2 7 0 2 7 0 60.7405938506126404
17 9 2 0 2 7 1 2 7 1 2 7 0 2 7 5 30 3 1 2 4 0 2 7 0 2 7 5 30 3 0 2 7 12 16 2 0 2 7 1 2 7 1 2 7 0 2 4 1 2 7 17 18 2 0 2 7 5 30 3 17 18 2 1 2 7 1 2 7 17 9 2 0 2 7 0 2 7 0 2 7 1 2 7 1 2 7 1 2 7 0 2 7 0 2 7 13 6 3 0 2 7 0 2 7 1 2 7 0 2 7 0 2 3 0 2 7 0 2 7 0 2 7 5 31 3 13 6 3 1 2 7 17 9 2 0 2 7 5 30 3 1 2 7 1 2 7 0 2 7 16 30 2 0 2 7 0 2 7 1 2 11 8 9 2 5 31 3 0 2 7 12 16 2 16 6 2 0 2 11 0 60.6043804883956909
17 9 2 1 2 7 0 2 7 5 30 3 0 2 4 0 2 7 1 2 4 5 31 3 0 2 7 1 2 7 0 2 4 1 2 7 0 2 7 0 2 7 1 2 7 17 18 2 0 2 7 17 18 2 1 2 7 1 2 7 17 9 2 1 2 7 0 2 7 1 2 7 0 2 7 0 2 7 0 2 7 13 6 3 1 2 7 1 2 7 0 2 7 1 2 7 0 2 7 1 2 7 0 2 7 0 2 7 0 2 7 0 2 7 5 31 3 1 2 7 0 2 7 0 2 7 1 2 7 13 6 3 12 16 2 13 6 3 12 16 2 17 9 2 12 16 2 5 30 3 1 2 4 0 2 7 0 2 7 17 18 2 1 2 4 1 2 7 0 2 4 0 2 4 17 18 2 1 2 7 0 59.7875515222549438
17 9 2 1 2 7 0 2 7 1 2 7 5 31 3 0 2 7 0 2 7 1 2 3 5 30 3 0 2 7 12 16 2 1 2 11 1 2 7 0 2 3 0 2 7 1 2 7 0 2 7 1 2 11 1 2 7 17 18 2 5 31 3 17 18 2 1 2 7 0 2 7 17 18 2 17 9 2 17 9 2 1 2 7 0 2 7 1 2 7 0 2 7 0 2 7 1 2 7 1 2 7 0 2 7 13 6 3 1 2 7 1 2 4 0 2 7 1 2 7 0 2 7 1 2 7 0 2 7 17 9 2 0 2 7 0 2 7 0 2 7 0 2 7 12 16 2 13 6 3 1 2 7 13 6 3 0 2 7 0 2 4 1 2 7 1 2 7 1 2 7 0 2 7 0 2 7 0 2 7 0 59.8072065114974976
17 9 2 0 2 7 0 2 4 1 2 7 1 2 7 5 31 3 0 2 7 1 2 7 5 30 3 0 2 7 0 2 7 12 16 2 1 2 7 1 2 7 0 2 7 0 2 7 1 2 7 0 2 7 1 2 7 17 18 2 0 2 7 5 31 3 17 18 2 1 2 7 1 2 7 17 18 2 17 9 2 0 2 7 0 2 7 1 2 7 1 2 7 0 2 7 1 2 7 0 2 7 0 2 7 13 6 3 1 2 7 0 2 7 1 2 7 13 6 3 1 2 7 0 2 7 0 2 7 0 2 7 1 2 7 12 16 2 0 2 7 12 16 2 0 2 7 13 6 3 0 2 7 5 31 3 1 2 7 0 2 7 0 2 7 16 6 2 17 18 2 0 2 7 1 2 11 0 2 7 0 59.974191427230835
17 9 2 0 2 7 0 2 7 1 2 7 1 2 7 5 31 3 0 2 7 0 2 7 1 2 7 5 30 3 0 2 7 12 16 2 1 2 7 1 2 7 0 2 7 0 2 7 1 2 7 0 2 7 1 2 7 1 2 7 17 18 2 5 31 3 17 18 2 1 2 7 0 2 7 17 18 2 17 9 2 17 9 2 1 2 7 1 2 7 0 2 7 0 2 7 1 2 7 1 2 7 0 2 7 13 6 3 1 2 7 1 2 7 0 2 7 0 2 7 1 2 7 1 2 7 0 2 4 0 2 7 0 2 7 0 2 3 12 16 2 13 6 3 0 2 7 13 6 3 0 2 3 1 2 7 1 2 7 0 2 7 1 2 11 17 9 2 1 2 11 0 2 7 0 2 7 0 2 4 0 59.8072065114974976

Current Evaluation = 16200(16200)
Front Size = 10
17 9 2 0 2 7 1 2 7 1 2 7 0 2 4 5 30 3 1 2 7 0 2 7 1 2 4 5 30 3 0 2 7 12 16 2 0 2 7 1 2 7 0 2 7 1 2 7 17 18 2 0 2 7 17 18 2 1 2 7 1 2 4 17 9 2 0 2 7 0 2 7 0 2 7 1 2 7 1 2 7 1 2 7 0 2 7 0 2 7 13 6 3 0 2 7 0 2 7 1 2 7 0 2 7 0 2 7 0 2 4 0 2 7 5 31 3 13 6 3 1 2 7 17 9 2 0 2 7 1 2 7 1 2 7 5 31 3 12 16 2 1 2 4 12 16 2 13 6 3 1 2 4 17 18 2 0 2 7 0 2 7 0 2 7 1 2 7 0 2 7 17 18 2 1 2 4 0 2 7 0 59.7875515222549438
17 9 2 1 2 7 1 2 7 5 30 3 0 2 7 0 2 7 5 31 3 0 2 7 1 2 7 1 2 7 0 2 4 0 2 7 1 2 7 17 18 2 0 2 7 17 18 2 1 2 7 1 2 7 17 9 2 1 2 7 0 2 7 1 2 7 1 2 7 0 2 7 0 2 7 13 6 3 0 2 7 1 2 7 0 2 4 1 2 7 0 2 7 1 2 7 0 2 7 0 2 7 0 2 7 0 2 4 1 2 7 0 2 7 13 6 3 12 16 2 13 6 3 12 16 2 0 2 7 17 18 2 1 2 7 1 2 7 0 2 7 1 2 7 17 9 2 0 2 7 5 31 3 1 2 4 5 30 3 0 2 4 1 2 4 12 16 2 0 2 7 17 18 2 0 2 7 0 2 4 0 59.7875515222549438
17 9 2 0 2 7 0 2 7 1 2 7 1 2 7 5 31 3 0 2 4 0 2 7 5 30 3 0 2 7 0 2 7 12 16 2 1 2 7 1 2 7 0 2 7 0 2 7 1 2 7 0 2 7 1 2 7 1 2 7 17 18 2 0 2 7 5 31 3 17 18 2 1 2 7 1 2 3 17 18 2 0 2 7 1 2 7 1 2 7 0 2 7 1 2 7 1 2 7 0 2 7 13 6 3 0 2 7 0 2 4 1 2 7 0 2 7 0 2 7 1 2 7 0 2 7 0 2 7 0 2 7 13 6 3 16 6 2 0 2 7 0 2 3 0 2 7 17 9 2 5 31 3 1 2 7 1 2 7 0 2 7 0 2 7 0 2 4 17 18 2 1 2 7 1 2 7 1 2 7 0 59.9600826501846313
17 9 2 0 2 7 0 2 7 1 2 7 1 2 7 5 31 3 0 2 7 0 2 7 1 2 7 5 30 3 0 2 7 12 16 2 1 2 7 1 2 7 0 2 7 0 2 7 1 2 7 0 2 7 1 2 7 1 2 7 17 18 2 5 31 3 17 18 2 1 2 7 0 2 7 17 18 2 17 9 2 17 9 2 1 2 7 1 2 7 0 2 7 0 2 7 1 2 7 1 2 7 0 2 7 13 6 3 1 2 7 1 2 7 0 2 7 0 2 7 1 2 7 1 2 7 0 2 4 0 2 7 0 2 7 0 2 3 12 16 2 13 6 3 0 2 7 13 6 3 0 2 3 1 2 7 1 2 7 0 2 7 1 2 11 17 9 2 1 2 11 0 2 7 0 2 7 0 2 4 0 59.8072065114974976
17 9 2 0 2 7 0 2 7 5 31 3 1 2 7 1 2 7 5 30 3 0 2 7 1 2 7 0 2 7 1 2 7 17 18 2 0 2 3 17 18 2 0 2 7 0 2 7 17 9 2 0 2 7 0 2 7 1 2 7 1 2 7 1 2 7 13 6 3 0 2 7 0 2 7 0 2 7 0 2 7 0 2 7 0 2 3 1 2 7 0 2 7 0 2 3 0 2 4 0 2 3 12 16 2 0 2 7 1 2 3 5 30 3 0 2 7 1 2 7 5 31 3 1 2 7 0 2 7 0 2 4 1 2 7 1 2 3 0 2 7 5 31 3 16 6 2 1 2 7 1 2 7 17 9 2 6 2 7 16 19 11 6 2 7 5 30 3 0 2 4 16 30 2 1 2 3 0 2 7 0.00499003780721952398 61.117587685585022
17 9 2 1 2 7 0 2 7 1 2 7 5 31 3 0 2 7 0 2 7 5 30 3 0 2 7 12 16 2 1 2 7 0 2 7 0 2 7 0 2 7 0 2 7 1 2 7 1 2 7 17 18 2 5 31 3 17 18 2 1 2 7 0 2 7 17 18 2 17 9 2 17 9 2 0 2 7 1 2 7 0 2 7 1 2 7 1 2 7 1 2 7 0 2 7 13 6 3 1 2 7 0 2 7 0 2 7 1 2 7 0 2 3 17 9 2 1 2 7 0 2 7 0 2 7 0 2 7 12 16 2 13 6 3 1 2 7 13 6 3 0 2 7 0 2 7 1 2 7 1 2 7 1 2 3 0 2 7 0 2 4 1 2 11 1 2 7 1 2 11 1 2 4 0 2 7 0 2 7 0 59.8072065114974976
17 9 2 0 2 7 0 2 4 1 2 7 1 2 7 5 31 3 0 2 7 0 2 4 1 2 7 5 30 3 0 2 7 0 2 4 12 16 2 1 2 7 1 2 7 0 2 7 0 2 7 1 2 4 0 2 7 1 2 7 0 2 4 1 2 7 0 2 4 17 18 2 0 2 7 5 31 3 17 18 2 1 2 7 1 2 7 17 18 2 17 9 2 17 9 2 0 2 4 1 2 4 0 2 4 0 2 7 1 2 7 1 2 7 0 2 7 1 2 7 0 2 7 0 2 7 13 6 3 1 2 4 1 2 7 0 2 7 1 2 4 0 2 7 1 2 7 0 2 4 1 2 4 17 9 2 0 2 4 0 2 7 5 31 3 6 2 3 0 2 7 0 2 7 0 2 4 1 2 7 0 60.0918058156967163
17 9 2 1 2 7 1 2 7 5 30 3 0 2 7 0 2 7 5 31 3 0 2 11 8 9 2 0 2 4 0 2 7 0 2 7 0 2 7 17 18 2 1 2 11 17 18 2 1 2 7 1 2 7 17 9 2 0 2 7 0 2 7 1 2 7 1 2 4 0 2 7 1 2 7 13 6 3 0 2 4 1 2 7 0 2 7 1 2 7 0 2 4 1 2 7 1 2 11 0 2 3 0 2 4 1 2 7 0 2 7 13 6 3 12 16 2 0 2 7 17 18 2 1 2 11 0 2 7 5 30 3 0 2 7 17 18 2 0 2 7 0 2 11 12 16 2 5 30 3 0 2 7 1 2 7 0 2 7 1 2 7 0 2 11 1 2 4 17 9 2 1 2 4 1 2 7 0 2 4 0 60.6325186491012573
17 9 2 0 2 7 1 2 7 1 2 7 1 2 7 5 31 3 0 2 7 0 2 4 1 2 7 5 30 3 0 2 7 1 2 7 1 2 7 0 2 7 0 2 3 0 2 4 1 2 3 0 2 7 1 2 7 1 2 7 17 18 2 0 2 7 5 31 3 17 18 2 1 2 7 1 2 7 16 30 2 0 2 7 0 2 7 1 2 7 1 2 7 1 2 4 0 2 7 1 2 7 13 6 3 1 2 7 0 2 4 0 2 7 0 2 7 5 31 3 6 2 4 0 2 3 0 2 7 0 2 7 0 2 4 0 2 4 17 9 2 0 2 7 0 2 7 0 2 7 1 2 3 0 2 3 5 30 3 16 6 2 12 16 2 1 2 3 17 9 2 0 2 3 0 2 7 0 2 7 0 60.7405938506126404
17 9 2 0 2 7 0 2 11 5 30 3 0 2 7 1 2 7 5 30 3 1 2 7 6 2 4 0 2 7 1 2 7 17 18 2 17 9 2 17 18 2 0 2 4 1 2 3 17 9 2 0 2 7 0 2 7 1 2 7 1 2 7 6 2 7 13 6 3 1 2 7 1 2 7 1 2 7 0 2 7 0 2 7 0 2 7 0 2 7 0 2 7 0 2 7 0 2 4 0 2 7 5 30 3 0 2 7 0 2 3 5 31 3 0 2 7 0 2 7 5 31 3 0 2 7 1 2 7 0 2 7 1 2 7 0 2 4 1 2 7 5 30 3 16 6 2 1 2 7 1 2 4 16 19 11 0 2 7 5 31 3 0 2 7 0 2 11 0 2 7 0 2 7 0 2 7 0 2 7 0 61.3024576902389526

Current Evaluation = 17100(17100)
Front Size = 10
17 9 2 1 2 7 1 2 7 5 30 3 0 2 7 0 2 7 5 31 3 0 2 7 1 2 7 1 2 7 0 2 7 0 2 7 1 2 7 17 18 2 0 2 7 17 18 2 1 2 7 1 2 7 17 9 2 1 2 7 0 2 7 1 2 7 1 2 7 0 2 7 0 2 7 13 6 3 0 2 7 1 2 7 0 2 4 1 2 7 0 2 7 1 2 7 0 2 7 0 2 7 0 2 7 0 2 4 1 2 7 0 2 7 13 6 3 12 16 2 13 6 3 12 16 2 0 2 7 17 18 2 1 2 7 0 2 7 17 9 2 0 2 7 5 31 3 1 2 4 5 30 3 1 2 4 12 16 2 0 2 7 17 18 2 0 2 7 1 2 4 0 2 7 1 2 4 0 2 4 0 59.7875515222549438
17 9 2 0 2 7 0 2 7 0 2 7 0 2 4 5 31 3 0 2 7 0 2 7 1 2 7 5 30 3 0 2 7 12 16 2 1 2 7 1 2 7 0 2 7 0 2 7 1 2 7 0 2 7 1 2 7 1 2 7 17 18 2 5 30 3 17 18 2 1 2 7 0 2 7 17 18 2 17 9 2 17 9 2 1 2 7 1 2 7 1 2 7 0 2 7 1 2 7 1 2 7 0 2 7 13 6 3 5 31 3 1 2 7 0 2 7 0 2 7 1 2 7 1 2 7 0 2 7 0 2 7 0 2 4 12 16 2 13 6 3 0 2 4 13 6 3 0 2 7 0 2 4 0 2 4 0 2 7 0 2 4 1 2 7 1 2 7 1 2 7 17 9 2 12 16 2 1 2 4 0 59.7875515222549438
17 9 2 0 2 7 0 2 7 1 2 7 1 2 7 5 31 3 0 2 7 0 2 7 1 2 7 5 30 3 0 2 7 12 16 2 1 2 7 1 2 7 0 2 7 0 2 7 1 2 7 0 2 7 1 2 7 1 2 7 17 18 2 5 31 3 17 18 2 1 2 7 0 2 7 17 18 2 17 9 2 17 9 2 1 2 7 1 2 7 0 2 7 0 2 7 1 2 7 1 2 7 0 2 7 13 6 3 1 2 7 1 2 7 0 2 7 0 2 7 1 2 7 1 2 7 0 2 4 0 2 7 0 2 7 0 2 3 12 16 2 13 6 3 0 2 7 13 6 3 0 2 3 1 2 7 1 2 7 0 2 7 1 2 11 17 9 2 1 2 11 0 2 7 0 2 7 0 2 4 0 59.8072065114974976
17 9 2 0 2 7 0 2 7 1 2 7 1 2 7 5 31 3 0 2 4 0 2 7 5 30 3 0 2 7 0 2 7 12 16 2 1 2 7 1 2 7 0 2 7 0 2 7 1 2 7 0 2 7 1 2 7 1 2 7 17 18 2 0 2 7 5 31 3 17 18 2 1 2 7 1 2 3 17 18 2 0 2 7 1 2 7 1 2 7 0 2 7 1 2 7 1 2 7 0 2 7 13 6 3 0 2 7 0 2 4 1 2 7 0 2 7 0 2 7 1 2 7 0 2 7 0 2 7 0 2 7 13 6 3 16 6 2 0 2 7 0 2 3 0 2 7 17 9 2 5 31 3 1 2 7 1 2 7 0 2 7 0 2 7 0 2 4 17 18 2 1 2 7 1 2 7 1 2 7 0 59.9600826501846313
17 9 2 0 2 7 0 2 4 1 2 7 1 2 7 5 31 3 0 2 7 0 2 4 1 2 7 5 30 3 0 2 7 0 2 4 12 16 2 1 2 7 1 2 7 0 2 7 0 2 7 1 2 4 0 2 7 1 2 7 0 2 4 1 2 7 0 2 4 17 18 2 0 2 7 5 31 3 17 18 2 1 2 7 1 2 7 17 18 2 17 9 2 17 9 2 0 2 4 1 2 4 0 2 4 0 2 7 1 2 7 1 2 7 0 2 7 1 2 7 0 2 7 0 2 7 13 6 3 1 2 4 1 2 7 0 2 7 1 2 4 0 2 7 1 2 7 0 2 4 1 2 4 17 9 2 0 2 4 0 2 7 5 31 3 6 2 3 0 2 7 0 2 7 0 2 4 1 2 7 0 60.0918058156967163
17 9 2 1 2 7 0 2 7 1 2 4 1 2 7 5 30 3 0 2 7 0 2 7 1 2 11 5 30 3 0 2 7 13 6 3 12 16 2 0 2 7 0 2 7 0 2 7 0 2 3 1 2 4 1 2 4 1 2 7 0 2 3 17 18 2 0 2 7 17 18 2 1 2 11 0 2 7 17 18 2 17 9 2 17 9 2 1 2 7 1 2 7 1 2 7 1 2 7 0 2 7 0 2 4 13 6 3 0 2 7 0 2 7 1 2 3 12 16 2 0 2 4 0 2 7 0 2 7 1 2 7 5 31 3 12 16 2 13 6 3 1 2 7 0 2 4 0 2 7 1 2 7 0 2 3 1 2 3 0 2 7 0 2 7 1 2 7 17 18 2 1 2 11 0 2 7 1 2 4 0 60.2248774766921997
17 9 2 1 2 7 0 2 3 1 2 7 1 2 7 5 31 3 0 2 7 0 2 7 0 2 7 5 30 3 0 2 7 0 2 7 12 16 2 6 2 4 0 2 4 0 2 4 0 2 3 0 2 7 0 2 7 1 2 7 1 2 7 1 2 7 0 2 4 17 18 2 0 2 7 17 18 2 1 2 7 1 2 7 17 18 2 17 9 2 17 9 2 0 2 11 0 2 7 1 2 7 1 2 11 0 2 11 1 2 7 0 2 7 0 2 7 13 6 3 1 2 4 1 2 4 0 2 7 0 2 4 0 2 11 0 2 7 1 2 7 12 16 2 1 2 4 17 18 2 1 2 4 0 2 7 0 2 7 5 30 3 1 2 7 1 2 7 5 31 3 1 2 4 0 2 7 13 6 3 0 60.4460858702659607
17 9 2 0 2 7 0 2 7 5 31 3 1 2 7 1 2 7 5 30 3 0 2 7 1 2 7 0 2 7 1 2 7 17 18 2 0 2 3 17 18 2 0 2 7 0 2 7 17 9 2 0 2 7 0 2 7 1 2 7 1 2 7 1 2 7 13 6 3 0 2 7 0 2 7 0 2 7 0 2 7 0 2 7 0 2 3 1 2 7 0 2 7 0 2 3 0 2 4 0 2 3 12 16 2 0 2 7 1 2 3 5 30 3 0 2 7 1 2 7 5 31 3 1 2 7 0 2 7 0 2 4 1 2 7 1 2 3 0 2 7 5 31 3 16 6 2 1 2 7 1 2 7 17 9 2 6 2 7 16 19 11 6 2 7 5 30 3 0 2 4 16 30 2 1 2 3 0 2 7 0.00499003780721952398 61.117587685585022
17 9 2 0 2 7 1 2 7 0 2 3 1 2 7 5 30 3 1 2 7 0 2 7 1 2 11 5 31 3 0 2 7 12 16 2 0 2 7 1 2 7 0 2 4 0 2 7 0 2 7 0 2 7 1 2 7 1 2 7 17 18 2 5 31 3 17 18 2 1 2 7 0 2 7 17 18 2 17 9 2 8 9 2 0 2 7 1 2 7 0 2 11 0 2 7 0 2 7 1 2 7 0 2 7 13 6 3 1 2 7 0 2 7 0 2 7 5 30 3 0 2 7 0 2 7 0 2 3 12 16 2 16 19 11 1 2 7 13 6 3 0 2 7 0 2 7 1 2 7 1 2 7 0 2 11 12 16 2 1 2 7 0 2 7 0 2 7 1 2 7 1 2 7 0 2 11 16 6 2 0 61.0207675695419312
17 9 2 0 2 7 0 2 7 1 2 7 1 2 7 5 31 3 0 2 4 0 2 7 5 30 3 0 2 7 0 2 7 12 16 2 1 2 7 1 2 7 0 2 7 0 2 7 1 2 7 0 2 7 1 2 7 1 2 7 17 18 2 0 2 7 5 31 3 17 18 2 1 2 7 17 18 2 0 2 7 1 2 7 1 2 7 0 2 7 1 2 7 1 2 7 0 2 7 13 6 3 0 2 7 0 2 4 1 2 7 0 2 7 0 2 7 0 2 7 13 6 3 0 2 3 17 9 2 0 2 4 17 18 2 0 2 11 1 2 7 0 2 11 6 2 4 0 2 3 0 2 7 0 2 4 5 30 3 1 2 7 1 2 7 1 2 4 0 2 7 1 2 7 0 2 11 12 16 2 3.80068919648787835e-05 60.5995908379554749

Current Evaluation = 18000(18000)
Front Size = 10
17 9 2 0 2 7 0 2 7 0 2 7 0 2 4 5 31 3 0 2 7 0 2 7 1 2 7 5 30 3 0 2 7 12 16 2 1 2 7 1 2 7 0 2 7 0 2 7 1 2 7 0 2 7 1 2 7 1 2 7 17 18 2 5 30 3 17 18 2 1 2 7 0 2 7 17 18 2 17 9 2 17 9 2 1 2 7 1 2 7 1 2 7 0 2 7 1 2 7 1 2 7 0 2 7 13 6 3 5 31 3 1 2 7 0 2 7 0 2 7 1 2 7 1 2 7 0 2 7 0 2 7 0 2 4 12 16 2 13 6 3 0 2 4 13 6 3 0 2 7 0 2 4 0 2 4 0 2 7 0 2 4 1 2 7 1 2 7 1 2 7 17 9 2 12 16 2 1 2 4 0 59.7875515222549438
17 9 2 1 2 7 1 2 7 5 30 3 0 2 7 0 2 7 5 31 3 0 2 7 1 2 7 1 2 7 0 2 7 0 2 7 1 2 7 17 18 2 0 2 7 17 18 2 1 2 7 1 2 7 17 9 2 1 2 7 0 2 7 1 2 7 1 2 7 0 2 7 0 2 7 13 6 3 0 2 7 1 2 7 0 2 4 1 2 7 0 2 7 1 2 7 0 2 7 0 2 7 0 2 7 0 2 4 1 2 7 0 2 7 13 6 3 12 16 2 13 6 3 12 16 2 0 2 7 17 18 2 1 2 7 0 2 7 17 9 2 0 2 7 5 31 3 1 2 4 5 30 3 1 2 4 12 16 2 0 2 7 17 18 2 0 2 7 1 2 4 0 2 4 0 2 4 1 2 7 0 59.7875515222549438
17 9 2 0 2 7 0 2 7 5 31 3 1 2 7 1 2 7 5 30 3 0 2 7 1 2 7 0 2 7 1 2 7 17 18 2 0 2 3 17 18 2 0 2 7 0 2 7 17 9 2 0 2 7 0 2 7 1 2 7 1 2 7 1 2 7 13 6 3 0 2 7 0 2 7 0 2 7 0 2 7 0 2 7 0 2 3 1 2 7 0 2 7 0 2 3 0 2 4 0 2 3 12 16 2 0 2 7 1 2 3 5 30 3 0 2 7 1 2 7 5 31 3 1 2 7 0 2 7 0 2 4 1 2 7 1 2 3 0 2 7 5 31 3 16 6 2 1 2 7 1 2 7 17 9 2 6 2 7 16 19 11 6 2 7 5 30 3 0 2 4 16 30 2 1 2 3 0 2 7 0.00499003780721952398 61.117587685585022
17 9 2 0 2 7 0 2 7 1 2 7 1 2 7 5 31 3 0 2 4 0 2 7 5 30 3 0 2 7 0 2 7 12 16 2 1 2 7 1 2 7 0 2 7 0 2 7 1 2 7 0 2 7 1 2 7 1 2 7 17 18 2 0 2 7 5 31 3 17 18 2 1 2 7 1 2 3 17 18 2 0 2 7 1 2 7 1 2 7 0 2 7 1 2 7 1 2 7 0 2 7 13 6 3 0 2 7 0 2 4 1 2 7 0 2 7 0 2 7 1 2 7 0 2 7 0 2 7 0 2 7 13 6 3 16 6 2 0 2 7 0 2 3 0 2 7 17 9 2 5 31 3 1 2 7 1 2 7 0 2 7 0 2 7 0 2 4 17 18 2 1 2 7 1 2 7 1 2 7 0 59.9600826501846313
17 9 2 0 2 7 0 2 7 1 2 7 1 2 7 5 31 3 0 2 7 0 2 7 1 2 7 5 30 3 0 2 7 12 16 2 1 2 7 1 2 7 0 2 7 0 2 7 1 2 7 0 2 7 1 2 7 1 2 7 17 18 2 5 31 3 17 18 2 1 2 7 0 2 7 17 18 2 17 9 2 17 9 2 1 2 7 1 2 7 0 2 7 0 2 7 1 2 7 1 2 7 0 2 7 13 6 3 1 2 7 1 2 7 0 2 7 0 2 7 1 2 7 1 2 7 0 2 4 0 2 7 0 2 7 0 2 3 12 16 2 13 6 3 0 2 7 13 6 3 0 2 3 1 2 7 1 2 7 0 2 7 1 2 11 17 9 2 1 2 11 0 2 7 0 2 7 0 2 4 0 59.8072065114974976
17 9 2 0 2 7 0 2 4 1 2 7 1 2 7 5 31 3 0 2 7 0 2 4 1 2 7 5 30 3 0 2 7 0 2 4 12 16 2 1 2 7 1 2 7 0 2 7 0 2 7 1 2 4 0 2 7 1 2 7 0 2 4 1 2 7 0 2 4 17 18 2 0 2 7 5 31 3 17 18 2 1 2 7 1 2 7 17 18 2 17 9 2 17 9 2 0 2 4 1 2 4 0 2 4 0 2 7 1 2 7 1 2 7 0 2 7 1 2 7 0 2 7 0 2 7 13 6 3 1 2 4 1 2 7 0 2 7 1 2 4 0 2 7 1 2 7 0 2 4 1 2 4 17 9 2 0 2 4 0 2 7 5 31 3 6 2 3 0 2 7 0 2 7 0 2 4 1 2 7 0 60.0918058156967163
17 9 2 1 2 7 0 2 7 1 2 4 1 2 7 5 30 3 0 2 7 0 2 7 1 2 11 5 30 3 0 2 7 13 6 3 12 16 2 0 2 7 0 2 7 0 2 7 0 2 3 1 2 4 1 2 4 1 2 7 0 2 3 17 18 2 0 2 7 17 18 2 1 2 11 0 2 7 17 18 2 17 9 2 17 9 2 1 2 7 1 2 7 1 2 7 1 2 7 0 2 7 0 2 4 13 6 3 0 2 7 0 2 7 1 2 3 12 16 2 0 2 4 0 2 7 0 2 7 1 2 7 5 31 3 12 16 2 13 6 3 1 2 7 0 2 4 0 2 7 1 2 7 0 2 3 1 2 3 0 2 7 0 2 7 1 2 7 17 18 2 1 2 11 0 2 7 1 2 4 0 60.2248774766921997
17 9 2 1 2 7 0 2 7 1 2 7 5 30 3 0 2 7 0 2 7 0 2 7 13 6 3 12 16 2 0 2 7 0 2 7 0 2 7 0 2 3 1 2 7 17 18 2 0 2 7 17 18 2 0 2 7 17 18 2 17 9 2 1 2 7 1 2 7 1 2 7 1 2 7 0 2 7 0 2 4 13 6 3 0 2 7 0 2 7 1 2 3 0 2 4 0 2 7 0 2 7 1 2 7 5 31 3 1 2 7 0 2 4 0 2 7 1 2 7 0 2 7 0 2 7 1 2 7 17 18 2 0 2 7 1 2 7 1 2 11 5 30 3 1 2 4 1 2 4 0 2 3 0 2 7 5 31 3 0 2 7 1 2 7 1 2 7 0 2 7 1 2 3 1 2 11 1 2 4 4.32378450533164933e-05 60.434795618057251
17 9 2 1 2 7 0 2 7 1 2 7 5 30 3 0 2 7 0 2 7 0 2 7 13 6 3 12 16 2 0 2 7 0 2 7 0 2 7 0 2 3 1 2 7 17 18 2 0 2 7 17 18 2 0 2 7 17 18 2 17 9 2 1 2 7 1 2 7 1 2 7 1 2 7 0 2 7 0 2 4 13 6 3 0 2 7 0 2 7 1 2 3 0 2 4 0 2 7 0 2 7 1 2 7 5 31 3 1 2 7 0 2 4 0 2 7 1 2 7 0 2 7 0 2 7 1 2 7 17 18 2 0 2 7 1 2 7 1 2 11 1 2 7 1 2 4 1 2 4 0 2 3 1 2 11 0 2 7 12 16 2 1 2 7 1 2 7 0 2 7 16 6 2 1 2 7 1 2 7 0.00218515358067353791 59.6441324949264526
17 9 2 0 2 7 0 2 7 0 2 7 0 2 7 5 31 3 0 2 7 0 2 7 1 2 4 5 30 3 0 2 7 12 16 2 1 2 7 1 2 7 0 2 7 1 2 7 0 2 7 0 2 7 1 2 7 1 2 7 17 18 2 0 2 7 17 18 2 1 2 7 0 2 7 17 18 2 17 9 2 17 9 2 1 2 7 1 2 4 1 2 7 1 2 7 0 2 7 5 31 3 0 2 7 13 6 3 5 30 3 0 2 7 0 2 7 1 2 7 1 2 4 1 2 7 1 2 7 0 2 7 0 2 4 12 16 2 13 6 3 0 2 7 13 6 3 0 2 7 0 2 7 0 2 4 1 2 7 1 2 7 0 2 7 17 18 2 5 30 3 0 2 7 1 2 7 0 2 7 0 59.940948486328125

MonoObjective Genetic Algorithm
Number of Evaluations = 0
Mutation Probability = 0
Crossover Probability = 1
Population Size = 10
Survival Selection Type = 16

Time =  18039.2695019245148

Current Evaluation = 2020
Front Size = 10
17 9 2 0 2 7 0 2 7 0 2 7 0 2 4 5 31 3 0 2 7 0 2 7 1 2 7 5 30 3 0 2 7 12 16 2 1 2 7 1 2 7 0 2 7 0 2 7 1 2 7 0 2 7 1 2 7 1 2 7 17 18 2 5 30 3 17 18 2 1 2 7 0 2 7 17 18 2 17 9 2 17 9 2 1 2 7 1 2 7 1 2 7 0 2 7 1 2 7 1 2 7 0 2 7 13 6 3 5 31 3 1 2 7 0 2 7 0 2 7 1 2 7 1 2 7 0 2 7 0 2 7 0 2 4 12 16 2 13 6 3 0 2 4 13 6 3 0 2 7 0 2 4 0 2 4 0 2 7 0 2 4 1 2 7 1 2 7 1 2 7 17 9 2 12 16 2 1 2 4 0 59.7875515222549438
17 9 2 1 2 7 1 2 7 5 30 3 0 2 7 0 2 7 5 31 3 0 2 7 1 2 7 1 2 7 0 2 7 0 2 7 1 2 7 17 18 2 0 2 7 17 18 2 1 2 7 1 2 7 17 9 2 1 2 7 0 2 7 1 2 7 1 2 7 0 2 7 0 2 7 13 6 3 0 2 7 1 2 7 0 2 4 1 2 7 0 2 7 1 2 7 0 2 7 0 2 7 0 2 7 0 2 4 1 2 7 0 2 7 13 6 3 12 16 2 13 6 3 12 16 2 0 2 7 17 18 2 1 2 7 0 2 7 17 9 2 0 2 7 5 31 3 1 2 4 5 30 3 1 2 4 12 16 2 0 2 7 17 18 2 0 2 7 1 2 4 0 2 4 0 2 4 1 2 7 0 59.7875515222549438
17 9 2 0 2 7 0 2 7 5 31 3 1 2 7 1 2 7 5 30 3 0 2 7 1 2 7 0 2 7 1 2 7 17 18 2 0 2 3 17 18 2 0 2 7 0 2 7 17 9 2 0 2 7 0 2 7 1 2 7 1 2 7 1 2 7 13 6 3 0 2 7 0 2 7 0 2 7 0 2 7 0 2 7 0 2 3 1 2 7 0 2 7 0 2 3 0 2 4 0 2 3 12 16 2 0 2 7 1 2 3 5 30 3 0 2 7 1 2 7 5 31 3 1 2 7 0 2 7 0 2 4 1 2 7 1 2 3 0 2 7 5 31 3 16 6 2 1 2 7 1 2 7 17 9 2 6 2 7 16 19 11 6 2 7 5 30 3 0 2 4 16 30 2 1 2 3 0 2 7 0.00499003780721952398 61.117587685585022
17 9 2 0 2 7 0 2 7 1 2 7 1 2 7 5 31 3 0 2 4 0 2 7 5 30 3 0 2 7 0 2 7 12 16 2 1 2 7 1 2 7 0 2 7 0 2 7 1 2 7 0 2 7 1 2 7 1 2 7 17 18 2 0 2 7 5 31 3 17 18 2 1 2 7 1 2 3 17 18 2 0 2 7 1 2 7 1 2 7 0 2 7 1 2 7 1 2 7 0 2 7 13 6 3 0 2 7 0 2 4 1 2 7 0 2 7 0 2 7 1 2 7 0 2 7 0 2 7 0 2 7 13 6 3 16 6 2 0 2 7 0 2 3 0 2 7 17 9 2 5 31 3 1 2 7 1 2 7 0 2 7 0 2 7 0 2 4 17 18 2 1 2 7 1 2 7 1 2 7 0 59.9600826501846313
17 9 2 0 2 7 0 2 7 1 2 7 1 2 7 5 31 3 0 2 7 0 2 7 1 2 7 5 30 3 0 2 7 12 16 2 1 2 7 1 2 7 0 2 7 0 2 7 1 2 7 0 2 7 1 2 7 1 2 7 17 18 2 5 31 3 17 18 2 1 2 7 0 2 7 17 18 2 17 9 2 17 9 2 1 2 7 1 2 7 0 2 7 0 2 7 1 2 7 1 2 7 0 2 7 13 6 3 1 2 7 1 2 7 0 2 7 0 2 7 1 2 7 1 2 7 0 2 4 0 2 7 0 2 7 0 2 3 12 16 2 13 6 3 0 2 7 13 6 3 0 2 3 1 2 7 1 2 7 0 2 7 1 2 11 17 9 2 1 2 11 0 2 7 0 2 7 0 2 4 0 59.8072065114974976
17 9 2 0 2 7 0 2 4 1 2 7 1 2 7 5 31 3 0 2 7 0 2 4 1 2 7 5 30 3 0 2 7 0 2 4 12 16 2 1 2 7 1 2 7 0 2 7 0 2 7 1 2 4 0 2 7 1 2 7 0 2 4 1 2 7 0 2 4 17 18 2 0 2 7 5 31 3 17 18 2 1 2 7 1 2 7 17 18 2 17 9 2 17 9 2 0 2 4 1 2 4 0 2 4 0 2 7 1 2 7 1 2 7 0 2 7 1 2 7 0 2 7 0 2 7 13 6 3 1 2 4 1 2 7 0 2 7 1 2 4 0 2 7 1 2 7 0 2 4 1 2 4 17 9 2 0 2 4 0 2 7 5 31 3 6 2 3 0 2 7 0 2 7 0 2 4 1 2 7 0 60.0918058156967163
17 9 2 1 2 7 0 2 7 1 2 4 1 2 7 5 30 3 0 2 7 0 2 7 1 2 11 5 30 3 0 2 7 13 6 3 12 16 2 0 2 7 0 2 7 0 2 7 0 2 3 1 2 4 1 2 4 1 2 7 0 2 3 17 18 2 0 2 7 17 18 2 1 2 11 0 2 7 17 18 2 17 9 2 17 9 2 1 2 7 1 2 7 1 2 7 1 2 7 0 2 7 0 2 4 13 6 3 0 2 7 0 2 7 1 2 3 12 16 2 0 2 4 0 2 7 0 2 7 1 2 7 5 31 3 12 16 2 13 6 3 1 2 7 0 2 4 0 2 7 1 2 7 0 2 3 1 2 3 0 2 7 0 2 7 1 2 7 17 18 2 1 2 11 0 2 7 1 2 4 0 60.2248774766921997
17 9 2 1 2 7 0 2 7 1 2 7 5 30 3 0 2 7 0 2 7 0 2 7 13 6 3 12 16 2 0 2 7 0 2 7 0 2 7 0 2 3 1 2 7 17 18 2 0 2 7 17 18 2 0 2 7 17 18 2 17 9 2 1 2 7 1 2 7 1 2 7 1 2 7 0 2 7 0 2 4 13 6 3 0 2 7 0 2 7 1 2 3 0 2 4 0 2 7 0 2 7 1 2 7 5 31 3 1 2 7 0 2 4 0 2 7 1 2 7 0 2 7 0 2 7 1 2 7 17 18 2 0 2 7 1 2 7 1 2 11 5 30 3 1 2 4 1 2 4 0 2 3 0 2 7 5 31 3 0 2 7 1 2 7 1 2 7 0 2 7 1 2 3 1 2 11 1 2 4 4.32378450533164933e-05 60.434795618057251
17 9 2 1 2 7 0 2 7 1 2 7 5 30 3 0 2 7 0 2 7 0 2 7 13 6 3 12 16 2 0 2 7 0 2 7 0 2 7 0 2 3 1 2 7 17 18 2 0 2 7 17 18 2 0 2 7 17 18 2 17 9 2 1 2 7 1 2 7 1 2 7 1 2 7 0 2 7 0 2 4 13 6 3 0 2 7 0 2 7 1 2 3 0 2 4 0 2 7 0 2 7 1 2 7 5 31 3 1 2 7 0 2 4 0 2 7 1 2 7 0 2 7 0 2 7 1 2 7 17 18 2 0 2 7 1 2 7 1 2 11 1 2 7 1 2 4 1 2 4 0 2 3 1 2 11 0 2 7 12 16 2 1 2 7 1 2 7 0 2 7 16 6 2 1 2 7 1 2 7 0.00218515358067353791 59.6441324949264526
17 9 2 0 2 7 0 2 7 0 2 7 0 2 7 5 31 3 0 2 7 0 2 7 1 2 4 5 30 3 0 2 7 12 16 2 1 2 7 1 2 7 0 2 7 1 2 7 0 2 7 0 2 7 1 2 7 1 2 7 17 18 2 0 2 7 17 18 2 1 2 7 0 2 7 17 18 2 17 9 2 17 9 2 1 2 7 1 2 4 1 2 7 1 2 7 0 2 7 5 31 3 0 2 7 13 6 3 5 30 3 0 2 7 0 2 7 1 2 7 1 2 4 1 2 7 1 2 7 0 2 7 0 2 4 12 16 2 13 6 3 0 2 7 13 6 3 0 2 7 0 2 7 0 2 4 1 2 7 1 2 7 0 2 7 17 18 2 5 30 3 0 2 7 1 2 7 0 2 7 0 59.940948486328125

