Current Evaluation = 900(900)
Front Size = 10
1 2 7 17 9 2 1 2 7 1 2 7 0 2 7 1 2 7 0 2 7 5 31 3 0 2 7 0 2 7 17 9 2 5 31 3 0 2 7 5 30 3 0 2 7 12 16 2 1 2 7 0 2 7 0 2 7 17 9 2 12 16 2 0 2 7 5 30 3 8 18 2 0 2 7 0 2 7 5 30 3 6 2 7 0 2 7 0 2 7 0 2 7 1 2 4 0 2 7 1 2 7 0 2 4 0 2 7 1 2 7 0 2 7 17 18 2 1 2 7 0 2 7 1 2 7 0 2 7 0 2 7 0 2 7 5 30 3 0 2 7 0 2 7 1 2 7 0 2 7 5 31 3 16 6 2 16 30 2 1 2 7 13 6 3 1 2 4 0 2 7 1 2 7 0 2 11 0 2 7 0 61.1872915625572205
5 30 3 16 19 12 8 9 2 0 2 8 16 19 12 8 9 2 0 2 8 0 2 8 16 15 2 0 2 8 8 18 2 8 18 2 0 2 8 5 30 3 8 18 2 16 19 12 1 2 8 0 2 8 0 2 8 16 15 2 5 30 3 0 2 8 0 2 8 5 30 3 5 30 3 8 9 2 0 2 8 8 18 2 0 2 8 0 2 8 8 9 2 1 2 8 0 2 8 8 9 2 0 2 8 1 2 8 0 2 8 0 2 8 8 18 2 0 2 8 5 30 3 0 2 8 0 2 8 0 2 8 16 9 8 9 2 7 0 2 8 1 2 8 0 2 8 0 2 8 0 2 8 0 2 8 16 19 12 1 2 8 5 30 3 5 30 3 12 16 2 1 2 8 0 2 8 13 6 3 0.00444564535358955328 68.1789323091506958
0 2 7 0 2 3 1 2 3 8 18 2 0 2 4 5 30 3 1 2 3 0 2 3 16 19 11 0 2 7 16 19 11 5 30 3 0 2 7 5 30 3 8 18 2 1 2 3 0 2 3 0 2 7 5 30 3 1 2 10 0 2 7 0 2 7 0 2 3 0 2 3 0 2 3 0 2 3 12 16 2 12 16 2 5 30 3 0 2 7 5 30 3 0 2 7 0 2 7 0 2 3 0 2 7 5 30 3 0 2 3 12 16 2 1 2 7 1 2 3 0 2 3 5 30 3 0 2 3 0 2 7 16 6 2 0 2 3 16 19 11 6 2 7 16 6 2 0 2 3 0 2 3 0 2 3 16 19 11 1 2 7 0 2 7 0 2 3 16 6 2 0 2 7 0 2 3 0 2 7 0 64.6058722138404846
1 2 3 0 2 7 0 2 7 1 2 7 0 2 7 0 2 7 5 31 3 12 16 2 12 16 2 1 2 7 1 2 7 0 2 7 12 16 2 0 2 11 0 2 7 6 2 3 0 2 7 0 2 3 5 30 3 16 18 11 5 31 3 0 2 3 16 30 2 0 2 7 5 30 3 0 2 3 0 2 3 0 2 3 0 2 7 1 2 7 5 30 3 0 2 3 0 2 7 16 18 11 0 2 3 5 30 3 16 9 11 0 2 7 5 30 3 16 19 11 16 30 2 0 2 7 0 2 7 5 31 3 12 16 2 1 2 3 0 2 7 1 2 3 0 2 3 12 16 2 0 2 7 1 2 7 0 2 7 1 2 7 0 2 7 0 2 7 6 2 3 0 2 7 0 2 7 0 2 7 0 64.0777274966239929
0 2 4 5 30 3 0 2 7 1 2 7 1 2 3 0 2 7 5 30 3 0 2 7 0 2 7 17 18 2 16 19 11 0 2 7 17 18 2 5 31 3 1 2 11 13 6 3 0 2 4 0 2 3 17 18 2 12 16 2 5 30 3 0 2 7 0 2 7 0 2 7 0 2 4 1 2 7 0 2 3 1 2 7 1 2 7 12 16 2 0 2 7 0 2 11 1 2 7 1 2 7 12 16 2 0 2 7 16 6 2 17 18 2 1 2 7 1 2 4 0 2 7 0 2 4 5 30 3 1 2 7 13 6 3 1 2 7 5 30 3 12 16 2 0 2 7 16 6 2 0 2 7 0 2 7 8 18 2 0 2 7 0 2 7 12 16 2 0 2 7 0 2 7 8 18 2 0 2 4 0 61.60039222240448
8 9 2 5 30 3 5 30 3 8 18 2 5 30 3 12 16 2 5 30 3 5 30 3 5 30 3 5 30 3 8 18 2 8 18 2 5 30 3 16 15 2 0 2 7 1 2 7 16 19 11 0 2 7 0 2 7 0 2 7 0 2 7 16 19 11 0 2 7 0 2 7 0 2 7 0 2 7 0 2 7 17 18 2 1 2 8 0 2 3 0 2 8 0 2 11 8 18 2 0 2 7 1 2 1 8 9 2 0 2 7 1 2 3 16 19 12 1 2 8 6 2 7 0 2 11 1 2 7 0 2 3 6 2 11 0 2 4 0 2 8 0 2 7 0 2 8 1 2 1 0 2 8 0 2 8 0 2 8 1 2 11 16 24 2 9 2 7 1 2 8 16 9 8 0 2 3 0 2 8 0.00192561623387382331 65.4007720351219177
8 9 2 8 9 2 5 30 3 5 30 3 5 30 3 5 30 3 12 16 2 12 16 2 5 30 3 5 30 3 5 30 3 5 30 3 16 6 2 16 6 2 8 18 2 8 18 2 0 2 8 6 3 2 5 30 3 0 2 7 6 2 8 16 19 12 8 9 2 8 9 2 0 2 3 0 2 7 0 2 12 0 2 11 8 9 2 0 2 7 1 2 7 0 2 3 0 2 7 1 2 7 0 2 8 0 2 8 16 20 12 0 2 8 0 2 11 0 2 7 6 2 8 1 2 3 8 18 2 0 2 7 0 2 3 1 2 3 16 15 2 6 2 8 6 2 8 1 2 3 16 19 12 1 2 7 5 30 3 16 20 12 0 2 7 0 2 8 1 2 7 16 6 2 0 2 12 0 2 8 0.0385432609659198747 64.5110251903533936
0 2 7 8 9 2 5 30 3 0 2 7 1 2 7 0 2 7 0 2 7 5 30 3 0 2 11 0 2 7 17 9 2 16 19 11 1 2 7 8 18 2 5 31 3 0 2 7 12 16 2 0 2 7 0 2 7 17 9 2 12 16 2 0 2 7 1 2 7 1 2 13 0 2 7 0 2 7 0 2 7 5 30 3 6 2 4 0 2 11 0 2 7 0 2 7 0 2 7 0 2 7 12 16 2 0 2 7 0 2 7 16 19 13 0 2 13 0 2 7 17 9 2 16 32 2 0 2 11 1 2 7 5 31 3 1 2 7 0 2 7 5 31 3 1 2 11 1 2 7 1 2 7 0 2 7 5 31 3 1 2 4 12 16 2 8 18 2 0 2 7 8 18 2 17 9 2 12 16 2 0 63.6091607213020325
0 2 7 0 2 7 0 2 7 0 2 7 13 6 3 0 2 7 5 30 3 0 2 7 0 2 11 0 2 7 5 30 3 6 2 7 12 16 2 1 2 7 0 2 11 0 2 7 12 16 2 0 2 7 5 30 3 17 18 2 0 2 7 0 2 7 5 30 3 8 9 2 17 18 2 0 2 7 0 2 7 1 2 11 16 19 11 6 2 7 0 2 7 17 18 2 1 2 4 0 2 7 1 2 7 5 31 3 5 30 3 0 2 7 0 2 7 1 2 7 16 15 2 0 2 7 0 2 7 16 19 11 0 2 7 8 18 2 6 2 7 17 18 2 0 2 7 12 16 2 0 2 7 0 2 7 5 30 3 0 2 7 5 30 3 1 2 7 0 2 7 13 6 3 12 16 2 12 16 2 0 62.5304030776023865
8 9 2 5 30 3 5 30 3 5 30 3 12 16 2 5 30 3 16 15 2 0 2 7 1 2 7 16 19 11 0 2 7 0 2 7 0 2 7 0 2 7 0 2 7 0 2 7 0 2 7 0 2 7 0 2 7 17 18 2 0 2 3 0 2 7 8 9 2 0 2 7 1 2 3 6 2 7 1 2 7 0 2 3 0 2 4 0 2 7 0 2 3 17 9 2 12 16 2 1 2 7 5 30 3 8 18 2 0 2 7 5 30 3 16 19 11 1 2 8 0 2 8 0 2 11 1 2 7 0 2 7 1 2 4 1 2 8 1 2 4 6 2 11 0 2 4 0 2 8 0 2 7 0 2 7 0 2 8 0 2 3 1 2 11 1 2 4 1 2 7 17 9 2 16 9 8 0 2 8 7.07096150779967851e-05 63.5212525725364685

Current Evaluation = 1800(1800)
Front Size = 10
0 2 7 5 30 3 0 2 7 1 2 7 0 2 7 5 30 3 0 2 7 0 2 7 17 18 2 0 2 7 5 30 3 13 6 3 12 16 2 5 30 3 0 2 7 0 2 7 0 2 7 1 2 7 1 2 7 1 2 7 12 16 2 0 2 7 0 2 7 0 2 7 0 2 7 0 2 7 16 6 2 0 2 7 1 2 7 0 2 7 5 30 3 1 2 7 1 2 7 0 2 7 0 2 7 0 2 7 8 18 2 0 2 7 0 2 7 0 2 7 13 6 3 1 2 11 1 2 7 0 2 7 1 2 7 5 31 3 17 9 2 1 2 7 1 2 7 1 2 7 12 16 2 17 18 2 0 2 7 13 6 3 0 2 7 5 31 3 16 6 2 17 9 2 17 18 2 0 2 7 0 60.6680631637573242
0 2 7 0 2 4 0 2 7 1 2 7 5 30 3 0 2 7 0 2 7 0 2 7 5 31 3 12 16 2 0 2 7 12 16 2 0 2 7 5 30 3 5 30 3 16 19 11 0 2 7 1 2 7 1 2 7 5 30 3 0 2 7 1 2 7 1 2 7 0 2 7 0 2 7 0 2 4 0 2 7 12 16 2 0 2 7 12 16 2 1 2 7 0 2 7 1 2 7 8 18 2 1 2 4 0 2 7 0 2 7 0 2 7 5 31 3 0 2 4 0 2 7 1 2 11 0 2 7 17 9 2 1 2 7 8 18 2 0 2 4 12 16 2 16 24 2 17 9 2 8 9 2 0 2 12 16 19 11 1 2 7 17 18 2 0 2 7 0 2 7 1 2 7 17 9 2 13 6 3 0 62.2572002410888672
16 30 2 5 30 3 12 16 2 5 31 3 12 16 2 5 30 3 5 30 3 5 30 3 8 9 2 0 2 7 16 19 11 0 2 7 0 2 7 1 2 3 1 2 3 1 2 7 0 2 7 0 2 7 0 2 3 0 2 7 1 2 7 0 2 7 12 16 2 1 2 7 0 2 7 0 2 7 0 2 7 0 2 7 0 2 7 1 2 3 0 2 7 0 2 7 8 9 2 0 2 7 0 2 7 16 19 11 0 2 7 0 2 3 12 16 2 5 30 3 13 6 3 0 2 7 16 19 11 0 2 3 5 30 3 0 2 7 17 9 2 5 30 3 0 2 3 0 2 7 16 6 2 1 2 4 0 2 7 0 2 7 16 19 11 0 2 7 12 16 2 0 2 7 0 2 7 0 2 7 0 63.4482289552688599
0 2 7 0 2 7 0 2 7 0 2 7 6 2 7 5 30 3 0 2 7 1 2 7 0 2 7 5 30 3 12 16 2 1 2 10 0 2 7 12 16 2 0 2 7 5 31 3 0 2 4 0 2 3 5 30 3 1 2 10 0 2 3 16 19 11 0 2 7 1 2 7 0 2 7 5 31 3 5 30 3 0 2 7 1 2 7 1 2 7 0 2 7 0 2 7 0 2 7 0 2 7 12 16 2 0 2 7 12 16 2 12 16 2 16 30 2 0 2 7 0 2 10 17 18 2 1 2 7 8 18 2 6 2 7 1 2 7 0 2 7 16 19 11 16 6 2 0 2 7 17 18 2 0 2 7 16 30 2 5 31 3 0 2 7 0 2 7 0 2 7 5 30 3 0 2 7 13 6 3 0 62.435178279876709
5 30 3 5 30 3 0 2 7 5 31 3 12 16 2 5 30 3 5 30 3 5 30 3 8 18 2 0 2 3 1 2 7 16 19 11 0 2 10 0 2 7 0 2 10 5 30 3 13 6 3 0 2 7 0 2 7 0 2 3 0 2 7 0 2 7 17 18 2 0 2 7 0 2 7 1 2 7 0 2 3 0 2 7 1 2 7 0 2 4 0 2 3 0 2 7 12 16 2 0 2 7 17 18 2 5 30 3 1 2 3 1 2 7 6 2 3 1 2 7 0 2 7 16 6 2 0 2 7 1 2 7 0 2 7 0 2 7 0 2 3 0 2 7 1 2 4 17 9 2 0 2 7 0 2 3 0 2 3 0 2 7 1 2 7 16 30 2 1 2 7 1 2 11 16 19 11 0 2 3 0 62.7385972738265991
1 2 11 5 30 3 0 2 7 1 2 7 0 2 7 0 2 3 5 30 3 0 2 7 0 2 7 1 2 7 16 19 11 0 2 11 0 2 7 0 2 7 12 16 2 5 30 3 0 2 7 0 2 7 0 2 7 5 31 3 0 2 7 1 2 7 0 2 7 12 16 2 0 2 7 1 2 4 1 2 7 12 16 2 0 2 11 16 6 2 0 2 11 5 30 3 5 30 3 12 16 2 0 2 4 0 2 11 0 2 7 13 6 3 0 2 7 0 2 11 12 16 2 1 2 7 0 2 7 8 18 2 17 18 2 5 30 3 0 2 7 0 2 7 17 18 2 0 2 4 0 2 7 17 18 2 6 2 7 16 19 11 1 2 7 1 2 4 0 2 7 16 6 2 8 18 2 8 9 2 0 62.7243353724479675
0 2 7 0 2 3 1 2 3 8 18 2 0 2 4 5 30 3 1 2 3 0 2 3 16 19 11 0 2 7 16 19 11 5 30 3 0 2 7 5 30 3 8 18 2 1 2 3 0 2 3 0 2 7 5 30 3 1 2 10 0 2 7 0 2 7 0 2 3 0 2 3 0 2 3 0 2 3 12 16 2 12 16 2 5 30 3 0 2 7 5 30 3 0 2 7 0 2 7 0 2 3 0 2 7 5 30 3 0 2 3 12 16 2 1 2 7 1 2 3 0 2 3 5 30 3 0 2 3 0 2 7 16 6 2 0 2 3 16 19 11 6 2 7 16 6 2 0 2 3 0 2 3 0 2 3 16 19 11 1 2 7 0 2 7 0 2 3 16 6 2 0 2 7 0 2 3 0 2 7 0 64.6058722138404846
8 9 2 5 30 3 5 30 3 8 18 2 5 30 3 12 16 2 5 30 3 5 30 3 5 30 3 5 30 3 8 18 2 8 18 2 5 30 3 16 15 2 0 2 7 1 2 7 16 19 11 0 2 7 0 2 7 0 2 7 0 2 7 16 19 11 0 2 7 0 2 7 0 2 7 0 2 7 0 2 7 17 18 2 1 2 8 0 2 3 0 2 8 0 2 11 8 18 2 0 2 7 1 2 1 8 9 2 0 2 7 1 2 3 16 19 12 1 2 8 6 2 7 0 2 11 1 2 7 0 2 3 6 2 11 0 2 4 0 2 8 0 2 7 0 2 8 1 2 1 0 2 8 0 2 8 0 2 8 1 2 11 16 24 2 9 2 7 1 2 8 16 9 8 0 2 3 0 2 8 0.00192561623387382331 65.4007720351219177
5 30 3 16 19 12 8 9 2 0 2 8 16 19 12 8 9 2 0 2 8 0 2 8 16 15 2 0 2 8 8 18 2 8 18 2 0 2 8 5 30 3 8 18 2 16 19 12 1 2 8 0 2 8 0 2 8 16 15 2 5 30 3 0 2 8 0 2 8 5 30 3 5 30 3 8 9 2 0 2 8 8 18 2 0 2 8 0 2 8 8 9 2 1 2 8 0 2 8 8 9 2 0 2 8 1 2 8 0 2 8 0 2 8 8 18 2 0 2 8 5 30 3 0 2 8 0 2 8 0 2 8 16 9 8 9 2 7 0 2 8 1 2 8 0 2 8 0 2 8 0 2 8 0 2 8 16 19 12 1 2 8 5 30 3 5 30 3 12 16 2 1 2 8 0 2 8 13 6 3 0.00444564535358955328 68.1789323091506958
1 2 3 0 2 7 0 2 7 1 2 7 0 2 7 0 2 7 5 31 3 12 16 2 12 16 2 1 2 7 1 2 7 0 2 7 12 16 2 0 2 11 0 2 7 6 2 3 0 2 7 0 2 3 5 30 3 16 18 11 5 31 3 0 2 3 16 30 2 0 2 7 5 30 3 0 2 3 0 2 3 0 2 3 0 2 7 1 2 7 5 30 3 0 2 3 0 2 7 16 18 11 0 2 3 5 30 3 16 9 11 0 2 7 5 30 3 16 19 11 16 30 2 0 2 7 0 2 7 5 31 3 12 16 2 1 2 3 0 2 7 1 2 3 0 2 3 12 16 2 0 2 7 1 2 7 0 2 7 1 2 7 0 2 7 0 2 7 6 2 3 0 2 7 0 2 7 0 2 7 0 64.0777274966239929

Current Evaluation = 2700(2700)
Front Size = 10
0 2 7 5 30 3 0 2 7 1 2 7 0 2 7 5 30 3 0 2 7 0 2 7 17 18 2 0 2 7 5 30 3 13 6 3 12 16 2 5 30 3 0 2 7 0 2 7 0 2 7 1 2 7 1 2 7 1 2 7 12 16 2 0 2 7 0 2 7 0 2 7 0 2 7 0 2 7 16 6 2 0 2 7 1 2 7 0 2 7 5 30 3 1 2 7 1 2 7 0 2 7 0 2 7 0 2 7 8 18 2 0 2 7 0 2 7 0 2 7 13 6 3 1 2 11 1 2 7 0 2 7 1 2 7 5 31 3 17 9 2 1 2 7 1 2 7 1 2 7 12 16 2 17 18 2 0 2 7 13 6 3 0 2 7 5 31 3 16 6 2 17 9 2 17 18 2 0 2 7 0 60.6680631637573242
0 2 7 1 2 3 5 30 3 0 2 3 5 30 3 0 2 7 1 2 3 5 30 3 5 31 3 0 2 4 1 2 11 0 2 7 1 2 7 0 2 3 0 2 3 5 30 3 0 2 7 12 16 2 12 16 2 16 19 11 0 2 7 0 2 7 0 2 7 1 2 3 12 16 2 1 2 4 0 2 4 0 2 11 0 2 7 16 6 2 0 2 3 1 2 3 0 2 7 0 2 3 0 2 7 1 2 3 17 9 2 0 2 3 6 2 7 6 2 7 1 2 3 5 30 3 0 2 7 0 2 7 0 2 3 0 2 11 15 2 11 0 2 7 0 2 11 0 2 7 12 16 2 16 19 11 0 2 7 12 16 2 8 18 2 16 6 2 17 9 2 13 6 3 0 2 4 16 6 2 0 63.2101814746856689
8 9 2 5 30 3 5 30 3 8 18 2 5 30 3 12 16 2 5 30 3 5 30 3 5 30 3 5 30 3 8 18 2 8 18 2 5 30 3 16 15 2 0 2 7 1 2 7 16 19 11 0 2 7 0 2 7 0 2 7 0 2 7 16 19 11 0 2 7 0 2 7 0 2 7 0 2 7 0 2 7 17 18 2 1 2 8 0 2 3 0 2 8 0 2 11 8 18 2 0 2 7 1 2 1 8 9 2 0 2 7 1 2 3 16 19 12 1 2 8 6 2 7 0 2 11 1 2 7 0 2 3 6 2 11 0 2 4 0 2 8 0 2 7 0 2 8 1 2 1 0 2 8 0 2 8 0 2 8 1 2 11 16 24 2 9 2 7 1 2 8 16 9 8 0 2 3 0 2 8 0.00192561623387382331 65.4007720351219177
5 30 3 16 19 12 8 9 2 0 2 8 16 19 12 8 9 2 0 2 8 0 2 8 16 15 2 0 2 8 8 18 2 8 18 2 0 2 8 5 30 3 8 18 2 16 19 12 1 2 8 0 2 8 0 2 8 16 15 2 5 30 3 0 2 8 0 2 8 5 30 3 5 30 3 8 9 2 0 2 8 8 18 2 0 2 8 0 2 8 8 9 2 1 2 8 0 2 8 8 9 2 0 2 8 1 2 8 0 2 8 0 2 8 8 18 2 0 2 8 5 30 3 0 2 8 0 2 8 0 2 8 16 9 8 9 2 7 0 2 8 1 2 8 0 2 8 0 2 8 0 2 8 0 2 8 16 19 12 1 2 8 5 30 3 5 30 3 12 16 2 1 2 8 0 2 8 13 6 3 0.00444564535358955328 68.1789323091506958
16 30 2 5 30 3 12 16 2 5 31 3 12 16 2 5 30 3 5 30 3 5 30 3 8 9 2 0 2 7 16 19 11 0 2 7 0 2 7 1 2 3 1 2 3 1 2 7 0 2 7 0 2 7 0 2 3 0 2 7 1 2 7 0 2 7 12 16 2 1 2 7 0 2 7 0 2 7 0 2 7 0 2 7 0 2 7 1 2 3 0 2 7 0 2 7 8 9 2 0 2 7 0 2 7 16 19 11 0 2 7 0 2 3 12 16 2 5 30 3 13 6 3 0 2 7 16 19 11 0 2 3 5 30 3 0 2 7 17 9 2 5 30 3 0 2 3 0 2 7 16 6 2 1 2 4 0 2 7 0 2 7 16 19 11 0 2 7 12 16 2 0 2 7 0 2 7 0 2 7 0 63.4482289552688599
5 30 3 0 2 7 1 2 7 0 2 7 5 30 3 0 2 7 0 2 7 1 2 7 0 2 7 12 16 2 0 2 4 0 2 7 0 2 7 5 31 3 0 2 4 0 2 7 12 16 2 1 2 4 0 2 4 1 2 7 12 16 2 16 31 2 12 16 2 0 2 7 0 2 7 13 6 3 1 2 7 0 2 7 8 18 2 6 2 11 1 2 7 17 18 2 0 2 7 1 2 7 0 2 7 1 2 7 0 2 4 0 2 4 0 2 7 17 9 2 0 2 7 16 30 2 0 2 4 17 9 2 0 2 7 16 15 2 0 2 7 5 30 3 0 2 7 5 31 3 6 2 7 12 16 2 1 2 7 0 2 7 1 2 7 5 31 3 6 2 7 1 2 7 17 9 2 0 2 7 0 61.2844785451889038
1 2 11 5 30 3 0 2 7 1 2 7 0 2 7 0 2 3 5 30 3 0 2 7 0 2 7 1 2 7 16 19 11 0 2 11 0 2 7 0 2 7 12 16 2 5 30 3 0 2 7 0 2 7 0 2 7 5 31 3 0 2 7 1 2 7 0 2 7 12 16 2 0 2 7 1 2 4 1 2 7 12 16 2 0 2 11 16 6 2 0 2 11 5 30 3 5 30 3 12 16 2 0 2 4 0 2 11 0 2 7 13 6 3 0 2 7 0 2 11 12 16 2 1 2 7 0 2 7 8 18 2 17 18 2 5 30 3 0 2 7 0 2 7 17 18 2 0 2 4 0 2 7 17 18 2 6 2 7 16 19 11 1 2 7 1 2 4 0 2 7 16 6 2 8 18 2 8 9 2 0 62.7243353724479675
0 2 7 0 2 3 1 2 3 8 18 2 0 2 4 5 30 3 1 2 3 0 2 3 16 19 11 0 2 7 16 19 11 5 30 3 0 2 7 5 30 3 8 18 2 1 2 3 0 2 3 0 2 7 5 30 3 1 2 10 0 2 7 0 2 7 0 2 3 0 2 3 0 2 3 0 2 3 12 16 2 12 16 2 5 30 3 0 2 7 5 30 3 0 2 7 0 2 7 0 2 3 0 2 7 5 30 3 0 2 3 12 16 2 1 2 7 1 2 3 0 2 3 5 30 3 0 2 3 0 2 7 16 6 2 0 2 3 16 19 11 6 2 7 16 6 2 0 2 3 0 2 3 0 2 3 16 19 11 1 2 7 0 2 7 0 2 3 16 6 2 0 2 7 0 2 3 0 2 7 0 64.6058722138404846
5 30 3 0 2 7 1 2 7 0 2 7 5 30 3 0 2 7 0 2 7 1 2 7 16 19 11 0 2 7 0 2 3 0 2 3 12 16 2 5 30 3 0 2 4 0 2 7 0 2 7 5 31 3 1 2 4 0 2 7 0 2 3 12 16 2 1 2 7 0 2 4 1 2 7 12 16 2 16 6 2 5 30 3 12 16 2 0 2 7 0 2 7 13 6 3 0 2 3 1 2 7 0 2 7 8 18 2 1 2 7 1 2 7 0 2 3 17 18 2 0 2 7 1 2 7 0 2 7 1 2 4 1 2 3 0 2 4 1 2 7 0 2 7 0 2 3 1 2 7 13 6 3 0 2 3 1 2 7 17 9 2 5 30 3 17 18 2 0 2 7 16 30 2 0 2 4 17 9 2 0 61.52366042137146
0 2 7 1 2 7 0 2 7 1 2 3 0 2 3 1 2 7 0 2 7 12 16 2 0 2 7 6 2 3 0 2 7 0 2 7 12 16 2 12 16 2 0 2 7 1 2 7 1 2 3 1 2 3 5 30 3 16 19 11 0 2 7 16 9 11 5 30 3 16 31 2 17 18 2 0 2 7 1 2 3 1 2 3 13 6 3 5 31 3 0 2 7 0 2 7 1 2 7 6 2 7 0 2 7 5 31 3 0 2 7 16 19 11 1 2 7 0 2 3 12 16 2 0 2 7 0 2 7 0 2 3 0 2 4 1 2 7 0 2 7 0 2 3 1 2 7 17 18 2 0 2 7 0 2 7 0 2 7 16 6 2 5 30 3 0 2 7 0 2 7 0 2 7 5 30 3 0 2 3 0 62.6152273416519165

Current Evaluation = 3600(3600)
Front Size = 10
0 2 7 5 30 3 0 2 7 1 2 7 0 2 7 5 30 3 0 2 7 0 2 7 17 18 2 0 2 7 5 30 3 13 6 3 12 16 2 5 30 3 0 2 7 0 2 7 0 2 7 1 2 7 1 2 7 1 2 7 12 16 2 0 2 7 0 2 7 0 2 7 0 2 7 0 2 7 16 6 2 0 2 7 1 2 7 0 2 7 5 30 3 1 2 7 1 2 7 0 2 7 0 2 7 0 2 7 8 18 2 0 2 7 0 2 7 0 2 7 13 6 3 1 2 11 1 2 7 0 2 7 1 2 7 5 31 3 17 9 2 1 2 7 1 2 7 1 2 7 12 16 2 17 18 2 0 2 7 13 6 3 0 2 7 5 31 3 16 6 2 17 9 2 17 18 2 0 2 7 0 60.6680631637573242
0 2 3 5 30 3 0 2 3 1 2 3 0 2 3 5 30 3 0 2 7 0 2 7 17 18 2 0 2 3 5 30 3 8 18 2 12 16 2 5 30 3 0 2 3 0 2 3 0 2 7 1 2 7 12 16 2 5 30 3 8 18 2 0 2 3 12 16 2 0 2 7 1 2 7 0 2 3 0 2 3 1 2 3 16 6 2 0 2 3 0 2 7 5 30 3 5 30 3 0 2 3 1 2 7 0 2 3 0 2 11 1 2 7 0 2 7 0 2 7 0 2 7 0 2 3 0 2 7 0 2 3 0 2 4 0 2 3 1 2 7 16 20 12 16 6 2 1 2 7 1 2 3 1 2 11 0 2 3 16 19 11 16 19 11 0 2 3 16 6 2 8 9 2 1 2 7 0 2 7 0 63.8908504247665405
0 2 4 6 2 7 5 31 3 0 2 4 5 30 3 0 2 7 1 2 4 5 31 3 0 2 7 1 2 1 0 2 3 0 2 7 0 2 4 1 2 7 12 16 2 0 2 7 0 2 7 0 2 7 0 2 7 12 16 2 1 2 4 0 2 4 0 2 7 1 2 3 17 18 2 0 2 7 17 9 2 1 2 11 0 2 3 0 2 7 0 2 7 1 2 4 17 9 2 13 6 3 0 2 7 0 2 3 16 30 2 1 2 7 0 2 3 0 2 7 17 18 2 5 30 3 0 2 7 0 2 4 8 18 2 16 6 2 0 2 7 1 2 7 1 2 7 1 2 4 0 2 7 1 2 7 0 2 4 1 2 3 17 9 2 5 30 3 1 2 7 1 2 4 12 16 2 1 2 7 0 61.244867742061615
0 2 7 0 2 7 0 2 7 6 2 7 0 2 7 0 2 7 12 16 2 0 2 11 1 2 7 12 16 2 12 16 2 1 2 7 1 2 7 5 30 3 0 2 7 5 30 3 17 18 2 1 2 7 13 6 3 5 31 3 0 2 3 0 2 7 1 2 7 5 31 3 0 2 7 0 2 7 0 2 7 12 16 2 1 2 7 0 2 4 1 2 4 0 2 3 13 6 3 0 2 4 17 9 2 0 2 7 0 2 4 0 2 7 1 2 7 1 2 7 0 2 7 0 2 4 0 2 7 17 9 2 1 2 7 1 2 7 0 2 7 17 9 2 0 2 4 0 2 11 0 2 3 1 2 7 16 6 2 5 31 3 6 2 7 17 18 2 0 2 4 16 6 2 1 2 4 1 2 7 0 60.8243227005004883
8 9 2 5 30 3 5 30 3 8 18 2 5 30 3 12 16 2 5 30 3 5 30 3 5 30 3 5 30 3 8 18 2 8 18 2 5 30 3 16 15 2 0 2 7 1 2 7 16 19 11 0 2 7 0 2 7 0 2 7 0 2 7 16 19 11 0 2 7 0 2 7 0 2 7 0 2 7 0 2 7 17 18 2 1 2 8 0 2 3 0 2 8 0 2 11 8 18 2 0 2 7 1 2 1 8 9 2 0 2 7 1 2 3 16 19 12 1 2 8 6 2 7 0 2 11 1 2 7 0 2 3 6 2 11 0 2 4 0 2 8 0 2 7 0 2 8 1 2 1 0 2 8 0 2 8 0 2 8 1 2 11 16 24 2 9 2 7 1 2 8 16 9 8 0 2 3 0 2 8 0.00192561623387382331 65.4007720351219177
0 2 7 1 2 3 5 30 3 0 2 3 5 30 3 0 2 7 1 2 3 5 30 3 5 31 3 0 2 4 1 2 11 0 2 7 1 2 7 0 2 3 0 2 3 5 30 3 0 2 7 12 16 2 12 16 2 16 19 11 0 2 7 0 2 7 0 2 7 1 2 3 12 16 2 1 2 4 0 2 4 0 2 11 0 2 7 16 6 2 0 2 3 1 2 3 0 2 7 0 2 3 0 2 7 1 2 3 17 9 2 0 2 3 6 2 7 6 2 7 1 2 3 5 30 3 0 2 7 0 2 7 0 2 3 0 2 11 15 2 11 0 2 7 0 2 11 0 2 7 12 16 2 16 19 11 0 2 7 12 16 2 8 18 2 16 6 2 17 9 2 13 6 3 0 2 4 16 6 2 0 63.2101814746856689
1 2 11 1 2 7 0 2 7 1 2 7 0 2 3 0 2 7 0 2 7 12 16 2 0 2 3 0 2 3 1 2 7 12 16 2 12 16 2 0 2 7 1 2 3 5 30 3 16 9 11 0 2 7 5 30 3 17 18 2 0 2 7 13 6 3 5 31 3 0 2 7 1 2 3 0 2 4 0 2 7 0 2 3 5 30 3 0 2 7 16 31 2 0 2 7 1 2 7 12 16 2 1 2 7 0 2 3 0 2 3 1 2 3 0 2 7 5 30 3 0 2 7 0 2 7 1 2 7 16 24 2 5 30 3 0 2 7 0 2 3 17 9 2 0 2 7 0 2 7 0 2 7 16 31 2 0 2 3 0 2 7 0 2 3 6 2 7 1 2 7 16 6 2 1 2 7 1 2 7 0 62.1132924556732178
5 31 3 5 30 3 0 2 7 0 2 7 17 18 2 5 30 3 8 18 2 12 16 2 5 30 3 0 2 7 0 2 7 12 16 2 5 30 3 12 16 2 0 2 7 0 2 7 16 6 2 1 2 7 0 2 7 0 2 11 0 2 7 0 2 3 1 2 11 0 2 7 0 2 7 16 6 2 0 2 11 0 2 7 1 2 7 1 2 7 0 2 7 0 2 3 0 2 7 0 2 7 1 2 11 0 2 7 0 2 7 0 2 3 0 2 7 17 9 2 5 31 3 0 2 7 0 2 7 5 30 3 5 30 3 0 2 10 5 30 3 6 2 11 0 2 11 1 2 7 13 6 3 0 2 7 16 19 11 0 2 7 0 2 7 0 2 3 16 19 11 0 2 7 16 6 2 0 2 7 0 63.2456631660461426
5 30 3 0 2 3 0 2 11 1 2 7 5 30 3 0 2 3 0 2 7 0 2 3 16 19 11 0 2 3 0 2 7 1 2 7 12 16 2 5 30 3 0 2 7 0 2 7 0 2 7 1 2 4 0 2 7 5 30 3 1 2 3 0 2 3 0 2 3 12 16 2 17 18 2 1 2 3 0 2 7 1 2 3 5 30 3 8 9 2 0 2 7 1 2 7 0 2 3 0 2 3 0 2 7 16 30 2 16 30 2 0 2 3 16 19 11 8 9 2 0 2 7 0 2 3 1 2 7 1 2 7 16 19 11 1 2 7 5 30 3 0 2 3 0 2 7 0 2 3 0 2 7 0 2 7 0 2 7 5 30 3 0 2 7 5 30 3 0 2 7 0 2 7 0 2 3 16 19 11 0 64.0193144083023071
0 2 7 1 2 7 5 30 3 0 2 7 5 30 3 0 2 7 1 2 7 5 31 3 5 31 3 1 2 3 1 2 3 0 2 7 1 2 7 0 2 7 1 2 7 0 2 7 12 16 2 12 16 2 0 2 4 0 2 7 0 2 7 1 2 7 12 16 2 1 2 11 0 2 7 0 2 7 1 2 7 0 2 7 0 2 7 17 9 2 6 2 7 0 2 7 0 2 7 0 2 7 0 2 7 12 16 2 0 2 7 17 9 2 13 6 3 0 2 4 0 2 7 0 2 4 0 2 7 16 6 2 1 2 7 0 2 4 1 2 4 1 2 11 0 2 7 17 18 2 5 30 3 0 2 7 16 31 2 1 2 7 0 2 7 1 2 7 12 16 2 8 18 2 16 6 2 16 31 2 0 61.0637663006782532

Current Evaluation = 4500(4500)
Front Size = 10
0 2 7 0 2 7 0 2 7 0 2 4 0 2 7 0 2 7 12 16 2 0 2 7 0 2 7 12 16 2 12 16 2 1 2 7 1 2 7 5 31 3 0 2 7 5 30 3 17 18 2 1 2 7 13 6 3 5 31 3 0 2 7 1 2 7 0 2 4 1 2 7 0 2 4 12 16 2 1 2 7 0 2 7 1 2 7 0 2 7 0 2 7 0 2 7 1 2 4 0 2 7 8 18 2 1 2 7 1 2 7 17 9 2 1 2 4 16 6 2 0 2 7 1 2 7 1 2 7 5 31 3 0 2 4 17 18 2 1 2 7 0 2 7 1 2 7 17 9 2 0 2 7 0 2 7 0 2 7 17 9 2 13 6 3 0 2 4 0 2 7 1 2 4 12 16 2 16 6 2 0 60.3829444646835327
0 2 7 5 30 3 0 2 7 0 2 3 1 2 7 5 30 3 0 2 7 1 2 7 17 18 2 1 2 7 5 30 3 13 6 3 1 2 3 5 30 3 0 2 7 0 2 7 0 2 7 1 2 7 0 2 7 1 2 7 12 16 2 0 2 7 0 2 7 1 2 7 0 2 7 0 2 7 16 30 2 0 2 7 5 31 3 0 2 7 5 30 3 1 2 4 0 2 7 0 2 3 16 19 11 0 2 7 1 2 7 0 2 7 5 31 3 17 9 2 12 16 2 0 2 3 0 2 7 1 2 7 0 2 7 1 2 7 0 2 3 0 2 3 0 2 7 1 2 11 6 2 7 0 2 7 16 31 2 0 2 7 0 2 7 0 2 3 16 30 2 17 9 2 1 2 7 1 2 4 0 61.6389995217323303
8 9 2 5 30 3 5 30 3 8 18 2 5 30 3 12 16 2 5 30 3 5 30 3 5 30 3 5 30 3 8 18 2 8 18 2 5 30 3 16 15 2 0 2 7 1 2 7 16 19 11 0 2 7 0 2 7 0 2 7 0 2 7 16 19 11 0 2 7 0 2 7 0 2 7 0 2 7 0 2 7 17 18 2 1 2 8 0 2 3 0 2 8 0 2 11 8 18 2 0 2 7 1 2 1 8 9 2 0 2 7 1 2 3 16 19 12 1 2 8 6 2 7 0 2 11 1 2 7 0 2 3 6 2 11 0 2 4 0 2 8 0 2 7 0 2 8 1 2 1 0 2 8 0 2 8 0 2 8 1 2 11 16 24 2 9 2 7 1 2 8 16 9 8 0 2 3 0 2 8 0.00192561623387382331 65.4007720351219177
0 2 7 5 30 3 0 2 7 1 2 7 0 2 7 5 30 3 0 2 7 0 2 7 17 18 2 0 2 7 5 30 3 13 6 3 12 16 2 5 30 3 0 2 7 0 2 7 0 2 7 1 2 7 1 2 7 1 2 7 12 16 2 0 2 7 0 2 7 0 2 7 0 2 7 0 2 7 16 6 2 0 2 7 1 2 7 0 2 7 5 30 3 1 2 7 1 2 7 0 2 7 0 2 7 0 2 7 8 18 2 0 2 7 0 2 7 0 2 7 13 6 3 1 2 11 1 2 7 0 2 7 1 2 7 5 31 3 17 9 2 1 2 7 1 2 7 1 2 7 12 16 2 17 18 2 0 2 7 13 6 3 0 2 7 5 31 3 16 6 2 17 9 2 17 18 2 0 2 7 0 60.6680631637573242
0 2 7 1 2 3 5 30 3 0 2 3 5 30 3 0 2 7 1 2 3 5 30 3 5 31 3 0 2 4 1 2 11 0 2 7 1 2 7 0 2 3 0 2 3 5 30 3 0 2 7 12 16 2 12 16 2 16 19 11 0 2 7 0 2 7 0 2 7 1 2 3 12 16 2 1 2 4 0 2 4 0 2 11 0 2 7 16 6 2 0 2 3 1 2 3 0 2 7 0 2 3 0 2 7 1 2 3 17 9 2 0 2 3 6 2 7 6 2 7 1 2 3 5 30 3 0 2 7 0 2 7 0 2 3 0 2 11 15 2 11 0 2 7 0 2 11 0 2 7 12 16 2 16 19 11 0 2 7 12 16 2 8 18 2 16 6 2 17 9 2 13 6 3 0 2 4 16 6 2 0 63.2101814746856689
0 2 4 6 2 7 5 31 3 0 2 4 5 30 3 0 2 7 1 2 4 5 31 3 0 2 7 1 2 1 0 2 3 0 2 7 0 2 4 1 2 7 12 16 2 0 2 7 0 2 7 0 2 7 0 2 7 12 16 2 1 2 4 0 2 4 0 2 7 1 2 3 17 18 2 0 2 7 17 9 2 1 2 11 0 2 3 0 2 7 0 2 7 1 2 4 17 9 2 13 6 3 0 2 7 0 2 3 16 30 2 1 2 7 0 2 3 0 2 7 17 18 2 5 30 3 0 2 7 0 2 4 8 18 2 16 6 2 0 2 7 1 2 7 1 2 7 1 2 4 0 2 7 1 2 7 0 2 4 1 2 3 17 9 2 5 30 3 1 2 7 1 2 4 12 16 2 1 2 7 0 61.244867742061615
5 30 3 5 30 3 0 2 11 0 2 7 17 18 2 12 16 2 1 2 7 0 2 7 12 16 2 12 16 2 0 2 7 0 2 11 16 6 2 1 2 3 0 2 11 0 2 11 1 2 11 0 2 7 0 2 7 16 6 2 0 2 7 1 2 4 1 2 11 0 2 11 0 2 7 0 2 7 0 2 6 0 2 7 0 2 7 0 2 7 8 9 2 5 30 3 0 2 7 1 2 7 13 6 3 5 30 3 8 18 2 0 2 7 5 30 3 0 2 7 12 16 2 0 2 11 0 2 7 0 2 7 0 2 11 5 30 3 5 30 3 0 2 11 5 30 3 1 2 11 1 2 7 17 18 2 8 18 2 0 2 11 0 2 3 17 9 2 16 19 11 0 2 7 16 30 2 1 2 7 0 63.2375335693359375
0 2 7 5 30 3 0 2 7 1 2 7 0 2 7 5 30 3 0 2 7 0 2 7 17 18 2 0 2 7 5 30 3 12 16 2 5 30 3 0 2 7 0 2 7 0 2 7 1 2 7 0 2 7 0 2 7 0 2 7 0 2 7 5 30 3 8 18 2 1 2 11 13 6 3 0 2 4 1 2 7 12 16 2 6 2 11 16 6 2 5 30 3 8 9 2 0 2 8 1 2 7 1 2 7 0 2 7 8 18 2 0 2 7 0 2 11 1 2 8 5 30 3 16 19 11 6 2 7 0 2 7 1 2 7 1 2 1 17 9 2 16 24 2 1 2 7 1 2 7 5 30 3 17 18 2 16 15 2 8 9 2 0 2 3 0 2 8 16 6 2 17 9 2 17 18 2 0 2 8 0.113764211082639316 62.0694704651832581
0 2 7 0 2 7 0 2 7 0 2 7 6 2 7 0 2 7 12 16 2 0 2 7 1 2 7 12 16 2 12 16 2 1 2 7 0 2 7 5 31 3 0 2 7 5 31 3 17 18 2 1 2 7 13 6 3 5 31 3 0 2 7 0 2 7 6 2 7 0 2 7 1 2 7 0 2 7 12 16 2 1 2 7 0 2 7 1 2 7 0 2 7 17 22 2 0 2 7 0 2 7 1 2 7 0 2 7 1 2 7 1 2 7 0 2 7 0 2 7 17 9 2 1 2 3 0 2 7 0 2 7 16 30 2 0 2 7 16 6 2 0 2 4 1 2 7 1 2 7 0 2 7 5 30 3 0 2 7 5 30 3 12 16 2 16 31 2 1 2 7 17 18 2 1 2 7 1 2 7 0 61.0448944568634033
5 30 3 5 30 3 0 2 3 17 18 2 12 16 2 1 2 7 1 2 7 12 16 2 12 16 2 0 2 7 16 6 2 0 2 7 0 2 7 16 15 2 0 2 3 0 2 4 0 2 7 0 2 7 1 2 3 0 2 7 8 9 2 5 30 3 0 2 7 1 2 7 5 30 3 8 18 2 0 2 7 5 30 3 0 2 7 12 16 2 0 2 7 0 2 7 5 30 3 1 2 7 17 18 2 8 18 2 0 2 7 16 19 11 0 2 7 1 2 7 1 2 7 0 2 7 5 30 3 0 2 11 0 2 7 1 2 7 1 2 7 8 9 2 0 2 7 0 2 7 13 6 3 0 2 7 0 2 7 0 2 7 0 2 11 0 2 3 1 2 4 0 2 7 17 9 2 16 6 2 0 62.2717082500457764

Current Evaluation = 5400(5400)
Front Size = 10
0 2 7 0 2 7 0 2 7 0 2 7 0 2 7 12 16 2 0 2 7 0 2 4 12 16 2 12 16 2 1 2 7 0 2 7 5 31 3 0 2 4 5 31 3 17 18 2 0 2 7 13 6 3 5 31 3 0 2 7 0 2 7 0 2 7 1 2 7 0 2 7 12 16 2 1 2 7 0 2 7 1 2 7 0 2 7 0 2 7 0 2 7 1 2 7 1 2 7 1 2 7 1 2 7 0 2 4 0 2 7 17 9 2 1 2 7 16 6 2 0 2 7 1 2 7 1 2 7 5 30 3 1 2 7 1 2 7 17 18 2 1 2 7 1 2 7 0 2 7 17 18 2 13 6 3 0 2 7 0 2 7 8 18 2 0 2 7 1 2 4 16 6 2 17 9 2 1 2 4 0 60.2245944738388062
1 2 7 0 2 7 0 2 7 0 2 7 0 2 7 12 16 2 0 2 7 0 2 7 12 16 2 12 16 2 1 2 4 0 2 7 5 31 3 1 2 7 5 31 3 17 18 2 1 2 7 13 6 3 5 31 3 0 2 7 0 2 4 0 2 7 0 2 4 1 2 7 12 16 2 1 2 4 0 2 4 1 2 7 0 2 7 0 2 7 0 2 7 1 2 7 0 2 7 1 2 4 0 2 7 1 2 7 0 2 4 17 9 2 1 2 4 16 6 2 0 2 7 0 2 7 6 2 4 5 31 3 12 16 2 0 2 4 17 18 2 0 2 4 1 2 7 0 2 7 17 9 2 0 2 7 0 2 7 16 6 2 6 2 7 0 2 7 1 2 7 5 31 3 16 30 2 1 2 7 0 60.7365016937255859
1 2 3 5 30 3 1 2 7 6 2 3 0 2 3 5 30 3 0 2 7 0 2 3 17 18 2 0 2 3 5 30 3 13 6 3 0 2 7 5 30 3 1 2 7 1 2 3 0 2 7 1 2 7 0 2 7 12 16 2 0 2 3 0 2 3 1 2 4 0 2 4 16 15 2 0 2 3 0 2 3 5 30 3 0 2 7 0 2 7 0 2 7 0 2 3 0 2 7 17 9 2 12 16 2 1 2 3 1 2 3 0 2 4 1 2 4 0 2 3 0 2 3 8 18 2 16 19 11 0 2 3 0 2 7 12 16 2 0 2 3 0 2 7 16 30 2 0 2 3 0 2 7 8 18 2 16 6 2 0 2 7 0 2 3 1 2 7 16 6 2 12 16 2 1 2 7 5 30 3 0 62.8313804864883423
0 2 7 0 2 7 1 2 7 0 2 7 0 2 7 12 16 2 0 2 3 12 16 2 6 2 7 0 2 7 5 31 3 0 2 11 5 31 3 17 18 2 0 2 7 13 6 3 0 2 7 0 2 7 0 2 7 0 2 7 1 2 7 1 2 7 0 2 7 5 31 3 1 2 10 0 2 7 1 2 11 1 2 10 0 2 3 17 9 2 0 2 7 0 2 7 0 2 7 0 2 7 0 2 7 1 2 7 17 9 2 0 2 7 1 2 7 5 30 3 16 6 2 6 2 7 5 30 3 12 16 2 16 30 2 0 2 7 16 30 2 5 30 3 0 2 7 0 2 7 0 2 7 0 2 7 0 2 7 5 31 3 0 2 7 1 2 7 1 2 4 16 30 2 5 30 3 1 2 4 0 61.5368666648864746
5 30 3 0 2 7 0 2 4 13 6 3 0 2 4 0 2 7 1 2 7 1 2 4 0 2 4 12 16 2 6 2 3 0 2 7 0 2 7 17 9 2 12 16 2 1 2 7 12 16 2 0 2 3 0 2 4 0 2 4 17 18 2 1 2 7 5 31 3 0 2 7 0 2 7 1 2 7 0 2 7 0 2 7 1 2 7 1 2 7 5 30 3 17 9 2 5 31 3 1 2 3 17 18 2 6 2 7 0 2 4 0 2 4 1 2 7 1 2 7 0 2 7 5 30 3 17 9 2 0 2 7 0 2 7 1 2 7 16 31 2 1 2 7 0 2 7 0 2 7 0 2 4 17 1 2 1 2 7 0 2 7 0 2 7 1 2 7 1 2 4 0 2 4 12 16 2 0 2 7 0 60.8828795552253723
5 30 3 5 30 3 6 2 7 5 31 3 5 30 3 0 2 4 1 2 7 0 2 7 12 16 2 1 2 4 1 2 7 0 2 7 0 2 7 12 16 2 0 2 7 0 2 7 17 18 2 1 2 7 17 9 2 0 2 7 1 2 4 17 9 2 13 6 3 0 2 7 1 2 7 0 2 7 5 30 3 0 2 7 13 6 3 16 15 2 0 2 7 1 2 7 0 2 7 0 2 7 0 2 7 8 9 2 5 30 3 0 2 7 12 16 2 1 2 7 0 2 7 0 2 7 0 2 7 16 6 2 1 2 7 17 18 2 1 2 7 0 2 7 1 2 7 0 2 7 5 30 3 0 2 4 0 2 7 0 2 7 17 9 2 0 2 3 0 2 7 1 2 7 8 9 2 0 2 7 0 61.0226612687110901
0 2 7 1 2 3 5 30 3 0 2 3 5 30 3 0 2 7 1 2 3 5 30 3 5 31 3 0 2 4 1 2 11 0 2 7 1 2 7 0 2 3 0 2 3 5 30 3 0 2 7 12 16 2 12 16 2 16 19 11 0 2 7 0 2 7 0 2 7 1 2 3 12 16 2 1 2 4 0 2 4 0 2 11 0 2 7 16 6 2 0 2 3 1 2 3 0 2 7 0 2 3 0 2 7 1 2 3 17 9 2 0 2 3 6 2 7 6 2 7 1 2 3 5 30 3 0 2 7 0 2 7 0 2 3 0 2 11 15 2 11 0 2 7 0 2 11 0 2 7 12 16 2 16 19 11 0 2 7 12 16 2 8 18 2 16 6 2 17 9 2 13 6 3 0 2 4 16 6 2 0 63.2101814746856689
0 2 4 6 2 7 5 31 3 0 2 4 5 30 3 0 2 7 1 2 4 5 31 3 0 2 7 1 2 1 0 2 3 0 2 7 0 2 4 1 2 7 12 16 2 0 2 7 0 2 7 0 2 7 0 2 7 12 16 2 1 2 4 0 2 4 0 2 7 1 2 3 17 18 2 0 2 7 17 9 2 1 2 11 0 2 3 0 2 7 0 2 7 1 2 4 17 9 2 13 6 3 0 2 7 0 2 3 16 30 2 1 2 7 0 2 3 0 2 7 17 18 2 5 30 3 0 2 7 0 2 4 8 18 2 16 6 2 0 2 7 1 2 7 1 2 7 1 2 4 0 2 7 1 2 7 0 2 4 1 2 3 17 9 2 5 30 3 1 2 7 1 2 4 12 16 2 1 2 7 0 61.244867742061615
0 2 7 0 2 7 1 2 7 0 2 7 0 2 7 12 16 2 12 16 2 0 2 3 5 31 3 5 30 3 17 18 2 0 2 3 13 6 3 0 2 3 0 2 7 0 2 7 0 2 7 1 2 7 1 2 7 1 2 7 5 31 3 0 2 7 17 9 2 1 2 7 0 2 7 0 2 7 1 2 3 0 2 7 1 2 7 17 9 2 1 2 7 0 2 7 5 30 3 16 6 2 12 16 2 0 2 7 0 2 7 0 2 7 0 2 7 1 2 7 1 2 3 12 16 2 0 2 7 1 2 7 13 6 3 6 2 7 0 2 7 1 2 7 0 2 3 0 2 7 5 30 3 16 6 2 0 2 7 8 18 2 0 2 7 12 16 2 5 31 3 0 2 7 16 6 2 16 20 12 0 61.3976233601570129
0 2 7 1 2 7 0 2 7 0 2 7 0 2 7 12 16 2 0 2 4 0 2 7 12 16 2 12 16 2 0 2 7 1 2 7 0 2 7 17 18 2 0 2 3 13 6 3 0 2 7 0 2 4 0 2 7 0 2 3 0 2 7 12 16 2 1 2 3 1 2 7 1 2 7 0 2 7 16 6 2 5 30 3 8 18 2 1 2 7 16 6 2 0 2 7 16 6 2 16 6 2 0 2 7 5 31 3 5 30 3 0 2 3 0 2 4 5 30 3 0 2 7 1 2 3 0 2 7 0 2 7 1 2 7 0 2 7 0 2 3 1 2 3 5 30 3 1 2 3 5 31 3 6 2 11 1 2 7 0 2 7 17 18 2 8 18 2 0 2 4 0 2 4 1 2 1 17 9 2 0 61.8665645122528076

Current Evaluation = 6300(6300)
Front Size = 10
1 2 7 0 2 7 0 2 4 1 2 7 0 2 7 12 16 2 0 2 7 12 16 2 12 16 2 1 2 7 0 2 7 5 31 3 5 31 3 17 18 2 0 2 7 13 6 3 5 31 3 0 2 7 0 2 7 0 2 7 6 2 4 0 2 7 12 16 2 1 2 7 0 2 7 1 2 7 0 2 4 0 2 7 0 2 7 1 2 7 0 2 7 1 2 7 1 2 7 0 2 7 17 9 2 1 2 7 16 31 2 0 2 7 1 2 7 5 30 3 17 18 2 0 2 7 13 6 3 0 2 7 0 2 7 0 2 7 0 2 4 16 6 2 17 9 2 1 2 7 0 2 7 1 2 7 0 2 7 1 2 7 1 2 7 1 2 7 1 2 4 0 2 7 17 18 2 1 2 7 0 60.1419845223426819
0 2 7 1 2 7 0 2 7 0 2 3 0 2 7 12 16 2 12 16 2 0 2 7 5 31 3 5 30 3 17 18 2 1 2 7 13 6 3 0 2 7 0 2 3 0 2 7 0 2 7 1 2 4 0 2 7 5 31 3 0 2 3 17 9 2 1 2 3 0 2 7 0 2 7 5 31 3 1 2 4 17 9 2 0 2 7 16 6 2 12 16 2 1 2 4 0 2 7 0 2 7 0 2 7 1 2 7 1 2 7 17 18 2 0 2 7 1 2 3 16 6 2 1 2 7 0 2 7 1 2 3 0 2 7 1 2 7 1 2 7 16 30 2 0 2 7 12 16 2 0 2 7 1 2 7 0 2 3 0 2 7 0 2 7 13 6 3 1 2 4 1 2 7 1 2 7 0 2 7 0 60.652173638343811
0 2 4 6 2 7 5 31 3 0 2 4 5 30 3 0 2 7 1 2 4 5 31 3 0 2 7 1 2 1 0 2 3 0 2 7 0 2 4 1 2 7 12 16 2 0 2 7 0 2 7 0 2 7 0 2 7 12 16 2 1 2 4 0 2 4 0 2 7 1 2 3 17 18 2 0 2 7 17 9 2 1 2 11 0 2 3 0 2 7 0 2 7 1 2 4 17 9 2 13 6 3 0 2 7 0 2 3 16 30 2 1 2 7 0 2 3 0 2 7 17 18 2 5 30 3 0 2 7 0 2 4 8 18 2 16 6 2 0 2 7 1 2 7 1 2 7 1 2 4 0 2 7 1 2 7 0 2 4 1 2 3 17 9 2 5 30 3 1 2 7 1 2 4 12 16 2 1 2 7 0 61.244867742061615
0 2 4 1 2 7 0 2 7 0 2 7 0 2 7 12 16 2 12 16 2 0 2 7 5 31 3 5 30 3 17 18 2 1 2 7 13 6 3 0 2 7 0 2 3 0 2 7 0 2 7 0 2 7 5 30 3 0 2 3 17 9 2 1 2 7 1 2 7 0 2 7 5 31 3 17 9 2 0 2 11 16 30 2 12 16 2 0 2 7 0 2 7 0 2 7 1 2 7 1 2 7 17 18 2 1 2 7 1 2 3 16 6 2 0 2 7 0 2 11 1 2 7 1 2 7 12 16 2 1 2 7 13 6 3 1 2 7 13 6 3 1 2 3 0 2 7 1 2 7 1 2 7 0 2 3 1 2 7 0 2 7 0 2 7 17 9 2 0 2 7 0 2 7 1 2 7 0 2 7 0 60.4526946544647217
5 31 3 1 2 7 0 2 7 13 6 3 0 2 7 0 2 4 1 2 7 1 2 11 12 16 2 0 2 4 1 2 7 17 9 2 12 16 2 0 2 3 12 16 2 0 2 4 17 18 2 1 2 7 5 31 3 0 2 7 1 2 3 1 2 7 0 2 7 0 2 7 1 2 7 0 2 7 5 30 3 17 9 2 17 18 2 1 2 7 1 2 7 1 2 3 1 2 7 5 31 3 17 9 2 0 2 7 0 2 7 6 2 7 1 2 7 0 2 7 0 2 7 0 2 4 6 2 7 0 2 4 0 2 7 0 2 7 1 2 3 1 2 7 0 2 7 12 16 2 0 2 4 0 2 3 1 2 7 16 6 2 0 2 7 0 2 4 16 6 2 0 2 7 0 2 3 13 6 3 0 60.7129756212234497
5 31 3 0 2 7 0 2 4 13 6 3 1 2 7 0 2 7 0 2 7 12 16 2 0 2 3 1 2 7 8 9 2 12 16 2 0 2 7 12 16 2 1 2 7 17 18 2 5 31 3 0 2 7 1 2 4 1 2 7 17 9 2 17 18 2 0 2 7 17 9 2 0 2 7 1 2 7 0 2 7 0 2 7 0 2 7 6 2 7 0 2 7 0 2 7 0 2 7 0 2 4 0 2 7 1 2 7 0 2 7 1 2 4 0 2 7 16 30 2 0 2 7 0 2 7 1 2 7 1 2 4 0 2 7 16 15 2 5 30 3 5 31 3 1 2 7 1 2 7 1 2 4 17 18 2 6 2 7 0 2 4 0 2 7 5 30 3 1 2 7 1 2 7 0 2 4 0 2 7 0 60.7295796871185303
0 2 7 1 2 7 0 2 4 0 2 7 0 2 7 12 16 2 12 16 2 0 2 7 5 31 3 5 30 3 17 18 2 1 2 7 13 6 3 0 2 7 0 2 7 0 2 7 0 2 7 6 2 7 0 2 7 5 31 3 0 2 7 17 9 2 1 2 7 0 2 7 0 2 7 5 31 3 1 2 7 17 9 2 0 2 7 5 30 3 16 6 2 12 16 2 1 2 7 0 2 7 0 2 7 0 2 4 0 2 7 1 2 7 1 2 4 5 30 3 0 2 7 1 2 7 1 2 4 1 2 4 16 30 2 17 18 2 0 2 7 1 2 3 1 2 3 0 2 7 0 2 7 0 2 7 0 2 7 1 2 4 0 2 7 0 2 7 1 2 4 16 31 2 1 2 4 0 2 7 0 60.7795996069908142
5 31 3 1 2 7 0 2 7 13 6 3 1 2 7 0 2 7 0 2 7 12 16 2 0 2 7 1 2 7 8 9 2 12 16 2 0 2 7 12 16 2 0 2 4 17 18 2 1 2 7 5 31 3 1 2 7 1 2 7 0 2 4 0 2 4 0 2 7 1 2 4 6 2 4 5 31 3 17 9 2 17 18 2 0 2 4 1 2 4 1 2 7 17 9 2 0 2 7 1 2 4 1 2 7 1 2 7 1 2 4 0 2 7 17 18 2 0 2 7 0 2 7 0 2 7 1 2 7 0 2 7 12 16 2 1 2 4 0 2 4 0 2 7 0 2 7 0 2 7 1 2 7 1 2 11 5 31 3 0 2 7 0 2 7 0 2 4 16 6 2 0 2 7 17 18 2 0 2 4 0 60.7361966967582703
0 2 7 1 2 3 0 2 7 0 2 3 0 2 7 12 16 2 0 2 3 0 2 3 12 16 2 12 16 2 0 2 7 1 2 3 0 2 4 17 18 2 0 2 3 13 6 3 0 2 3 1 2 7 0 2 4 1 2 3 12 16 2 1 2 3 1 2 3 0 2 3 16 6 2 5 30 3 8 9 2 1 2 7 1 2 7 0 2 3 0 2 7 5 30 3 0 2 7 0 2 3 1 2 7 0 2 7 0 2 7 1 2 11 0 2 7 1 2 7 5 30 3 1 2 7 17 18 2 0 2 7 0 2 7 5 30 3 17 9 2 0 2 7 0 2 7 16 6 2 13 6 3 1 2 7 17 9 2 0 2 7 1 2 7 1 2 7 1 2 3 0 2 7 1 2 7 8 18 2 0 61.6391634941101074
1 2 7 0 2 7 0 2 7 0 2 4 0 2 7 12 16 2 12 16 2 0 2 7 5 30 3 5 30 3 17 18 2 1 2 7 13 6 3 0 2 7 1 2 4 0 2 7 15 2 11 0 2 3 0 2 7 5 31 3 0 2 7 17 9 2 1 2 7 0 2 7 0 2 7 0 2 7 17 9 2 0 2 7 5 30 3 16 6 2 12 16 2 0 2 4 1 2 7 1 2 4 0 2 7 0 2 7 0 2 3 1 2 7 5 30 3 1 2 7 0 2 7 1 2 7 16 30 2 17 18 2 1 2 7 0 2 4 1 2 7 13 6 3 5 31 3 1 2 7 1 2 7 17 9 2 0 2 7 0 2 7 0 2 4 0 2 4 1 2 7 0 2 7 0 2 7 1 2 7 0 60.6505224704742432

Current Evaluation = 7200(7200)
Front Size = 10
1 2 7 0 2 7 0 2 4 1 2 7 0 2 7 12 16 2 0 2 7 12 16 2 12 16 2 1 2 7 0 2 7 5 31 3 5 31 3 17 18 2 0 2 7 13 6 3 5 31 3 0 2 7 0 2 7 0 2 7 6 2 4 0 2 7 12 16 2 1 2 7 0 2 7 1 2 7 0 2 4 0 2 7 0 2 7 1 2 7 0 2 7 1 2 7 1 2 7 0 2 7 17 9 2 1 2 7 16 31 2 0 2 7 1 2 7 5 30 3 17 18 2 0 2 7 13 6 3 0 2 7 0 2 7 0 2 7 0 2 4 16 6 2 17 9 2 1 2 7 0 2 7 1 2 7 0 2 7 1 2 7 1 2 7 1 2 7 1 2 4 0 2 7 17 18 2 1 2 7 0 60.1419845223426819
0 2 7 1 2 7 0 2 4 0 2 7 0 2 7 12 16 2 12 16 2 0 2 7 5 31 3 5 30 3 17 18 2 1 2 7 13 6 3 0 2 7 0 2 7 0 2 7 0 2 7 6 2 7 0 2 7 5 31 3 0 2 7 17 9 2 1 2 7 0 2 7 0 2 7 5 31 3 1 2 7 17 9 2 0 2 7 5 30 3 16 6 2 12 16 2 1 2 7 0 2 7 0 2 7 0 2 4 0 2 7 1 2 7 1 2 4 5 30 3 0 2 7 1 2 7 1 2 4 1 2 4 16 30 2 17 18 2 0 2 7 1 2 3 1 2 3 0 2 7 0 2 7 0 2 7 0 2 7 1 2 4 0 2 7 0 2 7 1 2 4 16 31 2 1 2 4 0 2 7 0 60.7795996069908142
0 2 7 1 2 3 0 2 7 0 2 3 0 2 7 12 16 2 0 2 3 0 2 3 12 16 2 12 16 2 0 2 7 1 2 3 0 2 4 17 18 2 0 2 3 13 6 3 0 2 3 1 2 7 0 2 4 1 2 3 12 16 2 1 2 3 1 2 3 0 2 3 16 6 2 5 30 3 8 9 2 1 2 7 1 2 7 0 2 3 0 2 7 5 30 3 0 2 7 0 2 3 1 2 7 0 2 7 0 2 7 1 2 11 0 2 7 1 2 7 5 30 3 1 2 7 17 18 2 0 2 7 0 2 7 5 30 3 17 9 2 0 2 7 0 2 7 16 6 2 13 6 3 1 2 7 17 9 2 0 2 7 1 2 7 1 2 7 1 2 3 0 2 7 1 2 7 8 18 2 0 61.6391634941101074
5 31 3 1 2 7 0 2 4 13 6 3 0 2 7 0 2 4 1 2 7 1 2 7 12 16 2 0 2 7 1 2 7 17 9 2 12 16 2 0 2 3 12 16 2 0 2 4 17 18 2 1 2 7 5 31 3 0 2 4 1 2 3 0 2 7 0 2 7 0 2 7 1 2 7 0 2 7 5 30 3 17 9 2 17 18 2 6 2 7 1 2 3 0 2 4 0 2 4 5 31 3 17 9 2 0 2 7 0 2 7 1 2 7 1 2 7 0 2 7 0 2 7 0 2 3 1 2 7 0 2 4 0 2 7 1 2 7 1 2 7 1 2 7 0 2 7 12 16 2 1 2 4 0 2 3 1 2 7 16 6 2 0 2 7 1 2 7 16 6 2 0 2 7 0 2 7 13 6 3 0 60.5170826315879822
0 2 4 6 2 7 5 31 3 0 2 4 5 30 3 0 2 7 1 2 4 5 31 3 0 2 7 1 2 1 0 2 3 0 2 7 0 2 4 1 2 7 12 16 2 0 2 7 0 2 7 0 2 7 0 2 7 12 16 2 1 2 4 0 2 4 0 2 7 1 2 3 17 18 2 0 2 7 17 9 2 1 2 11 0 2 3 0 2 7 0 2 7 1 2 4 17 9 2 13 6 3 0 2 7 0 2 3 16 30 2 1 2 7 0 2 3 0 2 7 17 18 2 5 30 3 0 2 7 0 2 4 8 18 2 16 6 2 0 2 7 1 2 7 1 2 7 1 2 4 0 2 7 1 2 7 0 2 4 1 2 3 17 9 2 5 30 3 1 2 7 1 2 4 12 16 2 1 2 7 0 61.244867742061615
1 2 7 0 2 7 1 2 7 12 16 2 0 2 7 12 16 2 12 16 2 0 2 7 0 2 7 5 31 3 5 31 3 17 18 2 13 6 3 5 31 3 0 2 7 1 2 4 0 2 7 0 2 7 0 2 7 0 2 4 0 2 7 0 2 7 0 2 7 1 2 4 1 2 4 1 2 7 17 9 2 1 2 4 0 2 7 17 18 2 0 2 7 1 2 4 0 2 7 0 2 7 0 2 7 17 9 2 1 2 7 12 16 2 0 2 7 1 2 7 16 6 2 16 6 2 1 2 7 1 2 7 1 2 7 0 2 7 0 2 7 1 2 7 0 2 7 0 2 7 0 2 4 13 6 3 5 31 3 17 18 2 0 2 4 12 16 2 0 2 7 6 2 7 1 2 7 1 2 4 0 60.3157115578651428
13 6 3 0 2 7 0 2 7 13 6 3 0 2 7 1 2 7 0 2 7 12 16 2 0 2 7 0 2 3 17 9 2 12 16 2 0 2 7 12 16 2 0 2 7 17 18 2 0 2 7 5 30 3 8 18 2 1 2 3 1 2 7 5 31 3 0 2 7 0 2 7 17 9 2 8 18 2 1 2 7 1 2 7 0 2 7 17 9 2 1 2 7 0 2 7 0 2 7 0 2 7 0 2 7 1 2 7 1 2 7 0 2 7 12 16 2 1 2 7 1 2 7 1 2 4 1 2 7 0 2 7 12 16 2 1 2 7 1 2 7 16 6 2 16 31 2 5 30 3 0 2 7 0 2 7 0 2 7 1 2 7 5 30 3 0 2 7 0 2 7 0 2 7 16 15 2 0 2 7 0 60.6500422954559326
13 6 3 1 2 7 0 2 7 13 6 3 0 2 7 0 2 7 1 2 7 12 16 2 0 2 7 0 2 7 17 9 2 12 16 2 0 2 3 12 16 2 0 2 7 17 18 2 0 2 4 5 30 3 0 2 7 1 2 7 1 2 7 5 31 3 0 2 7 0 2 7 5 30 3 17 9 2 17 18 2 1 2 7 1 2 7 5 31 3 17 9 2 1 2 7 0 2 7 0 2 7 0 2 7 0 2 7 0 2 4 1 2 4 1 2 7 0 2 7 0 2 7 1 2 4 1 2 7 1 2 7 16 30 2 1 2 7 0 2 7 13 6 3 5 30 3 1 2 7 0 2 7 0 2 7 0 2 3 5 30 3 1 2 7 12 16 2 0 2 7 0 2 7 16 30 2 0 2 7 0 60.3805074691772461
5 30 3 1 2 7 0 2 7 13 6 3 0 2 7 0 2 7 1 2 7 1 2 7 12 16 2 0 2 7 1 2 7 17 9 2 12 16 2 6 2 3 0 2 7 17 18 2 0 2 4 5 31 3 0 2 4 0 2 4 0 2 7 1 2 7 0 2 4 17 9 2 17 18 2 1 2 7 5 31 3 0 2 3 1 2 4 1 2 4 1 2 7 0 2 4 0 2 7 1 2 7 1 2 7 1 2 11 0 2 7 12 16 2 1 2 3 5 30 3 0 2 7 16 6 2 0 2 7 0 2 7 13 6 3 0 2 7 17 18 2 0 2 7 0 2 7 12 16 2 0 2 7 0 2 7 0 2 7 0 2 7 0 2 3 1 2 7 1 2 7 1 2 7 16 31 2 1 2 7 0 60.5013054609298706
1 2 4 0 2 4 0 2 4 6 2 7 0 2 7 12 16 2 0 2 7 12 16 2 12 16 2 1 2 7 17 18 2 5 31 3 5 31 3 17 9 2 0 2 7 13 6 3 5 30 3 0 2 7 0 2 7 0 2 7 0 2 7 12 16 2 0 2 7 0 2 7 0 2 7 1 2 7 0 2 7 0 2 7 1 2 7 0 2 7 1 2 7 0 2 7 0 2 7 17 9 2 1 2 7 1 2 4 0 2 4 17 9 2 0 2 7 6 2 7 0 2 4 16 15 2 17 9 2 1 2 7 1 2 7 8 9 2 1 2 7 0 2 7 5 31 3 13 6 3 12 16 2 0 2 7 0 2 7 1 2 7 1 2 7 1 2 7 16 6 2 1 2 7 0 2 7 0 2 7 0 60.5182704925537109

Current Evaluation = 8100(8100)
Front Size = 10
13 6 3 1 2 7 0 2 7 13 6 3 0 2 4 0 2 7 0 2 4 12 16 2 0 2 7 1 2 7 17 9 2 12 16 2 12 16 2 0 2 7 17 18 2 1 2 4 1 2 7 1 2 7 1 2 4 5 30 3 0 2 4 0 2 7 17 9 2 17 18 2 1 2 4 1 2 4 5 30 3 0 2 7 0 2 7 1 2 7 0 2 7 0 2 7 1 2 7 0 2 7 1 2 7 1 2 7 1 2 7 1 2 4 0 2 7 12 16 2 0 2 7 0 2 7 0 2 7 12 16 2 0 2 7 0 2 7 0 2 7 1 2 7 5 30 3 1 2 7 17 9 2 1 2 7 16 31 2 13 6 3 17 18 2 0 2 3 0 2 7 5 31 3 0 2 4 0 2 7 0 60.0450834035873413
13 6 3 1 2 7 0 2 7 13 6 3 0 2 7 0 2 7 1 2 7 12 16 2 0 2 7 0 2 7 17 9 2 12 16 2 0 2 3 12 16 2 0 2 7 17 18 2 0 2 4 0 2 7 1 2 7 1 2 7 5 31 3 0 2 7 0 2 7 17 9 2 17 18 2 1 2 7 1 2 7 5 31 3 17 9 2 1 2 7 0 2 7 0 2 7 0 2 7 0 2 7 1 2 4 1 2 7 0 2 7 0 2 7 1 2 7 1 2 7 1 2 7 0 2 7 13 6 3 1 2 7 0 2 7 0 2 7 1 2 7 12 16 2 0 2 7 0 2 7 0 2 7 12 16 2 1 2 7 1 2 3 5 31 3 16 6 2 1 2 7 0 2 7 16 6 2 1 2 3 0 60.0557534694671631
6 2 7 0 2 7 1 2 11 12 16 2 0 2 7 12 16 2 12 16 2 0 2 7 0 2 7 5 31 3 5 31 3 17 18 2 13 6 3 0 2 7 1 2 7 0 2 7 0 2 7 0 2 7 0 2 7 0 2 4 0 2 7 0 2 7 1 2 4 1 2 7 17 9 2 0 2 7 17 18 2 0 2 7 0 2 7 0 2 7 0 2 7 17 9 2 1 2 7 12 16 2 0 2 7 1 2 7 16 6 2 1 2 7 1 2 4 1 2 7 0 2 7 1 2 7 1 2 7 13 6 3 17 18 2 0 2 7 1 2 7 5 31 3 1 2 7 1 2 7 1 2 4 16 6 2 0 2 7 0 2 7 0 2 7 5 31 3 6 2 7 0 2 7 0 2 7 1 2 4 0 60.2532545328140259
5 31 3 1 2 4 0 2 4 13 6 3 0 2 7 0 2 4 1 2 7 1 2 7 12 16 2 5 31 3 1 2 7 17 9 2 12 16 2 0 2 4 12 16 2 0 2 7 17 18 2 1 2 7 0 2 4 0 2 4 0 2 7 0 2 7 6 2 7 1 2 7 5 30 3 17 9 2 17 18 2 17 9 2 0 2 7 0 2 7 1 2 7 1 2 7 0 2 7 0 2 4 1 2 4 0 2 7 1 2 4 1 2 7 1 2 4 0 2 4 12 16 2 1 2 7 0 2 7 0 2 11 0 2 7 13 6 3 5 31 3 1 2 7 16 6 2 5 30 3 0 2 7 0 2 7 0 2 7 6 2 7 0 2 7 0 2 7 0 2 7 0 2 4 1 2 7 17 18 2 0 60.4779616594314575
0 2 7 1 2 3 0 2 7 0 2 3 0 2 7 12 16 2 0 2 3 0 2 3 12 16 2 12 16 2 0 2 7 1 2 3 0 2 4 17 18 2 0 2 3 13 6 3 0 2 3 1 2 7 0 2 4 1 2 3 12 16 2 1 2 3 1 2 3 0 2 3 16 6 2 5 30 3 8 9 2 1 2 7 1 2 7 0 2 3 0 2 7 5 30 3 0 2 7 0 2 3 1 2 7 0 2 7 0 2 7 1 2 11 0 2 7 1 2 7 5 30 3 1 2 7 17 18 2 0 2 7 0 2 7 5 30 3 17 9 2 0 2 7 0 2 7 16 6 2 13 6 3 1 2 7 17 9 2 0 2 7 1 2 7 1 2 7 1 2 3 0 2 7 1 2 7 8 18 2 0 61.6391634941101074
1 2 4 0 2 4 0 2 4 6 2 7 0 2 7 12 16 2 0 2 7 12 16 2 12 16 2 1 2 7 17 18 2 5 31 3 5 31 3 17 9 2 0 2 7 13 6 3 5 30 3 0 2 7 0 2 7 0 2 7 0 2 7 12 16 2 0 2 7 0 2 7 0 2 7 1 2 7 0 2 7 0 2 7 1 2 7 0 2 7 1 2 7 0 2 7 0 2 7 17 9 2 1 2 7 1 2 4 0 2 4 17 9 2 0 2 7 6 2 7 0 2 4 16 15 2 17 9 2 1 2 7 1 2 7 8 9 2 1 2 7 0 2 7 5 31 3 13 6 3 12 16 2 0 2 7 0 2 7 1 2 7 1 2 7 1 2 7 16 6 2 1 2 7 0 2 7 0 2 7 0 60.5182704925537109
5 31 3 1 2 7 0 2 4 13 6 3 0 2 7 0 2 4 1 2 7 1 2 7 12 16 2 0 2 7 1 2 7 17 9 2 12 16 2 0 2 3 12 16 2 0 2 4 17 18 2 1 2 7 5 31 3 0 2 4 1 2 3 0 2 7 0 2 7 0 2 7 1 2 7 0 2 7 5 30 3 17 9 2 17 18 2 6 2 7 1 2 3 0 2 4 0 2 4 5 31 3 17 9 2 0 2 7 0 2 7 1 2 7 1 2 7 0 2 7 0 2 7 0 2 3 1 2 7 0 2 4 0 2 7 1 2 7 1 2 7 1 2 7 0 2 7 12 16 2 1 2 4 0 2 3 1 2 7 16 6 2 0 2 7 1 2 7 16 6 2 0 2 7 0 2 7 13 6 3 0 60.5170826315879822
0 2 7 1 2 7 0 2 4 0 2 7 0 2 7 12 16 2 12 16 2 0 2 7 5 31 3 5 30 3 17 18 2 1 2 7 13 6 3 0 2 7 0 2 7 0 2 7 0 2 7 6 2 7 0 2 7 5 31 3 0 2 7 17 9 2 1 2 7 0 2 7 0 2 7 5 31 3 1 2 7 17 9 2 0 2 7 5 30 3 16 6 2 12 16 2 1 2 7 0 2 7 0 2 7 0 2 4 0 2 7 1 2 7 1 2 4 5 30 3 0 2 7 1 2 7 1 2 4 1 2 4 16 30 2 17 18 2 0 2 7 1 2 3 1 2 3 0 2 7 0 2 7 0 2 7 0 2 7 1 2 4 0 2 7 0 2 7 1 2 4 16 31 2 1 2 4 0 2 7 0 60.7795996069908142
0 2 4 6 2 7 5 31 3 0 2 4 5 30 3 0 2 7 1 2 4 5 31 3 0 2 7 1 2 1 0 2 3 0 2 7 0 2 4 1 2 7 12 16 2 0 2 7 0 2 7 0 2 7 0 2 7 12 16 2 1 2 4 0 2 4 0 2 7 1 2 3 17 18 2 0 2 7 17 9 2 1 2 11 0 2 3 0 2 7 0 2 7 1 2 4 17 9 2 13 6 3 0 2 7 0 2 3 16 30 2 1 2 7 0 2 3 0 2 7 17 18 2 5 30 3 0 2 7 0 2 4 8 18 2 16 6 2 0 2 7 1 2 7 1 2 7 1 2 4 0 2 7 1 2 7 0 2 4 1 2 3 17 9 2 5 30 3 1 2 7 1 2 4 12 16 2 1 2 7 0 61.244867742061615
13 6 3 1 2 7 0 2 7 13 6 3 0 2 7 0 2 7 1 2 7 12 16 2 0 2 7 0 2 7 17 9 2 12 16 2 0 2 3 12 16 2 0 2 7 17 18 2 0 2 4 5 30 3 0 2 7 1 2 7 1 2 7 5 31 3 0 2 7 0 2 7 5 30 3 17 9 2 17 18 2 1 2 7 1 2 7 5 31 3 17 9 2 1 2 7 0 2 7 0 2 7 0 2 7 0 2 7 0 2 4 1 2 4 1 2 7 0 2 7 0 2 7 1 2 4 1 2 7 1 2 7 16 30 2 1 2 7 0 2 7 13 6 3 5 30 3 1 2 7 0 2 7 0 2 7 0 2 3 5 30 3 1 2 7 12 16 2 0 2 7 0 2 7 16 30 2 0 2 7 0 60.3805074691772461

Current Evaluation = 9000(9000)
Front Size = 10
13 6 3 1 2 7 0 2 7 13 6 3 0 2 7 0 2 7 0 2 7 12 16 2 0 2 4 1 2 7 17 9 2 12 16 2 12 16 2 0 2 7 17 18 2 1 2 7 0 2 7 1 2 7 1 2 4 5 30 3 0 2 7 0 2 4 17 9 2 17 18 2 1 2 7 6 2 7 5 31 3 0 2 7 0 2 7 1 2 7 0 2 7 1 2 7 0 2 7 0 2 7 0 2 7 1 2 7 0 2 7 0 2 7 12 16 2 0 2 7 0 2 7 0 2 7 1 2 7 0 2 7 1 2 7 0 2 7 17 9 2 5 31 3 0 2 7 16 6 2 5 31 3 17 18 2 1 2 7 0 2 7 1 2 7 1 2 7 13 6 3 1 2 7 1 2 7 1 2 4 0 59.938682496547699
0 2 7 0 2 7 1 2 4 0 2 7 12 16 2 12 16 2 1 2 4 5 31 3 0 2 7 17 18 2 0 2 7 13 6 3 0 2 4 1 2 7 0 2 4 5 30 3 0 2 7 17 9 2 0 2 7 0 2 7 1 2 7 0 2 7 17 18 2 17 18 2 5 31 3 12 16 2 1 2 7 0 2 7 1 2 7 0 2 4 1 2 7 1 2 7 5 31 3 1 2 7 1 2 7 0 2 7 17 9 2 1 2 7 12 16 2 0 2 7 0 2 7 0 2 7 16 30 2 0 2 7 17 9 2 0 2 7 1 2 7 0 2 4 0 2 7 1 2 7 0 2 4 1 2 4 1 2 4 0 2 4 1 2 4 1 2 7 0 2 7 1 2 7 13 6 3 0 2 4 0 60.1292036771774292
13 6 3 1 2 7 0 2 7 13 6 3 0 2 7 0 2 7 0 2 7 12 16 2 0 2 7 1 2 4 17 9 2 12 16 2 12 16 2 0 2 7 17 18 2 6 2 4 1 2 4 1 2 7 1 2 4 5 30 3 1 2 7 0 2 7 17 9 2 17 18 2 1 2 4 1 2 4 5 30 3 0 2 7 0 2 7 1 2 7 0 2 3 0 2 7 1 2 7 0 2 7 1 2 7 1 2 7 1 2 7 13 6 3 12 16 2 0 2 7 0 2 7 0 2 7 0 2 7 0 2 7 1 2 4 0 2 8 17 9 2 17 18 2 5 31 3 0 2 4 0 2 7 12 16 2 0 2 4 5 30 3 1 2 7 16 31 2 5 30 3 0 2 7 0 2 7 0 2 4 0 60.4167714715003967
0 2 7 1 2 7 0 2 4 0 2 7 0 2 7 12 16 2 12 16 2 0 2 7 5 31 3 5 30 3 17 18 2 1 2 7 13 6 3 0 2 7 0 2 7 0 2 7 0 2 4 1 2 7 0 2 7 5 31 3 0 2 7 17 9 2 1 2 7 0 2 7 0 2 7 5 31 3 1 2 7 17 9 2 0 2 7 5 30 3 16 6 2 12 16 2 1 2 7 0 2 7 0 2 7 0 2 4 0 2 7 1 2 7 1 2 4 5 30 3 0 2 7 1 2 7 1 2 7 1 2 4 16 30 2 17 18 2 0 2 7 1 2 7 1 2 3 0 2 7 0 2 7 0 2 7 0 2 4 6 2 3 0 2 7 0 2 7 1 2 4 16 31 2 1 2 4 0 2 7 0 60.7795995473861694
13 6 3 1 2 7 1 2 11 0 2 7 0 2 7 0 2 7 12 16 2 1 2 7 1 2 4 17 9 2 0 2 7 12 16 2 0 2 3 17 18 2 0 2 3 0 2 7 1 2 7 1 2 3 5 31 3 1 2 7 0 2 7 17 9 2 17 18 2 0 2 7 0 2 7 5 30 3 0 2 7 0 2 7 1 2 3 0 2 7 0 2 7 1 2 7 0 2 7 1 2 7 1 2 7 0 2 7 0 2 7 0 2 7 0 2 7 0 2 7 1 2 7 17 9 2 5 30 3 16 31 2 0 2 7 0 2 7 0 2 7 0 2 7 0 2 7 16 6 2 13 6 3 1 2 7 1 2 7 1 2 7 1 2 7 5 31 3 0 2 7 1 2 7 1 2 7 1 2 7 0 60.2788645029067993
13 6 3 1 2 11 1 2 4 0 2 7 0 2 7 0 2 7 12 16 2 0 2 7 1 2 4 17 9 2 12 16 2 12 16 2 0 2 7 17 18 2 0 2 7 0 2 7 1 2 7 1 2 3 5 31 3 1 2 7 0 2 7 17 9 2 17 18 2 0 2 7 1 2 7 5 31 3 0 2 7 0 2 4 1 2 7 0 2 7 1 2 7 1 2 7 0 2 7 1 2 3 0 2 7 0 2 7 0 2 4 0 2 7 0 2 7 1 2 3 0 2 3 17 9 2 5 30 3 16 30 2 0 2 7 0 2 4 0 2 7 0 2 7 0 2 7 16 6 2 13 6 3 1 2 4 12 16 2 1 2 7 1 2 7 5 31 3 0 2 7 1 2 4 6 2 7 1 2 7 0 60.5013056397438049
0 2 3 0 2 7 17 18 2 1 2 4 0 2 7 0 2 7 0 2 4 1 2 7 12 16 2 1 2 7 1 2 7 0 2 7 0 2 7 12 16 2 0 2 7 0 2 7 17 18 2 1 2 7 17 9 2 1 2 7 0 2 7 0 2 4 5 31 3 8 9 2 13 6 3 0 2 7 0 2 3 0 2 7 0 2 3 0 2 7 17 18 2 5 30 3 1 2 7 17 18 2 16 15 2 1 2 4 1 2 7 0 2 7 1 2 7 1 2 4 5 30 3 1 2 11 12 16 2 1 2 7 6 2 7 1 2 7 0 2 7 5 31 3 0 2 7 0 2 7 1 2 7 0 2 7 0 2 7 16 6 2 0 2 7 0 2 7 8 9 2 0 2 11 0 2 7 1 2 4 0 60.9901946187019348
0 2 4 6 2 7 5 31 3 0 2 4 5 30 3 0 2 7 1 2 4 5 31 3 0 2 7 1 2 1 0 2 3 0 2 7 0 2 4 1 2 7 12 16 2 0 2 7 0 2 7 0 2 7 0 2 7 12 16 2 1 2 4 0 2 4 0 2 7 1 2 3 17 18 2 0 2 7 17 9 2 1 2 11 0 2 3 0 2 7 0 2 7 1 2 4 17 9 2 13 6 3 0 2 7 0 2 3 16 30 2 1 2 7 0 2 3 0 2 7 17 18 2 5 30 3 0 2 7 0 2 4 8 18 2 16 6 2 0 2 7 1 2 7 1 2 7 1 2 4 0 2 7 1 2 7 0 2 4 1 2 3 17 9 2 5 30 3 1 2 7 1 2 4 12 16 2 1 2 7 0 61.244867742061615
0 2 7 1 2 3 0 2 7 0 2 3 0 2 7 12 16 2 0 2 3 0 2 3 12 16 2 12 16 2 0 2 7 1 2 3 0 2 4 17 18 2 0 2 3 13 6 3 0 2 3 1 2 7 0 2 4 1 2 3 12 16 2 1 2 3 1 2 3 0 2 3 16 6 2 5 30 3 8 9 2 1 2 7 1 2 7 0 2 3 0 2 7 5 30 3 0 2 7 0 2 3 1 2 7 0 2 7 0 2 7 1 2 11 0 2 7 1 2 7 5 30 3 1 2 7 17 18 2 0 2 7 0 2 7 5 30 3 17 9 2 0 2 7 0 2 7 16 6 2 13 6 3 1 2 7 17 9 2 0 2 7 1 2 7 1 2 7 1 2 3 0 2 7 1 2 7 8 18 2 0 61.6391634941101074
0 2 7 0 2 7 5 30 3 0 2 7 0 2 7 1 2 7 0 2 3 1 2 4 12 16 2 0 2 7 0 2 7 0 2 7 0 2 4 12 16 2 0 2 7 1 2 7 17 18 2 0 2 7 17 9 2 1 2 10 0 2 7 0 2 7 0 2 4 5 30 3 13 6 3 0 2 4 0 2 7 1 2 7 0 2 7 0 2 4 17 18 2 5 30 3 0 2 7 8 18 2 16 6 2 0 2 7 1 2 4 0 2 7 1 2 7 1 2 7 5 30 3 1 2 7 12 16 2 1 2 7 0 2 7 5 31 3 13 6 3 5 31 3 1 2 7 12 16 2 1 2 7 0 2 4 16 6 2 17 18 2 0 2 7 0 2 7 0 2 7 1 2 4 17 9 2 1 2 7 0 60.8112573623657227

Current Evaluation = 9900(9900)
Front Size = 10
13 6 3 1 2 7 0 2 7 13 6 3 0 2 7 0 2 7 0 2 7 12 16 2 0 2 4 1 2 7 17 9 2 12 16 2 12 16 2 0 2 4 17 18 2 1 2 7 0 2 7 1 2 7 1 2 4 1 2 7 0 2 7 17 9 2 17 18 2 1 2 7 5 31 3 0 2 7 0 2 7 1 2 7 0 2 7 1 2 7 0 2 7 0 2 7 0 2 7 1 2 7 0 2 7 0 2 7 12 16 2 0 2 7 0 2 7 0 2 7 1 2 7 0 2 7 1 2 7 0 2 7 17 9 2 17 18 2 1 2 7 1 2 7 1 2 7 13 6 3 1 2 7 1 2 7 0 2 7 1 2 7 5 31 3 0 2 7 16 6 2 5 31 3 0 2 7 1 2 7 0 59.7211945056915283
13 6 3 1 2 7 0 2 7 13 6 3 0 2 7 0 2 7 0 2 7 12 16 2 0 2 7 1 2 4 17 9 2 12 16 2 12 16 2 0 2 7 17 18 2 6 2 4 1 2 4 1 2 7 1 2 4 5 30 3 1 2 7 0 2 7 17 9 2 17 18 2 1 2 4 1 2 4 5 30 3 0 2 7 0 2 7 1 2 7 0 2 3 0 2 7 1 2 7 0 2 7 1 2 7 1 2 7 1 2 7 13 6 3 12 16 2 0 2 7 0 2 7 0 2 7 0 2 7 0 2 7 1 2 4 0 2 8 17 9 2 17 18 2 5 31 3 0 2 4 0 2 7 12 16 2 0 2 4 5 30 3 1 2 7 16 31 2 5 30 3 0 2 7 0 2 7 0 2 4 0 60.4167714715003967
0 2 3 0 2 7 17 18 2 1 2 4 0 2 7 0 2 7 0 2 4 1 2 7 12 16 2 1 2 7 1 2 7 0 2 7 0 2 7 12 16 2 0 2 7 0 2 7 17 18 2 1 2 7 17 9 2 1 2 7 0 2 7 0 2 4 5 31 3 8 9 2 13 6 3 0 2 7 0 2 3 0 2 7 0 2 3 0 2 7 17 18 2 5 30 3 1 2 7 17 18 2 16 15 2 1 2 4 1 2 7 0 2 7 1 2 7 1 2 4 5 30 3 1 2 11 12 16 2 1 2 7 6 2 7 1 2 7 0 2 7 5 31 3 0 2 7 0 2 7 1 2 7 0 2 7 0 2 7 16 6 2 0 2 7 0 2 7 8 9 2 0 2 11 0 2 7 1 2 4 0 60.9901946187019348
0 2 7 1 2 3 0 2 7 0 2 3 0 2 7 12 16 2 0 2 3 0 2 3 12 16 2 12 16 2 0 2 7 1 2 3 0 2 4 17 18 2 0 2 3 13 6 3 0 2 3 1 2 7 0 2 4 1 2 3 12 16 2 1 2 3 1 2 3 0 2 3 16 6 2 5 30 3 8 9 2 1 2 7 1 2 7 0 2 3 0 2 7 5 30 3 0 2 7 0 2 3 1 2 7 0 2 7 0 2 7 1 2 11 0 2 7 1 2 7 5 30 3 1 2 7 17 18 2 0 2 7 0 2 7 5 30 3 17 9 2 0 2 7 0 2 7 16 6 2 13 6 3 1 2 7 17 9 2 0 2 7 1 2 7 1 2 7 1 2 3 0 2 7 1 2 7 8 18 2 0 61.6391634941101074
13 6 3 1 2 4 0 2 4 0 2 3 0 2 3 0 2 11 12 16 2 0 2 10 1 2 7 5 30 3 12 16 2 12 16 2 0 2 7 5 30 3 0 2 3 0 2 4 1 2 7 1 2 7 1 2 7 0 2 7 17 9 2 17 18 2 0 2 7 5 30 3 0 2 4 6 2 7 0 2 7 0 2 7 0 2 7 0 2 7 0 2 7 0 2 7 1 2 7 0 2 7 5 30 3 17 9 2 5 31 3 16 30 2 0 2 7 17 18 2 5 30 3 1 2 11 1 2 7 1 2 4 1 2 7 16 31 2 0 2 3 17 18 2 1 2 7 1 2 7 0 2 7 13 6 3 1 2 3 1 2 7 0 2 4 0 2 7 0 2 7 1 2 7 0 2 7 0 2 7 0 61.0138415694236755
13 6 3 1 2 7 1 2 3 13 6 3 0 2 7 0 2 7 1 2 7 12 16 2 0 2 7 1 2 7 17 9 2 0 2 4 12 16 2 17 18 2 1 2 7 1 2 7 5 30 3 0 2 7 1 2 7 17 9 2 17 18 2 0 2 4 0 2 7 0 2 7 1 2 7 1 2 7 0 2 4 1 2 7 1 2 7 1 2 7 12 16 2 0 2 7 0 2 7 0 2 7 0 2 7 0 2 7 17 9 2 17 18 2 5 31 3 0 2 7 0 2 7 1 2 7 0 2 7 0 2 7 0 2 4 0 2 7 5 31 3 1 2 4 0 2 7 16 30 2 12 16 2 0 2 7 0 2 3 13 6 3 1 2 7 1 2 7 1 2 7 0 2 7 1 2 4 5 30 3 0 59.9867335557937622
0 2 7 0 2 7 1 2 7 1 2 7 12 16 2 0 2 3 12 16 2 12 16 2 0 2 7 0 2 7 17 18 2 5 30 3 0 2 7 8 9 2 12 16 2 5 30 3 1 2 7 0 2 7 0 2 7 5 30 3 0 2 7 0 2 7 0 2 7 0 2 3 1 2 7 1 2 7 16 19 11 17 18 2 5 30 3 0 2 7 17 9 2 0 2 7 6 2 3 13 6 3 0 2 7 17 9 2 0 2 7 1 2 7 0 2 7 0 2 7 1 2 7 0 2 7 0 2 3 13 6 3 0 2 7 1 2 7 0 2 7 1 2 7 1 2 7 0 2 7 0 2 7 5 30 3 5 31 3 8 18 2 0 2 7 1 2 7 0 2 7 16 6 2 16 15 2 1 2 4 0 61.5018751621246338
0 2 4 6 2 7 5 31 3 0 2 4 5 30 3 0 2 7 1 2 4 5 31 3 0 2 7 1 2 1 0 2 3 0 2 7 0 2 4 1 2 7 12 16 2 0 2 7 0 2 7 0 2 7 0 2 7 12 16 2 1 2 4 0 2 4 0 2 7 1 2 3 17 18 2 0 2 7 17 9 2 1 2 11 0 2 3 0 2 7 0 2 7 1 2 4 17 9 2 13 6 3 0 2 7 0 2 3 16 30 2 1 2 7 0 2 3 0 2 7 17 18 2 5 30 3 0 2 7 0 2 4 8 18 2 16 6 2 0 2 7 1 2 7 1 2 7 1 2 4 0 2 7 1 2 7 0 2 4 1 2 3 17 9 2 5 30 3 1 2 7 1 2 4 12 16 2 1 2 7 0 61.244867742061615
13 6 3 1 2 7 1 2 11 0 2 7 0 2 7 0 2 7 12 16 2 1 2 7 1 2 4 17 9 2 0 2 7 12 16 2 0 2 3 17 18 2 0 2 3 0 2 7 1 2 7 1 2 3 5 31 3 1 2 7 0 2 7 17 9 2 17 18 2 0 2 7 0 2 7 5 30 3 0 2 7 0 2 7 1 2 3 0 2 7 0 2 7 1 2 7 0 2 7 1 2 7 1 2 7 0 2 7 0 2 7 0 2 7 0 2 7 0 2 7 1 2 7 17 9 2 5 30 3 16 31 2 0 2 7 0 2 7 0 2 7 0 2 7 0 2 7 16 6 2 13 6 3 1 2 7 1 2 7 1 2 7 1 2 7 5 31 3 0 2 7 1 2 7 1 2 7 1 2 7 0 60.2788645029067993
13 6 3 1 2 7 1 2 7 13 6 3 0 2 7 0 2 7 1 2 7 12 16 2 0 2 7 1 2 7 17 9 2 0 2 4 12 16 2 17 18 2 1 2 7 1 2 7 5 30 3 0 2 4 1 2 7 17 9 2 17 18 2 0 2 4 0 2 7 0 2 7 1 2 7 1 2 7 0 2 4 1 2 7 1 2 7 1 2 4 12 16 2 0 2 7 0 2 7 0 2 7 0 2 7 0 2 7 17 9 2 17 18 2 5 31 3 0 2 7 0 2 4 1 2 7 0 2 7 0 2 7 0 2 4 0 2 7 5 31 3 1 2 4 0 2 7 16 30 2 12 16 2 0 2 7 1 2 4 5 31 3 1 2 4 0 2 7 1 2 4 0 2 7 1 2 7 0 2 4 0 60.1292036771774292

Current Evaluation = 10800(10800)
Front Size = 10
13 6 3 1 2 7 0 2 7 13 6 3 0 2 7 0 2 7 0 2 7 12 16 2 0 2 4 1 2 7 17 9 2 12 16 2 12 16 2 0 2 4 17 18 2 1 2 7 0 2 7 1 2 7 1 2 4 1 2 7 0 2 7 17 9 2 17 18 2 1 2 7 5 31 3 0 2 7 0 2 7 1 2 7 0 2 7 1 2 7 0 2 7 0 2 7 0 2 7 1 2 7 0 2 7 0 2 7 12 16 2 0 2 7 0 2 7 0 2 7 1 2 7 0 2 7 1 2 7 0 2 7 17 9 2 17 18 2 1 2 7 1 2 7 1 2 7 13 6 3 1 2 7 1 2 7 0 2 7 1 2 7 5 31 3 0 2 7 16 6 2 5 31 3 0 2 7 1 2 7 0 59.7211945056915283
13 6 3 1 2 7 1 2 11 0 2 7 0 2 7 0 2 7 12 16 2 1 2 7 1 2 4 17 9 2 0 2 7 12 16 2 0 2 3 17 18 2 0 2 3 0 2 7 1 2 7 1 2 3 5 31 3 1 2 7 0 2 7 17 9 2 17 18 2 0 2 7 0 2 7 5 30 3 0 2 7 0 2 7 1 2 3 0 2 7 0 2 7 1 2 7 0 2 7 1 2 7 1 2 7 0 2 7 0 2 7 0 2 7 0 2 7 0 2 7 1 2 7 17 9 2 5 30 3 16 31 2 0 2 7 0 2 7 0 2 7 0 2 7 0 2 7 16 6 2 13 6 3 1 2 7 1 2 7 1 2 7 1 2 7 5 31 3 0 2 7 1 2 7 1 2 7 1 2 7 0 60.2788645029067993
0 2 7 1 2 3 0 2 7 0 2 3 0 2 7 12 16 2 0 2 3 0 2 3 12 16 2 12 16 2 0 2 7 1 2 3 0 2 4 17 18 2 0 2 3 13 6 3 0 2 3 1 2 7 0 2 4 1 2 3 12 16 2 1 2 3 1 2 3 0 2 3 16 6 2 5 30 3 8 9 2 1 2 7 1 2 7 0 2 3 0 2 7 5 30 3 0 2 7 0 2 3 1 2 7 0 2 7 0 2 7 1 2 11 0 2 7 1 2 7 5 30 3 1 2 7 17 18 2 0 2 7 0 2 7 5 30 3 17 9 2 0 2 7 0 2 7 16 6 2 13 6 3 1 2 7 17 9 2 0 2 7 1 2 7 1 2 7 1 2 3 0 2 7 1 2 7 8 18 2 0 61.6391634941101074
13 6 3 1 2 3 1 2 7 0 2 4 0 2 7 1 2 7 12 16 2 13 6 3 1 2 7 17 9 2 0 2 7 12 16 2 17 18 2 1 2 7 1 2 7 0 2 7 0 2 7 1 2 7 17 18 2 0 2 7 0 2 7 1 2 4 1 2 3 0 2 7 13 6 3 1 2 7 12 16 2 0 2 7 1 2 7 0 2 7 0 2 7 1 2 4 17 18 2 5 30 3 1 2 7 1 2 7 0 2 7 0 2 7 5 31 3 0 2 7 0 2 7 0 2 4 5 31 3 1 2 7 0 2 3 0 2 7 0 2 7 1 2 7 1 2 4 0 2 7 17 9 2 0 2 7 0 2 7 0 2 7 16 6 2 12 16 2 17 9 2 1 2 7 0 2 3 1 2 7 0 59.9809155464172363
13 6 3 1 2 7 5 30 3 13 6 3 0 2 1 0 2 7 0 2 7 12 16 2 1 2 4 1 2 7 17 9 2 12 16 2 12 16 2 0 2 4 17 18 2 0 2 7 1 2 7 1 2 7 1 2 4 1 2 4 0 2 7 17 9 2 17 9 2 0 2 7 5 30 3 1 2 7 0 2 7 1 2 4 0 2 7 1 2 4 0 2 7 0 2 7 0 2 7 0 2 7 0 2 7 0 2 7 12 16 2 0 2 7 0 2 7 0 2 7 0 2 7 0 2 7 5 31 3 0 2 7 0 2 7 8 9 2 0 2 7 17 9 2 5 30 3 17 9 2 1 2 7 13 6 3 0 2 7 5 30 3 0 2 7 5 30 3 16 6 2 1 2 4 1 2 7 1 2 7 0 60.6135783195495605
13 6 3 1 2 7 1 2 7 0 2 7 0 2 4 1 2 7 12 16 2 13 6 3 1 2 7 17 9 2 0 2 7 12 16 2 17 18 2 1 2 7 1 2 7 5 31 3 0 2 4 1 2 7 17 18 2 0 2 3 0 2 7 1 2 4 1 2 7 0 2 7 13 6 3 1 2 7 12 16 2 0 2 7 0 2 7 0 2 7 0 2 3 1 2 7 17 18 2 5 30 3 1 2 7 1 2 4 0 2 7 0 2 7 5 31 3 0 2 7 0 2 7 0 2 7 5 30 3 1 2 7 0 2 4 0 2 7 0 2 7 1 2 7 1 2 7 0 2 7 17 9 2 0 2 7 0 2 7 0 2 4 16 30 2 12 16 2 17 9 2 1 2 7 0 2 7 1 2 7 0 59.9867335557937622
1 2 4 0 2 7 0 2 11 5 31 3 0 2 4 12 16 2 0 2 4 12 16 2 0 2 7 1 2 4 17 18 2 17 9 2 1 2 7 16 31 2 5 30 3 0 2 7 1 2 7 0 2 7 5 31 3 0 2 7 1 2 7 0 2 7 0 2 7 1 2 7 0 2 3 0 2 3 1 2 7 1 2 4 0 2 7 0 2 7 17 18 2 0 2 3 0 2 11 0 2 3 0 2 7 17 9 2 1 2 7 1 2 7 1 2 4 0 2 7 0 2 4 0 2 7 1 2 3 16 6 2 0 2 7 1 2 7 1 2 7 5 30 3 1 2 7 0 2 11 1 2 7 1 2 7 8 9 2 5 30 3 0 2 7 0 2 7 8 9 2 16 6 2 0 2 7 0 2 7 0 61.416908860206604
13 6 3 0 2 7 1 2 7 0 2 7 0 2 7 0 2 7 12 16 2 13 6 3 1 2 7 17 9 2 0 2 7 12 16 2 17 18 2 1 2 4 1 2 7 5 30 3 1 2 7 0 2 4 1 2 7 1 2 7 0 2 4 13 6 3 12 16 2 0 2 7 0 2 7 0 2 7 5 31 3 1 2 12 0 2 7 0 2 7 1 2 7 0 2 11 0 2 4 5 30 3 1 2 7 0 2 7 1 2 7 8 9 2 0 2 7 0 2 7 12 16 2 17 18 2 0 2 7 0 2 7 17 18 2 0 2 7 1 2 7 1 2 7 1 2 7 17 18 2 0 2 7 5 30 3 0 2 7 0 2 7 1 2 7 1 2 7 17 9 2 16 6 2 5 31 3 0 2 7 0 60.4597104787826538
13 6 3 1 2 7 1 2 7 0 2 7 0 2 7 0 2 7 5 31 3 1 2 7 1 2 4 17 9 2 0 2 7 1 2 7 0 2 7 17 18 2 0 2 7 0 2 7 1 2 7 5 31 3 1 2 7 0 2 7 17 18 2 0 2 7 0 2 4 5 30 3 0 2 7 0 2 7 0 2 7 0 2 7 1 2 7 0 2 7 1 2 7 1 2 7 0 2 7 0 2 7 0 2 7 0 2 7 0 2 7 1 2 7 5 30 3 0 2 7 0 2 7 16 6 2 1 2 7 1 2 7 1 2 7 5 31 3 1 2 7 17 9 2 0 2 4 0 2 7 12 16 2 17 18 2 0 2 7 17 9 2 13 6 3 1 2 4 0 2 7 6 2 7 1 2 7 1 2 3 0 60.0775706171989441
13 6 3 1 2 4 0 2 4 0 2 3 0 2 3 0 2 11 12 16 2 0 2 10 1 2 7 5 30 3 12 16 2 12 16 2 0 2 7 5 30 3 0 2 3 0 2 4 1 2 7 1 2 7 1 2 7 0 2 7 17 9 2 17 18 2 0 2 7 5 30 3 0 2 4 6 2 7 0 2 7 0 2 7 0 2 7 0 2 7 0 2 7 0 2 7 1 2 7 0 2 7 5 30 3 17 9 2 5 31 3 16 30 2 0 2 7 17 18 2 5 30 3 1 2 11 1 2 7 1 2 4 1 2 7 16 31 2 0 2 3 17 18 2 1 2 7 1 2 7 0 2 7 13 6 3 1 2 3 1 2 7 0 2 4 0 2 7 0 2 7 1 2 7 0 2 7 0 2 7 0 61.0138415694236755

Current Evaluation = 11700(11700)
Front Size = 10
13 6 3 1 2 7 0 2 7 13 6 3 0 2 7 0 2 7 0 2 7 12 16 2 0 2 4 1 2 7 17 9 2 12 16 2 12 16 2 0 2 4 17 18 2 1 2 7 0 2 7 1 2 7 1 2 4 1 2 7 0 2 7 17 9 2 17 18 2 1 2 7 5 31 3 0 2 7 0 2 7 1 2 7 0 2 7 1 2 7 0 2 7 0 2 7 0 2 7 1 2 7 0 2 7 0 2 7 12 16 2 0 2 7 0 2 7 0 2 7 1 2 7 0 2 7 1 2 7 0 2 7 17 9 2 17 18 2 1 2 7 1 2 7 1 2 7 13 6 3 1 2 7 1 2 7 0 2 7 1 2 7 5 31 3 0 2 7 16 6 2 5 31 3 0 2 7 1 2 7 0 59.7211945056915283
13 6 3 1 2 7 0 2 7 0 2 4 0 2 4 0 2 7 12 16 2 0 2 7 1 2 7 17 9 2 12 16 2 12 16 2 17 18 2 0 2 7 0 2 7 1 2 7 5 31 3 0 2 7 17 9 2 13 6 3 1 2 7 1 2 7 0 2 7 6 2 7 0 2 7 17 9 2 0 2 7 12 16 2 1 2 4 0 2 7 1 2 7 1 2 7 13 6 3 1 2 7 1 2 7 0 2 7 0 2 7 0 2 7 1 2 7 0 2 7 5 30 3 0 2 7 1 2 4 0 2 7 0 2 7 0 2 3 17 9 2 1 2 7 0 2 3 17 9 2 5 30 3 5 31 3 0 2 7 1 2 4 16 6 2 0 2 3 1 2 3 0 2 4 1 2 3 1 2 7 0 60.2984035611152649
0 2 7 1 2 3 0 2 7 0 2 3 0 2 7 12 16 2 0 2 3 0 2 3 12 16 2 12 16 2 0 2 7 1 2 3 0 2 4 17 18 2 0 2 3 13 6 3 0 2 3 1 2 7 0 2 4 1 2 3 12 16 2 1 2 3 1 2 3 0 2 3 16 6 2 5 30 3 8 9 2 1 2 7 1 2 7 0 2 3 0 2 7 5 30 3 0 2 7 0 2 3 1 2 7 0 2 7 0 2 7 1 2 11 0 2 7 1 2 7 5 30 3 1 2 7 17 18 2 0 2 7 0 2 7 5 30 3 17 9 2 0 2 7 0 2 7 16 6 2 13 6 3 1 2 7 17 9 2 0 2 7 1 2 7 1 2 7 1 2 3 0 2 7 1 2 7 8 18 2 0 61.6391634941101074
13 6 3 1 2 7 1 2 7 0 2 7 0 2 4 1 2 7 12 16 2 13 6 3 1 2 7 17 9 2 0 2 7 12 16 2 17 18 2 1 2 7 1 2 7 5 31 3 0 2 7 1 2 7 0 2 7 1 2 7 1 2 7 0 2 7 1 2 7 0 2 7 0 2 4 0 2 4 1 2 4 0 2 7 5 30 3 1 2 7 1 2 7 0 2 7 5 31 3 0 2 7 0 2 7 0 2 7 5 30 3 0 2 4 0 2 7 0 2 7 0 2 7 17 9 2 1 2 4 0 2 7 0 2 7 12 16 2 17 9 2 1 2 7 17 9 2 0 2 7 1 2 7 13 6 3 17 9 2 17 18 2 1 2 7 1 2 7 0 2 7 1 2 7 0 2 7 0 2 4 0 59.7875515222549438
13 6 3 1 2 4 0 2 7 0 2 7 0 2 7 0 2 3 5 31 3 1 2 4 1 2 4 17 9 2 0 2 7 1 2 7 0 2 7 17 18 2 1 2 7 1 2 7 1 2 7 5 31 3 1 2 7 0 2 7 0 2 4 0 2 7 5 30 3 0 2 7 0 2 7 0 2 7 1 2 7 1 2 7 0 2 7 1 2 7 1 2 7 0 2 7 0 2 7 0 2 7 0 2 7 1 2 7 5 30 3 16 30 2 0 2 7 0 2 7 17 9 2 0 2 7 12 16 2 17 9 2 13 6 3 1 2 3 1 2 4 1 2 7 12 16 2 12 16 2 0 2 7 0 2 7 17 9 2 1 2 4 1 2 7 12 16 2 17 18 2 0 2 7 0 2 7 13 6 3 0 59.9867335557937622
13 6 3 1 2 4 0 2 4 0 2 3 0 2 3 0 2 11 12 16 2 0 2 10 1 2 7 5 30 3 12 16 2 12 16 2 0 2 7 5 30 3 0 2 3 0 2 4 1 2 7 1 2 7 1 2 7 0 2 7 17 9 2 17 18 2 0 2 7 5 30 3 0 2 4 6 2 7 0 2 7 0 2 7 0 2 7 0 2 7 0 2 7 0 2 7 1 2 7 0 2 7 5 30 3 17 9 2 5 31 3 16 30 2 0 2 7 17 18 2 5 30 3 1 2 11 1 2 7 1 2 4 1 2 7 16 31 2 0 2 3 17 18 2 1 2 7 1 2 7 0 2 7 13 6 3 1 2 3 1 2 7 0 2 4 0 2 7 0 2 7 1 2 7 0 2 7 0 2 7 0 61.0138415694236755
13 6 3 1 2 7 1 2 7 0 2 7 0 2 7 0 2 7 5 31 3 1 2 7 1 2 4 17 9 2 0 2 7 1 2 7 0 2 7 17 18 2 0 2 7 0 2 7 1 2 7 5 31 3 1 2 7 0 2 7 17 18 2 0 2 7 0 2 4 5 30 3 0 2 7 0 2 7 0 2 7 0 2 7 1 2 7 0 2 7 1 2 7 1 2 7 0 2 7 0 2 7 0 2 7 0 2 7 0 2 7 1 2 7 5 30 3 0 2 7 0 2 7 16 6 2 1 2 7 1 2 7 1 2 7 5 31 3 1 2 7 17 9 2 0 2 4 0 2 7 12 16 2 17 18 2 0 2 7 17 9 2 13 6 3 1 2 4 0 2 7 6 2 7 1 2 7 1 2 3 0 60.0775706171989441
13 6 3 0 2 4 0 2 7 0 2 7 16 6 2 5 30 3 17 9 2 1 2 4 0 2 7 1 2 7 17 18 2 0 2 7 0 2 7 0 2 7 0 2 7 1 2 7 17 9 2 1 2 4 0 2 7 0 2 7 0 2 7 0 2 7 0 2 7 0 2 7 0 2 7 13 6 3 1 2 7 8 9 2 0 2 7 12 16 2 5 30 3 0 2 7 0 2 7 1 2 7 1 2 7 12 16 2 0 2 7 1 2 7 1 2 7 17 18 2 5 31 3 1 2 7 0 2 7 0 2 7 1 2 7 5 31 3 12 16 2 5 30 3 13 6 3 12 16 2 12 16 2 17 18 2 16 6 2 1 2 7 5 30 3 1 2 7 0 2 7 0 2 7 0 2 4 0 2 4 0 60.5734162330627441
13 6 3 1 2 7 1 2 7 0 2 7 0 2 7 1 2 7 12 16 2 13 6 3 1 2 11 17 9 2 0 2 1 12 16 2 17 18 2 1 2 7 6 2 7 5 31 3 1 2 7 1 2 7 0 2 4 1 2 7 0 2 4 12 16 2 0 2 7 0 2 7 5 30 3 0 2 7 1 2 4 0 2 7 0 2 4 0 2 7 5 30 3 0 2 7 0 2 7 0 2 7 0 2 7 17 9 2 0 2 7 0 2 4 12 16 2 17 9 2 0 2 7 17 9 2 0 2 7 13 6 3 0 2 7 0 2 7 6 2 7 1 2 7 0 2 7 1 2 7 17 9 2 5 31 3 5 30 3 0 2 4 0 2 7 17 18 2 1 2 4 1 2 4 1 2 7 1 2 4 0 60.4742825031280518
13 6 3 1 2 7 5 30 3 13 6 3 0 2 1 0 2 7 0 2 7 12 16 2 1 2 4 1 2 7 17 9 2 12 16 2 12 16 2 0 2 4 17 18 2 0 2 7 1 2 7 1 2 7 1 2 4 1 2 4 0 2 7 17 9 2 17 9 2 0 2 7 5 30 3 1 2 7 0 2 7 1 2 4 0 2 7 1 2 4 0 2 7 0 2 7 0 2 7 0 2 7 0 2 7 0 2 7 12 16 2 0 2 7 0 2 7 0 2 7 0 2 7 0 2 7 5 31 3 0 2 7 0 2 7 8 9 2 0 2 7 17 9 2 5 30 3 17 9 2 1 2 7 13 6 3 0 2 7 5 30 3 0 2 7 5 30 3 16 6 2 1 2 4 1 2 7 1 2 7 0 60.6135783195495605

Current Evaluation = 12600(12600)
Front Size = 10
13 6 3 1 2 7 0 2 7 13 6 3 0 2 7 0 2 7 0 2 7 12 16 2 0 2 7 1 2 7 17 9 2 12 16 2 12 16 2 17 18 2 1 2 7 0 2 7 1 2 7 1 2 7 1 2 7 0 2 7 17 9 2 1 2 7 5 31 3 1 2 4 0 2 7 1 2 7 1 2 7 1 2 7 0 2 7 0 2 7 0 2 7 1 2 7 0 2 7 0 2 7 12 16 2 0 2 7 0 2 7 0 2 7 1 2 4 0 2 7 1 2 7 0 2 7 17 9 2 1 2 7 1 2 7 1 2 7 13 6 3 0 2 7 5 31 3 0 2 7 16 6 2 5 31 3 0 2 7 0 2 7 0 2 7 17 9 2 0 2 7 1 2 4 1 2 7 17 9 2 0 59.7211945056915283
13 6 3 1 2 4 0 2 7 0 2 7 0 2 7 5 31 3 17 9 2 0 2 7 1 2 7 0 2 7 17 18 2 1 2 7 1 2 7 1 2 7 5 31 3 1 2 7 0 2 7 0 2 4 0 2 7 0 2 7 0 2 7 0 2 7 1 2 7 1 2 7 0 2 7 1 2 7 1 2 7 0 2 7 0 2 7 0 2 7 0 2 7 1 2 7 0 2 7 0 2 7 17 9 2 0 2 7 12 16 2 17 9 2 13 6 3 1 2 7 12 16 2 12 16 2 0 2 7 0 2 7 1 2 7 12 16 2 17 18 2 0 2 7 0 2 7 13 6 3 1 2 7 1 2 7 5 31 3 1 2 7 1 2 7 0 2 4 1 2 7 16 6 2 17 9 2 1 2 7 0 59.7211945056915283
13 6 3 1 2 7 1 2 7 0 2 7 0 2 4 1 2 7 12 16 2 13 6 3 1 2 7 17 9 2 0 2 4 12 16 2 17 18 2 1 2 7 1 2 7 5 31 3 0 2 7 1 2 7 0 2 7 1 2 7 1 2 7 0 2 7 1 2 4 0 2 7 1 2 4 0 2 7 5 30 3 1 2 7 1 2 7 0 2 7 5 31 3 0 2 7 0 2 4 0 2 7 5 30 3 0 2 7 0 2 7 0 2 7 17 9 2 1 2 4 0 2 7 0 2 7 12 16 2 17 9 2 17 9 2 0 2 7 13 6 3 17 18 2 0 2 7 0 2 7 12 16 2 0 2 4 1 2 7 1 2 4 1 2 7 17 9 2 0 2 7 0 2 4 1 2 7 0 2 4 0 59.9459015130996704
13 6 3 1 2 4 0 2 4 0 2 3 0 2 3 0 2 11 12 16 2 0 2 10 1 2 7 5 30 3 12 16 2 12 16 2 0 2 7 5 30 3 0 2 3 0 2 4 1 2 7 1 2 7 1 2 7 0 2 7 17 9 2 17 18 2 0 2 7 5 30 3 0 2 4 6 2 7 0 2 7 0 2 7 0 2 7 0 2 7 0 2 7 0 2 7 1 2 7 0 2 7 5 30 3 17 9 2 5 31 3 16 30 2 0 2 7 17 18 2 5 30 3 1 2 11 1 2 7 1 2 4 1 2 7 16 31 2 0 2 3 17 18 2 1 2 7 1 2 7 0 2 7 13 6 3 1 2 3 1 2 7 0 2 4 0 2 7 0 2 7 1 2 7 0 2 7 0 2 7 0 61.0138415694236755
0 2 7 1 2 3 0 2 7 0 2 3 0 2 7 12 16 2 0 2 3 0 2 3 12 16 2 12 16 2 0 2 7 1 2 3 0 2 4 17 18 2 0 2 3 13 6 3 0 2 3 1 2 7 0 2 4 1 2 3 12 16 2 1 2 3 1 2 3 0 2 3 16 6 2 5 30 3 8 9 2 1 2 7 1 2 7 0 2 3 0 2 7 5 30 3 0 2 7 0 2 3 1 2 7 0 2 7 0 2 7 1 2 11 0 2 7 1 2 7 5 30 3 1 2 7 17 18 2 0 2 7 0 2 7 5 30 3 17 9 2 0 2 7 0 2 7 16 6 2 13 6 3 1 2 7 17 9 2 0 2 7 1 2 7 1 2 7 1 2 3 0 2 7 1 2 7 8 18 2 0 61.6391634941101074
13 6 3 0 2 3 0 2 7 0 2 7 1 2 7 17 9 2 0 2 7 0 2 3 0 2 7 17 18 2 1 2 7 0 2 7 1 2 4 1 2 7 1 2 7 0 2 7 1 2 7 5 30 3 1 2 7 17 18 2 0 2 7 0 2 7 0 2 3 0 2 7 1 2 7 1 2 7 1 2 7 1 2 3 1 2 4 17 9 2 1 2 4 5 30 3 8 18 2 12 16 2 13 6 3 0 2 7 12 16 2 12 16 2 12 16 2 5 31 3 0 2 3 0 2 4 0 2 7 0 2 7 16 6 2 16 6 2 0 2 4 0 2 7 1 2 7 5 31 3 1 2 4 0 2 7 0 2 7 1 2 7 17 18 2 0 2 7 0 2 7 1 2 4 0 2 7 0 2 7 0 60.5843155384063721
1 2 7 0 2 7 0 2 7 1 2 7 0 2 7 0 2 7 12 16 2 0 2 7 1 2 7 5 31 3 12 16 2 12 16 2 0 2 7 5 31 3 0 2 11 0 2 7 16 6 2 1 2 11 1 2 7 1 2 7 17 9 2 5 31 3 0 2 7 16 6 2 1 2 7 0 2 7 6 2 7 1 2 7 0 2 7 0 2 7 8 18 2 5 30 3 0 2 7 17 18 2 1 2 7 0 2 7 1 2 7 0 2 7 0 2 7 1 2 7 1 2 7 13 6 3 0 2 7 0 2 4 0 2 7 5 31 3 0 2 7 1 2 7 1 2 7 1 2 4 0 2 7 16 6 2 0 2 7 0 2 7 0 2 4 0 2 7 17 9 2 0 2 7 17 18 2 0 2 4 0 60.7921635508537292
13 6 3 1 2 4 0 2 7 0 2 7 0 2 7 0 2 3 5 31 3 1 2 4 1 2 4 17 9 2 0 2 7 1 2 7 0 2 7 17 18 2 1 2 7 1 2 7 1 2 7 5 31 3 1 2 7 0 2 7 0 2 4 0 2 7 5 30 3 0 2 7 0 2 7 0 2 7 1 2 7 1 2 7 0 2 7 1 2 7 1 2 7 0 2 7 0 2 7 0 2 7 0 2 7 1 2 7 5 30 3 16 30 2 0 2 7 0 2 7 17 9 2 0 2 7 12 16 2 17 9 2 13 6 3 1 2 3 1 2 4 1 2 7 12 16 2 12 16 2 0 2 7 0 2 7 17 9 2 1 2 4 1 2 7 12 16 2 17 18 2 0 2 7 0 2 7 13 6 3 0 59.9867335557937622
13 6 3 1 2 7 0 2 7 0 2 7 0 2 7 5 31 3 17 9 2 0 2 7 1 2 7 0 2 7 17 18 2 1 2 7 1 2 4 1 2 7 5 31 3 6 2 7 0 2 7 0 2 7 0 2 7 0 2 7 0 2 7 0 2 7 1 2 4 1 2 7 0 2 7 1 2 7 1 2 7 0 2 4 0 2 7 0 2 7 0 2 7 1 2 7 0 2 7 0 2 7 17 9 2 0 2 7 12 16 2 17 9 2 13 6 3 1 2 4 12 16 2 12 16 2 0 2 7 0 2 7 1 2 7 12 16 2 17 18 2 0 2 7 0 2 7 13 6 3 1 2 7 1 2 7 0 2 7 1 2 7 5 30 3 17 18 2 1 2 7 5 31 3 16 6 2 1 2 7 0 59.938682496547699
13 6 3 0 2 7 1 2 7 1 2 7 0 2 7 12 16 2 1 2 7 1 2 7 17 9 2 0 2 4 12 16 2 17 18 2 0 2 7 1 2 7 1 2 11 5 31 3 0 2 4 17 9 2 13 6 3 1 2 7 1 2 7 1 2 7 0 2 7 0 2 7 17 9 2 0 2 7 12 16 2 1 2 7 0 2 7 0 2 7 1 2 7 13 6 3 0 2 7 1 2 7 0 2 7 0 2 7 1 2 7 0 2 7 5 30 3 0 2 7 0 2 7 0 2 7 1 2 7 17 9 2 5 30 3 5 31 3 0 2 7 1 2 7 0 2 7 0 2 7 0 2 7 0 2 7 1 2 11 0 2 4 0 2 7 17 9 2 1 2 7 16 30 2 5 30 3 0 2 7 0 60.1593303680419922

Current Evaluation = 13500(13500)
Front Size = 10
13 6 3 1 2 4 0 2 7 0 2 7 0 2 7 5 31 3 17 9 2 0 2 7 1 2 7 0 2 7 17 18 2 1 2 7 1 2 7 1 2 7 5 31 3 1 2 7 0 2 7 0 2 7 0 2 7 0 2 7 0 2 7 1 2 7 1 2 7 0 2 7 1 2 7 1 2 7 0 2 7 0 2 7 0 2 7 0 2 7 1 2 7 0 2 7 0 2 7 17 9 2 0 2 7 12 16 2 17 9 2 13 6 3 1 2 7 12 16 2 12 16 2 0 2 7 0 2 7 1 2 7 12 16 2 0 2 7 0 2 7 13 6 3 1 2 7 1 2 7 5 31 3 1 2 7 1 2 7 16 6 2 17 9 2 0 2 4 17 18 2 1 2 4 0 2 7 1 2 7 0 59.7211945056915283
13 6 3 0 2 7 0 2 7 0 2 4 12 16 2 5 30 3 17 9 2 0 2 7 1 2 4 0 2 7 0 2 7 0 2 7 0 2 7 0 2 7 0 2 7 0 2 7 5 31 3 0 2 7 0 2 11 0 2 7 1 2 7 1 2 4 0 2 4 1 2 7 0 2 7 6 2 7 1 2 4 1 2 4 17 18 2 1 2 7 0 2 7 17 9 2 12 16 2 5 31 3 1 2 7 12 16 2 12 16 2 17 18 2 0 2 4 5 30 3 0 2 7 0 2 4 0 2 7 1 2 7 1 2 7 12 16 2 0 2 7 13 6 3 1 2 4 17 18 2 1 2 7 1 2 7 5 30 3 0 2 7 13 6 3 1 2 7 17 9 2 1 2 7 0 2 7 16 30 2 0 60.2821715474128723
13 6 3 1 2 7 1 2 7 0 2 7 0 2 7 0 2 7 12 16 2 13 6 3 1 2 7 17 9 2 1 2 7 12 16 2 17 18 2 1 2 7 1 2 7 5 31 3 0 2 7 0 2 7 1 2 7 1 2 7 6 2 7 1 2 7 0 2 4 5 31 3 1 2 7 0 2 7 0 2 7 0 2 7 0 2 4 0 2 7 5 30 3 0 2 7 0 2 7 0 2 7 17 9 2 0 2 7 1 2 7 12 16 2 17 9 2 17 9 2 13 6 3 0 2 7 0 2 7 1 2 7 1 2 7 17 9 2 1 2 7 1 2 7 0 2 7 1 2 7 0 2 7 12 16 2 16 6 2 5 31 3 0 2 7 0 2 7 1 2 4 0 2 7 0 2 4 0 2 7 0 59.938682496547699
13 6 3 0 2 4 0 2 7 0 2 7 0 2 7 5 30 3 17 9 2 0 2 7 1 2 4 0 2 7 8 18 2 1 2 4 0 2 7 1 2 7 1 2 7 0 2 7 0 2 7 5 31 3 0 2 7 0 2 7 0 2 7 0 2 7 1 2 7 0 2 7 1 2 7 1 2 7 0 2 7 1 2 7 1 2 7 0 2 7 1 2 7 0 2 7 17 9 2 12 16 2 5 31 3 1 2 7 12 16 2 12 16 2 17 18 2 0 2 7 5 30 3 5 30 3 0 2 7 0 2 7 0 2 7 1 2 7 0 2 7 12 16 2 0 2 7 0 2 7 13 6 3 16 31 2 0 2 7 5 30 3 1 2 7 0 2 7 17 18 2 16 6 2 16 6 2 1 2 7 0 60.6183682680130005
13 6 3 1 2 7 1 2 7 0 2 7 0 2 4 1 2 7 12 16 2 13 6 3 1 2 7 17 9 2 0 2 4 12 16 2 17 18 2 1 2 7 1 2 7 5 31 3 0 2 7 1 2 7 0 2 7 1 2 7 1 2 7 0 2 7 1 2 4 0 2 7 1 2 4 0 2 7 5 30 3 1 2 7 1 2 7 0 2 7 5 31 3 0 2 7 0 2 4 0 2 7 5 30 3 0 2 7 0 2 7 0 2 7 17 9 2 1 2 4 0 2 7 0 2 7 12 16 2 17 9 2 17 9 2 0 2 7 13 6 3 17 18 2 0 2 7 0 2 7 12 16 2 0 2 4 1 2 7 1 2 4 1 2 7 17 9 2 0 2 7 0 2 4 1 2 7 0 2 4 0 59.9459015130996704
13 6 3 1 2 7 0 2 7 0 2 7 0 2 7 5 31 3 1 2 7 1 2 7 17 9 2 1 2 7 1 2 7 0 2 7 17 18 2 1 2 7 1 2 7 1 2 7 5 31 3 1 2 7 0 2 7 0 2 7 0 2 7 0 2 7 0 2 7 0 2 7 1 2 7 1 2 7 0 2 7 1 2 7 0 2 7 0 2 7 0 2 7 0 2 7 5 30 3 0 2 7 0 2 7 17 9 2 0 2 7 12 16 2 17 9 2 13 6 3 12 16 2 12 16 2 17 9 2 12 16 2 17 18 2 13 6 3 0 2 7 0 2 7 0 2 7 0 2 7 8 9 2 1 2 7 1 2 7 1 2 7 1 2 7 1 2 7 16 15 2 1 2 7 0 2 7 0 2 7 0 59.947460412979126
13 6 3 1 2 7 1 2 7 0 2 7 0 2 7 0 2 7 12 16 2 13 6 3 1 2 4 17 9 2 0 2 7 12 16 2 17 18 2 1 2 4 1 2 4 5 31 3 0 2 7 0 2 4 1 2 7 1 2 7 1 2 7 1 2 7 0 2 7 5 31 3 1 2 4 0 2 7 0 2 7 0 2 4 0 2 7 0 2 4 5 30 3 0 2 7 0 2 7 0 2 7 17 9 2 0 2 7 1 2 7 12 16 2 17 9 2 17 9 2 13 6 3 0 2 7 0 2 7 1 2 7 1 2 7 17 9 2 1 2 4 1 2 7 0 2 7 0 2 4 1 2 7 12 16 2 0 2 7 1 2 4 0 2 7 0 2 7 5 30 3 17 18 2 0 2 7 1 2 7 0 59.9459015130996704
13 6 3 0 2 7 1 2 7 1 2 7 0 2 7 12 16 2 1 2 7 1 2 7 17 9 2 0 2 4 12 16 2 17 18 2 0 2 7 1 2 7 1 2 11 5 31 3 0 2 4 17 9 2 13 6 3 1 2 7 1 2 7 1 2 7 0 2 7 0 2 7 17 9 2 0 2 7 12 16 2 1 2 7 0 2 7 0 2 7 1 2 7 13 6 3 0 2 7 1 2 7 0 2 7 0 2 7 1 2 7 0 2 7 5 30 3 0 2 7 0 2 7 0 2 7 1 2 7 17 9 2 5 30 3 5 31 3 0 2 7 1 2 7 0 2 7 0 2 7 0 2 7 0 2 7 1 2 11 0 2 4 0 2 7 17 9 2 1 2 7 16 30 2 5 30 3 0 2 7 0 60.1593303680419922
13 6 3 1 2 3 1 2 7 0 2 7 0 2 7 5 31 3 1 2 7 0 2 7 17 9 2 1 2 7 0 2 7 0 2 7 17 18 2 0 2 7 1 2 7 1 2 4 5 30 3 1 2 7 0 2 7 0 2 7 1 2 4 0 2 7 0 2 7 0 2 7 1 2 7 1 2 7 0 2 7 1 2 7 0 2 3 0 2 7 0 2 7 0 2 7 5 30 3 0 2 7 0 2 7 17 9 2 0 2 7 12 16 2 12 16 2 12 16 2 17 18 2 0 2 7 0 2 7 0 2 7 1 2 7 1 2 7 5 31 3 13 6 3 17 9 2 1 2 7 13 6 3 17 9 2 1 2 4 12 16 2 0 2 4 1 2 7 1 2 4 1 2 4 16 30 2 0 2 7 0 59.9867335557937622
13 6 3 1 2 7 0 2 3 0 2 7 0 2 7 5 30 3 17 9 2 0 2 7 1 2 7 0 2 4 17 18 2 1 2 7 1 2 4 1 2 7 5 31 3 1 2 7 0 2 7 0 2 7 0 2 7 0 2 7 0 2 3 1 2 7 1 2 7 0 2 7 1 2 7 1 2 7 1 2 7 0 2 7 0 2 7 0 2 7 1 2 7 0 2 7 0 2 7 17 9 2 0 2 7 12 16 2 17 9 2 13 6 3 1 2 7 12 16 2 12 16 2 0 2 7 0 2 7 1 2 7 12 16 2 0 2 7 13 6 3 16 30 2 17 9 2 0 2 7 17 18 2 1 2 4 0 2 4 0 2 4 1 2 7 5 31 3 1 2 7 1 2 4 0 2 7 5 30 3 0 59.9867335557937622

Current Evaluation = 14400(14400)
Front Size = 10
13 6 3 1 2 7 0 2 7 0 2 7 0 2 7 5 31 3 17 9 2 0 2 7 1 2 7 0 2 7 17 18 2 1 2 7 1 2 7 1 2 7 5 31 3 1 2 4 0 2 7 0 2 7 0 2 7 0 2 7 0 2 4 1 2 7 1 2 7 0 2 7 1 2 7 0 2 7 0 2 7 1 2 7 0 2 7 0 2 7 0 2 7 0 2 7 17 9 2 0 2 7 12 16 2 17 9 2 13 6 3 0 2 7 12 16 2 12 16 2 0 2 7 0 2 7 1 2 7 12 16 2 1 2 7 13 6 3 1 2 7 1 2 7 5 31 3 1 2 7 1 2 7 16 6 2 17 9 2 0 2 7 17 9 2 1 2 7 1 2 4 0 2 7 0 2 7 1 2 7 0 59.7211945056915283
13 6 3 0 2 7 0 2 7 0 2 4 12 16 2 5 30 3 17 9 2 0 2 7 1 2 4 0 2 7 0 2 7 0 2 7 0 2 7 0 2 7 0 2 7 0 2 7 5 31 3 0 2 7 0 2 11 0 2 7 1 2 7 1 2 4 0 2 4 1 2 7 0 2 7 6 2 7 1 2 4 1 2 4 17 18 2 1 2 7 0 2 7 17 9 2 12 16 2 5 31 3 1 2 7 12 16 2 12 16 2 17 18 2 0 2 4 5 30 3 0 2 7 0 2 4 0 2 7 1 2 7 1 2 7 12 16 2 0 2 7 13 6 3 1 2 4 17 18 2 1 2 7 1 2 7 5 30 3 0 2 7 13 6 3 1 2 7 17 9 2 1 2 7 0 2 7 16 30 2 0 60.2821715474128723
13 6 3 0 2 4 0 2 7 0 2 7 0 2 7 5 30 3 17 9 2 0 2 7 1 2 4 0 2 7 8 18 2 1 2 4 0 2 7 1 2 7 1 2 7 0 2 7 0 2 7 5 31 3 0 2 7 0 2 7 0 2 7 0 2 7 1 2 7 0 2 7 1 2 7 1 2 7 0 2 7 1 2 7 1 2 7 0 2 7 1 2 7 0 2 7 17 9 2 12 16 2 5 31 3 1 2 7 12 16 2 12 16 2 17 18 2 0 2 7 5 30 3 5 30 3 0 2 7 0 2 7 0 2 7 1 2 7 0 2 7 12 16 2 0 2 7 0 2 7 13 6 3 16 31 2 0 2 7 5 30 3 1 2 7 0 2 7 17 18 2 16 6 2 16 6 2 1 2 7 0 60.6183682680130005
13 6 3 1 2 7 0 2 7 0 2 7 17 9 2 0 2 7 1 2 4 0 2 4 17 18 2 1 2 7 1 2 4 1 2 3 5 31 3 1 2 7 0 2 7 0 2 3 0 2 7 0 2 7 1 2 7 1 2 7 0 2 7 1 2 3 0 2 7 1 2 7 0 2 7 0 2 7 0 2 3 1 2 7 0 2 7 0 2 7 17 9 2 0 2 7 12 16 2 17 9 2 13 6 3 1 2 7 12 16 2 12 16 2 0 2 7 0 2 7 1 2 7 12 16 2 0 2 7 13 6 3 17 9 2 0 2 7 1 2 4 1 2 7 5 31 3 1 2 7 0 2 7 0 2 7 1 2 7 0 2 7 0 2 7 1 2 7 17 9 2 16 6 2 1 2 4 5 30 3 0 59.9809155464172363
13 6 3 1 2 7 0 2 3 0 2 7 0 2 7 5 30 3 17 9 2 0 2 7 1 2 7 0 2 4 17 18 2 1 2 7 1 2 4 1 2 7 5 31 3 1 2 7 0 2 7 0 2 7 0 2 7 0 2 7 0 2 3 1 2 7 1 2 7 0 2 7 1 2 7 1 2 7 1 2 7 0 2 7 0 2 7 0 2 7 1 2 7 0 2 7 0 2 7 17 9 2 0 2 7 12 16 2 17 9 2 13 6 3 1 2 7 12 16 2 12 16 2 0 2 7 0 2 7 1 2 7 12 16 2 0 2 7 13 6 3 16 30 2 17 9 2 0 2 7 17 18 2 1 2 4 0 2 4 0 2 4 1 2 7 5 31 3 1 2 7 1 2 4 0 2 7 5 30 3 0 59.9867335557937622
13 6 3 0 2 7 0 2 7 0 2 4 12 16 2 5 30 3 17 9 2 0 2 7 1 2 7 1 2 7 0 2 7 0 2 4 0 2 7 0 2 7 0 2 7 0 2 7 5 30 3 0 2 7 0 2 7 1 2 3 0 2 7 1 2 7 1 2 3 17 18 2 0 2 7 0 2 7 17 9 2 12 16 2 5 31 3 1 2 7 12 16 2 12 16 2 17 18 2 0 2 7 0 2 7 1 2 7 1 2 7 0 2 7 13 6 3 1 2 7 8 18 2 0 2 7 13 6 3 1 2 7 17 9 2 1 2 7 1 2 7 0 2 7 0 2 7 0 2 7 1 2 7 5 30 3 1 2 7 0 2 7 0 2 7 1 2 7 1 2 7 1 2 4 1 2 7 17 9 2 0 60.3414283990859985
13 6 3 0 2 7 0 2 11 0 2 7 12 16 2 5 30 3 17 9 2 0 2 7 1 2 7 0 2 7 0 2 7 1 2 7 0 2 7 0 2 7 0 2 7 0 2 7 5 30 3 0 2 7 0 2 7 1 2 7 1 2 7 0 2 11 1 2 7 0 2 7 1 2 7 17 18 2 0 2 7 0 2 7 17 1 2 12 16 2 5 30 3 0 2 7 12 16 2 12 16 2 17 18 2 0 2 7 5 30 3 0 2 7 0 2 7 1 2 7 8 18 2 12 16 2 0 2 7 13 6 3 17 18 2 1 2 7 1 2 7 0 2 7 13 6 3 6 2 7 17 9 2 1 2 7 0 2 7 16 6 2 0 2 7 5 31 3 1 2 7 0 2 7 1 2 7 5 30 3 0 60.8101252913475037
13 6 3 1 2 7 0 2 7 0 2 7 5 31 3 17 9 2 0 2 7 1 2 7 1 2 7 17 18 2 0 2 7 0 2 7 1 2 7 5 31 3 1 2 7 1 2 4 0 2 7 0 2 7 0 2 7 1 2 7 1 2 7 0 2 7 1 2 4 1 2 7 1 2 4 0 2 7 1 2 7 0 2 7 0 2 7 0 2 7 0 2 7 17 9 2 0 2 7 12 16 2 17 9 2 13 6 3 0 2 7 12 16 2 12 16 2 6 2 7 0 2 7 12 16 2 1 2 4 13 6 3 17 9 2 0 2 7 17 18 2 1 2 7 0 2 7 0 2 7 5 31 3 0 2 7 0 2 7 5 30 3 1 2 7 0 2 7 1 2 7 16 6 2 1 2 7 0 2 7 0 59.938682496547699
13 6 3 1 2 7 1 2 7 0 2 7 0 2 7 0 2 7 12 16 2 13 6 3 1 2 4 17 9 2 0 2 7 12 16 2 17 18 2 1 2 4 1 2 4 5 31 3 0 2 7 0 2 4 1 2 7 1 2 7 1 2 7 1 2 7 0 2 7 5 31 3 1 2 4 0 2 7 0 2 7 0 2 4 0 2 7 0 2 4 5 30 3 0 2 7 0 2 7 0 2 7 17 9 2 0 2 7 1 2 7 12 16 2 17 9 2 17 9 2 13 6 3 0 2 7 0 2 7 1 2 7 1 2 7 17 9 2 1 2 4 1 2 7 0 2 7 0 2 4 1 2 7 12 16 2 0 2 7 1 2 4 0 2 7 0 2 7 5 30 3 17 18 2 0 2 7 1 2 7 0 59.9459015130996704
13 6 3 1 2 7 0 2 7 0 2 7 0 2 7 5 31 3 1 2 7 1 2 7 17 9 2 1 2 7 1 2 7 0 2 7 17 18 2 1 2 7 1 2 7 1 2 7 5 31 3 1 2 7 0 2 7 0 2 7 0 2 7 0 2 7 0 2 7 0 2 7 1 2 7 1 2 7 0 2 7 1 2 7 0 2 7 0 2 7 0 2 7 0 2 7 5 30 3 0 2 7 0 2 7 17 9 2 0 2 7 12 16 2 17 9 2 13 6 3 12 16 2 12 16 2 17 9 2 12 16 2 17 18 2 13 6 3 0 2 7 0 2 7 0 2 7 0 2 7 8 9 2 1 2 7 1 2 7 1 2 7 1 2 7 1 2 7 16 15 2 1 2 7 0 2 7 0 2 7 0 59.947460412979126

Current Evaluation = 15300(15300)
Front Size = 10
13 6 3 1 2 7 0 2 7 0 2 7 0 2 7 5 31 3 17 9 2 0 2 7 1 2 7 0 2 7 17 18 2 1 2 7 1 2 7 1 2 7 5 31 3 1 2 4 0 2 7 0 2 7 0 2 7 0 2 7 0 2 4 1 2 7 1 2 7 0 2 7 1 2 7 0 2 7 0 2 7 1 2 7 0 2 7 0 2 7 0 2 7 0 2 7 17 9 2 0 2 7 12 16 2 17 9 2 13 6 3 0 2 7 12 16 2 12 16 2 0 2 7 0 2 7 1 2 7 12 16 2 1 2 7 13 6 3 1 2 7 1 2 7 5 31 3 1 2 7 1 2 7 16 6 2 17 9 2 0 2 7 17 9 2 1 2 7 1 2 4 0 2 7 0 2 7 1 2 7 0 59.7211945056915283
13 6 3 1 2 7 1 2 7 0 2 4 5 31 3 1 2 7 1 2 7 17 9 2 1 2 7 0 2 7 0 2 7 17 9 2 1 2 7 0 2 7 1 2 7 0 2 7 0 2 7 0 2 7 0 2 4 0 2 7 0 2 7 1 2 7 1 2 7 0 2 7 0 2 7 0 2 7 0 2 7 0 2 7 17 9 2 0 2 7 12 16 2 17 18 2 13 6 3 12 16 2 12 16 2 17 9 2 13 6 3 0 2 4 0 2 4 0 2 7 0 2 7 1 2 7 1 2 7 1 2 7 17 18 2 5 31 3 1 2 7 1 2 4 1 2 7 5 30 3 0 2 7 1 2 7 0 2 7 0 2 4 1 2 7 1 2 7 17 9 2 0 2 7 1 2 4 5 30 3 0 59.7875515222549438
13 6 3 0 2 7 0 2 11 0 2 7 12 16 2 5 30 3 17 9 2 0 2 7 1 2 7 0 2 7 0 2 7 1 2 7 0 2 7 0 2 7 0 2 7 0 2 7 5 30 3 0 2 7 0 2 7 1 2 7 1 2 7 0 2 11 1 2 7 0 2 7 1 2 7 17 18 2 0 2 7 0 2 7 17 1 2 12 16 2 5 30 3 0 2 7 12 16 2 12 16 2 17 18 2 0 2 7 5 30 3 0 2 7 0 2 7 1 2 7 8 18 2 12 16 2 0 2 7 13 6 3 17 18 2 1 2 7 1 2 7 0 2 7 13 6 3 6 2 7 17 9 2 1 2 7 0 2 7 16 6 2 0 2 7 5 31 3 1 2 7 0 2 7 1 2 7 5 30 3 0 60.8101252913475037
13 6 3 1 2 7 0 2 7 0 2 7 5 31 3 17 9 2 0 2 7 1 2 7 1 2 7 17 18 2 0 2 7 0 2 7 1 2 7 5 31 3 1 2 7 1 2 4 0 2 7 0 2 7 0 2 7 1 2 7 1 2 7 0 2 7 1 2 4 1 2 7 1 2 4 0 2 7 1 2 7 0 2 7 0 2 7 0 2 7 0 2 7 17 9 2 0 2 7 12 16 2 17 9 2 13 6 3 0 2 7 12 16 2 12 16 2 6 2 7 0 2 7 12 16 2 1 2 4 13 6 3 17 9 2 0 2 7 17 18 2 1 2 7 0 2 7 0 2 7 5 31 3 0 2 7 5 30 3 1 2 7 1 2 7 16 6 2 0 2 7 0 2 7 1 2 7 0 2 7 0 59.938682496547699
13 6 3 0 2 7 0 2 7 0 2 4 12 16 2 17 9 2 0 2 4 1 2 7 1 2 7 0 2 7 0 2 4 0 2 7 0 2 7 0 2 7 0 2 7 0 2 7 0 2 7 1 2 7 17 18 2 0 2 7 0 2 7 17 9 2 12 16 2 5 31 3 1 2 4 12 16 2 12 16 2 0 2 7 0 2 7 1 2 7 1 2 7 0 2 4 13 6 3 1 2 7 0 2 7 13 6 3 1 2 4 17 9 2 1 2 7 1 2 7 0 2 4 0 2 7 0 2 7 1 2 7 1 2 4 0 2 7 0 2 7 1 2 7 1 2 7 1 2 4 1 2 7 17 9 2 5 30 3 0 2 4 1 2 7 5 30 3 17 9 2 17 18 2 5 31 3 1 2 7 0 59.9459015130996704
13 6 3 1 2 7 0 2 7 0 2 7 0 2 7 5 31 3 1 2 7 1 2 7 17 9 2 1 2 7 1 2 7 0 2 7 17 18 2 1 2 7 1 2 7 1 2 7 5 31 3 1 2 7 0 2 7 0 2 7 0 2 7 0 2 7 0 2 7 0 2 7 1 2 7 1 2 7 0 2 7 1 2 7 0 2 7 0 2 7 0 2 7 0 2 7 5 30 3 0 2 7 0 2 7 17 9 2 0 2 7 12 16 2 17 9 2 13 6 3 12 16 2 12 16 2 17 9 2 12 16 2 17 18 2 13 6 3 0 2 7 0 2 7 0 2 7 0 2 7 8 9 2 1 2 7 1 2 7 1 2 7 1 2 7 1 2 7 16 15 2 1 2 7 0 2 7 0 2 7 0 59.947460412979126
13 6 3 0 2 7 0 2 7 0 2 3 12 16 2 5 30 3 17 9 2 0 2 7 1 2 7 1 2 7 0 2 7 0 2 4 0 2 4 0 2 7 0 2 7 0 2 4 5 30 3 1 2 7 0 2 3 0 2 7 1 2 7 17 18 2 1 2 4 0 2 7 17 9 2 1 2 7 5 31 3 1 2 7 12 16 2 12 16 2 17 18 2 0 2 7 0 2 7 1 2 7 1 2 7 0 2 7 13 6 3 1 2 3 0 2 4 13 6 3 0 2 7 17 9 2 1 2 7 1 2 7 0 2 11 1 2 4 0 2 7 0 2 7 1 2 7 1 2 4 17 9 2 1 2 4 1 2 4 1 2 7 0 2 7 17 9 2 5 30 3 0 2 7 0 2 7 1 2 3 0 60.1468726396560669
13 6 3 0 2 7 0 2 7 0 2 4 12 16 2 5 30 3 17 9 2 0 2 7 1 2 4 0 2 7 0 2 7 0 2 7 0 2 7 0 2 7 0 2 7 0 2 7 5 31 3 0 2 7 0 2 11 0 2 7 1 2 7 1 2 4 0 2 4 1 2 7 0 2 7 6 2 7 1 2 4 1 2 4 17 18 2 1 2 7 0 2 7 17 9 2 12 16 2 5 31 3 1 2 7 12 16 2 12 16 2 17 18 2 0 2 4 5 30 3 0 2 7 0 2 4 0 2 7 1 2 7 1 2 7 12 16 2 0 2 7 13 6 3 1 2 4 17 18 2 1 2 7 1 2 7 5 30 3 0 2 7 13 6 3 1 2 7 17 9 2 1 2 7 0 2 7 16 30 2 0 60.2821715474128723
13 6 3 0 2 7 0 2 7 1 2 7 12 16 2 17 9 2 0 2 7 0 2 7 0 2 7 16 15 2 1 2 7 1 2 7 0 2 4 0 2 7 6 2 7 0 2 7 0 2 7 1 2 7 17 18 2 1 2 7 0 2 7 17 9 2 12 16 2 5 31 3 1 2 4 12 16 2 12 16 2 1 2 4 0 2 7 1 2 7 1 2 7 0 2 7 13 6 3 0 2 4 0 2 7 13 6 3 0 2 7 17 9 2 6 2 7 0 2 7 0 2 7 0 2 7 1 2 7 1 2 7 0 2 7 0 2 7 0 2 7 1 2 7 1 2 7 5 31 3 17 18 2 5 30 3 0 2 7 0 2 7 5 31 3 17 9 2 12 16 2 0 2 7 1 2 7 6 2 7 0 60.2523584961891174
13 6 3 0 2 7 0 2 7 6 2 3 12 16 2 5 30 3 17 9 2 0 2 7 0 2 7 0 2 7 0 2 7 0 2 7 0 2 7 0 2 7 0 2 7 0 2 7 5 31 3 0 2 3 6 2 7 0 2 7 1 2 7 1 2 7 0 2 7 1 2 7 0 2 7 1 2 7 17 18 2 1 2 7 0 2 7 17 9 2 12 16 2 5 31 3 1 2 7 12 16 2 12 16 2 17 18 2 0 2 7 0 2 7 0 2 7 1 2 3 1 2 4 0 2 7 13 6 3 1 2 7 1 2 7 0 2 7 13 6 3 0 2 7 17 9 2 1 2 7 0 2 7 1 2 7 1 2 4 5 30 3 0 2 7 1 2 4 1 2 7 17 18 2 1 2 7 1 2 7 0 60.3704884648323059

Current Evaluation = 16200(16200)
Front Size = 10
13 6 3 1 2 7 0 2 7 0 2 7 0 2 7 5 31 3 17 9 2 0 2 7 1 2 7 0 2 7 17 18 2 1 2 7 1 2 7 1 2 7 5 31 3 1 2 4 0 2 7 0 2 7 0 2 7 0 2 7 0 2 4 1 2 7 1 2 7 0 2 7 1 2 7 0 2 7 0 2 7 1 2 7 0 2 7 0 2 7 0 2 7 0 2 7 17 9 2 0 2 7 12 16 2 17 9 2 13 6 3 0 2 7 12 16 2 12 16 2 0 2 7 0 2 7 1 2 7 12 16 2 1 2 7 13 6 3 1 2 7 1 2 7 5 31 3 1 2 7 1 2 7 16 6 2 17 9 2 0 2 7 17 9 2 1 2 7 1 2 4 0 2 7 0 2 7 1 2 7 0 59.7211945056915283
13 6 3 0 2 7 12 16 2 5 30 3 17 9 2 0 2 4 1 2 7 1 2 7 0 2 7 1 2 7 0 2 7 0 2 7 1 2 7 5 30 3 1 2 4 0 2 7 1 2 7 17 18 2 1 2 7 0 2 7 17 9 2 5 31 3 1 2 7 12 16 2 12 16 2 17 18 2 0 2 7 1 2 7 1 2 7 0 2 7 13 6 3 0 2 7 13 6 3 1 2 7 17 9 2 1 2 7 1 2 7 0 2 7 0 2 7 1 2 7 1 2 7 0 2 7 0 2 7 5 31 3 0 2 7 0 2 7 0 2 7 0 2 7 1 2 7 1 2 7 0 2 4 0 2 7 17 9 2 0 2 7 1 2 4 0 2 4 1 2 4 0 2 4 17 9 2 0 2 7 0 59.7875515222549438
13 6 3 0 2 7 0 2 4 12 16 2 8 9 2 0 2 4 1 2 7 0 2 7 0 2 4 1 2 7 0 2 4 0 2 7 0 2 7 0 2 4 0 2 7 0 2 7 1 2 7 1 2 7 1 2 7 0 2 7 1 2 7 17 18 2 0 2 4 0 2 7 12 16 2 0 2 7 12 16 2 12 16 2 0 2 7 0 2 7 0 2 7 1 2 7 0 2 7 13 6 3 1 2 7 1 2 7 0 2 7 16 19 11 17 18 2 1 2 4 0 2 7 16 6 2 0 2 7 5 31 3 1 2 7 0 2 7 1 2 7 0 2 7 5 31 3 5 30 3 0 2 7 17 18 2 1 2 7 17 18 2 5 31 3 17 9 2 12 16 2 1 2 7 1 2 7 1 2 7 0 60.7687944173812866
13 6 3 0 2 7 0 2 7 0 2 3 12 16 2 5 30 3 17 9 2 0 2 7 1 2 7 1 2 7 0 2 7 0 2 4 0 2 4 0 2 7 0 2 7 0 2 4 5 30 3 1 2 7 0 2 3 0 2 7 1 2 7 17 18 2 1 2 4 0 2 7 17 9 2 1 2 7 5 31 3 1 2 7 12 16 2 12 16 2 17 18 2 0 2 7 0 2 7 1 2 7 1 2 7 0 2 7 13 6 3 1 2 3 0 2 4 13 6 3 0 2 7 17 9 2 1 2 7 1 2 7 0 2 11 1 2 4 0 2 7 0 2 7 1 2 7 1 2 4 17 9 2 1 2 4 1 2 4 1 2 7 0 2 7 17 9 2 5 30 3 0 2 7 0 2 7 1 2 3 0 60.1468726396560669
13 6 3 0 2 3 0 2 7 12 16 2 5 30 3 17 9 2 0 2 7 1 2 7 1 2 7 0 2 7 1 2 7 0 2 7 0 2 7 0 2 3 0 2 7 5 30 3 1 2 4 0 2 7 1 2 7 17 18 2 1 2 7 0 2 7 17 9 2 16 15 2 5 31 3 1 2 7 12 16 2 12 16 2 17 18 2 6 2 7 0 2 7 1 2 7 1 2 7 0 2 7 13 6 3 0 2 7 13 6 3 1 2 7 17 9 2 1 2 7 1 2 7 0 2 7 0 2 7 1 2 7 1 2 7 0 2 7 0 2 7 5 31 3 0 2 7 0 2 7 0 2 3 17 18 2 0 2 7 0 2 7 1 2 7 1 2 7 0 2 7 1 2 7 0 2 7 0 2 7 0 60.1933454871177673
13 6 3 0 2 7 0 2 11 0 2 7 12 16 2 5 30 3 17 9 2 0 2 7 1 2 7 0 2 7 0 2 7 1 2 7 0 2 7 0 2 7 0 2 7 0 2 7 5 30 3 0 2 7 0 2 7 1 2 7 1 2 7 0 2 11 1 2 7 0 2 7 1 2 7 17 18 2 0 2 7 0 2 7 17 1 2 12 16 2 5 30 3 0 2 7 12 16 2 12 16 2 17 18 2 0 2 7 5 30 3 0 2 7 0 2 7 1 2 7 8 18 2 12 16 2 0 2 7 13 6 3 17 18 2 1 2 7 1 2 7 0 2 7 13 6 3 6 2 7 17 9 2 1 2 7 0 2 7 16 6 2 0 2 7 5 31 3 1 2 7 0 2 7 1 2 7 5 30 3 0 60.8101252913475037
13 6 3 0 2 7 0 2 7 12 16 2 5 30 3 17 9 2 0 2 7 1 2 7 1 2 7 0 2 7 1 2 4 0 2 7 0 2 7 1 2 4 0 2 7 1 2 4 17 18 2 1 2 7 0 2 7 17 9 2 0 2 7 5 30 3 1 2 7 12 16 2 12 16 2 17 18 2 0 2 7 0 2 7 1 2 7 1 2 4 0 2 7 13 6 3 0 2 7 13 6 3 1 2 7 17 9 2 1 2 7 1 2 4 0 2 7 0 2 7 1 2 7 17 9 2 1 2 7 0 2 7 0 2 7 0 2 7 0 2 7 0 2 7 5 31 3 0 2 7 1 2 7 0 2 7 1 2 7 1 2 7 0 2 4 0 2 7 5 31 3 1 2 4 17 9 2 1 2 7 0 59.7875515222549438
13 6 3 0 2 7 0 2 7 0 2 4 12 16 2 5 30 3 17 9 2 0 2 7 1 2 4 0 2 7 0 2 7 0 2 7 0 2 7 0 2 7 0 2 7 0 2 7 5 31 3 0 2 7 0 2 11 0 2 7 1 2 7 1 2 4 0 2 4 1 2 7 0 2 7 6 2 7 1 2 4 1 2 4 17 18 2 1 2 7 0 2 7 17 9 2 12 16 2 5 31 3 1 2 7 12 16 2 12 16 2 17 18 2 0 2 4 5 30 3 0 2 7 0 2 4 0 2 7 1 2 7 1 2 7 12 16 2 0 2 7 13 6 3 1 2 4 17 18 2 1 2 7 1 2 7 5 30 3 0 2 7 13 6 3 1 2 7 17 9 2 1 2 7 0 2 7 16 30 2 0 60.2821715474128723
13 6 3 1 2 7 0 2 7 0 2 4 1 2 7 17 9 2 0 2 7 0 2 7 6 2 7 17 18 2 0 2 7 0 2 7 1 2 7 1 2 7 1 2 7 0 2 7 1 2 7 0 2 7 1 2 7 0 2 4 1 2 7 0 2 7 1 2 7 0 2 7 0 2 7 0 2 4 0 2 7 17 9 2 0 2 7 12 16 2 13 6 3 0 2 7 12 16 2 12 16 2 1 2 7 0 2 7 12 16 2 13 6 3 0 2 7 17 18 2 1 2 7 0 2 7 0 2 7 0 2 7 5 31 3 1 2 7 5 31 3 16 6 2 0 2 7 1 2 4 1 2 7 0 2 7 1 2 7 0 2 7 17 9 2 1 2 7 17 9 2 5 31 3 5 30 3 1 2 7 0 59.938682496547699
13 6 3 0 2 7 0 2 7 12 16 2 5 30 3 17 9 2 0 2 7 1 2 7 1 2 7 0 2 7 1 2 7 0 2 7 0 2 7 1 2 4 0 2 7 1 2 4 17 18 2 1 2 7 0 2 7 17 9 2 0 2 7 5 30 3 1 2 7 12 16 2 12 16 2 17 18 2 0 2 7 0 2 7 1 2 7 0 2 7 13 6 3 0 2 7 13 6 3 1 2 7 17 9 2 1 2 7 0 2 7 0 2 7 1 2 7 17 9 2 1 2 7 0 2 7 0 2 7 0 2 7 0 2 7 0 2 7 5 31 3 1 2 7 1 2 7 1 2 7 0 2 4 5 31 3 17 9 2 1 2 7 1 2 4 1 2 4 0 2 4 0 2 7 0 2 7 1 2 4 0 59.7875515222549438

Current Evaluation = 17100(17100)
Front Size = 10
13 6 3 1 2 7 0 2 7 0 2 7 0 2 7 5 31 3 17 9 2 0 2 7 1 2 7 0 2 7 17 18 2 1 2 7 1 2 7 1 2 7 5 31 3 1 2 4 0 2 7 0 2 7 0 2 7 0 2 7 0 2 4 1 2 7 1 2 7 0 2 7 1 2 7 0 2 7 0 2 7 1 2 7 0 2 7 0 2 7 0 2 7 0 2 7 17 9 2 0 2 7 12 16 2 17 9 2 13 6 3 0 2 7 12 16 2 12 16 2 0 2 7 0 2 7 1 2 7 1 2 7 13 6 3 1 2 7 1 2 7 17 9 2 0 2 7 17 9 2 1 2 7 0 2 7 0 2 7 12 16 2 5 31 3 1 2 7 1 2 4 16 6 2 1 2 7 1 2 7 0 59.7211945056915283
13 6 3 0 2 4 0 2 4 12 16 2 17 9 2 0 2 7 1 2 7 1 2 7 0 2 7 1 2 7 0 2 7 0 2 7 1 2 4 0 2 4 17 18 2 1 2 7 0 2 7 17 9 2 0 2 7 1 2 7 12 16 2 12 16 2 0 2 7 0 2 7 1 2 7 0 2 7 13 6 3 0 2 4 13 6 3 1 2 7 17 9 2 1 2 7 0 2 7 0 2 7 1 2 7 17 9 2 1 2 7 0 2 4 0 2 7 0 2 7 0 2 7 0 2 7 5 31 3 0 2 7 1 2 7 0 2 7 1 2 7 1 2 7 0 2 4 0 2 7 5 31 3 17 9 2 1 2 7 5 30 3 1 2 7 5 30 3 17 18 2 1 2 7 1 2 7 1 2 7 0 59.7875515222549438
13 6 3 0 2 7 0 2 7 12 16 2 5 30 3 17 9 2 0 2 7 5 30 3 1 2 7 0 2 4 0 2 7 0 2 7 1 2 7 17 18 2 1 2 7 0 2 7 0 2 3 0 2 7 5 31 3 6 2 7 12 16 2 12 16 2 5 30 3 0 2 7 0 2 7 1 2 7 0 2 7 13 6 3 0 2 7 13 6 3 1 2 7 1 2 7 1 2 7 0 2 7 1 2 7 0 2 4 0 2 7 1 2 7 0 2 7 0 2 7 0 2 7 5 30 3 0 2 7 1 2 7 1 2 7 0 2 7 0 2 7 0 2 7 16 30 2 1 2 7 1 2 7 0 2 7 17 18 2 17 18 2 17 18 2 0 2 7 5 31 3 0 2 7 12 16 2 1 2 7 0 60.6385213732719421
13 6 3 0 2 7 12 16 2 5 30 3 17 9 2 0 2 4 1 2 7 1 2 7 0 2 7 1 2 7 0 2 7 0 2 7 1 2 7 5 30 3 1 2 4 0 2 7 1 2 7 17 18 2 1 2 7 0 2 7 17 9 2 5 31 3 1 2 7 12 16 2 12 16 2 17 18 2 0 2 7 1 2 7 1 2 7 0 2 7 13 6 3 0 2 7 13 6 3 1 2 7 17 9 2 1 2 7 1 2 7 0 2 7 0 2 7 1 2 7 0 2 7 0 2 7 5 31 3 0 2 7 0 2 7 0 2 7 0 2 7 0 2 7 17 9 2 0 2 7 1 2 4 1 2 4 17 9 2 0 2 7 1 2 4 0 2 7 0 2 7 1 2 4 1 2 4 0 2 7 0 59.7875515222549438
13 6 3 0 2 7 0 2 7 12 16 2 5 31 3 1 2 11 0 2 7 1 2 7 0 2 4 0 2 7 0 2 7 0 2 4 0 2 4 1 2 11 1 2 7 0 2 7 1 2 7 17 18 2 0 2 7 12 16 2 0 2 7 12 16 2 0 2 7 1 2 7 0 2 7 1 2 4 0 2 7 13 6 3 0 2 11 1 2 7 1 2 7 17 18 2 0 2 7 0 2 7 0 2 4 5 30 3 1 2 7 0 2 7 1 2 4 0 2 11 5 30 3 13 6 3 5 30 3 1 2 4 17 9 2 1 2 7 0 2 7 8 18 2 1 2 7 1 2 4 1 2 7 17 9 2 0 2 7 5 30 3 0 2 7 17 18 2 17 9 2 17 9 2 12 16 2 0 2 4 0 60.6490224599838257
13 6 3 0 2 7 12 16 2 5 30 3 17 9 2 0 2 4 1 2 7 1 2 7 0 2 7 1 2 7 0 2 7 0 2 7 1 2 7 5 30 3 1 2 4 0 2 7 1 2 7 17 18 2 1 2 7 0 2 7 17 9 2 5 31 3 1 2 7 12 16 2 12 16 2 17 18 2 0 2 7 1 2 7 1 2 7 0 2 7 13 6 3 0 2 7 13 6 3 1 2 7 17 9 2 1 2 7 1 2 7 0 2 7 0 2 7 1 2 7 1 2 7 0 2 7 0 2 7 5 31 3 0 2 7 0 2 7 0 2 7 0 2 7 1 2 7 1 2 7 0 2 4 0 2 7 17 9 2 0 2 7 1 2 4 0 2 4 1 2 4 0 2 4 17 9 2 0 2 7 0 59.7875515222549438
13 6 3 0 2 7 0 2 4 12 16 2 8 9 2 0 2 4 1 2 7 0 2 7 0 2 4 1 2 7 0 2 4 0 2 7 0 2 7 0 2 4 0 2 7 0 2 7 1 2 7 1 2 7 1 2 7 0 2 7 1 2 7 17 18 2 0 2 4 0 2 7 12 16 2 0 2 7 12 16 2 12 16 2 0 2 7 0 2 7 0 2 7 1 2 7 0 2 7 13 6 3 1 2 7 1 2 7 0 2 7 16 19 11 17 18 2 1 2 4 0 2 7 16 6 2 0 2 7 5 31 3 1 2 7 0 2 7 1 2 7 0 2 7 5 31 3 5 30 3 0 2 7 17 18 2 1 2 7 17 18 2 5 31 3 17 9 2 12 16 2 1 2 7 1 2 7 1 2 7 0 60.7687944173812866
13 6 3 6 2 7 0 2 7 0 2 7 0 2 4 5 31 3 17 9 2 1 2 7 1 2 7 0 2 7 17 18 2 1 2 7 1 2 7 5 30 3 5 31 3 1 2 7 0 2 4 0 2 7 0 2 7 0 2 7 0 2 7 1 2 7 1 2 7 0 2 7 1 2 7 0 2 7 0 2 7 1 2 7 0 2 4 0 2 7 0 2 7 0 2 7 17 9 2 0 2 7 12 16 2 17 9 2 13 6 3 0 2 7 12 16 2 12 16 2 0 2 7 0 2 7 1 2 7 12 16 2 0 2 7 13 6 3 1 2 7 1 2 7 5 31 3 1 2 7 1 2 7 16 6 2 17 9 2 0 2 7 1 2 4 1 2 7 0 2 7 0 2 7 1 2 7 17 18 2 0 59.938682496547699
13 6 3 0 2 7 0 2 7 0 2 3 12 16 2 5 30 3 17 9 2 0 2 7 1 2 7 1 2 7 0 2 7 0 2 4 0 2 4 0 2 7 0 2 7 0 2 4 5 30 3 1 2 7 0 2 3 0 2 7 1 2 7 17 18 2 1 2 4 0 2 7 17 9 2 1 2 7 5 31 3 1 2 7 12 16 2 12 16 2 17 18 2 0 2 7 0 2 7 1 2 7 1 2 7 0 2 7 13 6 3 1 2 3 0 2 4 13 6 3 0 2 7 17 9 2 1 2 7 1 2 7 0 2 11 1 2 4 0 2 7 0 2 7 1 2 7 1 2 4 17 9 2 1 2 4 1 2 4 1 2 7 0 2 7 17 9 2 5 30 3 0 2 7 0 2 7 1 2 3 0 60.1468726396560669
13 6 3 0 2 7 0 2 4 12 16 2 0 2 4 1 2 7 0 2 7 0 2 4 1 2 7 0 2 7 0 2 7 0 2 7 0 2 7 1 2 7 1 2 7 1 2 7 0 2 7 1 2 7 17 18 2 0 2 7 12 16 2 0 2 7 12 16 2 12 16 2 0 2 7 0 2 7 0 2 7 1 2 7 0 2 7 13 6 3 1 2 7 1 2 7 0 2 7 17 18 2 1 2 4 0 2 7 16 6 2 0 2 7 5 31 3 1 2 7 0 2 7 1 2 7 0 2 4 5 31 3 5 30 3 0 2 7 1 2 7 5 31 3 17 9 2 1 2 7 1 2 4 1 2 7 13 6 3 6 2 7 0 2 7 0 2 4 17 9 2 17 9 2 17 18 2 12 16 2 0 60.0970324873924255

Current Evaluation = 18000(18000)
Front Size = 10
13 6 3 1 2 7 0 2 7 0 2 7 0 2 7 5 31 3 17 9 2 0 2 7 1 2 7 0 2 7 17 18 2 1 2 7 1 2 7 1 2 7 5 31 3 1 2 4 0 2 7 0 2 7 0 2 7 0 2 7 0 2 4 1 2 7 1 2 7 0 2 7 1 2 7 0 2 7 0 2 7 1 2 7 0 2 7 0 2 7 0 2 7 0 2 7 17 9 2 0 2 7 12 16 2 17 9 2 13 6 3 0 2 7 12 16 2 12 16 2 0 2 7 0 2 7 1 2 7 1 2 7 13 6 3 1 2 7 1 2 7 17 9 2 0 2 7 17 9 2 1 2 7 0 2 7 0 2 7 12 16 2 5 31 3 1 2 7 1 2 4 16 6 2 1 2 7 1 2 7 0 59.7211945056915283
13 6 3 1 2 7 12 16 2 17 9 2 0 2 7 1 2 7 0 2 7 0 2 7 1 2 7 0 2 4 0 2 7 0 2 7 0 2 7 1 2 7 17 18 2 0 2 7 0 2 7 17 9 2 5 31 3 12 16 2 1 2 7 17 18 2 1 2 7 1 2 7 1 2 7 0 2 7 13 6 3 1 2 7 13 6 3 1 2 7 17 9 2 1 2 7 0 2 7 0 2 7 1 2 7 1 2 4 0 2 7 5 31 3 0 2 7 0 2 7 17 9 2 0 2 7 0 2 7 0 2 7 1 2 7 1 2 7 0 2 7 0 2 7 12 16 2 1 2 7 0 2 7 0 2 7 5 31 3 1 2 7 1 2 4 0 2 7 1 2 7 12 16 2 0 2 7 16 6 2 0 59.7211945056915283
13 6 3 0 2 4 0 2 4 12 16 2 17 9 2 0 2 7 1 2 7 1 2 7 0 2 7 1 2 7 0 2 7 0 2 7 1 2 4 0 2 4 17 18 2 1 2 7 0 2 7 17 9 2 0 2 7 1 2 7 12 16 2 12 16 2 0 2 7 0 2 7 1 2 7 0 2 7 13 6 3 0 2 4 13 6 3 1 2 7 17 9 2 1 2 7 0 2 7 0 2 7 1 2 7 17 9 2 1 2 7 0 2 7 0 2 7 0 2 7 0 2 7 5 31 3 0 2 7 1 2 7 0 2 7 1 2 7 1 2 7 0 2 7 5 31 3 17 9 2 1 2 7 5 30 3 1 2 7 5 30 3 17 18 2 1 2 7 0 2 4 0 2 4 1 2 7 1 2 7 0 59.7875515222549438
13 6 3 0 2 7 12 16 2 17 9 2 0 2 7 1 2 7 0 2 7 0 2 7 1 2 7 0 2 7 0 2 7 0 2 7 1 2 7 0 2 7 1 2 7 17 18 2 1 2 7 1 2 7 17 9 2 5 31 3 1 2 7 12 16 2 12 16 2 0 2 7 1 2 4 1 2 4 0 2 7 13 6 3 1 2 7 13 6 3 1 2 7 17 9 2 1 2 7 1 2 7 0 2 7 1 2 7 0 2 7 0 2 7 5 31 3 0 2 7 0 2 7 0 2 7 17 9 2 0 2 7 0 2 7 0 2 7 1 2 7 17 9 2 0 2 7 0 2 7 0 2 7 0 2 7 1 2 7 0 2 7 1 2 7 16 6 2 5 31 3 12 16 2 1 2 4 1 2 7 0 59.7211945056915283
13 6 3 0 2 7 12 16 2 5 30 3 17 9 2 0 2 7 1 2 7 0 2 7 0 2 7 1 2 7 0 2 7 0 2 7 0 2 7 1 2 7 0 2 7 1 2 7 17 18 2 1 2 7 1 2 7 17 9 2 5 31 3 1 2 7 12 16 2 12 16 2 17 18 2 0 2 7 1 2 4 1 2 4 0 2 7 13 6 3 1 2 7 13 6 3 1 2 7 17 9 2 1 2 7 5 30 3 1 2 7 0 2 7 1 2 7 0 2 7 0 2 4 5 31 3 0 2 7 0 2 7 0 2 7 17 9 2 0 2 7 0 2 7 0 2 7 1 2 4 1 2 7 17 9 2 0 2 7 0 2 7 0 2 4 0 2 7 0 2 7 1 2 4 1 2 4 1 2 7 0 59.7875515222549438
13 6 3 0 2 7 0 2 7 12 16 2 0 2 7 1 2 4 0 2 7 0 2 7 1 2 7 0 2 7 0 2 7 0 2 7 0 2 7 1 2 3 1 2 7 0 2 7 0 2 7 1 2 3 17 18 2 0 2 7 12 16 2 0 2 7 12 16 2 0 2 4 0 2 7 0 2 4 1 2 7 0 2 7 13 6 3 1 2 7 1 2 7 1 2 7 17 18 2 1 2 7 1 2 7 0 2 7 5 31 3 1 2 7 0 2 3 1 2 7 0 2 7 5 31 3 5 30 3 0 2 7 1 2 7 17 9 2 1 2 7 1 2 3 1 2 4 13 6 3 0 2 4 17 9 2 17 9 2 17 9 2 16 6 2 1 2 7 1 2 7 0 2 7 0 2 7 12 16 2 0 59.9809155464172363
13 6 3 0 2 7 12 16 2 5 30 3 17 9 2 0 2 7 1 2 7 0 2 7 0 2 7 1 2 7 0 2 7 0 2 7 0 2 7 1 2 7 0 2 11 1 2 7 17 18 2 1 2 7 1 2 7 17 9 2 5 31 3 1 2 11 12 16 2 1 2 7 17 18 2 0 2 7 1 2 7 1 2 7 0 2 7 13 6 3 1 2 7 13 6 3 1 2 4 17 9 2 1 2 7 1 2 7 0 2 7 1 2 7 0 2 7 0 2 7 5 31 3 0 2 11 0 2 7 0 2 7 17 9 2 0 2 7 0 2 7 0 2 7 1 2 7 0 2 7 0 2 4 0 2 4 1 2 7 12 16 2 1 2 7 17 9 2 0 2 7 0 2 7 1 2 7 1 2 4 0 59.8851566314697266
13 6 3 0 2 7 12 16 2 5 30 3 17 9 2 0 2 7 1 2 7 0 2 7 0 2 7 1 2 7 0 2 7 0 2 7 0 2 4 1 2 7 0 2 7 1 2 7 17 18 2 1 2 7 1 2 7 17 9 2 5 31 3 1 2 7 12 16 2 12 16 2 17 18 2 0 2 7 1 2 4 0 2 7 13 6 3 0 2 7 13 6 3 1 2 7 17 9 2 1 2 7 5 30 3 1 2 7 0 2 7 1 2 7 0 2 7 0 2 4 5 31 3 0 2 7 0 2 7 0 2 7 17 9 2 0 2 7 0 2 7 0 2 7 1 2 7 17 9 2 0 2 7 1 2 7 0 2 4 0 2 4 1 2 7 0 2 7 1 2 7 1 2 7 1 2 4 1 2 4 0 59.7875515222549438
13 6 3 0 2 7 12 16 2 5 30 3 17 9 2 0 2 7 0 2 7 0 2 7 0 2 4 1 2 7 0 2 4 0 2 7 0 2 7 1 2 4 0 2 4 0 2 7 17 18 2 1 2 7 1 2 7 17 9 2 0 2 4 1 2 7 12 16 2 12 16 2 17 18 2 0 2 7 1 2 7 1 2 4 13 6 3 1 2 7 13 6 3 1 2 7 17 9 2 0 2 7 5 31 3 0 2 7 0 2 7 1 2 7 0 2 7 1 2 7 5 31 3 1 2 7 0 2 7 0 2 7 17 9 2 1 2 7 0 2 7 0 2 7 0 2 4 17 9 2 1 2 7 0 2 7 1 2 7 1 2 7 5 30 3 1 2 7 0 2 7 1 2 7 0 2 7 1 2 7 0 59.7875515222549438
13 6 3 1 2 7 0 2 7 0 2 7 0 2 7 5 30 3 17 9 2 0 2 7 1 2 7 1 2 6 17 18 2 1 2 7 0 2 4 0 2 7 5 30 3 0 2 7 0 2 7 0 2 7 0 2 4 0 2 4 1 2 4 1 2 4 0 2 7 1 2 7 0 2 11 0 2 7 1 2 4 0 2 7 0 2 7 0 2 7 0 2 10 0 2 7 12 16 2 13 6 3 0 2 7 12 16 2 12 16 2 0 2 7 0 2 7 1 2 7 1 2 7 13 6 3 1 2 7 1 2 4 0 2 7 1 2 4 0 2 7 0 2 7 12 16 2 1 2 4 17 9 2 17 18 2 17 9 2 17 9 2 5 31 3 5 30 3 1 2 4 5 30 3 1 2 4 17 18 2 0 60.4309694766998291

MonoObjective Genetic Algorithm
Number of Evaluations = 0
Mutation Probability = 0
Crossover Probability = 1
Population Size = 10
Survival Selection Type = 16

Time =  18022.3057651519775

Current Evaluation = 2040
Front Size = 10
13 6 3 1 2 7 0 2 7 0 2 7 0 2 7 5 31 3 17 9 2 0 2 7 1 2 7 0 2 7 17 18 2 1 2 7 1 2 7 1 2 7 5 31 3 1 2 4 0 2 7 0 2 7 0 2 7 0 2 7 0 2 4 1 2 7 1 2 7 0 2 7 1 2 7 0 2 7 0 2 7 1 2 7 0 2 7 0 2 7 0 2 7 0 2 7 17 9 2 0 2 7 12 16 2 17 9 2 13 6 3 0 2 7 12 16 2 12 16 2 0 2 7 0 2 7 1 2 7 1 2 7 13 6 3 1 2 7 1 2 7 17 9 2 0 2 7 17 9 2 1 2 7 0 2 7 0 2 7 12 16 2 5 31 3 1 2 7 1 2 4 16 6 2 1 2 7 1 2 7 0 59.7211945056915283
13 6 3 1 2 7 12 16 2 17 9 2 0 2 7 1 2 7 0 2 7 0 2 7 1 2 7 0 2 4 0 2 7 0 2 7 0 2 7 1 2 7 17 18 2 0 2 7 0 2 7 17 9 2 5 31 3 12 16 2 1 2 7 17 18 2 1 2 7 1 2 7 1 2 7 0 2 7 13 6 3 1 2 7 13 6 3 1 2 7 17 9 2 1 2 7 0 2 7 0 2 7 1 2 7 1 2 4 0 2 7 5 31 3 0 2 7 0 2 7 17 9 2 0 2 7 0 2 7 0 2 7 1 2 7 1 2 7 0 2 7 0 2 7 12 16 2 1 2 7 0 2 7 0 2 7 5 31 3 1 2 7 1 2 4 0 2 7 1 2 7 12 16 2 0 2 7 16 6 2 0 59.7211945056915283
13 6 3 0 2 4 0 2 4 12 16 2 17 9 2 0 2 7 1 2 7 1 2 7 0 2 7 1 2 7 0 2 7 0 2 7 1 2 4 0 2 4 17 18 2 1 2 7 0 2 7 17 9 2 0 2 7 1 2 7 12 16 2 12 16 2 0 2 7 0 2 7 1 2 7 0 2 7 13 6 3 0 2 4 13 6 3 1 2 7 17 9 2 1 2 7 0 2 7 0 2 7 1 2 7 17 9 2 1 2 7 0 2 7 0 2 7 0 2 7 0 2 7 5 31 3 0 2 7 1 2 7 0 2 7 1 2 7 1 2 7 0 2 7 5 31 3 17 9 2 1 2 7 5 30 3 1 2 7 5 30 3 17 18 2 1 2 7 0 2 4 0 2 4 1 2 7 1 2 7 0 59.7875515222549438
13 6 3 0 2 7 12 16 2 17 9 2 0 2 7 1 2 7 0 2 7 0 2 7 1 2 7 0 2 7 0 2 7 0 2 7 1 2 7 0 2 7 1 2 7 17 18 2 1 2 7 1 2 7 17 9 2 5 31 3 1 2 7 12 16 2 12 16 2 0 2 7 1 2 4 1 2 4 0 2 7 13 6 3 1 2 7 13 6 3 1 2 7 17 9 2 1 2 7 1 2 7 0 2 7 1 2 7 0 2 7 0 2 7 5 31 3 0 2 7 0 2 7 0 2 7 17 9 2 0 2 7 0 2 7 0 2 7 1 2 7 17 9 2 0 2 7 0 2 7 0 2 7 0 2 7 1 2 7 0 2 7 1 2 7 16 6 2 5 31 3 12 16 2 1 2 4 1 2 7 0 59.7211945056915283
13 6 3 0 2 7 12 16 2 5 30 3 17 9 2 0 2 7 1 2 7 0 2 7 0 2 7 1 2 7 0 2 7 0 2 7 0 2 7 1 2 7 0 2 7 1 2 7 17 18 2 1 2 7 1 2 7 17 9 2 5 31 3 1 2 7 12 16 2 12 16 2 17 18 2 0 2 7 1 2 4 1 2 4 0 2 7 13 6 3 1 2 7 13 6 3 1 2 7 17 9 2 1 2 7 5 30 3 1 2 7 0 2 7 1 2 7 0 2 7 0 2 4 5 31 3 0 2 7 0 2 7 0 2 7 17 9 2 0 2 7 0 2 7 0 2 7 1 2 4 1 2 7 17 9 2 0 2 7 0 2 7 0 2 4 0 2 7 0 2 7 1 2 4 1 2 4 1 2 7 0 59.7875515222549438
13 6 3 0 2 7 0 2 7 12 16 2 0 2 7 1 2 4 0 2 7 0 2 7 1 2 7 0 2 7 0 2 7 0 2 7 0 2 7 1 2 3 1 2 7 0 2 7 0 2 7 1 2 3 17 18 2 0 2 7 12 16 2 0 2 7 12 16 2 0 2 4 0 2 7 0 2 4 1 2 7 0 2 7 13 6 3 1 2 7 1 2 7 1 2 7 17 18 2 1 2 7 1 2 7 0 2 7 5 31 3 1 2 7 0 2 3 1 2 7 0 2 7 5 31 3 5 30 3 0 2 7 1 2 7 17 9 2 1 2 7 1 2 3 1 2 4 13 6 3 0 2 4 17 9 2 17 9 2 17 9 2 16 6 2 1 2 7 1 2 7 0 2 7 0 2 7 12 16 2 0 59.9809155464172363
13 6 3 0 2 7 12 16 2 5 30 3 17 9 2 0 2 7 1 2 7 0 2 7 0 2 7 1 2 7 0 2 7 0 2 7 0 2 7 1 2 7 0 2 11 1 2 7 17 18 2 1 2 7 1 2 7 17 9 2 5 31 3 1 2 11 12 16 2 1 2 7 17 18 2 0 2 7 1 2 7 1 2 7 0 2 7 13 6 3 1 2 7 13 6 3 1 2 4 17 9 2 1 2 7 1 2 7 0 2 7 1 2 7 0 2 7 0 2 7 5 31 3 0 2 11 0 2 7 0 2 7 17 9 2 0 2 7 0 2 7 0 2 7 1 2 7 0 2 7 0 2 4 0 2 4 1 2 7 12 16 2 1 2 7 17 9 2 0 2 7 0 2 7 1 2 7 1 2 4 0 59.8851566314697266
13 6 3 0 2 7 12 16 2 5 30 3 17 9 2 0 2 7 1 2 7 0 2 7 0 2 7 1 2 7 0 2 7 0 2 7 0 2 4 1 2 7 0 2 7 1 2 7 17 18 2 1 2 7 1 2 7 17 9 2 5 31 3 1 2 7 12 16 2 12 16 2 17 18 2 0 2 7 1 2 4 0 2 7 13 6 3 0 2 7 13 6 3 1 2 7 17 9 2 1 2 7 5 30 3 1 2 7 0 2 7 1 2 7 0 2 7 0 2 4 5 31 3 0 2 7 0 2 7 0 2 7 17 9 2 0 2 7 0 2 7 0 2 7 1 2 7 17 9 2 0 2 7 1 2 7 0 2 4 0 2 4 1 2 7 0 2 7 1 2 7 1 2 7 1 2 4 1 2 4 0 59.7875515222549438
13 6 3 0 2 7 12 16 2 5 30 3 17 9 2 0 2 7 0 2 7 0 2 7 0 2 4 1 2 7 0 2 4 0 2 7 0 2 7 1 2 4 0 2 4 0 2 7 17 18 2 1 2 7 1 2 7 17 9 2 0 2 4 1 2 7 12 16 2 12 16 2 17 18 2 0 2 7 1 2 7 1 2 4 13 6 3 1 2 7 13 6 3 1 2 7 17 9 2 0 2 7 5 31 3 0 2 7 0 2 7 1 2 7 0 2 7 1 2 7 5 31 3 1 2 7 0 2 7 0 2 7 17 9 2 1 2 7 0 2 7 0 2 7 0 2 4 17 9 2 1 2 7 0 2 7 1 2 7 1 2 7 5 30 3 1 2 7 0 2 7 1 2 7 0 2 7 1 2 7 0 59.7875515222549438
13 6 3 1 2 7 0 2 7 0 2 7 0 2 7 5 30 3 17 9 2 0 2 7 1 2 7 1 2 6 17 18 2 1 2 7 0 2 4 0 2 7 5 30 3 0 2 7 0 2 7 0 2 7 0 2 4 0 2 4 1 2 4 1 2 4 0 2 7 1 2 7 0 2 11 0 2 7 1 2 4 0 2 7 0 2 7 0 2 7 0 2 10 0 2 7 12 16 2 13 6 3 0 2 7 12 16 2 12 16 2 0 2 7 0 2 7 1 2 7 1 2 7 13 6 3 1 2 7 1 2 4 0 2 7 1 2 4 0 2 7 0 2 7 12 16 2 1 2 4 17 9 2 17 18 2 17 9 2 17 9 2 5 31 3 5 30 3 1 2 4 5 30 3 1 2 4 17 18 2 0 60.4309694766998291

