Current Evaluation = 900(900)
Front Size = 10
5 30 3 5 30 3 12 16 2 17 18 2 5 31 3 5 30 3 12 16 2 1 2 11 1 2 7 8 18 2 17 9 2 1 2 7 16 6 2 0 2 7 0 2 7 1 2 7 0 2 7 0 2 7 0 2 7 0 2 7 0 2 4 5 30 3 5 30 3 0 2 7 0 2 7 1 2 7 0 2 7 8 9 2 0 2 7 1 2 7 1 2 7 0 2 11 1 2 7 17 18 2 0 2 7 0 2 7 1 2 7 17 18 2 0 2 7 0 2 7 0 2 7 16 6 2 1 2 7 0 2 7 16 19 11 0 2 7 5 31 3 0 2 7 0 2 7 13 6 3 1 2 7 0 2 4 0 2 7 0 2 4 0 2 7 1 2 7 0 2 7 1 2 7 0 2 7 0 2 7 0 61.4995592832565308
12 16 2 12 16 2 5 30 3 5 30 3 16 6 2 16 6 2 0 2 3 0 2 7 0 2 4 0 2 3 5 30 3 8 18 2 0 2 11 0 2 3 1 2 7 0 2 7 0 2 3 5 30 3 12 16 2 0 2 3 0 2 7 16 19 11 0 2 11 0 2 7 5 30 3 0 2 11 5 30 3 0 2 3 0 2 7 0 2 7 0 2 3 0 2 7 6 2 7 0 2 7 1 2 7 0 2 3 0 2 7 0 2 3 0 2 7 5 30 3 5 31 3 1 2 3 0 2 7 0 2 7 1 2 7 0 2 7 0 2 3 1 2 7 12 16 2 0 2 11 8 18 2 0 2 7 16 18 11 1 2 7 0 2 11 16 9 11 1 2 11 17 9 2 16 19 11 1 2 7 0 64.3415225148200989
5 30 3 5 30 3 0 2 8 5 30 3 8 9 2 16 19 12 16 19 12 8 18 2 0 2 8 1 2 8 1 2 8 16 19 12 16 6 2 0 2 8 0 2 8 8 9 2 0 2 8 1 2 8 0 2 8 16 15 2 8 9 2 8 9 2 16 19 12 8 18 2 12 16 2 0 2 8 0 2 8 0 2 8 0 2 8 5 30 3 0 2 8 0 2 8 1 2 8 0 2 8 8 18 2 0 2 8 0 2 8 1 2 8 8 18 2 0 2 8 5 30 3 8 9 2 5 30 3 0 2 8 16 19 12 5 30 3 5 30 3 0 2 8 0 2 8 0 2 8 1 2 8 0 2 8 0 2 8 0 2 8 0 2 8 1 2 8 0 2 8 0 2 8 8 9 2 0 2 8 0.00254590548145526823 68.5149513483047485
12 16 2 5 30 3 5 30 3 5 30 3 8 9 2 5 30 3 8 9 2 16 15 2 16 6 2 0 2 8 8 9 2 16 19 12 1 2 4 0 2 8 17 18 2 1 2 7 0 2 7 0 2 8 5 30 3 8 18 2 16 19 11 0 2 7 0 2 6 8 9 2 1 2 8 0 2 8 1 2 7 0 2 8 0 2 7 0 2 7 6 2 7 1 2 8 0 2 8 16 19 12 0 2 8 0 2 3 0 2 8 0 2 4 0 2 4 5 30 3 0 2 8 0 2 7 0 2 7 1 2 4 0 2 8 17 9 2 0 2 8 0 2 7 0 2 7 1 2 3 0 2 8 12 16 2 0 2 3 1 2 7 0 2 3 16 19 12 1 2 8 6 2 7 0 2 7 8 9 2 0.0102864355077357805 64.9576163291931152
0 2 8 16 19 1 12 16 2 0 2 8 8 9 2 16 19 1 8 18 2 0 2 8 0 2 8 8 18 2 5 30 3 5 30 3 8 18 2 12 16 2 12 16 2 5 30 3 5 30 3 0 2 8 1 2 8 16 19 1 1 2 8 8 9 2 8 18 2 0 2 8 8 9 2 8 18 2 6 2 8 1 2 8 8 9 2 13 6 3 8 18 2 0 2 12 0 2 8 8 18 2 13 6 3 16 15 2 16 19 1 5 30 3 6 2 8 5 30 3 0 2 8 0 2 8 5 30 3 8 9 2 8 18 2 8 18 2 16 19 1 0 2 8 0 2 8 8 9 2 0 2 8 8 9 2 0 2 8 8 9 2 0 2 1 16 19 1 0 2 8 8 18 2 8 18 2 0 2 8 0.0319859567651927523 67.4889394044876099
0 2 7 5 30 3 6 2 7 0 2 7 5 30 3 0 2 7 5 31 3 5 30 3 16 30 2 0 2 7 0 2 7 12 16 2 5 30 3 1 2 11 0 2 7 0 2 11 5 30 3 6 2 7 0 2 10 0 2 7 0 2 7 0 2 7 1 2 3 17 18 2 16 30 2 8 18 2 1 2 7 1 2 7 0 2 7 12 16 2 1 2 10 1 2 7 0 2 7 0 2 3 1 2 4 0 2 3 0 2 10 0 2 4 1 2 3 17 9 2 0 2 7 16 15 2 0 2 11 0 2 7 0 2 7 0 2 3 17 18 2 0 2 7 0 2 4 16 31 2 0 2 4 1 2 3 5 31 3 0 2 7 1 2 7 1 2 7 1 2 7 0 2 7 12 16 2 0 2 7 0 62.2471767663955688
12 16 2 5 30 3 5 30 3 5 30 3 5 30 3 16 6 2 0 2 7 0 2 3 5 30 3 5 30 3 16 19 11 0 2 7 0 2 7 0 2 3 0 2 7 0 2 3 5 30 3 0 2 3 0 2 3 0 2 3 0 2 3 0 2 7 12 16 2 0 2 7 0 2 3 0 2 7 0 2 7 12 16 2 1 2 3 16 6 2 0 2 7 8 9 2 16 19 11 0 2 7 0 2 3 0 2 3 1 2 7 6 2 3 8 18 2 1 2 7 1 2 7 1 2 3 0 2 7 0 2 3 0 2 3 16 19 11 1 2 3 0 2 7 0 2 7 0 2 3 1 2 3 16 19 11 0 2 7 0 2 3 0 2 7 1 2 3 16 19 11 0 2 7 0 2 7 5 30 3 0 64.7671700716018677
12 16 2 5 31 3 5 30 3 5 30 3 1 2 12 5 30 3 8 9 2 16 6 2 16 6 2 0 2 3 0 2 3 16 19 12 0 2 3 0 2 3 5 30 3 8 18 2 6 2 7 0 2 11 0 2 7 0 2 3 0 2 7 0 2 7 16 19 12 0 2 7 0 2 8 5 30 3 12 16 2 0 2 8 0 2 3 0 2 3 16 19 11 0 2 3 0 2 7 0 2 8 5 30 3 1 2 3 1 2 11 16 19 12 0 2 8 5 30 3 0 2 7 1 2 3 0 2 8 0 2 3 0 2 3 0 2 8 0 2 11 0 2 11 0 2 7 6 2 3 17 9 2 0 2 7 1 2 3 0 2 3 0 2 3 0 2 8 0 2 7 0 2 11 0 2 3 5 30 3 0 66.2962332367897034
5 30 3 5 30 3 5 30 3 12 16 2 5 30 3 5 30 3 5 30 3 8 18 2 5 30 3 0 2 8 0 2 7 8 9 2 0 2 8 1 2 7 0 2 12 5 31 3 8 9 2 0 2 11 16 30 2 0 2 7 0 2 8 0 2 8 1 2 7 8 18 2 0 2 7 1 2 7 13 6 3 12 16 2 0 2 8 0 2 1 6 2 3 8 18 2 8 18 2 0 2 7 5 31 3 17 18 2 16 19 1 16 19 1 16 19 1 1 2 7 16 19 11 0 2 11 8 9 2 1 2 7 0 2 7 1 2 7 8 9 2 16 19 11 0 2 8 16 19 1 16 19 1 8 9 2 0 2 7 8 9 2 0 2 7 0 2 8 0 2 8 17 9 2 0 2 7 8 18 2 0.131001868118227865 65.7714376449584961
5 30 3 5 30 3 12 16 2 0 2 7 0 2 3 5 30 3 1 2 3 5 30 3 12 16 2 0 2 3 1 2 7 0 2 7 8 18 2 1 2 3 17 9 2 16 6 2 0 2 7 16 30 2 0 2 7 0 2 7 0 2 7 0 2 8 0 2 7 0 2 4 0 2 7 0 2 7 1 2 7 0 2 3 0 2 7 6 2 7 0 2 7 5 31 3 1 2 4 16 19 11 17 18 2 16 19 12 0 2 3 1 2 8 5 31 3 1 2 11 16 19 11 1 2 11 5 31 3 0 2 3 0 2 8 0 2 3 16 19 12 0 2 3 0 2 7 0 2 11 0 2 7 0 2 7 0 2 3 0 2 11 1 2 7 0 2 8 0 2 8 0 2 8 0 2 8 0 2 3 0.00556495216893836218 64.8703730702400208

Current Evaluation = 1800(1800)
Front Size = 10
5 31 3 5 30 3 12 16 2 17 18 2 5 30 3 5 30 3 12 16 2 0 2 7 0 2 7 8 18 2 17 9 2 1 2 7 0 2 7 0 2 7 1 2 7 0 2 7 6 2 7 0 2 7 0 2 7 0 2 7 5 30 3 5 30 3 0 2 7 0 2 7 0 2 7 0 2 7 0 2 4 0 2 4 1 2 7 0 2 7 17 9 2 1 2 7 1 2 7 0 2 7 13 6 3 1 2 4 0 2 7 1 2 7 5 31 3 1 2 4 1 2 7 0 2 7 17 18 2 12 16 2 0 2 7 6 2 7 17 18 2 0 2 7 0 2 7 16 30 2 0 2 7 13 6 3 0 2 7 0 2 7 0 2 4 1 2 7 1 2 7 16 15 2 1 2 7 0 2 7 0 60.8200514316558838
5 30 3 5 30 3 0 2 8 5 30 3 8 9 2 16 19 12 16 19 12 8 18 2 0 2 8 1 2 8 1 2 8 16 19 12 16 6 2 0 2 8 0 2 8 8 9 2 0 2 8 1 2 8 0 2 8 16 15 2 8 9 2 8 9 2 16 19 12 8 18 2 12 16 2 0 2 8 0 2 8 0 2 8 0 2 8 5 30 3 0 2 8 0 2 8 1 2 8 0 2 8 8 18 2 0 2 8 0 2 8 1 2 8 8 18 2 0 2 8 5 30 3 8 9 2 5 30 3 0 2 8 16 19 12 5 30 3 5 30 3 0 2 8 0 2 8 0 2 8 1 2 8 0 2 8 0 2 8 0 2 8 0 2 8 1 2 8 0 2 8 0 2 8 8 9 2 0 2 8 0.00254590548145526823 68.5149513483047485
12 16 2 5 31 3 5 30 3 5 30 3 1 2 12 5 30 3 8 9 2 16 6 2 16 6 2 0 2 3 0 2 3 16 19 12 0 2 3 0 2 3 5 30 3 8 18 2 6 2 7 0 2 11 0 2 7 0 2 3 0 2 7 0 2 7 16 19 12 0 2 7 0 2 8 5 30 3 12 16 2 0 2 8 0 2 3 0 2 3 16 19 11 0 2 3 0 2 7 0 2 8 5 30 3 1 2 3 1 2 11 16 19 12 0 2 8 5 30 3 0 2 7 1 2 3 0 2 8 0 2 3 0 2 3 0 2 8 0 2 11 0 2 11 0 2 7 6 2 3 17 9 2 0 2 7 1 2 3 0 2 3 0 2 3 0 2 8 0 2 7 0 2 11 0 2 3 5 30 3 0 66.2962332367897034
5 30 3 5 30 3 5 30 3 12 16 2 5 30 3 5 30 3 5 30 3 8 18 2 5 30 3 0 2 8 0 2 7 8 9 2 0 2 8 1 2 7 0 2 12 5 31 3 8 9 2 0 2 11 16 30 2 0 2 7 0 2 8 0 2 8 1 2 7 8 18 2 0 2 7 1 2 7 13 6 3 12 16 2 0 2 8 0 2 1 6 2 3 8 18 2 8 18 2 0 2 7 5 31 3 17 18 2 16 19 1 16 19 1 16 19 1 1 2 7 16 19 11 0 2 11 8 9 2 1 2 7 0 2 7 1 2 7 8 9 2 16 19 11 0 2 8 16 19 1 16 19 1 8 9 2 0 2 7 8 9 2 0 2 7 0 2 8 0 2 8 17 9 2 0 2 7 8 18 2 0.131001868118227865 65.7714376449584961
12 16 2 5 30 3 5 30 3 16 6 2 8 9 2 16 6 2 0 2 7 1 2 11 0 2 3 5 30 3 6 2 11 0 2 7 0 2 3 0 2 7 0 2 7 5 30 3 12 16 2 16 9 11 0 2 7 5 31 3 1 2 7 0 2 7 5 30 3 0 2 7 0 2 7 0 2 7 0 2 7 0 2 3 1 2 7 1 2 7 0 2 3 5 30 3 12 16 2 16 6 2 0 2 11 17 1 2 0 2 7 8 18 2 8 9 2 12 16 2 0 2 7 0 2 7 16 19 11 0 2 3 1 2 7 0 2 7 0 2 7 5 30 3 0 2 7 0 2 11 0 2 7 12 16 2 0 2 3 0 2 7 17 18 2 0 2 7 1 2 7 0 2 7 1 2 3 0 2 7 0 63.4583532214164734
5 30 3 5 30 3 5 30 3 8 9 2 16 6 2 12 16 2 5 30 3 5 30 3 5 30 3 5 30 3 0 2 7 16 19 12 0 2 7 8 18 2 0 2 8 1 2 8 0 2 7 16 19 12 0 2 8 16 19 11 8 9 2 0 2 8 1 2 8 17 9 2 0 2 7 0 2 7 0 2 7 13 6 3 8 18 2 0 2 7 0 2 8 0 2 8 15 2 11 0 2 8 0 2 7 1 2 3 0 2 8 0 2 7 0 2 8 1 2 7 1 2 7 0 2 7 1 2 7 0 2 4 12 16 2 16 19 12 5 30 3 0 2 8 0 2 7 0 2 8 1 2 8 0 2 7 0 2 7 0 2 8 1 2 7 17 18 2 0 2 7 0 2 4 8 9 2 0 2 8 0.000585750112210202292 65.0463770627975464
12 16 2 5 30 3 1 2 7 5 30 3 5 30 3 6 2 3 0 2 7 5 30 3 5 30 3 8 9 2 16 6 2 8 9 2 12 16 2 5 30 3 0 2 7 0 2 3 0 2 3 0 2 3 0 2 7 0 2 3 0 2 7 0 2 3 0 2 7 12 16 2 0 2 7 1 2 7 0 2 8 0 2 3 0 2 3 12 16 2 16 6 2 6 2 7 0 2 7 1 2 3 16 19 11 0 2 3 0 2 7 8 9 2 16 19 11 0 2 7 16 19 11 0 2 3 0 2 3 0 2 7 0 2 3 0 2 7 1 2 3 5 30 3 0 2 7 16 19 11 1 2 3 0 2 7 5 30 3 0 2 3 0 2 7 0 2 7 16 19 11 0 2 7 1 2 3 0 2 3 0 64.9692661166191101
12 16 2 5 30 3 5 30 3 5 30 3 5 30 3 17 9 2 8 9 2 5 30 3 5 30 3 5 30 3 16 15 2 8 9 2 8 9 2 5 30 3 0 2 7 16 19 11 0 2 7 0 2 7 0 2 7 0 2 7 0 2 7 6 2 7 6 2 7 12 16 2 0 2 7 1 2 11 17 9 2 0 2 11 0 2 7 0 2 7 8 18 2 1 2 7 0 2 11 0 2 7 16 19 11 0 2 7 1 2 7 0 2 7 1 2 7 0 2 7 16 15 2 0 2 7 12 16 2 0 2 7 1 2 7 0 2 7 8 18 2 1 2 7 0 2 7 0 2 7 17 18 2 0 2 7 0 2 7 0 2 7 0 2 7 0 2 7 0 2 7 1 2 7 0 2 7 0 2 12 0 63.1143251657485962
5 30 3 5 30 3 12 16 2 0 2 7 0 2 3 5 30 3 1 2 3 5 30 3 12 16 2 0 2 3 1 2 7 0 2 7 8 18 2 1 2 3 17 9 2 16 6 2 0 2 7 16 30 2 0 2 7 0 2 7 0 2 7 0 2 8 0 2 7 0 2 4 0 2 7 0 2 7 1 2 7 0 2 3 0 2 7 6 2 7 0 2 7 5 31 3 1 2 4 16 19 11 17 18 2 16 19 12 0 2 3 1 2 8 5 31 3 1 2 11 16 19 11 1 2 11 5 31 3 0 2 3 0 2 8 0 2 3 16 19 12 0 2 3 0 2 7 0 2 11 0 2 7 0 2 7 0 2 3 0 2 11 1 2 7 0 2 8 0 2 8 0 2 8 0 2 8 0 2 3 0.00556495216893836218 64.8703730702400208
0 2 8 16 19 1 12 16 2 0 2 8 8 9 2 16 19 1 8 18 2 0 2 8 0 2 8 8 18 2 5 30 3 5 30 3 8 18 2 12 16 2 12 16 2 5 30 3 5 30 3 0 2 8 1 2 8 16 19 1 1 2 8 8 9 2 8 18 2 0 2 8 8 9 2 8 18 2 6 2 8 1 2 8 8 9 2 13 6 3 8 18 2 0 2 12 0 2 8 8 18 2 13 6 3 16 15 2 16 19 1 5 30 3 6 2 8 5 30 3 0 2 8 0 2 8 5 30 3 8 9 2 8 18 2 8 18 2 16 19 1 0 2 8 0 2 8 8 9 2 0 2 8 8 9 2 0 2 8 8 9 2 0 2 1 16 19 1 0 2 8 8 18 2 8 18 2 0 2 8 0.0319859567651927523 67.4889394044876099

Current Evaluation = 2700(2700)
Front Size = 10
5 31 3 5 30 3 12 16 2 17 18 2 5 30 3 5 30 3 12 16 2 0 2 7 0 2 7 8 18 2 17 9 2 1 2 7 0 2 7 0 2 7 1 2 7 0 2 7 6 2 7 0 2 7 0 2 7 0 2 7 5 30 3 5 30 3 0 2 7 0 2 7 0 2 7 0 2 7 0 2 4 0 2 4 1 2 7 0 2 7 17 9 2 1 2 7 1 2 7 0 2 7 13 6 3 1 2 4 0 2 7 1 2 7 5 31 3 1 2 4 1 2 7 0 2 7 17 18 2 12 16 2 0 2 7 6 2 7 17 18 2 0 2 7 0 2 7 16 30 2 0 2 7 13 6 3 0 2 7 0 2 7 0 2 4 1 2 7 1 2 7 16 15 2 1 2 7 0 2 7 0 60.8200514316558838
0 2 7 5 30 3 5 30 3 0 2 7 5 30 3 17 9 2 5 30 3 5 30 3 5 30 3 0 2 3 0 2 4 17 18 2 1 2 3 16 19 11 0 2 7 0 2 11 0 2 7 0 2 7 0 2 7 0 2 10 0 2 4 1 2 7 0 2 3 0 2 4 0 2 7 0 2 7 1 2 7 16 19 11 1 2 4 0 2 7 0 2 7 1 2 7 1 2 7 12 16 2 0 2 7 12 16 2 0 2 4 1 2 7 0 2 4 8 18 2 17 9 2 0 2 7 13 6 3 1 2 11 0 2 7 17 9 2 1 2 7 0 2 4 0 2 7 1 2 7 0 2 3 1 2 7 17 9 2 0 2 7 1 2 3 1 2 3 0 2 4 8 18 2 1 2 7 1 2 7 0 62.090895414352417
5 30 3 5 30 3 5 30 3 16 31 2 16 19 11 12 16 2 12 16 2 5 30 3 5 30 3 5 30 3 0 2 7 16 19 11 0 2 7 1 2 7 0 2 7 0 2 7 0 2 3 0 2 7 0 2 3 1 2 3 0 2 3 0 2 7 5 30 3 0 2 3 0 2 7 0 2 7 0 2 7 0 2 7 1 2 7 0 2 7 0 2 3 1 2 7 8 18 2 0 2 7 0 2 7 0 2 7 0 2 3 0 2 7 8 9 2 5 31 3 1 2 7 0 2 7 16 6 2 16 6 2 1 2 3 0 2 7 0 2 7 0 2 3 0 2 7 0 2 7 0 2 7 1 2 7 0 2 7 17 9 2 1 2 7 0 2 7 16 6 2 1 2 11 0 2 3 1 2 7 0 62.9435491561889648
5 30 3 5 30 3 5 30 3 0 2 7 16 19 11 12 16 2 5 30 3 5 30 3 5 30 3 5 30 3 0 2 8 0 2 8 0 2 8 0 2 8 16 19 11 0 2 7 0 2 8 0 2 8 0 2 8 0 2 8 0 2 11 0 2 7 0 2 7 0 2 11 0 2 3 0 2 3 12 16 2 5 31 3 0 2 11 0 2 3 0 2 8 0 2 11 5 30 3 0 2 7 5 30 3 0 2 8 16 19 11 0 2 8 0 2 8 0 2 8 0 2 8 0 2 11 0 2 3 0 2 11 0 2 3 0 2 8 0 2 8 12 16 2 0 2 3 16 19 11 16 19 11 16 19 11 0 2 8 0 2 7 0 2 7 0 2 8 0 2 7 8 18 2 0 2 8 16 19 11 0 68.7132585048675537
1 2 7 5 30 3 5 30 3 0 2 7 5 30 3 8 9 2 5 30 3 5 30 3 5 30 3 0 2 7 0 2 7 17 18 2 5 30 3 17 18 2 17 18 2 8 9 2 8 9 2 16 19 11 0 2 4 0 2 7 16 15 2 0 2 7 0 2 7 0 2 7 1 2 11 0 2 4 0 2 7 0 2 11 8 9 2 0 2 7 0 2 11 0 2 7 0 2 7 0 2 7 1 2 7 16 19 11 0 2 7 1 2 7 0 2 7 1 2 7 0 2 3 0 2 11 0 2 7 12 16 2 0 2 4 0 2 7 1 2 7 12 16 2 0 2 7 0 2 7 17 18 2 1 2 11 1 2 7 0 2 7 1 2 4 0 2 11 1 2 7 0 2 7 1 2 7 6 2 7 0 62.8015334010124207
12 16 2 5 30 3 5 30 3 5 30 3 5 30 3 8 9 2 5 30 3 5 30 3 5 30 3 16 15 2 8 9 2 8 9 2 5 30 3 8 18 2 8 18 2 8 9 2 0 2 7 0 2 8 0 2 7 0 2 7 0 2 7 0 2 8 0 2 7 16 19 12 8 18 2 12 16 2 0 2 7 0 2 8 0 2 8 0 2 11 16 19 12 0 2 7 1 2 7 0 2 8 1 2 8 16 19 11 0 2 8 1 2 7 1 2 8 1 2 7 0 2 7 16 15 2 0 2 8 1 2 8 1 2 8 0 2 8 0 2 7 1 2 7 0 2 7 16 19 12 0 2 8 0 2 8 0 2 7 0 2 8 0 2 8 0 2 7 0 2 8 16 19 12 0 2 8 0 2 8 0.00116693112504079452 66.3483773469924927
0 2 8 16 19 1 12 16 2 0 2 8 8 9 2 16 19 1 8 18 2 0 2 8 0 2 8 8 18 2 5 30 3 5 30 3 8 18 2 12 16 2 12 16 2 5 30 3 5 30 3 0 2 8 1 2 8 16 19 1 1 2 8 8 9 2 8 18 2 0 2 8 8 9 2 8 18 2 6 2 8 1 2 8 8 9 2 13 6 3 8 18 2 0 2 12 0 2 8 8 18 2 13 6 3 16 15 2 16 19 1 5 30 3 6 2 8 5 30 3 0 2 8 0 2 8 5 30 3 8 9 2 8 18 2 8 18 2 16 19 1 0 2 8 0 2 8 8 9 2 0 2 8 8 9 2 0 2 8 8 9 2 0 2 1 16 19 1 0 2 8 8 18 2 8 18 2 0 2 8 0.0319859567651927523 67.4889394044876099
5 30 3 5 30 3 5 30 3 8 9 2 16 19 11 17 9 2 12 16 2 12 16 2 5 30 3 5 30 3 5 31 3 5 30 3 1 2 7 16 19 11 0 2 7 12 16 2 1 2 10 0 2 7 0 2 7 0 2 7 0 2 7 0 2 10 0 2 11 0 2 7 16 30 2 17 9 2 0 2 11 0 2 7 0 2 7 5 30 3 0 2 7 0 2 7 0 2 11 0 2 11 1 2 11 1 2 11 0 2 7 0 2 7 15 2 11 0 2 7 0 2 11 17 18 2 6 2 11 0 2 3 0 2 11 0 2 11 5 30 3 6 2 11 0 2 7 0 2 7 0 2 11 0 2 11 1 2 11 0 2 11 16 30 2 0 2 7 0 2 3 0 2 11 1 2 7 1 2 3 0 64.5060468912124634
12 16 2 5 31 3 5 30 3 5 30 3 1 2 12 5 30 3 8 9 2 16 6 2 16 6 2 0 2 3 0 2 3 16 19 12 0 2 3 0 2 3 5 30 3 8 18 2 6 2 7 0 2 11 0 2 7 0 2 3 0 2 7 0 2 7 16 19 12 0 2 7 0 2 8 5 30 3 12 16 2 0 2 8 0 2 3 0 2 3 16 19 11 0 2 3 0 2 7 0 2 8 5 30 3 1 2 3 1 2 11 16 19 12 0 2 8 5 30 3 0 2 7 1 2 3 0 2 8 0 2 3 0 2 3 0 2 8 0 2 11 0 2 11 0 2 7 6 2 3 17 9 2 0 2 7 1 2 3 0 2 3 0 2 3 0 2 8 0 2 7 0 2 11 0 2 3 5 30 3 0 66.2962332367897034
5 30 3 5 30 3 0 2 8 5 30 3 8 9 2 16 19 12 16 19 12 8 18 2 0 2 8 1 2 8 1 2 8 16 19 12 16 6 2 0 2 8 0 2 8 8 9 2 0 2 8 1 2 8 0 2 8 16 15 2 8 9 2 8 9 2 16 19 12 8 18 2 12 16 2 0 2 8 0 2 8 0 2 8 0 2 8 5 30 3 0 2 8 0 2 8 1 2 8 0 2 8 8 18 2 0 2 8 0 2 8 1 2 8 8 18 2 0 2 8 5 30 3 8 9 2 5 30 3 0 2 8 16 19 12 5 30 3 5 30 3 0 2 8 0 2 8 0 2 8 1 2 8 0 2 8 0 2 8 0 2 8 0 2 8 1 2 8 0 2 8 0 2 8 8 9 2 0 2 8 0.00254590548145526823 68.5149513483047485

Current Evaluation = 3600(3600)
Front Size = 10
5 31 3 0 2 4 12 16 2 17 18 2 5 30 3 5 30 3 12 16 2 0 2 7 0 2 7 8 18 2 17 9 2 1 2 3 0 2 7 0 2 7 1 2 7 0 2 7 6 2 7 0 2 7 0 2 7 0 2 7 5 30 3 5 30 3 0 2 7 0 2 7 0 2 7 0 2 7 1 2 7 0 2 7 1 2 4 0 2 7 17 9 2 1 2 7 1 2 7 0 2 7 13 6 3 1 2 4 0 2 7 1 2 7 5 31 3 1 2 7 1 2 7 1 2 7 17 18 2 12 16 2 0 2 7 1 2 7 17 18 2 0 2 7 0 2 7 16 30 2 0 2 7 13 6 3 0 2 7 0 2 7 0 2 4 0 2 7 1 2 7 16 15 2 1 2 7 0 2 7 0 60.702563464641571
12 16 2 5 30 3 1 2 7 5 30 3 5 30 3 8 9 2 0 2 7 1 2 4 5 30 3 0 2 7 0 2 7 0 2 7 0 2 7 1 2 7 5 30 3 12 16 2 16 19 11 0 2 3 5 30 3 1 2 7 0 2 7 5 30 3 1 2 7 0 2 3 0 2 11 6 2 7 17 9 2 0 2 7 0 2 7 0 2 7 5 30 3 0 2 7 16 6 2 16 31 2 16 19 11 0 2 3 1 2 7 8 18 2 0 2 7 0 2 7 17 18 2 1 2 11 12 16 2 8 9 2 0 2 7 0 2 7 1 2 7 16 19 11 0 2 11 0 2 7 0 2 7 0 2 11 0 2 11 0 2 7 0 2 7 1 2 7 0 2 3 0 2 7 0 2 11 0 2 7 0 63.468255341053009
5 30 3 5 30 3 5 30 3 0 2 7 16 19 11 12 16 2 5 30 3 5 30 3 5 30 3 5 30 3 0 2 8 0 2 8 0 2 8 0 2 8 16 19 11 0 2 7 0 2 8 0 2 8 0 2 8 0 2 8 0 2 11 0 2 7 0 2 7 0 2 11 0 2 3 0 2 3 12 16 2 5 31 3 0 2 11 0 2 3 0 2 8 0 2 11 5 30 3 0 2 7 5 30 3 0 2 8 16 19 11 0 2 8 0 2 8 0 2 8 0 2 8 0 2 11 0 2 3 0 2 11 0 2 3 0 2 8 0 2 8 12 16 2 0 2 3 16 19 11 16 19 11 16 19 11 0 2 8 0 2 7 0 2 7 0 2 8 0 2 7 8 18 2 0 2 8 16 19 11 0 68.7132585048675537
0 2 8 16 19 1 12 16 2 0 2 8 8 9 2 16 19 1 8 18 2 0 2 8 0 2 8 8 18 2 5 30 3 5 30 3 8 18 2 12 16 2 12 16 2 5 30 3 5 30 3 0 2 8 1 2 8 16 19 1 1 2 8 8 9 2 8 18 2 0 2 8 8 9 2 8 18 2 6 2 8 1 2 8 8 9 2 13 6 3 8 18 2 0 2 12 0 2 8 8 18 2 13 6 3 16 15 2 16 19 1 5 30 3 6 2 8 5 30 3 0 2 8 0 2 8 5 30 3 8 9 2 8 18 2 8 18 2 16 19 1 0 2 8 0 2 8 8 9 2 0 2 8 8 9 2 0 2 8 8 9 2 0 2 1 16 19 1 0 2 8 8 18 2 8 18 2 0 2 8 0.0319859567651927523 67.4889394044876099
0 2 7 5 30 3 5 30 3 0 2 7 5 30 3 17 9 2 5 30 3 5 30 3 17 1 2 0 2 7 1 2 7 17 18 2 1 2 7 16 19 11 0 2 7 0 2 7 0 2 7 0 2 4 0 2 11 0 2 7 0 2 7 1 2 3 0 2 7 0 2 4 0 2 7 0 2 7 1 2 7 1 2 7 1 2 4 0 2 7 0 2 7 1 2 7 1 2 7 12 16 2 0 2 7 12 16 2 0 2 3 1 2 7 5 30 3 8 18 2 17 9 2 0 2 3 13 6 3 1 2 3 0 2 7 17 9 2 0 2 7 0 2 4 0 2 4 1 2 11 0 2 7 1 2 7 17 9 2 0 2 7 0 2 7 1 2 7 0 2 3 8 18 2 1 2 7 1 2 7 0 61.6925404071807861
5 30 3 5 30 3 0 2 3 0 2 3 5 30 3 5 30 3 5 30 3 5 30 3 12 16 2 1 2 3 1 2 7 1 2 3 0 2 7 0 2 7 0 2 7 0 2 3 12 16 2 0 2 7 0 2 3 0 2 7 0 2 7 0 2 3 0 2 7 0 2 3 12 16 2 0 2 7 0 2 3 12 16 2 16 19 11 1 2 3 8 9 2 0 2 7 0 2 7 0 2 3 8 18 2 16 19 12 1 2 7 0 2 3 5 30 3 0 2 3 0 2 3 1 2 7 0 2 3 16 19 11 1 2 3 0 2 3 0 2 7 8 18 2 0 2 3 0 2 3 0 2 3 16 6 2 16 19 12 16 6 2 1 2 3 0 2 7 0 2 3 0 2 7 1 2 7 16 19 12 0 65.0414854288101196
12 16 2 5 30 3 5 30 3 5 30 3 5 30 3 8 9 2 5 30 3 5 30 3 5 30 3 16 15 2 8 9 2 8 9 2 5 30 3 8 18 2 8 18 2 8 9 2 0 2 7 0 2 8 0 2 7 0 2 7 0 2 7 0 2 8 0 2 7 16 19 12 8 18 2 12 16 2 0 2 7 0 2 8 0 2 8 0 2 11 16 19 12 0 2 7 1 2 7 0 2 8 1 2 8 16 19 11 0 2 8 1 2 7 1 2 8 1 2 7 0 2 7 16 15 2 0 2 8 1 2 8 1 2 8 0 2 8 0 2 7 1 2 7 0 2 7 16 19 12 0 2 8 0 2 8 0 2 7 0 2 8 0 2 8 0 2 7 0 2 8 16 19 12 0 2 8 0 2 8 0.00116693112504079452 66.3483773469924927
5 30 3 5 30 3 5 30 3 8 9 2 16 19 11 17 9 2 12 16 2 12 16 2 5 30 3 5 30 3 5 31 3 5 30 3 1 2 7 16 19 11 0 2 7 12 16 2 1 2 10 0 2 7 0 2 7 0 2 7 0 2 7 0 2 10 0 2 11 0 2 7 16 30 2 17 9 2 0 2 11 0 2 7 0 2 7 5 30 3 0 2 7 0 2 7 0 2 11 0 2 11 1 2 11 1 2 11 0 2 7 0 2 7 15 2 11 0 2 7 0 2 11 17 18 2 6 2 11 0 2 3 0 2 11 0 2 11 5 30 3 6 2 11 0 2 7 0 2 7 0 2 11 0 2 11 1 2 11 0 2 11 16 30 2 0 2 7 0 2 3 0 2 11 1 2 7 1 2 3 0 64.5060468912124634
12 16 2 5 31 3 5 30 3 5 30 3 1 2 12 5 30 3 8 9 2 16 6 2 16 6 2 0 2 3 0 2 3 16 19 12 0 2 3 0 2 3 5 30 3 8 18 2 6 2 7 0 2 11 0 2 7 0 2 3 0 2 7 0 2 7 16 19 12 0 2 7 0 2 8 5 30 3 12 16 2 0 2 8 0 2 3 0 2 3 16 19 11 0 2 3 0 2 7 0 2 8 5 30 3 1 2 3 1 2 11 16 19 12 0 2 8 5 30 3 0 2 7 1 2 3 0 2 8 0 2 3 0 2 3 0 2 8 0 2 11 0 2 11 0 2 7 6 2 3 17 9 2 0 2 7 1 2 3 0 2 3 0 2 3 0 2 8 0 2 7 0 2 11 0 2 3 5 30 3 0 66.2962332367897034
5 30 3 5 30 3 5 30 3 17 9 2 17 18 2 8 9 2 12 16 2 5 30 3 5 30 3 5 30 3 1 2 7 16 19 11 8 1 2 1 2 7 1 2 7 1 2 3 0 2 7 0 2 7 0 2 7 0 2 7 0 2 7 0 2 7 5 30 3 1 2 3 0 2 7 0 2 7 0 2 7 1 2 7 0 2 7 0 2 7 17 18 2 17 18 2 1 2 4 0 2 7 0 2 7 0 2 7 0 2 7 0 2 7 0 2 7 1 2 11 0 2 10 0 2 7 6 2 7 1 2 11 0 2 7 0 2 3 0 2 7 0 2 7 0 2 7 0 2 3 0 2 7 5 30 3 6 2 7 0 2 7 1 2 11 0 2 7 16 15 2 8 9 2 17 18 2 0 2 7 0 62.5782630443572998

Current Evaluation = 4500(4500)
Front Size = 10
5 31 3 0 2 4 12 16 2 17 18 2 5 30 3 5 30 3 12 16 2 0 2 7 0 2 7 8 18 2 17 9 2 1 2 3 0 2 7 0 2 7 1 2 7 0 2 7 6 2 7 0 2 7 0 2 7 0 2 7 5 30 3 5 30 3 0 2 7 0 2 7 0 2 7 0 2 7 1 2 7 0 2 7 1 2 4 0 2 7 17 9 2 1 2 7 1 2 7 0 2 7 13 6 3 1 2 4 0 2 7 1 2 7 5 31 3 1 2 7 1 2 7 1 2 7 17 18 2 12 16 2 0 2 7 1 2 7 17 18 2 0 2 7 0 2 7 16 30 2 0 2 7 13 6 3 0 2 7 0 2 7 0 2 4 0 2 7 1 2 7 16 15 2 1 2 7 0 2 7 0 60.702563464641571
5 30 3 5 30 3 5 30 3 17 9 2 17 18 2 8 9 2 12 16 2 5 30 3 5 30 3 5 30 3 1 2 7 16 19 11 8 1 2 1 2 7 1 2 7 1 2 3 0 2 7 0 2 7 0 2 7 0 2 7 0 2 7 0 2 7 5 30 3 1 2 3 0 2 7 0 2 7 0 2 7 1 2 7 0 2 7 0 2 7 17 18 2 17 18 2 1 2 4 0 2 7 0 2 7 0 2 7 0 2 7 0 2 7 0 2 7 1 2 11 0 2 10 0 2 7 6 2 7 1 2 11 0 2 7 0 2 3 0 2 7 0 2 7 0 2 7 0 2 3 0 2 7 5 30 3 6 2 7 0 2 7 1 2 11 0 2 7 16 15 2 8 9 2 17 18 2 0 2 7 0 62.5782630443572998
5 30 3 5 30 3 5 30 3 17 9 2 16 18 11 8 9 2 12 16 2 6 2 11 5 30 3 5 31 3 0 2 11 15 2 11 12 16 2 1 2 11 0 2 7 0 2 7 0 2 11 0 2 7 0 2 11 0 2 11 16 6 2 17 9 2 1 2 11 6 2 7 0 2 7 0 2 7 0 2 10 0 2 7 0 2 7 17 9 2 0 2 7 0 2 11 0 2 7 0 2 7 1 2 7 0 2 11 0 2 7 5 31 3 5 30 3 16 19 11 0 2 11 16 19 11 0 2 7 0 2 7 0 2 7 5 30 3 0 2 7 0 2 7 0 2 7 1 2 7 1 2 7 0 2 7 5 30 3 0 2 7 0 2 7 1 2 7 1 2 7 0 2 7 0 2 7 6 2 7 0 63.7546395659446716
5 30 3 5 30 3 0 2 3 0 2 3 5 30 3 5 30 3 5 30 3 5 30 3 12 16 2 1 2 3 1 2 7 1 2 3 0 2 7 0 2 7 0 2 7 0 2 3 12 16 2 0 2 7 0 2 3 0 2 7 0 2 7 0 2 3 0 2 7 0 2 3 12 16 2 0 2 7 0 2 3 12 16 2 16 19 11 1 2 3 8 9 2 0 2 7 0 2 7 0 2 3 8 18 2 16 19 12 1 2 7 0 2 3 5 30 3 0 2 3 0 2 3 1 2 7 0 2 3 16 19 11 1 2 3 0 2 3 0 2 7 8 18 2 0 2 3 0 2 3 0 2 3 16 6 2 16 19 12 16 6 2 1 2 3 0 2 7 0 2 3 0 2 7 1 2 7 16 19 12 0 65.0414854288101196
5 30 3 5 30 3 5 30 3 0 2 7 16 19 11 12 16 2 5 30 3 5 30 3 5 30 3 5 30 3 0 2 8 0 2 8 0 2 8 0 2 8 16 19 11 0 2 7 0 2 8 0 2 8 0 2 8 0 2 8 0 2 11 0 2 7 0 2 7 0 2 11 0 2 3 0 2 3 12 16 2 5 31 3 0 2 11 0 2 3 0 2 8 0 2 11 5 30 3 0 2 7 5 30 3 0 2 8 16 19 11 0 2 8 0 2 8 0 2 8 0 2 8 0 2 11 0 2 3 0 2 11 0 2 3 0 2 8 0 2 8 12 16 2 0 2 3 16 19 11 16 19 11 16 19 11 0 2 8 0 2 7 0 2 7 0 2 8 0 2 7 8 18 2 0 2 8 16 19 11 0 68.7132585048675537
0 2 8 16 19 1 12 16 2 0 2 8 8 9 2 16 19 1 8 18 2 0 2 8 0 2 8 8 18 2 5 30 3 5 30 3 8 18 2 12 16 2 12 16 2 5 30 3 5 30 3 0 2 8 1 2 8 16 19 1 1 2 8 8 9 2 8 18 2 0 2 8 8 9 2 8 18 2 6 2 8 1 2 8 8 9 2 13 6 3 8 18 2 0 2 12 0 2 8 8 18 2 13 6 3 16 15 2 16 19 1 5 30 3 6 2 8 5 30 3 0 2 8 0 2 8 5 30 3 8 9 2 8 18 2 8 18 2 16 19 1 0 2 8 0 2 8 8 9 2 0 2 8 8 9 2 0 2 8 8 9 2 0 2 1 16 19 1 0 2 8 8 18 2 8 18 2 0 2 8 0.0319859567651927523 67.4889394044876099
8 9 2 0 2 4 5 30 3 17 9 2 17 18 2 17 9 2 12 16 2 1 2 7 5 30 3 5 30 3 0 2 7 16 18 11 1 2 11 1 2 7 0 2 7 0 2 7 0 2 7 1 2 7 0 2 4 0 2 7 0 2 7 0 2 4 1 2 10 1 2 4 0 2 7 1 2 7 0 2 7 0 2 7 0 2 7 0 2 7 0 2 7 5 30 3 0 2 7 1 2 11 6 2 10 0 2 3 1 2 7 0 2 4 0 2 7 0 2 7 0 2 11 0 2 7 0 2 7 1 2 7 0 2 7 0 2 3 5 31 3 5 31 3 16 6 2 1 2 7 1 2 7 1 2 7 5 31 3 0 2 7 0 2 3 0 2 7 1 2 7 0 2 7 17 9 2 16 6 2 0 61.969134509563446
12 16 2 5 30 3 5 30 3 5 30 3 0 2 7 1 2 7 5 30 3 0 2 7 0 2 12 0 2 7 0 2 7 0 2 3 12 16 2 0 2 7 0 2 7 0 2 3 0 2 7 0 2 7 0 2 7 1 2 7 0 2 7 0 2 7 0 2 7 1 2 3 12 16 2 0 2 7 0 2 7 0 2 3 1 2 7 5 30 3 5 30 3 8 9 2 0 2 3 16 6 2 16 6 2 1 2 11 16 19 11 5 31 3 17 18 2 1 2 7 0 2 7 0 2 7 17 18 2 0 2 7 1 2 7 0 2 7 16 6 2 0 2 7 13 6 3 0 2 7 8 18 2 1 2 7 0 2 7 1 2 7 1 2 7 0 2 7 0 2 3 16 31 2 0 2 7 5 30 3 0 62.2800971269607544
12 16 2 5 30 3 5 31 3 8 9 2 1 2 7 5 31 3 0 2 7 0 2 4 1 2 7 0 2 4 5 30 3 12 16 2 0 2 7 1 2 7 0 2 7 0 2 4 1 2 7 0 2 10 0 2 7 0 2 7 0 2 7 16 6 2 1 2 3 0 2 7 0 2 7 0 2 3 0 2 7 0 2 11 1 2 7 0 2 3 1 2 7 0 2 7 16 19 11 0 2 7 0 2 3 0 2 3 0 2 7 1 2 7 1 2 3 16 31 2 1 2 4 17 9 2 17 9 2 5 30 3 16 30 2 5 30 3 17 18 2 6 2 7 1 2 4 0 2 4 0 2 7 0 2 7 0 2 7 12 16 2 0 2 7 1 2 4 0 2 10 1 2 3 0 2 7 1 2 7 0 62.054975688457489
5 30 3 5 30 3 5 30 3 8 9 2 16 19 11 17 9 2 12 16 2 12 16 2 5 30 3 5 30 3 5 31 3 5 30 3 1 2 7 16 19 11 0 2 7 12 16 2 1 2 10 0 2 7 0 2 7 0 2 7 0 2 7 0 2 10 0 2 11 0 2 7 16 30 2 17 9 2 0 2 11 0 2 7 0 2 7 5 30 3 0 2 7 0 2 7 0 2 11 0 2 11 1 2 11 1 2 11 0 2 7 0 2 7 15 2 11 0 2 7 0 2 11 17 18 2 6 2 11 0 2 3 0 2 11 0 2 11 5 30 3 6 2 11 0 2 7 0 2 7 0 2 11 0 2 11 1 2 11 0 2 11 16 30 2 0 2 7 0 2 3 0 2 11 1 2 7 1 2 3 0 64.5060468912124634

Current Evaluation = 5400(5400)
Front Size = 10
5 31 3 0 2 4 12 16 2 17 18 2 5 30 3 5 30 3 12 16 2 0 2 7 0 2 7 8 18 2 17 9 2 1 2 3 0 2 7 0 2 7 1 2 7 0 2 7 6 2 7 0 2 7 0 2 7 0 2 7 5 30 3 5 30 3 0 2 7 0 2 7 0 2 7 0 2 7 1 2 7 0 2 7 1 2 4 0 2 7 17 9 2 1 2 7 1 2 7 0 2 7 13 6 3 1 2 4 0 2 7 1 2 7 5 31 3 1 2 7 1 2 7 1 2 7 17 18 2 12 16 2 0 2 7 1 2 7 17 18 2 0 2 7 0 2 7 16 30 2 0 2 7 13 6 3 0 2 7 0 2 7 0 2 4 0 2 7 1 2 7 16 15 2 1 2 7 0 2 7 0 60.702563464641571
5 30 3 5 30 3 5 30 3 0 2 3 16 19 11 12 16 2 5 30 3 5 30 3 5 30 3 5 30 3 0 2 3 0 2 8 0 2 8 0 2 8 1 2 8 0 2 7 0 2 7 12 16 2 0 2 7 0 2 8 0 2 3 5 30 3 0 2 8 12 16 2 0 2 3 0 2 8 0 2 7 0 2 8 8 9 2 0 2 8 8 9 2 0 2 8 16 19 11 0 2 7 16 6 2 1 2 8 0 2 7 8 18 2 0 2 7 5 30 3 0 2 8 16 19 11 1 2 3 0 2 3 0 2 7 0 2 7 0 2 3 0 2 3 0 2 7 0 2 3 16 6 2 0 2 3 0 2 7 16 19 11 0 2 3 16 19 11 0 2 8 0 2 8 1 2 3 0 2 8 0 66.9005337953567505
5 30 3 5 30 3 5 30 3 8 9 2 16 19 11 17 9 2 12 16 2 12 16 2 5 30 3 5 30 3 5 31 3 5 30 3 1 2 7 16 19 11 0 2 7 12 16 2 1 2 10 0 2 7 0 2 7 0 2 7 0 2 7 0 2 10 0 2 11 0 2 7 16 30 2 17 9 2 0 2 11 0 2 7 0 2 7 5 30 3 0 2 7 0 2 7 0 2 11 0 2 11 1 2 11 1 2 11 0 2 7 0 2 7 15 2 11 0 2 7 0 2 11 17 18 2 6 2 11 0 2 3 0 2 11 0 2 11 5 30 3 6 2 11 0 2 7 0 2 7 0 2 11 0 2 11 1 2 11 0 2 11 16 30 2 0 2 7 0 2 3 0 2 11 1 2 7 1 2 3 0 64.5060468912124634
5 30 3 8 9 2 12 16 2 5 30 3 5 30 3 0 2 7 16 19 11 1 2 7 1 2 7 0 2 7 0 2 7 0 2 7 1 2 7 5 30 3 0 2 7 1 2 7 0 2 7 16 19 11 0 2 7 0 2 7 0 2 7 0 2 7 5 30 3 0 2 7 0 2 7 0 2 7 16 6 2 5 30 3 0 2 3 5 31 3 17 18 2 0 2 11 0 2 3 0 2 3 0 2 10 0 2 10 1 2 7 0 2 3 0 2 3 16 19 12 6 2 7 16 19 12 16 6 2 1 2 7 1 2 7 0 2 7 1 2 7 8 9 2 0 2 3 0 2 11 0 2 10 12 16 2 0 2 3 1 2 3 0 2 3 0 2 3 8 18 2 0 2 3 0 2 3 1 2 7 0.000170801344488302135 63.8670986294746399
12 16 2 5 30 3 5 30 3 8 1 2 0 2 7 5 31 3 0 2 7 0 2 3 0 2 3 6 2 7 16 31 2 0 2 3 0 2 3 0 2 7 0 2 7 1 2 7 0 2 3 0 2 7 0 2 7 16 6 2 1 2 4 0 2 3 0 2 7 0 2 7 0 2 7 1 2 7 0 2 7 0 2 3 0 2 7 0 2 7 1 2 7 1 2 7 5 30 3 0 2 7 17 9 2 17 9 2 5 30 3 5 30 3 17 18 2 0 2 7 0 2 7 1 2 7 0 2 7 1 2 7 0 2 7 0 2 4 12 16 2 0 2 4 1 2 7 5 31 3 0 2 3 0 2 7 1 2 7 16 6 2 16 30 2 1 2 7 12 16 2 1 2 3 1 2 7 0 2 7 0 61.9509764313697815
12 16 2 5 30 3 0 2 7 0 2 7 0 2 7 0 2 4 1 2 11 0 2 4 1 2 7 0 2 7 0 2 4 1 2 7 0 2 7 0 2 4 1 2 7 0 2 7 0 2 7 1 2 7 1 2 7 1 2 7 5 31 3 0 2 7 17 9 2 5 30 3 5 30 3 17 18 2 0 2 7 0 2 11 0 2 7 0 2 7 1 2 4 1 2 7 1 2 7 0 2 7 0 2 7 0 2 7 0 2 10 0 2 7 0 2 7 16 19 11 0 2 7 0 2 7 0 2 7 17 9 2 17 9 2 8 18 2 16 6 2 1 2 7 16 15 2 8 18 2 5 30 3 8 9 2 12 16 2 0 2 7 5 30 3 0 2 4 15 2 11 1 2 7 12 16 2 0 2 7 0 62.0594162940979004
5 30 3 5 31 3 5 30 3 1 2 7 12 16 2 5 31 3 17 18 2 0 2 7 0 2 7 0 2 7 12 16 2 0 2 7 0 2 7 12 16 2 1 2 7 0 2 7 0 2 7 16 6 2 0 2 7 0 2 7 1 2 7 1 2 3 1 2 7 0 2 7 0 2 3 0 2 7 0 2 7 0 2 7 16 6 2 0 2 7 5 31 3 5 31 3 0 2 7 0 2 3 16 6 2 5 30 3 0 2 7 1 2 7 0 2 7 0 2 3 0 2 7 0 2 3 0 2 7 0 2 7 1 2 7 0 2 7 0 2 7 0 2 7 8 18 2 1 2 7 16 18 11 1 2 7 0 2 7 16 9 8 1 2 3 1 2 3 1 2 7 16 6 2 0 2 11 0 2 7 0 62.5076164603233337
5 30 3 5 30 3 5 30 3 17 9 2 17 18 2 8 9 2 12 16 2 5 30 3 5 30 3 5 30 3 1 2 11 16 19 11 8 1 2 1 2 7 1 2 7 1 2 7 0 2 7 0 2 7 8 18 2 0 2 7 0 2 7 0 2 7 5 30 3 1 2 7 0 2 7 0 2 7 0 2 7 1 2 7 0 2 7 0 2 7 17 18 2 17 18 2 1 2 7 0 2 7 0 2 7 0 2 11 0 2 7 0 2 7 0 2 7 1 2 7 0 2 7 0 2 7 1 2 7 1 2 7 0 2 7 0 2 7 0 2 7 0 2 7 0 2 7 0 2 7 0 2 7 5 30 3 0 2 7 0 2 7 1 2 7 0 2 7 16 15 2 8 9 2 17 18 2 0 2 7 0 62.2158820629119873
5 30 3 5 31 3 5 30 3 17 9 2 1 2 7 1 2 7 12 16 2 1 2 3 5 30 3 5 30 3 0 2 7 16 19 11 1 2 7 13 6 3 0 2 7 1 2 7 0 2 10 0 2 11 1 2 7 5 30 3 0 2 7 0 2 7 1 2 3 0 2 7 16 9 11 0 2 7 0 2 7 0 2 7 0 2 7 1 2 3 0 2 7 0 2 7 5 30 3 0 2 11 0 2 7 0 2 7 0 2 7 0 2 7 17 18 2 17 18 2 1 2 4 0 2 3 1 2 7 0 2 7 16 30 2 1 2 7 8 9 2 0 2 7 0 2 4 0 2 7 0 2 7 0 2 11 17 18 2 0 2 7 0 2 7 0 2 7 1 2 3 0 2 7 5 30 3 1 2 11 0 62.3979125618934631
5 30 3 5 31 3 5 31 3 8 9 2 17 18 2 0 2 11 12 16 2 6 2 7 5 30 3 5 30 3 0 2 7 16 19 11 1 2 7 1 2 7 0 2 7 0 2 11 0 2 7 0 2 7 1 2 7 5 30 3 0 2 7 0 2 10 1 2 7 0 2 7 16 19 11 0 2 10 0 2 7 0 2 7 0 2 7 1 2 7 0 2 7 0 2 4 5 30 3 1 2 7 0 2 7 0 2 11 0 2 7 6 2 7 17 18 2 17 18 2 1 2 7 0 2 7 1 2 7 0 2 7 16 6 2 1 2 7 8 9 2 0 2 7 0 2 11 0 2 10 0 2 11 0 2 7 17 18 2 0 2 4 0 2 7 0 2 7 1 2 7 0 2 7 5 30 3 1 2 7 0 62.703831672668457

Current Evaluation = 6300(6300)
Front Size = 10
5 31 3 0 2 4 12 16 2 17 18 2 5 30 3 5 30 3 12 16 2 0 2 7 0 2 7 8 18 2 17 9 2 1 2 3 0 2 7 0 2 7 1 2 7 0 2 7 6 2 7 0 2 7 0 2 7 0 2 7 5 30 3 5 30 3 0 2 7 0 2 7 0 2 7 0 2 7 1 2 7 0 2 7 1 2 4 0 2 7 17 9 2 1 2 7 1 2 7 0 2 7 13 6 3 1 2 4 0 2 7 1 2 7 5 31 3 1 2 7 1 2 7 1 2 7 17 18 2 12 16 2 0 2 7 1 2 7 17 18 2 0 2 7 0 2 7 16 30 2 0 2 7 13 6 3 0 2 7 0 2 7 0 2 4 0 2 7 1 2 7 16 15 2 1 2 7 0 2 7 0 60.702563464641571
5 30 3 5 30 3 5 30 3 8 9 2 16 19 11 17 9 2 12 16 2 12 16 2 5 30 3 5 30 3 5 31 3 5 30 3 1 2 7 16 19 11 0 2 7 12 16 2 1 2 10 0 2 7 0 2 7 0 2 7 0 2 7 0 2 10 0 2 11 0 2 7 16 30 2 17 9 2 0 2 11 0 2 7 0 2 7 5 30 3 0 2 7 0 2 7 0 2 11 0 2 11 1 2 11 1 2 11 0 2 7 0 2 7 15 2 11 0 2 7 0 2 11 17 18 2 6 2 11 0 2 3 0 2 11 0 2 11 5 30 3 6 2 11 0 2 7 0 2 7 0 2 11 0 2 11 1 2 11 0 2 11 16 30 2 0 2 7 0 2 3 0 2 11 1 2 7 1 2 3 0 64.5060468912124634
5 30 3 1 2 7 12 16 2 8 18 2 5 30 3 5 30 3 5 31 3 0 2 3 0 2 3 17 9 2 0 2 4 0 2 7 0 2 3 0 2 4 1 2 7 17 9 2 0 2 7 1 2 7 1 2 7 5 31 3 0 2 3 1 2 3 0 2 7 16 30 2 0 2 7 0 2 7 1 2 7 1 2 4 0 2 7 1 2 7 0 2 7 0 2 7 0 2 3 0 2 7 1 2 7 0 2 7 12 16 2 1 2 3 0 2 7 0 2 3 1 2 7 16 6 2 0 2 3 16 30 2 5 30 3 17 18 2 1 2 7 1 2 4 0 2 7 0 2 7 0 2 3 0 2 7 0 2 3 13 6 3 0 2 4 0 2 7 16 6 2 1 2 4 1 2 3 12 16 2 0 61.5627627372741699
5 30 3 5 30 3 5 30 3 17 9 2 17 18 2 8 9 2 12 16 2 5 30 3 5 30 3 5 30 3 1 2 11 16 19 11 8 1 2 1 2 7 1 2 7 1 2 7 0 2 7 0 2 7 8 18 2 0 2 7 0 2 7 0 2 7 5 30 3 1 2 7 0 2 7 0 2 7 0 2 7 1 2 7 0 2 7 0 2 7 17 18 2 17 18 2 1 2 7 0 2 7 0 2 7 0 2 11 0 2 7 0 2 7 0 2 7 1 2 7 0 2 7 0 2 7 1 2 7 1 2 7 0 2 7 0 2 7 0 2 7 0 2 7 0 2 7 0 2 7 0 2 7 5 30 3 0 2 7 0 2 7 1 2 7 0 2 7 16 15 2 8 9 2 17 18 2 0 2 7 0 62.2158820629119873
5 30 3 0 2 7 12 16 2 17 18 2 5 30 3 5 30 3 5 30 3 0 2 3 0 2 3 17 9 2 0 2 7 0 2 7 0 2 7 0 2 7 0 2 4 0 2 3 1 2 7 5 30 3 5 30 3 0 2 7 0 2 3 1 2 7 0 2 7 1 2 7 0 2 7 1 2 7 0 2 7 5 30 3 0 2 7 0 2 7 0 2 7 0 2 7 0 2 7 1 2 7 0 2 3 0 2 7 12 16 2 0 2 7 0 2 7 16 6 2 0 2 7 0 2 7 13 6 3 16 31 2 1 2 7 8 9 2 1 2 7 1 2 7 0 2 7 12 16 2 16 6 2 16 6 2 17 18 2 5 31 3 13 6 3 1 2 7 0 2 3 0 2 7 1 2 7 1 2 7 0 61.399442195892334
5 30 3 5 31 3 5 31 3 8 9 2 17 18 2 0 2 11 12 16 2 6 2 7 5 30 3 5 30 3 0 2 7 16 19 11 1 2 7 1 2 7 0 2 7 0 2 11 0 2 7 0 2 7 1 2 7 5 30 3 0 2 7 0 2 10 1 2 7 0 2 7 16 19 11 0 2 10 0 2 7 0 2 7 0 2 7 1 2 7 0 2 7 0 2 4 5 30 3 1 2 7 0 2 7 0 2 11 0 2 7 6 2 7 17 18 2 17 18 2 1 2 7 0 2 7 1 2 7 0 2 7 16 6 2 1 2 7 8 9 2 0 2 7 0 2 11 0 2 10 0 2 11 0 2 7 17 18 2 0 2 4 0 2 7 0 2 7 1 2 7 0 2 7 5 30 3 1 2 7 0 62.703831672668457
5 30 3 0 2 7 12 16 2 17 18 2 5 30 3 5 30 3 5 30 3 0 2 7 0 2 7 17 9 2 0 2 7 0 2 7 0 2 7 0 2 7 0 2 7 0 2 7 1 2 7 0 2 7 0 2 11 6 2 7 0 2 7 1 2 7 0 2 7 1 2 7 0 2 7 0 2 7 0 2 10 0 2 7 0 2 7 0 2 7 1 2 4 0 2 7 0 2 7 12 16 2 16 31 2 13 6 3 1 2 7 1 2 7 1 2 4 12 16 2 16 6 2 5 31 3 1 2 4 0 2 7 17 9 2 0 2 4 5 30 3 16 30 2 1 2 7 5 31 3 0 2 7 0 2 11 8 9 2 1 2 11 0 2 7 17 9 2 1 2 7 0 2 7 1 2 11 1 2 4 0 61.3767204880714417
0 2 7 5 31 3 1 2 7 12 16 2 17 18 2 0 2 7 1 2 7 1 2 7 0 2 3 1 2 7 0 2 7 0 2 7 0 2 7 0 2 7 6 2 7 0 2 7 5 30 3 0 2 7 0 2 7 1 2 7 0 2 7 0 2 7 1 2 7 5 30 3 0 2 7 0 2 4 0 2 7 0 2 7 1 2 3 0 2 11 0 2 4 0 2 7 0 2 3 0 2 4 8 18 2 1 2 3 0 2 7 1 2 7 1 2 7 1 2 3 1 2 7 5 30 3 17 9 2 12 16 2 12 16 2 16 15 2 0 2 4 0 2 7 16 6 2 8 18 2 5 30 3 0 2 7 0 2 4 0 2 7 5 31 3 16 19 12 8 18 2 16 6 2 0 2 7 17 18 2 0 62.1612005829811096
5 30 3 5 30 3 5 30 3 0 2 3 16 19 11 12 16 2 5 30 3 5 30 3 5 30 3 5 30 3 0 2 3 0 2 8 0 2 8 0 2 8 1 2 8 0 2 7 0 2 7 12 16 2 0 2 7 0 2 8 0 2 3 5 30 3 0 2 8 12 16 2 0 2 3 0 2 8 0 2 7 0 2 8 8 9 2 0 2 8 8 9 2 0 2 8 16 19 11 0 2 7 16 6 2 1 2 8 0 2 7 8 18 2 0 2 7 5 30 3 0 2 8 16 19 11 1 2 3 0 2 3 0 2 7 0 2 7 0 2 3 0 2 3 0 2 7 0 2 3 16 6 2 0 2 3 0 2 7 16 19 11 0 2 3 16 19 11 0 2 8 0 2 8 1 2 3 0 2 8 0 66.9005337953567505
5 30 3 5 31 3 5 30 3 17 18 2 0 2 7 12 16 2 0 2 4 5 31 3 5 30 3 1 2 7 0 2 7 0 2 7 0 2 7 0 2 4 1 2 7 8 9 2 5 30 3 0 2 7 0 2 11 0 2 1 0 2 7 0 2 7 0 2 7 0 2 7 0 2 7 0 2 4 1 2 7 1 2 4 0 2 7 5 30 3 1 2 7 1 2 7 1 2 7 0 2 7 16 31 2 1 2 7 0 2 7 1 2 7 0 2 7 0 2 11 0 2 7 0 2 7 17 9 2 0 2 7 0 2 11 0 2 7 1 2 7 0 2 7 1 2 7 0 2 7 16 9 11 1 2 7 8 18 2 1 2 7 16 6 2 0 2 7 17 18 2 17 18 2 1 2 7 12 16 2 0 62.0360676646232605

Current Evaluation = 7200(7200)
Front Size = 10
5 31 3 0 2 7 12 16 2 17 18 2 1 2 7 5 30 3 12 16 2 0 2 7 0 2 7 17 9 2 0 2 3 0 2 7 0 2 3 1 2 7 0 2 7 0 2 7 0 2 7 1 2 3 5 31 3 5 30 3 0 2 7 0 2 7 1 2 7 1 2 7 1 2 7 0 2 7 0 2 7 0 2 4 17 9 2 0 2 7 1 2 7 0 2 7 13 6 3 1 2 7 1 2 7 1 2 7 1 2 7 1 2 3 17 18 2 12 16 2 0 2 7 0 2 7 0 2 7 0 2 3 0 2 7 1 2 7 1 2 7 1 2 7 0 2 7 1 2 7 1 2 7 17 1 2 17 18 2 16 6 2 13 6 3 0 2 7 0 2 7 0 2 3 0 2 4 1 2 7 0 60.5742075443267822
1 2 7 5 31 3 5 30 3 17 9 2 17 18 2 12 16 2 1 2 1 1 2 11 1 2 11 0 2 3 1 2 4 17 18 2 0 2 4 0 2 4 0 2 7 1 2 7 0 2 7 1 2 7 0 2 4 1 2 4 0 2 7 1 2 7 1 2 7 0 2 4 1 2 7 0 2 3 0 2 7 0 2 7 1 2 7 0 2 7 0 2 11 0 2 7 0 2 7 1 2 7 0 2 7 0 2 7 13 6 3 5 30 3 17 9 2 0 2 7 16 30 2 12 16 2 0 2 7 5 30 3 1 2 4 0 2 11 5 31 3 17 18 2 17 18 2 0 2 4 0 2 7 1 2 4 0 2 7 6 2 7 1 2 7 0 2 7 1 2 7 8 9 2 0 2 4 0 2 7 0 61.1491088271141052
5 30 3 5 30 3 5 30 3 8 9 2 17 18 2 12 16 2 1 2 7 1 2 7 1 2 7 0 2 7 0 2 7 0 2 7 0 2 7 0 2 7 1 2 7 0 2 7 0 2 7 0 2 7 1 2 7 1 2 7 0 2 7 17 18 2 17 18 2 1 2 11 0 2 4 5 31 3 0 2 7 0 2 7 0 2 7 1 2 11 0 2 7 0 2 7 0 2 7 1 2 7 0 2 7 0 2 7 0 2 11 0 2 7 0 2 7 0 2 7 1 2 3 0 2 7 5 31 3 17 18 2 0 2 7 0 2 7 16 19 11 8 18 2 1 2 7 5 30 3 0 2 7 13 6 3 5 30 3 16 6 2 6 2 7 0 2 7 5 30 3 16 6 2 0 2 7 1 2 7 0 61.7582972645759583
5 30 3 5 30 3 5 30 3 8 9 2 16 19 11 17 9 2 12 16 2 12 16 2 5 30 3 5 30 3 5 31 3 5 30 3 1 2 7 16 19 11 0 2 7 12 16 2 1 2 10 0 2 7 0 2 7 0 2 7 0 2 7 0 2 10 0 2 11 0 2 7 16 30 2 17 9 2 0 2 11 0 2 7 0 2 7 5 30 3 0 2 7 0 2 7 0 2 11 0 2 11 1 2 11 1 2 11 0 2 7 0 2 7 15 2 11 0 2 7 0 2 11 17 18 2 6 2 11 0 2 3 0 2 11 0 2 11 5 30 3 6 2 11 0 2 7 0 2 7 0 2 11 0 2 11 1 2 11 0 2 11 16 30 2 0 2 7 0 2 3 0 2 11 1 2 7 1 2 3 0 64.5060468912124634
5 30 3 12 16 2 17 18 2 5 30 3 5 30 3 12 16 2 0 2 7 0 2 7 8 9 2 1 2 7 0 2 7 0 2 7 1 2 7 0 2 7 0 2 3 0 2 7 0 2 7 5 30 3 5 30 3 0 2 11 0 2 7 0 2 7 1 2 7 1 2 7 0 2 7 0 2 7 17 9 2 1 2 3 0 2 7 12 16 2 16 6 2 0 2 11 8 18 2 0 2 7 0 2 7 0 2 7 1 2 7 5 30 3 16 19 11 0 2 7 5 30 3 16 6 2 16 19 11 8 18 2 0 2 7 0 2 7 1 2 1 8 18 2 0 2 7 1 2 7 5 30 3 1 2 7 0 2 3 0 2 3 0 2 11 0 2 7 16 19 11 0 2 3 0 2 10 0 2 7 0 63.6210652589797974
5 31 3 0 2 7 12 16 2 8 18 2 5 30 3 5 30 3 5 31 3 0 2 7 0 2 7 17 9 2 0 2 7 0 2 7 0 2 7 1 2 7 1 2 7 17 9 2 0 2 7 1 2 3 1 2 7 5 31 3 0 2 7 1 2 3 0 2 7 16 6 2 0 2 7 0 2 7 0 2 7 6 2 7 0 2 7 1 2 7 0 2 4 0 2 7 0 2 7 0 2 11 1 2 7 1 2 7 12 16 2 0 2 7 0 2 7 0 2 7 0 2 7 16 6 2 0 2 7 16 31 2 5 30 3 17 18 2 1 2 7 1 2 7 0 2 7 1 2 7 0 2 7 0 2 7 0 2 7 13 6 3 1 2 7 0 2 7 16 6 2 1 2 7 1 2 7 12 16 2 0 60.9745904803276062
5 30 3 0 2 7 12 16 2 17 18 2 5 30 3 5 30 3 0 2 7 0 2 4 17 9 2 0 2 7 0 2 7 0 2 7 0 2 7 0 2 4 0 2 7 1 2 7 0 2 7 0 2 7 6 2 7 0 2 4 1 2 7 0 2 7 0 2 7 1 2 7 0 2 7 0 2 7 13 6 3 0 2 7 0 2 7 12 16 2 13 6 3 1 2 1 1 2 7 12 16 2 5 30 3 0 2 4 17 9 2 0 2 7 16 6 2 0 2 7 5 31 3 5 31 3 0 2 7 1 2 7 1 2 7 5 30 3 0 2 7 1 2 7 0 2 7 16 30 2 1 2 7 1 2 7 0 2 4 17 9 2 1 2 7 8 9 2 0 2 7 17 18 2 1 2 7 1 2 11 0 60.9956184029579163
5 31 3 0 2 7 12 16 2 8 18 2 5 30 3 5 31 3 5 30 3 1 2 3 0 2 7 0 2 3 0 2 7 0 2 7 1 2 7 0 2 7 0 2 7 0 2 7 1 2 7 0 2 7 0 2 7 16 6 2 0 2 4 0 2 4 0 2 3 1 2 7 0 2 7 6 2 7 6 2 7 0 2 4 0 2 7 0 2 7 0 2 7 1 2 7 0 2 7 0 2 7 0 2 7 1 2 7 16 6 2 0 2 7 5 30 3 17 18 2 1 2 7 0 2 7 0 2 4 1 2 7 0 2 4 0 2 7 1 2 3 13 6 3 0 2 7 17 9 2 6 2 4 5 31 3 1 2 3 12 16 2 16 15 2 1 2 7 17 18 2 17 18 2 1 2 7 12 16 2 0 61.3092055916786194
5 30 3 5 30 3 5 31 3 17 18 2 12 16 2 5 30 3 5 30 3 0 2 11 0 2 7 1 2 7 1 2 7 0 2 4 0 2 7 0 2 7 1 2 7 1 2 7 0 2 7 0 2 4 0 2 7 0 2 7 1 2 7 0 2 11 0 2 11 1 2 7 0 2 7 0 2 7 17 18 2 17 18 2 1 2 7 1 2 7 0 2 7 0 2 7 0 2 7 6 2 7 0 2 7 1 2 7 0 2 7 1 2 7 0 2 7 1 2 11 8 9 2 12 16 2 0 2 7 16 9 11 0 2 7 5 30 3 0 2 11 16 31 2 17 18 2 5 30 3 0 2 11 1 2 11 13 6 3 1 2 7 16 31 2 12 16 2 0 2 7 0 2 7 0 2 7 0 2 11 0 62.052337646484375
5 30 3 0 2 7 12 16 2 17 18 2 5 30 3 5 30 3 0 2 7 17 9 2 0 2 7 0 2 7 0 2 7 0 2 7 0 2 7 1 2 7 0 2 7 0 2 7 1 2 7 0 2 7 0 2 7 0 2 7 0 2 7 0 2 7 0 2 7 12 16 2 12 16 2 5 30 3 17 9 2 0 2 7 5 31 3 5 30 3 16 30 2 8 9 2 1 2 11 0 2 4 0 2 11 6 2 7 0 2 4 1 2 7 0 2 3 1 2 11 1 2 1 15 2 11 0 2 4 0 2 11 0 2 7 0 2 11 5 30 3 0 2 11 0 2 11 0 2 3 0 2 11 16 30 2 1 2 7 1 2 7 0 2 4 17 9 2 5 30 3 0 2 7 17 18 2 1 2 7 0.00152893431223994855 63.0546407103538513

Current Evaluation = 8100(8100)
Front Size = 10
0 2 7 5 31 3 5 31 3 17 9 2 17 18 2 12 16 2 1 2 7 0 2 7 0 2 7 1 2 7 1 2 7 0 2 7 0 2 7 0 2 7 1 2 7 1 2 3 1 2 7 0 2 4 0 2 7 0 2 7 0 2 7 0 2 7 0 2 7 1 2 7 13 6 3 5 30 3 0 2 7 16 30 2 12 16 2 1 2 7 5 31 3 0 2 7 0 2 7 0 2 7 1 2 7 1 2 7 0 2 7 1 2 11 1 2 7 17 18 2 0 2 7 0 2 7 17 9 2 1 2 7 1 2 7 0 2 7 0 2 7 0 2 7 1 2 3 1 2 7 0 2 7 13 6 3 16 30 2 0 2 7 1 2 7 17 18 2 0 2 7 0 2 7 1 2 7 5 30 3 0 60.3046826124191284
0 2 7 5 31 3 5 30 3 17 9 2 17 18 2 12 16 2 0 2 4 1 2 4 0 2 7 0 2 4 1 2 7 1 2 7 1 2 4 1 2 4 1 2 4 0 2 7 0 2 4 1 2 7 1 2 4 0 2 4 0 2 4 0 2 7 1 2 7 0 2 7 0 2 10 0 2 7 0 2 7 1 2 4 0 2 7 13 6 3 5 31 3 0 2 7 1 2 7 12 16 2 0 2 7 5 31 3 1 2 7 0 2 7 0 2 7 1 2 7 1 2 7 0 2 11 0 2 7 1 2 7 17 18 2 17 9 2 0 2 4 0 2 7 17 9 2 0 2 7 1 2 7 0 2 4 17 18 2 0 2 4 1 2 4 0 2 7 6 2 7 1 2 10 17 9 2 1 2 7 0 60.4177559018135071
0 2 7 12 16 2 8 18 2 17 9 2 5 30 3 0 2 4 1 2 11 17 9 2 0 2 3 0 2 7 0 2 7 0 2 7 1 2 3 0 2 7 0 2 7 0 2 11 0 2 7 0 2 7 1 2 7 0 2 7 0 2 7 0 2 7 1 2 7 0 2 7 12 16 2 6 2 3 12 16 2 0 2 3 0 2 7 16 6 2 1 2 4 5 30 3 17 9 2 0 2 7 0 2 11 5 30 3 1 2 4 5 30 3 1 2 4 0 2 11 1 2 11 0 2 3 1 2 3 13 6 3 0 2 3 0 2 7 1 2 7 0 2 7 0 2 7 1 2 4 0 2 7 1 2 7 16 19 11 5 30 3 17 18 2 5 31 3 0 2 4 16 6 2 8 18 2 1 2 7 0 62.2009764909744263
5 31 3 0 2 7 0 2 7 17 18 2 1 2 7 5 30 3 12 16 2 0 2 7 0 2 7 17 9 2 0 2 4 0 2 7 0 2 4 1 2 7 0 2 3 0 2 7 0 2 7 5 31 3 5 30 3 0 2 7 0 2 7 1 2 7 1 2 7 1 2 7 0 2 7 0 2 7 0 2 4 17 9 2 0 2 7 1 2 7 0 2 7 13 6 3 1 2 7 1 2 7 1 2 7 0 2 7 17 18 2 0 2 7 0 2 7 0 2 7 17 18 2 1 2 4 1 2 7 1 2 7 12 16 2 1 2 7 0 2 4 1 2 7 1 2 7 1 2 7 0 2 4 0 2 4 1 2 7 17 1 2 1 2 7 0 2 7 17 18 2 0 2 7 1 2 7 8 9 2 0 60.375092625617981
5 30 3 5 30 3 5 30 3 8 9 2 16 19 11 17 9 2 12 16 2 12 16 2 5 30 3 5 30 3 5 31 3 5 30 3 1 2 7 16 19 11 0 2 7 12 16 2 1 2 10 0 2 7 0 2 7 0 2 7 0 2 7 0 2 10 0 2 11 0 2 7 16 30 2 17 9 2 0 2 11 0 2 7 0 2 7 5 30 3 0 2 7 0 2 7 0 2 11 0 2 11 1 2 11 1 2 11 0 2 7 0 2 7 15 2 11 0 2 7 0 2 11 17 18 2 6 2 11 0 2 3 0 2 11 0 2 11 5 30 3 6 2 11 0 2 7 0 2 7 0 2 11 0 2 11 1 2 11 0 2 11 16 30 2 0 2 7 0 2 3 0 2 11 1 2 7 1 2 3 0 64.5060468912124634
0 2 3 5 31 3 5 30 3 17 9 2 17 18 2 12 16 2 0 2 4 1 2 7 0 2 7 0 2 7 6 2 3 1 2 7 1 2 3 1 2 4 1 2 7 0 2 4 0 2 4 1 2 7 1 2 4 0 2 4 0 2 7 0 2 7 1 2 4 0 2 4 0 2 7 0 2 4 0 2 4 0 2 4 1 2 7 13 6 3 5 31 3 0 2 4 1 2 3 12 16 2 0 2 7 5 31 3 1 2 7 0 2 7 0 2 7 1 2 7 1 2 7 0 2 7 0 2 4 1 2 7 17 18 2 16 6 2 0 2 3 0 2 7 17 9 2 0 2 7 1 2 7 0 2 7 17 18 2 0 2 7 1 2 7 0 2 4 1 2 7 1 2 7 17 9 2 1 2 7 0 60.526364803314209
0 2 7 0 2 7 1 2 7 0 2 7 17 18 2 12 16 2 0 2 7 1 2 7 0 2 7 1 2 7 1 2 7 17 18 2 0 2 7 0 2 3 1 2 7 1 2 7 1 2 7 0 2 7 1 2 7 0 2 3 0 2 7 0 2 7 0 2 3 0 2 4 13 6 3 5 30 3 1 2 7 1 2 7 1 2 7 0 2 7 0 2 7 0 2 7 0 2 3 0 2 7 0 2 7 0 2 7 17 18 2 1 2 7 1 2 3 17 9 2 1 2 7 0 2 7 0 2 7 17 18 2 5 30 3 17 18 2 0 2 7 1 2 7 13 6 3 1 2 7 0 2 3 0 2 7 5 31 3 5 31 3 16 15 2 0 2 7 6 2 7 0 2 4 1 2 4 1 2 7 0 60.4493886828422546
0 2 7 5 31 3 5 31 3 17 9 2 17 18 2 12 16 2 1 2 7 0 2 7 0 2 7 1 2 4 1 2 7 0 2 7 0 2 7 1 2 7 0 2 4 1 2 7 0 2 4 0 2 7 5 30 3 0 2 7 0 2 4 0 2 7 0 2 4 1 2 10 5 30 3 0 2 7 16 6 2 5 30 3 0 2 7 1 2 7 0 2 7 1 2 7 1 2 7 1 2 4 0 2 7 1 2 11 1 2 7 17 18 2 17 9 2 17 18 2 0 2 7 0 2 10 0 2 4 1 2 3 8 9 2 1 2 7 0 2 7 0 2 7 0 2 7 0 2 7 1 2 7 0 2 7 5 30 3 13 6 3 1 2 7 0 2 7 1 2 4 0 2 10 17 18 2 0 2 7 0 60.9297895431518555
0 2 7 5 30 3 5 30 3 17 9 2 17 18 2 12 16 2 1 2 7 1 2 7 0 2 7 0 2 7 1 2 7 1 2 7 0 2 7 1 2 7 0 2 7 0 2 4 0 2 7 0 2 7 1 2 3 0 2 7 0 2 3 1 2 7 1 2 7 0 2 3 1 2 7 1 2 7 5 30 3 17 9 2 1 2 7 12 16 2 0 2 3 5 30 3 5 31 3 0 2 3 0 2 7 0 2 7 0 2 3 1 2 7 8 9 2 1 2 3 1 2 7 1 2 7 0 2 7 0 2 7 0 2 3 0 2 7 13 6 3 0 2 7 0 2 3 17 9 2 0 2 7 16 15 2 6 2 7 0 2 7 13 6 3 1 2 7 0 2 11 16 30 2 17 9 2 0 2 7 0 61.0823397040367126
1 2 7 5 31 3 5 30 3 17 9 2 17 18 2 12 16 2 1 2 1 1 2 11 1 2 11 0 2 3 1 2 4 17 18 2 0 2 4 0 2 4 0 2 7 1 2 7 0 2 7 1 2 7 0 2 4 1 2 4 0 2 7 1 2 7 1 2 7 0 2 4 1 2 7 0 2 3 0 2 7 0 2 7 1 2 7 0 2 7 0 2 11 0 2 7 0 2 7 1 2 7 0 2 7 0 2 7 13 6 3 5 30 3 17 9 2 0 2 7 16 30 2 12 16 2 0 2 7 5 30 3 1 2 4 0 2 11 5 31 3 17 18 2 17 18 2 0 2 4 0 2 7 1 2 4 0 2 7 6 2 7 1 2 7 0 2 7 1 2 7 8 9 2 0 2 4 0 2 7 0 61.1491088271141052

Current Evaluation = 9000(9000)
Front Size = 10
5 31 3 5 31 3 5 30 3 17 9 2 12 16 2 0 2 7 0 2 7 0 2 7 1 2 7 1 2 7 1 2 7 1 2 7 1 2 7 0 2 7 0 2 7 0 2 7 1 2 7 0 2 7 1 2 7 0 2 7 1 2 7 0 2 7 0 2 7 0 2 7 0 2 7 1 2 7 13 6 3 0 2 7 1 2 4 6 2 7 1 2 4 5 30 3 1 2 7 0 2 7 1 2 7 0 2 7 17 18 2 17 9 2 0 2 7 17 9 2 0 2 7 0 2 7 17 9 2 0 2 7 17 9 2 0 2 7 1 2 4 1 2 3 5 31 3 0 2 7 0 2 7 0 2 7 1 2 7 16 6 2 0 2 7 13 6 3 0 2 7 1 2 7 0 2 7 1 2 4 0 60.0775706171989441
0 2 3 5 31 3 5 30 3 17 9 2 17 18 2 12 16 2 0 2 4 1 2 7 0 2 7 0 2 7 6 2 3 1 2 7 1 2 3 1 2 4 1 2 7 0 2 4 0 2 4 1 2 7 1 2 4 0 2 4 0 2 7 0 2 7 1 2 4 0 2 4 0 2 7 0 2 4 0 2 4 0 2 4 1 2 7 13 6 3 5 31 3 0 2 4 1 2 3 12 16 2 0 2 7 5 31 3 1 2 7 0 2 7 0 2 7 1 2 7 1 2 7 0 2 7 0 2 4 1 2 7 17 18 2 16 6 2 0 2 3 0 2 7 17 9 2 0 2 7 1 2 7 0 2 7 17 18 2 0 2 7 1 2 7 0 2 4 1 2 7 1 2 7 17 9 2 1 2 7 0 60.526364803314209
13 6 3 5 30 3 5 31 3 17 9 2 12 16 2 1 2 11 0 2 7 0 2 4 0 2 7 1 2 7 1 2 7 1 2 7 1 2 4 1 2 4 0 2 7 0 2 7 0 2 7 1 2 7 0 2 4 1 2 7 0 2 4 1 2 3 0 2 4 1 2 7 0 2 7 0 2 11 1 2 4 0 2 7 13 6 3 5 31 3 0 2 7 6 2 7 12 16 2 1 2 7 0 2 7 1 2 7 0 2 7 1 2 7 0 2 7 0 2 7 0 2 4 17 18 2 17 9 2 17 9 2 0 2 7 5 30 3 1 2 7 0 2 7 0 2 7 0 2 7 1 2 7 0 2 3 17 9 2 17 9 2 0 2 7 1 2 4 0 2 4 17 18 2 1 2 4 1 2 3 0 60.3268857598304749
0 2 7 5 31 3 5 31 3 17 9 2 17 18 2 12 16 2 1 2 7 0 2 7 1 2 7 1 2 7 1 2 7 0 2 7 0 2 7 0 2 7 1 2 7 1 2 4 1 2 7 0 2 7 0 2 7 0 2 4 5 30 3 0 2 4 0 2 7 0 2 7 13 6 3 5 30 3 0 2 7 12 16 2 1 2 7 5 31 3 0 2 4 1 2 7 1 2 7 1 2 7 17 18 2 17 9 2 1 2 7 1 2 7 1 2 7 1 2 7 0 2 7 17 18 2 17 9 2 0 2 7 0 2 7 1 2 7 0 2 7 0 2 7 0 2 7 0 2 7 0 2 7 16 30 2 0 2 7 1 2 4 0 2 4 0 2 7 0 2 7 0 2 7 1 2 4 13 6 3 0 60.1242506504058838
5 30 3 5 30 3 5 30 3 8 9 2 16 19 11 17 9 2 12 16 2 12 16 2 5 30 3 5 30 3 5 31 3 5 30 3 1 2 7 16 19 11 0 2 7 12 16 2 1 2 10 0 2 7 0 2 7 0 2 7 0 2 7 0 2 10 0 2 11 0 2 7 16 30 2 17 9 2 0 2 11 0 2 7 0 2 7 5 30 3 0 2 7 0 2 7 0 2 11 0 2 11 1 2 11 1 2 11 0 2 7 0 2 7 15 2 11 0 2 7 0 2 11 17 18 2 6 2 11 0 2 3 0 2 11 0 2 11 5 30 3 6 2 11 0 2 7 0 2 7 0 2 11 0 2 11 1 2 11 0 2 11 16 30 2 0 2 7 0 2 3 0 2 11 1 2 7 1 2 3 0 64.5060468912124634
13 6 3 5 31 3 5 31 3 17 9 2 12 16 2 1 2 7 0 2 7 0 2 4 1 2 7 1 2 7 1 2 7 0 2 7 0 2 7 0 2 7 1 2 7 1 2 7 6 2 7 1 2 7 0 2 7 0 2 7 6 2 7 13 6 3 1 2 7 0 2 8 12 16 2 0 2 7 0 2 7 12 2 7 0 2 7 0 2 7 12 16 2 0 2 7 17 22 2 17 9 2 17 9 2 0 2 7 5 30 3 1 2 7 1 2 7 0 2 7 0 2 7 1 2 7 0 2 7 17 9 2 1 2 7 0 2 4 0 2 7 1 2 7 1 2 7 5 30 3 0 2 7 0 2 7 1 2 7 1 2 11 0 2 7 17 9 2 1 2 7 12 16 2 17 18 2 0 2 7 0 60.8685774803161621
0 2 7 0 2 7 1 2 7 0 2 7 17 18 2 12 16 2 0 2 7 1 2 7 0 2 7 1 2 7 0 2 7 17 18 2 0 2 7 1 2 7 1 2 7 1 2 7 0 2 7 1 2 7 0 2 7 0 2 7 0 2 7 13 6 3 5 30 3 1 2 7 1 2 7 1 2 7 0 2 7 0 2 7 0 2 7 0 2 7 0 2 7 0 2 7 17 18 2 1 2 7 17 9 2 1 2 7 0 2 7 0 2 4 5 30 3 0 2 7 1 2 7 13 6 3 1 2 7 0 2 7 5 31 3 5 30 3 0 2 7 1 2 7 5 31 3 0 2 7 6 2 7 0 2 7 17 18 2 1 2 7 8 18 2 17 9 2 0 2 7 16 15 2 0 2 7 1 2 3 0 60.3038365244865417
0 2 3 5 30 3 5 30 3 17 9 2 17 18 2 12 16 2 0 2 7 1 2 7 0 2 7 0 2 3 1 2 7 1 2 7 0 2 7 1 2 4 8 18 2 0 2 7 0 2 4 0 2 7 1 2 3 0 2 3 1 2 7 0 2 3 1 2 7 0 2 7 1 2 7 17 9 2 1 2 3 12 16 2 5 30 3 0 2 3 0 2 7 1 2 4 1 2 12 0 2 7 0 2 7 0 2 7 13 6 3 0 2 7 17 9 2 0 2 7 1 2 7 0 2 7 13 6 3 0 2 7 17 9 2 0 2 7 0 2 4 5 30 3 1 2 11 17 18 2 0 2 7 1 2 7 8 9 2 1 2 7 1 2 7 0 2 7 0 2 7 1 2 7 1 2 3 16 15 2 0 60.9899935722351074
5 30 3 5 31 3 17 9 2 1 2 7 0 2 7 0 2 7 0 2 3 0 2 7 0 2 7 0 2 7 0 2 3 0 2 7 1 2 7 0 2 7 1 2 3 0 2 7 0 2 7 12 16 2 0 2 7 0 2 7 0 2 3 0 2 7 17 18 2 16 9 11 1 2 4 5 31 3 0 2 3 0 2 7 1 2 11 0 2 4 13 6 3 5 30 3 0 2 7 0 2 7 1 2 11 0 2 7 0 2 3 1 2 7 0 2 7 5 30 3 1 2 7 1 2 7 16 30 2 5 30 3 0 2 7 1 2 7 1 2 7 5 30 3 0 2 7 0 2 3 16 18 11 0 2 7 17 9 2 16 19 11 0 2 7 5 30 3 12 16 2 0 2 3 6 2 7 1 2 7 0 62.6832553744316101
0 2 7 12 16 2 8 18 2 17 9 2 5 30 3 0 2 4 1 2 11 17 9 2 0 2 3 0 2 7 0 2 7 0 2 7 1 2 3 0 2 7 0 2 7 0 2 11 0 2 7 0 2 7 1 2 7 0 2 7 0 2 7 0 2 7 1 2 7 0 2 7 12 16 2 6 2 3 12 16 2 0 2 3 0 2 7 16 6 2 1 2 4 5 30 3 17 9 2 0 2 7 0 2 11 5 30 3 1 2 4 5 30 3 1 2 4 0 2 11 1 2 11 0 2 3 1 2 3 13 6 3 0 2 3 0 2 7 1 2 7 0 2 7 0 2 7 1 2 4 0 2 7 1 2 7 16 19 11 5 30 3 17 18 2 5 31 3 0 2 4 16 6 2 8 18 2 1 2 7 0 62.2009764909744263

Current Evaluation = 9900(9900)
Front Size = 10
0 2 7 0 2 7 0 2 7 17 18 2 12 16 2 0 2 7 1 2 7 0 2 7 1 2 7 0 2 7 17 18 2 0 2 7 1 2 7 1 2 7 1 2 7 0 2 7 0 2 7 0 2 4 1 2 7 13 6 3 0 2 7 0 2 7 1 2 7 0 2 7 0 2 7 1 2 7 17 9 2 1 2 7 0 2 7 0 2 7 1 2 7 5 31 3 5 31 3 17 9 2 1 2 7 0 2 7 0 2 7 0 2 7 1 2 7 1 2 7 0 2 7 0 2 7 13 6 3 1 2 7 5 30 3 0 2 4 1 2 7 0 2 4 1 2 7 5 31 3 0 2 4 1 2 7 1 2 3 17 18 2 16 6 2 1 2 4 12 16 2 0 2 7 0 2 4 17 9 2 0 60.0184326171875
5 30 3 5 30 3 5 30 3 8 9 2 16 19 11 17 9 2 12 16 2 12 16 2 5 30 3 5 30 3 5 31 3 5 30 3 1 2 7 16 19 11 0 2 7 12 16 2 1 2 10 0 2 7 0 2 7 0 2 7 0 2 7 0 2 10 0 2 11 0 2 7 16 30 2 17 9 2 0 2 11 0 2 7 0 2 7 5 30 3 0 2 7 0 2 7 0 2 11 0 2 11 1 2 11 1 2 11 0 2 7 0 2 7 15 2 11 0 2 7 0 2 11 17 18 2 6 2 11 0 2 3 0 2 11 0 2 11 5 30 3 6 2 11 0 2 7 0 2 7 0 2 11 0 2 11 1 2 11 0 2 11 16 30 2 0 2 7 0 2 3 0 2 11 1 2 7 1 2 3 0 64.5060468912124634
5 31 3 5 31 3 5 30 3 17 9 2 12 16 2 0 2 7 0 2 7 0 2 7 1 2 7 1 2 7 1 2 7 1 2 7 1 2 7 0 2 7 0 2 7 0 2 7 1 2 7 0 2 7 1 2 7 0 2 7 1 2 7 0 2 7 0 2 7 0 2 7 0 2 7 1 2 7 13 6 3 0 2 7 1 2 4 6 2 7 1 2 4 5 30 3 1 2 7 0 2 7 1 2 7 0 2 7 17 18 2 17 9 2 0 2 7 17 9 2 0 2 7 0 2 7 17 9 2 0 2 7 17 9 2 0 2 7 1 2 4 1 2 3 5 31 3 0 2 7 0 2 7 0 2 7 1 2 7 16 6 2 0 2 7 13 6 3 0 2 7 1 2 7 0 2 7 1 2 4 0 60.0775706171989441
13 6 3 5 30 3 5 31 3 17 9 2 12 16 2 1 2 7 0 2 7 1 2 7 1 2 4 0 2 4 1 2 11 0 2 7 1 2 3 0 2 7 1 2 7 0 2 7 1 2 7 0 2 7 0 2 4 13 6 3 5 31 3 0 2 7 12 16 2 1 2 7 0 2 7 17 18 2 0 2 7 1 2 4 0 2 7 0 2 3 17 18 2 17 9 2 17 9 2 0 2 4 5 30 3 1 2 4 0 2 7 0 2 7 0 2 4 1 2 7 0 2 7 17 9 2 0 2 7 0 2 7 0 2 7 1 2 7 1 2 4 0 2 4 1 2 3 6 2 7 0 2 7 0 2 7 1 2 7 0 2 7 1 2 4 1 2 11 1 2 4 17 18 2 0 2 7 1 2 7 0 60.3268856406211853
0 2 7 0 2 7 0 2 7 17 18 2 12 16 2 0 2 7 1 2 7 0 2 3 1 2 7 0 2 7 17 18 2 0 2 7 1 2 7 1 2 7 1 2 7 0 2 7 1 2 7 0 2 7 1 2 7 13 6 3 0 2 7 0 2 7 1 2 7 0 2 7 0 2 7 1 2 7 17 9 2 1 2 7 0 2 7 1 2 7 1 2 7 5 31 3 5 31 3 17 9 2 6 2 7 0 2 7 0 2 7 0 2 7 1 2 7 1 2 7 0 2 7 0 2 7 13 6 3 1 2 7 5 30 3 0 2 7 1 2 7 0 2 7 1 2 7 5 31 3 6 2 3 0 2 7 1 2 7 17 9 2 0 2 7 0 2 7 17 18 2 0 2 7 16 15 2 0 2 7 0 60.1154085993766785
0 2 3 5 31 3 5 30 3 17 9 2 17 18 2 12 16 2 0 2 4 1 2 7 0 2 7 0 2 7 6 2 3 1 2 7 1 2 3 1 2 4 1 2 7 0 2 4 0 2 4 1 2 7 1 2 4 0 2 4 0 2 7 0 2 7 1 2 4 0 2 4 0 2 7 0 2 4 0 2 4 0 2 4 1 2 7 13 6 3 5 31 3 0 2 4 1 2 3 12 16 2 0 2 7 5 31 3 1 2 7 0 2 7 0 2 7 1 2 7 1 2 7 0 2 7 0 2 4 1 2 7 17 18 2 16 6 2 0 2 3 0 2 7 17 9 2 0 2 7 1 2 7 0 2 7 17 18 2 0 2 7 1 2 7 0 2 4 1 2 7 1 2 7 17 9 2 1 2 7 0 60.526364803314209
1 2 3 5 30 3 5 31 3 8 18 2 12 16 2 6 2 7 0 2 7 0 2 7 0 2 7 1 2 12 0 2 7 1 2 3 0 2 7 0 2 4 17 9 2 0 2 3 0 2 3 1 2 7 0 2 7 1 2 7 1 2 7 0 2 7 12 16 2 0 2 7 0 2 7 0 2 7 0 2 4 0 2 7 17 18 2 8 18 2 0 2 7 0 2 7 0 2 4 0 2 7 16 15 2 0 2 7 0 2 7 0 2 7 1 2 7 0 2 3 0 2 7 0 2 7 5 30 3 5 30 3 1 2 4 0 2 7 0 2 7 17 9 2 16 19 11 1 2 7 17 18 2 1 2 7 1 2 3 13 6 3 5 30 3 5 30 3 0 2 7 5 30 3 1 2 7 16 30 2 0 61.9767364859580994
0 2 7 5 31 3 5 31 3 17 9 2 17 18 2 12 16 2 1 2 4 1 2 7 0 2 4 6 2 4 1 2 7 1 2 7 1 2 7 0 2 7 0 2 7 0 2 7 1 2 4 13 6 3 5 31 3 0 2 4 5 31 3 1 2 7 0 2 7 0 2 7 0 2 7 1 2 7 0 2 7 1 2 4 17 18 2 0 2 7 17 9 2 0 2 7 1 2 4 0 2 7 17 18 2 0 2 7 1 2 7 1 2 7 1 2 7 17 9 2 1 2 4 0 2 7 0 2 7 1 2 7 1 2 7 0 2 4 12 16 2 0 2 7 0 2 7 0 2 7 0 2 4 0 2 4 0 2 7 0 2 7 0 2 7 12 16 2 1 2 4 16 6 2 1 2 4 0 2 4 0 60.3449937701225281
0 2 3 0 2 7 0 2 7 17 18 2 12 16 2 0 2 7 0 2 7 0 2 3 1 2 7 1 2 7 17 18 2 0 2 11 1 2 4 1 2 7 1 2 7 0 2 4 0 2 7 0 2 7 1 2 7 13 6 3 0 2 7 0 2 7 1 2 7 1 2 7 0 2 7 1 2 4 17 9 2 1 2 7 1 2 4 5 30 3 5 31 3 17 9 2 1 2 4 1 2 7 0 2 4 1 2 7 5 30 3 1 2 4 0 2 3 5 31 3 0 2 4 1 2 7 17 18 2 16 31 2 1 2 4 12 16 2 0 2 7 17 9 2 0 2 4 0 2 4 0 2 7 0 2 7 1 2 4 0 2 7 1 2 7 1 2 7 0 2 7 0 2 7 0 2 7 0 2 4 0 60.4342948198318481
5 31 3 5 30 3 5 30 3 17 9 2 12 16 2 0 2 7 0 2 7 0 2 3 1 2 7 0 2 7 1 2 7 0 2 7 0 2 7 0 2 7 0 2 3 0 2 7 1 2 11 0 2 7 1 2 7 0 2 7 1 2 7 0 2 7 1 2 7 0 2 7 5 31 3 0 2 3 13 6 3 0 2 7 0 2 7 5 30 3 1 2 7 0 2 7 1 2 7 0 2 7 17 18 2 8 9 2 0 2 7 17 9 2 0 2 7 0 2 7 17 9 2 0 2 7 17 9 2 16 24 2 0 2 7 13 6 3 0 2 7 1 2 7 1 2 7 1 2 7 1 2 7 1 2 7 0 2 7 0 2 7 1 2 7 16 6 2 12 16 2 1 2 7 1 2 7 1 2 7 0 60.5607974529266357

Current Evaluation = 10800(10800)
Front Size = 10
0 2 7 0 2 7 0 2 7 17 18 2 12 16 2 0 2 7 1 2 7 0 2 7 1 2 7 0 2 7 17 18 2 0 2 7 1 2 7 1 2 7 1 2 7 0 2 7 0 2 7 0 2 4 1 2 7 13 6 3 0 2 7 0 2 7 1 2 7 0 2 7 0 2 7 1 2 7 17 9 2 1 2 7 0 2 7 0 2 7 1 2 7 5 31 3 5 31 3 17 9 2 1 2 7 0 2 7 0 2 7 0 2 7 1 2 7 1 2 7 0 2 7 0 2 7 13 6 3 1 2 7 5 30 3 0 2 4 1 2 7 0 2 4 1 2 7 5 31 3 0 2 4 1 2 7 1 2 3 17 18 2 16 6 2 1 2 4 12 16 2 0 2 7 0 2 4 17 9 2 0 60.0184326171875
0 2 3 0 2 7 0 2 7 17 18 2 12 16 2 0 2 7 0 2 7 0 2 3 1 2 7 1 2 7 17 18 2 0 2 11 1 2 4 1 2 7 1 2 7 0 2 4 0 2 7 0 2 7 1 2 7 13 6 3 0 2 7 0 2 7 1 2 7 1 2 7 0 2 7 1 2 4 17 9 2 1 2 7 1 2 4 5 30 3 5 31 3 17 9 2 1 2 4 1 2 7 0 2 4 1 2 7 5 30 3 1 2 4 0 2 3 5 31 3 0 2 4 1 2 7 17 18 2 16 31 2 1 2 4 12 16 2 0 2 7 17 9 2 0 2 4 0 2 4 0 2 7 0 2 7 1 2 4 0 2 7 1 2 7 1 2 7 0 2 7 0 2 7 0 2 7 0 2 4 0 60.4342948198318481
5 30 3 5 30 3 8 9 2 12 16 2 5 30 3 1 2 7 0 2 7 0 2 7 1 2 3 1 2 7 0 2 3 1 2 11 17 9 2 0 2 7 0 2 7 0 2 11 0 2 1 0 2 11 0 2 11 0 2 7 17 18 2 0 2 7 0 2 11 0 2 7 0 2 7 12 16 2 0 2 7 0 2 7 0 2 7 12 16 2 1 2 11 5 30 3 5 30 3 16 18 11 5 30 3 0 2 7 0 2 7 8 9 2 17 18 2 1 2 7 5 30 3 0 2 7 13 6 3 0 2 11 16 30 2 0 2 12 0 2 7 17 9 2 0 2 11 5 30 3 0 2 4 1 2 7 8 18 2 0 2 7 1 2 11 0 2 7 1 2 7 16 6 2 1 2 11 1 2 7 0 63.0465895533561707
5 30 3 5 31 3 5 31 3 17 9 2 12 16 2 12 16 2 1 2 7 5 30 3 1 2 7 0 2 7 12 16 2 1 2 7 0 2 7 0 2 7 0 2 4 0 2 7 0 2 7 5 31 3 0 2 11 0 2 7 0 2 7 1 2 7 6 2 7 0 2 7 0 2 7 0 2 7 17 18 2 0 2 7 0 2 7 6 2 7 0 2 7 8 9 2 16 19 11 0 2 7 5 30 3 5 30 3 1 2 7 1 2 7 13 6 3 0 2 7 5 30 3 0 2 7 17 18 2 0 2 7 6 2 7 0 2 7 0 2 7 0 2 7 0 2 7 0 2 7 1 2 7 0 2 7 0 2 7 0 2 7 17 18 2 1 2 7 16 6 2 0 2 7 1 2 4 17 1 2 0 61.866352379322052
13 6 3 1 2 7 5 30 3 17 9 2 12 16 2 0 2 11 1 2 7 0 2 7 0 2 4 0 2 7 0 2 3 0 2 7 1 2 7 0 2 10 0 2 7 1 2 3 1 2 7 17 18 2 1 2 7 0 2 7 8 18 2 17 9 2 1 2 7 0 2 7 1 2 11 12 16 2 0 2 7 1 2 7 0 2 4 1 2 7 0 2 7 17 18 2 0 2 4 1 2 7 1 2 7 0 2 7 0 2 10 12 16 2 1 2 7 0 2 7 0 2 10 5 30 3 0 2 7 0 2 4 0 2 7 13 6 3 5 31 3 0 2 4 17 9 2 1 2 4 0 2 4 5 30 3 0 2 7 5 30 3 1 2 7 16 6 2 0 2 4 17 9 2 0 2 7 5 30 3 0 61.1036194562911987
5 31 3 5 31 3 5 30 3 17 9 2 12 16 2 0 2 7 0 2 7 0 2 7 1 2 7 1 2 7 1 2 7 1 2 7 1 2 7 0 2 7 0 2 7 0 2 7 1 2 7 0 2 7 1 2 7 0 2 7 1 2 7 0 2 7 0 2 7 0 2 7 0 2 7 1 2 7 13 6 3 0 2 7 1 2 4 6 2 7 1 2 4 5 30 3 1 2 7 0 2 7 1 2 7 0 2 7 17 18 2 17 9 2 0 2 7 17 9 2 0 2 7 0 2 7 17 9 2 0 2 7 17 9 2 0 2 7 1 2 4 1 2 3 5 31 3 0 2 7 0 2 7 0 2 7 1 2 7 16 6 2 0 2 7 13 6 3 0 2 7 1 2 7 0 2 7 1 2 4 0 60.0775706171989441
0 2 3 5 31 3 5 30 3 17 9 2 17 18 2 12 16 2 0 2 4 1 2 7 0 2 7 0 2 7 6 2 3 1 2 7 1 2 3 1 2 4 1 2 7 0 2 4 0 2 4 1 2 7 1 2 4 0 2 4 0 2 7 0 2 7 1 2 4 0 2 4 0 2 7 0 2 4 0 2 4 0 2 4 1 2 7 13 6 3 5 31 3 0 2 4 1 2 3 12 16 2 0 2 7 5 31 3 1 2 7 0 2 7 0 2 7 1 2 7 1 2 7 0 2 7 0 2 4 1 2 7 17 18 2 16 6 2 0 2 3 0 2 7 17 9 2 0 2 7 1 2 7 0 2 7 17 18 2 0 2 7 1 2 7 0 2 4 1 2 7 1 2 7 17 9 2 1 2 7 0 60.526364803314209
13 6 3 5 31 3 5 31 3 17 9 2 12 16 2 0 2 4 1 2 7 0 2 7 0 2 4 0 2 7 0 2 7 0 2 7 1 2 7 0 2 7 13 6 3 5 31 3 0 2 7 1 2 7 1 2 4 17 18 2 1 2 7 0 2 4 0 2 7 17 18 2 17 9 2 17 9 2 0 2 7 0 2 7 1 2 4 6 2 7 12 16 2 0 2 7 0 2 4 1 2 11 1 2 7 0 2 4 1 2 11 1 2 7 0 2 7 17 18 2 0 2 7 1 2 7 1 2 4 0 2 7 0 2 7 0 2 7 1 2 4 12 16 2 1 2 4 1 2 7 1 2 7 1 2 4 0 2 7 17 9 2 5 30 3 0 2 7 1 2 7 0 2 4 0 2 7 0 2 7 0 60.3255146145820618
13 6 3 5 30 3 17 9 2 12 16 2 0 2 7 1 2 4 0 2 7 0 2 7 0 2 7 0 2 7 0 2 7 1 2 7 0 2 7 13 6 3 0 2 7 1 2 7 0 2 7 17 18 2 1 2 7 0 2 4 0 2 4 17 18 2 17 9 2 17 9 2 0 2 7 0 2 7 12 16 2 0 2 7 1 2 7 1 2 11 1 2 7 0 2 11 1 2 7 0 2 7 0 2 7 5 30 3 0 2 7 0 2 7 12 16 2 1 2 4 1 2 7 17 9 2 5 30 3 1 2 7 0 2 7 5 31 3 0 2 7 1 2 7 1 2 7 5 30 3 17 18 2 8 1 2 0 2 7 1 2 4 1 2 7 1 2 7 0 2 7 0 2 7 0 2 7 0 2 7 0 60.6019192934036255
5 31 3 1 2 7 17 9 2 17 18 2 1 2 7 0 2 3 1 2 7 1 2 7 0 2 4 5 31 3 0 2 3 5 30 3 0 2 4 0 2 7 0 2 7 0 2 7 0 2 7 1 2 3 0 2 7 1 2 7 13 6 3 12 16 2 0 2 7 1 2 4 1 2 7 0 2 7 1 2 3 1 2 7 0 2 7 1 2 7 17 18 2 0 2 7 17 9 2 0 2 3 1 2 7 1 2 7 17 18 2 0 2 3 1 2 7 1 2 7 17 9 2 0 2 7 13 6 3 1 2 3 0 2 7 1 2 4 0 2 7 1 2 7 1 2 7 5 30 3 0 2 7 0 2 7 0 2 7 0 2 4 0 2 7 16 6 2 0 2 7 0 2 7 1 2 7 0 2 7 0 60.3198037147521973

Current Evaluation = 11700(11700)
Front Size = 10
0 2 7 0 2 7 1 2 7 17 18 2 12 16 2 0 2 4 1 2 7 0 2 7 1 2 7 0 2 7 0 2 7 1 2 7 1 2 7 0 2 7 0 2 4 0 2 7 1 2 7 13 6 3 0 2 4 0 2 7 1 2 7 0 2 7 0 2 7 17 18 2 1 2 7 0 2 7 0 2 7 1 2 7 5 31 3 5 31 3 17 9 2 0 2 7 1 2 7 0 2 7 1 2 7 0 2 7 0 2 4 13 6 3 5 30 3 1 2 7 1 2 7 0 2 7 17 9 2 17 9 2 0 2 7 17 18 2 17 18 2 1 2 7 1 2 7 0 2 7 13 6 3 12 16 2 12 16 2 1 2 4 1 2 7 1 2 4 5 30 3 1 2 4 0 2 7 0 2 7 0 59.7875515222549438
5 31 3 5 31 3 5 30 3 17 9 2 12 16 2 0 2 7 0 2 7 0 2 7 1 2 7 1 2 7 1 2 7 1 2 7 1 2 7 0 2 7 0 2 7 0 2 7 1 2 7 0 2 7 1 2 7 0 2 7 1 2 7 0 2 7 0 2 7 0 2 7 0 2 7 1 2 7 13 6 3 0 2 7 1 2 4 6 2 7 1 2 4 5 30 3 1 2 7 0 2 7 1 2 7 0 2 7 17 18 2 17 9 2 0 2 7 17 9 2 0 2 7 0 2 7 17 9 2 0 2 7 17 9 2 0 2 7 1 2 4 1 2 3 5 31 3 0 2 7 0 2 7 0 2 7 1 2 7 16 6 2 0 2 7 13 6 3 0 2 7 1 2 7 0 2 7 1 2 4 0 60.0775706171989441
5 30 3 5 30 3 8 9 2 12 16 2 5 30 3 1 2 7 0 2 7 0 2 7 1 2 3 1 2 7 0 2 3 1 2 11 17 9 2 0 2 7 0 2 7 0 2 11 0 2 1 0 2 11 0 2 11 0 2 7 17 18 2 0 2 7 0 2 11 0 2 7 0 2 7 12 16 2 0 2 7 0 2 7 0 2 7 12 16 2 1 2 11 5 30 3 5 30 3 16 18 11 5 30 3 0 2 7 0 2 7 8 9 2 17 18 2 1 2 7 5 30 3 0 2 7 13 6 3 0 2 11 16 30 2 0 2 12 0 2 7 17 9 2 0 2 11 5 30 3 0 2 4 1 2 7 8 18 2 0 2 7 1 2 11 0 2 7 1 2 7 16 6 2 1 2 11 1 2 7 0 63.0465895533561707
13 6 3 5 31 3 5 31 3 17 9 2 12 16 2 0 2 4 1 2 7 0 2 7 0 2 4 0 2 7 0 2 7 0 2 7 1 2 7 0 2 7 13 6 3 5 31 3 0 2 7 1 2 7 1 2 4 17 18 2 1 2 7 0 2 4 0 2 7 17 18 2 17 9 2 17 9 2 0 2 7 0 2 7 1 2 4 6 2 7 12 16 2 0 2 7 0 2 4 1 2 11 1 2 7 0 2 4 1 2 11 1 2 7 0 2 7 17 18 2 0 2 7 1 2 7 1 2 4 0 2 7 0 2 7 0 2 7 1 2 4 12 16 2 1 2 4 1 2 7 1 2 7 1 2 4 0 2 7 17 9 2 5 30 3 0 2 7 1 2 7 0 2 4 0 2 7 0 2 7 0 60.3255146145820618
0 2 3 5 31 3 5 30 3 17 9 2 17 18 2 12 16 2 0 2 4 1 2 7 0 2 7 0 2 7 6 2 3 1 2 7 1 2 3 1 2 4 1 2 7 0 2 4 0 2 4 1 2 7 1 2 4 0 2 4 0 2 7 0 2 7 1 2 4 0 2 4 0 2 7 0 2 4 0 2 4 0 2 4 1 2 7 13 6 3 5 31 3 0 2 4 1 2 3 12 16 2 0 2 7 5 31 3 1 2 7 0 2 7 0 2 7 1 2 7 1 2 7 0 2 7 0 2 4 1 2 7 17 18 2 16 6 2 0 2 3 0 2 7 17 9 2 0 2 7 1 2 7 0 2 7 17 18 2 0 2 7 1 2 7 0 2 4 1 2 7 1 2 7 17 9 2 1 2 7 0 60.526364803314209
5 31 3 5 30 3 17 9 2 17 18 2 12 16 2 0 2 7 1 2 7 0 2 7 0 2 7 1 2 7 1 2 7 1 2 7 1 2 7 1 2 7 0 2 7 0 2 7 13 6 3 1 2 7 13 6 3 5 31 3 0 2 7 5 31 3 1 2 7 0 2 7 1 2 7 1 2 7 1 2 7 0 2 4 1 2 7 17 18 2 0 2 7 17 9 2 1 2 7 1 2 7 0 2 4 0 2 7 1 2 7 1 2 7 1 2 7 17 9 2 1 2 7 0 2 7 0 2 7 1 2 7 0 2 7 17 9 2 0 2 7 16 30 2 0 2 7 0 2 7 0 2 7 0 2 7 0 2 7 0 2 7 0 2 7 0 2 4 0 2 7 0 2 7 5 30 3 0 2 7 0 59.9859006404876709
5 31 3 1 2 7 17 9 2 17 18 2 1 2 7 0 2 3 1 2 7 1 2 7 0 2 4 5 31 3 0 2 3 5 30 3 0 2 4 0 2 7 0 2 7 0 2 7 0 2 7 1 2 3 0 2 7 1 2 7 13 6 3 12 16 2 0 2 7 1 2 4 1 2 7 0 2 7 1 2 3 1 2 7 0 2 7 1 2 7 17 18 2 0 2 7 17 9 2 0 2 3 1 2 7 1 2 7 17 18 2 0 2 3 1 2 7 1 2 7 17 9 2 0 2 7 13 6 3 1 2 3 0 2 7 1 2 4 0 2 7 1 2 7 1 2 7 5 30 3 0 2 7 0 2 7 0 2 7 0 2 4 0 2 7 16 6 2 0 2 7 0 2 7 1 2 7 0 2 7 0 60.3198037147521973
5 30 3 17 9 2 1 2 7 0 2 7 0 2 7 1 2 3 1 2 4 1 2 4 1 2 7 1 2 7 13 6 3 1 2 7 0 2 4 1 2 7 0 2 7 0 2 4 0 2 11 13 6 3 0 2 7 0 2 7 0 2 7 17 18 2 0 2 7 8 18 2 12 16 2 0 2 11 1 2 7 17 9 2 1 2 7 0 2 4 1 2 7 1 2 7 1 2 7 17 18 2 17 9 2 0 2 7 5 30 3 0 2 11 0 2 7 1 2 7 12 16 2 1 2 7 0 2 7 5 30 3 0 2 7 5 31 3 1 2 4 0 2 7 1 2 11 0 2 7 0 2 7 0 2 4 0 2 11 0 2 7 17 18 2 0 2 4 0 2 11 1 2 7 17 9 2 1 2 7 0 60.6325188875198364
5 30 3 5 31 3 5 31 3 17 9 2 12 16 2 12 16 2 1 2 7 5 30 3 1 2 7 0 2 7 12 16 2 1 2 7 0 2 7 0 2 7 0 2 4 0 2 7 0 2 7 5 31 3 0 2 11 0 2 7 0 2 7 1 2 7 6 2 7 0 2 7 0 2 7 0 2 7 17 18 2 0 2 7 0 2 7 6 2 7 0 2 7 8 9 2 16 19 11 0 2 7 5 30 3 5 30 3 1 2 7 1 2 7 13 6 3 0 2 7 5 30 3 0 2 7 17 18 2 0 2 7 6 2 7 0 2 7 0 2 7 0 2 7 0 2 7 0 2 7 1 2 7 0 2 7 0 2 7 0 2 7 17 18 2 1 2 7 16 6 2 0 2 7 1 2 4 17 1 2 0 61.866352379322052
5 30 3 17 9 2 12 16 2 1 2 3 0 2 7 0 2 7 1 2 7 1 2 4 1 2 4 1 2 4 0 2 7 1 2 7 1 2 7 0 2 7 1 2 7 0 2 7 1 2 4 0 2 7 0 2 3 0 2 3 0 2 7 13 6 3 0 2 4 0 2 3 0 2 4 0 2 7 17 18 2 17 1 2 0 2 7 0 2 3 1 2 4 17 18 2 12 16 2 0 2 7 1 2 7 17 9 2 1 2 7 1 2 4 0 2 7 1 2 7 1 2 7 1 2 7 17 18 2 1 2 4 17 9 2 0 2 3 0 2 4 5 30 3 0 2 4 5 30 3 0 2 7 1 2 7 12 16 2 0 2 4 0 2 7 8 9 2 0 2 4 0 2 7 5 31 3 0 2 7 0 60.8731637001037598

Current Evaluation = 12600(12600)
Front Size = 10
0 2 7 0 2 7 1 2 7 17 18 2 12 16 2 0 2 4 1 2 7 0 2 7 1 2 7 0 2 7 0 2 7 1 2 7 1 2 7 0 2 7 0 2 4 0 2 7 1 2 7 13 6 3 0 2 4 0 2 7 1 2 7 0 2 7 0 2 7 17 18 2 1 2 7 0 2 7 0 2 7 1 2 7 5 31 3 5 31 3 17 9 2 0 2 7 1 2 7 0 2 7 1 2 7 0 2 7 0 2 4 13 6 3 5 30 3 1 2 7 1 2 7 0 2 7 17 9 2 17 9 2 0 2 7 17 18 2 17 18 2 1 2 7 1 2 7 0 2 7 13 6 3 12 16 2 12 16 2 1 2 4 1 2 7 1 2 4 5 30 3 1 2 4 0 2 7 0 2 7 0 59.7875515222549438
5 31 3 5 30 3 17 9 2 17 18 2 12 16 2 0 2 7 1 2 7 0 2 7 0 2 7 1 2 7 1 2 7 1 2 7 1 2 7 1 2 7 0 2 7 0 2 7 13 6 3 1 2 7 13 6 3 5 31 3 0 2 7 5 31 3 1 2 7 0 2 7 1 2 7 1 2 7 1 2 7 0 2 4 1 2 7 17 18 2 0 2 7 17 9 2 1 2 7 1 2 7 0 2 4 0 2 7 1 2 7 1 2 7 1 2 7 17 9 2 1 2 7 0 2 7 0 2 7 1 2 7 0 2 7 17 9 2 0 2 7 16 30 2 0 2 7 0 2 7 0 2 7 0 2 7 0 2 7 0 2 7 0 2 7 0 2 4 0 2 7 0 2 7 5 30 3 0 2 7 0 59.9859006404876709
12 16 2 5 31 3 5 31 3 17 9 2 12 16 2 0 2 7 0 2 7 0 2 7 1 2 7 1 2 7 1 2 7 1 2 7 1 2 7 0 2 7 0 2 7 0 2 7 1 2 7 0 2 7 1 2 7 0 2 7 1 2 7 0 2 7 0 2 7 0 2 7 0 2 4 1 2 4 13 6 3 0 2 7 1 2 4 1 2 7 1 2 7 5 30 3 1 2 7 0 2 7 1 2 7 0 2 4 17 18 2 17 9 2 0 2 7 17 9 2 0 2 7 0 2 7 17 9 2 0 2 7 17 9 2 0 2 7 1 2 7 1 2 7 5 31 3 0 2 7 0 2 7 0 2 7 1 2 7 16 6 2 0 2 7 13 6 3 0 2 3 1 2 4 0 2 4 1 2 7 0 60.0184326171875
5 31 3 5 31 3 5 30 3 17 9 2 12 16 2 0 2 7 0 2 7 0 2 7 1 2 7 1 2 7 1 2 7 1 2 7 1 2 7 0 2 7 0 2 7 0 2 7 1 2 7 0 2 7 1 2 7 0 2 7 1 2 7 0 2 7 0 2 7 0 2 7 0 2 7 1 2 7 13 6 3 0 2 7 1 2 4 6 2 7 1 2 4 5 30 3 1 2 7 0 2 7 1 2 7 0 2 7 17 18 2 17 9 2 0 2 7 17 9 2 0 2 7 0 2 7 17 9 2 0 2 7 17 9 2 0 2 7 1 2 4 1 2 3 5 31 3 0 2 7 0 2 7 0 2 7 1 2 7 16 6 2 0 2 7 13 6 3 0 2 7 1 2 7 0 2 7 1 2 4 0 60.0775706171989441
5 31 3 1 2 7 17 9 2 17 18 2 1 2 7 0 2 3 1 2 7 1 2 7 0 2 4 5 31 3 0 2 3 5 30 3 0 2 4 0 2 7 0 2 7 0 2 7 0 2 7 1 2 3 0 2 7 1 2 7 13 6 3 12 16 2 0 2 7 1 2 4 1 2 7 0 2 7 1 2 3 1 2 7 0 2 7 1 2 7 17 18 2 0 2 7 17 9 2 0 2 3 1 2 7 1 2 7 17 18 2 0 2 3 1 2 7 1 2 7 17 9 2 0 2 7 13 6 3 1 2 3 0 2 7 1 2 4 0 2 7 1 2 7 1 2 7 5 30 3 0 2 7 0 2 7 0 2 7 0 2 4 0 2 7 16 6 2 0 2 7 0 2 7 1 2 7 0 2 7 0 60.3198037147521973
5 30 3 17 9 2 12 16 2 1 2 3 0 2 7 0 2 7 1 2 7 1 2 4 1 2 4 1 2 4 0 2 7 1 2 7 1 2 7 0 2 7 1 2 7 0 2 7 1 2 4 0 2 7 0 2 3 0 2 3 0 2 7 13 6 3 0 2 4 0 2 3 0 2 4 0 2 7 17 18 2 17 1 2 0 2 7 0 2 3 1 2 4 17 18 2 12 16 2 0 2 7 1 2 7 17 9 2 1 2 7 1 2 4 0 2 7 1 2 7 1 2 7 1 2 7 17 18 2 1 2 4 17 9 2 0 2 3 0 2 4 5 30 3 0 2 4 5 30 3 0 2 7 1 2 7 12 16 2 0 2 4 0 2 7 8 9 2 0 2 4 0 2 7 5 31 3 0 2 7 0 60.8731637001037598
5 31 3 1 2 7 17 9 2 17 18 2 1 2 3 0 2 7 1 2 7 1 2 7 0 2 7 5 31 3 0 2 7 5 30 3 0 2 7 0 2 7 0 2 7 6 2 7 0 2 7 1 2 7 0 2 7 5 31 3 13 6 3 12 16 2 0 2 7 0 2 4 1 2 7 0 2 7 1 2 7 1 2 7 0 2 7 1 2 7 17 18 2 0 2 7 17 9 2 0 2 4 0 2 7 1 2 7 17 18 2 0 2 7 1 2 7 1 2 4 17 9 2 0 2 7 13 6 3 1 2 7 0 2 7 1 2 7 0 2 7 1 2 7 1 2 4 5 30 3 0 2 7 0 2 7 0 2 7 0 2 7 1 2 7 16 6 2 0 2 7 0 2 7 1 2 7 0 2 7 0 60.0775706171989441
0 2 3 5 31 3 5 30 3 17 9 2 17 18 2 12 16 2 0 2 4 1 2 7 0 2 7 0 2 7 6 2 3 1 2 7 1 2 3 1 2 4 1 2 7 0 2 4 0 2 4 1 2 7 1 2 4 0 2 4 0 2 7 0 2 7 1 2 4 0 2 4 0 2 7 0 2 4 0 2 4 0 2 4 1 2 7 13 6 3 5 31 3 0 2 4 1 2 3 12 16 2 0 2 7 5 31 3 1 2 7 0 2 7 0 2 7 1 2 7 1 2 7 0 2 7 0 2 4 1 2 7 17 18 2 16 6 2 0 2 3 0 2 7 17 9 2 0 2 7 1 2 7 0 2 7 17 18 2 0 2 7 1 2 7 0 2 4 1 2 7 1 2 7 17 9 2 1 2 7 0 60.526364803314209
13 6 3 5 31 3 5 31 3 17 9 2 12 16 2 0 2 4 1 2 7 0 2 7 0 2 4 0 2 7 0 2 7 0 2 7 1 2 7 0 2 7 13 6 3 5 31 3 0 2 7 1 2 7 1 2 4 17 18 2 1 2 7 0 2 4 0 2 7 17 18 2 17 9 2 17 9 2 0 2 7 0 2 7 1 2 4 6 2 7 12 16 2 0 2 7 0 2 4 1 2 11 1 2 7 0 2 4 1 2 11 1 2 7 0 2 7 17 18 2 0 2 7 1 2 7 1 2 4 0 2 7 0 2 7 0 2 7 1 2 4 12 16 2 1 2 4 1 2 7 1 2 7 1 2 4 0 2 7 17 9 2 5 30 3 0 2 7 1 2 7 0 2 4 0 2 7 0 2 7 0 60.3255146145820618
5 31 3 5 30 3 17 9 2 17 18 2 12 16 2 1 2 7 1 2 7 1 2 4 0 2 7 0 2 7 0 2 7 1 2 7 6 2 7 0 2 7 1 2 4 0 2 7 0 2 7 13 6 3 5 31 3 12 16 2 0 2 4 5 30 3 1 2 7 0 2 7 0 2 7 1 2 7 0 2 7 0 2 7 8 18 2 16 6 2 0 2 7 0 2 7 0 2 7 1 2 11 0 2 7 0 2 7 1 2 7 1 2 7 1 2 7 16 15 2 0 2 7 0 2 7 0 2 11 0 2 7 1 2 7 17 9 2 0 2 7 0 2 3 0 2 7 0 2 7 1 2 11 0 2 7 17 9 2 1 2 7 17 9 2 0 2 7 1 2 11 0 2 7 8 9 2 5 30 3 0 61.1627914309501648

Current Evaluation = 13500(13500)
Front Size = 10
0 2 7 0 2 7 1 2 7 17 18 2 12 16 2 0 2 4 1 2 7 0 2 7 1 2 7 0 2 7 0 2 7 1 2 7 1 2 7 0 2 7 0 2 4 0 2 7 1 2 7 13 6 3 0 2 4 0 2 7 1 2 7 0 2 7 0 2 7 17 18 2 1 2 7 0 2 7 0 2 7 1 2 7 5 31 3 5 31 3 17 9 2 0 2 7 1 2 7 0 2 7 1 2 7 0 2 7 0 2 4 13 6 3 5 30 3 1 2 7 1 2 7 0 2 7 17 9 2 17 9 2 0 2 7 17 18 2 17 18 2 1 2 7 1 2 7 0 2 7 13 6 3 12 16 2 12 16 2 1 2 4 1 2 7 1 2 4 5 30 3 1 2 4 0 2 7 0 2 7 0 59.7875515222549438
5 31 3 0 2 4 17 9 2 17 18 2 0 2 4 0 2 3 1 2 7 1 2 7 0 2 7 5 31 3 0 2 7 5 30 3 0 2 4 0 2 7 0 2 7 0 2 7 0 2 4 1 2 7 5 31 3 1 2 7 13 6 3 12 16 2 1 2 7 1 2 7 1 2 7 0 2 4 0 2 3 1 2 3 0 2 7 0 2 7 17 18 2 6 2 3 17 9 2 1 2 4 1 2 4 17 18 2 1 2 4 1 2 4 17 9 2 0 2 7 0 2 7 1 2 7 1 2 7 1 2 7 1 2 7 0 2 7 0 2 7 16 6 2 0 2 7 0 2 4 1 2 4 12 16 2 0 2 3 0 2 7 0 2 7 1 2 7 0 2 4 0 2 4 1 2 4 0 2 7 0 60.526364803314209
5 31 3 0 2 7 17 9 2 17 18 2 1 2 7 1 2 7 0 2 7 12 16 2 5 30 3 0 2 7 1 2 7 0 2 7 0 2 7 0 2 7 0 2 7 13 6 3 12 16 2 0 2 7 1 2 7 0 2 7 0 2 4 1 2 7 0 2 7 1 2 7 0 2 7 17 9 2 1 2 4 1 2 7 1 2 7 17 9 2 1 2 7 13 6 3 1 2 7 0 2 4 0 2 4 0 2 7 1 2 4 0 2 7 0 2 3 0 2 7 0 2 3 1 2 3 1 2 7 0 2 7 1 2 3 0 2 7 0 2 7 12 16 2 1 2 7 0 2 7 1 2 7 17 18 2 5 31 3 17 18 2 0 2 7 1 2 7 16 6 2 13 6 3 12 16 2 1 2 7 0 59.9809155464172363
5 31 3 5 30 3 17 9 2 17 18 2 12 16 2 1 2 7 1 2 7 1 2 4 0 2 7 0 2 7 0 2 7 1 2 7 6 2 7 0 2 7 1 2 4 0 2 7 0 2 7 13 6 3 5 31 3 12 16 2 0 2 4 5 30 3 1 2 7 0 2 7 0 2 7 1 2 7 0 2 7 0 2 7 8 18 2 16 6 2 0 2 7 0 2 7 0 2 7 1 2 11 0 2 7 0 2 7 1 2 7 1 2 7 1 2 7 16 15 2 0 2 7 0 2 7 0 2 11 0 2 7 1 2 7 17 9 2 0 2 7 0 2 3 0 2 7 0 2 7 1 2 11 0 2 7 17 9 2 1 2 7 17 9 2 0 2 7 1 2 11 0 2 7 8 9 2 5 30 3 0 61.1627914309501648
5 31 3 0 2 7 17 9 2 17 18 2 0 2 7 0 2 7 1 2 7 6 2 7 0 2 7 5 31 3 0 2 7 5 30 3 0 2 7 0 2 7 0 2 7 0 2 7 0 2 7 1 2 7 0 2 7 1 2 7 13 6 3 12 16 2 0 2 7 1 2 7 1 2 7 0 2 7 1 2 7 1 2 7 0 2 3 1 2 7 17 18 2 0 2 7 17 9 2 1 2 7 1 2 7 17 18 2 1 2 3 1 2 7 17 9 2 0 2 7 0 2 7 1 2 7 0 2 7 1 2 7 1 2 7 0 2 7 1 2 7 16 15 2 0 2 7 0 2 7 13 6 3 0 2 7 1 2 7 0 2 7 1 2 7 0 2 7 0 2 7 6 2 7 5 31 3 0 2 7 0 60.1154086589813232
13 6 3 5 31 3 5 30 3 17 9 2 12 16 2 0 2 7 1 2 7 0 2 7 0 2 4 0 2 7 0 2 7 0 2 7 13 6 3 5 30 3 0 2 7 1 2 7 1 2 7 17 18 2 1 2 7 1 2 7 17 9 2 17 9 2 0 2 4 0 2 7 1 2 7 0 2 7 0 2 7 0 2 4 1 2 4 0 2 4 0 2 10 1 2 4 0 2 7 0 2 4 0 2 7 1 2 11 1 2 7 5 31 3 1 2 7 0 2 7 17 9 2 5 30 3 0 2 4 0 2 4 0 2 7 1 2 7 1 2 4 0 2 7 0 2 7 1 2 4 17 9 2 17 18 2 0 2 7 0 2 7 1 2 7 0 2 4 12 16 2 1 2 7 1 2 7 1 2 7 0 60.316739559173584
5 31 3 5 31 3 5 30 3 17 9 2 12 16 2 0 2 7 0 2 7 0 2 7 1 2 7 1 2 7 1 2 7 1 2 7 1 2 7 0 2 7 0 2 7 0 2 7 1 2 7 0 2 7 1 2 7 0 2 7 1 2 7 0 2 7 0 2 7 0 2 7 0 2 7 1 2 7 13 6 3 0 2 7 1 2 4 6 2 7 1 2 4 5 30 3 1 2 7 0 2 7 1 2 7 0 2 7 17 18 2 17 9 2 0 2 7 17 9 2 0 2 7 0 2 7 17 9 2 0 2 7 17 9 2 0 2 7 1 2 4 1 2 3 5 31 3 0 2 7 0 2 7 0 2 7 1 2 7 16 6 2 0 2 7 13 6 3 0 2 7 1 2 7 0 2 7 1 2 4 0 60.0775706171989441
13 6 3 5 31 3 5 31 3 17 9 2 12 16 2 0 2 4 1 2 7 0 2 7 0 2 4 0 2 7 0 2 7 0 2 7 1 2 7 0 2 7 13 6 3 5 31 3 0 2 7 1 2 7 1 2 4 17 18 2 1 2 7 0 2 4 0 2 7 17 18 2 17 9 2 17 9 2 0 2 7 0 2 7 1 2 4 6 2 7 12 16 2 0 2 7 0 2 4 1 2 11 1 2 7 0 2 4 1 2 11 1 2 7 0 2 7 17 18 2 0 2 7 1 2 7 1 2 4 0 2 7 0 2 7 0 2 7 1 2 4 12 16 2 1 2 4 1 2 7 1 2 7 1 2 4 0 2 7 17 9 2 5 30 3 0 2 7 1 2 7 0 2 4 0 2 7 0 2 7 0 60.3255146145820618
5 31 3 0 2 7 17 9 2 17 18 2 1 2 7 1 2 7 0 2 7 5 31 3 5 30 3 0 2 7 1 2 7 0 2 7 0 2 7 0 2 7 0 2 7 13 6 3 12 16 2 0 2 7 1 2 7 0 2 4 0 2 7 1 2 7 0 2 7 1 2 7 0 2 7 17 9 2 1 2 7 1 2 7 1 2 7 17 9 2 1 2 7 13 6 3 0 2 7 0 2 7 0 2 7 0 2 7 1 2 4 0 2 4 0 2 7 0 2 7 1 2 7 1 2 7 1 2 7 0 2 7 1 2 7 0 2 7 0 2 7 0 2 7 1 2 7 17 9 2 1 2 7 0 2 7 1 2 7 17 9 2 5 30 3 0 2 7 0 2 7 5 31 3 1 2 7 16 30 2 0 59.9859006404876709
12 16 2 5 31 3 5 31 3 17 9 2 12 16 2 0 2 7 0 2 7 0 2 7 1 2 7 1 2 7 1 2 7 1 2 7 1 2 7 0 2 7 0 2 7 0 2 7 1 2 7 0 2 7 1 2 7 0 2 7 1 2 7 0 2 7 0 2 7 0 2 7 0 2 4 1 2 4 13 6 3 0 2 7 1 2 4 1 2 7 1 2 7 5 30 3 1 2 7 0 2 7 1 2 7 0 2 4 17 18 2 17 9 2 0 2 7 17 9 2 0 2 7 0 2 7 17 9 2 0 2 7 17 9 2 0 2 7 1 2 7 1 2 7 5 31 3 0 2 7 0 2 7 0 2 7 1 2 7 16 6 2 0 2 7 13 6 3 0 2 3 1 2 4 0 2 4 1 2 7 0 60.0184326171875

Current Evaluation = 14400(14400)
Front Size = 10
0 2 7 17 9 2 17 18 2 1 2 7 0 2 7 1 2 7 1 2 7 0 2 7 5 31 3 0 2 7 5 31 3 0 2 7 0 2 7 1 2 7 1 2 4 0 2 7 0 2 7 13 6 3 12 16 2 1 2 7 1 2 7 0 2 7 0 2 7 0 2 7 17 18 2 17 9 2 0 2 7 0 2 7 17 9 2 1 2 7 0 2 7 1 2 7 0 2 7 1 2 7 1 2 7 0 2 7 0 2 7 12 16 2 13 6 3 1 2 7 1 2 7 0 2 7 0 2 7 0 2 4 0 2 7 0 2 7 13 6 3 1 2 7 12 16 2 0 2 7 1 2 4 1 2 7 1 2 7 17 18 2 12 16 2 0 2 7 1 2 7 1 2 7 5 31 3 16 6 2 0 59.7211945056915283
5 31 3 0 2 7 17 9 2 17 18 2 1 2 7 1 2 7 0 2 7 12 16 2 5 30 3 17 18 2 0 2 4 0 2 3 5 30 3 0 2 7 0 2 7 13 6 3 12 16 2 13 6 3 0 2 7 0 2 7 1 2 7 1 2 7 0 2 4 17 9 2 1 2 7 1 2 7 17 9 2 1 2 7 12 16 2 1 2 7 1 2 3 1 2 7 0 2 7 1 2 4 0 2 3 0 2 7 1 2 4 0 2 7 1 2 7 0 2 7 0 2 7 0 2 7 17 18 2 5 31 3 1 2 4 0 2 7 0 2 7 1 2 4 0 2 4 6 2 4 12 16 2 0 2 4 0 2 7 0 2 7 1 2 7 13 6 3 0 2 7 0 2 7 16 6 2 12 16 2 0 60.2567535042762756
5 31 3 0 2 7 17 9 2 17 18 2 0 2 7 1 2 4 0 2 7 12 16 2 5 30 3 0 2 7 0 2 7 0 2 4 0 2 7 0 2 7 0 2 7 13 6 3 12 16 2 0 2 7 0 2 7 0 2 7 1 2 7 1 2 7 0 2 7 17 9 2 1 2 7 1 2 7 17 9 2 0 2 7 13 6 3 1 2 7 0 2 7 1 2 4 0 2 7 1 2 7 0 2 7 1 2 7 0 2 7 0 2 7 1 2 7 12 16 2 1 2 7 17 18 2 5 30 3 1 2 7 1 2 7 0 2 7 0 2 7 13 6 3 0 2 7 1 2 7 0 2 7 1 2 7 1 2 4 17 9 2 1 2 4 5 31 3 0 2 4 1 2 4 17 9 2 1 2 7 0 59.7875515222549438
5 31 3 5 31 3 5 30 3 17 9 2 12 16 2 0 2 7 0 2 7 0 2 7 1 2 7 1 2 7 1 2 7 1 2 7 1 2 7 0 2 7 0 2 7 0 2 7 1 2 7 0 2 7 1 2 7 0 2 7 1 2 7 0 2 7 0 2 7 0 2 7 0 2 7 1 2 7 13 6 3 0 2 7 1 2 4 6 2 7 1 2 4 5 30 3 1 2 7 0 2 7 1 2 7 0 2 7 17 18 2 17 9 2 0 2 7 17 9 2 0 2 7 0 2 7 17 9 2 0 2 7 17 9 2 0 2 7 1 2 4 1 2 3 5 31 3 0 2 7 0 2 7 0 2 7 1 2 7 16 6 2 0 2 7 13 6 3 0 2 7 1 2 7 0 2 7 1 2 4 0 60.0775706171989441
13 6 3 5 31 3 5 31 3 17 9 2 12 16 2 0 2 4 1 2 7 0 2 7 0 2 4 0 2 7 0 2 7 0 2 7 1 2 7 0 2 7 13 6 3 5 31 3 0 2 7 1 2 7 1 2 4 17 18 2 1 2 7 0 2 4 0 2 7 17 18 2 17 9 2 17 9 2 0 2 7 0 2 7 1 2 4 6 2 7 12 16 2 0 2 7 0 2 4 1 2 11 1 2 7 0 2 4 1 2 11 1 2 7 0 2 7 17 18 2 0 2 7 1 2 7 1 2 4 0 2 7 0 2 7 0 2 7 1 2 4 12 16 2 1 2 4 1 2 7 1 2 7 1 2 4 0 2 7 17 9 2 5 30 3 0 2 7 1 2 7 0 2 4 0 2 7 0 2 7 0 60.3255146145820618
5 30 3 0 2 7 17 9 2 17 18 2 1 2 7 0 2 7 0 2 7 1 2 7 5 30 3 0 2 7 1 2 7 0 2 7 0 2 7 0 2 11 0 2 7 13 6 3 12 16 2 0 2 7 1 2 7 0 2 7 1 2 4 1 2 7 0 2 7 17 9 2 1 2 7 1 2 7 17 9 2 1 2 7 13 6 3 1 2 7 0 2 7 0 2 7 1 2 7 1 2 7 0 2 7 0 2 7 1 2 7 0 2 4 0 2 7 0 2 7 12 16 2 0 2 7 17 18 2 5 31 3 17 18 2 0 2 7 0 2 11 1 2 7 0 2 7 17 9 2 0 2 11 0 2 7 1 2 7 1 2 7 13 6 3 1 2 11 0 2 7 1 2 7 1 2 7 5 31 3 0 60.1381536722183228
0 2 7 0 2 7 1 2 7 17 18 2 12 16 2 0 2 4 1 2 7 0 2 7 1 2 7 0 2 7 0 2 7 1 2 7 1 2 7 0 2 7 0 2 4 0 2 7 1 2 7 13 6 3 0 2 4 0 2 7 1 2 7 0 2 7 0 2 7 17 18 2 1 2 7 0 2 7 0 2 7 1 2 7 5 31 3 5 31 3 17 9 2 0 2 7 1 2 7 0 2 7 1 2 7 0 2 7 0 2 4 13 6 3 5 30 3 1 2 7 1 2 7 0 2 7 17 9 2 17 9 2 0 2 7 17 18 2 17 18 2 1 2 7 1 2 7 0 2 7 13 6 3 12 16 2 12 16 2 1 2 4 1 2 7 1 2 4 5 30 3 1 2 4 0 2 7 0 2 7 0 59.7875515222549438
5 31 3 6 2 7 17 9 2 17 18 2 1 2 7 1 2 7 0 2 7 5 31 3 5 30 3 0 2 7 1 2 7 0 2 7 0 2 7 0 2 7 0 2 7 13 6 3 12 16 2 0 2 7 1 2 7 0 2 7 0 2 4 1 2 4 0 2 7 1 2 4 0 2 7 17 9 2 1 2 7 1 2 7 1 2 7 17 9 2 1 2 4 13 6 3 0 2 7 0 2 7 0 2 7 0 2 7 1 2 7 0 2 7 0 2 7 1 2 7 1 2 7 12 16 2 1 2 7 0 2 7 1 2 7 0 2 7 0 2 7 0 2 7 1 2 7 0 2 7 5 31 3 17 9 2 0 2 7 13 6 3 17 9 2 16 6 2 0 2 7 1 2 7 12 16 2 12 16 2 0 59.938682496547699
13 6 3 5 31 3 5 30 3 17 9 2 12 16 2 0 2 7 1 2 7 0 2 7 0 2 4 0 2 7 0 2 7 0 2 7 13 6 3 5 30 3 0 2 7 1 2 7 1 2 7 17 18 2 1 2 7 1 2 7 17 9 2 17 9 2 0 2 4 0 2 7 1 2 7 0 2 7 0 2 7 0 2 4 1 2 4 0 2 4 0 2 10 1 2 4 0 2 7 0 2 4 0 2 7 1 2 11 1 2 7 5 31 3 1 2 7 0 2 7 17 9 2 5 30 3 0 2 4 0 2 4 0 2 7 1 2 7 1 2 4 0 2 7 0 2 7 1 2 4 17 9 2 17 18 2 0 2 7 0 2 7 1 2 7 0 2 4 12 16 2 1 2 7 1 2 7 1 2 7 0 60.316739559173584
0 2 7 17 9 2 17 18 2 1 2 7 0 2 7 1 2 7 1 2 7 0 2 7 5 31 3 0 2 7 5 31 3 0 2 7 0 2 7 1 2 7 1 2 4 0 2 7 0 2 7 13 6 3 12 16 2 1 2 7 1 2 7 0 2 7 0 2 7 0 2 7 17 18 2 17 9 2 0 2 7 0 2 7 17 9 2 1 2 7 0 2 7 1 2 7 0 2 7 1 2 7 1 2 7 0 2 7 0 2 7 12 16 2 13 6 3 1 2 7 1 2 7 0 2 7 0 2 7 0 2 4 0 2 7 0 2 7 13 6 3 1 2 7 12 16 2 0 2 7 1 2 4 1 2 7 1 2 7 5 30 3 1 2 11 1 2 11 1 2 11 17 9 2 17 9 2 0 2 4 0 59.8851563930511475

Current Evaluation = 15300(15300)
Front Size = 10
0 2 7 0 2 7 1 2 7 17 18 2 12 16 2 0 2 7 1 2 7 0 2 7 1 2 7 0 2 7 0 2 7 1 2 7 1 2 7 0 2 7 0 2 7 1 2 7 13 6 3 0 2 7 0 2 7 0 2 7 0 2 7 17 18 2 1 2 7 0 2 7 0 2 7 1 2 7 5 31 3 5 31 3 17 9 2 0 2 7 1 2 7 0 2 7 1 2 7 0 2 7 13 6 3 1 2 7 1 2 7 0 2 7 17 9 2 17 9 2 0 2 7 17 18 2 1 2 4 1 2 7 0 2 4 13 6 3 12 16 2 12 16 2 1 2 7 1 2 7 1 2 7 0 2 7 0 2 7 0 2 4 16 6 2 0 2 7 5 31 3 1 2 7 12 16 2 1 2 7 0 59.7211945056915283
0 2 3 8 9 2 17 18 2 0 2 7 0 2 7 1 2 11 0 2 7 0 2 7 5 31 3 0 2 7 5 30 3 0 2 7 5 30 3 1 2 7 1 2 7 1 2 3 0 2 4 13 6 3 12 16 2 1 2 12 1 2 4 1 2 4 0 2 11 0 2 4 17 18 2 17 9 2 0 2 7 6 2 3 17 18 2 1 2 4 1 2 7 1 2 7 0 2 7 0 2 7 1 2 4 0 2 7 0 2 3 12 16 2 13 6 3 0 2 7 0 2 7 1 2 7 0 2 4 12 16 2 1 2 7 1 2 4 0 2 3 5 30 3 1 2 7 0 2 7 5 30 3 0 2 3 17 18 2 0 2 11 16 6 2 0 2 7 0 2 4 17 9 2 0 2 7 1 2 4 0 61.1587656736373901
5 31 3 0 2 7 17 9 2 17 18 2 0 2 7 1 2 4 0 2 7 12 16 2 5 30 3 0 2 7 0 2 7 0 2 4 0 2 7 0 2 7 0 2 7 13 6 3 12 16 2 0 2 7 0 2 7 0 2 7 1 2 7 1 2 7 0 2 7 17 9 2 1 2 7 1 2 7 17 9 2 0 2 7 13 6 3 1 2 7 0 2 7 1 2 4 0 2 7 1 2 7 0 2 7 1 2 7 0 2 7 0 2 7 1 2 7 12 16 2 1 2 7 17 18 2 5 30 3 1 2 7 1 2 7 0 2 7 0 2 7 13 6 3 0 2 7 1 2 7 0 2 7 1 2 7 1 2 4 17 9 2 1 2 4 5 31 3 0 2 4 1 2 4 17 9 2 1 2 7 0 59.7875515222549438
0 2 7 0 2 7 1 2 7 17 18 2 12 16 2 0 2 4 1 2 7 0 2 7 1 2 7 0 2 7 0 2 7 1 2 7 1 2 7 0 2 7 0 2 4 0 2 7 1 2 7 13 6 3 0 2 4 0 2 7 1 2 7 0 2 7 0 2 7 17 18 2 1 2 7 0 2 7 0 2 7 1 2 7 5 31 3 5 31 3 17 9 2 0 2 7 1 2 7 0 2 7 1 2 7 0 2 7 0 2 4 13 6 3 5 30 3 1 2 7 1 2 7 0 2 7 17 9 2 17 9 2 0 2 7 17 18 2 17 18 2 1 2 7 1 2 7 0 2 7 13 6 3 12 16 2 12 16 2 1 2 4 1 2 7 1 2 4 5 30 3 1 2 4 0 2 7 0 2 7 0 59.7875515222549438
5 31 3 0 2 7 17 9 2 17 18 2 0 2 4 0 2 7 0 2 7 12 16 2 5 30 3 0 2 7 0 2 7 0 2 4 0 2 4 0 2 7 0 2 4 1 2 7 12 16 2 0 2 7 0 2 7 0 2 7 1 2 7 1 2 7 0 2 7 17 9 2 1 2 7 1 2 4 17 9 2 0 2 7 13 6 3 1 2 7 0 2 4 1 2 4 0 2 7 1 2 7 0 2 7 1 2 7 0 2 7 0 2 4 1 2 7 12 16 2 1 2 7 17 18 2 5 31 3 1 2 7 1 2 4 13 6 3 1 2 4 1 2 4 5 31 3 0 2 7 1 2 7 16 6 2 0 2 3 6 2 7 12 16 2 0 2 7 0 2 7 0 2 7 17 9 2 1 2 4 0 60.2408736348152161
5 31 3 5 31 3 5 30 3 17 9 2 12 16 2 0 2 7 0 2 7 0 2 7 1 2 7 1 2 7 1 2 4 0 2 7 1 2 7 0 2 7 0 2 7 1 2 7 1 2 7 1 2 11 0 2 7 1 2 7 0 2 7 0 2 7 1 2 7 1 2 7 13 6 3 0 2 7 1 2 7 1 2 7 0 2 7 1 2 7 0 2 7 17 18 2 17 9 2 0 2 7 17 9 2 0 2 7 0 2 3 17 9 2 0 2 7 17 9 2 0 2 7 0 2 7 0 2 7 1 2 7 13 6 3 1 2 7 0 2 7 13 6 3 1 2 7 0 2 7 17 18 2 1 2 7 12 16 2 0 2 7 0 2 4 0 2 3 1 2 7 1 2 7 1 2 11 1 2 7 0 59.8072065114974976
5 31 3 0 2 7 17 9 2 17 18 2 0 2 7 1 2 4 0 2 7 12 16 2 5 30 3 0 2 7 0 2 7 0 2 4 0 2 7 0 2 7 0 2 7 13 6 3 12 16 2 0 2 7 0 2 7 0 2 7 1 2 7 1 2 7 0 2 7 17 9 2 1 2 7 1 2 7 17 9 2 0 2 7 13 6 3 1 2 7 0 2 7 1 2 4 0 2 7 1 2 7 0 2 7 1 2 7 0 2 7 0 2 7 1 2 7 12 16 2 1 2 7 17 18 2 5 30 3 1 2 7 1 2 7 0 2 7 0 2 7 13 6 3 1 2 7 1 2 7 1 2 4 5 31 3 0 2 7 1 2 7 17 18 2 0 2 4 1 2 7 1 2 4 0 2 4 17 9 2 0 59.7875515222549438
13 6 3 5 31 3 5 30 3 17 9 2 12 16 2 0 2 7 1 2 7 0 2 7 0 2 4 0 2 7 0 2 7 0 2 7 13 6 3 5 30 3 0 2 7 1 2 7 1 2 7 17 18 2 1 2 7 1 2 7 17 9 2 17 9 2 0 2 4 0 2 7 1 2 7 0 2 7 0 2 7 0 2 4 1 2 4 0 2 4 0 2 10 1 2 4 0 2 7 0 2 4 0 2 7 1 2 11 1 2 7 5 31 3 1 2 7 0 2 7 17 9 2 5 30 3 0 2 4 0 2 4 0 2 7 1 2 7 1 2 4 0 2 7 0 2 7 1 2 4 17 9 2 17 18 2 0 2 7 0 2 7 1 2 7 0 2 4 12 16 2 1 2 7 1 2 7 1 2 7 0 60.316739559173584
5 31 3 5 31 3 5 30 3 17 9 2 12 16 2 0 2 7 0 2 7 0 2 7 1 2 7 1 2 7 1 2 7 1 2 7 1 2 7 0 2 7 0 2 7 0 2 7 1 2 7 0 2 7 1 2 7 0 2 7 1 2 7 0 2 7 0 2 7 0 2 7 0 2 7 1 2 7 13 6 3 0 2 7 1 2 4 6 2 7 1 2 4 5 30 3 1 2 7 0 2 7 1 2 7 0 2 7 17 18 2 17 9 2 0 2 7 17 9 2 0 2 7 0 2 7 17 9 2 0 2 7 17 9 2 0 2 7 1 2 4 1 2 3 5 31 3 0 2 7 0 2 7 0 2 7 1 2 7 16 6 2 0 2 7 13 6 3 0 2 7 1 2 7 0 2 7 1 2 4 0 60.0775706171989441
5 30 3 0 2 7 17 9 2 17 18 2 0 2 7 1 2 7 0 2 7 12 16 2 5 30 3 0 2 7 0 2 7 0 2 7 0 2 7 0 2 7 12 16 2 0 2 11 1 2 7 6 2 7 1 2 7 1 2 4 1 2 7 17 9 2 1 2 7 1 2 11 17 9 2 0 2 4 13 6 3 1 2 7 1 2 7 0 2 7 0 2 7 0 2 7 5 31 3 0 2 7 1 2 11 12 16 2 1 2 7 17 18 2 5 31 3 1 2 4 1 2 7 13 6 3 1 2 7 0 2 7 0 2 7 1 2 11 0 2 7 0 2 7 0 2 4 17 9 2 0 2 7 1 2 7 0 2 7 0 2 7 17 9 2 13 6 3 0 2 4 0 2 7 1 2 7 1 2 7 0 60.2022444605827332

Current Evaluation = 16200(16200)
Front Size = 10
0 2 7 0 2 7 1 2 7 17 18 2 12 16 2 0 2 7 1 2 7 0 2 7 1 2 7 0 2 7 0 2 7 1 2 4 1 2 7 0 2 7 0 2 7 1 2 7 13 6 3 0 2 7 0 2 7 0 2 7 0 2 7 17 18 2 1 2 7 0 2 7 0 2 7 1 2 7 5 31 3 5 31 3 17 9 2 0 2 7 1 2 7 0 2 7 1 2 7 0 2 7 13 6 3 1 2 7 1 2 7 0 2 7 17 9 2 17 9 2 0 2 7 17 18 2 0 2 7 1 2 7 0 2 4 13 6 3 12 16 2 12 16 2 1 2 7 1 2 7 1 2 7 0 2 7 0 2 7 16 6 2 5 31 3 1 2 7 12 16 2 1 2 7 1 2 4 0 2 7 0 59.7211945056915283
0 2 7 0 2 7 1 2 7 17 18 2 12 16 2 0 2 7 1 2 7 0 2 7 1 2 7 0 2 7 0 2 7 1 2 7 1 2 7 0 2 7 0 2 7 1 2 7 13 6 3 0 2 7 0 2 7 0 2 7 0 2 7 17 18 2 1 2 7 0 2 7 0 2 7 1 2 7 5 31 3 5 31 3 17 9 2 0 2 7 1 2 7 0 2 7 1 2 7 0 2 7 13 6 3 1 2 7 1 2 7 0 2 7 17 9 2 17 9 2 0 2 7 17 18 2 1 2 4 1 2 7 0 2 4 13 6 3 12 16 2 12 16 2 1 2 7 1 2 7 1 2 7 0 2 7 0 2 7 0 2 4 16 6 2 0 2 7 5 31 3 1 2 7 12 16 2 1 2 7 0 59.7211945056915283
5 31 3 5 31 3 5 30 3 17 9 2 12 16 2 0 2 7 0 2 7 0 2 7 1 2 7 1 2 7 1 2 7 1 2 7 1 2 7 0 2 7 0 2 7 0 2 7 1 2 7 0 2 7 1 2 7 0 2 7 1 2 7 0 2 7 0 2 7 0 2 7 0 2 7 1 2 7 13 6 3 0 2 7 1 2 4 6 2 7 1 2 4 5 30 3 1 2 7 0 2 7 1 2 7 0 2 7 17 18 2 17 9 2 0 2 7 17 9 2 0 2 7 0 2 7 17 9 2 0 2 7 17 9 2 0 2 7 1 2 4 1 2 3 5 31 3 0 2 7 0 2 7 0 2 7 1 2 7 16 6 2 0 2 7 13 6 3 0 2 7 1 2 7 0 2 7 1 2 4 0 60.0775706171989441
0 2 3 8 9 2 17 18 2 0 2 7 0 2 7 1 2 11 0 2 7 0 2 7 5 31 3 0 2 7 5 30 3 0 2 7 5 30 3 1 2 7 1 2 7 1 2 3 0 2 4 13 6 3 12 16 2 1 2 12 1 2 4 1 2 4 0 2 11 0 2 4 17 18 2 17 9 2 0 2 7 6 2 3 17 18 2 1 2 4 1 2 7 1 2 7 0 2 7 0 2 7 1 2 4 0 2 7 0 2 3 12 16 2 13 6 3 0 2 7 0 2 7 1 2 7 0 2 4 12 16 2 1 2 7 1 2 4 0 2 3 5 30 3 1 2 7 0 2 7 5 30 3 0 2 3 17 18 2 0 2 11 16 6 2 0 2 7 0 2 4 17 9 2 0 2 7 1 2 4 0 61.1587656736373901
5 31 3 5 30 3 5 30 3 17 9 2 12 16 2 1 2 7 0 2 4 0 2 7 1 2 7 1 2 7 1 2 4 0 2 7 0 2 7 0 2 7 0 2 7 1 2 7 1 2 7 0 2 4 1 2 7 0 2 7 0 2 4 0 2 7 1 2 7 13 6 3 1 2 7 1 2 7 1 2 7 0 2 7 1 2 7 0 2 7 17 18 2 17 9 2 0 2 7 17 9 2 0 2 4 17 9 2 0 2 7 0 2 7 0 2 7 0 2 7 1 2 7 13 6 3 0 2 7 1 2 4 1 2 7 0 2 7 17 18 2 12 16 2 0 2 7 0 2 7 1 2 4 0 2 7 1 2 7 12 16 2 1 2 7 17 9 2 13 6 3 5 31 3 0 2 7 1 2 7 0 59.7875515222549438
5 31 3 5 31 3 5 30 3 17 9 2 12 16 2 1 2 7 1 2 7 0 2 7 1 2 7 1 2 7 1 2 4 0 2 7 0 2 7 0 2 7 0 2 7 1 2 4 1 2 7 0 2 7 1 2 7 0 2 7 0 2 4 0 2 4 1 2 7 13 6 3 0 2 7 1 2 4 1 2 7 0 2 7 1 2 7 0 2 7 17 18 2 17 9 2 0 2 7 17 9 2 0 2 7 17 9 2 0 2 7 17 9 2 0 2 7 0 2 7 0 2 7 1 2 7 13 6 3 0 2 7 1 2 4 13 6 3 1 2 7 0 2 7 17 18 2 12 16 2 0 2 7 0 2 7 1 2 4 0 2 7 5 30 3 1 2 7 12 16 2 1 2 7 0 2 7 1 2 7 0 59.7875515222549438
5 31 3 0 2 7 17 9 2 17 18 2 0 2 7 1 2 4 0 2 7 12 16 2 5 30 3 0 2 3 0 2 7 1 2 7 1 2 7 12 16 2 0 2 7 0 2 7 1 2 7 1 2 7 0 2 3 17 9 2 0 2 7 1 2 7 17 9 2 0 2 7 13 6 3 1 2 7 0 2 7 1 2 7 0 2 7 0 2 7 0 2 7 1 2 7 17 18 2 5 31 3 0 2 7 13 6 3 0 2 7 1 2 7 0 2 7 0 2 7 1 2 7 0 2 7 17 9 2 1 2 7 1 2 7 1 2 7 1 2 4 0 2 7 1 2 11 0 2 7 1 2 7 1 2 7 1 2 7 13 6 3 0 2 7 17 9 2 1 2 7 1 2 11 0 2 7 0 2 7 0 59.8072065114974976
5 31 3 0 2 7 17 9 2 17 18 2 0 2 7 1 2 7 0 2 7 12 16 2 5 30 3 0 2 7 0 2 7 1 2 7 1 2 7 12 16 2 0 2 7 0 2 4 0 2 7 1 2 7 1 2 7 0 2 7 17 9 2 0 2 7 1 2 4 17 9 2 0 2 7 13 6 3 1 2 7 0 2 7 1 2 4 0 2 7 1 2 4 0 2 7 1 2 7 0 2 3 17 18 2 5 31 3 0 2 7 13 6 3 0 2 7 1 2 7 0 2 7 0 2 7 0 2 7 0 2 7 17 9 2 1 2 7 1 2 7 1 2 4 1 2 7 1 2 4 0 2 4 1 2 4 1 2 7 0 2 7 1 2 7 5 31 3 16 6 2 0 2 4 12 16 2 0 2 7 0 60.106230616569519
0 2 7 0 2 7 1 2 7 17 18 2 12 16 2 0 2 4 1 2 7 0 2 7 1 2 7 0 2 7 0 2 7 1 2 7 1 2 7 0 2 7 0 2 4 0 2 7 1 2 7 13 6 3 0 2 4 0 2 7 1 2 7 0 2 7 0 2 7 17 18 2 1 2 7 0 2 7 0 2 7 1 2 7 5 31 3 5 31 3 17 9 2 0 2 7 1 2 7 0 2 7 1 2 7 0 2 7 0 2 4 13 6 3 5 30 3 1 2 7 1 2 7 0 2 7 17 9 2 17 9 2 0 2 7 17 18 2 17 18 2 1 2 7 1 2 7 0 2 7 13 6 3 12 16 2 12 16 2 1 2 4 1 2 7 1 2 4 5 30 3 1 2 4 0 2 7 0 2 7 0 59.7875515222549438
5 31 3 5 31 3 5 30 3 17 9 2 12 16 2 0 2 7 0 2 7 0 2 7 1 2 11 1 2 3 0 2 7 0 2 7 1 2 7 0 2 7 0 2 7 1 2 7 1 2 7 1 2 7 1 2 7 0 2 7 0 2 7 1 2 7 1 2 7 13 6 3 0 2 3 1 2 4 1 2 7 0 2 7 1 2 11 0 2 7 17 18 2 17 9 2 0 2 7 17 9 2 0 2 7 17 9 2 0 2 7 17 9 2 0 2 7 0 2 7 0 2 7 1 2 7 13 6 3 1 2 7 0 2 7 13 6 3 1 2 7 0 2 7 17 18 2 12 16 2 0 2 7 0 2 7 1 2 7 0 2 7 1 2 7 0 2 7 1 2 7 1 2 7 1 2 7 1 2 4 0 59.8072065114974976

Current Evaluation = 17100(17100)
Front Size = 10
0 2 7 0 2 7 1 2 7 17 18 2 12 16 2 0 2 7 1 2 7 0 2 7 1 2 7 0 2 7 0 2 7 1 2 7 1 2 7 0 2 7 0 2 7 1 2 7 13 6 3 0 2 7 0 2 7 0 2 7 0 2 7 17 18 2 1 2 7 0 2 7 0 2 7 1 2 7 5 31 3 5 31 3 17 9 2 0 2 7 1 2 7 0 2 7 1 2 7 0 2 7 13 6 3 1 2 7 1 2 7 0 2 4 17 9 2 17 9 2 0 2 7 17 18 2 1 2 4 1 2 7 0 2 4 13 6 3 12 16 2 12 16 2 1 2 7 1 2 7 1 2 7 0 2 7 0 2 7 16 6 2 0 2 7 5 31 3 1 2 7 12 16 2 0 2 7 1 2 7 0 59.7211945056915283
0 2 7 0 2 7 1 2 7 17 18 2 12 16 2 0 2 7 1 2 7 0 2 7 1 2 7 0 2 7 0 2 7 1 2 7 1 2 7 0 2 7 0 2 7 1 2 7 13 6 3 0 2 7 0 2 7 0 2 7 0 2 7 17 18 2 1 2 7 0 2 7 0 2 7 1 2 7 5 31 3 5 31 3 17 9 2 0 2 7 1 2 7 0 2 7 1 2 7 0 2 7 13 6 3 1 2 7 1 2 7 0 2 7 17 9 2 17 9 2 0 2 7 17 18 2 1 2 4 1 2 7 13 6 3 12 16 2 12 16 2 1 2 7 1 2 7 1 2 7 0 2 7 0 2 7 16 6 2 0 2 7 5 31 3 1 2 7 12 16 2 0 2 4 0 2 7 1 2 4 0 59.7211945056915283
5 31 3 5 31 3 5 30 3 17 9 2 12 16 2 0 2 7 0 2 7 0 2 7 1 2 7 1 2 7 1 2 7 1 2 7 1 2 7 0 2 7 0 2 7 0 2 7 1 2 7 0 2 7 1 2 7 0 2 7 1 2 7 0 2 7 0 2 7 0 2 7 0 2 7 1 2 7 13 6 3 0 2 7 1 2 4 6 2 7 1 2 4 5 30 3 1 2 7 0 2 7 1 2 7 0 2 7 17 18 2 17 9 2 0 2 7 17 9 2 0 2 7 0 2 7 17 9 2 0 2 7 17 9 2 0 2 7 1 2 4 1 2 3 5 31 3 0 2 7 0 2 7 0 2 7 1 2 7 16 6 2 0 2 7 13 6 3 0 2 7 1 2 7 0 2 7 1 2 4 0 60.0775706171989441
5 31 3 5 31 3 5 30 3 17 9 2 12 16 2 1 2 7 1 2 7 0 2 7 1 2 7 1 2 7 1 2 4 0 2 7 0 2 7 0 2 7 0 2 7 1 2 4 1 2 7 0 2 7 1 2 7 0 2 7 0 2 4 0 2 4 1 2 7 13 6 3 0 2 7 1 2 4 1 2 7 0 2 7 1 2 7 0 2 7 17 18 2 17 9 2 0 2 7 17 9 2 0 2 7 17 9 2 0 2 7 17 9 2 0 2 7 0 2 7 0 2 7 1 2 7 13 6 3 0 2 7 1 2 4 13 6 3 1 2 7 0 2 7 17 18 2 12 16 2 0 2 7 0 2 7 1 2 4 0 2 7 5 30 3 1 2 7 12 16 2 1 2 7 0 2 7 1 2 7 0 59.7875515222549438
17 18 2 0 2 4 0 2 7 0 2 7 0 2 4 5 31 3 0 2 3 1 2 7 0 2 3 1 2 3 0 2 7 13 6 3 12 16 2 1 2 7 0 2 3 17 18 2 17 9 2 1 2 11 17 18 2 1 2 3 0 2 4 0 2 7 0 2 4 0 2 7 12 16 2 13 6 3 0 2 4 0 2 7 1 2 7 12 16 2 1 2 3 6 2 7 0 2 7 16 6 2 0 2 7 17 9 2 0 2 7 0 2 7 0 2 7 1 2 7 5 30 3 0 2 4 1 2 7 1 2 7 1 2 3 0 2 3 1 2 7 0 2 3 16 6 2 0 2 7 1 2 7 5 31 3 0 2 3 5 30 3 1 2 7 1 2 7 1 2 7 1 2 7 0 2 7 0 2 4 0 60.8886056542396545
0 2 3 8 9 2 17 18 2 0 2 7 0 2 7 1 2 11 0 2 7 0 2 7 5 31 3 0 2 7 5 30 3 0 2 7 5 30 3 1 2 7 1 2 7 1 2 3 0 2 4 13 6 3 12 16 2 1 2 12 1 2 4 1 2 4 0 2 11 0 2 4 17 18 2 17 9 2 0 2 7 6 2 3 17 18 2 1 2 4 1 2 7 1 2 7 0 2 7 0 2 7 1 2 4 0 2 7 0 2 3 12 16 2 13 6 3 0 2 7 0 2 7 1 2 7 0 2 4 12 16 2 1 2 7 1 2 4 0 2 3 5 30 3 1 2 7 0 2 7 5 30 3 0 2 3 17 18 2 0 2 11 16 6 2 0 2 7 0 2 4 17 9 2 0 2 7 1 2 4 0 61.1587656736373901
5 31 3 5 31 3 5 30 3 17 9 2 12 16 2 0 2 7 0 2 7 0 2 7 1 2 11 1 2 3 0 2 7 0 2 7 1 2 7 0 2 7 0 2 7 1 2 7 1 2 7 1 2 7 1 2 7 0 2 7 0 2 7 1 2 7 1 2 7 13 6 3 0 2 3 1 2 4 1 2 7 0 2 7 1 2 11 0 2 7 17 18 2 17 9 2 0 2 7 17 9 2 0 2 7 17 9 2 0 2 7 17 9 2 0 2 7 0 2 7 0 2 7 1 2 7 13 6 3 1 2 7 0 2 7 13 6 3 1 2 7 0 2 7 17 18 2 12 16 2 0 2 7 0 2 7 1 2 7 0 2 7 1 2 7 0 2 7 1 2 7 1 2 7 1 2 7 1 2 4 0 59.8072065114974976
0 2 7 1 2 7 1 2 7 17 18 2 12 16 2 0 2 7 1 2 7 0 2 7 1 2 11 0 2 7 1 2 7 1 2 11 13 6 3 0 2 7 0 2 7 0 2 4 13 6 3 0 2 4 0 2 7 0 2 4 1 2 7 17 18 2 1 2 7 0 2 11 0 2 7 5 30 3 17 9 2 0 2 4 13 6 3 1 2 7 17 9 2 17 18 2 1 2 4 0 2 7 12 16 2 12 16 2 16 6 2 1 2 7 5 30 3 1 2 7 1 2 7 1 2 4 0 2 4 17 18 2 0 2 7 5 30 3 5 31 3 5 30 3 0 2 7 0 2 7 0 2 7 0 2 7 0 2 7 5 30 3 8 9 2 0 2 7 0 2 7 12 16 2 0 2 7 0 2 7 0 60.7173782587051392
5 31 3 0 2 7 17 9 2 17 18 2 0 2 7 1 2 7 0 2 7 12 16 2 5 30 3 0 2 7 0 2 7 1 2 7 1 2 7 12 16 2 0 2 7 0 2 4 0 2 7 1 2 7 1 2 7 0 2 7 17 9 2 0 2 7 1 2 4 17 9 2 0 2 7 13 6 3 1 2 7 0 2 7 1 2 4 0 2 7 1 2 4 0 2 7 1 2 7 0 2 3 17 18 2 5 31 3 0 2 7 13 6 3 0 2 7 1 2 7 0 2 7 0 2 7 0 2 7 0 2 7 17 9 2 1 2 7 1 2 7 1 2 4 1 2 7 1 2 4 0 2 4 1 2 4 1 2 7 0 2 7 1 2 7 5 31 3 16 6 2 0 2 4 12 16 2 0 2 7 0 60.106230616569519
0 2 7 0 2 7 1 2 7 17 18 2 12 16 2 0 2 7 1 2 7 0 2 7 1 2 7 0 2 7 0 2 7 1 2 7 1 2 7 0 2 7 0 2 7 1 2 7 13 6 3 0 2 7 0 2 7 0 2 7 0 2 7 17 18 2 1 2 7 0 2 7 0 2 7 1 2 7 5 31 3 5 31 3 17 9 2 0 2 7 1 2 7 0 2 7 1 2 7 0 2 7 13 6 3 1 2 7 1 2 7 0 2 7 17 9 2 17 9 2 0 2 7 1 2 4 1 2 7 12 16 2 12 16 2 0 2 7 0 2 7 16 6 2 5 31 3 0 2 4 1 2 4 17 18 2 13 6 3 1 2 7 1 2 7 0 2 4 5 30 3 1 2 4 12 16 2 0 2 4 5.57060597288867874e-06 59.9223895072937012

Current Evaluation = 18000(18000)
Front Size = 10
0 2 7 0 2 7 1 2 7 17 18 2 12 16 2 0 2 7 1 2 7 0 2 7 1 2 7 0 2 7 0 2 7 1 2 7 1 2 7 0 2 7 0 2 7 1 2 7 13 6 3 0 2 7 0 2 7 0 2 7 0 2 7 17 18 2 1 2 7 0 2 7 0 2 7 1 2 7 5 31 3 5 31 3 17 9 2 0 2 7 1 2 7 0 2 7 1 2 7 0 2 7 13 6 3 1 2 7 1 2 7 0 2 7 17 9 2 17 9 2 0 2 7 17 18 2 1 2 4 1 2 7 13 6 3 12 16 2 12 16 2 1 2 7 1 2 7 1 2 7 0 2 7 0 2 7 16 6 2 0 2 7 5 31 3 1 2 7 12 16 2 0 2 4 0 2 7 1 2 4 0 59.7211945056915283
0 2 7 0 2 7 1 2 7 17 18 2 12 16 2 0 2 7 1 2 7 0 2 7 1 2 7 0 2 7 0 2 7 1 2 7 1 2 7 0 2 7 0 2 7 1 2 7 13 6 3 0 2 7 0 2 7 0 2 7 0 2 7 17 18 2 1 2 7 0 2 7 0 2 7 1 2 7 5 31 3 5 31 3 17 9 2 0 2 7 1 2 7 0 2 7 1 2 7 0 2 7 13 6 3 1 2 7 1 2 7 0 2 4 17 9 2 17 9 2 0 2 7 17 18 2 1 2 4 1 2 7 0 2 4 13 6 3 12 16 2 12 16 2 1 2 7 1 2 7 1 2 7 0 2 7 0 2 7 16 6 2 0 2 7 5 31 3 1 2 7 12 16 2 0 2 7 1 2 7 0 59.7211945056915283
5 31 3 5 31 3 5 30 3 17 9 2 12 16 2 1 2 7 1 2 7 0 2 7 1 2 7 1 2 7 1 2 4 0 2 7 0 2 7 0 2 7 0 2 7 1 2 4 1 2 7 0 2 7 1 2 7 0 2 7 1 2 7 13 6 3 0 2 7 1 2 7 0 2 7 1 2 7 0 2 7 17 18 2 17 9 2 0 2 7 17 9 2 0 2 7 17 9 2 0 2 7 17 9 2 0 2 7 0 2 7 0 2 7 1 2 7 13 6 3 0 2 7 13 6 3 1 2 7 0 2 7 17 18 2 12 16 2 0 2 7 0 2 7 0 2 7 1 2 7 1 2 7 0 2 7 1 2 7 0 2 4 0 2 4 1 2 4 1 2 4 1 2 4 5 30 3 12 16 2 0 59.7875515222549438
0 2 7 1 2 7 1 2 7 17 18 2 12 16 2 0 2 4 1 2 7 0 2 4 0 2 7 1 2 7 13 6 3 0 2 7 0 2 7 0 2 7 13 6 3 0 2 7 0 2 7 1 2 7 17 18 2 1 2 7 0 2 4 5 30 3 17 18 2 13 6 3 1 2 7 17 9 2 1 2 4 0 2 7 12 16 2 1 2 10 1 2 7 5 30 3 1 2 4 1 2 3 1 2 3 0 2 7 5 31 3 0 2 7 0 2 7 0 2 7 0 2 7 0 2 4 0 2 7 0 2 7 0 2 4 0 2 4 0 2 7 0 2 7 1 2 4 17 9 2 0 2 7 1 2 7 1 2 4 0 2 7 17 18 2 5 30 3 5 30 3 17 9 2 1 2 7 12 16 2 0 60.2130194902420044
5 31 3 5 31 3 5 30 3 17 9 2 12 16 2 0 2 7 0 2 7 0 2 7 1 2 7 1 2 7 1 2 7 1 2 7 1 2 7 0 2 7 0 2 7 0 2 7 1 2 7 0 2 7 1 2 7 0 2 7 1 2 7 0 2 7 0 2 7 0 2 7 0 2 7 1 2 7 13 6 3 0 2 7 1 2 4 6 2 7 1 2 4 5 30 3 1 2 7 0 2 7 1 2 7 0 2 7 17 18 2 17 9 2 0 2 7 17 9 2 0 2 7 0 2 7 17 9 2 0 2 7 17 9 2 0 2 7 1 2 4 1 2 3 5 31 3 0 2 7 0 2 7 0 2 7 1 2 7 16 6 2 0 2 7 13 6 3 0 2 7 1 2 7 0 2 7 1 2 4 0 60.0775706171989441
1 2 7 1 2 7 0 2 7 0 2 7 12 16 2 0 2 7 0 2 7 1 2 7 0 2 7 13 6 3 0 2 7 0 2 7 0 2 7 13 6 3 0 2 7 0 2 4 17 18 2 0 2 7 5 30 3 17 18 2 5 31 3 17 9 2 1 2 7 1 2 7 12 16 2 1 2 7 5 30 3 0 2 7 0 2 7 0 2 7 0 2 7 0 2 7 0 2 7 0 2 7 0 2 7 0 2 7 8 9 2 6 2 7 0 2 7 1 2 3 17 9 2 1 2 7 1 2 7 1 2 7 1 2 11 0 2 7 12 16 2 0 2 7 1 2 7 17 9 2 5 30 3 0 2 7 1 2 7 1 2 7 17 9 2 16 15 2 13 6 3 5 30 3 1 2 7 0 2 7 0 60.3776662945747375
1 2 7 0 2 7 0 2 7 0 2 4 12 16 2 0 2 7 0 2 7 0 2 4 0 2 7 13 6 3 0 2 7 0 2 4 0 2 4 13 6 3 1 2 7 1 2 7 17 18 2 0 2 7 17 18 2 5 30 3 17 9 2 1 2 7 1 2 7 12 16 2 0 2 7 0 2 7 1 2 7 0 2 7 1 2 7 0 2 7 1 2 7 1 2 7 0 2 7 1 2 7 1 2 7 17 9 2 0 2 7 1 2 7 0 2 7 0 2 7 12 16 2 0 2 7 0 2 7 17 9 2 1 2 7 0 2 7 0 2 7 13 6 3 1 2 4 1 2 7 5 30 3 17 9 2 5 30 3 1 2 7 5 31 3 5 31 3 0 2 7 16 30 2 5 30 3 0 2 7 0 60.1813254356384277
1 2 7 1 2 4 0 2 4 0 2 7 12 16 2 0 2 7 0 2 7 1 2 7 0 2 7 13 6 3 0 2 7 0 2 7 1 2 7 13 6 3 0 2 7 0 2 7 17 18 2 0 2 3 17 18 2 8 9 2 17 9 2 1 2 7 1 2 7 12 16 2 1 2 7 1 2 7 0 2 7 0 2 7 0 2 7 0 2 7 0 2 7 0 2 4 0 2 7 0 2 7 0 2 7 17 9 2 1 2 7 1 2 7 1 2 7 0 2 7 12 16 2 0 2 7 1 2 7 17 9 2 1 2 3 1 2 7 13 6 3 1 2 7 5 30 3 5 30 3 5 30 3 0 2 7 1 2 7 5 31 3 1 2 7 0 2 7 12 16 2 17 18 2 1 2 7 0 2 7 0 60.3414283990859985
5 31 3 5 31 3 17 9 2 12 16 2 0 2 7 0 2 4 0 2 7 1 2 7 0 2 7 1 2 7 0 2 3 1 2 7 1 2 3 6 2 3 0 2 7 0 2 7 0 2 4 0 2 4 12 16 2 13 6 3 0 2 7 1 2 7 17 18 2 17 9 2 1 2 7 16 6 2 13 6 3 1 2 7 12 16 2 0 2 7 12 16 2 0 2 4 0 2 7 1 2 7 17 9 2 0 2 7 0 2 7 0 2 7 0 2 7 1 2 7 0 2 7 1 2 7 1 2 3 0 2 7 0 2 7 0 2 7 0 2 7 6 2 4 17 18 2 0 2 7 1 2 4 1 2 11 0 2 4 1 2 3 5 30 3 16 6 2 5 31 3 0 2 7 1 2 3 1 2 7 0 60.7129755616188049
1 2 7 1 2 7 0 2 7 17 18 2 12 16 2 0 2 7 1 2 4 0 2 3 1 2 4 0 2 7 0 2 7 0 2 3 0 2 7 0 2 4 0 2 7 0 2 7 13 6 3 0 2 7 0 2 7 0 2 4 0 2 7 17 18 2 1 2 7 0 2 4 1 2 7 5 30 3 5 31 3 17 9 2 1 2 7 1 2 7 13 6 3 1 2 7 1 2 3 8 9 2 17 18 2 12 16 2 12 16 2 16 6 2 0 2 7 0 2 7 0 2 7 1 2 7 5 30 3 0 2 4 17 9 2 0 2 4 1 2 7 1 2 7 0 2 7 0 2 7 1 2 7 1 2 7 1 2 7 0 2 3 1 2 7 5 31 3 0 2 7 12 16 2 16 6 2 0 2 3 0 60.5843155384063721

MonoObjective Genetic Algorithm
Number of Evaluations = 0
Mutation Probability = 0
Crossover Probability = 1
Population Size = 10
Survival Selection Type = 16

Time =  18075.0792729854584

Current Evaluation = 2030
Front Size = 10
0 2 7 0 2 7 1 2 7 17 18 2 12 16 2 0 2 7 1 2 7 0 2 7 1 2 7 0 2 7 0 2 7 1 2 7 1 2 7 0 2 7 0 2 7 1 2 7 13 6 3 0 2 7 0 2 7 0 2 7 0 2 7 17 18 2 1 2 7 0 2 7 0 2 7 1 2 7 5 31 3 5 31 3 17 9 2 0 2 7 1 2 7 0 2 7 1 2 7 0 2 7 13 6 3 1 2 7 1 2 7 0 2 7 17 9 2 17 9 2 0 2 7 17 18 2 1 2 4 1 2 7 13 6 3 12 16 2 12 16 2 1 2 7 1 2 7 1 2 7 0 2 7 0 2 7 16 6 2 0 2 7 5 31 3 1 2 7 12 16 2 0 2 4 0 2 7 1 2 4 0 59.7211945056915283
0 2 7 0 2 7 1 2 7 17 18 2 12 16 2 0 2 7 1 2 7 0 2 7 1 2 7 0 2 7 0 2 7 1 2 7 1 2 7 0 2 7 0 2 7 1 2 7 13 6 3 0 2 7 0 2 7 0 2 7 0 2 7 17 18 2 1 2 7 0 2 7 0 2 7 1 2 7 5 31 3 5 31 3 17 9 2 0 2 7 1 2 7 0 2 7 1 2 7 0 2 7 13 6 3 1 2 7 1 2 7 0 2 4 17 9 2 17 9 2 0 2 7 17 18 2 1 2 4 1 2 7 0 2 4 13 6 3 12 16 2 12 16 2 1 2 7 1 2 7 1 2 7 0 2 7 0 2 7 16 6 2 0 2 7 5 31 3 1 2 7 12 16 2 0 2 7 1 2 7 0 59.7211945056915283
5 31 3 5 31 3 5 30 3 17 9 2 12 16 2 1 2 7 1 2 7 0 2 7 1 2 7 1 2 7 1 2 4 0 2 7 0 2 7 0 2 7 0 2 7 1 2 4 1 2 7 0 2 7 1 2 7 0 2 7 1 2 7 13 6 3 0 2 7 1 2 7 0 2 7 1 2 7 0 2 7 17 18 2 17 9 2 0 2 7 17 9 2 0 2 7 17 9 2 0 2 7 17 9 2 0 2 7 0 2 7 0 2 7 1 2 7 13 6 3 0 2 7 13 6 3 1 2 7 0 2 7 17 18 2 12 16 2 0 2 7 0 2 7 0 2 7 1 2 7 1 2 7 0 2 7 1 2 7 0 2 4 0 2 4 1 2 4 1 2 4 1 2 4 5 30 3 12 16 2 0 59.7875515222549438
0 2 7 1 2 7 1 2 7 17 18 2 12 16 2 0 2 4 1 2 7 0 2 4 0 2 7 1 2 7 13 6 3 0 2 7 0 2 7 0 2 7 13 6 3 0 2 7 0 2 7 1 2 7 17 18 2 1 2 7 0 2 4 5 30 3 17 18 2 13 6 3 1 2 7 17 9 2 1 2 4 0 2 7 12 16 2 1 2 10 1 2 7 5 30 3 1 2 4 1 2 3 1 2 3 0 2 7 5 31 3 0 2 7 0 2 7 0 2 7 0 2 7 0 2 4 0 2 7 0 2 7 0 2 4 0 2 4 0 2 7 0 2 7 1 2 4 17 9 2 0 2 7 1 2 7 1 2 4 0 2 7 17 18 2 5 30 3 5 30 3 17 9 2 1 2 7 12 16 2 0 60.2130194902420044
5 31 3 5 31 3 5 30 3 17 9 2 12 16 2 0 2 7 0 2 7 0 2 7 1 2 7 1 2 7 1 2 7 1 2 7 1 2 7 0 2 7 0 2 7 0 2 7 1 2 7 0 2 7 1 2 7 0 2 7 1 2 7 0 2 7 0 2 7 0 2 7 0 2 7 1 2 7 13 6 3 0 2 7 1 2 4 6 2 7 1 2 4 5 30 3 1 2 7 0 2 7 1 2 7 0 2 7 17 18 2 17 9 2 0 2 7 17 9 2 0 2 7 0 2 7 17 9 2 0 2 7 17 9 2 0 2 7 1 2 4 1 2 3 5 31 3 0 2 7 0 2 7 0 2 7 1 2 7 16 6 2 0 2 7 13 6 3 0 2 7 1 2 7 0 2 7 1 2 4 0 60.0775706171989441
1 2 7 1 2 7 0 2 7 0 2 7 12 16 2 0 2 7 0 2 7 1 2 7 0 2 7 13 6 3 0 2 7 0 2 7 0 2 7 13 6 3 0 2 7 0 2 4 17 18 2 0 2 7 5 30 3 17 18 2 5 31 3 17 9 2 1 2 7 1 2 7 12 16 2 1 2 7 5 30 3 0 2 7 0 2 7 0 2 7 0 2 7 0 2 7 0 2 7 0 2 7 0 2 7 0 2 7 8 9 2 6 2 7 0 2 7 1 2 3 17 9 2 1 2 7 1 2 7 1 2 7 1 2 11 0 2 7 12 16 2 0 2 7 1 2 7 17 9 2 5 30 3 0 2 7 1 2 7 1 2 7 17 9 2 16 15 2 13 6 3 5 30 3 1 2 7 0 2 7 0 60.3776662945747375
1 2 7 0 2 7 0 2 7 0 2 4 12 16 2 0 2 7 0 2 7 0 2 4 0 2 7 13 6 3 0 2 7 0 2 4 0 2 4 13 6 3 1 2 7 1 2 7 17 18 2 0 2 7 17 18 2 5 30 3 17 9 2 1 2 7 1 2 7 12 16 2 0 2 7 0 2 7 1 2 7 0 2 7 1 2 7 0 2 7 1 2 7 1 2 7 0 2 7 1 2 7 1 2 7 17 9 2 0 2 7 1 2 7 0 2 7 0 2 7 12 16 2 0 2 7 0 2 7 17 9 2 1 2 7 0 2 7 0 2 7 13 6 3 1 2 4 1 2 7 5 30 3 17 9 2 5 30 3 1 2 7 5 31 3 5 31 3 0 2 7 16 30 2 5 30 3 0 2 7 0 60.1813254356384277
1 2 7 1 2 4 0 2 4 0 2 7 12 16 2 0 2 7 0 2 7 1 2 7 0 2 7 13 6 3 0 2 7 0 2 7 1 2 7 13 6 3 0 2 7 0 2 7 17 18 2 0 2 3 17 18 2 8 9 2 17 9 2 1 2 7 1 2 7 12 16 2 1 2 7 1 2 7 0 2 7 0 2 7 0 2 7 0 2 7 0 2 7 0 2 4 0 2 7 0 2 7 0 2 7 17 9 2 1 2 7 1 2 7 1 2 7 0 2 7 12 16 2 0 2 7 1 2 7 17 9 2 1 2 3 1 2 7 13 6 3 1 2 7 5 30 3 5 30 3 5 30 3 0 2 7 1 2 7 5 31 3 1 2 7 0 2 7 12 16 2 17 18 2 1 2 7 0 2 7 0 60.3414283990859985
5 31 3 5 31 3 17 9 2 12 16 2 0 2 7 0 2 4 0 2 7 1 2 7 0 2 7 1 2 7 0 2 3 1 2 7 1 2 3 6 2 3 0 2 7 0 2 7 0 2 4 0 2 4 12 16 2 13 6 3 0 2 7 1 2 7 17 18 2 17 9 2 1 2 7 16 6 2 13 6 3 1 2 7 12 16 2 0 2 7 12 16 2 0 2 4 0 2 7 1 2 7 17 9 2 0 2 7 0 2 7 0 2 7 0 2 7 1 2 7 0 2 7 1 2 7 1 2 3 0 2 7 0 2 7 0 2 7 0 2 7 6 2 4 17 18 2 0 2 7 1 2 4 1 2 11 0 2 4 1 2 3 5 30 3 16 6 2 5 31 3 0 2 7 1 2 3 1 2 7 0 60.7129755616188049
1 2 7 1 2 7 0 2 7 17 18 2 12 16 2 0 2 7 1 2 4 0 2 3 1 2 4 0 2 7 0 2 7 0 2 3 0 2 7 0 2 4 0 2 7 0 2 7 13 6 3 0 2 7 0 2 7 0 2 4 0 2 7 17 18 2 1 2 7 0 2 4 1 2 7 5 30 3 5 31 3 17 9 2 1 2 7 1 2 7 13 6 3 1 2 7 1 2 3 8 9 2 17 18 2 12 16 2 12 16 2 16 6 2 0 2 7 0 2 7 0 2 7 1 2 7 5 30 3 0 2 4 17 9 2 0 2 4 1 2 7 1 2 7 0 2 7 0 2 7 1 2 7 1 2 7 1 2 7 0 2 3 1 2 7 5 31 3 0 2 7 12 16 2 16 6 2 0 2 3 0 60.5843155384063721

