Current Evaluation = 900(900)
Front Size = 10
5 31 3 0 2 7 0 2 7 5 30 3 1 2 7 0 2 7 6 2 7 12 16 2 6 2 7 0 2 7 5 31 3 0 2 7 5 30 3 12 16 2 0 2 7 0 2 7 5 31 3 0 2 7 1 2 7 0 2 7 0 2 7 0 2 7 5 30 3 1 2 7 0 2 7 16 6 2 5 30 3 16 30 2 0 2 7 0 2 7 1 2 7 1 2 7 0 2 7 0 2 7 1 2 7 1 2 7 0 2 7 0 2 7 1 2 7 13 6 3 12 16 2 0 2 7 0 2 7 12 16 2 0 2 7 1 2 7 17 18 2 0 2 7 16 6 2 0 2 7 16 30 2 13 6 3 0 2 7 0 2 7 5 31 3 1 2 7 17 18 2 0 2 7 0 2 4 17 9 2 0 60.9412024021148682
16 19 11 16 19 11 12 16 2 0 2 8 8 9 2 0 2 8 8 9 2 8 9 2 16 19 12 0 2 8 0 2 8 16 6 2 12 16 2 8 18 2 0 2 8 16 19 11 0 2 8 1 2 8 0 2 8 5 30 3 5 30 3 0 2 8 0 2 8 0 2 8 0 2 8 16 19 12 0 2 8 8 9 2 8 9 2 0 2 8 0 2 8 0 2 8 0 2 8 0 2 8 0 2 8 0 2 8 5 30 3 12 16 2 0 2 8 16 6 2 1 2 8 0 2 8 0 2 8 0 2 8 0 2 8 0 2 8 5 30 3 12 16 2 0 2 8 0 2 8 0 2 8 12 16 2 0 2 8 5 30 3 5 30 3 5 30 3 0 2 8 5 30 3 0 2 8 5 30 3 3.24004817642604444e-05 69.0993940830230713
16 19 11 5 30 3 0 2 7 0 2 7 5 30 3 1 2 7 0 2 3 1 2 3 12 16 2 0 2 3 0 2 3 5 30 3 0 2 3 5 30 3 0 2 7 12 16 2 0 2 3 0 2 7 1 2 7 0 2 3 0 2 7 0 2 7 0 2 7 0 2 7 0 2 7 5 30 3 0 2 3 1 2 7 16 31 2 12 16 2 16 30 2 16 6 2 0 2 11 1 2 3 0 2 7 8 9 2 0 2 7 0 2 3 5 30 3 1 2 7 0 2 3 16 18 11 5 30 3 0 2 7 0 2 3 0 2 7 12 16 2 0 2 7 8 18 2 0 2 7 16 19 11 1 2 3 1 2 7 0 2 7 1 2 7 0 2 3 0 2 7 16 19 11 5 30 3 0 2 7 0 64.0073172450065613
13 6 3 5 30 3 16 19 12 0 2 8 16 15 2 8 18 2 13 6 3 6 2 8 5 30 3 8 9 2 6 2 8 8 9 2 0 2 8 0 2 8 0 2 8 0 2 8 5 30 3 5 30 3 0 2 8 13 6 3 8 18 2 16 15 2 6 2 8 16 15 2 5 30 3 0 2 8 8 18 2 6 2 8 0 2 12 16 19 12 5 30 3 0 2 8 0 2 12 8 9 2 8 18 2 6 2 8 8 9 2 0 2 8 8 18 2 8 9 2 8 9 2 0 2 12 5 30 3 0 2 12 8 18 2 5 30 3 13 6 3 6 2 8 16 19 12 8 18 2 6 2 8 8 18 2 6 2 8 0 2 8 0 2 8 8 18 2 16 19 12 0 2 8 16 19 12 5 30 3 0.0442962440923660994 65.387425422668457
5 30 3 5 30 3 5 30 3 13 6 3 13 6 3 8 9 2 5 30 3 6 2 8 17 18 2 6 2 8 0 2 4 16 19 12 12 16 2 0 2 8 1 2 7 5 30 3 1 2 3 0 2 7 5 30 3 0 2 8 0 2 8 1 2 3 13 6 3 13 6 3 0 2 4 0 2 12 0 2 12 0 2 8 0 2 7 0 2 7 1 2 7 1 2 7 0 2 7 16 15 2 0 2 7 1 2 7 1 2 4 16 30 2 0 2 7 0 2 7 6 2 8 16 6 2 16 19 12 17 9 2 1 2 7 5 31 3 5 30 3 17 18 2 1 2 4 8 18 2 0 2 3 0 2 7 1 2 7 6 2 8 6 2 8 1 2 7 6 2 8 8 18 2 1 2 7 0 2 7 0.0102373729608789821 61.7524822950363159
16 19 12 5 30 3 17 18 2 5 30 3 0 2 8 0 2 11 0 2 11 5 30 3 0 2 7 5 30 3 12 16 2 5 30 3 16 19 11 5 30 3 17 9 2 0 2 11 8 9 2 0 2 3 12 16 2 16 6 2 0 2 11 12 16 2 16 6 2 6 2 3 0 2 11 0 2 7 1 2 3 0 2 11 5 31 3 6 2 7 0 2 7 16 19 11 8 9 2 0 2 7 0 2 7 0 2 7 1 2 7 1 2 3 8 9 2 0 2 11 1 2 11 0 2 7 0 2 8 6 2 11 0 2 11 12 16 2 0 2 7 1 2 11 0 2 11 0 2 7 0 2 7 0 2 12 8 18 2 5 30 3 12 16 2 0 2 4 0 2 12 0 2 7 0 2 7 0 2 7 0 65.0915718674659729
0 2 3 5 30 3 0 2 8 8 18 2 5 30 3 0 2 3 0 2 8 5 30 3 6 2 12 0 2 3 0 2 8 5 30 3 8 9 2 0 2 8 5 31 3 1 2 7 0 2 8 5 30 3 0 2 7 0 2 3 0 2 3 0 2 8 0 2 8 5 30 3 0 2 8 5 30 3 5 30 3 8 9 2 1 2 3 1 2 3 0 2 3 0 2 8 12 16 2 12 16 2 0 2 8 0 2 3 0 2 8 0 2 7 0 2 8 0 2 3 16 19 11 16 6 2 1 2 3 0 2 3 0 2 8 0 2 8 0 2 3 16 19 11 0 2 3 0 2 8 12 16 2 0 2 8 16 6 2 16 19 11 0 2 8 0 2 7 0 2 8 0 2 8 16 6 2 16 6 2 0 67.1046545505523682
5 30 3 16 19 12 0 2 8 0 2 3 5 30 3 0 2 3 1 2 7 0 2 7 5 30 3 5 30 3 0 2 7 0 2 7 5 30 3 0 2 3 0 2 11 5 30 3 12 16 2 16 6 2 0 2 3 0 2 3 0 2 7 0 2 3 0 2 3 0 2 3 0 2 8 0 2 11 0 2 7 1 2 7 0 2 11 8 18 2 0 2 8 5 30 3 1 2 8 0 2 3 0 2 7 0 2 8 0 2 11 8 9 2 0 2 3 12 16 2 16 19 11 16 6 2 16 6 2 0 2 3 0 2 8 0 2 7 12 16 2 5 31 3 0 2 3 1 2 7 0 2 3 6 2 7 0 2 3 0 2 7 0 2 3 0 2 7 16 19 11 0 2 8 16 19 11 5 30 3 0 65.9656508564949036
0 2 7 5 30 3 0 2 11 8 18 2 5 30 3 0 2 11 0 2 11 5 31 3 5 30 3 12 16 2 0 2 7 5 30 3 5 31 3 5 30 3 1 2 11 16 6 2 16 6 2 6 2 11 0 2 11 0 2 7 0 2 7 0 2 11 0 2 3 0 2 7 0 2 3 8 18 2 16 19 11 0 2 7 0 2 7 1 2 11 0 2 7 6 2 11 16 19 11 0 2 7 0 2 3 16 6 2 0 2 7 0 2 7 0 2 3 0 2 7 0 2 7 0 2 7 12 16 2 0 2 7 5 30 3 0 2 7 1 2 11 12 16 2 0 2 7 0 2 11 0 2 7 6 2 7 0 2 7 12 16 2 0 2 7 16 19 11 17 9 2 5 30 3 0 2 7 0 2 11 0 64.5377023816108704
8 18 2 5 30 3 5 30 3 5 30 3 8 18 2 16 20 12 5 30 3 0 2 8 8 18 2 0 2 8 8 9 2 5 30 3 6 2 8 8 9 2 16 20 12 12 16 2 6 2 8 8 9 2 6 2 8 5 30 3 0 2 8 5 30 3 8 18 2 5 30 3 16 15 2 16 20 12 6 2 8 0 2 8 8 18 2 0 2 8 6 2 8 6 2 12 6 2 8 16 20 12 8 18 2 0 2 8 8 9 2 5 30 3 8 9 2 6 2 8 6 2 8 5 30 3 16 20 12 6 3 2 0 2 8 6 2 8 6 3 2 0 2 8 0 2 8 0 2 8 16 15 2 8 9 2 0 2 8 6 2 8 0 2 8 12 16 2 6 2 8 0 2 8 6 2 8 0 2 8 0.049586900847348743 65.7784080505371094

Current Evaluation = 1800(1800)
Front Size = 10
5 31 3 0 2 7 0 2 7 5 30 3 1 2 7 0 2 7 6 2 7 12 16 2 6 2 7 0 2 7 5 31 3 0 2 7 5 30 3 12 16 2 0 2 7 0 2 7 5 31 3 0 2 7 1 2 7 0 2 7 0 2 7 0 2 7 5 30 3 1 2 7 0 2 7 16 6 2 5 30 3 16 30 2 0 2 7 0 2 7 1 2 7 1 2 7 0 2 7 0 2 7 1 2 7 1 2 7 0 2 7 0 2 7 1 2 7 13 6 3 12 16 2 0 2 7 0 2 7 12 16 2 0 2 7 1 2 7 17 18 2 0 2 7 16 6 2 0 2 7 16 30 2 13 6 3 0 2 7 0 2 7 5 31 3 1 2 7 17 18 2 0 2 7 0 2 4 17 9 2 0 60.9412024021148682
16 19 12 5 30 3 17 18 2 5 30 3 0 2 8 0 2 11 0 2 11 5 30 3 0 2 7 5 30 3 12 16 2 5 30 3 16 19 11 5 30 3 17 9 2 0 2 11 8 9 2 0 2 3 12 16 2 16 6 2 0 2 11 12 16 2 16 6 2 6 2 3 0 2 11 0 2 7 1 2 3 0 2 11 5 31 3 6 2 7 0 2 7 16 19 11 8 9 2 0 2 7 0 2 7 0 2 7 1 2 7 1 2 3 8 9 2 0 2 11 1 2 11 0 2 7 0 2 8 6 2 11 0 2 11 12 16 2 0 2 7 1 2 11 0 2 11 0 2 7 0 2 7 0 2 12 8 18 2 5 30 3 12 16 2 0 2 4 0 2 12 0 2 7 0 2 7 0 2 7 0 65.0915718674659729
0 2 7 5 30 3 0 2 3 1 2 3 5 30 3 5 30 3 5 30 3 16 6 2 1 2 3 0 2 7 12 16 2 16 19 11 16 30 2 16 19 11 0 2 7 5 30 3 0 2 7 5 30 3 0 2 7 0 2 7 8 9 2 12 16 2 5 30 3 1 2 11 0 2 3 0 2 7 0 2 3 12 16 2 0 2 7 0 2 7 0 2 7 8 9 2 1 2 7 0 2 3 17 9 2 0 2 7 0 2 7 16 19 11 16 19 11 0 2 3 0 2 7 1 2 7 1 2 7 0 2 7 0 2 7 1 2 7 1 2 7 0 2 7 0 2 7 0 2 7 0 2 7 8 9 2 0 2 7 0 2 3 5 30 3 0 2 3 0 2 3 0 2 7 0 2 3 1 2 3 0 63.9462940692901611
0 2 3 5 30 3 0 2 8 8 18 2 5 30 3 0 2 3 0 2 8 5 30 3 6 2 12 0 2 3 0 2 8 5 30 3 8 9 2 0 2 8 5 31 3 1 2 7 0 2 8 5 30 3 0 2 7 0 2 3 0 2 3 0 2 8 0 2 8 5 30 3 0 2 8 5 30 3 5 30 3 8 9 2 1 2 3 1 2 3 0 2 3 0 2 8 12 16 2 12 16 2 0 2 8 0 2 3 0 2 8 0 2 7 0 2 8 0 2 3 16 19 11 16 6 2 1 2 3 0 2 3 0 2 8 0 2 8 0 2 3 16 19 11 0 2 3 0 2 8 12 16 2 0 2 8 16 6 2 16 19 11 0 2 8 0 2 7 0 2 8 0 2 8 16 6 2 16 6 2 0 67.1046545505523682
13 6 3 5 30 3 16 19 12 0 2 8 16 15 2 8 18 2 13 6 3 6 2 8 5 30 3 8 9 2 6 2 8 8 9 2 0 2 8 0 2 8 0 2 8 0 2 8 5 30 3 5 30 3 0 2 8 13 6 3 8 18 2 16 15 2 6 2 8 16 15 2 5 30 3 0 2 8 8 18 2 6 2 8 0 2 12 16 19 12 5 30 3 0 2 8 0 2 12 8 9 2 8 18 2 6 2 8 8 9 2 0 2 8 8 18 2 8 9 2 8 9 2 0 2 12 5 30 3 0 2 12 8 18 2 5 30 3 13 6 3 6 2 8 16 19 12 8 18 2 6 2 8 8 18 2 6 2 8 0 2 8 0 2 8 8 18 2 16 19 12 0 2 8 16 19 12 5 30 3 0.0442962440923660994 65.387425422668457
5 30 3 5 30 3 5 30 3 13 6 3 13 6 3 8 9 2 5 30 3 6 2 8 17 18 2 6 2 8 0 2 4 16 19 12 12 16 2 0 2 8 1 2 7 5 30 3 1 2 3 0 2 7 5 30 3 0 2 8 0 2 8 1 2 3 13 6 3 13 6 3 0 2 4 0 2 12 0 2 12 0 2 8 0 2 7 0 2 7 1 2 7 1 2 7 0 2 7 16 15 2 0 2 7 1 2 7 1 2 4 16 30 2 0 2 7 0 2 7 6 2 8 16 6 2 16 19 12 17 9 2 1 2 7 5 31 3 5 30 3 17 18 2 1 2 4 8 18 2 0 2 3 0 2 7 1 2 7 6 2 8 6 2 8 1 2 7 6 2 8 8 18 2 1 2 7 0 2 7 0.0102373729608789821 61.7524822950363159
16 19 13 16 19 13 12 16 2 0 2 7 8 9 2 0 2 7 8 9 2 8 9 2 16 19 13 16 6 2 12 16 2 8 9 2 5 30 3 5 30 3 5 30 3 12 16 2 16 6 2 5 31 3 12 16 2 12 16 2 5 30 3 5 30 3 5 30 3 0 2 7 0 2 7 5 30 3 0 2 13 0 2 7 1 2 7 12 16 2 0 2 7 1 2 7 0 2 8 0 2 7 16 19 13 0 2 8 8 9 2 0 2 7 0 2 7 0 2 7 0 2 1 1 2 7 0 2 8 0 2 7 0 2 8 0 2 7 0 2 7 0 2 7 0 2 8 1 2 7 0 2 7 0 2 7 17 18 2 0 2 7 0 2 8 0 2 8 0 2 7 1 2 7 0 2 7 0 2 8 0 65.2096587419509888
16 19 11 16 19 11 12 16 2 0 2 8 8 9 2 0 2 8 8 9 2 8 9 2 16 19 12 0 2 8 0 2 8 16 6 2 12 16 2 8 18 2 0 2 8 16 19 11 0 2 8 1 2 8 0 2 8 5 30 3 5 30 3 0 2 8 0 2 8 0 2 8 0 2 8 16 19 12 0 2 8 8 9 2 8 9 2 0 2 8 0 2 8 0 2 8 0 2 8 0 2 8 0 2 8 0 2 8 5 30 3 12 16 2 0 2 8 16 6 2 1 2 8 0 2 8 0 2 8 0 2 8 0 2 8 0 2 8 5 30 3 12 16 2 0 2 8 0 2 8 0 2 8 12 16 2 0 2 8 5 30 3 5 30 3 5 30 3 0 2 8 5 30 3 0 2 8 5 30 3 3.24004817642604444e-05 69.0993940830230713
0 2 7 5 30 3 5 30 3 5 31 3 5 30 3 12 16 2 0 2 7 5 30 3 5 31 3 16 6 2 16 6 2 0 2 7 0 2 7 0 2 7 0 2 7 0 2 7 0 2 7 0 2 7 0 2 7 0 2 7 0 2 7 0 2 7 0 2 7 12 16 2 0 2 7 0 2 7 12 16 2 0 2 7 0 2 7 6 2 7 0 2 7 12 16 2 0 2 7 17 9 2 0 2 7 0 2 11 8 18 2 0 2 11 0 2 11 0 2 7 1 2 11 0 2 7 1 2 7 1 2 7 0 2 3 0 2 3 8 18 2 16 19 11 1 2 11 17 18 2 16 19 11 13 6 3 16 6 2 0 2 3 5 30 3 1 2 11 0 2 11 5 31 3 5 30 3 0 2 11 0.000280115011023687765 63.6627452969551086
5 30 3 0 2 7 0 2 3 5 31 3 1 2 7 0 2 7 12 16 2 1 2 7 0 2 7 5 30 3 12 16 2 0 2 7 1 2 7 1 2 4 1 2 7 0 2 4 0 2 3 1 2 3 5 30 3 1 2 3 0 2 7 16 6 2 12 16 2 0 2 7 0 2 7 0 2 7 1 2 4 0 2 4 0 2 7 0 2 3 1 2 7 12 16 2 0 2 7 12 16 2 8 18 2 16 6 2 0 2 7 0 2 7 1 2 3 0 2 7 17 9 2 0 2 7 12 16 2 0 2 7 13 6 3 0 2 3 1 2 7 16 19 11 0 2 7 5 31 3 16 6 2 16 19 11 0 2 7 0 2 4 0 2 7 1 2 3 17 18 2 0 2 7 0 2 7 8 9 2 0 62.299085259437561

Current Evaluation = 2700(2700)
Front Size = 10
5 31 3 0 2 7 0 2 7 5 30 3 1 2 7 0 2 7 6 2 7 12 16 2 6 2 7 0 2 7 5 31 3 0 2 7 5 30 3 12 16 2 0 2 7 0 2 7 5 31 3 0 2 7 1 2 7 0 2 7 0 2 7 0 2 7 5 30 3 1 2 7 0 2 7 16 6 2 5 30 3 16 30 2 0 2 7 0 2 7 1 2 7 1 2 7 0 2 7 0 2 7 1 2 7 1 2 7 0 2 7 0 2 7 1 2 7 13 6 3 12 16 2 0 2 7 0 2 7 12 16 2 0 2 7 1 2 7 17 18 2 0 2 7 16 6 2 0 2 7 16 30 2 13 6 3 0 2 7 0 2 7 5 31 3 1 2 7 17 18 2 0 2 7 0 2 4 17 9 2 0 60.9412024021148682
0 2 3 5 30 3 0 2 8 8 18 2 5 30 3 0 2 3 0 2 8 5 30 3 6 2 12 0 2 3 0 2 8 5 30 3 8 9 2 0 2 8 5 31 3 1 2 7 0 2 8 5 30 3 0 2 7 0 2 3 0 2 3 0 2 8 0 2 8 5 30 3 0 2 8 5 30 3 5 30 3 8 9 2 1 2 3 1 2 3 0 2 3 0 2 8 12 16 2 12 16 2 0 2 8 0 2 3 0 2 8 0 2 7 0 2 8 0 2 3 16 19 11 16 6 2 1 2 3 0 2 3 0 2 8 0 2 8 0 2 3 16 19 11 0 2 3 0 2 8 12 16 2 0 2 8 16 6 2 16 19 11 0 2 8 0 2 7 0 2 8 0 2 8 16 6 2 16 6 2 0 67.1046545505523682
0 2 7 5 30 3 5 30 3 12 16 2 5 30 3 12 16 2 1 2 3 5 30 3 0 2 7 0 2 3 5 30 3 1 2 7 0 2 3 0 2 3 0 2 7 0 2 7 1 2 3 0 2 3 0 2 7 16 6 2 0 2 3 0 2 3 16 6 2 5 30 3 5 31 3 0 2 3 1 2 3 0 2 3 8 9 2 0 2 3 16 19 12 9 2 7 0 2 3 5 30 3 0 2 3 0 2 7 16 19 11 0 2 3 1 2 7 0 2 3 0 2 3 0 2 7 0 2 3 1 2 3 0 2 3 0 2 7 16 6 2 0 2 3 1 2 7 16 19 12 1 2 7 16 6 2 0 2 3 0 2 11 0 2 7 1 2 7 0 2 3 0 2 3 0 2 3 1 2 3 0 64.7889666557312012
5 30 3 5 30 3 5 30 3 13 6 3 13 6 3 8 9 2 5 30 3 6 2 8 17 18 2 6 2 8 0 2 4 16 19 12 12 16 2 0 2 8 1 2 7 5 30 3 1 2 3 0 2 7 5 30 3 0 2 8 0 2 8 1 2 3 13 6 3 13 6 3 0 2 4 0 2 12 0 2 12 0 2 8 0 2 7 0 2 7 1 2 7 1 2 7 0 2 7 16 15 2 0 2 7 1 2 7 1 2 4 16 30 2 0 2 7 0 2 7 6 2 8 16 6 2 16 19 12 17 9 2 1 2 7 5 31 3 5 30 3 17 18 2 1 2 4 8 18 2 0 2 3 0 2 7 1 2 7 6 2 8 6 2 8 1 2 7 6 2 8 8 18 2 1 2 7 0 2 7 0.0102373729608789821 61.7524822950363159
13 6 3 5 30 3 16 19 12 0 2 8 16 15 2 8 18 2 13 6 3 6 2 8 5 30 3 8 9 2 6 2 8 8 9 2 0 2 8 0 2 8 0 2 8 0 2 8 5 30 3 5 30 3 0 2 8 13 6 3 8 18 2 16 15 2 6 2 8 16 15 2 5 30 3 0 2 8 8 18 2 6 2 8 0 2 12 16 19 12 5 30 3 0 2 8 0 2 12 8 9 2 8 18 2 6 2 8 8 9 2 0 2 8 8 18 2 8 9 2 8 9 2 0 2 12 5 30 3 0 2 12 8 18 2 5 30 3 13 6 3 6 2 8 16 19 12 8 18 2 6 2 8 8 18 2 6 2 8 0 2 8 0 2 8 8 18 2 16 19 12 0 2 8 16 19 12 5 30 3 0.0442962440923660994 65.387425422668457
5 30 3 5 30 3 0 2 7 0 2 3 12 16 2 1 2 7 0 2 7 5 30 3 0 2 3 1 2 8 0 2 7 0 2 7 0 2 11 5 30 3 8 9 2 5 30 3 0 2 11 1 2 3 0 2 8 6 2 7 17 18 2 0 2 7 17 9 2 8 18 2 16 6 2 16 19 11 12 16 2 1 2 7 0 2 7 1 2 8 0 2 8 0 2 11 8 9 2 0 2 7 0 2 7 0 2 11 0 2 11 5 31 3 0 2 3 16 19 11 0 2 8 0 2 11 0 2 11 0 2 8 5 30 3 0 2 7 0 2 7 0 2 7 5 30 3 6 2 7 5 30 3 0 2 7 0 2 8 0 2 8 16 19 11 0 2 7 1 2 7 0 2 8 16 6 2 0 2 7 0 65.1712750196456909
5 30 3 5 30 3 0 2 7 0 2 7 12 16 2 0 2 7 0 2 7 5 30 3 0 2 7 1 2 7 0 2 7 0 2 3 0 2 7 5 30 3 17 9 2 0 2 3 0 2 7 0 2 3 1 2 3 1 2 7 1 2 3 0 2 7 1 2 4 17 18 2 1 2 3 5 30 3 1 2 7 0 2 7 0 2 3 0 2 7 1 2 3 12 16 2 0 2 7 1 2 7 0 2 3 16 6 2 16 6 2 0 2 3 16 6 2 16 30 2 0 2 7 0 2 7 1 2 4 8 18 2 1 2 3 12 16 2 0 2 7 0 2 7 5 30 3 0 2 7 5 31 3 13 6 3 0 2 3 0 2 3 1 2 3 0 2 7 16 19 11 0 2 7 0 2 7 8 18 2 0 62.395471453666687
16 19 11 16 19 11 12 16 2 0 2 8 8 9 2 0 2 8 8 9 2 8 9 2 16 19 12 0 2 8 0 2 8 16 6 2 12 16 2 8 18 2 0 2 8 16 19 11 0 2 8 1 2 8 0 2 8 5 30 3 5 30 3 0 2 8 0 2 8 0 2 8 0 2 8 16 19 12 0 2 8 8 9 2 8 9 2 0 2 8 0 2 8 0 2 8 0 2 8 0 2 8 0 2 8 0 2 8 5 30 3 12 16 2 0 2 8 16 6 2 1 2 8 0 2 8 0 2 8 0 2 8 0 2 8 0 2 8 5 30 3 12 16 2 0 2 8 0 2 8 0 2 8 12 16 2 0 2 8 5 30 3 5 30 3 5 30 3 0 2 8 5 30 3 0 2 8 5 30 3 3.24004817642604444e-05 69.0993940830230713
16 19 13 16 19 13 12 16 2 0 2 7 8 9 2 0 2 7 8 9 2 8 9 2 16 19 13 16 6 2 12 16 2 8 9 2 5 30 3 5 30 3 5 30 3 12 16 2 16 6 2 5 31 3 12 16 2 12 16 2 5 30 3 5 30 3 5 30 3 0 2 7 0 2 7 5 30 3 0 2 13 0 2 7 1 2 7 12 16 2 0 2 7 1 2 7 0 2 8 0 2 7 16 19 13 0 2 8 8 9 2 0 2 7 0 2 7 0 2 7 0 2 1 1 2 7 0 2 8 0 2 7 0 2 8 0 2 7 0 2 7 0 2 7 0 2 8 1 2 7 0 2 7 0 2 7 17 18 2 0 2 7 0 2 8 0 2 8 0 2 7 1 2 7 0 2 7 0 2 8 0 65.2096587419509888
5 30 3 12 16 2 5 30 3 12 16 2 5 30 3 16 6 2 5 30 3 12 16 2 12 16 2 16 6 2 5 31 3 0 2 7 0 2 8 1 2 7 0 2 8 6 2 7 0 2 8 0 2 7 5 31 3 0 2 8 5 30 3 0 2 7 5 31 3 0 2 8 8 9 2 0 2 8 0 2 8 0 2 7 1 2 7 0 2 8 16 30 2 0 2 8 0 2 7 1 2 7 1 2 7 0 2 7 1 2 8 1 2 7 0 2 8 0 2 8 0 2 7 0 2 8 13 6 3 0 2 8 0 2 7 0 2 8 1 2 7 1 2 8 0 2 7 0 2 8 16 30 2 13 6 3 16 19 12 8 9 2 0 2 8 8 9 2 17 18 2 16 19 11 0 2 8 17 9 2 0.00801888063858087301 64.4208115935325623

Current Evaluation = 3600(3600)
Front Size = 10
5 31 3 0 2 7 0 2 7 5 30 3 1 2 7 0 2 7 6 2 7 12 16 2 6 2 7 0 2 7 5 31 3 0 2 7 5 30 3 12 16 2 0 2 7 0 2 7 5 31 3 0 2 7 1 2 7 0 2 7 0 2 7 0 2 7 5 30 3 1 2 7 0 2 7 16 6 2 5 30 3 16 30 2 0 2 7 0 2 7 1 2 7 1 2 7 0 2 7 0 2 7 1 2 7 1 2 7 0 2 7 0 2 7 1 2 7 13 6 3 12 16 2 0 2 7 0 2 7 12 16 2 0 2 7 1 2 7 17 18 2 0 2 7 16 6 2 0 2 7 16 30 2 13 6 3 0 2 7 0 2 7 5 31 3 1 2 7 17 18 2 0 2 7 0 2 4 17 9 2 0 60.9412024021148682
5 30 3 5 30 3 5 30 3 8 9 2 5 30 3 12 16 2 0 2 7 0 2 8 1 2 8 1 2 7 0 2 3 5 30 3 1 2 7 0 2 4 0 2 7 0 2 3 1 2 7 0 2 3 16 6 2 5 30 3 5 30 3 8 18 2 0 2 7 1 2 7 5 30 3 0 2 3 1 2 3 1 2 7 0 2 8 16 19 11 16 6 2 0 2 7 1 2 7 0 2 3 0 2 7 0 2 11 0 2 3 0 2 7 0 2 3 0 2 7 0 2 3 0 2 3 16 6 2 16 19 11 0 2 7 0 2 7 1 2 7 8 9 2 0 2 3 0 2 8 0 2 7 0 2 7 12 16 2 0 2 7 0 2 3 16 19 11 0 2 3 17 9 2 0 2 3 0 2 3 0 64.3648234605789185
16 19 11 16 19 11 12 16 2 0 2 8 8 9 2 0 2 8 8 9 2 8 9 2 16 19 12 0 2 8 0 2 8 16 6 2 12 16 2 8 18 2 0 2 8 16 19 11 0 2 8 1 2 8 0 2 8 5 30 3 5 30 3 0 2 8 0 2 8 0 2 8 0 2 8 16 19 12 0 2 8 8 9 2 8 9 2 0 2 8 0 2 8 0 2 8 0 2 8 0 2 8 0 2 8 0 2 8 5 30 3 12 16 2 0 2 8 16 6 2 1 2 8 0 2 8 0 2 8 0 2 8 0 2 8 0 2 8 5 30 3 12 16 2 0 2 8 0 2 8 0 2 8 12 16 2 0 2 8 5 30 3 5 30 3 5 30 3 0 2 8 5 30 3 0 2 8 5 30 3 3.24004817642604444e-05 69.0993940830230713
13 6 3 5 30 3 13 6 3 5 30 3 5 30 3 5 30 3 1 2 7 0 2 8 17 9 2 8 18 2 6 2 8 8 9 2 0 2 7 8 9 2 0 2 8 0 2 7 0 2 8 0 2 8 0 2 7 13 6 3 8 18 2 0 2 7 6 2 7 16 15 2 1 2 7 0 2 8 8 18 2 6 2 8 12 16 2 16 19 12 5 30 3 0 2 7 0 2 7 8 9 2 8 18 2 0 2 7 0 2 7 1 2 7 8 18 2 0 2 7 8 9 2 0 2 12 5 30 3 0 2 12 0 2 7 5 30 3 16 30 2 6 2 8 16 19 12 0 2 7 6 2 8 17 18 2 1 2 7 0 2 8 1 2 7 8 18 2 16 19 12 0 2 8 12 16 2 5 30 3 0.0102387179586409562 63.5390895009040833
5 30 3 5 30 3 0 2 7 0 2 11 12 16 2 0 2 4 0 2 7 0 2 4 0 2 7 1 2 1 0 2 11 0 2 4 5 30 3 17 9 2 0 2 7 0 2 7 0 2 11 17 9 2 5 30 3 1 2 7 12 16 2 1 2 11 16 6 2 17 9 2 16 6 2 12 16 2 5 30 3 0 2 7 16 19 11 0 2 10 0 2 7 0 2 7 0 2 7 0 2 11 0 2 11 1 2 7 8 9 2 0 2 7 0 2 7 0 2 7 0 2 7 0 2 7 0 2 11 1 2 7 0 2 7 0 2 7 1 2 7 8 18 2 16 6 2 0 2 7 1 2 7 5 30 3 1 2 7 12 16 2 0 2 7 8 9 2 1 2 7 5 31 3 1 2 7 8 18 2 0 62.9184385538101196
16 19 13 16 19 13 12 16 2 0 2 7 8 9 2 0 2 7 8 9 2 8 9 2 16 19 13 16 6 2 12 16 2 8 9 2 5 30 3 5 30 3 5 30 3 12 16 2 16 6 2 5 31 3 12 16 2 12 16 2 5 30 3 5 30 3 5 30 3 0 2 7 0 2 7 5 30 3 0 2 13 0 2 7 1 2 7 12 16 2 0 2 7 1 2 7 0 2 8 0 2 7 16 19 13 0 2 8 8 9 2 0 2 7 0 2 7 0 2 7 0 2 1 1 2 7 0 2 8 0 2 7 0 2 8 0 2 7 0 2 7 0 2 7 0 2 8 1 2 7 0 2 7 0 2 7 17 18 2 0 2 7 0 2 8 0 2 8 0 2 7 1 2 7 0 2 7 0 2 8 0 65.2096587419509888
0 2 3 5 30 3 0 2 8 8 18 2 5 30 3 0 2 3 0 2 8 5 30 3 6 2 12 0 2 3 0 2 8 5 30 3 8 9 2 0 2 8 5 31 3 1 2 7 0 2 8 5 30 3 0 2 7 0 2 3 0 2 3 0 2 8 0 2 8 5 30 3 0 2 8 5 30 3 5 30 3 8 9 2 1 2 3 1 2 3 0 2 3 0 2 8 12 16 2 12 16 2 0 2 8 0 2 3 0 2 8 0 2 7 0 2 8 0 2 3 16 19 11 16 6 2 1 2 3 0 2 3 0 2 8 0 2 8 0 2 3 16 19 11 0 2 3 0 2 8 12 16 2 0 2 8 16 6 2 16 19 11 0 2 8 0 2 7 0 2 8 0 2 8 16 6 2 16 6 2 0 67.1046545505523682
13 6 3 5 30 3 16 19 12 0 2 8 16 15 2 8 18 2 13 6 3 6 2 8 5 30 3 8 9 2 6 2 8 8 9 2 0 2 8 0 2 8 0 2 8 0 2 8 5 30 3 5 30 3 0 2 8 13 6 3 8 18 2 16 15 2 6 2 8 16 15 2 5 30 3 0 2 8 8 18 2 6 2 8 0 2 12 16 19 12 5 30 3 0 2 8 0 2 12 8 9 2 8 18 2 6 2 8 8 9 2 0 2 8 8 18 2 8 9 2 8 9 2 0 2 12 5 30 3 0 2 12 8 18 2 5 30 3 13 6 3 6 2 8 16 19 12 8 18 2 6 2 8 8 18 2 6 2 8 0 2 8 0 2 8 8 18 2 16 19 12 0 2 8 16 19 12 5 30 3 0.0442962440923660994 65.387425422668457
5 30 3 5 30 3 12 16 2 5 30 3 5 30 3 8 18 2 12 16 2 5 30 3 8 9 2 5 30 3 12 16 2 0 2 8 0 2 7 1 2 4 0 2 7 0 2 8 0 2 8 0 2 8 0 2 8 0 2 3 17 9 2 6 2 7 8 9 2 0 2 8 17 9 2 5 30 3 6 2 4 0 2 7 16 15 2 17 9 2 0 2 7 8 9 2 16 6 2 0 2 3 0 2 7 0 2 7 0 2 10 0 2 7 0 2 8 0 2 7 0 2 8 0 2 7 0 2 8 0 2 8 0 2 7 1 2 7 0 2 7 1 2 7 0 2 8 16 19 11 16 15 2 0 2 7 5 30 3 0 2 7 0 2 7 17 9 2 1 2 7 5 31 3 0 2 8 17 1 2 0.0523052659416690102 64.5029990673065186
5 30 3 5 30 3 0 2 7 0 2 7 12 16 2 1 2 4 0 2 7 0 2 7 1 2 4 0 2 7 0 2 7 0 2 3 5 30 3 17 9 2 6 2 7 0 2 3 0 2 7 17 9 2 5 30 3 1 2 7 6 2 4 0 2 7 16 15 2 17 9 2 8 18 2 12 16 2 5 30 3 0 2 7 1 2 7 0 2 7 0 2 3 0 2 7 0 2 7 0 2 10 0 2 7 1 2 7 8 9 2 0 2 7 0 2 7 0 2 7 0 2 7 0 2 7 0 2 7 1 2 7 0 2 7 1 2 7 0 2 7 8 18 2 16 15 2 0 2 7 6 2 7 5 30 3 0 2 7 12 16 2 0 2 7 17 9 2 1 2 7 5 31 3 1 2 7 17 1 2 0 62.0978783965110779

Current Evaluation = 4500(4500)
Front Size = 10
5 31 3 0 2 7 0 2 7 5 30 3 0 2 7 0 2 7 1 2 7 12 16 2 6 2 7 0 2 7 5 30 3 0 2 7 5 30 3 12 16 2 1 2 7 0 2 7 5 31 3 0 2 7 1 2 7 0 2 7 0 2 7 1 2 7 5 30 3 6 2 4 0 2 7 16 6 2 5 30 3 16 30 2 0 2 7 0 2 7 1 2 7 1 2 7 0 2 7 0 2 7 1 2 7 1 2 7 0 2 7 0 2 7 1 2 7 13 6 3 12 16 2 0 2 7 0 2 7 12 16 2 0 2 7 1 2 7 17 18 2 0 2 7 16 6 2 0 2 7 16 31 2 13 6 3 0 2 7 0 2 7 5 31 3 0 2 7 17 18 2 0 2 7 0 2 7 17 9 2 0 60.9412022829055786
5 30 3 8 9 2 12 16 2 5 30 3 0 2 7 5 30 3 1 2 7 5 30 3 0 2 7 0 2 7 5 30 3 0 2 8 16 6 2 8 9 2 0 2 7 1 2 11 1 2 7 0 2 11 0 2 11 0 2 12 0 2 11 0 2 11 0 2 7 17 9 2 16 6 2 1 2 11 1 2 11 13 6 3 6 2 8 0 2 7 8 9 2 0 2 8 8 18 2 0 2 11 1 2 11 0 2 11 0 2 8 0 2 8 5 30 3 12 16 2 17 18 2 0 2 11 1 2 8 0 2 8 0 2 8 0 2 7 0 2 8 16 6 2 5 30 3 0 2 3 0 2 11 0 2 11 17 9 2 0 2 7 0 2 7 0 2 7 5 30 3 17 18 2 5 30 3 1 2 8 0 64.5900450944900513
5 31 3 0 2 4 0 2 7 8 9 2 1 2 4 0 2 3 12 16 2 1 2 7 5 30 3 0 2 7 5 30 3 12 16 2 12 16 2 5 30 3 0 2 7 0 2 7 0 2 7 5 31 3 1 2 3 16 30 2 5 30 3 12 16 2 1 2 7 17 9 2 1 2 7 0 2 7 1 2 3 0 2 3 0 2 4 0 2 3 0 2 4 0 2 10 0 2 3 1 2 3 0 2 7 16 6 2 0 2 7 0 2 7 0 2 3 0 2 7 0 2 3 17 18 2 1 2 4 0 2 7 16 6 2 1 2 7 1 2 7 0 2 7 1 2 4 1 2 3 16 30 2 13 6 3 1 2 7 0 2 4 1 2 7 0 2 7 17 9 2 0 2 3 0 2 7 0 2 7 0 61.7151126861572266
0 2 7 0 2 11 5 30 3 0 2 11 0 2 3 0 2 7 12 16 2 0 2 7 1 2 3 0 2 7 0 2 11 5 30 3 12 16 2 0 2 3 0 2 7 0 2 7 1 2 7 0 2 7 0 2 7 0 2 7 5 30 3 0 2 7 5 30 3 16 6 2 1 2 4 0 2 7 1 2 7 0 2 7 17 18 2 16 19 11 8 9 2 5 30 3 16 6 2 1 2 7 0 2 3 0 2 7 1 2 7 0 2 7 0 2 7 8 9 2 1 2 7 0 2 7 0 2 7 5 31 3 0 2 7 1 2 7 5 30 3 0 2 3 0 2 7 16 19 11 8 9 2 1 2 3 16 6 2 1 2 7 0 2 10 5 30 3 0 2 3 17 18 2 0 2 7 0 2 7 0 63.0688914060592651
5 30 3 16 19 12 8 18 2 5 30 3 5 30 3 16 19 11 0 2 12 0 2 7 5 30 3 0 2 11 5 31 3 16 19 11 5 31 3 0 2 11 5 30 3 0 2 7 0 2 11 12 16 2 0 2 11 0 2 11 16 19 11 0 2 11 6 2 7 12 16 2 0 2 7 6 2 11 12 16 2 12 16 2 0 2 11 0 2 3 12 16 2 0 2 7 12 16 2 0 2 8 17 18 2 0 2 7 0 2 8 5 30 3 0 2 8 0 2 7 0 2 7 0 2 11 6 2 7 0 2 7 5 30 3 0 2 8 0 2 12 16 19 11 0 2 11 0 2 7 0 2 8 16 6 2 0 2 11 8 9 2 0 2 7 0 2 12 8 9 2 0 2 8 0 2 7 6 2 7 0 66.6136491894721985
5 30 3 16 19 11 0 2 3 8 18 2 5 30 3 5 30 3 8 18 2 0 2 7 0 2 7 0 2 7 0 2 3 0 2 3 16 19 12 0 2 7 5 30 3 0 2 8 16 19 13 5 30 3 0 2 7 0 2 8 5 30 3 0 2 3 8 18 2 16 19 12 5 30 3 0 2 7 0 2 7 0 2 8 5 30 3 1 2 8 0 2 8 12 16 2 0 2 7 0 2 7 0 2 7 0 2 8 0 2 8 16 19 11 0 2 8 1 2 7 16 19 12 0 2 7 0 2 8 8 18 2 0 2 3 0 2 7 0 2 3 12 16 2 0 2 8 0 2 8 12 16 2 12 16 2 0 2 7 8 9 2 1 2 3 0 2 8 12 16 2 12 16 2 1 2 8 16 6 2 0 66.8708407878875732
13 6 3 5 30 3 16 19 12 0 2 8 16 15 2 8 18 2 13 6 3 6 2 8 5 30 3 8 9 2 6 2 8 8 9 2 0 2 8 0 2 8 0 2 8 0 2 8 5 30 3 5 30 3 0 2 8 13 6 3 8 18 2 16 15 2 6 2 8 16 15 2 5 30 3 0 2 8 8 18 2 6 2 8 0 2 12 16 19 12 5 30 3 0 2 8 0 2 12 8 9 2 8 18 2 6 2 8 8 9 2 0 2 8 8 18 2 8 9 2 8 9 2 0 2 12 5 30 3 0 2 12 8 18 2 5 30 3 13 6 3 6 2 8 16 19 12 8 18 2 6 2 8 8 18 2 6 2 8 0 2 8 0 2 8 8 18 2 16 19 12 0 2 8 16 19 12 5 30 3 0.0442962440923660994 65.387425422668457
16 19 11 16 19 11 12 16 2 0 2 8 8 9 2 0 2 8 8 9 2 8 9 2 16 19 12 0 2 8 0 2 8 16 6 2 12 16 2 8 18 2 0 2 8 16 19 11 0 2 8 1 2 8 0 2 8 5 30 3 5 30 3 0 2 8 0 2 8 0 2 8 0 2 8 16 19 12 0 2 8 8 9 2 8 9 2 0 2 8 0 2 8 0 2 8 0 2 8 0 2 8 0 2 8 0 2 8 5 30 3 12 16 2 0 2 8 16 6 2 1 2 8 0 2 8 0 2 8 0 2 8 0 2 8 0 2 8 5 30 3 12 16 2 0 2 8 0 2 8 0 2 8 12 16 2 0 2 8 5 30 3 5 30 3 5 30 3 0 2 8 5 30 3 0 2 8 5 30 3 3.24004817642604444e-05 69.0993940830230713
5 30 3 16 6 2 0 2 8 1 2 8 5 30 3 0 2 8 9 2 7 0 2 8 0 2 8 0 2 3 0 2 8 5 30 3 5 31 3 0 2 3 0 2 3 0 2 3 0 2 8 5 30 3 1 2 3 8 9 2 1 2 3 0 2 8 0 2 3 5 30 3 5 30 3 0 2 3 1 2 8 0 2 8 5 30 3 8 18 2 16 6 2 0 2 3 0 2 8 0 2 8 0 2 3 0 2 8 16 6 2 0 2 8 16 6 2 0 2 8 0 2 7 12 16 2 0 2 8 0 2 3 0 2 8 8 18 2 1 2 8 0 2 8 16 19 12 0 2 3 12 16 2 0 2 3 5 30 3 0 2 8 0 2 8 0 2 3 0 2 8 0 2 3 16 19 12 16 19 12 1.46207344622174972e-05 67.6450767517089844
13 6 3 5 30 3 13 6 3 5 30 3 5 30 3 5 30 3 1 2 7 0 2 8 17 9 2 8 18 2 6 2 8 8 9 2 0 2 7 8 9 2 0 2 8 0 2 7 0 2 8 0 2 8 0 2 7 13 6 3 8 18 2 0 2 7 6 2 7 16 15 2 1 2 7 0 2 8 8 18 2 6 2 8 12 16 2 16 19 12 5 30 3 0 2 7 0 2 7 8 9 2 8 18 2 0 2 7 0 2 7 1 2 7 8 18 2 0 2 7 8 9 2 0 2 12 5 30 3 0 2 12 0 2 7 5 30 3 16 30 2 6 2 8 16 19 12 0 2 7 6 2 8 17 18 2 1 2 7 0 2 8 1 2 7 8 18 2 16 19 12 0 2 8 12 16 2 5 30 3 0.0102387179586409562 63.5390895009040833

Current Evaluation = 5400(5400)
Front Size = 10
5 31 3 0 2 7 0 2 7 5 30 3 0 2 7 0 2 7 1 2 7 12 16 2 6 2 7 0 2 7 5 30 3 0 2 7 5 30 3 12 16 2 1 2 7 0 2 7 5 31 3 0 2 7 1 2 7 0 2 7 0 2 7 1 2 7 5 30 3 6 2 4 0 2 7 16 6 2 5 30 3 16 30 2 0 2 7 0 2 7 1 2 7 1 2 7 0 2 7 0 2 7 1 2 7 1 2 7 0 2 7 0 2 7 1 2 7 13 6 3 12 16 2 0 2 7 0 2 7 12 16 2 0 2 7 1 2 7 17 18 2 0 2 7 16 6 2 0 2 7 16 31 2 13 6 3 0 2 7 0 2 7 5 31 3 0 2 7 17 18 2 0 2 7 0 2 7 17 9 2 0 60.9412022829055786
5 30 3 16 19 11 0 2 3 8 18 2 5 30 3 5 30 3 8 18 2 0 2 7 0 2 7 0 2 7 0 2 3 0 2 3 16 19 12 0 2 7 5 30 3 0 2 8 16 19 13 5 30 3 0 2 7 0 2 8 5 30 3 0 2 3 8 18 2 16 19 12 5 30 3 0 2 7 0 2 7 0 2 8 5 30 3 1 2 8 0 2 8 12 16 2 0 2 7 0 2 7 0 2 7 0 2 8 0 2 8 16 19 11 0 2 8 1 2 7 16 19 12 0 2 7 0 2 8 8 18 2 0 2 3 0 2 7 0 2 3 12 16 2 0 2 8 0 2 8 12 16 2 12 16 2 0 2 7 8 9 2 1 2 3 0 2 8 12 16 2 12 16 2 1 2 8 16 6 2 0 66.8708407878875732
16 19 11 16 19 11 12 16 2 0 2 8 8 9 2 0 2 8 8 9 2 8 9 2 16 19 12 0 2 8 0 2 8 16 6 2 12 16 2 8 18 2 0 2 8 16 19 11 0 2 8 1 2 8 0 2 8 5 30 3 5 30 3 0 2 8 0 2 8 0 2 8 0 2 8 16 19 12 0 2 8 8 9 2 8 9 2 0 2 8 0 2 8 0 2 8 0 2 8 0 2 8 0 2 8 0 2 8 5 30 3 12 16 2 0 2 8 16 6 2 1 2 8 0 2 8 0 2 8 0 2 8 0 2 8 0 2 8 5 30 3 12 16 2 0 2 8 0 2 8 0 2 8 12 16 2 0 2 8 5 30 3 5 30 3 5 30 3 0 2 8 5 30 3 0 2 8 5 30 3 3.24004817642604444e-05 69.0993940830230713
13 6 3 5 30 3 16 19 12 0 2 8 16 15 2 8 18 2 13 6 3 6 2 8 5 30 3 8 9 2 6 2 8 8 9 2 0 2 8 0 2 8 0 2 8 0 2 8 5 30 3 5 30 3 0 2 8 13 6 3 8 18 2 16 15 2 6 2 8 16 15 2 5 30 3 0 2 8 8 18 2 6 2 8 0 2 12 16 19 12 5 30 3 0 2 8 0 2 12 8 9 2 8 18 2 6 2 8 8 9 2 0 2 8 8 18 2 8 9 2 8 9 2 0 2 12 5 30 3 0 2 12 8 18 2 5 30 3 13 6 3 6 2 8 16 19 12 8 18 2 6 2 8 8 18 2 6 2 8 0 2 8 0 2 8 8 18 2 16 19 12 0 2 8 16 19 12 5 30 3 0.0442962440923660994 65.387425422668457
5 30 3 8 9 2 12 16 2 5 30 3 0 2 7 5 30 3 1 2 7 5 30 3 0 2 7 0 2 7 5 30 3 0 2 8 16 6 2 8 9 2 0 2 7 1 2 11 1 2 7 0 2 11 0 2 11 0 2 12 0 2 11 0 2 11 0 2 7 17 9 2 16 6 2 1 2 11 1 2 11 13 6 3 6 2 8 0 2 7 8 9 2 0 2 8 8 18 2 0 2 11 1 2 11 0 2 11 0 2 8 0 2 8 5 30 3 12 16 2 17 18 2 0 2 11 1 2 8 0 2 8 0 2 8 0 2 7 0 2 8 16 6 2 5 30 3 0 2 3 0 2 11 0 2 11 17 9 2 0 2 7 0 2 7 0 2 7 5 30 3 17 18 2 5 30 3 1 2 8 0 64.5900450944900513
5 30 3 8 9 2 12 16 2 5 30 3 0 2 4 5 30 3 0 2 7 1 2 7 0 2 7 0 2 7 5 30 3 16 30 2 17 1 2 0 2 3 1 2 7 0 2 3 0 2 7 1 2 7 0 2 7 0 2 11 0 2 7 8 18 2 0 2 7 5 30 3 12 16 2 17 9 2 1 2 7 5 30 3 0 2 7 0 2 11 0 2 7 1 2 7 5 30 3 0 2 7 1 2 7 1 2 7 17 9 2 16 15 2 1 2 7 12 16 2 13 6 3 0 2 11 8 9 2 0 2 7 1 2 7 0 2 7 0 2 4 0 2 11 0 2 7 0 2 7 1 2 7 0 2 7 0 2 4 0 2 7 0 2 7 0 2 7 17 9 2 17 9 2 12 16 2 6 2 7 0 61.9674555659294128
0 2 3 17 18 2 5 30 3 5 30 3 0 2 7 0 2 7 1 2 7 0 2 7 0 2 7 5 30 3 0 2 7 0 2 3 12 16 2 1 2 3 0 2 3 0 2 7 12 16 2 0 2 7 1 2 7 1 2 7 1 2 3 0 2 3 17 18 2 0 2 7 0 2 7 5 30 3 0 2 7 0 2 3 0 2 7 0 2 3 0 2 11 5 30 3 0 2 7 0 2 7 0 2 3 1 2 7 16 6 2 8 9 2 0 2 3 8 9 2 0 2 3 16 19 11 1 2 3 1 2 3 16 19 11 5 30 3 1 2 3 0 2 7 0 2 7 1 2 7 13 6 3 0 2 7 12 16 2 16 6 2 1 2 3 16 19 11 0 2 3 0 2 7 0 2 7 1 2 7 0 63.2112263441085815
5 30 3 16 19 11 0 2 7 8 9 2 5 30 3 5 30 3 1 2 11 0 2 7 0 2 7 16 19 11 0 2 3 5 30 3 0 2 7 5 30 3 0 2 11 0 2 7 5 30 3 5 30 3 1 2 7 0 2 7 0 2 7 0 2 7 12 16 2 0 2 7 1 2 7 0 2 7 0 2 7 0 2 7 16 19 11 0 2 7 12 16 2 12 16 2 12 16 2 8 9 2 12 16 2 12 16 2 16 6 2 0 2 7 0 2 7 1 2 7 0 2 3 0 2 11 0 2 7 16 19 11 5 30 3 0 2 7 8 9 2 0 2 7 16 19 11 0 2 3 16 19 11 0 2 7 0 2 7 8 9 2 0 2 7 0 2 7 0 2 7 0 2 3 0 2 11 0 2 7 0 64.8577867746353149
5 30 3 16 6 2 0 2 8 1 2 8 5 30 3 0 2 8 9 2 7 0 2 8 0 2 8 0 2 3 0 2 8 5 30 3 5 31 3 0 2 3 0 2 3 0 2 3 0 2 8 5 30 3 1 2 3 8 9 2 1 2 3 0 2 8 0 2 3 5 30 3 5 30 3 0 2 3 1 2 8 0 2 8 5 30 3 8 18 2 16 6 2 0 2 3 0 2 8 0 2 8 0 2 3 0 2 8 16 6 2 0 2 8 16 6 2 0 2 8 0 2 7 12 16 2 0 2 8 0 2 3 0 2 8 8 18 2 1 2 8 0 2 8 16 19 12 0 2 3 12 16 2 0 2 3 5 30 3 0 2 8 0 2 8 0 2 3 0 2 8 0 2 3 16 19 12 16 19 12 1.46207344622174972e-05 67.6450767517089844
5 30 3 16 19 12 8 18 2 5 30 3 5 30 3 16 19 11 0 2 12 0 2 7 5 30 3 0 2 11 5 31 3 16 19 11 5 31 3 0 2 11 5 30 3 0 2 7 0 2 11 12 16 2 0 2 11 0 2 11 16 19 11 0 2 11 6 2 7 12 16 2 0 2 7 6 2 11 12 16 2 12 16 2 0 2 11 0 2 3 12 16 2 0 2 7 12 16 2 0 2 8 17 18 2 0 2 7 0 2 8 5 30 3 0 2 8 0 2 7 0 2 7 0 2 11 6 2 7 0 2 7 5 30 3 0 2 8 0 2 12 16 19 11 0 2 11 0 2 7 0 2 8 16 6 2 0 2 11 8 9 2 0 2 7 0 2 12 8 9 2 0 2 8 0 2 7 6 2 7 0 66.6136491894721985

Current Evaluation = 6300(6300)
Front Size = 10
5 31 3 0 2 7 0 2 7 5 30 3 0 2 7 0 2 7 1 2 7 12 16 2 0 2 7 0 2 7 5 30 3 0 2 7 5 30 3 12 16 2 1 2 7 0 2 7 5 31 3 0 2 7 1 2 7 0 2 7 0 2 7 1 2 7 5 30 3 6 2 4 0 2 7 16 6 2 5 30 3 16 30 2 0 2 7 0 2 7 1 2 7 1 2 7 0 2 7 0 2 7 1 2 7 1 2 7 0 2 7 0 2 7 1 2 7 13 6 3 12 16 2 1 2 7 0 2 7 12 16 2 0 2 7 1 2 7 17 18 2 0 2 7 16 30 2 0 2 7 16 31 2 13 6 3 0 2 7 0 2 7 5 31 3 0 2 7 17 18 2 0 2 7 0 2 7 17 9 2 0 60.9295323491096497
5 31 3 0 2 7 5 30 3 12 16 2 5 30 3 5 30 3 12 16 2 1 2 3 16 6 2 5 30 3 0 2 7 0 2 3 0 2 7 0 2 3 0 2 7 1 2 7 6 2 3 0 2 7 1 2 3 5 30 3 0 2 7 6 2 3 1 2 3 16 19 12 0 2 3 0 2 7 1 2 3 16 6 2 0 2 3 1 2 3 0 2 4 0 2 3 0 2 3 6 2 3 0 2 7 0 2 3 0 2 3 0 2 7 0 2 7 5 30 3 0 2 7 0 2 3 0 2 3 12 16 2 0 2 7 0 2 7 1 2 7 1 2 7 16 19 12 0 2 3 0 2 7 16 19 11 5 30 3 0 2 3 16 31 2 0 2 3 0 2 3 16 6 2 0 2 3 8 9 2 0 64.2656804323196411
5 30 3 12 16 2 0 2 11 0 2 10 5 31 3 0 2 7 5 30 3 0 2 7 5 30 3 16 6 2 5 30 3 0 2 7 0 2 7 0 2 7 0 2 4 0 2 3 1 2 4 0 2 7 0 2 7 1 2 7 12 16 2 0 2 7 0 2 7 0 2 10 8 9 2 0 2 7 12 16 2 1 2 7 0 2 7 5 30 3 1 2 7 16 6 2 0 2 7 0 2 7 12 16 2 0 2 7 5 30 3 0 2 11 0 2 3 17 9 2 1 2 11 1 2 7 17 18 2 0 2 7 8 9 2 16 6 2 0 2 7 8 18 2 8 9 2 0 2 7 12 16 2 0 2 11 0 2 4 16 19 1 1 2 7 16 19 11 0 2 7 0 2 7 1 2 7 1 2 7 0 63.1544473171234131
16 19 11 16 19 11 12 16 2 0 2 8 8 9 2 0 2 8 8 9 2 8 9 2 16 19 12 0 2 8 0 2 8 16 6 2 12 16 2 8 18 2 0 2 8 16 19 11 0 2 8 1 2 8 0 2 8 5 30 3 5 30 3 0 2 8 0 2 8 0 2 8 0 2 8 16 19 12 0 2 8 8 9 2 8 9 2 0 2 8 0 2 8 0 2 8 0 2 8 0 2 8 0 2 8 0 2 8 5 30 3 12 16 2 0 2 8 16 6 2 1 2 8 0 2 8 0 2 8 0 2 8 0 2 8 0 2 8 5 30 3 12 16 2 0 2 8 0 2 8 0 2 8 12 16 2 0 2 8 5 30 3 5 30 3 5 30 3 0 2 8 5 30 3 0 2 8 5 30 3 3.24004817642604444e-05 69.0993940830230713
0 2 7 8 9 2 12 16 2 0 2 3 15 2 11 5 31 3 5 30 3 0 2 7 0 2 3 5 30 3 16 6 2 13 6 3 1 2 3 1 2 3 0 2 3 0 2 7 1 2 7 1 2 7 0 2 3 16 6 2 0 2 7 1 2 7 0 2 7 0 2 7 0 2 3 1 2 7 12 16 2 0 2 7 1 2 7 0 2 7 0 2 7 5 30 3 0 2 7 0 2 3 0 2 4 0 2 3 0 2 3 0 2 7 5 30 3 0 2 7 1 2 7 0 2 7 0 2 7 17 9 2 16 19 11 1 2 7 1 2 7 1 2 8 0 2 7 1 2 7 1 2 7 6 2 7 17 18 2 0 2 7 0 2 3 5 30 3 16 19 11 17 18 2 0 2 7 0 2 3 0 62.4984293580055237
5 30 3 8 9 2 12 16 2 5 30 3 0 2 7 5 30 3 1 2 7 5 30 3 0 2 7 0 2 7 5 30 3 1 2 8 16 6 2 8 9 2 0 2 7 1 2 11 1 2 7 0 2 11 0 2 8 0 2 11 0 2 8 0 2 11 0 2 11 17 9 2 16 6 2 1 2 11 1 2 11 13 6 3 0 2 8 0 2 1 8 9 2 0 2 8 8 18 2 0 2 11 1 2 8 0 2 8 0 2 8 0 2 8 5 30 3 12 16 2 17 18 2 0 2 11 6 2 7 0 2 8 0 2 8 0 2 7 0 2 11 16 6 2 5 30 3 0 2 7 0 2 7 0 2 7 17 9 2 0 2 7 0 2 7 0 2 7 5 30 3 17 18 2 5 30 3 1 2 8 0 64.5816450715065002
5 31 3 16 6 2 1 2 7 5 30 3 0 2 11 0 2 7 0 2 7 0 2 11 0 2 7 5 30 3 5 31 3 0 2 7 5 30 3 1 2 11 5 30 3 5 31 3 5 30 3 8 18 2 1 2 11 6 2 7 16 19 11 12 16 2 0 2 7 0 2 7 6 2 11 0 2 7 0 2 7 6 2 7 0 2 11 6 2 7 0 2 7 17 9 2 17 18 2 12 16 2 0 2 7 0 2 11 0 2 7 0 2 7 1 2 7 0 2 7 16 6 2 0 2 7 12 16 2 0 2 7 0 2 7 6 2 7 0 2 7 16 19 11 0 2 7 0 2 7 0 2 7 0 2 11 5 30 3 0 2 7 0 2 7 15 2 11 0 2 7 0 2 7 16 19 11 0 2 7 0 63.6634963750839233
12 16 2 16 6 2 12 16 2 5 31 3 5 30 3 5 30 3 12 16 2 5 30 3 12 16 2 16 9 11 16 19 11 16 6 2 0 2 7 8 9 2 0 2 7 1 2 7 0 2 3 16 19 11 1 2 7 0 2 7 0 2 7 0 2 7 16 19 11 1 2 3 0 2 7 0 2 3 1 2 3 0 2 7 0 2 7 0 2 7 16 19 11 5 30 3 8 9 2 0 2 7 1 2 3 0 2 7 1 2 7 0 2 7 0 2 7 0 2 3 0 2 7 0 2 7 0 2 7 0 2 3 0 2 7 0 2 7 0 2 7 1 2 7 0 2 7 0 2 3 5 30 3 0 2 7 0 2 7 5 30 3 0 2 7 12 16 2 0 2 3 0 2 7 8 9 2 5 30 3 0 64.186475932598114
5 30 3 16 6 2 0 2 8 1 2 8 5 30 3 0 2 8 9 2 7 0 2 8 0 2 8 0 2 3 0 2 8 5 30 3 5 31 3 0 2 3 0 2 3 0 2 3 0 2 8 5 30 3 1 2 3 8 9 2 1 2 3 0 2 8 0 2 3 5 30 3 5 30 3 0 2 3 1 2 8 0 2 8 5 30 3 8 18 2 16 6 2 0 2 3 0 2 8 0 2 8 0 2 3 0 2 8 16 6 2 0 2 8 16 6 2 0 2 8 0 2 7 12 16 2 0 2 8 0 2 3 0 2 8 8 18 2 1 2 8 0 2 8 16 19 12 0 2 3 12 16 2 0 2 3 5 30 3 0 2 8 0 2 8 0 2 3 0 2 8 0 2 3 16 19 12 16 19 12 1.46207344622174972e-05 67.6450767517089844
16 19 11 16 19 11 12 16 2 0 2 8 0 2 7 0 2 8 12 16 2 0 2 8 16 19 11 0 2 11 6 2 8 16 6 2 12 16 2 8 18 2 0 2 7 16 19 11 6 2 7 0 2 7 0 2 11 5 30 3 5 30 3 0 2 3 0 2 7 0 2 7 0 2 7 16 19 11 0 2 7 8 9 2 8 9 2 0 2 11 0 2 8 0 2 11 0 2 3 0 2 8 0 2 11 0 2 7 5 30 3 12 16 2 0 2 7 16 6 2 0 2 11 0 2 7 0 2 7 0 2 7 0 2 7 0 2 7 5 30 3 12 16 2 0 2 11 0 2 11 0 2 11 12 16 2 0 2 11 5 30 3 5 30 3 5 31 3 0 2 7 5 30 3 0 2 11 5 30 3 0 66.2456968426704407

Current Evaluation = 7200(7200)
Front Size = 10
5 31 3 0 2 7 0 2 7 5 30 3 0 2 7 0 2 7 1 2 7 12 16 2 0 2 7 0 2 7 5 30 3 0 2 7 5 30 3 12 16 2 1 2 7 0 2 7 5 31 3 0 2 7 1 2 7 0 2 7 0 2 7 1 2 7 5 30 3 6 2 4 0 2 7 16 6 2 5 30 3 16 30 2 0 2 7 0 2 7 1 2 7 1 2 7 0 2 7 0 2 7 1 2 7 1 2 7 0 2 7 0 2 7 1 2 7 13 6 3 12 16 2 1 2 7 0 2 7 12 16 2 0 2 7 1 2 7 17 18 2 0 2 7 16 30 2 0 2 7 16 31 2 13 6 3 0 2 7 0 2 7 5 31 3 0 2 7 17 18 2 0 2 7 0 2 7 17 9 2 0 60.9295323491096497
0 2 3 5 30 3 12 16 2 0 2 8 5 30 3 12 16 2 16 6 2 5 30 3 0 2 8 0 2 3 0 2 3 1 2 3 5 31 3 16 6 2 0 2 3 5 30 3 5 30 3 16 6 2 0 2 7 0 2 8 1 2 3 0 2 8 0 2 3 0 2 8 5 30 3 0 2 3 0 2 12 0 2 7 5 30 3 16 6 2 1 2 3 0 2 11 1 2 3 0 2 8 0 2 3 0 2 3 0 2 3 0 2 3 9 2 7 0 2 7 0 2 3 0 2 7 0 2 3 5 31 3 0 2 7 0 2 8 16 19 12 0 2 8 1 2 8 16 19 12 0 2 3 0 2 11 1 2 3 0 2 3 16 9 8 0 2 8 0 2 7 0 2 7 8 9 2 0 2 3 1.70832935564606812e-07 66.4766643047332764
5 30 3 8 9 2 0 2 7 5 30 3 0 2 7 0 2 7 5 30 3 0 2 3 0 2 3 1 2 3 5 30 3 0 2 3 17 18 2 1 2 7 0 2 7 16 15 2 0 2 3 12 16 2 17 18 2 12 16 2 1 2 7 0 2 7 0 2 7 1 2 7 0 2 7 1 2 7 17 9 2 0 2 3 0 2 7 0 2 3 0 2 3 0 2 7 0 2 3 6 2 7 1 2 7 1 2 7 0 2 7 0 2 3 1 2 3 1 2 3 0 2 3 0 2 7 5 30 3 1 2 7 8 9 2 0 2 3 16 19 11 13 6 3 1 2 7 5 30 3 0 2 7 0 2 7 1 2 7 0 2 7 0 2 3 1 2 7 16 6 2 16 19 11 0 2 7 0 2 7 0 62.6796984076499939
5 31 3 1 2 7 5 31 3 0 2 7 1 2 7 5 30 3 1 2 3 0 2 7 0 2 7 8 18 2 16 6 2 5 30 3 17 18 2 0 2 7 12 16 2 16 6 2 0 2 7 5 30 3 0 2 3 16 31 2 0 2 4 0 2 7 0 2 7 0 2 7 1 2 7 0 2 7 1 2 7 1 2 7 0 2 7 17 18 2 0 2 7 1 2 7 1 2 7 0 2 7 0 2 7 1 2 3 0 2 7 0 2 7 1 2 3 16 24 2 0 2 3 1 2 8 0 2 3 0 2 7 1 2 3 0 2 3 17 18 2 0 2 7 0 2 3 0 2 7 0 2 4 1 2 3 0 2 7 0 2 7 1 2 3 1 2 7 0 2 7 0 2 3 1 2 11 1 2 4 0 61.788901686668396
16 19 11 16 19 11 12 16 2 0 2 8 0 2 7 0 2 8 12 16 2 0 2 8 16 19 11 0 2 11 6 2 8 16 6 2 12 16 2 8 18 2 0 2 7 16 19 11 6 2 7 0 2 7 0 2 11 5 30 3 5 30 3 0 2 3 0 2 7 0 2 7 0 2 7 16 19 11 0 2 7 8 9 2 8 9 2 0 2 11 0 2 8 0 2 11 0 2 3 0 2 8 0 2 11 0 2 7 5 30 3 12 16 2 0 2 7 16 6 2 0 2 11 0 2 7 0 2 7 0 2 7 0 2 7 0 2 7 5 30 3 12 16 2 0 2 11 0 2 11 0 2 11 12 16 2 0 2 11 5 30 3 5 30 3 5 31 3 0 2 7 5 30 3 0 2 11 5 30 3 0 66.2456968426704407
16 19 11 16 19 11 12 16 2 0 2 8 8 9 2 0 2 8 8 9 2 8 9 2 16 19 12 0 2 8 0 2 8 16 6 2 12 16 2 8 18 2 0 2 8 16 19 11 0 2 8 1 2 8 0 2 8 5 30 3 5 30 3 0 2 8 0 2 8 0 2 8 0 2 8 16 19 12 0 2 8 8 9 2 8 9 2 0 2 8 0 2 8 0 2 8 0 2 8 0 2 8 0 2 8 0 2 8 5 30 3 12 16 2 0 2 8 16 6 2 1 2 8 0 2 8 0 2 8 0 2 8 0 2 8 0 2 8 5 30 3 12 16 2 0 2 8 0 2 8 0 2 8 12 16 2 0 2 8 5 30 3 5 30 3 5 30 3 0 2 8 5 30 3 0 2 8 5 30 3 3.24004817642604444e-05 69.0993940830230713
1 2 4 1 2 7 1 2 7 5 30 3 0 2 11 0 2 7 8 18 2 16 6 2 5 31 3 8 18 2 0 2 4 12 16 2 16 6 2 1 2 7 5 30 3 0 2 11 0 2 3 0 2 7 0 2 7 0 2 7 17 18 2 1 2 7 0 2 7 0 2 7 17 9 2 5 30 3 1 2 7 0 2 7 16 15 2 1 2 3 1 2 4 0 2 7 0 2 7 0 2 7 0 2 7 0 2 7 5 30 3 1 2 7 5 30 3 0 2 11 0 2 7 0 2 11 1 2 7 0 2 11 0 2 7 1 2 7 8 18 2 8 18 2 1 2 7 0 2 7 12 16 2 17 9 2 0 2 7 1 2 7 0 2 7 1 2 7 0 2 7 0 2 7 17 9 2 0 2 4 0 61.8624727725982666
5 30 3 8 9 2 12 16 2 5 30 3 0 2 7 5 30 3 1 2 7 5 30 3 0 2 7 0 2 7 5 30 3 1 2 8 16 6 2 8 9 2 0 2 7 1 2 11 1 2 7 0 2 11 0 2 8 0 2 11 0 2 8 0 2 11 0 2 11 17 9 2 16 6 2 1 2 11 1 2 11 13 6 3 0 2 8 0 2 1 8 9 2 0 2 8 8 18 2 0 2 11 1 2 8 0 2 8 0 2 8 0 2 8 5 30 3 12 16 2 17 18 2 0 2 11 6 2 7 0 2 8 0 2 8 0 2 7 0 2 11 16 6 2 5 30 3 0 2 7 0 2 7 0 2 7 17 9 2 0 2 7 0 2 7 0 2 7 5 30 3 17 18 2 5 30 3 1 2 8 0 64.5816450715065002
5 30 3 0 2 7 12 16 2 5 30 3 0 2 7 5 30 3 1 2 7 5 30 3 0 2 7 0 2 7 5 30 3 16 6 2 17 9 2 0 2 7 1 2 7 0 2 7 1 2 11 17 9 2 16 15 2 8 9 2 8 18 2 5 30 3 12 16 2 0 2 7 16 6 2 5 30 3 0 2 7 0 2 7 0 2 3 0 2 7 0 2 7 0 2 7 1 2 3 0 2 7 1 2 11 0 2 7 1 2 7 5 30 3 1 2 7 0 2 7 13 6 3 0 2 7 0 2 7 0 2 7 0 2 3 0 2 7 1 2 7 0 2 7 0 2 7 17 18 2 0 2 7 12 16 2 0 2 7 0 2 11 0 2 7 8 9 2 0 2 7 8 18 2 16 19 11 1 2 7 0 62.4247050285339355
5 30 3 12 16 2 5 30 3 0 2 7 12 16 2 0 2 7 5 30 3 0 2 7 0 2 7 5 30 3 16 6 2 1 2 7 0 2 7 16 6 2 16 9 11 5 31 3 12 16 2 0 2 3 16 6 2 5 30 3 0 2 3 0 2 3 0 2 4 0 2 7 0 2 7 1 2 7 8 18 2 1 2 7 8 9 2 5 30 3 1 2 3 0 2 7 1 2 7 0 2 7 16 19 11 0 2 7 17 9 2 1 2 3 0 2 7 13 6 3 1 2 3 0 2 7 1 2 4 0 2 3 0 2 3 0 2 7 1 2 3 0 2 7 0 2 7 1 2 7 0 2 11 12 16 2 0 2 7 0 2 4 0 2 7 17 9 2 0 2 3 1 2 7 0 2 7 0 2 3 0 62.7000153660774231

Current Evaluation = 8100(8100)
Front Size = 10
5 31 3 0 2 7 0 2 7 5 30 3 0 2 7 0 2 7 1 2 7 12 16 2 0 2 7 0 2 7 5 30 3 0 2 7 5 30 3 12 16 2 1 2 7 0 2 7 5 31 3 0 2 7 1 2 7 0 2 7 0 2 7 1 2 7 5 30 3 6 2 4 0 2 7 16 6 2 5 30 3 16 30 2 0 2 7 0 2 7 1 2 7 1 2 7 0 2 7 0 2 7 1 2 7 1 2 7 0 2 7 0 2 7 1 2 7 13 6 3 12 16 2 1 2 7 0 2 7 12 16 2 0 2 7 1 2 7 17 18 2 0 2 7 16 30 2 0 2 7 16 31 2 13 6 3 0 2 7 0 2 7 5 31 3 0 2 7 17 18 2 0 2 7 0 2 7 17 9 2 0 60.9295323491096497
16 19 11 16 19 11 12 16 2 0 2 8 8 9 2 0 2 8 8 9 2 8 9 2 16 19 12 0 2 8 0 2 8 16 6 2 12 16 2 8 18 2 0 2 8 16 19 11 0 2 8 1 2 8 0 2 8 5 30 3 5 30 3 0 2 8 0 2 8 0 2 8 0 2 8 16 19 12 0 2 8 8 9 2 8 9 2 0 2 8 0 2 8 0 2 8 0 2 8 0 2 8 0 2 8 0 2 8 5 30 3 12 16 2 0 2 8 16 6 2 1 2 8 0 2 8 0 2 8 0 2 8 0 2 8 0 2 8 5 30 3 12 16 2 0 2 8 0 2 8 0 2 8 12 16 2 0 2 8 5 30 3 5 30 3 5 30 3 0 2 8 5 30 3 0 2 8 5 30 3 3.24004817642604444e-05 69.0993940830230713
0 2 11 1 2 7 1 2 4 5 30 3 0 2 3 0 2 7 0 2 4 5 31 3 0 2 11 12 16 2 16 6 2 1 2 4 6 2 7 1 2 4 1 2 7 0 2 7 0 2 4 0 2 7 17 18 2 1 2 7 0 2 7 0 2 7 17 9 2 5 31 3 1 2 7 0 2 7 1 2 7 0 2 7 0 2 7 0 2 7 0 2 4 1 2 7 0 2 7 5 30 3 5 30 3 0 2 7 0 2 4 12 16 2 1 2 7 0 2 11 8 18 2 16 15 2 1 2 4 6 2 4 0 2 4 0 2 3 0 2 7 0 2 7 0 2 7 8 18 2 17 18 2 1 2 3 17 9 2 0 2 3 0 2 3 1 2 7 0 2 7 1 2 4 17 9 2 1 2 7 0 61.5711239576339722
16 19 11 16 19 11 12 16 2 0 2 8 0 2 7 0 2 8 12 16 2 0 2 8 16 19 11 0 2 11 6 2 8 16 6 2 12 16 2 8 18 2 0 2 7 16 19 11 6 2 7 0 2 7 0 2 11 5 30 3 5 30 3 0 2 3 0 2 7 0 2 7 0 2 7 16 19 11 0 2 7 8 9 2 8 9 2 0 2 11 0 2 8 0 2 11 0 2 3 0 2 8 0 2 11 0 2 7 5 30 3 12 16 2 0 2 7 16 6 2 0 2 11 0 2 7 0 2 7 0 2 7 0 2 7 0 2 7 5 30 3 12 16 2 0 2 11 0 2 11 0 2 11 12 16 2 0 2 11 5 30 3 5 30 3 5 31 3 0 2 7 5 30 3 0 2 11 5 30 3 0 66.2456968426704407
0 2 3 1 2 3 1 2 3 5 31 3 1 2 7 0 2 7 12 16 2 16 6 2 0 2 3 0 2 7 0 2 7 0 2 7 6 2 3 0 2 7 17 18 2 1 2 3 0 2 7 1 2 7 1 2 7 0 2 7 1 2 4 0 2 7 5 31 3 16 6 2 1 2 7 12 16 2 1 2 4 5 31 3 1 2 7 17 18 2 0 2 3 0 2 7 1 2 3 1 2 7 0 2 3 0 2 7 0 2 7 0 2 7 0 2 7 16 6 2 1 2 7 0 2 7 5 31 3 8 18 2 0 2 7 0 2 7 0 2 7 0 2 7 5 30 3 0 2 7 1 2 7 0 2 3 16 30 2 0 2 7 0 2 7 16 6 2 0 2 7 0 2 7 5 30 3 0 2 4 0 61.6455926895141602
0 2 3 5 30 3 12 16 2 0 2 8 5 30 3 12 16 2 16 6 2 5 30 3 0 2 8 0 2 3 0 2 3 1 2 3 5 31 3 16 6 2 0 2 3 5 30 3 5 30 3 16 6 2 0 2 7 0 2 8 1 2 3 0 2 8 0 2 3 0 2 8 5 30 3 0 2 3 0 2 12 0 2 7 5 30 3 16 6 2 1 2 3 0 2 11 1 2 3 0 2 8 0 2 3 0 2 3 0 2 3 0 2 3 9 2 7 0 2 7 0 2 3 0 2 7 0 2 3 5 31 3 0 2 7 0 2 8 16 19 12 0 2 8 1 2 8 16 19 12 0 2 3 0 2 11 1 2 3 0 2 3 16 9 8 0 2 8 0 2 7 0 2 7 8 9 2 0 2 3 1.70832935564606812e-07 66.4766643047332764
5 30 3 0 2 7 1 2 11 12 16 2 5 30 3 0 2 3 1 2 7 0 2 7 0 2 3 6 2 7 5 30 3 0 2 11 5 30 3 5 30 3 12 16 2 1 2 7 1 2 3 0 2 11 1 2 3 0 2 7 0 2 11 8 9 2 16 30 2 0 2 11 0 2 7 1 2 11 0 2 11 13 6 3 5 30 3 17 18 2 16 30 2 0 2 7 16 6 2 0 2 7 0 2 11 16 6 2 17 18 2 5 30 3 0 2 11 1 2 3 5 30 3 0 2 7 0 2 11 0 2 3 0 2 7 0 2 11 8 9 2 1 2 11 0 2 11 0 2 11 0 2 8 0 2 3 0 2 7 0 2 7 0 2 3 5 30 3 1 2 3 0 2 7 17 9 2 0 2 11 0 63.6368421912193298
0 2 7 0 2 7 5 30 3 0 2 7 0 2 7 1 2 7 0 2 3 12 16 2 16 6 2 5 30 3 6 2 7 5 31 3 0 2 7 0 2 3 0 2 7 17 18 2 0 2 3 0 2 7 17 9 2 5 30 3 1 2 7 0 2 7 0 2 7 5 30 3 5 30 3 0 2 7 8 9 2 0 2 7 0 2 7 1 2 7 0 2 7 5 30 3 1 2 3 1 2 7 1 2 7 16 15 2 1 2 7 1 2 4 0 2 7 0 2 7 0 2 7 0 2 7 0 2 7 0 2 10 13 6 3 5 30 3 0 2 7 0 2 10 1 2 7 17 9 2 8 18 2 1 2 7 16 30 2 1 2 7 0 2 3 1 2 7 0 2 7 0 2 3 17 9 2 0 2 7 0 61.708731472492218
1 2 7 1 2 7 5 30 3 0 2 7 0 2 7 0 2 7 0 2 7 12 16 2 16 24 2 5 30 3 1 2 7 0 2 7 0 2 7 0 2 7 0 2 7 17 18 2 0 2 7 0 2 11 17 9 2 5 30 3 0 2 7 1 2 7 0 2 7 5 30 3 5 30 3 0 2 7 12 16 2 0 2 7 0 2 7 17 18 2 5 30 3 8 18 2 1 2 10 6 2 7 1 2 7 0 2 7 17 18 2 0 2 7 0 2 7 0 2 7 0 2 7 0 2 7 1 2 11 8 1 2 0 2 7 0 2 7 0 2 7 16 15 2 0 2 7 8 18 2 5 30 3 0 2 7 17 9 2 0 2 7 8 9 2 1 2 11 5 30 3 1 2 7 1 2 7 0 2 7 0 62.1695581078529358
1 2 7 0 2 4 0 2 7 5 31 3 6 2 7 0 2 7 0 2 7 5 31 3 1 2 7 12 16 2 0 2 7 5 30 3 0 2 4 0 2 7 0 2 4 1 2 4 17 9 2 0 2 7 0 2 7 6 2 7 17 9 2 0 2 7 0 2 7 0 2 7 0 2 7 1 2 7 1 2 7 0 2 4 0 2 7 1 2 7 0 2 7 0 2 4 0 2 7 0 2 7 0 2 7 1 2 7 8 18 2 12 16 2 0 2 7 1 2 7 0 2 4 0 2 7 12 16 2 1 2 7 16 15 2 0 2 7 0 2 7 16 6 2 1 2 11 16 30 2 5 30 3 8 18 2 5 31 3 5 31 3 0 2 7 17 9 2 1 2 7 17 18 2 1 2 7 1 2 7 0 61.392858624458313

Current Evaluation = 9000(9000)
Front Size = 10
5 30 3 0 2 7 0 2 4 5 30 3 0 2 7 0 2 7 1 2 7 12 16 2 0 2 7 1 2 7 5 30 3 0 2 7 5 30 3 12 16 2 1 2 7 0 2 7 5 31 3 0 2 7 1 2 7 0 2 7 0 2 7 6 2 7 5 30 3 0 2 7 1 2 7 16 6 2 5 30 3 16 31 2 0 2 7 0 2 7 1 2 7 1 2 7 0 2 7 0 2 7 0 2 7 1 2 7 0 2 7 1 2 7 1 2 7 13 6 3 12 16 2 0 2 7 0 2 7 12 16 2 0 2 7 1 2 7 17 18 2 0 2 7 16 30 2 0 2 7 16 31 2 13 6 3 0 2 7 0 2 7 5 31 3 0 2 7 17 18 2 0 2 7 0 2 7 17 18 2 0 60.9295322299003601
16 19 11 16 19 11 12 16 2 0 2 8 8 9 2 0 2 8 8 9 2 8 9 2 16 19 12 0 2 8 0 2 8 16 6 2 12 16 2 8 18 2 0 2 8 16 19 11 0 2 8 1 2 8 0 2 8 5 30 3 5 30 3 0 2 8 0 2 8 0 2 8 0 2 8 16 19 12 0 2 8 8 9 2 8 9 2 0 2 8 0 2 8 0 2 8 0 2 8 0 2 8 0 2 8 0 2 8 5 30 3 12 16 2 0 2 8 16 6 2 1 2 8 0 2 8 0 2 8 0 2 8 0 2 8 0 2 8 5 30 3 12 16 2 0 2 8 0 2 8 0 2 8 12 16 2 0 2 8 5 30 3 5 30 3 5 30 3 0 2 8 5 30 3 0 2 8 5 30 3 3.24004817642604444e-05 69.0993940830230713
0 2 7 0 2 7 5 31 3 0 2 7 16 6 2 1 2 7 0 2 7 0 2 10 17 18 2 1 2 7 6 2 7 0 2 7 5 31 3 1 2 7 1 2 7 1 2 4 0 2 7 0 2 7 0 2 7 16 15 2 5 30 3 5 30 3 12 16 2 1 2 7 0 2 7 0 2 7 0 2 7 17 18 2 6 2 4 1 2 7 8 18 2 0 2 4 16 30 2 5 31 3 0 2 7 0 2 7 0 2 7 0 2 4 0 2 7 0 2 7 5 31 3 0 2 7 0 2 7 0 2 7 0 2 7 1 2 4 0 2 4 1 2 7 0 2 4 1 2 7 1 2 7 1 2 7 0 2 7 0 2 7 12 16 2 1 2 7 17 9 2 1 2 3 17 18 2 0 2 7 0 61.175655722618103
16 19 11 16 19 11 12 16 2 0 2 8 0 2 7 0 2 8 12 16 2 0 2 8 16 19 11 0 2 11 6 2 8 16 6 2 12 16 2 8 18 2 0 2 7 16 19 11 6 2 7 0 2 7 0 2 11 5 30 3 5 30 3 0 2 3 0 2 7 0 2 7 0 2 7 16 19 11 0 2 7 8 9 2 8 9 2 0 2 11 0 2 8 0 2 11 0 2 3 0 2 8 0 2 11 0 2 7 5 30 3 12 16 2 0 2 7 16 6 2 0 2 11 0 2 7 0 2 7 0 2 7 0 2 7 0 2 7 5 30 3 12 16 2 0 2 11 0 2 11 0 2 11 12 16 2 0 2 11 5 30 3 5 30 3 5 31 3 0 2 7 5 30 3 0 2 11 5 30 3 0 66.2456968426704407
5 30 3 0 2 3 0 2 7 12 16 2 5 30 3 0 2 7 0 2 7 0 2 7 0 2 7 6 2 11 5 30 3 0 2 11 5 30 3 5 30 3 12 16 2 1 2 11 1 2 3 0 2 7 1 2 7 0 2 7 0 2 11 0 2 7 16 30 2 0 2 11 0 2 3 1 2 3 0 2 11 13 6 3 5 30 3 17 18 2 16 30 2 0 2 11 16 30 2 1 2 3 0 2 7 16 24 2 17 18 2 5 30 3 0 2 11 0 2 7 5 30 3 0 2 11 0 2 7 0 2 7 0 2 7 0 2 7 8 9 2 1 2 11 0 2 11 1 2 8 0 2 7 0 2 3 0 2 7 0 2 3 0 2 8 5 31 3 1 2 11 1 2 7 17 9 2 0 2 7 0 63.3457260131835938
0 2 4 12 16 2 8 9 2 17 9 2 0 2 3 5 31 3 5 30 3 16 6 2 0 2 7 0 2 7 1 2 7 0 2 11 0 2 7 0 2 7 13 6 3 0 2 11 0 2 7 1 2 7 0 2 7 1 2 7 1 2 7 17 18 2 0 2 7 0 2 7 0 2 7 1 2 7 0 2 7 0 2 7 0 2 7 17 18 2 0 2 7 1 2 7 1 2 7 0 2 7 1 2 7 0 2 7 0 2 7 0 2 7 1 2 7 1 2 7 1 2 7 0 2 7 12 16 2 5 30 3 5 30 3 1 2 7 0 2 7 5 30 3 16 6 2 5 31 3 8 18 2 1 2 7 17 9 2 0 2 3 0 2 7 1 2 7 0 2 4 1 2 7 16 19 11 0 2 7 0 61.3878124952316284
12 16 2 1 2 7 12 16 2 16 24 2 8 18 2 0 2 7 0 2 7 5 30 3 5 30 3 0 2 7 0 2 3 5 30 3 0 2 7 0 2 7 1 2 7 0 2 7 0 2 7 16 6 2 1 2 7 0 2 7 0 2 7 0 2 3 0 2 7 5 31 3 0 2 7 16 19 11 16 19 11 0 2 7 0 2 3 0 2 3 0 2 3 0 2 7 0 2 3 12 16 2 16 19 11 1 2 7 0 2 3 16 19 11 8 9 2 5 30 3 0 2 7 8 9 2 0 2 7 0 2 7 0 2 7 5 30 3 0 2 7 0 2 7 0 2 3 12 16 2 0 2 7 6 2 3 0 2 7 12 16 2 16 6 2 5 30 3 5 30 3 0 2 3 1 2 3 1 2 7 0 64.1333869695663452
5 30 3 6 2 7 0 2 7 5 30 3 1 2 7 0 2 7 0 2 7 12 16 2 5 30 3 0 2 7 0 2 7 12 16 2 0 2 7 0 2 4 5 31 3 0 2 7 0 2 7 1 2 7 0 2 4 0 2 7 1 2 7 16 15 2 6 2 7 0 2 7 0 2 3 1 2 7 1 2 7 0 2 7 0 2 7 0 2 7 0 2 4 1 2 7 0 2 7 12 16 2 0 2 7 0 2 7 12 16 2 0 2 7 8 18 2 17 9 2 5 30 3 17 18 2 16 6 2 0 2 7 12 16 2 8 18 2 5 30 3 8 9 2 13 6 3 0 2 7 16 15 2 0 2 7 16 6 2 5 31 3 1 2 7 0 2 7 6 2 7 0 2 7 0 2 7 17 18 2 0 61.7533802390098572
5 30 3 12 16 2 8 9 2 17 9 2 16 6 2 5 30 3 5 30 3 16 6 2 0 2 7 0 2 11 1 2 11 5 30 3 0 2 7 0 2 7 0 2 7 0 2 7 0 2 7 1 2 7 0 2 7 0 2 7 1 2 7 1 2 7 17 9 2 0 2 11 8 9 2 0 2 7 0 2 7 1 2 7 0 2 7 0 2 7 0 2 7 17 18 2 5 30 3 0 2 7 1 2 7 1 2 7 16 19 11 0 2 7 0 2 7 5 30 3 0 2 7 0 2 7 0 2 7 0 2 7 1 2 7 8 9 2 1 2 11 0 2 7 0 2 11 0 2 11 6 2 7 0 2 7 12 16 2 0 2 7 5 31 3 16 19 11 5 31 3 0 2 7 1 2 7 0 2 4 0 62.8235023617744446
5 30 3 12 16 2 12 16 2 5 31 3 5 30 3 16 6 2 5 31 3 5 30 3 5 30 3 5 30 3 8 18 2 16 19 11 12 16 2 16 20 12 8 9 2 12 16 2 8 9 2 1 2 7 0 2 7 0 2 7 17 9 2 0 2 7 12 16 2 0 2 7 0 2 7 1 2 7 1 2 7 0 2 3 6 2 7 12 16 2 0 2 7 0 2 7 0 2 7 0 2 7 0 2 7 0 2 7 1 2 7 0 2 7 0 2 7 0 2 7 17 1 2 0 2 7 5 30 3 0 2 7 0 2 7 0 2 7 0 2 7 0 2 7 0 2 7 0 2 7 0 2 7 0 2 7 0 2 7 16 19 11 0 2 7 1 2 7 0 2 7 0 2 7 16 19 11 1 2 7 0 63.3320909142494202

Current Evaluation = 9900(9900)
Front Size = 10
17 18 2 0 2 7 1 2 7 12 16 2 5 30 3 0 2 7 0 2 7 0 2 7 5 31 3 12 16 2 0 2 7 0 2 7 0 2 7 0 2 7 13 6 3 17 18 2 0 2 7 17 18 2 0 2 7 0 2 7 0 2 7 0 2 7 1 2 7 1 2 7 0 2 7 1 2 7 0 2 7 1 2 7 5 31 3 1 2 7 1 2 7 17 1 2 0 2 7 0 2 7 0 2 7 1 2 7 0 2 7 12 16 2 5 30 3 1 2 7 0 2 7 8 9 2 0 2 7 5 30 3 0 2 7 1 2 7 1 2 7 1 2 7 1 2 7 0 2 7 1 2 7 17 9 2 1 2 7 0 2 7 16 6 2 13 6 3 17 9 2 1 2 7 0 2 7 0 2 7 0 60.3992073535919189
1 2 7 0 2 7 0 2 7 5 30 3 0 2 7 0 2 7 0 2 7 12 16 2 0 2 7 1 2 7 5 31 3 0 2 4 5 30 3 12 16 2 0 2 7 0 2 7 5 31 3 0 2 7 1 2 4 0 2 7 0 2 3 1 2 7 1 2 7 16 6 2 0 2 7 1 2 7 1 2 7 0 2 4 0 2 4 0 2 7 1 2 7 0 2 7 1 2 4 1 2 7 1 2 7 13 6 3 0 2 7 0 2 7 0 2 4 0 2 7 17 18 2 1 2 7 0 2 7 5 30 3 17 18 2 17 9 2 13 6 3 1 2 4 0 2 7 12 16 2 5 31 3 0 2 7 0 2 7 6 2 3 17 9 2 1 2 7 1 2 7 0 2 7 17 18 2 16 30 2 0 60.5762975215911865
0 2 7 0 2 7 1 2 4 17 18 2 0 2 7 5 30 3 17 18 2 1 2 7 1 2 7 0 2 3 5 30 3 5 31 3 12 16 2 0 2 7 17 9 2 0 2 3 1 2 3 0 2 7 0 2 7 0 2 7 1 2 3 1 2 7 0 2 3 13 6 3 5 30 3 12 16 2 8 9 2 0 2 7 5 30 3 5 30 3 0 2 7 0 2 3 0 2 7 0 2 7 1 2 7 0 2 7 16 31 2 0 2 7 0 2 7 1 2 3 1 2 7 6 2 7 0 2 7 16 19 11 0 2 7 0 2 3 1 2 7 16 6 2 0 2 4 1 2 7 0 2 3 0 2 7 0 2 4 1 2 7 0 2 7 1 2 7 0 2 7 16 6 2 0 2 3 5 30 3 0 61.9136794209480286
5 30 3 6 2 7 0 2 7 5 30 3 1 2 7 0 2 7 0 2 7 12 16 2 5 30 3 0 2 7 0 2 7 12 16 2 0 2 7 0 2 4 5 31 3 0 2 7 0 2 7 1 2 7 0 2 4 0 2 7 1 2 7 16 15 2 6 2 7 0 2 7 0 2 3 1 2 7 1 2 7 0 2 7 0 2 7 0 2 7 0 2 4 1 2 7 0 2 7 12 16 2 0 2 7 0 2 7 12 16 2 0 2 7 8 18 2 17 9 2 5 30 3 17 18 2 16 6 2 0 2 7 12 16 2 8 18 2 5 30 3 8 9 2 13 6 3 0 2 7 16 15 2 0 2 7 16 6 2 5 31 3 1 2 7 0 2 7 6 2 7 0 2 7 0 2 7 17 18 2 0 61.7533802390098572
5 30 3 1 2 4 0 2 4 16 6 2 0 2 7 1 2 7 17 18 2 6 2 11 0 2 7 1 2 7 5 30 3 1 2 11 1 2 4 1 2 7 0 2 7 0 2 7 0 2 7 5 30 3 5 30 3 12 16 2 0 2 7 1 2 7 0 2 7 0 2 11 17 18 2 0 2 7 0 2 7 1 2 7 0 2 7 0 2 7 1 2 4 0 2 7 0 2 7 1 2 7 0 2 7 0 2 7 13 6 3 5 30 3 12 16 2 0 2 7 0 2 7 17 9 2 5 31 3 1 2 4 0 2 7 12 16 2 1 2 7 17 18 2 0 2 7 0 2 7 8 18 2 17 9 2 0 2 7 0 2 7 13 6 3 16 31 2 5 30 3 1 2 7 0 2 7 0 2 7 0 60.9998183250427246
16 19 11 16 19 11 12 16 2 0 2 8 8 9 2 0 2 8 8 9 2 8 9 2 16 19 12 0 2 8 0 2 8 16 6 2 12 16 2 8 18 2 0 2 8 16 19 11 0 2 8 1 2 8 0 2 8 5 30 3 5 30 3 0 2 8 0 2 8 0 2 8 0 2 8 16 19 12 0 2 8 8 9 2 8 9 2 0 2 8 0 2 8 0 2 8 0 2 8 0 2 8 0 2 8 0 2 8 5 30 3 12 16 2 0 2 8 16 6 2 1 2 8 0 2 8 0 2 8 0 2 8 0 2 8 0 2 8 5 30 3 12 16 2 0 2 8 0 2 8 0 2 8 12 16 2 0 2 8 5 30 3 5 30 3 5 30 3 0 2 8 5 30 3 0 2 8 5 30 3 3.24004817642604444e-05 69.0993940830230713
0 2 7 1 2 7 1 2 7 8 18 2 1 2 7 17 18 2 1 2 7 0 2 7 1 2 7 5 30 3 17 18 2 1 2 7 1 2 11 0 2 3 0 2 7 5 30 3 5 30 3 12 16 2 0 2 7 0 2 7 0 2 4 8 18 2 0 2 7 17 18 2 0 2 4 0 2 4 0 2 7 0 2 3 0 2 7 0 2 7 0 2 7 0 2 7 0 2 3 13 6 3 5 30 3 12 16 2 8 9 2 1 2 7 0 2 7 16 6 2 5 31 3 5 30 3 0 2 7 0 2 7 16 15 2 12 16 2 0 2 7 1 2 7 0 2 7 0 2 4 0 2 7 0 2 7 1 2 7 1 2 7 0 2 7 1 2 7 0 2 11 16 6 2 1 2 7 17 18 2 0 61.4665783643722534
12 16 2 8 18 2 16 6 2 12 16 2 17 18 2 5 30 3 5 30 3 5 30 3 12 16 2 0 2 7 5 30 3 0 2 7 12 16 2 0 2 7 0 2 7 8 9 2 12 16 2 0 2 7 5 30 3 0 2 7 0 2 7 1 2 7 0 2 7 0 2 7 0 2 7 1 2 7 1 2 4 0 2 7 0 2 7 0 2 7 16 15 2 1 2 11 16 6 2 16 18 11 1 2 7 0 2 7 0 2 7 17 9 2 0 2 7 0 2 7 0 2 7 0 2 7 0 2 7 1 2 7 0 2 7 0 2 7 1 2 7 0 2 7 6 2 7 0 2 7 8 9 2 0 2 7 0 2 7 0 2 7 5 31 3 5 31 3 1 2 7 15 2 11 0 2 7 1 2 4 0 62.493860125541687
12 16 2 0 2 7 12 16 2 5 30 3 5 31 3 5 30 3 12 16 2 16 6 2 16 19 11 16 19 11 0 2 11 0 2 7 0 2 7 0 2 7 1 2 7 16 19 11 0 2 7 0 2 7 17 18 2 0 2 7 13 6 3 1 2 4 0 2 7 6 2 4 0 2 7 0 2 7 0 2 7 0 2 7 5 30 3 5 30 3 5 31 3 0 2 7 17 18 2 0 2 7 0 2 7 6 2 7 0 2 7 0 2 7 0 2 7 0 2 7 0 2 7 1 2 7 6 2 7 1 2 10 0 2 7 0 2 7 5 30 3 12 16 2 1 2 7 6 2 11 0 2 7 12 16 2 0 2 7 0 2 7 1 2 7 17 18 2 0 2 7 8 9 2 0 2 7 5 31 3 0 62.8993591666221619
12 16 2 0 2 7 12 16 2 5 30 3 5 31 3 5 30 3 12 16 2 0 2 11 0 2 7 0 2 7 0 2 7 1 2 7 0 2 7 0 2 7 17 18 2 0 2 7 13 6 3 1 2 4 0 2 7 0 2 7 0 2 7 0 2 7 0 2 7 5 30 3 0 2 7 17 18 2 0 2 7 0 2 7 6 2 7 0 2 7 0 2 7 0 2 7 0 2 7 0 2 7 1 2 7 0 2 7 0 2 7 1 2 7 1 2 7 17 18 2 8 9 2 16 15 2 1 2 7 1 2 7 1 2 7 17 18 2 0 2 3 5 31 3 1 2 11 17 9 2 1 2 7 12 16 2 8 9 2 0 2 7 12 16 2 0 2 3 0 2 7 8 9 2 0 2 7 5 31 3 0.000125510501638420943 62.5502644181251526

Current Evaluation = 10800(10800)
Front Size = 10
17 18 2 0 2 7 1 2 7 12 16 2 5 30 3 0 2 7 0 2 7 0 2 7 5 31 3 12 16 2 0 2 7 0 2 7 0 2 7 0 2 7 13 6 3 17 18 2 0 2 7 17 18 2 0 2 7 0 2 7 0 2 7 0 2 7 1 2 7 1 2 7 0 2 7 1 2 7 0 2 7 1 2 7 5 31 3 1 2 7 1 2 7 17 1 2 0 2 7 0 2 7 0 2 7 1 2 7 0 2 7 12 16 2 5 30 3 1 2 7 0 2 7 8 9 2 0 2 7 5 30 3 0 2 7 1 2 7 1 2 7 1 2 7 1 2 7 0 2 7 1 2 7 17 9 2 1 2 7 0 2 7 16 6 2 13 6 3 17 9 2 1 2 7 0 2 7 0 2 7 0 60.3992073535919189
16 19 11 16 19 11 12 16 2 0 2 8 8 9 2 0 2 8 8 9 2 8 9 2 16 19 12 0 2 8 0 2 8 16 6 2 12 16 2 8 18 2 0 2 8 16 19 11 0 2 8 1 2 8 0 2 8 5 30 3 5 30 3 0 2 8 0 2 8 0 2 8 0 2 8 16 19 12 0 2 8 8 9 2 8 9 2 0 2 8 0 2 8 0 2 8 0 2 8 0 2 8 0 2 8 0 2 8 5 30 3 12 16 2 0 2 8 16 6 2 1 2 8 0 2 8 0 2 8 0 2 8 0 2 8 0 2 8 5 30 3 12 16 2 0 2 8 0 2 8 0 2 8 12 16 2 0 2 8 5 30 3 5 30 3 5 30 3 0 2 8 5 30 3 0 2 8 5 30 3 3.24004817642604444e-05 69.0993940830230713
12 16 2 0 2 7 12 16 2 5 30 3 5 31 3 5 30 3 12 16 2 16 30 2 16 19 11 16 19 11 0 2 3 0 2 3 0 2 7 1 2 7 16 19 11 0 2 4 0 2 7 17 18 2 0 2 3 0 2 7 0 2 7 0 2 7 0 2 7 0 2 7 5 30 3 5 30 3 0 2 7 0 2 3 0 2 7 0 2 7 0 2 7 0 2 7 1 2 7 0 2 7 1 2 7 0 2 3 0 2 7 5 30 3 1 2 7 0 2 7 0 2 3 1 2 7 0 2 7 1 2 7 16 19 11 0 2 7 8 18 2 5 30 3 8 18 2 1 2 7 0 2 7 1 2 3 16 6 2 12 16 2 0 2 3 1 2 7 1 2 7 8 9 2 0 2 7 0 2 7 0 63.4135761260986328
17 18 2 1 2 7 12 16 2 5 30 3 0 2 7 0 2 7 0 2 7 5 31 3 12 16 2 0 2 7 0 2 4 0 2 4 13 6 3 17 18 2 0 2 4 17 18 2 1 2 7 0 2 7 0 2 7 1 2 4 1 2 7 1 2 7 1 2 7 5 31 3 1 2 7 1 2 7 0 2 7 0 2 7 0 2 7 0 2 4 12 16 2 5 30 3 1 2 7 0 2 7 0 2 4 5 30 3 17 9 2 13 6 3 17 9 2 0 2 7 1 2 7 1 2 7 1 2 3 0 2 7 0 2 7 1 2 7 0 2 4 0 2 11 0 2 7 0 2 7 16 6 2 0 2 4 0 2 7 1 2 7 1 2 4 1 2 7 17 18 2 8 18 2 1 2 7 0 2 7 0 60.4905515909194946
12 16 2 0 2 7 12 16 2 5 30 3 5 31 3 5 30 3 12 16 2 16 6 2 16 19 11 16 19 11 0 2 11 0 2 7 0 2 7 0 2 7 1 2 7 16 19 11 0 2 7 0 2 7 17 18 2 0 2 7 13 6 3 1 2 4 0 2 7 6 2 4 0 2 7 0 2 7 0 2 7 0 2 7 5 30 3 5 30 3 5 31 3 0 2 7 17 18 2 0 2 7 0 2 7 6 2 7 0 2 7 0 2 7 0 2 7 0 2 7 0 2 7 1 2 7 6 2 7 1 2 10 0 2 7 0 2 7 5 30 3 12 16 2 1 2 7 6 2 11 0 2 7 12 16 2 0 2 7 0 2 7 1 2 7 17 18 2 0 2 7 8 9 2 0 2 7 5 31 3 0 62.8993591666221619
12 16 2 5 30 3 12 16 2 12 16 2 5 30 3 8 9 2 5 30 3 16 6 2 16 19 12 0 2 8 0 2 8 8 18 2 0 2 7 0 2 7 0 2 8 0 2 7 1 2 8 0 2 7 0 2 7 13 6 3 0 2 8 0 2 8 0 2 8 0 2 8 0 2 7 0 2 7 0 2 7 1 2 7 1 2 7 0 2 8 1 2 7 0 2 7 5 30 3 0 2 8 1 2 7 8 9 2 17 1 2 0 2 8 0 2 7 0 2 7 5 30 3 0 2 8 0 2 8 0 2 7 0 2 8 0 2 8 8 9 2 0 2 8 0 2 8 0 2 8 0 2 7 8 9 2 17 9 2 1 2 7 0 2 7 0 2 8 17 9 2 0 2 8 0 2 7 0 2 7 0.0125986844479675907 64.9439387321472168
17 18 2 0 2 7 12 16 2 5 30 3 0 2 7 0 2 7 12 16 2 0 2 7 1 2 7 0 2 7 13 6 3 17 18 2 0 2 3 17 18 2 0 2 7 0 2 4 1 2 7 6 2 3 0 2 7 0 2 7 0 2 7 1 2 7 1 2 7 1 2 3 0 2 7 1 2 7 1 2 7 12 16 2 5 30 3 0 2 7 0 2 7 1 2 4 5 30 3 0 2 7 1 2 7 0 2 7 17 1 2 16 6 2 13 6 3 17 9 2 0 2 7 0 2 7 1 2 7 0 2 7 1 2 7 0 2 11 0 2 7 5 30 3 5 30 3 0 2 7 1 2 7 0 2 4 1 2 7 5 31 3 17 9 2 8 18 2 0 2 3 1 2 7 0 2 7 0 2 7 0 60.9760164022445679
17 9 2 1 2 7 12 16 2 5 30 3 0 2 7 1 2 7 0 2 7 12 16 2 1 2 4 0 2 7 0 2 7 13 6 3 16 15 2 0 2 7 8 9 2 0 2 4 0 2 7 0 2 7 1 2 7 1 2 7 1 2 7 1 2 7 0 2 4 1 2 7 0 2 4 0 2 7 0 2 7 1 2 7 12 16 2 5 30 3 1 2 7 0 2 4 0 2 7 5 30 3 8 9 2 8 9 2 17 9 2 1 2 7 1 2 7 0 2 7 1 2 7 0 2 7 0 2 7 0 2 7 0 2 7 17 9 2 0 2 7 5 30 3 17 9 2 0 2 7 16 15 2 8 18 2 17 9 2 0 2 7 0 2 4 5 30 3 0 2 7 0 2 7 0 2 7 5 30 3 0 61.2268832921981812
5 30 3 6 2 7 0 2 7 5 30 3 1 2 7 0 2 7 0 2 7 12 16 2 5 30 3 0 2 7 0 2 7 12 16 2 0 2 7 0 2 4 5 31 3 0 2 7 0 2 7 1 2 7 0 2 4 0 2 7 1 2 7 16 15 2 6 2 7 0 2 7 0 2 3 1 2 7 1 2 7 0 2 7 0 2 7 0 2 7 0 2 4 1 2 7 0 2 7 12 16 2 0 2 7 0 2 7 12 16 2 0 2 7 8 18 2 17 9 2 5 30 3 17 18 2 16 6 2 0 2 7 12 16 2 8 18 2 5 30 3 8 9 2 13 6 3 0 2 7 16 15 2 0 2 7 16 6 2 5 31 3 1 2 7 0 2 7 6 2 7 0 2 7 0 2 7 17 18 2 0 61.7533802390098572
12 16 2 13 6 3 12 16 2 5 30 3 5 30 3 5 30 3 12 16 2 16 6 2 0 2 7 0 2 7 0 2 3 0 2 7 1 2 7 0 2 7 1 2 7 17 18 2 0 2 7 13 6 3 1 2 7 0 2 7 0 2 7 1 2 7 0 2 7 5 30 3 5 30 3 0 2 7 17 18 2 0 2 7 17 9 2 1 2 7 0 2 7 0 2 7 1 2 7 1 2 3 5 30 3 0 2 7 0 2 7 17 18 2 17 9 2 1 2 3 1 2 7 8 1 2 0 2 7 0 2 7 5 30 3 0 2 3 8 9 2 0 2 7 0 2 7 0 2 3 6 2 7 0 2 7 1 2 7 0 2 7 12 16 2 0 2 3 0 2 7 1 2 7 0 2 7 1 2 7 0 61.6714881062507629

Current Evaluation = 11700(11700)
Front Size = 10
17 18 2 0 2 4 1 2 7 1 2 7 0 2 7 0 2 7 0 2 7 0 2 7 5 31 3 12 16 2 0 2 4 0 2 4 0 2 4 1 2 7 13 6 3 0 2 7 0 2 7 0 2 7 0 2 11 0 2 7 1 2 4 1 2 7 0 2 7 1 2 7 0 2 7 1 2 4 5 31 3 1 2 7 0 2 4 1 2 7 0 2 4 0 2 7 0 2 7 0 2 7 12 16 2 5 30 3 0 2 7 0 2 7 5 30 3 6 2 4 17 9 2 13 6 3 17 9 2 17 9 2 0 2 7 1 2 4 17 9 2 0 2 7 0 2 7 5 31 3 1 2 7 1 2 7 12 16 2 1 2 7 1 2 7 0 2 7 16 6 2 1 2 7 1 2 7 17 9 2 0 60.3938706517219543
16 19 11 16 19 11 12 16 2 0 2 8 8 9 2 0 2 8 8 9 2 8 9 2 16 19 12 0 2 8 0 2 8 16 6 2 12 16 2 8 18 2 0 2 8 16 19 11 0 2 8 1 2 8 0 2 8 5 30 3 5 30 3 0 2 8 0 2 8 0 2 8 0 2 8 16 19 12 0 2 8 8 9 2 8 9 2 0 2 8 0 2 8 0 2 8 0 2 8 0 2 8 0 2 8 0 2 8 5 30 3 12 16 2 0 2 8 16 6 2 1 2 8 0 2 8 0 2 8 0 2 8 0 2 8 0 2 8 5 30 3 12 16 2 0 2 8 0 2 8 0 2 8 12 16 2 0 2 8 5 30 3 5 30 3 5 30 3 0 2 8 5 30 3 0 2 8 5 30 3 3.24004817642604444e-05 69.0993940830230713
17 18 2 0 2 7 1 2 7 12 16 2 5 30 3 0 2 7 0 2 7 0 2 7 5 31 3 12 16 2 0 2 7 0 2 7 0 2 7 0 2 7 13 6 3 17 18 2 0 2 7 17 18 2 0 2 7 0 2 7 0 2 7 0 2 7 1 2 7 1 2 7 0 2 7 1 2 7 0 2 7 1 2 7 5 31 3 1 2 7 1 2 7 17 1 2 0 2 7 0 2 7 0 2 7 1 2 7 0 2 7 12 16 2 5 30 3 1 2 7 0 2 7 8 9 2 0 2 7 5 30 3 0 2 7 1 2 7 1 2 7 1 2 7 1 2 7 0 2 7 1 2 7 17 9 2 1 2 7 0 2 7 16 6 2 13 6 3 17 9 2 1 2 7 0 2 7 0 2 7 0 60.3992073535919189
0 2 7 1 2 7 12 16 2 0 2 7 0 2 7 13 6 3 1 2 7 12 16 2 0 2 7 0 2 7 1 2 7 0 2 7 13 6 3 1 2 7 0 2 7 0 2 7 0 2 7 0 2 7 0 2 7 0 2 7 0 2 7 1 2 7 0 2 7 0 2 7 0 2 7 0 2 7 12 16 2 5 30 3 0 2 7 0 2 7 1 2 7 1 2 7 0 2 7 1 2 7 17 9 2 17 9 2 8 9 2 1 2 4 17 18 2 0 2 7 1 2 7 5 30 3 0 2 7 0 2 7 5 30 3 5 30 3 0 2 4 13 6 3 17 9 2 1 2 3 12 16 2 1 2 4 1 2 4 1 2 7 17 9 2 16 15 2 5 30 3 17 9 2 8 18 2 1 2 7 0 60.4130972623825073
0 2 4 1 2 4 12 16 2 0 2 7 0 2 7 0 2 7 1 2 7 12 16 2 0 2 7 0 2 7 1 2 11 0 2 7 13 6 3 0 2 7 0 2 7 6 2 7 0 2 7 0 2 7 0 2 7 0 2 7 0 2 7 1 2 4 0 2 7 0 2 7 0 2 7 0 2 7 12 16 2 5 30 3 0 2 4 0 2 7 6 2 7 1 2 7 0 2 7 1 2 7 17 9 2 17 9 2 5 31 3 1 2 4 17 18 2 0 2 7 1 2 7 5 30 3 0 2 7 0 2 7 5 31 3 5 30 3 0 2 7 13 6 3 17 9 2 1 2 7 12 16 2 1 2 4 1 2 4 1 2 4 17 9 2 16 15 2 5 30 3 17 9 2 8 18 2 0 2 7 0 61.0559743642807007
12 16 2 0 2 7 12 16 2 5 30 3 5 31 3 5 30 3 12 16 2 16 6 2 16 19 11 16 19 11 0 2 11 0 2 7 0 2 7 0 2 7 1 2 7 16 19 11 0 2 7 0 2 7 17 18 2 0 2 7 13 6 3 1 2 4 0 2 7 6 2 4 0 2 7 0 2 7 0 2 7 0 2 7 5 30 3 5 30 3 5 31 3 0 2 7 17 18 2 0 2 7 0 2 7 6 2 7 0 2 7 0 2 7 0 2 7 0 2 7 0 2 7 1 2 7 6 2 7 1 2 10 0 2 7 0 2 7 5 30 3 12 16 2 1 2 7 6 2 11 0 2 7 12 16 2 0 2 7 0 2 7 1 2 7 17 18 2 0 2 7 8 9 2 0 2 7 5 31 3 0 62.8993591666221619
17 18 2 1 2 7 12 16 2 5 30 3 0 2 7 0 2 7 0 2 4 5 30 3 12 16 2 0 2 7 1 2 4 0 2 7 13 6 3 1 2 7 1 2 7 0 2 7 0 2 7 0 2 7 1 2 7 0 2 7 1 2 7 5 30 3 0 2 7 0 2 4 0 2 7 1 2 7 1 2 4 1 2 7 12 16 2 5 31 3 1 2 7 1 2 7 0 2 7 5 31 3 17 9 2 13 6 3 17 9 2 1 2 7 0 2 7 0 2 7 6 2 7 0 2 7 0 2 4 1 2 4 16 15 2 6 2 7 8 18 2 0 2 7 17 18 2 17 18 2 0 2 7 1 2 4 0 2 4 0 2 7 12 16 2 0 2 4 0 2 7 17 9 2 0 2 7 0 2 4 0 60.5846275091171265
12 16 2 0 2 7 16 6 2 5 30 3 5 30 3 5 30 3 12 16 2 16 6 2 0 2 7 1 2 7 17 1 2 0 2 7 0 2 7 0 2 7 0 2 7 17 9 2 1 2 11 13 6 3 0 2 7 0 2 7 0 2 7 1 2 7 0 2 7 0 2 7 5 30 3 5 30 3 0 2 7 0 2 7 1 2 7 0 2 7 0 2 7 0 2 7 0 2 7 0 2 7 1 2 7 0 2 7 0 2 7 1 2 7 8 9 2 16 19 11 8 9 2 17 9 2 0 2 7 5 30 3 8 18 2 0 2 7 1 2 11 1 2 7 0 2 7 5 31 3 12 16 2 1 2 7 0 2 7 12 16 2 17 9 2 0 2 7 0 2 7 0 2 7 0 2 7 5 30 3 0 62.1386839151382446
0 2 7 1 2 4 12 16 2 5 30 3 0 2 7 0 2 7 1 2 7 12 16 2 0 2 7 0 2 7 0 2 4 0 2 7 5 30 3 0 2 7 0 2 7 1 2 7 1 2 7 0 2 4 0 2 7 0 2 4 0 2 4 1 2 7 1 2 7 0 2 7 1 2 7 12 16 2 5 31 3 0 2 7 0 2 7 0 2 7 1 2 7 17 18 2 1 2 4 17 18 2 5 30 3 16 6 2 0 2 7 1 2 7 17 9 2 1 2 7 8 9 2 13 6 3 1 2 7 0 2 7 0 2 7 1 2 7 0 2 7 0 2 7 5 31 3 0 2 7 0 2 4 6 2 7 0 2 7 1 2 7 17 9 2 0 2 7 5 31 3 0 2 7 17 18 2 17 1 2 0 60.9591655135154724
17 18 2 1 2 7 12 16 2 5 30 3 0 2 7 0 2 7 0 2 7 5 31 3 12 16 2 0 2 7 13 6 3 17 18 2 17 18 2 1 2 7 0 2 7 0 2 7 1 2 7 1 2 7 1 2 7 5 31 3 1 2 7 1 2 7 0 2 7 0 2 7 0 2 7 12 16 2 5 30 3 1 2 7 0 2 7 5 30 3 17 9 2 13 6 3 17 9 2 0 2 7 1 2 7 1 2 7 0 2 7 0 2 7 1 2 7 0 2 7 0 2 7 16 6 2 0 2 7 1 2 7 1 2 7 1 2 7 0 2 7 0 2 4 0 2 7 0 2 4 1 2 4 0 2 4 1 2 7 1 2 3 0 2 4 0 2 11 0 2 7 1 2 4 17 18 2 8 18 2 0.000118204455683204801 60.4799995422363281

Current Evaluation = 12600(12600)
Front Size = 10
17 18 2 1 2 7 13 6 3 0 2 7 1 2 7 0 2 7 0 2 7 12 16 2 0 2 4 1 2 7 13 6 3 0 2 7 0 2 7 1 2 7 0 2 7 1 2 7 0 2 7 0 2 7 0 2 7 1 2 7 0 2 4 1 2 7 5 30 3 17 9 2 13 6 3 17 9 2 17 9 2 1 2 7 1 2 4 17 9 2 0 2 7 0 2 7 12 16 2 1 2 7 1 2 7 1 2 7 0 2 7 0 2 7 0 2 7 12 16 2 1 2 7 0 2 7 0 2 7 5 31 3 5 31 3 0 2 4 0 2 7 1 2 7 5 30 3 1 2 7 0 2 7 1 2 7 0 2 7 1 2 7 1 2 4 17 18 2 0 2 4 1 2 4 0 2 7 17 9 2 0 59.7875515222549438
12 16 2 1 2 7 12 16 2 5 31 3 5 31 3 12 16 2 0 2 7 0 2 11 1 2 7 0 2 7 0 2 7 0 2 7 0 2 7 13 6 3 0 2 3 1 2 7 1 2 7 0 2 7 0 2 7 0 2 7 0 2 7 0 2 7 0 2 7 0 2 3 1 2 7 1 2 7 1 2 7 1 2 7 5 31 3 1 2 7 16 18 11 1 2 7 1 2 7 5 31 3 1 2 7 1 2 7 0 2 7 0 2 4 17 9 2 0 2 7 0 2 7 0 2 7 0 2 7 8 9 2 0 2 7 16 6 2 0 2 12 0 2 7 0 2 7 1 2 7 12 16 2 16 9 11 16 6 2 1 2 7 0 2 7 1 2 3 12 16 2 0 2 7 17 18 2 17 18 2 0 61.6328666210174561
12 16 2 0 2 7 12 16 2 5 30 3 5 30 3 12 16 2 1 2 4 0 2 4 0 2 7 13 6 3 1 2 7 1 2 7 0 2 7 0 2 7 0 2 7 0 2 4 1 2 7 8 9 2 0 2 7 1 2 7 0 2 7 17 18 2 1 2 7 0 2 7 1 2 7 0 2 7 0 2 7 0 2 10 0 2 7 1 2 7 17 18 2 17 18 2 5 30 3 1 2 4 5 30 3 5 31 3 0 2 7 16 30 2 17 18 2 0 2 7 0 2 7 17 9 2 0 2 3 13 6 3 1 2 7 0 2 7 5 30 3 0 2 7 1 2 7 1 2 3 0 2 3 1 2 7 0 2 7 0 2 4 0 2 7 1 2 7 0 2 3 1 2 7 16 19 11 0 2 4 0 61.1631014347076416
12 16 2 0 2 7 12 16 2 5 30 3 5 30 3 12 16 2 0 2 11 0 2 7 0 2 7 0 2 7 1 2 4 0 2 11 0 2 4 13 6 3 1 2 7 1 2 7 0 2 7 0 2 7 0 2 7 1 2 11 0 2 4 0 2 7 1 2 4 1 2 7 1 2 4 0 2 4 1 2 11 0 2 4 0 2 7 0 2 7 1 2 4 1 2 7 0 2 7 17 9 2 0 2 7 0 2 7 1 2 7 0 2 7 0 2 7 0 2 7 0 2 7 1 2 7 17 18 2 17 18 2 5 31 3 1 2 7 5 30 3 5 31 3 5 30 3 0 2 7 16 6 2 17 18 2 12 16 2 16 18 11 0 2 7 0 2 7 17 9 2 8 9 2 12 16 2 13 6 3 0 61.5452243685722351
17 18 2 0 2 7 1 2 4 12 16 2 5 30 3 0 2 7 0 2 7 0 2 7 5 31 3 12 16 2 0 2 7 0 2 7 0 2 7 0 2 7 13 6 3 17 18 2 0 2 7 17 18 2 0 2 7 0 2 7 0 2 7 0 2 7 1 2 7 1 2 7 0 2 7 1 2 7 0 2 7 1 2 3 5 31 3 1 2 4 1 2 11 13 6 3 0 2 7 0 2 7 0 2 7 0 2 7 1 2 7 12 16 2 5 30 3 1 2 7 0 2 7 17 9 2 0 2 7 5 30 3 0 2 7 1 2 4 1 2 7 1 2 7 1 2 4 0 2 7 1 2 7 17 9 2 1 2 7 1 2 7 16 6 2 13 6 3 17 9 2 1 2 7 0 2 7 0 2 7 0 60.1751073598861694
16 19 11 16 19 11 12 16 2 0 2 8 8 9 2 0 2 8 8 9 2 8 9 2 16 19 12 0 2 8 0 2 8 16 6 2 12 16 2 8 18 2 0 2 8 16 19 11 0 2 8 1 2 8 0 2 8 5 30 3 5 30 3 0 2 8 0 2 8 0 2 8 0 2 8 16 19 12 0 2 8 8 9 2 8 9 2 0 2 8 0 2 8 0 2 8 0 2 8 0 2 8 0 2 8 0 2 8 5 30 3 12 16 2 0 2 8 16 6 2 1 2 8 0 2 8 0 2 8 0 2 8 0 2 8 0 2 8 5 30 3 12 16 2 0 2 8 0 2 8 0 2 8 12 16 2 0 2 8 5 30 3 5 30 3 5 30 3 0 2 8 5 30 3 0 2 8 5 30 3 3.24004817642604444e-05 69.0993940830230713
17 18 2 0 2 11 1 2 7 12 16 2 5 30 3 1 2 7 0 2 7 1 2 7 5 30 3 12 16 2 1 2 11 0 2 7 0 2 7 13 6 3 17 18 2 1 2 7 17 18 2 0 2 7 0 2 7 1 2 4 0 2 7 0 2 7 0 2 7 0 2 7 1 2 4 0 2 7 0 2 7 5 30 3 0 2 7 1 2 7 0 2 7 0 2 7 1 2 7 0 2 7 12 16 2 5 31 3 0 2 7 5 30 3 1 2 7 0 2 4 0 2 7 17 9 2 13 6 3 17 9 2 1 2 7 1 2 7 0 2 7 0 2 7 1 2 7 0 2 7 1 2 7 1 2 7 1 2 7 0 2 7 16 31 2 1 2 7 0 2 7 13 6 3 0 2 7 17 9 2 0 60.1593303680419922
17 18 2 0 2 7 1 2 7 12 16 2 5 30 3 0 2 7 0 2 7 0 2 7 5 31 3 12 16 2 0 2 7 0 2 7 0 2 7 0 2 7 13 6 3 17 18 2 0 2 7 17 18 2 0 2 7 0 2 7 0 2 7 0 2 7 1 2 7 1 2 7 0 2 7 1 2 7 0 2 7 1 2 7 5 31 3 1 2 7 1 2 7 17 1 2 0 2 7 0 2 7 0 2 7 1 2 7 0 2 7 12 16 2 5 30 3 1 2 7 0 2 7 8 9 2 0 2 7 5 30 3 0 2 7 1 2 7 1 2 7 1 2 7 1 2 7 0 2 7 1 2 7 17 9 2 1 2 7 0 2 7 16 6 2 13 6 3 17 9 2 1 2 7 0 2 7 0 2 7 0 60.3992073535919189
0 2 7 0 2 4 12 16 2 0 2 7 0 2 7 13 6 3 1 2 7 12 16 2 0 2 7 0 2 7 1 2 7 0 2 4 1 2 7 0 2 7 0 2 7 0 2 4 0 2 7 0 2 4 0 2 7 0 2 7 1 2 7 1 2 7 6 2 7 0 2 4 0 2 7 12 16 2 1 2 7 0 2 7 0 2 4 1 2 4 1 2 4 0 2 7 0 2 7 17 9 2 17 9 2 17 18 2 0 2 4 5 30 3 5 30 3 1 2 7 1 2 7 1 2 4 5 30 3 0 2 4 5 31 3 0 2 1 0 2 7 13 6 3 8 9 2 5 31 3 1 2 11 1 2 7 17 9 2 17 9 2 1 2 7 0 2 7 17 9 2 1 2 1 12 16 2 17 18 2 0 61.1389855742454529
12 16 2 0 2 7 12 16 2 5 30 3 5 31 3 12 16 2 16 30 2 6 2 7 0 2 7 0 2 7 0 2 7 0 2 4 17 9 2 6 2 7 13 6 3 0 2 7 6 2 3 0 2 7 1 2 7 0 2 7 0 2 7 5 30 3 0 2 7 0 2 7 0 2 7 1 2 7 6 2 7 12 16 2 1 2 7 1 2 3 5 30 3 16 19 11 5 31 3 0 2 7 17 18 2 1 2 7 0 2 7 0 2 4 0 2 4 12 16 2 0 2 7 0 2 7 17 18 2 0 2 7 0 2 4 0 2 7 5 30 3 1 2 11 16 19 11 0 2 7 0 2 7 0 2 7 1 2 4 5 31 3 0 2 3 1 2 7 0 2 7 0 2 7 0 2 7 17 1 2 0 62.2610272765159607

Current Evaluation = 13500(13500)
Front Size = 10
17 18 2 1 2 7 13 6 3 0 2 7 1 2 7 0 2 7 0 2 7 12 16 2 0 2 4 1 2 7 13 6 3 0 2 7 0 2 7 1 2 7 0 2 7 1 2 7 0 2 7 0 2 7 0 2 7 1 2 7 0 2 4 1 2 7 5 30 3 17 9 2 13 6 3 17 9 2 17 9 2 1 2 7 1 2 4 17 9 2 0 2 7 0 2 7 12 16 2 1 2 7 1 2 7 1 2 7 0 2 7 0 2 7 0 2 7 12 16 2 1 2 7 0 2 7 0 2 7 5 31 3 5 31 3 0 2 4 0 2 7 1 2 7 5 30 3 1 2 7 0 2 7 1 2 7 0 2 7 1 2 7 1 2 4 17 18 2 0 2 4 1 2 4 0 2 7 17 9 2 0 59.7875515222549438
16 19 11 16 19 11 12 16 2 0 2 8 8 9 2 0 2 8 8 9 2 8 9 2 16 19 12 0 2 8 0 2 8 16 6 2 12 16 2 8 18 2 0 2 8 16 19 11 0 2 8 1 2 8 0 2 8 5 30 3 5 30 3 0 2 8 0 2 8 0 2 8 0 2 8 16 19 12 0 2 8 8 9 2 8 9 2 0 2 8 0 2 8 0 2 8 0 2 8 0 2 8 0 2 8 0 2 8 5 30 3 12 16 2 0 2 8 16 6 2 1 2 8 0 2 8 0 2 8 0 2 8 0 2 8 0 2 8 5 30 3 12 16 2 0 2 8 0 2 8 0 2 8 12 16 2 0 2 8 5 30 3 5 30 3 5 30 3 0 2 8 5 30 3 0 2 8 5 30 3 3.24004817642604444e-05 69.0993940830230713
0 2 7 0 2 7 1 2 4 1 2 7 1 2 3 13 6 3 0 2 7 12 16 2 0 2 3 0 2 3 6 2 4 1 2 4 0 2 7 0 2 7 0 2 7 0 2 4 1 2 7 0 2 11 1 2 4 0 2 7 12 16 2 1 2 7 1 2 3 0 2 7 1 2 11 0 2 4 0 2 7 17 9 2 17 9 2 17 18 2 5 30 3 5 30 3 1 2 7 1 2 7 5 30 3 5 31 3 0 2 7 13 6 3 1 2 7 1 2 11 17 9 2 1 2 11 0 2 7 17 18 2 0 2 7 0 2 3 0 2 7 15 2 1 0 2 7 0 2 7 0 2 4 1 2 7 0 2 4 0 2 7 17 9 2 0 2 7 1 2 4 17 9 2 1 2 7 1 2 7 0 60.9120036959648132
0 2 3 12 16 2 5 30 3 5 30 3 12 16 2 5 31 3 5 30 3 0 2 7 13 6 3 0 2 7 0 2 7 1 2 7 1 2 7 0 2 7 17 18 2 1 2 7 0 2 7 6 2 7 0 2 3 0 2 3 17 1 2 0 2 7 6 2 4 16 6 2 0 2 4 0 2 3 6 2 7 0 2 7 5 31 3 0 2 7 0 2 7 17 9 2 0 2 7 0 2 7 0 2 11 0 2 7 1 2 7 0 2 3 0 2 7 1 2 7 1 2 3 6 2 7 0 2 3 1 2 7 17 9 2 12 16 2 5 31 3 0 2 7 0 2 7 0 2 7 16 30 2 1 2 7 0 2 7 16 6 2 0 2 7 5 30 3 1 2 7 0 2 11 0 2 7 5 30 3 0 61.913422703742981
12 16 2 5 30 3 5 30 3 12 16 2 5 30 3 5 30 3 0 2 7 13 6 3 1 2 7 0 2 4 1 2 7 1 2 7 1 2 7 17 18 2 17 18 2 1 2 7 0 2 7 16 31 2 1 2 7 0 2 7 17 9 2 13 6 3 1 2 7 1 2 7 0 2 7 1 2 7 1 2 4 0 2 7 0 2 7 0 2 7 17 9 2 1 2 7 0 2 7 0 2 7 1 2 7 0 2 7 0 2 7 1 2 7 17 9 2 0 2 7 1 2 7 0 2 7 5 31 3 1 2 7 0 2 7 0 2 7 0 2 7 1 2 4 0 2 11 0 2 7 17 18 2 0 2 7 12 16 2 0 2 7 0 2 7 13 6 3 0 2 7 1 2 11 0 2 7 0 2 7 0 60.1593303680419922
12 16 2 16 6 2 12 16 2 8 18 2 5 30 3 5 30 3 5 30 3 12 16 2 12 16 2 16 19 11 1 2 7 0 2 8 5 31 3 1 2 7 8 9 2 17 18 2 16 19 12 1 2 7 0 2 8 1 2 7 0 2 7 0 2 7 1 2 8 1 2 7 0 2 8 13 6 3 0 2 8 0 2 8 16 19 12 1 2 7 8 9 2 0 2 4 1 2 7 1 2 7 5 31 3 0 2 7 16 30 2 0 2 3 0 2 8 0 2 8 16 6 2 1 2 8 0 2 7 0 2 8 0 2 8 0 2 8 0 2 7 5 30 3 0 2 8 0 2 8 0 2 4 0 2 3 0 2 7 5 30 3 5 30 3 5 30 3 0 2 8 1 2 7 0 2 8 5 30 3 0.0176402859585421852 65.1611921787261963
0 2 7 12 16 2 5 30 3 5 31 3 12 16 2 0 2 7 13 6 3 1 2 7 0 2 7 6 2 7 1 2 7 1 2 4 17 18 2 1 2 7 1 2 11 1 2 7 0 2 7 17 9 2 13 6 3 1 2 7 1 2 7 0 2 7 1 2 7 1 2 7 0 2 7 0 2 7 0 2 7 17 9 2 1 2 7 0 2 7 0 2 7 1 2 7 0 2 7 0 2 7 1 2 7 17 9 2 0 2 4 0 2 7 1 2 7 0 2 7 5 31 3 1 2 7 0 2 7 0 2 7 0 2 7 5 31 3 0 2 7 17 9 2 0 2 7 0 2 7 0 2 7 16 15 2 0 2 7 0 2 7 0 2 7 17 9 2 1 2 4 1 2 7 0 2 7 6 2 3 0 60.2733585238456726
1 2 7 0 2 7 0 2 7 1 2 7 13 6 3 0 2 7 12 16 2 1 2 7 0 2 3 0 2 7 6 2 7 0 2 7 0 2 4 0 2 7 0 2 7 0 2 4 0 2 7 6 2 7 1 2 7 1 2 7 0 2 7 0 2 4 17 9 2 17 9 2 17 18 2 5 31 3 5 30 3 1 2 7 1 2 4 5 31 3 5 31 3 0 2 7 13 6 3 1 2 7 17 9 2 1 2 7 12 16 2 0 2 7 0 2 7 0 2 7 0 2 7 0 2 7 0 2 7 0 2 7 1 2 7 0 2 7 1 2 7 0 2 7 0 2 7 1 2 7 1 2 7 6 2 7 16 15 2 0 2 7 5 30 3 1 2 7 17 9 2 1 2 7 0 2 7 17 9 2 0 60.3912466168403625
0 2 3 12 16 2 5 30 3 5 30 3 12 16 2 5 30 3 5 30 3 0 2 7 13 6 3 1 2 7 0 2 4 1 2 7 1 2 7 1 2 7 17 18 2 17 18 2 1 2 7 0 2 7 16 31 2 1 2 7 0 2 7 17 9 2 13 6 3 1 2 7 1 2 7 0 2 7 1 2 7 1 2 4 16 30 2 0 2 7 0 2 3 0 2 7 0 2 7 17 9 2 1 2 7 0 2 7 0 2 7 1 2 7 0 2 7 0 2 7 0 2 3 1 2 7 17 9 2 0 2 3 0 2 4 0 2 3 0 2 7 1 2 7 0 2 3 0 2 7 5 31 3 1 2 7 0 2 7 0 2 3 0 2 7 0 2 7 1 2 4 1 2 7 0 2 11 1 2 7 0 60.6444036960601807
0 2 7 12 16 2 5 30 3 5 31 3 0 2 4 1 2 4 0 2 4 13 6 3 1 2 7 0 2 7 0 2 7 1 2 4 1 2 7 17 18 2 17 18 2 1 2 7 1 2 7 0 2 7 0 2 7 17 9 2 13 6 3 1 2 7 1 2 4 1 2 7 1 2 1 0 2 4 0 2 4 0 2 7 0 2 7 17 9 2 1 2 7 0 2 4 6 2 7 1 2 4 0 2 7 0 2 7 17 9 2 0 2 7 0 2 7 0 2 7 5 31 3 0 2 7 1 2 7 0 2 7 5 30 3 0 2 4 17 9 2 0 2 7 0 2 4 1 2 7 0 2 3 5 30 3 1 2 7 0 2 7 17 18 2 0 2 7 1 2 4 0 2 7 1 2 7 12 16 2 0 60.4344326853752136

Current Evaluation = 14400(14400)
Front Size = 10
0 2 7 12 16 2 5 30 3 5 31 3 0 2 7 1 2 7 0 2 7 13 6 3 1 2 7 0 2 7 0 2 7 1 2 4 1 2 7 17 18 2 17 18 2 1 2 7 1 2 7 1 2 7 1 2 7 17 9 2 13 6 3 1 2 7 1 2 7 13 6 3 0 2 7 0 2 7 0 2 7 17 9 2 0 2 7 0 2 4 17 9 2 0 2 7 1 2 7 0 2 7 12 16 2 0 2 7 5 30 3 17 9 2 0 2 7 0 2 7 0 2 4 12 16 2 1 2 7 1 2 7 0 2 7 1 2 7 0 2 7 0 2 7 1 2 4 0 2 4 1 2 7 1 2 7 5 31 3 0 2 7 0 2 7 1 2 4 0 2 7 0 2 7 17 18 2 1 2 4 0 59.7875515222549438
12 16 2 5 30 3 5 30 3 12 16 2 5 30 3 0 2 7 13 6 3 0 2 7 0 2 7 1 2 7 1 2 7 0 2 7 8 18 2 0 2 7 0 2 7 0 2 3 0 2 7 0 2 7 5 31 3 5 30 3 0 2 7 17 9 2 8 9 2 0 2 7 0 2 7 0 2 7 1 2 7 1 2 7 1 2 7 17 9 2 12 16 2 0 2 7 0 2 7 0 2 7 0 2 7 0 2 7 1 2 7 1 2 7 0 2 7 1 2 3 1 2 7 0 2 3 0 2 7 1 2 7 1 2 7 0 2 7 16 30 2 17 9 2 17 9 2 0 2 7 0 2 7 0 2 7 0 2 7 13 6 3 5 30 3 16 15 2 16 6 2 5 30 3 0 2 7 1 2 4 0 61.1377522945404053
0 2 7 12 16 2 5 30 3 5 30 3 12 16 2 5 30 3 0 2 7 13 6 3 0 2 7 0 2 7 0 2 10 1 2 7 0 2 7 17 18 2 17 18 2 17 18 2 1 2 10 6 2 7 0 2 7 16 6 2 6 2 7 1 2 4 0 2 3 5 30 3 0 2 7 0 2 7 8 9 2 0 2 7 0 2 7 0 2 7 0 2 7 0 2 7 1 2 7 0 2 7 0 2 7 17 9 2 5 30 3 1 2 10 0 2 7 0 2 7 16 24 2 1 2 4 0 2 7 16 6 2 0 2 7 1 2 7 0 2 7 5 31 3 1 2 7 1 2 7 1 2 7 0 2 7 0 2 7 1 2 7 0 2 7 0 2 7 0 2 7 5 31 3 0 2 7 5 31 3 0 61.4485994577407837
12 16 2 0 2 7 5 30 3 12 16 2 0 2 4 13 6 3 1 2 7 0 2 7 1 2 7 0 2 11 0 2 7 17 18 2 17 18 2 1 2 7 1 2 7 1 2 7 0 2 7 17 9 2 13 6 3 1 2 7 1 2 7 0 2 7 1 2 11 1 2 7 0 2 7 1 2 7 1 2 7 17 9 2 1 2 7 0 2 7 1 2 4 1 2 7 0 2 7 0 2 7 1 2 7 17 9 2 0 2 7 1 2 7 0 2 4 5 31 3 1 2 7 0 2 7 0 2 7 1 2 7 1 2 7 0 2 7 17 18 2 12 16 2 13 6 3 1 2 7 0 2 7 5 31 3 17 9 2 0 2 11 0 2 7 0 2 7 0 2 7 0 2 7 0 2 7 0 2 4 0 59.8851566314697266
0 2 7 12 16 2 5 30 3 5 31 3 0 2 7 1 2 7 1 2 7 13 6 3 0 2 7 0 2 7 0 2 3 1 2 3 0 2 4 17 18 2 17 18 2 1 2 7 1 2 7 1 2 7 1 2 7 17 9 2 13 6 3 1 2 7 1 2 7 0 2 3 1 2 7 1 2 7 17 9 2 0 2 3 0 2 7 17 9 2 0 2 7 0 2 7 1 2 3 12 16 2 0 2 7 5 30 3 0 2 7 0 2 4 1 2 7 0 2 3 0 2 4 0 2 4 0 2 4 0 2 7 0 2 7 1 2 7 1 2 4 1 2 7 17 9 2 0 2 7 0 2 7 1 2 11 0 2 7 0 2 4 1 2 4 5 31 3 16 6 2 0 2 7 0 2 7 1 2 7 0 60.4777536392211914
0 2 7 12 16 2 5 30 3 5 31 3 12 16 2 0 2 7 13 6 3 1 2 7 0 2 7 6 2 7 1 2 7 1 2 4 17 18 2 1 2 7 1 2 11 1 2 7 0 2 7 17 9 2 13 6 3 1 2 7 1 2 7 0 2 7 1 2 7 1 2 7 0 2 7 0 2 7 0 2 7 17 9 2 1 2 7 0 2 7 0 2 7 1 2 7 0 2 7 0 2 7 1 2 7 17 9 2 0 2 4 0 2 7 1 2 7 0 2 7 5 31 3 1 2 7 0 2 7 0 2 7 0 2 7 5 31 3 0 2 7 17 9 2 0 2 7 0 2 7 0 2 7 16 15 2 0 2 7 0 2 7 0 2 7 17 9 2 1 2 4 1 2 7 0 2 7 6 2 3 0 60.2733585238456726
12 16 2 5 30 3 5 30 3 12 16 2 0 2 7 13 6 3 1 2 7 0 2 7 1 2 7 0 2 7 1 2 7 17 18 2 17 18 2 1 2 7 1 2 7 1 2 4 0 2 7 17 9 2 13 6 3 1 2 7 1 2 4 0 2 7 1 2 3 1 2 7 0 2 7 0 2 4 1 2 7 17 9 2 1 2 7 0 2 7 0 2 3 1 2 4 0 2 7 0 2 7 1 2 4 17 9 2 0 2 7 1 2 11 0 2 7 5 31 3 1 2 4 0 2 3 0 2 4 0 2 7 1 2 7 0 2 7 17 18 2 12 16 2 13 6 3 1 2 7 0 2 4 5 30 3 17 9 2 0 2 4 0 2 7 0 2 7 0 2 7 1 2 3 0 2 7 0 2 7 0 60.1468725204467773
17 18 2 0 2 7 13 6 3 0 2 7 0 2 7 0 2 7 0 2 7 12 16 2 1 2 7 0 2 7 0 2 7 0 2 7 1 2 7 5 30 3 1 2 7 1 2 7 0 2 7 0 2 7 1 2 7 1 2 11 1 2 7 17 9 2 17 9 2 17 9 2 0 2 7 1 2 7 0 2 7 0 2 7 12 16 2 1 2 7 1 2 4 0 2 7 0 2 7 0 2 7 0 2 7 5 30 3 5 30 3 1 2 4 0 2 7 1 2 7 0 2 7 1 2 7 5 31 3 0 2 4 13 6 3 1 2 7 13 6 3 17 18 2 17 9 2 12 16 2 0 2 7 0 2 7 1 2 7 0 2 7 1 2 7 1 2 11 16 31 2 0 2 7 5 30 3 0 2 7 0 60.1593302488327026
1 2 4 0 2 7 0 2 7 5 31 3 0 2 7 1 2 7 0 2 7 13 6 3 1 2 7 0 2 7 0 2 7 0 2 7 0 2 7 17 18 2 17 18 2 1 2 4 0 2 7 1 2 7 1 2 7 0 2 4 1 2 11 1 2 7 0 2 7 12 16 2 0 2 7 5 30 3 0 2 7 0 2 7 1 2 7 0 2 7 0 2 7 0 2 7 5 31 3 0 2 7 1 2 7 1 2 7 17 18 2 1 2 4 0 2 7 13 6 3 17 9 2 1 2 11 17 9 2 1 2 7 12 16 2 0 2 4 1 2 7 6 2 7 1 2 7 1 2 7 0 2 4 0 2 7 17 18 2 0 2 4 1 2 4 0 2 4 5 31 3 0 2 7 17 18 2 1 2 7 0 60.1671646237373352
12 16 2 0 2 3 5 30 3 12 16 2 0 2 7 13 6 3 1 2 7 0 2 3 1 2 7 0 2 7 0 2 7 17 18 2 17 18 2 1 2 7 1 2 4 1 2 7 0 2 7 17 9 2 13 6 3 1 2 7 1 2 7 1 2 4 1 2 7 0 2 7 1 2 7 1 2 4 17 9 2 1 2 7 0 2 7 1 2 4 1 2 7 0 2 7 0 2 7 1 2 7 17 9 2 0 2 7 0 2 3 0 2 7 5 30 3 1 2 3 0 2 7 0 2 7 1 2 7 0 2 7 0 2 7 0 2 4 0 2 4 5 30 3 16 31 2 17 18 2 5 30 3 0 2 4 1 2 7 5 31 3 0 2 4 0 2 7 0 2 7 0 2 7 0 2 7 0 2 4 0 60.3839715719223022

Current Evaluation = 15300(15300)
Front Size = 10
0 2 4 0 2 7 5 31 3 5 30 3 1 2 7 0 2 4 13 6 3 0 2 7 1 2 7 1 2 7 0 2 7 1 2 7 17 18 2 17 18 2 0 2 7 0 2 7 1 2 7 0 2 7 0 2 7 1 2 7 1 2 4 1 2 7 12 16 2 1 2 7 0 2 7 0 2 4 1 2 7 0 2 7 0 2 7 0 2 7 0 2 4 1 2 7 13 6 3 17 9 2 0 2 7 0 2 7 0 2 4 13 6 3 0 2 7 12 16 2 17 9 2 0 2 7 0 2 7 0 2 7 1 2 7 5 31 3 17 18 2 1 2 4 17 9 2 12 16 2 1 2 7 0 2 7 1 2 7 1 2 7 1 2 7 1 2 7 17 9 2 0 2 7 5 30 3 1 2 7 0 59.7875515222549438
0 2 7 12 16 2 5 30 3 5 30 3 12 16 2 5 30 3 0 2 7 13 6 3 0 2 7 0 2 7 0 2 10 1 2 7 0 2 7 17 18 2 17 18 2 17 18 2 1 2 10 6 2 7 0 2 7 16 6 2 6 2 7 1 2 4 0 2 3 5 30 3 0 2 7 0 2 7 8 9 2 0 2 7 0 2 7 0 2 7 0 2 7 0 2 7 1 2 7 0 2 7 0 2 7 17 9 2 5 30 3 1 2 10 0 2 7 0 2 7 16 24 2 1 2 4 0 2 7 16 6 2 0 2 7 1 2 7 0 2 7 5 31 3 1 2 7 1 2 7 1 2 7 0 2 7 0 2 7 1 2 7 0 2 7 0 2 7 0 2 7 5 31 3 0 2 7 5 31 3 0 61.4485994577407837
12 16 2 0 2 7 5 30 3 12 16 2 0 2 7 13 6 3 0 2 7 1 2 7 0 2 7 6 2 7 0 2 4 0 2 7 0 2 7 0 2 7 0 2 7 5 31 3 0 2 7 17 9 2 1 2 7 0 2 7 0 2 7 0 2 11 1 2 4 1 2 7 17 9 2 0 2 7 1 2 7 0 2 7 0 2 7 0 2 7 1 2 4 0 2 7 1 2 7 1 2 7 0 2 7 1 2 7 1 2 7 0 2 4 17 9 2 17 9 2 0 2 7 0 2 7 0 2 7 1 2 7 13 6 3 16 6 2 1 2 4 5 30 3 5 31 3 0 2 7 5 30 3 0 2 7 0 2 7 17 18 2 1 2 7 0 2 7 5 30 3 16 6 2 5 31 3 0 2 7 0 60.7352234721183777
0 2 7 0 2 7 1 2 11 5 31 3 5 30 3 1 2 7 0 2 7 13 6 3 0 2 7 0 2 7 0 2 7 0 2 7 0 2 7 17 18 2 17 18 2 0 2 7 0 2 7 1 2 7 0 2 7 0 2 7 1 2 7 1 2 7 0 2 7 12 16 2 1 2 7 0 2 7 0 2 7 1 2 7 0 2 7 0 2 7 0 2 3 1 2 7 0 2 4 1 2 7 1 2 7 13 6 3 17 18 2 17 9 2 1 2 7 0 2 7 1 2 7 1 2 11 0 2 7 13 6 3 0 2 7 12 16 2 17 9 2 5 31 3 1 2 7 1 2 7 1 2 7 0 2 7 0 2 7 1 2 7 1 2 7 17 18 2 1 2 3 1 2 4 1 2 7 17 18 2 0 59.8072065114974976
12 16 2 5 30 3 5 30 3 12 16 2 5 30 3 0 2 7 13 6 3 0 2 7 0 2 7 1 2 7 1 2 7 0 2 7 8 18 2 0 2 7 0 2 7 0 2 3 0 2 7 0 2 7 5 31 3 5 30 3 0 2 7 17 9 2 8 9 2 0 2 7 0 2 7 0 2 7 1 2 7 1 2 7 1 2 7 17 9 2 12 16 2 0 2 7 0 2 7 0 2 7 0 2 7 0 2 7 1 2 7 1 2 7 0 2 7 1 2 3 1 2 7 0 2 3 0 2 7 1 2 7 1 2 7 0 2 7 16 30 2 17 9 2 17 9 2 0 2 7 0 2 7 0 2 7 0 2 7 13 6 3 5 30 3 16 15 2 16 6 2 5 30 3 0 2 7 1 2 4 0 61.1377522945404053
12 16 2 5 30 3 5 30 3 12 16 2 0 2 7 13 6 3 1 2 7 0 2 7 1 2 7 0 2 7 1 2 7 17 18 2 17 18 2 1 2 7 1 2 7 1 2 4 0 2 7 17 9 2 13 6 3 1 2 7 1 2 4 0 2 7 1 2 3 1 2 7 0 2 7 0 2 4 1 2 7 17 9 2 1 2 7 0 2 7 0 2 3 1 2 4 0 2 7 0 2 7 1 2 4 17 9 2 0 2 7 1 2 11 0 2 7 5 31 3 1 2 4 0 2 3 0 2 4 0 2 7 1 2 7 0 2 7 17 18 2 12 16 2 13 6 3 1 2 7 0 2 4 5 30 3 17 9 2 0 2 4 0 2 7 0 2 7 0 2 7 1 2 3 0 2 7 0 2 7 0 60.1468725204467773
17 18 2 0 2 7 13 6 3 0 2 7 0 2 7 0 2 7 0 2 7 12 16 2 1 2 7 0 2 7 0 2 7 0 2 7 1 2 7 5 30 3 1 2 7 1 2 7 0 2 7 0 2 7 1 2 7 1 2 11 1 2 7 17 9 2 17 9 2 17 9 2 0 2 7 1 2 7 0 2 7 0 2 7 12 16 2 1 2 7 1 2 4 0 2 7 0 2 7 0 2 7 0 2 7 5 30 3 5 30 3 1 2 4 0 2 7 1 2 7 0 2 7 1 2 7 5 31 3 0 2 4 13 6 3 1 2 7 13 6 3 17 18 2 17 9 2 12 16 2 0 2 7 0 2 7 1 2 7 0 2 7 1 2 7 1 2 11 16 31 2 0 2 7 5 30 3 0 2 7 0 60.1593302488327026
1 2 4 0 2 7 0 2 7 5 31 3 0 2 7 1 2 7 0 2 7 13 6 3 1 2 7 0 2 7 0 2 7 0 2 7 0 2 7 17 18 2 17 18 2 1 2 4 0 2 7 1 2 7 1 2 7 0 2 4 1 2 11 1 2 7 0 2 7 12 16 2 0 2 7 5 30 3 0 2 7 0 2 7 1 2 7 0 2 7 0 2 7 0 2 7 5 31 3 0 2 7 1 2 7 1 2 7 17 18 2 1 2 4 0 2 7 13 6 3 17 9 2 1 2 11 17 9 2 1 2 7 12 16 2 0 2 4 1 2 7 6 2 7 1 2 7 1 2 7 0 2 4 0 2 7 17 18 2 0 2 4 1 2 4 0 2 4 5 31 3 0 2 7 17 18 2 1 2 7 0 60.1671646237373352
0 2 7 12 16 2 5 30 3 5 31 3 0 2 7 1 2 7 1 2 7 13 6 3 0 2 7 0 2 7 0 2 3 1 2 3 0 2 4 17 18 2 17 18 2 1 2 7 1 2 7 1 2 7 1 2 7 17 9 2 13 6 3 1 2 7 1 2 7 0 2 3 1 2 7 1 2 7 17 9 2 0 2 3 0 2 7 17 9 2 0 2 7 0 2 7 1 2 3 12 16 2 0 2 7 5 30 3 0 2 7 0 2 4 1 2 7 0 2 3 0 2 4 0 2 4 0 2 4 0 2 7 0 2 7 1 2 7 1 2 4 1 2 7 17 9 2 0 2 7 0 2 7 1 2 11 0 2 7 0 2 4 1 2 4 5 31 3 16 6 2 0 2 7 0 2 7 1 2 7 0 60.4777536392211914
0 2 7 12 16 2 5 30 3 5 30 3 12 16 2 5 30 3 0 2 7 5 30 3 0 2 7 0 2 7 0 2 7 0 2 7 17 18 2 17 18 2 0 2 7 1 2 7 5 30 3 0 2 7 16 19 11 1 2 7 1 2 4 0 2 7 0 2 7 0 2 7 1 2 3 0 2 7 0 2 7 17 9 2 1 2 7 0 2 4 1 2 7 0 2 7 1 2 7 1 2 7 0 2 7 5 31 3 1 2 7 0 2 7 1 2 7 0 2 7 0 2 7 0 2 7 0 2 7 0 2 7 0 2 7 0 2 7 13 6 3 0 2 7 0 2 7 1 2 7 0 2 7 17 9 2 5 30 3 0 2 7 16 6 2 16 6 2 0 2 7 5 31 3 15 2 11 13 6 3 0 61.3636541366577148

Current Evaluation = 16200(16200)
Front Size = 10
0 2 7 12 16 2 5 30 3 5 30 3 0 2 7 1 2 7 13 6 3 0 2 7 0 2 7 0 2 7 17 18 2 17 18 2 0 2 7 0 2 7 0 2 7 1 2 7 17 9 2 13 6 3 1 2 4 0 2 7 1 2 7 0 2 7 17 9 2 0 2 7 17 9 2 0 2 7 0 2 4 12 16 2 0 2 7 1 2 7 0 2 7 0 2 7 1 2 7 1 2 7 17 9 2 5 31 3 1 2 4 0 2 7 1 2 7 1 2 7 12 16 2 17 18 2 0 2 7 0 2 7 1 2 7 1 2 7 5 31 3 13 6 3 0 2 7 0 2 4 0 2 4 0 2 7 0 2 7 1 2 7 1 2 7 1 2 7 1 2 4 1 2 4 1 2 7 1 2 7 0 59.7875515222549438
0 2 7 5 30 3 5 30 3 12 16 2 5 31 3 6 2 7 16 6 2 0 2 7 0 2 7 0 2 4 0 2 7 1 2 3 0 2 7 0 2 7 0 2 7 0 2 7 5 30 3 0 2 7 17 9 2 0 2 7 1 2 7 0 2 7 1 2 7 0 2 7 1 2 7 13 6 3 1 2 7 1 2 7 0 2 7 0 2 7 0 2 7 1 2 7 0 2 7 0 2 3 0 2 3 0 2 7 0 2 7 1 2 7 0 2 7 17 9 2 1 2 4 0 2 7 13 6 3 0 2 7 0 2 7 1 2 7 5 30 3 8 18 2 17 18 2 0 2 3 5 31 3 16 6 2 1 2 7 17 18 2 5 30 3 12 16 2 0 2 7 16 6 2 5 30 3 1 2 7 0 61.1060013175010681
0 2 3 0 2 3 5 30 3 0 2 11 1 2 7 0 2 7 5 31 3 0 2 7 0 2 7 0 2 7 1 2 7 5 30 3 17 18 2 17 18 2 0 2 11 1 2 7 0 2 7 1 2 3 0 2 7 1 2 4 6 2 7 0 2 7 12 16 2 1 2 7 0 2 3 1 2 7 1 2 7 0 2 4 1 2 3 0 2 4 1 2 3 17 18 2 17 18 2 0 2 7 0 2 11 0 2 7 12 16 2 5 30 3 0 2 4 0 2 7 0 2 7 0 2 4 0 2 7 0 2 7 1 2 7 1 2 7 1 2 7 1 2 4 0 2 7 8 18 2 16 30 2 0 2 7 0 2 7 0 2 7 5 30 3 5 30 3 17 1 2 13 6 3 1 2 7 17 18 2 0 61.42368084192276
0 2 7 0 2 7 1 2 11 5 31 3 5 30 3 1 2 7 0 2 7 13 6 3 0 2 7 0 2 7 0 2 7 0 2 7 0 2 7 17 18 2 17 18 2 0 2 7 0 2 7 1 2 7 0 2 7 0 2 7 1 2 7 1 2 7 0 2 7 12 16 2 1 2 7 0 2 7 0 2 7 1 2 7 0 2 7 0 2 7 0 2 3 1 2 7 0 2 4 1 2 7 1 2 7 13 6 3 17 18 2 17 9 2 1 2 7 0 2 7 1 2 7 1 2 11 0 2 7 13 6 3 0 2 7 12 16 2 17 9 2 5 31 3 1 2 7 1 2 7 1 2 7 0 2 7 0 2 7 1 2 7 1 2 7 17 18 2 1 2 3 1 2 4 1 2 7 17 18 2 0 59.8072065114974976
0 2 7 12 16 2 5 30 3 5 31 3 0 2 7 1 2 7 13 6 3 1 2 4 0 2 7 0 2 4 17 18 2 17 18 2 1 2 7 1 2 7 0 2 7 1 2 7 17 9 2 13 6 3 1 2 7 1 2 7 1 2 7 1 2 7 17 9 2 0 2 7 17 9 2 0 2 4 0 2 7 12 16 2 1 2 7 1 2 7 0 2 4 0 2 4 1 2 4 1 2 7 17 9 2 0 2 4 0 2 7 5 31 3 0 2 7 1 2 7 1 2 4 12 16 2 17 18 2 1 2 4 1 2 3 1 2 4 0 2 4 5 30 3 0 2 7 0 2 7 1 2 7 0 2 7 0 2 4 0 2 7 0 2 4 0 2 7 0 2 4 0 2 3 0 2 7 0 2 4 0 60.1897426843643188
0 2 7 12 16 2 5 30 3 5 30 3 12 16 2 5 30 3 0 2 7 13 6 3 0 2 7 0 2 7 0 2 10 1 2 7 0 2 7 17 18 2 17 18 2 17 18 2 1 2 10 6 2 7 0 2 7 16 6 2 6 2 7 1 2 4 0 2 3 5 30 3 0 2 7 0 2 7 8 9 2 0 2 7 0 2 7 0 2 7 0 2 7 0 2 7 1 2 7 0 2 7 0 2 7 17 9 2 5 30 3 1 2 10 0 2 7 0 2 7 16 24 2 1 2 4 0 2 7 16 6 2 0 2 7 1 2 7 0 2 7 5 31 3 1 2 7 1 2 7 1 2 7 0 2 7 0 2 7 1 2 7 0 2 7 0 2 7 0 2 7 5 31 3 0 2 7 5 31 3 0 61.4485994577407837
17 18 2 0 2 4 13 6 3 0 2 4 0 2 7 1 2 7 0 2 11 12 16 2 1 2 7 0 2 11 0 2 7 0 2 7 0 2 7 5 30 3 1 2 7 1 2 7 1 2 7 0 2 7 1 2 11 1 2 7 17 9 2 17 9 2 17 9 2 1 2 7 1 2 4 1 2 7 0 2 7 12 16 2 1 2 7 0 2 7 0 2 7 0 2 7 1 2 7 0 2 7 5 31 3 1 2 7 0 2 7 1 2 7 0 2 7 0 2 7 5 31 3 0 2 7 13 6 3 0 2 4 13 6 3 17 18 2 17 9 2 12 16 2 1 2 7 0 2 7 0 2 7 1 2 7 1 2 7 1 2 7 0 2 7 17 18 2 0 2 7 1 2 7 0 2 7 1 2 7 0 59.8851566314697266
12 16 2 5 30 3 5 30 3 12 16 2 1 2 7 13 6 3 1 2 7 0 2 4 0 2 7 0 2 7 1 2 7 17 18 2 17 18 2 0 2 7 1 2 7 5 31 3 0 2 7 17 9 2 13 6 3 1 2 7 1 2 7 0 2 7 1 2 7 1 2 7 0 2 7 0 2 4 1 2 7 17 9 2 1 2 7 0 2 7 1 2 7 1 2 4 0 2 7 0 2 7 1 2 7 17 9 2 0 2 7 0 2 7 0 2 7 5 31 3 1 2 7 0 2 7 0 2 7 0 2 7 1 2 7 0 2 7 17 18 2 0 2 7 13 6 3 1 2 7 0 2 7 5 30 3 17 9 2 0 2 4 1 2 7 0 2 7 0 2 7 1 2 7 0 2 4 0 2 7 0 59.940948486328125
12 16 2 5 30 3 5 30 3 12 16 2 0 2 7 13 6 3 1 2 7 0 2 7 1 2 7 0 2 7 1 2 7 17 18 2 17 18 2 1 2 7 1 2 7 1 2 4 0 2 7 17 9 2 13 6 3 1 2 7 1 2 4 0 2 7 1 2 3 1 2 7 0 2 7 0 2 4 1 2 7 17 9 2 1 2 7 0 2 7 0 2 3 1 2 4 0 2 7 0 2 7 1 2 4 17 9 2 0 2 7 1 2 11 0 2 7 5 31 3 1 2 4 0 2 3 0 2 4 0 2 7 1 2 7 0 2 7 17 18 2 12 16 2 13 6 3 1 2 7 0 2 4 5 30 3 17 9 2 0 2 4 0 2 7 0 2 7 0 2 7 1 2 3 0 2 7 0 2 7 0 60.1468725204467773
1 2 7 5 30 3 5 30 3 12 16 2 5 31 3 0 2 7 0 2 7 0 2 7 0 2 7 0 2 7 0 2 7 0 2 7 0 2 7 0 2 7 17 9 2 0 2 7 1 2 7 0 2 7 0 2 7 0 2 7 0 2 7 13 6 3 1 2 11 0 2 7 0 2 7 0 2 7 0 2 4 1 2 7 1 2 4 0 2 7 0 2 7 1 2 4 1 2 7 8 9 2 1 2 1 0 2 4 13 6 3 1 2 7 0 2 7 17 18 2 5 31 3 1 2 7 17 18 2 12 16 2 0 2 7 12 16 2 1 2 7 6 2 4 5 30 3 0 2 7 17 18 2 1 2 7 1 2 7 17 18 2 0 2 7 16 30 2 5 30 3 0 2 7 16 6 2 5 30 3 0 60.9956184029579163

Current Evaluation = 17100(17100)
Front Size = 10
1 2 7 0 2 7 5 31 3 5 30 3 1 2 4 0 2 7 13 6 3 1 2 7 0 2 7 0 2 7 1 2 7 0 2 7 17 18 2 17 9 2 0 2 7 0 2 7 0 2 7 0 2 7 5 30 3 1 2 7 0 2 7 12 16 2 0 2 7 0 2 7 1 2 7 0 2 4 1 2 7 1 2 7 0 2 7 0 2 7 13 6 3 17 18 2 17 9 2 1 2 7 1 2 7 1 2 7 0 2 4 13 6 3 12 16 2 5 31 3 0 2 7 1 2 4 1 2 7 0 2 7 1 2 7 1 2 4 1 2 7 0 2 7 0 2 7 17 18 2 0 2 7 1 2 4 0 2 7 0 2 7 17 9 2 17 18 2 1 2 7 0 2 7 1 2 4 12 16 2 0 59.7875515222549438
0 2 7 12 16 2 5 30 3 5 31 3 0 2 7 1 2 7 13 6 3 1 2 4 0 2 7 0 2 4 17 18 2 17 18 2 1 2 7 1 2 7 0 2 7 1 2 7 17 9 2 13 6 3 1 2 7 1 2 7 1 2 7 1 2 7 17 9 2 0 2 7 17 9 2 0 2 7 12 16 2 1 2 7 1 2 7 1 2 7 1 2 7 17 9 2 0 2 7 5 31 3 0 2 7 1 2 7 17 18 2 1 2 7 0 2 7 0 2 7 1 2 7 0 2 7 0 2 7 0 2 7 0 2 7 0 2 7 0 2 7 1 2 7 13 6 3 0 2 7 0 2 7 0 2 7 0 2 7 0 2 4 1 2 4 12 16 2 1 2 4 5 30 3 0 2 4 0 2 4 0 59.7875515222549438
1 2 7 0 2 7 5 30 3 5 31 3 1 2 7 0 2 4 0 2 7 0 2 4 0 2 4 1 2 7 1 2 7 0 2 7 17 9 2 0 2 3 0 2 7 0 2 3 0 2 4 1 2 11 1 2 11 0 2 7 12 16 2 1 2 7 1 2 4 1 2 4 0 2 7 0 2 4 0 2 7 0 2 3 1 2 4 0 2 7 0 2 7 0 2 7 12 16 2 5 30 3 1 2 3 0 2 11 1 2 3 17 18 2 5 31 3 0 2 7 1 2 4 1 2 11 1 2 7 6 2 3 13 6 3 0 2 7 17 18 2 17 9 2 1 2 7 0 2 4 17 9 2 0 2 7 1 2 3 0 2 7 17 9 2 0 2 4 0 2 4 1 2 7 16 18 11 1 2 7 0 61.3357027173042297
17 18 2 0 2 7 13 6 3 1 2 7 0 2 7 1 2 11 12 16 2 1 2 7 0 2 7 0 2 7 1 2 7 5 30 3 16 9 11 0 2 7 0 2 7 1 2 4 1 2 7 0 2 7 1 2 7 1 2 4 0 2 7 12 16 2 1 2 11 0 2 7 0 2 4 0 2 4 1 2 7 1 2 4 5 31 3 0 2 11 0 2 1 0 2 7 0 2 7 12 16 2 0 2 7 1 2 7 17 18 2 0 2 7 0 2 7 17 18 2 0 2 7 0 2 4 5 30 3 1 2 7 0 2 4 1 2 4 0 2 3 17 18 2 17 18 2 0 2 4 1 2 7 1 2 7 0 2 4 0 2 7 5 31 3 8 18 2 0 2 7 1 2 7 1 2 4 17 18 2 0 61.2169646620750427
1 2 7 0 2 7 5 31 3 5 30 3 1 2 4 0 2 7 13 6 3 0 2 7 0 2 7 0 2 7 1 2 7 0 2 7 17 18 2 17 9 2 0 2 4 0 2 7 0 2 7 0 2 7 1 2 7 1 2 3 0 2 7 12 16 2 0 2 7 0 2 7 1 2 7 0 2 7 1 2 7 1 2 4 0 2 7 13 6 3 17 18 2 17 9 2 1 2 7 1 2 7 1 2 4 0 2 4 12 16 2 17 9 2 5 31 3 1 2 7 1 2 4 1 2 7 1 2 7 1 2 4 17 9 2 17 18 2 12 16 2 1 2 3 5 30 3 1 2 4 0 2 4 0 2 4 0 2 4 0 2 7 0 2 4 0 2 4 0 2 7 0 2 4 1 2 4 0 2 7 0 60.1897426843643188
0 2 3 0 2 3 5 30 3 0 2 11 1 2 7 0 2 7 5 31 3 0 2 7 0 2 7 0 2 7 1 2 7 5 30 3 17 18 2 17 18 2 0 2 11 1 2 7 0 2 7 1 2 3 0 2 7 1 2 4 6 2 7 0 2 7 12 16 2 1 2 7 0 2 3 1 2 7 1 2 7 0 2 4 1 2 3 0 2 4 1 2 3 17 18 2 17 18 2 0 2 7 0 2 11 0 2 7 12 16 2 5 30 3 0 2 4 0 2 7 0 2 7 0 2 4 0 2 7 0 2 7 1 2 7 1 2 7 1 2 7 1 2 4 0 2 7 8 18 2 16 30 2 0 2 7 0 2 7 0 2 7 5 30 3 5 30 3 17 1 2 13 6 3 1 2 7 17 18 2 0 61.42368084192276
0 2 7 5 30 3 12 16 2 5 31 3 1 2 7 0 2 7 0 2 7 0 2 7 0 2 4 0 2 7 0 2 7 1 2 7 0 2 7 0 2 7 0 2 7 0 2 7 1 2 7 1 2 4 5 30 3 0 2 7 0 2 4 1 2 7 0 2 7 1 2 7 0 2 7 1 2 7 0 2 7 0 2 4 5 30 3 17 18 2 17 18 2 12 16 2 1 2 4 17 18 2 1 2 7 17 18 2 1 2 4 1 2 7 1 2 7 6 2 7 17 9 2 0 2 7 13 6 3 0 2 7 0 2 7 1 2 7 13 6 3 6 2 7 1 2 7 12 16 2 17 9 2 0 2 7 5 30 3 5 31 3 0 2 4 0 2 4 0 2 7 0 2 7 0 2 7 17 1 2 0 60.5329744815826416
1 2 7 0 2 7 5 31 3 5 30 3 1 2 7 0 2 7 13 6 3 0 2 7 0 2 7 0 2 7 1 2 7 0 2 7 17 18 2 17 9 2 0 2 3 0 2 7 0 2 7 0 2 7 0 2 7 1 2 7 1 2 7 0 2 7 12 16 2 1 2 11 0 2 7 0 2 7 1 2 7 0 2 7 1 2 7 1 2 7 0 2 7 1 2 11 0 2 7 13 6 3 17 18 2 17 9 2 1 2 7 1 2 7 1 2 7 0 2 4 13 6 3 0 2 3 12 16 2 17 9 2 5 31 3 0 2 7 1 2 7 1 2 7 0 2 7 1 2 7 1 2 7 1 2 7 1 2 4 1 2 7 0 2 7 1 2 7 0 2 7 0 2 7 17 9 2 17 18 2 0 59.8072065114974976
0 2 7 12 16 2 5 30 3 5 31 3 0 2 7 1 2 7 13 6 3 1 2 4 0 2 7 0 2 4 17 18 2 17 18 2 1 2 7 1 2 7 0 2 7 1 2 7 17 9 2 13 6 3 1 2 7 1 2 7 1 2 7 1 2 7 17 9 2 0 2 7 17 9 2 0 2 4 0 2 7 12 16 2 1 2 7 1 2 7 0 2 4 0 2 4 1 2 4 1 2 7 17 9 2 0 2 4 0 2 7 5 31 3 0 2 7 1 2 7 1 2 4 12 16 2 17 18 2 1 2 4 1 2 3 1 2 4 0 2 4 5 30 3 0 2 7 0 2 7 1 2 7 0 2 7 0 2 4 0 2 7 0 2 4 0 2 7 0 2 4 0 2 3 0 2 7 0 2 4 0 60.1897426843643188
0 2 7 12 16 2 5 30 3 5 31 3 0 2 7 1 2 7 13 6 3 0 2 7 0 2 4 17 18 2 17 18 2 1 2 7 1 2 7 0 2 7 1 2 7 17 9 2 13 6 3 1 2 7 1 2 7 1 2 7 1 2 7 17 9 2 0 2 7 0 2 4 0 2 7 12 16 2 1 2 7 1 2 7 1 2 7 0 2 7 5 31 3 0 2 7 1 2 7 12 16 2 17 18 2 1 2 3 5 30 3 0 2 7 0 2 7 1 2 7 0 2 7 0 2 7 0 2 7 0 2 7 0 2 7 17 9 2 16 19 11 0 2 7 1 2 4 17 9 2 0 2 4 0 2 7 17 18 2 1 2 7 0 2 4 1 2 7 0 2 4 0 2 4 0 2 3 0 2 4 0.0523034983639495757 60.4277994632720947

Current Evaluation = 18000(18000)
Front Size = 10
0 2 7 12 16 2 5 30 3 5 31 3 0 2 7 1 2 7 13 6 3 1 2 4 0 2 7 0 2 4 17 18 2 17 18 2 1 2 7 1 2 7 0 2 7 1 2 7 17 9 2 13 6 3 1 2 7 1 2 7 1 2 7 1 2 7 17 9 2 0 2 7 17 9 2 0 2 7 12 16 2 1 2 7 1 2 7 1 2 7 1 2 7 17 9 2 0 2 7 5 31 3 0 2 7 1 2 7 17 18 2 0 2 7 0 2 7 0 2 7 0 2 7 0 2 7 0 2 7 0 2 4 1 2 4 12 16 2 1 2 4 5 30 3 0 2 7 0 2 7 1 2 7 1 2 7 0 2 7 0 2 4 0 2 4 13 6 3 0 2 7 1 2 7 0 2 7 0 2 7 0 59.7875515222549438
0 2 7 12 16 2 5 30 3 5 31 3 0 2 7 1 2 7 13 6 3 1 2 7 0 2 7 0 2 7 17 18 2 17 18 2 1 2 7 1 2 7 0 2 7 1 2 7 17 9 2 13 6 3 1 2 7 1 2 7 1 2 7 1 2 7 17 9 2 0 2 7 17 9 2 0 2 4 0 2 7 12 16 2 1 2 7 1 2 7 0 2 4 0 2 4 1 2 4 1 2 7 17 9 2 0 2 4 0 2 7 5 31 3 0 2 7 1 2 7 12 16 2 17 18 2 5 30 3 0 2 7 0 2 7 0 2 7 0 2 7 0 2 7 0 2 7 0 2 7 1 2 4 1 2 7 1 2 7 0 2 7 1 2 7 13 6 3 0 2 4 0 2 7 0 2 7 1 2 7 0 59.7875515222549438
17 18 2 16 31 2 13 6 3 1 2 4 0 2 1 12 16 2 1 2 7 0 2 7 0 2 7 1 2 4 5 30 3 0 2 7 0 2 7 13 6 3 0 2 7 0 2 3 1 2 4 0 2 7 0 2 7 12 16 2 0 2 7 1 2 7 1 2 7 1 2 4 1 2 7 5 30 3 1 2 7 0 2 7 12 16 2 0 2 4 1 2 4 17 18 2 0 2 7 0 2 4 17 18 2 1 2 7 5 31 3 1 2 7 0 2 7 1 2 3 0 2 3 0 2 3 6 2 7 0 2 7 0 2 4 5 30 3 1 2 3 1 2 7 0 2 7 1 2 7 0 2 7 17 9 2 0 2 7 1 2 4 17 18 2 0 2 7 0 2 7 1 2 3 0 2 7 17 18 2 0 60.6418676972389221
0 2 7 12 16 2 5 30 3 5 31 3 0 2 7 1 2 7 13 6 3 1 2 4 0 2 7 0 2 4 17 18 2 17 18 2 1 2 7 1 2 7 0 2 7 1 2 7 17 9 2 13 6 3 1 2 7 1 2 7 1 2 7 1 2 7 17 9 2 0 2 7 17 9 2 0 2 4 0 2 7 12 16 2 1 2 7 1 2 7 0 2 4 0 2 4 1 2 4 1 2 7 17 9 2 0 2 4 0 2 7 5 31 3 0 2 7 1 2 7 1 2 4 12 16 2 17 18 2 1 2 4 1 2 3 1 2 4 0 2 4 5 30 3 0 2 7 0 2 7 1 2 7 0 2 7 0 2 4 0 2 7 0 2 4 0 2 7 0 2 4 0 2 3 0 2 7 0 2 4 0 60.1897426843643188
1 2 7 0 2 7 5 30 3 5 31 3 1 2 7 0 2 4 0 2 7 0 2 4 0 2 4 1 2 7 1 2 7 0 2 7 17 9 2 0 2 3 0 2 7 0 2 3 0 2 4 1 2 11 1 2 11 0 2 7 12 16 2 1 2 7 1 2 4 1 2 4 0 2 7 0 2 4 0 2 7 0 2 3 1 2 4 0 2 7 0 2 7 0 2 7 12 16 2 5 30 3 1 2 3 0 2 11 1 2 3 17 18 2 5 31 3 0 2 7 1 2 4 1 2 11 1 2 7 6 2 3 13 6 3 0 2 7 17 18 2 17 9 2 1 2 7 0 2 4 17 9 2 0 2 7 1 2 3 0 2 7 17 9 2 0 2 4 0 2 4 1 2 7 16 18 11 1 2 7 0 61.3357027173042297
1 2 4 0 2 7 5 31 3 5 30 3 1 2 4 0 2 7 13 6 3 1 2 4 0 2 7 0 2 7 1 2 7 0 2 7 17 18 2 17 9 2 0 2 7 0 2 7 0 2 7 0 2 7 5 31 3 1 2 7 0 2 7 12 16 2 0 2 7 1 2 7 1 2 7 0 2 7 1 2 7 1 2 7 0 2 7 0 2 7 13 6 3 17 18 2 17 9 2 1 2 4 1 2 7 1 2 7 1 2 4 13 6 3 12 16 2 5 30 3 0 2 7 1 2 7 1 2 7 0 2 7 1 2 7 1 2 4 1 2 7 0 2 7 0 2 7 17 18 2 0 2 7 0 2 7 17 9 2 1 2 7 12 16 2 0 2 7 0 2 7 17 18 2 0 2 4 0 2 7 0 59.7875515222549438
1 2 7 0 2 7 5 31 3 5 30 3 1 2 7 0 2 7 13 6 3 0 2 7 0 2 7 0 2 7 1 2 7 0 2 7 17 18 2 17 9 2 0 2 7 0 2 7 0 2 7 0 2 7 1 2 3 1 2 7 0 2 4 12 16 2 0 2 7 0 2 7 1 2 7 0 2 7 1 2 7 1 2 7 0 2 7 0 2 7 13 6 3 17 18 2 17 9 2 1 2 7 1 2 7 1 2 7 13 6 3 12 16 2 5 31 3 0 2 7 1 2 4 1 2 7 0 2 7 1 2 3 1 2 7 1 2 7 0 2 7 0 2 7 0 2 7 17 18 2 1 2 7 1 2 11 1 2 7 0 2 7 0 2 7 17 9 2 0 2 7 1 2 7 1 2 11 17 9 2 0 59.8072065114974976
0 2 7 12 16 2 5 30 3 5 31 3 0 2 7 1 2 7 13 6 3 0 2 7 0 2 7 0 2 4 17 18 2 17 18 2 1 2 7 1 2 7 0 2 7 1 2 7 17 9 2 13 6 3 1 2 7 1 2 7 1 2 7 1 2 7 17 9 2 0 2 4 17 9 2 0 2 4 0 2 7 12 16 2 1 2 7 1 2 7 1 2 4 1 2 7 17 9 2 0 2 7 5 31 3 0 2 7 1 2 7 17 18 2 0 2 7 0 2 7 0 2 7 0 2 7 0 2 7 0 2 7 0 2 7 1 2 7 1 2 7 0 2 7 1 2 4 13 6 3 0 2 7 0 2 7 0 2 7 0 2 7 1 2 4 12 16 2 5 30 3 1 2 4 0 2 7 1 2 7 0 59.7875515222549438
1 2 7 0 2 7 5 31 3 5 30 3 1 2 7 0 2 7 13 6 3 0 2 7 0 2 7 0 2 7 1 2 7 0 2 7 17 18 2 17 9 2 0 2 3 0 2 7 0 2 7 0 2 7 0 2 7 1 2 7 1 2 7 0 2 7 12 16 2 1 2 11 0 2 7 0 2 7 1 2 7 0 2 7 1 2 7 1 2 7 0 2 7 1 2 11 0 2 7 13 6 3 17 18 2 17 9 2 1 2 7 1 2 7 1 2 7 0 2 4 13 6 3 0 2 3 12 16 2 17 9 2 5 31 3 0 2 7 1 2 7 1 2 7 0 2 7 1 2 7 1 2 7 1 2 7 1 2 4 1 2 7 0 2 7 1 2 7 0 2 7 0 2 7 17 9 2 17 18 2 0 59.8072065114974976
1 2 7 12 16 2 5 30 3 5 31 3 0 2 7 1 2 7 13 6 3 0 2 7 0 2 7 0 2 7 17 18 2 17 18 2 1 2 7 0 2 7 0 2 7 1 2 7 17 9 2 13 6 3 1 2 7 1 2 7 1 2 7 1 2 7 17 9 2 17 9 2 0 2 7 12 16 2 1 2 4 1 2 11 1 2 11 1 2 7 17 9 2 0 2 7 5 31 3 0 2 7 0 2 3 17 18 2 1 2 7 0 2 7 0 2 7 0 2 7 0 2 7 0 2 7 1 2 3 0 2 7 1 2 7 0 2 7 13 6 3 0 2 7 0 2 7 0 2 7 0 2 7 0 2 7 1 2 7 0 2 7 1 2 7 0 2 7 1 2 7 1 2 7 1 2 4 1 2 7 0 59.8072065114974976

MonoObjective Genetic Algorithm
Number of Evaluations = 0
Mutation Probability = 0
Crossover Probability = 1
Population Size = 10
Survival Selection Type = 16

Time =  18064.2419531345367

Current Evaluation = 2020
Front Size = 10
0 2 7 12 16 2 5 30 3 5 31 3 0 2 7 1 2 7 13 6 3 1 2 4 0 2 7 0 2 4 17 18 2 17 18 2 1 2 7 1 2 7 0 2 7 1 2 7 17 9 2 13 6 3 1 2 7 1 2 7 1 2 7 1 2 7 17 9 2 0 2 7 17 9 2 0 2 7 12 16 2 1 2 7 1 2 7 1 2 7 1 2 7 17 9 2 0 2 7 5 31 3 0 2 7 1 2 7 17 18 2 0 2 7 0 2 7 0 2 7 0 2 7 0 2 7 0 2 7 0 2 4 1 2 4 12 16 2 1 2 4 5 30 3 0 2 7 0 2 7 1 2 7 1 2 7 0 2 7 0 2 4 0 2 4 13 6 3 0 2 7 1 2 7 0 2 7 0 2 7 0 59.7875515222549438
0 2 7 12 16 2 5 30 3 5 31 3 0 2 7 1 2 7 13 6 3 1 2 7 0 2 7 0 2 7 17 18 2 17 18 2 1 2 7 1 2 7 0 2 7 1 2 7 17 9 2 13 6 3 1 2 7 1 2 7 1 2 7 1 2 7 17 9 2 0 2 7 17 9 2 0 2 4 0 2 7 12 16 2 1 2 7 1 2 7 0 2 4 0 2 4 1 2 4 1 2 7 17 9 2 0 2 4 0 2 7 5 31 3 0 2 7 1 2 7 12 16 2 17 18 2 5 30 3 0 2 7 0 2 7 0 2 7 0 2 7 0 2 7 0 2 7 0 2 7 1 2 4 1 2 7 1 2 7 0 2 7 1 2 7 13 6 3 0 2 4 0 2 7 0 2 7 1 2 7 0 59.7875515222549438
17 18 2 16 31 2 13 6 3 1 2 4 0 2 1 12 16 2 1 2 7 0 2 7 0 2 7 1 2 4 5 30 3 0 2 7 0 2 7 13 6 3 0 2 7 0 2 3 1 2 4 0 2 7 0 2 7 12 16 2 0 2 7 1 2 7 1 2 7 1 2 4 1 2 7 5 30 3 1 2 7 0 2 7 12 16 2 0 2 4 1 2 4 17 18 2 0 2 7 0 2 4 17 18 2 1 2 7 5 31 3 1 2 7 0 2 7 1 2 3 0 2 3 0 2 3 6 2 7 0 2 7 0 2 4 5 30 3 1 2 3 1 2 7 0 2 7 1 2 7 0 2 7 17 9 2 0 2 7 1 2 4 17 18 2 0 2 7 0 2 7 1 2 3 0 2 7 17 18 2 0 60.6418676972389221
0 2 7 12 16 2 5 30 3 5 31 3 0 2 7 1 2 7 13 6 3 1 2 4 0 2 7 0 2 4 17 18 2 17 18 2 1 2 7 1 2 7 0 2 7 1 2 7 17 9 2 13 6 3 1 2 7 1 2 7 1 2 7 1 2 7 17 9 2 0 2 7 17 9 2 0 2 4 0 2 7 12 16 2 1 2 7 1 2 7 0 2 4 0 2 4 1 2 4 1 2 7 17 9 2 0 2 4 0 2 7 5 31 3 0 2 7 1 2 7 1 2 4 12 16 2 17 18 2 1 2 4 1 2 3 1 2 4 0 2 4 5 30 3 0 2 7 0 2 7 1 2 7 0 2 7 0 2 4 0 2 7 0 2 4 0 2 7 0 2 4 0 2 3 0 2 7 0 2 4 0 60.1897426843643188
1 2 7 0 2 7 5 30 3 5 31 3 1 2 7 0 2 4 0 2 7 0 2 4 0 2 4 1 2 7 1 2 7 0 2 7 17 9 2 0 2 3 0 2 7 0 2 3 0 2 4 1 2 11 1 2 11 0 2 7 12 16 2 1 2 7 1 2 4 1 2 4 0 2 7 0 2 4 0 2 7 0 2 3 1 2 4 0 2 7 0 2 7 0 2 7 12 16 2 5 30 3 1 2 3 0 2 11 1 2 3 17 18 2 5 31 3 0 2 7 1 2 4 1 2 11 1 2 7 6 2 3 13 6 3 0 2 7 17 18 2 17 9 2 1 2 7 0 2 4 17 9 2 0 2 7 1 2 3 0 2 7 17 9 2 0 2 4 0 2 4 1 2 7 16 18 11 1 2 7 0 61.3357027173042297
1 2 4 0 2 7 5 31 3 5 30 3 1 2 4 0 2 7 13 6 3 1 2 4 0 2 7 0 2 7 1 2 7 0 2 7 17 18 2 17 9 2 0 2 7 0 2 7 0 2 7 0 2 7 5 31 3 1 2 7 0 2 7 12 16 2 0 2 7 1 2 7 1 2 7 0 2 7 1 2 7 1 2 7 0 2 7 0 2 7 13 6 3 17 18 2 17 9 2 1 2 4 1 2 7 1 2 7 1 2 4 13 6 3 12 16 2 5 30 3 0 2 7 1 2 7 1 2 7 0 2 7 1 2 7 1 2 4 1 2 7 0 2 7 0 2 7 17 18 2 0 2 7 0 2 7 17 9 2 1 2 7 12 16 2 0 2 7 0 2 7 17 18 2 0 2 4 0 2 7 0 59.7875515222549438
1 2 7 0 2 7 5 31 3 5 30 3 1 2 7 0 2 7 13 6 3 0 2 7 0 2 7 0 2 7 1 2 7 0 2 7 17 18 2 17 9 2 0 2 7 0 2 7 0 2 7 0 2 7 1 2 3 1 2 7 0 2 4 12 16 2 0 2 7 0 2 7 1 2 7 0 2 7 1 2 7 1 2 7 0 2 7 0 2 7 13 6 3 17 18 2 17 9 2 1 2 7 1 2 7 1 2 7 13 6 3 12 16 2 5 31 3 0 2 7 1 2 4 1 2 7 0 2 7 1 2 3 1 2 7 1 2 7 0 2 7 0 2 7 0 2 7 17 18 2 1 2 7 1 2 11 1 2 7 0 2 7 0 2 7 17 9 2 0 2 7 1 2 7 1 2 11 17 9 2 0 59.8072065114974976
0 2 7 12 16 2 5 30 3 5 31 3 0 2 7 1 2 7 13 6 3 0 2 7 0 2 7 0 2 4 17 18 2 17 18 2 1 2 7 1 2 7 0 2 7 1 2 7 17 9 2 13 6 3 1 2 7 1 2 7 1 2 7 1 2 7 17 9 2 0 2 4 17 9 2 0 2 4 0 2 7 12 16 2 1 2 7 1 2 7 1 2 4 1 2 7 17 9 2 0 2 7 5 31 3 0 2 7 1 2 7 17 18 2 0 2 7 0 2 7 0 2 7 0 2 7 0 2 7 0 2 7 0 2 7 1 2 7 1 2 7 0 2 7 1 2 4 13 6 3 0 2 7 0 2 7 0 2 7 0 2 7 1 2 4 12 16 2 5 30 3 1 2 4 0 2 7 1 2 7 0 59.7875515222549438
1 2 7 0 2 7 5 31 3 5 30 3 1 2 7 0 2 7 13 6 3 0 2 7 0 2 7 0 2 7 1 2 7 0 2 7 17 18 2 17 9 2 0 2 3 0 2 7 0 2 7 0 2 7 0 2 7 1 2 7 1 2 7 0 2 7 12 16 2 1 2 11 0 2 7 0 2 7 1 2 7 0 2 7 1 2 7 1 2 7 0 2 7 1 2 11 0 2 7 13 6 3 17 18 2 17 9 2 1 2 7 1 2 7 1 2 7 0 2 4 13 6 3 0 2 3 12 16 2 17 9 2 5 31 3 0 2 7 1 2 7 1 2 7 0 2 7 1 2 7 1 2 7 1 2 7 1 2 4 1 2 7 0 2 7 1 2 7 0 2 7 0 2 7 17 9 2 17 18 2 0 59.8072065114974976
1 2 7 12 16 2 5 30 3 5 31 3 0 2 7 1 2 7 13 6 3 0 2 7 0 2 7 0 2 7 17 18 2 17 18 2 1 2 7 0 2 7 0 2 7 1 2 7 17 9 2 13 6 3 1 2 7 1 2 7 1 2 7 1 2 7 17 9 2 17 9 2 0 2 7 12 16 2 1 2 4 1 2 11 1 2 11 1 2 7 17 9 2 0 2 7 5 31 3 0 2 7 0 2 3 17 18 2 1 2 7 0 2 7 0 2 7 0 2 7 0 2 7 0 2 7 1 2 3 0 2 7 1 2 7 0 2 7 13 6 3 0 2 7 0 2 7 0 2 7 0 2 7 0 2 7 1 2 7 0 2 7 1 2 7 0 2 7 1 2 7 1 2 7 1 2 4 1 2 7 0 59.8072065114974976

