Current Evaluation = 180(180)
Front Size = 10
5 30 3 1 2 7 12 16 2 17 18 2 0 2 7 0 2 7 0 2 7 1 2 7 1 2 7 0 2 7 0 2 7 17 18 2 13 6 3 0 2 7 1 2 7 0 2 7 5 31 3 0 2 7 1 2 7 0 2 7 0 20.2646257877349854
5 30 3 12 16 2 1 2 3 0 2 7 0 2 7 12 16 2 0 2 7 1 2 3 0 2 7 1 2 11 0 2 10 16 31 2 8 18 2 0 2 4 16 6 2 0 2 7 0 2 7 5 30 3 0 2 7 12 16 2 0 21.0074106454849243
5 30 3 0 2 11 8 9 2 1 2 7 0 2 3 0 2 10 0 2 11 0 2 4 17 9 2 0 2 7 0 2 7 1 2 7 17 18 2 0 2 7 1 2 11 0 2 4 1 2 7 12 16 2 5 30 3 1 2 7 0 20.9925909042358398
8 18 2 0 2 8 8 18 2 0 2 8 8 18 2 16 19 12 0 2 8 5 30 3 1 2 8 0 2 8 13 6 3 6 2 8 16 19 12 5 30 3 0 2 8 6 2 8 1 2 8 5 30 3 0 2 8 0 2 8 0.0129254791354010447 22.4372074604034424
5 31 3 0 2 3 0 2 3 0 2 3 1 2 8 0 2 3 0 2 7 0 2 3 5 30 3 16 19 12 0 2 8 12 16 2 5 30 3 0 2 8 0 2 3 16 19 12 0 2 7 1 2 7 0 2 8 0 2 3 0 22.6968340873718262
0 2 4 0 2 3 5 31 3 5 31 3 12 16 2 0 2 7 0 2 7 0 2 7 0 2 3 1 2 7 0 2 7 16 18 12 6 2 7 16 6 2 0 2 11 0 2 3 1 2 11 1 2 7 12 16 2 12 16 2 0 21.4257718920707703
0 2 12 5 30 3 0 2 11 0 2 11 0 2 7 0 2 11 5 31 3 5 30 3 12 16 2 16 20 12 0 2 7 0 2 7 0 2 11 15 2 11 0 2 11 6 2 11 0 2 11 12 16 2 17 9 2 1 2 7 0 21.9328871965408325
0 2 7 5 30 3 12 16 2 16 9 11 0 2 4 5 30 3 0 2 3 1 2 3 17 9 2 1 2 7 0 2 3 1 2 3 1 2 3 0 2 7 0 2 3 0 2 7 0 2 7 0 2 3 0 2 10 1 2 6 0 21.4479638934135437
0 2 7 1 2 11 0 2 3 5 30 3 0 2 7 0 2 8 5 30 3 9 2 7 0 2 3 0 2 3 0 2 3 1 2 11 16 19 11 0 2 3 0 2 7 16 6 2 0 2 7 5 30 3 0 2 3 0 2 7 0.000101903261305078734 21.8674197196960449
5 30 3 13 6 3 8 18 2 0 2 8 1 2 7 0 2 7 8 18 2 12 16 2 0 2 8 17 18 2 0 2 8 6 2 8 0 2 7 0 2 7 0 2 8 6 2 8 0 2 7 5 31 3 0 2 8 0 2 7 0.0160635801780776577 21.6467753648757935

Current Evaluation = 360(360)
Front Size = 10
5 30 3 1 2 7 12 16 2 17 18 2 0 2 7 0 2 7 0 2 7 1 2 7 1 2 7 0 2 7 0 2 7 17 18 2 13 6 3 0 2 7 1 2 7 0 2 7 5 31 3 0 2 7 1 2 7 0 2 7 0 20.2646257877349854
5 30 3 0 2 7 5 30 3 12 16 2 1 2 11 1 2 11 6 2 7 0 2 7 0 2 11 0 2 11 0 2 7 5 30 3 17 9 2 0 2 10 0 2 7 17 18 2 0 2 11 0 2 11 12 16 2 13 6 3 0 21.2717848420143127
5 30 3 1 2 3 1 2 11 12 16 2 1 2 3 0 2 10 17 18 2 1 2 7 0 2 3 0 2 7 0 2 7 0 2 7 0 2 4 0 2 7 5 30 3 0 2 7 1 2 7 0 2 4 0 2 7 16 31 2 0 20.8012487888336182
5 31 3 0 2 3 0 2 3 0 2 3 1 2 8 0 2 3 0 2 7 0 2 3 5 30 3 16 19 12 0 2 8 12 16 2 5 30 3 0 2 8 0 2 3 16 19 12 0 2 7 1 2 7 0 2 8 0 2 3 0 22.6968340873718262
0 2 4 0 2 3 5 31 3 5 31 3 12 16 2 0 2 7 0 2 7 0 2 7 0 2 3 1 2 7 0 2 7 16 18 12 6 2 7 16 6 2 0 2 11 0 2 3 1 2 11 1 2 7 12 16 2 12 16 2 0 21.4257718920707703
8 18 2 0 2 8 8 18 2 0 2 8 8 18 2 16 19 12 0 2 8 5 30 3 1 2 8 0 2 8 13 6 3 6 2 8 16 19 12 5 30 3 0 2 8 6 2 8 1 2 8 5 30 3 0 2 8 0 2 8 0.0129254791354010447 22.4372074604034424
0 2 7 1 2 11 0 2 3 5 30 3 0 2 7 0 2 8 5 30 3 9 2 7 0 2 3 0 2 3 0 2 3 1 2 11 16 19 11 0 2 3 0 2 7 16 6 2 0 2 7 5 30 3 0 2 3 0 2 7 0.000101903261305078734 21.8674197196960449
5 30 3 13 6 3 1 2 7 6 2 8 5 30 3 0 2 8 1 2 8 16 19 12 1 2 7 1 2 8 0 2 7 0 2 7 17 18 2 8 18 2 1 2 7 16 19 12 8 18 2 0 2 7 1 2 7 5 30 3 0.0537371724023312236 21.0140519142150879
5 30 3 0 2 7 1 2 7 0 2 3 1 2 3 12 16 2 16 18 11 12 16 2 0 2 3 0 2 11 0 2 3 0 2 3 16 18 11 0 2 3 5 30 3 0 2 3 1 2 11 0 2 3 1 2 7 0 2 3 0 21.9789398908615112
0 2 12 5 30 3 0 2 11 0 2 11 0 2 7 0 2 11 5 31 3 5 30 3 12 16 2 16 20 12 0 2 7 0 2 7 0 2 11 15 2 11 0 2 11 6 2 11 0 2 11 12 16 2 17 9 2 1 2 7 0 21.9328871965408325

Current Evaluation = 540(540)
Front Size = 10
1 2 7 1 2 7 1 2 7 5 31 3 1 2 7 5 30 3 0 2 7 17 18 2 0 2 7 0 2 7 0 2 7 0 2 7 0 2 7 0 2 7 0 2 7 1 2 7 17 9 2 13 6 3 0 2 7 12 16 2 0 20.2646257877349854
1 2 11 0 2 7 5 30 3 12 16 2 5 30 3 0 2 4 17 9 2 0 2 3 12 16 2 0 2 7 0 2 7 1 2 7 1 2 7 0 2 7 13 6 3 8 18 2 0 2 7 16 6 2 12 16 2 0 2 7 0 20.6301085948944092
5 30 3 0 2 3 0 2 3 0 2 3 0 2 11 1 2 3 0 2 7 5 30 3 0 2 3 12 16 2 0 2 3 0 2 11 16 30 2 0 2 3 1 2 8 16 19 11 5 30 3 0 2 11 1 2 3 0 2 11 0 22.133776068687439
0 2 7 0 2 11 5 31 3 0 2 3 5 30 3 12 16 2 1 2 7 8 9 2 12 16 2 1 2 7 0 2 3 0 2 12 16 6 2 1 2 7 16 6 2 0 2 3 0 2 7 0 2 7 0 2 7 0 2 3 0 21.1739898920059204
15 2 11 0 2 7 0 2 7 5 30 3 5 30 3 0 2 7 1 2 4 0 2 7 0 2 7 12 16 2 1 2 7 17 18 2 12 16 2 0 2 7 16 6 2 0 2 7 0 2 7 0 2 1 1 2 3 8 9 2 0 21.0201467275619507
5 30 3 13 6 3 5 30 3 1 2 7 0 2 8 8 18 2 0 2 8 8 18 2 0 2 7 12 16 2 1 2 8 0 2 11 17 18 2 16 19 12 0 2 8 6 2 8 1 2 8 8 9 2 12 16 2 0 2 8 0.00397551693813729713 21.8732081651687622
5 30 3 0 2 4 0 2 7 12 16 2 0 2 3 16 24 2 1 2 7 1 2 7 1 2 3 5 30 3 15 2 11 0 2 11 0 2 3 0 2 7 0 2 3 0 2 4 0 2 7 17 9 2 0 2 7 1 2 3 0 21.0749789476394653
0 2 11 0 2 11 0 2 11 0 2 11 5 30 3 12 16 2 5 31 3 6 2 11 0 2 7 0 2 7 0 2 7 0 2 7 12 16 2 1 2 7 0 2 11 5 30 3 6 2 10 17 18 2 16 18 11 0 2 11 0 21.8775741457939148
1 2 11 0 2 7 5 30 3 5 30 3 15 2 11 0 2 7 0 2 7 0 2 7 0 2 11 16 6 2 17 9 2 0 2 7 5 31 3 0 2 11 0 2 11 0 2 7 1 2 11 6 2 7 12 16 2 0 2 7 0 21.3093108534812927
0 2 8 12 16 2 0 2 3 5 30 3 0 2 7 0 2 3 5 30 3 9 2 7 0 2 3 0 2 11 0 2 3 0 2 3 16 19 11 0 2 3 0 2 7 16 15 2 0 2 8 5 30 3 0 2 3 0 2 8 0 22.6078619956970215

Current Evaluation = 720(720)
Front Size = 10
1 2 7 1 2 7 1 2 7 5 31 3 1 2 7 5 30 3 0 2 7 17 18 2 0 2 7 0 2 7 0 2 7 0 2 7 0 2 7 0 2 7 0 2 7 1 2 7 17 9 2 13 6 3 0 2 7 12 16 2 0 20.2646257877349854
5 30 3 0 2 4 0 2 7 12 16 2 0 2 3 16 24 2 1 2 7 1 2 7 1 2 3 5 30 3 15 2 11 0 2 11 0 2 3 0 2 7 0 2 3 0 2 4 0 2 7 17 9 2 0 2 7 1 2 3 0 21.0749789476394653
0 2 11 0 2 11 0 2 11 0 2 11 5 30 3 12 16 2 5 31 3 6 2 11 0 2 7 0 2 7 0 2 7 0 2 7 12 16 2 1 2 7 0 2 11 5 30 3 6 2 10 17 18 2 16 18 11 0 2 11 0 21.8775741457939148
1 2 11 5 30 3 1 2 7 0 2 7 0 2 7 0 2 7 12 16 2 12 16 2 0 2 7 1 2 11 13 6 3 17 9 2 1 2 7 0 2 7 12 16 2 17 9 2 0 2 7 0 2 4 13 6 3 12 16 2 0 20.3046585321426392
5 30 3 0 2 3 0 2 3 0 2 3 0 2 11 1 2 3 0 2 7 5 30 3 0 2 3 12 16 2 0 2 3 0 2 11 16 30 2 0 2 3 1 2 8 16 19 11 5 30 3 0 2 11 1 2 3 0 2 11 0 22.133776068687439
5 30 3 13 6 3 5 30 3 1 2 7 0 2 8 8 18 2 0 2 8 8 18 2 0 2 7 12 16 2 1 2 8 0 2 11 17 18 2 16 19 12 0 2 8 6 2 8 1 2 8 8 9 2 12 16 2 0 2 8 0.00397551693813729713 21.8732081651687622
5 31 3 6 2 7 0 2 7 0 2 7 0 2 7 0 2 7 5 30 3 0 2 3 16 6 2 0 2 3 1 2 8 16 19 11 17 18 2 1 2 3 6 2 7 0 2 7 0 2 3 12 16 2 0 2 7 0 2 3 0.0456849460861920645 21.1598697900772095
0 2 3 0 2 4 5 30 3 0 2 7 0 2 7 6 2 7 0 2 7 6 2 7 17 18 2 1 2 7 0 2 11 0 2 3 12 16 2 12 16 2 5 31 3 1 2 7 0 2 11 16 6 2 13 6 3 12 16 2 0 20.7587689161300659
1 2 4 0 2 3 5 30 3 1 2 11 0 2 7 0 2 7 0 2 7 0 2 7 17 18 2 6 2 7 0 2 7 0 2 7 12 16 2 12 16 2 5 30 3 1 2 7 0 2 7 16 31 2 13 6 3 12 16 2 0 20.5474986433982849
5 30 3 0 2 7 0 2 7 0 2 7 0 2 7 1 2 7 0 2 7 0 2 7 1 2 3 0 2 3 5 31 3 0 2 7 0 2 3 16 6 2 0 2 3 1 2 7 9 2 7 1 2 11 17 9 2 1 2 7 0 20.9495408535003662

Current Evaluation = 900(900)
Front Size = 10
5 30 3 1 2 7 0 2 7 0 2 7 0 2 7 12 16 2 0 2 7 13 6 3 17 9 2 1 2 7 0 2 7 0 2 7 5 31 3 1 2 7 1 2 7 1 2 7 17 9 2 0 2 7 0 2 7 0 2 7 0 20.2646257877349854
5 30 3 1 2 11 0 2 7 0 2 7 0 2 7 12 16 2 0 2 7 13 6 3 17 9 2 1 2 7 1 2 11 0 2 7 0 2 7 12 16 2 0 2 7 12 16 2 17 18 2 1 2 4 13 6 3 12 16 2 0 20.3046585321426392
5 30 3 0 2 3 0 2 3 0 2 3 0 2 11 1 2 3 0 2 7 5 30 3 0 2 3 12 16 2 0 2 3 0 2 11 16 30 2 0 2 3 1 2 8 16 19 11 5 30 3 0 2 11 1 2 3 0 2 11 0 22.133776068687439
5 30 3 13 6 3 5 30 3 1 2 7 0 2 8 8 18 2 0 2 8 8 18 2 0 2 7 12 16 2 1 2 8 0 2 11 17 18 2 16 19 12 0 2 8 6 2 8 1 2 8 8 9 2 12 16 2 0 2 8 0.00397551693813729713 21.8732081651687622
0 2 3 0 2 4 5 30 3 0 2 7 0 2 7 6 2 7 0 2 7 6 2 7 17 18 2 1 2 7 0 2 11 0 2 3 12 16 2 12 16 2 5 31 3 1 2 7 0 2 11 16 6 2 13 6 3 12 16 2 0 20.7587689161300659
0 2 7 1 2 11 1 2 7 0 2 4 0 2 3 1 2 3 5 30 3 0 2 7 0 2 7 5 31 3 1 2 7 0 2 10 0 2 7 12 16 2 16 30 2 0 2 4 0 2 7 0 2 3 17 18 2 1 2 7 0 20.8012489080429077
0 2 11 1 2 11 1 2 7 0 2 7 0 2 1 0 2 7 0 2 7 6 2 7 5 30 3 17 18 2 1 2 11 0 2 7 0 2 11 17 18 2 5 30 3 1 2 7 1 2 3 0 2 7 8 18 2 0 2 3 0 21.1311339735984802
1 2 7 0 2 7 0 2 7 0 2 7 1 2 7 5 31 3 1 2 7 17 18 2 6 2 10 0 2 7 12 16 2 0 2 4 0 2 7 0 2 7 0 2 7 1 2 7 5 31 3 0 2 4 12 16 2 16 6 2 0 20.661395788192749
5 31 3 0 2 3 12 16 2 0 2 3 0 2 7 5 30 3 1 2 4 0 2 7 1 2 4 0 2 7 0 2 3 16 6 2 12 16 2 0 2 7 0 2 3 0 2 3 16 19 11 0 2 7 1 2 3 1 2 7 0 21.3634347915649414
0 2 11 5 30 3 12 16 2 0 2 7 0 2 7 0 2 7 0 2 7 1 2 7 5 30 3 0 2 4 0 2 3 17 9 2 1 2 3 1 2 3 15 2 11 0 2 3 16 24 2 1 2 7 0 2 3 0 2 4 0 21.0749789476394653

Current Evaluation = 1080(1080)
Front Size = 10
5 31 3 12 16 2 0 2 7 1 2 7 0 2 7 0 2 7 1 2 7 0 2 7 0 2 7 17 18 2 17 18 2 1 2 7 0 2 7 1 2 7 0 2 7 1 2 7 5 30 3 0 2 7 13 6 3 0 2 7 0 20.2646257877349854
5 30 3 1 2 11 0 2 7 0 2 7 0 2 7 12 16 2 0 2 7 13 6 3 17 9 2 1 2 7 1 2 11 0 2 7 0 2 7 12 16 2 0 2 7 12 16 2 17 18 2 1 2 4 13 6 3 12 16 2 0 20.3046585321426392
5 30 3 12 16 2 0 2 7 1 2 7 0 2 4 0 2 4 1 2 7 8 9 2 17 18 2 12 16 2 12 16 2 12 16 2 1 2 7 0 2 1 1 2 7 0 2 7 17 9 2 0 2 4 0 2 4 13 6 3 0 20.6559027433395386
0 2 7 1 2 7 1 2 7 0 2 7 0 2 7 0 2 7 12 16 2 12 16 2 5 31 3 1 2 4 16 6 2 0 2 7 0 2 7 1 2 7 0 2 7 17 9 2 0 2 7 0 2 4 6 2 10 5 31 3 0 20.661395788192749
5 30 3 0 2 3 0 2 3 0 2 3 0 2 11 1 2 3 0 2 7 5 30 3 0 2 3 12 16 2 0 2 3 0 2 11 16 30 2 0 2 3 1 2 8 16 19 11 5 30 3 0 2 11 1 2 3 0 2 11 0 22.133776068687439
0 2 3 0 2 4 5 30 3 0 2 7 0 2 7 6 2 7 0 2 7 6 2 7 17 18 2 1 2 7 0 2 11 0 2 3 12 16 2 12 16 2 5 31 3 1 2 7 0 2 11 16 6 2 13 6 3 12 16 2 0 20.7587689161300659
0 2 7 1 2 7 6 2 7 0 2 7 0 2 7 1 2 11 5 30 3 17 18 2 0 2 11 17 18 2 0 2 7 1 2 11 0 2 3 0 2 7 0 2 3 1 2 7 1 2 11 0 2 1 8 18 2 5 30 3 0 21.1311338543891907
5 31 3 0 2 3 12 16 2 0 2 3 0 2 7 5 30 3 1 2 4 0 2 7 1 2 4 0 2 7 0 2 3 16 6 2 12 16 2 0 2 7 0 2 3 0 2 3 16 19 11 0 2 7 1 2 3 1 2 7 0 21.3634347915649414
5 30 3 1 2 7 0 2 7 0 2 3 12 16 2 0 2 4 0 2 7 1 2 7 12 16 2 5 30 3 1 2 7 0 2 7 0 2 7 0 2 7 0 2 10 0 2 7 12 16 2 17 1 2 17 18 2 8 18 2 0 21.0081946849822998
0 2 7 0 2 7 0 2 7 17 18 2 0 2 4 0 2 7 0 2 7 1 2 7 12 16 2 0 2 7 5 31 3 6 2 11 5 31 3 17 18 2 6 2 7 0 2 7 1 2 11 1 2 4 5 30 3 8 18 2 0.0416907803848571568 21.0827779173851013

Current Evaluation = 1260(1260)
Front Size = 10
12 16 2 0 2 7 1 2 7 0 2 7 1 2 7 0 2 7 17 9 2 0 2 7 5 30 3 0 2 7 1 2 7 0 2 7 1 2 7 1 2 7 13 6 3 0 2 7 17 9 2 0 2 7 0 2 7 5 31 3 0 20.2646257877349854
5 30 3 12 16 2 0 2 7 1 2 7 0 2 4 0 2 4 1 2 7 8 9 2 17 18 2 12 16 2 12 16 2 12 16 2 1 2 7 0 2 1 1 2 7 0 2 7 17 9 2 0 2 4 0 2 4 13 6 3 0 20.6559027433395386
5 30 3 0 2 3 0 2 3 0 2 3 0 2 11 1 2 3 0 2 7 5 30 3 0 2 3 12 16 2 0 2 3 0 2 11 16 30 2 0 2 3 1 2 8 16 19 11 5 30 3 0 2 11 1 2 3 0 2 11 0 22.133776068687439
12 16 2 13 6 3 0 2 4 0 2 7 0 2 7 0 2 7 17 18 2 12 16 2 0 2 3 5 30 3 8 18 2 1 2 7 1 2 7 5 30 3 1 2 11 12 16 2 0 2 7 16 6 2 0 2 7 0 2 7 0 20.6301085948944092
0 2 7 0 2 3 1 2 7 0 2 7 5 31 3 0 2 3 0 2 3 0 2 3 0 2 7 1 2 7 0 2 7 1 2 7 16 30 2 0 2 7 1 2 7 1 2 7 5 30 3 1 2 11 17 18 2 0 2 7 0 20.6688989400863647
0 2 7 0 2 7 0 2 7 0 2 7 0 2 11 5 30 3 0 2 7 0 2 7 0 2 11 5 30 3 1 2 10 5 31 3 1 2 1 1 2 7 17 9 2 0 2 7 0 2 11 17 9 2 6 2 7 6 2 7 0 21.1700481176376343
5 30 3 1 2 11 0 2 7 0 2 7 0 2 7 12 16 2 0 2 7 13 6 3 17 9 2 1 2 7 1 2 11 0 2 7 0 2 7 12 16 2 0 2 7 12 16 2 17 18 2 1 2 4 13 6 3 12 16 2 0 20.3046585321426392
0 2 7 1 2 7 6 2 7 0 2 7 0 2 7 1 2 11 5 30 3 17 18 2 0 2 11 17 18 2 0 2 7 1 2 11 0 2 3 0 2 7 0 2 3 1 2 7 1 2 11 0 2 1 8 18 2 5 30 3 0 21.1311338543891907
0 2 4 0 2 7 1 2 7 1 2 7 12 16 2 0 2 4 6 2 7 0 2 7 0 2 7 12 16 2 0 2 7 17 18 2 16 6 2 6 2 3 0 2 7 5 31 3 1 2 11 0 2 7 0 2 7 5 31 3 0 20.7832887768745422
5 30 3 1 2 7 0 2 7 0 2 4 1 2 7 0 2 7 6 2 7 0 2 7 0 2 7 17 18 2 12 16 2 5 31 3 17 9 2 0 2 4 1 2 7 0 2 7 0 2 7 1 2 7 13 6 3 12 16 2 0 20.3487167954444885

Current Evaluation = 1440(1440)
Front Size = 10
5 31 3 0 2 7 0 2 7 0 2 7 17 18 2 0 2 7 0 2 7 0 2 7 17 9 2 0 2 7 13 6 3 1 2 7 1 2 7 1 2 7 1 2 7 5 30 3 12 16 2 0 2 7 1 2 7 0 2 7 0 20.2646257877349854
5 30 3 1 2 11 0 2 7 0 2 8 17 9 2 5 30 3 0 2 11 1 2 11 6 2 8 5 31 3 12 16 2 8 18 2 0 2 11 0 2 11 0 2 8 0 2 7 16 6 2 0 2 8 0 2 7 0 2 7 0 21.8991191387176514
5 31 3 12 16 2 0 2 7 1 2 4 0 2 7 0 2 4 1 2 4 1 2 4 17 18 2 12 16 2 12 16 2 12 16 2 1 2 4 0 2 7 1 2 7 0 2 7 17 9 2 0 2 7 0 2 1 13 6 3 0 20.6123768091201782
5 30 3 12 16 2 0 2 7 0 2 7 1 2 4 0 2 7 1 2 7 1 2 11 13 6 3 17 9 2 13 6 3 0 2 7 0 2 7 17 9 2 12 16 2 12 16 2 12 16 2 0 2 7 0 2 7 1 2 11 0 20.3046585321426392
5 30 3 12 16 2 0 2 7 1 2 7 0 2 4 0 2 4 1 2 7 8 9 2 17 18 2 12 16 2 12 16 2 12 16 2 1 2 7 0 2 1 1 2 7 0 2 7 17 9 2 0 2 4 0 2 4 13 6 3 0 20.6559027433395386
5 31 3 0 2 3 0 2 7 0 2 7 0 2 3 0 2 7 0 2 4 17 9 2 1 2 7 1 2 7 1 2 7 1 2 7 5 30 3 12 16 2 16 9 11 0 2 7 1 2 7 0 2 4 0 2 3 0 2 7 0 20.9542428851127625
6 2 7 0 2 3 8 9 2 0 2 7 0 2 7 1 2 7 17 18 2 0 2 3 0 2 3 0 2 7 5 30 3 12 16 2 1 2 7 0 2 3 1 2 7 5 30 3 1 2 3 0 2 7 0 2 7 1 2 7 0 21.088084876537323
5 30 3 1 2 7 0 2 11 0 2 7 1 2 7 1 2 11 0 2 7 0 2 7 17 9 2 0 2 7 0 2 7 0 2 11 0 2 11 17 9 2 8 9 2 0 2 11 6 2 11 1 2 11 5 30 3 1 2 3 0 21.1349340677261353
5 30 3 0 2 3 0 2 3 0 2 3 0 2 11 1 2 3 0 2 7 5 30 3 0 2 3 12 16 2 0 2 3 0 2 11 16 30 2 0 2 3 1 2 8 16 19 11 5 30 3 0 2 11 1 2 3 0 2 11 0 22.133776068687439
5 30 3 12 16 2 0 2 3 12 16 2 5 30 3 0 2 7 0 2 7 0 2 11 13 6 3 1 2 4 16 19 11 16 31 2 0 2 11 16 6 2 0 2 11 1 2 7 0 2 3 12 16 2 8 9 2 5 30 3 0.0751981757055280448 21.1111208200454712

Current Evaluation = 1620(1620)
Front Size = 10
5 31 3 1 2 7 13 6 3 1 2 7 0 2 7 0 2 7 17 9 2 0 2 7 1 2 7 0 2 7 17 18 2 0 2 7 12 16 2 1 2 7 1 2 7 5 30 3 0 2 7 0 2 7 0 2 7 0 2 7 0 20.2646257877349854
12 16 2 0 2 7 1 2 7 0 2 4 0 2 1 17 9 2 17 18 2 12 16 2 12 16 2 12 16 2 1 2 7 0 2 7 0 2 4 13 6 3 5 31 3 1 2 7 1 2 4 0 2 4 1 2 4 0 2 7 0 20.6123768091201782
5 30 3 0 2 3 0 2 3 0 2 3 0 2 11 1 2 3 0 2 7 5 30 3 0 2 3 12 16 2 0 2 3 0 2 11 16 30 2 0 2 3 1 2 8 16 19 11 5 30 3 0 2 11 1 2 3 0 2 11 0 22.133776068687439
12 16 2 1 2 11 1 2 7 17 9 2 12 16 2 12 16 2 12 16 2 0 2 7 13 6 3 0 2 4 13 6 3 0 2 7 1 2 11 0 2 7 1 2 7 0 2 7 5 30 3 0 2 7 0 2 7 17 9 2 0 20.3046585321426392
1 2 7 0 2 7 0 2 7 0 2 10 1 2 3 17 18 2 1 2 4 0 2 7 1 2 7 0 2 7 0 2 7 1 2 3 0 2 7 0 2 3 0 2 11 5 31 3 5 30 3 16 30 2 12 16 2 0 2 4 0 20.8012490272521973
5 30 3 16 6 2 1 2 3 5 30 3 1 2 3 0 2 1 0 2 7 0 2 7 1 2 11 0 2 3 17 9 2 8 18 2 12 16 2 1 2 4 0 2 7 0 2 3 0 2 7 0 2 11 0 2 7 0 2 7 0 21.2207518815994263
12 16 2 0 2 7 1 2 7 0 2 3 0 2 1 0 2 3 0 2 11 16 19 11 12 16 2 12 16 2 0 2 11 5 30 3 0 2 4 13 6 3 1 2 8 1 2 7 5 30 3 0 2 4 1 2 4 0 2 7 0.0017938254414283357 21.4835067987442017
8 18 2 0 2 7 5 30 3 12 16 2 1 2 7 0 2 7 0 2 7 1 2 7 0 2 7 0 2 7 0 2 7 12 16 2 16 31 2 0 2 7 0 2 7 16 6 2 5 31 3 12 16 2 0 2 7 1 2 11 0 20.8736896514892578
5 30 3 12 16 2 0 2 7 1 2 8 0 2 11 0 2 3 0 2 7 0 2 7 1 2 7 0 2 11 1 2 3 0 2 3 16 30 2 0 2 7 0 2 7 5 31 3 1 2 7 0 2 3 1 2 7 5 30 3 0.00298494566279950682 21.4342449903488159
0 2 7 12 16 2 1 2 7 0 2 3 0 2 4 1 2 4 0 2 11 1 2 3 5 30 3 1 2 4 12 16 2 0 2 1 12 16 2 0 2 3 1 2 8 17 18 2 5 30 3 0 2 11 0 2 7 0 2 7 0.00289673089643526643 21.7130868434906006

Current Evaluation = 1800(1800)
Front Size = 10
0 2 7 1 2 7 0 2 7 0 2 7 17 9 2 0 2 7 0 2 7 13 6 3 5 31 3 0 2 7 0 2 7 5 30 3 0 2 7 0 2 7 1 2 7 17 18 2 12 16 2 1 2 7 1 2 7 1 2 7 0 20.2646257877349854
5 30 3 0 2 3 0 2 3 0 2 3 0 2 11 1 2 3 0 2 7 5 30 3 0 2 3 12 16 2 0 2 3 0 2 11 16 30 2 0 2 3 1 2 8 16 19 11 5 30 3 0 2 11 1 2 3 0 2 11 0 22.133776068687439
0 2 7 0 2 7 0 2 7 0 2 7 0 2 7 12 16 2 0 2 7 5 30 3 17 9 2 13 6 3 0 2 4 13 6 3 1 2 11 12 16 2 12 16 2 17 18 2 1 2 7 1 2 7 1 2 11 12 16 2 0 20.3046585321426392
12 16 2 1 2 7 17 9 2 12 16 2 0 2 7 1 2 7 0 2 3 0 2 4 0 2 4 0 2 7 5 30 3 0 2 7 0 2 7 1 2 7 12 16 2 1 2 7 0 2 7 13 6 3 5 31 3 16 30 2 0 20.4516057968139648
5 30 3 16 6 2 1 2 3 5 30 3 1 2 3 0 2 1 0 2 7 0 2 7 1 2 11 0 2 3 17 9 2 8 18 2 12 16 2 1 2 4 0 2 7 0 2 3 0 2 7 0 2 11 0 2 7 0 2 7 0 21.2207518815994263
12 16 2 0 2 7 5 30 3 0 2 7 0 2 7 0 2 7 0 2 7 5 31 3 16 19 11 16 19 11 0 2 3 12 16 2 0 2 11 5 30 3 0 2 7 0 2 11 0 2 7 1 2 7 0 2 11 0 2 7 0 21.9703837633132935
12 16 2 0 2 7 1 2 7 0 2 4 0 2 1 17 9 2 17 18 2 12 16 2 12 16 2 12 16 2 1 2 7 0 2 7 0 2 4 13 6 3 5 31 3 1 2 7 1 2 4 0 2 4 1 2 4 0 2 7 0 20.6123768091201782
0 2 7 1 2 7 17 9 2 0 2 7 1 2 7 0 2 7 5 30 3 0 2 7 1 2 7 1 2 4 0 2 7 13 6 3 5 31 3 12 16 2 17 9 2 0 2 4 0 2 7 6 2 7 0 2 7 12 16 2 0 20.3487167954444885
0 2 7 12 16 2 1 2 7 0 2 7 0 2 3 1 2 3 5 31 3 0 2 7 0 2 7 8 9 2 1 2 7 0 2 7 0 2 12 1 2 7 0 2 7 5 30 3 17 9 2 1 2 4 16 6 2 0 2 7 0 20.769278883934021
0 2 7 12 16 2 0 2 7 0 2 7 0 2 7 0 2 7 12 16 2 5 31 3 12 16 2 1 2 7 5 31 3 1 2 7 8 9 2 0 2 4 16 6 2 0 2 7 0 2 7 16 6 2 0 2 7 1 2 7 0 20.7894667387008667

Current Evaluation = 1980(1980)
Front Size = 10
0 2 7 1 2 7 0 2 7 13 6 3 1 2 7 12 16 2 0 2 7 17 18 2 1 2 7 5 31 3 17 18 2 0 2 7 0 2 7 1 2 7 0 2 7 0 2 7 5 30 3 0 2 7 1 2 7 0 2 7 0 20.2646257877349854
0 2 7 0 2 7 0 2 7 13 6 3 12 16 2 0 2 7 12 16 2 5 30 3 0 2 7 0 2 4 1 2 7 0 2 4 1 2 7 17 9 2 0 2 7 5 30 3 1 2 7 16 31 2 1 2 3 12 16 2 0 20.4516056776046753
1 2 7 0 2 7 0 2 7 13 6 3 12 16 2 1 2 4 12 16 2 5 30 3 0 2 7 6 2 7 0 2 7 1 2 4 0 2 7 0 2 7 0 2 7 1 2 7 17 18 2 5 31 3 17 9 2 0 2 7 0 20.3487167954444885
5 30 3 0 2 3 0 2 3 0 2 3 0 2 11 1 2 3 0 2 7 5 30 3 0 2 3 12 16 2 0 2 3 0 2 11 16 30 2 0 2 3 1 2 8 16 19 11 5 30 3 0 2 11 1 2 3 0 2 11 0 22.133776068687439
12 16 2 0 2 7 1 2 7 0 2 4 0 2 1 17 9 2 17 18 2 12 16 2 12 16 2 12 16 2 1 2 7 0 2 7 0 2 4 13 6 3 5 31 3 1 2 7 1 2 4 0 2 4 1 2 4 0 2 7 0 20.6123768091201782
12 16 2 1 2 7 0 2 4 0 2 4 17 18 2 12 16 2 12 16 2 12 16 2 0 2 7 13 6 3 5 30 3 1 2 1 0 2 7 1 2 7 8 9 2 0 2 4 0 2 7 0 2 7 17 18 2 1 2 4 0 20.6559027433395386
0 2 7 12 16 2 0 2 7 0 2 7 0 2 7 0 2 7 12 16 2 5 31 3 12 16 2 1 2 7 5 31 3 1 2 7 8 9 2 0 2 4 16 6 2 0 2 7 0 2 7 16 6 2 0 2 7 1 2 7 0 20.7894667387008667
12 16 2 0 2 7 1 2 7 0 2 7 0 2 7 0 2 3 5 30 3 0 2 3 12 16 2 0 2 3 0 2 7 5 30 3 16 9 11 16 19 11 0 2 3 12 16 2 12 16 2 0 2 11 1 2 3 13 6 3 0 21.6484816670417786
12 16 2 0 2 7 0 2 11 0 2 4 0 2 1 17 9 2 0 2 3 0 2 11 16 19 11 1 2 3 1 2 7 0 2 7 0 2 11 0 2 11 5 31 3 1 2 7 5 30 3 1 2 8 1 2 4 1 2 3 0.000235918389743784392 21.7259241342544556
12 16 2 0 2 7 17 9 2 12 16 2 0 2 7 13 6 3 5 30 3 0 2 7 1 2 4 12 16 2 0 2 7 1 2 4 1 2 4 0 2 1 1 2 7 12 16 2 0 2 4 0 2 7 8 9 2 17 18 2 0 20.6559027433395386

Current Evaluation = 2160(2160)
Front Size = 10
0 2 7 0 2 7 17 9 2 13 6 3 12 16 2 1 2 7 5 30 3 0 2 7 1 2 7 0 2 7 1 2 7 1 2 7 0 2 7 5 31 3 0 2 7 0 2 7 0 2 7 1 2 7 17 18 2 0 2 7 0 20.2646257877349854
12 16 2 0 2 7 1 2 7 0 2 4 0 2 1 17 9 2 17 18 2 12 16 2 12 16 2 12 16 2 1 2 7 0 2 7 0 2 4 13 6 3 5 31 3 1 2 7 1 2 4 0 2 4 1 2 4 0 2 7 0 20.6123768091201782
12 16 2 0 2 7 0 2 7 1 2 7 17 18 2 1 2 7 0 2 3 0 2 7 5 31 3 1 2 7 0 2 4 0 2 7 1 2 4 12 16 2 12 16 2 16 30 2 13 6 3 0 2 7 5 30 3 0 2 7 0 20.4516057968139648
5 30 3 0 2 3 0 2 3 0 2 3 0 2 11 1 2 3 0 2 7 5 30 3 0 2 3 12 16 2 0 2 3 0 2 11 16 30 2 0 2 3 1 2 8 16 19 11 5 30 3 0 2 11 1 2 3 0 2 11 0 22.133776068687439
12 16 2 0 2 7 0 2 11 0 2 4 0 2 3 1 2 7 0 2 7 5 31 3 1 2 7 5 30 3 0 2 1 17 9 2 0 2 11 0 2 7 1 2 7 0 2 11 0 2 3 1 2 8 0 2 3 1 2 7 0.000123544574800663049 21.6573700904846191
12 16 2 0 2 7 1 2 3 0 2 7 8 9 2 1 2 7 0 2 7 1 2 11 5 30 3 0 2 7 0 2 7 13 6 3 17 9 2 12 16 2 0 2 7 12 16 2 16 6 2 5 30 3 0 2 4 0 2 7 0 20.6301085948944092
12 16 2 0 2 7 8 9 2 12 16 2 0 2 7 5 31 3 1 2 7 0 2 7 1 2 7 0 2 7 0 2 7 5 31 3 0 2 7 16 6 2 16 6 2 0 2 7 0 2 7 0 2 7 12 16 2 1 2 4 0 20.7894667387008667
0 2 7 0 2 7 17 9 2 13 6 3 12 16 2 1 2 7 5 30 3 0 2 7 0 2 4 6 2 7 1 2 7 0 2 7 1 2 7 17 9 2 1 2 7 0 2 4 0 2 7 5 31 3 0 2 7 12 16 2 0 20.3487167954444885
12 16 2 1 2 7 1 2 7 5 30 3 0 2 7 0 2 7 0 2 7 0 2 7 0 2 3 1 2 7 0 2 3 0 2 7 0 2 7 1 2 7 0 2 7 5 31 3 16 6 2 16 31 2 12 16 2 0 2 7 0 20.7024867534637451
5 31 3 6 2 7 6 2 7 0 2 7 0 2 7 0 2 11 1 2 11 0 2 7 0 2 7 16 6 2 5 30 3 1 2 11 5 31 3 0 2 7 0 2 7 0 2 11 17 9 2 12 16 2 0 2 7 0 2 7 0 21.1354858875274658

Current Evaluation = 2340(2340)
Front Size = 10
0 2 7 1 2 7 17 9 2 13 6 3 1 2 7 0 2 7 0 2 7 1 2 7 0 2 7 0 2 7 0 2 7 5 30 3 1 2 7 17 18 2 5 31 3 0 2 7 0 2 7 0 2 7 12 16 2 1 2 7 0 20.2646257877349854
12 16 2 0 2 7 1 2 7 0 2 4 0 2 1 17 9 2 17 18 2 12 16 2 12 16 2 12 16 2 1 2 7 0 2 7 0 2 4 13 6 3 5 31 3 1 2 7 1 2 4 0 2 4 1 2 4 0 2 7 0 20.6123768091201782
12 16 2 0 2 7 0 2 7 0 2 7 1 2 11 17 9 2 17 18 2 12 16 2 12 16 2 12 16 2 0 2 7 1 2 11 0 2 7 13 6 3 5 30 3 0 2 7 1 2 7 1 2 7 13 6 3 0 2 4 0 20.3046585321426392
5 30 3 0 2 3 0 2 3 0 2 3 0 2 11 1 2 3 0 2 7 5 30 3 0 2 3 12 16 2 0 2 3 0 2 11 16 30 2 0 2 3 1 2 8 16 19 11 5 30 3 0 2 11 1 2 3 0 2 11 0 22.133776068687439
1 2 7 0 2 7 0 2 7 17 9 2 0 2 7 0 2 7 13 6 3 5 31 3 1 2 7 17 9 2 6 2 7 0 2 4 1 2 7 5 30 3 12 16 2 12 16 2 1 2 7 0 2 7 0 2 4 0 2 7 0 20.3487167954444885
5 31 3 6 2 7 6 2 7 0 2 7 0 2 7 0 2 11 1 2 11 0 2 7 0 2 7 16 6 2 5 30 3 1 2 11 5 31 3 0 2 7 0 2 7 0 2 11 17 9 2 12 16 2 0 2 7 0 2 7 0 21.1354858875274658
5 30 3 0 2 7 0 2 7 0 2 7 17 9 2 12 16 2 0 2 7 0 2 7 1 2 7 1 2 4 0 2 7 16 31 2 0 2 3 12 16 2 5 30 3 1 2 7 1 2 4 0 2 7 12 16 2 13 6 3 0 20.4516056776046753
0 2 7 0 2 7 17 9 2 12 16 2 0 2 7 1 2 7 0 2 7 1 2 7 0 2 7 0 2 7 1 2 7 5 30 3 0 2 4 12 16 2 0 2 3 0 2 7 8 1 2 5 30 3 16 30 2 1 2 7 0.000479744711089826826 20.4966766834259033
0 2 7 0 2 7 17 9 2 6 2 7 0 2 7 1 2 4 0 2 7 1 2 7 0 2 7 0 2 7 1 2 7 5 30 3 0 2 7 12 16 2 0 2 7 13 6 3 5 31 3 1 2 4 17 9 2 12 16 2 0 20.3487167954444885
0 2 7 0 2 7 17 9 2 13 6 3 12 16 2 0 2 7 1 2 7 0 2 7 1 2 7 0 2 7 0 2 7 5 31 3 1 2 7 5 30 3 0 2 4 6 2 11 16 30 2 12 16 2 12 16 2 0 2 3 0 20.5474988222122192

Current Evaluation = 2520(2520)
Front Size = 10
12 16 2 0 2 7 0 2 7 0 2 7 0 2 7 0 2 7 0 2 7 0 2 7 17 9 2 0 2 7 5 30 3 13 6 3 0 2 7 5 31 3 1 2 7 17 18 2 1 2 7 1 2 7 1 2 7 1 2 7 0 20.2646257877349854
12 16 2 0 2 7 1 2 7 0 2 4 17 9 2 17 18 2 12 16 2 12 16 2 12 16 2 1 2 7 0 2 7 13 6 3 0 2 7 0 2 1 0 2 4 5 31 3 1 2 11 1 2 4 0 2 4 1 2 4 0 20.7119767665863037
5 30 3 0 2 3 0 2 3 0 2 3 0 2 11 1 2 3 0 2 7 5 30 3 0 2 3 12 16 2 0 2 3 0 2 11 16 30 2 0 2 3 1 2 8 16 19 11 5 30 3 0 2 11 1 2 3 0 2 11 0 22.133776068687439
12 16 2 0 2 7 0 2 7 1 2 11 1 2 4 17 9 2 17 9 2 12 16 2 12 16 2 12 16 2 13 6 3 0 2 7 0 2 7 1 2 7 0 2 7 0 2 7 0 2 7 1 2 11 5 30 3 13 6 3 0 20.3046585321426392
12 16 2 0 2 11 0 2 7 1 2 7 0 2 7 17 9 2 12 16 2 12 16 2 12 16 2 13 6 3 0 2 7 1 2 7 17 9 2 0 2 7 0 2 7 0 2 4 1 2 7 1 2 11 5 30 3 13 6 3 0 20.3046586513519287
12 16 2 0 2 7 1 2 7 0 2 7 0 2 7 0 2 7 0 2 7 0 2 7 17 9 2 0 2 7 5 30 3 13 6 3 1 2 7 5 31 3 1 2 7 1 2 4 0 2 4 6 2 7 12 16 2 17 9 2 0 20.3487167954444885
0 2 7 0 2 7 0 2 7 15 2 11 0 2 7 1 2 4 12 16 2 12 16 2 0 2 7 16 31 2 0 2 7 0 2 7 1 2 7 5 31 3 5 30 3 1 2 7 0 2 7 16 6 2 12 16 2 0 2 7 0 20.7810816764831543
12 16 2 0 2 7 0 2 7 0 2 7 1 2 11 17 9 2 12 16 2 12 16 2 12 16 2 0 2 4 1 2 11 0 2 7 13 6 3 5 30 3 0 2 7 1 2 7 13 6 3 17 18 2 1 2 7 0 2 7 0 20.3046585321426392
12 16 2 1 2 7 1 2 7 0 2 7 17 9 2 1 2 7 0 2 7 0 2 4 0 2 7 0 2 7 16 31 2 5 30 3 12 16 2 1 2 7 12 16 2 0 2 7 13 6 3 5 30 3 0 2 4 0 2 3 0 20.4516056776046753
12 16 2 0 2 7 0 2 7 1 2 4 12 16 2 12 16 2 13 6 3 0 2 7 1 2 7 0 2 7 0 2 7 0 2 3 1 2 4 5 30 3 1 2 7 5 31 3 16 30 2 0 2 7 0 2 7 17 18 2 0 20.4516057968139648

Current Evaluation = 2700(2700)
Front Size = 10
12 16 2 0 2 7 5 31 3 17 9 2 13 6 3 0 2 7 0 2 7 1 2 7 5 30 3 0 2 7 17 9 2 0 2 7 0 2 7 0 2 7 1 2 7 1 2 7 0 2 7 1 2 7 1 2 7 0 2 7 0 20.2646257877349854
12 16 2 17 18 2 0 2 7 0 2 7 17 9 2 0 2 4 1 2 11 0 2 7 0 2 7 1 2 7 1 2 7 12 16 2 12 16 2 0 2 11 13 6 3 12 16 2 1 2 7 5 30 3 13 6 3 0 2 7 0 20.3046586513519287
12 16 2 0 2 7 0 2 7 1 2 4 12 16 2 12 16 2 13 6 3 0 2 7 1 2 7 0 2 7 0 2 7 0 2 3 1 2 4 5 30 3 1 2 7 5 31 3 16 30 2 0 2 7 0 2 7 17 18 2 0 20.4516057968139648
5 30 3 0 2 3 0 2 3 0 2 3 0 2 11 1 2 3 0 2 7 5 30 3 0 2 3 12 16 2 0 2 3 0 2 11 16 30 2 0 2 3 1 2 8 16 19 11 5 30 3 0 2 11 1 2 3 0 2 11 0 22.133776068687439
12 16 2 0 2 7 1 2 7 0 2 4 17 9 2 17 18 2 12 16 2 12 16 2 12 16 2 1 2 7 0 2 7 13 6 3 0 2 7 0 2 1 0 2 4 5 31 3 1 2 11 1 2 4 0 2 4 1 2 4 0 20.7119767665863037
0 2 7 0 2 7 0 2 7 0 2 7 1 2 4 1 2 7 12 16 2 12 16 2 0 2 7 16 31 2 0 2 7 0 2 7 1 2 7 5 31 3 5 31 3 1 2 7 0 2 7 16 6 2 12 16 2 0 2 7 0 20.730563759803772
12 16 2 0 2 7 1 2 11 0 2 7 17 9 2 12 16 2 12 16 2 12 16 2 13 6 3 0 2 7 0 2 7 1 2 4 0 2 7 5 30 3 1 2 11 0 2 7 17 9 2 0 2 7 1 2 7 13 6 3 0 20.3046585321426392
12 16 2 1 2 7 0 2 4 0 2 4 12 16 2 0 2 7 6 2 7 13 6 3 0 2 7 1 2 7 1 2 7 0 2 7 5 30 3 17 9 2 1 2 7 5 31 3 17 18 2 0 2 7 0 2 7 0 2 7 0 20.3487167954444885
12 16 2 0 2 7 0 2 4 0 2 7 12 16 2 0 2 7 1 2 7 13 6 3 0 2 7 5 31 3 1 2 7 17 18 2 1 2 7 6 2 7 0 2 7 5 30 3 0 2 7 1 2 4 17 18 2 0 2 7 0 20.3487167954444885
12 16 2 0 2 7 0 2 4 0 2 7 12 16 2 0 2 3 0 2 7 13 6 3 1 2 7 0 2 7 1 2 4 0 2 7 5 30 3 17 9 2 1 2 7 0 2 7 5 30 3 16 31 2 12 16 2 1 2 7 0 20.4516056776046753

Current Evaluation = 2880(2880)
Front Size = 10
12 16 2 1 2 7 17 9 2 13 6 3 1 2 7 1 2 7 1 2 7 0 2 7 0 2 7 0 2 7 0 2 7 5 30 3 5 31 3 0 2 7 1 2 7 0 2 7 0 2 7 0 2 7 17 9 2 0 2 7 0 20.2646257877349854
0 2 7 12 16 2 0 2 3 0 2 7 0 2 11 6 2 3 0 2 7 12 16 2 5 31 3 16 6 2 0 2 7 6 2 11 0 2 3 0 2 3 5 30 3 0 2 7 5 30 3 0 2 10 16 19 11 0 2 11 0 21.8405678272247314
12 16 2 12 16 2 17 9 2 13 6 3 1 2 11 0 2 7 0 2 7 0 2 7 1 2 7 0 2 7 1 2 11 5 30 3 0 2 4 0 2 7 0 2 7 12 16 2 12 16 2 1 2 7 17 18 2 13 6 3 0 20.3046585321426392
5 30 3 1 2 4 12 16 2 0 2 7 0 2 7 1 2 7 1 2 7 0 2 7 0 2 7 17 9 2 1 2 7 0 2 7 13 6 3 5 31 3 17 9 2 0 2 7 0 2 7 0 2 4 12 16 2 6 2 7 0 20.3487167954444885
12 16 2 1 2 7 5 30 3 16 31 2 12 16 2 12 16 2 13 6 3 0 2 4 1 2 7 0 2 7 1 2 7 0 2 4 0 2 7 0 2 7 5 30 3 0 2 7 0 2 7 1 2 7 17 18 2 0 2 3 0 20.4516056776046753
5 31 3 6 2 7 0 2 7 12 16 2 0 2 7 1 2 4 0 2 7 0 2 7 0 2 7 0 2 7 16 6 2 5 31 3 1 2 7 0 2 4 1 2 7 0 2 7 17 9 2 0 2 7 0 2 7 1 2 7 0 20.4595978856086731
5 30 3 0 2 3 0 2 3 0 2 3 0 2 11 1 2 3 0 2 7 5 30 3 0 2 3 12 16 2 0 2 3 0 2 11 16 30 2 0 2 3 1 2 8 16 19 11 5 30 3 0 2 11 1 2 3 0 2 11 0 22.133776068687439
12 16 2 0 2 7 1 2 4 5 31 3 17 9 2 12 16 2 12 16 2 12 16 2 13 6 3 0 2 4 1 2 7 0 2 4 1 2 1 0 2 7 0 2 4 17 18 2 0 2 7 1 2 7 1 2 4 0 2 7 0 20.6123768091201782
5 31 3 0 2 7 0 2 7 12 16 2 0 2 7 0 2 10 0 2 4 0 2 7 0 2 7 1 2 7 1 2 7 12 16 2 16 6 2 17 18 2 0 2 7 8 9 2 5 30 3 1 2 7 0 2 7 1 2 7 0 20.7286287546157837
12 16 2 1 2 7 17 9 2 13 6 3 1 2 7 0 2 7 0 2 7 0 2 7 0 2 7 5 30 3 0 2 7 0 2 7 12 16 2 1 2 7 5 31 3 0 2 4 12 16 2 0 2 7 1 2 11 12 16 2 0 20.9607245922088623

Current Evaluation = 3060(3060)
Front Size = 10
0 2 7 0 2 7 13 6 3 0 2 7 0 2 7 0 2 7 1 2 7 0 2 7 1 2 7 12 16 2 17 18 2 5 31 3 17 9 2 0 2 7 0 2 7 5 30 3 1 2 7 1 2 7 1 2 7 0 2 7 0 20.2646257877349854
12 16 2 12 16 2 17 9 2 13 6 3 0 2 7 0 2 7 0 2 7 0 2 7 12 16 2 12 16 2 1 2 11 1 2 7 1 2 7 0 2 7 5 30 3 0 2 4 13 6 3 17 9 2 1 2 11 0 2 7 0 20.3046585321426392
12 16 2 1 2 7 5 30 3 16 31 2 12 16 2 12 16 2 13 6 3 0 2 4 1 2 7 0 2 7 1 2 7 0 2 4 0 2 7 0 2 7 5 30 3 0 2 7 0 2 7 1 2 7 17 18 2 0 2 3 0 20.4516056776046753
12 16 2 12 16 2 13 6 3 13 6 3 0 2 7 0 2 7 1 2 7 5 30 3 0 2 7 0 2 7 12 16 2 1 2 11 17 9 2 1 2 11 0 2 7 12 16 2 0 2 7 1 2 4 17 18 2 0 2 7 0 20.3046585321426392
5 30 3 0 2 3 0 2 3 0 2 3 0 2 11 1 2 3 0 2 7 5 30 3 0 2 3 12 16 2 0 2 3 0 2 11 16 30 2 0 2 3 1 2 8 16 19 11 5 30 3 0 2 11 1 2 3 0 2 11 0 22.133776068687439
0 2 7 12 16 2 1 2 7 0 2 7 5 30 3 0 2 7 5 31 3 1 2 7 0 2 7 0 2 7 1 2 7 17 18 2 0 2 7 13 6 3 0 2 7 17 9 2 12 16 2 6 2 7 1 2 4 0 2 4 0 20.3487167954444885
0 2 7 12 16 2 0 2 3 1 2 4 12 16 2 5 31 3 16 6 2 0 2 3 5 30 3 0 2 3 0 2 7 0 2 7 1 2 7 15 2 11 0 2 3 0 2 7 1 2 7 0 2 7 16 6 2 0 2 7 0 20.9683817625045776
12 16 2 17 9 2 1 2 4 1 2 7 12 16 2 0 2 1 0 2 7 1 2 7 0 2 4 1 2 7 5 30 3 0 2 7 0 2 7 0 2 4 13 6 3 0 2 4 12 16 2 12 16 2 8 18 2 17 9 2 0 20.6559027433395386
1 2 7 12 16 2 1 2 7 12 16 2 5 30 3 0 2 7 0 2 1 0 2 7 1 2 7 0 2 7 0 2 7 0 2 7 0 2 7 17 18 2 1 2 7 5 30 3 17 9 2 13 6 3 0 2 11 8 9 2 0 20.7305498123168945
0 2 11 12 16 2 8 9 2 12 16 2 5 30 3 5 30 3 1 2 7 0 2 7 0 2 11 0 2 7 17 18 2 0 2 7 0 2 11 1 2 8 13 6 3 1 2 7 1 2 7 0 2 4 0 2 7 17 9 2 0 20.8689498901367188

Current Evaluation = 3240(3240)
Front Size = 10
0 2 7 12 16 2 1 2 7 0 2 7 5 30 3 0 2 7 0 2 7 1 2 7 0 2 7 1 2 7 0 2 7 0 2 7 5 31 3 0 2 7 0 2 7 1 2 7 1 2 7 13 6 3 17 18 2 17 18 2 0 20.2646257877349854
0 2 7 12 16 2 1 2 7 0 2 7 5 30 3 0 2 7 0 2 7 1 2 7 0 2 7 1 2 7 0 2 7 0 2 7 5 31 3 0 2 7 0 2 7 1 2 7 1 2 7 13 6 3 17 9 2 17 18 2 0 20.2646257877349854
12 16 2 12 16 2 17 9 2 13 6 3 0 2 7 0 2 7 0 2 7 0 2 7 12 16 2 12 16 2 1 2 11 1 2 7 0 2 7 5 30 3 13 6 3 1 2 11 0 2 7 1 2 4 0 2 7 17 9 2 0 20.3046585321426392
0 2 7 12 16 2 0 2 7 5 30 3 0 2 7 1 2 7 13 6 3 17 18 2 0 2 7 6 2 7 0 2 7 0 2 7 1 2 7 17 9 2 5 31 3 12 16 2 1 2 4 0 2 7 0 2 4 1 2 7 0 20.3487167954444885
5 30 3 0 2 3 0 2 3 0 2 3 0 2 11 1 2 3 0 2 7 5 30 3 0 2 3 12 16 2 0 2 3 0 2 11 16 30 2 0 2 3 1 2 8 16 19 11 5 30 3 0 2 11 1 2 3 0 2 11 0 22.133776068687439
12 16 2 12 16 2 17 9 2 13 6 3 0 2 7 0 2 7 0 2 7 0 2 7 12 16 2 12 16 2 1 2 7 1 2 7 0 2 7 5 30 3 13 6 3 1 2 11 0 2 7 1 2 11 0 2 4 17 18 2 0 20.3046585321426392
0 2 7 12 16 2 0 2 3 1 2 4 12 16 2 5 31 3 16 6 2 0 2 3 5 30 3 0 2 3 0 2 7 0 2 7 1 2 7 15 2 11 0 2 3 0 2 7 1 2 7 0 2 7 16 6 2 0 2 7 0 20.9683817625045776
1 2 7 12 16 2 0 2 7 12 16 2 5 30 3 1 2 7 0 2 1 0 2 4 1 2 7 0 2 4 17 9 2 13 6 3 0 2 4 12 16 2 1 2 4 17 18 2 0 2 7 12 16 2 8 18 2 0 2 7 0 20.6559027433395386
0 2 7 12 16 2 1 2 7 0 2 7 5 30 3 0 2 7 0 2 7 1 2 7 0 2 7 1 2 7 0 2 7 0 2 7 5 31 3 0 2 7 0 2 7 17 9 2 1 2 7 1 2 7 13 6 3 17 9 2 0 20.2646257877349854
0 2 7 12 16 2 0 2 7 12 16 2 5 30 3 0 2 7 0 2 7 1 2 4 0 2 7 1 2 4 0 2 7 1 2 7 5 31 3 16 30 2 12 16 2 0 2 7 17 18 2 1 2 3 13 6 3 0 2 7 0 20.4516057968139648

Current Evaluation = 3420(3420)
Front Size = 10
5 30 3 12 16 2 0 2 7 1 2 7 0 2 7 1 2 7 0 2 7 0 2 7 0 2 7 5 31 3 0 2 7 0 2 7 1 2 7 0 2 7 1 2 7 0 2 7 17 18 2 17 18 2 1 2 7 13 6 3 0 20.2646257877349854
12 16 2 12 16 2 17 9 2 13 6 3 1 2 7 1 2 7 0 2 7 1 2 11 0 2 4 0 2 7 0 2 7 0 2 7 0 2 7 12 16 2 12 16 2 13 6 3 5 30 3 0 2 7 17 9 2 1 2 11 0 20.3046585321426392
12 16 2 12 16 2 17 9 2 13 6 3 1 2 7 1 2 7 0 2 7 1 2 11 0 2 4 0 2 7 0 2 7 0 2 7 0 2 7 0 2 7 17 18 2 12 16 2 12 16 2 13 6 3 5 30 3 1 2 11 0 20.3046585321426392
0 2 7 12 16 2 5 31 3 17 9 2 0 2 7 1 2 3 0 2 7 12 16 2 0 2 4 6 2 7 1 2 7 0 2 7 0 2 11 12 16 2 1 2 7 5 30 3 0 2 7 0 2 7 13 6 3 16 30 2 0 20.547498881816864
12 16 2 0 2 7 1 2 7 1 2 7 0 2 7 0 2 4 16 6 2 5 30 3 12 16 2 0 2 7 5 30 3 8 18 2 17 9 2 1 2 7 12 16 2 0 2 3 0 2 7 0 2 7 13 6 3 0 2 11 0 20.6301087141036987
12 16 2 12 16 2 17 9 2 13 6 3 1 2 7 1 2 11 0 2 7 0 2 7 0 2 7 0 2 7 0 2 4 0 2 7 1 2 7 12 16 2 12 16 2 13 6 3 5 30 3 0 2 11 1 2 7 17 9 2 0 20.3046586513519287
1 2 4 12 16 2 5 31 3 5 31 3 0 2 7 0 2 7 0 2 7 0 2 7 0 2 7 0 2 7 0 2 7 0 2 4 0 2 7 1 2 7 17 9 2 1 2 7 1 2 7 1 2 11 12 16 2 16 30 2 0 20.6953258514404297
12 16 2 12 16 2 0 2 11 1 2 7 0 2 7 13 6 3 0 2 7 1 2 4 1 2 11 0 2 7 17 9 2 13 6 3 12 16 2 5 30 3 12 16 2 1 2 7 0 2 7 17 9 2 0 2 7 0 2 7 0 20.3046586513519287
5 30 3 0 2 3 0 2 3 0 2 3 0 2 3 12 16 2 1 2 3 16 6 2 12 16 2 5 30 3 0 2 7 1 2 7 0 2 3 8 18 2 0 2 7 16 31 2 0 2 3 1 2 7 1 2 7 0 2 7 0 21.1554608345031738
0 2 7 12 16 2 5 31 3 5 30 3 0 2 7 0 2 7 0 2 3 6 2 11 0 2 7 0 2 11 1 2 11 1 2 7 0 2 7 0 2 7 16 19 11 0 2 11 6 2 7 0 2 10 17 9 2 5 30 3 0 21.5550568699836731

Current Evaluation = 3600(3600)
Front Size = 10
12 16 2 13 6 3 1 2 7 1 2 7 0 2 7 0 2 7 0 2 7 0 2 7 0 2 7 5 30 3 0 2 7 17 18 2 1 2 7 0 2 7 5 31 3 1 2 7 0 2 7 0 2 7 1 2 7 17 9 2 0 20.2646257877349854
12 16 2 12 16 2 17 9 2 13 6 3 1 2 7 1 2 7 0 2 7 1 2 11 0 2 4 0 2 7 0 2 7 0 2 7 0 2 7 12 16 2 12 16 2 13 6 3 5 30 3 0 2 7 17 9 2 1 2 11 0 20.3046585321426392
0 2 4 12 16 2 5 30 3 6 2 7 1 2 7 0 2 7 12 16 2 0 2 7 12 16 2 0 2 11 0 2 7 1 2 7 5 30 3 0 2 3 1 2 7 13 6 3 0 2 7 0 2 7 17 18 2 16 31 2 0 20.5474987626075745
1 2 7 12 16 2 0 2 7 0 2 7 0 2 7 6 2 7 5 30 3 1 2 7 12 16 2 5 31 3 17 9 2 0 2 4 17 9 2 0 2 4 1 2 7 0 2 7 0 2 7 13 6 3 0 2 7 1 2 7 0 20.3487167954444885
1 2 3 12 16 2 0 2 3 0 2 3 0 2 3 1 2 3 5 30 3 1 2 7 12 16 2 0 2 10 5 30 3 0 2 7 0 2 7 0 2 7 0 2 3 0 2 4 0 2 3 16 31 2 16 6 2 1 2 4 0 21.1162078380584717
0 2 7 12 16 2 5 31 3 5 30 3 0 2 7 0 2 7 0 2 7 0 2 12 0 2 7 0 2 7 0 2 12 1 2 11 1 2 7 0 2 7 13 6 3 17 18 2 6 2 7 17 18 2 1 2 12 5 30 3 0 20.9407138228416443
6 2 7 12 16 2 5 30 3 0 2 7 1 2 7 17 9 2 1 2 7 0 2 7 0 2 7 0 2 7 1 2 4 13 6 3 1 2 4 0 2 7 12 16 2 0 2 7 0 2 7 5 31 3 17 9 2 0 2 7 0 20.3487167954444885
0 2 7 12 16 2 5 30 3 0 2 7 1 2 7 0 2 7 12 16 2 1 2 11 12 16 2 0 2 4 0 2 7 1 2 7 5 30 3 0 2 7 6 2 3 13 6 3 0 2 7 0 2 7 17 18 2 16 31 2 0 20.5474985837936401
0 2 7 12 16 2 5 30 3 6 2 7 0 2 7 0 2 7 12 16 2 0 2 7 12 16 2 0 2 3 0 2 7 1 2 7 5 30 3 0 2 4 1 2 11 13 6 3 0 2 7 1 2 7 17 18 2 16 31 2 0 20.5474986433982849
12 16 2 0 2 7 5 30 3 1 2 11 12 16 2 5 31 3 0 2 3 0 2 3 0 2 3 0 2 7 16 6 2 0 2 8 0 2 7 1 2 7 8 9 2 0 2 7 0 2 7 0 2 7 16 6 2 1 2 7 0 21.115189790725708

MonoObjective Genetic Algorithm
Number of Evaluations = 0
Mutation Probability = 0
Crossover Probability = 1
Population Size = 10
Survival Selection Type = 16

Time =  3601.3945529460907

Current Evaluation = 3400
Front Size = 10
12 16 2 13 6 3 1 2 7 1 2 7 0 2 7 0 2 7 0 2 7 0 2 7 0 2 7 5 30 3 0 2 7 17 18 2 1 2 7 0 2 7 5 31 3 1 2 7 0 2 7 0 2 7 1 2 7 17 9 2 0 20.2646257877349854
12 16 2 12 16 2 17 9 2 13 6 3 1 2 7 1 2 7 0 2 7 1 2 11 0 2 4 0 2 7 0 2 7 0 2 7 0 2 7 12 16 2 12 16 2 13 6 3 5 30 3 0 2 7 17 9 2 1 2 11 0 20.3046585321426392
0 2 4 12 16 2 5 30 3 6 2 7 1 2 7 0 2 7 12 16 2 0 2 7 12 16 2 0 2 11 0 2 7 1 2 7 5 30 3 0 2 3 1 2 7 13 6 3 0 2 7 0 2 7 17 18 2 16 31 2 0 20.5474987626075745
1 2 7 12 16 2 0 2 7 0 2 7 0 2 7 6 2 7 5 30 3 1 2 7 12 16 2 5 31 3 17 9 2 0 2 4 17 9 2 0 2 4 1 2 7 0 2 7 0 2 7 13 6 3 0 2 7 1 2 7 0 20.3487167954444885
1 2 3 12 16 2 0 2 3 0 2 3 0 2 3 1 2 3 5 30 3 1 2 7 12 16 2 0 2 10 5 30 3 0 2 7 0 2 7 0 2 7 0 2 3 0 2 4 0 2 3 16 31 2 16 6 2 1 2 4 0 21.1162078380584717
0 2 7 12 16 2 5 31 3 5 30 3 0 2 7 0 2 7 0 2 7 0 2 12 0 2 7 0 2 7 0 2 12 1 2 11 1 2 7 0 2 7 13 6 3 17 18 2 6 2 7 17 18 2 1 2 12 5 30 3 0 20.9407138228416443
6 2 7 12 16 2 5 30 3 0 2 7 1 2 7 17 9 2 1 2 7 0 2 7 0 2 7 0 2 7 1 2 4 13 6 3 1 2 4 0 2 7 12 16 2 0 2 7 0 2 7 5 31 3 17 9 2 0 2 7 0 20.3487167954444885
0 2 7 12 16 2 5 30 3 0 2 7 1 2 7 0 2 7 12 16 2 1 2 11 12 16 2 0 2 4 0 2 7 1 2 7 5 30 3 0 2 7 6 2 3 13 6 3 0 2 7 0 2 7 17 18 2 16 31 2 0 20.5474985837936401
0 2 7 12 16 2 5 30 3 6 2 7 0 2 7 0 2 7 12 16 2 0 2 7 12 16 2 0 2 3 0 2 7 1 2 7 5 30 3 0 2 4 1 2 11 13 6 3 0 2 7 1 2 7 17 18 2 16 31 2 0 20.5474986433982849
12 16 2 0 2 7 5 30 3 1 2 11 12 16 2 5 31 3 0 2 3 0 2 3 0 2 3 0 2 7 16 6 2 0 2 8 0 2 7 1 2 7 8 9 2 0 2 7 0 2 7 0 2 7 16 6 2 1 2 7 0 21.115189790725708

