Current Evaluation = 180(180)
Front Size = 10
0 2 7 12 16 2 0 2 7 0 2 7 0 2 7 0 2 7 0 2 7 6 2 7 0 2 7 0 2 4 1 2 7 1 2 7 17 9 2 5 30 3 1 2 4 17 9 2 5 31 3 1 2 7 12 16 2 13 6 3 0 20.3487167954444885
1 2 12 12 16 2 0 2 3 5 30 3 0 2 3 0 2 7 0 2 3 12 16 2 0 2 11 5 30 3 1 2 3 16 19 11 0 2 11 8 18 2 1 2 11 0 2 3 16 18 12 0 2 3 0 2 3 12 16 2 0 22.3711758852005005
1 2 7 5 30 3 0 2 7 0 2 7 5 30 3 1 2 3 16 31 2 0 2 7 0 2 3 1 2 3 1 2 7 12 16 2 0 2 3 0 2 7 0 2 7 0 2 3 0 2 3 1 2 3 16 6 2 0 2 3 0 20.9838578701019287
5 31 3 0 2 11 6 2 7 12 16 2 5 30 3 0 2 11 16 9 11 0 2 11 0 2 7 1 2 11 0 2 11 0 2 7 0 2 11 0 2 10 0 2 7 5 30 3 17 9 2 0 2 7 6 2 11 12 16 2 0 21.87757408618927
5 30 3 0 2 7 0 2 7 12 16 2 0 2 7 0 2 7 0 2 7 0 2 7 0 2 7 8 18 2 5 30 3 12 16 2 12 16 2 1 2 7 16 15 2 0 2 7 1 2 11 17 18 2 0 2 7 8 9 2 0 21.1788445711135864
16 18 8 0 2 3 12 16 2 0 2 8 5 30 3 8 18 2 0 2 8 0 2 8 8 18 2 0 2 8 16 19 1 12 16 2 12 16 2 0 2 8 0 2 8 5 30 3 0 2 8 0 2 8 1 2 8 1 2 8 7.45986468366225872e-05 23.1617811918258667
5 30 3 1 2 11 0 2 7 12 16 2 0 2 4 6 2 11 1 2 7 17 9 2 0 2 11 0 2 7 0 2 1 0 2 7 0 2 4 1 2 11 0 2 3 0 2 7 8 18 2 5 30 3 1 2 7 17 9 2 0 21.2094838619232178
16 19 12 0 2 8 0 2 8 5 30 3 0 2 11 0 2 11 8 9 2 0 2 3 0 2 3 1 2 8 12 16 2 0 2 3 5 30 3 0 2 8 5 30 3 0 2 8 0 2 8 16 19 11 12 16 2 0 2 11 0 23.0619581937789917
1 2 8 0 2 8 5 30 3 8 9 2 1 2 7 5 31 3 0 2 7 6 2 7 0 2 7 0 2 8 0 2 7 16 19 12 0 2 11 17 9 2 0 2 3 0 2 3 0 2 8 0 2 7 5 31 3 0 2 7 0.00206587095031700047 22.032450258731842
8 18 2 0 2 8 0 2 7 1 2 8 5 30 3 0 2 3 12 16 2 0 2 8 1 2 3 8 9 2 0 2 3 16 19 12 0 2 3 8 9 2 5 30 3 16 19 12 1 2 3 0 2 12 1 2 8 0 2 3 0.00224708518993481073 22.4375671148300171

Current Evaluation = 360(360)
Front Size = 10
5 31 3 0 2 7 0 2 7 1 2 7 0 2 7 17 9 2 0 2 7 1 2 7 5 30 3 12 16 2 0 2 7 0 2 7 0 2 7 0 2 7 1 2 7 13 6 3 17 9 2 1 2 7 0 2 7 1 2 7 0 20.2646257877349854
1 2 7 0 2 3 12 16 2 5 30 3 0 2 3 16 6 2 0 2 3 8 9 2 0 2 3 0 2 7 0 2 3 0 2 7 1 2 3 0 2 7 0 2 3 1 2 11 0 2 3 12 16 2 5 30 3 16 24 2 0 21.4025458097457886
16 18 8 0 2 3 12 16 2 0 2 8 5 30 3 8 18 2 0 2 8 0 2 8 8 18 2 0 2 8 16 19 1 12 16 2 12 16 2 0 2 8 0 2 8 5 30 3 0 2 8 0 2 8 1 2 8 1 2 8 7.45986468366225872e-05 23.1617811918258667
12 16 2 0 2 7 1 2 4 5 30 3 1 2 7 0 2 7 1 2 7 0 2 10 0 2 3 9 2 7 16 6 2 1 2 7 0 2 3 0 2 3 0 2 4 17 18 2 0 2 11 0 2 7 0 2 7 5 31 3 0 21.0818909406661987
5 30 3 1 2 7 0 2 11 0 2 11 13 6 3 0 2 10 5 30 3 0 2 11 0 2 7 5 30 3 1 2 11 0 2 11 0 2 7 0 2 11 12 16 2 12 16 2 17 9 2 0 2 7 17 18 2 6 2 7 0 21.2717849612236023
6 2 8 0 2 7 5 30 3 0 2 3 12 16 2 5 30 3 12 2 7 0 2 3 0 2 12 0 2 11 0 2 3 17 18 2 0 2 11 0 2 8 1 2 8 16 19 12 0 2 8 0 2 8 5 31 3 0 2 7 0 22.614118218421936
12 16 2 5 31 3 12 16 2 0 2 7 5 30 3 16 19 11 0 2 7 0 2 7 16 6 2 0 2 7 0 2 8 6 2 7 6 2 7 0 2 7 0 2 13 0 2 7 0 2 7 0 2 11 5 31 3 0 2 7 0 21.5548468828201294
12 16 2 5 30 3 12 16 2 12 16 2 5 30 3 0 2 7 1 2 11 1 2 7 17 18 2 0 2 7 0 2 4 0 2 7 8 9 2 0 2 7 0 2 7 13 6 3 0 2 3 1 2 7 0 2 7 16 6 2 0 20.6301085948944092
12 16 2 12 16 2 0 2 12 5 31 3 1 2 7 0 2 7 1 2 7 0 2 4 0 2 4 16 18 11 17 18 2 0 2 7 0 2 7 0 2 7 6 2 7 0 2 7 1 2 7 1 2 7 5 31 3 0 2 7 0 20.9916129112243652
1 2 8 0 2 8 5 30 3 8 9 2 1 2 7 5 31 3 0 2 7 6 2 7 0 2 7 0 2 8 0 2 7 16 19 12 0 2 11 17 9 2 0 2 3 0 2 3 0 2 8 0 2 7 5 31 3 0 2 7 0.00206587095031700047 22.032450258731842

Current Evaluation = 540(540)
Front Size = 10
5 31 3 0 2 7 0 2 7 1 2 7 0 2 7 17 9 2 0 2 7 1 2 7 5 30 3 12 16 2 0 2 7 0 2 7 0 2 7 0 2 7 1 2 7 13 6 3 17 9 2 1 2 7 0 2 7 1 2 7 0 20.2646257877349854
12 16 2 5 30 3 0 2 4 0 2 7 0 2 3 12 16 2 6 2 7 1 2 4 0 2 7 16 6 2 5 31 3 17 18 2 0 2 7 13 6 3 12 16 2 0 2 7 1 2 7 0 2 3 0 2 7 1 2 7 0 20.5632757544517517
0 2 7 12 16 2 0 2 7 0 2 3 0 2 3 0 2 7 16 30 2 5 31 3 0 2 3 0 2 7 1 2 3 1 2 3 0 2 3 1 2 3 1 2 3 5 30 3 0 2 7 16 6 2 1 2 7 0 2 7 0 20.9838579893112183
5 30 3 1 2 7 0 2 11 5 30 3 0 2 7 1 2 7 0 2 11 0 2 11 17 9 2 6 2 7 17 18 2 0 2 7 13 6 3 0 2 7 0 2 11 5 30 3 0 2 11 0 2 11 12 16 2 0 2 11 0 21.1695871949195862
1 2 11 17 18 2 0 2 7 0 2 11 0 2 4 5 30 3 0 2 7 6 2 1 5 30 3 1 2 11 0 2 4 0 2 7 0 2 3 12 16 2 8 18 2 0 2 7 1 2 7 17 9 2 1 2 11 0 2 7 0 21.2094837427139282
6 2 8 0 2 7 5 30 3 0 2 3 12 16 2 5 30 3 12 2 7 0 2 3 0 2 12 0 2 11 0 2 3 17 18 2 0 2 11 0 2 8 1 2 8 16 19 12 0 2 8 0 2 8 5 31 3 0 2 7 0 22.614118218421936
1 2 7 0 2 3 12 16 2 5 30 3 0 2 3 16 6 2 0 2 3 8 9 2 0 2 3 0 2 7 0 2 3 0 2 7 1 2 3 0 2 7 0 2 3 1 2 11 0 2 3 12 16 2 5 30 3 16 24 2 0 21.4025458097457886
16 18 8 0 2 3 12 16 2 0 2 8 5 30 3 8 18 2 0 2 8 0 2 8 8 18 2 0 2 8 16 19 1 12 16 2 12 16 2 0 2 8 0 2 8 5 30 3 0 2 8 0 2 8 1 2 8 1 2 8 7.45986468366225872e-05 23.1617811918258667
12 16 2 5 31 3 12 16 2 0 2 7 5 30 3 16 19 11 0 2 7 0 2 7 16 6 2 0 2 7 0 2 8 6 2 7 6 2 7 0 2 7 0 2 13 0 2 7 0 2 7 0 2 11 5 31 3 0 2 7 0 21.5548468828201294
1 2 3 1 2 3 0 2 11 12 16 2 12 16 2 0 2 11 0 2 7 5 30 3 5 30 3 0 2 3 0 2 3 1 2 3 0 2 3 16 18 8 0 2 3 0 2 3 1 2 3 0 2 11 16 9 11 0 2 11 0 22.2327401041984558

Current Evaluation = 720(720)
Front Size = 10
0 2 7 1 2 7 0 2 7 0 2 7 17 9 2 17 18 2 1 2 7 13 6 3 0 2 7 12 16 2 0 2 7 5 31 3 0 2 7 0 2 7 1 2 7 0 2 7 5 30 3 1 2 7 1 2 7 0 2 7 0 20.2646257877349854
16 18 8 0 2 3 12 16 2 0 2 8 5 30 3 8 18 2 0 2 8 0 2 8 8 18 2 0 2 8 16 19 1 12 16 2 12 16 2 0 2 8 0 2 8 5 30 3 0 2 8 0 2 8 1 2 8 1 2 8 7.45986468366225872e-05 23.1617811918258667
0 2 11 0 2 7 0 2 7 0 2 7 0 2 7 12 16 2 1 2 7 0 2 7 0 2 7 1 2 4 1 2 11 0 2 7 1 2 11 16 31 2 5 30 3 12 16 2 5 30 3 17 18 2 8 9 2 0 2 11 0 21.0376517772674561
0 2 7 12 16 2 5 31 3 5 31 3 0 2 7 16 30 2 0 2 7 0 2 7 0 2 7 0 2 3 16 6 2 0 2 7 1 2 3 1 2 7 1 2 7 12 16 2 0 2 4 0 2 7 0 2 7 1 2 3 0 20.7824869155883789
5 30 3 1 2 7 0 2 11 5 30 3 0 2 7 1 2 7 0 2 11 0 2 11 17 9 2 6 2 7 17 18 2 0 2 7 13 6 3 0 2 7 0 2 11 5 30 3 0 2 11 0 2 11 12 16 2 0 2 11 0 21.1695871949195862
1 2 3 1 2 3 0 2 11 12 16 2 12 16 2 0 2 11 0 2 7 5 30 3 5 30 3 0 2 3 0 2 3 1 2 3 0 2 3 16 18 8 0 2 3 0 2 3 1 2 3 0 2 11 16 9 11 0 2 11 0 22.2327401041984558
5 30 3 5 30 3 0 2 1 12 16 2 8 18 2 12 16 2 17 18 2 0 2 4 16 19 11 8 18 2 0 2 1 1 2 7 0 2 7 0 2 7 0 2 7 12 16 2 0 2 7 0 2 7 1 2 7 0 2 7 0 21.6723546981811523
6 2 8 0 2 7 5 30 3 0 2 3 12 16 2 5 30 3 12 2 7 0 2 3 0 2 12 0 2 11 0 2 3 17 18 2 0 2 11 0 2 8 1 2 8 16 19 12 0 2 8 0 2 8 5 31 3 0 2 7 0 22.614118218421936
0 2 4 5 31 3 0 2 7 1 2 4 5 30 3 0 2 7 1 2 10 17 18 2 1 2 7 0 2 7 1 2 4 0 2 11 0 2 7 1 2 11 0 2 7 0 2 7 17 18 2 1 2 7 0 2 7 0 2 7 0 20.6016669273376465
0 2 3 0 2 10 0 2 3 1 2 7 17 9 2 0 2 7 0 2 7 0 2 4 12 16 2 16 30 2 1 2 7 1 2 11 1 2 7 0 2 4 0 2 7 5 30 3 5 31 3 1 2 3 0 2 7 0 2 7 0 20.8012489080429077

Current Evaluation = 900(900)
Front Size = 10
5 30 3 1 2 7 5 31 3 0 2 7 0 2 7 17 18 2 1 2 7 13 6 3 0 2 7 0 2 7 1 2 7 0 2 7 0 2 7 1 2 7 17 9 2 0 2 7 1 2 7 0 2 7 12 16 2 0 2 7 0 20.2646257877349854
0 2 11 1 2 11 1 2 7 5 30 3 5 30 3 0 2 7 1 2 7 0 2 11 1 2 7 0 2 4 1 2 7 1 2 4 0 2 7 0 2 11 17 18 2 17 18 2 0 2 7 0 2 7 0 2 3 8 18 2 0 20.8198410272598267
1 2 3 1 2 3 0 2 11 12 16 2 12 16 2 0 2 11 0 2 7 5 30 3 5 30 3 0 2 3 0 2 3 1 2 3 0 2 3 16 18 8 0 2 3 0 2 3 1 2 3 0 2 11 16 9 11 0 2 11 0 22.2327401041984558
0 2 11 0 2 11 0 2 11 5 30 3 5 30 3 1 2 3 0 2 7 0 2 7 15 2 11 0 2 7 0 2 7 5 30 3 0 2 7 6 2 11 17 9 2 6 2 3 0 2 7 12 16 2 16 19 11 0 2 3 0 21.7515748739242554
5 30 3 5 31 3 12 16 2 12 16 2 0 2 7 12 16 2 1 2 7 0 2 3 13 6 3 0 2 4 6 2 7 0 2 7 1 2 7 1 2 7 0 2 7 0 2 7 17 18 2 0 2 4 0 2 3 16 6 2 0 20.5632757544517517
0 2 11 0 2 7 0 2 7 0 2 7 0 2 7 12 16 2 1 2 7 0 2 7 0 2 7 1 2 4 1 2 11 0 2 7 1 2 11 16 31 2 5 30 3 12 16 2 5 30 3 17 18 2 8 9 2 0 2 11 0 21.0376517772674561
0 2 3 12 16 2 12 16 2 0 2 3 1 2 3 15 2 11 1 2 3 0 2 7 0 2 7 16 6 2 0 2 7 1 2 7 0 2 7 0 2 7 0 2 4 5 31 3 0 2 7 0 2 7 16 6 2 5 30 3 0 20.9683817625045776
16 18 8 0 2 3 12 16 2 0 2 8 5 30 3 8 18 2 0 2 8 0 2 8 8 18 2 0 2 8 16 19 1 12 16 2 12 16 2 0 2 8 0 2 8 5 30 3 0 2 8 0 2 8 1 2 8 1 2 8 7.45986468366225872e-05 23.1617811918258667
6 2 8 0 2 7 5 30 3 0 2 3 12 16 2 5 30 3 12 2 7 0 2 3 0 2 12 0 2 11 0 2 3 17 18 2 0 2 11 0 2 8 1 2 8 16 19 12 0 2 8 0 2 8 5 31 3 0 2 7 0 22.614118218421936
5 30 3 1 2 7 5 30 3 0 2 7 6 2 7 17 18 2 0 2 7 13 6 3 0 2 7 12 16 2 0 2 11 0 2 8 8 18 2 0 2 11 16 6 2 0 2 11 5 30 3 0 2 8 0 2 11 1 2 1 0.00127268303082370788 21.2236492037773132

Current Evaluation = 1080(1080)
Front Size = 10
5 30 3 5 31 3 0 2 7 0 2 7 0 2 7 0 2 7 1 2 7 0 2 7 0 2 7 0 2 7 1 2 7 0 2 7 0 2 7 17 18 2 1 2 7 12 16 2 1 2 7 1 2 7 17 9 2 13 6 3 0 20.2646257877349854
1 2 11 5 30 3 12 16 2 0 2 7 5 30 3 0 2 3 0 2 7 0 2 3 5 30 3 0 2 3 0 2 7 0 2 11 16 19 11 0 2 3 0 2 3 0 2 7 1 2 7 16 19 11 0 2 3 0 2 3 0 22.1521546840667725
12 16 2 1 2 11 5 30 3 0 2 4 0 2 11 1 2 3 0 2 7 5 30 3 0 2 7 0 2 12 17 18 2 0 2 11 13 6 3 8 9 2 1 2 7 1 2 7 0 2 7 12 16 2 0 2 7 17 9 2 0 20.9277498722076416
1 2 10 0 2 7 1 2 10 5 30 3 5 30 3 0 2 7 17 9 2 0 2 7 0 2 7 0 2 11 0 2 10 12 16 2 17 9 2 1 2 7 0 2 4 0 2 4 8 18 2 1 2 11 1 2 11 0 2 7 0 21.0005908012390137
16 18 8 0 2 3 12 16 2 0 2 8 5 30 3 8 18 2 0 2 8 0 2 8 8 18 2 0 2 8 16 19 1 12 16 2 12 16 2 0 2 8 0 2 8 5 30 3 0 2 8 0 2 8 1 2 8 1 2 8 7.45986468366225872e-05 23.1617811918258667
0 2 7 1 2 7 5 30 3 0 2 7 0 2 7 0 2 11 8 18 2 1 2 7 1 2 7 1 2 11 6 2 11 17 9 2 0 2 11 0 2 7 5 30 3 0 2 3 1 2 11 0 2 11 0 2 11 17 18 2 0 21.1349340677261353
12 16 2 0 2 11 5 30 3 5 31 3 0 2 7 0 2 10 0 2 7 6 2 7 1 2 7 0 2 7 0 2 11 0 2 3 0 2 11 16 19 11 0 2 7 17 9 2 1 2 11 0 2 7 5 30 3 6 2 7 0 21.5550569295883179
1 2 3 1 2 3 0 2 11 12 16 2 12 16 2 0 2 11 0 2 7 5 30 3 5 30 3 0 2 3 0 2 3 1 2 3 0 2 3 16 18 8 0 2 3 0 2 3 1 2 3 0 2 11 16 9 11 0 2 11 0 22.2327401041984558
5 30 3 5 31 3 12 16 2 0 2 11 0 2 11 0 2 11 0 2 12 0 2 7 12 16 2 6 2 8 0 2 11 17 18 2 0 2 11 0 2 12 0 2 1 0 2 11 5 30 3 0 2 12 8 9 2 16 6 2 0 22.3590213060379028
17 18 2 12 16 2 0 2 7 5 30 3 0 2 3 0 2 1 0 2 7 0 2 7 1 2 8 12 16 2 1 2 3 5 30 3 1 2 8 0 2 12 16 19 11 0 2 11 0 2 7 8 18 2 8 9 2 0 2 7 0 22.000004768371582

Current Evaluation = 1260(1260)
Front Size = 10
0 2 7 0 2 7 5 30 3 1 2 7 0 2 7 0 2 7 17 18 2 0 2 7 17 18 2 0 2 7 5 31 3 1 2 7 1 2 7 13 6 3 12 16 2 1 2 7 0 2 7 0 2 7 0 2 7 1 2 7 0 20.2646257877349854
16 18 8 0 2 3 12 16 2 0 2 8 5 30 3 8 18 2 0 2 8 0 2 8 8 18 2 0 2 8 16 19 1 12 16 2 12 16 2 0 2 8 0 2 8 5 30 3 0 2 8 0 2 8 1 2 8 1 2 8 7.45986468366225872e-05 23.1617811918258667
5 30 3 1 2 3 12 16 2 0 2 3 0 2 7 0 2 3 0 2 3 16 18 8 15 2 11 0 2 3 0 2 7 5 30 3 1 2 3 0 2 7 0 2 7 0 2 3 0 2 3 1 2 3 12 16 2 16 15 2 0 21.8566597700119019
12 16 2 1 2 7 5 30 3 0 2 10 5 31 3 12 16 2 0 2 7 17 9 2 1 2 7 1 2 7 0 2 7 0 2 7 1 2 4 0 2 7 16 6 2 0 2 7 0 2 7 8 9 2 0 2 7 0 2 7 0 20.7286287546157837
5 30 3 5 31 3 12 16 2 0 2 11 0 2 11 0 2 11 0 2 12 0 2 7 12 16 2 6 2 8 0 2 11 17 18 2 0 2 11 0 2 12 0 2 1 0 2 11 5 30 3 0 2 12 8 9 2 16 6 2 0 22.3590213060379028
0 2 4 1 2 7 0 2 7 0 2 7 0 2 3 1 2 3 0 2 7 0 2 7 1 2 3 5 31 3 17 18 2 0 2 7 5 30 3 16 30 2 1 2 11 0 2 7 0 2 4 1 2 7 0 2 10 12 16 2 0 20.8012489080429077
0 2 7 0 2 4 8 1 2 0 2 7 1 2 7 1 2 7 0 2 7 5 30 3 12 16 2 0 2 7 5 30 3 17 9 2 1 2 7 0 2 7 0 2 7 0 2 7 1 2 7 17 9 2 0 2 3 12 16 2 0 20.735844612121582
12 16 2 0 2 7 5 31 3 1 2 4 0 2 7 0 2 3 5 31 3 16 6 2 0 2 7 0 2 4 6 2 7 0 2 7 0 2 7 12 16 2 1 2 11 1 2 7 0 2 7 17 9 2 6 2 7 0 2 7 0 20.783288836479187
12 16 2 1 2 7 17 9 2 0 2 3 0 2 7 0 2 7 12 16 2 16 20 12 0 2 7 5 31 3 0 2 3 5 30 3 0 2 12 1 2 7 0 2 4 1 2 11 0 2 7 0 2 11 8 18 2 1 2 7 0 21.2798548936843872
1 2 11 0 2 7 1 2 7 5 30 3 5 30 3 0 2 7 17 9 2 0 2 7 1 2 7 0 2 11 0 2 11 0 2 11 17 9 2 1 2 7 0 2 4 0 2 3 8 18 2 1 2 7 1 2 4 0 2 7 0 20.8198410272598267

Current Evaluation = 1440(1440)
Front Size = 10
0 2 7 12 16 2 1 2 7 0 2 7 5 30 3 0 2 7 17 18 2 0 2 7 1 2 7 0 2 7 0 2 7 1 2 7 1 2 7 0 2 7 0 2 7 0 2 7 1 2 7 13 6 3 17 9 2 5 31 3 0 20.2646257877349854
1 2 7 0 2 7 5 31 3 1 2 4 0 2 10 0 2 7 17 18 2 0 2 7 1 2 4 0 2 7 1 2 11 1 2 11 0 2 7 17 18 2 5 30 3 0 2 4 0 2 7 0 2 7 1 2 7 0 2 7 0 20.6016668081283569
12 16 2 0 2 7 5 31 3 1 2 4 0 2 7 0 2 3 5 31 3 16 6 2 0 2 7 0 2 4 6 2 7 0 2 7 0 2 7 12 16 2 1 2 11 1 2 7 0 2 7 17 9 2 6 2 7 0 2 7 0 20.783288836479187
5 30 3 1 2 3 12 16 2 0 2 3 0 2 7 0 2 3 0 2 3 16 18 8 15 2 11 0 2 3 0 2 7 5 30 3 1 2 3 0 2 7 0 2 7 0 2 3 0 2 3 1 2 3 12 16 2 16 15 2 0 21.8566597700119019
5 31 3 1 2 3 0 2 11 0 2 7 1 2 7 0 2 7 0 2 7 17 18 2 1 2 10 0 2 4 1 2 7 5 30 3 0 2 7 0 2 4 0 2 10 0 2 3 0 2 3 0 2 7 12 16 2 16 6 2 0 20.9611779451370239
5 30 3 5 31 3 12 16 2 0 2 11 0 2 11 0 2 11 0 2 12 0 2 7 12 16 2 6 2 8 0 2 11 17 18 2 0 2 11 0 2 12 0 2 1 0 2 11 5 30 3 0 2 12 8 9 2 16 6 2 0 22.3590213060379028
5 31 3 12 16 2 0 2 7 0 2 7 0 2 7 6 2 10 0 2 11 0 2 7 5 30 3 1 2 7 5 30 3 0 2 7 0 2 7 0 2 7 1 2 11 16 19 11 0 2 7 17 18 2 0 2 11 0 2 7 0 21.4497157335281372
12 16 2 0 2 11 5 30 3 0 2 7 0 2 8 6 2 8 16 19 11 5 30 3 8 9 2 0 2 7 0 2 3 0 2 7 0 2 11 0 2 11 1 2 13 5 30 3 0 2 7 17 9 2 1 2 11 0 2 11 0 22.0692900419235229
16 18 8 0 2 3 12 16 2 0 2 8 5 30 3 8 18 2 0 2 8 0 2 8 8 18 2 0 2 8 16 19 1 12 16 2 12 16 2 0 2 8 0 2 8 5 30 3 0 2 8 0 2 8 1 2 8 1 2 8 7.45986468366225872e-05 23.1617811918258667
0 2 7 0 2 7 0 2 7 0 2 3 0 2 7 5 30 3 5 30 3 1 2 11 8 9 2 1 2 3 1 2 7 1 2 7 0 2 7 17 18 2 1 2 7 16 19 11 5 30 3 0 2 8 0 2 7 0 2 7 0.00192925811941474425 21.2384947538375854

Current Evaluation = 1620(1620)
Front Size = 10
5 30 3 1 2 7 0 2 7 1 2 7 1 2 7 0 2 7 13 6 3 0 2 7 17 18 2 12 16 2 0 2 7 5 31 3 1 2 7 0 2 7 1 2 7 0 2 7 0 2 7 0 2 7 17 18 2 0 2 7 0 20.2646257877349854
12 16 2 0 2 7 0 2 4 0 2 7 6 2 7 13 6 3 0 2 7 0 2 7 0 2 4 0 2 7 0 2 7 17 9 2 17 9 2 5 30 3 1 2 7 1 2 7 1 2 7 1 2 7 5 31 3 12 16 2 0 20.3487167954444885
6 2 7 0 2 7 0 2 7 0 2 7 12 16 2 0 2 7 5 31 3 0 2 7 0 2 7 0 2 7 1 2 7 1 2 4 0 2 4 5 31 3 16 6 2 0 2 7 1 2 7 1 2 7 17 9 2 0 2 7 0 20.4595978856086731
5 31 3 1 2 7 0 2 7 6 2 7 0 2 7 5 31 3 1 2 7 0 2 7 1 2 7 0 2 11 6 2 7 0 2 7 17 18 2 12 16 2 0 2 4 0 2 11 1 2 11 17 18 2 0 2 4 0 2 7 0 20.8679300546646118
12 16 2 0 2 11 5 30 3 0 2 4 5 30 3 12 16 2 0 2 3 16 19 11 0 2 4 0 2 7 1 2 3 1 2 7 1 2 7 0 2 7 0 2 11 17 18 2 0 2 7 1 2 3 8 9 2 0 2 7 0 21.4193998575210571
1 2 7 0 2 4 1 2 10 0 2 3 17 9 2 1 2 7 0 2 7 1 2 7 0 2 7 5 30 3 0 2 7 1 2 7 1 2 10 0 2 7 5 31 3 0 2 7 0 2 4 0 2 7 0 2 7 17 18 2 0 20.5764669179916382
16 18 8 0 2 3 12 16 2 0 2 8 5 30 3 8 18 2 0 2 8 0 2 8 8 18 2 0 2 8 16 19 1 12 16 2 12 16 2 0 2 8 0 2 8 5 30 3 0 2 8 0 2 8 1 2 8 1 2 8 7.45986468366225872e-05 23.1617811918258667
5 30 3 5 31 3 12 16 2 0 2 11 0 2 11 0 2 11 0 2 12 0 2 7 12 16 2 6 2 8 0 2 11 17 18 2 0 2 11 0 2 12 0 2 1 0 2 11 5 30 3 0 2 12 8 9 2 16 6 2 0 22.3590213060379028
5 31 3 0 2 3 12 16 2 0 2 7 0 2 7 8 18 2 0 2 7 17 18 2 0 2 7 1 2 4 1 2 7 5 30 3 1 2 12 0 2 7 0 2 3 0 2 7 1 2 7 0 2 7 1 2 7 16 6 2 0 20.769278883934021
5 30 3 1 2 11 12 16 2 0 2 7 0 2 11 0 2 3 0 2 3 16 18 11 1 2 3 0 2 7 0 2 7 5 30 3 15 2 11 0 2 3 0 2 3 1 2 7 0 2 3 0 2 3 12 16 2 16 6 2 0 21.6585198044776917

Current Evaluation = 1800(1800)
Front Size = 10
5 30 3 1 2 7 13 6 3 0 2 7 1 2 7 5 31 3 1 2 7 0 2 7 0 2 7 1 2 7 12 16 2 0 2 7 1 2 7 0 2 7 0 2 7 0 2 7 0 2 7 0 2 7 17 18 2 17 9 2 0 20.2646257877349854
5 31 3 0 2 7 0 2 7 0 2 7 5 31 3 1 2 7 0 2 7 0 2 7 0 2 7 1 2 4 6 2 7 17 9 2 0 2 7 0 2 7 0 2 7 12 16 2 1 2 7 1 2 4 0 2 7 16 6 2 0 20.4595978856086731
5 30 3 1 2 11 12 16 2 0 2 7 0 2 11 0 2 3 0 2 3 16 18 11 1 2 3 0 2 7 0 2 7 5 30 3 15 2 11 0 2 3 0 2 3 1 2 7 0 2 3 0 2 3 12 16 2 16 6 2 0 21.6585198044776917
1 2 7 12 16 2 0 2 7 0 2 7 0 2 3 0 2 7 1 2 10 1 2 4 1 2 4 5 31 3 1 2 7 0 2 7 5 30 3 17 18 2 0 2 3 0 2 3 0 2 7 0 2 7 0 2 11 16 30 2 0 20.8012490272521973
5 30 3 0 2 7 5 31 3 0 2 7 1 2 7 0 2 7 1 2 7 12 16 2 0 2 4 1 2 7 0 2 7 13 6 3 17 9 2 0 2 7 6 2 7 1 2 7 0 2 7 17 9 2 12 16 2 0 2 4 0 20.3487167954444885
5 30 3 0 2 7 0 2 7 17 18 2 1 2 10 1 2 4 1 2 7 0 2 7 12 16 2 0 2 7 8 9 2 5 31 3 0 2 7 0 2 7 16 6 2 0 2 7 0 2 7 12 16 2 1 2 7 0 2 7 0 20.7286287546157837
5 31 3 1 2 7 0 2 7 6 2 7 0 2 7 5 31 3 1 2 7 0 2 7 1 2 7 0 2 11 6 2 7 0 2 7 17 18 2 12 16 2 0 2 4 0 2 11 1 2 11 17 18 2 0 2 4 0 2 7 0 20.8679300546646118
16 18 8 0 2 3 12 16 2 0 2 8 5 30 3 8 18 2 0 2 8 0 2 8 8 18 2 0 2 8 16 19 1 12 16 2 12 16 2 0 2 8 0 2 8 5 30 3 0 2 8 0 2 8 1 2 8 1 2 8 7.45986468366225872e-05 23.1617811918258667
5 30 3 5 31 3 12 16 2 0 2 11 0 2 11 0 2 11 0 2 12 0 2 7 12 16 2 6 2 8 0 2 11 17 18 2 0 2 11 0 2 12 0 2 1 0 2 11 5 30 3 0 2 12 8 9 2 16 6 2 0 22.3590213060379028
12 16 2 0 2 11 5 30 3 0 2 4 5 30 3 12 16 2 0 2 3 16 19 11 0 2 4 0 2 7 1 2 3 1 2 7 1 2 7 0 2 7 0 2 11 17 18 2 0 2 7 1 2 3 8 9 2 0 2 7 0 21.4193998575210571

Current Evaluation = 1980(1980)
Front Size = 10
0 2 7 5 31 3 1 2 7 0 2 7 1 2 7 17 9 2 1 2 7 0 2 7 5 30 3 0 2 7 1 2 7 1 2 7 0 2 7 0 2 7 17 18 2 0 2 7 0 2 7 13 6 3 12 16 2 0 2 7 0 20.2646257877349854
1 2 7 0 2 4 0 2 7 1 2 7 0 2 7 5 31 3 0 2 7 17 18 2 1 2 7 0 2 7 12 16 2 1 2 7 0 2 7 0 2 7 5 31 3 6 2 7 0 2 4 0 2 7 0 2 7 16 6 2 0 20.4595978856086731
1 2 10 0 2 7 1 2 3 5 31 3 1 2 7 0 2 7 1 2 7 17 9 2 0 2 7 0 2 4 1 2 7 0 2 7 0 2 7 5 30 3 0 2 10 0 2 7 0 2 4 1 2 7 0 2 7 17 9 2 0 20.5764669179916382
1 2 7 0 2 7 1 2 3 0 2 7 0 2 7 1 2 7 5 30 3 0 2 3 5 30 3 17 18 2 0 2 3 0 2 7 1 2 7 0 2 7 0 2 7 1 2 11 1 2 7 0 2 7 0 2 3 16 31 2 0 20.6688988208770752
0 2 3 12 16 2 0 2 7 0 2 7 0 2 7 1 2 3 0 2 7 5 31 3 0 2 7 0 2 7 5 31 3 1 2 7 1 2 7 0 2 3 0 2 7 0 2 7 1 2 4 12 16 2 16 30 2 16 6 2 0 20.7824869155883789
12 16 2 5 30 3 0 2 11 0 2 7 17 18 2 0 2 7 17 9 2 0 2 7 1 2 11 0 2 7 0 2 4 0 2 7 0 2 7 0 2 7 1 2 7 1 2 4 5 31 3 1 2 7 1 2 11 8 9 2 0 20.938869833946228
0 2 7 5 31 3 1 2 7 0 2 7 1 2 7 17 9 2 0 2 10 1 2 7 0 2 10 0 2 7 5 30 3 0 2 7 0 2 3 1 2 4 1 2 7 1 2 7 0 2 7 0 2 7 17 18 2 0 2 4 0 20.5764669179916382
0 2 7 1 2 7 0 2 7 5 31 3 1 2 7 1 2 10 0 2 7 17 9 2 0 2 4 0 2 7 0 2 7 0 2 7 5 30 3 0 2 7 1 2 4 1 2 3 0 2 7 0 2 7 17 18 2 1 2 10 0 20.5764669179916382
5 31 3 1 2 7 0 2 7 6 2 7 0 2 7 5 31 3 1 2 7 0 2 7 1 2 7 0 2 11 6 2 7 0 2 7 17 18 2 12 16 2 0 2 4 0 2 11 1 2 11 17 18 2 0 2 4 0 2 7 0 20.8679300546646118
12 16 2 0 2 11 5 30 3 0 2 4 5 30 3 12 16 2 0 2 3 16 19 11 0 2 4 0 2 7 1 2 3 1 2 7 1 2 7 0 2 7 0 2 11 17 18 2 0 2 7 1 2 3 8 9 2 0 2 7 0 21.4193998575210571

Current Evaluation = 2160(2160)
Front Size = 10
0 2 7 5 31 3 1 2 7 0 2 7 1 2 7 17 9 2 1 2 7 0 2 7 5 30 3 0 2 7 0 2 7 1 2 7 0 2 7 0 2 7 17 18 2 0 2 7 12 16 2 0 2 7 1 2 7 13 6 3 0 20.2646257877349854
12 16 2 0 2 11 5 30 3 0 2 4 5 30 3 12 16 2 0 2 3 16 19 11 0 2 4 0 2 7 1 2 3 1 2 7 1 2 7 0 2 7 0 2 11 17 18 2 0 2 7 1 2 3 8 9 2 0 2 7 0 21.4193998575210571
1 2 7 0 2 7 0 2 10 0 2 7 1 2 7 5 31 3 0 2 7 0 2 7 0 2 7 0 2 7 1 2 7 17 9 2 5 30 3 0 2 7 1 2 7 17 9 2 1 2 3 0 2 4 0 2 10 1 2 4 0 20.5764669179916382
0 2 4 0 2 7 1 2 7 5 31 3 0 2 7 0 2 7 1 2 7 0 2 7 0 2 7 0 2 7 17 9 2 0 2 7 5 31 3 16 6 2 12 16 2 1 2 4 6 2 7 1 2 10 0 2 7 12 16 2 0 20.6613958477973938
1 2 7 0 2 7 1 2 3 0 2 7 0 2 7 1 2 7 5 30 3 0 2 3 5 30 3 17 18 2 0 2 3 0 2 7 1 2 7 0 2 7 0 2 7 1 2 11 1 2 7 0 2 7 0 2 3 16 31 2 0 20.6688988208770752
0 2 4 1 2 7 0 2 7 0 2 7 5 30 3 0 2 7 17 18 2 5 31 3 0 2 7 0 2 3 17 9 2 1 2 7 0 2 4 0 2 3 1 2 7 1 2 7 1 2 7 0 2 7 0 2 7 1 2 7 0 20.5684669017791748
12 16 2 5 30 3 0 2 7 0 2 7 1 2 7 0 2 7 5 30 3 1 2 7 0 2 7 17 1 2 0 2 4 8 9 2 12 16 2 0 2 7 0 2 7 1 2 7 1 2 7 0 2 7 0 2 3 17 9 2 0 20.7358447313308716
0 2 7 0 2 7 0 2 7 0 2 4 0 2 3 17 18 2 5 31 3 0 2 7 0 2 7 16 6 2 1 2 3 0 2 7 1 2 3 1 2 3 0 2 7 5 30 3 12 16 2 1 2 7 8 9 2 1 2 7 0 20.8562788963317871
1 2 10 0 2 7 0 2 7 1 2 4 0 2 7 0 2 7 5 30 3 0 2 7 0 2 3 17 18 2 5 31 3 0 2 7 0 2 7 1 2 10 17 9 2 0 2 7 1 2 7 1 2 7 0 2 7 1 2 4 0 20.5764669179916382
12 16 2 5 30 3 0 2 7 1 2 7 1 2 7 0 2 7 17 18 2 0 2 7 0 2 7 0 2 11 0 2 7 5 30 3 0 2 7 0 2 3 16 19 11 5 31 3 17 9 2 0 2 11 0 2 7 1 2 7 0.045039175304148818 21.3172698020935059

Current Evaluation = 2340(2340)
Front Size = 10
0 2 7 1 2 7 0 2 7 5 30 3 1 2 7 0 2 7 0 2 7 0 2 7 0 2 7 1 2 7 0 2 7 17 18 2 1 2 7 1 2 7 0 2 7 12 16 2 0 2 7 5 31 3 13 6 3 17 9 2 0 20.2646257877349854
0 2 7 1 2 7 0 2 7 8 18 2 5 30 3 0 2 7 12 16 2 1 2 7 0 2 7 17 18 2 0 2 4 0 2 7 0 2 11 12 16 2 12 16 2 1 2 3 16 6 2 13 6 3 5 30 3 0 2 7 0 20.6301087141036987
1 2 7 0 2 7 1 2 3 0 2 7 0 2 7 1 2 7 5 30 3 0 2 3 5 30 3 17 18 2 0 2 3 0 2 7 1 2 7 0 2 7 0 2 7 1 2 11 1 2 7 0 2 7 0 2 3 16 31 2 0 20.6688988208770752
0 2 7 5 31 3 0 2 7 1 2 7 0 2 7 0 2 7 1 2 7 17 9 2 0 2 7 12 16 2 0 2 7 17 18 2 13 6 3 6 2 7 0 2 7 5 30 3 1 2 4 0 2 4 1 2 7 12 16 2 0 20.3487167954444885
0 2 7 1 2 7 0 2 3 17 18 2 5 31 3 0 2 4 12 16 2 0 2 7 0 2 7 1 2 7 0 2 4 0 2 7 0 2 7 12 16 2 12 16 2 1 2 7 16 30 2 13 6 3 5 30 3 1 2 7 0 20.4516057968139648
0 2 7 1 2 4 0 2 7 0 2 7 0 2 7 0 2 7 5 31 3 17 9 2 0 2 7 12 16 2 0 2 7 1 2 4 6 2 7 0 2 7 0 2 7 0 2 7 5 31 3 1 2 7 16 6 2 1 2 7 0 20.4595978856086731
12 16 2 5 31 3 0 2 7 16 31 2 1 2 7 0 2 7 17 18 2 0 2 3 0 2 7 0 2 7 1 2 7 5 30 3 0 2 7 0 2 4 0 2 7 0 2 7 1 2 7 0 2 7 1 2 7 1 2 4 0 20.5479278564453125
0 2 7 5 31 3 0 2 4 1 2 7 1 2 7 0 2 7 1 2 7 17 9 2 0 2 7 0 2 7 17 18 2 0 2 7 5 30 3 1 2 7 0 2 7 1 2 7 1 2 7 0 2 4 0 2 3 0 2 3 0 20.5684669017791748
0 2 7 0 2 7 0 2 7 0 2 4 0 2 3 17 18 2 5 31 3 0 2 7 0 2 7 16 6 2 1 2 3 0 2 7 1 2 3 1 2 3 0 2 7 5 30 3 12 16 2 1 2 7 8 9 2 1 2 7 0 20.8562788963317871
12 16 2 0 2 11 5 30 3 0 2 4 5 30 3 12 16 2 0 2 3 16 19 11 0 2 4 0 2 7 1 2 3 1 2 7 1 2 7 0 2 7 0 2 11 17 18 2 0 2 7 1 2 3 8 9 2 0 2 7 0 21.4193998575210571

Current Evaluation = 2520(2520)
Front Size = 10
0 2 7 1 2 7 17 18 2 5 31 3 12 16 2 0 2 7 0 2 7 1 2 7 0 2 7 0 2 7 1 2 7 13 6 3 5 30 3 17 9 2 1 2 7 0 2 7 1 2 7 0 2 7 0 2 7 0 2 7 0 20.2646257877349854
0 2 4 0 2 7 5 30 3 1 2 7 12 16 2 1 2 7 0 2 7 1 2 7 12 16 2 13 6 3 1 2 7 0 2 7 0 2 4 0 2 3 5 31 3 12 16 2 0 2 7 16 30 2 17 9 2 0 2 7 0 20.4516057968139648
12 16 2 0 2 11 5 30 3 0 2 4 5 30 3 12 16 2 0 2 3 16 19 11 0 2 4 0 2 7 1 2 3 1 2 7 1 2 7 0 2 7 0 2 11 17 18 2 0 2 7 1 2 3 8 9 2 0 2 7 0 21.4193998575210571
0 2 7 1 2 4 0 2 7 0 2 7 0 2 7 0 2 7 5 31 3 17 9 2 0 2 7 12 16 2 0 2 7 1 2 4 6 2 7 0 2 7 0 2 7 0 2 7 5 31 3 1 2 7 16 6 2 1 2 7 0 20.4595978856086731
1 2 7 0 2 7 1 2 3 0 2 7 0 2 7 1 2 7 5 30 3 0 2 3 5 30 3 17 18 2 0 2 3 0 2 7 1 2 7 0 2 7 0 2 7 1 2 11 1 2 7 0 2 7 0 2 3 16 31 2 0 20.6688988208770752
0 2 7 1 2 4 1 2 7 5 30 3 0 2 7 12 16 2 0 2 7 0 2 7 17 18 2 6 2 7 12 16 2 13 6 3 0 2 4 1 2 7 1 2 7 0 2 7 5 31 3 0 2 7 17 18 2 0 2 7 0 20.3487167954444885
0 2 7 0 2 4 13 6 3 1 2 7 1 2 7 5 31 3 17 9 2 12 16 2 0 2 7 0 2 7 12 16 2 0 2 7 1 2 7 6 2 7 0 2 7 0 2 4 1 2 7 0 2 7 17 18 2 5 30 3 0 20.3487167954444885
0 2 7 0 2 7 0 2 7 5 31 3 1 2 7 12 16 2 0 2 7 0 2 7 17 18 2 0 2 7 0 2 7 1 2 7 0 2 7 5 31 3 16 6 2 12 16 2 12 16 2 13 6 3 1 2 7 6 2 7 0 20.5035547614097595
12 16 2 5 31 3 0 2 7 16 31 2 1 2 7 0 2 7 17 18 2 0 2 3 0 2 7 0 2 7 1 2 7 5 30 3 0 2 7 0 2 4 0 2 7 0 2 7 1 2 7 0 2 7 1 2 7 1 2 4 0 20.5479278564453125
1 2 4 0 2 7 0 2 7 5 31 3 0 2 7 12 16 2 0 2 4 1 2 7 0 2 7 12 16 2 12 16 2 13 6 3 1 2 7 17 18 2 16 30 2 0 2 3 0 2 7 5 30 3 0 2 7 1 2 7 0 20.4516057968139648

Current Evaluation = 2700(2700)
Front Size = 10
12 16 2 1 2 7 0 2 7 1 2 7 0 2 7 0 2 7 0 2 7 5 31 3 1 2 7 0 2 7 17 9 2 0 2 7 0 2 7 5 30 3 0 2 7 13 6 3 1 2 7 17 9 2 1 2 7 0 2 7 0 20.2646257877349854
0 2 7 1 2 7 1 2 7 5 30 3 0 2 7 0 2 7 1 2 7 0 2 7 1 2 7 0 2 7 0 2 7 17 18 2 0 2 7 1 2 3 0 2 3 16 31 2 1 2 11 5 30 3 0 2 3 0 2 3 0 20.6688988208770752
12 16 2 0 2 11 5 30 3 0 2 4 5 30 3 12 16 2 0 2 3 16 19 11 0 2 4 0 2 7 1 2 3 1 2 7 1 2 7 0 2 7 0 2 11 17 18 2 0 2 7 1 2 3 8 9 2 0 2 7 0 21.4193998575210571
0 2 7 0 2 7 5 30 3 6 2 7 12 16 2 1 2 7 1 2 7 0 2 4 0 2 7 0 2 7 1 2 7 1 2 7 17 9 2 0 2 7 0 2 4 17 18 2 13 6 3 5 31 3 12 16 2 0 2 7 0 20.3487167954444885
1 2 7 5 30 3 12 16 2 0 2 7 0 2 7 0 2 7 13 6 3 0 2 7 0 2 7 17 9 2 5 30 3 12 16 2 12 16 2 16 31 2 1 2 4 1 2 4 0 2 7 0 2 7 1 2 3 0 2 7 0 20.4516056776046753
1 2 7 1 2 7 0 2 3 5 30 3 1 2 7 12 16 2 0 2 7 0 2 7 0 2 7 1 2 7 13 6 3 0 2 7 0 2 4 0 2 7 17 9 2 5 30 3 12 16 2 12 16 2 0 2 4 16 31 2 0 20.4516056776046753
0 2 7 1 2 4 0 2 7 0 2 7 0 2 7 0 2 7 5 31 3 17 9 2 0 2 7 12 16 2 0 2 7 6 2 7 1 2 7 1 2 7 1 2 4 0 2 7 0 2 7 0 2 7 5 31 3 16 6 2 0 20.4595978856086731
12 16 2 5 31 3 1 2 7 12 16 2 0 2 7 1 2 7 0 2 7 0 2 4 17 18 2 16 6 2 0 2 7 1 2 7 0 2 7 0 2 7 5 31 3 0 2 7 0 2 7 6 2 10 0 2 4 1 2 7 0 20.661395788192749
12 16 2 5 30 3 0 2 11 12 16 2 0 2 7 0 2 7 0 2 3 0 2 7 17 18 2 0 2 7 1 2 7 0 2 7 5 30 3 1 2 11 16 19 11 0 2 3 1 2 4 0 2 3 1 2 4 8 9 2 0 21.4193997383117676
12 16 2 1 2 7 0 2 7 1 2 7 0 2 7 0 2 7 0 2 7 5 31 3 1 2 7 0 2 7 12 16 2 17 9 2 17 9 2 0 2 7 0 2 7 5 30 3 1 2 4 0 2 7 13 6 3 6 2 4 0 20.3487167954444885

Current Evaluation = 2880(2880)
Front Size = 10
5 30 3 12 16 2 0 2 7 0 2 7 13 6 3 0 2 7 0 2 7 1 2 7 0 2 7 0 2 7 1 2 7 0 2 7 5 31 3 0 2 7 17 18 2 0 2 7 1 2 7 1 2 7 17 18 2 1 2 7 0 20.2646257877349854
0 2 7 0 2 7 5 30 3 12 16 2 0 2 7 13 6 3 0 2 7 0 2 7 0 2 7 17 9 2 0 2 7 5 31 3 0 2 7 1 2 7 0 2 7 17 9 2 1 2 7 1 2 7 1 2 7 1 2 7 0 20.2646257877349854
1 2 7 5 31 3 0 2 7 0 2 7 0 2 7 6 2 7 0 2 7 0 2 7 1 2 7 1 2 4 5 30 3 12 16 2 12 16 2 13 6 3 17 18 2 0 2 4 0 2 7 0 2 7 17 18 2 1 2 7 0 20.3487167954444885
12 16 2 5 30 3 0 2 11 12 16 2 0 2 7 0 2 7 0 2 3 0 2 7 17 18 2 0 2 7 1 2 7 0 2 7 5 30 3 1 2 11 16 19 11 0 2 3 1 2 4 0 2 3 1 2 4 8 9 2 0 21.4193997383117676
0 2 7 0 2 7 5 30 3 12 16 2 1 2 7 13 6 3 0 2 7 0 2 7 0 2 7 17 9 2 0 2 7 5 31 3 0 2 7 1 2 7 0 2 7 17 9 2 6 2 7 1 2 4 12 16 2 1 2 4 0 20.3487167954444885
12 16 2 0 2 7 5 30 3 1 2 4 5 30 3 12 16 2 0 2 6 13 6 3 0 2 7 0 2 7 0 2 7 1 2 7 1 2 7 0 2 7 1 2 7 17 18 2 0 2 10 0 2 7 17 9 2 0 2 6 0 20.6566966772079468
1 2 7 5 30 3 0 2 7 1 2 7 0 2 4 0 2 7 1 2 7 0 2 7 0 2 4 5 31 3 12 16 2 13 6 3 0 2 7 0 2 7 6 2 7 12 16 2 1 2 7 17 9 2 0 2 7 17 18 2 0 20.3487167954444885
1 2 4 5 30 3 12 16 2 0 2 7 0 2 3 0 2 7 13 6 3 0 2 7 0 2 7 17 9 2 5 30 3 12 16 2 12 16 2 16 31 2 1 2 7 0 2 7 0 2 7 1 2 4 1 2 7 0 2 7 0 20.4516056776046753
1 2 7 5 30 3 0 2 7 1 2 7 0 2 7 0 2 7 0 2 10 0 2 7 1 2 4 0 2 7 17 18 2 5 31 3 1 2 7 0 2 4 1 2 7 0 2 7 0 2 3 1 2 10 0 2 7 17 18 2 0 20.5764669179916382
0 2 7 0 2 7 5 30 3 1 2 7 0 2 7 0 2 7 0 2 7 0 2 7 5 31 3 0 2 7 1 2 7 1 2 4 17 18 2 1 2 10 0 2 3 0 2 7 17 9 2 6 2 7 1 2 7 1 2 4 0.000122476679642806604 20.4282079339027405

Current Evaluation = 3060(3060)
Front Size = 10
1 2 7 12 16 2 0 2 7 13 6 3 0 2 7 1 2 7 5 30 3 0 2 7 1 2 7 0 2 7 0 2 7 0 2 7 0 2 7 5 31 3 17 18 2 17 9 2 0 2 7 0 2 7 1 2 7 1 2 7 0 20.2646257877349854
12 16 2 5 30 3 0 2 11 12 16 2 0 2 7 0 2 7 0 2 3 0 2 7 17 18 2 0 2 7 1 2 7 0 2 7 5 30 3 1 2 11 16 19 11 0 2 3 1 2 4 0 2 3 1 2 4 8 9 2 0 21.4193997383117676
5 30 3 12 16 2 0 2 7 0 2 3 0 2 7 13 6 3 0 2 7 0 2 7 17 9 2 5 30 3 12 16 2 12 16 2 16 31 2 1 2 7 0 2 7 1 2 7 1 2 4 0 2 7 1 2 7 0 2 4 0 20.4516056776046753
0 2 7 12 16 2 0 2 4 13 6 3 1 2 7 1 2 7 5 31 3 1 2 4 17 9 2 1 2 7 0 2 7 5 30 3 0 2 7 0 2 7 0 2 7 12 16 2 17 9 2 6 2 7 0 2 7 0 2 7 0 20.3487167954444885
5 30 3 1 2 7 0 2 7 0 2 7 1 2 7 1 2 7 0 2 3 0 2 7 0 2 4 0 2 7 5 31 3 0 2 7 17 18 2 1 2 7 1 2 10 0 2 4 17 9 2 1 2 7 0 2 7 0 2 10 0 20.5764669179916382
12 16 2 1 2 7 13 6 3 0 2 7 0 2 7 0 2 4 5 30 3 0 2 7 0 2 7 0 2 7 0 2 7 1 2 7 1 2 7 1 2 7 5 31 3 17 18 2 6 2 7 12 16 2 0 2 4 17 9 2 0 20.3487167954444885
5 31 3 1 2 7 0 2 7 0 2 7 1 2 7 1 2 7 0 2 7 0 2 7 0 2 4 0 2 7 5 31 3 0 2 7 17 18 2 1 2 7 1 2 7 0 2 4 17 9 2 1 2 7 0 2 7 0 2 7 0 20.4687459468841553
1 2 7 12 16 2 0 2 7 0 2 11 1 2 7 5 30 3 0 2 7 0 2 7 0 2 1 17 18 2 8 9 2 0 2 7 1 2 7 5 30 3 1 2 7 0 2 7 0 2 7 12 16 2 17 18 2 13 6 3 0 20.7305498123168945
0 2 4 12 16 2 0 2 7 0 2 7 5 30 3 1 2 4 0 2 11 0 2 7 1 2 7 0 2 7 1 2 7 12 16 2 13 6 3 15 2 11 1 2 11 0 2 7 17 9 2 5 30 3 0 2 7 17 18 2 0 20.6221417188644409
12 16 2 0 2 7 5 30 3 1 2 4 5 30 3 12 16 2 0 2 6 13 6 3 0 2 7 0 2 7 0 2 7 1 2 7 1 2 7 0 2 7 1 2 7 17 18 2 0 2 10 0 2 7 17 9 2 0 2 6 0 20.6566966772079468

Current Evaluation = 3240(3240)
Front Size = 10
1 2 7 1 2 7 13 6 3 0 2 7 0 2 7 5 30 3 0 2 7 0 2 7 0 2 7 0 2 7 1 2 7 5 31 3 17 18 2 0 2 7 12 16 2 0 2 7 1 2 7 1 2 7 0 2 7 17 18 2 0 20.2646257877349854
0 2 7 0 2 7 13 6 3 0 2 7 0 2 7 5 30 3 0 2 7 0 2 7 0 2 7 1 2 7 1 2 7 5 31 3 17 9 2 1 2 7 0 2 7 12 16 2 0 2 7 17 18 2 1 2 7 1 2 7 0 20.2646257877349854
5 30 3 12 16 2 0 2 7 0 2 3 13 6 3 0 2 7 1 2 7 0 2 7 12 16 2 0 2 7 0 2 7 0 2 7 1 2 4 0 2 7 1 2 7 1 2 4 17 18 2 5 30 3 12 16 2 16 31 2 0 20.4516056776046753
0 2 7 0 2 7 0 2 7 0 2 7 0 2 4 1 2 7 17 18 2 5 31 3 1 2 7 1 2 4 17 9 2 0 2 10 1 2 7 0 2 4 1 2 11 1 2 11 5 30 3 0 2 7 0 2 7 0 2 7 0 20.6016668081283569
12 16 2 1 2 7 13 6 3 1 2 7 0 2 7 5 30 3 0 2 7 1 2 7 1 2 7 0 2 7 0 2 7 5 31 3 0 2 7 0 2 7 17 9 2 0 2 7 1 2 7 0 2 7 17 9 2 0 2 7 0 20.2646257877349854
0 2 7 12 16 2 13 6 3 1 2 7 6 2 7 5 31 3 17 9 2 1 2 7 0 2 7 5 30 3 0 2 7 0 2 7 0 2 7 17 9 2 0 2 7 0 2 7 0 2 4 1 2 4 12 16 2 1 2 7 0 20.3487167954444885
12 16 2 1 2 7 13 6 3 0 2 7 0 2 7 5 30 3 0 2 7 0 2 7 0 2 7 0 2 7 1 2 7 5 31 3 17 18 2 6 2 7 12 16 2 17 9 2 0 2 4 1 2 7 1 2 7 0 2 4 0 20.3487167954444885
12 16 2 5 30 3 0 2 11 12 16 2 0 2 7 0 2 7 0 2 3 0 2 7 17 18 2 0 2 7 1 2 7 0 2 7 5 30 3 1 2 11 16 19 11 0 2 3 1 2 4 0 2 3 1 2 4 8 9 2 0 21.4193997383117676
5 30 3 12 16 2 0 2 7 0 2 7 13 6 3 1 2 4 0 2 7 17 9 2 12 16 2 0 2 7 0 2 7 0 2 7 6 2 7 0 2 7 5 31 3 1 2 7 17 18 2 0 2 7 1 2 7 1 2 4 0 20.3487167954444885
12 16 2 1 2 7 13 6 3 6 2 7 0 2 7 5 30 3 0 2 7 0 2 7 0 2 7 0 2 7 1 2 7 5 31 3 17 9 2 1 2 7 0 2 4 12 16 2 0 2 4 17 9 2 1 2 7 0 2 7 0 20.3487167954444885

Current Evaluation = 3420(3420)
Front Size = 10
5 30 3 12 16 2 0 2 7 0 2 7 13 6 3 0 2 7 17 9 2 0 2 7 0 2 7 0 2 7 0 2 7 5 31 3 1 2 7 0 2 7 1 2 7 1 2 7 1 2 7 1 2 7 17 18 2 0 2 7 0 20.2646257877349854
5 30 3 0 2 7 0 2 7 1 2 7 0 2 7 1 2 7 0 2 7 0 2 7 0 2 7 1 2 7 0 2 7 1 2 7 13 6 3 0 2 7 12 16 2 5 31 3 1 2 7 0 2 7 17 9 2 17 9 2 0 20.2646257877349854
12 16 2 5 30 3 0 2 11 12 16 2 0 2 7 0 2 7 0 2 3 0 2 7 17 18 2 0 2 7 1 2 7 0 2 7 5 30 3 1 2 11 16 19 11 0 2 3 1 2 4 0 2 3 1 2 4 8 9 2 0 21.4193997383117676
5 31 3 0 2 7 0 2 7 0 2 7 13 6 3 12 16 2 0 2 7 1 2 7 0 2 7 0 2 7 5 30 3 1 2 7 17 18 2 0 2 7 0 2 7 0 2 7 1 2 7 1 2 7 17 18 2 1 2 7 0 20.2646257877349854
12 16 2 1 2 7 13 6 3 0 2 7 5 30 3 0 2 7 0 2 7 0 2 7 6 2 7 0 2 7 5 31 3 1 2 7 0 2 7 0 2 7 0 2 7 12 16 2 17 9 2 17 18 2 1 2 4 1 2 4 0 20.3487167954444885
0 2 7 0 2 7 0 2 7 0 2 7 1 2 4 1 2 7 1 2 7 5 30 3 0 2 7 0 2 4 17 18 2 13 6 3 12 16 2 5 30 3 0 2 7 1 2 7 16 31 2 0 2 3 12 16 2 12 16 2 0 20.4516056776046753
0 2 4 0 2 7 0 2 3 1 2 7 0 2 3 1 2 7 17 9 2 1 2 7 0 2 7 1 2 7 5 30 3 0 2 4 0 2 7 17 18 2 1 2 7 5 31 3 0 2 7 0 2 7 0 2 7 1 2 7 0 20.5684669017791748
0 2 7 0 2 3 0 2 7 0 2 7 0 2 7 1 2 4 17 18 2 5 31 3 0 2 7 1 2 10 17 9 2 0 2 7 1 2 10 1 2 7 1 2 7 1 2 7 5 30 3 0 2 4 0 2 7 0 2 7 0 20.5764669179916382
0 2 7 0 2 7 0 2 7 0 2 7 0 2 4 1 2 7 17 18 2 5 31 3 1 2 7 1 2 4 17 9 2 0 2 10 1 2 7 0 2 4 1 2 11 1 2 11 5 30 3 0 2 7 0 2 7 0 2 7 0 20.6016668081283569
0 2 7 1 2 7 1 2 7 17 9 2 1 2 7 0 2 7 1 2 7 5 30 3 0 2 7 1 2 7 5 31 3 0 2 7 0 2 7 0 2 7 0 2 7 0 2 3 0 2 3 12 16 2 0 2 7 1 2 7 2.71088841466698807e-05 20.8588178157806396

Current Evaluation = 3600(3600)
Front Size = 10
1 2 7 0 2 7 13 6 3 0 2 7 1 2 7 1 2 7 0 2 7 0 2 7 0 2 7 12 16 2 17 18 2 0 2 7 5 31 3 0 2 7 5 30 3 17 18 2 0 2 7 1 2 7 0 2 7 1 2 7 0 20.2646257877349854
0 2 7 13 6 3 1 2 7 1 2 7 17 9 2 1 2 7 0 2 7 1 2 7 5 30 3 0 2 7 0 2 7 17 18 2 5 31 3 0 2 7 0 2 7 0 2 7 0 2 7 0 2 7 12 16 2 1 2 7 0 20.2646257877349854
1 2 7 1 2 7 0 2 7 13 6 3 0 2 7 0 2 7 0 2 7 1 2 7 0 2 7 5 30 3 0 2 7 1 2 7 5 31 3 12 16 2 17 9 2 0 2 7 0 2 7 1 2 7 0 2 7 17 9 2 0 20.2646257877349854
1 2 4 1 2 7 0 2 7 13 6 3 0 2 7 1 2 7 0 2 7 0 2 7 0 2 7 12 16 2 17 18 2 0 2 7 5 31 3 6 2 7 0 2 7 5 30 3 12 16 2 0 2 4 1 2 7 17 18 2 0 20.3487167954444885
1 2 7 1 2 7 5 30 3 0 2 7 6 2 7 0 2 7 0 2 4 5 31 3 17 9 2 17 18 2 0 2 7 0 2 7 0 2 7 0 2 7 1 2 7 1 2 7 12 16 2 0 2 4 12 16 2 13 6 3 0 20.3487167954444885
0 2 7 0 2 3 0 2 7 0 2 7 0 2 7 1 2 4 17 18 2 5 31 3 0 2 7 1 2 10 17 9 2 0 2 7 1 2 10 1 2 7 1 2 7 1 2 7 5 30 3 0 2 4 0 2 7 0 2 7 0 20.5764669179916382
0 2 7 0 2 7 0 2 7 0 2 7 1 2 4 1 2 7 1 2 7 5 30 3 0 2 7 0 2 4 17 18 2 13 6 3 12 16 2 5 30 3 0 2 7 1 2 7 16 31 2 0 2 3 12 16 2 12 16 2 0 20.4516056776046753
12 16 2 5 30 3 0 2 11 12 16 2 0 2 7 0 2 7 0 2 3 0 2 7 17 18 2 0 2 7 1 2 7 0 2 7 5 30 3 1 2 11 16 19 11 0 2 3 1 2 4 0 2 3 1 2 4 8 9 2 0 21.4193997383117676
1 2 4 1 2 7 0 2 7 13 6 3 0 2 7 1 2 7 0 2 7 0 2 7 0 2 7 12 16 2 17 18 2 0 2 7 5 31 3 6 2 7 0 2 7 5 30 3 12 16 2 17 9 2 1 2 4 0 2 7 0 20.3487167954444885
13 6 3 0 2 7 5 30 3 0 2 7 0 2 7 0 2 7 5 31 3 1 2 7 16 24 2 17 18 2 0 2 7 0 2 7 6 2 3 1 2 7 1 2 7 12 16 2 0 2 7 0 2 7 12 16 2 12 16 2 0 20.5451107025146484

MonoObjective Genetic Algorithm
Number of Evaluations = 0
Mutation Probability = 0
Crossover Probability = 1
Population Size = 10
Survival Selection Type = 16

Time =  3609.20987892150879

Current Evaluation = 3370
Front Size = 10
1 2 7 0 2 7 13 6 3 0 2 7 1 2 7 1 2 7 0 2 7 0 2 7 0 2 7 12 16 2 17 18 2 0 2 7 5 31 3 0 2 7 5 30 3 17 18 2 0 2 7 1 2 7 0 2 7 1 2 7 0 20.2646257877349854
0 2 7 13 6 3 1 2 7 1 2 7 17 9 2 1 2 7 0 2 7 1 2 7 5 30 3 0 2 7 0 2 7 17 18 2 5 31 3 0 2 7 0 2 7 0 2 7 0 2 7 0 2 7 12 16 2 1 2 7 0 20.2646257877349854
1 2 7 1 2 7 0 2 7 13 6 3 0 2 7 0 2 7 0 2 7 1 2 7 0 2 7 5 30 3 0 2 7 1 2 7 5 31 3 12 16 2 17 9 2 0 2 7 0 2 7 1 2 7 0 2 7 17 9 2 0 20.2646257877349854
1 2 4 1 2 7 0 2 7 13 6 3 0 2 7 1 2 7 0 2 7 0 2 7 0 2 7 12 16 2 17 18 2 0 2 7 5 31 3 6 2 7 0 2 7 5 30 3 12 16 2 0 2 4 1 2 7 17 18 2 0 20.3487167954444885
1 2 7 1 2 7 5 30 3 0 2 7 6 2 7 0 2 7 0 2 4 5 31 3 17 9 2 17 18 2 0 2 7 0 2 7 0 2 7 0 2 7 1 2 7 1 2 7 12 16 2 0 2 4 12 16 2 13 6 3 0 20.3487167954444885
0 2 7 0 2 3 0 2 7 0 2 7 0 2 7 1 2 4 17 18 2 5 31 3 0 2 7 1 2 10 17 9 2 0 2 7 1 2 10 1 2 7 1 2 7 1 2 7 5 30 3 0 2 4 0 2 7 0 2 7 0 20.5764669179916382
0 2 7 0 2 7 0 2 7 0 2 7 1 2 4 1 2 7 1 2 7 5 30 3 0 2 7 0 2 4 17 18 2 13 6 3 12 16 2 5 30 3 0 2 7 1 2 7 16 31 2 0 2 3 12 16 2 12 16 2 0 20.4516056776046753
12 16 2 5 30 3 0 2 11 12 16 2 0 2 7 0 2 7 0 2 3 0 2 7 17 18 2 0 2 7 1 2 7 0 2 7 5 30 3 1 2 11 16 19 11 0 2 3 1 2 4 0 2 3 1 2 4 8 9 2 0 21.4193997383117676
1 2 4 1 2 7 0 2 7 13 6 3 0 2 7 1 2 7 0 2 7 0 2 7 0 2 7 12 16 2 17 18 2 0 2 7 5 31 3 6 2 7 0 2 7 5 30 3 12 16 2 17 9 2 1 2 4 0 2 7 0 20.3487167954444885
13 6 3 0 2 7 5 30 3 0 2 7 0 2 7 0 2 7 5 31 3 1 2 7 16 24 2 17 18 2 0 2 7 0 2 7 6 2 3 1 2 7 1 2 7 12 16 2 0 2 7 0 2 7 12 16 2 12 16 2 0 20.5451107025146484

