Current Evaluation = 180(180)
Front Size = 10
13 6 3 1 2 7 5 30 3 17 9 2 0 2 7 1 2 7 0 2 7 17 18 2 0 2 7 1 2 7 12 16 2 5 31 3 0 2 7 0 2 7 0 2 7 0 2 7 0 2 7 1 2 7 1 2 7 0 2 7 0 20.2646257877349854
0 2 8 0 2 8 13 6 3 5 30 3 5 30 3 0 2 8 0 2 8 12 16 2 6 2 8 0 2 8 0 2 8 8 18 2 16 19 12 16 19 12 8 9 2 0 2 8 0 2 8 5 30 3 1 2 8 0 2 8 0.0036846719443490647 22.6965634822845459
0 2 3 0 2 4 1 2 3 6 2 10 17 9 2 5 30 3 12 16 2 5 30 3 0 2 11 0 2 3 0 2 4 1 2 3 0 2 7 1 2 11 0 2 1 0 2 7 8 9 2 12 16 2 0 2 3 16 6 2 0 21.4788428544998169
16 6 2 0 2 3 12 16 2 0 2 7 0 2 11 1 2 7 0 2 3 0 2 3 12 16 2 0 2 7 5 31 3 16 30 2 12 16 2 1 2 4 1 2 4 0 2 7 0 2 7 5 30 3 0 2 11 15 2 11 0 21.1600029468536377
16 19 11 6 2 7 0 2 7 12 16 2 0 2 11 5 30 3 0 2 1 5 30 3 0 2 11 8 9 2 0 2 7 6 2 11 12 16 2 0 2 7 17 18 2 0 2 11 0 2 11 5 30 3 0 2 11 0 2 11 0 22.1367331147193909
5 30 3 5 30 3 12 16 2 5 30 3 0 2 3 1 2 11 1 2 11 0 2 8 0 2 3 0 2 8 0 2 3 0 2 8 0 2 7 0 2 7 0 2 8 0 2 3 0 2 7 6 2 8 0 2 3 16 19 11 0.000322733199298897116 22.5693899393081665
12 16 2 12 16 2 1 2 7 0 2 7 1 2 1 5 30 3 0 2 4 0 2 4 0 2 4 0 2 7 0 2 7 12 16 2 8 18 2 0 2 7 1 2 4 1 2 7 17 9 2 17 18 2 12 16 2 13 6 3 0 20.6559027433395386
12 16 2 8 18 2 12 16 2 1 2 7 0 2 4 1 2 11 0 2 7 0 2 3 5 30 3 1 2 3 16 6 2 0 2 7 0 2 7 16 31 2 0 2 7 0 2 10 0 2 7 0 2 7 12 16 2 5 30 3 0 21.0074106454849243
5 30 3 12 16 2 5 30 3 8 18 2 12 16 2 16 19 11 0 2 7 0 2 7 16 19 12 0 2 8 0 2 8 6 2 8 1 2 7 0 2 8 1 2 7 1 2 7 0 2 8 0 2 8 8 9 2 0 2 7 0.00253083025644850954 22.0904051065444946
5 30 3 5 30 3 12 16 2 5 31 3 0 2 7 0 2 7 12 16 2 0 2 7 16 19 11 0 2 7 0 2 7 0 2 7 0 2 7 0 2 11 0 2 7 16 19 11 0 2 11 0 2 3 0 2 11 1 2 7 0 21.9703837633132935

Current Evaluation = 360(360)
Front Size = 10
13 6 3 1 2 7 5 30 3 17 9 2 0 2 7 1 2 7 0 2 7 17 18 2 0 2 7 1 2 7 12 16 2 5 31 3 0 2 7 0 2 7 0 2 7 0 2 7 0 2 7 1 2 7 1 2 7 0 2 7 0 20.2646257877349854
0 2 8 0 2 8 13 6 3 5 30 3 5 30 3 0 2 8 0 2 8 12 16 2 6 2 8 0 2 8 0 2 8 8 18 2 16 19 12 16 19 12 8 9 2 0 2 8 0 2 8 5 30 3 1 2 8 0 2 8 0.0036846719443490647 22.6965634822845459
0 2 3 0 2 4 1 2 3 6 2 10 17 9 2 5 30 3 12 16 2 5 30 3 0 2 11 0 2 3 0 2 4 1 2 3 0 2 7 1 2 11 0 2 1 0 2 7 8 9 2 12 16 2 0 2 3 16 6 2 0 21.4788428544998169
12 16 2 12 16 2 1 2 7 0 2 7 1 2 1 5 30 3 0 2 4 0 2 4 0 2 4 0 2 7 0 2 7 12 16 2 8 18 2 0 2 7 1 2 4 1 2 7 17 9 2 17 18 2 12 16 2 13 6 3 0 20.6559027433395386
16 19 11 6 2 7 0 2 7 12 16 2 0 2 11 5 30 3 0 2 1 5 30 3 0 2 11 8 9 2 0 2 7 6 2 11 12 16 2 0 2 7 17 18 2 0 2 11 0 2 11 5 30 3 0 2 11 0 2 11 0 22.1367331147193909
12 16 2 0 2 3 0 2 3 0 2 3 5 31 3 0 2 7 0 2 3 5 30 3 16 6 2 0 2 7 1 2 3 0 2 7 0 2 7 1 2 7 16 30 2 1 2 7 0 2 3 1 2 3 0 2 3 1 2 7 0 20.9838579893112183
5 30 3 5 30 3 12 16 2 5 30 3 0 2 3 1 2 11 1 2 11 0 2 8 0 2 3 0 2 8 0 2 3 0 2 8 0 2 7 0 2 7 0 2 8 0 2 3 0 2 7 6 2 8 0 2 3 16 19 11 0.000322733199298897116 22.5693899393081665
17 18 2 0 2 4 0 2 7 1 2 7 1 2 7 6 2 7 1 2 11 1 2 7 0 2 4 5 30 3 0 2 11 5 31 3 0 2 7 1 2 7 17 9 2 0 2 7 0 2 3 0 2 11 0 2 4 0 2 11 0 20.8231601119041443
5 31 3 5 30 3 12 16 2 0 2 3 5 30 3 6 2 7 0 2 7 0 2 7 0 2 3 0 2 7 0 2 7 16 19 11 12 16 2 0 2 11 1 2 11 0 2 11 0 2 7 16 19 11 0 2 7 0 2 7 0 21.9761247038841248
5 30 3 12 16 2 5 30 3 8 18 2 12 16 2 16 19 11 0 2 7 0 2 7 16 19 12 0 2 8 0 2 8 6 2 8 1 2 7 0 2 8 1 2 7 1 2 7 0 2 8 0 2 8 8 9 2 0 2 7 0.00253083025644850954 22.0904051065444946

Current Evaluation = 540(540)
Front Size = 10
12 16 2 5 31 3 0 2 7 1 2 7 1 2 7 0 2 7 17 18 2 13 6 3 5 30 3 1 2 7 0 2 7 0 2 7 0 2 7 1 2 7 0 2 7 0 2 7 17 18 2 1 2 7 0 2 7 0 2 7 0 20.2646257877349854
16 6 2 1 2 3 1 2 11 1 2 3 12 16 2 16 6 2 0 2 4 0 2 3 8 9 2 0 2 3 0 2 7 5 30 3 0 2 3 12 16 2 0 2 4 0 2 11 0 2 3 5 30 3 0 2 3 0 2 3 0 21.4203108549118042
12 16 2 0 2 7 0 2 3 1 2 11 5 30 3 0 2 10 0 2 7 5 30 3 16 31 2 0 2 4 0 2 3 0 2 7 0 2 4 1 2 7 17 9 2 1 2 7 0 2 7 1 2 7 0 2 7 1 2 3 0 20.8012487888336182
0 2 8 0 2 8 13 6 3 5 30 3 5 30 3 0 2 8 0 2 8 12 16 2 6 2 8 0 2 8 0 2 8 8 18 2 16 19 12 16 19 12 8 9 2 0 2 8 0 2 8 5 30 3 1 2 8 0 2 8 0.0036846719443490647 22.6965634822845459
0 2 11 0 2 11 0 2 7 5 30 3 0 2 7 5 30 3 0 2 11 0 2 11 6 2 3 0 2 7 0 2 7 0 2 7 1 2 11 5 30 3 15 2 11 12 16 2 0 2 7 0 2 7 17 18 2 16 19 11 0 21.7454338073730469
0 2 11 1 2 11 0 2 11 0 2 11 0 2 4 5 30 3 5 30 3 8 9 2 17 18 2 1 2 7 1 2 7 1 2 7 1 2 7 1 2 7 0 2 3 0 2 7 17 18 2 0 2 7 0 2 7 0 2 4 0 20.8198410272598267
5 30 3 5 30 3 12 16 2 0 2 7 0 2 3 1 2 11 0 2 7 1 2 7 0 2 3 0 2 7 0 2 3 0 2 3 16 19 11 0 2 11 0 2 3 0 2 3 0 2 7 5 30 3 16 19 11 0 2 3 0 22.1521546840667725
0 2 7 0 2 3 5 30 3 0 2 7 0 2 7 0 2 7 0 2 3 0 2 7 1 2 7 0 2 3 0 2 3 16 30 2 1 2 3 1 2 7 16 31 2 0 2 7 16 6 2 0 2 11 1 2 3 1 2 3 0.0600986958349061309 20.3032960891723633
0 2 7 1 2 11 5 30 3 0 2 7 17 9 2 0 2 7 0 2 3 17 18 2 8 9 2 1 2 1 1 2 7 6 2 7 0 2 3 0 2 8 0 2 11 1 2 11 0 2 7 0 2 7 0 2 4 16 19 12 0.0729953584288231955 21.1185490489006042
12 16 2 1 2 7 1 2 7 0 2 7 0 2 7 1 2 11 12 16 2 0 2 7 17 18 2 13 6 3 0 2 4 12 16 2 5 30 3 0 2 7 0 2 7 17 18 2 1 2 11 13 6 3 0 2 7 12 16 2 0 20.3046585321426392

Current Evaluation = 720(720)
Front Size = 10
0 2 7 5 30 3 0 2 7 0 2 7 1 2 7 1 2 7 17 18 2 0 2 7 1 2 7 1 2 7 5 31 3 1 2 7 12 16 2 0 2 7 0 2 7 0 2 7 13 6 3 0 2 7 0 2 7 17 18 2 0 20.2646257877349854
0 2 7 0 2 7 1 2 7 0 2 4 17 9 2 0 2 11 0 2 7 1 2 4 17 9 2 0 2 7 5 31 3 1 2 7 0 2 7 5 30 3 1 2 11 0 2 7 1 2 7 0 2 4 0 2 10 1 2 7 0 20.6016669273376465
1 2 3 5 30 3 0 2 3 0 2 11 12 16 2 1 2 7 1 2 7 8 9 2 17 18 2 1 2 4 0 2 3 0 2 7 1 2 7 5 30 3 16 30 2 0 2 3 0 2 3 0 2 3 0 2 7 0 2 1 0 21.2152230739593506
12 16 2 5 30 3 17 9 2 0 2 7 0 2 11 13 6 3 17 9 2 0 2 7 12 16 2 0 2 11 0 2 7 0 2 11 5 30 3 1 2 7 15 2 11 0 2 7 1 2 7 0 2 11 1 2 7 6 2 4 0 20.8176349997520447
12 16 2 0 2 7 0 2 3 1 2 10 12 16 2 1 2 10 0 2 7 17 18 2 0 2 4 5 30 3 17 18 2 0 2 7 0 2 7 0 2 7 1 2 7 0 2 3 1 2 1 8 18 2 0 2 7 5 30 3 0 21.2811408042907715
12 16 2 0 2 7 0 2 7 1 2 7 5 31 3 5 31 3 0 2 7 0 2 7 0 2 4 0 2 7 1 2 7 1 2 10 17 9 2 0 2 7 1 2 7 12 16 2 0 2 7 6 2 7 0 2 4 16 6 2 0 20.6613958477973938
1 2 7 0 2 7 0 2 7 5 30 3 0 2 7 0 2 3 5 30 3 0 2 7 0 2 3 0 2 7 0 2 7 17 9 2 1 2 7 16 31 2 1 2 7 0 2 3 0 2 3 1 2 7 1 2 7 1 2 11 0 20.6688988208770752
0 2 7 1 2 11 0 2 10 5 30 3 0 2 11 1 2 11 5 30 3 17 18 2 0 2 7 0 2 7 1 2 11 1 2 7 17 9 2 0 2 7 0 2 7 0 2 7 0 2 7 6 2 7 0 2 7 5 31 3 0 21.0983547568321228
0 2 11 5 30 3 0 2 7 0 2 4 0 2 4 0 2 3 0 2 3 0 2 11 0 2 3 0 2 7 12 16 2 17 9 2 1 2 3 12 16 2 1 2 7 16 6 2 1 2 3 1 2 7 0 2 3 5 31 3 0 21.4005759954452515
5 30 3 5 30 3 0 2 8 0 2 3 0 2 3 0 2 8 0 2 8 8 18 2 0 2 8 0 2 7 12 16 2 0 2 8 12 16 2 16 19 11 16 19 11 0 2 11 0 2 8 5 30 3 0 2 8 1 2 11 0 23.0031580924987793

Current Evaluation = 900(900)
Front Size = 10
5 30 3 0 2 7 1 2 7 0 2 7 0 2 7 17 9 2 0 2 7 0 2 7 17 9 2 0 2 7 1 2 7 1 2 7 0 2 7 0 2 7 5 31 3 0 2 7 1 2 7 13 6 3 1 2 7 12 16 2 0 20.2646257877349854
12 16 2 5 30 3 17 9 2 0 2 7 0 2 11 13 6 3 17 9 2 0 2 7 12 16 2 0 2 11 0 2 7 0 2 11 5 30 3 1 2 7 15 2 11 0 2 7 1 2 7 0 2 11 1 2 7 6 2 4 0 20.8176349997520447
1 2 3 5 30 3 0 2 3 0 2 11 12 16 2 1 2 7 1 2 7 8 9 2 17 18 2 1 2 4 0 2 3 0 2 7 1 2 7 5 30 3 16 30 2 0 2 3 0 2 3 0 2 3 0 2 7 0 2 1 0 21.2152230739593506
5 30 3 0 2 7 0 2 10 1 2 7 1 2 7 1 2 4 0 2 7 17 18 2 1 2 11 8 9 2 1 2 7 0 2 11 0 2 4 5 30 3 17 9 2 0 2 10 0 2 11 0 2 10 0 2 7 12 16 2 0 21.0005909204483032
5 31 3 0 2 7 0 2 7 1 2 7 1 2 10 0 2 7 5 30 3 1 2 7 0 2 4 1 2 4 0 2 11 1 2 7 0 2 7 17 9 2 0 2 7 1 2 7 17 18 2 0 2 4 0 2 11 0 2 7 0 20.601667046546936
0 2 11 0 2 7 0 2 10 17 18 2 5 30 3 0 2 7 0 2 7 0 2 7 1 2 7 0 2 7 0 2 7 6 2 7 1 2 11 0 2 7 1 2 11 0 2 7 17 18 2 1 2 11 5 30 3 5 31 3 0 21.0983547568321228
12 16 2 0 2 7 0 2 3 1 2 10 12 16 2 1 2 10 0 2 7 17 18 2 0 2 4 5 30 3 17 18 2 0 2 7 0 2 7 0 2 7 1 2 7 0 2 3 1 2 1 8 18 2 0 2 7 5 30 3 0 21.2811408042907715
1 2 3 5 30 3 0 2 7 1 2 11 1 2 7 16 30 2 0 2 7 0 2 3 5 31 3 0 2 7 0 2 7 0 2 7 0 2 3 1 2 7 0 2 7 1 2 3 0 2 7 0 2 7 17 18 2 1 2 7 0 20.6688989400863647
5 30 3 5 30 3 0 2 8 0 2 3 0 2 3 0 2 8 0 2 8 8 18 2 0 2 8 0 2 7 12 16 2 0 2 8 12 16 2 16 19 11 16 19 11 0 2 11 0 2 8 5 30 3 0 2 8 1 2 11 0 23.0031580924987793
5 30 3 0 2 7 0 2 7 1 2 7 1 2 7 1 2 7 5 30 3 1 2 11 0 2 4 0 2 3 0 2 4 0 2 3 0 2 7 16 30 2 0 2 1 1 2 4 1 2 7 0 2 7 1 2 11 0 2 7 0.00335139124949356427 20.6352208852767944

Current Evaluation = 1080(1080)
Front Size = 10
1 2 7 0 2 7 1 2 7 12 16 2 5 30 3 0 2 7 0 2 7 0 2 7 0 2 7 17 18 2 0 2 7 13 6 3 17 9 2 5 31 3 0 2 7 1 2 7 1 2 7 1 2 7 0 2 7 0 2 7 0 20.2646257877349854
5 30 3 0 2 3 0 2 7 12 16 2 0 2 3 1 2 7 5 30 3 0 2 11 0 2 3 0 2 7 16 19 11 0 2 3 1 2 11 0 2 7 0 2 3 0 2 7 0 2 3 0 2 3 5 30 3 16 19 11 0 22.1521546840667725
5 30 3 0 2 7 0 2 4 1 2 11 0 2 11 8 18 2 1 2 7 0 2 7 5 30 3 0 2 10 1 2 7 1 2 3 17 9 2 0 2 4 1 2 7 17 9 2 0 2 11 0 2 7 0 2 7 12 16 2 0 20.9925909042358398
5 30 3 5 30 3 0 2 8 0 2 3 0 2 3 0 2 8 0 2 8 8 18 2 0 2 8 0 2 7 12 16 2 0 2 8 12 16 2 16 19 11 16 19 11 0 2 11 0 2 8 5 30 3 0 2 8 1 2 11 0 23.0031580924987793
5 31 3 0 2 7 0 2 7 0 2 7 1 2 11 0 2 7 12 16 2 1 2 4 0 2 7 16 30 2 1 2 4 17 9 2 0 2 7 0 2 3 0 2 7 5 30 3 0 2 7 1 2 3 0 2 10 1 2 3 0 20.8012489080429077
1 2 3 5 30 3 0 2 3 0 2 11 12 16 2 1 2 7 1 2 7 8 9 2 17 18 2 1 2 4 0 2 3 0 2 7 1 2 7 5 30 3 16 30 2 0 2 3 0 2 3 0 2 3 0 2 7 0 2 1 0 21.2152230739593506
12 16 2 5 30 3 0 2 7 0 2 11 0 2 7 5 30 3 1 2 7 1 2 7 1 2 7 17 9 2 13 6 3 0 2 3 16 30 2 0 2 11 8 9 2 0 2 11 15 2 11 0 2 7 0 2 11 6 2 4 0.00376497783393893361 20.5839222073554993
5 30 3 0 2 4 0 2 7 1 2 7 0 2 11 8 18 2 1 2 7 0 2 7 5 31 3 0 2 7 0 2 7 1 2 7 17 9 2 1 2 7 0 2 7 17 9 2 1 2 7 0 2 7 0 2 11 1 2 7 0 20.6409200429916382
5 31 3 1 2 7 1 2 7 1 2 4 1 2 3 16 6 2 0 2 7 0 2 7 5 30 3 0 2 7 1 2 7 0 2 3 8 9 2 0 2 12 0 2 7 17 9 2 0 2 7 0 2 7 0 2 7 12 16 2 0 20.769278883934021
5 30 3 0 2 7 1 2 7 5 30 3 0 2 11 0 2 7 1 2 11 0 2 7 0 2 7 0 2 3 6 2 7 0 2 3 0 2 10 0 2 7 0 2 3 0 2 7 1 2 11 1 2 11 5 30 3 16 19 11 0.00210979148780242147 21.5626876950263977

Current Evaluation = 1260(1260)
Front Size = 10
5 30 3 0 2 7 0 2 7 0 2 7 0 2 7 12 16 2 0 2 7 5 31 3 1 2 7 0 2 7 1 2 7 13 6 3 1 2 7 17 9 2 0 2 7 0 2 7 1 2 7 1 2 7 17 9 2 0 2 7 0 20.2646257877349854
1 2 3 5 30 3 0 2 3 0 2 11 12 16 2 1 2 7 1 2 7 8 9 2 17 18 2 1 2 4 0 2 3 0 2 7 1 2 7 5 30 3 16 30 2 0 2 3 0 2 3 0 2 3 0 2 7 0 2 1 0 21.2152230739593506
0 2 7 1 2 7 8 9 2 1 2 11 0 2 7 5 30 3 0 2 7 0 2 7 12 16 2 0 2 7 12 16 2 17 18 2 16 6 2 13 6 3 12 16 2 0 2 7 0 2 7 5 30 3 1 2 3 0 2 4 0 20.6301085948944092
12 16 2 1 2 10 0 2 3 0 2 7 5 30 3 0 2 3 1 2 7 5 30 3 0 2 4 0 2 7 1 2 11 0 2 7 0 2 7 0 2 4 0 2 3 0 2 7 17 9 2 1 2 7 1 2 7 16 31 2 0 20.8012487888336182
12 16 2 0 2 7 0 2 4 1 2 7 0 2 3 16 30 2 0 2 7 5 30 3 0 2 7 1 2 7 12 16 2 1 2 7 12 16 2 5 31 3 13 6 3 1 2 7 0 2 4 0 2 7 0 2 7 17 18 2 0 20.4516057968139648
17 18 2 0 2 4 1 2 7 0 2 7 1 2 7 12 16 2 0 2 7 0 2 7 0 2 7 1 2 7 0 2 7 0 2 7 16 6 2 0 2 7 5 31 3 0 2 7 5 31 3 6 2 7 1 2 7 0 2 4 0 20.4595978856086731
5 31 3 0 2 7 0 2 7 0 2 7 1 2 11 0 2 7 12 16 2 1 2 4 0 2 7 16 30 2 1 2 4 17 9 2 0 2 7 0 2 3 0 2 7 5 30 3 0 2 7 1 2 3 0 2 10 1 2 3 0 20.8012489080429077
0 2 4 1 2 7 0 2 7 5 30 3 17 9 2 1 2 7 12 16 2 0 2 7 12 16 2 16 15 2 0 2 7 0 2 7 1 2 7 8 9 2 0 2 7 0 2 7 0 2 7 8 9 2 0 2 7 5 30 3 0 20.8408946990966797
12 16 2 1 2 7 0 2 4 0 2 3 0 2 7 16 6 2 0 2 7 5 30 3 0 2 3 0 2 7 0 2 7 5 31 3 0 2 3 0 2 7 1 2 3 12 16 2 0 2 7 15 2 11 16 6 2 1 2 7 0 20.9683817625045776
5 30 3 12 16 2 5 30 3 1 2 3 0 2 7 0 2 7 0 2 3 0 2 3 1 2 3 0 2 3 16 31 2 1 2 7 0 2 3 0 2 7 1 2 3 0 2 3 16 6 2 0 2 7 0 2 7 1 2 7 0 20.9838578701019287

Current Evaluation = 1440(1440)
Front Size = 10
5 30 3 0 2 7 0 2 7 0 2 7 0 2 7 12 16 2 0 2 7 5 31 3 1 2 7 0 2 7 1 2 7 13 6 3 1 2 7 17 9 2 0 2 7 0 2 7 1 2 7 1 2 7 17 9 2 0 2 7 0 20.2646257877349854
5 31 3 0 2 7 0 2 7 0 2 7 1 2 11 0 2 7 12 16 2 1 2 4 0 2 7 16 30 2 1 2 4 17 9 2 0 2 7 0 2 3 0 2 7 5 30 3 0 2 7 1 2 3 0 2 10 1 2 3 0 20.8012489080429077
1 2 3 5 30 3 0 2 3 0 2 11 12 16 2 1 2 7 1 2 7 8 9 2 17 18 2 1 2 4 0 2 3 0 2 7 1 2 7 5 30 3 16 30 2 0 2 3 0 2 3 0 2 3 0 2 7 0 2 1 0 21.2152230739593506
12 16 2 0 2 3 0 2 7 0 2 3 0 2 7 16 6 2 0 2 7 5 31 3 6 2 3 0 2 7 0 2 7 5 31 3 0 2 7 0 2 3 1 2 7 12 16 2 0 2 7 1 2 7 16 6 2 1 2 4 0 20.894156813621521
5 30 3 1 2 7 12 16 2 0 2 4 0 2 7 17 18 2 0 2 7 5 31 3 0 2 7 1 2 3 0 2 7 1 2 7 0 2 7 1 2 4 12 16 2 16 30 2 0 2 7 13 6 3 0 2 7 12 16 2 0 20.4516057968139648
1 2 7 1 2 11 0 2 3 0 2 7 5 30 3 0 2 3 1 2 7 5 30 3 0 2 7 0 2 7 1 2 7 0 2 7 0 2 7 0 2 7 0 2 3 0 2 3 17 9 2 1 2 7 1 2 7 16 31 2 0 20.6688988208770752
6 2 7 0 2 7 0 2 4 0 2 7 0 2 7 12 16 2 1 2 7 0 2 7 0 2 7 5 31 3 0 2 7 0 2 7 0 2 7 16 6 2 1 2 4 17 18 2 1 2 7 0 2 7 1 2 7 5 31 3 0 20.4595978856086731
5 30 3 0 2 7 0 2 11 12 16 2 0 2 7 0 2 7 0 2 7 17 9 2 1 2 7 8 18 2 1 2 4 17 18 2 0 2 11 1 2 7 0 2 11 1 2 6 1 2 7 0 2 7 0 2 10 5 30 3 0 21.0325909852981567
0 2 7 12 16 2 0 2 7 1 2 3 0 2 7 0 2 7 0 2 7 0 2 1 1 2 4 17 9 2 15 2 11 5 30 3 0 2 7 8 18 2 0 2 7 1 2 7 12 16 2 16 6 2 0 2 7 5 30 3 0 21.0201467275619507
5 30 3 0 2 3 12 16 2 1 2 7 1 2 7 17 18 2 0 2 7 5 30 3 0 2 7 0 2 7 0 2 11 0 2 7 0 2 7 0 2 3 1 2 7 13 6 3 1 2 11 0 2 3 8 18 2 0 2 1 0.0065778748875486414 21.0849049091339111

Current Evaluation = 1620(1620)
Front Size = 10
0 2 7 1 2 7 1 2 7 0 2 7 5 31 3 1 2 7 5 30 3 0 2 7 0 2 7 0 2 7 0 2 7 0 2 7 12 16 2 0 2 7 0 2 7 13 6 3 17 9 2 1 2 7 17 18 2 1 2 7 0 20.2646257877349854
5 30 3 0 2 7 12 16 2 1 2 7 1 2 7 0 2 7 0 2 7 0 2 4 12 16 2 0 2 7 12 16 2 13 6 3 0 2 7 1 2 4 0 2 7 1 2 3 17 9 2 16 31 2 5 30 3 0 2 7 0 20.4516056776046753
1 2 3 5 30 3 0 2 3 0 2 11 12 16 2 1 2 7 1 2 7 8 9 2 17 18 2 1 2 4 0 2 3 0 2 7 1 2 7 5 30 3 16 30 2 0 2 3 0 2 3 0 2 3 0 2 7 0 2 1 0 21.2152230739593506
5 30 3 0 2 7 12 16 2 1 2 7 1 2 7 0 2 7 0 2 7 0 2 4 12 16 2 0 2 7 12 16 2 13 6 3 0 2 7 17 18 2 5 31 3 1 2 7 16 30 2 1 2 7 0 2 3 0 2 4 0 20.4516057968139648
0 2 7 0 2 7 0 2 7 5 31 3 0 2 7 1 2 7 0 2 7 0 2 7 1 2 7 17 9 2 0 2 7 12 16 2 0 2 7 1 2 4 5 31 3 6 2 4 1 2 7 0 2 7 16 6 2 0 2 7 0 20.4595978856086731
1 2 7 1 2 11 0 2 3 0 2 7 5 30 3 0 2 3 1 2 7 5 30 3 0 2 7 0 2 7 1 2 7 0 2 7 0 2 7 0 2 7 0 2 3 0 2 3 17 9 2 1 2 7 1 2 7 16 31 2 0 20.6688988208770752
1 2 7 0 2 3 5 30 3 1 2 7 0 2 4 1 2 4 1 2 10 0 2 7 0 2 7 1 2 7 17 9 2 0 2 7 0 2 7 0 2 7 1 2 7 0 2 10 0 2 7 0 2 7 5 31 3 17 9 2 0 20.5764669179916382
5 30 3 0 2 7 12 16 2 0 2 7 1 2 7 0 2 7 0 2 3 0 2 4 8 18 2 1 2 7 13 6 3 0 2 7 16 6 2 17 18 2 0 2 7 0 2 7 12 16 2 1 2 11 12 16 2 5 30 3 0 20.6301085948944092
1 2 7 0 2 7 1 2 7 0 2 10 5 31 3 12 16 2 0 2 7 17 18 2 0 2 7 6 2 7 0 2 7 1 2 7 16 6 2 12 16 2 0 2 7 0 2 4 0 2 7 1 2 7 0 2 4 5 31 3 0 20.6613958477973938
1 2 7 1 2 7 1 2 7 0 2 4 0 2 3 5 30 3 12 16 2 0 2 7 1 2 7 17 18 2 0 2 7 0 2 7 16 30 2 0 2 11 0 2 10 0 2 3 0 2 4 0 2 3 5 31 3 1 2 7 0 20.8012490272521973

Current Evaluation = 1800(1800)
Front Size = 10
5 30 3 0 2 7 1 2 7 13 6 3 0 2 7 1 2 7 0 2 7 0 2 7 0 2 7 5 31 3 1 2 7 0 2 7 1 2 7 0 2 7 12 16 2 0 2 7 1 2 7 17 9 2 17 9 2 0 2 7 0 20.2646257877349854
5 30 3 0 2 7 1 2 7 0 2 11 0 2 7 12 16 2 0 2 7 8 9 2 16 6 2 5 31 3 12 16 2 0 2 7 0 2 3 12 16 2 1 2 7 0 2 3 16 30 2 0 2 7 1 2 10 0 2 4 0 21.0074108839035034
5 30 3 0 2 7 8 9 2 1 2 7 0 2 4 1 2 7 0 2 3 0 2 3 12 16 2 0 2 11 1 2 3 0 2 11 0 2 3 1 2 3 17 18 2 0 2 11 0 2 11 16 30 2 5 30 3 1 2 3 0 21.3190232515335083
1 2 7 1 2 7 1 2 7 0 2 3 5 30 3 0 2 7 1 2 7 0 2 7 0 2 7 0 2 3 0 2 3 1 2 7 1 2 11 5 30 3 17 9 2 16 30 2 0 2 11 16 31 2 0 2 7 5 31 3 0.0316287031176165703 20.6176999807357788
5 30 3 0 2 7 12 16 2 1 2 7 1 2 7 0 2 7 0 2 7 0 2 4 12 16 2 0 2 7 12 16 2 13 6 3 0 2 7 1 2 4 0 2 7 1 2 3 17 9 2 16 31 2 5 30 3 0 2 7 0 20.4516056776046753
5 30 3 0 2 7 1 2 7 1 2 7 0 2 4 0 2 3 0 2 11 0 2 7 1 2 3 0 2 7 8 9 2 1 2 7 0 2 3 1 2 3 0 2 7 17 18 2 17 9 2 0 2 3 1 2 10 1 2 4 0.00214537585754805095 20.7138460874557495
0 2 7 1 2 4 1 2 7 12 16 2 0 2 7 5 31 3 0 2 7 1 2 7 0 2 7 0 2 7 0 2 7 5 31 3 16 6 2 17 18 2 1 2 7 0 2 4 0 2 7 0 2 7 0 2 7 6 2 7 0 20.4595978856086731
0 2 7 1 2 10 0 2 4 0 2 7 5 31 3 0 2 7 1 2 7 0 2 7 0 2 10 0 2 7 1 2 7 0 2 3 0 2 7 17 9 2 5 30 3 1 2 7 17 18 2 1 2 7 0 2 7 1 2 4 0 20.5764669179916382
0 2 3 12 16 2 1 2 7 1 2 4 12 16 2 0 2 7 0 2 3 0 2 7 0 2 7 5 31 3 16 6 2 0 2 3 0 2 7 0 2 3 1 2 7 15 2 11 5 30 3 16 6 2 0 2 7 0 2 7 0 20.9683817625045776
5 30 3 0 2 7 12 16 2 0 2 7 1 2 7 0 2 7 0 2 3 0 2 4 8 18 2 1 2 7 13 6 3 0 2 7 16 6 2 17 18 2 0 2 7 0 2 7 12 16 2 1 2 11 12 16 2 5 30 3 0 20.6301085948944092

Current Evaluation = 1980(1980)
Front Size = 10
0 2 7 0 2 7 1 2 7 0 2 7 13 6 3 1 2 7 1 2 7 5 30 3 0 2 7 1 2 7 1 2 7 17 18 2 0 2 7 0 2 7 0 2 7 17 18 2 0 2 7 12 16 2 0 2 7 5 31 3 0 20.2646257877349854
0 2 4 0 2 7 6 2 7 0 2 7 0 2 7 1 2 7 1 2 7 17 9 2 0 2 4 1 2 7 5 30 3 12 16 2 13 6 3 0 2 7 0 2 7 0 2 7 12 16 2 5 31 3 17 18 2 1 2 7 0 20.3487167954444885
0 2 4 5 30 3 1 2 3 1 2 7 0 2 3 0 2 7 5 30 3 0 2 3 1 2 7 0 2 7 0 2 7 0 2 7 1 2 7 0 2 7 17 18 2 1 2 4 0 2 11 12 16 2 16 31 2 0 2 10 0 20.8012489080429077
5 30 3 0 2 7 8 9 2 1 2 7 0 2 4 1 2 7 0 2 3 0 2 3 12 16 2 0 2 11 1 2 3 0 2 11 0 2 3 1 2 3 17 18 2 0 2 11 0 2 11 16 30 2 5 30 3 1 2 3 0 21.3190232515335083
5 30 3 0 2 7 12 16 2 1 2 7 1 2 7 0 2 7 0 2 7 0 2 4 12 16 2 0 2 7 12 16 2 13 6 3 0 2 7 1 2 4 0 2 7 1 2 3 17 9 2 16 31 2 5 30 3 0 2 7 0 20.4516056776046753
0 2 7 5 30 3 1 2 7 1 2 7 0 2 7 0 2 3 5 31 3 1 2 7 0 2 7 0 2 7 0 2 3 13 6 3 0 2 3 17 18 2 1 2 7 17 9 2 16 6 2 0 2 3 0 2 3 1 2 3 0.0298624993722475564 20.4104839563369751
5 30 3 0 2 7 12 16 2 1 2 7 1 2 7 0 2 7 0 2 7 0 2 4 12 16 2 0 2 7 12 16 2 13 6 3 0 2 7 1 2 4 0 2 7 17 9 2 16 30 2 1 2 7 0 2 3 5 31 3 0 20.4516057968139648
0 2 7 0 2 7 0 2 7 0 2 7 1 2 7 0 2 7 1 2 7 1 2 4 5 31 3 0 2 7 0 2 7 5 31 3 0 2 7 0 2 7 0 2 7 17 18 2 1 2 4 6 2 7 12 16 2 16 6 2 0 20.4595978856086731
0 2 3 1 2 7 15 2 11 0 2 7 1 2 7 0 2 7 0 2 7 0 2 4 12 16 2 0 2 7 0 2 4 17 18 2 0 2 7 16 6 2 0 2 7 5 30 3 1 2 7 1 2 7 5 31 3 0 2 7 0 20.6338227987289429
5 30 3 1 2 10 0 2 3 1 2 7 12 16 2 17 18 2 1 2 7 0 2 4 0 2 11 0 2 11 17 9 2 5 30 3 0 2 7 1 2 4 0 2 7 1 2 7 0 2 11 0 2 7 8 18 2 0 2 7 0 20.9925910234451294

Current Evaluation = 2160(2160)
Front Size = 10
1 2 7 1 2 7 0 2 7 0 2 7 0 2 7 0 2 7 0 2 7 13 6 3 17 9 2 0 2 7 5 30 3 0 2 7 17 18 2 5 31 3 12 16 2 0 2 7 1 2 7 1 2 7 1 2 7 0 2 7 0 20.2646257877349854
5 30 3 0 2 7 12 16 2 1 2 7 0 2 7 1 2 7 0 2 3 12 16 2 0 2 7 13 6 3 17 18 2 12 16 2 0 2 7 1 2 11 16 6 2 0 2 7 8 9 2 0 2 7 5 30 3 0 2 4 0 20.6301085948944092
5 30 3 0 2 7 12 16 2 1 2 7 0 2 7 0 2 7 0 2 4 0 2 7 12 16 2 0 2 7 13 6 3 0 2 7 17 9 2 1 2 3 5 30 3 1 2 7 12 16 2 1 2 7 0 2 4 16 31 2 0 20.4516056776046753
5 30 3 1 2 10 0 2 3 1 2 7 12 16 2 17 18 2 1 2 7 0 2 4 0 2 11 0 2 11 17 9 2 5 30 3 0 2 7 1 2 4 0 2 7 1 2 7 0 2 11 0 2 7 8 18 2 0 2 7 0 20.9925910234451294
5 30 3 0 2 7 8 9 2 1 2 7 0 2 4 1 2 7 0 2 3 0 2 3 12 16 2 0 2 11 1 2 3 0 2 11 0 2 3 1 2 3 17 18 2 0 2 11 0 2 11 16 30 2 5 30 3 1 2 3 0 21.3190232515335083
5 31 3 12 16 2 1 2 7 1 2 7 0 2 7 0 2 7 0 2 7 17 18 2 0 2 7 6 2 7 0 2 7 0 2 7 1 2 7 0 2 7 16 6 2 5 31 3 0 2 7 0 2 4 0 2 7 1 2 4 0 20.4595978856086731
1 2 7 12 16 2 1 2 4 6 2 7 0 2 7 0 2 7 0 2 7 1 2 7 0 2 7 13 6 3 17 9 2 0 2 7 5 30 3 0 2 7 17 18 2 5 31 3 1 2 4 12 16 2 0 2 7 0 2 7 0 20.3487167954444885
0 2 7 5 30 3 0 2 7 1 2 7 0 2 7 0 2 7 0 2 7 1 2 3 1 2 3 0 2 7 0 2 7 1 2 7 1 2 7 0 2 3 17 9 2 1 2 11 5 30 3 0 2 7 16 31 2 0 2 3 0 20.6688988208770752
0 2 7 12 16 2 0 2 3 0 2 4 0 2 3 1 2 11 12 16 2 0 2 7 13 6 3 0 2 7 0 2 7 6 2 7 1 2 11 0 2 7 5 30 3 12 16 2 6 2 7 16 6 2 17 9 2 5 31 3 0 20.7587686777114868
5 30 3 0 2 3 0 2 7 12 16 2 1 2 7 1 2 3 0 2 7 0 2 7 0 2 7 1 2 3 1 2 7 0 2 7 17 18 2 0 2 3 0 2 3 0 2 7 8 9 2 5 30 3 16 15 2 1 2 4 0 20.9987398386001587

Current Evaluation = 2340(2340)
Front Size = 10
1 2 7 5 31 3 0 2 7 1 2 7 0 2 7 0 2 7 1 2 7 0 2 7 0 2 7 0 2 7 17 18 2 12 16 2 5 30 3 13 6 3 1 2 7 0 2 7 0 2 7 17 9 2 0 2 7 1 2 7 0 20.2646257877349854
0 2 7 12 16 2 0 2 3 0 2 4 0 2 3 1 2 11 12 16 2 0 2 7 13 6 3 0 2 7 0 2 7 6 2 7 1 2 11 0 2 7 5 30 3 12 16 2 6 2 7 16 6 2 17 9 2 5 31 3 0 20.7587686777114868
5 30 3 1 2 10 0 2 3 1 2 7 12 16 2 17 18 2 1 2 7 0 2 4 0 2 11 0 2 11 17 9 2 5 30 3 0 2 7 1 2 4 0 2 7 1 2 7 0 2 11 0 2 7 8 18 2 0 2 7 0 20.9925910234451294
5 30 3 0 2 7 12 16 2 0 2 7 1 2 4 1 2 7 0 2 7 0 2 7 13 6 3 0 2 7 17 18 2 6 2 7 1 2 7 0 2 4 12 16 2 0 2 7 5 31 3 17 18 2 0 2 7 1 2 7 0 20.3487167954444885
0 2 7 12 16 2 0 2 7 5 30 3 0 2 7 6 2 7 5 31 3 1 2 7 1 2 7 0 2 4 0 2 7 12 16 2 1 2 7 0 2 7 0 2 7 17 9 2 0 2 4 17 18 2 1 2 7 13 6 3 0 20.3487167954444885
0 2 7 5 30 3 0 2 7 1 2 7 0 2 7 0 2 7 0 2 7 1 2 3 1 2 3 0 2 7 0 2 7 1 2 7 1 2 7 0 2 3 17 9 2 1 2 11 5 30 3 0 2 7 16 31 2 0 2 3 0 20.6688988208770752
5 30 3 0 2 7 12 16 2 1 2 7 0 2 7 0 2 7 0 2 4 0 2 7 12 16 2 0 2 7 13 6 3 0 2 7 17 9 2 1 2 3 5 30 3 1 2 7 12 16 2 1 2 7 0 2 4 16 31 2 0 20.4516056776046753
0 2 7 12 16 2 0 2 7 0 2 7 0 2 7 1 2 11 12 16 2 17 9 2 13 6 3 0 2 7 1 2 4 1 2 7 5 30 3 12 16 2 0 2 7 0 2 3 5 30 3 16 6 2 8 9 2 0 2 7 0 20.6301085948944092
5 30 3 0 2 7 12 16 2 0 2 7 0 2 7 0 2 7 0 2 7 12 16 2 1 2 7 13 6 3 17 9 2 12 16 2 1 2 7 5 31 3 0 2 4 16 30 2 1 2 3 0 2 7 1 2 4 0 2 7 0 20.4516057968139648
0 2 7 5 31 3 1 2 7 1 2 11 0 2 7 0 2 7 1 2 11 0 2 7 0 2 11 17 9 2 5 30 3 12 16 2 0 2 4 8 9 2 0 2 7 1 2 7 0 2 4 0 2 7 17 18 2 1 2 7 0 20.938869833946228

Current Evaluation = 2520(2520)
Front Size = 10
5 30 3 1 2 7 0 2 7 1 2 7 1 2 7 0 2 7 0 2 7 17 9 2 0 2 7 0 2 7 12 16 2 13 6 3 5 31 3 0 2 7 0 2 7 0 2 7 1 2 7 1 2 7 17 9 2 0 2 7 0 20.2646257877349854
0 2 7 0 2 7 6 2 7 1 2 7 0 2 7 17 18 2 12 16 2 5 31 3 1 2 7 0 2 4 5 30 3 13 6 3 0 2 7 0 2 7 17 18 2 1 2 7 0 2 7 1 2 7 0 2 4 12 16 2 0 20.3487167954444885
5 30 3 1 2 10 0 2 3 1 2 7 12 16 2 17 18 2 1 2 7 0 2 4 0 2 11 0 2 11 17 9 2 5 30 3 0 2 7 1 2 4 0 2 7 1 2 7 0 2 11 0 2 7 8 18 2 0 2 7 0 20.9925910234451294
0 2 7 12 16 2 0 2 7 0 2 4 0 2 7 12 16 2 17 9 2 13 6 3 0 2 7 1 2 7 5 30 3 12 16 2 0 2 7 5 30 3 0 2 7 1 2 4 0 2 7 1 2 3 16 31 2 1 2 7 0 20.4516056776046753
5 30 3 0 2 7 12 16 2 1 2 4 0 2 7 0 2 7 0 2 7 12 16 2 0 2 7 13 6 3 0 2 7 17 9 2 1 2 7 1 2 7 5 31 3 1 2 7 0 2 7 17 9 2 0 2 4 6 2 7 0 20.3487167954444885
0 2 7 5 30 3 1 2 7 12 16 2 1 2 7 0 2 7 1 2 4 0 2 3 1 2 4 5 31 3 12 16 2 0 2 7 0 2 7 12 16 2 0 2 7 17 18 2 16 30 2 13 6 3 0 2 7 0 2 7 0 20.4516057968139648
0 2 7 12 16 2 0 2 3 0 2 4 0 2 3 1 2 11 12 16 2 0 2 7 13 6 3 0 2 7 0 2 7 6 2 7 1 2 11 0 2 7 5 30 3 12 16 2 6 2 7 16 6 2 17 9 2 5 31 3 0 20.7587686777114868
0 2 4 1 2 7 1 2 7 0 2 3 13 6 3 1 2 7 5 31 3 0 2 7 12 16 2 17 9 2 0 2 7 1 2 7 12 16 2 5 30 3 12 16 2 16 30 2 0 2 7 0 2 4 0 2 7 0 2 7 0 20.4516057968139648
5 30 3 0 2 7 12 16 2 0 2 7 0 2 7 0 2 7 0 2 7 17 9 2 1 2 7 0 2 11 1 2 11 0 2 7 12 16 2 0 2 11 13 6 3 8 18 2 5 30 3 1 2 11 17 9 2 1 2 7 0 20.8343497514724731
0 2 7 12 16 2 0 2 7 0 2 7 0 2 7 1 2 11 12 16 2 17 9 2 13 6 3 0 2 7 1 2 4 1 2 7 5 30 3 12 16 2 0 2 7 0 2 3 5 30 3 16 6 2 8 9 2 0 2 7 0 20.6301085948944092

Current Evaluation = 2700(2700)
Front Size = 10
0 2 7 12 16 2 0 2 7 13 6 3 1 2 7 0 2 7 0 2 7 5 30 3 17 9 2 5 31 3 1 2 7 1 2 7 1 2 7 0 2 7 1 2 7 0 2 7 0 2 7 17 18 2 0 2 7 0 2 7 0 20.2646257877349854
0 2 4 12 16 2 0 2 7 0 2 7 12 16 2 17 9 2 13 6 3 0 2 7 0 2 4 5 30 3 1 2 7 5 30 3 0 2 7 0 2 7 0 2 7 12 16 2 1 2 7 1 2 7 1 2 3 16 31 2 0 20.4516056776046753
0 2 3 12 16 2 0 2 7 0 2 7 0 2 7 12 16 2 13 6 3 0 2 7 1 2 7 1 2 4 5 30 3 12 16 2 0 2 7 1 2 7 0 2 7 0 2 7 16 30 2 1 2 4 5 31 3 17 18 2 0 20.4516057968139648
1 2 11 12 16 2 1 2 7 12 16 2 0 2 7 13 6 3 0 2 7 0 2 7 0 2 3 8 18 2 5 30 3 17 9 2 5 30 3 0 2 7 1 2 4 0 2 7 0 2 7 12 16 2 0 2 7 16 6 2 0 20.6301085948944092
0 2 7 12 16 2 0 2 3 0 2 4 0 2 3 1 2 11 12 16 2 0 2 7 13 6 3 0 2 7 0 2 7 6 2 7 1 2 11 0 2 7 5 30 3 12 16 2 6 2 7 16 6 2 17 9 2 5 31 3 0 20.7587686777114868
0 2 7 12 16 2 0 2 4 0 2 7 13 6 3 0 2 7 0 2 7 0 2 4 0 2 7 5 30 3 17 9 2 1 2 7 1 2 7 1 2 7 0 2 7 12 16 2 6 2 7 5 31 3 17 9 2 1 2 7 0 20.3487167954444885
0 2 7 12 16 2 0 2 7 0 2 7 0 2 7 0 2 7 0 2 7 5 30 3 8 9 2 5 31 3 0 2 4 1 2 10 17 9 2 1 2 7 1 2 7 0 2 7 1 2 7 12 16 2 0 2 7 16 6 2 0 20.7286287546157837
1 2 7 12 16 2 0 2 7 0 2 7 12 16 2 13 6 3 5 30 3 1 2 7 5 31 3 0 2 4 1 2 7 0 2 7 17 18 2 1 2 7 0 2 7 0 2 7 0 2 7 0 2 7 6 2 4 17 9 2 0 20.3487167954444885
1 2 7 12 16 2 0 2 7 0 2 7 12 16 2 13 6 3 0 2 3 5 30 3 1 2 7 5 31 3 0 2 4 0 2 4 12 16 2 1 2 7 0 2 7 16 30 2 17 18 2 1 2 7 0 2 7 0 2 7 0 20.4516057968139648
0 2 7 12 16 2 0 2 7 0 2 7 12 16 2 13 6 3 0 2 7 5 31 3 1 2 7 5 30 3 0 2 7 0 2 7 12 16 2 1 2 7 0 2 7 16 24 2 17 18 2 1 2 7 6 2 3 0 2 7 0 20.5451107025146484

Current Evaluation = 2880(2880)
Front Size = 10
0 2 7 12 16 2 1 2 7 17 18 2 13 6 3 0 2 7 5 31 3 1 2 7 0 2 7 0 2 7 0 2 7 1 2 7 5 30 3 1 2 7 17 9 2 0 2 7 0 2 7 0 2 7 0 2 7 1 2 7 0 20.2646257877349854
12 16 2 1 2 11 0 2 7 13 6 3 0 2 7 0 2 7 5 30 3 17 9 2 0 2 7 0 2 7 0 2 4 0 2 7 0 2 3 12 16 2 1 2 7 8 18 2 5 30 3 1 2 7 12 16 2 16 6 2 0 20.6301085948944092
0 2 7 12 16 2 0 2 7 0 2 3 1 2 7 0 2 11 12 16 2 1 2 7 13 6 3 6 2 7 17 18 2 1 2 7 0 2 7 0 2 7 5 30 3 12 16 2 0 2 4 16 30 2 0 2 7 5 31 3 0 20.547498881816864
0 2 7 0 2 8 0 2 7 17 18 2 12 16 2 13 6 3 0 2 8 0 2 7 0 2 12 1 2 3 0 2 12 0 2 11 5 30 3 12 16 2 5 31 3 1 2 7 0 2 7 16 6 2 5 30 3 0 2 7 0 21.344931960105896
1 2 4 1 2 7 6 2 7 0 2 7 13 6 3 0 2 7 5 31 3 1 2 7 5 30 3 0 2 7 1 2 7 0 2 7 12 16 2 12 16 2 0 2 7 17 9 2 0 2 7 0 2 4 17 9 2 0 2 7 0 20.3487167954444885
12 16 2 0 2 7 5 30 3 13 6 3 1 2 7 0 2 7 0 2 7 5 31 3 17 9 2 0 2 4 0 2 7 1 2 7 1 2 7 17 18 2 1 2 7 0 2 7 12 16 2 0 2 7 0 2 4 6 2 7 0 20.3487167954444885
0 2 7 12 16 2 0 2 7 0 2 7 13 6 3 0 2 7 1 2 7 5 30 3 0 2 7 0 2 7 12 16 2 12 16 2 1 2 4 1 2 7 0 2 3 16 31 2 5 30 3 1 2 7 17 18 2 1 2 4 0.000589376460893301785 20.3810536861419678
0 2 7 12 16 2 0 2 7 0 2 7 13 6 3 0 2 3 1 2 7 5 30 3 0 2 7 0 2 7 0 2 7 12 16 2 17 9 2 5 31 3 1 2 7 12 16 2 1 2 4 16 30 2 0 2 7 1 2 4 0 20.4516057968139648
1 2 7 12 16 2 0 2 4 1 2 7 13 6 3 0 2 7 0 2 4 5 30 3 0 2 7 0 2 7 12 16 2 12 16 2 1 2 7 1 2 7 0 2 7 0 2 3 17 9 2 5 31 3 16 30 2 0 2 7 0 20.4516057968139648
1 2 7 12 16 2 0 2 7 17 18 2 12 16 2 13 6 3 0 2 7 1 2 7 0 2 7 0 2 7 1 2 7 0 2 7 5 31 3 0 2 4 5 30 3 1 2 7 17 9 2 6 2 4 0 2 7 0 2 7 0 20.3487167954444885

Current Evaluation = 3060(3060)
Front Size = 10
1 2 7 0 2 7 13 6 3 5 30 3 17 18 2 1 2 7 0 2 7 0 2 7 1 2 7 17 9 2 1 2 7 0 2 7 5 31 3 0 2 7 0 2 7 0 2 7 0 2 7 12 16 2 1 2 7 0 2 7 0 20.2646257877349854
0 2 7 0 2 7 12 16 2 13 6 3 0 2 4 5 30 3 12 16 2 17 9 2 12 16 2 1 2 7 0 2 3 0 2 7 0 2 7 8 9 2 0 2 7 5 30 3 0 2 7 1 2 11 16 6 2 1 2 7 0 20.6301085948944092
0 2 7 12 16 2 1 2 7 17 18 2 1 2 7 13 6 3 1 2 7 0 2 7 0 2 7 5 30 3 0 2 7 0 2 7 5 31 3 0 2 7 0 2 4 6 2 7 0 2 4 17 18 2 1 2 7 12 16 2 0 20.3487167954444885
0 2 7 12 16 2 0 2 7 0 2 7 13 6 3 1 2 7 5 30 3 0 2 7 0 2 7 0 2 7 12 16 2 17 9 2 5 31 3 1 2 7 1 2 4 0 2 7 1 2 4 0 2 3 12 16 2 16 30 2 0 20.4516057968139648
1 2 7 0 2 4 12 16 2 13 6 3 5 30 3 12 16 2 1 2 7 12 16 2 0 2 7 0 2 7 0 2 7 0 2 3 0 2 7 0 2 4 1 2 7 0 2 7 17 9 2 5 30 3 1 2 7 16 31 2 0 20.4516056776046753
0 2 7 12 16 2 13 6 3 5 30 3 0 2 7 0 2 7 1 2 7 1 2 7 0 2 7 0 2 7 12 16 2 1 2 7 5 31 3 0 2 4 0 2 7 0 2 7 17 18 2 6 2 4 1 2 7 17 9 2 0 20.3487167954444885
0 2 7 12 16 2 0 2 7 0 2 7 13 6 3 1 2 7 5 30 3 0 2 7 0 2 7 0 2 7 12 16 2 17 9 2 5 31 3 1 2 7 1 2 4 0 2 7 1 2 4 6 2 7 0 2 7 17 18 2 0 20.3487167954444885
0 2 7 12 16 2 1 2 7 17 18 2 6 2 7 1 2 7 13 6 3 1 2 4 17 18 2 1 2 7 0 2 7 0 2 7 5 30 3 0 2 7 0 2 7 5 31 3 0 2 4 0 2 7 12 16 2 0 2 7 0 20.3487167954444885
0 2 7 12 16 2 13 6 3 5 30 3 0 2 7 0 2 7 1 2 7 1 2 7 0 2 7 0 2 7 12 16 2 5 31 3 0 2 7 17 9 2 0 2 7 6 2 4 0 2 7 1 2 7 1 2 4 17 18 2 0 20.3487167954444885
0 2 4 12 16 2 13 6 3 5 31 3 0 2 7 0 2 7 0 2 7 17 9 2 1 2 7 5 30 3 0 2 7 0 2 7 0 2 7 12 16 2 12 16 2 1 2 3 1 2 4 1 2 7 16 30 2 0 2 7 0 20.4516057968139648

Current Evaluation = 3240(3240)
Front Size = 10
0 2 7 12 16 2 5 31 3 0 2 7 0 2 7 0 2 7 1 2 7 1 2 7 5 30 3 1 2 7 0 2 7 0 2 7 13 6 3 0 2 7 17 18 2 17 18 2 0 2 7 0 2 7 1 2 7 1 2 7 0 20.2646257877349854
0 2 7 1 2 7 13 6 3 5 30 3 0 2 7 0 2 7 0 2 7 1 2 7 0 2 7 0 2 7 12 16 2 1 2 7 5 31 3 1 2 7 0 2 7 0 2 7 17 9 2 0 2 7 1 2 7 17 18 2 0 20.2646257877349854
12 16 2 13 6 3 5 30 3 12 16 2 0 2 7 1 2 7 0 2 7 0 2 7 17 9 2 0 2 7 1 2 7 0 2 7 1 2 7 0 2 7 16 31 2 0 2 4 0 2 4 12 16 2 1 2 3 5 30 3 0 20.4516056776046753
0 2 7 1 2 7 13 6 3 5 30 3 0 2 7 0 2 7 0 2 7 1 2 7 0 2 7 0 2 7 12 16 2 1 2 7 5 31 3 1 2 7 0 2 7 0 2 7 17 9 2 0 2 7 1 2 7 17 9 2 0 20.2646257877349854
6 2 7 12 16 2 5 30 3 0 2 7 0 2 7 1 2 7 0 2 7 12 16 2 5 31 3 0 2 7 0 2 4 1 2 7 13 6 3 1 2 4 0 2 7 17 18 2 0 2 7 17 18 2 1 2 7 0 2 7 0 20.3487167954444885
0 2 7 12 16 2 0 2 3 0 2 7 16 18 11 0 2 3 5 31 3 0 2 3 0 2 7 0 2 7 12 16 2 1 2 11 1 2 3 0 2 7 0 2 3 16 6 2 5 30 3 1 2 4 0 2 7 1 2 3 0 21.3884018063545227
0 2 7 12 16 2 0 2 7 1 2 11 13 6 3 17 18 2 0 2 7 1 2 4 1 2 7 5 30 3 12 16 2 0 2 7 8 9 2 0 2 7 5 30 3 12 16 2 0 2 7 0 2 7 16 6 2 0 2 3 0 20.6301085948944092
0 2 7 12 16 2 0 2 4 0 2 7 13 6 3 1 2 7 5 30 3 0 2 7 0 2 7 0 2 7 17 9 2 5 31 3 1 2 7 0 2 7 17 18 2 12 16 2 0 2 7 6 2 4 1 2 7 1 2 7 0 20.3487167954444885
12 16 2 5 30 3 0 2 7 1 2 7 0 2 7 0 2 11 5 30 3 0 2 7 12 16 2 0 2 7 0 2 7 1 2 7 0 2 7 0 2 7 1 2 7 0 2 11 17 18 2 17 18 2 8 1 2 0 2 7 0 20.9255967140197754
0 2 7 12 16 2 5 31 3 0 2 7 0 2 4 1 2 7 1 2 7 12 16 2 5 30 3 1 2 7 0 2 7 0 2 7 13 6 3 1 2 7 0 2 7 17 18 2 17 18 2 0 2 4 0 2 7 6 2 7 0 20.3487167954444885

Current Evaluation = 3420(3420)
Front Size = 10
0 2 7 5 31 3 0 2 7 0 2 7 5 30 3 0 2 7 0 2 7 0 2 7 1 2 7 0 2 7 0 2 7 1 2 7 17 18 2 1 2 7 1 2 7 0 2 7 1 2 7 13 6 3 12 16 2 17 9 2 0 20.2646257877349854
12 16 2 5 30 3 0 2 7 1 2 7 0 2 7 1 2 7 5 31 3 0 2 7 12 16 2 0 2 7 1 2 7 0 2 7 17 18 2 6 2 7 0 2 7 13 6 3 0 2 7 0 2 4 17 18 2 1 2 4 0 20.3487167954444885
0 2 7 5 30 3 13 6 3 5 30 3 0 2 7 0 2 7 0 2 7 0 2 7 0 2 3 12 16 2 0 2 7 17 18 2 12 16 2 16 6 2 1 2 11 1 2 4 1 2 7 8 9 2 0 2 7 12 16 2 0 20.6301085948944092
0 2 7 1 2 7 5 30 3 0 2 7 0 2 4 0 2 7 1 2 4 0 2 7 0 2 3 1 2 7 5 31 3 0 2 7 0 2 10 17 18 2 17 9 2 1 2 7 0 2 10 1 2 7 0 2 7 1 2 7 0 20.5764669179916382
0 2 7 1 2 7 5 30 3 0 2 7 0 2 7 0 2 7 1 2 7 0 2 7 0 2 4 1 2 7 5 31 3 6 2 7 17 18 2 17 9 2 13 6 3 12 16 2 0 2 7 12 16 2 1 2 7 0 2 4 0 20.3487167954444885
12 16 2 5 30 3 0 2 7 1 2 4 0 2 7 0 2 7 5 30 3 0 2 7 12 16 2 0 2 7 1 2 7 1 2 3 0 2 7 0 2 7 1 2 7 0 2 7 17 18 2 17 18 2 8 1 2 0 2 7 0 20.735844612121582
0 2 7 12 16 2 0 2 3 0 2 7 16 18 11 0 2 3 5 31 3 0 2 3 0 2 7 0 2 7 12 16 2 1 2 11 1 2 3 0 2 7 0 2 3 16 6 2 5 30 3 1 2 4 0 2 7 1 2 3 0 21.3884018063545227
12 16 2 5 30 3 0 2 7 1 2 7 0 2 4 1 2 7 5 31 3 0 2 7 12 16 2 0 2 7 1 2 7 0 2 7 0 2 4 17 18 2 6 2 7 0 2 7 13 6 3 17 18 2 12 16 2 0 2 7 0 20.5670667290687561
1 2 3 1 2 7 0 2 4 0 2 3 5 30 3 0 2 7 5 31 3 0 2 7 0 2 4 0 2 7 0 2 7 1 2 3 0 2 7 12 16 2 17 9 2 1 2 7 0 2 7 0 2 7 1 2 7 16 18 11 0 20.9542428851127625
0 2 7 1 2 7 5 30 3 0 2 7 0 2 4 0 2 7 1 2 4 0 2 7 1 2 7 5 31 3 0 2 7 17 18 2 17 9 2 1 2 7 0 2 7 0 2 3 0 2 7 0 2 3 1 2 7 1 2 7 0 20.5684669017791748

Current Evaluation = 3600(3600)
Front Size = 10
0 2 7 1 2 7 5 31 3 0 2 7 0 2 7 0 2 7 5 30 3 0 2 7 17 18 2 0 2 7 1 2 7 1 2 7 0 2 7 12 16 2 13 6 3 1 2 7 0 2 7 1 2 7 0 2 7 17 9 2 0 20.2646257877349854
0 2 7 1 2 7 5 31 3 0 2 7 0 2 7 1 2 7 5 30 3 0 2 7 17 18 2 0 2 7 1 2 7 1 2 7 0 2 7 0 2 7 13 6 3 12 16 2 0 2 7 1 2 7 0 2 7 17 18 2 0 20.2646257877349854
0 2 7 5 31 3 0 2 7 0 2 7 1 2 7 1 2 7 5 30 3 0 2 7 17 18 2 0 2 7 0 2 7 1 2 4 0 2 4 1 2 7 17 9 2 1 2 7 0 2 10 0 2 3 1 2 7 0 2 10 0 20.5764669179916382
0 2 7 5 30 3 13 6 3 5 30 3 0 2 7 0 2 7 0 2 7 0 2 7 0 2 3 12 16 2 0 2 7 17 18 2 12 16 2 16 6 2 1 2 11 1 2 4 1 2 7 8 9 2 0 2 7 12 16 2 0 20.6301085948944092
0 2 7 1 2 4 5 31 3 0 2 7 0 2 7 1 2 7 5 30 3 0 2 7 17 18 2 0 2 7 1 2 7 1 2 7 0 2 7 12 16 2 13 6 3 12 16 2 0 2 4 17 18 2 6 2 7 0 2 7 0 20.3487167954444885
1 2 7 0 2 7 5 31 3 0 2 4 0 2 7 0 2 7 5 31 3 0 2 7 17 18 2 0 2 7 1 2 7 1 2 4 6 2 7 12 16 2 1 2 7 16 6 2 0 2 7 0 2 7 0 2 7 0 2 7 0 20.4595978856086731
5 30 3 5 31 3 0 2 7 0 2 7 1 2 7 17 18 2 0 2 7 0 2 7 1 2 7 0 2 7 1 2 7 1 2 7 0 2 7 0 2 7 0 2 7 17 9 2 0 2 4 0 2 4 1 2 3 1 2 3 0 20.5684669017791748
5 30 3 13 6 3 5 31 3 0 2 7 0 2 7 1 2 7 17 18 2 0 2 7 0 2 7 1 2 7 0 2 7 1 2 7 1 2 7 0 2 7 0 2 7 12 16 2 17 18 2 12 16 2 0 2 4 6 2 4 0 20.3487167954444885
0 2 4 5 31 3 12 16 2 0 2 7 1 2 7 0 2 7 0 2 7 17 18 2 0 2 7 0 2 7 12 16 2 1 2 7 6 2 7 1 2 7 5 30 3 1 2 7 0 2 4 17 18 2 13 6 3 0 2 7 0 20.3487167954444885
1 2 7 13 6 3 0 2 7 0 2 7 1 2 7 1 2 4 12 16 2 0 2 4 0 2 7 0 2 7 0 2 7 17 18 2 6 2 7 5 30 3 5 31 3 17 9 2 12 16 2 0 2 7 0 2 7 1 2 7 0 20.3487167954444885

MonoObjective Genetic Algorithm
Number of Evaluations = 0
Mutation Probability = 0
Crossover Probability = 1
Population Size = 10
Survival Selection Type = 16

Time =  3609.47141218185425

Current Evaluation = 3380
Front Size = 10
0 2 7 1 2 7 5 31 3 0 2 7 0 2 7 0 2 7 5 30 3 0 2 7 17 18 2 0 2 7 1 2 7 1 2 7 0 2 7 12 16 2 13 6 3 1 2 7 0 2 7 1 2 7 0 2 7 17 9 2 0 20.2646257877349854
0 2 7 1 2 7 5 31 3 0 2 7 0 2 7 1 2 7 5 30 3 0 2 7 17 18 2 0 2 7 1 2 7 1 2 7 0 2 7 0 2 7 13 6 3 12 16 2 0 2 7 1 2 7 0 2 7 17 18 2 0 20.2646257877349854
0 2 7 5 31 3 0 2 7 0 2 7 1 2 7 1 2 7 5 30 3 0 2 7 17 18 2 0 2 7 0 2 7 1 2 4 0 2 4 1 2 7 17 9 2 1 2 7 0 2 10 0 2 3 1 2 7 0 2 10 0 20.5764669179916382
0 2 7 5 30 3 13 6 3 5 30 3 0 2 7 0 2 7 0 2 7 0 2 7 0 2 3 12 16 2 0 2 7 17 18 2 12 16 2 16 6 2 1 2 11 1 2 4 1 2 7 8 9 2 0 2 7 12 16 2 0 20.6301085948944092
0 2 7 1 2 4 5 31 3 0 2 7 0 2 7 1 2 7 5 30 3 0 2 7 17 18 2 0 2 7 1 2 7 1 2 7 0 2 7 12 16 2 13 6 3 12 16 2 0 2 4 17 18 2 6 2 7 0 2 7 0 20.3487167954444885
1 2 7 0 2 7 5 31 3 0 2 4 0 2 7 0 2 7 5 31 3 0 2 7 17 18 2 0 2 7 1 2 7 1 2 4 6 2 7 12 16 2 1 2 7 16 6 2 0 2 7 0 2 7 0 2 7 0 2 7 0 20.4595978856086731
5 30 3 5 31 3 0 2 7 0 2 7 1 2 7 17 18 2 0 2 7 0 2 7 1 2 7 0 2 7 1 2 7 1 2 7 0 2 7 0 2 7 0 2 7 17 9 2 0 2 4 0 2 4 1 2 3 1 2 3 0 20.5684669017791748
5 30 3 13 6 3 5 31 3 0 2 7 0 2 7 1 2 7 17 18 2 0 2 7 0 2 7 1 2 7 0 2 7 1 2 7 1 2 7 0 2 7 0 2 7 12 16 2 17 18 2 12 16 2 0 2 4 6 2 4 0 20.3487167954444885
0 2 4 5 31 3 12 16 2 0 2 7 1 2 7 0 2 7 0 2 7 17 18 2 0 2 7 0 2 7 12 16 2 1 2 7 6 2 7 1 2 7 5 30 3 1 2 7 0 2 4 17 18 2 13 6 3 0 2 7 0 20.3487167954444885
1 2 7 13 6 3 0 2 7 0 2 7 1 2 7 1 2 4 12 16 2 0 2 4 0 2 7 0 2 7 0 2 7 17 18 2 6 2 7 5 30 3 5 31 3 17 9 2 12 16 2 0 2 7 0 2 7 1 2 7 0 20.3487167954444885

