Current Evaluation = 180(180)
Front Size = 10
13 6 3 0 2 7 12 16 2 5 30 3 1 2 7 17 9 2 0 2 7 1 2 7 0 2 7 17 18 2 1 2 7 0 2 7 1 2 7 1 2 7 0 2 7 0 2 7 0 2 7 5 31 3 0 2 7 0 2 7 0 20.2646257877349854
12 16 2 1 2 3 0 2 7 1 2 7 0 2 3 0 2 7 0 2 7 16 31 2 0 2 7 1 2 3 0 2 3 1 2 3 1 2 3 0 2 7 0 2 7 0 2 3 16 6 2 0 2 3 5 30 3 5 30 3 0 20.9838578701019287
0 2 4 17 18 2 12 16 2 0 2 11 1 2 7 0 2 4 0 2 7 1 2 11 0 2 7 5 30 3 17 9 2 13 6 3 1 2 11 0 2 7 0 2 7 0 2 11 1 2 4 12 16 2 0 2 3 5 30 3 0 20.8210967779159546
0 2 7 12 16 2 0 2 7 5 31 3 1 2 7 0 2 3 0 2 3 1 2 7 16 6 2 0 2 3 1 2 7 1 2 3 0 2 3 1 2 7 5 30 3 16 30 2 0 2 3 0 2 3 0 2 7 0 2 3 0 20.9838579893112183
0 2 3 1 2 7 12 16 2 5 31 3 1 2 12 0 2 11 17 9 2 0 2 3 0 2 7 5 30 3 1 2 3 0 2 3 0 2 3 1 2 7 6 2 7 0 2 11 0 2 8 16 6 2 8 18 2 0 2 8 0 21.5731722712516785
0 2 11 0 2 11 5 30 3 12 16 2 1 2 7 17 9 2 0 2 7 5 30 3 5 30 3 16 6 2 0 2 3 0 2 11 8 18 2 0 2 11 0 2 3 1 2 7 6 2 11 0 2 11 0 2 11 0 2 11 0 21.6808402538299561
0 2 8 0 2 7 0 2 3 5 30 3 0 2 3 5 30 3 8 9 2 0 2 3 16 6 2 17 9 2 8 9 2 0 2 8 1 2 8 12 16 2 1 2 1 1 2 8 0 2 8 1 2 8 0 2 7 0 2 8 9.27863346433525038e-06 22.0742050409317017
0 2 7 0 2 1 0 2 11 6 2 7 17 18 2 12 16 2 0 2 7 5 30 3 5 30 3 0 2 11 1 2 11 8 9 2 17 9 2 0 2 11 0 2 11 0 2 7 5 30 3 6 2 11 0 2 1 6 2 11 0 21.8570651412010193
0 2 7 16 19 11 5 30 3 0 2 7 8 9 2 0 2 8 5 30 3 0 2 7 1 2 8 5 30 3 0 2 3 1 2 8 0 2 3 0 2 7 0 2 8 6 2 7 0 2 7 16 19 11 0 2 7 0 2 8 0.000555852482441046114 22.0351508259773254
0 2 7 0 2 7 12 16 2 1 2 7 0 2 7 17 18 2 1 2 7 0 2 4 1 2 7 0 2 7 0 2 7 5 30 3 6 2 3 5 30 3 0 2 3 0 2 10 8 18 2 0 2 3 0 2 3 6 2 7 0.00325535306555902728 21.0689298510551453

Current Evaluation = 360(360)
Front Size = 10
0 2 7 12 16 2 5 31 3 1 2 7 0 2 7 0 2 7 0 2 7 0 2 7 0 2 7 13 6 3 1 2 7 17 18 2 17 9 2 5 30 3 1 2 7 0 2 7 1 2 7 0 2 7 1 2 7 0 2 7 0 20.2646257877349854
0 2 7 0 2 7 12 16 2 5 30 3 1 2 11 12 16 2 0 2 7 13 6 3 5 30 3 1 2 7 0 2 4 1 2 7 0 2 7 16 6 2 0 2 7 0 2 7 0 2 3 8 18 2 17 18 2 12 16 2 0 20.6301085948944092
1 2 7 5 30 3 0 2 7 1 2 7 0 2 7 0 2 7 0 2 10 0 2 11 5 30 3 0 2 3 12 16 2 0 2 7 0 2 7 1 2 4 17 9 2 1 2 4 16 31 2 0 2 3 1 2 3 0 2 7 0 20.8012489080429077
0 2 7 0 2 1 0 2 11 6 2 7 17 18 2 12 16 2 0 2 7 5 30 3 5 30 3 0 2 11 1 2 11 8 9 2 17 9 2 0 2 11 0 2 11 0 2 7 5 30 3 6 2 11 0 2 1 6 2 11 0 21.8570651412010193
0 2 8 0 2 7 0 2 3 5 30 3 0 2 3 5 30 3 8 9 2 0 2 3 16 6 2 17 9 2 8 9 2 0 2 8 1 2 8 12 16 2 1 2 1 1 2 8 0 2 8 1 2 8 0 2 7 0 2 8 9.27863346433525038e-06 22.0742050409317017
0 2 11 12 16 2 5 31 3 17 18 2 0 2 4 5 31 3 1 2 7 0 2 7 6 2 4 0 2 7 1 2 7 0 2 7 0 2 7 0 2 7 6 2 7 17 18 2 0 2 7 1 2 11 0 2 7 1 2 11 0 20.8679299354553223
5 30 3 1 2 7 0 2 7 0 2 3 16 6 2 0 2 3 1 2 7 0 2 3 1 2 7 0 2 3 0 2 3 1 2 3 5 30 3 0 2 3 0 2 7 0 2 7 12 16 2 16 31 2 1 2 7 0 2 3 0 20.9838578701019287
0 2 3 1 2 7 12 16 2 5 31 3 1 2 12 0 2 11 17 9 2 0 2 3 0 2 7 5 30 3 1 2 3 0 2 3 0 2 3 1 2 7 6 2 7 0 2 11 0 2 8 16 6 2 8 18 2 0 2 8 0 21.5731722712516785
0 2 11 5 31 3 0 2 3 12 16 2 0 2 4 0 2 11 5 30 3 0 2 7 0 2 3 1 2 3 16 9 8 0 2 7 0 2 4 1 2 3 12 16 2 0 2 11 12 16 2 1 2 7 16 9 8 0 2 7 0 21.9663689136505127
12 16 2 12 16 2 5 30 3 6 2 7 0 2 13 16 6 2 0 2 7 0 2 7 0 2 7 0 2 7 6 2 7 0 2 7 16 19 11 5 31 3 0 2 11 0 2 7 0 2 7 0 2 8 5 31 3 0 2 7 0 21.5548468828201294

Current Evaluation = 540(540)
Front Size = 10
1 2 7 12 16 2 1 2 7 0 2 7 0 2 7 0 2 7 0 2 7 1 2 7 17 18 2 17 9 2 5 30 3 13 6 3 0 2 7 5 31 3 0 2 7 0 2 7 0 2 7 0 2 7 1 2 7 1 2 7 0 20.2646257877349854
0 2 11 12 16 2 1 2 11 6 2 7 0 2 7 0 2 7 0 2 4 0 2 4 16 6 2 5 30 3 5 31 3 1 2 11 0 2 7 0 2 7 0 2 7 1 2 7 8 9 2 12 16 2 17 18 2 0 2 11 0 21.0293218493461609
0 2 11 0 2 3 1 2 3 1 2 4 0 2 12 0 2 3 8 9 2 0 2 3 1 2 3 0 2 7 12 16 2 0 2 3 17 18 2 0 2 7 16 6 2 0 2 3 5 30 3 1 2 7 5 30 3 1 2 4 0 21.2486000061035156
12 16 2 8 9 2 0 2 11 0 2 7 0 2 7 1 2 7 5 30 3 0 2 7 1 2 4 1 2 7 0 2 3 1 2 7 0 2 11 5 30 3 0 2 11 17 9 2 0 2 10 0 2 4 1 2 7 17 18 2 0 20.9925910234451294
12 16 2 1 2 7 0 2 4 0 2 6 1 2 11 0 2 7 0 2 7 0 2 7 0 2 7 1 2 10 0 2 11 0 2 4 1 2 7 5 30 3 17 9 2 17 9 2 12 16 2 5 30 3 13 6 3 0 2 7 0 20.7158967256546021
0 2 3 1 2 7 12 16 2 5 31 3 1 2 12 0 2 11 17 9 2 0 2 3 0 2 7 5 30 3 1 2 3 0 2 3 0 2 3 1 2 7 6 2 7 0 2 11 0 2 8 16 6 2 8 18 2 0 2 8 0 21.5731722712516785
0 2 7 0 2 7 6 2 7 1 2 4 5 30 3 17 9 2 0 2 7 0 2 7 1 2 7 1 2 1 0 2 7 0 2 7 1 2 11 1 2 3 0 2 4 0 2 7 5 31 3 0 2 4 17 9 2 0 2 7 0 20.7193599343299866
0 2 7 12 16 2 0 2 7 0 2 7 6 2 7 0 2 7 0 2 7 5 31 3 0 2 7 0 2 7 6 2 7 1 2 4 12 16 2 0 2 7 17 18 2 16 15 2 0 2 7 5 30 3 1 2 11 8 18 2 0 20.8695547580718994
0 2 11 12 16 2 0 2 7 0 2 7 12 16 2 1 2 7 0 2 7 0 2 7 16 6 2 5 31 3 5 31 3 6 2 7 0 2 7 0 2 7 0 2 7 1 2 7 16 6 2 12 16 2 8 18 2 0 2 7 0 20.8853598237037659
0 2 4 0 2 7 1 2 7 5 30 3 17 9 2 0 2 10 0 2 4 0 2 7 1 2 7 0 2 11 1 2 11 0 2 7 0 2 7 1 2 7 1 2 7 0 2 7 5 31 3 0 2 4 1 2 7 17 18 2 0 20.6016669273376465

Current Evaluation = 720(720)
Front Size = 10
0 2 7 1 2 7 0 2 7 17 18 2 1 2 7 1 2 7 13 6 3 0 2 7 1 2 7 0 2 7 0 2 7 17 18 2 5 31 3 0 2 7 0 2 7 0 2 7 12 16 2 5 30 3 0 2 7 1 2 7 0 20.2646257877349854
0 2 3 1 2 7 12 16 2 5 31 3 1 2 12 0 2 11 17 9 2 0 2 3 0 2 7 5 30 3 1 2 3 0 2 3 0 2 3 1 2 7 6 2 7 0 2 11 0 2 8 16 6 2 8 18 2 0 2 8 0 21.5731722712516785
1 2 7 12 16 2 0 2 7 0 2 4 0 2 4 1 2 7 0 2 7 5 30 3 13 6 3 1 2 7 12 16 2 1 2 3 0 2 7 16 31 2 0 2 7 17 18 2 0 2 7 12 16 2 5 30 3 0 2 7 0 20.4516056776046753
0 2 7 0 2 7 6 2 7 1 2 4 5 30 3 0 2 7 0 2 7 0 2 7 0 2 7 1 2 11 1 2 3 0 2 7 5 31 3 0 2 7 17 9 2 13 6 3 12 16 2 12 16 2 16 30 2 12 16 2 0 20.5474987626075745
0 2 7 5 30 3 0 2 7 17 9 2 0 2 7 1 2 7 5 31 3 0 2 7 1 2 4 1 2 7 0 2 7 0 2 4 1 2 10 0 2 7 1 2 7 0 2 10 1 2 7 17 9 2 0 2 7 0 2 3 0 20.5764669179916382
1 2 3 0 2 3 0 2 3 0 2 7 0 2 3 0 2 3 0 2 7 5 30 3 1 2 7 5 30 3 1 2 7 0 2 3 0 2 7 12 16 2 16 6 2 0 2 7 1 2 7 16 31 2 0 2 3 1 2 3 0 20.9838578701019287
0 2 11 12 16 2 0 2 7 0 2 7 12 16 2 1 2 7 0 2 7 0 2 7 16 6 2 5 31 3 5 31 3 6 2 7 0 2 7 0 2 7 0 2 7 1 2 7 16 6 2 12 16 2 8 18 2 0 2 7 0 20.8853598237037659
0 2 7 1 2 7 0 2 11 17 18 2 0 2 7 0 2 7 0 2 11 1 2 7 12 16 2 5 30 3 1 2 11 0 2 4 0 2 7 17 9 2 5 31 3 0 2 7 8 9 2 1 2 7 0 2 4 1 2 7 0 20.9388699531555176
15 2 11 12 16 2 1 2 11 0 2 7 1 2 11 5 30 3 0 2 7 0 2 4 6 2 11 17 18 2 0 2 7 0 2 7 5 30 3 17 9 2 0 2 11 13 6 3 1 2 7 0 2 7 0 2 7 12 16 2 0 20.8176347017288208
1 2 3 0 2 7 0 2 11 5 30 3 0 2 7 1 2 7 17 18 2 1 2 3 16 31 2 1 2 3 0 2 7 0 2 7 1 2 7 0 2 7 5 30 3 0 2 7 0 2 7 0 2 3 0 2 7 1 2 7 0 20.6688989400863647

Current Evaluation = 900(900)
Front Size = 10
0 2 7 1 2 7 0 2 7 0 2 7 17 18 2 0 2 7 1 2 7 0 2 7 0 2 7 0 2 7 1 2 7 12 16 2 13 6 3 0 2 7 5 31 3 0 2 7 1 2 7 5 30 3 17 9 2 1 2 7 0 20.2646257877349854
1 2 3 0 2 3 0 2 3 0 2 7 0 2 3 0 2 3 0 2 7 5 30 3 1 2 7 5 30 3 1 2 7 0 2 3 0 2 7 12 16 2 16 6 2 0 2 7 1 2 7 16 31 2 0 2 3 1 2 3 0 20.9838578701019287
0 2 7 5 30 3 0 2 7 1 2 7 17 18 2 16 31 2 1 2 7 0 2 7 1 2 7 0 2 7 5 30 3 0 2 7 0 2 4 1 2 4 0 2 7 12 16 2 12 16 2 13 6 3 12 16 2 0 2 3 0 20.4516056776046753
0 2 7 5 30 3 0 2 7 0 2 7 0 2 7 1 2 7 1 2 7 0 2 3 1 2 4 0 2 7 12 16 2 0 2 7 8 18 2 16 6 2 1 2 7 0 2 3 5 31 3 1 2 7 0 2 12 17 9 2 0 20.769278883934021
0 2 3 0 2 7 12 16 2 5 31 3 0 2 7 17 9 2 0 2 7 0 2 7 5 30 3 1 2 4 1 2 3 1 2 11 16 30 2 0 2 7 0 2 3 0 2 7 0 2 7 1 2 7 1 2 10 0 2 4 0 20.8012489080429077
0 2 3 1 2 7 12 16 2 5 31 3 1 2 12 0 2 11 17 9 2 0 2 3 0 2 7 5 30 3 1 2 3 0 2 3 0 2 3 1 2 7 6 2 7 0 2 11 0 2 8 16 6 2 8 18 2 0 2 8 0 21.5731722712516785
0 2 7 0 2 7 0 2 3 0 2 7 5 30 3 1 2 8 1 2 7 1 2 3 0 2 8 5 31 3 0 2 7 16 6 2 0 2 3 0 2 7 0 2 7 9 2 7 0 2 3 16 6 2 5 30 3 0 2 7 0.000104248040320731002 21.2862968444824219
0 2 7 5 30 3 0 2 7 1 2 7 17 18 2 16 31 2 0 2 7 0 2 7 1 2 7 0 2 7 5 30 3 0 2 7 0 2 3 1 2 3 0 2 11 1 2 3 1 2 3 0 2 7 0 2 7 6 2 7 0.000534521504832437505 20.6451919674873352
0 2 7 0 2 7 6 2 7 0 2 7 0 2 7 0 2 7 0 2 7 0 2 7 5 31 3 0 2 7 12 16 2 12 16 2 12 16 2 1 2 7 5 30 3 5 31 3 1 2 3 0 2 11 16 6 2 16 30 2 0.004100736877003173 21.0873728394508362
1 2 7 12 16 2 5 31 3 0 2 7 1 2 7 6 2 7 16 6 2 0 2 3 1 2 4 0 2 7 0 2 7 0 2 7 17 18 2 0 2 7 0 2 7 1 2 4 0 2 7 0 2 7 8 18 2 0 2 8 0.0162730165456470219 20.4761289954185486

Current Evaluation = 1080(1080)
Front Size = 10
0 2 7 0 2 7 1 2 7 0 2 7 1 2 7 1 2 7 0 2 7 12 16 2 0 2 7 0 2 7 13 6 3 17 18 2 5 30 3 5 31 3 1 2 7 1 2 7 0 2 7 0 2 7 0 2 7 17 9 2 0 20.2646257877349854
9 2 7 1 2 3 0 2 3 5 30 3 0 2 7 0 2 7 16 15 2 0 2 3 1 2 3 0 2 3 1 2 4 0 2 3 0 2 7 1 2 3 0 2 3 5 30 3 17 18 2 0 2 7 0 2 7 0 2 7 0 21.3429539203643799
16 6 2 0 2 7 0 2 7 0 2 7 1 2 7 0 2 7 0 2 7 1 2 7 5 30 3 12 16 2 0 2 3 12 16 2 5 31 3 1 2 11 8 9 2 12 16 2 0 2 7 0 2 3 16 18 11 0 2 4 0 21.2600046992301941
0 2 7 5 30 3 0 2 7 1 2 7 17 18 2 1 2 7 5 30 3 12 16 2 0 2 7 0 2 7 16 31 2 0 2 4 0 2 7 0 2 7 1 2 7 12 16 2 0 2 3 13 6 3 1 2 4 12 16 2 0 20.4516056776046753
1 2 10 5 30 3 0 2 3 12 16 2 0 2 11 0 2 3 0 2 7 1 2 3 1 2 7 0 2 7 16 18 11 1 2 3 0 2 3 0 2 4 5 30 3 0 2 3 0 2 3 1 2 4 17 9 2 0 2 3 0 21.5075640082359314
0 2 7 0 2 7 0 2 3 0 2 7 0 2 7 5 31 3 1 2 7 1 2 7 0 2 7 0 2 7 12 16 2 16 6 2 1 2 3 0 2 7 5 31 3 12 16 2 0 2 7 0 2 7 16 30 2 1 2 7 0 20.7024868726730347
0 2 7 5 30 3 1 2 7 0 2 7 0 2 7 0 2 7 0 2 7 1 2 7 0 2 7 1 2 4 12 16 2 17 9 2 0 2 12 8 18 2 1 2 7 0 2 3 5 31 3 16 6 2 0 2 3 1 2 7 0 20.769278883934021
16 15 2 0 2 7 5 30 3 1 2 7 8 9 2 0 2 7 0 2 7 0 2 7 0 2 7 1 2 7 0 2 7 5 30 3 1 2 4 8 9 2 0 2 7 12 16 2 12 16 2 17 9 2 0 2 7 0 2 7 0 20.8408946990966797
1 2 3 0 2 3 0 2 3 0 2 7 0 2 3 0 2 3 0 2 7 5 30 3 1 2 7 5 30 3 1 2 7 0 2 3 0 2 7 12 16 2 16 6 2 0 2 7 1 2 7 16 31 2 0 2 3 1 2 3 0 20.9838578701019287
0 2 3 1 2 7 12 16 2 5 31 3 1 2 12 0 2 11 17 9 2 0 2 3 0 2 7 5 30 3 1 2 3 0 2 3 0 2 3 1 2 7 6 2 7 0 2 11 0 2 8 16 6 2 8 18 2 0 2 8 0 21.5731722712516785

Current Evaluation = 1260(1260)
Front Size = 10
5 31 3 1 2 7 0 2 7 0 2 7 17 9 2 0 2 7 0 2 7 0 2 7 1 2 7 5 30 3 17 18 2 1 2 7 1 2 7 1 2 7 12 16 2 0 2 7 0 2 7 0 2 7 13 6 3 0 2 7 0 20.2646257877349854
0 2 3 1 2 7 12 16 2 5 31 3 1 2 12 0 2 11 17 9 2 0 2 3 0 2 7 5 30 3 1 2 3 0 2 3 0 2 3 1 2 7 6 2 7 0 2 11 0 2 8 16 6 2 8 18 2 0 2 8 0 21.5731722712516785
9 2 7 1 2 3 0 2 3 5 30 3 0 2 7 0 2 7 16 15 2 0 2 3 1 2 3 0 2 3 1 2 4 0 2 3 0 2 7 1 2 3 0 2 3 5 30 3 17 18 2 0 2 7 0 2 7 0 2 7 0 21.3429539203643799
0 2 7 5 30 3 0 2 7 8 9 2 0 2 7 0 2 7 0 2 7 0 2 3 12 16 2 0 2 4 1 2 7 17 9 2 5 30 3 13 6 3 1 2 3 1 2 3 12 16 2 12 16 2 16 15 2 16 6 2 0.0775178394961298506 20.5669046640396118
0 2 7 0 2 4 0 2 7 0 2 10 0 2 4 0 2 7 5 31 3 0 2 4 0 2 11 1 2 7 0 2 7 1 2 7 5 30 3 1 2 7 17 9 2 1 2 7 1 2 7 1 2 11 17 18 2 0 2 7 0 20.6016669273376465
0 2 7 5 31 3 1 2 7 0 2 7 0 2 7 0 2 7 0 2 7 1 2 4 0 2 10 12 16 2 0 2 7 5 31 3 0 2 7 6 2 7 1 2 7 17 9 2 12 16 2 0 2 4 16 6 2 1 2 7 0 20.6613958477973938
0 2 7 5 30 3 1 2 7 0 2 7 0 2 7 0 2 7 0 2 7 1 2 3 17 1 2 17 18 2 0 2 7 1 2 7 5 30 3 1 2 7 8 9 2 0 2 7 12 16 2 12 16 2 0 2 7 0 2 4 0 20.7358447313308716
1 2 3 0 2 3 0 2 3 0 2 7 0 2 3 0 2 3 0 2 7 5 30 3 1 2 7 5 30 3 1 2 7 0 2 3 0 2 7 12 16 2 16 6 2 0 2 7 1 2 7 16 31 2 0 2 3 1 2 3 0 20.9838578701019287
1 2 7 5 30 3 0 2 7 0 2 3 8 18 2 0 2 7 1 2 7 0 2 7 1 2 7 0 2 7 0 2 3 12 16 2 1 2 7 0 2 12 16 6 2 0 2 7 17 9 2 5 31 3 1 2 7 0 2 4 0 20.769278883934021
1 2 3 5 31 3 0 2 4 1 2 7 0 2 7 16 9 11 0 2 7 0 2 7 12 16 2 0 2 7 0 2 7 17 9 2 5 30 3 0 2 4 1 2 7 0 2 7 1 2 3 0 2 7 0 2 3 1 2 7 0 20.9542428851127625

Current Evaluation = 1440(1440)
Front Size = 10
0 2 7 1 2 7 0 2 7 1 2 7 0 2 7 5 31 3 0 2 7 0 2 7 1 2 7 0 2 7 0 2 7 0 2 7 12 16 2 0 2 7 1 2 7 17 9 2 1 2 7 13 6 3 17 18 2 5 30 3 0 20.2646257877349854
0 2 7 1 2 7 0 2 4 0 2 7 1 2 7 0 2 7 17 9 2 5 31 3 0 2 7 0 2 7 0 2 7 0 2 4 0 2 7 1 2 7 1 2 7 12 16 2 16 6 2 6 2 7 5 31 3 0 2 7 0 20.4595978856086731
0 2 7 0 2 4 0 2 7 17 9 2 0 2 7 1 2 7 1 2 7 1 2 7 0 2 7 5 30 3 1 2 10 0 2 10 0 2 7 0 2 7 1 2 4 17 9 2 1 2 7 0 2 7 0 2 3 5 31 3 0 20.5764669179916382
5 31 3 0 2 12 0 2 7 0 2 4 17 9 2 0 2 12 5 31 3 0 2 7 1 2 7 1 2 7 0 2 7 1 2 7 0 2 7 6 2 7 1 2 7 1 2 4 17 18 2 1 2 7 0 2 7 0 2 7 0 20.6004870533943176
0 2 3 1 2 7 12 16 2 5 31 3 1 2 12 0 2 11 17 9 2 0 2 3 0 2 7 5 30 3 1 2 3 0 2 3 0 2 3 1 2 7 6 2 7 0 2 11 0 2 8 16 6 2 8 18 2 0 2 8 0 21.5731722712516785
0 2 7 0 2 7 0 2 7 0 2 3 5 30 3 8 18 2 1 2 7 0 2 4 12 16 2 1 2 7 12 16 2 0 2 7 1 2 7 17 1 2 5 30 3 1 2 7 17 18 2 0 2 7 0 2 7 0 2 7 0 20.7358447313308716
5 30 3 0 2 7 0 2 7 0 2 7 17 18 2 1 2 11 0 2 4 1 2 11 1 2 7 1 2 7 0 2 7 6 2 3 0 2 4 0 2 7 0 2 11 5 31 3 17 18 2 1 2 7 0 2 4 0 2 11 0 20.82315993309021
6 2 7 0 2 7 1 2 7 5 30 3 0 2 11 1 2 7 0 2 3 0 2 7 0 2 7 6 2 7 0 2 7 16 19 11 5 30 3 0 2 3 5 31 3 17 18 2 0 2 11 12 16 2 0 2 7 0 2 11 0 21.5014569759368896
1 2 7 12 16 2 5 31 3 17 9 2 0 2 7 0 2 7 1 2 7 16 6 2 0 2 3 1 2 7 0 2 3 0 2 7 8 18 2 0 2 7 0 2 12 1 2 4 0 2 7 1 2 7 5 30 3 0 2 7 0 20.769278883934021
0 2 7 1 2 7 0 2 7 0 2 7 1 2 3 1 2 3 0 2 3 1 2 7 5 31 3 0 2 7 5 30 3 1 2 11 0 2 3 0 2 7 0 2 7 16 6 2 0 2 7 17 18 2 9 2 7 0 2 7 0 20.9495408535003662

Current Evaluation = 1620(1620)
Front Size = 10
5 30 3 0 2 7 0 2 7 0 2 7 0 2 7 1 2 7 0 2 7 0 2 7 1 2 7 0 2 7 1 2 7 13 6 3 17 9 2 1 2 7 0 2 7 5 31 3 1 2 7 12 16 2 17 9 2 0 2 7 0 20.2646257877349854
1 2 7 1 2 11 12 16 2 1 2 3 0 2 7 1 2 7 0 2 7 0 2 7 5 31 3 0 2 4 5 30 3 0 2 3 0 2 7 1 2 4 0 2 7 16 30 2 0 2 7 17 18 2 0 2 3 0 2 10 0 20.8012489080429077
0 2 7 0 2 7 0 2 7 5 30 3 1 2 3 12 16 2 1 2 7 0 2 7 1 2 7 1 2 7 17 18 2 0 2 7 0 2 7 0 2 7 5 30 3 8 18 2 0 2 7 12 16 2 17 1 2 0 2 4 0 20.7358447313308716
6 2 7 0 2 7 1 2 7 5 30 3 0 2 11 1 2 7 0 2 3 0 2 7 0 2 7 6 2 7 0 2 7 16 19 11 5 30 3 0 2 3 5 31 3 17 18 2 0 2 11 12 16 2 0 2 7 0 2 11 0 21.5014569759368896
0 2 3 1 2 7 12 16 2 5 31 3 1 2 12 0 2 11 17 9 2 0 2 3 0 2 7 5 30 3 1 2 3 0 2 3 0 2 3 1 2 7 6 2 7 0 2 11 0 2 8 16 6 2 8 18 2 0 2 8 0 21.5731722712516785
17 18 2 1 2 7 0 2 7 5 30 3 1 2 7 0 2 7 0 2 7 1 2 10 0 2 7 0 2 7 17 18 2 5 31 3 0 2 7 0 2 7 0 2 7 0 2 10 1 2 4 1 2 4 1 2 3 0 2 7 0 20.5764669179916382
5 31 3 16 6 2 0 2 7 0 2 7 0 2 7 5 31 3 6 2 7 0 2 4 12 16 2 1 2 7 0 2 4 0 2 7 0 2 7 1 2 7 0 2 7 1 2 7 0 2 7 17 9 2 0 2 7 1 2 7 0 20.4595978856086731
17 18 2 0 2 7 0 2 4 5 31 3 1 2 7 0 2 7 0 2 7 1 2 7 0 2 7 0 2 7 0 2 7 1 2 4 17 18 2 5 31 3 0 2 7 1 2 7 0 2 7 1 2 7 1 2 7 0 2 7 0 20.4687459468841553
5 31 3 0 2 7 1 2 7 1 2 7 0 2 7 1 2 7 0 2 7 1 2 7 1 2 7 0 2 7 0 2 4 0 2 7 0 2 10 0 2 7 5 30 3 17 18 2 17 9 2 1 2 7 0 2 6 0 2 7 0 20.5624668598175049
12 16 2 0 2 11 1 2 7 1 2 11 0 2 7 0 2 7 1 2 7 0 2 7 0 2 7 0 2 7 1 2 7 5 30 3 5 31 3 16 6 2 0 2 7 8 18 2 0 2 7 1 2 7 0 2 7 17 18 2 0 20.6754788160324097

Current Evaluation = 1800(1800)
Front Size = 10
0 2 7 0 2 7 0 2 7 1 2 7 0 2 7 5 30 3 5 31 3 1 2 7 13 6 3 1 2 7 0 2 7 0 2 7 17 18 2 1 2 7 0 2 7 0 2 7 0 2 7 12 16 2 17 9 2 1 2 7 0 20.2646257877349854
0 2 3 0 2 7 0 2 7 0 2 7 12 16 2 5 30 3 5 30 3 0 2 3 1 2 7 1 2 11 0 2 7 0 2 3 13 6 3 0 2 7 0 2 7 0 2 7 0 2 3 16 15 2 17 9 2 12 16 2 0 20.9623496532440186
0 2 3 1 2 7 12 16 2 5 31 3 1 2 12 0 2 11 17 9 2 0 2 3 0 2 7 5 30 3 1 2 3 0 2 3 0 2 3 1 2 7 6 2 7 0 2 11 0 2 8 16 6 2 8 18 2 0 2 8 0 21.5731722712516785
1 2 7 1 2 7 0 2 7 5 30 3 12 16 2 6 2 7 0 2 7 0 2 7 0 2 4 17 18 2 0 2 7 1 2 4 0 2 7 0 2 7 0 2 7 17 9 2 12 16 2 1 2 7 5 31 3 13 6 3 0 20.3487167954444885
1 2 7 0 2 11 1 2 4 1 2 4 0 2 7 12 16 2 1 2 7 1 2 11 17 18 2 0 2 3 0 2 11 5 30 3 0 2 7 0 2 7 5 30 3 8 9 2 0 2 10 0 2 7 17 9 2 0 2 7 0 20.9925909042358398
0 2 7 0 2 4 0 2 7 0 2 7 1 2 7 12 16 2 0 2 3 5 30 3 5 31 3 1 2 7 13 6 3 0 2 4 1 2 7 0 2 7 12 16 2 0 2 7 17 18 2 16 30 2 1 2 7 12 16 2 0 20.4516057968139648
1 2 7 0 2 7 0 2 7 0 2 7 6 2 7 0 2 7 5 31 3 12 16 2 0 2 4 0 2 7 1 2 7 16 6 2 0 2 7 0 2 7 0 2 7 0 2 7 5 31 3 1 2 4 17 18 2 1 2 7 0 20.4595978856086731
17 18 2 1 2 7 0 2 7 5 30 3 1 2 7 0 2 7 0 2 7 1 2 10 0 2 7 0 2 7 17 18 2 5 31 3 0 2 7 0 2 7 0 2 7 0 2 10 1 2 4 1 2 4 1 2 3 0 2 7 0 20.5764669179916382
1 2 3 0 2 7 0 2 7 1 2 7 1 2 11 0 2 7 5 31 3 1 2 7 0 2 7 1 2 7 0 2 7 0 2 7 17 18 2 0 2 7 0 2 3 5 30 3 0 2 3 1 2 3 0 2 7 16 30 2 0 20.6688989400863647
17 18 2 1 2 7 0 2 3 5 30 3 1 2 7 0 2 7 0 2 7 0 2 4 0 2 7 5 31 3 0 2 7 0 2 7 0 2 7 0 2 4 1 2 10 0 2 7 1 2 7 17 18 2 1 2 10 1 2 7 0 20.5764669179916382

Current Evaluation = 1980(1980)
Front Size = 10
0 2 7 1 2 7 0 2 7 0 2 7 0 2 7 5 31 3 1 2 7 0 2 7 0 2 7 1 2 7 5 30 3 13 6 3 17 18 2 1 2 7 0 2 7 1 2 7 0 2 7 0 2 7 17 18 2 12 16 2 0 20.2646257877349854
0 2 7 0 2 7 1 2 4 0 2 7 1 2 7 12 16 2 5 31 3 0 2 7 1 2 7 0 2 7 0 2 4 0 2 7 5 30 3 0 2 3 1 2 7 13 6 3 12 16 2 17 18 2 16 30 2 12 16 2 0 20.4516057968139648
0 2 7 0 2 7 0 2 7 6 2 7 5 31 3 0 2 7 1 2 7 1 2 7 0 2 4 0 2 7 5 30 3 0 2 7 17 18 2 1 2 7 17 18 2 0 2 4 13 6 3 12 16 2 1 2 7 12 16 2 0 20.3487167954444885
1 2 7 0 2 7 0 2 7 0 2 7 6 2 7 5 31 3 0 2 7 1 2 7 0 2 7 0 2 4 12 16 2 5 31 3 1 2 4 17 9 2 1 2 7 0 2 7 0 2 7 0 2 7 16 6 2 0 2 7 0 20.4595978856086731
1 2 7 0 2 4 0 2 3 1 2 7 0 2 7 5 31 3 1 2 7 0 2 7 0 2 7 0 2 7 17 18 2 0 2 7 5 30 3 0 2 7 0 2 4 1 2 7 0 2 3 17 18 2 1 2 7 1 2 7 0 20.5684669017791748
0 2 3 1 2 7 12 16 2 5 31 3 1 2 12 0 2 11 17 9 2 0 2 3 0 2 7 5 30 3 1 2 3 0 2 3 0 2 3 1 2 7 6 2 7 0 2 11 0 2 8 16 6 2 8 18 2 0 2 8 0 21.5731722712516785
0 2 3 0 2 7 0 2 7 0 2 7 12 16 2 5 30 3 5 30 3 0 2 3 1 2 7 1 2 11 0 2 7 0 2 3 13 6 3 0 2 7 0 2 7 0 2 7 0 2 3 16 15 2 17 9 2 12 16 2 0 20.9623496532440186
17 18 2 1 2 7 0 2 7 5 30 3 1 2 7 0 2 7 0 2 7 1 2 10 0 2 7 0 2 7 17 18 2 5 31 3 0 2 7 0 2 7 0 2 7 0 2 10 1 2 4 1 2 4 1 2 3 0 2 7 0 20.5764669179916382
0 2 7 1 2 7 0 2 7 1 2 11 12 16 2 0 2 4 1 2 7 0 2 7 5 30 3 13 6 3 0 2 7 12 16 2 0 2 7 5 30 3 17 9 2 0 2 7 1 2 11 0 2 4 15 2 11 17 18 2 0 20.6221415996551514
0 2 7 1 2 7 0 2 7 0 2 7 12 16 2 5 31 3 0 2 7 5 30 3 0 2 7 0 2 7 0 2 7 1 2 7 17 9 2 1 2 7 1 2 11 0 2 7 1 2 11 0 2 7 16 6 2 8 9 2 0 20.6754786968231201

Current Evaluation = 2160(2160)
Front Size = 10
1 2 7 0 2 7 1 2 7 0 2 7 5 31 3 1 2 7 0 2 7 0 2 7 0 2 7 17 18 2 0 2 7 5 30 3 0 2 7 17 18 2 12 16 2 0 2 7 1 2 7 0 2 7 13 6 3 1 2 7 0 20.2646257877349854
0 2 7 0 2 7 0 2 7 0 2 7 0 2 7 1 2 7 0 2 7 0 2 7 5 30 3 13 6 3 17 18 2 0 2 7 12 16 2 16 31 2 12 16 2 12 16 2 1 2 3 1 2 4 1 2 4 5 30 3 0 20.4516056776046753
0 2 7 1 2 7 0 2 7 1 2 11 12 16 2 0 2 4 1 2 7 0 2 7 5 30 3 13 6 3 0 2 7 12 16 2 0 2 7 5 30 3 17 9 2 0 2 7 1 2 11 0 2 4 15 2 11 17 18 2 0 20.6221415996551514
0 2 3 0 2 7 1 2 7 0 2 4 0 2 7 1 2 7 0 2 7 0 2 7 5 31 3 13 6 3 12 16 2 12 16 2 5 30 3 17 18 2 0 2 4 16 30 2 1 2 7 1 2 7 12 16 2 0 2 7 0 20.4516057968139648
1 2 7 0 2 7 0 2 4 0 2 7 0 2 7 6 2 11 15 2 11 0 2 7 5 31 3 0 2 7 1 2 4 0 2 7 12 16 2 17 9 2 5 30 3 1 2 1 17 18 2 1 2 7 0 2 7 0 2 7 0 20.9379549026489258
0 2 7 0 2 7 0 2 7 12 16 2 1 2 7 1 2 4 0 2 4 0 2 7 0 2 7 6 2 7 1 2 7 17 18 2 0 2 7 5 31 3 13 6 3 12 16 2 5 30 3 17 18 2 1 2 7 0 2 7 0 20.3487167954444885
0 2 7 1 2 7 0 2 7 12 16 2 0 2 7 0 2 7 0 2 7 0 2 7 0 2 7 0 2 7 0 2 4 17 18 2 5 31 3 1 2 7 6 2 7 5 31 3 16 6 2 1 2 7 1 2 7 0 2 4 0 20.4595978856086731
0 2 3 0 2 7 0 2 7 0 2 7 12 16 2 5 30 3 5 30 3 0 2 3 1 2 7 1 2 11 0 2 7 0 2 3 13 6 3 0 2 7 0 2 7 0 2 7 0 2 3 16 15 2 17 9 2 12 16 2 0 20.9623496532440186
1 2 7 0 2 4 0 2 3 1 2 7 0 2 7 5 31 3 1 2 7 0 2 7 0 2 7 0 2 7 17 18 2 0 2 7 5 30 3 0 2 7 0 2 4 1 2 7 0 2 3 17 18 2 1 2 7 1 2 7 0 20.5684669017791748
0 2 7 0 2 7 1 2 7 6 2 7 1 2 7 0 2 7 0 2 4 0 2 7 5 31 3 5 30 3 17 18 2 17 9 2 0 2 7 1 2 7 0 2 4 13 6 3 12 16 2 0 2 7 1 2 7 12 16 2 0 20.3487167954444885

Current Evaluation = 2340(2340)
Front Size = 10
1 2 7 0 2 7 0 2 7 0 2 7 5 30 3 13 6 3 0 2 7 0 2 7 1 2 7 17 18 2 1 2 7 1 2 7 5 31 3 1 2 7 12 16 2 0 2 7 0 2 7 0 2 7 0 2 7 17 18 2 0 20.2646257877349854
0 2 3 0 2 7 0 2 7 0 2 7 12 16 2 5 30 3 5 30 3 0 2 3 1 2 7 1 2 11 0 2 7 0 2 3 13 6 3 0 2 7 0 2 7 0 2 7 0 2 3 16 15 2 17 9 2 12 16 2 0 20.9623496532440186
0 2 4 0 2 4 1 2 7 0 2 7 0 2 7 1 2 7 5 30 3 13 6 3 17 18 2 12 16 2 16 31 2 12 16 2 12 16 2 5 30 3 0 2 7 1 2 7 0 2 3 1 2 7 0 2 7 0 2 7 0 20.4516056776046753
0 2 7 0 2 7 0 2 7 12 16 2 17 18 2 1 2 7 0 2 7 17 9 2 13 6 3 1 2 4 12 16 2 0 2 7 0 2 7 0 2 7 6 2 7 5 30 3 1 2 4 1 2 7 0 2 7 5 31 3 0 20.3487167954444885
0 2 7 0 2 7 0 2 4 0 2 7 1 2 7 6 2 7 0 2 4 0 2 7 5 30 3 13 6 3 17 18 2 0 2 7 12 16 2 12 16 2 5 31 3 1 2 7 0 2 7 1 2 7 1 2 7 17 9 2 0 20.3487167954444885
1 2 7 0 2 4 0 2 3 1 2 7 0 2 7 5 31 3 1 2 7 0 2 7 0 2 7 0 2 7 17 18 2 0 2 7 5 30 3 0 2 7 0 2 4 1 2 7 0 2 3 17 18 2 1 2 7 1 2 7 0 20.5684669017791748
1 2 4 0 2 7 1 2 7 1 2 7 0 2 7 12 16 2 5 30 3 17 18 2 0 2 7 5 31 3 0 2 7 0 2 7 8 9 2 1 2 7 0 2 7 0 2 3 1 2 7 16 6 2 0 2 3 0 2 12 0 20.769278883934021
0 2 7 0 2 7 0 2 7 0 2 7 1 2 7 6 2 7 0 2 7 5 30 3 13 6 3 17 18 2 0 2 7 12 16 2 12 16 2 5 31 3 1 2 7 0 2 7 1 2 7 0 2 4 17 18 2 1 2 4 0 20.3487167954444885
0 2 7 0 2 7 0 2 7 0 2 7 0 2 7 1 2 7 0 2 7 0 2 7 5 30 3 13 6 3 17 18 2 0 2 7 12 16 2 16 31 2 12 16 2 12 16 2 1 2 3 1 2 4 1 2 4 5 30 3 0 20.4516056776046753
0 2 7 0 2 7 0 2 4 0 2 4 0 2 7 0 2 7 0 2 7 0 2 7 5 31 3 0 2 7 1 2 7 12 16 2 1 2 7 17 9 2 16 6 2 1 2 7 6 2 7 1 2 7 0 2 7 5 31 3 0 20.4595978856086731

Current Evaluation = 2520(2520)
Front Size = 10
1 2 7 1 2 7 0 2 7 1 2 7 5 30 3 1 2 7 0 2 7 13 6 3 0 2 7 0 2 7 0 2 7 12 16 2 0 2 7 0 2 7 1 2 7 0 2 7 0 2 7 17 18 2 17 18 2 5 31 3 0 20.2646257877349854
0 2 3 0 2 7 0 2 7 0 2 7 12 16 2 5 30 3 5 30 3 0 2 3 1 2 7 1 2 11 0 2 7 0 2 3 13 6 3 0 2 7 0 2 7 0 2 7 0 2 3 16 15 2 17 9 2 12 16 2 0 20.9623496532440186
13 6 3 1 2 7 0 2 7 0 2 7 12 16 2 0 2 7 0 2 7 0 2 4 0 2 7 1 2 7 17 18 2 5 30 3 12 16 2 12 16 2 16 30 2 1 2 4 1 2 7 16 31 2 5 30 3 0 2 3 0.072571087678669835 20.1098847389221191
6 2 7 1 2 7 0 2 4 0 2 7 1 2 7 5 31 3 13 6 3 1 2 7 12 16 2 12 16 2 0 2 4 0 2 7 0 2 7 0 2 7 0 2 7 5 30 3 0 2 7 17 9 2 17 18 2 1 2 7 0 20.3487167954444885
0 2 7 0 2 7 0 2 7 0 2 7 1 2 7 0 2 7 0 2 7 1 2 7 5 31 3 1 2 4 6 2 4 0 2 7 17 9 2 0 2 7 0 2 7 1 2 7 0 2 7 16 6 2 12 16 2 5 31 3 0 20.4595978856086731
0 2 7 0 2 7 0 2 7 0 2 7 0 2 7 1 2 7 0 2 7 0 2 7 5 30 3 13 6 3 17 18 2 12 16 2 12 16 2 1 2 4 0 2 7 1 2 4 16 31 2 12 16 2 1 2 3 5 30 3 0 20.4516056776046753
6 2 7 1 2 7 0 2 7 1 2 7 5 31 3 13 6 3 12 16 2 12 16 2 0 2 7 0 2 7 0 2 7 0 2 7 5 30 3 0 2 7 17 9 2 17 18 2 0 2 7 0 2 7 1 2 4 1 2 4 0 20.3487167954444885
0 2 7 1 2 7 0 2 7 0 2 7 1 2 4 5 31 3 13 6 3 17 18 2 12 16 2 12 16 2 6 2 7 0 2 7 0 2 7 0 2 7 5 30 3 0 2 7 0 2 4 1 2 7 17 18 2 1 2 7 0 20.3487167954444885
13 6 3 1 2 7 16 30 2 0 2 7 0 2 7 1 2 4 12 16 2 0 2 7 0 2 7 0 2 4 0 2 7 0 2 7 1 2 7 5 31 3 17 18 2 5 30 3 12 16 2 12 16 2 0 2 7 1 2 3 0 20.4516057968139648
0 2 7 0 2 7 0 2 4 0 2 4 0 2 7 0 2 7 0 2 7 0 2 7 5 31 3 0 2 7 1 2 7 12 16 2 1 2 7 17 9 2 16 6 2 1 2 7 6 2 7 1 2 7 0 2 7 5 31 3 0 20.4595978856086731

Current Evaluation = 2700(2700)
Front Size = 10
1 2 7 0 2 7 0 2 7 5 31 3 13 6 3 12 16 2 0 2 7 0 2 7 0 2 7 0 2 7 5 30 3 0 2 7 17 9 2 17 18 2 0 2 7 1 2 7 1 2 7 0 2 7 1 2 7 1 2 7 0 20.2646257877349854
0 2 7 0 2 7 0 2 7 1 2 7 13 6 3 12 16 2 1 2 7 0 2 7 1 2 7 5 31 3 0 2 7 0 2 7 0 2 7 17 18 2 5 30 3 12 16 2 0 2 4 1 2 4 6 2 7 17 18 2 0 20.3487167954444885
0 2 7 1 2 7 6 2 4 13 6 3 12 16 2 12 16 2 0 2 7 1 2 7 5 30 3 17 9 2 0 2 7 0 2 7 1 2 7 0 2 4 1 2 7 0 2 7 0 2 7 5 31 3 0 2 7 17 9 2 0 20.3487167954444885
0 2 7 0 2 7 0 2 4 1 2 7 13 6 3 12 16 2 12 16 2 0 2 7 1 2 7 0 2 11 5 30 3 0 2 4 1 2 11 17 9 2 17 18 2 5 30 3 0 2 7 1 2 7 15 2 11 0 2 7 0 20.6221417188644409
0 2 7 0 2 7 0 2 7 0 2 7 1 2 7 0 2 7 0 2 7 1 2 7 5 31 3 1 2 4 6 2 4 0 2 7 17 9 2 0 2 7 0 2 7 1 2 7 0 2 7 16 6 2 12 16 2 5 31 3 0 20.4595978856086731
0 2 7 16 15 2 5 31 3 12 16 2 12 16 2 0 2 7 5 31 3 17 18 2 1 2 7 0 2 7 0 2 7 0 2 7 1 2 4 0 2 4 6 2 7 1 2 7 6 2 7 0 2 7 0 2 7 0 2 7 0 20.7264288663864136
0 2 3 0 2 7 0 2 7 0 2 7 12 16 2 5 30 3 5 30 3 0 2 3 1 2 7 1 2 11 0 2 7 0 2 3 13 6 3 0 2 7 0 2 7 0 2 7 0 2 3 16 15 2 17 9 2 12 16 2 0 20.9623496532440186
1 2 4 0 2 7 0 2 7 5 31 3 13 6 3 12 16 2 0 2 7 0 2 7 0 2 7 0 2 7 5 30 3 0 2 7 17 9 2 17 18 2 0 2 7 1 2 7 6 2 7 12 16 2 1 2 7 1 2 4 0 20.3487167954444885
0 2 7 0 2 4 0 2 7 1 2 7 13 6 3 12 16 2 12 16 2 0 2 7 6 2 7 5 31 3 17 9 2 0 2 7 1 2 7 0 2 7 1 2 7 0 2 4 1 2 7 17 18 2 5 30 3 0 2 7 0 20.3487167954444885
13 6 3 1 2 7 0 2 7 0 2 7 1 2 4 12 16 2 0 2 7 0 2 7 0 2 7 0 2 7 17 18 2 5 30 3 12 16 2 12 16 2 0 2 7 1 2 3 16 30 2 0 2 4 1 2 7 5 31 3 0 20.4516057968139648

Current Evaluation = 2880(2880)
Front Size = 10
0 2 7 0 2 7 0 2 7 1 2 7 1 2 7 0 2 7 1 2 7 0 2 7 5 31 3 0 2 7 17 9 2 1 2 7 1 2 7 0 2 7 12 16 2 0 2 7 5 30 3 0 2 7 13 6 3 17 9 2 0 20.2646257877349854
13 6 3 1 2 7 0 2 7 0 2 7 1 2 4 12 16 2 0 2 7 0 2 7 0 2 7 0 2 7 17 18 2 5 30 3 12 16 2 12 16 2 0 2 7 1 2 3 16 30 2 0 2 4 1 2 7 5 31 3 0 20.4516057968139648
0 2 3 0 2 3 16 9 11 12 16 2 0 2 3 1 2 7 0 2 7 5 30 3 0 2 7 0 2 3 12 16 2 0 2 11 5 31 3 1 2 7 0 2 4 0 2 7 16 6 2 0 2 3 1 2 7 1 2 3 0 21.3884019255638123
1 2 11 15 2 11 0 2 7 12 16 2 5 30 3 17 9 2 0 2 7 13 6 3 0 2 7 0 2 7 1 2 7 17 9 2 12 16 2 0 2 7 5 30 3 0 2 7 1 2 4 0 2 4 0 2 11 1 2 7 0 20.6221417188644409
13 6 3 0 2 7 0 2 7 0 2 7 12 16 2 0 2 7 0 2 7 0 2 4 5 30 3 1 2 7 17 18 2 6 2 7 1 2 7 0 2 4 1 2 7 12 16 2 0 2 7 1 2 7 17 9 2 5 31 3 0 20.3487167954444885
0 2 7 12 16 2 5 31 3 0 2 7 1 2 7 0 2 7 12 16 2 0 2 3 0 2 7 0 2 7 0 2 7 0 2 3 1 2 7 0 2 7 0 2 7 1 2 3 1 2 7 5 31 3 16 19 12 16 6 2 0 21.2171138525009155
13 6 3 1 2 7 0 2 7 0 2 7 1 2 4 12 16 2 0 2 7 0 2 7 0 2 7 0 2 7 5 30 3 12 16 2 0 2 7 1 2 7 5 31 3 17 9 2 0 2 7 17 9 2 1 2 4 6 2 7 0 20.3487167954444885
0 2 7 0 2 7 0 2 7 0 2 7 1 2 7 0 2 7 0 2 7 1 2 7 5 31 3 1 2 4 6 2 4 0 2 7 17 9 2 0 2 7 0 2 7 1 2 7 0 2 7 16 6 2 12 16 2 5 31 3 0 20.4595978856086731
0 2 7 0 2 7 0 2 4 1 2 7 1 2 7 0 2 3 0 2 7 1 2 7 5 31 3 12 16 2 0 2 7 12 16 2 1 2 7 0 2 4 12 16 2 17 18 2 5 30 3 0 2 7 16 30 2 13 6 3 0 20.4516057968139648
0 2 3 0 2 7 0 2 7 0 2 7 12 16 2 5 30 3 5 30 3 0 2 3 1 2 7 1 2 11 0 2 7 0 2 3 13 6 3 0 2 7 0 2 7 0 2 7 0 2 3 16 15 2 17 9 2 12 16 2 0 20.9623496532440186

Current Evaluation = 3060(3060)
Front Size = 10
1 2 7 5 30 3 1 2 7 0 2 7 0 2 7 0 2 7 1 2 7 13 6 3 0 2 7 5 31 3 0 2 7 17 18 2 0 2 7 0 2 7 0 2 7 17 9 2 1 2 7 1 2 7 0 2 7 12 16 2 0 20.2646257877349854
12 16 2 5 31 3 1 2 7 0 2 7 12 16 2 0 2 7 1 2 7 0 2 4 13 6 3 0 2 7 5 30 3 0 2 4 17 9 2 1 2 7 0 2 7 12 16 2 0 2 7 0 2 7 1 2 3 16 30 2 0 20.4516057968139648
0 2 3 0 2 3 16 9 11 12 16 2 0 2 3 1 2 7 0 2 7 5 30 3 0 2 7 0 2 3 12 16 2 0 2 11 5 31 3 1 2 7 0 2 4 0 2 7 16 6 2 0 2 3 1 2 7 1 2 3 0 21.3884019255638123
0 2 7 1 2 4 12 16 2 0 2 7 0 2 7 5 30 3 0 2 7 12 16 2 5 30 3 8 18 2 0 2 7 0 2 7 1 2 7 8 18 2 16 15 2 17 18 2 1 2 7 0 2 7 0 2 7 0 2 7 0 20.8408946990966797
1 2 7 5 31 3 1 2 7 0 2 7 12 16 2 0 2 7 0 2 7 13 6 3 0 2 7 5 30 3 0 2 7 17 9 2 0 2 7 0 2 7 17 9 2 0 2 7 6 2 7 12 16 2 1 2 4 1 2 4 0 20.3487167954444885
5 31 3 12 16 2 6 2 4 1 2 7 5 31 3 1 2 4 17 9 2 0 2 7 0 2 7 0 2 7 1 2 7 0 2 7 0 2 7 0 2 7 16 6 2 0 2 7 0 2 7 0 2 7 1 2 7 0 2 7 0 20.4595978856086731
13 6 3 0 2 7 17 18 2 0 2 4 12 16 2 0 2 7 0 2 7 5 30 3 0 2 7 0 2 7 1 2 7 5 31 3 6 2 7 1 2 7 1 2 7 0 2 7 12 16 2 0 2 4 17 18 2 1 2 7 0 20.3487167954444885
13 6 3 0 2 7 17 18 2 0 2 4 12 16 2 0 2 7 0 2 7 5 30 3 0 2 7 0 2 7 1 2 7 5 31 3 6 2 7 1 2 7 1 2 7 0 2 7 12 16 2 0 2 7 1 2 4 17 9 2 0 20.3487167954444885
13 6 3 1 2 7 0 2 7 0 2 7 1 2 4 12 16 2 0 2 7 0 2 7 0 2 7 0 2 7 17 18 2 5 30 3 12 16 2 12 16 2 0 2 7 1 2 3 16 30 2 0 2 4 1 2 7 5 31 3 0 20.4516057968139648
0 2 4 12 16 2 5 31 3 0 2 4 1 2 7 0 2 7 12 16 2 0 2 7 12 16 2 0 2 3 1 2 7 0 2 7 13 6 3 0 2 3 6 2 7 5 30 3 1 2 7 0 2 7 17 9 2 16 6 2 0 20.5632757544517517

Current Evaluation = 3240(3240)
Front Size = 10
1 2 7 5 31 3 1 2 7 0 2 7 12 16 2 0 2 7 0 2 7 13 6 3 0 2 7 5 30 3 0 2 7 17 9 2 0 2 7 0 2 7 1 2 7 1 2 7 17 18 2 0 2 7 1 2 7 0 2 7 0 20.2646257877349854
1 2 7 5 31 3 1 2 7 0 2 7 12 16 2 0 2 7 0 2 7 13 6 3 0 2 7 5 30 3 0 2 7 17 9 2 0 2 7 0 2 7 17 9 2 0 2 7 1 2 7 1 2 7 0 2 7 1 2 7 0 20.2646257877349854
13 6 3 1 2 7 0 2 7 0 2 7 1 2 4 12 16 2 0 2 7 0 2 7 0 2 7 0 2 7 17 18 2 5 30 3 12 16 2 12 16 2 0 2 7 1 2 3 16 30 2 0 2 4 1 2 7 5 31 3 0 20.4516057968139648
1 2 4 5 31 3 1 2 7 0 2 7 12 16 2 0 2 7 0 2 7 13 6 3 0 2 7 5 30 3 0 2 7 17 9 2 0 2 7 0 2 7 6 2 7 1 2 4 17 18 2 0 2 7 12 16 2 1 2 7 0 20.3487167954444885
0 2 4 12 16 2 5 31 3 0 2 4 1 2 7 0 2 7 12 16 2 0 2 7 12 16 2 0 2 3 1 2 7 0 2 7 13 6 3 0 2 3 6 2 7 5 30 3 1 2 7 0 2 7 17 9 2 16 6 2 0 20.5632757544517517
13 6 3 1 2 7 0 2 7 1 2 7 0 2 7 5 31 3 0 2 7 0 2 7 5 30 3 17 9 2 12 16 2 1 2 7 0 2 7 0 2 7 1 2 7 12 16 2 6 2 4 17 18 2 0 2 4 0 2 7 0 20.3487167954444885
13 6 3 1 2 7 0 2 7 1 2 7 0 2 7 5 31 3 0 2 7 0 2 7 5 30 3 17 9 2 12 16 2 1 2 7 0 2 7 0 2 7 0 2 7 12 16 2 6 2 4 1 2 4 17 9 2 0 2 7 0 20.3487167954444885
13 6 3 1 2 7 0 2 7 1 2 4 17 9 2 6 2 7 0 2 7 0 2 7 0 2 7 0 2 4 5 30 3 12 16 2 0 2 7 1 2 7 0 2 7 5 31 3 17 18 2 12 16 2 1 2 7 0 2 7 0 20.3487167954444885
5 31 3 12 16 2 6 2 4 1 2 7 5 31 3 1 2 4 17 9 2 0 2 7 0 2 7 0 2 7 1 2 7 0 2 7 0 2 7 0 2 7 16 6 2 0 2 7 0 2 7 0 2 7 1 2 7 0 2 7 0 20.4595978856086731
1 2 7 5 31 3 1 2 7 0 2 7 12 16 2 0 2 7 0 2 7 13 6 3 0 2 7 5 30 3 0 2 7 17 9 2 0 2 7 0 2 7 17 9 2 0 2 7 1 2 7 1 2 7 1 2 4 1 2 4 6.62037283157481543e-05 20.1540738344192505

Current Evaluation = 3420(3420)
Front Size = 10
13 6 3 1 2 7 0 2 7 1 2 7 0 2 7 5 31 3 0 2 7 0 2 7 5 30 3 17 9 2 12 16 2 0 2 7 0 2 7 0 2 7 0 2 7 1 2 7 17 9 2 1 2 7 1 2 7 0 2 7 0 20.2646257877349854
13 6 3 1 2 7 0 2 7 1 2 7 0 2 7 5 31 3 0 2 7 5 30 3 17 9 2 12 16 2 0 2 7 0 2 7 0 2 7 17 18 2 1 2 7 1 2 7 0 2 7 0 2 7 1 2 7 0 2 7 0 20.2646257877349854
0 2 4 12 16 2 5 31 3 0 2 4 1 2 7 0 2 7 12 16 2 0 2 7 12 16 2 0 2 3 1 2 7 0 2 7 13 6 3 0 2 3 6 2 7 5 30 3 1 2 7 0 2 7 17 9 2 16 6 2 0 20.5632757544517517
5 31 3 1 2 7 6 2 7 12 16 2 0 2 7 0 2 7 13 6 3 0 2 7 5 30 3 0 2 4 17 9 2 0 2 7 0 2 7 17 18 2 12 16 2 1 2 7 0 2 7 1 2 7 1 2 7 0 2 4 0 20.3487167954444885
13 6 3 1 2 7 0 2 7 1 2 7 0 2 7 5 31 3 6 2 7 0 2 7 5 30 3 17 9 2 12 16 2 0 2 7 0 2 7 12 16 2 0 2 7 0 2 7 1 2 4 17 18 2 1 2 4 0 2 7 0 20.3487167954444885
5 31 3 6 2 7 12 16 2 0 2 7 0 2 7 13 6 3 0 2 4 5 30 3 17 9 2 0 2 7 0 2 7 1 2 7 0 2 7 1 2 7 1 2 4 17 9 2 0 2 7 0 2 7 12 16 2 1 2 7 0 20.3487167954444885
13 6 3 1 2 7 0 2 7 1 2 7 0 2 7 5 31 3 0 2 7 0 2 7 5 30 3 17 9 2 12 16 2 0 2 7 0 2 7 0 2 7 0 2 7 1 2 7 17 9 2 12 16 2 1 2 4 6 2 4 0 20.3487167954444885
12 16 2 13 6 3 0 2 7 1 2 7 1 2 7 5 30 3 0 2 7 0 2 4 5 30 3 12 16 2 0 2 3 0 2 4 12 16 2 0 2 7 1 2 7 1 2 7 17 9 2 16 31 2 0 2 7 0 2 7 0 20.4516056776046753
13 6 3 1 2 7 0 2 7 1 2 7 0 2 7 5 31 3 0 2 4 0 2 7 5 30 3 17 9 2 12 16 2 0 2 7 0 2 7 0 2 7 0 2 7 17 18 2 12 16 2 1 2 7 6 2 7 1 2 4 0 20.3487167954444885
5 31 3 12 16 2 6 2 4 1 2 7 5 31 3 1 2 4 17 9 2 0 2 7 0 2 7 0 2 7 1 2 7 0 2 7 0 2 7 0 2 7 16 6 2 0 2 7 0 2 7 0 2 7 1 2 7 0 2 7 0 20.4595978856086731

Current Evaluation = 3600(3600)
Front Size = 10
5 30 3 0 2 7 13 6 3 0 2 7 17 9 2 1 2 7 0 2 7 1 2 7 0 2 7 0 2 7 1 2 7 0 2 7 0 2 7 5 31 3 12 16 2 1 2 7 0 2 7 1 2 7 0 2 7 17 18 2 0 20.2646257877349854
5 30 3 12 16 2 13 6 3 0 2 7 17 9 2 1 2 7 0 2 7 0 2 7 0 2 7 0 2 7 1 2 7 0 2 7 1 2 7 0 2 7 5 31 3 0 2 7 1 2 7 1 2 7 0 2 7 17 9 2 0 20.2646257877349854
13 6 3 0 2 7 1 2 7 0 2 4 0 2 4 5 30 3 17 9 2 12 16 2 0 2 7 0 2 7 1 2 7 5 30 3 1 2 3 12 16 2 12 16 2 0 2 7 0 2 7 1 2 7 16 31 2 0 2 7 0 20.4516056776046753
0 2 7 0 2 7 1 2 7 0 2 7 5 31 3 6 2 7 17 9 2 12 16 2 0 2 7 0 2 4 0 2 7 0 2 7 1 2 7 0 2 7 1 2 4 16 6 2 5 31 3 1 2 7 0 2 7 0 2 7 0 20.4595978856086731
5 30 3 12 16 2 0 2 7 0 2 4 17 9 2 1 2 7 0 2 7 1 2 7 6 2 7 0 2 7 5 31 3 0 2 4 1 2 7 0 2 7 12 16 2 0 2 7 1 2 7 0 2 7 13 6 3 17 18 2 0 20.3487167954444885
13 6 3 1 2 7 0 2 7 1 2 7 0 2 7 5 31 3 6 2 7 0 2 7 5 30 3 17 9 2 12 16 2 0 2 7 0 2 7 12 16 2 0 2 7 0 2 7 1 2 4 17 18 2 1 2 4 0 2 7 0 20.3487167954444885
0 2 4 12 16 2 5 31 3 0 2 4 1 2 7 0 2 7 12 16 2 0 2 7 12 16 2 0 2 3 1 2 7 0 2 7 13 6 3 0 2 3 6 2 7 5 30 3 1 2 7 0 2 7 17 9 2 16 6 2 0 20.5632757544517517
5 31 3 6 2 7 12 16 2 0 2 7 0 2 7 13 6 3 0 2 4 5 30 3 17 9 2 0 2 7 0 2 7 1 2 7 0 2 7 1 2 7 1 2 4 17 9 2 0 2 7 0 2 7 12 16 2 1 2 7 0 20.3487167954444885
13 6 3 1 2 7 0 2 7 1 2 7 0 2 7 0 2 7 5 30 3 17 9 2 12 16 2 0 2 7 0 2 7 12 16 2 0 2 7 5 30 3 16 31 2 0 2 7 0 2 4 12 16 2 1 2 4 0 2 7 2.60867775622883338e-05 20.4221576452255249
5 31 3 12 16 2 1 2 7 17 9 2 0 2 7 0 2 7 0 2 7 1 2 7 0 2 7 16 6 2 1 2 7 6 2 4 12 16 2 1 2 4 0 2 7 0 2 3 0 2 4 0 2 7 5 30 3 0 2 7 0.000766171475376133918 20.5871167778968811

MonoObjective Genetic Algorithm
Number of Evaluations = 0
Mutation Probability = 0
Crossover Probability = 1
Population Size = 10
Survival Selection Type = 16

Time =  3600.70502400398254

Current Evaluation = 3290
Front Size = 10
5 30 3 0 2 7 13 6 3 0 2 7 17 9 2 1 2 7 0 2 7 1 2 7 0 2 7 0 2 7 1 2 7 0 2 7 0 2 7 5 31 3 12 16 2 1 2 7 0 2 7 1 2 7 0 2 7 17 18 2 0 20.2646257877349854
5 30 3 12 16 2 13 6 3 0 2 7 17 9 2 1 2 7 0 2 7 0 2 7 0 2 7 0 2 7 1 2 7 0 2 7 1 2 7 0 2 7 5 31 3 0 2 7 1 2 7 1 2 7 0 2 7 17 9 2 0 20.2646257877349854
13 6 3 0 2 7 1 2 7 0 2 4 0 2 4 5 30 3 17 9 2 12 16 2 0 2 7 0 2 7 1 2 7 5 30 3 1 2 3 12 16 2 12 16 2 0 2 7 0 2 7 1 2 7 16 31 2 0 2 7 0 20.4516056776046753
0 2 7 0 2 7 1 2 7 0 2 7 5 31 3 6 2 7 17 9 2 12 16 2 0 2 7 0 2 4 0 2 7 0 2 7 1 2 7 0 2 7 1 2 4 16 6 2 5 31 3 1 2 7 0 2 7 0 2 7 0 20.4595978856086731
5 30 3 12 16 2 0 2 7 0 2 4 17 9 2 1 2 7 0 2 7 1 2 7 6 2 7 0 2 7 5 31 3 0 2 4 1 2 7 0 2 7 12 16 2 0 2 7 1 2 7 0 2 7 13 6 3 17 18 2 0 20.3487167954444885
13 6 3 1 2 7 0 2 7 1 2 7 0 2 7 5 31 3 6 2 7 0 2 7 5 30 3 17 9 2 12 16 2 0 2 7 0 2 7 12 16 2 0 2 7 0 2 7 1 2 4 17 18 2 1 2 4 0 2 7 0 20.3487167954444885
0 2 4 12 16 2 5 31 3 0 2 4 1 2 7 0 2 7 12 16 2 0 2 7 12 16 2 0 2 3 1 2 7 0 2 7 13 6 3 0 2 3 6 2 7 5 30 3 1 2 7 0 2 7 17 9 2 16 6 2 0 20.5632757544517517
5 31 3 6 2 7 12 16 2 0 2 7 0 2 7 13 6 3 0 2 4 5 30 3 17 9 2 0 2 7 0 2 7 1 2 7 0 2 7 1 2 7 1 2 4 17 9 2 0 2 7 0 2 7 12 16 2 1 2 7 0 20.3487167954444885
13 6 3 1 2 7 0 2 7 1 2 7 0 2 7 0 2 7 5 30 3 17 9 2 12 16 2 0 2 7 0 2 7 12 16 2 0 2 7 5 30 3 16 31 2 0 2 7 0 2 4 12 16 2 1 2 4 0 2 7 2.60867775622883338e-05 20.4221576452255249
5 31 3 12 16 2 1 2 7 17 9 2 0 2 7 0 2 7 0 2 7 1 2 7 0 2 7 16 6 2 1 2 7 6 2 4 12 16 2 1 2 4 0 2 7 0 2 3 0 2 4 0 2 7 5 30 3 0 2 7 0.000766171475376133918 20.5871167778968811

