Current Evaluation = 180(180)
Front Size = 10
12 16 2 0 2 7 5 30 3 0 2 7 0 2 7 1 2 7 0 2 7 0 2 7 5 31 3 17 18 2 0 2 7 1 2 7 0 2 7 0 2 7 13 6 3 1 2 7 1 2 7 17 18 2 1 2 7 0 2 7 0 20.2646257877349854
12 16 2 1 2 7 1 2 3 0 2 7 13 6 3 5 30 3 16 6 2 5 30 3 0 2 7 0 2 7 0 2 7 17 9 2 0 2 7 1 2 7 12 16 2 0 2 7 8 18 2 0 2 11 0 2 4 12 16 2 0 20.6301087141036987
12 16 2 0 2 11 0 2 11 0 2 3 16 19 11 5 30 3 0 2 11 0 2 11 5 30 3 5 30 3 0 2 8 0 2 3 16 6 2 0 2 11 12 16 2 0 2 3 0 2 8 0 2 8 6 2 3 8 18 2 0 22.4956011772155762
8 9 2 0 2 8 12 16 2 0 2 7 0 2 8 5 31 3 16 6 2 0 2 8 0 2 7 0 2 11 0 2 8 12 16 2 6 2 8 16 19 11 5 30 3 5 30 3 0 2 8 0 2 8 0 2 8 0 2 7 0 22.5684802532196045
12 16 2 0 2 7 0 2 3 0 2 3 5 30 3 0 2 7 0 2 3 0 2 3 1 2 3 0 2 7 16 6 2 1 2 3 0 2 7 1 2 7 0 2 3 16 31 2 5 30 3 1 2 7 0 2 3 1 2 7 0 20.9838578701019287
12 16 2 0 2 7 5 30 3 0 2 11 0 2 11 12 16 2 5 30 3 0 2 7 17 9 2 0 2 7 15 2 11 0 2 11 6 2 11 16 19 11 0 2 10 0 2 11 5 30 3 0 2 10 0 2 7 0 2 11 0 22.0713839530944824
12 16 2 5 30 3 0 2 7 0 2 11 17 9 2 16 19 11 0 2 11 1 2 7 5 30 3 5 30 3 1 2 7 0 2 3 16 6 2 5 31 3 1 2 7 0 2 3 0 2 7 0 2 8 1 2 7 0 2 7 0.0728179216837835097 21.4877698421478271
0 2 7 5 31 3 0 2 7 5 30 3 0 2 7 1 2 7 0 2 4 0 2 7 17 18 2 0 2 3 0 2 8 0 2 11 0 2 8 0 2 10 1 2 7 16 19 11 5 30 3 0 2 8 0 2 8 0 2 7 0.00103159476139870498 21.8937771320343018
12 16 2 0 2 4 0 2 7 5 30 3 0 2 7 0 2 3 0 2 7 1 2 7 1 2 10 0 2 7 0 2 7 1 2 11 0 2 3 5 31 3 17 18 2 0 2 7 16 30 2 1 2 7 0 2 4 1 2 3 0 20.8012489080429077
17 9 2 0 2 7 5 30 3 1 2 7 0 2 7 0 2 7 0 2 11 0 2 7 0 2 11 1 2 7 5 30 3 1 2 11 0 2 11 1 2 11 17 18 2 1 2 11 0 2 3 0 2 7 6 2 11 8 18 2 0 21.1349339485168457

Current Evaluation = 360(360)
Front Size = 10
12 16 2 17 18 2 0 2 7 1 2 7 0 2 7 5 30 3 0 2 7 0 2 7 0 2 7 5 31 3 0 2 7 1 2 7 1 2 7 0 2 7 0 2 7 1 2 7 1 2 7 0 2 7 13 6 3 17 18 2 0 20.2646257877349854
12 16 2 0 2 7 0 2 3 0 2 3 5 30 3 0 2 7 0 2 3 0 2 3 1 2 3 0 2 7 16 6 2 1 2 3 0 2 7 1 2 7 0 2 3 16 31 2 5 30 3 1 2 7 0 2 3 1 2 7 0 20.9838578701019287
12 16 2 5 30 3 5 30 3 0 2 7 0 2 4 0 2 7 0 2 7 1 2 7 0 2 7 0 2 7 1 2 11 0 2 7 0 2 3 17 9 2 1 2 3 1 2 10 1 2 11 0 2 11 17 18 2 8 9 2 0 21.1125907897949219
0 2 10 0 2 4 5 30 3 0 2 7 0 2 7 12 16 2 5 30 3 1 2 7 0 2 4 8 9 2 1 2 7 0 2 11 17 18 2 0 2 11 0 2 11 1 2 7 0 2 3 1 2 7 17 18 2 1 2 7 0 20.9925910234451294
8 9 2 0 2 8 12 16 2 0 2 7 0 2 8 5 31 3 16 6 2 0 2 8 0 2 7 0 2 11 0 2 8 12 16 2 6 2 8 16 19 11 5 30 3 5 30 3 0 2 8 0 2 8 0 2 8 0 2 7 0 22.5684802532196045
12 16 2 0 2 7 5 30 3 0 2 11 0 2 11 12 16 2 5 30 3 0 2 7 17 9 2 0 2 7 15 2 11 0 2 11 6 2 11 16 19 11 0 2 10 0 2 11 5 30 3 0 2 10 0 2 7 0 2 11 0 22.0713839530944824
12 16 2 0 2 11 5 30 3 5 30 3 0 2 11 0 2 3 9 2 7 0 2 3 1 2 11 0 2 8 16 6 2 0 2 3 0 2 3 16 24 2 0 2 3 0 2 3 0 2 11 0 2 3 0 2 3 5 30 3 1.0551950054128939e-06 22.1609550714492798
12 16 2 5 30 3 0 2 7 0 2 11 17 9 2 16 19 11 0 2 11 1 2 7 5 30 3 5 30 3 1 2 7 0 2 3 16 6 2 5 31 3 1 2 7 0 2 3 0 2 7 0 2 8 1 2 7 0 2 7 0.0728179216837835097 21.4877698421478271
12 16 2 0 2 11 5 30 3 12 16 2 5 30 3 0 2 11 0 2 11 0 2 11 0 2 8 13 6 3 17 18 2 0 2 7 6 2 7 8 18 2 0 2 3 16 19 11 0 2 3 0 2 7 0 2 8 0 2 7 0.0106203092841631423 21.6927581429481506
12 16 2 0 2 3 5 30 3 5 30 3 0 2 7 0 2 4 0 2 7 17 9 2 12 16 2 0 2 7 1 2 7 1 2 7 13 6 3 16 6 2 0 2 7 0 2 7 1 2 11 8 18 2 0 2 7 12 16 2 0 20.6301085948944092

Current Evaluation = 540(540)
Front Size = 10
12 16 2 17 18 2 0 2 7 1 2 7 0 2 7 5 30 3 0 2 7 0 2 7 0 2 7 5 31 3 0 2 7 1 2 7 1 2 7 0 2 7 0 2 7 1 2 7 1 2 7 0 2 7 13 6 3 17 18 2 0 20.2646257877349854
12 16 2 0 2 11 5 30 3 5 30 3 0 2 11 0 2 3 9 2 7 0 2 3 1 2 11 0 2 8 16 6 2 0 2 3 0 2 3 16 24 2 0 2 3 0 2 3 0 2 11 0 2 3 0 2 3 5 30 3 1.0551950054128939e-06 22.1609550714492798
12 16 2 0 2 7 5 30 3 13 6 3 0 2 4 12 16 2 0 2 7 1 2 11 6 2 7 12 16 2 0 2 7 5 31 3 0 2 7 0 2 4 0 2 7 16 30 2 1 2 11 17 18 2 12 16 2 0 2 7 0 20.7454486489295959
12 16 2 12 16 2 0 2 3 1 2 3 0 2 11 0 2 7 5 30 3 12 16 2 8 9 2 5 30 3 0 2 3 0 2 3 16 6 2 16 6 2 13 6 3 1 2 3 0 2 7 0 2 3 12 16 2 0 2 11 0 21.2642678022384644
12 16 2 0 2 7 5 30 3 0 2 11 0 2 11 12 16 2 5 30 3 0 2 7 17 9 2 0 2 7 15 2 11 0 2 11 6 2 11 16 19 11 0 2 10 0 2 11 5 30 3 0 2 10 0 2 7 0 2 11 0 22.0713839530944824
1 2 7 5 31 3 0 2 7 1 2 7 12 16 2 5 31 3 0 2 11 0 2 4 0 2 11 0 2 7 1 2 7 6 2 4 17 9 2 0 2 7 17 9 2 0 2 7 0 2 7 6 2 7 1 2 7 0 2 11 0 20.8679301738739014
8 9 2 0 2 8 12 16 2 0 2 7 0 2 8 5 31 3 16 6 2 0 2 8 0 2 7 0 2 11 0 2 8 12 16 2 6 2 8 16 19 11 5 30 3 5 30 3 0 2 8 0 2 8 0 2 8 0 2 7 0 22.5684802532196045
12 16 2 5 30 3 12 16 2 0 2 7 0 2 7 13 6 3 16 31 2 0 2 3 0 2 7 12 16 2 5 30 3 0 2 7 1 2 7 1 2 7 17 9 2 0 2 7 1 2 7 0 2 4 0 2 4 1 2 7 0 20.4516056776046753
17 18 2 1 2 11 0 2 3 1 2 7 0 2 7 1 2 7 0 2 10 5 30 3 5 31 3 1 2 4 0 2 3 0 2 7 0 2 7 0 2 3 0 2 7 16 30 2 0 2 7 1 2 4 0 2 7 12 16 2 0 20.8012489080429077
12 16 2 0 2 11 5 30 3 12 16 2 5 30 3 0 2 11 0 2 11 0 2 11 0 2 8 13 6 3 17 18 2 0 2 7 6 2 7 8 18 2 0 2 3 16 19 11 0 2 3 0 2 7 0 2 8 0 2 7 0.0106203092841631423 21.6927581429481506

Current Evaluation = 720(720)
Front Size = 10
0 2 7 5 31 3 13 6 3 0 2 7 12 16 2 0 2 7 1 2 7 1 2 7 1 2 7 0 2 7 1 2 7 0 2 7 1 2 7 0 2 7 0 2 7 0 2 7 5 30 3 17 9 2 17 18 2 0 2 7 0 20.2646257877349854
12 16 2 12 16 2 0 2 7 0 2 7 1 2 7 0 2 7 5 30 3 1 2 11 17 9 2 5 30 3 0 2 3 6 2 7 0 2 7 16 31 2 13 6 3 0 2 7 1 2 4 0 2 7 12 16 2 0 2 7 0 20.5474986433982849
12 16 2 16 6 2 0 2 7 0 2 7 5 31 3 0 2 11 0 2 11 0 2 7 0 2 11 0 2 7 5 30 3 6 2 11 0 2 11 5 30 3 15 2 11 0 2 3 0 2 7 0 2 3 12 16 2 16 6 2 0 21.5944219827651978
12 16 2 16 30 2 0 2 3 0 2 7 5 31 3 1 2 7 0 2 7 0 2 7 0 2 3 0 2 7 5 31 3 1 2 3 0 2 7 1 2 7 0 2 4 0 2 7 0 2 7 1 2 7 12 16 2 16 6 2 0 20.7824869155883789
5 30 3 0 2 8 12 16 2 5 31 3 0 2 7 0 2 8 0 2 8 0 2 7 16 19 11 16 6 2 0 2 8 5 30 3 0 2 8 0 2 7 8 9 2 0 2 8 6 2 11 12 16 2 0 2 8 0 2 8 0 22.5684802532196045
1 2 7 12 16 2 0 2 3 1 2 3 0 2 3 0 2 7 0 2 7 0 2 3 0 2 7 16 6 2 16 31 2 0 2 7 5 30 3 1 2 3 5 30 3 0 2 3 1 2 7 0 2 7 1 2 3 0 2 3 0 20.9838578701019287
12 16 2 0 2 11 5 30 3 5 30 3 0 2 11 0 2 3 9 2 7 0 2 3 1 2 11 0 2 8 16 6 2 0 2 3 0 2 3 16 24 2 0 2 3 0 2 3 0 2 11 0 2 3 0 2 3 5 30 3 1.0551950054128939e-06 22.1609550714492798
5 31 3 0 2 7 12 16 2 0 2 11 0 2 7 0 2 7 0 2 8 12 16 2 5 31 3 0 2 4 5 30 3 1 2 7 0 2 8 17 9 2 0 2 8 0 2 7 6 2 8 8 9 2 1 2 7 0 2 11 0.0225592380776530703 22.1347402334213257
12 16 2 12 16 2 1 2 7 13 6 3 0 2 3 5 31 3 0 2 7 17 18 2 0 2 7 12 16 2 0 2 7 0 2 7 0 2 7 17 18 2 12 16 2 0 2 11 1 2 7 1 2 7 13 6 3 1 2 7 0 20.4253377914428711
12 16 2 0 2 7 5 30 3 13 6 3 0 2 4 12 16 2 0 2 7 1 2 11 6 2 7 12 16 2 0 2 7 5 31 3 0 2 7 0 2 4 0 2 7 16 30 2 1 2 11 17 18 2 12 16 2 0 2 7 0 20.7454486489295959

Current Evaluation = 900(900)
Front Size = 10
0 2 7 5 31 3 0 2 7 0 2 7 0 2 7 5 30 3 13 6 3 1 2 7 1 2 7 1 2 7 0 2 7 0 2 7 0 2 7 1 2 7 0 2 7 12 16 2 0 2 7 17 9 2 17 18 2 1 2 7 0 20.2646257877349854
12 16 2 0 2 7 0 2 3 1 2 3 0 2 7 12 16 2 0 2 3 12 16 2 5 30 3 0 2 3 8 18 2 0 2 11 0 2 3 5 30 3 1 2 3 16 6 2 16 6 2 12 16 2 13 6 3 0 2 11 0 21.2642678022384644
1 2 7 0 2 7 0 2 7 12 16 2 0 2 3 12 16 2 0 2 7 1 2 11 12 16 2 0 2 7 16 6 2 5 30 3 0 2 7 17 9 2 8 18 2 0 2 7 1 2 7 0 2 4 5 30 3 13 6 3 0 20.6301085948944092
0 2 7 1 2 7 1 2 3 0 2 7 5 31 3 1 2 7 1 2 4 0 2 7 0 2 7 12 16 2 8 9 2 1 2 3 0 2 3 5 30 3 0 2 7 0 2 7 0 2 7 16 6 2 17 18 2 0 2 3 0 20.8562788963317871
5 30 3 0 2 8 12 16 2 5 31 3 0 2 7 0 2 8 0 2 8 0 2 7 16 19 11 16 6 2 0 2 8 5 30 3 0 2 8 0 2 7 8 9 2 0 2 8 6 2 11 12 16 2 0 2 8 0 2 8 0 22.5684802532196045
12 16 2 5 31 3 5 30 3 0 2 3 6 2 7 1 2 7 17 18 2 16 6 2 1 2 7 0 2 10 0 2 3 0 2 3 0 2 3 0 2 4 0 2 7 1 2 7 0 2 10 0 2 4 1 2 3 0 2 7 0 20.9673189520835876
12 16 2 0 2 11 5 30 3 5 30 3 0 2 11 0 2 3 9 2 7 0 2 3 1 2 11 0 2 8 16 6 2 0 2 3 0 2 3 16 24 2 0 2 3 0 2 3 0 2 11 0 2 3 0 2 3 5 30 3 1.0551950054128939e-06 22.1609550714492798
1 2 7 0 2 7 0 2 7 12 16 2 0 2 7 12 16 2 0 2 7 1 2 7 0 2 7 0 2 3 12 16 2 0 2 7 1 2 7 16 9 11 0 2 11 16 30 2 1 2 11 0 2 7 5 31 3 5 31 3 0 21.2207018733024597
12 16 2 5 31 3 0 2 7 0 2 7 0 2 3 16 19 11 12 16 2 5 30 3 5 30 3 0 2 11 0 2 7 0 2 7 0 2 7 0 2 7 16 19 11 0 2 7 0 2 11 0 2 7 1 2 7 0 2 11 0 21.9703837633132935
0 2 7 0 2 7 1 2 7 12 16 2 0 2 7 5 30 3 17 18 2 1 2 7 1 2 7 0 2 7 0 2 7 13 6 3 0 2 7 1 2 3 0 2 4 12 16 2 0 2 4 5 30 3 16 31 2 1 2 7 0.000205957358948662182 20.2332557439804077

Current Evaluation = 1080(1080)
Front Size = 10
0 2 7 12 16 2 0 2 7 17 18 2 5 31 3 0 2 7 0 2 7 0 2 7 1 2 7 1 2 7 1 2 7 1 2 7 0 2 7 13 6 3 0 2 7 5 30 3 0 2 7 17 9 2 1 2 7 0 2 7 0 20.2646257877349854
12 16 2 0 2 11 5 30 3 5 30 3 0 2 11 0 2 3 9 2 7 0 2 3 1 2 11 0 2 8 16 6 2 0 2 3 0 2 3 16 24 2 0 2 3 0 2 3 0 2 11 0 2 3 0 2 3 5 30 3 1.0551950054128939e-06 22.1609550714492798
12 16 2 5 31 3 5 30 3 0 2 3 6 2 7 1 2 7 17 18 2 16 6 2 1 2 7 0 2 10 0 2 3 0 2 3 0 2 3 0 2 4 0 2 7 1 2 7 0 2 10 0 2 4 1 2 3 0 2 7 0 20.9673189520835876
5 30 3 0 2 8 12 16 2 5 31 3 0 2 7 0 2 8 0 2 8 0 2 7 16 19 11 16 6 2 0 2 8 5 30 3 0 2 8 0 2 7 8 9 2 0 2 8 6 2 11 12 16 2 0 2 8 0 2 8 0 22.5684802532196045
1 2 7 0 2 7 12 16 2 0 2 3 12 16 2 0 2 7 12 16 2 16 6 2 5 30 3 17 18 2 5 30 3 13 6 3 1 2 7 1 2 11 0 2 7 0 2 4 0 2 7 8 9 2 0 2 7 0 2 7 0 20.6301085948944092
6 2 7 0 2 7 0 2 10 12 16 2 0 2 4 0 2 4 0 2 7 17 18 2 5 31 3 0 2 7 0 2 7 5 31 3 12 16 2 0 2 7 1 2 7 1 2 7 16 6 2 1 2 7 1 2 7 0 2 7 0 20.6613958477973938
0 2 3 0 2 11 12 16 2 5 30 3 13 6 3 0 2 7 1 2 3 0 2 3 6 2 7 12 16 2 1 2 7 12 16 2 16 31 2 0 2 3 5 30 3 16 6 2 0 2 7 0 2 3 12 16 2 0 2 7 0 20.9820577502250671
12 16 2 5 31 3 0 2 7 0 2 7 0 2 7 16 19 11 12 16 2 5 30 3 5 30 3 0 2 3 0 2 11 0 2 7 0 2 7 0 2 7 16 19 11 0 2 7 0 2 7 0 2 7 1 2 11 0 2 11 0 21.9703836441040039
12 16 2 0 2 7 0 2 7 0 2 7 1 2 7 16 6 2 5 31 3 1 2 7 0 2 7 16 6 2 12 16 2 0 2 7 0 2 7 0 2 7 5 31 3 0 2 7 0 2 7 12 16 2 1 2 4 8 9 2 0 20.7894667387008667
0 2 3 0 2 3 1 2 3 5 30 3 0 2 3 0 2 3 12 16 2 0 2 3 0 2 3 0 2 7 15 2 11 0 2 3 1 2 7 16 24 2 1 2 4 16 6 2 0 2 7 12 16 2 0 2 3 5 30 3 0 21.409937858581543

Current Evaluation = 1260(1260)
Front Size = 10
0 2 7 12 16 2 0 2 7 5 30 3 0 2 7 0 2 7 1 2 7 1 2 7 13 6 3 5 31 3 17 9 2 17 18 2 0 2 7 0 2 7 1 2 7 0 2 7 0 2 7 1 2 7 1 2 7 0 2 7 0 20.2646257877349854
12 16 2 0 2 8 0 2 3 12 16 2 5 30 3 5 31 3 0 2 11 12 16 2 0 2 7 13 6 3 0 2 8 16 6 2 0 2 3 0 2 12 5 30 3 0 2 7 0 2 8 0 2 7 0 2 3 16 6 2 0 21.6712429523468018
12 16 2 0 2 7 0 2 4 0 2 7 12 16 2 5 30 3 5 31 3 0 2 11 1 2 4 16 30 2 1 2 7 17 9 2 12 16 2 6 2 7 0 2 7 12 16 2 0 2 7 0 2 7 0 2 11 13 6 3 0 20.745448887348175
1 2 7 0 2 7 12 16 2 0 2 3 12 16 2 0 2 7 12 16 2 16 6 2 5 30 3 17 18 2 5 30 3 13 6 3 1 2 7 1 2 11 0 2 7 0 2 4 0 2 7 8 9 2 0 2 7 0 2 7 0 20.6301085948944092
12 16 2 5 30 3 0 2 3 0 2 3 5 30 3 16 19 11 0 2 7 0 2 7 5 30 3 0 2 7 0 2 3 0 2 3 0 2 3 1 2 11 1 2 7 16 19 11 0 2 7 0 2 3 0 2 11 0 2 3 0 22.1521546840667725
12 16 2 5 30 3 5 30 3 0 2 3 0 2 11 0 2 11 0 2 3 16 6 2 8 9 2 0 2 8 0 2 11 5 30 3 0 2 11 0 2 11 6 2 3 16 19 11 0 2 3 12 16 2 0 2 8 0 2 8 0 22.4956011772155762
0 2 7 0 2 11 1 2 7 5 30 3 0 2 4 1 2 7 0 2 7 1 2 7 5 31 3 17 9 2 0 2 7 1 2 4 0 2 7 17 18 2 1 2 4 0 2 7 0 2 7 0 2 10 0 2 7 1 2 11 0 20.6016669273376465
12 16 2 5 31 3 0 2 10 0 2 7 5 30 3 17 9 2 0 2 7 16 30 2 0 2 4 1 2 7 0 2 11 0 2 4 1 2 7 0 2 3 1 2 3 0 2 7 1 2 7 0 2 7 1 2 3 0 2 7 0 20.8012490272521973
12 16 2 1 2 3 5 31 3 0 2 3 1 2 7 1 2 7 1 2 12 0 2 7 0 2 7 0 2 7 0 2 3 16 6 2 16 6 2 8 9 2 12 16 2 0 2 3 0 2 7 0 2 7 0 2 3 5 30 3 0 21.1038378477096558
17 9 2 1 2 3 1 2 7 5 30 3 0 2 3 0 2 3 0 2 7 0 2 3 12 2 7 0 2 3 0 2 7 5 30 3 0 2 7 0 2 4 0 2 7 12 16 2 1 2 3 0 2 3 1 2 7 1 2 3 0 21.4591408967971802

Current Evaluation = 1440(1440)
Front Size = 10
0 2 7 1 2 7 5 31 3 0 2 7 0 2 7 1 2 7 0 2 7 0 2 7 0 2 7 0 2 7 0 2 7 0 2 7 1 2 7 1 2 7 1 2 7 17 9 2 5 30 3 13 6 3 17 9 2 12 16 2 0 20.2646257877349854
12 16 2 5 30 3 0 2 3 0 2 3 5 30 3 16 19 11 0 2 7 0 2 7 5 30 3 0 2 7 0 2 3 0 2 3 0 2 3 1 2 11 1 2 7 16 19 11 0 2 7 0 2 3 0 2 11 0 2 3 0 22.1521546840667725
12 16 2 1 2 7 1 2 7 1 2 11 5 31 3 12 16 2 0 2 7 12 16 2 1 2 3 13 6 3 0 2 12 8 18 2 0 2 7 12 16 2 17 18 2 0 2 7 0 2 7 0 2 7 0 2 11 16 6 2 0 20.8495907783508301
12 16 2 5 30 3 5 30 3 0 2 3 0 2 11 0 2 11 0 2 3 16 6 2 8 9 2 0 2 8 0 2 11 5 30 3 0 2 11 0 2 11 6 2 3 16 19 11 0 2 3 12 16 2 0 2 8 0 2 8 0 22.4956011772155762
1 2 7 0 2 7 0 2 3 5 30 3 0 2 4 1 2 7 1 2 7 0 2 7 12 16 2 0 2 7 13 6 3 16 30 2 17 18 2 12 16 2 5 31 3 0 2 7 1 2 4 0 2 7 0 2 7 12 16 2 0 20.4516057968139648
1 2 7 0 2 4 1 2 7 0 2 7 0 2 7 1 2 4 0 2 7 5 31 3 17 9 2 17 9 2 1 2 7 0 2 4 1 2 7 0 2 7 0 2 7 5 30 3 0 2 7 0 2 11 1 2 11 0 2 10 0 20.6016669273376465
12 16 2 1 2 3 5 31 3 0 2 3 1 2 7 1 2 7 1 2 12 0 2 7 0 2 7 0 2 7 0 2 3 16 6 2 16 6 2 8 9 2 12 16 2 0 2 3 0 2 7 0 2 7 0 2 3 5 30 3 0 21.1038378477096558
0 2 7 0 2 7 5 31 3 5 31 3 1 2 7 0 2 10 0 2 7 12 16 2 1 2 7 12 16 2 6 2 7 0 2 7 1 2 7 17 9 2 0 2 4 0 2 7 0 2 7 1 2 4 0 2 7 16 6 2 0 20.6613958477973938
12 16 2 0 2 7 0 2 7 12 16 2 5 30 3 12 16 2 15 2 11 12 16 2 0 2 11 13 6 3 0 2 4 16 6 2 0 2 7 12 16 2 5 30 3 0 2 7 1 2 7 0 2 7 0 2 7 16 31 2 0 20.8549115657806396
0 2 7 0 2 7 0 2 7 1 2 7 0 2 7 5 31 3 0 2 7 1 2 3 5 31 3 0 2 7 12 16 2 1 2 7 16 30 2 0 2 7 0 2 7 0 2 7 1 2 3 16 6 2 12 16 2 0 2 7 0 20.7024868726730347

Current Evaluation = 1620(1620)
Front Size = 10
0 2 7 1 2 7 5 31 3 0 2 7 1 2 7 17 9 2 0 2 7 0 2 7 1 2 7 13 6 3 0 2 7 0 2 7 0 2 7 5 30 3 0 2 7 1 2 7 1 2 7 17 9 2 12 16 2 0 2 7 0 20.2646257877349854
0 2 7 0 2 3 0 2 7 0 2 3 9 2 7 5 30 3 0 2 11 5 30 3 5 30 3 0 2 7 0 2 3 6 2 7 0 2 3 0 2 11 16 15 2 1 2 7 0 2 3 0 2 3 17 9 2 0 2 11 0 21.7697940468788147
0 2 7 0 2 7 0 2 7 1 2 4 0 2 7 6 2 7 1 2 10 12 16 2 0 2 7 0 2 7 0 2 7 1 2 4 12 16 2 0 2 7 0 2 7 17 18 2 16 6 2 5 31 3 1 2 7 5 31 3 0 20.6613958477973938
1 2 7 0 2 7 0 2 3 5 30 3 0 2 4 1 2 7 1 2 7 0 2 7 12 16 2 0 2 7 13 6 3 16 30 2 17 18 2 12 16 2 5 31 3 0 2 7 1 2 4 0 2 7 0 2 7 12 16 2 0 20.4516057968139648
0 2 7 15 2 11 1 2 11 0 2 11 0 2 11 17 9 2 0 2 7 0 2 7 0 2 7 5 31 3 6 2 7 5 30 3 5 30 3 12 16 2 0 2 11 0 2 7 16 6 2 0 2 11 1 2 7 0 2 7 0 21.3093109726905823
0 2 7 5 30 3 12 16 2 0 2 7 0 2 7 0 2 7 0 2 3 0 2 3 1 2 3 0 2 7 1 2 7 0 2 7 1 2 4 0 2 4 16 31 2 17 9 2 1 2 11 0 2 7 1 2 10 5 30 3 0 20.8012487888336182
0 2 11 5 30 3 12 16 2 12 16 2 0 2 11 16 19 11 0 2 11 0 2 7 0 2 11 0 2 3 0 2 11 5 30 3 16 6 2 8 9 2 5 30 3 0 2 7 0 2 3 0 2 8 0 2 8 0 2 11 0 22.3352601528167725
0 2 7 0 2 7 1 2 7 0 2 7 1 2 7 0 2 7 0 2 7 0 2 7 0 2 7 17 18 2 5 31 3 1 2 7 5 31 3 1 2 4 0 2 7 1 2 7 12 16 2 0 2 7 0 2 7 16 30 2 0 20.4679279327392578
0 2 4 0 2 7 1 2 7 1 2 7 8 18 2 5 31 3 12 16 2 0 2 7 16 6 2 1 2 3 1 2 7 0 2 7 0 2 7 0 2 3 17 9 2 0 2 7 5 30 3 0 2 3 0 2 3 1 2 7 0 20.8562788963317871
0 2 7 0 2 7 0 2 7 0 2 4 6 2 7 12 16 2 0 2 7 0 2 7 0 2 7 17 18 2 5 31 3 1 2 7 5 31 3 17 18 2 1 2 7 1 2 7 0 2 4 1 2 7 0 2 7 1 2 7 0 20.5928369164466858

Current Evaluation = 1800(1800)
Front Size = 10
1 2 7 1 2 7 0 2 7 0 2 7 1 2 7 0 2 7 1 2 7 0 2 7 17 18 2 5 30 3 17 18 2 13 6 3 12 16 2 5 31 3 0 2 7 0 2 7 0 2 7 1 2 7 0 2 7 0 2 7 0 20.2646257877349854
1 2 7 0 2 7 1 2 7 5 31 3 0 2 7 16 6 2 0 2 7 0 2 7 0 2 7 0 2 7 0 2 4 5 31 3 1 2 7 6 2 7 0 2 7 12 16 2 0 2 7 0 2 4 17 9 2 1 2 7 0 20.4595978856086731
0 2 7 0 2 3 0 2 7 0 2 3 9 2 7 5 30 3 0 2 11 5 30 3 5 30 3 0 2 7 0 2 3 6 2 7 0 2 3 0 2 11 16 15 2 1 2 7 0 2 3 0 2 3 17 9 2 0 2 11 0 21.7697940468788147
1 2 4 1 2 7 0 2 7 0 2 10 0 2 7 0 2 7 0 2 7 0 2 7 17 18 2 5 31 3 1 2 7 0 2 3 5 30 3 0 2 7 0 2 4 1 2 7 17 9 2 1 2 7 0 2 10 1 2 7 0 20.5764669179916382
0 2 7 0 2 3 0 2 7 0 2 3 1 2 3 1 2 4 0 2 7 17 18 2 1 2 1 12 16 2 12 16 2 1 2 7 0 2 11 1 2 7 17 18 2 13 6 3 1 2 7 5 30 3 0 2 3 0 2 11 0 20.8251500129699707
0 2 11 5 30 3 12 16 2 12 16 2 0 2 11 16 19 11 0 2 11 0 2 7 0 2 11 0 2 3 0 2 11 5 30 3 16 6 2 8 9 2 5 30 3 0 2 7 0 2 3 0 2 8 0 2 8 0 2 11 0 22.3352601528167725
0 2 7 5 30 3 0 2 11 0 2 7 0 2 7 17 18 2 12 16 2 0 2 4 1 2 7 0 2 7 5 30 3 1 2 7 1 2 7 0 2 4 15 2 11 12 16 2 1 2 7 17 18 2 13 6 3 0 2 11 0 20.6221418380737305
0 2 7 0 2 7 0 2 7 1 2 4 0 2 7 6 2 7 1 2 10 12 16 2 0 2 7 0 2 7 0 2 7 1 2 4 12 16 2 0 2 7 0 2 7 17 18 2 16 6 2 5 31 3 1 2 7 5 31 3 0 20.6613958477973938
16 31 2 0 2 7 0 2 7 0 2 10 0 2 7 1 2 11 0 2 3 0 2 7 0 2 7 12 16 2 17 9 2 5 30 3 0 2 3 1 2 4 1 2 7 1 2 4 0 2 7 5 30 3 0 2 3 1 2 7 0 20.8012487888336182
0 2 4 0 2 7 5 30 3 5 30 3 0 2 3 16 15 2 1 2 7 1 2 7 0 2 4 0 2 3 12 16 2 8 18 2 0 2 3 0 2 7 17 18 2 0 2 7 0 2 7 1 2 7 0 2 3 0 2 7 0 21.0198438167572021

Current Evaluation = 1980(1980)
Front Size = 10
0 2 7 0 2 7 0 2 7 12 16 2 0 2 7 17 18 2 0 2 7 0 2 7 0 2 7 5 31 3 5 30 3 1 2 7 0 2 7 1 2 7 1 2 7 0 2 7 1 2 7 17 18 2 13 6 3 1 2 7 0 20.2646257877349854
0 2 7 0 2 3 0 2 7 12 16 2 0 2 7 1 2 7 0 2 7 5 30 3 1 2 7 12 16 2 0 2 4 8 18 2 0 2 7 17 9 2 1 2 11 16 6 2 0 2 7 5 30 3 12 16 2 13 6 3 0 20.6301085948944092
0 2 7 0 2 3 0 2 7 0 2 3 9 2 7 5 30 3 0 2 11 5 30 3 5 30 3 0 2 7 0 2 3 6 2 7 0 2 3 0 2 11 16 15 2 1 2 7 0 2 3 0 2 3 17 9 2 0 2 11 0 21.7697940468788147
0 2 7 0 2 7 0 2 7 12 16 2 1 2 4 17 18 2 0 2 7 1 2 7 1 2 4 5 30 3 5 30 3 0 2 7 1 2 3 12 16 2 0 2 7 16 31 2 0 2 7 12 16 2 13 6 3 0 2 7 0 20.4516056776046753
0 2 7 5 30 3 0 2 11 0 2 7 0 2 7 17 18 2 12 16 2 0 2 4 1 2 7 0 2 7 5 30 3 1 2 7 1 2 7 0 2 4 15 2 11 12 16 2 1 2 7 17 18 2 13 6 3 0 2 11 0 20.6221418380737305
0 2 7 0 2 7 0 2 7 12 16 2 0 2 3 1 2 7 17 18 2 0 2 4 0 2 7 0 2 7 0 2 7 5 30 3 6 2 7 12 16 2 0 2 3 16 15 2 8 9 2 1 2 3 5 31 3 1 2 7 0 21.0936618447303772
0 2 4 0 2 7 0 2 3 12 16 2 1 2 7 17 18 2 1 2 7 0 2 4 5 30 3 0 2 7 12 16 2 1 2 7 12 16 2 13 6 3 1 2 7 5 31 3 0 2 7 16 30 2 0 2 7 0 2 7 0 20.4516057968139648
0 2 11 5 30 3 12 16 2 12 16 2 0 2 11 16 19 11 0 2 11 0 2 7 0 2 11 0 2 3 0 2 11 5 30 3 16 6 2 8 9 2 5 30 3 0 2 7 0 2 3 0 2 8 0 2 8 0 2 11 0 22.3352601528167725
0 2 7 0 2 3 0 2 3 0 2 7 0 2 3 5 30 3 5 30 3 0 2 7 12 16 2 5 31 3 0 2 11 6 2 3 0 2 7 0 2 3 1 2 8 16 6 2 0 2 7 16 31 2 6 2 11 1 2 7 0.000428809873690175539 21.3513178825378418
0 2 7 1 2 11 0 2 7 12 16 2 1 2 7 17 18 2 0 2 4 0 2 7 0 2 7 5 30 3 5 31 3 1 2 7 0 2 4 0 2 7 1 2 7 12 16 2 0 2 7 16 31 2 0 2 7 1 2 7 0 20.6953257322311401

Current Evaluation = 2160(2160)
Front Size = 10
0 2 7 12 16 2 0 2 7 1 2 7 5 31 3 1 2 7 13 6 3 0 2 7 0 2 7 17 18 2 0 2 7 0 2 7 1 2 7 0 2 7 17 18 2 5 30 3 0 2 7 0 2 7 1 2 7 1 2 7 0 20.2646257877349854
5 31 3 0 2 7 12 16 2 1 2 7 0 2 7 13 6 3 0 2 7 1 2 7 0 2 7 1 2 7 5 30 3 0 2 7 1 2 7 0 2 4 17 18 2 0 2 7 0 2 7 12 16 2 6 2 4 17 9 2 0 20.3487167954444885
0 2 11 5 30 3 12 16 2 12 16 2 0 2 11 16 19 11 0 2 11 0 2 7 0 2 11 0 2 3 0 2 11 5 30 3 16 6 2 8 9 2 5 30 3 0 2 7 0 2 3 0 2 8 0 2 8 0 2 11 0 22.3352601528167725
5 30 3 1 2 3 0 2 7 12 16 2 0 2 7 1 2 7 5 30 3 12 16 2 13 6 3 0 2 4 0 2 7 0 2 4 0 2 7 0 2 7 12 16 2 16 31 2 1 2 7 1 2 7 0 2 7 17 9 2 0 20.4516056776046753
5 31 3 0 2 7 5 30 3 1 2 4 0 2 7 1 2 4 0 2 7 0 2 7 1 2 3 0 2 7 12 16 2 0 2 7 17 18 2 0 2 7 0 2 7 16 31 2 0 2 7 1 2 7 0 2 7 1 2 7 0 20.5479278564453125
5 31 3 0 2 7 0 2 3 12 16 2 0 2 7 1 2 7 5 30 3 12 16 2 13 6 3 0 2 7 0 2 7 0 2 7 12 16 2 1 2 4 1 2 7 1 2 7 0 2 4 0 2 7 17 18 2 16 30 2 0 20.4516057968139648
0 2 7 0 2 3 0 2 7 0 2 3 9 2 7 5 30 3 0 2 11 5 30 3 5 30 3 0 2 7 0 2 3 6 2 7 0 2 3 0 2 11 16 15 2 1 2 7 0 2 3 0 2 3 17 9 2 0 2 11 0 21.7697940468788147
0 2 7 0 2 7 5 30 3 0 2 7 1 2 7 0 2 3 0 2 3 9 2 7 0 2 11 5 30 3 1 2 4 0 2 3 1 2 7 0 2 3 0 2 11 1 2 3 1 2 4 0 2 7 0 2 7 0 2 11 0.0911619285453236228 21.5173591375350952
0 2 7 0 2 7 1 2 7 1 2 7 1 2 7 17 18 2 0 2 7 12 16 2 1 2 7 0 2 7 5 31 3 0 2 7 1 2 11 5 30 3 0 2 7 16 6 2 0 2 11 0 2 7 8 9 2 0 2 7 0 20.6754788160324097
5 30 3 16 31 2 12 16 2 1 2 7 0 2 7 0 2 7 0 2 4 0 2 7 0 2 1 1 2 7 1 2 7 1 2 7 5 30 3 0 2 7 0 2 7 0 2 7 8 18 2 17 18 2 12 16 2 0 2 7 0 20.8342517614364624

Current Evaluation = 2340(2340)
Front Size = 10
1 2 7 1 2 7 1 2 7 0 2 7 0 2 7 0 2 7 0 2 7 0 2 7 17 18 2 0 2 7 5 31 3 13 6 3 5 30 3 12 16 2 0 2 7 0 2 7 1 2 7 1 2 7 0 2 7 17 18 2 0 20.2646257877349854
1 2 11 12 16 2 0 2 7 16 19 11 5 30 3 0 2 3 0 2 3 0 2 3 0 2 7 0 2 3 1 2 7 0 2 7 5 30 3 16 19 11 0 2 11 0 2 7 0 2 3 0 2 3 0 2 3 5 30 3 0 22.1521546840667725
0 2 7 12 16 2 0 2 7 12 16 2 0 2 7 1 2 4 0 2 7 0 2 7 5 30 3 1 2 3 12 16 2 0 2 7 5 30 3 1 2 4 13 6 3 16 31 2 1 2 7 0 2 7 17 9 2 0 2 7 0 20.4516056776046753
1 2 7 0 2 7 5 30 3 6 2 4 0 2 7 0 2 7 0 2 7 5 31 3 0 2 7 12 16 2 0 2 4 12 16 2 0 2 1 1 2 7 8 9 2 17 9 2 1 2 11 0 2 7 0 2 7 16 6 2 0 20.9255217909812927
0 2 8 0 2 7 0 2 7 0 2 11 1 2 3 1 2 3 5 30 3 16 19 11 0 2 3 0 2 7 0 2 7 0 2 7 16 6 2 5 31 3 0 2 7 12 16 2 0 2 7 0 2 3 0 2 7 5 30 3 0 21.6411838531494141
5 30 3 1 2 7 0 2 7 0 2 7 6 2 7 0 2 7 5 31 3 12 16 2 13 6 3 0 2 7 0 2 7 1 2 7 1 2 7 12 16 2 0 2 4 17 9 2 1 2 4 0 2 7 0 2 7 17 9 2 0 20.3487167954444885
0 2 7 12 16 2 1 2 7 0 2 11 0 2 11 0 2 7 17 18 2 5 31 3 8 18 2 0 2 7 5 30 3 0 2 7 1 2 4 1 2 4 1 2 11 0 2 7 0 2 7 17 9 2 1 2 7 0 2 7 0 20.9388699531555176
0 2 7 12 16 2 1 2 7 12 16 2 0 2 4 1 2 7 0 2 7 0 2 4 16 31 2 0 2 7 1 2 7 5 30 3 17 18 2 1 2 3 12 16 2 0 2 7 5 30 3 0 2 7 13 6 3 0 2 7 0 20.4516056776046753
0 2 7 12 16 2 0 2 4 12 16 2 0 2 7 1 2 7 0 2 7 0 2 7 16 30 2 0 2 7 1 2 4 5 31 3 17 18 2 1 2 7 12 16 2 0 2 7 5 30 3 1 2 7 13 6 3 0 2 3 0 20.4516057968139648
0 2 7 12 16 2 0 2 7 17 18 2 5 31 3 0 2 7 5 31 3 0 2 7 0 2 7 0 2 7 1 2 7 1 2 7 1 2 7 0 2 7 6 2 7 0 2 7 0 2 4 16 6 2 1 2 4 0 2 7 0 20.4595978856086731

Current Evaluation = 2520(2520)
Front Size = 10
0 2 7 1 2 7 1 2 7 0 2 7 1 2 7 0 2 7 13 6 3 0 2 7 12 16 2 0 2 7 17 9 2 0 2 7 0 2 7 0 2 7 0 2 7 5 31 3 1 2 7 17 18 2 1 2 7 5 30 3 0 20.2646257877349854
13 6 3 12 16 2 1 2 7 0 2 7 0 2 7 0 2 4 5 30 3 0 2 7 1 2 11 17 9 2 0 2 7 1 2 11 12 16 2 0 2 7 1 2 7 13 6 3 12 16 2 0 2 7 17 9 2 12 16 2 0 20.3046585321426392
0 2 7 12 16 2 0 2 7 0 2 4 16 15 2 0 2 7 0 2 7 0 2 4 6 2 7 1 2 7 6 2 7 0 2 7 17 18 2 1 2 7 12 16 2 1 2 7 0 2 7 5 31 3 5 31 3 0 2 7 0 20.7264288663864136
1 2 11 12 16 2 0 2 7 16 19 11 5 30 3 0 2 3 0 2 3 0 2 3 0 2 7 0 2 3 1 2 7 0 2 7 5 30 3 16 19 11 0 2 11 0 2 7 0 2 3 0 2 3 0 2 3 5 30 3 0 22.1521546840667725
0 2 7 0 2 7 12 16 2 1 2 7 1 2 7 6 2 7 0 2 7 12 16 2 0 2 7 0 2 4 0 2 4 0 2 7 1 2 7 13 6 3 17 9 2 5 30 3 5 31 3 17 9 2 1 2 7 0 2 7 0 20.3487167954444885
0 2 7 12 16 2 0 2 7 12 16 2 0 2 7 1 2 4 0 2 3 0 2 7 5 30 3 0 2 7 13 6 3 1 2 7 0 2 7 17 9 2 16 31 2 0 2 7 1 2 4 5 30 3 1 2 7 12 16 2 0 20.4516056776046753
0 2 7 0 2 7 12 16 2 1 2 7 1 2 7 6 2 7 0 2 7 12 16 2 0 2 7 0 2 4 1 2 4 0 2 7 0 2 7 1 2 7 17 18 2 13 6 3 17 9 2 5 30 3 0 2 7 5 31 3 0 20.3487167954444885
0 2 7 12 16 2 0 2 7 5 31 3 0 2 7 0 2 7 0 2 7 0 2 7 1 2 7 1 2 7 1 2 7 0 2 7 6 2 7 0 2 4 1 2 4 17 18 2 5 31 3 0 2 7 16 6 2 0 2 7 0 20.4595978856086731
0 2 7 12 16 2 0 2 7 12 16 2 0 2 7 1 2 4 0 2 7 5 30 3 0 2 7 1 2 10 0 2 7 17 9 2 0 2 7 1 2 7 0 2 7 0 2 7 16 6 2 1 2 7 5 31 3 8 9 2 0 20.7286287546157837
0 2 7 0 2 7 12 16 2 1 2 7 1 2 7 0 2 7 12 16 2 0 2 4 1 2 7 0 2 7 0 2 7 1 2 10 8 18 2 17 18 2 5 31 3 0 2 7 0 2 7 0 2 7 16 6 2 5 30 3 0 20.7286287546157837

Current Evaluation = 2700(2700)
Front Size = 10
0 2 7 1 2 7 0 2 7 1 2 7 0 2 7 0 2 7 0 2 7 0 2 7 0 2 7 1 2 7 5 31 3 1 2 7 1 2 7 17 18 2 0 2 7 5 30 3 17 9 2 12 16 2 13 6 3 0 2 7 0 20.2646257877349854
13 6 3 12 16 2 1 2 7 0 2 7 0 2 7 0 2 4 5 30 3 0 2 7 1 2 11 17 9 2 0 2 7 1 2 11 12 16 2 0 2 7 1 2 7 13 6 3 12 16 2 0 2 7 17 9 2 12 16 2 0 20.3046585321426392
12 16 2 17 9 2 0 2 11 1 2 7 5 30 3 1 2 7 0 2 7 12 16 2 0 2 7 0 2 7 1 2 7 0 2 7 1 2 4 0 2 7 0 2 11 13 6 3 13 6 3 12 16 2 17 9 2 12 16 2 0 20.3046587705612183
1 2 4 12 16 2 5 30 3 1 2 7 0 2 7 0 2 7 5 31 3 6 2 7 17 9 2 0 2 7 12 16 2 1 2 4 0 2 7 0 2 7 17 9 2 0 2 7 0 2 7 13 6 3 0 2 7 1 2 7 0 20.3487167954444885
1 2 11 12 16 2 0 2 7 16 19 11 5 30 3 0 2 3 0 2 3 0 2 3 0 2 7 0 2 3 1 2 7 0 2 7 5 30 3 16 19 11 0 2 11 0 2 7 0 2 3 0 2 3 0 2 3 5 30 3 0 22.1521546840667725
0 2 7 12 16 2 0 2 7 0 2 4 0 2 4 5 30 3 0 2 7 0 2 7 17 9 2 0 2 7 1 2 7 0 2 7 1 2 7 5 31 3 12 16 2 1 2 7 13 6 3 1 2 7 6 2 7 17 18 2 0 20.3487167954444885
0 2 7 12 16 2 0 2 7 5 30 3 1 2 7 0 2 7 6 2 7 0 2 7 16 19 11 0 2 3 5 31 3 0 2 7 0 2 11 5 30 3 16 19 11 12 16 2 0 2 11 0 2 7 0 2 11 0 2 3 0 21.9761248230934143
0 2 7 12 16 2 0 2 7 12 16 2 0 2 7 1 2 4 0 2 3 0 2 7 5 30 3 0 2 7 13 6 3 1 2 7 0 2 7 17 9 2 16 31 2 0 2 7 1 2 4 5 30 3 1 2 7 12 16 2 0 20.4516056776046753
0 2 7 12 16 2 0 2 7 5 31 3 0 2 7 0 2 7 0 2 7 0 2 7 1 2 7 1 2 7 1 2 7 0 2 7 6 2 7 0 2 4 1 2 4 17 18 2 5 31 3 0 2 7 16 6 2 0 2 7 0 20.4595978856086731
0 2 7 1 2 7 1 2 7 0 2 7 1 2 7 0 2 7 0 2 7 0 2 7 0 2 7 1 2 7 0 2 7 0 2 4 1 2 7 5 30 3 12 16 2 17 9 2 0 2 4 16 31 2 5 31 3 0 2 3 0 20.5479278564453125

Current Evaluation = 2880(2880)
Front Size = 10
12 16 2 0 2 7 1 2 7 0 2 7 0 2 7 17 9 2 0 2 7 1 2 7 0 2 7 5 30 3 0 2 7 13 6 3 0 2 7 17 9 2 1 2 7 5 31 3 1 2 7 0 2 7 1 2 7 0 2 7 0 20.2646257877349854
0 2 7 0 2 7 1 2 7 0 2 7 17 18 2 5 31 3 0 2 7 1 2 7 12 16 2 5 30 3 1 2 7 1 2 7 1 2 7 0 2 7 0 2 7 13 6 3 0 2 7 0 2 7 17 18 2 0 2 7 0 20.2646257877349854
12 16 2 0 2 7 0 2 4 0 2 7 0 2 7 0 2 7 17 9 2 1 2 11 0 2 7 1 2 7 1 2 11 0 2 7 5 30 3 12 16 2 1 2 7 13 6 3 13 6 3 12 16 2 17 18 2 12 16 2 0 20.3046585321426392
12 16 2 17 9 2 0 2 11 1 2 7 5 30 3 1 2 7 0 2 7 12 16 2 0 2 7 0 2 7 1 2 7 0 2 7 1 2 4 0 2 7 0 2 11 13 6 3 13 6 3 12 16 2 17 9 2 12 16 2 0 20.3046587705612183
0 2 3 0 2 3 0 2 7 0 2 7 12 16 2 5 31 3 16 6 2 0 2 3 0 2 10 1 2 3 1 2 7 16 18 11 0 2 7 0 2 7 12 16 2 1 2 3 5 30 3 0 2 7 0 2 7 1 2 3 0 21.3628018498420715
12 16 2 5 31 3 17 18 2 0 2 4 0 2 7 1 2 7 13 6 3 0 2 7 12 16 2 1 2 7 5 30 3 0 2 7 0 2 3 16 30 2 0 2 7 1 2 7 1 2 7 12 16 2 0 2 4 0 2 7 0 20.4516057968139648
0 2 7 0 2 7 0 2 7 1 2 7 0 2 7 0 2 7 1 2 7 0 2 7 12 16 2 0 2 7 5 31 3 0 2 7 0 2 7 0 2 7 1 2 4 16 6 2 5 31 3 17 18 2 1 2 4 6 2 7 0 20.4595978856086731
0 2 11 12 16 2 0 2 7 5 31 3 0 2 8 0 2 7 0 2 8 16 6 2 12 16 2 0 2 7 0 2 11 0 2 7 12 16 2 16 19 11 0 2 11 5 30 3 5 30 3 12 16 2 0 2 8 13 6 3 0 21.9710909128189087
17 18 2 5 30 3 0 2 4 1 2 7 1 2 7 0 2 7 12 16 2 0 2 7 6 2 7 0 2 7 0 2 7 17 18 2 13 6 3 1 2 7 0 2 7 0 2 7 1 2 4 12 16 2 5 31 3 0 2 7 0 20.3487167954444885
12 16 2 17 9 2 0 2 7 1 2 7 5 30 3 1 2 4 0 2 7 12 16 2 0 2 7 0 2 7 1 2 7 0 2 11 1 2 11 0 2 7 0 2 7 13 6 3 13 6 3 12 16 2 17 9 2 12 16 2 0 20.3046586513519287

Current Evaluation = 3060(3060)
Front Size = 10
1 2 7 0 2 7 13 6 3 0 2 7 5 30 3 1 2 7 0 2 7 0 2 7 1 2 7 17 9 2 5 31 3 0 2 7 0 2 7 1 2 7 1 2 7 0 2 7 0 2 7 0 2 7 12 16 2 17 9 2 0 20.2646257877349854
12 16 2 17 9 2 0 2 7 5 30 3 5 30 3 0 2 4 12 16 2 0 2 3 0 2 7 0 2 7 12 16 2 0 2 7 0 2 7 1 2 7 0 2 11 13 6 3 1 2 7 8 9 2 1 2 7 16 6 2 0 20.6301087141036987
0 2 7 0 2 7 0 2 7 1 2 7 0 2 7 0 2 7 1 2 7 0 2 7 12 16 2 0 2 7 5 31 3 0 2 7 0 2 7 0 2 7 1 2 4 16 6 2 5 31 3 17 18 2 1 2 4 6 2 7 0 20.4595978856086731
12 16 2 17 9 2 1 2 7 1 2 11 5 30 3 1 2 11 0 2 7 12 16 2 0 2 7 0 2 7 1 2 7 0 2 7 0 2 7 13 6 3 0 2 4 0 2 7 13 6 3 12 16 2 17 9 2 12 16 2 0 20.3046585321426392
12 16 2 0 2 4 0 2 7 13 6 3 6 2 7 0 2 7 5 30 3 1 2 7 0 2 7 0 2 7 0 2 4 1 2 7 17 9 2 5 31 3 0 2 7 0 2 7 12 16 2 17 18 2 1 2 7 1 2 7 0 20.3487167954444885
0 2 3 0 2 3 0 2 7 0 2 7 12 16 2 5 31 3 16 6 2 0 2 3 0 2 10 1 2 3 1 2 7 16 18 11 0 2 7 0 2 7 12 16 2 1 2 3 5 30 3 0 2 7 0 2 7 1 2 3 0 21.3628018498420715
12 16 2 0 2 4 16 30 2 12 16 2 5 31 3 0 2 7 0 2 3 0 2 7 0 2 7 0 2 7 1 2 4 0 2 7 13 6 3 1 2 7 1 2 7 1 2 7 17 18 2 5 30 3 0 2 7 12 16 2 0 20.4516057968139648
6 2 11 6 2 11 12 16 2 5 31 3 5 31 3 0 2 7 0 2 7 12 16 2 5 30 3 0 2 7 0 2 7 0 2 7 0 2 11 0 2 7 0 2 7 16 19 11 17 18 2 0 2 11 0 2 7 6 2 11 0 21.7955789566040039
0 2 11 12 16 2 0 2 7 5 31 3 0 2 8 0 2 7 0 2 8 16 6 2 12 16 2 0 2 7 0 2 11 0 2 7 12 16 2 16 19 11 0 2 11 5 30 3 5 30 3 12 16 2 0 2 8 13 6 3 0 21.9710909128189087
0 2 7 0 2 7 12 16 2 5 31 3 1 2 7 0 2 7 0 2 7 12 16 2 5 30 3 0 2 7 1 2 11 0 2 4 0 2 7 16 31 2 17 9 2 0 2 7 1 2 7 0 2 7 1 2 7 1 2 4 0 20.6953257322311401

Current Evaluation = 3240(3240)
Front Size = 10
0 2 7 12 16 2 0 2 7 0 2 7 0 2 7 0 2 7 13 6 3 1 2 7 1 2 7 5 30 3 0 2 7 17 9 2 1 2 7 1 2 7 17 18 2 0 2 7 1 2 7 0 2 7 0 2 7 5 31 3 0 20.2646257877349854
12 16 2 17 9 2 0 2 7 1 2 11 5 30 3 1 2 7 12 16 2 0 2 7 0 2 7 1 2 4 0 2 7 0 2 7 13 6 3 0 2 7 13 6 3 12 16 2 12 16 2 0 2 7 1 2 11 17 9 2 0 20.3046585321426392
12 16 2 12 16 2 0 2 4 0 2 7 0 2 7 0 2 7 13 6 3 1 2 7 1 2 7 5 30 3 0 2 7 17 9 2 0 2 7 1 2 7 17 18 2 1 2 11 0 2 11 12 16 2 12 16 2 13 6 3 0 20.3046586513519287
12 16 2 1 2 7 12 16 2 0 2 7 0 2 7 0 2 4 0 2 7 0 2 7 13 6 3 1 2 11 1 2 11 5 30 3 0 2 7 12 16 2 17 9 2 12 16 2 0 2 7 13 6 3 1 2 7 17 18 2 0 20.3046585321426392
12 16 2 1 2 7 12 16 2 0 2 7 1 2 4 0 2 7 0 2 7 0 2 7 13 6 3 1 2 11 5 30 3 0 2 7 12 16 2 17 9 2 12 16 2 13 6 3 1 2 11 0 2 7 0 2 7 17 18 2 0 20.3046585321426392
12 16 2 12 16 2 0 2 7 0 2 7 12 16 2 5 30 3 12 16 2 13 6 3 17 9 2 0 2 7 13 6 3 0 2 7 0 2 7 6 2 7 0 2 11 0 2 11 12 16 2 0 2 11 16 19 11 5 30 3 0 21.1127076745033264
12 16 2 1 2 7 12 16 2 0 2 7 0 2 7 0 2 4 0 2 7 0 2 7 13 6 3 1 2 11 1 2 11 5 30 3 0 2 7 12 16 2 17 9 2 12 16 2 0 2 7 13 6 3 1 2 7 17 9 2 0 20.3046585321426392
0 2 3 0 2 3 0 2 7 0 2 7 12 16 2 5 31 3 16 6 2 0 2 3 0 2 10 1 2 3 1 2 7 16 18 11 0 2 7 0 2 7 12 16 2 1 2 3 5 30 3 0 2 7 0 2 7 1 2 3 0 21.3628018498420715
12 16 2 0 2 7 1 2 7 0 2 4 0 2 7 0 2 7 0 2 7 0 2 7 13 6 3 5 30 3 6 2 7 12 16 2 0 2 7 1 2 7 17 9 2 1 2 7 5 31 3 17 9 2 0 2 7 1 2 4 0 20.3487167954444885
12 16 2 0 2 7 12 16 2 0 2 7 0 2 7 0 2 4 0 2 7 1 2 7 17 18 2 0 2 7 0 2 4 1 2 7 5 31 3 1 2 3 5 30 3 12 16 2 1 2 7 0 2 7 13 6 3 16 30 2 0 20.4516057968139648

Current Evaluation = 3420(3420)
Front Size = 10
0 2 7 12 16 2 0 2 7 5 30 3 1 2 7 0 2 7 5 31 3 0 2 7 1 2 7 1 2 7 0 2 7 0 2 7 1 2 7 13 6 3 17 18 2 0 2 7 0 2 7 0 2 7 1 2 7 17 18 2 0 20.2646257877349854
1 2 7 0 2 7 0 2 7 1 2 7 5 30 3 17 18 2 0 2 7 0 2 7 0 2 7 0 2 7 0 2 7 0 2 7 12 16 2 17 9 2 1 2 7 13 6 3 1 2 7 5 31 3 1 2 7 0 2 7 0 20.2646257877349854
12 16 2 12 16 2 0 2 7 1 2 7 0 2 7 5 30 3 12 16 2 13 6 3 17 9 2 0 2 7 0 2 7 0 2 7 0 2 7 0 2 7 1 2 11 13 6 3 1 2 11 17 9 2 12 16 2 1 2 4 0 20.3046585321426392
12 16 2 12 16 2 1 2 7 0 2 11 5 30 3 1 2 7 0 2 7 0 2 7 1 2 7 1 2 7 0 2 7 0 2 7 17 18 2 13 6 3 5 30 3 8 9 2 0 2 7 0 2 1 0 2 7 17 9 2 0 20.7305498123168945
12 16 2 12 16 2 1 2 3 0 2 7 0 2 7 5 30 3 12 16 2 0 2 7 17 1 2 0 2 11 13 6 3 0 2 7 0 2 7 0 2 7 17 18 2 0 2 10 12 16 2 0 2 7 1 2 7 5 30 3 0 20.9307006597518921
12 16 2 12 16 2 0 2 7 0 2 3 5 30 3 0 2 7 0 2 4 0 2 7 1 2 7 0 2 3 0 2 7 16 9 11 0 2 7 1 2 3 12 16 2 1 2 7 5 31 3 0 2 3 16 18 1 0 2 7 0 21.6737686991691589
12 16 2 12 16 2 0 2 7 0 2 7 5 30 3 1 2 7 5 30 3 0 2 7 0 2 7 1 2 7 0 2 7 1 2 4 0 2 7 8 9 2 0 2 7 1 2 7 0 2 3 0 2 7 17 1 2 17 18 2 0 20.7358447313308716
12 16 2 0 2 7 0 2 7 1 2 7 5 30 3 13 6 3 0 2 7 0 2 7 0 2 7 0 2 7 12 16 2 6 2 7 1 2 11 1 2 11 1 2 4 1 2 7 0 2 4 17 18 2 0 2 7 1 2 7 0.00260061173590102855 20.2184436917304993
1 2 7 0 2 7 0 2 7 0 2 7 5 31 3 13 6 3 17 18 2 0 2 7 1 2 7 1 2 7 0 2 7 6 2 7 0 2 7 12 16 2 5 30 3 1 2 7 17 18 2 12 16 2 0 2 4 0 2 4 0 20.3487167954444885
12 16 2 0 2 7 0 2 7 1 2 7 5 30 3 13 6 3 0 2 7 0 2 7 0 2 7 0 2 7 1 2 7 17 18 2 0 2 7 1 2 7 0 2 7 6 2 7 1 2 11 1 2 11 0 2 7 17 18 2 0.00565801484125896988 20.0786446928977966

Current Evaluation = 3600(3600)
Front Size = 10
0 2 7 1 2 7 1 2 7 0 2 7 5 30 3 13 6 3 0 2 7 0 2 7 0 2 7 1 2 7 0 2 7 17 9 2 1 2 7 12 16 2 5 31 3 0 2 7 1 2 7 0 2 7 0 2 7 17 9 2 0 20.2646257877349854
0 2 7 1 2 7 1 2 7 0 2 7 0 2 7 5 30 3 13 6 3 0 2 7 0 2 7 0 2 7 17 18 2 0 2 7 17 18 2 1 2 7 1 2 7 5 31 3 0 2 7 0 2 7 12 16 2 1 2 7 0 20.2646257877349854
12 16 2 12 16 2 1 2 7 0 2 7 0 2 7 5 30 3 12 16 2 13 6 3 1 2 4 0 2 7 0 2 7 0 2 7 1 2 11 12 16 2 0 2 7 17 18 2 13 6 3 0 2 7 17 9 2 1 2 11 0 20.3046585321426392
12 16 2 12 16 2 0 2 7 1 2 7 0 2 7 5 30 3 12 16 2 13 6 3 0 2 7 0 2 4 0 2 4 1 2 7 0 2 7 12 16 2 8 18 2 0 2 1 17 9 2 1 2 4 17 9 2 1 2 4 0 20.6559027433395386
12 16 2 12 16 2 6 2 7 1 2 7 0 2 7 5 30 3 13 6 3 0 2 7 0 2 7 1 2 7 1 2 4 0 2 7 17 18 2 5 31 3 0 2 7 0 2 7 0 2 7 1 2 4 17 9 2 0 2 7 0 20.3487167954444885
0 2 7 0 2 7 1 2 7 0 2 7 5 30 3 0 2 7 1 2 7 0 2 7 1 2 7 0 2 7 17 9 2 16 19 12 12 16 2 8 9 2 12 16 2 5 30 3 12 16 2 13 6 3 0 2 7 0 2 3 0 20.9297586679458618
12 16 2 12 16 2 0 2 7 1 2 7 0 2 7 5 30 3 12 16 2 13 6 3 1 2 11 0 2 7 0 2 7 0 2 4 1 2 7 12 16 2 0 2 11 17 18 2 13 6 3 0 2 7 17 9 2 1 2 7 0 20.3046586513519287
12 16 2 0 2 7 1 2 7 0 2 7 5 30 3 13 6 3 0 2 7 1 2 7 0 2 7 12 16 2 17 18 2 0 2 4 0 2 4 12 16 2 8 18 2 0 2 1 1 2 7 1 2 7 17 18 2 1 2 4 1.0753030645641715e-05 20.4575527906417847
12 16 2 1 2 7 0 2 7 0 2 7 5 30 3 13 6 3 0 2 11 1 2 4 0 2 7 13 6 3 12 16 2 12 16 2 0 2 7 17 18 2 12 16 2 1 2 7 17 18 2 0 2 7 0 2 7 1 2 11 0 20.3046586513519287
1 2 7 12 16 2 0 2 7 1 2 4 1 2 7 5 30 3 13 6 3 0 2 7 0 2 7 0 2 4 1 2 7 17 18 2 0 2 7 0 2 7 17 18 2 0 2 7 12 16 2 0 2 7 5 31 3 6 2 7 0 20.3487167954444885

MonoObjective Genetic Algorithm
Number of Evaluations = 0
Mutation Probability = 0
Crossover Probability = 1
Population Size = 10
Survival Selection Type = 16

Time =  3605.09442210197449

Current Evaluation = 3380
Front Size = 10
0 2 7 1 2 7 1 2 7 0 2 7 5 30 3 13 6 3 0 2 7 0 2 7 0 2 7 1 2 7 0 2 7 17 9 2 1 2 7 12 16 2 5 31 3 0 2 7 1 2 7 0 2 7 0 2 7 17 9 2 0 20.2646257877349854
0 2 7 1 2 7 1 2 7 0 2 7 0 2 7 5 30 3 13 6 3 0 2 7 0 2 7 0 2 7 17 18 2 0 2 7 17 18 2 1 2 7 1 2 7 5 31 3 0 2 7 0 2 7 12 16 2 1 2 7 0 20.2646257877349854
12 16 2 12 16 2 1 2 7 0 2 7 0 2 7 5 30 3 12 16 2 13 6 3 1 2 4 0 2 7 0 2 7 0 2 7 1 2 11 12 16 2 0 2 7 17 18 2 13 6 3 0 2 7 17 9 2 1 2 11 0 20.3046585321426392
12 16 2 12 16 2 0 2 7 1 2 7 0 2 7 5 30 3 12 16 2 13 6 3 0 2 7 0 2 4 0 2 4 1 2 7 0 2 7 12 16 2 8 18 2 0 2 1 17 9 2 1 2 4 17 9 2 1 2 4 0 20.6559027433395386
12 16 2 12 16 2 6 2 7 1 2 7 0 2 7 5 30 3 13 6 3 0 2 7 0 2 7 1 2 7 1 2 4 0 2 7 17 18 2 5 31 3 0 2 7 0 2 7 0 2 7 1 2 4 17 9 2 0 2 7 0 20.3487167954444885
0 2 7 0 2 7 1 2 7 0 2 7 5 30 3 0 2 7 1 2 7 0 2 7 1 2 7 0 2 7 17 9 2 16 19 12 12 16 2 8 9 2 12 16 2 5 30 3 12 16 2 13 6 3 0 2 7 0 2 3 0 20.9297586679458618
12 16 2 12 16 2 0 2 7 1 2 7 0 2 7 5 30 3 12 16 2 13 6 3 1 2 11 0 2 7 0 2 7 0 2 4 1 2 7 12 16 2 0 2 11 17 18 2 13 6 3 0 2 7 17 9 2 1 2 7 0 20.3046586513519287
12 16 2 0 2 7 1 2 7 0 2 7 5 30 3 13 6 3 0 2 7 1 2 7 0 2 7 12 16 2 17 18 2 0 2 4 0 2 4 12 16 2 8 18 2 0 2 1 1 2 7 1 2 7 17 18 2 1 2 4 1.0753030645641715e-05 20.4575527906417847
12 16 2 1 2 7 0 2 7 0 2 7 5 30 3 13 6 3 0 2 11 1 2 4 0 2 7 13 6 3 12 16 2 12 16 2 0 2 7 17 18 2 12 16 2 1 2 7 17 18 2 0 2 7 0 2 7 1 2 11 0 20.3046586513519287
1 2 7 12 16 2 0 2 7 1 2 4 1 2 7 5 30 3 13 6 3 0 2 7 0 2 7 0 2 4 1 2 7 17 18 2 0 2 7 0 2 7 17 18 2 0 2 7 12 16 2 0 2 7 5 31 3 6 2 7 0 20.3487167954444885

