Current Evaluation = 180(180)
Front Size = 10
1 2 7 0 2 7 12 16 2 0 2 7 0 2 7 0 2 7 0 2 7 5 30 3 1 2 7 17 18 2 1 2 7 13 6 3 17 9 2 5 31 3 0 2 7 0 2 7 0 2 7 0 2 7 1 2 7 1 2 7 0 20.2646257877349854
0 2 12 0 2 3 0 2 12 12 16 2 0 2 3 5 30 3 12 16 2 1 2 12 16 19 12 1 2 3 12 16 2 0 2 3 8 18 2 5 31 3 16 18 12 0 2 12 0 2 3 8 18 2 12 16 2 0 2 12 3.06509554013399571e-05 22.7096580266952515
5 30 3 0 2 3 0 2 3 0 2 3 0 2 7 5 30 3 12 16 2 12 16 2 0 2 3 0 2 7 1 2 3 0 2 4 1 2 3 0 2 3 1 2 3 16 18 11 1 2 3 1 2 7 0 2 3 0 2 3 0 21.9243149161338806
0 2 10 12 16 2 5 30 3 1 2 7 0 2 4 1 2 3 0 2 7 0 2 3 1 2 7 1 2 7 17 18 2 0 2 3 5 31 3 16 6 2 0 2 4 0 2 10 0 2 7 6 2 3 0 2 3 0 2 7 0 20.9673188924789429
0 2 8 0 2 8 0 2 3 12 16 2 0 2 8 5 30 3 12 16 2 1 2 8 16 19 1 0 2 8 0 2 8 0 2 8 8 18 2 5 30 3 16 18 8 0 2 8 1 2 8 8 18 2 12 16 2 0 2 8 7.45986468366225872e-05 23.1617811918258667
5 30 3 0 2 11 16 19 11 5 30 3 16 19 11 0 2 11 0 2 7 0 2 7 5 30 3 0 2 8 0 2 8 0 2 11 6 2 11 0 2 7 6 2 7 0 2 8 1 2 11 0 2 11 0 2 7 12 16 2 0.00100210410467648815 22.1951890587806702
0 2 7 12 16 2 5 31 3 12 16 2 6 2 7 0 2 7 1 2 11 1 2 10 0 2 1 0 2 7 1 2 7 6 2 11 0 2 4 5 31 3 5 30 3 0 2 7 0 2 3 16 19 1 0 2 7 0 2 8 0.0120796509913155565 22.0605350136756897
12 16 2 5 30 3 1 2 7 0 2 11 0 2 3 1 2 10 1 2 4 0 2 7 0 2 7 1 2 7 0 2 11 8 18 2 17 9 2 17 18 2 0 2 4 1 2 7 0 2 7 5 30 3 0 2 11 0 2 7 0 20.9925910234451294
12 16 2 5 30 3 0 2 7 0 2 7 1 2 7 0 2 7 17 9 2 1 2 8 16 19 1 5 31 3 0 2 8 0 2 8 8 18 2 5 30 3 1 2 7 0 2 8 0 2 7 8 18 2 0 2 7 0 2 8 0.00805061791579011338 22.0935291051864624
5 30 3 0 2 3 5 30 3 12 16 2 0 2 11 0 2 8 6 2 11 16 19 11 0 2 8 1 2 11 1 2 8 12 16 2 0 2 8 16 19 1 0 2 7 0 2 1 5 31 3 6 2 7 6 2 3 0 2 8 0.00287491719797587078 22.7784550786018372

Current Evaluation = 360(360)
Front Size = 10
5 30 3 0 2 7 12 16 2 0 2 7 0 2 7 0 2 7 0 2 7 0 2 7 1 2 7 5 31 3 0 2 7 1 2 7 1 2 7 17 9 2 1 2 7 13 6 3 1 2 7 0 2 7 17 18 2 0 2 7 0 20.2646257877349854
5 30 3 6 2 8 12 16 2 0 2 11 0 2 7 0 2 11 0 2 3 1 2 11 5 30 3 0 2 11 8 9 2 16 19 11 0 2 11 5 30 3 0 2 8 0 2 8 0 2 11 1 2 7 17 18 2 0 2 3 0 22.310090184211731
5 30 3 0 2 7 12 16 2 0 2 4 1 2 6 0 2 7 5 30 3 0 2 7 0 2 3 16 9 11 0 2 7 1 2 3 0 2 3 17 9 2 1 2 3 0 2 7 1 2 3 0 2 3 0 2 10 1 2 3 0 21.4479638934135437
0 2 12 0 2 3 0 2 12 12 16 2 0 2 3 5 30 3 12 16 2 1 2 12 16 19 12 1 2 3 12 16 2 0 2 3 8 18 2 5 31 3 16 18 12 0 2 12 0 2 3 8 18 2 12 16 2 0 2 12 3.06509554013399571e-05 22.7096580266952515
0 2 8 0 2 8 0 2 3 12 16 2 0 2 8 5 30 3 12 16 2 1 2 8 16 19 1 0 2 8 0 2 8 0 2 8 8 18 2 5 30 3 16 18 8 0 2 8 1 2 8 8 18 2 12 16 2 0 2 8 7.45986468366225872e-05 23.1617811918258667
12 16 2 1 2 4 12 16 2 5 30 3 17 18 2 0 2 7 0 2 4 0 2 7 0 2 4 1 2 7 1 2 1 1 2 7 17 18 2 8 18 2 12 16 2 0 2 7 13 6 3 0 2 4 12 16 2 0 2 7 0 20.6559027433395386
0 2 10 12 16 2 5 30 3 1 2 7 0 2 4 1 2 3 0 2 7 0 2 3 1 2 7 1 2 7 17 18 2 0 2 3 5 31 3 16 6 2 0 2 4 0 2 10 0 2 7 6 2 3 0 2 3 0 2 7 0 20.9673188924789429
0 2 3 12 16 2 0 2 7 5 30 3 1 2 7 0 2 7 5 30 3 1 2 8 0 2 7 12 16 2 0 2 7 16 19 1 12 16 2 8 9 2 16 6 2 0 2 3 0 2 7 0 2 7 8 9 2 0 2 7 0 21.5481636524200439
5 30 3 12 16 2 5 31 3 6 2 11 0 2 7 6 2 7 0 2 7 0 2 7 12 16 2 16 19 11 0 2 7 0 2 7 5 31 3 0 2 7 0 2 11 0 2 7 17 9 2 0 2 11 0 2 11 6 2 11 0 21.7955790162086487
12 16 2 5 30 3 0 2 7 0 2 7 1 2 7 0 2 7 17 9 2 1 2 8 16 19 1 5 31 3 0 2 8 0 2 8 8 18 2 5 30 3 1 2 7 0 2 8 0 2 7 8 18 2 0 2 7 0 2 8 0.00805061791579011338 22.0935291051864624

Current Evaluation = 540(540)
Front Size = 10
5 30 3 12 16 2 0 2 7 0 2 7 0 2 7 1 2 7 17 18 2 5 31 3 1 2 7 1 2 7 0 2 7 17 9 2 0 2 7 13 6 3 0 2 7 0 2 7 1 2 7 1 2 7 0 2 7 0 2 7 0 20.2646257877349854
0 2 8 0 2 8 0 2 3 12 16 2 0 2 8 5 30 3 12 16 2 1 2 8 16 19 1 0 2 8 0 2 8 0 2 8 8 18 2 5 30 3 16 18 8 0 2 8 1 2 8 8 18 2 12 16 2 0 2 8 7.45986468366225872e-05 23.1617811918258667
0 2 12 0 2 3 0 2 12 12 16 2 0 2 3 5 30 3 12 16 2 1 2 12 16 19 12 1 2 3 12 16 2 0 2 3 8 18 2 5 31 3 16 18 12 0 2 12 0 2 3 8 18 2 12 16 2 0 2 12 3.06509554013399571e-05 22.7096580266952515
5 30 3 0 2 7 12 16 2 0 2 4 1 2 6 0 2 7 5 30 3 0 2 7 0 2 3 16 9 11 0 2 7 1 2 3 0 2 3 17 9 2 1 2 3 0 2 7 1 2 3 0 2 3 0 2 10 1 2 3 0 21.4479638934135437
5 31 3 12 16 2 0 2 4 0 2 4 0 2 7 0 2 4 0 2 7 1 2 7 1 2 7 12 16 2 12 16 2 12 16 2 17 18 2 13 6 3 17 18 2 1 2 7 1 2 4 0 2 1 0 2 7 1 2 4 0 20.6123768091201782
0 2 10 12 16 2 5 30 3 1 2 7 0 2 4 1 2 3 0 2 7 0 2 3 1 2 7 1 2 7 17 18 2 0 2 3 5 31 3 16 6 2 0 2 4 0 2 10 0 2 7 6 2 3 0 2 3 0 2 7 0 20.9673188924789429
0 2 3 12 16 2 0 2 7 5 30 3 1 2 7 0 2 7 5 30 3 1 2 8 0 2 7 12 16 2 0 2 7 16 19 1 12 16 2 8 9 2 16 6 2 0 2 3 0 2 7 0 2 7 8 9 2 0 2 7 0 21.5481636524200439
5 30 3 12 16 2 5 30 3 0 2 7 0 2 7 0 2 11 0 2 7 1 2 11 0 2 7 17 18 2 0 2 11 6 2 7 5 31 3 0 2 7 1 2 11 0 2 10 17 9 2 0 2 7 6 2 7 0 2 11 0 21.3925979137420654
12 16 2 5 30 3 0 2 7 0 2 7 1 2 7 0 2 7 17 9 2 1 2 8 16 19 1 5 31 3 0 2 8 0 2 8 8 18 2 5 30 3 1 2 7 0 2 8 0 2 7 8 18 2 0 2 7 0 2 8 0.00805061791579011338 22.0935291051864624
12 16 2 0 2 7 0 2 7 1 2 7 0 2 7 5 30 3 17 9 2 0 2 11 0 2 8 8 18 2 12 16 2 12 16 2 0 2 11 17 18 2 13 6 3 0 2 11 1 2 7 1 2 4 0 2 11 1 2 4 0.000817049755440397876 20.9057050943374634

Current Evaluation = 720(720)
Front Size = 10
0 2 7 0 2 7 1 2 7 0 2 7 0 2 7 1 2 7 5 30 3 1 2 7 17 9 2 5 31 3 12 16 2 0 2 7 0 2 7 0 2 7 0 2 7 0 2 7 1 2 7 13 6 3 17 9 2 1 2 7 0 20.2646257877349854
0 2 12 0 2 3 0 2 12 12 16 2 0 2 3 5 30 3 12 16 2 1 2 12 16 19 12 1 2 3 12 16 2 0 2 3 8 18 2 5 31 3 16 18 12 0 2 12 0 2 3 8 18 2 12 16 2 0 2 12 3.06509554013399571e-05 22.7096580266952515
5 30 3 12 16 2 5 30 3 0 2 7 0 2 11 0 2 11 0 2 7 5 30 3 0 2 11 6 2 11 17 18 2 0 2 11 12 16 2 16 19 11 0 2 11 6 2 11 8 18 2 0 2 11 0 2 7 0 2 11 0 22.1409331560134888
5 30 3 0 2 7 12 16 2 0 2 4 1 2 6 0 2 7 5 30 3 0 2 7 0 2 3 16 9 11 0 2 7 1 2 3 0 2 3 17 9 2 1 2 3 0 2 7 1 2 3 0 2 3 0 2 10 1 2 3 0 21.4479638934135437
0 2 8 0 2 8 0 2 3 12 16 2 0 2 8 5 30 3 12 16 2 1 2 8 16 19 1 0 2 8 0 2 8 0 2 8 8 18 2 5 30 3 16 18 8 0 2 8 1 2 8 8 18 2 12 16 2 0 2 8 7.45986468366225872e-05 23.1617811918258667
8 18 2 12 16 2 0 2 7 0 2 4 1 2 1 1 2 4 17 18 2 1 2 7 17 9 2 1 2 7 0 2 7 0 2 7 0 2 4 0 2 4 5 30 3 13 6 3 12 16 2 0 2 7 12 16 2 12 16 2 0 20.6559027433395386
1 2 11 1 2 7 0 2 3 5 30 3 17 9 2 1 2 7 8 18 2 5 30 3 0 2 7 0 2 7 0 2 7 1 2 11 0 2 4 0 2 7 1 2 7 0 2 7 0 2 7 17 18 2 1 2 11 0 2 1 0 20.9352407455444336
0 2 10 12 16 2 5 30 3 12 16 2 12 16 2 12 16 2 8 18 2 5 30 3 0 2 7 0 2 3 16 18 11 0 2 3 0 2 3 1 2 7 1 2 10 0 2 3 1 2 7 0 2 7 0 2 10 0 2 7 0 21.8962677121162415
5 31 3 1 2 3 12 16 2 1 2 7 0 2 3 0 2 7 16 30 2 1 2 7 1 2 7 0 2 7 0 2 7 0 2 7 16 6 2 0 2 4 0 2 7 5 31 3 0 2 3 0 2 7 0 2 7 12 16 2 0 20.7824869155883789
12 16 2 5 30 3 0 2 7 0 2 7 1 2 7 0 2 7 17 9 2 1 2 8 16 19 1 5 31 3 0 2 8 0 2 8 8 18 2 5 30 3 1 2 7 0 2 8 0 2 7 8 18 2 0 2 7 0 2 8 0.00805061791579011338 22.0935291051864624

Current Evaluation = 900(900)
Front Size = 10
12 16 2 0 2 7 1 2 7 0 2 7 5 30 3 1 2 7 0 2 7 17 9 2 0 2 7 0 2 7 0 2 7 0 2 7 0 2 7 13 6 3 17 18 2 0 2 7 1 2 7 5 31 3 1 2 7 1 2 7 0 20.2646257877349854
12 16 2 5 30 3 0 2 11 6 2 11 0 2 7 17 18 2 5 30 3 1 2 11 0 2 11 17 18 2 5 30 3 0 2 1 8 18 2 0 2 7 6 2 1 0 2 11 6 2 11 0 2 7 0 2 11 0 2 7 0 21.8570650815963745
12 16 2 5 30 3 0 2 7 0 2 7 12 16 2 0 2 7 13 6 3 12 16 2 17 9 2 13 6 3 1 2 7 12 16 2 1 2 7 0 2 4 1 2 11 1 2 11 17 9 2 0 2 7 0 2 7 0 2 7 0 20.3046585321426392
12 16 2 5 30 3 5 30 3 0 2 10 0 2 11 0 2 7 1 2 11 0 2 10 0 2 7 1 2 7 1 2 7 0 2 10 17 9 2 1 2 7 17 18 2 0 2 4 0 2 11 8 9 2 0 2 4 1 2 7 0 21.0005909204483032
0 2 12 0 2 3 0 2 12 12 16 2 0 2 3 5 30 3 12 16 2 1 2 12 16 19 12 1 2 3 12 16 2 0 2 3 8 18 2 5 31 3 16 18 12 0 2 12 0 2 3 8 18 2 12 16 2 0 2 12 3.06509554013399571e-05 22.7096580266952515
0 2 8 0 2 8 0 2 3 12 16 2 0 2 8 5 30 3 12 16 2 1 2 8 16 19 1 0 2 8 0 2 8 0 2 8 8 18 2 5 30 3 16 18 8 0 2 8 1 2 8 8 18 2 12 16 2 0 2 8 7.45986468366225872e-05 23.1617811918258667
12 16 2 12 16 2 12 16 2 0 2 8 0 2 4 0 2 7 1 2 7 1 2 7 8 18 2 0 2 8 0 2 1 1 2 7 0 2 8 0 2 4 1 2 8 0 2 4 0 2 8 17 18 2 5 30 3 0 2 7 0.00989678511694280783 21.7638490200042725
12 16 2 12 16 2 5 31 3 0 2 7 0 2 7 0 2 12 5 31 3 5 30 3 1 2 12 1 2 4 1 2 3 16 6 2 0 2 10 8 18 2 16 18 12 0 2 7 17 18 2 1 2 7 12 16 2 0 2 12 0.114439990733282607 21.5846219062805176
12 16 2 5 30 3 0 2 7 0 2 7 1 2 7 0 2 7 17 9 2 1 2 8 16 19 1 5 31 3 0 2 8 0 2 8 8 18 2 5 30 3 1 2 7 0 2 8 0 2 7 8 18 2 0 2 7 0 2 8 0.00805061791579011338 22.0935291051864624
12 16 2 5 31 3 0 2 4 0 2 7 12 16 2 1 2 7 1 2 7 13 6 3 12 16 2 17 9 2 0 2 1 1 2 7 0 2 4 0 2 4 1 2 4 0 2 4 1 2 7 17 18 2 12 16 2 0 2 7 0 20.6123768091201782

Current Evaluation = 1080(1080)
Front Size = 10
12 16 2 5 30 3 5 31 3 0 2 7 0 2 7 0 2 7 1 2 7 0 2 7 0 2 7 1 2 7 1 2 7 1 2 7 17 9 2 0 2 7 17 18 2 0 2 7 0 2 7 13 6 3 0 2 7 1 2 7 0 20.2646257877349854
12 16 2 5 31 3 0 2 4 0 2 7 12 16 2 1 2 7 1 2 7 13 6 3 12 16 2 17 9 2 0 2 1 1 2 7 0 2 4 0 2 4 1 2 4 0 2 4 1 2 7 17 18 2 12 16 2 0 2 7 0 20.6123768091201782
12 16 2 5 30 3 0 2 7 0 2 7 12 16 2 0 2 7 13 6 3 12 16 2 17 9 2 13 6 3 1 2 7 12 16 2 1 2 7 0 2 4 1 2 11 1 2 11 17 9 2 0 2 7 0 2 7 0 2 7 0 20.3046585321426392
12 16 2 5 30 3 0 2 11 6 2 11 0 2 7 17 18 2 5 30 3 1 2 11 0 2 11 17 18 2 5 30 3 0 2 1 8 18 2 0 2 7 6 2 1 0 2 11 6 2 11 0 2 7 0 2 11 0 2 7 0 21.8570650815963745
12 16 2 5 30 3 5 30 3 0 2 7 0 2 7 1 2 4 0 2 7 0 2 7 17 18 2 1 2 7 12 16 2 13 6 3 12 16 2 16 31 2 1 2 4 0 2 7 0 2 7 0 2 7 1 2 7 0 2 3 0 20.4516056776046753
0 2 8 8 9 2 5 30 3 0 2 3 0 2 3 0 2 3 12 16 2 16 19 13 0 2 8 0 2 8 0 2 8 16 19 12 5 30 3 0 2 8 0 2 3 5 30 3 0 2 8 0 2 8 1 2 7 0 2 8 1.34547003131860888e-05 23.0371603965759277
0 2 12 0 2 3 0 2 12 12 16 2 0 2 3 5 30 3 12 16 2 1 2 12 16 19 12 1 2 3 12 16 2 0 2 3 8 18 2 5 31 3 16 18 12 0 2 12 0 2 3 8 18 2 12 16 2 0 2 12 3.06509554013399571e-05 22.7096580266952515
1 2 7 5 30 3 5 30 3 0 2 11 0 2 7 1 2 11 1 2 7 0 2 3 0 2 4 1 2 7 1 2 7 0 2 7 17 9 2 0 2 4 17 18 2 0 2 11 0 2 7 8 9 2 0 2 11 1 2 7 0 20.8198410272598267
12 16 2 1 2 7 5 30 3 5 31 3 0 2 7 0 2 7 0 2 3 16 6 2 0 2 3 0 2 7 1 2 3 12 16 2 0 2 3 0 2 3 0 2 7 16 9 11 1 2 3 1 2 11 0 2 4 0 2 7 0 21.3884018063545227
0 2 8 0 2 8 0 2 3 12 16 2 0 2 8 5 30 3 12 16 2 1 2 8 16 19 1 0 2 8 0 2 8 0 2 8 8 18 2 5 30 3 16 18 8 0 2 8 1 2 8 8 18 2 12 16 2 0 2 8 7.45986468366225872e-05 23.1617811918258667

Current Evaluation = 1260(1260)
Front Size = 10
1 2 7 5 30 3 0 2 7 1 2 7 1 2 7 1 2 7 0 2 7 17 9 2 17 18 2 0 2 7 1 2 7 0 2 7 0 2 7 0 2 7 0 2 7 0 2 7 13 6 3 0 2 7 12 16 2 5 31 3 0 20.2646257877349854
0 2 3 12 16 2 1 2 7 0 2 3 12 16 2 1 2 7 0 2 4 1 2 3 0 2 3 16 6 2 0 2 3 0 2 11 1 2 3 5 30 3 16 18 11 0 2 7 5 31 3 0 2 7 0 2 7 0 2 7 0 21.3884019255638123
12 16 2 5 30 3 0 2 7 0 2 7 12 16 2 0 2 7 1 2 11 1 2 7 0 2 4 0 2 7 13 6 3 12 16 2 17 9 2 13 6 3 12 16 2 0 2 7 1 2 11 17 9 2 0 2 7 1 2 7 0 20.3046585321426392
1 2 7 5 30 3 5 30 3 0 2 11 0 2 7 1 2 11 1 2 7 0 2 3 0 2 4 1 2 7 1 2 7 0 2 7 17 9 2 0 2 4 17 18 2 0 2 11 0 2 7 8 9 2 0 2 11 1 2 7 0 20.8198410272598267
0 2 3 12 16 2 5 30 3 0 2 7 8 9 2 0 2 4 0 2 7 13 6 3 12 16 2 0 2 7 1 2 7 12 16 2 5 30 3 0 2 11 0 2 7 17 18 2 1 2 7 1 2 7 16 6 2 0 2 7 0 20.6301087141036987
0 2 8 8 9 2 5 30 3 0 2 3 0 2 3 0 2 3 12 16 2 16 19 13 0 2 8 0 2 8 0 2 8 16 19 12 5 30 3 0 2 8 0 2 3 5 30 3 0 2 8 0 2 8 1 2 7 0 2 8 1.34547003131860888e-05 23.0371603965759277
0 2 12 0 2 3 0 2 12 12 16 2 0 2 3 5 30 3 12 16 2 1 2 12 16 19 12 1 2 3 12 16 2 0 2 3 8 18 2 5 31 3 16 18 12 0 2 12 0 2 3 8 18 2 12 16 2 0 2 12 3.06509554013399571e-05 22.7096580266952515
12 16 2 5 30 3 0 2 11 6 2 11 0 2 7 17 18 2 5 30 3 1 2 11 0 2 11 17 18 2 5 30 3 0 2 1 8 18 2 0 2 7 6 2 1 0 2 11 6 2 11 0 2 7 0 2 11 0 2 7 0 21.8570650815963745
8 18 2 5 30 3 12 16 2 0 2 7 0 2 8 1 2 7 0 2 7 0 2 7 1 2 3 0 2 11 16 19 11 0 2 1 17 18 2 5 30 3 1 2 3 0 2 7 0 2 8 0 2 7 0 2 3 1 2 8 0 21.8696019649505615
12 16 2 5 30 3 1 2 7 0 2 8 0 2 8 17 18 2 5 31 3 0 2 4 0 2 10 17 18 2 1 2 7 0 2 10 1 2 7 5 30 3 5 30 3 0 2 4 0 2 7 0 2 10 0 2 7 16 19 12 0.1470564943694046 21.6525129079818726

Current Evaluation = 1440(1440)
Front Size = 10
1 2 7 5 30 3 0 2 7 0 2 7 0 2 7 17 9 2 1 2 7 1 2 7 1 2 7 17 18 2 1 2 7 0 2 7 0 2 7 0 2 7 0 2 7 0 2 7 13 6 3 12 16 2 0 2 7 5 31 3 0 20.2646257877349854
12 16 2 5 30 3 0 2 11 6 2 11 0 2 7 17 18 2 5 30 3 1 2 11 0 2 11 17 18 2 5 30 3 0 2 1 8 18 2 0 2 7 6 2 1 0 2 11 6 2 11 0 2 7 0 2 11 0 2 7 0 21.8570650815963745
12 16 2 5 30 3 0 2 7 0 2 7 12 16 2 0 2 7 1 2 11 1 2 7 0 2 4 0 2 7 13 6 3 12 16 2 17 9 2 13 6 3 12 16 2 0 2 7 1 2 11 17 9 2 0 2 7 1 2 7 0 20.3046585321426392
12 16 2 5 30 3 0 2 7 0 2 7 17 18 2 0 2 7 5 31 3 1 2 7 0 2 7 0 2 7 1 2 7 0 2 4 12 16 2 6 2 7 17 18 2 13 6 3 12 16 2 0 2 4 0 2 7 1 2 7 0 20.5670667290687561
12 16 2 5 30 3 0 2 7 1 2 4 8 9 2 0 2 11 17 18 2 1 2 7 0 2 7 5 30 3 12 16 2 0 2 7 1 2 7 0 2 7 16 6 2 13 6 3 12 16 2 0 2 7 0 2 7 0 2 3 0 20.6301087141036987
5 31 3 12 16 2 0 2 4 5 30 3 0 2 7 0 2 3 0 2 7 17 9 2 12 16 2 12 16 2 0 2 11 0 2 7 6 2 3 1 2 7 6 2 7 1 2 7 0 2 7 16 6 2 13 6 3 0 2 11 0 20.7587688565254211
1 2 7 5 30 3 5 30 3 0 2 11 0 2 7 1 2 11 1 2 7 0 2 3 0 2 4 1 2 7 1 2 7 0 2 7 17 9 2 0 2 4 17 18 2 0 2 11 0 2 7 8 9 2 0 2 11 1 2 7 0 20.8198410272598267
0 2 11 5 30 3 5 30 3 0 2 7 0 2 11 0 2 8 0 2 3 1 2 3 16 19 11 0 2 7 1 2 7 0 2 7 15 2 12 5 30 3 0 2 7 17 18 2 0 2 3 0 2 11 1 2 3 0 2 3 0 21.9191911220550537
12 16 2 5 31 3 0 2 7 0 2 7 1 2 11 0 2 7 12 16 2 8 9 2 0 2 7 0 2 4 1 2 11 0 2 7 0 2 4 0 2 7 6 2 11 5 30 3 17 9 2 1 2 11 0 2 7 16 6 2 0 21.0293216705322266
1 2 7 5 30 3 0 2 7 0 2 7 0 2 7 0 2 7 1 2 7 12 16 2 5 31 3 0 2 3 0 2 11 0 2 4 0 2 3 0 2 7 1 2 3 0 2 3 16 18 11 0 2 3 13 6 3 0 2 7 0.0109758178665004154 21.1553090214729309

Current Evaluation = 1620(1620)
Front Size = 10
5 30 3 1 2 7 0 2 7 17 9 2 0 2 7 0 2 7 1 2 7 0 2 7 0 2 7 1 2 7 0 2 7 5 31 3 0 2 7 1 2 7 12 16 2 0 2 7 17 18 2 13 6 3 1 2 7 0 2 7 0 20.2646257877349854
12 16 2 5 30 3 0 2 7 0 2 7 12 16 2 0 2 7 1 2 11 1 2 7 0 2 4 0 2 7 13 6 3 12 16 2 17 9 2 13 6 3 12 16 2 0 2 7 1 2 11 17 9 2 0 2 7 1 2 7 0 20.3046585321426392
1 2 7 1 2 7 0 2 7 0 2 7 0 2 7 0 2 7 0 2 7 0 2 7 0 2 12 0 2 7 17 9 2 1 2 7 1 2 7 17 9 2 5 31 3 1 2 12 6 2 7 1 2 4 5 31 3 0 2 4 0 20.6004870533943176
12 16 2 5 30 3 0 2 11 6 2 11 0 2 7 17 18 2 5 30 3 1 2 11 0 2 11 17 18 2 5 30 3 0 2 1 8 18 2 0 2 7 6 2 1 0 2 11 6 2 11 0 2 7 0 2 11 0 2 7 0 21.8570650815963745
5 30 3 0 2 7 0 2 7 0 2 7 16 31 2 1 2 7 0 2 7 1 2 7 0 2 7 5 30 3 1 2 7 0 2 7 0 2 3 17 9 2 0 2 3 1 2 7 0 2 7 1 2 3 1 2 11 0 2 3 0 20.6688988208770752
1 2 7 5 30 3 5 30 3 0 2 11 0 2 7 1 2 11 1 2 7 0 2 3 0 2 4 1 2 7 1 2 7 0 2 7 17 9 2 0 2 4 17 18 2 0 2 11 0 2 7 8 9 2 0 2 11 1 2 7 0 20.8198410272598267
5 31 3 12 16 2 0 2 4 5 30 3 0 2 7 0 2 3 0 2 7 17 9 2 12 16 2 12 16 2 0 2 11 0 2 7 6 2 3 1 2 7 6 2 7 1 2 7 0 2 7 16 6 2 13 6 3 0 2 11 0 20.7587688565254211
12 16 2 5 30 3 0 2 7 0 2 7 0 2 7 17 18 2 1 2 8 0 2 4 8 9 2 12 16 2 0 2 7 1 2 7 0 2 7 13 6 3 17 18 2 0 2 7 1 2 7 5 30 3 1 2 7 0 2 1 0 20.765149712562561
12 16 2 5 31 3 0 2 7 0 2 7 1 2 11 0 2 7 12 16 2 8 9 2 0 2 7 0 2 4 1 2 11 0 2 7 0 2 4 0 2 7 6 2 11 5 30 3 17 9 2 1 2 11 0 2 7 16 6 2 0 21.0293216705322266
12 16 2 5 31 3 16 30 2 0 2 7 0 2 4 1 2 7 12 16 2 0 2 7 0 2 7 13 6 3 0 2 4 17 9 2 0 2 7 1 2 7 12 16 2 1 2 3 0 2 7 5 30 3 1 2 7 0 2 7 0 20.4516057968139648

Current Evaluation = 1800(1800)
Front Size = 10
0 2 7 0 2 7 0 2 7 17 9 2 1 2 7 0 2 7 12 16 2 5 30 3 5 31 3 0 2 7 1 2 7 1 2 7 1 2 7 0 2 7 13 6 3 1 2 7 0 2 7 0 2 7 17 18 2 0 2 7 0 20.2646257877349854
1 2 7 5 30 3 5 30 3 0 2 11 0 2 7 1 2 11 1 2 7 0 2 3 0 2 4 1 2 7 1 2 7 0 2 7 17 9 2 0 2 4 17 18 2 0 2 11 0 2 7 8 9 2 0 2 11 1 2 7 0 20.8198410272598267
12 16 2 5 30 3 0 2 7 0 2 7 12 16 2 0 2 7 1 2 11 1 2 7 0 2 4 0 2 7 13 6 3 12 16 2 17 9 2 13 6 3 12 16 2 0 2 7 1 2 11 17 9 2 0 2 7 1 2 7 0 20.3046585321426392
1 2 7 0 2 7 0 2 7 17 9 2 0 2 7 0 2 4 12 16 2 5 30 3 5 31 3 0 2 7 0 2 7 6 2 7 1 2 7 1 2 7 13 6 3 0 2 4 1 2 7 0 2 7 12 16 2 17 9 2 0 20.3487167954444885
12 16 2 5 30 3 0 2 11 6 2 11 0 2 7 17 18 2 5 30 3 1 2 11 0 2 11 17 18 2 5 30 3 0 2 1 8 18 2 0 2 7 6 2 1 0 2 11 6 2 11 0 2 7 0 2 11 0 2 7 0 21.8570650815963745
5 31 3 1 2 4 0 2 7 0 2 7 0 2 7 0 2 7 0 2 7 17 9 2 1 2 7 0 2 7 0 2 7 1 2 7 1 2 4 0 2 7 0 2 10 17 9 2 1 2 10 5 30 3 1 2 7 0 2 3 0 20.5764669179916382
1 2 7 5 31 3 0 2 7 0 2 7 1 2 7 0 2 7 1 2 7 0 2 7 17 9 2 0 2 7 0 2 7 5 31 3 0 2 4 0 2 7 0 2 4 1 2 7 1 2 7 17 9 2 1 2 7 0 2 7 0 20.4687459468841553
5 30 3 0 2 7 0 2 7 0 2 7 16 31 2 1 2 7 0 2 7 1 2 7 0 2 7 5 30 3 1 2 7 0 2 7 0 2 3 17 9 2 0 2 3 1 2 7 0 2 7 1 2 3 1 2 11 0 2 3 0 20.6688988208770752
12 16 2 5 30 3 0 2 7 0 2 7 0 2 7 17 18 2 1 2 8 0 2 4 8 9 2 12 16 2 0 2 7 1 2 7 0 2 7 13 6 3 17 18 2 0 2 7 1 2 7 5 30 3 1 2 7 0 2 1 0 20.765149712562561
5 30 3 6 2 11 0 2 7 1 2 7 1 2 7 0 2 4 0 2 7 16 31 2 0 2 7 0 2 7 12 16 2 12 16 2 12 16 2 0 2 7 13 6 3 5 30 3 0 2 3 0 2 7 1 2 7 17 9 2 0 20.5474987030029297

Current Evaluation = 1980(1980)
Front Size = 10
0 2 7 0 2 7 0 2 7 5 30 3 17 9 2 1 2 7 1 2 7 0 2 7 1 2 7 0 2 7 0 2 7 1 2 7 1 2 7 12 16 2 0 2 7 0 2 7 5 31 3 0 2 7 17 9 2 13 6 3 0 20.2646257877349854
0 2 4 12 16 2 0 2 11 13 6 3 0 2 7 1 2 7 17 9 2 1 2 7 0 2 7 0 2 7 0 2 7 12 16 2 12 16 2 13 6 3 12 16 2 1 2 7 1 2 7 17 18 2 5 30 3 0 2 11 0 20.3046587705612183
12 16 2 5 30 3 0 2 11 6 2 11 0 2 7 17 18 2 5 30 3 1 2 11 0 2 11 17 18 2 5 30 3 0 2 1 8 18 2 0 2 7 6 2 1 0 2 11 6 2 11 0 2 7 0 2 11 0 2 7 0 21.8570650815963745
12 16 2 5 30 3 1 2 3 0 2 7 0 2 7 0 2 7 1 2 7 0 2 3 0 2 7 5 30 3 1 2 3 1 2 7 0 2 4 0 2 7 0 2 7 17 18 2 0 2 3 1 2 3 8 9 2 16 15 2 0 20.9987398386001587
0 2 7 12 16 2 0 2 7 0 2 7 13 6 3 1 2 4 0 2 3 5 31 3 17 9 2 0 2 7 1 2 7 0 2 7 5 30 3 0 2 7 1 2 7 12 16 2 12 16 2 16 30 2 0 2 7 1 2 4 0 20.4516057968139648
0 2 4 8 18 2 12 16 2 0 2 7 1 2 11 12 16 2 0 2 7 5 30 3 0 2 7 0 2 7 17 9 2 0 2 7 12 16 2 5 30 3 1 2 7 0 2 7 16 6 2 13 6 3 0 2 7 1 2 3 0 20.6301085948944092
5 30 3 0 2 7 0 2 7 0 2 7 16 31 2 1 2 7 0 2 7 1 2 7 0 2 7 5 30 3 1 2 7 0 2 7 0 2 3 17 9 2 0 2 3 1 2 7 0 2 7 1 2 3 1 2 11 0 2 3 0 20.6688988208770752
0 2 7 12 16 2 0 2 7 13 6 3 0 2 7 5 30 3 17 9 2 1 2 11 1 2 7 0 2 7 12 16 2 12 16 2 12 16 2 1 2 7 0 2 7 0 2 7 0 2 4 1 2 11 17 9 2 13 6 3 0 20.3046585321426392
12 16 2 5 30 3 1 2 4 0 2 7 0 2 4 0 2 4 1 2 1 12 16 2 17 18 2 1 2 4 13 6 3 12 16 2 1 2 7 0 2 7 12 16 2 0 2 7 8 9 2 17 9 2 0 2 7 0 2 7 0 20.6559027433395386
5 30 3 0 2 4 0 2 3 1 2 7 1 2 7 0 2 7 1 2 7 16 31 2 0 2 7 0 2 7 12 16 2 12 16 2 12 16 2 0 2 7 13 6 3 5 30 3 0 2 4 0 2 7 1 2 7 17 9 2 0 20.4516056776046753

Current Evaluation = 2160(2160)
Front Size = 10
12 16 2 13 6 3 0 2 7 17 9 2 0 2 7 0 2 7 1 2 7 1 2 7 5 31 3 0 2 7 0 2 7 0 2 7 1 2 7 0 2 7 5 30 3 1 2 7 0 2 7 0 2 7 1 2 7 17 18 2 0 20.2646257877349854
12 16 2 1 2 7 13 6 3 0 2 7 0 2 4 17 9 2 1 2 4 0 2 4 0 2 4 0 2 7 12 16 2 12 16 2 12 16 2 17 18 2 5 31 3 0 2 7 0 2 7 1 2 1 1 2 4 1 2 7 0 20.6123768091201782
12 16 2 1 2 7 13 6 3 1 2 4 0 2 7 17 9 2 0 2 7 0 2 7 1 2 11 0 2 7 12 16 2 12 16 2 12 16 2 17 9 2 5 30 3 0 2 7 0 2 7 1 2 11 0 2 7 13 6 3 0 20.3046585321426392
0 2 7 1 2 7 0 2 7 1 2 7 0 2 4 12 16 2 13 6 3 1 2 3 5 30 3 0 2 7 12 16 2 12 16 2 1 2 7 0 2 7 0 2 7 0 2 7 0 2 4 16 30 2 17 9 2 5 31 3 0 20.4516057968139648
0 2 4 1 2 7 6 2 7 1 2 7 0 2 11 0 2 7 0 2 3 12 16 2 13 6 3 0 2 7 5 30 3 0 2 7 0 2 7 12 16 2 12 16 2 16 31 2 17 18 2 5 30 3 1 2 7 0 2 7 0 20.5474987626075745
0 2 7 0 2 7 5 31 3 0 2 7 17 9 2 0 2 7 0 2 7 0 2 7 6 2 7 0 2 4 12 16 2 1 2 7 1 2 7 1 2 7 5 31 3 0 2 7 1 2 4 0 2 7 16 6 2 0 2 7 0 20.4595978856086731
0 2 4 8 18 2 12 16 2 0 2 7 1 2 11 12 16 2 0 2 7 5 30 3 0 2 7 0 2 7 17 9 2 0 2 7 12 16 2 5 30 3 1 2 7 0 2 7 16 6 2 13 6 3 0 2 7 1 2 3 0 20.6301085948944092
5 30 3 0 2 7 0 2 7 0 2 7 16 31 2 1 2 7 0 2 7 1 2 7 0 2 7 5 30 3 1 2 7 0 2 7 0 2 3 17 9 2 0 2 3 1 2 7 0 2 7 1 2 3 1 2 11 0 2 3 0 20.6688988208770752
12 16 2 5 30 3 1 2 4 0 2 4 0 2 7 0 2 3 1 2 7 17 18 2 1 2 7 0 2 7 0 2 3 0 2 3 5 31 3 0 2 7 0 2 7 1 2 7 1 2 7 0 2 7 0 2 7 16 9 11 0 20.9542428851127625
12 16 2 5 30 3 0 2 7 6 2 7 0 2 7 0 2 7 5 30 3 17 18 2 16 19 11 0 2 11 0 2 7 1 2 11 0 2 11 1 2 7 0 2 7 0 2 7 0 2 7 0 2 10 5 31 3 0 2 7 0 21.449715793132782

Current Evaluation = 2340(2340)
Front Size = 10
12 16 2 13 6 3 0 2 7 5 30 3 0 2 7 0 2 7 0 2 7 0 2 7 0 2 7 5 31 3 1 2 7 1 2 7 17 18 2 0 2 7 1 2 7 0 2 7 17 9 2 1 2 7 0 2 7 1 2 7 0 20.2646257877349854
12 16 2 1 2 7 13 6 3 0 2 7 0 2 4 17 9 2 1 2 4 0 2 4 0 2 4 0 2 7 12 16 2 12 16 2 12 16 2 17 18 2 5 31 3 0 2 7 0 2 7 1 2 1 1 2 4 1 2 7 0 20.6123768091201782
0 2 7 0 2 4 13 6 3 0 2 7 1 2 11 12 16 2 1 2 7 1 2 11 0 2 7 0 2 7 17 18 2 0 2 7 17 18 2 13 6 3 12 16 2 12 16 2 12 16 2 0 2 7 1 2 7 5 30 3 0 20.3046585321426392
12 16 2 5 30 3 0 2 3 0 2 7 0 2 7 17 18 2 1 2 7 1 2 7 16 15 2 1 2 4 0 2 7 5 30 3 0 2 7 0 2 7 8 9 2 0 2 11 0 2 7 0 2 7 0 2 3 0 2 3 0 21.0394438505172729
12 16 2 1 2 7 13 6 3 0 2 7 1 2 7 5 30 3 0 2 7 1 2 7 0 2 7 0 2 7 17 9 2 1 2 7 0 2 7 0 2 4 0 2 4 12 16 2 12 16 2 5 30 3 0 2 3 16 31 2 0 20.4516056776046753
1 2 7 0 2 7 0 2 7 12 16 2 13 6 3 1 2 7 5 30 3 0 2 7 0 2 7 17 18 2 0 2 7 0 2 7 0 2 4 1 2 7 6 2 7 0 2 4 17 18 2 12 16 2 1 2 7 5 31 3 0 20.3487167954444885
0 2 7 13 6 3 6 2 4 12 16 2 1 2 7 0 2 7 1 2 7 17 18 2 0 2 7 17 18 2 12 16 2 0 2 7 1 2 7 5 31 3 0 2 7 0 2 7 0 2 7 1 2 4 0 2 7 5 30 3 0 20.3487167954444885
12 16 2 13 6 3 12 16 2 0 2 7 17 18 2 0 2 4 1 2 3 0 2 7 5 30 3 0 2 7 0 2 7 1 2 7 5 30 3 0 2 7 12 16 2 8 18 2 1 2 7 0 2 7 16 6 2 0 2 11 0 20.6301087141036987
12 16 2 5 30 3 0 2 7 6 2 7 0 2 7 0 2 7 5 30 3 17 18 2 16 19 11 0 2 11 0 2 7 1 2 11 0 2 11 1 2 7 0 2 7 0 2 7 0 2 7 0 2 10 5 31 3 0 2 7 0 21.449715793132782
12 16 2 13 6 3 12 16 2 0 2 7 5 30 3 0 2 7 0 2 4 0 2 7 1 2 3 0 2 7 12 16 2 0 2 7 0 2 7 5 31 3 1 2 7 1 2 7 17 18 2 1 2 4 16 30 2 0 2 7 0 20.4516057968139648

Current Evaluation = 2520(2520)
Front Size = 10
12 16 2 13 6 3 1 2 7 0 2 7 5 30 3 0 2 7 0 2 7 1 2 7 0 2 7 0 2 7 0 2 7 0 2 7 1 2 7 1 2 7 1 2 7 0 2 7 17 9 2 5 31 3 0 2 7 17 18 2 0 20.2646257877349854
12 16 2 1 2 7 1 2 3 0 2 7 0 2 3 0 2 7 5 31 3 0 2 3 0 2 7 0 2 4 0 2 3 0 2 7 16 6 2 0 2 3 0 2 3 1 2 11 1 2 7 5 30 3 12 16 2 16 18 11 0 21.3884018063545227
12 16 2 1 2 7 13 6 3 0 2 7 0 2 4 17 9 2 1 2 4 0 2 4 0 2 4 0 2 7 12 16 2 12 16 2 12 16 2 17 18 2 5 31 3 0 2 7 0 2 7 1 2 1 1 2 4 1 2 7 0 20.6123768091201782
12 16 2 1 2 7 1 2 11 13 6 3 17 9 2 0 2 7 1 2 11 5 30 3 1 2 7 0 2 7 0 2 7 13 6 3 0 2 7 0 2 7 12 16 2 12 16 2 12 16 2 17 9 2 0 2 7 0 2 4 0 20.3046585321426392
12 16 2 5 30 3 0 2 3 0 2 7 0 2 7 17 18 2 1 2 7 1 2 7 16 15 2 1 2 4 0 2 7 5 30 3 0 2 7 0 2 7 8 9 2 0 2 11 0 2 7 0 2 7 0 2 3 0 2 3 0 21.0394438505172729
12 16 2 1 2 7 13 6 3 0 2 7 0 2 7 1 2 7 0 2 7 12 16 2 17 18 2 5 31 3 0 2 7 0 2 7 1 2 4 0 2 7 0 2 4 6 2 7 17 18 2 5 30 3 0 2 7 1 2 7 0 20.3487167954444885
12 16 2 1 2 7 13 6 3 0 2 7 1 2 7 5 30 3 0 2 7 1 2 7 0 2 7 0 2 7 17 9 2 1 2 7 0 2 7 0 2 4 0 2 4 12 16 2 12 16 2 5 30 3 0 2 3 16 31 2 0 20.4516056776046753
12 16 2 1 2 7 0 2 7 0 2 7 17 9 2 1 2 7 0 2 7 5 31 3 0 2 7 0 2 7 1 2 7 0 2 7 0 2 7 5 31 3 16 6 2 0 2 4 6 2 7 0 2 7 0 2 7 1 2 4 0 20.4595978856086731
12 16 2 13 6 3 1 2 7 0 2 4 5 31 3 1 2 7 0 2 7 1 2 11 12 16 2 0 2 7 1 2 7 0 2 7 0 2 7 0 2 12 17 18 2 8 9 2 0 2 7 17 18 2 1 2 11 12 16 2 0 20.7150317430496216
12 16 2 1 2 4 0 2 7 0 2 7 5 31 3 0 2 7 0 2 10 0 2 7 16 6 2 5 30 3 12 16 2 1 2 7 0 2 7 0 2 7 17 9 2 8 18 2 1 2 7 1 2 7 0 2 7 0 2 7 0 20.7286287546157837

Current Evaluation = 2700(2700)
Front Size = 10
0 2 7 0 2 7 5 30 3 0 2 7 0 2 7 1 2 7 1 2 7 0 2 7 0 2 7 5 31 3 13 6 3 0 2 7 0 2 7 17 9 2 12 16 2 0 2 7 1 2 7 17 9 2 1 2 7 1 2 7 0 20.2646257877349854
12 16 2 1 2 7 13 6 3 0 2 7 0 2 4 1 2 7 0 2 7 12 16 2 0 2 7 0 2 7 0 2 4 5 30 3 0 2 7 17 18 2 5 30 3 1 2 7 16 31 2 0 2 3 12 16 2 1 2 7 0 20.4516056776046753
12 16 2 5 30 3 0 2 3 0 2 7 0 2 7 17 18 2 1 2 7 1 2 7 16 15 2 1 2 4 0 2 7 5 30 3 0 2 7 0 2 7 8 9 2 0 2 11 0 2 7 0 2 7 0 2 3 0 2 3 0 21.0394438505172729
12 16 2 1 2 7 1 2 3 0 2 7 0 2 3 0 2 7 5 31 3 0 2 3 0 2 7 0 2 4 0 2 3 0 2 7 16 6 2 0 2 3 0 2 3 1 2 11 1 2 7 5 30 3 12 16 2 16 18 11 0 21.3884018063545227
12 16 2 1 2 7 1 2 11 13 6 3 17 9 2 0 2 7 1 2 11 5 30 3 1 2 7 0 2 7 0 2 7 13 6 3 0 2 7 0 2 7 12 16 2 12 16 2 12 16 2 17 9 2 0 2 7 0 2 4 0 20.3046585321426392
12 16 2 1 2 7 13 6 3 0 2 7 0 2 4 17 9 2 1 2 4 0 2 4 0 2 4 0 2 7 12 16 2 12 16 2 12 16 2 17 18 2 5 31 3 0 2 7 0 2 7 1 2 1 1 2 4 1 2 7 0 20.6123768091201782
12 16 2 6 2 7 13 6 3 0 2 4 0 2 7 0 2 7 5 31 3 1 2 7 1 2 7 5 30 3 0 2 7 1 2 7 0 2 7 0 2 7 12 16 2 17 18 2 0 2 7 17 18 2 1 2 4 0 2 7 0 20.3487167954444885
12 16 2 13 6 3 1 2 7 0 2 7 0 2 11 1 2 7 12 16 2 0 2 11 0 2 7 5 30 3 0 2 7 17 9 2 17 9 2 1 2 7 0 2 7 13 6 3 12 16 2 0 2 4 12 16 2 1 2 7 0 20.3046587705612183
12 16 2 6 2 7 13 6 3 0 2 7 0 2 7 0 2 7 1 2 7 12 16 2 0 2 7 0 2 7 1 2 4 5 30 3 0 2 7 5 31 3 17 9 2 1 2 4 0 2 7 1 2 7 17 9 2 0 2 7 0 20.3487167954444885
12 16 2 13 6 3 0 2 7 1 2 7 0 2 7 1 2 7 12 16 2 0 2 4 0 2 7 5 30 3 0 2 7 17 9 2 17 9 2 0 2 7 0 2 7 6 2 4 12 16 2 1 2 7 1 2 7 0 2 7 0.00361410196363161048 20.2055926918983459

Current Evaluation = 2880(2880)
Front Size = 10
12 16 2 13 6 3 0 2 7 0 2 7 0 2 7 5 30 3 1 2 7 1 2 7 1 2 7 17 9 2 5 31 3 1 2 7 0 2 7 1 2 7 0 2 7 0 2 7 0 2 7 17 18 2 0 2 7 0 2 7 0 20.2646257877349854
12 16 2 1 2 7 1 2 3 0 2 7 0 2 3 0 2 7 5 31 3 0 2 3 0 2 7 0 2 4 0 2 3 0 2 7 16 6 2 0 2 3 0 2 3 1 2 11 1 2 7 5 30 3 12 16 2 16 18 11 0 21.3884018063545227
12 16 2 13 6 3 1 2 4 0 2 7 0 2 7 1 2 11 12 16 2 0 2 7 0 2 7 5 30 3 0 2 7 17 9 2 17 9 2 1 2 7 0 2 7 13 6 3 12 16 2 1 2 11 12 16 2 0 2 7 0 20.3046585321426392
12 16 2 1 2 7 1 2 11 13 6 3 17 9 2 0 2 7 1 2 11 5 30 3 1 2 7 0 2 7 0 2 7 13 6 3 0 2 7 0 2 7 12 16 2 12 16 2 12 16 2 17 9 2 0 2 7 0 2 4 0 20.3046585321426392
12 16 2 13 6 3 1 2 7 0 2 7 0 2 7 0 2 7 12 16 2 0 2 7 0 2 11 5 30 3 0 2 7 17 9 2 17 9 2 1 2 11 1 2 7 13 6 3 12 16 2 0 2 7 12 16 2 1 2 4 0 20.3046586513519287
12 16 2 5 30 3 0 2 3 0 2 7 0 2 7 17 18 2 1 2 7 1 2 7 16 15 2 1 2 4 0 2 7 5 30 3 0 2 7 0 2 7 8 9 2 0 2 11 0 2 7 0 2 7 0 2 3 0 2 3 0 21.0394438505172729
12 16 2 13 6 3 1 2 7 0 2 7 0 2 11 1 2 7 12 16 2 0 2 11 0 2 7 5 30 3 0 2 7 17 9 2 17 9 2 1 2 7 0 2 7 13 6 3 12 16 2 0 2 4 12 16 2 1 2 7 0 20.3046587705612183
12 16 2 1 2 7 13 6 3 0 2 7 0 2 4 1 2 7 0 2 7 12 16 2 0 2 7 0 2 7 0 2 4 5 30 3 0 2 7 17 18 2 5 30 3 1 2 7 16 31 2 0 2 3 12 16 2 1 2 7 0 20.4516056776046753
12 16 2 5 31 3 0 2 7 0 2 7 0 2 7 1 2 7 0 2 7 0 2 7 0 2 7 1 2 7 16 30 2 0 2 7 12 16 2 16 6 2 12 16 2 5 31 3 8 18 2 0 2 7 1 2 11 0 2 7 0 20.8736897706985474
12 16 2 13 6 3 0 2 7 0 2 7 0 2 7 5 30 3 1 2 7 1 2 7 6 2 7 17 9 2 5 31 3 1 2 7 0 2 7 0 2 4 0 2 7 1 2 4 0 2 7 0 2 7 12 16 2 17 9 2 0 20.3487167954444885

Current Evaluation = 3060(3060)
Front Size = 10
0 2 7 13 6 3 0 2 7 0 2 7 0 2 7 0 2 7 1 2 7 0 2 7 0 2 7 5 30 3 0 2 7 17 9 2 1 2 7 1 2 7 17 9 2 1 2 7 5 31 3 12 16 2 0 2 7 1 2 7 0 20.2646257877349854
12 16 2 0 2 7 13 6 3 0 2 7 0 2 7 1 2 11 0 2 7 12 16 2 0 2 7 0 2 7 5 30 3 1 2 11 12 16 2 1 2 4 13 6 3 12 16 2 1 2 7 17 9 2 17 9 2 0 2 7 0 20.3046585321426392
12 16 2 1 2 7 13 6 3 0 2 7 0 2 7 1 2 11 0 2 4 12 16 2 0 2 7 0 2 7 5 30 3 1 2 7 12 16 2 1 2 7 13 6 3 12 16 2 0 2 7 17 9 2 17 9 2 0 2 11 0 20.3046586513519287
12 16 2 1 2 7 13 6 3 0 2 7 0 2 4 1 2 7 0 2 7 12 16 2 0 2 7 0 2 7 0 2 4 5 30 3 0 2 7 17 18 2 5 30 3 1 2 7 16 31 2 0 2 3 12 16 2 1 2 7 0 20.4516056776046753
12 16 2 1 2 7 0 2 7 6 2 7 5 30 3 0 2 7 17 9 2 16 32 2 0 2 7 1 2 7 12 16 2 1 2 7 8 18 2 0 2 7 0 2 7 0 2 4 0 2 7 0 2 7 5 31 3 12 16 2 0 20.85382479429245
12 16 2 13 6 3 1 2 7 0 2 7 0 2 4 0 2 7 1 2 7 0 2 7 1 2 7 0 2 7 0 2 7 5 30 3 0 2 4 1 2 7 12 16 2 5 31 3 17 9 2 6 2 7 17 9 2 0 2 7 0 20.3487167954444885
12 16 2 13 6 3 0 2 7 0 2 7 0 2 7 0 2 7 0 2 7 0 2 7 1 2 4 1 2 7 5 30 3 0 2 7 17 9 2 5 31 3 6 2 7 12 16 2 17 9 2 0 2 7 1 2 7 1 2 4 0 20.3487167954444885
5 30 3 1 2 7 1 2 11 1 2 7 0 2 4 0 2 3 0 2 7 8 18 2 12 16 2 12 16 2 0 2 7 5 30 3 13 6 3 0 2 7 0 2 7 16 6 2 17 9 2 12 16 2 0 2 7 0 2 7 0 20.6301085948944092
12 16 2 1 2 7 1 2 3 0 2 7 0 2 3 0 2 7 5 31 3 0 2 3 0 2 7 0 2 4 0 2 3 0 2 7 16 6 2 0 2 3 0 2 3 1 2 11 1 2 7 5 30 3 12 16 2 16 18 11 0 21.3884018063545227
12 16 2 0 2 7 0 2 7 0 2 4 0 2 7 16 30 2 12 16 2 1 2 4 1 2 7 12 16 2 0 2 7 0 2 7 0 2 7 5 30 3 1 2 7 1 2 3 13 6 3 0 2 7 17 9 2 5 31 3 0 20.4516057968139648

Current Evaluation = 3240(3240)
Front Size = 10
0 2 7 13 6 3 1 2 7 0 2 7 0 2 7 0 2 7 5 30 3 0 2 7 17 9 2 17 9 2 0 2 7 0 2 7 0 2 7 0 2 7 1 2 7 1 2 7 1 2 7 12 16 2 1 2 7 5 31 3 0 20.2646257877349854
12 16 2 0 2 7 13 6 3 0 2 7 0 2 7 12 16 2 1 2 11 0 2 4 5 30 3 0 2 11 12 16 2 1 2 7 1 2 7 0 2 7 17 18 2 13 6 3 0 2 7 12 16 2 17 9 2 1 2 7 0 20.3046586513519287
12 16 2 1 2 7 1 2 3 0 2 7 0 2 3 0 2 7 5 31 3 0 2 3 0 2 7 0 2 4 0 2 3 0 2 7 16 6 2 0 2 3 0 2 3 1 2 11 1 2 7 5 30 3 12 16 2 16 18 11 0 21.3884018063545227
1 2 7 0 2 7 1 2 4 1 2 4 12 16 2 1 2 7 5 31 3 0 2 7 5 30 3 0 2 7 0 2 7 0 2 7 0 2 3 0 2 7 0 2 3 0 2 3 0 2 7 1 2 7 17 9 2 16 18 11 0 20.9542428851127625
12 16 2 1 2 7 1 2 7 0 2 7 12 16 2 0 2 7 5 30 3 0 2 11 0 2 7 5 31 3 1 2 7 12 16 2 1 2 3 0 2 4 16 18 11 0 2 7 16 31 2 0 2 7 0 2 7 0 2 7 0 21.101101815700531
0 2 7 0 2 7 0 2 11 0 2 7 0 2 7 0 2 7 5 30 3 5 30 3 12 16 2 13 6 3 0 2 7 5 30 3 0 2 7 12 16 2 17 9 2 1 2 11 16 19 11 0 2 11 0 2 11 0 2 7 0 21.3454546928405762
12 16 2 1 2 11 13 6 3 1 2 7 0 2 7 1 2 11 12 16 2 0 2 7 5 30 3 12 16 2 13 6 3 12 16 2 0 2 7 17 9 2 17 9 2 0 2 7 0 2 7 0 2 7 1 2 4 0 2 7 0 20.3046585321426392
12 16 2 1 2 11 13 6 3 1 2 7 0 2 4 12 16 2 0 2 7 5 30 3 12 16 2 13 6 3 12 16 2 0 2 7 17 9 2 0 2 7 0 2 7 1 2 11 17 9 2 1 2 7 0 2 7 0 2 7 0 20.3046585321426392
12 16 2 1 2 7 13 6 3 0 2 7 0 2 4 1 2 7 0 2 7 12 16 2 0 2 7 0 2 7 0 2 4 5 30 3 0 2 7 17 18 2 5 30 3 1 2 7 16 31 2 0 2 3 12 16 2 1 2 7 0 20.4516056776046753
12 16 2 13 6 3 1 2 7 1 2 7 12 16 2 0 2 7 5 31 3 0 2 4 17 9 2 17 9 2 1 2 7 0 2 7 6 2 7 0 2 4 0 2 7 1 2 7 0 2 7 0 2 7 0 2 7 5 30 3 0 20.3487167954444885

Current Evaluation = 3420(3420)
Front Size = 10
1 2 7 13 6 3 0 2 7 0 2 7 0 2 7 5 31 3 0 2 7 17 9 2 17 9 2 1 2 7 0 2 7 0 2 7 0 2 7 0 2 7 1 2 7 5 30 3 12 16 2 0 2 7 1 2 7 1 2 7 0 20.2646257877349854
16 19 11 0 2 4 0 2 3 0 2 7 12 16 2 0 2 3 5 31 3 0 2 3 0 2 3 1 2 7 1 2 3 1 2 7 12 16 2 0 2 7 0 2 7 16 6 2 0 2 3 1 2 4 0 2 7 5 30 3 0 21.3634347915649414
12 16 2 0 2 7 13 6 3 1 2 11 0 2 7 0 2 7 12 16 2 0 2 4 5 30 3 12 16 2 13 6 3 12 16 2 1 2 7 17 9 2 0 2 7 0 2 7 1 2 11 17 18 2 0 2 7 1 2 7 0 20.3046585321426392
0 2 7 0 2 7 0 2 11 0 2 7 0 2 7 0 2 7 5 30 3 5 30 3 12 16 2 13 6 3 0 2 7 5 30 3 0 2 7 12 16 2 17 9 2 1 2 11 16 19 11 0 2 11 0 2 11 0 2 7 0 21.3454546928405762
12 16 2 13 6 3 12 16 2 1 2 7 0 2 7 0 2 7 0 2 7 5 30 3 16 31 2 5 30 3 1 2 7 0 2 7 0 2 4 12 16 2 0 2 7 0 2 3 17 18 2 1 2 7 0 2 4 1 2 7 0 20.4516056776046753
12 16 2 1 2 11 13 6 3 1 2 7 0 2 7 1 2 11 12 16 2 0 2 7 5 30 3 12 16 2 13 6 3 12 16 2 0 2 7 17 9 2 17 9 2 0 2 7 0 2 7 0 2 7 1 2 4 0 2 7 0 20.3046585321426392
0 2 7 0 2 7 5 31 3 12 16 2 0 2 7 5 31 3 6 2 7 6 2 7 16 6 2 1 2 7 0 2 7 17 9 2 1 2 11 0 2 7 0 2 4 0 2 7 1 2 7 0 2 4 12 16 2 0 2 3 0 20.783288836479187
0 2 7 0 2 7 6 2 7 0 2 7 0 2 7 17 9 2 1 2 4 1 2 7 1 2 7 12 16 2 5 31 3 0 2 7 0 2 7 1 2 7 16 6 2 0 2 7 0 2 4 5 31 3 0 2 7 0 2 7 0 20.4595978856086731
12 16 2 0 2 3 0 2 7 0 2 7 0 2 7 12 16 2 1 2 7 5 30 3 1 2 7 1 2 7 0 2 7 0 2 7 8 9 2 13 6 3 5 30 3 0 2 7 17 9 2 12 16 2 0 2 7 16 19 12 0 20.9297586679458618
12 16 2 16 19 11 0 2 7 0 2 7 0 2 7 5 31 3 0 2 7 12 16 2 1 2 7 5 30 3 1 2 7 8 18 2 1 2 4 1 2 7 0 2 7 17 18 2 0 2 7 0 2 7 0 2 7 0 2 7 0 21.0404787063598633

Current Evaluation = 3600(3600)
Front Size = 10
0 2 7 13 6 3 1 2 7 0 2 7 0 2 7 0 2 7 5 31 3 1 2 7 0 2 7 0 2 7 17 18 2 1 2 7 5 30 3 0 2 7 17 9 2 0 2 7 12 16 2 0 2 7 1 2 7 1 2 7 0 20.2646257877349854
12 16 2 13 6 3 0 2 7 0 2 7 1 2 7 0 2 7 5 31 3 0 2 7 1 2 7 0 2 7 17 18 2 1 2 7 0 2 7 5 30 3 0 2 7 1 2 7 0 2 7 0 2 7 1 2 7 17 18 2 0 20.2646257877349854
16 18 11 0 2 10 0 2 7 0 2 7 12 16 2 0 2 3 5 31 3 0 2 3 0 2 7 0 2 3 1 2 7 1 2 7 12 16 2 1 2 7 0 2 3 16 6 2 0 2 3 1 2 7 0 2 3 5 30 3 0 21.3628018498420715
12 16 2 1 2 11 13 6 3 1 2 7 0 2 7 1 2 11 12 16 2 0 2 7 5 30 3 12 16 2 13 6 3 12 16 2 0 2 7 17 9 2 17 9 2 0 2 7 0 2 7 0 2 7 1 2 4 0 2 7 0 20.3046585321426392
12 16 2 13 6 3 12 16 2 1 2 7 0 2 7 0 2 7 0 2 7 5 30 3 16 31 2 5 30 3 1 2 7 0 2 7 0 2 4 12 16 2 0 2 7 0 2 3 17 18 2 1 2 7 0 2 4 1 2 7 0 20.4516056776046753
12 16 2 13 6 3 1 2 7 0 2 7 1 2 7 0 2 7 5 30 3 0 2 7 0 2 7 0 2 7 0 2 7 5 31 3 0 2 7 0 2 7 1 2 7 0 2 7 1 2 7 1 2 7 17 9 2 17 9 2 0 20.2646257877349854
12 16 2 13 6 3 1 2 7 0 2 7 12 16 2 0 2 7 5 30 3 12 16 2 0 2 7 17 9 2 0 2 7 0 2 7 0 2 7 1 2 4 0 2 4 0 2 3 16 30 2 5 31 3 1 2 7 1 2 7 0 20.4516057968139648
12 16 2 13 6 3 1 2 7 0 2 7 0 2 7 0 2 7 5 30 3 0 2 7 0 2 7 0 2 7 1 2 7 17 18 2 17 18 2 5 30 3 0 2 4 12 16 2 0 2 7 16 6 2 8 9 2 5 31 3 0.0704639633852029434 20.5416316986083984
12 16 2 1 2 7 1 2 4 0 2 7 12 16 2 0 2 7 5 30 3 0 2 7 17 9 2 1 2 7 0 2 7 0 2 7 6 2 7 0 2 7 1 2 4 0 2 7 5 31 3 13 6 3 0 2 7 17 9 2 0 20.3487167954444885
0 2 7 13 6 3 12 16 2 1 2 7 5 30 3 0 2 4 1 2 7 5 31 3 1 2 7 0 2 7 0 2 7 0 2 7 6 2 4 0 2 7 12 16 2 0 2 7 17 18 2 1 2 7 17 9 2 0 2 7 0 20.3487167954444885

MonoObjective Genetic Algorithm
Number of Evaluations = 0
Mutation Probability = 0
Crossover Probability = 1
Population Size = 10
Survival Selection Type = 16

Time =  3600.30675387382507

Current Evaluation = 3400
Front Size = 10
0 2 7 13 6 3 1 2 7 0 2 7 0 2 7 0 2 7 5 31 3 1 2 7 0 2 7 0 2 7 17 18 2 1 2 7 5 30 3 0 2 7 17 9 2 0 2 7 12 16 2 0 2 7 1 2 7 1 2 7 0 20.2646257877349854
12 16 2 13 6 3 0 2 7 0 2 7 1 2 7 0 2 7 5 31 3 0 2 7 1 2 7 0 2 7 17 18 2 1 2 7 0 2 7 5 30 3 0 2 7 1 2 7 0 2 7 0 2 7 1 2 7 17 18 2 0 20.2646257877349854
16 18 11 0 2 10 0 2 7 0 2 7 12 16 2 0 2 3 5 31 3 0 2 3 0 2 7 0 2 3 1 2 7 1 2 7 12 16 2 1 2 7 0 2 3 16 6 2 0 2 3 1 2 7 0 2 3 5 30 3 0 21.3628018498420715
12 16 2 1 2 11 13 6 3 1 2 7 0 2 7 1 2 11 12 16 2 0 2 7 5 30 3 12 16 2 13 6 3 12 16 2 0 2 7 17 9 2 17 9 2 0 2 7 0 2 7 0 2 7 1 2 4 0 2 7 0 20.3046585321426392
12 16 2 13 6 3 12 16 2 1 2 7 0 2 7 0 2 7 0 2 7 5 30 3 16 31 2 5 30 3 1 2 7 0 2 7 0 2 4 12 16 2 0 2 7 0 2 3 17 18 2 1 2 7 0 2 4 1 2 7 0 20.4516056776046753
12 16 2 13 6 3 1 2 7 0 2 7 1 2 7 0 2 7 5 30 3 0 2 7 0 2 7 0 2 7 0 2 7 5 31 3 0 2 7 0 2 7 1 2 7 0 2 7 1 2 7 1 2 7 17 9 2 17 9 2 0 20.2646257877349854
12 16 2 13 6 3 1 2 7 0 2 7 12 16 2 0 2 7 5 30 3 12 16 2 0 2 7 17 9 2 0 2 7 0 2 7 0 2 7 1 2 4 0 2 4 0 2 3 16 30 2 5 31 3 1 2 7 1 2 7 0 20.4516057968139648
12 16 2 13 6 3 1 2 7 0 2 7 0 2 7 0 2 7 5 30 3 0 2 7 0 2 7 0 2 7 1 2 7 17 18 2 17 18 2 5 30 3 0 2 4 12 16 2 0 2 7 16 6 2 8 9 2 5 31 3 0.0704639633852029434 20.5416316986083984
12 16 2 1 2 7 1 2 4 0 2 7 12 16 2 0 2 7 5 30 3 0 2 7 17 9 2 1 2 7 0 2 7 0 2 7 6 2 7 0 2 7 1 2 4 0 2 7 5 31 3 13 6 3 0 2 7 17 9 2 0 20.3487167954444885
0 2 7 13 6 3 12 16 2 1 2 7 5 30 3 0 2 4 1 2 7 5 31 3 1 2 7 0 2 7 0 2 7 0 2 7 6 2 4 0 2 7 12 16 2 0 2 7 17 18 2 1 2 7 17 9 2 0 2 7 0 20.3487167954444885

