Current Evaluation = 180(180)
Front Size = 10
0 2 7 1 2 7 1 2 7 0 2 7 0 2 7 0 2 7 0 2 7 1 2 7 1 2 7 1 2 7 0 2 7 5 31 3 0 2 7 17 18 2 5 30 3 13 6 3 0 2 7 12 16 2 0 2 7 17 18 2 0 20.2646257877349854
12 16 2 5 30 3 0 2 11 17 18 2 0 2 7 0 2 7 0 2 4 0 2 7 1 2 7 1 2 11 5 30 3 1 2 7 1 2 7 13 6 3 0 2 6 0 2 7 12 16 2 17 9 2 0 2 10 0 2 4 0 20.7158967256546021
0 2 7 0 2 7 5 30 3 0 2 8 0 2 7 5 31 3 0 2 7 12 16 2 0 2 7 0 2 3 16 6 2 5 30 3 0 2 3 0 2 3 1 2 7 16 19 11 1 2 3 0 2 7 0 2 11 0 2 7 0 21.6411838531494141
0 2 8 0 2 8 0 2 8 0 2 8 0 2 8 16 19 12 0 2 8 0 2 8 5 30 3 0 2 8 0 2 8 0 2 8 1 2 8 12 16 2 8 18 2 5 30 3 0 2 8 8 9 2 16 19 12 5 30 3 0.00032107997453968023 23.3072135448455811
0 2 7 0 2 8 15 2 11 16 30 2 5 30 3 12 16 2 5 31 3 1 2 7 0 2 11 0 2 7 0 2 11 0 2 11 0 2 8 5 30 3 0 2 8 0 2 8 0 2 11 0 2 7 12 16 2 16 6 2 0 21.8999522924423218
0 2 7 5 30 3 0 2 7 0 2 3 5 30 3 9 2 7 12 16 2 5 30 3 0 2 3 16 6 2 16 19 11 0 2 11 0 2 11 0 2 3 0 2 3 0 2 3 0 2 3 1 2 11 0 2 3 0 2 11 0 22.2307698726654053
12 16 2 0 2 4 5 30 3 0 2 7 5 30 3 16 18 11 12 16 2 0 2 11 17 18 2 1 2 11 1 2 4 0 2 3 0 2 7 1 2 11 1 2 11 0 2 7 0 2 3 0 2 7 8 18 2 0 2 7 0 21.4239667057991028
8 18 2 6 2 8 0 2 8 5 30 3 16 6 2 0 2 3 0 2 3 5 30 3 1 2 8 0 2 8 0 2 8 0 2 3 0 2 3 16 19 11 12 16 2 0 2 3 5 30 3 0 2 8 0 2 8 0 2 11 1.2418897484839056e-05 22.5956511497497559
5 31 3 12 16 2 0 2 7 0 2 10 0 2 11 1 2 7 5 30 3 0 2 11 0 2 7 16 19 11 0 2 11 6 2 3 0 2 7 0 2 11 6 2 7 0 2 7 1 2 7 5 30 3 0 2 7 17 18 2 0 21.5550569891929626
0 2 10 17 9 2 12 16 2 0 2 4 0 2 7 0 2 7 1 2 7 12 16 2 1 2 11 5 31 3 5 31 3 0 2 7 1 2 7 0 2 4 0 2 7 16 6 2 0 2 7 6 2 7 12 16 2 0 2 7 0 20.9793457388877869

Current Evaluation = 360(360)
Front Size = 10
0 2 7 5 31 3 1 2 7 0 2 7 12 16 2 5 30 3 1 2 7 17 18 2 0 2 7 0 2 7 0 2 7 0 2 7 1 2 7 1 2 7 0 2 7 0 2 7 1 2 7 17 9 2 0 2 7 13 6 3 0 20.2646257877349854
0 2 4 17 18 2 0 2 7 0 2 7 0 2 3 5 30 3 12 16 2 8 18 2 0 2 7 0 2 11 1 2 7 5 30 3 0 2 7 1 2 11 17 18 2 1 2 7 0 2 10 0 2 4 1 2 7 1 2 11 0 20.9925907850265503
12 16 2 5 31 3 5 30 3 16 19 12 0 2 7 1 2 8 0 2 3 0 2 3 0 2 7 0 2 3 0 2 3 1 2 8 5 30 3 0 2 8 0 2 8 16 19 12 0 2 3 0 2 7 0 2 3 0 2 3 0 22.6968339681625366
0 2 8 0 2 8 0 2 8 0 2 8 0 2 8 16 19 12 0 2 8 0 2 8 5 30 3 0 2 8 0 2 8 0 2 8 1 2 8 12 16 2 8 18 2 5 30 3 0 2 8 8 9 2 16 19 12 5 30 3 0.00032107997453968023 23.3072135448455811
12 16 2 0 2 7 8 18 2 6 2 11 0 2 11 6 2 11 0 2 11 0 2 7 12 16 2 0 2 7 0 2 11 0 2 11 0 2 11 0 2 11 0 2 11 17 18 2 5 30 3 16 19 11 5 30 3 5 30 3 0 22.1409331560134888
12 16 2 5 30 3 0 2 7 0 2 7 0 2 7 5 30 3 0 2 7 12 16 2 0 2 3 0 2 7 1 2 7 1 2 7 12 16 2 16 30 2 16 15 2 0 2 3 0 2 3 8 18 2 0 2 7 8 9 2 0 21.140076756477356
0 2 7 5 30 3 0 2 11 0 2 11 5 31 3 6 2 11 12 16 2 5 31 3 0 2 8 17 9 2 16 19 12 0 2 12 0 2 7 6 2 12 0 2 3 0 2 7 0 2 7 0 2 7 1 2 7 0 2 7 0 21.9658881425857544
0 2 7 0 2 7 0 2 3 12 16 2 0 2 11 5 30 3 5 31 3 1 2 7 16 9 11 1 2 7 5 31 3 16 19 11 1 2 7 0 2 3 0 2 3 17 18 2 0 2 4 1 2 11 0 2 3 0 2 11 0.0504181189177699413 21.7940229773521423
5 30 3 12 16 2 8 18 2 6 2 8 0 2 8 16 6 2 0 2 3 0 2 7 5 30 3 1 2 8 1 2 7 5 31 3 0 2 7 0 2 7 16 19 11 1 2 7 5 30 3 1 2 7 0 2 8 0 2 11 0.0566878262272101016 21.81231689453125
12 16 2 5 30 3 16 19 11 1 2 3 5 30 3 0 2 7 0 2 3 16 19 11 0 2 3 0 2 3 0 2 7 0 2 3 0 2 11 0 2 7 1 2 11 0 2 7 0 2 3 0 2 7 5 30 3 0 2 3 0 22.1521546840667725

Current Evaluation = 540(540)
Front Size = 10
12 16 2 5 30 3 1 2 7 0 2 7 17 18 2 0 2 7 1 2 7 0 2 7 1 2 7 0 2 7 17 9 2 13 6 3 0 2 7 0 2 7 0 2 7 1 2 7 0 2 7 0 2 7 5 31 3 1 2 7 0 20.2646257877349854
12 16 2 5 30 3 0 2 7 0 2 11 0 2 7 17 18 2 17 9 2 0 2 7 0 2 10 0 2 7 0 2 11 0 2 7 1 2 7 1 2 4 1 2 7 5 30 3 0 2 6 1 2 4 12 16 2 13 6 3 0 20.7158968448638916
12 16 2 5 31 3 1 2 7 1 2 4 1 2 11 5 30 3 0 2 3 1 2 7 12 16 2 0 2 7 0 2 3 0 2 3 16 6 2 16 18 11 0 2 3 0 2 7 0 2 3 0 2 7 0 2 7 0 2 3 0 21.3884018063545227
0 2 8 0 2 8 0 2 8 0 2 8 0 2 8 16 19 12 0 2 8 0 2 8 5 30 3 0 2 8 0 2 8 0 2 8 1 2 8 12 16 2 8 18 2 5 30 3 0 2 8 8 9 2 16 19 12 5 30 3 0.00032107997453968023 23.3072135448455811
12 16 2 5 31 3 5 31 3 5 30 3 17 18 2 12 16 2 0 2 7 0 2 7 6 2 11 0 2 7 0 2 11 0 2 1 16 6 2 6 2 7 0 2 11 6 2 7 0 2 7 0 2 11 0 2 7 0 2 7 0 21.5251290798187256
0 2 4 17 18 2 0 2 7 0 2 7 0 2 3 5 30 3 12 16 2 8 18 2 0 2 7 0 2 11 1 2 7 5 30 3 0 2 7 1 2 11 17 18 2 1 2 7 0 2 10 0 2 4 1 2 7 1 2 11 0 20.9925907850265503
12 16 2 5 30 3 5 30 3 16 19 11 0 2 3 1 2 3 0 2 7 0 2 7 1 2 8 0 2 7 0 2 7 0 2 3 5 30 3 0 2 7 0 2 8 16 31 2 0 2 8 0 2 3 0 2 8 0 2 7 0 21.9688068628311157
12 16 2 0 2 7 8 18 2 6 2 11 0 2 11 6 2 11 0 2 11 0 2 7 12 16 2 0 2 7 0 2 11 0 2 11 0 2 11 0 2 11 0 2 11 17 18 2 5 30 3 16 19 11 5 30 3 5 30 3 0 22.1409331560134888
5 30 3 12 16 2 16 6 2 0 2 8 0 2 8 0 2 7 0 2 8 16 19 12 0 2 1 17 18 2 6 2 7 0 2 7 0 2 8 1 2 8 0 2 7 5 30 3 5 31 3 8 9 2 16 19 12 5 31 3 0.33274519093678917 22.2576051354408264
12 16 2 8 9 2 1 2 7 0 2 7 0 2 7 0 2 3 0 2 7 0 2 3 0 2 7 5 30 3 16 6 2 0 2 8 1 2 7 5 31 3 1 2 3 0 2 7 16 6 2 12 16 2 0 2 7 0 2 11 0 21.1151899099349976

Current Evaluation = 720(720)
Front Size = 10
12 16 2 1 2 7 0 2 7 0 2 7 5 30 3 17 18 2 1 2 7 0 2 7 13 6 3 0 2 7 1 2 7 0 2 7 1 2 7 17 9 2 1 2 7 0 2 7 5 31 3 0 2 7 0 2 7 0 2 7 0 20.2646257877349854
1 2 7 1 2 7 0 2 7 0 2 4 5 30 3 0 2 7 12 16 2 0 2 7 17 9 2 1 2 11 5 30 3 1 2 6 0 2 10 17 18 2 0 2 11 13 6 3 0 2 7 12 16 2 0 2 7 0 2 4 0 20.7158967256546021
12 16 2 5 31 3 6 2 7 0 2 7 0 2 7 5 31 3 0 2 7 1 2 11 12 16 2 6 2 7 1 2 7 0 2 7 16 6 2 17 18 2 1 2 4 0 2 7 0 2 3 0 2 7 0 2 7 0 2 4 0 20.783288836479187
12 16 2 0 2 11 0 2 11 1 2 11 0 2 7 0 2 11 0 2 7 0 2 11 1 2 11 8 18 2 5 30 3 17 18 2 0 2 11 17 9 2 0 2 11 0 2 11 0 2 11 5 30 3 6 2 7 5 30 3 0 21.8838312029838562
12 16 2 6 2 3 0 2 3 0 2 3 5 30 3 5 30 3 0 2 7 0 2 11 0 2 11 0 2 3 5 31 3 16 6 2 0 2 7 0 2 10 16 19 11 0 2 11 0 2 7 6 2 7 12 16 2 0 2 7 0 21.8405678868293762
0 2 8 0 2 8 0 2 8 0 2 8 0 2 8 16 19 12 0 2 8 0 2 8 5 30 3 0 2 8 0 2 8 0 2 8 1 2 8 12 16 2 8 18 2 5 30 3 0 2 8 8 9 2 16 19 12 5 30 3 0.00032107997453968023 23.3072135448455811
12 16 2 5 30 3 5 30 3 16 19 11 0 2 3 1 2 3 0 2 7 0 2 7 1 2 8 0 2 7 0 2 7 0 2 3 5 30 3 0 2 7 0 2 8 16 31 2 0 2 8 0 2 3 0 2 8 0 2 7 0 21.9688068628311157
12 16 2 16 6 2 0 2 8 0 2 7 17 18 2 0 2 8 16 19 12 0 2 8 0 2 4 5 30 3 0 2 7 0 2 8 0 2 10 1 2 8 8 18 2 5 30 3 6 2 7 1 2 7 16 19 12 5 31 3 0.321313362564531524 21.7351310849189758
12 16 2 15 2 11 0 2 7 0 2 7 0 2 11 1 2 7 1 2 4 0 2 7 5 30 3 8 18 2 12 16 2 1 2 4 5 30 3 0 2 11 0 2 11 17 9 2 0 2 11 0 2 7 0 2 7 16 6 2 0 21.1035469770431519
12 16 2 5 31 3 1 2 7 1 2 4 1 2 11 5 30 3 0 2 3 1 2 7 12 16 2 0 2 7 0 2 3 0 2 3 16 6 2 16 18 11 0 2 3 0 2 7 0 2 3 0 2 7 0 2 7 0 2 3 0 21.3884018063545227

Current Evaluation = 900(900)
Front Size = 10
1 2 7 0 2 7 0 2 7 12 16 2 1 2 7 17 18 2 0 2 7 0 2 7 1 2 7 0 2 7 5 31 3 0 2 7 0 2 7 1 2 7 5 30 3 0 2 7 0 2 7 1 2 7 13 6 3 17 9 2 0 20.2646257877349854
0 2 8 0 2 8 0 2 8 0 2 8 0 2 8 16 19 12 0 2 8 0 2 8 5 30 3 0 2 8 0 2 8 0 2 8 1 2 8 12 16 2 8 18 2 5 30 3 0 2 8 8 9 2 16 19 12 5 30 3 0.00032107997453968023 23.3072135448455811
12 16 2 0 2 3 0 2 4 1 2 7 0 2 3 16 6 2 5 30 3 5 30 3 0 2 7 1 2 7 0 2 3 0 2 3 0 2 10 1 2 4 1 2 3 0 2 3 0 2 7 12 16 2 0 2 3 16 31 2 0 21.1162078380584717
1 2 4 0 2 7 0 2 7 12 16 2 0 2 7 0 2 7 0 2 7 0 2 7 0 2 7 5 30 3 13 6 3 17 9 2 16 6 2 1 2 3 5 30 3 12 16 2 12 16 2 0 2 7 1 2 11 8 18 2 0 20.6301085948944092
12 16 2 12 16 2 0 2 7 0 2 7 16 30 2 1 2 7 16 6 2 0 2 7 1 2 3 5 31 3 0 2 7 0 2 7 1 2 3 5 31 3 0 2 7 0 2 7 1 2 7 0 2 7 0 2 7 0 2 7 0 20.7024868726730347
12 16 2 5 31 3 6 2 7 0 2 7 0 2 7 5 31 3 0 2 7 1 2 11 12 16 2 6 2 7 1 2 7 0 2 7 16 6 2 17 18 2 1 2 4 0 2 7 0 2 3 0 2 7 0 2 7 0 2 4 0 20.783288836479187
12 16 2 0 2 11 0 2 7 0 2 7 17 9 2 5 31 3 0 2 7 1 2 7 0 2 4 6 2 4 0 2 7 8 9 2 0 2 7 1 2 11 12 16 2 0 2 11 5 30 3 12 16 2 0 2 11 16 6 2 0 21.247671902179718
12 16 2 12 16 2 0 2 7 0 2 7 0 2 3 16 6 2 0 2 7 0 2 7 0 2 7 5 30 3 5 31 3 0 2 8 1 2 3 8 18 2 1 2 7 0 2 7 16 6 2 0 2 11 1 2 7 0 2 3 0 21.1151899099349976
12 16 2 0 2 3 1 2 7 0 2 7 0 2 11 1 2 3 5 30 3 0 2 7 17 18 2 0 2 4 0 2 11 0 2 7 0 2 3 16 18 12 1 2 7 1 2 7 0 2 7 5 31 3 0 2 11 1 2 7 0 21.2864431142807007
12 16 2 0 2 11 0 2 11 5 30 3 17 9 2 0 2 7 8 18 2 5 30 3 0 2 11 0 2 7 0 2 11 0 2 11 0 2 11 1 2 7 5 30 3 1 2 11 0 2 7 0 2 11 0 2 11 16 6 2 0 21.6746991872787476

Current Evaluation = 1080(1080)
Front Size = 10
5 31 3 0 2 7 17 9 2 0 2 7 1 2 7 0 2 7 1 2 7 13 6 3 0 2 7 12 16 2 1 2 7 1 2 7 0 2 7 0 2 7 0 2 7 17 18 2 0 2 7 0 2 7 1 2 7 5 30 3 0 20.2646257877349854
12 16 2 0 2 11 0 2 11 5 30 3 17 9 2 0 2 7 8 18 2 5 30 3 0 2 11 0 2 7 0 2 11 0 2 11 0 2 11 1 2 7 5 30 3 1 2 11 0 2 7 0 2 11 0 2 11 16 6 2 0 21.6746991872787476
0 2 8 0 2 8 0 2 8 0 2 8 0 2 8 16 19 12 0 2 8 0 2 8 5 30 3 0 2 8 0 2 8 0 2 8 1 2 8 12 16 2 8 18 2 5 30 3 0 2 8 8 9 2 16 19 12 5 30 3 0.00032107997453968023 23.3072135448455811
1 2 7 0 2 3 0 2 3 12 16 2 5 30 3 16 6 2 1 2 7 5 30 3 0 2 7 0 2 7 0 2 3 0 2 3 0 2 7 0 2 3 1 2 3 0 2 3 16 31 2 0 2 3 1 2 7 1 2 7 0 20.9838578701019287
12 16 2 0 2 7 0 2 7 0 2 3 0 2 7 0 2 7 0 2 3 0 2 11 5 30 3 5 30 3 0 2 7 1 2 3 1 2 8 0 2 4 16 19 11 1 2 11 17 18 2 5 31 3 0 2 7 0 2 3 0.0056203715921829215 21.854022741317749
12 16 2 0 2 7 0 2 7 1 2 7 17 18 2 5 30 3 0 2 7 1 2 4 15 2 11 1 2 4 0 2 7 5 30 3 0 2 11 13 6 3 0 2 7 0 2 7 17 18 2 12 16 2 0 2 11 1 2 7 0 20.6221418380737305
12 16 2 12 16 2 0 2 7 0 2 7 16 6 2 1 2 7 17 9 2 0 2 7 1 2 10 5 31 3 0 2 7 1 2 7 6 2 7 5 31 3 0 2 4 0 2 7 1 2 4 0 2 7 0 2 7 0 2 7 0 20.6613958477973938
12 16 2 0 2 11 0 2 7 0 2 7 17 9 2 5 31 3 0 2 7 1 2 7 0 2 4 6 2 4 0 2 7 8 9 2 0 2 7 1 2 11 12 16 2 0 2 11 5 30 3 12 16 2 0 2 11 16 6 2 0 21.247671902179718
5 30 3 12 16 2 0 2 3 0 2 11 0 2 11 0 2 8 16 6 2 12 16 2 16 19 11 0 2 7 0 2 11 0 2 3 0 2 7 0 2 11 0 2 8 5 30 3 5 30 3 0 2 11 0 2 11 8 9 2 0 22.3352601528167725
12 16 2 0 2 7 0 2 7 0 2 3 17 18 2 5 30 3 0 2 7 1 2 4 13 6 3 1 2 7 1 2 11 8 9 2 0 2 7 0 2 7 12 16 2 0 2 7 5 30 3 12 16 2 0 2 7 16 6 2 0 20.6301085948944092

Current Evaluation = 1260(1260)
Front Size = 10
12 16 2 1 2 7 0 2 7 0 2 7 1 2 7 5 31 3 0 2 7 1 2 7 0 2 7 0 2 7 1 2 7 0 2 7 1 2 7 0 2 7 17 18 2 13 6 3 17 18 2 0 2 7 0 2 7 5 30 3 0 20.2646257877349854
12 16 2 1 2 3 1 2 3 1 2 7 0 2 7 0 2 3 0 2 3 0 2 7 1 2 3 12 16 2 5 30 3 0 2 3 0 2 3 16 18 11 0 2 3 0 2 3 5 30 3 0 2 3 1 2 3 0 2 4 0 21.9243149161338806
5 30 3 12 16 2 0 2 11 0 2 7 1 2 11 0 2 7 1 2 11 0 2 7 0 2 11 0 2 11 5 30 3 17 18 2 16 6 2 5 30 3 0 2 11 0 2 11 8 18 2 0 2 11 0 2 11 0 2 7 0 21.674699068069458
12 16 2 1 2 7 0 2 7 0 2 7 16 6 2 0 2 4 17 9 2 0 2 4 1 2 7 5 31 3 0 2 7 1 2 7 6 2 7 5 31 3 0 2 7 0 2 7 1 2 7 0 2 7 0 2 7 0 2 7 0 20.4595978856086731
12 16 2 1 2 11 0 2 7 5 30 3 0 2 4 1 2 7 0 2 7 1 2 7 8 9 2 0 2 7 12 16 2 5 30 3 12 16 2 0 2 3 17 9 2 13 6 3 0 2 7 0 2 7 16 6 2 0 2 7 0 20.6301085948944092
0 2 8 0 2 8 0 2 8 0 2 8 0 2 8 16 19 12 0 2 8 0 2 8 5 30 3 0 2 8 0 2 8 0 2 8 1 2 8 12 16 2 8 18 2 5 30 3 0 2 8 8 9 2 16 19 12 5 30 3 0.00032107997453968023 23.3072135448455811
0 2 7 17 9 2 5 30 3 1 2 7 0 2 7 1 2 4 1 2 7 17 18 2 0 2 7 0 2 7 0 2 7 0 2 7 1 2 7 0 2 7 0 2 7 12 16 2 12 16 2 0 2 3 8 1 2 5 30 3 0 20.735844612121582
5 30 3 12 16 2 1 2 7 0 2 7 0 2 7 0 2 7 0 2 7 0 2 3 13 6 3 16 6 2 1 2 3 1 2 7 1 2 7 17 18 2 5 31 3 0 2 3 0 2 3 12 16 2 0 2 3 0 2 7 0 20.7791848182678223
5 30 3 12 16 2 0 2 7 0 2 11 16 19 11 0 2 10 0 2 3 0 2 7 5 30 3 5 31 3 0 2 7 0 2 7 16 6 2 12 16 2 0 2 11 0 2 3 0 2 7 0 2 11 0 2 7 6 2 3 0 21.8348268270492554
12 16 2 0 2 7 0 2 7 5 30 3 0 2 7 1 2 7 0 2 11 1 2 7 8 9 2 1 2 7 12 16 2 5 31 3 12 16 2 0 2 7 16 6 2 0 2 7 0 2 7 0 2 7 0 2 7 16 31 2 0 20.8736897706985474

Current Evaluation = 1440(1440)
Front Size = 10
12 16 2 5 30 3 0 2 7 0 2 7 0 2 7 5 31 3 1 2 7 17 18 2 0 2 7 0 2 7 17 18 2 0 2 7 1 2 7 1 2 7 1 2 7 1 2 7 0 2 7 0 2 7 0 2 7 13 6 3 0 20.2646257877349854
5 30 3 12 16 2 0 2 7 1 2 11 0 2 1 17 18 2 0 2 3 0 2 3 16 6 2 1 2 3 1 2 11 0 2 7 0 2 7 8 9 2 5 30 3 0 2 7 0 2 7 0 2 3 1 2 7 0 2 4 0 21.2207517623901367
0 2 8 0 2 8 0 2 8 0 2 8 0 2 8 16 19 12 0 2 8 0 2 8 5 30 3 0 2 8 0 2 8 0 2 8 1 2 8 12 16 2 8 18 2 5 30 3 0 2 8 8 9 2 16 19 12 5 30 3 0.00032107997453968023 23.3072135448455811
5 30 3 12 16 2 0 2 11 0 2 7 1 2 11 0 2 7 1 2 11 0 2 7 0 2 11 0 2 11 5 30 3 17 18 2 16 6 2 5 30 3 0 2 11 0 2 11 8 18 2 0 2 11 0 2 11 0 2 7 0 21.674699068069458
12 16 2 5 30 3 0 2 7 0 2 7 0 2 8 0 2 8 1 2 7 0 2 8 0 2 7 0 2 7 17 18 2 16 19 12 1 2 7 0 2 8 16 19 12 1 2 7 0 2 7 0 2 8 0 2 8 1 2 8 0.0906671800570906516 21.7342121601104736
12 16 2 5 30 3 5 30 3 0 2 7 0 2 7 6 2 7 6 2 11 0 2 7 5 31 3 0 2 11 1 2 7 17 18 2 0 2 11 0 2 11 0 2 7 0 2 7 17 18 2 0 2 11 1 2 10 0 2 7 0 21.3925980925559998
12 16 2 0 2 7 1 2 11 0 2 7 0 2 7 0 2 7 13 6 3 5 30 3 16 6 2 12 16 2 0 2 4 12 16 2 1 2 7 0 2 7 8 18 2 17 9 2 5 30 3 1 2 3 0 2 7 0 2 7 0 20.6301085948944092
12 16 2 0 2 3 0 2 7 0 2 7 1 2 7 1 2 7 0 2 7 5 31 3 0 2 7 17 9 2 16 6 2 0 2 7 0 2 7 1 2 7 5 30 3 1 2 7 0 2 4 15 2 11 0 2 4 0 2 7 0 20.6338227987289429
5 31 3 12 16 2 0 2 7 1 2 3 0 2 3 17 18 2 0 2 3 1 2 7 1 2 7 1 2 7 0 2 7 0 2 3 0 2 4 16 24 2 5 30 3 0 2 7 6 2 7 0 2 3 0 2 4 0 2 7 0 20.9011539816856384
5 31 3 12 16 2 0 2 7 0 2 4 0 2 7 16 20 12 1 2 7 1 2 7 1 2 3 1 2 4 0 2 7 0 2 7 0 2 7 5 31 3 0 2 7 12 16 2 1 2 7 0 2 7 0 2 7 17 18 2 0 20.8241288661956787

Current Evaluation = 1620(1620)
Front Size = 10
1 2 7 5 30 3 0 2 7 0 2 7 12 16 2 1 2 7 0 2 7 17 9 2 0 2 7 17 9 2 0 2 7 1 2 7 1 2 7 0 2 7 0 2 7 13 6 3 0 2 7 0 2 7 5 31 3 1 2 7 0 20.2646257877349854
12 16 2 0 2 7 0 2 4 0 2 7 0 2 3 1 2 7 0 2 7 0 2 7 5 30 3 1 2 3 1 2 7 1 2 7 16 6 2 0 2 7 12 16 2 0 2 3 5 31 3 0 2 7 16 31 2 0 2 7 0 20.7824867963790894
0 2 7 5 31 3 6 2 7 0 2 7 1 2 7 0 2 7 1 2 7 1 2 7 0 2 7 0 2 7 0 2 7 5 31 3 0 2 4 0 2 7 12 16 2 1 2 7 17 18 2 0 2 4 0 2 7 16 6 2 0 20.4595978856086731
0 2 8 0 2 8 0 2 8 0 2 8 0 2 8 16 19 12 0 2 8 0 2 8 5 30 3 0 2 8 0 2 8 0 2 8 1 2 8 12 16 2 8 18 2 5 30 3 0 2 8 8 9 2 16 19 12 5 30 3 0.00032107997453968023 23.3072135448455811
12 16 2 5 30 3 1 2 11 0 2 10 0 2 4 0 2 10 0 2 11 1 2 7 0 2 7 0 2 7 0 2 4 5 30 3 1 2 7 0 2 7 8 9 2 1 2 11 1 2 10 17 9 2 0 2 7 17 9 2 0 21.0005908012390137
1 2 7 0 2 7 0 2 7 0 2 7 0 2 4 1 2 7 0 2 7 1 2 7 0 2 7 0 2 7 12 16 2 17 18 2 5 31 3 1 2 11 5 30 3 17 9 2 1 2 11 0 2 7 0 2 7 8 9 2 0 20.8592697381973267
12 16 2 1 2 7 5 31 3 0 2 7 0 2 3 0 2 3 0 2 3 17 18 2 0 2 4 1 2 7 0 2 7 0 2 4 0 2 7 0 2 7 1 2 7 1 2 7 0 2 7 5 30 3 16 18 11 1 2 7 0 20.9542428851127625
12 16 2 5 30 3 5 30 3 0 2 7 6 2 7 1 2 3 8 18 2 0 2 7 0 2 7 0 2 4 1 2 7 0 2 7 0 2 3 17 9 2 0 2 3 0 2 3 16 15 2 0 2 7 1 2 7 0 2 3 0 21.0455848574638367
12 16 2 5 31 3 5 31 3 0 2 7 0 2 7 0 2 3 0 2 7 6 2 7 0 2 3 16 6 2 0 2 7 0 2 3 0 2 7 0 2 4 1 2 7 0 2 3 1 2 7 1 2 7 12 16 2 16 6 2 0 20.8941568732261658
5 30 3 12 16 2 16 9 12 12 16 2 0 2 3 16 6 2 0 2 7 0 2 4 1 2 3 1 2 3 0 2 7 1 2 4 0 2 3 0 2 7 5 31 3 0 2 3 0 2 3 0 2 3 1 2 3 0 2 7 0 21.4822019338607788

Current Evaluation = 1800(1800)
Front Size = 10
5 31 3 13 6 3 0 2 7 0 2 7 17 9 2 0 2 7 0 2 7 1 2 7 0 2 7 0 2 7 1 2 7 0 2 7 1 2 7 17 18 2 0 2 7 1 2 7 5 30 3 12 16 2 0 2 7 1 2 7 0 20.2646257877349854
12 16 2 5 30 3 1 2 11 0 2 10 0 2 4 0 2 10 0 2 11 1 2 7 0 2 7 0 2 7 0 2 4 5 30 3 1 2 7 0 2 7 8 9 2 1 2 11 1 2 10 17 9 2 0 2 7 17 9 2 0 21.0005908012390137
12 16 2 5 30 3 1 2 7 0 2 7 0 2 11 1 2 3 1 2 3 0 2 7 0 2 4 1 2 4 1 2 10 16 31 2 0 2 3 17 9 2 0 2 7 0 2 7 0 2 7 5 30 3 0 2 7 0 2 7 0 20.8012489080429077
0 2 7 0 2 7 1 2 7 0 2 10 0 2 7 16 19 11 0 2 7 12 16 2 5 31 3 5 30 3 0 2 7 0 2 11 0 2 11 17 18 2 0 2 7 0 2 7 6 2 7 0 2 7 1 2 11 5 30 3 0 21.449715793132782
5 30 3 1 2 7 0 2 7 1 2 3 0 2 7 16 31 2 0 2 3 17 9 2 0 2 7 0 2 7 0 2 7 5 30 3 0 2 7 0 2 7 0 2 3 1 2 7 1 2 7 0 2 3 1 2 7 1 2 11 0 20.6688988208770752
5 30 3 12 16 2 16 9 12 12 16 2 0 2 3 16 6 2 0 2 7 0 2 4 1 2 3 1 2 3 0 2 7 1 2 4 0 2 3 0 2 7 5 31 3 0 2 3 0 2 3 0 2 3 1 2 3 0 2 7 0 21.4822019338607788
12 16 2 5 31 3 1 2 7 0 2 7 1 2 7 0 2 7 0 2 7 0 2 7 0 2 4 17 18 2 0 2 7 5 31 3 16 6 2 0 2 7 1 2 4 0 2 7 6 2 7 0 2 7 1 2 7 0 2 7 0 20.4595978856086731
1 2 7 12 16 2 1 2 7 1 2 3 0 2 4 1 2 7 0 2 7 16 6 2 0 2 7 8 9 2 5 31 3 0 2 7 0 2 3 0 2 7 0 2 12 17 18 2 0 2 7 1 2 7 5 30 3 0 2 7 0 20.769278883934021
12 16 2 1 2 7 0 2 7 0 2 7 0 2 7 0 2 7 8 18 2 17 18 2 0 2 7 0 2 7 5 30 3 8 18 2 1 2 7 0 2 7 5 30 3 0 2 7 0 2 4 16 15 2 1 2 7 12 16 2 0 20.8408946990966797
0 2 8 0 2 8 0 2 3 0 2 8 0 2 3 16 19 12 0 2 3 0 2 8 5 30 3 0 2 3 0 2 8 0 2 8 1 2 8 12 16 2 8 18 2 5 30 3 0 2 8 0 2 3 16 19 12 5 30 3 1.06285905638954129e-05 23.1371603012084961

Current Evaluation = 1980(1980)
Front Size = 10
12 16 2 0 2 7 0 2 7 0 2 7 1 2 7 0 2 7 1 2 7 17 9 2 5 30 3 0 2 7 0 2 7 0 2 7 1 2 7 1 2 7 17 18 2 1 2 7 13 6 3 0 2 7 0 2 7 5 31 3 0 20.2646257877349854
5 30 3 12 16 2 16 9 12 12 16 2 0 2 3 16 6 2 0 2 7 0 2 4 1 2 3 1 2 3 0 2 7 1 2 4 0 2 3 0 2 7 5 31 3 0 2 3 0 2 3 0 2 3 1 2 3 0 2 7 0 21.4822019338607788
12 16 2 5 30 3 1 2 11 0 2 10 0 2 4 0 2 10 0 2 11 1 2 7 0 2 7 0 2 7 0 2 4 5 30 3 1 2 7 0 2 7 8 9 2 1 2 11 1 2 10 17 9 2 0 2 7 17 9 2 0 21.0005908012390137
12 16 2 5 30 3 1 2 7 0 2 7 0 2 11 1 2 3 1 2 3 0 2 7 0 2 4 1 2 4 1 2 10 16 31 2 0 2 3 17 9 2 0 2 7 0 2 7 0 2 7 5 30 3 0 2 7 0 2 7 0 20.8012489080429077
12 16 2 1 2 7 0 2 7 12 16 2 17 9 2 1 2 7 0 2 4 5 31 3 0 2 4 0 2 7 0 2 7 1 2 7 6 2 7 0 2 7 0 2 7 5 31 3 0 2 10 1 2 7 0 2 7 16 6 2 0 20.6613958477973938
5 30 3 12 16 2 0 2 11 0 2 8 0 2 8 0 2 8 0 2 8 16 19 11 1 2 11 0 2 8 16 19 11 0 2 7 0 2 8 12 16 2 0 2 8 5 30 3 8 18 2 0 2 3 0 2 3 5 30 3 0 23.0031580924987793
1 2 4 0 2 7 1 2 4 1 2 7 0 2 7 0 2 7 6 2 7 12 16 2 0 2 7 0 2 7 6 2 7 5 31 3 0 2 7 12 16 2 0 2 7 16 15 2 17 9 2 0 2 7 0 2 7 5 31 3 0 20.7264288663864136
12 16 2 5 31 3 5 30 3 0 2 7 0 2 7 1 2 7 1 2 7 0 2 7 13 6 3 17 18 2 1 2 7 0 2 7 0 2 7 1 2 4 0 2 7 12 16 2 0 2 4 17 18 2 6 2 7 0 2 7 0 20.3487167954444885
12 16 2 0 2 7 0 2 7 0 2 7 1 2 3 0 2 7 0 2 7 1 2 7 5 30 3 0 2 7 0 2 7 5 30 3 1 2 7 12 16 2 1 2 4 17 18 2 8 18 2 17 1 2 0 2 7 0 2 7 0 20.7358447313308716
12 16 2 0 2 7 0 2 7 1 2 7 5 31 3 0 2 7 0 2 7 1 2 7 0 2 7 0 2 7 0 2 7 16 6 2 12 16 2 1 2 10 0 2 7 0 2 4 6 2 4 5 31 3 17 18 2 1 2 7 0 20.6613958477973938

Current Evaluation = 2160(2160)
Front Size = 10
1 2 7 1 2 7 0 2 7 17 9 2 0 2 7 1 2 7 13 6 3 0 2 7 1 2 7 5 31 3 0 2 7 12 16 2 17 18 2 5 30 3 0 2 7 0 2 7 1 2 7 0 2 7 0 2 7 0 2 7 0 20.2646257877349854
1 2 4 0 2 7 1 2 4 1 2 7 0 2 7 0 2 7 6 2 7 12 16 2 0 2 7 0 2 7 6 2 7 5 31 3 0 2 7 12 16 2 0 2 7 16 15 2 17 9 2 0 2 7 0 2 7 5 31 3 0 20.7264288663864136
5 30 3 12 16 2 16 9 12 12 16 2 0 2 3 16 6 2 0 2 7 0 2 4 1 2 3 1 2 3 0 2 7 1 2 4 0 2 3 0 2 7 5 31 3 0 2 3 0 2 3 0 2 3 1 2 3 0 2 7 0 21.4822019338607788
12 16 2 5 30 3 1 2 11 0 2 10 0 2 4 0 2 10 0 2 11 1 2 7 0 2 7 0 2 7 0 2 4 5 30 3 1 2 7 0 2 7 8 9 2 1 2 11 1 2 10 17 9 2 0 2 7 17 9 2 0 21.0005908012390137
12 16 2 0 2 7 0 2 7 0 2 7 1 2 3 0 2 7 0 2 7 1 2 7 5 30 3 0 2 7 0 2 7 5 30 3 1 2 7 12 16 2 1 2 4 17 18 2 8 18 2 17 1 2 0 2 7 0 2 7 0 20.7358447313308716
0 2 7 0 2 7 1 2 7 1 2 7 0 2 7 6 2 7 0 2 7 0 2 7 1 2 7 5 31 3 0 2 7 12 16 2 0 2 4 0 2 4 1 2 7 17 18 2 12 16 2 13 6 3 17 18 2 5 30 3 0 20.3487167954444885
0 2 7 0 2 7 1 2 7 1 2 7 0 2 7 0 2 7 12 16 2 0 2 7 0 2 7 0 2 7 0 2 7 5 31 3 0 2 7 17 18 2 6 2 7 16 6 2 1 2 7 0 2 4 1 2 4 5 31 3 0 20.4595978856086731
0 2 7 0 2 3 1 2 7 1 2 7 0 2 7 0 2 7 0 2 4 0 2 7 1 2 7 5 30 3 1 2 7 12 16 2 17 18 2 0 2 4 0 2 7 0 2 7 0 2 7 1 2 7 16 31 2 5 31 3 0 20.5479278564453125
16 6 2 0 2 7 1 2 7 5 31 3 0 2 3 12 16 2 0 2 7 0 2 4 5 30 3 0 2 7 1 2 7 1 2 7 0 2 7 0 2 3 1 2 7 8 18 2 17 9 2 1 2 7 0 2 7 0 2 12 0 20.769278883934021
17 18 2 1 2 11 0 2 7 0 2 7 8 18 2 5 31 3 1 2 7 12 16 2 0 2 7 0 2 7 5 30 3 0 2 7 0 2 7 1 2 7 1 2 11 16 6 2 0 2 7 1 2 7 0 2 7 0 2 7 0 20.6754786968231201

Current Evaluation = 2340(2340)
Front Size = 10
1 2 7 0 2 7 12 16 2 17 9 2 0 2 7 1 2 7 0 2 7 1 2 7 5 31 3 0 2 7 5 30 3 13 6 3 1 2 7 0 2 7 0 2 7 1 2 7 17 9 2 0 2 7 0 2 7 0 2 7 0 20.2646257877349854
0 2 8 0 2 3 0 2 7 1 2 7 1 2 7 0 2 7 6 2 11 17 18 2 0 2 4 5 30 3 0 2 7 0 2 7 17 9 2 8 9 2 1 2 11 1 2 1 0 2 3 5 30 3 0 2 11 1 2 7 0 21.1657340526580811
0 2 10 0 2 3 0 2 7 0 2 7 0 2 7 0 2 7 0 2 4 12 16 2 0 2 7 1 2 4 17 9 2 1 2 11 5 30 3 1 2 3 0 2 7 16 31 2 5 30 3 1 2 3 0 2 7 1 2 7 0 20.8012487888336182
1 2 7 0 2 7 12 16 2 17 9 2 0 2 7 1 2 7 0 2 7 1 2 7 5 31 3 0 2 7 12 16 2 5 30 3 17 9 2 0 2 4 13 6 3 1 2 7 0 2 7 0 2 7 0 2 4 6 2 7 0 20.3487167954444885
5 30 3 12 16 2 16 9 12 12 16 2 0 2 3 16 6 2 0 2 7 0 2 4 1 2 3 1 2 3 0 2 7 1 2 4 0 2 3 0 2 7 5 31 3 0 2 3 0 2 3 0 2 3 1 2 3 0 2 7 0 21.4822019338607788
0 2 7 12 16 2 0 2 7 12 16 2 5 30 3 0 2 7 0 2 7 1 2 7 0 2 11 0 2 3 0 2 7 13 6 3 0 2 7 1 2 7 1 2 4 8 9 2 12 16 2 5 30 3 16 6 2 17 18 2 0 20.6301087141036987
0 2 7 1 2 7 0 2 7 0 2 7 1 2 4 6 2 7 0 2 7 17 18 2 5 31 3 1 2 7 12 16 2 1 2 7 0 2 7 0 2 7 0 2 7 0 2 4 0 2 7 16 6 2 0 2 7 5 31 3 0 20.4595978856086731
16 30 2 0 2 7 12 16 2 1 2 4 1 2 7 0 2 7 0 2 7 12 16 2 5 30 3 1 2 7 13 6 3 0 2 7 0 2 3 17 9 2 1 2 4 5 31 3 12 16 2 0 2 7 0 2 7 0 2 7 0 20.4516057968139648
5 30 3 12 16 2 1 2 1 12 16 2 8 9 2 0 2 7 1 2 7 0 2 7 0 2 11 1 2 7 0 2 7 0 2 7 0 2 7 0 2 7 13 6 3 1 2 7 17 9 2 5 30 3 0 2 7 17 18 2 0 20.7305498123168945
5 30 3 12 16 2 0 2 11 0 2 11 0 2 7 12 16 2 17 9 2 0 2 10 0 2 11 1 2 4 1 2 3 5 30 3 0 2 10 0 2 7 8 9 2 1 2 7 0 2 7 0 2 7 17 18 2 1 2 7 0 21.2849409580230713

Current Evaluation = 2520(2520)
Front Size = 10
0 2 7 0 2 7 0 2 7 1 2 7 5 30 3 13 6 3 0 2 7 17 9 2 5 31 3 0 2 7 0 2 7 1 2 7 1 2 7 1 2 7 12 16 2 0 2 7 0 2 7 0 2 7 1 2 7 17 18 2 0 20.2646257877349854
5 30 3 12 16 2 16 9 12 12 16 2 0 2 3 16 6 2 0 2 7 0 2 4 1 2 3 1 2 3 0 2 7 1 2 4 0 2 3 0 2 7 5 31 3 0 2 3 0 2 3 0 2 3 1 2 3 0 2 7 0 21.4822019338607788
1 2 7 0 2 4 12 16 2 0 2 7 5 31 3 13 6 3 0 2 7 0 2 7 0 2 3 1 2 7 1 2 4 0 2 7 12 16 2 12 16 2 17 9 2 16 30 2 0 2 7 0 2 7 1 2 7 5 30 3 0 20.4516057968139648
1 2 7 12 16 2 1 2 7 12 16 2 5 30 3 1 2 11 17 18 2 0 2 7 13 6 3 0 2 7 0 2 4 0 2 7 0 2 7 12 16 2 0 2 3 0 2 7 5 30 3 8 9 2 16 6 2 0 2 7 0 20.6301085948944092
5 31 3 0 2 7 0 2 7 0 2 7 0 2 7 0 2 7 1 2 7 0 2 7 1 2 7 17 9 2 0 2 7 0 2 4 1 2 11 5 30 3 8 18 2 1 2 11 17 9 2 0 2 7 1 2 7 1 2 7 0 20.6409198045730591
1 2 3 1 2 11 12 16 2 0 2 7 0 2 7 0 2 3 0 2 7 0 2 7 17 9 2 0 2 7 5 30 3 5 30 3 13 6 3 0 2 3 0 2 7 0 2 7 12 16 2 0 2 3 16 15 2 0 2 7 0 20.9623496532440186
5 30 3 0 2 3 0 2 3 0 2 7 0 2 4 1 2 7 12 16 2 1 2 7 0 2 7 17 9 2 0 2 3 0 2 7 8 9 2 1 2 7 16 15 2 1 2 7 5 30 3 0 2 3 0 2 3 1 2 7 0 20.9987398386001587
0 2 8 0 2 3 0 2 7 1 2 7 1 2 7 0 2 7 6 2 11 17 18 2 0 2 4 5 30 3 0 2 7 0 2 7 17 9 2 8 9 2 1 2 11 1 2 1 0 2 3 5 30 3 0 2 11 1 2 7 0 21.1657340526580811
0 2 7 0 2 7 0 2 7 1 2 7 5 30 3 13 6 3 0 2 7 17 9 2 5 31 3 0 2 7 0 2 7 1 2 7 1 2 7 1 2 7 12 16 2 0 2 4 17 9 2 12 16 2 6 2 7 0 2 4 0 20.3487167954444885
0 2 7 6 2 7 0 2 7 0 2 7 5 30 3 13 6 3 0 2 7 17 9 2 5 31 3 0 2 7 0 2 7 0 2 7 12 16 2 12 16 2 1 2 7 17 18 2 0 2 7 1 2 7 1 2 4 1 2 4 0 20.3487167954444885

Current Evaluation = 2700(2700)
Front Size = 10
0 2 7 0 2 7 1 2 7 17 9 2 12 16 2 13 6 3 5 31 3 1 2 7 0 2 7 0 2 7 0 2 7 0 2 7 0 2 7 5 30 3 0 2 7 17 18 2 1 2 7 1 2 7 1 2 7 0 2 7 0 20.2646257877349854
5 30 3 0 2 7 0 2 3 0 2 7 1 2 7 12 16 2 1 2 4 0 2 7 17 9 2 1 2 11 0 2 7 0 2 7 13 6 3 12 16 2 6 2 7 0 2 7 5 30 3 0 2 7 12 16 2 16 31 2 0 20.5474986433982849
0 2 3 1 2 3 1 2 7 1 2 7 1 2 7 0 2 4 5 30 3 1 2 7 0 2 7 8 9 2 17 18 2 12 16 2 0 2 7 0 2 12 16 6 2 0 2 7 0 2 7 0 2 7 5 31 3 0 2 7 0 20.769278883934021
0 2 7 1 2 7 0 2 7 1 2 7 5 30 3 6 2 7 1 2 7 13 6 3 1 2 7 12 16 2 0 2 7 12 16 2 17 9 2 0 2 7 0 2 4 5 31 3 17 9 2 0 2 4 0 2 7 0 2 7 0 20.3487167954444885
16 15 2 0 2 7 0 2 4 8 9 2 12 16 2 0 2 7 0 2 7 5 30 3 0 2 7 0 2 7 0 2 7 12 16 2 5 30 3 0 2 7 0 2 7 1 2 7 1 2 7 8 9 2 17 18 2 1 2 7 0 20.8408946990966797
0 2 7 0 2 7 1 2 4 17 9 2 12 16 2 13 6 3 5 31 3 1 2 4 0 2 7 0 2 7 0 2 7 0 2 7 6 2 7 5 30 3 0 2 7 17 18 2 1 2 7 1 2 7 12 16 2 0 2 7 0 20.3487167954444885
5 30 3 1 2 7 0 2 3 0 2 4 0 2 7 12 16 2 1 2 7 0 2 4 17 9 2 0 2 7 0 2 7 12 16 2 0 2 7 5 30 3 0 2 7 1 2 7 13 6 3 1 2 7 12 16 2 16 31 2 0 20.4516056776046753
5 30 3 0 2 7 0 2 7 0 2 7 1 2 3 12 16 2 1 2 4 0 2 7 17 9 2 0 2 7 0 2 7 1 2 4 13 6 3 12 16 2 0 2 7 1 2 7 5 30 3 0 2 7 12 16 2 16 31 2 0 20.4516056776046753
0 2 7 0 2 7 0 2 7 0 2 7 5 31 3 1 2 7 0 2 7 12 16 2 0 2 7 17 9 2 1 2 7 1 2 4 0 2 7 5 31 3 6 2 7 0 2 7 16 6 2 1 2 7 0 2 7 0 2 4 0 20.4595978856086731
1 2 7 0 2 7 5 30 3 12 16 2 0 2 3 5 30 3 0 2 7 0 2 7 0 2 7 0 2 7 1 2 4 17 9 2 1 2 7 12 16 2 0 2 7 17 9 2 8 1 2 1 2 7 0 2 7 0 2 7 0 20.735844612121582

Current Evaluation = 2880(2880)
Front Size = 10
5 31 3 0 2 7 0 2 7 0 2 7 1 2 7 0 2 7 17 9 2 1 2 7 13 6 3 12 16 2 5 30 3 0 2 7 0 2 7 0 2 7 17 9 2 0 2 7 1 2 7 0 2 7 1 2 7 1 2 7 0 20.2646257877349854
1 2 4 5 31 3 0 2 7 0 2 7 5 30 3 13 6 3 0 2 7 1 2 7 12 16 2 0 2 7 0 2 7 1 2 7 12 16 2 1 2 7 17 18 2 0 2 7 17 9 2 0 2 7 0 2 4 6 2 7 0 20.3487167954444885
5 30 3 0 2 7 0 2 7 0 2 7 12 16 2 0 2 7 17 9 2 0 2 7 0 2 7 13 6 3 12 16 2 1 2 7 1 2 3 1 2 4 1 2 7 0 2 7 5 30 3 0 2 4 12 16 2 16 31 2 0 20.4516056776046753
0 2 3 1 2 3 1 2 7 1 2 7 1 2 7 0 2 4 5 30 3 1 2 7 0 2 7 8 9 2 17 18 2 12 16 2 0 2 7 0 2 12 16 6 2 0 2 7 0 2 7 0 2 7 5 31 3 0 2 7 0 20.769278883934021
0 2 4 12 16 2 12 16 2 5 31 3 0 2 7 1 2 7 1 2 7 0 2 7 0 2 7 1 2 7 5 30 3 13 6 3 12 16 2 0 2 3 0 2 7 0 2 4 1 2 7 16 30 2 17 9 2 0 2 7 0 20.4516057968139648
5 30 3 0 2 7 0 2 4 0 2 4 1 2 7 17 9 2 0 2 7 0 2 7 13 6 3 12 16 2 5 31 3 1 2 7 1 2 7 1 2 7 0 2 7 12 16 2 6 2 7 0 2 7 17 9 2 0 2 7 0 20.3487167954444885
0 2 7 0 2 7 0 2 7 0 2 7 5 31 3 1 2 7 0 2 7 12 16 2 0 2 7 17 9 2 1 2 7 0 2 7 0 2 7 1 2 7 0 2 7 1 2 4 5 31 3 6 2 7 16 6 2 0 2 4 0 20.4595978856086731
5 30 3 0 2 7 0 2 7 0 2 7 1 2 4 0 2 7 17 9 2 0 2 7 0 2 7 13 6 3 12 16 2 1 2 7 6 2 7 1 2 7 5 31 3 17 9 2 12 16 2 0 2 7 1 2 4 0 2 7 0 20.3487167954444885
0 2 7 12 16 2 12 16 2 0 2 3 5 30 3 0 2 7 0 2 7 0 2 7 0 2 7 0 2 7 1 2 11 1 2 7 17 18 2 1 2 7 16 6 2 5 30 3 13 6 3 12 16 2 0 2 4 8 9 2 0 20.6301085948944092
0 2 4 12 16 2 12 16 2 0 2 7 1 2 7 1 2 7 0 2 7 0 2 7 5 30 3 13 6 3 12 16 2 0 2 3 0 2 7 0 2 7 17 18 2 1 2 7 0 2 4 1 2 11 0 2 7 5 30 3 8.82990985410649862e-05 20.7926476001739502

Current Evaluation = 3060(3060)
Front Size = 10
5 30 3 1 2 7 0 2 7 1 2 7 0 2 7 0 2 7 17 9 2 13 6 3 12 16 2 1 2 7 5 31 3 0 2 7 0 2 7 0 2 7 17 9 2 0 2 7 0 2 7 1 2 7 0 2 7 1 2 7 0 20.2646257877349854
0 2 7 12 16 2 12 16 2 0 2 3 5 30 3 0 2 7 0 2 7 0 2 7 0 2 7 0 2 7 1 2 11 1 2 7 17 18 2 1 2 7 16 6 2 5 30 3 13 6 3 12 16 2 0 2 4 8 9 2 0 20.6301085948944092
5 30 3 1 2 4 0 2 7 1 2 7 0 2 7 6 2 7 0 2 7 12 16 2 1 2 7 5 31 3 0 2 7 0 2 7 1 2 4 17 18 2 0 2 7 0 2 7 13 6 3 17 18 2 12 16 2 0 2 7 0 20.3487167954444885
5 30 3 1 2 7 0 2 7 1 2 7 0 2 7 0 2 7 17 9 2 0 2 7 0 2 4 13 6 3 12 16 2 6 2 7 1 2 7 5 31 3 12 16 2 0 2 7 0 2 7 1 2 7 17 18 2 0 2 4 0 20.3487167954444885
5 30 3 1 2 7 0 2 7 0 2 7 0 2 7 1 2 7 17 9 2 0 2 7 13 6 3 12 16 2 0 2 7 5 31 3 12 16 2 6 2 7 0 2 4 0 2 7 0 2 7 1 2 7 1 2 4 17 9 2 0 20.3487167954444885
5 30 3 1 2 7 0 2 7 1 2 7 0 2 7 0 2 7 17 9 2 0 2 7 13 6 3 12 16 2 1 2 7 5 31 3 0 2 7 0 2 7 1 2 7 0 2 7 6 2 4 12 16 2 17 18 2 0 2 4 0 20.3487167954444885
5 30 3 0 2 7 0 2 7 0 2 7 1 2 4 0 2 7 17 9 2 0 2 7 0 2 7 13 6 3 12 16 2 1 2 7 6 2 7 1 2 7 5 31 3 17 9 2 12 16 2 0 2 7 1 2 4 0 2 7 0 20.3487167954444885
5 30 3 0 2 7 0 2 7 0 2 7 12 16 2 0 2 7 17 9 2 0 2 7 0 2 7 13 6 3 12 16 2 1 2 7 1 2 3 1 2 4 1 2 7 0 2 7 5 30 3 0 2 4 12 16 2 16 31 2 0 20.4516056776046753
0 2 7 0 2 7 0 2 7 0 2 7 5 31 3 1 2 7 0 2 7 12 16 2 0 2 7 17 9 2 1 2 7 0 2 7 0 2 7 1 2 7 0 2 7 1 2 4 5 31 3 6 2 7 16 6 2 0 2 4 0 20.4595978856086731
5 30 3 0 2 3 0 2 7 1 2 7 12 16 2 0 2 7 17 9 2 0 2 7 13 6 3 12 16 2 0 2 4 0 2 7 1 2 7 12 16 2 1 2 7 1 2 4 5 31 3 0 2 7 0 2 7 16 30 2 0 20.4516057968139648

Current Evaluation = 3240(3240)
Front Size = 10
5 31 3 0 2 7 12 16 2 0 2 7 0 2 7 0 2 7 1 2 7 5 30 3 0 2 7 0 2 7 0 2 7 13 6 3 1 2 7 0 2 7 1 2 7 17 18 2 1 2 7 1 2 7 0 2 7 17 9 2 0 20.2646257877349854
5 30 3 0 2 7 0 2 7 0 2 7 1 2 7 0 2 7 12 16 2 0 2 7 5 31 3 1 2 7 1 2 7 13 6 3 0 2 7 1 2 7 0 2 7 17 9 2 1 2 7 0 2 7 17 9 2 0 2 7 0 20.2646257877349854
5 30 3 0 2 7 0 2 7 0 2 7 12 16 2 0 2 7 17 9 2 0 2 7 0 2 7 13 6 3 12 16 2 1 2 7 1 2 3 1 2 4 1 2 7 0 2 7 5 30 3 0 2 4 12 16 2 16 31 2 0 20.4516056776046753
5 30 3 1 2 4 0 2 7 1 2 7 0 2 7 6 2 7 0 2 7 12 16 2 1 2 7 5 31 3 0 2 7 0 2 7 1 2 4 17 18 2 0 2 7 0 2 7 13 6 3 17 18 2 12 16 2 0 2 7 0 20.3487167954444885
5 30 3 0 2 7 0 2 7 0 2 7 1 2 7 0 2 4 0 2 7 12 16 2 0 2 7 5 31 3 1 2 7 0 2 4 17 18 2 6 2 7 1 2 7 13 6 3 12 16 2 1 2 7 0 2 7 17 9 2 0 20.3487167954444885
0 2 7 12 16 2 12 16 2 5 30 3 0 2 7 1 2 4 1 2 7 0 2 7 0 2 7 0 2 7 17 9 2 1 2 7 13 6 3 0 2 7 0 2 4 16 30 2 5 31 3 12 16 2 1 2 7 0 2 3 0 20.4516057968139648
5 30 3 0 2 7 1 2 7 0 2 7 1 2 7 0 2 7 1 2 7 1 2 7 5 31 3 0 2 7 0 2 7 17 18 2 0 2 7 13 6 3 12 16 2 0 2 7 1 2 7 0 2 7 17 18 2 0 2 7 0 20.2646257877349854
0 2 7 6 2 4 0 2 7 0 2 7 0 2 7 1 2 4 1 2 7 0 2 7 0 2 7 0 2 7 12 16 2 0 2 7 0 2 7 0 2 7 5 31 3 1 2 7 5 31 3 16 6 2 1 2 7 17 9 2 0 20.4595978856086731
0 2 7 12 16 2 5 30 3 0 2 7 1 2 7 0 2 7 0 2 7 0 2 7 17 9 2 1 2 7 13 6 3 0 2 7 5 31 3 1 2 7 12 16 2 1 2 7 0 2 4 16 30 2 0 2 7 0 2 7 8.17458992170287029e-05 20.2238078117370605
5 31 3 0 2 7 12 16 2 0 2 7 0 2 7 0 2 7 1 2 7 5 30 3 0 2 4 0 2 7 0 2 7 13 6 3 1 2 7 1 2 4 17 9 2 1 2 7 12 16 2 0 2 7 17 18 2 6 2 7 0 20.3487167954444885

Current Evaluation = 3420(3420)
Front Size = 10
5 30 3 0 2 7 0 2 7 0 2 7 1 2 7 0 2 7 12 16 2 0 2 7 5 31 3 1 2 7 13 6 3 0 2 7 0 2 7 17 9 2 0 2 7 1 2 7 1 2 7 0 2 7 1 2 7 17 9 2 0 20.2646257877349854
5 30 3 0 2 7 0 2 7 0 2 7 1 2 7 0 2 7 12 16 2 0 2 7 5 31 3 0 2 7 13 6 3 0 2 7 1 2 7 1 2 7 1 2 7 17 18 2 0 2 7 17 9 2 0 2 7 1 2 7 0 20.2646257877349854
5 30 3 1 2 7 0 2 7 1 2 7 0 2 7 1 2 7 0 2 7 1 2 7 0 2 7 5 31 3 0 2 7 0 2 7 17 18 2 0 2 7 0 2 7 13 6 3 12 16 2 1 2 7 17 18 2 0 2 7 0 20.2646257877349854
5 30 3 1 2 4 0 2 7 1 2 7 0 2 7 6 2 7 0 2 7 12 16 2 1 2 7 5 31 3 0 2 7 0 2 7 1 2 4 17 18 2 0 2 7 0 2 7 13 6 3 17 18 2 12 16 2 0 2 7 0 20.3487167954444885
5 30 3 0 2 7 0 2 7 0 2 7 12 16 2 0 2 7 17 9 2 0 2 7 0 2 7 13 6 3 12 16 2 1 2 7 1 2 3 1 2 4 1 2 7 0 2 7 5 30 3 0 2 4 12 16 2 16 31 2 0 20.4516056776046753
5 30 3 0 2 7 0 2 7 0 2 11 0 2 7 5 31 3 12 16 2 0 2 7 5 30 3 0 2 7 17 18 2 0 2 8 13 6 3 0 2 7 0 2 7 16 19 12 0 2 8 1 2 7 12 16 2 0 2 8 0 21.6229339838027954
5 30 3 0 2 7 0 2 7 1 2 7 6 2 7 0 2 4 12 16 2 0 2 7 5 31 3 1 2 7 13 6 3 0 2 7 0 2 7 17 9 2 1 2 7 0 2 7 1 2 4 0 2 7 12 16 2 17 9 2 0 20.3487167954444885
0 2 7 12 16 2 12 16 2 5 30 3 16 30 2 0 2 7 0 2 7 1 2 7 0 2 7 17 9 2 1 2 4 13 6 3 0 2 3 1 2 7 5 31 3 0 2 7 1 2 4 0 2 7 12 16 2 0 2 7 0 20.4516057968139648
5 30 3 0 2 7 0 2 7 0 2 7 1 2 7 0 2 7 12 16 2 0 2 7 5 31 3 0 2 7 13 6 3 0 2 7 1 2 7 1 2 7 1 2 7 17 18 2 6 2 4 17 18 2 12 16 2 0 2 4 0 20.3487167954444885
6 2 7 0 2 7 12 16 2 0 2 7 0 2 7 0 2 7 0 2 7 1 2 4 1 2 4 0 2 7 16 6 2 5 31 3 0 2 7 1 2 7 5 31 3 0 2 7 0 2 7 1 2 7 0 2 7 17 18 2 0 20.4595978856086731

Current Evaluation = 3600(3600)
Front Size = 10
1 2 7 12 16 2 1 2 7 0 2 7 0 2 7 0 2 7 1 2 7 5 31 3 0 2 7 0 2 7 1 2 7 0 2 7 0 2 7 17 18 2 0 2 7 13 6 3 0 2 7 5 30 3 1 2 7 17 9 2 0 20.2646257877349854
1 2 7 12 16 2 1 2 7 0 2 7 0 2 7 0 2 7 1 2 7 5 31 3 0 2 7 0 2 7 1 2 7 0 2 7 0 2 7 17 18 2 0 2 7 13 6 3 0 2 7 5 30 3 1 2 7 17 18 2 0 20.2646257877349854
5 30 3 0 2 11 0 2 3 0 2 7 12 16 2 0 2 3 0 2 3 0 2 3 0 2 7 0 2 7 0 2 3 16 18 11 5 30 3 15 2 11 1 2 11 0 2 7 1 2 3 12 16 2 1 2 3 16 6 2 0 21.6585198044776917
5 30 3 1 2 7 0 2 7 0 2 7 0 2 7 12 16 2 0 2 7 1 2 4 13 6 3 12 16 2 1 2 7 0 2 7 0 2 7 17 9 2 0 2 3 5 30 3 0 2 7 1 2 4 16 31 2 12 16 2 0 20.4516056776046753
1 2 3 0 2 3 1 2 3 6 2 7 5 30 3 0 2 3 0 2 7 0 2 7 17 18 2 1 2 7 1 2 7 0 2 7 0 2 7 12 16 2 0 2 3 5 31 3 0 2 4 16 24 2 0 2 4 0 2 7 0 20.9011539816856384
17 9 2 0 2 4 6 2 7 0 2 7 12 16 2 1 2 7 0 2 4 0 2 7 1 2 7 0 2 7 0 2 7 0 2 7 0 2 7 13 6 3 5 31 3 5 30 3 12 16 2 17 9 2 1 2 7 1 2 7 0 20.3487167954444885
1 2 7 12 16 2 1 2 7 0 2 7 0 2 7 0 2 7 0 2 4 5 31 3 0 2 7 0 2 7 1 2 7 0 2 7 0 2 7 17 18 2 0 2 7 16 6 2 6 2 7 1 2 7 5 31 3 0 2 4 0 20.4595978856086731
5 30 3 1 2 7 1 2 7 0 2 7 0 2 7 12 16 2 0 2 7 1 2 7 13 6 3 0 2 7 0 2 7 0 2 7 5 31 3 0 2 7 0 2 7 17 9 2 0 2 7 1 2 7 17 9 2 1 2 7 0 20.2646257877349854
5 31 3 0 2 7 0 2 7 0 2 7 12 16 2 0 2 7 0 2 7 0 2 7 13 6 3 1 2 7 1 2 4 6 2 7 1 2 7 5 30 3 0 2 7 12 16 2 17 9 2 17 9 2 1 2 4 0 2 7 0 20.3487167954444885
1 2 7 12 16 2 1 2 7 0 2 7 0 2 7 0 2 7 1 2 4 5 31 3 0 2 4 6 2 7 1 2 7 0 2 7 0 2 7 17 18 2 0 2 7 13 6 3 17 18 2 0 2 7 5 30 3 12 16 2 0 20.3487167954444885

MonoObjective Genetic Algorithm
Number of Evaluations = 0
Mutation Probability = 0
Crossover Probability = 1
Population Size = 10
Survival Selection Type = 16

Time =  3605.98897981643677

Current Evaluation = 3350
Front Size = 10
1 2 7 12 16 2 1 2 7 0 2 7 0 2 7 0 2 7 1 2 7 5 31 3 0 2 7 0 2 7 1 2 7 0 2 7 0 2 7 17 18 2 0 2 7 13 6 3 0 2 7 5 30 3 1 2 7 17 9 2 0 20.2646257877349854
1 2 7 12 16 2 1 2 7 0 2 7 0 2 7 0 2 7 1 2 7 5 31 3 0 2 7 0 2 7 1 2 7 0 2 7 0 2 7 17 18 2 0 2 7 13 6 3 0 2 7 5 30 3 1 2 7 17 18 2 0 20.2646257877349854
5 30 3 0 2 11 0 2 3 0 2 7 12 16 2 0 2 3 0 2 3 0 2 3 0 2 7 0 2 7 0 2 3 16 18 11 5 30 3 15 2 11 1 2 11 0 2 7 1 2 3 12 16 2 1 2 3 16 6 2 0 21.6585198044776917
5 30 3 1 2 7 0 2 7 0 2 7 0 2 7 12 16 2 0 2 7 1 2 4 13 6 3 12 16 2 1 2 7 0 2 7 0 2 7 17 9 2 0 2 3 5 30 3 0 2 7 1 2 4 16 31 2 12 16 2 0 20.4516056776046753
1 2 3 0 2 3 1 2 3 6 2 7 5 30 3 0 2 3 0 2 7 0 2 7 17 18 2 1 2 7 1 2 7 0 2 7 0 2 7 12 16 2 0 2 3 5 31 3 0 2 4 16 24 2 0 2 4 0 2 7 0 20.9011539816856384
17 9 2 0 2 4 6 2 7 0 2 7 12 16 2 1 2 7 0 2 4 0 2 7 1 2 7 0 2 7 0 2 7 0 2 7 0 2 7 13 6 3 5 31 3 5 30 3 12 16 2 17 9 2 1 2 7 1 2 7 0 20.3487167954444885
1 2 7 12 16 2 1 2 7 0 2 7 0 2 7 0 2 7 0 2 4 5 31 3 0 2 7 0 2 7 1 2 7 0 2 7 0 2 7 17 18 2 0 2 7 16 6 2 6 2 7 1 2 7 5 31 3 0 2 4 0 20.4595978856086731
5 30 3 1 2 7 1 2 7 0 2 7 0 2 7 12 16 2 0 2 7 1 2 7 13 6 3 0 2 7 0 2 7 0 2 7 5 31 3 0 2 7 0 2 7 17 9 2 0 2 7 1 2 7 17 9 2 1 2 7 0 20.2646257877349854
5 31 3 0 2 7 0 2 7 0 2 7 12 16 2 0 2 7 0 2 7 0 2 7 13 6 3 1 2 7 1 2 4 6 2 7 1 2 7 5 30 3 0 2 7 12 16 2 17 9 2 17 9 2 1 2 4 0 2 7 0 20.3487167954444885
1 2 7 12 16 2 1 2 7 0 2 7 0 2 7 0 2 7 1 2 4 5 31 3 0 2 4 6 2 7 1 2 7 0 2 7 0 2 7 17 18 2 0 2 7 13 6 3 17 18 2 0 2 7 5 30 3 12 16 2 0 20.3487167954444885

