Current Evaluation = 180(180)
Front Size = 10
12 16 2 1 2 7 0 2 7 0 2 7 0 2 7 1 2 7 5 30 3 0 2 7 1 2 7 0 2 7 17 18 2 0 2 7 1 2 7 5 31 3 0 2 7 13 6 3 17 9 2 0 2 7 1 2 7 0 2 7 0 20.2646257877349854
12 16 2 5 30 3 17 9 2 1 2 4 0 2 7 0 2 7 0 2 3 1 2 11 16 31 2 0 2 7 1 2 4 0 2 7 1 2 7 0 2 3 5 30 3 0 2 3 1 2 7 0 2 7 0 2 7 0 2 10 0 20.8012487888336182
12 16 2 5 31 3 12 16 2 1 2 7 0 2 3 0 2 3 0 2 4 0 2 3 16 6 2 1 2 7 1 2 7 1 2 7 0 2 3 0 2 3 5 30 3 0 2 7 0 2 3 0 2 4 16 19 11 0 2 7 0 21.3634347915649414
5 30 3 12 16 2 0 2 10 0 2 4 17 9 2 1 2 11 17 18 2 8 9 2 0 2 7 5 30 3 1 2 7 0 2 4 0 2 10 0 2 7 1 2 7 0 2 7 1 2 10 0 2 11 0 2 11 1 2 7 0 21.0005909204483032
8 18 2 16 19 12 0 2 8 0 2 8 0 2 8 0 2 8 0 2 8 0 2 8 16 19 12 5 30 3 0 2 8 8 18 2 5 30 3 0 2 8 5 30 3 0 2 8 1 2 8 0 2 8 0 2 8 12 16 2 0.00032107997453968023 23.3072135448455811
12 16 2 0 2 11 0 2 7 6 2 7 6 2 7 1 2 11 0 2 3 0 2 11 5 30 3 0 2 7 0 2 11 1 2 3 17 9 2 0 2 11 16 30 2 5 30 3 0 2 11 0 2 7 5 31 3 0 2 7 0 21.3990302085876465
12 16 2 5 30 3 0 2 7 0 2 3 16 19 11 0 2 3 0 2 7 16 19 11 0 2 7 1 2 3 0 2 3 1 2 3 0 2 11 0 2 11 0 2 7 5 30 3 0 2 3 5 30 3 0 2 7 0 2 3 0 22.152154803276062
12 16 2 8 9 2 0 2 11 0 2 8 0 2 8 5 30 3 5 30 3 0 2 8 0 2 11 0 2 8 0 2 8 0 2 8 12 16 2 5 30 3 0 2 3 16 19 11 1 2 7 0 2 3 16 19 11 0 2 8 0 23.0031582117080688
0 2 3 8 18 2 0 2 12 0 2 3 12 16 2 5 30 3 12 16 2 13 6 3 0 2 3 1 2 3 17 9 2 0 2 12 16 18 12 1 2 8 0 2 1 0 2 3 1 2 3 1 2 12 12 16 2 12 16 2 4.77168052944425478e-05 21.9099289178848267
5 30 3 0 2 7 12 16 2 0 2 7 5 31 3 0 2 7 0 2 8 0 2 3 0 2 8 1 2 7 0 2 8 0 2 7 0 2 7 12 16 2 6 2 3 0 2 8 1 2 7 0 2 8 13 6 3 5 30 3 0.0803383818404185823 21.896570086479187

Current Evaluation = 360(360)
Front Size = 10
1 2 7 5 30 3 17 9 2 0 2 7 0 2 7 1 2 7 1 2 7 0 2 7 5 31 3 0 2 7 1 2 7 0 2 7 13 6 3 0 2 7 0 2 7 12 16 2 17 18 2 0 2 7 0 2 7 1 2 7 0 20.2646257877349854
12 16 2 5 30 3 0 2 7 16 18 11 1 2 7 0 2 3 12 16 2 0 2 11 0 2 3 16 6 2 0 2 3 1 2 3 8 18 2 0 2 3 0 2 4 12 16 2 0 2 3 5 30 3 0 2 11 1 2 11 0 21.7589258551597595
0 2 11 5 30 3 12 16 2 0 2 8 0 2 8 12 16 2 0 2 8 0 2 7 0 2 8 6 2 8 16 19 11 0 2 7 8 18 2 0 2 8 0 2 8 5 30 3 5 31 3 0 2 7 0 2 8 16 6 2 0 22.5684802532196045
12 16 2 0 2 7 5 30 3 0 2 7 17 9 2 0 2 11 1 2 7 1 2 7 0 2 7 0 2 4 15 2 11 1 2 11 0 2 7 0 2 7 12 16 2 17 9 2 1 2 4 0 2 7 5 30 3 13 6 3 0 20.6221417188644409
12 16 2 5 31 3 12 16 2 1 2 3 0 2 12 0 2 3 0 2 3 0 2 7 16 6 2 1 2 3 0 2 7 1 2 3 0 2 7 0 2 7 5 30 3 8 18 2 1 2 7 0 2 7 16 6 2 0 2 7 0 21.1038378477096558
12 16 2 0 2 11 0 2 7 6 2 7 6 2 7 1 2 11 0 2 3 0 2 11 5 30 3 0 2 7 0 2 11 1 2 3 17 9 2 0 2 11 16 30 2 5 30 3 0 2 11 0 2 7 5 31 3 0 2 7 0 21.3990302085876465
12 16 2 5 31 3 12 16 2 1 2 7 0 2 3 0 2 3 0 2 4 0 2 3 16 6 2 1 2 7 1 2 7 1 2 7 0 2 3 0 2 3 5 30 3 0 2 7 0 2 3 0 2 4 16 19 11 0 2 7 0 21.3634347915649414
12 16 2 5 30 3 0 2 3 0 2 3 16 30 2 0 2 8 1 2 3 16 19 11 0 2 11 0 2 3 0 2 11 1 2 3 0 2 3 0 2 7 0 2 11 5 30 3 0 2 3 5 30 3 1 2 3 0 2 11 0 22.1337761878967285
0 2 3 8 18 2 0 2 12 0 2 3 12 16 2 5 30 3 12 16 2 13 6 3 0 2 3 1 2 3 17 9 2 0 2 12 16 18 12 1 2 8 0 2 1 0 2 3 1 2 3 1 2 12 12 16 2 12 16 2 4.77168052944425478e-05 21.9099289178848267
8 18 2 16 19 12 0 2 8 0 2 8 0 2 8 0 2 8 0 2 8 0 2 8 16 19 12 5 30 3 0 2 8 8 18 2 5 30 3 0 2 8 5 30 3 0 2 8 1 2 8 0 2 8 0 2 8 12 16 2 0.00032107997453968023 23.3072135448455811

Current Evaluation = 540(540)
Front Size = 10
12 16 2 5 30 3 5 31 3 1 2 7 0 2 7 0 2 7 1 2 7 0 2 7 0 2 7 0 2 7 0 2 7 0 2 7 17 18 2 17 18 2 13 6 3 0 2 7 1 2 7 1 2 7 1 2 7 0 2 7 0 20.2646257877349854
12 16 2 5 30 3 0 2 7 16 18 11 1 2 7 0 2 3 12 16 2 0 2 11 0 2 3 16 6 2 0 2 3 1 2 3 8 18 2 0 2 3 0 2 4 12 16 2 0 2 3 5 30 3 0 2 11 1 2 11 0 21.7589258551597595
8 18 2 16 19 12 0 2 8 0 2 8 0 2 8 0 2 8 0 2 8 0 2 8 16 19 12 5 30 3 0 2 8 8 18 2 5 30 3 0 2 8 5 30 3 0 2 8 1 2 8 0 2 8 0 2 8 12 16 2 0.00032107997453968023 23.3072135448455811
0 2 7 5 31 3 0 2 3 0 2 4 0 2 7 1 2 3 1 2 7 5 31 3 16 30 2 0 2 7 0 2 7 0 2 7 0 2 3 12 16 2 0 2 7 16 6 2 1 2 7 0 2 7 12 16 2 1 2 7 0 20.7824869155883789
5 30 3 5 30 3 0 2 3 16 6 2 0 2 3 1 2 7 1 2 3 1 2 7 0 2 3 0 2 7 0 2 3 16 31 2 12 16 2 1 2 7 0 2 3 1 2 3 0 2 7 0 2 7 0 2 7 0 2 3 0 20.9838578701019287
12 16 2 0 2 11 0 2 7 6 2 7 6 2 7 1 2 11 0 2 3 0 2 11 5 30 3 0 2 7 0 2 11 1 2 3 17 9 2 0 2 11 16 30 2 5 30 3 0 2 11 0 2 7 5 31 3 0 2 7 0 21.3990302085876465
12 16 2 5 30 3 0 2 3 0 2 3 16 30 2 0 2 8 1 2 3 16 19 11 0 2 11 0 2 3 0 2 11 1 2 3 0 2 3 0 2 7 0 2 11 5 30 3 0 2 3 5 30 3 1 2 3 0 2 11 0 22.1337761878967285
0 2 3 8 18 2 0 2 12 0 2 3 12 16 2 5 30 3 12 16 2 13 6 3 0 2 3 1 2 3 17 9 2 0 2 12 16 18 12 1 2 8 0 2 1 0 2 3 1 2 3 1 2 12 12 16 2 12 16 2 4.77168052944425478e-05 21.9099289178848267
5 30 3 5 30 3 12 16 2 8 18 2 16 19 12 0 2 8 5 31 3 0 2 8 6 2 7 0 2 11 6 2 7 0 2 7 0 2 8 8 18 2 0 2 8 5 30 3 1 2 3 0 2 7 0 2 11 0 2 8 0.0759348954240483959 22.556511402130127
5 30 3 12 16 2 8 18 2 16 19 12 0 2 7 0 2 8 0 2 7 0 2 8 0 2 8 0 2 8 16 19 12 1 2 7 8 18 2 17 18 2 0 2 8 0 2 7 0 2 7 0 2 7 0 2 7 1 2 7 0.111372908585887387 21.6734222173690796

Current Evaluation = 720(720)
Front Size = 10
12 16 2 5 30 3 0 2 7 0 2 7 0 2 7 0 2 7 0 2 7 5 31 3 1 2 7 0 2 7 0 2 7 0 2 7 17 18 2 17 18 2 13 6 3 0 2 7 1 2 7 1 2 7 1 2 7 1 2 7 0 20.2646257877349854
12 16 2 0 2 7 0 2 7 0 2 11 5 30 3 17 18 2 1 2 3 5 31 3 0 2 7 0 2 7 1 2 4 13 6 3 12 16 2 1 2 7 12 16 2 0 2 7 6 2 7 16 30 2 0 2 7 0 2 7 0 20.547498881816864
0 2 3 0 2 7 12 16 2 5 30 3 1 2 7 13 6 3 0 2 7 12 16 2 8 18 2 0 2 7 1 2 11 0 2 7 16 6 2 12 16 2 5 30 3 0 2 7 1 2 7 17 9 2 0 2 4 0 2 7 0 20.6301085948944092
12 16 2 1 2 7 0 2 3 5 31 3 5 31 3 0 2 7 0 2 7 0 2 7 1 2 7 0 2 3 16 6 2 0 2 7 16 30 2 0 2 7 0 2 7 0 2 4 12 16 2 0 2 7 1 2 3 1 2 7 0 20.7824869155883789
12 16 2 5 30 3 5 30 3 0 2 3 0 2 3 0 2 7 0 2 7 0 2 3 1 2 11 0 2 7 16 19 11 0 2 3 5 30 3 1 2 7 0 2 3 0 2 3 0 2 11 16 19 11 0 2 7 0 2 3 0 22.1521546840667725
0 2 3 8 18 2 0 2 12 0 2 3 12 16 2 5 30 3 12 16 2 13 6 3 0 2 3 1 2 3 17 9 2 0 2 12 16 18 12 1 2 8 0 2 1 0 2 3 1 2 3 1 2 12 12 16 2 12 16 2 4.77168052944425478e-05 21.9099289178848267
12 16 2 0 2 11 0 2 7 6 2 7 6 2 7 1 2 11 0 2 3 0 2 11 5 30 3 0 2 7 0 2 11 1 2 3 17 9 2 0 2 11 16 30 2 5 30 3 0 2 11 0 2 7 5 31 3 0 2 7 0 21.3990302085876465
5 30 3 12 16 2 0 2 11 0 2 8 0 2 11 0 2 3 5 30 3 16 19 11 0 2 8 0 2 3 0 2 8 0 2 8 16 19 11 12 16 2 0 2 8 8 18 2 0 2 7 5 30 3 0 2 8 1 2 8 0 23.0031580924987793
5 30 3 12 16 2 0 2 7 12 16 2 0 2 11 0 2 11 0 2 7 0 2 7 5 30 3 13 6 3 1 2 11 5 30 3 0 2 7 0 2 7 16 19 11 0 2 7 17 18 2 0 2 7 0 2 11 0 2 7 0 21.3454546928405762
12 16 2 5 30 3 16 19 12 0 2 8 16 19 12 0 2 3 5 31 3 0 2 3 0 2 3 0 2 8 1 2 7 0 2 3 0 2 8 1 2 8 0 2 7 0 2 3 5 30 3 0 2 3 0 2 3 0 2 7 0 22.6968340873718262

Current Evaluation = 900(900)
Front Size = 10
0 2 7 0 2 7 0 2 7 5 30 3 0 2 7 1 2 7 0 2 7 12 16 2 1 2 7 0 2 7 17 18 2 0 2 7 13 6 3 17 9 2 1 2 7 0 2 7 0 2 7 1 2 7 1 2 7 5 31 3 0 20.2646257877349854
12 16 2 1 2 7 0 2 7 0 2 7 5 30 3 0 2 3 1 2 7 0 2 7 0 2 3 0 2 3 0 2 3 5 30 3 1 2 3 0 2 3 16 31 2 16 6 2 1 2 7 1 2 3 0 2 7 0 2 3 0 20.9838578701019287
1 2 7 1 2 7 12 16 2 5 30 3 0 2 4 0 2 7 0 2 7 13 6 3 12 16 2 17 18 2 5 30 3 0 2 3 0 2 7 0 2 7 1 2 7 1 2 7 0 2 7 0 2 4 16 31 2 12 16 2 0 20.4516056776046753
12 16 2 0 2 11 0 2 7 6 2 7 6 2 7 1 2 11 0 2 3 0 2 11 5 30 3 0 2 7 0 2 11 1 2 3 17 9 2 0 2 11 16 30 2 5 30 3 0 2 11 0 2 7 5 31 3 0 2 7 0 21.3990302085876465
12 16 2 8 9 2 5 30 3 1 2 4 17 9 2 12 16 2 0 2 1 0 2 7 1 2 7 0 2 4 1 2 4 0 2 7 12 16 2 0 2 4 13 6 3 0 2 7 17 9 2 1 2 7 12 16 2 0 2 7 0 20.6559027433395386
12 16 2 0 2 11 5 30 3 0 2 7 0 2 7 5 30 3 0 2 7 0 2 7 16 6 2 1 2 8 0 2 7 0 2 12 0 2 12 17 18 2 0 2 11 5 31 3 13 6 3 0 2 8 12 16 2 0 2 7 0 21.4150838851928711
1 2 11 8 18 2 0 2 7 12 16 2 5 31 3 12 16 2 0 2 7 1 2 11 13 6 3 0 2 4 1 2 7 17 9 2 1 2 7 17 9 2 0 2 7 0 2 7 0 2 7 1 2 7 12 16 2 0 2 12 0 20.7150317430496216
0 2 3 8 18 2 0 2 12 0 2 3 12 16 2 5 30 3 12 16 2 13 6 3 0 2 3 1 2 3 17 9 2 0 2 12 16 18 12 1 2 8 0 2 1 0 2 3 1 2 3 1 2 12 12 16 2 12 16 2 4.77168052944425478e-05 21.9099289178848267
12 16 2 0 2 4 5 31 3 1 2 3 1 2 7 0 2 6 0 2 7 0 2 3 6 2 7 1 2 3 0 2 10 0 2 3 17 18 2 1 2 7 5 30 3 0 2 7 0 2 7 0 2 7 16 6 2 0 2 7 0 20.9533188939094543
5 30 3 12 16 2 0 2 11 0 2 8 0 2 11 0 2 3 5 30 3 16 19 11 0 2 8 0 2 3 0 2 8 0 2 8 16 19 11 12 16 2 0 2 8 8 18 2 0 2 7 5 30 3 0 2 8 1 2 8 0 23.0031580924987793

Current Evaluation = 1080(1080)
Front Size = 10
12 16 2 0 2 7 13 6 3 0 2 7 17 9 2 1 2 7 0 2 7 5 31 3 1 2 7 0 2 7 1 2 7 1 2 7 0 2 7 17 9 2 0 2 7 1 2 7 0 2 7 0 2 7 0 2 7 5 30 3 0 20.2646257877349854
5 30 3 12 16 2 0 2 11 0 2 8 0 2 11 0 2 3 5 30 3 16 19 11 0 2 8 0 2 3 0 2 8 0 2 8 16 19 11 12 16 2 0 2 8 8 18 2 0 2 7 5 30 3 0 2 8 1 2 8 0 23.0031580924987793
12 16 2 0 2 4 1 2 7 0 2 3 0 2 7 5 30 3 1 2 11 5 30 3 0 2 7 12 16 2 13 6 3 1 2 7 0 2 11 17 9 2 1 2 7 8 9 2 0 2 7 0 2 12 17 18 2 0 2 11 0 20.9277498722076416
0 2 4 12 16 2 12 16 2 0 2 7 13 6 3 1 2 11 0 2 7 17 9 2 0 2 7 1 2 7 5 30 3 1 2 7 12 16 2 0 2 7 13 6 3 12 16 2 0 2 7 1 2 11 17 9 2 0 2 7 0 20.3046585321426392
0 2 7 0 2 3 1 2 7 0 2 3 0 2 3 0 2 7 0 2 7 5 30 3 1 2 3 12 16 2 5 30 3 1 2 3 16 31 2 16 6 2 0 2 3 0 2 7 0 2 7 8 18 2 12 16 2 1 2 3 0 21.1554608345031738
0 2 7 0 2 7 6 2 7 1 2 7 0 2 7 12 16 2 1 2 4 0 2 7 0 2 7 0 2 4 1 2 7 0 2 7 0 2 7 1 2 7 5 31 3 5 31 3 0 2 7 17 9 2 12 16 2 16 24 2 0 20.6492308974266052
0 2 7 0 2 7 0 2 3 1 2 4 1 2 11 1 2 7 0 2 7 12 16 2 5 30 3 0 2 10 0 2 3 17 9 2 5 30 3 1 2 3 0 2 7 16 31 2 0 2 7 0 2 4 1 2 7 0 2 7 0 20.8012487888336182
0 2 7 12 16 2 0 2 4 0 2 7 12 16 2 17 9 2 8 9 2 5 30 3 0 2 7 1 2 7 1 2 7 0 2 7 5 30 3 17 1 2 0 2 3 0 2 7 1 2 7 0 2 7 1 2 7 0 2 7 0 20.7358447313308716
5 30 3 12 16 2 1 2 7 0 2 11 0 2 11 5 30 3 12 16 2 0 2 7 17 9 2 13 6 3 0 2 7 0 2 7 0 2 7 0 2 11 16 19 11 0 2 7 0 2 7 5 30 3 0 2 11 0 2 7 0 21.3454548120498657
12 16 2 0 2 11 0 2 7 6 2 7 6 2 7 1 2 11 0 2 3 0 2 11 5 30 3 0 2 7 0 2 11 1 2 3 17 9 2 0 2 11 16 30 2 5 30 3 0 2 11 0 2 7 5 31 3 0 2 7 0 21.3990302085876465

Current Evaluation = 1260(1260)
Front Size = 10
0 2 7 1 2 7 12 16 2 1 2 7 13 6 3 1 2 7 0 2 7 0 2 7 0 2 7 5 30 3 17 18 2 0 2 7 1 2 7 17 18 2 0 2 7 0 2 7 0 2 7 0 2 7 5 31 3 1 2 7 0 20.2646257877349854
0 2 7 0 2 3 1 2 7 0 2 3 0 2 3 0 2 7 0 2 7 5 30 3 1 2 3 12 16 2 5 30 3 1 2 3 16 31 2 16 6 2 0 2 3 0 2 7 0 2 7 8 18 2 12 16 2 1 2 3 0 21.1554608345031738
0 2 4 12 16 2 12 16 2 0 2 7 13 6 3 1 2 11 0 2 7 17 9 2 0 2 7 1 2 7 5 30 3 1 2 7 12 16 2 0 2 7 13 6 3 12 16 2 0 2 7 1 2 11 17 9 2 0 2 7 0 20.3046585321426392
5 30 3 12 16 2 0 2 7 0 2 7 0 2 4 1 2 11 12 16 2 0 2 7 17 18 2 13 6 3 0 2 7 15 2 11 1 2 7 0 2 11 17 18 2 0 2 7 0 2 4 5 30 3 1 2 7 1 2 7 0 20.6221417188644409
1 2 4 12 16 2 12 16 2 0 2 7 13 6 3 0 2 4 0 2 1 17 9 2 0 2 7 1 2 7 5 30 3 0 2 4 12 16 2 0 2 4 0 2 7 12 16 2 17 18 2 1 2 7 8 9 2 1 2 7 0 20.6559027433395386
5 30 3 12 16 2 1 2 7 0 2 11 0 2 11 5 30 3 12 16 2 0 2 7 17 9 2 13 6 3 0 2 7 0 2 7 0 2 7 0 2 11 16 19 11 0 2 7 0 2 7 5 30 3 0 2 11 0 2 7 0 21.3454548120498657
12 16 2 0 2 11 0 2 7 6 2 7 6 2 7 1 2 11 0 2 3 0 2 11 5 30 3 0 2 7 0 2 11 1 2 3 17 9 2 0 2 11 16 30 2 5 30 3 0 2 11 0 2 7 5 31 3 0 2 7 0 21.3990302085876465
5 30 3 12 16 2 0 2 11 0 2 8 0 2 11 0 2 3 5 30 3 16 19 11 0 2 8 0 2 3 0 2 8 0 2 8 16 19 11 12 16 2 0 2 8 8 18 2 0 2 7 5 30 3 0 2 8 1 2 8 0 23.0031580924987793
0 2 7 1 2 7 0 2 3 0 2 7 0 2 7 1 2 7 5 30 3 1 2 7 17 9 2 5 30 3 1 2 11 0 2 7 0 2 3 0 2 7 1 2 7 1 2 3 16 31 2 0 2 7 0 2 3 0 2 7 0 20.6688988208770752
1 2 7 12 16 2 12 16 2 0 2 3 13 6 3 0 2 4 0 2 7 5 30 3 12 16 2 0 2 7 5 31 3 0 2 4 0 2 7 0 2 7 16 30 2 1 2 7 0 2 7 1 2 7 17 9 2 1 2 7 0 20.4516057968139648

Current Evaluation = 1440(1440)
Front Size = 10
5 30 3 0 2 7 0 2 7 0 2 7 1 2 7 0 2 7 0 2 7 5 31 3 1 2 7 0 2 7 0 2 7 0 2 7 13 6 3 0 2 7 1 2 7 12 16 2 17 9 2 1 2 7 17 9 2 1 2 7 0 20.2646257877349854
5 30 3 12 16 2 0 2 3 0 2 8 0 2 11 0 2 3 0 2 8 5 30 3 0 2 8 1 2 8 5 30 3 0 2 8 0 2 7 16 19 11 12 16 2 0 2 8 8 9 2 16 19 11 0 2 11 0 2 8 0 23.0031580924987793
0 2 7 0 2 3 1 2 7 0 2 3 0 2 3 0 2 7 0 2 7 5 30 3 1 2 3 12 16 2 5 30 3 1 2 3 16 31 2 16 6 2 0 2 3 0 2 7 0 2 7 8 18 2 12 16 2 1 2 3 0 21.1554608345031738
12 16 2 0 2 3 0 2 7 0 2 11 1 2 4 5 30 3 1 2 7 0 2 7 17 18 2 1 2 7 1 2 4 13 6 3 12 16 2 13 6 3 0 2 7 0 2 12 12 16 2 0 2 7 12 16 2 17 9 2 0 20.3980587720870972
12 16 2 1 2 7 1 2 7 0 2 7 0 2 7 5 31 3 0 2 7 0 2 7 1 2 7 16 6 2 1 2 3 0 2 3 17 18 2 5 31 3 0 2 12 0 2 4 0 2 7 16 6 2 0 2 3 0 2 7 0.0367203220308135389 20.6805129051208496
0 2 7 12 16 2 0 2 7 0 2 7 0 2 7 0 2 7 12 16 2 1 2 3 1 2 4 0 2 7 12 16 2 5 30 3 0 2 7 0 2 7 13 6 3 1 2 7 17 18 2 16 30 2 5 31 3 1 2 4 0 20.4516057968139648
5 30 3 12 16 2 0 2 7 0 2 7 0 2 8 1 2 7 0 2 3 0 2 7 16 19 11 0 2 7 0 2 3 17 9 2 0 2 8 0 2 7 0 2 7 13 6 3 17 9 2 0 2 7 0 2 8 1 2 8 0.0908494519361827263 21.0616658926010132
1 2 4 12 16 2 12 16 2 0 2 7 13 6 3 0 2 4 0 2 1 17 9 2 0 2 7 1 2 7 5 30 3 0 2 4 12 16 2 0 2 4 0 2 7 12 16 2 17 18 2 1 2 7 8 9 2 1 2 7 0 20.6559027433395386
5 30 3 12 16 2 0 2 7 0 2 7 0 2 7 0 2 7 0 2 7 1 2 7 5 30 3 1 2 7 12 16 2 0 2 7 1 2 4 0 2 7 16 15 2 0 2 7 17 18 2 0 2 7 8 18 2 8 18 2 0 20.8408946990966797
12 16 2 1 2 7 1 2 7 0 2 7 0 2 7 5 31 3 0 2 7 0 2 7 1 2 7 16 6 2 1 2 4 6 2 7 0 2 3 8 9 2 0 2 7 5 30 3 12 16 2 0 2 7 0 2 7 0 2 3 0.000245580033705414561 20.8829228281974792

Current Evaluation = 1620(1620)
Front Size = 10
0 2 7 0 2 7 1 2 7 1 2 7 0 2 7 0 2 7 0 2 7 12 16 2 0 2 7 5 30 3 17 18 2 0 2 7 13 6 3 1 2 7 0 2 7 5 31 3 1 2 7 1 2 7 17 18 2 0 2 7 0 20.2646257877349854
1 2 3 0 2 7 1 2 7 0 2 3 5 30 3 0 2 7 12 16 2 5 30 3 1 2 3 0 2 3 12 16 2 0 2 4 0 2 3 1 2 4 0 2 3 16 6 2 16 31 2 0 2 10 0 2 3 0 2 7 0 21.1162078380584717
5 30 3 12 16 2 0 2 7 0 2 11 0 2 7 0 2 3 0 2 7 5 30 3 0 2 7 1 2 8 5 31 3 0 2 11 0 2 7 16 19 11 12 16 2 0 2 3 0 2 8 16 9 11 0 2 11 0 2 12 0 22.3971509337425232
12 16 2 0 2 7 1 2 7 5 30 3 1 2 7 0 2 4 17 18 2 13 6 3 12 16 2 13 6 3 0 2 7 12 16 2 0 2 7 12 16 2 17 18 2 0 2 7 1 2 11 0 2 7 0 2 7 1 2 11 0 20.3046585321426392
5 30 3 12 16 2 0 2 3 0 2 8 0 2 11 0 2 3 0 2 8 5 30 3 0 2 8 1 2 8 5 30 3 0 2 8 0 2 7 16 19 11 12 16 2 0 2 8 8 9 2 16 19 11 0 2 11 0 2 8 0 23.0031580924987793
12 16 2 0 2 7 0 2 7 1 2 7 0 2 7 16 6 2 0 2 4 0 2 3 0 2 7 0 2 10 0 2 3 5 31 3 1 2 3 0 2 7 1 2 7 0 2 7 5 31 3 0 2 4 0 2 3 0 2 7 0.00649317996762899252 21.1809619665145874
12 16 2 0 2 3 0 2 7 0 2 11 1 2 4 5 30 3 1 2 7 0 2 7 17 18 2 1 2 7 1 2 4 13 6 3 12 16 2 13 6 3 0 2 7 0 2 12 12 16 2 0 2 7 12 16 2 17 9 2 0 20.3980587720870972
12 16 2 1 2 7 0 2 11 0 2 7 5 31 3 0 2 7 0 2 7 12 16 2 1 2 7 0 2 7 17 18 2 13 6 3 0 2 7 13 6 3 0 2 7 1 2 3 12 16 2 1 2 7 12 16 2 17 9 2 0 20.4253377914428711
1 2 7 0 2 7 1 2 7 12 16 2 5 30 3 13 6 3 1 2 7 12 16 2 0 2 8 0 2 4 0 2 7 0 2 7 1 2 7 0 2 7 0 2 7 8 18 2 0 2 1 17 9 2 5 30 3 17 18 2 0 20.7651498317718506
5 30 3 12 16 2 0 2 11 12 16 2 0 2 7 0 2 11 17 9 2 0 2 7 0 2 11 5 30 3 0 2 7 13 6 3 5 30 3 0 2 7 16 19 11 0 2 7 0 2 7 0 2 7 1 2 11 0 2 7 0 21.3454546928405762

Current Evaluation = 1800(1800)
Front Size = 10
5 30 3 0 2 7 0 2 7 0 2 7 12 16 2 13 6 3 0 2 7 0 2 7 0 2 7 1 2 7 1 2 7 1 2 7 1 2 7 5 31 3 1 2 7 0 2 7 0 2 7 17 9 2 0 2 7 17 18 2 0 20.2646257877349854
12 16 2 0 2 3 0 2 3 0 2 7 0 2 3 5 30 3 0 2 7 12 16 2 5 31 3 0 2 3 1 2 3 1 2 7 1 2 3 0 2 7 1 2 3 0 2 7 0 2 4 16 9 8 0 2 4 16 6 2 0 21.4234018325805664
0 2 7 12 16 2 0 2 7 0 2 7 12 16 2 5 30 3 17 18 2 13 6 3 0 2 7 17 9 2 12 16 2 1 2 11 0 2 7 0 2 7 12 16 2 1 2 11 1 2 7 0 2 7 1 2 4 13 6 3 0 20.3046585321426392
5 30 3 12 16 2 0 2 3 0 2 8 0 2 11 0 2 3 0 2 8 5 30 3 0 2 8 1 2 8 5 30 3 0 2 8 0 2 7 16 19 11 12 16 2 0 2 8 8 9 2 16 19 11 0 2 11 0 2 8 0 23.0031580924987793
0 2 7 1 2 7 5 31 3 1 2 7 12 16 2 12 16 2 0 2 7 1 2 7 0 2 7 0 2 7 0 2 7 5 31 3 16 6 2 0 2 4 0 2 7 0 2 7 16 6 2 12 16 2 0 2 7 8 9 2 0 20.7894667387008667
5 30 3 12 16 2 0 2 7 0 2 11 0 2 7 0 2 3 0 2 7 5 30 3 0 2 7 1 2 8 5 31 3 0 2 11 0 2 7 16 19 11 12 16 2 0 2 3 0 2 8 16 9 11 0 2 11 0 2 12 0 22.3971509337425232
1 2 4 0 2 7 0 2 7 0 2 7 6 2 7 0 2 7 1 2 7 1 2 7 16 6 2 0 2 7 12 16 2 1 2 4 5 31 3 0 2 7 5 31 3 0 2 7 17 18 2 0 2 7 0 2 7 0 2 7 0 20.4595978856086731
0 2 7 12 16 2 0 2 7 16 6 2 12 16 2 5 31 3 1 2 7 1 2 4 6 2 3 0 2 7 17 9 2 0 2 7 0 2 7 1 2 7 12 16 2 0 2 7 0 2 4 5 30 3 0 2 3 13 6 3 0 20.5632756948471069
0 2 7 0 2 3 0 2 7 0 2 7 0 2 7 6 2 7 15 2 11 0 2 7 12 16 2 5 30 3 1 2 4 17 9 2 8 9 2 0 2 7 0 2 7 1 2 7 5 30 3 16 15 2 12 16 2 0 2 7 0 20.9441797137260437
0 2 4 1 2 4 12 16 2 1 2 4 0 2 7 0 2 7 0 2 4 12 16 2 5 30 3 17 18 2 13 6 3 0 2 1 0 2 7 17 9 2 12 16 2 1 2 7 8 18 2 1 2 7 0 2 7 12 16 2 0 20.6559027433395386

Current Evaluation = 1980(1980)
Front Size = 10
0 2 7 0 2 7 5 30 3 1 2 7 0 2 7 0 2 7 0 2 7 12 16 2 5 31 3 17 18 2 13 6 3 1 2 7 0 2 7 0 2 7 1 2 7 1 2 7 0 2 7 1 2 7 0 2 7 17 18 2 0 20.2646257877349854
0 2 7 0 2 4 1 2 4 12 16 2 1 2 7 0 2 7 0 2 4 0 2 7 12 16 2 8 18 2 17 9 2 0 2 1 0 2 7 12 16 2 1 2 7 12 16 2 5 30 3 1 2 4 17 9 2 13 6 3 0 20.6559027433395386
1 2 11 12 16 2 0 2 4 0 2 7 12 16 2 5 30 3 17 18 2 13 6 3 0 2 7 13 6 3 12 16 2 0 2 7 0 2 7 12 16 2 1 2 7 1 2 7 0 2 7 0 2 7 17 18 2 1 2 11 0 20.3046585321426392
5 30 3 12 16 2 0 2 3 0 2 8 0 2 11 0 2 3 0 2 8 5 30 3 0 2 8 1 2 8 5 30 3 0 2 8 0 2 7 16 19 11 12 16 2 0 2 8 8 9 2 16 19 11 0 2 11 0 2 8 0 23.0031580924987793
1 2 1 0 2 7 1 2 7 12 16 2 5 31 3 0 2 4 17 18 2 1 2 7 12 16 2 1 2 4 0 2 4 0 2 4 17 18 2 0 2 4 1 2 7 12 16 2 12 16 2 13 6 3 0 2 7 0 2 7 0 20.6123768091201782
12 16 2 0 2 3 0 2 3 0 2 7 0 2 3 5 30 3 0 2 7 12 16 2 5 31 3 0 2 3 1 2 3 1 2 7 1 2 3 0 2 7 1 2 3 0 2 7 0 2 4 16 9 8 0 2 4 16 6 2 0 21.4234018325805664
0 2 4 1 2 7 5 30 3 1 2 7 0 2 7 0 2 7 0 2 7 12 16 2 5 31 3 17 18 2 13 6 3 6 2 7 0 2 7 0 2 7 1 2 7 0 2 4 0 2 7 12 16 2 1 2 7 17 9 2 0 20.3487167954444885
1 2 7 12 16 2 0 2 7 12 16 2 1 2 7 1 2 7 0 2 7 12 16 2 13 6 3 0 2 4 0 2 7 0 2 7 5 30 3 17 9 2 1 2 4 0 2 7 16 31 2 5 30 3 0 2 3 0 2 7 0 20.4516056776046753
6 2 7 1 2 11 0 2 7 0 2 12 5 30 3 0 2 7 0 2 7 0 2 7 0 2 7 0 2 7 12 16 2 5 31 3 1 2 12 17 18 2 1 2 12 13 6 3 0 2 7 5 30 3 17 9 2 0 2 7 0 20.9407138228416443
13 6 3 12 16 2 0 2 4 12 16 2 1 2 12 0 2 7 0 2 7 12 16 2 13 6 3 1 2 4 0 2 7 0 2 3 1 2 7 12 16 2 17 18 2 0 2 11 1 2 7 0 2 7 17 18 2 5 30 3 0 20.3980587720870972

Current Evaluation = 2160(2160)
Front Size = 10
12 16 2 0 2 7 5 31 3 17 18 2 13 6 3 0 2 7 0 2 7 1 2 7 0 2 7 1 2 7 1 2 7 0 2 7 17 18 2 0 2 7 1 2 7 0 2 7 5 30 3 0 2 7 1 2 7 0 2 7 0 20.2646257877349854
0 2 3 0 2 3 5 30 3 16 6 2 0 2 7 0 2 7 0 2 7 5 31 3 12 16 2 0 2 3 16 6 2 0 2 3 1 2 4 1 2 4 12 16 2 0 2 3 1 2 7 0 2 3 0 2 3 0 2 3 0 21.2681368589401245
1 2 1 0 2 7 1 2 7 12 16 2 5 31 3 0 2 4 17 18 2 1 2 7 12 16 2 1 2 4 0 2 4 0 2 4 17 18 2 0 2 4 1 2 7 12 16 2 12 16 2 13 6 3 0 2 7 0 2 7 0 20.6123768091201782
0 2 7 12 16 2 0 2 7 12 16 2 0 2 7 13 6 3 16 6 2 1 2 7 1 2 11 1 2 4 12 16 2 0 2 7 8 9 2 0 2 7 5 30 3 17 9 2 0 2 7 0 2 3 5 30 3 0 2 7 0 20.6301085948944092
5 30 3 12 16 2 0 2 3 0 2 8 0 2 11 0 2 3 0 2 8 5 30 3 0 2 8 1 2 8 5 30 3 0 2 8 0 2 7 16 19 11 12 16 2 0 2 8 8 9 2 16 19 11 0 2 11 0 2 8 0 23.0031580924987793
12 16 2 0 2 11 0 2 11 12 16 2 17 18 2 13 6 3 1 2 7 12 16 2 0 2 7 12 16 2 0 2 7 1 2 7 17 18 2 0 2 4 0 2 7 13 6 3 5 30 3 1 2 7 0 2 7 1 2 7 0 20.3046587705612183
0 2 7 12 16 2 1 2 11 12 16 2 1 2 7 12 16 2 1 2 7 1 2 7 0 2 3 17 9 2 13 6 3 0 2 7 0 2 7 13 6 3 0 2 7 17 9 2 0 2 7 12 16 2 5 31 3 0 2 7 0 20.4253376722335815
0 2 7 0 2 7 12 16 2 0 2 7 17 9 2 1 2 7 12 16 2 12 16 2 13 6 3 1 2 4 0 2 7 0 2 7 1 2 7 5 30 3 17 18 2 12 16 2 0 2 7 0 2 11 1 2 11 13 6 3 0 20.3046586513519287
0 2 7 12 16 2 6 2 3 12 16 2 0 2 7 13 6 3 0 2 4 1 2 7 1 2 3 0 2 4 12 16 2 0 2 7 17 9 2 0 2 7 5 31 3 5 30 3 0 2 7 16 6 2 0 2 7 1 2 7 0 20.5632756948471069
0 2 4 0 2 7 12 16 2 5 30 3 17 18 2 1 2 7 17 18 2 12 16 2 13 6 3 0 2 7 0 2 4 0 2 7 1 2 7 1 2 7 6 2 7 0 2 7 5 31 3 0 2 7 0 2 7 1 2 7 0 20.3487167954444885

Current Evaluation = 2340(2340)
Front Size = 10
0 2 7 0 2 7 1 2 7 5 31 3 0 2 7 1 2 7 12 16 2 0 2 7 0 2 7 13 6 3 0 2 7 1 2 7 1 2 7 0 2 7 17 9 2 0 2 7 1 2 7 0 2 7 5 30 3 17 9 2 0 20.2646257877349854
1 2 1 0 2 7 1 2 7 12 16 2 5 31 3 0 2 4 17 18 2 1 2 7 12 16 2 1 2 4 0 2 4 0 2 4 17 18 2 0 2 4 1 2 7 12 16 2 12 16 2 13 6 3 0 2 7 0 2 7 0 20.6123768091201782
12 16 2 0 2 7 12 16 2 13 6 3 1 2 7 12 16 2 12 16 2 13 6 3 0 2 7 0 2 7 0 2 7 17 9 2 0 2 7 5 30 3 1 2 11 0 2 4 0 2 7 17 18 2 1 2 11 1 2 7 0 20.3046585321426392
12 16 2 1 2 7 12 16 2 13 6 3 0 2 7 0 2 4 0 2 7 6 2 7 1 2 7 0 2 7 17 18 2 0 2 7 0 2 7 17 18 2 5 31 3 1 2 7 5 30 3 0 2 7 1 2 7 0 2 4 0 20.3487167954444885
12 16 2 0 2 7 0 2 7 0 2 7 0 2 7 12 16 2 1 2 7 1 2 7 0 2 7 5 30 3 13 6 3 12 16 2 1 2 7 5 30 3 16 31 2 0 2 3 0 2 4 0 2 7 17 18 2 1 2 4 0 20.4516056776046753
12 16 2 0 2 7 0 2 4 0 2 7 0 2 7 1 2 7 1 2 7 0 2 7 5 30 3 13 6 3 6 2 7 0 2 7 1 2 7 17 9 2 5 31 3 0 2 7 12 16 2 0 2 7 17 18 2 1 2 4 0 20.3487167954444885
5 30 3 17 18 2 0 2 7 0 2 4 0 2 1 12 16 2 0 2 4 0 2 7 8 9 2 0 2 7 0 2 7 13 6 3 1 2 4 1 2 4 1 2 7 12 16 2 12 16 2 17 9 2 12 16 2 1 2 7 0 20.6559027433395386
12 16 2 0 2 7 12 16 2 13 6 3 1 2 7 12 16 2 12 16 2 0 2 7 0 2 3 0 2 7 17 18 2 1 2 7 13 6 3 0 2 7 1 2 7 0 2 7 0 2 7 1 2 11 5 31 3 17 18 2 0 20.4253376722335815
5 30 3 12 16 2 5 31 3 0 2 3 0 2 4 0 2 7 0 2 7 15 2 11 0 2 7 0 2 3 12 16 2 16 6 2 0 2 7 1 2 7 1 2 3 0 2 7 16 6 2 1 2 7 0 2 7 0 2 3 0 20.9683817625045776
12 16 2 5 30 3 0 2 7 0 2 7 0 2 4 1 2 7 12 16 2 0 2 7 1 2 7 0 2 7 1 2 3 0 2 4 5 31 3 0 2 7 13 6 3 0 2 7 16 30 2 12 16 2 1 2 7 17 9 2 0 20.4516057968139648

Current Evaluation = 2520(2520)
Front Size = 10
0 2 7 0 2 7 1 2 7 5 31 3 0 2 7 12 16 2 0 2 7 13 6 3 1 2 7 0 2 7 0 2 7 1 2 7 1 2 7 0 2 7 1 2 7 17 18 2 0 2 7 0 2 7 17 18 2 5 30 3 0 20.2646257877349854
12 16 2 0 2 7 12 16 2 13 6 3 0 2 7 12 16 2 12 16 2 0 2 7 0 2 7 17 18 2 1 2 7 1 2 11 5 30 3 1 2 11 13 6 3 0 2 7 0 2 7 17 9 2 1 2 4 0 2 7 0 20.3046585321426392
12 16 2 0 2 7 12 16 2 13 6 3 0 2 7 12 16 2 12 16 2 0 2 7 0 2 7 17 18 2 1 2 7 1 2 11 5 30 3 1 2 11 13 6 3 0 2 7 0 2 7 17 18 2 1 2 7 0 2 4 0 20.3046585321426392
12 16 2 0 2 7 0 2 7 6 2 7 0 2 7 1 2 7 1 2 4 0 2 7 5 30 3 13 6 3 1 2 7 0 2 7 12 16 2 17 9 2 5 31 3 17 9 2 0 2 7 0 2 7 0 2 7 1 2 4 0 20.3487167954444885
12 16 2 5 30 3 0 2 7 0 2 7 0 2 4 1 2 7 12 16 2 0 2 7 1 2 7 0 2 7 1 2 3 0 2 4 5 31 3 0 2 7 13 6 3 0 2 7 16 30 2 12 16 2 1 2 7 17 9 2 0 20.4516057968139648
1 2 7 1 2 7 0 2 7 0 2 7 5 31 3 0 2 4 5 30 3 13 6 3 0 2 7 1 2 7 12 16 2 17 9 2 0 2 7 0 2 7 12 16 2 0 2 7 1 2 7 17 18 2 0 2 4 6 2 7 0 20.3487167954444885
12 16 2 0 2 7 0 2 7 0 2 7 0 2 7 12 16 2 1 2 7 1 2 7 0 2 7 5 30 3 13 6 3 12 16 2 1 2 7 5 30 3 16 31 2 0 2 3 0 2 4 0 2 7 17 18 2 1 2 4 0 20.4516056776046753
1 2 1 0 2 7 1 2 7 12 16 2 5 31 3 0 2 4 17 18 2 1 2 7 12 16 2 1 2 4 0 2 4 0 2 4 17 18 2 0 2 4 1 2 7 12 16 2 12 16 2 13 6 3 0 2 7 0 2 7 0 20.6123768091201782
12 16 2 0 2 4 12 16 2 13 6 3 6 2 7 5 31 3 12 16 2 0 2 7 17 18 2 1 2 7 17 18 2 0 2 7 0 2 7 1 2 4 5 30 3 0 2 7 0 2 7 1 2 7 0 2 7 0 2 7 0 20.5670667290687561
12 16 2 0 2 7 12 16 2 13 6 3 0 2 7 0 2 7 0 2 7 1 2 7 5 30 3 0 2 7 0 2 7 17 9 2 1 2 4 0 2 7 12 16 2 12 16 2 0 2 7 1 2 11 5 31 3 6 2 7 0 20.9370176196098328

Current Evaluation = 2700(2700)
Front Size = 10
12 16 2 0 2 7 0 2 7 0 2 7 1 2 7 0 2 7 5 30 3 13 6 3 1 2 7 0 2 7 17 9 2 5 31 3 0 2 7 0 2 7 0 2 7 1 2 7 1 2 7 0 2 7 17 9 2 1 2 7 0 20.2646257877349854
12 16 2 0 2 7 12 16 2 13 6 3 0 2 7 0 2 7 0 2 7 1 2 7 5 30 3 0 2 7 0 2 7 17 9 2 1 2 4 0 2 7 12 16 2 12 16 2 17 18 2 1 2 11 1 2 11 13 6 3 0 20.3046585321426392
1 2 1 0 2 7 1 2 7 12 16 2 5 31 3 0 2 4 17 18 2 1 2 7 12 16 2 1 2 4 0 2 4 0 2 4 17 18 2 0 2 4 1 2 7 12 16 2 12 16 2 13 6 3 0 2 7 0 2 7 0 20.6123768091201782
12 16 2 12 16 2 13 6 3 0 2 7 5 31 3 0 2 4 17 9 2 12 16 2 1 2 7 1 2 7 0 2 7 0 2 4 0 2 7 0 2 7 0 2 1 16 30 2 0 2 7 1 2 3 1 2 7 0 2 7 0.00709758782359646082 20.4559628963470459
12 16 2 0 2 7 12 16 2 13 6 3 0 2 7 0 2 7 0 2 7 1 2 7 5 30 3 0 2 7 0 2 7 17 9 2 12 16 2 12 16 2 1 2 7 1 2 11 13 6 3 1 2 11 0 2 4 17 9 2 0 20.3046585321426392
12 16 2 0 2 7 0 2 7 17 18 2 1 2 7 1 2 7 5 30 3 1 2 11 0 2 7 0 2 11 0 2 4 12 16 2 1 2 7 17 18 2 12 16 2 0 2 7 12 16 2 13 6 3 0 2 7 13 6 3 0 20.3046586513519287
12 16 2 0 2 7 0 2 7 0 2 7 1 2 7 0 2 7 5 30 3 13 6 3 1 2 7 0 2 7 17 9 2 5 31 3 0 2 7 0 2 4 0 2 7 6 2 7 17 18 2 12 16 2 1 2 7 1 2 4 0 20.3487167954444885
12 16 2 13 6 3 5 31 3 0 2 7 17 18 2 0 2 7 0 2 7 5 30 3 0 2 4 0 2 7 1 2 7 0 2 7 0 2 7 1 2 7 1 2 7 1 2 7 17 18 2 0 2 4 12 16 2 6 2 7 0 20.3487167954444885
12 16 2 0 2 1 12 16 2 13 6 3 0 2 7 1 2 4 1 2 4 1 2 4 5 31 3 0 2 4 17 9 2 12 16 2 1 2 7 17 9 2 12 16 2 1 2 7 0 2 7 0 2 4 0 2 7 0 2 7 0 20.6123768091201782
12 16 2 0 2 7 13 6 3 0 2 7 0 2 7 0 2 7 1 2 7 5 30 3 0 2 7 0 2 7 17 9 2 0 2 7 1 2 7 1 2 4 12 16 2 17 9 2 1 2 7 1 2 11 1 2 7 13 6 3 0.00060945001193791939 19.7683587074279785

Current Evaluation = 2880(2880)
Front Size = 10
0 2 7 1 2 7 12 16 2 13 6 3 0 2 7 0 2 7 0 2 7 1 2 7 1 2 7 0 2 7 0 2 7 5 31 3 5 30 3 0 2 7 1 2 7 0 2 7 1 2 7 0 2 7 17 9 2 17 18 2 0 20.2646257877349854
17 18 2 0 2 4 12 16 2 0 2 4 1 2 4 12 16 2 12 16 2 12 16 2 13 6 3 0 2 4 0 2 7 1 2 7 1 2 7 17 18 2 5 31 3 1 2 7 1 2 7 0 2 4 0 2 1 0 2 7 0 20.6123768091201782
12 16 2 0 2 7 12 16 2 13 6 3 0 2 7 0 2 7 0 2 7 1 2 7 5 30 3 0 2 7 12 16 2 12 16 2 1 2 11 13 6 3 17 9 2 0 2 7 0 2 7 17 9 2 1 2 4 1 2 11 0 20.3046585321426392
12 16 2 12 16 2 13 6 3 0 2 7 0 2 4 17 9 2 12 16 2 1 2 7 12 16 2 0 2 7 0 2 7 0 2 7 0 2 7 0 2 7 13 6 3 1 2 11 5 30 3 1 2 11 1 2 7 17 18 2 0 20.3046585321426392
12 16 2 0 2 1 12 16 2 13 6 3 0 2 7 1 2 4 1 2 4 1 2 4 5 31 3 0 2 4 17 9 2 12 16 2 1 2 7 17 9 2 12 16 2 1 2 7 0 2 7 0 2 4 0 2 7 0 2 7 0 20.6123768091201782
0 2 7 12 16 2 6 2 7 17 18 2 0 2 7 13 6 3 0 2 7 0 2 4 1 2 7 5 31 3 17 18 2 0 2 7 0 2 7 1 2 7 0 2 7 0 2 4 1 2 7 1 2 7 5 30 3 12 16 2 0 20.3487167954444885
0 2 7 12 16 2 0 2 7 17 18 2 1 2 7 0 2 7 13 6 3 0 2 7 0 2 7 5 30 3 0 2 7 0 2 7 17 18 2 12 16 2 1 2 7 1 2 11 1 2 4 1 2 11 1 2 7 0 2 7 0.000234263498850514109 20.2301496267318726
12 16 2 12 16 2 13 6 3 0 2 7 0 2 4 17 9 2 12 16 2 1 2 7 12 16 2 0 2 7 1 2 7 1 2 7 0 2 7 0 2 7 0 2 11 0 2 7 13 6 3 17 9 2 1 2 11 5 30 3 0 20.3046586513519287
12 16 2 0 2 7 12 16 2 13 6 3 0 2 7 0 2 11 0 2 7 1 2 7 5 30 3 1 2 7 0 2 7 1 2 11 12 16 2 0 2 7 17 18 2 13 6 3 0 2 7 17 9 2 12 16 2 1 2 4 0 20.3046586513519287
17 18 2 12 16 2 13 6 3 0 2 7 1 2 4 0 2 7 17 9 2 5 30 3 1 2 7 1 2 7 0 2 7 0 2 7 6 2 7 0 2 7 12 16 2 1 2 7 0 2 7 0 2 7 5 31 3 0 2 4 0 20.3487167954444885

Current Evaluation = 3060(3060)
Front Size = 10
12 16 2 1 2 7 13 6 3 5 30 3 0 2 7 0 2 7 0 2 7 0 2 7 5 31 3 0 2 7 0 2 7 0 2 7 1 2 7 1 2 7 17 9 2 0 2 7 17 18 2 1 2 7 0 2 7 1 2 7 0 20.2646257877349854
12 16 2 0 2 4 13 6 3 0 2 4 0 2 7 1 2 7 5 31 3 1 2 7 1 2 7 17 18 2 17 18 2 12 16 2 0 2 4 12 16 2 0 2 4 0 2 7 12 16 2 1 2 7 0 2 4 1 2 1 0 20.6123768091201782
1 2 7 1 2 7 0 2 7 12 16 2 13 6 3 0 2 11 6 2 7 0 2 11 0 2 11 0 2 7 1 2 7 17 9 2 0 2 4 5 30 3 12 16 2 15 2 11 5 30 3 17 9 2 0 2 11 0 2 7 0 20.8176349997520447
12 16 2 0 2 7 12 16 2 13 6 3 0 2 7 0 2 7 0 2 7 1 2 7 5 30 3 0 2 7 12 16 2 12 16 2 1 2 11 13 6 3 17 9 2 0 2 7 0 2 7 17 9 2 1 2 4 1 2 11 0 20.3046585321426392
12 16 2 1 2 7 12 16 2 13 6 3 0 2 7 0 2 7 0 2 7 1 2 7 5 30 3 0 2 7 12 16 2 12 16 2 1 2 11 13 6 3 17 9 2 0 2 7 1 2 11 0 2 7 17 18 2 0 2 4 0 20.3046585321426392
12 16 2 0 2 4 13 6 3 5 31 3 1 2 7 1 2 7 0 2 7 0 2 7 5 30 3 12 16 2 0 2 4 0 2 7 0 2 7 17 9 2 6 2 7 0 2 7 1 2 7 17 9 2 1 2 7 0 2 7 0 20.3487167954444885
1 2 7 0 2 7 1 2 7 5 31 3 0 2 4 1 2 4 0 2 11 1 2 7 0 2 4 17 9 2 5 30 3 17 18 2 0 2 7 0 2 7 1 2 7 0 2 7 0 2 11 1 2 7 0 2 7 0 2 10 0 20.601667046546936
12 16 2 1 2 7 13 6 3 5 30 3 0 2 7 0 2 7 1 2 4 0 2 7 17 18 2 5 31 3 17 18 2 12 16 2 0 2 7 0 2 7 0 2 7 0 2 4 1 2 7 1 2 7 6 2 7 0 2 7 0 20.3487167954444885
12 16 2 0 2 7 12 16 2 13 6 3 0 2 7 0 2 7 0 2 7 1 2 7 5 30 3 0 2 7 17 9 2 0 2 7 0 2 7 17 9 2 1 2 4 5 31 3 0 2 7 6 2 7 1 2 4 1 2 7 0 20.3487167954444885
0 2 7 12 16 2 0 2 4 1 2 7 16 30 2 12 16 2 12 16 2 13 6 3 0 2 7 6 2 7 5 30 3 5 31 3 0 2 7 0 2 7 17 18 2 1 2 7 0 2 3 0 2 11 1 2 7 0 2 7 0 20.547498881816864

Current Evaluation = 3240(3240)
Front Size = 10
0 2 7 12 16 2 0 2 7 1 2 7 1 2 7 13 6 3 0 2 7 5 30 3 5 31 3 0 2 7 0 2 7 17 18 2 1 2 7 1 2 7 0 2 7 0 2 7 0 2 7 17 9 2 1 2 7 0 2 7 0 20.2646257877349854
0 2 7 1 2 7 13 6 3 5 30 3 0 2 7 0 2 7 0 2 7 0 2 7 0 2 7 1 2 7 5 31 3 1 2 7 0 2 7 1 2 7 1 2 7 0 2 7 0 2 7 12 16 2 17 18 2 17 18 2 0 20.2646257877349854
12 16 2 1 2 7 13 6 3 5 30 3 0 2 7 0 2 7 0 2 7 0 2 7 5 31 3 0 2 7 0 2 7 0 2 7 1 2 7 1 2 7 17 9 2 0 2 7 1 2 7 1 2 7 17 9 2 0 2 7 0 20.2646257877349854
12 16 2 0 2 4 13 6 3 0 2 7 0 2 7 0 2 7 5 30 3 0 2 7 13 6 3 17 18 2 17 18 2 12 16 2 1 2 11 12 16 2 0 2 7 0 2 7 12 16 2 1 2 7 1 2 11 1 2 7 0 20.3046585321426392
12 16 2 0 2 4 13 6 3 0 2 4 0 2 7 1 2 7 5 31 3 1 2 7 1 2 7 17 18 2 17 18 2 12 16 2 0 2 4 12 16 2 0 2 4 0 2 7 12 16 2 1 2 7 0 2 4 1 2 1 0 20.6123768091201782
1 2 7 1 2 4 0 2 7 12 16 2 13 6 3 0 2 7 1 2 7 17 9 2 5 31 3 0 2 7 0 2 7 6 2 7 1 2 7 0 2 7 0 2 7 12 16 2 0 2 7 5 30 3 17 9 2 0 2 4 0 20.3487167954444885
0 2 7 12 16 2 1 2 7 13 6 3 0 2 7 0 2 7 5 31 3 5 30 3 1 2 7 0 2 7 17 18 2 1 2 7 0 2 7 0 2 7 0 2 7 17 9 2 1 2 7 12 16 2 6 2 4 0 2 4 0 20.3487167954444885
12 16 2 0 2 7 13 6 3 1 2 4 0 2 7 5 30 3 0 2 11 0 2 7 17 18 2 12 16 2 0 2 7 0 2 7 1 2 11 17 18 2 1 2 7 12 16 2 1 2 7 12 16 2 0 2 7 13 6 3 0 20.3046586513519287
12 16 2 1 2 4 13 6 3 5 30 3 0 2 7 0 2 7 0 2 7 0 2 7 5 31 3 0 2 7 0 2 7 0 2 7 6 2 7 1 2 7 17 9 2 12 16 2 17 18 2 1 2 7 0 2 7 1 2 4 0 20.3487167954444885
12 16 2 0 2 4 13 6 3 1 2 4 0 2 7 5 31 3 0 2 7 1 2 7 17 9 2 12 16 2 0 2 7 0 2 3 16 30 2 1 2 7 1 2 7 5 30 3 0 2 7 12 16 2 0 2 7 0 2 7 0 20.4516057968139648

Current Evaluation = 3420(3420)
Front Size = 10
0 2 7 12 16 2 0 2 7 13 6 3 1 2 7 0 2 7 5 31 3 5 30 3 1 2 7 0 2 7 0 2 7 0 2 7 0 2 7 17 18 2 0 2 7 17 18 2 1 2 7 1 2 7 1 2 7 0 2 7 0 20.2646257877349854
12 16 2 5 30 3 13 6 3 0 2 7 1 2 7 5 31 3 0 2 7 0 2 7 1 2 7 0 2 7 0 2 7 1 2 7 0 2 7 0 2 7 1 2 7 0 2 7 17 18 2 17 9 2 0 2 7 1 2 7 0 20.2646257877349854
12 16 2 0 2 4 13 6 3 0 2 7 0 2 7 0 2 7 5 30 3 0 2 7 13 6 3 17 18 2 17 18 2 12 16 2 1 2 11 12 16 2 0 2 7 0 2 7 12 16 2 1 2 7 1 2 11 1 2 7 0 20.3046585321426392
12 16 2 0 2 4 13 6 3 0 2 4 0 2 7 1 2 7 5 31 3 1 2 7 1 2 7 17 18 2 17 18 2 12 16 2 0 2 4 12 16 2 0 2 4 0 2 7 12 16 2 1 2 7 0 2 4 1 2 1 0 20.6123768091201782
12 16 2 1 2 7 13 6 3 5 30 3 0 2 7 0 2 7 0 2 7 0 2 7 5 31 3 0 2 7 0 2 7 0 2 7 1 2 7 0 2 7 17 9 2 1 2 7 1 2 7 1 2 7 17 9 2 0 2 7 0 20.2646257877349854
1 2 7 13 6 3 5 30 3 1 2 7 0 2 7 0 2 7 0 2 7 5 31 3 0 2 7 0 2 7 0 2 7 1 2 7 1 2 7 12 16 2 17 18 2 12 16 2 6 2 7 17 18 2 0 2 4 0 2 4 0 20.3487167954444885
1 2 7 1 2 7 13 6 3 0 2 7 1 2 7 5 30 3 0 2 4 6 2 7 12 16 2 0 2 7 0 2 7 1 2 4 0 2 7 17 9 2 17 9 2 5 31 3 12 16 2 0 2 7 0 2 7 0 2 7 0 20.3487167954444885
12 16 2 5 30 3 13 6 3 0 2 7 1 2 7 5 31 3 0 2 7 0 2 7 12 16 2 0 2 7 0 2 7 1 2 7 17 18 2 16 30 2 12 16 2 0 2 7 0 2 7 1 2 4 1 2 3 0 2 4 0 20.4516057968139648
0 2 7 12 16 2 1 2 7 13 6 3 0 2 7 0 2 7 5 31 3 5 30 3 1 2 7 0 2 7 17 18 2 1 2 7 0 2 7 0 2 7 0 2 7 17 9 2 1 2 7 12 16 2 6 2 4 0 2 4 0 20.3487167954444885
12 16 2 13 6 3 0 2 7 0 2 4 5 31 3 1 2 3 12 16 2 5 30 3 17 18 2 12 16 2 1 2 7 0 2 7 0 2 11 0 2 7 0 2 7 16 30 2 1 2 7 6 2 7 0 2 7 0 2 7 0 20.547498881816864

Current Evaluation = 3600(3600)
Front Size = 10
1 2 7 0 2 7 13 6 3 0 2 7 1 2 7 5 31 3 1 2 7 0 2 7 12 16 2 0 2 7 0 2 7 0 2 7 0 2 7 1 2 7 0 2 7 5 30 3 0 2 7 1 2 7 17 9 2 17 18 2 0 20.2646257877349854
1 2 7 0 2 7 13 6 3 0 2 7 1 2 7 5 31 3 1 2 7 0 2 7 12 16 2 0 2 7 0 2 7 0 2 7 0 2 7 1 2 7 0 2 7 5 30 3 0 2 7 1 2 7 17 9 2 17 9 2 0 20.2646257877349854
12 16 2 0 2 4 13 6 3 0 2 4 0 2 7 1 2 7 5 31 3 1 2 7 1 2 7 17 18 2 17 18 2 12 16 2 0 2 4 12 16 2 0 2 4 0 2 7 12 16 2 1 2 7 0 2 4 1 2 1 0 20.6123768091201782
12 16 2 0 2 4 13 6 3 0 2 7 0 2 7 0 2 7 5 30 3 0 2 7 13 6 3 17 18 2 17 18 2 12 16 2 1 2 11 12 16 2 0 2 7 0 2 7 12 16 2 1 2 7 1 2 11 1 2 7 0 20.3046585321426392
12 16 2 5 30 3 13 6 3 0 2 7 0 2 7 5 31 3 0 2 7 1 2 7 1 2 4 0 2 7 0 2 4 17 18 2 0 2 7 0 2 7 12 16 2 1 2 7 6 2 7 1 2 7 0 2 7 17 18 2 0 20.3487167954444885
1 2 7 0 2 7 13 6 3 0 2 7 1 2 7 5 31 3 0 2 7 0 2 7 17 18 2 17 18 2 1 2 7 0 2 7 0 2 7 0 2 7 0 2 7 5 30 3 1 2 7 1 2 7 12 16 2 0 2 7 0 20.2646257877349854
1 2 7 0 2 7 13 6 3 0 2 7 1 2 7 5 31 3 1 2 7 12 16 2 1 2 7 17 18 2 12 16 2 0 2 7 0 2 7 0 2 7 0 2 7 17 18 2 5 30 3 0 2 4 1 2 7 0 2 4 0 20.3724237680435181
12 16 2 5 30 3 0 2 7 0 2 7 12 16 2 8 9 2 0 2 3 0 2 7 0 2 4 1 2 7 0 2 7 0 2 7 17 18 2 12 16 2 16 6 2 1 2 7 5 30 3 1 2 7 13 6 3 0 2 11 0 20.6301087141036987
0 2 7 6 2 4 13 6 3 1 2 7 0 2 7 1 2 7 17 18 2 12 16 2 12 16 2 1 2 7 0 2 7 0 2 7 5 30 3 5 31 3 0 2 7 0 2 7 17 18 2 0 2 4 1 2 7 0 2 7 0 20.3487167954444885
12 16 2 5 30 3 12 16 2 0 2 7 0 2 7 5 31 3 1 2 7 1 2 7 0 2 7 17 18 2 0 2 7 1 2 7 0 2 7 6 2 7 0 2 4 17 18 2 13 6 3 0 2 7 0 2 4 1 2 7 0 20.3487167954444885

MonoObjective Genetic Algorithm
Number of Evaluations = 0
Mutation Probability = 0
Crossover Probability = 1
Population Size = 10
Survival Selection Type = 16

Time =  3604.87213397026062

Current Evaluation = 3400
Front Size = 10
1 2 7 0 2 7 13 6 3 0 2 7 1 2 7 5 31 3 1 2 7 0 2 7 12 16 2 0 2 7 0 2 7 0 2 7 0 2 7 1 2 7 0 2 7 5 30 3 0 2 7 1 2 7 17 9 2 17 18 2 0 20.2646257877349854
1 2 7 0 2 7 13 6 3 0 2 7 1 2 7 5 31 3 1 2 7 0 2 7 12 16 2 0 2 7 0 2 7 0 2 7 0 2 7 1 2 7 0 2 7 5 30 3 0 2 7 1 2 7 17 9 2 17 9 2 0 20.2646257877349854
12 16 2 0 2 4 13 6 3 0 2 4 0 2 7 1 2 7 5 31 3 1 2 7 1 2 7 17 18 2 17 18 2 12 16 2 0 2 4 12 16 2 0 2 4 0 2 7 12 16 2 1 2 7 0 2 4 1 2 1 0 20.6123768091201782
12 16 2 0 2 4 13 6 3 0 2 7 0 2 7 0 2 7 5 30 3 0 2 7 13 6 3 17 18 2 17 18 2 12 16 2 1 2 11 12 16 2 0 2 7 0 2 7 12 16 2 1 2 7 1 2 11 1 2 7 0 20.3046585321426392
12 16 2 5 30 3 13 6 3 0 2 7 0 2 7 5 31 3 0 2 7 1 2 7 1 2 4 0 2 7 0 2 4 17 18 2 0 2 7 0 2 7 12 16 2 1 2 7 6 2 7 1 2 7 0 2 7 17 18 2 0 20.3487167954444885
1 2 7 0 2 7 13 6 3 0 2 7 1 2 7 5 31 3 0 2 7 0 2 7 17 18 2 17 18 2 1 2 7 0 2 7 0 2 7 0 2 7 0 2 7 5 30 3 1 2 7 1 2 7 12 16 2 0 2 7 0 20.2646257877349854
1 2 7 0 2 7 13 6 3 0 2 7 1 2 7 5 31 3 1 2 7 12 16 2 1 2 7 17 18 2 12 16 2 0 2 7 0 2 7 0 2 7 0 2 7 17 18 2 5 30 3 0 2 4 1 2 7 0 2 4 0 20.3724237680435181
12 16 2 5 30 3 0 2 7 0 2 7 12 16 2 8 9 2 0 2 3 0 2 7 0 2 4 1 2 7 0 2 7 0 2 7 17 18 2 12 16 2 16 6 2 1 2 7 5 30 3 1 2 7 13 6 3 0 2 11 0 20.6301087141036987
0 2 7 6 2 4 13 6 3 1 2 7 0 2 7 1 2 7 17 18 2 12 16 2 12 16 2 1 2 7 0 2 7 0 2 7 5 30 3 5 31 3 0 2 7 0 2 7 17 18 2 0 2 4 1 2 7 0 2 7 0 20.3487167954444885
12 16 2 5 30 3 12 16 2 0 2 7 0 2 7 5 31 3 1 2 7 1 2 7 0 2 7 17 18 2 0 2 7 1 2 7 0 2 7 6 2 7 0 2 4 17 18 2 13 6 3 0 2 7 0 2 4 1 2 7 0 20.3487167954444885

