Current Evaluation = 180(180)
Front Size = 10
0 2 7 0 2 7 0 2 7 5 31 3 0 2 7 0 2 7 12 16 2 0 2 7 0 2 7 1 2 7 0 2 7 17 18 2 0 2 7 1 2 7 1 2 7 1 2 7 13 6 3 1 2 7 5 30 3 17 9 2 0 20.2646257877349854
5 30 3 12 16 2 1 2 4 1 2 3 0 2 7 0 2 7 0 2 7 1 2 7 0 2 3 0 2 7 0 2 3 1 2 11 0 2 7 5 30 3 0 2 10 0 2 7 0 2 7 17 18 2 1 2 4 16 31 2 0 20.8012487888336182
5 30 3 12 16 2 0 2 3 5 30 3 0 2 7 1 2 3 0 2 8 16 19 11 0 2 11 0 2 3 0 2 11 5 30 3 0 2 3 16 30 2 0 2 11 0 2 3 0 2 3 1 2 3 1 2 3 0 2 11 0 22.1337761878967285
12 16 2 0 2 11 12 16 2 1 2 10 5 31 3 0 2 7 5 30 3 1 2 11 0 2 11 5 30 3 0 2 7 0 2 11 0 2 7 17 18 2 0 2 11 0 2 7 16 19 11 6 2 7 0 2 7 0 2 11 0 21.8963139653205872
5 30 3 12 16 2 0 2 7 1 2 7 0 2 3 0 2 3 16 30 2 0 2 7 0 2 3 0 2 7 0 2 7 1 2 7 16 6 2 1 2 3 0 2 3 5 31 3 1 2 3 0 2 3 1 2 7 0 2 3 0 20.9838579893112183
6 2 8 0 2 11 5 30 3 6 2 7 8 9 2 0 2 11 0 2 11 5 31 3 6 2 11 16 6 2 0 2 11 0 2 11 12 16 2 17 9 2 0 2 1 0 2 7 12 16 2 0 2 8 5 30 3 0 2 8 0 22.1399033665657043
1 2 3 0 2 3 0 2 8 8 18 2 0 2 8 16 19 12 16 19 12 0 2 3 0 2 8 0 2 8 0 2 8 0 2 8 0 2 3 5 30 3 5 30 3 0 2 8 0 2 3 5 30 3 0 2 8 12 16 2 1.06285905638954129e-05 23.1371604204177856
0 2 8 0 2 3 0 2 8 16 6 2 5 30 3 0 2 8 6 2 8 5 31 3 0 2 11 16 6 2 12 16 2 0 2 3 0 2 8 1 2 11 8 18 2 0 2 8 5 30 3 12 16 2 0 2 8 0 2 11 0 22.3770782947540283
12 16 2 0 2 7 0 2 4 1 2 7 1 2 7 5 31 3 0 2 7 0 2 7 0 2 4 0 2 7 6 2 7 0 2 7 1 2 10 1 2 7 0 2 7 0 2 7 17 9 2 16 6 2 12 16 2 5 31 3 0 20.6613958477973938
12 16 2 1 2 3 5 30 3 0 2 8 0 2 3 1 2 4 12 16 2 0 2 7 5 30 3 0 2 7 6 2 11 0 2 3 0 2 7 0 2 8 0 2 7 5 31 3 16 6 2 16 19 12 0 2 7 17 18 2 0.0561247862901855313 21.6397699117660522

Current Evaluation = 360(360)
Front Size = 10
12 16 2 1 2 7 17 9 2 0 2 7 0 2 7 0 2 7 0 2 7 1 2 7 5 31 3 13 6 3 0 2 7 5 30 3 1 2 7 0 2 7 17 9 2 0 2 7 0 2 7 1 2 7 1 2 7 0 2 7 0 20.2646257877349854
1 2 3 0 2 3 0 2 8 8 18 2 0 2 8 16 19 12 16 19 12 0 2 3 0 2 8 0 2 8 0 2 8 0 2 8 0 2 3 5 30 3 5 30 3 0 2 8 0 2 3 5 30 3 0 2 8 12 16 2 1.06285905638954129e-05 23.1371604204177856
12 16 2 1 2 4 5 30 3 1 2 7 0 2 7 17 18 2 0 2 7 0 2 7 1 2 11 0 2 7 5 31 3 0 2 11 0 2 7 1 2 7 0 2 4 0 2 7 1 2 11 17 18 2 0 2 7 8 18 2 0 20.938869833946228
12 16 2 0 2 7 1 2 7 12 16 2 0 2 7 0 2 7 0 2 7 12 16 2 0 2 4 0 2 7 1 2 11 5 31 3 5 31 3 0 2 7 12 16 2 0 2 7 0 2 7 16 6 2 8 9 2 16 30 2 0 21.0720397233963013
0 2 12 12 16 2 5 31 3 0 2 11 0 2 11 0 2 11 0 2 11 0 2 8 0 2 7 0 2 1 0 2 8 8 18 2 0 2 11 6 2 11 12 16 2 16 6 2 6 2 12 17 18 2 5 30 3 5 30 3 0 22.3059623241424561
12 16 2 5 31 3 12 16 2 0 2 3 1 2 4 1 2 7 0 2 7 0 2 7 0 2 3 0 2 3 0 2 7 0 2 3 0 2 3 0 2 7 1 2 11 0 2 3 1 2 7 16 9 11 5 30 3 16 6 2 0 21.3884018063545227
5 30 3 12 16 2 0 2 3 5 30 3 0 2 7 1 2 3 0 2 8 16 19 11 0 2 11 0 2 3 0 2 11 5 30 3 0 2 3 16 30 2 0 2 11 0 2 3 0 2 3 1 2 3 1 2 3 0 2 11 0 22.1337761878967285
12 16 2 12 16 2 0 2 7 1 2 7 0 2 7 0 2 3 1 2 3 0 2 3 5 30 3 0 2 7 5 30 3 0 2 7 16 30 2 8 18 2 0 2 7 8 18 2 0 2 7 0 2 7 12 16 2 16 15 2 0 21.140076756477356
12 16 2 1 2 3 0 2 3 0 2 8 0 2 4 0 2 7 0 2 7 16 19 12 0 2 3 0 2 7 12 16 2 1 2 7 0 2 8 17 9 2 5 30 3 5 30 3 1 2 10 0 2 3 5 30 3 6 2 7 0.00924804782226435959 21.8296828866004944
5 30 3 12 16 2 0 2 11 5 31 3 12 16 2 0 2 3 0 2 10 16 19 11 0 2 3 0 2 7 0 2 7 5 30 3 0 2 7 16 6 2 0 2 7 0 2 11 6 2 11 0 2 7 0 2 7 0 2 3 0 21.8348268270492554

Current Evaluation = 540(540)
Front Size = 10
12 16 2 1 2 7 0 2 7 0 2 7 0 2 7 5 30 3 0 2 7 17 9 2 0 2 7 1 2 7 17 9 2 1 2 7 5 31 3 13 6 3 0 2 7 1 2 7 0 2 7 0 2 7 1 2 7 0 2 7 0 20.2646257877349854
5 30 3 12 16 2 5 30 3 0 2 11 1 2 7 0 2 7 17 18 2 8 18 2 1 2 7 0 2 7 1 2 11 0 2 7 17 9 2 1 2 4 0 2 7 0 2 7 0 2 7 0 2 3 0 2 3 1 2 4 0 20.9389908313751221
1 2 3 0 2 3 0 2 8 8 18 2 0 2 8 16 19 12 16 19 12 0 2 3 0 2 8 0 2 8 0 2 8 0 2 8 0 2 3 5 30 3 5 30 3 0 2 8 0 2 3 5 30 3 0 2 8 12 16 2 1.06285905638954129e-05 23.1371604204177856
0 2 12 12 16 2 5 31 3 0 2 11 0 2 11 0 2 11 0 2 11 0 2 8 0 2 7 0 2 1 0 2 8 8 18 2 0 2 11 6 2 11 12 16 2 16 6 2 6 2 12 17 18 2 5 30 3 5 30 3 0 22.3059623241424561
5 31 3 0 2 7 1 2 7 1 2 3 0 2 3 0 2 7 1 2 11 0 2 4 12 16 2 16 9 11 0 2 7 1 2 3 0 2 7 0 2 3 0 2 3 16 6 2 0 2 3 5 30 3 0 2 7 12 16 2 0 21.3884018063545227
5 30 3 12 16 2 0 2 3 5 30 3 0 2 7 1 2 3 0 2 8 16 19 11 0 2 11 0 2 3 0 2 11 5 30 3 0 2 3 16 30 2 0 2 11 0 2 3 0 2 3 1 2 3 1 2 3 0 2 11 0 22.1337761878967285
5 30 3 12 16 2 1 2 11 0 2 3 0 2 3 0 2 3 0 2 7 0 2 11 0 2 3 16 18 11 0 2 3 0 2 3 1 2 7 1 2 7 12 16 2 0 2 3 15 2 11 16 6 2 0 2 7 5 30 3 0 21.6585198044776917
12 16 2 0 2 7 0 2 12 1 2 7 0 2 4 1 2 7 0 2 3 0 2 7 5 31 3 0 2 3 8 9 2 0 2 7 1 2 7 16 6 2 5 30 3 0 2 7 1 2 7 0 2 7 1 2 7 17 18 2 0 20.769278883934021
5 30 3 8 18 2 0 2 7 5 30 3 0 2 7 0 2 4 1 2 7 0 2 7 8 18 2 0 2 7 0 2 7 12 16 2 0 2 7 0 2 7 1 2 7 17 18 2 1 2 7 16 15 2 0 2 7 12 16 2 0 20.8408946990966797
12 16 2 1 2 11 1 2 10 0 2 7 0 2 7 0 2 7 0 2 7 5 30 3 0 2 11 0 2 7 17 9 2 1 2 3 1 2 7 0 2 4 5 30 3 17 9 2 0 2 11 0 2 4 1 2 7 8 18 2 0 20.9925909042358398

Current Evaluation = 720(720)
Front Size = 10
12 16 2 0 2 7 0 2 7 5 30 3 1 2 7 0 2 7 0 2 7 1 2 7 0 2 7 13 6 3 1 2 7 17 18 2 0 2 7 1 2 7 0 2 7 17 9 2 5 31 3 0 2 7 0 2 7 1 2 7 0 20.2646257877349854
12 16 2 0 2 7 0 2 7 0 2 11 1 2 4 5 30 3 1 2 7 0 2 11 0 2 7 5 30 3 0 2 7 17 9 2 1 2 7 12 16 2 0 2 7 13 6 3 0 2 4 17 9 2 15 2 11 1 2 7 0 20.6221418380737305
0 2 4 12 16 2 1 2 7 5 30 3 0 2 3 1 2 3 12 16 2 16 18 11 0 2 3 0 2 3 0 2 3 5 30 3 1 2 3 16 15 2 0 2 3 0 2 7 0 2 3 0 2 3 0 2 3 1 2 3 0 21.8312628865242004
0 2 12 12 16 2 5 31 3 0 2 11 0 2 11 0 2 11 0 2 11 0 2 8 0 2 7 0 2 1 0 2 8 8 18 2 0 2 11 6 2 11 12 16 2 16 6 2 6 2 12 17 18 2 5 30 3 5 30 3 0 22.3059623241424561
5 30 3 12 16 2 0 2 11 5 31 3 0 2 3 1 2 8 1 2 7 0 2 7 1 2 7 0 2 3 0 2 3 0 2 7 0 2 7 0 2 7 0 2 7 8 9 2 16 6 2 12 16 2 16 6 2 0 2 7 0 21.115189790725708
1 2 7 12 16 2 0 2 7 0 2 7 5 31 3 0 2 3 0 2 7 1 2 7 1 2 3 1 2 7 0 2 3 5 30 3 0 2 4 16 30 2 0 2 7 0 2 4 0 2 7 0 2 10 1 2 11 17 18 2 0 20.8012489080429077
0 2 7 12 16 2 1 2 7 5 31 3 0 2 7 0 2 7 12 16 2 16 18 11 0 2 4 0 2 7 0 2 7 5 31 3 12 16 2 16 6 2 0 2 7 1 2 4 1 2 7 0 2 7 0 2 7 0 2 7 0 20.9874307513237
5 30 3 12 16 2 0 2 3 5 30 3 0 2 7 1 2 3 0 2 8 16 19 11 0 2 11 0 2 3 0 2 11 5 30 3 0 2 3 16 30 2 0 2 11 0 2 3 0 2 3 1 2 3 1 2 3 0 2 11 0 22.1337761878967285
12 16 2 0 2 7 5 30 3 1 2 3 5 30 3 0 2 11 0 2 7 1 2 11 0 2 7 16 19 11 0 2 8 0 2 3 0 2 3 13 6 3 0 2 4 1 2 3 0 2 7 0 2 7 0 2 7 16 6 2 0.00296238206645372919 20.9971188306808472
12 16 2 5 31 3 0 2 7 5 30 3 0 2 11 17 18 2 1 2 10 0 2 4 0 2 12 0 2 4 1 2 7 5 30 3 0 2 11 6 2 11 0 2 7 0 2 8 12 16 2 0 2 7 6 2 12 1 2 7 0.02148984109993652 21.7133970260620117

Current Evaluation = 900(900)
Front Size = 10
12 16 2 0 2 7 0 2 7 1 2 7 1 2 7 1 2 7 0 2 7 0 2 7 0 2 7 1 2 7 0 2 7 1 2 7 5 30 3 5 31 3 17 18 2 0 2 7 17 18 2 0 2 7 0 2 7 13 6 3 0 20.2646257877349854
12 16 2 1 2 4 17 18 2 1 2 7 1 2 4 0 2 7 1 2 7 0 2 7 0 2 7 0 2 7 0 2 7 0 2 7 5 31 3 0 2 7 6 2 7 5 31 3 0 2 7 16 6 2 0 2 7 0 2 7 0 20.4595978856086731
0 2 3 12 16 2 1 2 3 1 2 7 0 2 3 0 2 4 0 2 3 0 2 3 5 30 3 1 2 3 0 2 3 0 2 7 16 15 2 0 2 3 16 9 11 5 30 3 12 16 2 0 2 3 0 2 3 0 2 4 0 21.7818148732185364
12 16 2 5 30 3 0 2 11 5 30 3 0 2 11 1 2 3 0 2 11 16 6 2 0 2 11 0 2 7 6 2 11 0 2 11 5 30 3 8 18 2 17 18 2 0 2 11 0 2 11 0 2 11 0 2 11 12 16 2 0 21.9983903169631958
12 16 2 0 2 7 0 2 7 0 2 11 1 2 4 5 30 3 1 2 7 0 2 11 0 2 7 5 30 3 0 2 7 17 9 2 1 2 7 12 16 2 0 2 7 13 6 3 0 2 4 17 9 2 15 2 11 1 2 7 0 20.6221418380737305
12 16 2 1 2 11 5 30 3 5 30 3 0 2 3 0 2 3 0 2 7 0 2 1 0 2 3 0 2 7 1 2 8 16 19 11 1 2 3 0 2 7 0 2 12 0 2 7 0 2 7 8 18 2 17 18 2 1 2 3 0 21.874201774597168
12 16 2 0 2 4 5 30 3 1 2 3 0 2 7 5 30 3 1 2 7 0 2 7 0 2 10 0 2 7 17 9 2 16 31 2 0 2 7 0 2 4 0 2 3 1 2 3 1 2 7 0 2 7 1 2 11 0 2 7 0 20.8012487888336182
12 16 2 0 2 7 0 2 7 0 2 7 5 31 3 1 2 7 0 2 11 1 2 7 17 18 2 0 2 3 0 2 7 5 30 3 0 2 3 0 2 4 1 2 7 1 2 10 0 2 4 16 9 11 0 2 7 12 16 2 0 21.2261928915977478
5 30 3 12 16 2 0 2 3 0 2 3 0 2 7 1 2 3 0 2 7 0 2 7 0 2 7 1 2 7 0 2 7 16 18 8 0 2 3 5 31 3 12 16 2 16 15 2 1 2 3 0 2 7 0 2 7 0 2 7 0 21.4766937494277954
5 30 3 12 16 2 0 2 7 0 2 11 0 2 7 0 2 3 1 2 7 5 31 3 0 2 3 0 2 7 0 2 3 0 2 7 0 2 7 5 30 3 16 19 11 16 6 2 0 2 3 0 2 8 0 2 7 1 2 7 0 21.6411838531494141

Current Evaluation = 1080(1080)
Front Size = 10
12 16 2 0 2 7 5 31 3 0 2 7 5 30 3 1 2 7 0 2 7 1 2 7 17 9 2 0 2 7 1 2 7 0 2 7 17 9 2 13 6 3 0 2 7 0 2 7 0 2 7 1 2 7 1 2 7 0 2 7 0 20.2646257877349854
0 2 7 5 30 3 0 2 3 6 2 3 1 2 7 0 2 4 0 2 3 16 15 2 0 2 3 0 2 3 0 2 3 0 2 3 5 30 3 8 18 2 17 18 2 0 2 7 1 2 7 1 2 7 6 2 3 12 16 2 0 21.2513258457183838
12 16 2 0 2 7 0 2 7 0 2 11 1 2 4 5 30 3 1 2 7 0 2 11 0 2 7 5 30 3 0 2 7 17 9 2 1 2 7 12 16 2 0 2 7 13 6 3 0 2 4 17 9 2 15 2 11 1 2 7 0 20.6221418380737305
0 2 7 5 30 3 6 2 7 1 2 7 0 2 7 5 31 3 17 18 2 0 2 7 0 2 4 13 6 3 12 16 2 0 2 7 17 18 2 0 2 4 1 2 7 0 2 7 1 2 7 12 16 2 0 2 7 1 2 7 0 20.3487167954444885
12 16 2 5 30 3 0 2 11 5 30 3 0 2 11 1 2 3 0 2 11 16 6 2 0 2 11 0 2 7 6 2 11 0 2 11 5 30 3 8 18 2 17 18 2 0 2 11 0 2 11 0 2 11 0 2 11 12 16 2 0 21.9983903169631958
0 2 7 5 30 3 5 31 3 0 2 7 0 2 7 1 2 10 0 2 10 17 18 2 1 2 7 0 2 7 0 2 7 0 2 7 1 2 7 1 2 7 0 2 3 1 2 4 0 2 7 1 2 7 17 9 2 0 2 4 0 20.5764669179916382
0 2 7 5 30 3 0 2 11 0 2 7 1 2 11 1 2 7 12 16 2 6 2 7 0 2 7 0 2 7 6 2 7 16 6 2 0 2 7 0 2 7 0 2 7 0 2 11 5 31 3 0 2 11 17 18 2 5 31 3 0 21.1354860067367554
12 16 2 0 2 4 5 30 3 1 2 3 0 2 7 5 30 3 1 2 7 0 2 7 0 2 10 0 2 7 17 9 2 16 31 2 0 2 7 0 2 4 0 2 3 1 2 3 1 2 7 0 2 7 1 2 11 0 2 7 0 20.8012487888336182
12 16 2 1 2 7 0 2 7 0 2 7 1 2 7 0 2 3 0 2 7 0 2 3 1 2 7 0 2 7 5 31 3 1 2 7 0 2 7 16 30 2 16 6 2 0 2 7 0 2 7 12 16 2 5 31 3 0 2 7 0 20.7024868726730347
1 2 7 5 30 3 0 2 7 5 31 3 1 2 3 0 2 11 0 2 3 0 2 7 0 2 3 1 2 7 0 2 7 0 2 7 17 18 2 1 2 7 0 2 4 0 2 10 0 2 3 12 16 2 16 30 2 1 2 7 0 20.9212490320205688

Current Evaluation = 1260(1260)
Front Size = 10
0 2 7 5 30 3 0 2 7 1 2 7 0 2 7 5 31 3 17 18 2 0 2 7 0 2 7 13 6 3 1 2 7 0 2 7 17 18 2 0 2 7 1 2 7 0 2 7 1 2 7 12 16 2 0 2 7 1 2 7 0 20.2646257877349854
12 16 2 0 2 7 1 2 7 1 2 7 5 30 3 1 2 7 0 2 7 5 30 3 0 2 7 17 9 2 12 16 2 0 2 4 13 6 3 0 2 7 16 31 2 0 2 3 0 2 7 1 2 4 0 2 7 12 16 2 0 20.4516056776046753
12 16 2 0 2 7 0 2 7 0 2 7 0 2 7 1 2 10 0 2 7 1 2 7 5 31 3 0 2 7 0 2 7 12 16 2 8 18 2 1 2 7 0 2 4 1 2 7 0 2 7 16 6 2 17 9 2 5 30 3 0 20.7286287546157837
0 2 7 5 30 3 0 2 3 6 2 3 1 2 7 0 2 4 0 2 3 16 15 2 0 2 3 0 2 3 0 2 3 0 2 3 5 30 3 8 18 2 17 18 2 0 2 7 1 2 7 1 2 7 6 2 3 12 16 2 0 21.2513258457183838
12 16 2 0 2 4 1 2 7 1 2 11 5 30 3 0 2 10 5 30 3 0 2 7 0 2 7 0 2 3 16 31 2 0 2 4 0 2 7 1 2 7 0 2 7 0 2 3 0 2 3 1 2 7 17 18 2 1 2 7 0 20.8012487888336182
12 16 2 1 2 7 1 2 7 0 2 7 1 2 7 0 2 7 1 2 7 1 2 7 0 2 7 0 2 4 0 2 11 5 30 3 17 9 2 0 2 7 0 2 11 8 18 2 0 2 4 0 2 11 17 18 2 5 31 3 0 20.9388700723648071
0 2 3 5 30 3 5 31 3 0 2 3 12 16 2 12 16 2 0 2 7 16 6 2 0 2 3 0 2 7 0 2 3 1 2 7 0 2 3 0 2 7 1 2 7 16 18 11 1 2 7 1 2 10 0 2 3 0 2 7 0 21.3628018498420715
12 16 2 5 30 3 0 2 11 5 30 3 0 2 11 1 2 3 0 2 11 16 6 2 0 2 11 0 2 7 6 2 11 0 2 11 5 30 3 8 18 2 17 18 2 0 2 11 0 2 11 0 2 11 0 2 11 12 16 2 0 21.9983903169631958
5 30 3 0 2 11 5 30 3 0 2 11 0 2 7 1 2 11 0 2 4 0 2 7 16 6 2 0 2 3 6 2 11 0 2 11 5 30 3 1 2 7 17 9 2 1 2 7 0 2 11 0 2 7 0 2 11 1 2 4 0.00329862820725459853 21.0990850925445557
0 2 11 1 2 11 1 2 7 0 2 7 0 2 4 1 2 4 1 2 11 0 2 7 5 30 3 17 9 2 0 2 7 5 30 3 0 2 7 1 2 7 8 9 2 0 2 3 1 2 7 0 2 7 17 9 2 0 2 11 0 20.8198409080505371

Current Evaluation = 1440(1440)
Front Size = 10
1 2 7 5 30 3 0 2 7 1 2 7 0 2 7 5 31 3 0 2 7 0 2 7 1 2 7 12 16 2 17 18 2 13 6 3 1 2 7 17 18 2 0 2 7 0 2 7 0 2 7 1 2 7 0 2 7 0 2 7 0 20.2646257877349854
6 2 7 0 2 7 0 2 7 1 2 7 0 2 1 1 2 4 17 9 2 0 2 4 1 2 3 5 31 3 0 2 7 0 2 7 0 2 7 17 9 2 0 2 7 1 2 7 1 2 11 5 30 3 0 2 4 0 2 7 0 20.7193599343299866
12 16 2 0 2 7 1 2 7 1 2 7 5 30 3 1 2 7 0 2 7 5 30 3 0 2 7 17 9 2 12 16 2 0 2 4 13 6 3 0 2 7 16 31 2 0 2 3 0 2 7 1 2 4 0 2 7 12 16 2 0 20.4516056776046753
12 16 2 5 30 3 0 2 11 5 30 3 0 2 11 1 2 3 0 2 11 16 6 2 0 2 11 0 2 7 6 2 11 0 2 11 5 30 3 8 18 2 17 18 2 0 2 11 0 2 11 0 2 11 0 2 11 12 16 2 0 21.9983903169631958
0 2 7 0 2 7 1 2 7 5 30 3 0 2 7 13 6 3 1 2 7 1 2 7 0 2 7 0 2 4 0 2 7 12 16 2 5 31 3 0 2 3 12 16 2 0 2 4 17 18 2 16 30 2 1 2 7 12 16 2 0 20.4516057968139648
1 2 7 1 2 7 0 2 7 0 2 7 0 2 7 17 9 2 0 2 7 5 31 3 0 2 7 0 2 7 0 2 7 0 2 7 6 2 7 1 2 4 12 16 2 0 2 7 5 31 3 1 2 4 16 6 2 0 2 7 0 20.4595978856086731
1 2 7 0 2 7 0 2 4 0 2 7 5 30 3 1 2 7 5 31 3 0 2 7 0 2 3 0 2 7 1 2 7 0 2 7 17 9 2 0 2 10 0 2 7 1 2 10 1 2 4 17 18 2 0 2 7 1 2 7 0 20.5764669179916382
1 2 7 1 2 7 0 2 7 1 2 3 0 2 7 1 2 4 0 2 10 5 30 3 1 2 4 1 2 7 17 18 2 5 31 3 0 2 7 0 2 7 0 2 7 0 2 7 0 2 7 17 18 2 0 2 7 0 2 10 0 20.5764669179916382
12 16 2 1 2 7 1 2 7 0 2 7 1 2 7 0 2 7 1 2 7 1 2 7 0 2 7 0 2 4 0 2 11 5 30 3 17 9 2 0 2 7 0 2 11 8 18 2 0 2 4 0 2 11 17 18 2 5 31 3 0 20.9388700723648071
0 2 7 0 2 7 1 2 11 17 9 2 0 2 11 5 31 3 0 2 4 0 2 7 0 2 7 17 9 2 1 2 7 1 2 7 0 2 7 5 30 3 0 2 7 1 2 7 1 2 7 1 2 7 8 9 2 0 2 7 0 20.6409199237823486

Current Evaluation = 1620(1620)
Front Size = 10
0 2 7 1 2 7 0 2 7 1 2 7 1 2 7 0 2 7 5 30 3 1 2 7 17 18 2 5 31 3 0 2 7 1 2 7 17 9 2 0 2 7 0 2 7 0 2 7 0 2 7 12 16 2 13 6 3 0 2 7 0 20.2646257877349854
12 16 2 5 30 3 0 2 11 5 30 3 0 2 11 1 2 3 0 2 11 16 6 2 0 2 11 0 2 7 6 2 11 0 2 11 5 30 3 8 18 2 17 18 2 0 2 11 0 2 11 0 2 11 0 2 11 12 16 2 0 21.9983903169631958
12 16 2 0 2 7 1 2 7 1 2 7 5 30 3 1 2 7 0 2 7 5 30 3 0 2 7 17 9 2 12 16 2 0 2 4 13 6 3 0 2 7 16 31 2 0 2 3 0 2 7 1 2 4 0 2 7 12 16 2 0 20.4516056776046753
1 2 7 1 2 7 0 2 7 0 2 7 0 2 7 17 9 2 0 2 7 5 31 3 0 2 7 0 2 7 0 2 7 0 2 7 6 2 7 1 2 4 12 16 2 0 2 7 5 31 3 1 2 4 16 6 2 0 2 7 0 20.4595978856086731
0 2 3 1 2 7 16 6 2 0 2 3 5 30 3 0 2 3 0 2 11 0 2 3 0 2 7 0 2 7 0 2 7 12 16 2 5 30 3 0 2 7 0 2 7 16 19 11 0 2 7 0 2 7 1 2 8 5 31 3 0 21.6411837339401245
12 16 2 0 2 4 6 2 7 1 2 7 0 2 7 1 2 11 1 2 11 6 2 7 0 2 7 0 2 7 1 2 7 5 31 3 17 9 2 0 2 7 0 2 4 0 2 7 0 2 7 0 2 11 17 9 2 5 31 3 0 20.8679299354553223
1 2 7 1 2 7 0 2 7 0 2 7 1 2 7 17 18 2 5 31 3 0 2 7 0 2 7 0 2 7 0 2 7 0 2 7 0 2 7 1 2 3 1 2 4 0 2 10 0 2 4 5 31 3 17 18 2 0 2 10 0.000271105934366194063 20.747298002243042
0 2 7 0 2 7 1 2 7 5 30 3 0 2 7 13 6 3 1 2 7 1 2 7 0 2 7 0 2 4 0 2 7 12 16 2 5 31 3 0 2 3 12 16 2 0 2 4 17 18 2 16 30 2 1 2 7 12 16 2 0 20.4516057968139648
12 16 2 1 2 7 1 2 7 0 2 7 1 2 7 0 2 7 1 2 7 1 2 7 0 2 7 0 2 4 0 2 11 5 30 3 17 9 2 0 2 7 0 2 11 8 18 2 0 2 4 0 2 11 17 18 2 5 31 3 0 20.9388700723648071
12 16 2 1 2 7 0 2 7 17 9 2 0 2 11 0 2 7 17 18 2 1 2 12 0 2 7 1 2 7 0 2 7 5 31 3 1 2 7 13 6 3 12 16 2 1 2 11 0 2 7 0 2 4 8 18 2 12 16 2 0 20.7150318622589111

Current Evaluation = 1800(1800)
Front Size = 10
1 2 7 0 2 7 0 2 7 1 2 7 5 30 3 0 2 7 0 2 7 1 2 7 13 6 3 5 31 3 1 2 7 17 9 2 0 2 7 0 2 7 0 2 7 0 2 7 12 16 2 1 2 7 17 18 2 0 2 7 0 20.2646257877349854
12 16 2 5 30 3 0 2 11 5 30 3 0 2 11 1 2 3 0 2 11 16 6 2 0 2 11 0 2 7 6 2 11 0 2 11 5 30 3 8 18 2 17 18 2 0 2 11 0 2 11 0 2 11 0 2 11 12 16 2 0 21.9983903169631958
1 2 7 0 2 7 0 2 7 0 2 4 0 2 3 1 2 7 5 30 3 0 2 7 0 2 7 12 16 2 13 6 3 12 16 2 12 16 2 1 2 7 0 2 7 0 2 4 17 9 2 5 30 3 1 2 7 16 31 2 0 20.4516056776046753
1 2 7 1 2 7 0 2 7 0 2 7 0 2 7 17 9 2 0 2 7 5 31 3 0 2 7 0 2 7 0 2 7 0 2 7 6 2 7 1 2 4 12 16 2 0 2 7 5 31 3 1 2 4 16 6 2 0 2 7 0 20.4595978856086731
0 2 10 0 2 7 1 2 10 0 2 7 17 9 2 0 2 3 1 2 7 1 2 7 0 2 4 17 18 2 5 31 3 0 2 7 1 2 7 0 2 7 0 2 7 0 2 7 0 2 7 5 30 3 1 2 4 1 2 7 0 20.5764669179916382
12 16 2 0 2 7 0 2 7 0 2 7 1 2 7 8 18 2 17 9 2 0 2 7 0 2 7 1 2 11 0 2 7 0 2 7 1 2 7 17 9 2 5 30 3 12 16 2 0 2 1 1 2 7 13 6 3 5 30 3 0 20.730549693107605
12 16 2 0 2 4 6 2 7 1 2 7 0 2 7 1 2 11 1 2 11 6 2 7 0 2 7 0 2 7 1 2 7 5 31 3 17 9 2 0 2 7 0 2 4 0 2 7 0 2 7 0 2 11 17 9 2 5 31 3 0 20.8679299354553223
12 16 2 5 31 3 0 2 3 17 9 2 1 2 8 0 2 11 0 2 8 0 2 7 5 30 3 0 2 12 16 6 2 0 2 7 5 30 3 0 2 7 12 16 2 1 2 7 0 2 12 13 6 3 0 2 7 0 2 7 0 21.3449318408966064
0 2 3 0 2 4 0 2 7 1 2 7 5 30 3 0 2 3 5 31 3 0 2 7 12 16 2 0 2 3 17 18 2 0 2 11 0 2 7 1 2 10 1 2 7 0 2 7 1 2 7 1 2 7 16 30 2 0 2 4 0 20.8012490272521973
0 2 3 0 2 3 0 2 10 1 2 3 5 30 3 0 2 7 5 31 3 0 2 7 12 16 2 0 2 7 17 18 2 0 2 7 0 2 7 1 2 4 1 2 11 0 2 4 1 2 7 1 2 7 16 30 2 0 2 7 0 20.8012489080429077

Current Evaluation = 1980(1980)
Front Size = 10
5 30 3 0 2 7 1 2 7 0 2 7 0 2 7 1 2 7 0 2 7 0 2 7 0 2 7 12 16 2 13 6 3 1 2 7 1 2 7 17 9 2 17 18 2 0 2 7 1 2 7 0 2 7 0 2 7 5 31 3 0 20.2646257877349854
12 16 2 5 30 3 0 2 11 5 30 3 0 2 11 1 2 3 0 2 11 16 6 2 0 2 11 0 2 7 6 2 11 0 2 11 5 30 3 8 18 2 17 18 2 0 2 11 0 2 11 0 2 11 0 2 11 12 16 2 0 21.9983903169631958
5 30 3 0 2 4 12 16 2 0 2 7 17 18 2 0 2 7 0 2 7 6 2 7 0 2 7 1 2 7 0 2 7 1 2 4 12 16 2 0 2 7 0 2 7 5 31 3 13 6 3 1 2 7 1 2 7 17 9 2 0 20.3487167954444885
12 16 2 0 2 4 6 2 7 1 2 7 0 2 7 1 2 11 1 2 11 6 2 7 0 2 7 0 2 7 1 2 7 5 31 3 17 9 2 0 2 7 0 2 4 0 2 7 0 2 7 0 2 11 17 9 2 5 31 3 0 20.8679299354553223
1 2 7 0 2 7 0 2 7 0 2 4 0 2 3 1 2 7 5 30 3 0 2 7 0 2 7 12 16 2 13 6 3 12 16 2 12 16 2 1 2 7 0 2 7 0 2 4 17 9 2 5 30 3 1 2 7 16 31 2 0 20.4516056776046753
1 2 7 1 2 7 0 2 7 0 2 7 0 2 7 17 9 2 0 2 7 5 31 3 0 2 7 0 2 7 0 2 7 0 2 7 6 2 7 1 2 4 12 16 2 0 2 7 5 31 3 1 2 4 16 6 2 0 2 7 0 20.4595978856086731
5 31 3 0 2 7 5 31 3 0 2 4 0 2 7 0 2 7 17 18 2 0 2 7 0 2 4 1 2 7 0 2 7 1 2 7 0 2 7 1 2 7 12 16 2 1 2 7 6 2 7 0 2 7 0 2 7 16 6 2 0 20.4595978856086731
1 2 3 5 30 3 0 2 7 16 30 2 0 2 3 0 2 7 0 2 3 1 2 7 0 2 7 0 2 3 1 2 3 1 2 7 1 2 7 0 2 3 0 2 7 12 16 2 0 2 3 16 6 2 5 31 3 0 2 3 0 20.9838579893112183
5 30 3 1 2 4 0 2 7 0 2 3 1 2 4 0 2 7 0 2 7 12 16 2 13 6 3 17 9 2 5 31 3 0 2 7 1 2 7 1 2 7 0 2 7 12 16 2 0 2 7 0 2 7 16 30 2 12 16 2 0 20.4516057968139648
0 2 7 17 18 2 5 30 3 12 16 2 5 30 3 0 2 7 0 2 11 0 2 7 5 30 3 0 2 7 12 16 2 0 2 7 16 19 11 0 2 7 0 2 7 0 2 11 1 2 11 13 6 3 0 2 7 0 2 11 0 21.3454546928405762

Current Evaluation = 2160(2160)
Front Size = 10
1 2 7 0 2 7 0 2 7 1 2 7 5 31 3 0 2 7 0 2 7 1 2 7 13 6 3 1 2 7 0 2 7 17 9 2 0 2 7 0 2 7 0 2 7 12 16 2 0 2 7 1 2 7 5 30 3 17 9 2 0 20.2646257877349854
12 16 2 5 31 3 6 2 7 12 16 2 0 2 7 0 2 7 0 2 7 0 2 1 0 2 7 0 2 11 0 2 7 1 2 7 8 18 2 0 2 4 16 6 2 17 18 2 5 30 3 1 2 7 0 2 4 1 2 7 0 20.9255219101905823
1 2 7 0 2 7 0 2 7 0 2 4 0 2 3 1 2 7 5 30 3 0 2 7 0 2 7 12 16 2 13 6 3 12 16 2 12 16 2 1 2 7 0 2 7 0 2 4 17 9 2 5 30 3 1 2 7 16 31 2 0 20.4516056776046753
1 2 3 5 30 3 0 2 7 16 30 2 0 2 3 0 2 7 0 2 3 1 2 7 0 2 7 0 2 3 1 2 3 1 2 7 1 2 7 0 2 3 0 2 7 12 16 2 0 2 3 16 6 2 5 31 3 0 2 3 0 20.9838579893112183
13 6 3 5 31 3 1 2 4 0 2 7 1 2 7 0 2 4 5 30 3 0 2 7 1 2 7 0 2 7 0 2 7 0 2 7 17 9 2 0 2 7 12 16 2 12 16 2 17 18 2 1 2 7 6 2 7 0 2 7 0 20.3487167954444885
12 16 2 5 30 3 0 2 11 5 30 3 0 2 11 1 2 3 0 2 11 16 6 2 0 2 11 0 2 7 6 2 11 0 2 11 5 30 3 8 18 2 17 18 2 0 2 11 0 2 11 0 2 11 0 2 11 12 16 2 0 21.9983903169631958
1 2 7 1 2 7 0 2 7 0 2 7 0 2 7 17 9 2 0 2 7 5 31 3 0 2 7 0 2 7 0 2 7 0 2 7 6 2 7 1 2 4 12 16 2 0 2 7 5 31 3 1 2 4 16 6 2 0 2 7 0 20.4595978856086731
0 2 7 5 31 3 1 2 7 0 2 7 1 2 7 0 2 7 5 30 3 0 2 7 1 2 4 0 2 7 0 2 7 1 2 4 17 9 2 0 2 7 1 2 11 0 2 10 13 6 3 17 9 2 6 2 7 0 2 7 0.0016074757503453357 20.136168897151947
0 2 7 1 2 7 0 2 7 1 2 7 0 2 7 17 9 2 0 2 4 5 31 3 1 2 7 6 2 7 0 2 7 0 2 7 12 16 2 0 2 7 0 2 7 0 2 4 5 31 3 0 2 7 16 6 2 1 2 7 0 20.4595978856086731
0 2 7 5 31 3 1 2 7 0 2 7 1 2 7 0 2 7 1 2 11 0 2 10 17 18 2 5 30 3 1 2 7 0 2 7 1 2 4 0 2 7 0 2 7 1 2 4 17 9 2 0 2 7 0 2 11 0 2 4 0 20.6016669273376465

Current Evaluation = 2340(2340)
Front Size = 10
5 31 3 1 2 7 17 9 2 0 2 7 0 2 7 1 2 7 0 2 7 1 2 7 0 2 7 1 2 7 0 2 7 17 18 2 13 6 3 12 16 2 0 2 7 1 2 7 0 2 7 0 2 7 0 2 7 5 30 3 0 20.2646257877349854
12 16 2 5 30 3 1 2 7 12 16 2 0 2 7 0 2 7 1 2 4 0 2 7 0 2 7 0 2 7 0 2 7 16 31 2 12 16 2 5 30 3 1 2 4 0 2 7 17 9 2 13 6 3 1 2 7 0 2 3 0 20.4516056776046753
1 2 7 1 2 7 0 2 7 0 2 7 0 2 7 17 9 2 0 2 7 5 31 3 0 2 7 0 2 7 0 2 7 0 2 7 6 2 7 1 2 4 12 16 2 0 2 7 5 31 3 1 2 4 16 6 2 0 2 7 0 20.4595978856086731
12 16 2 5 30 3 0 2 7 0 2 7 0 2 10 0 2 11 0 2 7 1 2 3 1 2 4 0 2 3 0 2 7 1 2 7 0 2 4 16 30 2 0 2 7 5 31 3 1 2 7 1 2 7 17 9 2 0 2 3 0 20.8012490272521973
5 30 3 0 2 4 17 18 2 17 9 2 0 2 7 0 2 7 1 2 10 5 31 3 0 2 7 0 2 7 1 2 11 1 2 7 1 2 11 0 2 7 0 2 7 0 2 7 1 2 4 0 2 7 1 2 7 0 2 4 0 20.6016668081283569
0 2 4 0 2 7 0 2 4 5 31 3 0 2 7 0 2 7 1 2 7 0 2 7 17 9 2 1 2 7 5 30 3 12 16 2 0 2 7 6 2 7 1 2 7 1 2 7 0 2 7 17 9 2 12 16 2 13 6 3 0 20.3487167954444885
5 30 3 0 2 3 1 2 3 1 2 7 0 2 3 1 2 3 0 2 7 1 2 7 0 2 3 1 2 7 0 2 7 16 6 2 0 2 3 0 2 7 0 2 7 0 2 3 0 2 3 5 30 3 12 16 2 16 31 2 0 20.9838578701019287
1 2 7 0 2 7 0 2 7 0 2 4 0 2 3 1 2 7 5 30 3 0 2 7 0 2 7 12 16 2 13 6 3 12 16 2 12 16 2 1 2 7 0 2 7 0 2 4 17 9 2 5 30 3 1 2 7 16 31 2 0 20.4516056776046753
5 31 3 0 2 4 0 2 7 1 2 7 1 2 7 1 2 7 1 2 7 0 2 7 6 2 4 12 16 2 0 2 7 17 9 2 0 2 7 0 2 7 0 2 7 0 2 7 0 2 7 16 6 2 5 31 3 0 2 7 0 20.4595978856086731
5 30 3 0 2 7 0 2 7 5 31 3 0 2 7 0 2 7 1 2 7 1 2 7 0 2 4 0 2 3 17 9 2 1 2 10 1 2 11 0 2 3 1 2 7 0 2 7 0 2 7 1 2 3 0 2 7 0 2 4 0.00236497955231384366 20.9246199131011963

Current Evaluation = 2520(2520)
Front Size = 10
0 2 7 1 2 7 17 9 2 0 2 7 0 2 7 0 2 7 0 2 7 5 31 3 13 6 3 1 2 7 0 2 7 0 2 7 5 30 3 1 2 7 17 18 2 1 2 7 1 2 7 0 2 7 0 2 7 12 16 2 0 20.2646257877349854
5 30 3 0 2 3 1 2 3 1 2 7 0 2 3 1 2 3 0 2 7 1 2 7 0 2 3 1 2 7 0 2 7 16 6 2 0 2 3 0 2 7 0 2 7 0 2 3 0 2 3 5 30 3 12 16 2 16 31 2 0 20.9838578701019287
12 16 2 5 30 3 0 2 7 0 2 7 0 2 10 0 2 11 0 2 7 1 2 3 1 2 4 0 2 3 0 2 7 1 2 7 0 2 4 16 30 2 0 2 7 5 31 3 1 2 7 1 2 7 17 9 2 0 2 3 0 20.8012490272521973
1 2 7 6 2 7 0 2 7 1 2 7 0 2 4 17 18 2 17 18 2 5 30 3 0 2 7 0 2 7 1 2 7 13 6 3 0 2 4 0 2 7 0 2 7 0 2 7 12 16 2 12 16 2 1 2 7 5 31 3 0 20.3487167954444885
12 16 2 5 30 3 1 2 7 12 16 2 0 2 7 0 2 7 1 2 4 0 2 7 0 2 7 0 2 7 0 2 7 16 31 2 12 16 2 5 30 3 1 2 4 0 2 7 17 9 2 13 6 3 1 2 7 0 2 3 0 20.4516056776046753
1 2 7 0 2 7 0 2 7 0 2 4 0 2 3 1 2 7 5 30 3 0 2 7 0 2 7 12 16 2 13 6 3 12 16 2 12 16 2 1 2 7 0 2 7 0 2 4 17 9 2 5 30 3 1 2 7 16 31 2 0 20.4516056776046753
1 2 7 1 2 7 0 2 7 0 2 7 0 2 7 17 9 2 0 2 7 5 31 3 0 2 7 0 2 7 0 2 7 0 2 7 6 2 7 1 2 4 12 16 2 0 2 7 5 31 3 1 2 4 16 6 2 0 2 7 0 20.4595978856086731
0 2 4 0 2 7 1 2 7 17 9 2 0 2 7 0 2 7 0 2 7 1 2 7 5 31 3 13 6 3 12 16 2 0 2 7 0 2 7 5 30 3 1 2 7 17 18 2 0 2 7 1 2 7 6 2 4 12 16 2 0 20.3487167954444885
0 2 7 1 2 7 0 2 7 0 2 7 0 2 4 17 9 2 0 2 7 5 31 3 0 2 7 1 2 7 12 16 2 0 2 7 0 2 7 0 2 4 0 2 7 6 2 7 5 31 3 1 2 7 16 6 2 1 2 7 0 20.4595978856086731
0 2 7 1 2 7 17 18 2 0 2 7 0 2 7 0 2 7 1 2 7 5 30 3 0 2 3 1 2 7 0 2 7 5 31 3 0 2 4 1 2 7 0 2 3 1 2 4 0 2 7 1 2 7 17 18 2 0 2 7 0 20.5684669017791748

Current Evaluation = 2700(2700)
Front Size = 10
0 2 7 1 2 7 0 2 7 1 2 7 17 9 2 5 30 3 5 31 3 1 2 7 0 2 7 0 2 7 0 2 7 13 6 3 0 2 7 0 2 7 0 2 7 1 2 7 12 16 2 17 9 2 0 2 7 1 2 7 0 20.2646257877349854
0 2 4 0 2 7 1 2 7 0 2 7 0 2 7 0 2 7 1 2 7 13 6 3 12 16 2 0 2 7 5 30 3 1 2 7 1 2 7 12 16 2 17 9 2 0 2 4 5 31 3 0 2 7 17 18 2 6 2 7 0 20.3487167954444885
12 16 2 5 30 3 0 2 7 0 2 7 0 2 10 0 2 11 0 2 7 1 2 3 1 2 4 0 2 3 0 2 7 1 2 7 0 2 4 16 30 2 0 2 7 5 31 3 1 2 7 1 2 7 17 9 2 0 2 3 0 20.8012490272521973
1 2 7 1 2 7 0 2 7 0 2 7 0 2 7 17 9 2 0 2 7 5 31 3 0 2 7 0 2 7 0 2 7 0 2 7 6 2 7 1 2 4 12 16 2 0 2 7 5 31 3 1 2 4 16 6 2 0 2 7 0 20.4595978856086731
5 30 3 0 2 3 1 2 3 1 2 7 0 2 3 1 2 3 0 2 7 1 2 7 0 2 3 1 2 7 0 2 7 16 6 2 0 2 3 0 2 7 0 2 7 0 2 3 0 2 3 5 30 3 12 16 2 16 31 2 0 20.9838578701019287
0 2 4 0 2 7 1 2 7 0 2 7 0 2 7 0 2 7 1 2 7 13 6 3 12 16 2 0 2 7 5 30 3 1 2 7 1 2 7 12 16 2 17 9 2 0 2 4 16 31 2 0 2 3 12 16 2 5 30 3 0 20.4516056776046753
0 2 7 1 2 7 0 2 7 1 2 7 17 9 2 5 30 3 5 31 3 1 2 7 0 2 7 17 9 2 0 2 7 0 2 7 13 6 3 0 2 7 12 16 2 0 2 7 0 2 4 6 2 7 1 2 4 12 16 2 0 20.3487167954444885
16 30 2 0 2 7 0 2 7 0 2 7 0 2 3 0 2 7 5 30 3 0 2 7 0 2 7 12 16 2 0 2 4 12 16 2 1 2 7 17 18 2 1 2 7 13 6 3 5 31 3 12 16 2 1 2 4 1 2 7 0 20.4516057968139648
0 2 3 1 2 7 0 2 4 0 2 7 0 2 7 15 2 11 5 31 3 0 2 7 1 2 7 0 2 7 17 9 2 1 2 7 0 2 7 0 2 4 12 16 2 0 2 7 5 30 3 0 2 7 16 6 2 1 2 7 0 20.6338227987289429
0 2 7 0 2 7 6 2 4 0 2 7 0 2 7 17 9 2 1 2 7 5 31 3 0 2 7 1 2 7 12 16 2 0 2 7 0 2 4 5 31 3 0 2 7 1 2 7 12 16 2 16 24 2 1 2 7 0 2 7 0 20.6492308974266052

Current Evaluation = 2880(2880)
Front Size = 10
1 2 7 0 2 7 0 2 7 13 6 3 12 16 2 0 2 7 5 30 3 1 2 7 17 9 2 5 31 3 0 2 7 0 2 7 0 2 7 1 2 7 1 2 7 0 2 7 0 2 7 0 2 7 1 2 7 17 9 2 0 20.2646257877349854
12 16 2 5 30 3 0 2 7 0 2 7 0 2 10 0 2 11 0 2 7 1 2 3 1 2 4 0 2 3 0 2 7 1 2 7 0 2 4 16 30 2 0 2 7 5 31 3 1 2 7 1 2 7 17 9 2 0 2 3 0 20.8012490272521973
0 2 4 0 2 7 1 2 7 0 2 7 0 2 7 0 2 7 1 2 7 13 6 3 12 16 2 0 2 7 5 30 3 1 2 7 1 2 7 12 16 2 17 9 2 0 2 4 16 31 2 0 2 3 12 16 2 5 30 3 0 20.4516056776046753
1 2 7 1 2 7 0 2 7 0 2 7 0 2 7 17 9 2 0 2 7 5 31 3 0 2 7 0 2 7 0 2 7 0 2 7 6 2 7 1 2 4 12 16 2 0 2 7 5 31 3 1 2 4 16 6 2 0 2 7 0 20.4595978856086731
5 30 3 0 2 3 1 2 3 1 2 7 0 2 3 1 2 3 0 2 7 1 2 7 0 2 3 1 2 7 0 2 7 16 6 2 0 2 3 0 2 7 0 2 7 0 2 3 0 2 3 5 30 3 12 16 2 16 31 2 0 20.9838578701019287
0 2 4 0 2 7 6 2 7 0 2 7 0 2 7 0 2 7 1 2 7 13 6 3 12 16 2 0 2 7 5 30 3 1 2 7 12 16 2 17 9 2 5 31 3 0 2 7 1 2 7 1 2 4 0 2 7 17 18 2 0 20.3487167954444885
0 2 7 0 2 7 1 2 7 0 2 7 0 2 7 17 9 2 1 2 7 5 31 3 0 2 4 1 2 7 0 2 7 1 2 7 12 16 2 5 31 3 0 2 7 16 6 2 0 2 7 0 2 4 6 2 7 0 2 7 0 20.4595978856086731
0 2 7 1 2 7 0 2 7 0 2 7 0 2 7 1 2 4 0 2 7 1 2 7 1 2 3 0 2 7 17 18 2 5 30 3 0 2 7 5 31 3 17 18 2 1 2 7 0 2 7 1 2 4 0 2 3 0 2 7 0 20.5684669017791748
0 2 4 1 2 7 0 2 7 0 2 4 0 2 7 6 2 7 13 6 3 12 16 2 0 2 7 5 30 3 1 2 7 17 9 2 5 31 3 0 2 7 0 2 7 0 2 7 12 16 2 1 2 7 1 2 7 17 9 2 0 20.3487167954444885
0 2 7 0 2 7 8 9 2 5 31 3 1 2 11 1 2 7 0 2 7 1 2 11 16 6 2 17 9 2 0 2 7 0 2 7 5 30 3 0 2 7 0 2 7 12 16 2 0 2 7 0 2 7 1 2 7 1 2 7 0 20.6754786968231201

Current Evaluation = 3060(3060)
Front Size = 10
0 2 7 0 2 7 5 31 3 1 2 7 0 2 7 0 2 7 0 2 7 5 30 3 0 2 7 0 2 7 0 2 7 1 2 7 12 16 2 17 18 2 17 9 2 13 6 3 0 2 7 1 2 7 1 2 7 1 2 7 0 20.2646257877349854
5 30 3 0 2 3 1 2 3 1 2 7 0 2 3 1 2 3 0 2 7 1 2 7 0 2 3 1 2 7 0 2 7 16 6 2 0 2 3 0 2 7 0 2 7 0 2 3 0 2 3 5 30 3 12 16 2 16 31 2 0 20.9838578701019287
0 2 4 0 2 7 1 2 7 0 2 7 0 2 7 0 2 7 1 2 7 13 6 3 12 16 2 0 2 7 5 30 3 1 2 7 1 2 7 12 16 2 17 9 2 0 2 4 16 31 2 0 2 3 12 16 2 5 30 3 0 20.4516056776046753
0 2 7 0 2 7 0 2 7 0 2 7 1 2 7 12 16 2 5 30 3 6 2 7 1 2 4 0 2 7 13 6 3 0 2 7 12 16 2 17 9 2 5 31 3 1 2 7 17 9 2 1 2 7 0 2 4 0 2 7 0 20.3487167954444885
1 2 7 0 2 7 0 2 7 0 2 7 1 2 4 17 9 2 0 2 7 0 2 7 6 2 7 0 2 7 1 2 4 0 2 7 1 2 7 12 16 2 0 2 7 5 31 3 13 6 3 12 16 2 17 18 2 5 30 3 0 20.3487167954444885
0 2 7 5 31 3 0 2 7 0 2 7 17 9 2 0 2 7 0 2 7 5 30 3 12 16 2 1 2 7 1 2 7 1 2 4 13 6 3 0 2 7 0 2 7 1 2 7 12 16 2 0 2 7 17 9 2 6 2 4 0 20.3487167954444885
0 2 7 6 2 4 0 2 7 0 2 7 1 2 4 17 9 2 0 2 7 5 31 3 0 2 7 0 2 7 0 2 7 0 2 7 1 2 7 1 2 7 12 16 2 1 2 7 5 31 3 16 6 2 0 2 7 0 2 7 0 20.4595978856086731
0 2 4 0 2 7 6 2 7 0 2 7 0 2 7 0 2 7 1 2 7 13 6 3 12 16 2 0 2 7 5 30 3 1 2 7 12 16 2 17 9 2 5 31 3 0 2 7 1 2 7 17 9 2 1 2 7 0 2 4 0 20.3487167954444885
0 2 7 5 31 3 0 2 4 1 2 3 0 2 7 0 2 4 5 30 3 1 2 7 0 2 7 1 2 3 0 2 7 0 2 7 1 2 7 1 2 7 0 2 7 0 2 7 17 18 2 0 2 7 1 2 7 17 18 2 0 20.5684669017791748
0 2 7 1 2 7 0 2 7 0 2 7 0 2 7 1 2 4 0 2 7 1 2 7 1 2 3 0 2 7 17 18 2 5 30 3 0 2 7 5 31 3 17 18 2 1 2 7 0 2 7 1 2 4 0 2 3 0 2 7 0 20.5684669017791748

Current Evaluation = 3240(3240)
Front Size = 10
1 2 7 5 31 3 0 2 7 17 9 2 1 2 7 0 2 7 5 30 3 12 16 2 0 2 7 13 6 3 0 2 7 0 2 7 0 2 7 0 2 7 0 2 7 0 2 7 1 2 7 1 2 7 1 2 7 17 18 2 0 20.2646257877349854
1 2 7 0 2 7 17 9 2 0 2 7 1 2 7 0 2 7 1 2 7 1 2 7 5 31 3 13 6 3 12 16 2 5 30 3 0 2 7 0 2 7 0 2 7 0 2 7 1 2 7 0 2 7 17 9 2 0 2 7 0 20.2646257877349854
0 2 7 0 2 7 17 9 2 6 2 7 0 2 7 1 2 7 0 2 7 1 2 7 1 2 7 5 31 3 13 6 3 12 16 2 5 30 3 0 2 7 0 2 7 17 18 2 12 16 2 1 2 4 0 2 4 0 2 7 0 20.3487167954444885
5 30 3 0 2 3 1 2 3 1 2 7 0 2 3 1 2 3 0 2 7 1 2 7 0 2 3 1 2 7 0 2 7 16 6 2 0 2 3 0 2 7 0 2 7 0 2 3 0 2 3 5 30 3 12 16 2 16 31 2 0 20.9838578701019287
1 2 7 5 31 3 0 2 7 17 9 2 1 2 4 0 2 7 5 30 3 12 16 2 0 2 7 13 6 3 0 2 7 0 2 7 1 2 7 0 2 7 0 2 7 1 2 7 17 9 2 12 16 2 0 2 7 6 2 4 0 20.3487167954444885
0 2 4 0 2 7 1 2 7 0 2 7 0 2 7 0 2 7 1 2 7 13 6 3 12 16 2 0 2 7 5 30 3 1 2 7 1 2 7 12 16 2 17 9 2 0 2 4 16 31 2 0 2 3 12 16 2 5 30 3 0 20.4516056776046753
0 2 7 6 2 4 0 2 7 0 2 7 1 2 4 17 9 2 0 2 7 5 31 3 0 2 7 0 2 7 0 2 7 0 2 7 1 2 7 1 2 7 12 16 2 1 2 7 5 31 3 16 6 2 0 2 7 0 2 7 0 20.4595978856086731
0 2 7 0 2 7 17 9 2 0 2 7 0 2 7 1 2 7 0 2 7 1 2 7 12 16 2 5 31 3 13 6 3 5 30 3 1 2 7 0 2 7 0 2 4 17 18 2 0 2 7 12 16 2 1 2 7 6 2 4 0 20.3487167954444885
0 2 7 1 2 7 0 2 7 0 2 7 0 2 7 1 2 7 13 6 3 12 16 2 0 2 7 5 30 3 1 2 4 12 16 2 17 9 2 0 2 4 1 2 7 0 2 3 16 31 2 0 2 7 12 16 2 5 30 3 0 20.4516056776046753
1 2 7 0 2 7 17 9 2 1 2 7 0 2 7 5 30 3 12 16 2 0 2 7 13 6 3 0 2 7 0 2 7 1 2 7 1 2 7 16 31 2 0 2 7 12 16 2 0 2 4 0 2 7 1 2 7 0 2 3 0.00686875535891303714 20.062612771987915

Current Evaluation = 3420(3420)
Front Size = 10
17 9 2 1 2 7 0 2 7 5 30 3 13 6 3 12 16 2 5 31 3 0 2 7 0 2 7 0 2 7 0 2 7 0 2 7 0 2 7 0 2 7 1 2 7 1 2 7 1 2 7 0 2 7 17 9 2 1 2 7 0 20.2646257877349854
17 9 2 1 2 7 1 2 7 5 30 3 13 6 3 12 16 2 5 31 3 0 2 7 1 2 7 0 2 7 0 2 7 1 2 7 0 2 7 0 2 7 1 2 7 0 2 7 0 2 7 0 2 7 17 18 2 0 2 7 0 20.2646257877349854
0 2 4 17 9 2 1 2 7 1 2 7 6 2 7 5 30 3 13 6 3 12 16 2 5 31 3 0 2 7 0 2 7 0 2 7 0 2 7 1 2 7 0 2 7 0 2 7 0 2 4 17 9 2 1 2 7 12 16 2 0 20.3487167954444885
0 2 7 6 2 7 1 2 4 12 16 2 5 30 3 1 2 7 0 2 7 1 2 11 0 2 7 12 16 2 0 2 7 0 2 7 12 16 2 13 6 3 0 2 3 17 9 2 5 31 3 0 2 7 16 30 2 0 2 7 0 20.5474987626075745
1 2 7 1 2 7 1 2 3 0 2 7 5 30 3 0 2 3 0 2 7 0 2 6 0 2 7 1 2 7 0 2 3 12 16 2 16 31 2 0 2 7 0 2 7 5 30 3 0 2 7 17 18 2 0 2 7 1 2 4 0 20.7876487970352173
0 2 7 6 2 4 0 2 7 0 2 7 1 2 4 17 9 2 0 2 7 5 31 3 0 2 7 0 2 7 0 2 7 0 2 7 1 2 7 1 2 7 12 16 2 1 2 7 5 31 3 16 6 2 0 2 7 0 2 7 0 20.4595978856086731
0 2 7 5 31 3 0 2 7 5 30 3 1 2 10 0 2 7 1 2 7 12 16 2 1 2 7 0 2 7 0 2 7 0 2 7 1 2 7 17 9 2 0 2 7 0 2 7 0 2 4 16 6 2 12 16 2 8 18 2 0 20.7286287546157837
1 2 7 17 9 2 1 2 7 1 2 7 0 2 7 13 6 3 12 16 2 5 30 3 0 2 7 0 2 7 0 2 7 0 2 7 12 16 2 0 2 4 1 2 7 0 2 4 12 16 2 5 30 3 16 31 2 0 2 3 0 20.4516056776046753
0 2 7 1 2 7 1 2 7 0 2 7 1 2 7 6 2 7 0 2 7 1 2 7 0 2 7 5 31 3 5 31 3 0 2 7 17 9 2 0 2 4 0 2 7 16 6 2 0 2 7 0 2 4 0 2 7 12 16 2 0 20.4595978856086731
0 2 7 0 2 7 1 2 7 12 16 2 5 31 3 1 2 7 0 2 7 0 2 4 0 2 7 12 16 2 8 9 2 0 2 7 12 16 2 16 6 2 0 2 7 5 31 3 1 2 7 0 2 7 16 6 2 0 2 7 0 20.7894667387008667

Current Evaluation = 3600(3600)
Front Size = 10
17 18 2 0 2 7 1 2 7 0 2 7 1 2 7 0 2 7 0 2 7 0 2 7 5 31 3 5 30 3 0 2 7 12 16 2 13 6 3 0 2 7 0 2 7 0 2 7 1 2 7 1 2 7 1 2 7 17 18 2 0 20.2646257877349854
17 18 2 0 2 7 1 2 7 0 2 7 1 2 7 0 2 7 0 2 7 0 2 7 5 31 3 5 30 3 0 2 7 0 2 7 13 6 3 0 2 7 0 2 7 12 16 2 1 2 7 1 2 7 17 9 2 1 2 7 0 20.2646257877349854
1 2 7 17 9 2 1 2 7 5 30 3 0 2 7 13 6 3 1 2 7 5 31 3 0 2 7 0 2 7 12 16 2 0 2 7 0 2 7 1 2 7 0 2 7 0 2 7 0 2 7 17 9 2 1 2 7 0 2 7 0 20.2646257877349854
17 18 2 1 2 7 1 2 7 0 2 7 1 2 7 17 18 2 0 2 7 0 2 7 0 2 7 5 31 3 5 30 3 0 2 7 12 16 2 13 6 3 0 2 7 0 2 7 6 2 7 0 2 4 1 2 4 12 16 2 0 20.3487167954444885
0 2 4 17 9 2 1 2 7 1 2 7 6 2 7 5 30 3 13 6 3 12 16 2 5 31 3 0 2 7 0 2 7 0 2 7 0 2 7 1 2 7 0 2 7 0 2 7 0 2 4 17 9 2 1 2 7 12 16 2 0 20.3487167954444885
1 2 3 0 2 7 0 2 3 0 2 7 0 2 7 0 2 3 0 2 4 12 16 2 1 2 3 1 2 7 0 2 7 12 16 2 0 2 3 0 2 3 16 24 2 0 2 4 5 30 3 16 6 2 5 31 3 0 2 3 0 21.2099719047546387
12 16 2 17 9 2 6 2 7 5 30 3 0 2 7 13 6 3 1 2 4 5 31 3 0 2 7 0 2 7 12 16 2 0 2 7 1 2 7 1 2 7 17 18 2 1 2 4 0 2 7 0 2 7 0 2 7 0 2 7 0 20.3487167954444885
1 2 7 17 9 2 1 2 7 1 2 7 0 2 7 13 6 3 12 16 2 5 30 3 0 2 7 0 2 7 0 2 7 0 2 7 12 16 2 0 2 4 1 2 7 0 2 4 12 16 2 5 30 3 16 31 2 0 2 3 0 20.4516056776046753
0 2 7 0 2 7 0 2 7 12 16 2 1 2 7 0 2 7 12 16 2 5 31 3 1 2 4 0 2 7 12 16 2 0 2 7 1 2 7 0 2 7 0 2 7 5 31 3 16 6 2 8 9 2 16 6 2 0 2 7 0 20.7894667387008667
0 2 7 1 2 7 0 2 7 1 2 7 0 2 7 0 2 7 0 2 7 5 30 3 12 16 2 13 6 3 1 2 7 1 2 7 17 9 2 0 2 3 5 31 3 0 2 4 12 16 2 0 2 7 0 2 7 1 2 7 0.000311096906983985818 20.5949767827987671

MonoObjective Genetic Algorithm
Number of Evaluations = 0
Mutation Probability = 0
Crossover Probability = 1
Population Size = 10
Survival Selection Type = 16

Time =  3600.98803901672363

Current Evaluation = 3380
Front Size = 10
17 18 2 0 2 7 1 2 7 0 2 7 1 2 7 0 2 7 0 2 7 0 2 7 5 31 3 5 30 3 0 2 7 12 16 2 13 6 3 0 2 7 0 2 7 0 2 7 1 2 7 1 2 7 1 2 7 17 18 2 0 20.2646257877349854
17 18 2 0 2 7 1 2 7 0 2 7 1 2 7 0 2 7 0 2 7 0 2 7 5 31 3 5 30 3 0 2 7 0 2 7 13 6 3 0 2 7 0 2 7 12 16 2 1 2 7 1 2 7 17 9 2 1 2 7 0 20.2646257877349854
1 2 7 17 9 2 1 2 7 5 30 3 0 2 7 13 6 3 1 2 7 5 31 3 0 2 7 0 2 7 12 16 2 0 2 7 0 2 7 1 2 7 0 2 7 0 2 7 0 2 7 17 9 2 1 2 7 0 2 7 0 20.2646257877349854
17 18 2 1 2 7 1 2 7 0 2 7 1 2 7 17 18 2 0 2 7 0 2 7 0 2 7 5 31 3 5 30 3 0 2 7 12 16 2 13 6 3 0 2 7 0 2 7 6 2 7 0 2 4 1 2 4 12 16 2 0 20.3487167954444885
0 2 4 17 9 2 1 2 7 1 2 7 6 2 7 5 30 3 13 6 3 12 16 2 5 31 3 0 2 7 0 2 7 0 2 7 0 2 7 1 2 7 0 2 7 0 2 7 0 2 4 17 9 2 1 2 7 12 16 2 0 20.3487167954444885
1 2 3 0 2 7 0 2 3 0 2 7 0 2 7 0 2 3 0 2 4 12 16 2 1 2 3 1 2 7 0 2 7 12 16 2 0 2 3 0 2 3 16 24 2 0 2 4 5 30 3 16 6 2 5 31 3 0 2 3 0 21.2099719047546387
12 16 2 17 9 2 6 2 7 5 30 3 0 2 7 13 6 3 1 2 4 5 31 3 0 2 7 0 2 7 12 16 2 0 2 7 1 2 7 1 2 7 17 18 2 1 2 4 0 2 7 0 2 7 0 2 7 0 2 7 0 20.3487167954444885
1 2 7 17 9 2 1 2 7 1 2 7 0 2 7 13 6 3 12 16 2 5 30 3 0 2 7 0 2 7 0 2 7 0 2 7 12 16 2 0 2 4 1 2 7 0 2 4 12 16 2 5 30 3 16 31 2 0 2 3 0 20.4516056776046753
0 2 7 0 2 7 0 2 7 12 16 2 1 2 7 0 2 7 12 16 2 5 31 3 1 2 4 0 2 7 12 16 2 0 2 7 1 2 7 0 2 7 0 2 7 5 31 3 16 6 2 8 9 2 16 6 2 0 2 7 0 20.7894667387008667
0 2 7 1 2 7 0 2 7 1 2 7 0 2 7 0 2 7 0 2 7 5 30 3 12 16 2 13 6 3 1 2 7 1 2 7 17 9 2 0 2 3 5 31 3 0 2 4 12 16 2 0 2 7 0 2 7 1 2 7 0.000311096906983985818 20.5949767827987671

