Current Evaluation = 180(180)
Front Size = 10
17 18 2 1 2 7 12 16 2 0 2 7 0 2 7 5 30 3 1 2 7 0 2 7 13 6 3 0 2 7 0 2 7 5 31 3 0 2 7 1 2 7 1 2 7 0 2 7 17 9 2 1 2 7 0 2 7 0 2 7 0 20.2646257877349854
5 30 3 5 30 3 0 2 3 0 2 3 0 2 3 12 16 2 0 2 7 1 2 4 0 2 7 16 31 2 1 2 7 0 2 7 0 2 3 16 6 2 1 2 3 1 2 3 0 2 4 0 2 3 0 2 10 12 16 2 0 21.1162078380584717
5 30 3 12 16 2 12 16 2 0 2 11 0 2 3 1 2 7 16 6 2 13 6 3 0 2 7 0 2 7 0 2 7 0 2 7 1 2 4 0 2 7 1 2 7 0 2 7 5 30 3 12 16 2 17 9 2 8 9 2 0 20.6301087141036987
1 2 3 5 30 3 12 16 2 0 2 11 6 2 7 0 2 11 0 2 10 0 2 7 0 2 3 16 30 2 0 2 11 0 2 11 5 31 3 0 2 11 1 2 7 1 2 7 17 9 2 0 2 12 0 2 11 5 30 3 0 21.5897373557090759
12 16 2 8 9 2 5 30 3 16 6 2 0 2 8 0 2 11 5 30 3 0 2 3 0 2 3 0 2 7 0 2 11 0 2 11 0 2 8 16 19 11 0 2 11 0 2 11 0 2 11 0 2 7 5 30 3 12 16 2 0 22.3352601528167725
5 31 3 5 30 3 12 16 2 0 2 7 0 2 7 1 2 3 0 2 4 0 2 7 1 2 11 0 2 3 16 30 2 0 2 7 1 2 3 0 2 7 0 2 7 0 2 7 1 2 10 0 2 4 1 2 7 17 18 2 0 20.8012489080429077
5 31 3 12 16 2 12 16 2 0 2 10 1 2 7 0 2 7 17 9 2 0 2 4 0 2 7 0 2 7 0 2 7 0 2 4 5 31 3 6 2 7 1 2 7 0 2 7 1 2 7 16 6 2 0 2 7 1 2 7 0 20.6613958477973938
5 30 3 5 30 3 0 2 7 12 16 2 0 2 7 0 2 7 0 2 7 0 2 7 16 24 2 0 2 7 12 16 2 1 2 3 0 2 4 1 2 7 16 31 2 12 16 2 1 2 3 0 2 7 0 2 7 8 9 2 0 20.8956457376480103
0 2 11 0 2 8 0 2 8 5 30 3 17 9 2 0 2 8 6 2 8 0 2 8 5 31 3 0 2 13 1 2 7 5 30 3 0 2 7 0 2 8 0 2 7 1 2 12 16 19 12 0 2 8 8 9 2 12 16 2 0 22.5685694217681885
16 19 12 0 2 3 0 2 3 0 2 11 5 30 3 1 2 7 5 30 3 0 2 11 0 2 3 1 2 3 0 2 3 5 30 3 0 2 7 0 2 3 1 2 8 0 2 3 16 19 12 0 2 3 0 2 3 9 2 7 0.000235237575981718928 22.4895180463790894

Current Evaluation = 360(360)
Front Size = 10
17 18 2 1 2 7 12 16 2 0 2 7 0 2 7 5 30 3 1 2 7 0 2 7 13 6 3 0 2 7 0 2 7 5 31 3 0 2 7 1 2 7 1 2 7 0 2 7 17 9 2 1 2 7 0 2 7 0 2 7 0 20.2646257877349854
1 2 3 5 30 3 12 16 2 0 2 11 6 2 7 0 2 11 0 2 10 0 2 7 0 2 3 16 30 2 0 2 11 0 2 11 5 31 3 0 2 11 1 2 7 1 2 7 17 9 2 0 2 12 0 2 11 5 30 3 0 21.5897373557090759
5 30 3 12 16 2 12 16 2 0 2 7 0 2 7 1 2 11 16 6 2 13 6 3 0 2 7 0 2 7 0 2 7 0 2 3 1 2 4 0 2 7 1 2 7 0 2 7 5 30 3 12 16 2 17 9 2 8 9 2 0 20.6301085948944092
5 30 3 5 30 3 0 2 7 1 2 3 0 2 7 1 2 3 1 2 11 1 2 7 0 2 7 0 2 3 1 2 7 17 9 2 0 2 7 16 31 2 0 2 7 0 2 7 0 2 7 0 2 3 0 2 7 1 2 7 0 20.6688988208770752
12 16 2 8 9 2 5 30 3 16 6 2 0 2 8 0 2 11 5 30 3 0 2 3 0 2 3 0 2 7 0 2 11 0 2 11 0 2 8 16 19 11 0 2 11 0 2 11 0 2 11 0 2 7 5 30 3 12 16 2 0 22.3352601528167725
0 2 3 12 16 2 1 2 7 0 2 3 0 2 3 0 2 3 0 2 3 1 2 7 0 2 3 1 2 3 0 2 7 1 2 7 0 2 7 5 30 3 5 30 3 1 2 7 16 6 2 16 31 2 0 2 3 0 2 7 0 20.9838578701019287
16 19 12 0 2 3 0 2 3 0 2 11 5 30 3 1 2 7 5 30 3 0 2 11 0 2 3 1 2 3 0 2 3 5 30 3 0 2 7 0 2 3 1 2 8 0 2 3 16 19 12 0 2 3 0 2 3 9 2 7 0.000235237575981718928 22.4895180463790894
0 2 7 12 16 2 1 2 3 0 2 7 0 2 7 6 2 4 5 31 3 16 6 2 1 2 3 0 2 7 0 2 3 16 6 2 0 2 7 5 31 3 0 2 7 0 2 7 1 2 7 0 2 3 0 2 7 12 16 2 0 20.8941568732261658
5 30 3 12 16 2 0 2 7 0 2 7 5 30 3 1 2 7 8 9 2 0 2 7 0 2 7 0 2 3 0 2 3 1 2 3 16 15 2 0 2 7 0 2 3 0 2 7 1 2 7 17 18 2 0 2 4 6 2 3 0 21.0455847978591919
0 2 11 5 30 3 0 2 7 5 31 3 0 2 7 0 2 7 0 2 7 0 2 10 0 2 7 6 2 7 0 2 11 12 16 2 5 30 3 17 9 2 1 2 11 0 2 7 16 19 11 0 2 7 1 2 7 0 2 7 0 21.449715793132782

Current Evaluation = 540(540)
Front Size = 10
0 2 7 0 2 7 17 18 2 0 2 7 0 2 7 1 2 7 12 16 2 5 30 3 1 2 7 17 9 2 1 2 7 1 2 7 1 2 7 0 2 7 13 6 3 5 31 3 0 2 7 0 2 7 0 2 7 0 2 7 0 20.2646257877349854
12 16 2 8 9 2 5 30 3 16 6 2 0 2 8 0 2 11 5 30 3 0 2 3 0 2 3 0 2 7 0 2 11 0 2 11 0 2 8 16 19 11 0 2 11 0 2 11 0 2 11 0 2 7 5 30 3 12 16 2 0 22.3352601528167725
0 2 4 12 16 2 0 2 7 1 2 3 16 6 2 0 2 4 1 2 7 1 2 7 0 2 4 1 2 11 0 2 4 12 16 2 12 16 2 0 2 3 0 2 4 13 6 3 17 18 2 5 31 3 12 16 2 12 16 2 0 20.7315356731414795
1 2 7 1 2 4 1 2 7 0 2 7 12 16 2 12 16 2 5 31 3 13 6 3 0 2 4 0 2 7 16 30 2 0 2 7 0 2 7 0 2 7 0 2 7 0 2 7 17 18 2 1 2 3 5 30 3 12 16 2 0 20.4516057968139648
0 2 3 12 16 2 1 2 7 0 2 3 0 2 3 0 2 3 0 2 3 1 2 7 0 2 3 1 2 3 0 2 7 1 2 7 0 2 7 5 30 3 5 30 3 1 2 7 16 6 2 16 31 2 0 2 3 0 2 7 0 20.9838578701019287
0 2 7 1 2 7 0 2 4 0 2 4 1 2 7 5 31 3 0 2 7 17 9 2 1 2 7 1 2 7 0 2 4 0 2 11 17 9 2 5 30 3 0 2 7 1 2 11 0 2 10 1 2 7 0 2 7 0 2 7 0 20.6016669273376465
1 2 3 5 30 3 12 16 2 0 2 11 6 2 7 0 2 11 0 2 10 0 2 7 0 2 3 16 30 2 0 2 11 0 2 11 5 31 3 0 2 11 1 2 7 1 2 7 17 9 2 0 2 12 0 2 11 5 30 3 0 21.5897373557090759
5 30 3 5 30 3 0 2 7 1 2 3 0 2 7 1 2 3 1 2 11 1 2 7 0 2 7 0 2 3 1 2 7 17 9 2 0 2 7 16 31 2 0 2 7 0 2 7 0 2 7 0 2 3 0 2 7 1 2 7 0 20.6688988208770752
5 30 3 12 16 2 12 16 2 6 2 7 0 2 7 0 2 3 16 31 2 13 6 3 0 2 11 0 2 7 0 2 7 0 2 7 1 2 4 0 2 7 1 2 7 0 2 7 5 30 3 12 16 2 17 9 2 1 2 7 0 20.5474987626075745
0 2 7 12 16 2 1 2 3 0 2 7 0 2 7 6 2 4 5 31 3 16 6 2 1 2 3 0 2 7 0 2 3 16 6 2 0 2 7 5 31 3 0 2 7 0 2 7 1 2 7 0 2 3 0 2 7 12 16 2 0 20.8941568732261658

Current Evaluation = 720(720)
Front Size = 10
0 2 7 1 2 7 1 2 7 5 31 3 0 2 7 17 9 2 1 2 7 1 2 7 17 9 2 5 30 3 0 2 7 1 2 7 0 2 7 0 2 7 0 2 7 13 6 3 0 2 7 0 2 7 12 16 2 0 2 7 0 20.2646257877349854
5 30 3 12 16 2 12 16 2 1 2 7 1 2 4 0 2 7 16 31 2 13 6 3 0 2 7 0 2 7 1 2 3 0 2 4 0 2 7 0 2 7 1 2 7 0 2 7 5 30 3 12 16 2 17 9 2 0 2 7 0 20.4516056776046753
1 2 3 5 30 3 12 16 2 0 2 11 6 2 7 0 2 11 0 2 10 0 2 7 0 2 3 16 30 2 0 2 11 0 2 11 5 31 3 0 2 11 1 2 7 1 2 7 17 9 2 0 2 12 0 2 11 5 30 3 0 21.5897373557090759
0 2 7 0 2 7 0 2 7 5 31 3 12 16 2 5 30 3 0 2 7 16 30 2 6 2 7 1 2 7 0 2 7 12 16 2 17 18 2 12 16 2 1 2 4 0 2 7 1 2 7 0 2 3 13 6 3 0 2 11 0 20.547498881816864
0 2 7 1 2 7 0 2 4 0 2 4 1 2 7 5 31 3 0 2 7 17 9 2 1 2 7 1 2 7 0 2 4 0 2 11 17 9 2 5 30 3 0 2 7 1 2 11 0 2 10 1 2 7 0 2 7 0 2 7 0 20.6016669273376465
0 2 4 12 16 2 0 2 7 1 2 3 16 6 2 0 2 4 1 2 7 1 2 7 0 2 4 1 2 11 0 2 4 12 16 2 12 16 2 0 2 3 0 2 4 13 6 3 17 18 2 5 31 3 12 16 2 12 16 2 0 20.7315356731414795
5 30 3 5 31 3 0 2 3 0 2 7 1 2 3 0 2 7 16 19 11 0 2 8 0 2 7 0 2 3 0 2 7 0 2 7 1 2 8 0 2 3 16 6 2 0 2 7 0 2 8 12 16 2 1 2 3 5 30 3 0 21.8794318437576294
1 2 7 1 2 7 0 2 7 5 31 3 12 16 2 12 16 2 1 2 7 16 6 2 1 2 7 0 2 7 0 2 3 0 2 7 0 2 7 0 2 7 0 2 7 0 2 7 0 2 3 5 31 3 16 30 2 0 2 7 0 20.7024868726730347
12 16 2 0 2 3 0 2 3 16 30 2 1 2 7 0 2 11 1 2 7 0 2 7 5 30 3 0 2 3 5 31 3 0 2 7 12 16 2 0 2 3 0 2 7 13 6 3 1 2 7 16 30 2 12 16 2 12 16 2 0 20.8703879117965698
12 16 2 5 31 3 0 2 7 12 16 2 0 2 3 0 2 7 0 2 3 1 2 7 0 2 7 1 2 7 0 2 4 1 2 3 0 2 7 16 6 2 1 2 11 0 2 3 16 9 11 0 2 3 5 30 3 0 2 3 0 21.3884018063545227

Current Evaluation = 900(900)
Front Size = 10
0 2 7 0 2 7 12 16 2 0 2 7 13 6 3 0 2 7 1 2 7 1 2 7 5 30 3 1 2 7 0 2 7 0 2 7 17 9 2 0 2 7 1 2 7 0 2 7 0 2 7 17 18 2 5 31 3 1 2 7 0 20.2646257877349854
0 2 4 12 16 2 17 9 2 1 2 7 12 16 2 1 2 4 13 6 3 12 16 2 0 2 7 17 9 2 1 2 4 0 2 7 8 18 2 1 2 4 0 2 7 0 2 7 0 2 1 12 16 2 0 2 7 5 30 3 0 20.6559027433395386
0 2 4 12 16 2 12 16 2 0 2 7 13 6 3 12 16 2 0 2 7 6 2 7 1 2 7 5 30 3 0 2 7 0 2 7 0 2 3 0 2 7 17 9 2 0 2 7 1 2 7 16 30 2 5 31 3 1 2 11 0 20.5474987626075745
1 2 3 5 30 3 12 16 2 0 2 11 6 2 7 0 2 11 0 2 10 0 2 7 0 2 3 16 30 2 0 2 11 0 2 11 5 31 3 0 2 11 1 2 7 1 2 7 17 9 2 0 2 12 0 2 11 5 30 3 0 21.5897373557090759
1 2 4 1 2 7 0 2 4 5 31 3 0 2 7 17 9 2 0 2 7 0 2 7 17 9 2 5 30 3 0 2 4 1 2 7 0 2 7 1 2 10 1 2 11 0 2 7 1 2 11 0 2 7 0 2 7 0 2 7 0 20.6016668081283569
0 2 4 12 16 2 17 9 2 1 2 7 12 16 2 1 2 7 13 6 3 12 16 2 0 2 4 17 18 2 0 2 4 1 2 7 1 2 7 1 2 1 0 2 4 0 2 7 0 2 4 12 16 2 0 2 7 5 31 3 0 20.6123768091201782
12 16 2 0 2 3 0 2 3 16 30 2 1 2 7 0 2 11 1 2 7 0 2 7 5 30 3 0 2 3 5 31 3 0 2 7 12 16 2 0 2 3 0 2 7 13 6 3 1 2 7 16 30 2 12 16 2 12 16 2 0 20.8703879117965698
12 16 2 5 31 3 0 2 7 12 16 2 0 2 3 0 2 7 0 2 3 1 2 7 0 2 7 1 2 7 0 2 4 1 2 3 0 2 7 16 6 2 1 2 11 0 2 3 16 9 11 0 2 3 5 30 3 0 2 3 0 21.3884018063545227
0 2 4 12 16 2 0 2 7 1 2 3 16 6 2 0 2 4 1 2 7 1 2 7 0 2 4 1 2 11 0 2 4 12 16 2 12 16 2 0 2 3 0 2 4 13 6 3 17 18 2 5 31 3 12 16 2 12 16 2 0 20.7315356731414795
0 2 7 0 2 1 5 30 3 0 2 7 0 2 7 1 2 7 0 2 7 1 2 7 17 9 2 0 2 7 17 18 2 8 9 2 5 30 3 0 2 7 1 2 7 12 16 2 12 16 2 1 2 7 13 6 3 0 2 11 0 20.7305498123168945

Current Evaluation = 1080(1080)
Front Size = 10
1 2 7 5 31 3 0 2 7 17 9 2 0 2 7 0 2 7 5 30 3 1 2 7 0 2 7 0 2 7 0 2 7 0 2 7 0 2 7 1 2 7 0 2 7 17 9 2 12 16 2 1 2 7 1 2 7 13 6 3 0 20.2646257877349854
5 30 3 0 2 4 0 2 7 0 2 7 0 2 7 1 2 7 0 2 7 0 2 7 12 16 2 17 18 2 13 6 3 1 2 7 1 2 7 12 16 2 16 31 2 1 2 7 0 2 4 5 30 3 12 16 2 0 2 3 0 20.4516056776046753
0 2 4 12 16 2 17 9 2 1 2 7 12 16 2 1 2 4 13 6 3 12 16 2 0 2 7 17 9 2 1 2 4 0 2 7 8 18 2 1 2 4 0 2 7 0 2 7 0 2 1 12 16 2 0 2 7 5 30 3 0 20.6559027433395386
1 2 4 1 2 7 0 2 4 5 31 3 0 2 7 17 9 2 0 2 7 0 2 7 17 9 2 5 30 3 0 2 4 1 2 7 0 2 7 1 2 10 1 2 11 0 2 7 1 2 11 0 2 7 0 2 7 0 2 7 0 20.6016668081283569
0 2 7 17 9 2 5 30 3 12 16 2 0 2 7 0 2 7 1 2 12 0 2 7 0 2 7 5 31 3 0 2 11 0 2 7 13 6 3 0 2 7 1 2 12 6 2 7 17 18 2 1 2 7 0 2 12 5 30 3 0 20.9407139420509338
12 16 2 1 2 7 8 18 2 0 2 7 5 30 3 5 30 3 0 2 7 1 2 4 13 6 3 0 2 7 0 2 3 1 2 11 16 6 2 17 18 2 0 2 7 12 16 2 0 2 7 0 2 7 12 16 2 0 2 7 0 20.6301085948944092
12 16 2 0 2 7 0 2 11 16 31 2 1 2 3 0 2 3 1 2 7 0 2 7 5 30 3 0 2 3 5 30 3 0 2 7 12 16 2 0 2 3 0 2 7 13 6 3 1 2 7 16 30 2 12 16 2 12 16 2 0 20.8703877925872803
5 31 3 5 30 3 0 2 4 0 2 7 0 2 7 0 2 7 1 2 7 0 2 7 0 2 7 6 2 7 12 16 2 0 2 7 0 2 7 17 18 2 17 9 2 13 6 3 1 2 7 1 2 4 1 2 7 12 16 2 0 20.3487167954444885
0 2 7 0 2 7 12 16 2 0 2 7 13 6 3 0 2 7 0 2 7 1 2 7 5 30 3 1 2 11 0 2 11 0 2 4 1 2 10 1 2 7 17 18 2 0 2 6 0 2 4 17 9 2 12 16 2 5 30 3 0 20.7158967256546021
1 2 3 5 30 3 12 16 2 0 2 11 6 2 7 0 2 11 0 2 10 0 2 7 0 2 3 16 30 2 0 2 11 0 2 11 5 31 3 0 2 11 1 2 7 1 2 7 17 9 2 0 2 12 0 2 11 5 30 3 0 21.5897373557090759

Current Evaluation = 1260(1260)
Front Size = 10
5 31 3 0 2 7 0 2 7 1 2 7 0 2 7 0 2 7 1 2 7 0 2 7 0 2 7 0 2 7 5 30 3 1 2 7 17 9 2 1 2 7 17 9 2 1 2 7 13 6 3 12 16 2 0 2 7 0 2 7 0 20.2646257877349854
0 2 4 0 2 7 12 16 2 0 2 7 13 6 3 1 2 7 12 16 2 13 6 3 5 30 3 1 2 11 0 2 7 1 2 11 17 9 2 12 16 2 12 16 2 0 2 7 17 18 2 1 2 7 0 2 7 0 2 7 0 20.3046585321426392
0 2 7 0 2 4 0 2 7 0 2 7 0 2 7 0 2 7 12 16 2 13 6 3 1 2 7 12 16 2 12 16 2 5 30 3 0 2 7 17 18 2 1 2 7 16 31 2 1 2 7 0 2 4 5 30 3 1 2 3 0 20.4516056776046753
1 2 7 0 2 7 0 2 7 0 2 10 0 2 10 0 2 7 0 2 7 17 9 2 5 30 3 0 2 7 5 31 3 1 2 4 1 2 7 1 2 4 1 2 7 0 2 7 1 2 3 0 2 7 17 18 2 0 2 7 0 20.5764669179916382
1 2 4 1 2 7 0 2 4 5 31 3 0 2 7 17 9 2 0 2 7 0 2 7 17 9 2 5 30 3 0 2 4 1 2 7 0 2 7 1 2 10 1 2 11 0 2 7 1 2 11 0 2 7 0 2 7 0 2 7 0 20.6016668081283569
1 2 7 12 16 2 1 2 7 12 16 2 1 2 4 13 6 3 12 16 2 0 2 1 0 2 4 0 2 4 0 2 7 0 2 7 5 30 3 17 9 2 17 9 2 1 2 7 8 9 2 0 2 4 0 2 7 12 16 2 0 20.6559027433395386
0 2 3 0 2 7 0 2 4 0 2 7 12 16 2 13 6 3 0 2 7 12 16 2 12 16 2 5 30 3 0 2 7 1 2 4 1 2 7 0 2 7 5 31 3 1 2 7 1 2 7 16 30 2 0 2 7 17 9 2 0 20.4516057968139648
15 2 11 17 9 2 5 30 3 12 16 2 0 2 7 0 2 7 0 2 7 0 2 7 0 2 11 13 6 3 17 18 2 1 2 7 1 2 11 5 30 3 0 2 11 0 2 4 1 2 7 12 16 2 0 2 11 6 2 7 0 20.8176348805427551
1 2 7 1 2 7 0 2 10 5 31 3 0 2 7 17 9 2 0 2 3 0 2 4 17 9 2 5 30 3 0 2 4 1 2 7 0 2 7 1 2 10 1 2 7 0 2 7 1 2 7 0 2 7 0 2 7 0 2 7 0 20.5764669179916382
0 2 4 12 16 2 17 9 2 1 2 7 12 16 2 1 2 4 13 6 3 12 16 2 0 2 7 17 9 2 1 2 4 0 2 7 8 18 2 1 2 4 0 2 7 0 2 7 0 2 1 12 16 2 0 2 7 5 30 3 0 20.6559027433395386

Current Evaluation = 1440(1440)
Front Size = 10
12 16 2 0 2 7 0 2 7 0 2 7 0 2 7 1 2 7 1 2 7 1 2 7 17 18 2 0 2 7 0 2 7 5 30 3 1 2 7 0 2 7 13 6 3 17 18 2 0 2 7 5 31 3 0 2 7 1 2 7 0 20.2646257877349854
0 2 7 12 16 2 1 2 7 12 16 2 0 2 7 12 16 2 1 2 11 0 2 7 0 2 7 1 2 7 5 30 3 13 6 3 17 9 2 12 16 2 13 6 3 0 2 7 0 2 4 17 9 2 0 2 7 1 2 11 0 20.3046585321426392
1 2 7 0 2 7 0 2 7 0 2 7 17 9 2 5 30 3 1 2 4 1 2 7 1 2 7 0 2 10 0 2 10 0 2 7 8 9 2 17 9 2 1 2 4 0 2 4 1 2 3 12 16 2 17 18 2 0 2 7 0.0696005603377566201 20.3640428781509399
15 2 11 17 9 2 5 30 3 12 16 2 0 2 7 0 2 7 0 2 7 0 2 7 0 2 11 13 6 3 17 18 2 1 2 7 1 2 11 5 30 3 0 2 11 0 2 4 1 2 7 12 16 2 0 2 11 6 2 7 0 20.8176348805427551
17 9 2 0 2 7 0 2 7 1 2 7 0 2 4 0 2 7 1 2 7 6 2 7 0 2 7 0 2 4 5 31 3 12 16 2 0 2 7 13 6 3 17 18 2 5 30 3 1 2 7 12 16 2 0 2 7 1 2 7 0 20.3487167954444885
1 2 7 12 16 2 0 2 3 12 16 2 1 2 3 13 6 3 12 16 2 1 2 7 13 6 3 1 2 3 0 2 11 0 2 7 5 30 3 17 9 2 0 2 7 0 2 4 17 9 2 0 2 11 0 2 4 12 16 2 0 20.5846588611602783
1 2 4 1 2 7 0 2 4 5 31 3 0 2 7 17 9 2 0 2 7 0 2 7 17 9 2 5 30 3 0 2 4 1 2 7 0 2 7 1 2 10 1 2 11 0 2 7 1 2 11 0 2 7 0 2 7 0 2 7 0 20.6016668081283569
8 9 2 5 30 3 12 16 2 0 2 7 1 2 7 0 2 3 0 2 7 13 6 3 0 2 7 0 2 7 5 30 3 0 2 7 1 2 11 12 16 2 0 2 7 16 6 2 17 9 2 12 16 2 1 2 4 0 2 7 0 20.6301085948944092
17 9 2 5 30 3 0 2 7 0 2 7 1 2 7 0 2 7 0 2 7 0 2 7 1 2 7 1 2 7 0 2 11 0 2 11 5 31 3 17 9 2 1 2 4 8 9 2 0 2 7 0 2 7 1 2 7 1 2 7 0 20.6409200429916382
1 2 7 12 16 2 1 2 7 12 16 2 1 2 4 13 6 3 12 16 2 0 2 1 0 2 4 0 2 4 0 2 7 0 2 7 5 30 3 17 9 2 17 9 2 1 2 7 8 9 2 0 2 4 0 2 7 12 16 2 0 20.6559027433395386

Current Evaluation = 1620(1620)
Front Size = 10
5 30 3 1 2 7 0 2 7 0 2 7 0 2 7 17 9 2 1 2 7 13 6 3 1 2 7 12 16 2 1 2 7 0 2 7 0 2 7 0 2 7 0 2 7 0 2 7 0 2 7 1 2 7 5 31 3 17 18 2 0 20.2646257877349854
5 31 3 1 2 4 0 2 4 1 2 11 0 2 7 17 9 2 1 2 4 13 6 3 0 2 7 12 16 2 1 2 11 12 16 2 0 2 7 0 2 4 0 2 7 0 2 7 17 9 2 12 16 2 12 16 2 1 2 4 0 20.6165766716003418
12 16 2 12 16 2 0 2 7 13 6 3 12 16 2 1 2 11 13 6 3 5 30 3 17 9 2 0 2 7 12 16 2 0 2 7 1 2 4 0 2 7 1 2 11 17 9 2 1 2 7 0 2 7 0 2 7 0 2 7 0 20.3046585321426392
12 16 2 12 16 2 0 2 4 13 6 3 12 16 2 1 2 7 13 6 3 0 2 4 0 2 3 5 30 3 17 9 2 1 2 7 12 16 2 0 2 7 0 2 12 1 2 7 1 2 11 17 9 2 0 2 7 0 2 7 0 20.3980586528778076
0 2 7 1 2 7 0 2 3 5 30 3 8 18 2 0 2 3 12 16 2 1 2 7 0 2 3 12 16 2 0 2 7 0 2 3 0 2 7 12 16 2 0 2 7 17 1 2 1 2 7 0 2 3 16 6 2 5 30 3 0 21.1704037189483643
5 30 3 0 2 7 0 2 7 1 2 7 0 2 7 0 2 7 0 2 7 1 2 10 1 2 4 5 31 3 0 2 7 0 2 7 1 2 4 1 2 7 0 2 7 0 2 10 0 2 3 17 9 2 1 2 7 17 9 2 0 20.5764669179916382
0 2 4 12 16 2 1 2 7 13 6 3 0 2 7 5 30 3 1 2 7 0 2 7 12 16 2 1 2 7 17 9 2 0 2 7 0 2 7 12 16 2 17 18 2 1 2 4 0 2 4 6 2 7 8 9 2 0 2 7 0.00179825251228914315 20.2388457655906677
5 30 3 0 2 7 0 2 7 1 2 7 0 2 7 0 2 7 0 2 7 1 2 4 1 2 7 17 9 2 6 2 7 17 9 2 1 2 7 5 31 3 12 16 2 13 6 3 12 16 2 0 2 7 0 2 4 0 2 7 0 20.3487167954444885
12 16 2 12 16 2 13 6 3 12 16 2 1 2 7 0 2 3 5 30 3 17 9 2 0 2 7 1 2 11 0 2 7 0 2 7 5 30 3 8 9 2 0 2 4 16 6 2 12 16 2 0 2 7 1 2 7 1 2 4 0.00282233111138695779 20.687354564666748
0 2 4 12 16 2 1 2 7 13 6 3 0 2 4 0 2 7 5 30 3 1 2 7 0 2 7 12 16 2 12 16 2 17 18 2 0 2 4 0 2 4 1 2 1 1 2 7 17 9 2 8 9 2 0 2 7 12 16 2 0 20.6559027433395386

Current Evaluation = 1800(1800)
Front Size = 10
5 30 3 0 2 7 0 2 7 0 2 7 1 2 7 0 2 7 0 2 7 17 9 2 17 9 2 0 2 7 1 2 7 13 6 3 0 2 7 5 31 3 12 16 2 0 2 7 1 2 7 1 2 7 1 2 7 0 2 7 0 20.2646257877349854
5 31 3 1 2 4 0 2 4 1 2 11 0 2 7 17 9 2 1 2 4 13 6 3 0 2 7 12 16 2 1 2 11 12 16 2 0 2 7 0 2 4 0 2 7 0 2 7 17 9 2 12 16 2 12 16 2 1 2 4 0 20.6165766716003418
0 2 3 0 2 7 0 2 3 12 16 2 0 2 3 1 2 7 5 31 3 1 2 3 6 2 7 17 18 2 0 2 4 16 24 2 0 2 7 1 2 7 0 2 7 5 30 3 0 2 4 0 2 3 0 2 7 1 2 7 0 20.9011539816856384
0 2 7 13 6 3 1 2 7 0 2 7 17 9 2 12 16 2 13 6 3 17 9 2 12 16 2 0 2 7 0 2 4 12 16 2 12 16 2 0 2 11 5 30 3 1 2 7 1 2 3 0 2 12 1 2 4 0 2 7 0 20.3980587720870972
0 2 7 1 2 7 0 2 7 1 2 7 5 30 3 0 2 7 17 9 2 0 2 7 12 16 2 13 6 3 0 2 3 16 31 2 12 16 2 1 2 7 5 30 3 0 2 4 1 2 7 0 2 4 12 16 2 0 2 7 0 20.4516056776046753
12 16 2 12 16 2 0 2 7 13 6 3 12 16 2 1 2 11 13 6 3 5 30 3 17 9 2 0 2 4 12 16 2 1 2 7 0 2 7 17 9 2 1 2 7 0 2 7 0 2 7 1 2 11 0 2 7 0 2 7 0 20.3046585321426392
0 2 7 5 30 3 0 2 7 0 2 7 0 2 7 5 31 3 17 9 2 1 2 4 13 6 3 17 9 2 12 16 2 1 2 7 1 2 7 1 2 7 6 2 7 0 2 4 0 2 7 12 16 2 0 2 7 0 2 7 0 20.3487167954444885
0 2 7 0 2 4 0 2 7 0 2 4 0 2 7 5 31 3 0 2 1 17 9 2 12 16 2 13 6 3 1 2 4 17 9 2 12 16 2 1 2 4 1 2 7 1 2 7 12 16 2 12 16 2 0 2 4 1 2 7 0 20.6123768091201782
12 16 2 12 16 2 1 2 7 0 2 7 12 16 2 5 30 3 17 18 2 0 2 7 0 2 4 1 2 4 0 2 7 0 2 7 0 2 7 1 2 3 0 2 7 16 30 2 13 6 3 5 31 3 1 2 7 0 2 7 0 20.4516057968139648
0 2 7 0 2 7 1 2 7 0 2 7 1 2 4 5 31 3 1 2 4 1 2 7 17 9 2 1 2 7 17 9 2 5 30 3 0 2 7 13 6 3 1 2 10 0 2 7 0 2 4 0 2 7 0 2 1 0 2 3 0.00305017268390385008 20.3352760076522827

Current Evaluation = 1980(1980)
Front Size = 10
5 30 3 0 2 7 12 16 2 1 2 7 1 2 7 1 2 7 0 2 7 0 2 7 0 2 7 0 2 7 0 2 7 17 9 2 0 2 7 13 6 3 1 2 7 0 2 7 5 31 3 17 9 2 0 2 7 1 2 7 0 20.2646257877349854
5 31 3 1 2 4 0 2 4 1 2 11 0 2 7 17 9 2 1 2 4 13 6 3 0 2 7 12 16 2 1 2 11 12 16 2 0 2 7 0 2 4 0 2 7 0 2 7 17 9 2 12 16 2 12 16 2 1 2 4 0 20.6165766716003418
5 30 3 0 2 7 1 2 3 12 16 2 0 2 7 5 30 3 0 2 7 0 2 4 0 2 7 8 18 2 0 2 7 0 2 7 1 2 7 12 16 2 17 9 2 0 2 7 12 16 2 13 6 3 16 6 2 1 2 11 0 20.6301085948944092
0 2 7 1 2 7 0 2 7 1 2 7 5 30 3 0 2 7 17 9 2 0 2 7 12 16 2 13 6 3 0 2 3 16 31 2 12 16 2 1 2 7 5 30 3 0 2 4 1 2 7 0 2 4 12 16 2 0 2 7 0 20.4516056776046753
0 2 3 0 2 7 0 2 3 12 16 2 0 2 3 1 2 7 5 31 3 1 2 3 6 2 7 17 18 2 0 2 4 16 24 2 0 2 7 1 2 7 0 2 7 5 30 3 0 2 4 0 2 3 0 2 7 1 2 7 0 20.9011539816856384
1 2 11 13 6 3 17 18 2 12 16 2 12 16 2 0 2 7 1 2 11 5 30 3 0 2 7 0 2 7 17 9 2 0 2 4 1 2 7 1 2 7 0 2 7 0 2 7 0 2 7 13 6 3 12 16 2 12 16 2 0 20.3046585321426392
13 6 3 17 18 2 12 16 2 12 16 2 0 2 7 5 30 3 0 2 7 0 2 7 0 2 4 1 2 7 1 2 7 0 2 7 0 2 7 0 2 7 12 16 2 1 2 4 0 2 7 16 30 2 5 31 3 1 2 3 0 20.4516057968139648
5 31 3 0 2 7 0 2 7 17 9 2 13 6 3 12 16 2 0 2 7 0 2 7 1 2 7 17 9 2 1 2 7 5 30 3 1 2 4 0 2 7 1 2 7 0 2 7 6 2 7 0 2 7 12 16 2 0 2 4 0 20.3487167954444885
0 2 7 0 2 4 0 2 7 0 2 4 0 2 7 5 31 3 0 2 1 17 9 2 12 16 2 13 6 3 1 2 4 17 9 2 12 16 2 1 2 4 1 2 7 1 2 7 12 16 2 12 16 2 0 2 4 1 2 7 0 20.6123768091201782
5 30 3 0 2 4 0 2 7 0 2 7 12 16 2 12 16 2 0 2 7 0 2 7 0 2 7 1 2 11 1 2 7 1 2 7 17 18 2 0 2 7 1 2 7 0 2 7 1 2 7 16 31 2 0 2 4 5 31 3 0 20.6953257322311401

Current Evaluation = 2160(2160)
Front Size = 10
0 2 7 5 31 3 1 2 7 0 2 7 0 2 7 1 2 7 0 2 7 17 9 2 0 2 7 1 2 7 1 2 7 5 30 3 1 2 7 0 2 7 0 2 7 0 2 7 17 18 2 12 16 2 0 2 7 13 6 3 0 20.2646257877349854
5 30 3 1 2 7 0 2 7 0 2 4 1 2 11 17 9 2 0 2 7 13 6 3 0 2 11 12 16 2 0 2 7 12 16 2 0 2 7 13 6 3 1 2 7 1 2 7 17 9 2 12 16 2 12 16 2 0 2 7 0 20.3046586513519287
0 2 3 0 2 7 0 2 3 12 16 2 0 2 3 1 2 7 5 31 3 1 2 3 6 2 7 17 18 2 0 2 4 16 24 2 0 2 7 1 2 7 0 2 7 5 30 3 0 2 4 0 2 3 0 2 7 1 2 7 0 20.9011539816856384
0 2 7 1 2 7 0 2 7 0 2 7 1 2 7 1 2 7 0 2 7 5 30 3 6 2 7 0 2 4 12 16 2 0 2 7 1 2 7 5 31 3 0 2 4 13 6 3 17 9 2 12 16 2 17 9 2 0 2 7 0 20.3487167954444885
0 2 7 0 2 7 0 2 4 5 30 3 6 2 7 1 2 7 0 2 7 1 2 7 12 16 2 0 2 7 1 2 4 0 2 7 17 18 2 17 18 2 12 16 2 1 2 7 0 2 7 0 2 7 5 31 3 13 6 3 0 20.3487167954444885
13 6 3 12 16 2 12 16 2 0 2 4 5 30 3 0 2 7 0 2 7 0 2 7 1 2 7 1 2 11 1 2 11 0 2 7 0 2 7 12 16 2 13 6 3 12 16 2 17 18 2 17 9 2 1 2 7 0 2 7 0 20.3046585321426392
0 2 7 1 2 7 0 2 7 1 2 7 5 30 3 0 2 7 17 9 2 0 2 7 12 16 2 13 6 3 0 2 3 16 31 2 12 16 2 1 2 7 5 30 3 0 2 4 1 2 7 0 2 4 12 16 2 0 2 7 0 20.4516056776046753
12 16 2 5 31 3 1 2 7 0 2 7 0 2 7 0 2 7 0 2 4 6 2 7 0 2 7 0 2 7 0 2 7 5 31 3 1 2 7 0 2 7 1 2 4 0 2 7 1 2 7 0 2 7 17 9 2 16 6 2 0 20.4595978856086731
0 2 7 0 2 4 1 2 7 5 30 3 1 2 7 0 2 7 12 16 2 0 2 7 0 2 7 0 2 7 17 9 2 12 16 2 12 16 2 13 6 3 17 9 2 1 2 7 0 2 7 0 2 7 5 31 3 6 2 4 0 20.5670667290687561
0 2 7 0 2 7 1 2 4 1 2 7 5 30 3 1 2 7 0 2 7 12 16 2 0 2 7 1 2 7 0 2 7 0 2 7 17 9 2 8 9 2 0 2 7 0 2 10 16 6 2 5 31 3 0 2 7 12 16 2 0 20.7286287546157837

Current Evaluation = 2340(2340)
Front Size = 10
5 31 3 0 2 7 1 2 7 0 2 7 13 6 3 1 2 7 0 2 7 0 2 7 0 2 7 0 2 7 1 2 7 0 2 7 5 30 3 0 2 7 17 18 2 17 18 2 0 2 7 1 2 7 12 16 2 1 2 7 0 20.2646257877349854
5 30 3 0 2 7 0 2 7 0 2 7 1 2 11 17 9 2 0 2 7 13 6 3 1 2 11 12 16 2 0 2 7 12 16 2 0 2 7 13 6 3 1 2 4 1 2 7 17 9 2 12 16 2 12 16 2 0 2 7 0 20.3046585321426392
5 30 3 0 2 7 0 2 7 0 2 7 1 2 11 13 6 3 12 16 2 0 2 7 1 2 7 0 2 7 1 2 7 0 2 4 12 16 2 17 18 2 12 16 2 1 2 11 0 2 7 12 16 2 13 6 3 17 9 2 0 20.3046585321426392
0 2 3 0 2 7 0 2 3 12 16 2 0 2 3 1 2 7 5 31 3 1 2 3 6 2 7 17 18 2 0 2 4 16 24 2 0 2 7 1 2 7 0 2 7 5 30 3 0 2 4 0 2 3 0 2 7 1 2 7 0 20.9011539816856384
0 2 7 0 2 7 0 2 7 0 2 11 1 2 7 0 2 7 13 6 3 12 16 2 0 2 7 12 16 2 1 2 7 13 6 3 1 2 11 12 16 2 12 16 2 0 2 4 5 30 3 17 18 2 1 2 7 17 18 2 0 20.3046586513519287
5 30 3 0 2 7 1 2 7 0 2 7 17 9 2 1 2 7 13 6 3 12 16 2 0 2 4 5 31 3 1 2 7 0 2 7 0 2 7 0 2 7 1 2 7 0 2 7 6 2 7 17 9 2 0 2 4 12 16 2 0 20.3487167954444885
12 16 2 0 2 7 5 30 3 1 2 7 1 2 4 5 31 3 0 2 7 13 6 3 0 2 7 0 2 7 0 2 7 1 2 4 1 2 3 0 2 7 12 16 2 17 18 2 16 30 2 12 16 2 0 2 7 0 2 7 0 20.4516057968139648
12 16 2 5 31 3 1 2 7 0 2 7 0 2 7 0 2 7 0 2 4 6 2 7 0 2 7 0 2 7 0 2 7 5 31 3 1 2 7 0 2 7 1 2 4 0 2 7 1 2 7 0 2 7 17 9 2 16 6 2 0 20.4595978856086731
5 31 3 1 2 4 1 2 7 0 2 7 17 9 2 0 2 7 13 6 3 12 16 2 0 2 7 1 2 7 6 2 7 0 2 7 0 2 7 1 2 4 0 2 7 0 2 7 5 30 3 12 16 2 0 2 7 17 9 2 0 20.3487167954444885
0 2 7 0 2 3 1 2 7 1 2 7 0 2 7 0 2 7 0 2 4 0 2 7 0 2 7 0 2 7 0 2 7 12 16 2 1 2 3 5 30 3 17 9 2 0 2 3 1 2 6 16 30 2 1 2 7 5 31 3 0 20.7876489162445068

Current Evaluation = 2520(2520)
Front Size = 10
5 30 3 0 2 7 1 2 7 0 2 7 13 6 3 1 2 7 0 2 7 0 2 7 0 2 7 0 2 7 1 2 7 0 2 7 1 2 7 17 18 2 12 16 2 1 2 7 0 2 7 17 9 2 0 2 7 5 31 3 0 20.2646257877349854
5 30 3 0 2 7 0 2 7 0 2 7 1 2 11 17 9 2 0 2 7 13 6 3 1 2 11 12 16 2 0 2 7 12 16 2 0 2 7 13 6 3 1 2 4 1 2 7 17 9 2 12 16 2 12 16 2 0 2 7 0 20.3046585321426392
12 16 2 0 2 7 0 2 4 1 2 7 5 30 3 5 30 3 0 2 7 0 2 4 0 2 7 1 2 7 1 2 3 1 2 7 0 2 7 13 6 3 0 2 7 0 2 7 12 16 2 17 18 2 16 31 2 12 16 2 0 20.4516056776046753
0 2 7 0 2 7 0 2 7 13 6 3 1 2 7 0 2 4 1 2 7 1 2 11 0 2 7 5 30 3 12 16 2 17 18 2 13 6 3 12 16 2 0 2 7 12 16 2 1 2 11 17 18 2 12 16 2 0 2 7 0 20.3046585321426392
0 2 3 0 2 7 0 2 3 12 16 2 0 2 3 1 2 7 5 31 3 1 2 3 6 2 7 17 18 2 0 2 4 16 24 2 0 2 7 1 2 7 0 2 7 5 30 3 0 2 4 0 2 3 0 2 7 1 2 7 0 20.9011539816856384
12 16 2 0 2 7 5 30 3 1 2 7 1 2 4 5 31 3 0 2 7 13 6 3 0 2 7 0 2 7 0 2 7 1 2 4 1 2 3 0 2 7 12 16 2 17 18 2 16 30 2 12 16 2 0 2 7 0 2 7 0 20.4516057968139648
12 16 2 0 2 7 5 30 3 6 2 7 0 2 7 13 6 3 0 2 7 0 2 7 0 2 7 5 31 3 12 16 2 17 9 2 1 2 7 1 2 7 0 2 7 0 2 4 17 9 2 1 2 7 1 2 4 0 2 7 0 20.3487167954444885
12 16 2 0 2 7 0 2 7 0 2 7 0 2 3 0 2 7 1 2 7 12 16 2 1 2 7 5 30 3 0 2 7 0 2 4 5 31 3 0 2 4 1 2 7 17 9 2 12 16 2 16 30 2 13 6 3 1 2 7 0 20.4516057968139648
12 16 2 0 2 4 0 2 7 1 2 7 5 30 3 1 2 7 0 2 7 0 2 7 1 2 7 0 2 3 0 2 7 13 6 3 0 2 7 12 16 2 12 16 2 16 31 2 1 2 4 17 9 2 0 2 7 5 30 3 0 20.4516056776046753
12 16 2 0 2 7 0 2 7 0 2 7 5 31 3 0 2 7 0 2 4 6 2 7 0 2 4 1 2 7 1 2 7 0 2 7 5 31 3 1 2 7 0 2 7 0 2 7 16 6 2 1 2 7 0 2 7 17 9 2 0 20.4595978856086731

Current Evaluation = 2700(2700)
Front Size = 10
12 16 2 0 2 7 1 2 7 0 2 7 13 6 3 1 2 7 0 2 7 0 2 7 5 31 3 17 9 2 1 2 7 0 2 7 0 2 7 17 9 2 0 2 7 0 2 7 5 30 3 1 2 7 0 2 7 1 2 7 0 20.2646257877349854
12 16 2 0 2 4 5 31 3 1 2 7 0 2 7 13 6 3 1 2 7 0 2 4 0 2 7 12 16 2 12 16 2 0 2 7 1 2 4 1 2 4 12 16 2 0 2 4 17 9 2 1 2 1 0 2 7 17 18 2 0 20.6123768091201782
0 2 7 0 2 7 0 2 7 13 6 3 1 2 7 0 2 4 1 2 7 1 2 11 0 2 7 5 30 3 12 16 2 17 18 2 13 6 3 12 16 2 0 2 7 12 16 2 1 2 11 17 18 2 12 16 2 0 2 7 0 20.3046585321426392
12 16 2 0 2 7 5 30 3 1 2 7 1 2 4 5 31 3 0 2 7 13 6 3 0 2 7 0 2 7 0 2 7 1 2 4 1 2 3 0 2 7 12 16 2 17 18 2 16 30 2 12 16 2 0 2 7 0 2 7 0 20.4516057968139648
0 2 7 0 2 7 0 2 7 13 6 3 1 2 7 1 2 11 0 2 7 5 30 3 12 16 2 17 18 2 13 6 3 12 16 2 0 2 7 12 16 2 1 2 11 12 16 2 0 2 7 0 2 7 1 2 4 17 9 2 0 20.3046585321426392
5 30 3 1 2 7 0 2 7 0 2 7 13 6 3 12 16 2 0 2 7 12 16 2 0 2 7 12 16 2 0 2 7 1 2 7 17 18 2 0 2 7 1 2 11 13 6 3 0 2 11 17 9 2 12 16 2 1 2 4 0 20.3046586513519287
5 30 3 1 2 7 0 2 7 0 2 7 13 6 3 12 16 2 0 2 7 12 16 2 0 2 7 12 16 2 0 2 7 1 2 7 17 18 2 0 2 7 0 2 4 1 2 7 5 30 3 16 31 2 1 2 3 0 2 4 0 20.4516056776046753
0 2 7 0 2 7 0 2 4 13 6 3 0 2 7 1 2 7 5 31 3 12 16 2 17 9 2 1 2 7 1 2 7 0 2 4 1 2 7 5 30 3 6 2 7 0 2 7 0 2 7 17 9 2 12 16 2 0 2 7 0 20.3487167954444885
12 16 2 0 2 7 5 30 3 6 2 7 0 2 7 13 6 3 0 2 7 0 2 7 0 2 7 5 31 3 12 16 2 17 9 2 1 2 7 1 2 7 0 2 7 0 2 4 17 9 2 1 2 7 1 2 4 0 2 7 0 20.3487167954444885
12 16 2 0 2 7 0 2 7 13 6 3 1 2 7 0 2 4 5 30 3 12 16 2 17 9 2 0 2 7 0 2 7 0 2 7 0 2 3 16 30 2 1 2 7 1 2 7 12 16 2 5 31 3 0 2 7 1 2 4 0 20.4516057968139648

Current Evaluation = 2880(2880)
Front Size = 10
0 2 7 0 2 7 13 6 3 1 2 7 0 2 7 0 2 7 12 16 2 1 2 7 0 2 7 1 2 7 5 30 3 17 18 2 17 9 2 0 2 7 1 2 7 5 31 3 0 2 7 1 2 7 0 2 7 0 2 7 0 20.2646257877349854
0 2 7 0 2 7 13 6 3 12 16 2 12 16 2 0 2 7 0 2 7 5 30 3 0 2 7 12 16 2 0 2 7 17 18 2 1 2 7 1 2 11 12 16 2 13 6 3 1 2 11 17 18 2 0 2 7 1 2 4 0 20.3046585321426392
0 2 7 0 2 7 13 6 3 1 2 11 1 2 11 12 16 2 12 16 2 0 2 7 0 2 7 5 30 3 0 2 7 12 16 2 12 16 2 0 2 7 13 6 3 1 2 7 17 18 2 1 2 7 0 2 4 17 18 2 0 20.3046585321426392
12 16 2 0 2 4 5 31 3 1 2 7 0 2 7 13 6 3 1 2 7 0 2 4 0 2 7 12 16 2 12 16 2 0 2 7 1 2 4 1 2 4 12 16 2 0 2 4 17 9 2 1 2 1 0 2 7 17 18 2 0 20.6123768091201782
0 2 7 0 2 7 13 6 3 1 2 7 0 2 7 0 2 11 12 16 2 12 16 2 0 2 7 1 2 7 5 30 3 1 2 11 12 16 2 12 16 2 0 2 7 13 6 3 17 9 2 0 2 4 17 18 2 1 2 7 0 20.3046586513519287
12 16 2 0 2 7 5 30 3 17 9 2 13 6 3 5 31 3 1 2 7 1 2 7 12 16 2 0 2 7 0 2 7 0 2 7 6 2 7 0 2 7 0 2 7 0 2 7 0 2 4 17 9 2 1 2 4 1 2 7 0 20.3487167954444885
0 2 7 0 2 7 1 2 4 13 6 3 0 2 7 5 30 3 12 16 2 17 18 2 0 2 7 6 2 4 0 2 7 0 2 7 1 2 7 0 2 7 12 16 2 1 2 7 0 2 7 17 9 2 5 31 3 1 2 7 0 20.3487167954444885
5 30 3 1 2 7 0 2 7 0 2 7 13 6 3 12 16 2 0 2 7 12 16 2 0 2 7 12 16 2 0 2 7 1 2 7 17 18 2 0 2 7 0 2 4 1 2 7 5 30 3 16 31 2 1 2 3 0 2 4 0 20.4516056776046753
0 2 7 0 2 7 13 6 3 12 16 2 0 2 7 0 2 7 5 30 3 0 2 7 0 2 7 17 18 2 1 2 7 0 2 7 12 16 2 0 2 7 1 2 11 12 16 2 5 31 3 1 2 11 0 2 7 1 2 7 1.85136713661860304e-05 20.9325265884399414
0 2 7 0 2 7 13 6 3 12 16 2 12 16 2 0 2 7 0 2 7 5 30 3 0 2 7 0 2 7 1 2 7 17 18 2 1 2 7 1 2 4 1 2 11 12 16 2 12 16 2 1 2 7 0 2 7 5 31 3 0.000102343753016414556 20.8901726007461548

Current Evaluation = 3060(3060)
Front Size = 10
0 2 7 0 2 7 13 6 3 0 2 7 5 30 3 12 16 2 17 18 2 0 2 7 0 2 7 0 2 7 1 2 7 0 2 7 1 2 7 0 2 7 17 9 2 5 31 3 1 2 7 1 2 7 1 2 7 0 2 7 0 20.2646257877349854
0 2 7 0 2 7 13 6 3 12 16 2 12 16 2 0 2 7 0 2 7 5 30 3 0 2 7 12 16 2 0 2 7 17 18 2 1 2 7 1 2 11 12 16 2 13 6 3 1 2 11 17 18 2 0 2 7 1 2 4 0 20.3046585321426392
0 2 7 0 2 11 0 2 7 13 6 3 0 2 7 12 16 2 17 18 2 1 2 7 0 2 4 12 16 2 1 2 7 17 9 2 1 2 11 5 30 3 12 16 2 0 2 7 12 16 2 0 2 7 1 2 7 13 6 3 0 20.3046586513519287
0 2 7 0 2 4 13 6 3 12 16 2 12 16 2 0 2 7 0 2 7 12 16 2 12 16 2 1 2 11 17 18 2 1 2 7 0 2 7 17 9 2 1 2 11 5 30 3 0 2 7 0 2 7 13 6 3 1 2 7 0 20.3046585321426392
12 16 2 0 2 7 5 30 3 17 9 2 13 6 3 5 31 3 1 2 7 6 2 7 0 2 7 0 2 7 0 2 4 0 2 7 1 2 7 0 2 7 0 2 7 0 2 7 1 2 7 1 2 4 17 9 2 12 16 2 0 20.3487167954444885
5 30 3 1 2 7 0 2 7 0 2 7 13 6 3 12 16 2 0 2 7 12 16 2 0 2 3 12 16 2 0 2 7 1 2 4 17 18 2 0 2 7 0 2 7 1 2 7 5 30 3 16 31 2 1 2 7 0 2 4 0 20.4516056776046753
0 2 7 0 2 7 13 6 3 1 2 7 12 16 2 17 18 2 0 2 4 0 2 7 1 2 7 17 9 2 5 30 3 0 2 7 0 2 7 1 2 7 1 2 7 0 2 7 0 2 7 5 31 3 12 16 2 6 2 4 0 20.3487167954444885
0 2 7 0 2 7 1 2 4 13 6 3 0 2 7 5 30 3 12 16 2 17 18 2 0 2 7 6 2 4 0 2 7 0 2 7 1 2 7 0 2 7 12 16 2 1 2 7 0 2 7 17 9 2 5 31 3 1 2 7 0 20.3487167954444885
1 2 7 0 2 7 6 2 7 5 31 3 0 2 4 1 2 4 17 18 2 0 2 7 1 2 7 0 2 7 0 2 7 0 2 7 0 2 7 0 2 7 1 2 7 5 31 3 12 16 2 16 6 2 0 2 7 0 2 7 0 20.4595978856086731
5 30 3 1 2 7 0 2 7 0 2 7 13 6 3 12 16 2 0 2 7 12 16 2 0 2 7 12 16 2 0 2 7 1 2 7 17 18 2 0 2 7 0 2 4 1 2 7 5 30 3 16 31 2 1 2 3 0 2 4 0 20.4516056776046753

Current Evaluation = 3240(3240)
Front Size = 10
12 16 2 0 2 7 5 30 3 17 9 2 13 6 3 5 31 3 1 2 7 0 2 7 0 2 7 0 2 7 1 2 7 0 2 7 0 2 7 0 2 7 1 2 7 1 2 7 0 2 7 1 2 7 17 9 2 0 2 7 0 20.2646257877349854
1 2 7 13 6 3 12 16 2 5 30 3 0 2 7 1 2 7 0 2 7 0 2 7 0 2 7 1 2 7 0 2 7 0 2 7 5 31 3 0 2 7 1 2 7 0 2 7 0 2 7 1 2 7 17 18 2 17 18 2 0 20.2646257877349854
12 16 2 0 2 7 5 30 3 13 6 3 1 2 7 0 2 7 0 2 7 1 2 4 0 2 7 0 2 7 0 2 7 17 18 2 17 9 2 12 16 2 1 2 11 1 2 11 12 16 2 0 2 7 12 16 2 13 6 3 0 20.3046585321426392
1 2 7 0 2 7 1 2 7 0 2 7 13 6 3 12 16 2 0 2 7 12 16 2 0 2 7 12 16 2 0 2 7 17 18 2 1 2 11 1 2 7 0 2 4 0 2 11 5 30 3 12 16 2 13 6 3 17 18 2 0 20.3046586513519287
12 16 2 0 2 7 5 30 3 13 6 3 0 2 7 0 2 7 0 2 7 0 2 7 0 2 7 1 2 7 17 18 2 17 18 2 12 16 2 0 2 4 1 2 7 12 16 2 12 16 2 13 6 3 1 2 11 1 2 11 0 20.3046585321426392
5 30 3 1 2 7 0 2 7 0 2 7 13 6 3 12 16 2 0 2 7 12 16 2 0 2 7 12 16 2 0 2 7 1 2 7 17 18 2 0 2 7 0 2 4 1 2 7 5 30 3 16 31 2 1 2 3 0 2 4 0 20.4516056776046753
0 2 7 0 2 4 13 6 3 12 16 2 12 16 2 0 2 7 0 2 7 12 16 2 12 16 2 1 2 11 17 18 2 1 2 7 0 2 7 1 2 11 5 30 3 0 2 7 0 2 7 13 6 3 1 2 7 17 9 2 0 20.3046585321426392
1 2 7 13 6 3 12 16 2 17 18 2 5 30 3 0 2 7 1 2 7 0 2 7 0 2 7 0 2 7 1 2 7 1 2 7 17 18 2 0 2 4 0 2 11 0 2 7 12 16 2 5 31 3 12 16 2 0 2 7 0 20.7103737592697144
1 2 7 0 2 11 1 2 7 0 2 7 13 6 3 12 16 2 0 2 11 12 16 2 0 2 7 12 16 2 0 2 7 17 18 2 0 2 7 1 2 7 1 2 4 0 2 7 5 30 3 12 16 2 13 6 3 17 18 2 0 20.3046587705612183
0 2 4 1 2 7 13 6 3 0 2 11 12 16 2 17 18 2 0 2 11 5 30 3 0 2 7 1 2 7 0 2 7 0 2 7 12 16 2 0 2 7 1 2 7 13 6 3 12 16 2 1 2 7 12 16 2 17 18 2 0 20.3046587705612183

Current Evaluation = 3420(3420)
Front Size = 10
0 2 7 0 2 7 5 30 3 0 2 7 13 6 3 0 2 7 0 2 7 1 2 7 0 2 7 0 2 7 12 16 2 1 2 7 1 2 7 1 2 7 5 31 3 1 2 7 0 2 7 0 2 7 17 9 2 17 9 2 0 20.2646257877349854
0 2 7 0 2 7 5 30 3 0 2 7 13 6 3 0 2 7 0 2 7 1 2 7 0 2 7 0 2 7 12 16 2 1 2 7 1 2 7 1 2 7 5 31 3 1 2 7 0 2 7 0 2 7 17 18 2 17 9 2 0 20.2646257877349854
0 2 4 1 2 7 13 6 3 0 2 11 12 16 2 17 18 2 0 2 11 5 30 3 0 2 7 1 2 7 0 2 7 0 2 7 12 16 2 0 2 7 1 2 7 13 6 3 12 16 2 1 2 7 12 16 2 17 18 2 0 20.3046587705612183
0 2 7 0 2 7 5 30 3 0 2 7 13 6 3 0 2 7 0 2 7 1 2 7 0 2 7 0 2 7 12 16 2 1 2 7 1 2 7 1 2 7 5 31 3 1 2 7 0 2 7 0 2 7 17 18 2 17 18 2 0 20.2646257877349854
12 16 2 0 2 7 5 30 3 13 6 3 1 2 7 0 2 7 0 2 7 1 2 4 0 2 7 0 2 7 0 2 7 17 18 2 17 9 2 12 16 2 1 2 11 1 2 11 12 16 2 0 2 7 12 16 2 13 6 3 0 20.3046585321426392
5 30 3 1 2 3 1 2 7 0 2 7 13 6 3 0 2 7 0 2 7 12 16 2 0 2 7 12 16 2 1 2 7 17 18 2 0 2 7 1 2 4 0 2 7 0 2 4 5 30 3 16 31 2 12 16 2 0 2 7 0 20.4516056776046753
12 16 2 0 2 7 5 31 3 0 2 7 0 2 7 0 2 7 0 2 4 0 2 7 1 2 10 0 2 7 0 2 7 1 2 7 12 16 2 12 16 2 0 2 7 1 2 7 5 31 3 12 16 2 16 9 11 16 18 12 0 21.4938457608222961
0 2 7 0 2 7 5 30 3 0 2 7 13 6 3 0 2 7 0 2 7 1 2 7 0 2 7 0 2 7 12 16 2 17 18 2 1 2 11 12 16 2 1 2 7 5 31 3 1 2 11 0 2 7 0 2 7 12 16 2 1.85136713661860304e-05 20.9325265884399414
0 2 7 0 2 7 5 30 3 0 2 7 13 6 3 0 2 7 1 2 7 12 16 2 1 2 7 1 2 7 1 2 7 0 2 7 0 2 7 0 2 11 12 16 2 1 2 7 0 2 11 12 16 2 12 16 2 17 9 2 0.000980045297244034426 20.7188507318496704
1 2 7 13 6 3 12 16 2 5 30 3 0 2 7 1 2 7 0 2 7 0 2 7 0 2 7 1 2 7 1 2 7 0 2 4 0 2 7 0 2 7 5 31 3 1 2 7 13 6 3 12 16 2 12 16 2 17 18 2 0.00167630596676910998 20.2805837392807007

Current Evaluation = 3600(3600)
Front Size = 10
0 2 7 13 6 3 0 2 7 12 16 2 1 2 7 5 30 3 0 2 7 1 2 7 0 2 7 1 2 7 0 2 7 1 2 7 0 2 7 5 31 3 0 2 7 1 2 7 0 2 7 0 2 7 17 9 2 17 18 2 0 20.2646257877349854
0 2 7 13 6 3 0 2 7 12 16 2 17 18 2 1 2 7 5 30 3 0 2 7 1 2 7 0 2 7 1 2 7 0 2 7 1 2 7 0 2 7 5 31 3 0 2 7 0 2 7 1 2 7 0 2 7 17 18 2 0 20.2646257877349854
1 2 11 13 6 3 0 2 11 12 16 2 1 2 7 5 30 3 0 2 7 1 2 7 0 2 7 0 2 7 0 2 7 17 9 2 1 2 7 12 16 2 0 2 4 12 16 2 12 16 2 0 2 7 17 9 2 13 6 3 0 20.3046586513519287
0 2 7 13 6 3 0 2 7 12 16 2 1 2 7 5 30 3 0 2 7 1 2 7 0 2 7 1 2 7 0 2 7 1 2 7 0 2 7 5 31 3 0 2 7 1 2 7 0 2 7 0 2 7 17 9 2 17 9 2 0 20.2646257877349854
1 2 11 0 2 7 5 30 3 0 2 7 13 6 3 0 2 7 1 2 4 1 2 7 0 2 7 1 2 11 12 16 2 0 2 7 17 18 2 13 6 3 12 16 2 0 2 7 12 16 2 0 2 7 12 16 2 17 9 2 0 20.3046585321426392
5 30 3 1 2 3 1 2 7 0 2 7 13 6 3 0 2 7 0 2 7 12 16 2 0 2 7 12 16 2 1 2 7 17 18 2 0 2 7 1 2 4 0 2 7 0 2 4 5 30 3 16 31 2 12 16 2 0 2 7 0 20.4516056776046753
5 30 3 1 2 7 0 2 7 13 6 3 17 9 2 12 16 2 0 2 7 12 16 2 0 2 7 0 2 7 1 2 7 0 2 7 0 2 7 1 2 7 6 2 7 17 9 2 5 31 3 0 2 4 1 2 7 0 2 4 0 20.3487167954444885
0 2 7 5 30 3 0 2 7 13 6 3 0 2 7 1 2 7 0 2 7 12 16 2 0 2 7 0 2 7 0 2 7 17 9 2 1 2 11 1 2 7 1 2 11 5 31 3 0 2 7 0 2 7 12 16 2 12 16 2 1.85136713661860304e-05 20.9325265884399414
0 2 7 1 2 11 13 6 3 0 2 7 12 16 2 17 18 2 0 2 7 5 30 3 0 2 7 1 2 7 12 16 2 1 2 11 13 6 3 12 16 2 12 16 2 17 18 2 0 2 7 1 2 7 0 2 4 0 2 7 0 20.3046585321426392
5 30 3 1 2 4 0 2 7 13 6 3 0 2 11 17 9 2 12 16 2 0 2 7 12 16 2 1 2 7 17 9 2 0 2 7 1 2 7 13 6 3 12 16 2 0 2 7 0 2 7 1 2 7 12 16 2 0 2 11 0 20.3046587705612183

MonoObjective Genetic Algorithm
Number of Evaluations = 0
Mutation Probability = 0
Crossover Probability = 1
Population Size = 10
Survival Selection Type = 16

Time =  3609.1148099899292

Current Evaluation = 3390
Front Size = 10
0 2 7 13 6 3 0 2 7 12 16 2 1 2 7 5 30 3 0 2 7 1 2 7 0 2 7 1 2 7 0 2 7 1 2 7 0 2 7 5 31 3 0 2 7 1 2 7 0 2 7 0 2 7 17 9 2 17 18 2 0 20.2646257877349854
0 2 7 13 6 3 0 2 7 12 16 2 17 18 2 1 2 7 5 30 3 0 2 7 1 2 7 0 2 7 1 2 7 0 2 7 1 2 7 0 2 7 5 31 3 0 2 7 0 2 7 1 2 7 0 2 7 17 18 2 0 20.2646257877349854
1 2 11 13 6 3 0 2 11 12 16 2 1 2 7 5 30 3 0 2 7 1 2 7 0 2 7 0 2 7 0 2 7 17 9 2 1 2 7 12 16 2 0 2 4 12 16 2 12 16 2 0 2 7 17 9 2 13 6 3 0 20.3046586513519287
0 2 7 13 6 3 0 2 7 12 16 2 1 2 7 5 30 3 0 2 7 1 2 7 0 2 7 1 2 7 0 2 7 1 2 7 0 2 7 5 31 3 0 2 7 1 2 7 0 2 7 0 2 7 17 9 2 17 9 2 0 20.2646257877349854
1 2 11 0 2 7 5 30 3 0 2 7 13 6 3 0 2 7 1 2 4 1 2 7 0 2 7 1 2 11 12 16 2 0 2 7 17 18 2 13 6 3 12 16 2 0 2 7 12 16 2 0 2 7 12 16 2 17 9 2 0 20.3046585321426392
5 30 3 1 2 3 1 2 7 0 2 7 13 6 3 0 2 7 0 2 7 12 16 2 0 2 7 12 16 2 1 2 7 17 18 2 0 2 7 1 2 4 0 2 7 0 2 4 5 30 3 16 31 2 12 16 2 0 2 7 0 20.4516056776046753
5 30 3 1 2 7 0 2 7 13 6 3 17 9 2 12 16 2 0 2 7 12 16 2 0 2 7 0 2 7 1 2 7 0 2 7 0 2 7 1 2 7 6 2 7 17 9 2 5 31 3 0 2 4 1 2 7 0 2 4 0 20.3487167954444885
0 2 7 5 30 3 0 2 7 13 6 3 0 2 7 1 2 7 0 2 7 12 16 2 0 2 7 0 2 7 0 2 7 17 9 2 1 2 11 1 2 7 1 2 11 5 31 3 0 2 7 0 2 7 12 16 2 12 16 2 1.85136713661860304e-05 20.9325265884399414
0 2 7 1 2 11 13 6 3 0 2 7 12 16 2 17 18 2 0 2 7 5 30 3 0 2 7 1 2 7 12 16 2 1 2 11 13 6 3 12 16 2 12 16 2 17 18 2 0 2 7 1 2 7 0 2 4 0 2 7 0 20.3046585321426392
5 30 3 1 2 4 0 2 7 13 6 3 0 2 11 17 9 2 12 16 2 0 2 7 12 16 2 1 2 7 17 9 2 0 2 7 1 2 7 13 6 3 12 16 2 0 2 7 0 2 7 1 2 7 12 16 2 0 2 11 0 20.3046587705612183

