Current Evaluation = 180(180)
Front Size = 10
0 2 7 1 2 7 5 30 3 0 2 7 0 2 7 0 2 7 12 16 2 0 2 7 17 9 2 17 18 2 1 2 7 1 2 7 0 2 7 0 2 7 0 2 7 1 2 7 0 2 7 5 31 3 1 2 7 13 6 3 0 20.2646257877349854
0 2 7 12 16 2 5 30 3 17 18 2 0 2 12 0 2 4 0 2 7 1 2 12 0 2 4 12 16 2 1 2 3 12 16 2 13 6 3 0 2 3 1 2 11 1 2 4 17 9 2 0 2 7 8 9 2 1 2 3 0 20.8881528377532959
5 30 3 0 2 11 0 2 7 0 2 3 0 2 3 5 30 3 1 2 11 12 16 2 0 2 3 16 19 11 0 2 3 0 2 3 1 2 7 16 19 11 0 2 7 0 2 7 0 2 3 0 2 3 0 2 7 5 30 3 0 22.1521546840667725
12 16 2 0 2 11 0 2 4 5 30 3 1 2 11 0 2 7 0 2 7 1 2 11 1 2 3 0 2 11 0 2 7 5 30 3 8 18 2 0 2 7 0 2 7 0 2 7 17 9 2 17 9 2 6 2 1 1 2 4 0 21.2094838619232178
12 16 2 0 2 7 1 2 7 0 2 4 0 2 1 5 31 3 1 2 7 12 16 2 0 2 4 17 18 2 12 16 2 1 2 7 0 2 7 1 2 4 12 16 2 1 2 4 17 18 2 0 2 7 13 6 3 0 2 4 0 20.6123768091201782
0 2 7 5 30 3 12 16 2 0 2 8 0 2 8 0 2 11 16 6 2 0 2 8 5 30 3 0 2 8 16 19 11 0 2 8 0 2 8 0 2 11 0 2 8 5 31 3 12 16 2 0 2 8 8 9 2 0 2 7 0 22.7623393535614014
8 9 2 0 2 8 8 18 2 5 30 3 1 2 8 12 16 2 0 2 12 0 2 12 0 2 3 0 2 3 16 19 12 5 30 3 0 2 12 12 16 2 8 9 2 12 16 2 0 2 12 1 2 8 16 6 2 0 2 8 0.000215389613985706916 22.4340169429779053
0 2 7 0 2 7 16 9 11 12 16 2 12 16 2 5 30 3 0 2 4 1 2 3 0 2 7 0 2 7 12 16 2 1 2 7 1 2 3 5 31 3 8 9 2 16 6 2 0 2 7 0 2 7 0 2 7 0 2 11 0 21.2600048184394836
0 2 4 12 16 2 5 30 3 17 18 2 0 2 11 0 2 7 1 2 7 1 2 11 1 2 7 16 9 11 1 2 4 0 2 11 0 2 3 0 2 7 5 30 3 0 2 11 8 18 2 0 2 7 0 2 3 12 16 2 0 21.4239669442176819
0 2 3 5 31 3 12 16 2 5 30 3 12 16 2 0 2 3 16 24 2 1 2 3 0 2 7 0 2 7 1 2 3 0 2 7 0 2 7 0 2 3 16 18 12 1 2 7 0 2 7 0 2 3 1 2 7 0 2 3 0 21.4640369415283203

Current Evaluation = 360(360)
Front Size = 10
0 2 7 5 30 3 13 6 3 0 2 7 1 2 7 1 2 7 0 2 7 0 2 7 5 31 3 0 2 7 17 9 2 12 16 2 0 2 7 1 2 7 0 2 7 1 2 7 0 2 7 17 18 2 0 2 7 1 2 7 0 20.2646257877349854
8 9 2 0 2 8 8 18 2 5 30 3 1 2 8 12 16 2 0 2 12 0 2 12 0 2 3 0 2 3 16 19 12 5 30 3 0 2 12 12 16 2 8 9 2 12 16 2 0 2 12 1 2 8 16 6 2 0 2 8 0.000215389613985706916 22.4340169429779053
12 16 2 5 30 3 12 16 2 0 2 7 17 18 2 13 6 3 0 2 7 0 2 7 1 2 4 12 16 2 1 2 7 0 2 7 0 2 4 0 2 4 12 16 2 8 9 2 1 2 4 0 2 7 17 18 2 1 2 1 0 20.6559027433395386
1 2 7 5 30 3 0 2 7 0 2 4 0 2 7 1 2 7 1 2 7 5 31 3 0 2 7 0 2 4 12 16 2 0 2 3 12 16 2 12 16 2 0 2 3 17 9 2 13 6 3 0 2 7 6 2 7 16 6 2 0 20.5632757544517517
0 2 11 12 16 2 5 30 3 12 16 2 1 2 11 12 16 2 1 2 7 0 2 3 0 2 11 1 2 7 17 18 2 12 16 2 13 6 3 12 16 2 16 6 2 0 2 7 0 2 3 0 2 3 13 6 3 0 2 7 0 20.7388176918029785
0 2 7 5 30 3 12 16 2 0 2 8 0 2 8 0 2 11 16 6 2 0 2 8 5 30 3 0 2 8 16 19 11 0 2 8 0 2 8 0 2 11 0 2 8 5 31 3 12 16 2 0 2 8 8 9 2 0 2 7 0 22.7623393535614014
5 30 3 0 2 11 0 2 7 0 2 3 0 2 3 5 30 3 1 2 11 12 16 2 0 2 3 16 19 11 0 2 3 0 2 3 1 2 7 16 19 11 0 2 7 0 2 7 0 2 3 0 2 3 0 2 7 5 30 3 0 22.1521546840667725
17 9 2 1 2 3 0 2 4 0 2 11 1 2 11 0 2 7 1 2 11 1 2 4 5 30 3 0 2 7 0 2 11 17 9 2 0 2 7 6 2 7 0 2 4 0 2 7 5 31 3 1 2 7 0 2 7 0 2 7 0 20.8231599926948547
17 9 2 5 30 3 0 2 7 0 2 7 1 2 4 0 2 3 0 2 7 1 2 7 0 2 4 1 2 7 0 2 7 1 2 10 0 2 1 5 30 3 0 2 7 15 2 11 0 2 7 17 9 2 1 2 7 0 2 3 0 20.8679848909378052
0 2 7 12 16 2 5 30 3 12 16 2 8 9 2 16 6 2 0 2 3 1 2 3 0 2 3 0 2 12 0 2 7 5 31 3 1 2 3 1 2 7 1 2 3 16 6 2 0 2 7 0 2 7 0 2 7 0 2 7 0 21.1038378477096558

Current Evaluation = 540(540)
Front Size = 10
17 9 2 5 30 3 0 2 7 0 2 7 1 2 7 0 2 7 0 2 7 0 2 7 0 2 7 17 9 2 5 31 3 1 2 7 1 2 7 12 16 2 0 2 7 1 2 7 13 6 3 0 2 7 0 2 7 1 2 7 0 20.2646257877349854
0 2 7 5 30 3 12 16 2 0 2 8 0 2 8 0 2 11 16 6 2 0 2 8 5 30 3 0 2 8 16 19 11 0 2 8 0 2 8 0 2 11 0 2 8 5 31 3 12 16 2 0 2 8 8 9 2 0 2 7 0 22.7623393535614014
5 30 3 1 2 11 12 16 2 0 2 7 0 2 7 0 2 4 12 16 2 17 9 2 16 18 11 0 2 7 0 2 3 1 2 11 0 2 3 0 2 7 1 2 7 1 2 11 5 30 3 8 9 2 0 2 4 0 2 11 0 21.4239667057991028
5 30 3 12 16 2 16 31 2 12 16 2 0 2 7 1 2 7 12 16 2 0 2 7 5 30 3 13 6 3 6 2 7 1 2 7 0 2 7 0 2 7 0 2 11 0 2 3 0 2 7 1 2 4 17 18 2 0 2 7 0 20.5474987626075745
8 9 2 0 2 8 8 18 2 5 30 3 1 2 8 12 16 2 0 2 12 0 2 12 0 2 3 0 2 3 16 19 12 5 30 3 0 2 12 12 16 2 8 9 2 12 16 2 0 2 12 1 2 8 16 6 2 0 2 8 0.000215389613985706916 22.4340169429779053
17 9 2 0 2 10 0 2 3 0 2 11 1 2 7 5 30 3 1 2 4 0 2 7 0 2 7 0 2 7 0 2 7 0 2 4 12 16 2 5 31 3 1 2 3 1 2 7 1 2 7 16 30 2 0 2 3 0 2 7 0 20.8012490272521973
5 31 3 16 6 2 0 2 4 0 2 7 0 2 7 0 2 7 0 2 7 1 2 7 1 2 7 0 2 7 0 2 7 12 16 2 16 6 2 12 16 2 1 2 7 12 16 2 5 31 3 0 2 7 8 9 2 0 2 7 0 20.7894667387008667
17 9 2 1 2 3 0 2 4 0 2 11 1 2 11 0 2 7 1 2 11 1 2 4 5 30 3 0 2 7 0 2 11 17 9 2 0 2 7 6 2 7 0 2 4 0 2 7 5 31 3 1 2 7 0 2 7 0 2 7 0 20.8231599926948547
5 30 3 0 2 11 0 2 7 0 2 3 0 2 3 5 30 3 1 2 11 12 16 2 0 2 3 16 19 11 0 2 3 0 2 3 1 2 7 16 19 11 0 2 7 0 2 7 0 2 3 0 2 3 0 2 7 5 30 3 0 22.1521546840667725
12 16 2 5 30 3 12 16 2 12 16 2 1 2 11 13 6 3 0 2 7 0 2 7 1 2 7 0 2 7 17 9 2 0 2 4 0 2 7 17 18 2 1 2 7 13 6 3 1 2 11 12 16 2 0 2 7 0 2 7 0 20.3046585321426392

Current Evaluation = 720(720)
Front Size = 10
5 30 3 0 2 7 1 2 7 0 2 7 0 2 7 5 31 3 1 2 7 0 2 7 17 9 2 0 2 7 17 9 2 0 2 7 1 2 7 0 2 7 12 16 2 1 2 7 13 6 3 0 2 7 1 2 7 0 2 7 0 20.2646257877349854
17 9 2 1 2 3 0 2 4 0 2 11 1 2 11 0 2 7 1 2 11 1 2 4 5 30 3 0 2 7 0 2 11 17 9 2 0 2 7 6 2 7 0 2 4 0 2 7 5 31 3 1 2 7 0 2 7 0 2 7 0 20.8231599926948547
5 30 3 0 2 7 16 6 2 13 6 3 1 2 7 8 18 2 0 2 7 5 30 3 0 2 7 12 16 2 0 2 7 12 16 2 17 9 2 12 16 2 0 2 7 0 2 4 1 2 7 1 2 11 0 2 7 0 2 3 0 20.6301085948944092
0 2 7 0 2 3 0 2 3 5 30 3 12 16 2 16 9 11 0 2 3 0 2 3 0 2 3 0 2 3 1 2 4 0 2 4 0 2 3 1 2 3 12 16 2 1 2 3 16 24 2 0 2 3 1 2 3 5 30 3 0 21.7103579640388489
5 31 3 12 16 2 0 2 7 6 2 11 12 16 2 0 2 11 6 2 11 0 2 11 0 2 11 6 2 7 0 2 7 16 19 11 5 31 3 17 9 2 0 2 11 5 30 3 12 16 2 0 2 11 0 2 11 0 2 11 0 22.3417772650718689
0 2 7 5 30 3 12 16 2 0 2 8 0 2 8 0 2 11 16 6 2 0 2 8 5 30 3 0 2 8 16 19 11 0 2 8 0 2 8 0 2 11 0 2 8 5 31 3 12 16 2 0 2 8 8 9 2 0 2 7 0 22.7623393535614014
5 30 3 5 30 3 12 16 2 0 2 7 0 2 3 0 2 3 16 15 2 0 2 7 0 2 7 1 2 3 1 2 7 17 9 2 8 9 2 1 2 7 1 2 7 0 2 3 0 2 7 0 2 4 1 2 7 0 2 3 0 20.9987398386001587
12 16 2 0 2 11 12 16 2 5 30 3 0 2 7 17 9 2 0 2 4 8 9 2 0 2 3 0 2 3 0 2 11 0 2 7 1 2 7 16 9 11 5 30 3 1 2 11 0 2 11 1 2 4 1 2 11 0 2 3 0 21.6235669255256653
8 9 2 0 2 8 8 18 2 5 30 3 1 2 8 12 16 2 0 2 12 0 2 12 0 2 3 0 2 3 16 19 12 5 30 3 0 2 12 12 16 2 8 9 2 12 16 2 0 2 12 1 2 8 16 6 2 0 2 8 0.000215389613985706916 22.4340169429779053
5 30 3 0 2 7 0 2 7 1 2 7 12 16 2 16 6 2 1 2 12 0 2 7 17 18 2 0 2 7 0 2 3 0 2 3 1 2 7 0 2 7 1 2 4 5 31 3 0 2 7 0 2 7 1 2 7 8 9 2 0 20.769278883934021

Current Evaluation = 900(900)
Front Size = 10
12 16 2 1 2 7 0 2 7 1 2 7 17 9 2 5 30 3 0 2 7 5 31 3 0 2 7 0 2 7 0 2 7 0 2 7 0 2 7 13 6 3 0 2 7 0 2 7 17 9 2 1 2 7 1 2 7 1 2 7 0 20.2646257877349854
5 30 3 1 2 7 0 2 7 1 2 7 1 2 11 0 2 7 0 2 7 0 2 7 1 2 7 0 2 7 0 2 3 0 2 3 0 2 3 0 2 7 5 30 3 0 2 3 17 9 2 16 31 2 1 2 7 1 2 7 0 20.6688988208770752
1 2 1 0 2 7 0 2 7 17 9 2 1 2 4 0 2 7 0 2 7 1 2 4 1 2 3 0 2 3 0 2 7 1 2 11 0 2 7 8 9 2 1 2 7 5 30 3 17 9 2 5 30 3 0 2 7 0 2 7 0 20.8160408735275269
1 2 7 1 2 11 0 2 3 5 30 3 0 2 7 0 2 7 0 2 10 5 31 3 16 30 2 0 2 4 0 2 7 1 2 4 0 2 7 17 9 2 0 2 3 1 2 7 0 2 7 1 2 3 0 2 7 12 16 2 0 20.8012489080429077
17 9 2 5 30 3 0 2 7 1 2 7 1 2 7 0 2 10 0 2 3 0 2 7 1 2 7 1 2 7 0 2 7 0 2 7 0 2 3 0 2 4 0 2 4 17 9 2 5 30 3 1 2 7 0 2 1 15 2 11 0 20.8679848909378052
12 16 2 0 2 11 12 16 2 5 30 3 0 2 7 17 9 2 0 2 4 8 9 2 0 2 3 0 2 3 0 2 11 0 2 7 1 2 7 16 9 11 5 30 3 1 2 11 0 2 11 1 2 4 1 2 11 0 2 3 0 21.6235669255256653
0 2 11 0 2 7 0 2 7 12 16 2 0 2 7 5 31 3 0 2 7 0 2 7 1 2 7 8 9 2 5 31 3 0 2 7 16 30 2 0 2 7 16 6 2 1 2 7 1 2 7 12 16 2 0 2 7 12 16 2 0 20.8736898899078369
8 9 2 0 2 8 8 18 2 5 30 3 1 2 8 12 16 2 0 2 12 0 2 12 0 2 3 0 2 3 16 19 12 5 30 3 0 2 12 12 16 2 8 9 2 12 16 2 0 2 12 1 2 8 16 6 2 0 2 8 0.000215389613985706916 22.4340169429779053
0 2 4 0 2 11 17 9 2 5 30 3 0 2 7 0 2 7 1 2 10 0 2 10 1 2 7 17 9 2 0 2 7 0 2 10 0 2 7 8 9 2 5 30 3 1 2 11 12 16 2 0 2 7 1 2 11 1 2 4 0 21.0005908012390137
12 16 2 16 15 2 12 16 2 0 2 7 0 2 7 0 2 7 17 9 2 8 9 2 1 2 11 5 30 3 0 2 7 0 2 7 0 2 7 8 9 2 1 2 7 0 2 11 12 16 2 0 2 7 8 9 2 5 30 3 0 21.3316977024078369

Current Evaluation = 1080(1080)
Front Size = 10
5 30 3 0 2 7 0 2 7 0 2 7 0 2 7 0 2 7 1 2 7 0 2 7 1 2 7 0 2 7 5 31 3 17 9 2 1 2 7 17 9 2 13 6 3 1 2 7 0 2 7 1 2 7 12 16 2 0 2 7 0 20.2646257877349854
5 31 3 0 2 7 1 2 11 1 2 7 0 2 7 0 2 7 0 2 4 0 2 7 1 2 7 0 2 4 0 2 7 5 30 3 0 2 10 1 2 7 0 2 7 17 9 2 17 18 2 0 2 7 1 2 4 1 2 11 0 20.6016668081283569
8 9 2 0 2 8 8 18 2 5 30 3 1 2 8 12 16 2 0 2 12 0 2 12 0 2 3 0 2 3 16 19 12 5 30 3 0 2 12 12 16 2 8 9 2 12 16 2 0 2 12 1 2 8 16 6 2 0 2 8 0.000215389613985706916 22.4340169429779053
5 30 3 1 2 7 0 2 7 1 2 7 1 2 11 0 2 7 0 2 7 0 2 7 1 2 7 0 2 7 0 2 3 0 2 3 0 2 3 0 2 7 5 30 3 0 2 3 17 9 2 16 31 2 1 2 7 1 2 7 0 20.6688988208770752
1 2 1 0 2 7 0 2 7 17 9 2 1 2 4 0 2 7 0 2 7 1 2 4 1 2 3 0 2 3 0 2 7 1 2 11 0 2 7 8 9 2 1 2 7 5 30 3 17 9 2 5 30 3 0 2 7 0 2 7 0 20.8160408735275269
0 2 4 12 16 2 17 9 2 5 30 3 0 2 11 0 2 7 0 2 7 1 2 7 0 2 3 0 2 11 8 18 2 0 2 7 0 2 7 5 30 3 1 2 7 1 2 4 1 2 3 1 2 7 0 2 7 17 9 2 0 20.9389909505844116
17 9 2 5 30 3 0 2 7 6 2 7 0 2 12 17 9 2 0 2 12 0 2 7 12 16 2 0 2 12 0 2 7 0 2 7 1 2 7 1 2 11 1 2 7 5 31 3 5 30 3 13 6 3 0 2 7 0 2 7 0 20.9407138228416443
8 9 2 5 30 3 1 2 11 5 31 3 1 2 8 0 2 11 0 2 7 1 2 4 17 18 2 1 2 7 16 19 12 0 2 7 0 2 12 12 16 2 8 9 2 1 2 7 0 2 7 0 2 7 16 6 2 1 2 7 0.0584681733771519538 20.9782859086990356
1 2 7 0 2 7 0 2 7 5 31 3 0 2 4 0 2 7 1 2 4 0 2 7 17 9 2 1 2 7 0 2 7 0 2 7 12 16 2 0 2 7 0 2 7 0 2 7 0 2 10 5 31 3 0 2 3 1 2 3 0.00137124585345504068 21.1142009496688843
5 30 3 0 2 7 0 2 7 1 2 11 0 2 7 0 2 7 0 2 7 1 2 4 1 2 7 1 2 7 8 9 2 1 2 7 1 2 7 0 2 7 5 31 3 0 2 7 17 18 2 0 2 11 17 18 2 0 2 7 0 20.6409199237823486

Current Evaluation = 1260(1260)
Front Size = 10
17 9 2 1 2 7 0 2 7 0 2 7 12 16 2 0 2 7 0 2 7 1 2 7 0 2 7 5 31 3 13 6 3 0 2 7 0 2 7 1 2 7 0 2 7 17 9 2 1 2 7 0 2 7 1 2 7 5 30 3 0 20.2646257877349854
8 9 2 5 30 3 0 2 7 0 2 7 0 2 3 0 2 7 5 30 3 1 2 4 1 2 7 0 2 7 12 16 2 13 6 3 16 6 2 12 16 2 1 2 11 17 9 2 0 2 7 0 2 7 12 16 2 0 2 7 0 20.6301085948944092
12 16 2 5 30 3 5 31 3 12 16 2 0 2 7 1 2 7 0 2 7 1 2 7 1 2 7 0 2 3 13 6 3 0 2 7 12 16 2 0 2 7 1 2 7 17 9 2 16 30 2 0 2 4 0 2 7 0 2 4 0 20.4516057968139648
8 9 2 0 2 8 8 18 2 5 30 3 1 2 8 12 16 2 0 2 12 0 2 12 0 2 3 0 2 3 16 19 12 5 30 3 0 2 12 12 16 2 8 9 2 12 16 2 0 2 12 1 2 8 16 6 2 0 2 8 0.000215389613985706916 22.4340169429779053
8 9 2 5 30 3 1 2 11 5 31 3 1 2 8 0 2 11 0 2 7 1 2 4 17 18 2 1 2 7 16 19 12 0 2 7 0 2 12 12 16 2 8 9 2 1 2 7 0 2 7 0 2 7 16 6 2 1 2 7 0.0584681733771519538 20.9782859086990356
17 9 2 12 16 2 0 2 4 12 16 2 12 16 2 1 2 4 0 2 3 1 2 7 1 2 4 0 2 3 13 6 3 0 2 11 0 2 7 1 2 7 5 31 3 0 2 4 0 2 4 12 16 2 12 16 2 16 6 2 0 20.731535792350769
5 30 3 1 2 4 0 2 7 0 2 7 1 2 11 0 2 7 1 2 7 0 2 7 12 16 2 0 2 7 0 2 4 0 2 10 0 2 3 0 2 7 1 2 3 0 2 3 1 2 7 16 31 2 5 30 3 17 18 2 0 20.8012487888336182
5 30 3 0 2 3 0 2 3 5 30 3 1 2 7 0 2 7 8 18 2 0 2 8 0 2 7 0 2 7 0 2 12 0 2 12 0 2 12 12 16 2 0 2 7 1 2 8 0 2 8 16 31 2 1 2 7 1 2 7 0.00248238127564765539 21.6156070232391357
5 30 3 0 2 7 0 2 7 0 2 4 5 30 3 0 2 7 0 2 7 12 16 2 1 2 7 12 16 2 1 2 7 17 9 2 0 2 7 1 2 7 0 2 7 1 2 1 16 31 2 0 2 7 0 2 7 8 18 2 0 20.8342517614364624
5 30 3 5 30 3 0 2 7 1 2 7 0 2 7 0 2 7 0 2 7 0 2 7 17 9 2 0 2 11 1 2 11 12 16 2 0 2 11 13 6 3 1 2 7 0 2 11 17 18 2 12 16 2 1 2 7 8 18 2 0 20.8343498706817627

Current Evaluation = 1440(1440)
Front Size = 10
0 2 7 0 2 7 1 2 7 12 16 2 0 2 7 0 2 7 17 9 2 5 31 3 1 2 7 13 6 3 0 2 7 0 2 7 1 2 7 0 2 7 5 30 3 1 2 7 0 2 7 1 2 7 0 2 7 17 9 2 0 20.2646257877349854
17 9 2 12 16 2 0 2 3 12 16 2 12 16 2 1 2 7 13 6 3 0 2 4 1 2 7 12 16 2 0 2 3 0 2 4 1 2 11 5 31 3 0 2 7 0 2 4 0 2 4 1 2 4 12 16 2 16 6 2 0 20.7315356731414795
0 2 4 1 2 11 1 2 7 17 18 2 0 2 11 8 9 2 5 30 3 12 16 2 1 2 11 5 30 3 0 2 7 1 2 7 1 2 7 0 2 4 0 2 10 0 2 10 0 2 7 0 2 10 0 2 7 17 9 2 0 21.0005908012390137
12 16 2 12 16 2 12 16 2 0 2 7 5 30 3 16 6 2 17 9 2 0 2 7 1 2 7 1 2 7 0 2 7 5 30 3 0 2 7 8 1 2 0 2 3 0 2 3 0 2 3 1 2 7 0 2 3 0 2 3 0 21.1704035997390747
5 30 3 0 2 11 0 2 3 0 2 3 0 2 11 0 2 7 15 2 11 12 16 2 0 2 3 0 2 3 0 2 11 0 2 11 5 30 3 0 2 7 16 6 2 12 16 2 5 30 3 16 19 11 0 2 11 6 2 11 0 22.1595929861068726
17 9 2 0 2 7 0 2 7 12 16 2 13 6 3 12 16 2 12 16 2 1 2 7 0 2 4 0 2 7 12 16 2 0 2 7 13 6 3 1 2 7 1 2 11 0 2 7 5 30 3 1 2 11 17 18 2 0 2 7 0 20.3046585321426392
1 2 7 17 9 2 12 16 2 0 2 7 1 2 7 5 31 3 0 2 7 5 31 3 16 6 2 0 2 7 0 2 4 0 2 4 12 16 2 0 2 10 1 2 7 0 2 7 6 2 7 1 2 7 0 2 7 0 2 7 0 20.6613958477973938
8 9 2 0 2 8 8 18 2 5 30 3 1 2 8 12 16 2 0 2 12 0 2 12 0 2 3 0 2 3 16 19 12 5 30 3 0 2 12 12 16 2 8 9 2 12 16 2 0 2 12 1 2 8 16 6 2 0 2 8 0.000215389613985706916 22.4340169429779053
5 31 3 1 2 7 0 2 7 0 2 7 0 2 7 12 16 2 12 16 2 0 2 7 1 2 4 1 2 7 5 30 3 6 2 7 0 2 4 1 2 7 17 9 2 0 2 7 0 2 7 13 6 3 0 2 7 17 18 2 0 20.3487167954444885
12 16 2 12 16 2 0 2 4 5 30 3 17 9 2 0 2 7 0 2 7 0 2 4 1 2 7 1 2 7 0 2 7 12 16 2 16 31 2 1 2 7 0 2 7 0 2 3 0 2 7 1 2 7 5 30 3 13 6 3 0 20.4516056776046753

Current Evaluation = 1620(1620)
Front Size = 10
17 9 2 12 16 2 13 6 3 1 2 7 5 31 3 0 2 7 0 2 7 0 2 7 1 2 7 1 2 7 1 2 7 0 2 7 0 2 7 0 2 7 5 30 3 1 2 7 0 2 7 0 2 7 0 2 7 17 18 2 0 20.2646257877349854
17 9 2 12 16 2 0 2 3 12 16 2 12 16 2 1 2 7 13 6 3 0 2 4 1 2 7 12 16 2 0 2 3 0 2 4 1 2 11 5 31 3 0 2 7 0 2 4 0 2 4 1 2 4 12 16 2 16 6 2 0 20.7315356731414795
12 16 2 12 16 2 12 16 2 0 2 7 5 30 3 17 18 2 1 2 11 1 2 7 0 2 7 0 2 7 13 6 3 1 2 7 0 2 7 13 6 3 0 2 7 12 16 2 1 2 11 17 18 2 0 2 7 0 2 4 0 20.3046585321426392
12 16 2 5 30 3 0 2 7 0 2 3 0 2 7 5 30 3 16 31 2 0 2 7 17 18 2 1 2 7 0 2 4 0 2 7 1 2 7 13 6 3 1 2 7 12 16 2 0 2 4 0 2 7 1 2 7 12 16 2 0 20.4516056776046753
17 9 2 0 2 7 13 6 3 0 2 7 5 30 3 0 2 7 1 2 7 1 2 7 6 2 7 0 2 7 0 2 4 0 2 4 5 31 3 0 2 7 12 16 2 0 2 7 1 2 7 1 2 7 12 16 2 17 9 2 0 20.3487167954444885
1 2 4 17 18 2 5 30 3 1 2 7 0 2 4 0 2 11 1 2 7 0 2 7 0 2 7 17 9 2 1 2 11 1 2 7 1 2 3 8 9 2 0 2 11 5 30 3 0 2 11 0 2 7 0 2 7 0 2 7 0 20.8198410272598267
17 9 2 12 16 2 1 2 4 13 6 3 1 2 7 5 31 3 0 2 7 0 2 4 0 2 7 12 16 2 0 2 4 12 16 2 1 2 4 0 2 1 0 2 4 0 2 7 1 2 7 1 2 7 12 16 2 17 9 2 0 20.6123768091201782
17 9 2 0 2 7 1 2 7 12 16 2 1 2 7 0 2 7 0 2 7 0 2 7 1 2 7 0 2 7 0 2 7 0 2 7 0 2 4 1 2 4 16 6 2 5 31 3 5 31 3 6 2 7 0 2 7 0 2 7 0 20.4595978856086731
8 9 2 0 2 8 8 18 2 5 30 3 1 2 8 12 16 2 0 2 12 0 2 12 0 2 3 0 2 3 16 19 12 5 30 3 0 2 12 12 16 2 8 9 2 12 16 2 0 2 12 1 2 8 16 6 2 0 2 8 0.000215389613985706916 22.4340169429779053
12 16 2 12 16 2 0 2 11 0 2 7 5 30 3 0 2 7 1 2 7 6 2 7 5 31 3 17 18 2 5 30 3 0 2 11 16 19 11 0 2 11 0 2 11 0 2 7 0 2 7 6 2 11 0 2 11 0 2 3 0 21.9186070561408997

Current Evaluation = 1800(1800)
Front Size = 10
1 2 7 1 2 7 5 31 3 1 2 7 13 6 3 0 2 7 0 2 7 0 2 7 0 2 7 0 2 7 0 2 7 5 30 3 12 16 2 0 2 7 17 18 2 1 2 7 0 2 7 17 9 2 1 2 7 0 2 7 0 20.2646257877349854
12 16 2 12 16 2 12 16 2 0 2 7 5 30 3 17 18 2 1 2 11 1 2 7 0 2 7 0 2 7 13 6 3 1 2 7 0 2 7 13 6 3 0 2 7 12 16 2 1 2 11 17 18 2 0 2 7 0 2 4 0 20.3046585321426392
8 9 2 0 2 8 8 18 2 5 30 3 1 2 8 12 16 2 0 2 12 0 2 12 0 2 3 0 2 3 16 19 12 5 30 3 0 2 12 12 16 2 8 9 2 12 16 2 0 2 12 1 2 8 16 6 2 0 2 8 0.000215389613985706916 22.4340169429779053
17 9 2 0 2 7 12 16 2 1 2 7 13 6 3 5 30 3 0 2 4 16 31 2 12 16 2 0 2 4 0 2 7 5 30 3 0 2 7 0 2 7 12 16 2 1 2 7 0 2 7 0 2 7 1 2 7 1 2 3 0 20.4516056776046753
1 2 4 12 16 2 5 31 3 1 2 7 13 6 3 0 2 7 0 2 7 1 2 7 0 2 7 6 2 7 0 2 7 0 2 7 17 18 2 0 2 7 5 30 3 17 18 2 0 2 4 1 2 7 12 16 2 0 2 7 0 20.3487167954444885
17 9 2 0 2 7 0 2 7 12 16 2 1 2 7 0 2 7 0 2 7 0 2 7 5 30 3 0 2 7 13 6 3 5 31 3 0 2 7 0 2 7 1 2 3 1 2 4 12 16 2 12 16 2 1 2 4 16 30 2 0 20.4516057968139648
12 16 2 1 2 7 0 2 4 0 2 7 1 2 7 0 2 7 0 2 7 0 2 4 1 2 7 0 2 7 0 2 7 0 2 7 5 31 3 17 9 2 6 2 7 16 6 2 1 2 7 0 2 7 5 31 3 0 2 7 0 20.4595978856086731
0 2 3 0 2 3 0 2 3 0 2 7 1 2 7 0 2 7 1 2 7 1 2 11 1 2 7 17 9 2 0 2 7 0 2 7 1 2 7 5 30 3 1 2 7 16 30 2 5 31 3 0 2 7 0 2 3 0 2 7 0 20.6688989400863647
17 9 2 12 16 2 0 2 3 12 16 2 12 16 2 1 2 7 13 6 3 0 2 4 1 2 7 12 16 2 0 2 3 0 2 4 1 2 11 5 31 3 0 2 7 0 2 4 0 2 4 1 2 4 12 16 2 16 6 2 0 20.7315356731414795
1 2 4 17 18 2 5 30 3 1 2 7 0 2 4 0 2 11 1 2 7 0 2 7 0 2 7 17 9 2 1 2 11 1 2 7 1 2 3 8 9 2 0 2 11 5 30 3 0 2 11 0 2 7 0 2 7 0 2 7 0 20.8198410272598267

Current Evaluation = 1980(1980)
Front Size = 10
12 16 2 0 2 7 1 2 7 5 31 3 0 2 7 0 2 7 0 2 7 13 6 3 0 2 7 0 2 7 0 2 7 0 2 7 0 2 7 1 2 7 5 30 3 1 2 7 1 2 7 17 9 2 1 2 7 17 9 2 0 20.2646257877349854
1 2 7 12 16 2 5 31 3 13 6 3 0 2 3 12 16 2 17 9 2 1 2 11 1 2 7 1 2 4 0 2 3 0 2 4 0 2 4 12 16 2 0 2 4 12 16 2 16 6 2 12 16 2 0 2 4 0 2 7 0 20.7315356731414795
12 16 2 12 16 2 12 16 2 0 2 7 5 30 3 17 18 2 1 2 11 1 2 7 0 2 7 0 2 7 13 6 3 1 2 7 0 2 7 13 6 3 0 2 7 12 16 2 1 2 11 17 18 2 0 2 7 0 2 4 0 20.3046585321426392
5 31 3 0 2 7 0 2 7 0 2 7 1 2 1 0 2 3 0 2 7 0 2 7 0 2 7 5 30 3 0 2 7 1 2 7 0 2 4 0 2 4 1 2 4 17 9 2 1 2 11 17 18 2 6 2 7 1 2 7 0 20.7193599343299866
17 9 2 0 2 7 12 16 2 1 2 7 13 6 3 5 30 3 0 2 4 16 31 2 12 16 2 0 2 4 0 2 7 5 30 3 0 2 7 0 2 7 12 16 2 1 2 7 0 2 7 0 2 7 1 2 7 1 2 3 0 20.4516056776046753
8 9 2 0 2 8 8 18 2 5 30 3 1 2 8 12 16 2 0 2 12 0 2 12 0 2 3 0 2 3 16 19 12 5 30 3 0 2 12 12 16 2 8 9 2 12 16 2 0 2 12 1 2 8 16 6 2 0 2 8 0.000215389613985706916 22.4340169429779053
17 9 2 0 2 7 0 2 7 12 16 2 1 2 7 0 2 7 0 2 7 0 2 7 5 30 3 0 2 7 13 6 3 5 31 3 0 2 7 0 2 7 1 2 3 1 2 4 12 16 2 12 16 2 1 2 4 16 30 2 0 20.4516057968139648
12 16 2 1 2 7 13 6 3 0 2 7 0 2 7 1 2 7 0 2 4 0 2 7 0 2 7 17 18 2 0 2 7 5 30 3 17 18 2 0 2 7 12 16 2 6 2 7 5 31 3 1 2 7 1 2 4 0 2 7 0 20.3487167954444885
17 18 2 12 16 2 5 31 3 13 6 3 0 2 4 12 16 2 1 2 4 1 2 11 0 2 4 12 16 2 0 2 7 17 18 2 1 2 4 0 2 7 0 2 11 0 2 7 1 2 4 1 2 7 12 16 2 0 2 7 0 20.6165767908096313
1 2 7 0 2 7 12 16 2 0 2 4 1 2 7 0 2 7 5 31 3 5 30 3 0 2 3 0 2 4 12 16 2 1 2 7 0 2 7 0 2 7 1 2 7 17 18 2 13 6 3 0 2 7 16 30 2 12 16 2 0 20.4516057968139648

Current Evaluation = 2160(2160)
Front Size = 10
1 2 7 12 16 2 5 31 3 13 6 3 1 2 7 17 9 2 1 2 7 0 2 7 0 2 7 0 2 7 0 2 7 17 9 2 5 30 3 0 2 7 0 2 7 0 2 7 1 2 7 1 2 7 0 2 7 0 2 7 0 20.2646257877349854
8 9 2 0 2 8 8 18 2 5 30 3 1 2 8 12 16 2 0 2 12 0 2 12 0 2 3 0 2 3 16 19 12 5 30 3 0 2 12 12 16 2 8 9 2 12 16 2 0 2 12 1 2 8 16 6 2 0 2 8 0.000215389613985706916 22.4340169429779053
1 2 7 12 16 2 5 31 3 13 6 3 0 2 3 12 16 2 17 9 2 1 2 11 1 2 7 1 2 4 0 2 3 0 2 4 0 2 4 12 16 2 0 2 4 12 16 2 16 6 2 12 16 2 0 2 4 0 2 7 0 20.7315356731414795
12 16 2 12 16 2 0 2 7 1 2 11 17 18 2 0 2 7 0 2 4 0 2 7 13 6 3 1 2 7 0 2 7 1 2 7 17 18 2 0 2 7 0 2 7 12 16 2 1 2 11 13 6 3 12 16 2 5 30 3 0 20.3046585321426392
17 9 2 0 2 7 0 2 7 12 16 2 0 2 7 0 2 7 0 2 7 0 2 3 5 30 3 0 2 7 13 6 3 0 2 7 12 16 2 12 16 2 5 30 3 1 2 4 1 2 7 1 2 4 1 2 7 16 31 2 0 20.4516056776046753
12 16 2 5 30 3 1 2 7 0 2 12 16 6 2 8 18 2 0 2 3 16 19 12 0 2 7 8 9 2 12 16 2 8 9 2 17 9 2 0 2 7 0 2 8 0 2 7 0 2 12 1 2 7 0 2 7 0 2 7 0.0992308196759920241 21.2044229507446289
5 31 3 0 2 7 0 2 7 0 2 7 1 2 1 0 2 3 0 2 7 0 2 7 0 2 7 5 30 3 0 2 7 1 2 7 0 2 4 0 2 4 1 2 4 17 9 2 1 2 11 17 18 2 6 2 7 1 2 7 0 20.7193599343299866
17 18 2 12 16 2 5 31 3 13 6 3 0 2 4 12 16 2 1 2 4 1 2 11 0 2 4 12 16 2 0 2 7 17 18 2 1 2 4 0 2 7 0 2 11 0 2 7 1 2 4 1 2 7 12 16 2 0 2 7 0 20.6165767908096313
17 18 2 12 16 2 5 30 3 13 6 3 0 2 7 5 31 3 0 2 7 0 2 7 0 2 7 6 2 7 1 2 7 17 18 2 1 2 4 0 2 7 0 2 4 0 2 7 1 2 7 1 2 7 12 16 2 0 2 7 0 20.3487167954444885
0 2 4 6 2 7 0 2 4 13 6 3 5 31 3 1 2 7 12 16 2 0 2 7 0 2 7 0 2 7 12 16 2 1 2 7 5 30 3 1 2 7 17 9 2 0 2 7 1 2 7 17 9 2 0 2 7 0 2 7 0 20.3487167954444885

Current Evaluation = 2340(2340)
Front Size = 10
1 2 7 5 31 3 13 6 3 0 2 7 12 16 2 0 2 7 1 2 7 0 2 7 1 2 7 0 2 7 0 2 7 0 2 7 5 30 3 0 2 7 17 9 2 17 9 2 0 2 7 1 2 7 1 2 7 0 2 7 0 20.2646257877349854
12 16 2 12 16 2 0 2 7 1 2 11 17 18 2 0 2 7 0 2 4 0 2 7 13 6 3 1 2 7 0 2 7 1 2 7 17 18 2 0 2 7 0 2 7 12 16 2 1 2 11 13 6 3 12 16 2 5 30 3 0 20.3046585321426392
12 16 2 5 31 3 13 6 3 0 2 7 12 16 2 0 2 7 0 2 7 0 2 7 1 2 7 0 2 7 6 2 7 1 2 7 1 2 4 0 2 7 0 2 7 5 30 3 0 2 4 17 9 2 17 18 2 1 2 7 0 20.3487167954444885
17 9 2 0 2 7 0 2 7 12 16 2 0 2 7 0 2 7 0 2 7 0 2 3 5 30 3 0 2 7 13 6 3 0 2 7 12 16 2 12 16 2 5 30 3 1 2 4 1 2 7 1 2 4 1 2 7 16 31 2 0 20.4516056776046753
1 2 4 12 16 2 5 31 3 13 6 3 1 2 3 0 2 7 0 2 7 0 2 7 1 2 4 5 30 3 0 2 7 0 2 7 12 16 2 1 2 7 0 2 7 0 2 7 0 2 7 17 18 2 16 30 2 12 16 2 0 20.4516057968139648
1 2 7 12 16 2 5 31 3 13 6 3 0 2 3 12 16 2 17 9 2 1 2 11 1 2 7 1 2 4 0 2 3 0 2 4 0 2 4 12 16 2 0 2 4 12 16 2 16 6 2 12 16 2 0 2 4 0 2 7 0 20.7315356731414795
5 31 3 1 2 7 12 16 2 12 16 2 1 2 7 0 2 3 1 2 11 8 18 2 0 2 7 0 2 7 12 16 2 0 2 7 16 9 11 5 30 3 0 2 7 0 2 7 0 2 7 0 2 7 16 6 2 0 2 7 0 21.1800046563148499
12 16 2 5 30 3 13 6 3 1 2 11 12 16 2 0 2 7 0 2 7 1 2 7 0 2 7 1 2 7 0 2 7 1 2 7 0 2 11 17 9 2 12 16 2 0 2 7 0 2 4 17 9 2 13 6 3 12 16 2 0 20.3046586513519287
0 2 7 13 6 3 1 2 7 0 2 7 0 2 4 1 2 7 1 2 7 5 30 3 1 2 7 17 9 2 17 9 2 12 16 2 0 2 7 5 31 3 0 2 7 0 2 7 0 2 7 12 16 2 6 2 4 0 2 7 0 20.3487167954444885
0 2 7 13 6 3 5 31 3 12 16 2 0 2 7 0 2 7 0 2 7 0 2 7 5 30 3 1 2 7 0 2 7 6 2 7 0 2 7 17 9 2 0 2 7 17 9 2 1 2 4 1 2 4 12 16 2 1 2 7 0 20.3487167954444885

Current Evaluation = 2520(2520)
Front Size = 10
12 16 2 5 30 3 13 6 3 0 2 7 0 2 7 0 2 7 0 2 7 1 2 7 0 2 7 17 9 2 0 2 7 0 2 7 17 9 2 1 2 7 1 2 7 5 31 3 1 2 7 0 2 7 1 2 7 0 2 7 0 20.2646257877349854
12 16 2 12 16 2 0 2 4 17 18 2 0 2 7 0 2 7 0 2 11 13 6 3 12 16 2 0 2 7 0 2 11 6 2 7 12 16 2 5 30 3 1 2 11 5 30 3 0 2 4 17 9 2 13 6 3 1 2 7 0 20.6217467188835144
1 2 4 12 16 2 13 6 3 12 16 2 1 2 11 1 2 3 0 2 4 12 16 2 12 16 2 1 2 4 5 31 3 0 2 7 0 2 7 0 2 7 17 18 2 0 2 3 0 2 4 16 6 2 12 16 2 0 2 4 0 20.7315356731414795
12 16 2 5 30 3 13 6 3 1 2 11 12 16 2 0 2 7 0 2 7 1 2 11 0 2 7 1 2 4 0 2 7 1 2 7 0 2 7 17 9 2 12 16 2 0 2 7 0 2 7 17 9 2 13 6 3 12 16 2 0 20.3046585321426392
6 2 7 12 16 2 0 2 7 0 2 7 17 18 2 0 2 7 0 2 7 13 6 3 5 30 3 0 2 7 1 2 4 17 18 2 1 2 7 1 2 7 0 2 7 1 2 4 5 31 3 0 2 7 0 2 7 12 16 2 0 20.3487167954444885
12 16 2 12 16 2 0 2 7 1 2 11 17 18 2 0 2 7 0 2 4 0 2 7 13 6 3 1 2 7 0 2 7 1 2 7 17 18 2 0 2 7 0 2 7 12 16 2 1 2 11 13 6 3 12 16 2 5 30 3 0 20.3046585321426392
12 16 2 12 16 2 1 2 7 1 2 7 17 18 2 0 2 3 0 2 7 0 2 7 13 6 3 1 2 12 12 16 2 13 6 3 12 16 2 5 30 3 0 2 4 1 2 7 17 18 2 0 2 11 0 2 4 0 2 7 0 20.3980587720870972
12 16 2 5 30 3 13 6 3 12 16 2 0 2 7 0 2 7 0 2 7 1 2 7 1 2 7 6 2 7 0 2 7 1 2 7 0 2 7 1 2 7 5 31 3 0 2 7 17 18 2 0 2 4 0 2 4 17 18 2 0 20.3487167954444885
17 9 2 0 2 7 0 2 7 12 16 2 0 2 7 0 2 7 0 2 7 0 2 3 5 30 3 0 2 7 13 6 3 0 2 7 12 16 2 12 16 2 5 30 3 1 2 4 1 2 7 1 2 4 1 2 7 16 31 2 0 20.4516056776046753
0 2 7 12 16 2 13 6 3 12 16 2 0 2 7 0 2 7 0 2 7 0 2 7 17 18 2 17 9 2 1 2 7 1 2 7 0 2 7 0 2 7 5 31 3 5 30 3 6 2 4 1 2 7 0 2 4 1 2 7 0 20.3487167954444885

Current Evaluation = 2700(2700)
Front Size = 10
5 30 3 13 6 3 1 2 7 0 2 7 0 2 7 12 16 2 0 2 7 1 2 7 0 2 7 0 2 7 0 2 7 0 2 7 1 2 7 1 2 7 0 2 7 17 9 2 0 2 7 5 31 3 17 9 2 1 2 7 0 20.2646257877349854
0 2 7 0 2 7 1 2 7 17 18 2 1 2 7 0 2 7 0 2 7 1 2 7 0 2 7 0 2 7 0 2 7 5 30 3 1 2 7 1 2 7 13 6 3 0 2 7 5 31 3 12 16 2 0 2 7 17 18 2 0 20.2646257877349854
5 30 3 13 6 3 1 2 7 1 2 11 0 2 7 13 6 3 0 2 4 12 16 2 12 16 2 1 2 7 0 2 7 0 2 7 12 16 2 0 2 7 17 9 2 12 16 2 0 2 7 1 2 11 17 9 2 0 2 11 0 20.4042586088180542
1 2 4 12 16 2 13 6 3 12 16 2 1 2 11 1 2 3 0 2 4 12 16 2 12 16 2 1 2 4 5 31 3 0 2 7 0 2 7 0 2 7 17 18 2 0 2 3 0 2 4 16 6 2 12 16 2 0 2 4 0 20.7315356731414795
5 30 3 13 6 3 1 2 7 1 2 11 0 2 7 13 6 3 0 2 7 12 16 2 12 16 2 1 2 11 0 2 7 0 2 4 12 16 2 0 2 7 17 18 2 12 16 2 0 2 7 1 2 7 17 18 2 0 2 7 0 20.3046585321426392
5 31 3 13 6 3 0 2 7 0 2 7 1 2 4 1 2 7 6 2 7 12 16 2 1 2 7 17 18 2 0 2 7 0 2 4 0 2 7 0 2 7 12 16 2 5 30 3 0 2 7 0 2 7 17 9 2 1 2 7 0 20.3487167954444885
17 9 2 0 2 7 0 2 7 12 16 2 0 2 7 0 2 7 0 2 7 0 2 3 5 30 3 0 2 7 13 6 3 0 2 7 12 16 2 12 16 2 5 30 3 1 2 4 1 2 7 1 2 4 1 2 7 16 31 2 0 20.4516056776046753
0 2 4 1 2 7 1 2 7 0 2 7 13 6 3 5 30 3 0 2 7 0 2 7 0 2 7 12 16 2 12 16 2 0 2 7 0 2 7 17 18 2 0 2 4 17 18 2 1 2 7 1 2 7 6 2 7 5 31 3 0 20.3487167954444885
0 2 7 0 2 7 1 2 7 13 6 3 12 16 2 5 30 3 1 2 7 12 16 2 5 30 3 16 31 2 0 2 7 12 16 2 0 2 7 1 2 4 0 2 7 0 2 3 0 2 7 17 18 2 1 2 7 0 2 4 0 20.4516056776046753
0 2 7 12 16 2 13 6 3 12 16 2 0 2 7 5 31 3 0 2 7 0 2 7 1 2 7 17 18 2 1 2 7 0 2 7 0 2 3 12 16 2 0 2 7 0 2 7 1 2 7 16 24 2 6 2 7 5 30 3 0 20.5451107621192932

Current Evaluation = 2880(2880)
Front Size = 10
5 30 3 13 6 3 1 2 7 0 2 7 0 2 7 12 16 2 0 2 7 1 2 7 0 2 7 0 2 7 0 2 7 0 2 7 1 2 7 1 2 7 0 2 7 17 9 2 0 2 7 5 31 3 17 9 2 1 2 7 0 20.2646257877349854
5 30 3 13 6 3 1 2 7 0 2 7 0 2 7 12 16 2 0 2 7 1 2 7 17 18 2 0 2 7 0 2 7 1 2 7 1 2 7 0 2 7 5 31 3 17 18 2 0 2 7 0 2 7 0 2 7 1 2 7 0 20.2646257877349854
1 2 4 12 16 2 13 6 3 12 16 2 1 2 11 1 2 3 0 2 4 12 16 2 12 16 2 1 2 4 5 31 3 0 2 7 0 2 7 0 2 7 17 18 2 0 2 3 0 2 4 16 6 2 12 16 2 0 2 4 0 20.7315356731414795
5 30 3 13 6 3 0 2 7 1 2 4 1 2 11 12 16 2 0 2 7 0 2 7 17 18 2 0 2 7 0 2 7 0 2 7 12 16 2 1 2 7 1 2 11 12 16 2 12 16 2 17 9 2 0 2 7 13 6 3 0 20.3046585321426392
5 30 3 13 6 3 1 2 7 1 2 11 0 2 7 13 6 3 0 2 7 12 16 2 12 16 2 1 2 11 0 2 7 0 2 4 12 16 2 0 2 7 17 18 2 12 16 2 0 2 7 1 2 7 17 18 2 0 2 7 0 20.3046585321426392
5 30 3 13 6 3 5 31 3 12 16 2 0 2 4 0 2 7 0 2 7 0 2 7 0 2 7 6 2 7 1 2 7 17 9 2 1 2 7 0 2 7 17 18 2 1 2 7 12 16 2 0 2 4 0 2 7 1 2 7 0 20.3487167954444885
5 30 3 13 6 3 1 2 7 0 2 7 0 2 7 12 16 2 0 2 7 0 2 7 17 18 2 0 2 7 0 2 7 0 2 4 1 2 7 1 2 7 12 16 2 0 2 7 5 31 3 17 18 2 6 2 7 1 2 4 0 20.3487167954444885
5 30 3 13 6 3 1 2 7 1 2 11 0 2 7 13 6 3 0 2 4 12 16 2 12 16 2 1 2 7 0 2 7 0 2 7 12 16 2 0 2 7 12 16 2 0 2 7 1 2 11 17 9 2 17 9 2 0 2 11 0 20.4042586088180542
5 30 3 13 6 3 0 2 7 0 2 7 1 2 11 12 16 2 12 16 2 0 2 7 12 16 2 0 2 4 17 18 2 1 2 7 1 2 7 1 2 7 0 2 11 13 6 3 0 2 7 0 2 7 12 16 2 17 18 2 0 20.3046586513519287
17 9 2 0 2 7 0 2 7 12 16 2 0 2 7 0 2 7 0 2 7 0 2 3 5 30 3 0 2 7 13 6 3 0 2 7 12 16 2 12 16 2 5 30 3 1 2 4 1 2 7 1 2 4 1 2 7 16 31 2 0 20.4516056776046753

Current Evaluation = 3060(3060)
Front Size = 10
5 30 3 13 6 3 1 2 7 0 2 7 0 2 7 0 2 7 0 2 7 0 2 7 0 2 7 0 2 7 12 16 2 1 2 7 5 31 3 1 2 7 17 9 2 1 2 7 0 2 7 0 2 7 1 2 7 17 9 2 0 20.2646257877349854
5 30 3 0 2 7 12 16 2 0 2 7 0 2 7 17 18 2 0 2 7 5 31 3 0 2 7 1 2 7 1 2 7 1 2 7 1 2 7 1 2 7 13 6 3 0 2 7 17 18 2 0 2 7 0 2 7 0 2 7 0 20.2646257877349854
1 2 4 12 16 2 13 6 3 12 16 2 1 2 11 1 2 3 0 2 4 12 16 2 12 16 2 1 2 4 5 31 3 0 2 7 0 2 7 0 2 7 17 18 2 0 2 3 0 2 4 16 6 2 12 16 2 0 2 4 0 20.7315356731414795
5 30 3 13 6 3 0 2 7 1 2 11 12 16 2 12 16 2 0 2 7 12 16 2 0 2 7 17 18 2 1 2 11 13 6 3 0 2 7 0 2 7 12 16 2 1 2 7 0 2 7 1 2 4 17 9 2 0 2 7 0 20.3046585321426392
5 30 3 13 6 3 0 2 7 0 2 4 1 2 7 12 16 2 12 16 2 0 2 7 1 2 7 17 18 2 1 2 11 0 2 7 0 2 11 0 2 7 17 18 2 12 16 2 13 6 3 12 16 2 0 2 7 1 2 7 0 20.3046586513519287
5 30 3 0 2 4 0 2 7 12 16 2 0 2 7 0 2 7 17 18 2 0 2 7 5 31 3 0 2 7 12 16 2 6 2 7 17 9 2 1 2 7 1 2 7 0 2 4 1 2 7 1 2 7 0 2 7 13 6 3 0 20.3487167954444885
5 30 3 13 6 3 1 2 7 0 2 7 0 2 7 12 16 2 0 2 7 0 2 7 17 18 2 0 2 7 0 2 7 1 2 7 1 2 7 0 2 7 5 31 3 17 18 2 0 2 4 12 16 2 6 2 7 1 2 4 0 20.3487167954444885
17 9 2 0 2 7 0 2 7 12 16 2 0 2 7 0 2 7 0 2 7 0 2 3 5 30 3 0 2 7 13 6 3 0 2 7 12 16 2 12 16 2 5 30 3 1 2 4 1 2 7 1 2 4 1 2 7 16 31 2 0 20.4516056776046753
0 2 4 13 6 3 1 2 11 12 16 2 12 16 2 0 2 7 0 2 7 17 18 2 0 2 7 1 2 11 0 2 7 0 2 7 0 2 7 17 18 2 12 16 2 1 2 7 12 16 2 5 30 3 13 6 3 1 2 7 0 20.3046585321426392
0 2 4 13 6 3 12 16 2 12 16 2 0 2 7 0 2 7 17 18 2 0 2 7 0 2 7 0 2 7 0 2 7 1 2 7 5 30 3 1 2 7 1 2 11 6 2 7 17 9 2 12 16 2 12 16 2 5 31 3 0.000329978443398654901 20.8344646096229553

Current Evaluation = 3240(3240)
Front Size = 10
5 30 3 13 6 3 0 2 7 1 2 7 0 2 7 0 2 7 17 18 2 0 2 7 0 2 7 0 2 7 0 2 7 1 2 7 1 2 7 5 31 3 1 2 7 17 18 2 12 16 2 1 2 7 0 2 7 0 2 7 0 20.2646257877349854
5 30 3 13 6 3 1 2 7 0 2 7 1 2 7 12 16 2 0 2 7 1 2 7 1 2 7 0 2 7 0 2 7 17 18 2 5 31 3 1 2 7 0 2 7 0 2 7 0 2 7 0 2 7 0 2 7 17 9 2 0 20.2646257877349854
1 2 4 12 16 2 13 6 3 12 16 2 1 2 11 1 2 3 0 2 4 12 16 2 12 16 2 1 2 4 5 31 3 0 2 7 0 2 7 0 2 7 17 18 2 0 2 3 0 2 4 16 6 2 12 16 2 0 2 4 0 20.7315356731414795
0 2 7 0 2 7 12 16 2 0 2 7 0 2 7 0 2 7 5 30 3 0 2 7 13 6 3 0 2 7 12 16 2 12 16 2 1 2 4 1 2 7 1 2 7 1 2 3 0 2 3 16 30 2 1 2 4 16 31 2 0.00824198514324410957 20.0512428283691406
5 30 3 13 6 3 0 2 7 1 2 7 12 16 2 1 2 7 17 18 2 0 2 7 0 2 7 17 18 2 0 2 7 0 2 7 0 2 7 12 16 2 0 2 4 1 2 11 12 16 2 12 16 2 1 2 11 13 6 3 0 20.3046585321426392
5 30 3 13 6 3 1 2 7 0 2 7 12 16 2 1 2 7 0 2 4 1 2 7 0 2 7 17 18 2 0 2 4 0 2 7 0 2 7 5 31 3 6 2 7 1 2 7 17 18 2 12 16 2 0 2 7 0 2 7 0 20.3487167954444885
0 2 7 0 2 7 12 16 2 0 2 7 0 2 7 0 2 7 5 30 3 0 2 7 13 6 3 0 2 7 1 2 7 1 2 7 17 18 2 0 2 3 12 16 2 17 18 2 5 30 3 1 2 7 1 2 4 1 2 7 0.000250255412746813516 20.3921446800231934
5 30 3 13 6 3 0 2 7 1 2 11 12 16 2 12 16 2 0 2 7 12 16 2 0 2 7 17 18 2 1 2 11 13 6 3 0 2 7 0 2 7 12 16 2 1 2 7 0 2 7 1 2 4 17 9 2 0 2 7 0 20.3046585321426392
0 2 4 1 2 7 12 16 2 1 2 7 6 2 7 0 2 7 5 31 3 1 2 7 13 6 3 0 2 7 0 2 7 0 2 7 17 18 2 12 16 2 17 18 2 0 2 7 1 2 4 5 30 3 0 2 7 0 2 7 0 20.3487167954444885
5 30 3 13 6 3 0 2 7 12 16 2 12 16 2 0 2 7 0 2 7 17 18 2 0 2 7 0 2 7 1 2 7 0 2 7 1 2 7 0 2 4 17 18 2 1 2 7 5 31 3 1 2 7 12 16 2 13 6 3 0.000518919628636522784 20.2485827207565308

Current Evaluation = 3420(3420)
Front Size = 10
5 30 3 13 6 3 0 2 7 12 16 2 0 2 7 0 2 7 17 18 2 0 2 7 0 2 7 1 2 7 0 2 7 1 2 7 1 2 7 5 31 3 1 2 7 0 2 7 17 9 2 0 2 7 0 2 7 1 2 7 0 20.2646257877349854
5 30 3 0 2 7 0 2 7 1 2 7 0 2 7 17 18 2 0 2 7 1 2 7 1 2 7 0 2 7 1 2 7 0 2 7 1 2 7 12 16 2 0 2 7 0 2 7 13 6 3 0 2 7 17 18 2 5 31 3 0 20.2646257877349854
1 2 4 12 16 2 13 6 3 12 16 2 1 2 11 1 2 3 0 2 4 12 16 2 12 16 2 1 2 4 5 31 3 0 2 7 0 2 7 0 2 7 17 18 2 0 2 3 0 2 4 16 6 2 12 16 2 0 2 4 0 20.7315356731414795
5 30 3 13 6 3 0 2 7 12 16 2 12 16 2 0 2 7 0 2 7 17 18 2 0 2 7 0 2 7 1 2 7 0 2 7 1 2 4 17 9 2 0 2 7 1 2 11 12 16 2 1 2 11 13 6 3 12 16 2 0 20.3046585321426392
5 30 3 13 6 3 0 2 4 12 16 2 12 16 2 0 2 7 0 2 7 17 18 2 0 2 7 0 2 7 1 2 7 0 2 11 1 2 11 17 18 2 0 2 7 1 2 7 12 16 2 1 2 7 13 6 3 12 16 2 0 20.3046586513519287
5 30 3 13 6 3 1 2 3 12 16 2 12 16 2 1 2 4 0 2 7 8 18 2 0 2 7 0 2 7 0 2 7 0 2 7 16 6 2 17 18 2 5 30 3 12 16 2 0 2 7 1 2 11 0 2 7 0 2 7 0 20.6301085948944092
5 30 3 13 6 3 0 2 7 12 16 2 12 16 2 0 2 7 0 2 7 17 18 2 0 2 7 0 2 7 1 2 7 0 2 7 1 2 7 0 2 4 1 2 7 5 31 3 6 2 7 0 2 4 1 2 7 17 18 2 0 20.3487167954444885
5 30 3 13 6 3 0 2 7 12 16 2 0 2 7 17 18 2 0 2 7 1 2 7 1 2 7 0 2 7 1 2 7 17 9 2 0 2 7 1 2 7 0 2 7 12 16 2 0 2 4 13 6 3 0 2 11 12 16 2 0.000474942006172259434 20.0572607517242432
5 30 3 13 6 3 0 2 7 1 2 11 12 16 2 12 16 2 0 2 7 12 16 2 0 2 7 17 18 2 1 2 11 13 6 3 0 2 7 0 2 7 12 16 2 1 2 7 0 2 7 1 2 7 17 18 2 0 2 4 0 20.3046585321426392
5 30 3 13 6 3 0 2 7 1 2 4 12 16 2 12 16 2 0 2 7 12 16 2 0 2 7 17 18 2 13 6 3 0 2 7 1 2 11 12 16 2 1 2 11 0 2 7 17 18 2 0 2 7 0 2 7 1 2 7 0 20.3046585321426392

Current Evaluation = 3600(3600)
Front Size = 10
5 31 3 13 6 3 12 16 2 1 2 7 0 2 7 0 2 7 1 2 7 1 2 7 5 30 3 0 2 7 0 2 7 0 2 7 0 2 7 0 2 7 0 2 7 1 2 7 0 2 7 17 9 2 1 2 7 17 9 2 0 20.2646257877349854
5 31 3 13 6 3 12 16 2 1 2 7 0 2 7 0 2 7 1 2 7 1 2 7 5 30 3 0 2 7 0 2 7 0 2 7 0 2 7 0 2 7 0 2 7 1 2 7 0 2 7 1 2 7 17 18 2 17 18 2 0 20.2646257877349854
1 2 4 12 16 2 13 6 3 12 16 2 1 2 11 1 2 3 0 2 4 12 16 2 12 16 2 1 2 4 5 31 3 0 2 7 0 2 7 0 2 7 17 18 2 0 2 3 0 2 4 16 6 2 12 16 2 0 2 4 0 20.7315356731414795
13 6 3 12 16 2 0 2 3 0 2 7 0 2 7 0 2 7 1 2 4 5 30 3 8 18 2 12 16 2 5 30 3 0 2 7 0 2 7 1 2 11 12 16 2 17 9 2 1 2 7 16 6 2 0 2 7 0 2 7 0 20.6301085948944092
5 30 3 13 6 3 0 2 7 1 2 11 12 16 2 12 16 2 0 2 7 12 16 2 0 2 7 17 18 2 1 2 11 13 6 3 0 2 7 0 2 7 12 16 2 1 2 7 0 2 7 1 2 7 17 18 2 0 2 4 0 20.3046585321426392
5 30 3 13 6 3 1 2 11 12 16 2 12 16 2 0 2 7 0 2 7 17 18 2 0 2 7 0 2 7 1 2 7 0 2 7 1 2 7 0 2 7 17 9 2 12 16 2 1 2 11 13 6 3 12 16 2 0 2 4 0 20.3046585321426392
13 6 3 12 16 2 0 2 7 0 2 7 0 2 11 5 30 3 0 2 7 0 2 7 17 18 2 0 2 4 1 2 7 12 16 2 12 16 2 17 9 2 12 16 2 0 2 7 13 6 3 1 2 7 1 2 7 1 2 11 0 20.3046586513519287
5 30 3 13 6 3 0 2 7 0 2 7 0 2 7 0 2 7 6 2 7 1 2 7 1 2 7 5 31 3 0 2 7 1 2 7 17 18 2 12 16 2 17 9 2 0 2 7 12 16 2 1 2 7 0 2 4 0 2 4 0 20.3487167954444885
5 30 3 13 6 3 0 2 7 12 16 2 0 2 7 0 2 7 0 2 7 0 2 7 1 2 7 0 2 7 0 2 7 12 16 2 5 30 3 1 2 7 1 2 3 0 2 4 0 2 7 16 31 2 1 2 11 6 2 7 0.00174913511541912323 20.4317017197608948
5 31 3 13 6 3 12 16 2 1 2 7 0 2 7 0 2 7 0 2 7 1 2 7 5 30 3 0 2 7 0 2 7 0 2 7 0 2 7 17 18 2 1 2 7 17 18 2 1 2 4 6 2 7 12 16 2 0 2 4 0 20.3487167954444885

MonoObjective Genetic Algorithm
Number of Evaluations = 0
Mutation Probability = 0
Crossover Probability = 1
Population Size = 10
Survival Selection Type = 16

Time =  3602.85550808906555

Current Evaluation = 3390
Front Size = 10
5 31 3 13 6 3 12 16 2 1 2 7 0 2 7 0 2 7 1 2 7 1 2 7 5 30 3 0 2 7 0 2 7 0 2 7 0 2 7 0 2 7 0 2 7 1 2 7 0 2 7 17 9 2 1 2 7 17 9 2 0 20.2646257877349854
5 31 3 13 6 3 12 16 2 1 2 7 0 2 7 0 2 7 1 2 7 1 2 7 5 30 3 0 2 7 0 2 7 0 2 7 0 2 7 0 2 7 0 2 7 1 2 7 0 2 7 1 2 7 17 18 2 17 18 2 0 20.2646257877349854
1 2 4 12 16 2 13 6 3 12 16 2 1 2 11 1 2 3 0 2 4 12 16 2 12 16 2 1 2 4 5 31 3 0 2 7 0 2 7 0 2 7 17 18 2 0 2 3 0 2 4 16 6 2 12 16 2 0 2 4 0 20.7315356731414795
13 6 3 12 16 2 0 2 3 0 2 7 0 2 7 0 2 7 1 2 4 5 30 3 8 18 2 12 16 2 5 30 3 0 2 7 0 2 7 1 2 11 12 16 2 17 9 2 1 2 7 16 6 2 0 2 7 0 2 7 0 20.6301085948944092
5 30 3 13 6 3 0 2 7 1 2 11 12 16 2 12 16 2 0 2 7 12 16 2 0 2 7 17 18 2 1 2 11 13 6 3 0 2 7 0 2 7 12 16 2 1 2 7 0 2 7 1 2 7 17 18 2 0 2 4 0 20.3046585321426392
5 30 3 13 6 3 1 2 11 12 16 2 12 16 2 0 2 7 0 2 7 17 18 2 0 2 7 0 2 7 1 2 7 0 2 7 1 2 7 0 2 7 17 9 2 12 16 2 1 2 11 13 6 3 12 16 2 0 2 4 0 20.3046585321426392
13 6 3 12 16 2 0 2 7 0 2 7 0 2 11 5 30 3 0 2 7 0 2 7 17 18 2 0 2 4 1 2 7 12 16 2 12 16 2 17 9 2 12 16 2 0 2 7 13 6 3 1 2 7 1 2 7 1 2 11 0 20.3046586513519287
5 30 3 13 6 3 0 2 7 0 2 7 0 2 7 0 2 7 6 2 7 1 2 7 1 2 7 5 31 3 0 2 7 1 2 7 17 18 2 12 16 2 17 9 2 0 2 7 12 16 2 1 2 7 0 2 4 0 2 4 0 20.3487167954444885
5 30 3 13 6 3 0 2 7 12 16 2 0 2 7 0 2 7 0 2 7 0 2 7 1 2 7 0 2 7 0 2 7 12 16 2 5 30 3 1 2 7 1 2 3 0 2 4 0 2 7 16 31 2 1 2 11 6 2 7 0.00174913511541912323 20.4317017197608948
5 31 3 13 6 3 12 16 2 1 2 7 0 2 7 0 2 7 0 2 7 1 2 7 5 30 3 0 2 7 0 2 7 0 2 7 0 2 7 17 18 2 1 2 7 17 18 2 1 2 4 6 2 7 12 16 2 0 2 4 0 20.3487167954444885

