Current Evaluation = 180(180)
Front Size = 10
1 2 7 17 18 2 1 2 7 0 2 7 0 2 7 0 2 7 0 2 7 0 2 7 0 2 7 17 9 2 0 2 7 0 2 7 5 31 3 13 6 3 1 2 7 12 16 2 0 2 7 1 2 7 1 2 7 5 30 3 0 20.2646257877349854
1 2 4 12 16 2 16 30 2 6 2 7 5 30 3 0 2 7 0 2 7 12 16 2 12 16 2 12 16 2 0 2 7 0 2 4 1 2 7 0 2 11 13 6 3 0 2 7 0 2 11 17 9 2 0 2 7 5 31 3 0 20.745448887348175
1 2 4 1 2 7 17 18 2 0 2 7 1 2 11 1 2 11 0 2 7 0 2 7 0 2 7 0 2 11 0 2 7 0 2 7 8 18 2 0 2 4 1 2 11 0 2 7 17 9 2 1 2 3 5 30 3 5 30 3 0 20.8198407888412476
12 16 2 5 30 3 0 2 7 0 2 10 0 2 7 0 2 11 12 16 2 0 2 11 17 18 2 6 2 11 8 18 2 16 6 2 0 2 11 0 2 11 0 2 11 0 2 1 0 2 1 0 2 11 5 30 3 5 30 3 0 22.1141421794891357
1 2 1 5 30 3 12 16 2 0 2 3 1 2 12 0 2 12 16 19 12 8 9 2 5 30 3 0 2 3 12 16 2 8 9 2 0 2 11 0 2 12 0 2 3 0 2 3 16 9 12 0 2 3 12 16 2 12 16 2 8.66519100630811764e-05 22.6779789924621582
0 2 8 12 16 2 5 31 3 12 16 2 0 2 8 0 2 7 16 19 11 0 2 7 0 2 7 0 2 11 0 2 8 5 30 3 5 30 3 0 2 8 8 9 2 0 2 8 0 2 8 16 6 2 0 2 8 6 2 8 0 22.5684802532196045
16 6 2 5 30 3 0 2 7 0 2 3 1 2 7 0 2 3 12 16 2 1 2 3 1 2 7 1 2 3 0 2 7 0 2 3 0 2 7 5 30 3 16 31 2 0 2 7 0 2 3 0 2 7 0 2 3 1 2 3 0 20.9838578701019287
12 16 2 1 2 7 1 2 7 5 30 3 1 2 7 0 2 11 17 9 2 0 2 3 16 6 2 0 2 4 0 2 10 0 2 7 0 2 7 0 2 3 12 2 7 0 2 4 0 2 3 5 31 3 12 16 2 0 2 7 0 21.1755778789520264
0 2 7 5 30 3 12 16 2 0 2 3 0 2 7 0 2 8 0 2 8 0 2 7 16 19 11 1 2 8 0 2 7 16 31 2 0 2 7 1 2 7 0 2 8 17 18 2 1 2 7 0 2 8 1 2 4 0 2 7 0.0860469937952847708 21.1780639886856079
5 30 3 0 2 7 0 2 7 17 18 2 16 6 2 6 2 7 1 2 8 6 2 7 1 2 7 0 2 1 5 31 3 8 18 2 0 2 7 12 16 2 5 30 3 0 2 11 0 2 7 0 2 7 5 31 3 0 2 7 0.0656651706335091151 21.4297819137573242

Current Evaluation = 360(360)
Front Size = 10
12 16 2 5 30 3 1 2 7 1 2 7 0 2 7 17 18 2 17 9 2 13 6 3 0 2 7 1 2 7 0 2 7 0 2 7 0 2 7 0 2 7 0 2 7 0 2 7 1 2 7 0 2 7 1 2 7 5 31 3 0 20.2646257877349854
0 2 3 5 30 3 0 2 11 5 30 3 12 16 2 5 30 3 1 2 7 0 2 3 16 30 2 0 2 11 0 2 11 1 2 3 0 2 3 0 2 3 0 2 11 0 2 3 16 19 11 0 2 3 1 2 8 0 2 3 0 22.133776068687439
12 16 2 5 30 3 0 2 7 0 2 10 0 2 7 0 2 11 12 16 2 0 2 11 17 18 2 6 2 11 8 18 2 16 6 2 0 2 11 0 2 11 0 2 11 0 2 1 0 2 1 0 2 11 5 30 3 5 30 3 0 22.1141421794891357
1 2 3 5 30 3 0 2 7 0 2 7 12 16 2 12 16 2 0 2 7 1 2 7 0 2 7 16 31 2 8 9 2 16 24 2 0 2 3 5 30 3 1 2 7 0 2 7 0 2 7 0 2 7 12 16 2 0 2 4 0 20.8956457376480103
0 2 8 12 16 2 5 31 3 12 16 2 0 2 8 0 2 7 16 19 11 0 2 7 0 2 7 0 2 11 0 2 8 5 30 3 5 30 3 0 2 8 8 9 2 0 2 8 0 2 8 16 6 2 0 2 8 6 2 8 0 22.5684802532196045
1 2 11 1 2 7 0 2 7 5 30 3 12 16 2 5 31 3 1 2 10 12 16 2 0 2 3 0 2 4 0 2 7 0 2 3 1 2 4 0 2 3 17 18 2 16 30 2 0 2 7 0 2 3 1 2 11 0 2 7 0 21.1486468315124512
1 2 1 5 30 3 12 16 2 0 2 3 1 2 12 0 2 12 16 19 12 8 9 2 5 30 3 0 2 3 12 16 2 8 9 2 0 2 11 0 2 12 0 2 3 0 2 3 16 9 12 0 2 3 12 16 2 12 16 2 8.66519100630811764e-05 22.6779789924621582
0 2 3 5 31 3 0 2 7 6 2 7 0 2 7 1 2 7 1 2 8 0 2 3 0 2 7 0 2 7 17 18 2 16 6 2 1 2 7 0 2 7 6 2 7 0 2 7 0 2 7 0 2 8 5 31 3 5 30 3 0 21.027135968208313
12 16 2 0 2 7 0 2 7 0 2 7 5 30 3 5 30 3 16 6 2 0 2 8 1 2 3 1 2 3 0 2 3 16 19 11 0 2 7 0 2 3 1 2 3 8 9 2 0 2 8 1 2 7 0 2 3 16 31 2 0.0409535647333753375 21.275568962097168
12 16 2 5 30 3 1 2 7 1 2 7 0 2 4 0 2 11 12 16 2 0 2 7 17 18 2 1 2 4 17 9 2 13 6 3 0 2 7 1 2 7 0 2 7 0 2 7 0 2 11 0 2 7 5 30 3 15 2 11 0 20.6221418380737305

Current Evaluation = 540(540)
Front Size = 10
0 2 7 12 16 2 0 2 7 0 2 7 17 9 2 5 30 3 0 2 7 0 2 7 1 2 7 1 2 7 5 31 3 0 2 7 17 9 2 1 2 7 0 2 7 0 2 7 1 2 7 1 2 7 0 2 7 13 6 3 0 20.2646257877349854
1 2 1 5 30 3 12 16 2 0 2 3 1 2 12 0 2 12 16 19 12 8 9 2 5 30 3 0 2 3 12 16 2 8 9 2 0 2 11 0 2 12 0 2 3 0 2 3 16 9 12 0 2 3 12 16 2 12 16 2 8.66519100630811764e-05 22.6779789924621582
12 16 2 1 2 4 1 2 3 1 2 3 0 2 3 0 2 3 0 2 7 0 2 3 0 2 3 0 2 4 16 15 2 0 2 3 0 2 3 0 2 3 5 30 3 0 2 7 0 2 3 12 16 2 16 18 11 5 30 3 0 21.7818148732185364
12 16 2 1 2 8 5 30 3 6 2 11 5 30 3 0 2 11 17 9 2 8 9 2 0 2 7 0 2 3 0 2 11 0 2 7 5 30 3 1 2 7 0 2 11 0 2 8 0 2 13 0 2 7 0 2 11 16 19 11 0 22.0692900419235229
12 16 2 12 16 2 0 2 4 0 2 7 5 30 3 0 2 7 12 16 2 5 30 3 6 2 7 0 2 7 17 18 2 1 2 7 0 2 3 1 2 7 16 31 2 1 2 7 0 2 7 0 2 7 0 2 11 13 6 3 0 20.5474987626075745
0 2 3 12 16 2 0 2 7 1 2 7 5 30 3 0 2 7 1 2 3 0 2 3 0 2 3 1 2 3 0 2 7 0 2 7 0 2 7 0 2 3 5 31 3 16 6 2 1 2 7 16 30 2 1 2 3 0 2 3 0 20.9838579893112183
1 2 7 1 2 11 0 2 7 1 2 7 5 30 3 17 18 2 12 16 2 5 31 3 0 2 11 0 2 7 0 2 7 8 18 2 0 2 7 1 2 4 0 2 7 17 18 2 0 2 11 0 2 7 0 2 7 1 2 4 0 20.9388699531555176
0 2 3 12 16 2 0 2 7 5 30 3 0 2 7 0 2 7 1 2 3 5 30 3 0 2 8 0 2 7 0 2 8 5 30 3 0 2 3 16 19 11 0 2 7 0 2 3 0 2 8 16 31 2 1 2 8 0 2 7 0 21.9688068628311157
12 16 2 5 30 3 0 2 7 0 2 10 0 2 7 0 2 11 12 16 2 0 2 11 17 18 2 6 2 11 8 18 2 16 6 2 0 2 11 0 2 11 0 2 11 0 2 1 0 2 1 0 2 11 5 30 3 5 30 3 0 22.1141421794891357
12 16 2 12 16 2 0 2 7 0 2 7 6 2 8 0 2 7 5 31 3 5 30 3 0 2 7 5 31 3 6 2 13 16 19 11 0 2 7 0 2 7 0 2 11 0 2 7 0 2 7 16 6 2 0 2 7 0 2 7 0 21.5548467636108398

Current Evaluation = 720(720)
Front Size = 10
12 16 2 5 30 3 1 2 7 0 2 7 1 2 7 0 2 7 0 2 7 0 2 7 1 2 7 5 31 3 0 2 7 17 9 2 17 9 2 0 2 7 0 2 7 1 2 7 13 6 3 1 2 7 0 2 7 0 2 7 0 20.2646257877349854
12 16 2 1 2 4 1 2 3 1 2 3 0 2 3 0 2 3 0 2 7 0 2 3 0 2 3 0 2 4 16 15 2 0 2 3 0 2 3 0 2 3 5 30 3 0 2 7 0 2 3 12 16 2 16 18 11 5 30 3 0 21.7818148732185364
12 16 2 13 6 3 1 2 12 5 30 3 17 18 2 5 31 3 0 2 7 17 9 2 0 2 7 1 2 12 0 2 7 6 2 7 1 2 7 5 30 3 0 2 8 0 2 3 0 2 11 0 2 7 0 2 11 0 2 3 0 21.2815141081809998
12 16 2 5 30 3 17 9 2 1 2 11 0 2 11 0 2 7 0 2 7 1 2 10 0 2 7 0 2 7 0 2 4 8 9 2 1 2 3 1 2 4 5 30 3 0 2 7 0 2 7 1 2 11 0 2 7 17 9 2 0 20.9925907850265503
0 2 3 12 16 2 0 2 7 5 30 3 0 2 7 0 2 7 1 2 3 5 30 3 0 2 8 0 2 7 0 2 8 5 30 3 0 2 3 16 19 11 0 2 7 0 2 3 0 2 8 16 31 2 1 2 8 0 2 7 0 21.9688068628311157
1 2 1 5 30 3 12 16 2 0 2 3 1 2 12 0 2 12 16 19 12 8 9 2 5 30 3 0 2 3 12 16 2 8 9 2 0 2 11 0 2 12 0 2 3 0 2 3 16 9 12 0 2 3 12 16 2 12 16 2 8.66519100630811764e-05 22.6779789924621582
0 2 7 12 16 2 0 2 7 5 30 3 0 2 7 17 18 2 0 2 10 0 2 1 0 2 1 6 2 11 5 31 3 17 9 2 5 30 3 0 2 7 6 2 11 0 2 10 0 2 7 6 2 11 1 2 7 0 2 7 0 21.613690972328186
12 16 2 12 16 2 0 2 7 0 2 3 5 30 3 0 2 7 12 16 2 5 30 3 0 2 7 1 2 7 17 18 2 1 2 7 0 2 7 1 2 7 16 31 2 0 2 4 0 2 4 0 2 7 1 2 7 13 6 3 0 20.4516056776046753
0 2 4 12 16 2 1 2 4 0 2 3 5 30 3 1 2 7 1 2 11 0 2 7 1 2 7 0 2 7 0 2 7 0 2 3 0 2 7 1 2 7 5 31 3 16 30 2 0 2 7 17 9 2 0 2 10 0 2 3 0 20.8012489080429077
1 2 7 1 2 11 0 2 7 1 2 7 5 30 3 17 18 2 12 16 2 5 31 3 0 2 11 0 2 7 0 2 7 8 18 2 0 2 7 1 2 4 0 2 7 17 18 2 0 2 11 0 2 7 0 2 7 1 2 4 0 20.9388699531555176

Current Evaluation = 900(900)
Front Size = 10
1 2 7 12 16 2 1 2 7 5 30 3 0 2 7 17 18 2 5 31 3 17 9 2 0 2 7 0 2 7 1 2 7 0 2 7 1 2 7 0 2 7 13 6 3 1 2 7 0 2 7 0 2 7 0 2 7 0 2 7 0 20.2646257877349854
12 16 2 1 2 4 1 2 3 1 2 3 0 2 3 0 2 3 0 2 7 0 2 3 0 2 3 0 2 4 16 15 2 0 2 3 0 2 3 0 2 3 5 30 3 0 2 7 0 2 3 12 16 2 16 18 11 5 30 3 0 21.7818148732185364
0 2 3 12 16 2 0 2 7 5 30 3 0 2 7 0 2 7 1 2 3 5 30 3 0 2 8 0 2 7 0 2 8 5 30 3 0 2 3 16 19 11 0 2 7 0 2 3 0 2 8 16 31 2 1 2 8 0 2 7 0 21.9688068628311157
12 16 2 5 31 3 0 2 4 6 2 7 6 2 7 0 2 7 5 31 3 1 2 4 0 2 7 0 2 7 16 6 2 0 2 7 0 2 3 0 2 7 0 2 7 1 2 11 17 9 2 1 2 7 12 16 2 0 2 7 0 20.783288836479187
5 30 3 0 2 7 0 2 7 12 16 2 12 16 2 0 2 7 6 2 7 0 2 7 1 2 7 0 2 7 16 31 2 12 16 2 17 18 2 1 2 3 1 2 11 0 2 7 0 2 4 13 6 3 0 2 7 5 30 3 0 20.5474986433982849
1 2 11 1 2 11 0 2 7 5 31 3 0 2 11 17 9 2 5 30 3 17 9 2 0 2 7 0 2 7 0 2 7 0 2 7 0 2 7 0 2 10 1 2 7 6 2 7 5 30 3 0 2 11 0 2 7 1 2 7 0 21.0983548760414124
12 16 2 0 2 11 5 30 3 0 2 7 0 2 7 5 31 3 0 2 11 16 31 2 0 2 7 1 2 7 1 2 7 0 2 12 0 2 3 0 2 3 1 2 3 6 2 7 0 2 7 1 2 3 17 18 2 1 2 7 0 21.1058691143989563
0 2 7 12 16 2 0 2 7 5 30 3 0 2 7 17 18 2 0 2 10 0 2 1 0 2 1 6 2 11 5 31 3 17 9 2 5 30 3 0 2 7 6 2 11 0 2 10 0 2 7 6 2 11 1 2 7 0 2 7 0 21.613690972328186
0 2 4 12 16 2 1 2 4 0 2 3 5 30 3 1 2 7 1 2 11 0 2 7 1 2 7 0 2 7 0 2 7 0 2 3 0 2 7 1 2 7 5 31 3 16 30 2 0 2 7 17 9 2 0 2 10 0 2 3 0 20.8012489080429077
1 2 1 5 30 3 12 16 2 0 2 3 1 2 12 0 2 12 16 19 12 8 9 2 5 30 3 0 2 3 12 16 2 8 9 2 0 2 11 0 2 12 0 2 3 0 2 3 16 9 12 0 2 3 12 16 2 12 16 2 8.66519100630811764e-05 22.6779789924621582

Current Evaluation = 1080(1080)
Front Size = 10
12 16 2 5 30 3 1 2 7 0 2 7 1 2 7 0 2 7 0 2 7 13 6 3 1 2 7 5 31 3 0 2 7 17 9 2 17 18 2 0 2 7 0 2 7 1 2 7 0 2 7 1 2 7 0 2 7 0 2 7 0 20.2646257877349854
1 2 3 0 2 3 0 2 3 1 2 7 12 16 2 5 31 3 0 2 7 1 2 3 0 2 3 1 2 7 5 30 3 0 2 3 0 2 7 16 6 2 0 2 7 1 2 3 0 2 7 0 2 3 0 2 7 16 30 2 0 20.9838579893112183
5 30 3 1 2 3 1 2 4 12 16 2 12 16 2 0 2 7 0 2 7 5 30 3 0 2 7 0 2 4 0 2 7 0 2 7 1 2 7 16 31 2 12 16 2 17 18 2 1 2 7 0 2 7 13 6 3 0 2 7 0 20.4516056776046753
0 2 4 12 16 2 1 2 3 5 30 3 5 30 3 0 2 3 16 18 11 0 2 3 0 2 3 12 16 2 1 2 3 0 2 3 1 2 3 16 24 2 0 2 3 0 2 3 0 2 4 0 2 3 1 2 7 0 2 3 0 21.7103579640388489
12 16 2 5 31 3 0 2 4 6 2 7 6 2 7 0 2 7 5 31 3 1 2 4 0 2 7 0 2 7 16 6 2 0 2 7 0 2 3 0 2 7 0 2 7 1 2 11 17 9 2 1 2 7 12 16 2 0 2 7 0 20.783288836479187
1 2 11 1 2 11 0 2 7 5 31 3 0 2 11 17 9 2 5 30 3 17 9 2 0 2 7 0 2 7 0 2 7 0 2 7 0 2 7 0 2 10 1 2 7 6 2 7 5 30 3 0 2 11 0 2 7 1 2 7 0 21.0983548760414124
1 2 1 5 30 3 12 16 2 0 2 3 1 2 12 0 2 12 16 19 12 8 9 2 5 30 3 0 2 3 12 16 2 8 9 2 0 2 11 0 2 12 0 2 3 0 2 3 16 9 12 0 2 3 12 16 2 12 16 2 8.66519100630811764e-05 22.6779789924621582
12 16 2 0 2 11 5 30 3 0 2 7 0 2 7 5 31 3 0 2 11 16 31 2 0 2 7 1 2 7 1 2 7 0 2 12 0 2 3 0 2 3 1 2 3 6 2 7 0 2 7 1 2 3 17 18 2 1 2 7 0 21.1058691143989563
0 2 3 12 16 2 0 2 7 5 30 3 0 2 7 0 2 7 1 2 3 5 30 3 0 2 8 0 2 7 0 2 8 5 30 3 0 2 3 16 19 11 0 2 7 0 2 3 0 2 8 16 31 2 1 2 8 0 2 7 0 21.9688068628311157
5 30 3 5 30 3 1 2 7 0 2 7 12 16 2 1 2 11 0 2 3 16 18 11 0 2 3 17 9 2 0 2 7 0 2 7 0 2 3 1 2 3 16 24 2 0 2 3 6 2 7 0 2 4 0 2 11 5 31 3 0.0499469929696679943 21.3464219570159912

Current Evaluation = 1260(1260)
Front Size = 10
12 16 2 0 2 7 1 2 7 0 2 7 0 2 7 0 2 7 0 2 7 0 2 7 5 31 3 0 2 7 17 9 2 1 2 7 1 2 7 1 2 7 17 18 2 5 30 3 13 6 3 1 2 7 0 2 7 0 2 7 0 20.2646257877349854
5 30 3 12 16 2 0 2 4 0 2 7 1 2 11 0 2 7 5 30 3 12 16 2 1 2 7 0 2 7 13 6 3 0 2 7 0 2 3 12 16 2 17 9 2 16 6 2 1 2 7 0 2 7 8 9 2 0 2 7 0 20.6301085948944092
5 30 3 5 31 3 0 2 7 0 2 7 0 2 7 0 2 11 1 2 4 0 2 7 17 9 2 1 2 7 1 2 7 0 2 7 1 2 7 17 9 2 0 2 4 0 2 4 0 2 11 1 2 7 0 2 7 1 2 10 0 20.601667046546936
12 16 2 5 31 3 0 2 4 6 2 7 0 2 7 5 31 3 0 2 7 0 2 7 16 6 2 0 2 7 1 2 7 0 2 4 1 2 7 12 16 2 17 18 2 1 2 7 0 2 10 1 2 7 0 2 7 0 2 7 0 20.6613958477973938
12 16 2 5 31 3 0 2 4 6 2 7 6 2 7 0 2 7 5 31 3 1 2 4 0 2 7 0 2 7 16 6 2 0 2 7 0 2 3 0 2 7 0 2 7 1 2 11 17 9 2 1 2 7 12 16 2 0 2 7 0 20.783288836479187
0 2 4 12 16 2 1 2 3 5 30 3 5 30 3 0 2 3 16 18 11 0 2 3 0 2 3 12 16 2 1 2 3 0 2 3 1 2 3 16 24 2 0 2 3 0 2 3 0 2 4 0 2 3 1 2 7 0 2 3 0 21.7103579640388489
1 2 1 5 30 3 12 16 2 0 2 3 1 2 12 0 2 12 16 19 12 8 9 2 5 30 3 0 2 3 12 16 2 8 9 2 0 2 11 0 2 12 0 2 3 0 2 3 16 9 12 0 2 3 12 16 2 12 16 2 8.66519100630811764e-05 22.6779789924621582
5 30 3 5 30 3 0 2 3 1 2 7 12 16 2 0 2 3 0 2 3 0 2 7 1 2 7 1 2 3 0 2 7 0 2 7 16 6 2 0 2 7 1 2 3 16 31 2 0 2 3 0 2 3 0 2 3 1 2 7 0 20.9838578701019287
1 2 7 1 2 7 0 2 7 16 19 11 0 2 7 0 2 7 5 31 3 5 30 3 0 2 7 17 18 2 1 2 11 6 2 7 5 30 3 0 2 7 0 2 7 0 2 7 0 2 3 1 2 7 0 2 7 0 2 3 0 21.107613742351532
1 2 7 12 16 2 0 2 7 0 2 7 1 2 7 1 2 7 0 2 4 0 2 7 17 18 2 0 2 7 0 2 4 13 6 3 0 2 7 0 2 3 1 2 7 12 16 2 5 30 3 5 30 3 16 31 2 12 16 2 0 20.4516056776046753

Current Evaluation = 1440(1440)
Front Size = 10
5 30 3 0 2 7 17 9 2 13 6 3 0 2 7 0 2 7 17 9 2 0 2 7 0 2 7 1 2 7 1 2 7 1 2 7 5 31 3 1 2 7 0 2 7 0 2 7 0 2 7 0 2 7 1 2 7 12 16 2 0 20.2646257877349854
1 2 7 12 16 2 0 2 7 0 2 7 1 2 7 1 2 7 0 2 4 0 2 7 17 18 2 0 2 7 0 2 4 13 6 3 0 2 7 0 2 3 1 2 7 12 16 2 5 30 3 5 30 3 16 31 2 12 16 2 0 20.4516056776046753
5 31 3 0 2 7 0 2 7 1 2 7 0 2 7 6 2 7 1 2 7 0 2 7 1 2 7 1 2 4 0 2 7 0 2 7 17 18 2 0 2 4 12 16 2 5 31 3 16 6 2 0 2 7 0 2 7 0 2 7 0 20.4595978856086731
5 30 3 5 30 3 0 2 3 1 2 7 12 16 2 0 2 3 0 2 3 0 2 7 1 2 7 1 2 3 0 2 7 0 2 7 16 6 2 0 2 7 1 2 3 16 31 2 0 2 3 0 2 3 0 2 3 1 2 7 0 20.9838578701019287
0 2 4 12 16 2 1 2 3 5 30 3 5 30 3 0 2 3 16 18 11 0 2 3 0 2 3 12 16 2 1 2 3 0 2 3 1 2 3 16 24 2 0 2 3 0 2 3 0 2 4 0 2 3 1 2 7 0 2 3 0 21.7103579640388489
5 30 3 12 16 2 0 2 7 0 2 7 1 2 4 0 2 7 0 2 7 1 2 7 0 2 3 1 2 7 0 2 7 1 2 3 0 2 7 16 6 2 5 31 3 12 16 2 0 2 7 0 2 3 16 31 2 0 2 7 0 20.7824867963790894
0 2 3 5 31 3 8 9 2 1 2 7 0 2 7 5 30 3 0 2 7 12 16 2 1 2 7 1 2 7 17 18 2 0 2 3 0 2 7 0 2 7 1 2 3 0 2 7 0 2 4 1 2 7 16 6 2 0 2 3 0 20.8562788963317871
5 30 3 12 16 2 17 9 2 1 2 8 13 6 3 0 2 7 0 2 7 17 9 2 1 2 7 1 2 11 0 2 7 0 2 7 0 2 7 0 2 11 1 2 7 0 2 11 0 2 4 5 30 3 8 18 2 12 16 2 0 20.8689497709274292
1 2 1 5 30 3 12 16 2 0 2 3 1 2 12 0 2 12 16 19 12 8 9 2 5 30 3 0 2 3 12 16 2 8 9 2 0 2 11 0 2 12 0 2 3 0 2 3 16 9 12 0 2 3 12 16 2 12 16 2 8.66519100630811764e-05 22.6779789924621582
16 19 11 0 2 7 5 30 3 0 2 7 0 2 11 1 2 11 0 2 11 17 18 2 5 31 3 0 2 7 0 2 7 5 30 3 6 2 7 0 2 7 0 2 7 0 2 7 0 2 7 0 2 10 1 2 7 12 16 2 0 21.449715793132782

Current Evaluation = 1620(1620)
Front Size = 10
5 30 3 0 2 7 0 2 7 0 2 7 0 2 7 0 2 7 0 2 7 1 2 7 0 2 7 1 2 7 0 2 7 1 2 7 5 31 3 12 16 2 17 9 2 13 6 3 1 2 7 0 2 7 17 18 2 1 2 7 0 20.2646257877349854
0 2 4 12 16 2 1 2 3 5 30 3 5 30 3 0 2 3 16 18 11 0 2 3 0 2 3 12 16 2 1 2 3 0 2 3 1 2 3 16 24 2 0 2 3 0 2 3 0 2 4 0 2 3 1 2 7 0 2 3 0 21.7103579640388489
12 16 2 0 2 11 0 2 3 0 2 4 0 2 7 1 2 7 0 2 7 0 2 3 0 2 7 1 2 7 8 9 2 12 16 2 1 2 12 1 2 7 5 31 3 0 2 3 0 2 12 5 31 3 0 2 3 12 16 2 0.0463840142080450268 22.0572030544281006
1 2 7 12 16 2 0 2 7 0 2 7 1 2 7 0 2 7 0 2 7 0 2 7 0 2 4 13 6 3 12 16 2 5 30 3 12 16 2 1 2 7 17 18 2 0 2 7 0 2 3 1 2 4 5 30 3 16 31 2 0 20.4516056776046753
0 2 7 0 2 7 1 2 4 1 2 7 0 2 10 0 2 7 1 2 7 1 2 4 1 2 7 5 31 3 0 2 7 5 30 3 0 2 10 0 2 3 0 2 7 1 2 7 0 2 7 17 18 2 0 2 7 17 18 2 0 20.5764669179916382
12 16 2 0 2 7 6 2 7 0 2 11 5 31 3 0 2 11 0 2 7 6 2 11 12 16 2 0 2 11 0 2 7 0 2 7 0 2 7 5 30 3 5 31 3 1 2 7 0 2 11 16 20 12 0 2 11 17 18 2 0 21.6460621953010559
6 2 7 12 16 2 0 2 4 0 2 4 0 2 7 1 2 7 0 2 7 0 2 7 0 2 7 1 2 7 0 2 7 0 2 7 0 2 7 1 2 7 5 31 3 1 2 7 0 2 7 5 31 3 16 6 2 17 18 2 0 20.4595978856086731
0 2 7 0 2 7 17 18 2 0 2 7 1 2 4 12 16 2 0 2 7 5 30 3 0 2 7 1 2 3 1 2 11 12 16 2 13 6 3 0 2 7 0 2 7 5 30 3 0 2 7 8 18 2 12 16 2 16 6 2 0 20.6301085948944092
1 2 7 12 16 2 0 2 7 0 2 4 1 2 7 0 2 4 0 2 7 0 2 4 0 2 4 13 6 3 12 16 2 5 30 3 12 16 2 1 2 7 0 2 1 12 16 2 8 18 2 1 2 7 17 9 2 17 9 2 0 20.6559027433395386
1 2 1 5 30 3 12 16 2 0 2 3 1 2 12 0 2 12 16 19 12 8 9 2 5 30 3 0 2 3 12 16 2 8 9 2 0 2 11 0 2 12 0 2 3 0 2 3 16 9 12 0 2 3 12 16 2 12 16 2 8.66519100630811764e-05 22.6779789924621582

Current Evaluation = 1800(1800)
Front Size = 10
0 2 7 12 16 2 5 31 3 1 2 7 0 2 7 0 2 7 0 2 7 13 6 3 1 2 7 17 18 2 0 2 7 1 2 7 1 2 7 0 2 7 0 2 7 0 2 7 5 30 3 1 2 7 17 18 2 0 2 7 0 20.2646257877349854
0 2 7 12 16 2 0 2 7 17 9 2 1 2 7 13 6 3 13 6 3 5 31 3 12 16 2 0 2 7 0 2 4 12 16 2 17 18 2 1 2 11 0 2 7 12 16 2 0 2 12 1 2 11 6 2 4 12 16 2 0 20.622028648853302
1 2 11 0 2 7 0 2 7 1 2 4 1 2 7 0 2 7 5 30 3 13 6 3 17 9 2 17 9 2 12 16 2 12 16 2 1 2 11 0 2 7 13 6 3 0 2 7 12 16 2 0 2 7 12 16 2 0 2 7 0 20.3046585321426392
0 2 7 0 2 7 1 2 7 5 30 3 6 2 7 12 16 2 0 2 7 0 2 4 5 31 3 0 2 4 13 6 3 1 2 7 0 2 7 17 9 2 0 2 7 17 9 2 1 2 7 1 2 7 0 2 7 12 16 2 0 20.3487167954444885
0 2 4 12 16 2 1 2 3 5 30 3 5 30 3 0 2 3 16 18 11 0 2 3 0 2 3 12 16 2 1 2 3 0 2 3 1 2 3 16 24 2 0 2 3 0 2 3 0 2 4 0 2 3 1 2 7 0 2 3 0 21.7103579640388489
0 2 3 1 2 3 1 2 7 0 2 7 1 2 4 5 30 3 0 2 7 0 2 3 1 2 7 17 18 2 0 2 3 0 2 7 0 2 7 8 18 2 5 30 3 0 2 7 1 2 7 12 16 2 0 2 3 16 15 2 0 20.9987398386001587
12 16 2 0 2 7 6 2 7 0 2 11 5 31 3 0 2 11 0 2 7 6 2 11 12 16 2 0 2 11 0 2 7 0 2 7 0 2 7 5 30 3 5 31 3 1 2 7 0 2 11 16 20 12 0 2 11 17 18 2 0 21.6460621953010559
0 2 7 0 2 7 0 2 7 1 2 7 0 2 7 1 2 4 0 2 7 1 2 4 0 2 3 0 2 7 17 18 2 0 2 7 5 30 3 1 2 7 12 16 2 16 31 2 13 6 3 12 16 2 12 16 2 5 30 3 0 20.4516056776046753
0 2 7 12 16 2 0 2 3 1 2 7 0 2 7 0 2 3 0 2 7 12 16 2 8 9 2 0 2 7 0 2 8 5 30 3 0 2 3 0 2 7 16 6 2 1 2 11 5 31 3 0 2 7 1 2 7 16 6 2 0 21.115189790725708
0 2 7 1 2 11 12 16 2 13 6 3 12 16 2 0 2 4 0 2 7 12 16 2 1 2 7 0 2 4 12 16 2 17 18 2 0 2 7 0 2 7 5 30 3 6 2 11 5 30 3 13 6 3 0 2 11 17 18 2 0 20.6217466592788696

Current Evaluation = 1980(1980)
Front Size = 10
0 2 7 1 2 7 13 6 3 0 2 7 0 2 7 1 2 7 17 18 2 0 2 7 0 2 7 5 30 3 1 2 7 0 2 7 1 2 7 0 2 7 12 16 2 17 9 2 1 2 7 0 2 7 5 31 3 0 2 7 0 20.2646257877349854
5 30 3 5 30 3 12 16 2 0 2 7 13 6 3 0 2 3 0 2 7 0 2 11 17 9 2 0 2 3 1 2 11 5 30 3 0 2 7 0 2 11 1 2 7 16 19 11 0 2 7 0 2 7 0 2 7 12 16 2 0 21.3753026723861694
0 2 7 0 2 4 12 16 2 13 6 3 12 16 2 0 2 7 1 2 7 12 16 2 1 2 7 12 16 2 17 18 2 0 2 7 0 2 7 5 30 3 13 6 3 1 2 11 1 2 11 0 2 7 0 2 7 17 18 2 0 20.3046585321426392
0 2 7 0 2 7 0 2 7 1 2 4 0 2 7 0 2 7 1 2 7 5 31 3 1 2 7 13 6 3 0 2 7 12 16 2 0 2 7 6 2 7 5 30 3 12 16 2 17 18 2 1 2 7 17 18 2 0 2 4 0 20.3487167954444885
12 16 2 0 2 7 6 2 7 0 2 11 5 31 3 0 2 11 0 2 7 6 2 11 12 16 2 0 2 11 0 2 7 0 2 7 0 2 7 5 30 3 5 31 3 1 2 7 0 2 11 16 20 12 0 2 11 17 18 2 0 21.6460621953010559
0 2 4 12 16 2 1 2 3 5 30 3 5 30 3 0 2 3 16 18 11 0 2 3 0 2 3 12 16 2 1 2 3 0 2 3 1 2 3 16 24 2 0 2 3 0 2 3 0 2 4 0 2 3 1 2 7 0 2 3 0 21.7103579640388489
1 2 7 0 2 3 0 2 7 5 30 3 1 2 7 0 2 4 12 16 2 0 2 7 12 16 2 0 2 4 12 16 2 1 2 7 0 2 7 17 18 2 0 2 7 1 2 7 13 6 3 0 2 7 5 31 3 16 30 2 0 20.4516057968139648
1 2 7 5 30 3 12 16 2 0 2 7 1 2 3 0 2 3 0 2 7 1 2 7 17 18 2 0 2 7 0 2 7 1 2 7 0 2 3 0 2 3 16 24 2 5 30 3 1 2 7 0 2 7 5 31 3 0 2 7 0.00282954574037294192 21.0555038452148438
6 2 7 0 2 7 0 2 4 0 2 7 0 2 7 1 2 7 0 2 7 1 2 4 12 16 2 0 2 7 1 2 7 1 2 7 0 2 7 0 2 7 5 31 3 16 6 2 5 31 3 17 9 2 0 2 7 0 2 7 0 20.4595978856086731
0 2 7 0 2 7 0 2 7 1 2 11 0 2 7 0 2 7 0 2 7 0 2 3 5 30 3 12 16 2 16 31 2 13 6 3 12 16 2 12 16 2 5 30 3 17 9 2 1 2 4 0 2 7 1 2 7 6 2 7 0 20.5474986433982849

Current Evaluation = 2160(2160)
Front Size = 10
0 2 7 0 2 7 1 2 7 0 2 7 1 2 7 12 16 2 17 18 2 13 6 3 5 30 3 1 2 7 5 31 3 0 2 7 0 2 7 0 2 7 0 2 7 1 2 7 0 2 7 1 2 7 17 18 2 0 2 7 0 20.2646257877349854
17 9 2 1 2 4 12 16 2 1 2 7 0 2 7 0 2 7 0 2 4 13 6 3 12 16 2 8 9 2 0 2 7 5 30 3 12 16 2 0 2 4 1 2 4 17 18 2 1 2 7 0 2 7 0 2 1 12 16 2 0 20.6559027433395386
0 2 7 12 16 2 12 16 2 0 2 7 0 2 7 5 30 3 0 2 7 12 16 2 1 2 7 13 6 3 0 2 7 17 9 2 0 2 7 0 2 3 0 2 7 5 30 3 1 2 11 16 6 2 8 18 2 1 2 4 0 20.6301085948944092
0 2 7 0 2 4 12 16 2 13 6 3 12 16 2 0 2 7 1 2 7 12 16 2 1 2 7 12 16 2 17 18 2 0 2 7 0 2 7 5 30 3 13 6 3 1 2 11 1 2 11 0 2 7 0 2 7 17 18 2 0 20.3046585321426392
0 2 3 12 16 2 0 2 3 1 2 4 1 2 3 0 2 3 0 2 10 0 2 3 5 31 3 1 2 3 12 16 2 16 30 2 0 2 7 0 2 7 5 30 3 1 2 3 0 2 7 0 2 7 0 2 4 16 6 2 0 21.1162079572677612
12 16 2 5 30 3 5 30 3 1 2 3 0 2 11 12 16 2 1 2 7 0 2 7 0 2 11 5 30 3 0 2 11 0 2 11 0 2 3 0 2 7 16 30 2 0 2 7 17 9 2 13 6 3 0 2 7 0 2 11 0 21.1732760667800903
0 2 7 0 2 7 1 2 7 0 2 7 1 2 7 12 16 2 13 6 3 5 30 3 1 2 7 0 2 7 0 2 7 0 2 7 0 2 4 12 16 2 17 9 2 1 2 3 5 31 3 16 31 2 1 2 4 6 2 7 0.00123551578393108928 20.2392758727073669
12 16 2 5 31 3 0 2 7 0 2 4 0 2 7 1 2 7 1 2 7 0 2 7 0 2 7 0 2 4 0 2 7 0 2 7 1 2 7 17 9 2 6 2 7 16 6 2 0 2 7 5 31 3 0 2 7 1 2 7 0 20.4595978856086731
0 2 7 0 2 11 12 16 2 12 16 2 0 2 7 0 2 7 0 2 3 5 30 3 15 2 11 0 2 7 5 30 3 17 9 2 12 16 2 1 2 7 13 6 3 16 24 2 0 2 4 12 16 2 6 2 11 0 2 4 0 20.9731787443161011
0 2 7 0 2 4 12 16 2 12 16 2 0 2 7 0 2 7 0 2 7 5 30 3 1 2 3 0 2 10 12 16 2 1 2 7 1 2 3 17 18 2 1 2 3 1 2 11 1 2 11 1 2 4 0 2 3 17 18 2 0.0024077173913036559 21.1035866737365723

Current Evaluation = 2340(2340)
Front Size = 10
0 2 7 0 2 7 0 2 7 0 2 7 5 31 3 1 2 7 12 16 2 13 6 3 1 2 7 17 9 2 17 18 2 0 2 7 0 2 7 0 2 7 1 2 7 1 2 7 0 2 7 5 30 3 0 2 7 1 2 7 0 20.2646257877349854
0 2 3 12 16 2 0 2 3 1 2 4 1 2 3 0 2 3 0 2 10 0 2 3 5 31 3 1 2 3 12 16 2 16 30 2 0 2 7 0 2 7 5 30 3 1 2 3 0 2 7 0 2 7 0 2 4 16 6 2 0 21.1162079572677612
1 2 7 0 2 7 12 16 2 13 6 3 0 2 4 0 2 7 0 2 7 12 16 2 5 30 3 0 2 7 0 2 3 5 30 3 1 2 7 0 2 4 12 16 2 0 2 7 1 2 7 16 31 2 1 2 7 17 18 2 0 20.4516056776046753
0 2 7 0 2 7 0 2 7 0 2 7 5 31 3 6 2 7 12 16 2 1 2 4 5 31 3 0 2 7 16 6 2 0 2 7 0 2 7 0 2 7 1 2 7 0 2 7 1 2 4 0 2 7 17 9 2 1 2 7 0 20.4595978856086731
12 16 2 12 16 2 0 2 7 6 2 7 13 6 3 0 2 7 0 2 11 12 16 2 17 9 2 0 2 3 5 31 3 0 2 11 0 2 7 1 2 3 1 2 7 16 6 2 0 2 7 0 2 7 6 2 4 5 30 3 0 20.7587689161300659
1 2 4 0 2 7 12 16 2 1 2 1 0 2 7 12 16 2 0 2 4 13 6 3 0 2 7 12 16 2 1 2 7 1 2 7 5 31 3 0 2 7 1 2 4 0 2 4 0 2 4 17 9 2 12 16 2 17 18 2 0 20.6123768091201782
0 2 4 0 2 7 12 16 2 6 2 7 0 2 7 1 2 7 0 2 7 0 2 7 0 2 7 0 2 7 5 31 3 1 2 7 0 2 7 1 2 7 17 18 2 13 6 3 1 2 4 16 6 2 12 16 2 0 2 4 0.00610527418374735495 19.9342828392982483
0 2 7 12 16 2 6 2 7 16 31 2 12 16 2 12 16 2 5 30 3 0 2 7 0 2 7 1 2 7 13 6 3 5 30 3 0 2 7 1 2 11 1 2 7 0 2 3 0 2 4 0 2 7 0 2 7 17 9 2 0 20.5474986433982849
0 2 7 12 16 2 0 2 4 0 2 7 0 2 7 12 16 2 5 30 3 0 2 7 0 2 3 1 2 7 1 2 3 16 6 2 1 2 7 0 2 4 12 16 2 1 2 4 0 2 3 16 31 2 1 2 7 0 2 3 0.00765129998980212944 20.6288107633590698
1 2 7 0 2 7 0 2 7 0 2 7 0 2 7 1 2 7 0 2 7 1 2 7 0 2 7 0 2 7 5 31 3 12 16 2 17 18 2 0 2 7 1 2 7 0 2 4 16 6 2 0 2 4 6 2 7 5 31 3 0 20.4595978856086731

Current Evaluation = 2520(2520)
Front Size = 10
0 2 7 5 30 3 1 2 7 1 2 7 0 2 7 13 6 3 1 2 7 0 2 7 5 31 3 17 9 2 0 2 7 17 18 2 0 2 7 12 16 2 0 2 7 0 2 7 1 2 7 0 2 7 0 2 7 1 2 7 0 20.2646257877349854
0 2 7 0 2 7 12 16 2 6 2 7 1 2 7 13 6 3 0 2 7 0 2 7 1 2 7 0 2 7 5 31 3 0 2 4 17 9 2 5 30 3 0 2 7 1 2 4 12 16 2 0 2 7 17 18 2 1 2 7 0 20.3487167954444885
0 2 7 12 16 2 0 2 4 0 2 7 0 2 7 12 16 2 5 30 3 0 2 7 0 2 3 0 2 10 13 6 3 0 2 3 1 2 7 0 2 3 1 2 3 1 2 3 1 2 4 16 31 2 5 31 3 0 2 3 0.00514202660331062635 21.0606399774551392
0 2 7 0 2 7 0 2 7 12 16 2 1 2 7 0 2 7 17 18 2 13 6 3 12 16 2 1 2 7 5 30 3 1 2 7 12 16 2 0 2 3 5 30 3 0 2 4 0 2 7 1 2 7 0 2 4 16 31 2 0 20.4516056776046753
1 2 7 0 2 7 0 2 7 0 2 7 0 2 7 1 2 7 0 2 7 1 2 7 0 2 7 0 2 7 5 31 3 12 16 2 17 18 2 0 2 7 1 2 7 0 2 4 16 6 2 0 2 4 6 2 7 5 31 3 0 20.4595978856086731
0 2 7 0 2 4 12 16 2 0 2 4 1 2 7 0 2 7 1 2 7 17 9 2 0 2 7 5 31 3 0 2 7 13 6 3 0 2 7 5 30 3 12 16 2 0 2 7 12 16 2 1 2 7 16 30 2 1 2 3 0 20.4516057968139648
1 2 4 0 2 7 12 16 2 1 2 1 0 2 7 12 16 2 0 2 4 13 6 3 0 2 7 12 16 2 1 2 7 1 2 7 5 31 3 0 2 7 1 2 4 0 2 4 0 2 4 17 9 2 12 16 2 17 18 2 0 20.6123768091201782
0 2 7 0 2 7 0 2 7 5 31 3 12 16 2 0 2 7 0 2 7 17 18 2 13 6 3 12 16 2 0 2 7 0 2 7 1 2 7 5 30 3 1 2 7 1 2 4 1 2 4 12 16 2 0 2 3 16 30 2 0 20.4516057968139648
1 2 7 12 16 2 0 2 3 1 2 7 0 2 7 12 16 2 5 31 3 0 2 4 0 2 3 1 2 3 16 30 2 5 31 3 16 6 2 0 2 7 1 2 7 0 2 7 0 2 7 0 2 7 0 2 7 0 2 7 0 20.7824869155883789
0 2 7 0 2 7 12 16 2 1 2 7 1 2 4 13 6 3 0 2 7 0 2 7 1 2 7 0 2 7 5 31 3 0 2 7 17 9 2 5 30 3 0 2 7 1 2 7 12 16 2 6 2 4 0 2 7 17 9 2 0 20.3487167954444885

Current Evaluation = 2700(2700)
Front Size = 10
1 2 7 0 2 7 0 2 7 12 16 2 13 6 3 0 2 7 1 2 7 5 31 3 0 2 7 0 2 7 0 2 7 17 9 2 0 2 7 0 2 7 17 18 2 5 30 3 1 2 7 1 2 7 1 2 7 0 2 7 0 20.2646257877349854
1 2 4 0 2 7 12 16 2 1 2 1 0 2 7 12 16 2 0 2 4 13 6 3 0 2 7 12 16 2 1 2 7 1 2 7 5 31 3 0 2 7 1 2 4 0 2 4 0 2 4 17 9 2 12 16 2 17 18 2 0 20.6123768091201782
0 2 7 12 16 2 0 2 4 0 2 7 0 2 7 12 16 2 5 30 3 0 2 7 0 2 3 0 2 10 13 6 3 0 2 3 1 2 7 0 2 3 1 2 3 1 2 3 1 2 4 16 31 2 5 31 3 0 2 3 0.00514202660331062635 21.0606399774551392
1 2 7 17 9 2 0 2 7 0 2 7 6 2 7 0 2 7 13 6 3 1 2 7 5 30 3 5 31 3 1 2 7 1 2 7 0 2 4 0 2 7 12 16 2 0 2 7 0 2 7 17 9 2 0 2 4 12 16 2 0 20.3487167954444885
1 2 7 0 2 7 0 2 7 12 16 2 13 6 3 0 2 7 1 2 7 5 31 3 12 16 2 0 2 7 0 2 7 1 2 4 0 2 7 17 9 2 1 2 4 6 2 7 0 2 7 0 2 7 17 18 2 5 30 3 0 20.3487167954444885
1 2 7 0 2 4 0 2 7 12 16 2 0 2 3 0 2 7 17 18 2 13 6 3 0 2 7 0 2 7 5 30 3 12 16 2 0 2 7 12 16 2 1 2 7 5 30 3 1 2 7 1 2 4 0 2 7 16 31 2 0 20.4516056776046753
1 2 7 12 16 2 0 2 3 1 2 7 0 2 7 12 16 2 5 31 3 0 2 4 0 2 3 1 2 3 16 30 2 5 31 3 16 6 2 0 2 7 1 2 7 0 2 7 0 2 7 0 2 7 0 2 7 0 2 7 0 20.7824869155883789
1 2 7 17 9 2 0 2 7 0 2 7 0 2 7 13 6 3 1 2 7 5 30 3 5 31 3 1 2 7 1 2 7 0 2 4 0 2 7 12 16 2 0 2 7 0 2 7 12 16 2 0 2 7 6 2 4 17 18 2 0 20.3487167954444885
1 2 7 0 2 7 0 2 7 0 2 7 0 2 7 1 2 7 0 2 7 1 2 7 0 2 7 0 2 7 5 31 3 12 16 2 17 18 2 0 2 7 1 2 7 0 2 4 16 6 2 0 2 4 6 2 7 5 31 3 0 20.4595978856086731
0 2 7 12 16 2 0 2 7 0 2 7 1 2 7 12 16 2 0 2 7 0 2 7 5 30 3 1 2 7 13 6 3 0 2 7 5 31 3 6 2 7 17 18 2 0 2 7 0 2 3 12 16 2 16 24 2 1 2 7 0 20.5451107621192932

Current Evaluation = 2880(2880)
Front Size = 10
0 2 7 5 31 3 0 2 7 0 2 7 1 2 7 17 9 2 0 2 7 1 2 7 12 16 2 0 2 7 13 6 3 0 2 7 5 30 3 1 2 7 0 2 7 1 2 7 1 2 7 0 2 7 0 2 7 17 9 2 0 20.2646257877349854
0 2 7 0 2 7 0 2 7 1 2 7 1 2 7 1 2 7 12 16 2 12 16 2 0 2 7 13 6 3 0 2 7 5 30 3 0 2 4 6 2 7 0 2 4 17 18 2 1 2 7 17 9 2 0 2 7 5 31 3 0 20.3487167954444885
0 2 7 5 31 3 0 2 7 0 2 7 1 2 7 17 9 2 0 2 7 12 16 2 12 16 2 0 2 7 13 6 3 0 2 7 5 30 3 1 2 4 0 2 7 1 2 3 16 30 2 0 2 7 12 16 2 1 2 4 0 20.4516057968139648
0 2 7 12 16 2 0 2 7 1 2 3 0 2 3 0 2 7 5 31 3 1 2 12 8 9 2 0 2 7 0 2 7 1 2 3 1 2 3 0 2 7 0 2 7 5 30 3 12 16 2 16 6 2 16 6 2 0 2 3 0 21.1038378477096558
0 2 3 0 2 7 0 2 7 0 2 4 17 18 2 13 6 3 0 2 7 0 2 7 5 31 3 12 16 2 0 2 7 12 16 2 12 16 2 1 2 7 1 2 4 0 2 7 1 2 7 5 30 3 1 2 7 16 30 2 0 20.4516057968139648
1 2 4 0 2 7 12 16 2 1 2 1 0 2 7 12 16 2 0 2 4 13 6 3 0 2 7 12 16 2 1 2 7 1 2 7 5 31 3 0 2 7 1 2 4 0 2 4 0 2 4 17 9 2 12 16 2 17 18 2 0 20.6123768091201782
1 2 7 0 2 7 0 2 7 0 2 7 1 2 4 0 2 7 5 31 3 17 9 2 13 6 3 12 16 2 0 2 7 0 2 7 12 16 2 5 30 3 6 2 7 0 2 4 17 9 2 0 2 7 1 2 7 1 2 7 0 20.3487167954444885
0 2 7 0 2 7 0 2 7 0 2 4 1 2 7 0 2 7 5 31 3 17 9 2 13 6 3 12 16 2 0 2 7 1 2 7 16 30 2 0 2 4 12 16 2 12 16 2 5 30 3 1 2 3 1 2 7 0 2 7 0 20.4516057968139648
0 2 7 0 2 7 6 2 7 12 16 2 17 18 2 0 2 7 5 30 3 12 16 2 0 2 7 1 2 11 0 2 4 13 6 3 12 16 2 1 2 7 1 2 7 5 30 3 0 2 7 0 2 7 16 31 2 0 2 3 0 20.5474986433982849
1 2 7 0 2 7 0 2 7 5 30 3 0 2 7 0 2 7 12 16 2 0 2 7 0 2 4 1 2 7 0 2 7 16 31 2 0 2 7 17 9 2 1 2 7 1 2 7 0 2 4 5 31 3 1 2 7 0 2 3 0 20.5479278564453125

Current Evaluation = 3060(3060)
Front Size = 10
5 30 3 0 2 7 0 2 7 0 2 7 0 2 7 12 16 2 1 2 7 13 6 3 17 18 2 0 2 7 5 31 3 1 2 7 17 9 2 0 2 7 1 2 7 0 2 7 0 2 7 0 2 7 1 2 7 1 2 7 0 20.2646257877349854
0 2 4 0 2 7 12 16 2 1 2 7 12 16 2 13 6 3 0 2 7 1 2 7 0 2 7 5 30 3 0 2 7 0 2 7 1 2 11 17 9 2 17 18 2 0 2 7 1 2 11 12 16 2 13 6 3 12 16 2 0 20.3046585321426392
1 2 7 0 2 7 0 2 7 5 31 3 13 6 3 12 16 2 0 2 7 0 2 7 0 2 7 17 18 2 1 2 7 5 30 3 12 16 2 0 2 7 17 18 2 6 2 7 1 2 4 1 2 7 0 2 7 0 2 4 0 20.3487167954444885
0 2 4 0 2 7 12 16 2 1 2 7 1 2 11 12 16 2 0 2 11 13 6 3 0 2 7 12 16 2 1 2 7 0 2 7 5 30 3 0 2 7 0 2 7 13 6 3 1 2 7 17 9 2 12 16 2 17 18 2 0 20.3046586513519287
0 2 4 5 30 3 0 2 7 6 2 7 0 2 7 0 2 7 0 2 7 12 16 2 0 2 7 13 6 3 17 18 2 1 2 7 5 31 3 1 2 7 17 9 2 1 2 7 1 2 7 0 2 7 0 2 4 12 16 2 0 20.3487167954444885
0 2 7 5 31 3 0 2 7 0 2 7 0 2 7 12 16 2 12 16 2 0 2 7 0 2 7 5 30 3 0 2 7 1 2 3 1 2 7 17 9 2 8 9 2 1 2 3 1 2 3 0 2 7 16 6 2 0 2 3 0 21.0946288108825684
0 2 7 5 31 3 0 2 7 0 2 7 1 2 7 17 9 2 0 2 7 12 16 2 12 16 2 0 2 7 13 6 3 0 2 7 5 30 3 1 2 4 0 2 7 1 2 3 16 30 2 0 2 7 12 16 2 1 2 4 0 20.4516057968139648
1 2 7 0 2 7 0 2 7 5 30 3 0 2 7 0 2 7 12 16 2 0 2 7 0 2 4 1 2 7 0 2 7 1 2 7 5 31 3 12 16 2 1 2 4 13 6 3 0 2 3 16 30 2 12 16 2 17 18 2 0 20.4516057968139648
0 2 7 5 31 3 1 2 7 0 2 7 17 9 2 0 2 4 12 16 2 12 16 2 0 2 4 13 6 3 0 2 3 5 30 3 0 2 7 16 30 2 12 16 2 0 2 7 0 2 7 1 2 7 1 2 7 1 2 7 0 20.4516057968139648
1 2 4 0 2 7 12 16 2 1 2 1 0 2 7 12 16 2 0 2 4 13 6 3 0 2 7 12 16 2 1 2 7 1 2 7 5 31 3 0 2 7 1 2 4 0 2 4 0 2 4 17 9 2 12 16 2 17 18 2 0 20.6123768091201782

Current Evaluation = 3240(3240)
Front Size = 10
0 2 7 0 2 7 0 2 7 1 2 7 0 2 7 1 2 7 5 30 3 1 2 7 0 2 7 17 9 2 0 2 7 12 16 2 1 2 7 0 2 7 0 2 7 5 31 3 17 9 2 13 6 3 1 2 7 0 2 7 0 20.2646257877349854
0 2 7 12 16 2 0 2 7 13 6 3 0 2 7 17 9 2 5 30 3 0 2 7 0 2 7 0 2 7 0 2 7 0 2 7 5 31 3 1 2 7 1 2 7 1 2 7 1 2 7 17 18 2 1 2 7 0 2 7 0 20.2646257877349854
1 2 7 12 16 2 12 16 2 12 16 2 1 2 7 5 30 3 13 6 3 0 2 4 12 16 2 0 2 4 1 2 7 8 9 2 1 2 1 0 2 4 0 2 7 0 2 4 17 9 2 17 9 2 0 2 7 0 2 7 0 20.6559027433395386
1 2 7 0 2 3 12 16 2 0 2 3 12 16 2 16 6 2 0 2 3 12 16 2 0 2 3 1 2 11 5 30 3 0 2 3 0 2 11 13 6 3 0 2 7 8 9 2 0 2 3 5 30 3 12 16 2 16 6 2 0 21.2642676830291748
0 2 7 0 2 7 0 2 7 13 6 3 0 2 4 5 30 3 12 16 2 17 9 2 0 2 7 0 2 7 1 2 11 1 2 7 17 18 2 12 16 2 12 16 2 12 16 2 1 2 11 13 6 3 0 2 7 1 2 7 0 20.3046585321426392
1 2 7 1 2 7 12 16 2 0 2 7 12 16 2 13 6 3 0 2 7 12 16 2 0 2 11 0 2 11 0 2 7 17 9 2 12 16 2 17 18 2 0 2 7 0 2 4 5 30 3 1 2 7 13 6 3 1 2 7 0 20.3046587705612183
0 2 4 0 2 7 1 2 4 13 6 3 5 30 3 12 16 2 17 9 2 12 16 2 12 16 2 12 16 2 1 2 4 17 18 2 8 9 2 0 2 4 0 2 7 1 2 1 1 2 7 0 2 7 0 2 7 0 2 7 0 20.6559027433395386
0 2 7 6 2 7 12 16 2 0 2 7 13 6 3 0 2 7 17 9 2 5 30 3 0 2 7 0 2 7 0 2 7 0 2 7 0 2 7 5 31 3 1 2 7 1 2 7 1 2 4 17 18 2 1 2 4 12 16 2 0 20.3487167954444885
0 2 7 0 2 7 1 2 11 0 2 7 13 6 3 0 2 7 0 2 7 0 2 7 5 30 3 12 16 2 17 9 2 12 16 2 12 16 2 12 16 2 1 2 11 1 2 7 13 6 3 0 2 7 1 2 4 17 9 2 0 20.3046585321426392
0 2 7 12 16 2 0 2 7 1 2 7 17 9 2 5 30 3 0 2 7 0 2 3 0 2 7 0 2 7 0 2 7 5 30 3 17 1 2 12 16 2 0 2 7 1 2 7 1 2 7 0 2 7 8 9 2 1 2 4 0 20.7358447313308716

Current Evaluation = 3420(3420)
Front Size = 10
0 2 7 0 2 7 0 2 7 1 2 7 17 9 2 0 2 7 1 2 7 0 2 7 1 2 7 1 2 7 5 31 3 5 30 3 12 16 2 0 2 7 0 2 7 0 2 7 1 2 7 13 6 3 0 2 7 17 9 2 0 20.2646257877349854
0 2 7 0 2 7 0 2 7 1 2 7 17 9 2 0 2 7 1 2 7 0 2 7 1 2 7 1 2 7 5 31 3 5 30 3 12 16 2 0 2 7 0 2 7 13 6 3 17 18 2 0 2 7 1 2 7 0 2 7 0 20.2646257877349854
1 2 7 12 16 2 12 16 2 12 16 2 1 2 7 5 30 3 13 6 3 0 2 4 12 16 2 0 2 4 1 2 7 8 9 2 1 2 1 0 2 4 0 2 7 0 2 4 17 9 2 17 9 2 0 2 7 0 2 7 0 20.6559027433395386
0 2 7 0 2 7 0 2 7 13 6 3 0 2 7 5 30 3 12 16 2 17 9 2 0 2 7 1 2 11 17 18 2 12 16 2 12 16 2 12 16 2 13 6 3 1 2 7 1 2 11 0 2 7 1 2 4 0 2 7 0 20.3046585321426392
0 2 7 0 2 7 1 2 11 0 2 7 13 6 3 0 2 7 0 2 4 0 2 7 5 30 3 12 16 2 17 9 2 12 16 2 12 16 2 12 16 2 1 2 11 1 2 7 13 6 3 0 2 7 1 2 7 17 9 2 0 20.3046585321426392
1 2 7 1 2 7 12 16 2 0 2 7 12 16 2 13 6 3 0 2 7 12 16 2 0 2 11 0 2 11 0 2 7 17 9 2 12 16 2 17 18 2 0 2 7 0 2 4 5 30 3 1 2 7 13 6 3 1 2 7 0 20.3046587705612183
1 2 7 0 2 7 12 16 2 0 2 7 12 16 2 0 2 7 0 2 7 1 2 7 1 2 7 0 2 4 0 2 7 0 2 7 5 30 3 17 18 2 0 2 4 17 9 2 5 31 3 6 2 7 1 2 7 13 6 3 0 20.3487167954444885
1 2 7 0 2 7 12 16 2 0 2 7 12 16 2 0 2 7 0 2 7 1 2 7 1 2 7 0 2 7 0 2 7 0 2 7 5 30 3 17 18 2 0 2 4 5 30 3 8 9 2 0 2 3 1 2 4 17 1 2 0.000422073155543173091 20.7158447504043579
1 2 7 0 2 7 12 16 2 0 2 7 12 16 2 0 2 7 0 2 7 17 9 2 1 2 7 5 31 3 1 2 7 0 2 7 0 2 7 0 2 7 5 30 3 17 18 2 6 2 7 1 2 4 13 6 3 0 2 4 0 20.3487167954444885
0 2 7 0 2 7 0 2 7 1 2 7 17 9 2 0 2 7 0 2 7 5 30 3 12 16 2 0 2 7 0 2 7 13 6 3 17 18 2 1 2 11 1 2 7 12 16 2 1 2 4 0 2 7 1 2 7 1 2 11 0.000234263498850514109 20.2301496267318726

Current Evaluation = 3600(3600)
Front Size = 10
1 2 7 0 2 7 12 16 2 0 2 7 0 2 7 0 2 7 1 2 7 1 2 7 5 30 3 17 9 2 1 2 7 13 6 3 1 2 7 0 2 7 5 31 3 0 2 7 0 2 7 0 2 7 0 2 7 17 18 2 0 20.2646257877349854
0 2 7 0 2 7 0 2 7 13 6 3 0 2 7 0 2 7 5 30 3 1 2 7 1 2 7 0 2 7 1 2 7 17 9 2 17 9 2 0 2 7 0 2 7 5 31 3 0 2 7 12 16 2 1 2 7 1 2 7 0 20.2646257877349854
0 2 7 1 2 7 12 16 2 0 2 7 13 6 3 0 2 7 0 2 7 17 18 2 0 2 7 5 30 3 1 2 11 12 16 2 12 16 2 1 2 11 0 2 7 12 16 2 17 18 2 13 6 3 1 2 4 0 2 7 0 20.3046585321426392
0 2 7 0 2 7 1 2 11 0 2 7 13 6 3 0 2 7 0 2 4 0 2 7 5 30 3 12 16 2 12 16 2 12 16 2 12 16 2 1 2 11 1 2 7 13 6 3 0 2 7 1 2 7 17 9 2 17 9 2 0 20.3046585321426392
0 2 7 1 2 7 12 16 2 0 2 7 13 6 3 0 2 7 0 2 7 17 18 2 0 2 7 5 30 3 1 2 11 1 2 7 12 16 2 12 16 2 1 2 11 0 2 4 0 2 7 12 16 2 17 18 2 13 6 3 0 20.3046585321426392
1 2 7 0 2 7 12 16 2 0 2 7 12 16 2 0 2 7 0 2 7 1 2 7 1 2 7 0 2 4 5 30 3 17 18 2 17 9 2 1 2 7 13 6 3 13 6 3 0 2 11 12 16 2 0 2 11 12 16 2 0 20.3046587705612183
1 2 7 0 2 7 12 16 2 0 2 7 12 16 2 0 2 7 0 2 7 1 2 7 1 2 7 0 2 7 0 2 7 0 2 7 5 30 3 17 18 2 0 2 4 5 30 3 8 9 2 0 2 3 1 2 4 17 1 2 0.000422073155543173091 20.7158447504043579
0 2 4 0 2 4 12 16 2 0 2 7 1 2 11 1 2 11 0 2 7 0 2 7 5 31 3 1 2 4 12 16 2 12 16 2 12 16 2 17 9 2 0 2 4 0 2 4 1 2 7 1 2 7 17 9 2 13 6 3 0 20.6165766716003418
0 2 7 0 2 7 0 2 7 13 6 3 0 2 7 0 2 7 5 30 3 12 16 2 1 2 7 0 2 7 1 2 7 17 9 2 1 2 11 0 2 7 5 31 3 12 16 2 12 16 2 1 2 11 1 2 7 0 2 7 4.76134729267656875e-05 20.8619745969772339
0 2 7 1 2 11 12 16 2 13 6 3 12 16 2 0 2 4 17 9 2 0 2 7 1 2 7 5 30 3 17 18 2 13 6 3 12 16 2 0 2 7 15 2 11 0 2 7 5 30 3 0 2 7 0 2 7 12 16 2 0 20.6170505285263062

MonoObjective Genetic Algorithm
Number of Evaluations = 0
Mutation Probability = 0
Crossover Probability = 1
Population Size = 10
Survival Selection Type = 16

Time =  3606.7100510597229

Current Evaluation = 3360
Front Size = 10
1 2 7 0 2 7 12 16 2 0 2 7 0 2 7 0 2 7 1 2 7 1 2 7 5 30 3 17 9 2 1 2 7 13 6 3 1 2 7 0 2 7 5 31 3 0 2 7 0 2 7 0 2 7 0 2 7 17 18 2 0 20.2646257877349854
0 2 7 0 2 7 0 2 7 13 6 3 0 2 7 0 2 7 5 30 3 1 2 7 1 2 7 0 2 7 1 2 7 17 9 2 17 9 2 0 2 7 0 2 7 5 31 3 0 2 7 12 16 2 1 2 7 1 2 7 0 20.2646257877349854
0 2 7 1 2 7 12 16 2 0 2 7 13 6 3 0 2 7 0 2 7 17 18 2 0 2 7 5 30 3 1 2 11 12 16 2 12 16 2 1 2 11 0 2 7 12 16 2 17 18 2 13 6 3 1 2 4 0 2 7 0 20.3046585321426392
0 2 7 0 2 7 1 2 11 0 2 7 13 6 3 0 2 7 0 2 4 0 2 7 5 30 3 12 16 2 12 16 2 12 16 2 12 16 2 1 2 11 1 2 7 13 6 3 0 2 7 1 2 7 17 9 2 17 9 2 0 20.3046585321426392
0 2 7 1 2 7 12 16 2 0 2 7 13 6 3 0 2 7 0 2 7 17 18 2 0 2 7 5 30 3 1 2 11 1 2 7 12 16 2 12 16 2 1 2 11 0 2 4 0 2 7 12 16 2 17 18 2 13 6 3 0 20.3046585321426392
1 2 7 0 2 7 12 16 2 0 2 7 12 16 2 0 2 7 0 2 7 1 2 7 1 2 7 0 2 4 5 30 3 17 18 2 17 9 2 1 2 7 13 6 3 13 6 3 0 2 11 12 16 2 0 2 11 12 16 2 0 20.3046587705612183
1 2 7 0 2 7 12 16 2 0 2 7 12 16 2 0 2 7 0 2 7 1 2 7 1 2 7 0 2 7 0 2 7 0 2 7 5 30 3 17 18 2 0 2 4 5 30 3 8 9 2 0 2 3 1 2 4 17 1 2 0.000422073155543173091 20.7158447504043579
0 2 4 0 2 4 12 16 2 0 2 7 1 2 11 1 2 11 0 2 7 0 2 7 5 31 3 1 2 4 12 16 2 12 16 2 12 16 2 17 9 2 0 2 4 0 2 4 1 2 7 1 2 7 17 9 2 13 6 3 0 20.6165766716003418
0 2 7 0 2 7 0 2 7 13 6 3 0 2 7 0 2 7 5 30 3 12 16 2 1 2 7 0 2 7 1 2 7 17 9 2 1 2 11 0 2 7 5 31 3 12 16 2 12 16 2 1 2 11 1 2 7 0 2 7 4.76134729267656875e-05 20.8619745969772339
0 2 7 1 2 11 12 16 2 13 6 3 12 16 2 0 2 4 17 9 2 0 2 7 1 2 7 5 30 3 17 18 2 13 6 3 12 16 2 0 2 7 15 2 11 0 2 7 5 30 3 0 2 7 0 2 7 12 16 2 0 20.6170505285263062

