Current Evaluation = 180(180)
Front Size = 10
0 2 7 0 2 7 0 2 7 5 30 3 1 2 7 12 16 2 0 2 7 13 6 3 17 18 2 1 2 7 0 2 7 0 2 7 1 2 7 0 2 7 17 18 2 1 2 7 0 2 7 1 2 7 5 31 3 0 2 7 0 20.2646257877349854
1 2 7 1 2 3 0 2 7 0 2 3 0 2 3 15 2 1 5 30 3 12 16 2 0 2 7 1 2 7 5 30 3 16 9 11 0 2 3 12 16 2 0 2 3 0 2 3 0 2 3 0 2 3 16 6 2 0 2 7 0 21.6547198891639709
0 2 3 0 2 7 1 2 4 1 2 7 1 2 4 0 2 7 5 30 3 1 2 11 0 2 11 12 16 2 0 2 10 8 9 2 5 30 3 17 9 2 0 2 7 1 2 11 17 9 2 0 2 7 0 2 7 0 2 7 0 20.9925907850265503
0 2 8 0 2 8 0 2 8 5 30 3 8 18 2 1 2 8 8 18 2 16 19 12 0 2 8 0 2 8 8 18 2 0 2 8 16 6 2 1 2 8 5 30 3 0 2 8 0 2 8 12 16 2 1 2 8 0 2 8 0.001361431342567735 22.6494693756103516
0 2 7 0 2 7 0 2 11 0 2 11 0 2 11 17 18 2 0 2 11 0 2 7 0 2 11 0 2 11 5 30 3 0 2 11 8 18 2 16 19 11 6 2 11 6 2 11 5 30 3 12 16 2 5 30 3 12 16 2 0 22.1409331560134888
5 30 3 0 2 3 5 30 3 9 2 7 0 2 8 0 2 7 0 2 8 0 2 8 0 2 3 1 2 7 0 2 12 16 6 2 0 2 8 0 2 7 17 18 2 0 2 11 0 2 8 1 2 7 5 31 3 0 2 1 0 22.2308403253555298
1 2 8 12 16 2 5 30 3 8 18 2 12 16 2 1 2 3 16 19 12 0 2 12 0 2 12 8 9 2 16 19 12 5 30 3 8 9 2 0 2 12 0 2 3 8 9 2 0 2 12 0 2 12 1 2 3 0 2 3 0.0031753773816245584 22.4985700845718384
5 30 3 17 9 2 0 2 4 12 16 2 0 2 3 13 6 3 0 2 7 0 2 7 16 31 2 0 2 4 1 2 7 0 2 7 1 2 7 1 2 7 1 2 7 12 16 2 0 2 7 0 2 7 5 30 3 12 16 2 0 20.4516056776046753
5 31 3 0 2 10 0 2 7 1 2 7 0 2 7 0 2 3 0 2 7 5 30 3 17 9 2 0 2 10 0 2 4 0 2 7 0 2 7 1 2 3 12 16 2 16 6 2 0 2 3 1 2 7 1 2 4 1 2 3 0 20.8910259008407593
0 2 11 0 2 7 0 2 7 0 2 7 1 2 7 0 2 7 5 31 3 0 2 11 5 30 3 5 30 3 17 9 2 6 2 7 1 2 7 6 2 10 17 9 2 0 2 11 0 2 11 0 2 7 12 16 2 0 2 11 0 21.3925980925559998

Current Evaluation = 360(360)
Front Size = 10
0 2 7 0 2 7 0 2 7 5 30 3 1 2 7 12 16 2 0 2 7 13 6 3 17 18 2 1 2 7 0 2 7 0 2 7 1 2 7 0 2 7 17 18 2 1 2 7 0 2 7 1 2 7 5 31 3 0 2 7 0 20.2646257877349854
5 30 3 0 2 3 5 31 3 12 16 2 0 2 3 0 2 7 0 2 3 0 2 8 1 2 3 0 2 11 6 2 8 16 6 2 0 2 7 0 2 7 0 2 3 16 19 12 0 2 7 0 2 3 5 30 3 1 2 3 0 22.0145250558853149
0 2 8 0 2 8 0 2 8 5 30 3 8 18 2 1 2 8 8 18 2 16 19 12 0 2 8 0 2 8 8 18 2 0 2 8 16 6 2 1 2 8 5 30 3 0 2 8 0 2 8 12 16 2 1 2 8 0 2 8 0.001361431342567735 22.6494693756103516
0 2 3 5 30 3 0 2 7 5 30 3 1 2 11 5 30 3 1 2 7 0 2 11 0 2 11 16 31 2 6 2 11 0 2 7 12 16 2 0 2 11 17 18 2 0 2 7 0 2 11 6 2 7 0 2 7 0 2 3 0 21.3990300297737122
1 2 8 12 16 2 5 30 3 8 18 2 12 16 2 1 2 3 16 19 12 0 2 12 0 2 12 8 9 2 16 19 12 5 30 3 8 9 2 0 2 12 0 2 3 8 9 2 0 2 12 0 2 12 1 2 3 0 2 3 0.0031753773816245584 22.4985700845718384
5 30 3 0 2 3 5 30 3 9 2 7 0 2 8 0 2 7 0 2 8 0 2 8 0 2 3 1 2 7 0 2 12 16 6 2 0 2 8 0 2 7 17 18 2 0 2 11 0 2 8 1 2 7 5 31 3 0 2 1 0 22.2308403253555298
5 30 3 12 16 2 0 2 8 0 2 7 0 2 7 16 19 12 5 30 3 8 18 2 8 18 2 1 2 7 0 2 7 0 2 7 1 2 7 0 2 7 1 2 8 0 2 8 0 2 7 1 2 7 1 2 8 0 2 8 0.00116195265575371885 21.6820559501647949
5 31 3 1 2 10 5 30 3 0 2 7 0 2 7 0 2 4 1 2 4 1 2 4 1 2 11 1 2 7 17 9 2 1 2 7 0 2 7 0 2 7 0 2 7 0 2 7 0 2 7 0 2 7 17 9 2 0 2 11 0 20.6016669273376465
0 2 7 0 2 7 1 2 7 5 30 3 12 16 2 1 2 7 1 2 11 5 30 3 17 18 2 0 2 10 0 2 7 0 2 7 0 2 7 16 31 2 1 2 4 0 2 3 1 2 3 0 2 7 0 2 4 0 2 3 0 20.8012487888336182
5 30 3 0 2 7 12 16 2 0 2 7 0 2 7 1 2 7 0 2 10 0 2 7 0 2 7 12 16 2 5 31 3 8 9 2 0 2 10 0 2 7 0 2 7 16 6 2 1 2 7 17 9 2 1 2 4 12 16 2 0 21.0009787082672119

Current Evaluation = 540(540)
Front Size = 10
0 2 7 0 2 7 0 2 7 5 30 3 1 2 7 12 16 2 0 2 7 13 6 3 17 18 2 1 2 7 0 2 7 0 2 7 1 2 7 0 2 7 17 18 2 1 2 7 0 2 7 1 2 7 5 31 3 0 2 7 0 20.2646257877349854
5 30 3 1 2 7 1 2 7 0 2 7 0 2 7 17 9 2 0 2 11 1 2 3 1 2 3 0 2 7 0 2 7 0 2 7 1 2 3 0 2 7 0 2 7 0 2 3 16 31 2 0 2 7 5 30 3 1 2 7 0 20.6688989400863647
0 2 7 0 2 4 6 2 1 5 30 3 0 2 3 0 2 7 0 2 3 8 18 2 0 2 7 0 2 8 1 2 7 5 30 3 17 9 2 1 2 7 1 2 7 17 18 2 0 2 11 0 2 11 1 2 7 1 2 11 0 21.1657340526580811
5 30 3 5 30 3 12 16 2 0 2 3 0 2 11 0 2 11 8 18 2 0 2 11 0 2 8 16 19 11 0 2 11 0 2 7 0 2 7 0 2 11 16 6 2 5 30 3 12 16 2 0 2 8 0 2 11 0 2 3 0 22.3352601528167725
5 31 3 1 2 7 0 2 7 0 2 7 16 6 2 12 16 2 1 2 7 0 2 7 0 2 7 12 16 2 6 2 7 5 31 3 1 2 3 0 2 10 16 9 11 0 2 3 0 2 3 0 2 3 1 2 7 0 2 11 0.000219461621228998587 21.26842200756073
5 30 3 0 2 3 5 30 3 9 2 7 0 2 8 0 2 7 0 2 8 0 2 8 0 2 3 1 2 7 0 2 12 16 6 2 0 2 8 0 2 7 17 18 2 0 2 11 0 2 8 1 2 7 5 31 3 0 2 1 0 22.2308403253555298
1 2 7 16 6 2 0 2 7 5 31 3 1 2 7 12 16 2 0 2 7 0 2 7 0 2 4 5 31 3 0 2 7 16 6 2 0 2 7 15 2 11 6 2 7 0 2 7 12 16 2 0 2 7 12 16 2 0 2 7 0 20.7927517294883728
1 2 7 0 2 4 5 30 3 0 2 7 0 2 7 1 2 4 1 2 7 0 2 3 0 2 7 0 2 7 0 2 7 17 18 2 6 2 11 0 2 7 17 9 2 1 2 11 5 31 3 0 2 4 1 2 11 0 2 11 0 20.82315993309021
0 2 3 5 30 3 0 2 7 5 30 3 1 2 11 5 30 3 1 2 7 0 2 11 0 2 11 16 31 2 6 2 11 0 2 7 12 16 2 0 2 11 17 18 2 0 2 7 0 2 11 6 2 7 0 2 7 0 2 3 0 21.3990300297737122
5 31 3 0 2 3 5 30 3 0 2 7 0 2 7 0 2 3 16 19 11 0 2 11 0 2 8 12 16 2 0 2 7 1 2 3 0 2 7 16 6 2 0 2 7 0 2 3 1 2 7 0 2 7 5 30 3 0 2 7 0 21.6411838531494141

Current Evaluation = 720(720)
Front Size = 10
5 30 3 5 31 3 0 2 7 0 2 7 0 2 7 1 2 7 0 2 7 1 2 7 0 2 7 0 2 7 1 2 7 1 2 7 17 9 2 0 2 7 1 2 7 0 2 7 12 16 2 13 6 3 17 18 2 0 2 7 0 20.2646257877349854
5 30 3 1 2 7 5 30 3 0 2 11 1 2 7 1 2 11 17 18 2 0 2 4 1 2 7 8 9 2 0 2 11 0 2 3 1 2 7 1 2 11 0 2 7 0 2 4 17 9 2 0 2 7 0 2 7 0 2 7 0 20.8198409080505371
5 31 3 5 30 3 12 16 2 0 2 8 0 2 7 0 2 3 0 2 8 0 2 3 0 2 7 0 2 8 5 31 3 0 2 7 0 2 8 0 2 3 0 2 7 1 2 8 16 6 2 0 2 8 16 30 2 1 2 8 0 22.0658361911773682
5 30 3 5 30 3 12 16 2 0 2 3 0 2 11 0 2 11 8 18 2 0 2 11 0 2 8 16 19 11 0 2 11 0 2 7 0 2 7 0 2 11 16 6 2 5 30 3 12 16 2 0 2 8 0 2 11 0 2 3 0 22.3352601528167725
0 2 7 0 2 7 5 31 3 12 16 2 0 2 7 0 2 7 1 2 12 16 6 2 0 2 3 1 2 3 0 2 7 8 9 2 0 2 3 12 16 2 16 6 2 5 30 3 0 2 3 1 2 7 0 2 7 1 2 3 0 21.1038378477096558
1 2 7 16 6 2 0 2 7 5 31 3 1 2 7 12 16 2 0 2 7 0 2 7 0 2 4 5 31 3 0 2 7 16 6 2 0 2 7 15 2 11 6 2 7 0 2 7 12 16 2 0 2 7 12 16 2 0 2 7 0 20.7927517294883728
0 2 11 0 2 3 0 2 3 5 30 3 1 2 7 12 16 2 0 2 3 17 18 2 5 30 3 1 2 7 0 2 7 16 30 2 0 2 3 0 2 3 8 9 2 1 2 1 0 2 7 1 2 7 0 2 3 1 2 4 0 21.2152230739593506
0 2 3 5 30 3 0 2 7 5 30 3 1 2 11 5 30 3 1 2 7 0 2 11 0 2 11 16 31 2 6 2 11 0 2 7 12 16 2 0 2 11 17 18 2 0 2 7 0 2 11 6 2 7 0 2 7 0 2 3 0 21.3990300297737122
5 30 3 0 2 3 5 30 3 9 2 7 0 2 8 0 2 7 0 2 8 0 2 8 0 2 3 1 2 7 0 2 12 16 6 2 0 2 8 0 2 7 17 18 2 0 2 11 0 2 8 1 2 7 5 31 3 0 2 1 0 22.2308403253555298
5 30 3 1 2 7 5 30 3 0 2 7 0 2 3 1 2 11 0 2 7 17 18 2 0 2 7 1 2 7 0 2 3 0 2 3 0 2 7 1 2 7 0 2 3 16 31 2 1 2 7 0 2 7 0 2 7 1 2 7 0 20.6688988208770752

Current Evaluation = 900(900)
Front Size = 10
1 2 7 0 2 7 0 2 7 0 2 7 0 2 7 17 18 2 13 6 3 1 2 7 5 31 3 0 2 7 0 2 7 17 9 2 0 2 7 1 2 7 5 30 3 12 16 2 1 2 7 1 2 7 0 2 7 0 2 7 0 20.2646257877349854
12 16 2 0 2 11 1 2 3 16 6 2 12 16 2 12 16 2 0 2 7 0 2 7 5 30 3 1 2 7 1 2 7 8 18 2 0 2 7 0 2 7 17 18 2 0 2 4 0 2 7 5 30 3 13 6 3 0 2 7 0 20.6301087141036987
0 2 7 16 6 2 1 2 7 17 18 2 5 31 3 1 2 7 0 2 7 6 2 7 5 31 3 12 16 2 0 2 4 0 2 7 12 16 2 1 2 7 1 2 7 0 2 7 0 2 4 0 2 7 0 2 7 0 2 10 0 20.6613958477973938
12 16 2 0 2 3 1 2 7 0 2 7 0 2 3 0 2 7 5 30 3 0 2 3 0 2 7 16 6 2 16 31 2 0 2 7 1 2 3 5 30 3 1 2 7 1 2 3 0 2 3 0 2 7 0 2 3 1 2 3 0 20.9838578701019287
0 2 7 5 30 3 5 30 3 5 30 3 16 19 11 15 2 11 1 2 7 17 18 2 0 2 7 0 2 7 0 2 3 0 2 11 1 2 7 0 2 3 1 2 7 0 2 11 0 2 7 0 2 7 0 2 7 0 2 7 0 21.351990818977356
5 31 3 5 30 3 12 16 2 0 2 8 0 2 7 0 2 3 0 2 8 0 2 3 0 2 7 0 2 8 5 31 3 0 2 7 0 2 8 0 2 3 0 2 7 1 2 8 16 6 2 0 2 8 16 30 2 1 2 8 0 22.0658361911773682
5 30 3 0 2 7 9 2 7 1 2 7 1 2 3 0 2 3 0 2 3 0 2 7 0 2 7 1 2 11 1 2 3 16 6 2 0 2 7 0 2 7 17 18 2 0 2 7 0 2 7 1 2 7 5 31 3 0 2 7 0 20.9495408535003662
5 30 3 5 30 3 12 16 2 0 2 3 0 2 11 0 2 11 8 18 2 0 2 11 0 2 8 16 19 11 0 2 11 0 2 7 0 2 7 0 2 11 16 6 2 5 30 3 12 16 2 0 2 8 0 2 11 0 2 3 0 22.3352601528167725
5 30 3 0 2 3 5 30 3 9 2 7 0 2 8 0 2 7 0 2 8 0 2 8 0 2 3 1 2 7 0 2 12 16 6 2 0 2 8 0 2 7 17 18 2 0 2 11 0 2 8 1 2 7 5 31 3 0 2 1 0 22.2308403253555298
0 2 3 5 30 3 0 2 7 5 30 3 1 2 11 5 30 3 1 2 7 0 2 11 0 2 11 16 31 2 6 2 11 0 2 7 12 16 2 0 2 11 17 18 2 0 2 7 0 2 11 6 2 7 0 2 7 0 2 3 0 21.3990300297737122

Current Evaluation = 1080(1080)
Front Size = 10
0 2 7 5 31 3 1 2 7 0 2 7 1 2 7 1 2 7 0 2 7 0 2 7 0 2 7 17 9 2 0 2 7 0 2 7 12 16 2 1 2 7 5 30 3 1 2 7 17 18 2 13 6 3 0 2 7 0 2 7 0 20.2646257877349854
5 30 3 5 30 3 12 16 2 0 2 3 0 2 11 0 2 11 8 18 2 0 2 11 0 2 8 16 19 11 0 2 11 0 2 7 0 2 7 0 2 11 16 6 2 5 30 3 12 16 2 0 2 8 0 2 11 0 2 3 0 22.3352601528167725
12 16 2 1 2 7 1 2 7 0 2 7 0 2 4 0 2 7 16 31 2 0 2 7 0 2 7 1 2 3 0 2 7 5 30 3 5 30 3 12 16 2 17 9 2 1 2 7 0 2 4 13 6 3 0 2 7 12 16 2 0 20.4516056776046753
5 31 3 5 30 3 12 16 2 0 2 3 0 2 7 0 2 8 0 2 8 0 2 8 0 2 7 0 2 7 5 31 3 0 2 8 0 2 8 0 2 7 0 2 7 1 2 3 16 6 2 0 2 8 16 6 2 6 2 8 0 21.9775062799453735
5 30 3 0 2 11 0 2 10 0 2 7 5 31 3 0 2 7 12 16 2 5 30 3 0 2 7 0 2 7 1 2 7 17 18 2 6 2 7 16 19 11 0 2 7 0 2 11 0 2 11 0 2 3 6 2 7 1 2 11 0 21.5550569295883179
5 30 3 0 2 3 5 30 3 9 2 7 0 2 8 0 2 7 0 2 8 0 2 8 0 2 3 1 2 7 0 2 12 16 6 2 0 2 8 0 2 7 17 18 2 0 2 11 0 2 8 1 2 7 5 31 3 0 2 1 0 22.2308403253555298
0 2 7 1 2 3 0 2 7 0 2 7 1 2 3 5 30 3 16 31 2 5 30 3 1 2 3 0 2 7 0 2 7 1 2 11 0 2 7 0 2 3 17 18 2 1 2 7 0 2 7 0 2 7 0 2 7 1 2 7 0 20.6688988208770752
0 2 7 5 30 3 0 2 10 12 16 2 1 2 7 1 2 11 17 18 2 0 2 3 0 2 4 1 2 7 5 30 3 1 2 7 0 2 7 0 2 3 16 31 2 0 2 7 1 2 7 0 2 3 0 2 4 0 2 7 0 20.8012487888336182
5 30 3 0 2 3 0 2 7 0 2 7 0 2 7 0 2 7 0 2 7 5 31 3 12 16 2 0 2 8 0 2 7 0 2 7 5 31 3 0 2 7 1 2 7 1 2 8 16 6 2 0 2 7 16 6 2 0 2 7 0 21.1302127838134766
0 2 7 5 30 3 5 30 3 5 30 3 16 19 11 15 2 11 1 2 7 17 18 2 0 2 7 0 2 7 0 2 3 0 2 11 1 2 7 0 2 3 1 2 7 0 2 11 0 2 7 0 2 7 0 2 7 0 2 7 0 21.351990818977356

Current Evaluation = 1260(1260)
Front Size = 10
12 16 2 17 9 2 1 2 7 0 2 7 0 2 7 0 2 7 1 2 7 0 2 7 5 30 3 17 9 2 1 2 7 13 6 3 1 2 7 0 2 7 1 2 7 0 2 7 0 2 7 0 2 7 0 2 7 5 31 3 0 20.2646257877349854
0 2 7 5 30 3 0 2 7 1 2 11 17 18 2 0 2 3 1 2 7 5 30 3 1 2 7 0 2 7 0 2 7 16 31 2 0 2 7 0 2 7 0 2 7 1 2 3 0 2 3 1 2 7 1 2 3 0 2 7 0 20.6688988208770752
16 9 11 12 16 2 0 2 3 5 30 3 0 2 10 0 2 7 5 31 3 0 2 7 0 2 3 1 2 7 0 2 3 1 2 3 0 2 7 16 6 2 0 2 3 1 2 7 12 16 2 0 2 7 0 2 3 1 2 7 0 21.3628018498420715
0 2 7 5 30 3 12 16 2 16 24 2 6 2 3 0 2 3 0 2 3 0 2 11 12 16 2 16 6 2 0 2 7 0 2 11 5 30 3 0 2 7 5 31 3 0 2 3 1 2 3 0 2 11 0 2 11 0 2 11 0 21.7854601144790649
5 30 3 0 2 3 5 30 3 9 2 7 0 2 8 0 2 7 0 2 8 0 2 8 0 2 3 1 2 7 0 2 12 16 6 2 0 2 8 0 2 7 17 18 2 0 2 11 0 2 8 1 2 7 5 31 3 0 2 1 0 22.2308403253555298
12 16 2 1 2 7 1 2 7 0 2 7 0 2 4 0 2 7 16 31 2 0 2 7 0 2 7 1 2 3 0 2 7 5 30 3 5 30 3 12 16 2 17 9 2 1 2 7 0 2 4 13 6 3 0 2 7 12 16 2 0 20.4516056776046753
0 2 7 5 30 3 0 2 7 1 2 7 1 2 7 17 18 2 6 2 7 5 31 3 1 2 7 0 2 8 0 2 8 0 2 3 0 2 7 0 2 7 0 2 3 0 2 7 16 6 2 6 2 7 0 2 7 5 31 3 0 21.0271360874176025
5 30 3 0 2 7 0 2 4 5 31 3 0 2 7 1 2 7 0 2 7 1 2 4 16 6 2 1 2 7 0 2 7 17 18 2 0 2 7 0 2 7 0 2 7 12 16 2 15 2 11 0 2 7 0 2 3 1 2 7 0 20.6338227987289429
5 31 3 5 30 3 12 16 2 0 2 3 0 2 7 0 2 8 0 2 8 0 2 8 0 2 7 0 2 7 5 31 3 0 2 8 0 2 8 0 2 7 0 2 7 1 2 3 16 6 2 0 2 8 16 6 2 6 2 8 0 21.9775062799453735
0 2 7 5 30 3 0 2 10 12 16 2 1 2 7 1 2 11 17 18 2 0 2 3 0 2 4 1 2 7 5 30 3 1 2 7 0 2 7 0 2 3 16 31 2 0 2 7 1 2 7 0 2 3 0 2 4 0 2 7 0 20.8012487888336182

Current Evaluation = 1440(1440)
Front Size = 10
0 2 7 0 2 7 0 2 7 5 30 3 1 2 7 1 2 7 13 6 3 0 2 7 0 2 7 0 2 7 1 2 7 17 9 2 0 2 7 17 18 2 0 2 7 0 2 7 1 2 7 12 16 2 5 31 3 1 2 7 0 20.2646257877349854
5 30 3 12 16 2 0 2 7 0 2 3 1 2 3 0 2 7 0 2 7 1 2 7 0 2 3 0 2 3 0 2 7 0 2 7 0 2 3 5 30 3 16 6 2 1 2 3 0 2 3 1 2 7 16 31 2 1 2 3 0 20.9838578701019287
12 16 2 1 2 11 5 31 3 0 2 7 5 31 3 0 2 7 0 2 7 6 2 7 16 6 2 0 2 7 17 18 2 6 2 7 0 2 7 0 2 7 0 2 4 1 2 7 0 2 7 12 16 2 1 2 3 0 2 4 0 20.783288836479187
5 31 3 5 30 3 12 16 2 0 2 3 0 2 7 0 2 8 0 2 8 0 2 8 0 2 7 0 2 7 5 31 3 0 2 8 0 2 8 0 2 7 0 2 7 1 2 3 16 6 2 0 2 8 16 6 2 6 2 8 0 21.9775062799453735
5 31 3 12 16 2 0 2 7 0 2 7 0 2 4 17 9 2 0 2 3 0 2 4 0 2 3 1 2 7 0 2 10 0 2 10 1 2 10 16 6 2 12 16 2 0 2 3 1 2 3 0 2 7 5 30 3 1 2 7 0 21.1633758544921875
12 16 2 1 2 7 1 2 7 0 2 7 0 2 4 0 2 7 16 31 2 0 2 7 0 2 7 1 2 3 0 2 7 5 30 3 5 30 3 12 16 2 17 9 2 1 2 7 0 2 4 13 6 3 0 2 7 12 16 2 0 20.4516056776046753
1 2 7 12 16 2 12 16 2 0 2 7 1 2 4 0 2 7 16 30 2 5 31 3 0 2 7 0 2 7 0 2 7 1 2 4 5 30 3 17 18 2 0 2 7 0 2 7 0 2 3 13 6 3 12 16 2 1 2 7 0 20.4516057968139648
0 2 10 1 2 7 0 2 7 1 2 7 0 2 7 0 2 11 1 2 7 5 30 3 1 2 4 1 2 11 1 2 4 0 2 7 0 2 4 5 31 3 17 9 2 0 2 7 0 2 7 0 2 7 17 18 2 0 2 7 0 20.6016669273376465
0 2 7 5 30 3 1 2 11 17 18 2 0 2 3 0 2 3 0 2 7 0 2 7 1 2 7 1 2 7 0 2 7 1 2 3 5 30 3 0 2 7 1 2 7 16 31 2 0 2 7 0 2 7 1 2 7 0 2 3 0 20.6688988208770752
0 2 7 5 30 3 12 16 2 12 16 2 0 2 7 5 30 3 0 2 7 1 2 3 0 2 7 6 2 3 0 2 3 0 2 4 17 9 2 16 6 2 0 2 11 16 31 2 0 2 3 0 2 11 0 2 11 0 2 11 0.0667563840369025663 21.1954519748687744

Current Evaluation = 1620(1620)
Front Size = 10
12 16 2 0 2 7 5 30 3 1 2 7 0 2 7 0 2 7 1 2 7 0 2 7 0 2 7 0 2 7 1 2 7 0 2 7 0 2 7 0 2 7 1 2 7 17 9 2 5 31 3 13 6 3 17 18 2 1 2 7 0 20.2646257877349854
5 31 3 5 30 3 12 16 2 0 2 3 0 2 7 0 2 8 0 2 8 0 2 8 0 2 7 0 2 7 5 31 3 0 2 8 0 2 8 0 2 7 0 2 7 1 2 3 16 6 2 0 2 8 16 6 2 6 2 8 0 21.9775062799453735
12 16 2 17 18 2 15 2 11 0 2 7 5 30 3 0 2 7 17 18 2 12 16 2 12 16 2 13 6 3 1 2 4 5 30 3 0 2 11 13 6 3 0 2 7 0 2 7 0 2 7 1 2 7 12 16 2 0 2 7 0 20.6170506477355957
12 16 2 0 2 7 0 2 7 5 31 3 12 16 2 12 16 2 13 6 3 1 2 7 0 2 7 17 18 2 0 2 7 17 9 2 13 6 3 12 16 2 0 2 3 1 2 7 0 2 7 1 2 7 1 2 11 0 2 7 0 20.4253376722335815
5 30 3 12 16 2 0 2 7 0 2 3 1 2 3 0 2 7 0 2 7 1 2 7 0 2 3 0 2 3 0 2 7 0 2 7 0 2 3 5 30 3 16 6 2 1 2 3 0 2 3 1 2 7 16 31 2 1 2 3 0 20.9838578701019287
12 16 2 5 31 3 0 2 7 0 2 7 1 2 7 0 2 4 17 18 2 0 2 7 0 2 4 1 2 7 0 2 3 12 16 2 16 30 2 5 30 3 1 2 7 13 6 3 0 2 7 12 16 2 1 2 7 0 2 7 0 20.4516057968139648
12 16 2 1 2 11 5 31 3 0 2 7 5 31 3 0 2 7 0 2 7 6 2 7 16 6 2 0 2 7 17 18 2 6 2 7 0 2 7 0 2 7 0 2 4 1 2 7 0 2 7 12 16 2 1 2 3 0 2 4 0 20.783288836479187
12 16 2 17 9 2 1 2 7 0 2 4 5 30 3 0 2 11 17 9 2 12 16 2 12 16 2 13 6 3 0 2 7 5 30 3 0 2 7 13 6 3 6 2 11 0 2 11 1 2 7 0 2 7 12 16 2 0 2 4 0 20.6217467784881592
12 16 2 0 2 7 0 2 7 0 2 7 0 2 7 1 2 7 12 16 2 0 2 7 5 31 3 8 9 2 0 2 7 1 2 7 5 31 3 0 2 7 16 6 2 1 2 4 0 2 7 0 2 7 16 6 2 12 16 2 0 20.7894667387008667
5 30 3 5 30 3 12 16 2 0 2 7 0 2 11 1 2 7 0 2 7 0 2 11 0 2 7 0 2 7 6 2 11 0 2 7 5 31 3 0 2 7 0 2 7 0 2 11 17 18 2 1 2 11 16 6 2 15 2 11 0 21.3093109130859375

Current Evaluation = 1800(1800)
Front Size = 10
5 30 3 12 16 2 0 2 7 1 2 7 0 2 7 0 2 7 1 2 7 13 6 3 0 2 7 0 2 7 0 2 7 1 2 7 17 18 2 17 18 2 1 2 7 0 2 7 0 2 7 1 2 7 5 31 3 0 2 7 0 20.2646257877349854
12 16 2 17 9 2 13 6 3 0 2 7 0 2 7 1 2 7 1 2 4 1 2 11 0 2 7 0 2 7 12 16 2 12 16 2 1 2 11 13 6 3 0 2 7 12 16 2 17 9 2 5 30 3 0 2 7 0 2 7 0 20.3046585321426392
5 30 3 12 16 2 0 2 7 0 2 3 1 2 3 0 2 7 0 2 7 1 2 7 0 2 3 0 2 3 0 2 7 0 2 7 0 2 3 5 30 3 16 6 2 1 2 3 0 2 3 1 2 7 16 31 2 1 2 3 0 20.9838578701019287
5 31 3 5 30 3 12 16 2 0 2 3 0 2 7 0 2 8 0 2 8 0 2 8 0 2 7 0 2 7 5 31 3 0 2 8 0 2 8 0 2 7 0 2 7 1 2 3 16 6 2 0 2 8 16 6 2 6 2 8 0 21.9775062799453735
0 2 7 12 16 2 0 2 7 0 2 7 0 2 4 0 2 4 12 16 2 1 2 7 13 6 3 12 16 2 5 30 3 5 30 3 1 2 7 0 2 11 6 2 11 0 2 7 1 2 3 17 9 2 1 2 7 0 2 7 0.000192742894699353564 20.7979887723922729
0 2 7 12 16 2 0 2 7 0 2 7 1 2 7 5 31 3 0 2 7 1 2 7 1 2 7 0 2 7 0 2 7 0 2 7 0 2 4 6 2 7 17 9 2 16 6 2 0 2 7 5 31 3 1 2 7 0 2 4 0 20.4595978856086731
5 30 3 12 16 2 0 2 7 0 2 7 0 2 7 0 2 7 1 2 11 8 9 2 1 2 3 12 16 2 0 2 7 0 2 7 5 31 3 0 2 7 1 2 3 0 2 8 16 6 2 0 2 3 16 6 2 0 2 7 0 21.115189790725708
0 2 7 12 16 2 0 2 7 12 16 2 0 2 7 0 2 7 0 2 4 17 9 2 0 2 7 13 6 3 0 2 7 1 2 7 1 2 7 12 16 2 5 31 3 5 30 3 16 30 2 1 2 7 1 2 11 0 2 7 0 20.4712057113647461
12 16 2 0 2 7 0 2 7 0 2 7 0 2 7 0 2 7 5 30 3 0 2 8 13 6 3 1 2 7 5 31 3 0 2 8 12 16 2 16 6 2 1 2 11 13 6 3 12 16 2 17 9 2 6 2 8 16 6 2 0.0595201201212820219 20.3674927949905396
12 16 2 1 2 7 0 2 7 0 2 7 0 2 7 1 2 4 1 2 7 0 2 7 1 2 7 12 16 2 17 9 2 5 31 3 0 2 10 16 6 2 5 30 3 0 2 7 0 2 7 8 9 2 0 2 7 0 2 7 0 20.7286287546157837

Current Evaluation = 1980(1980)
Front Size = 10
12 16 2 0 2 7 0 2 7 1 2 7 0 2 7 1 2 7 0 2 7 5 31 3 13 6 3 17 18 2 5 30 3 1 2 7 1 2 7 17 9 2 0 2 7 0 2 7 1 2 7 0 2 7 0 2 7 0 2 7 0 20.2646257877349854
5 31 3 12 16 2 0 2 7 1 2 7 0 2 7 1 2 7 1 2 4 0 2 4 17 18 2 0 2 1 1 2 4 0 2 7 0 2 7 1 2 4 12 16 2 12 16 2 17 9 2 12 16 2 13 6 3 0 2 4 0 20.6123768091201782
12 16 2 5 31 3 12 16 2 0 2 7 1 2 7 0 2 10 0 2 7 0 2 7 0 2 7 16 6 2 16 6 2 0 2 7 6 2 3 1 2 7 5 31 3 1 2 7 0 2 3 0 2 7 0 2 3 0 2 7 0 20.8681567907333374
5 30 3 12 16 2 1 2 7 0 2 3 1 2 7 1 2 3 0 2 7 1 2 7 0 2 3 16 6 2 1 2 3 0 2 7 5 30 3 0 2 3 16 31 2 0 2 7 0 2 3 0 2 3 0 2 7 0 2 3 0 20.9838578701019287
5 31 3 5 30 3 12 16 2 0 2 3 0 2 7 0 2 8 0 2 8 0 2 8 0 2 7 0 2 7 5 31 3 0 2 8 0 2 8 0 2 7 0 2 7 1 2 3 16 6 2 0 2 8 16 6 2 6 2 8 0 21.9775062799453735
12 16 2 17 9 2 13 6 3 0 2 7 0 2 7 0 2 7 1 2 7 0 2 4 0 2 7 12 16 2 12 16 2 1 2 11 1 2 7 0 2 7 0 2 7 17 9 2 1 2 11 13 6 3 12 16 2 5 30 3 0 20.3046585321426392
5 30 3 1 2 3 1 2 7 5 31 3 0 2 7 0 2 7 0 2 7 1 2 3 12 16 2 0 2 7 1 2 7 0 2 3 16 6 2 0 2 7 8 18 2 0 2 7 0 2 4 1 2 7 17 9 2 0 2 3 0 20.8562788963317871
12 16 2 12 16 2 0 2 7 0 2 10 1 2 7 5 30 3 1 2 7 0 2 7 5 31 3 0 2 7 16 6 2 1 2 4 0 2 7 17 18 2 8 9 2 0 2 7 0 2 7 0 2 7 0 2 7 1 2 7 0 20.7286287546157837
12 16 2 1 2 4 0 2 7 0 2 3 0 2 7 12 16 2 0 2 3 0 2 7 16 31 2 5 30 3 0 2 7 16 24 2 0 2 7 0 2 7 12 16 2 1 2 7 5 30 3 1 2 7 0 2 7 8 9 2 0 20.8956457376480103
12 16 2 12 16 2 0 2 7 1 2 7 0 2 7 0 2 7 0 2 7 0 2 7 0 2 11 0 2 10 5 30 3 1 2 11 6 2 3 0 2 11 5 31 3 0 2 4 0 2 3 0 2 7 17 9 2 13 6 3 0.00229235597433253896 21.1651738882064819

Current Evaluation = 2160(2160)
Front Size = 10
12 16 2 5 31 3 0 2 7 1 2 7 0 2 7 0 2 7 0 2 7 0 2 7 1 2 7 1 2 7 0 2 7 0 2 7 1 2 7 0 2 7 17 9 2 0 2 7 1 2 7 17 18 2 13 6 3 5 30 3 0 20.2646257877349854
5 31 3 12 16 2 0 2 1 0 2 7 17 9 2 13 6 3 12 16 2 12 16 2 0 2 4 1 2 7 1 2 4 1 2 4 17 18 2 0 2 7 1 2 4 1 2 7 0 2 7 0 2 4 0 2 7 12 16 2 0 20.6123768091201782
12 16 2 0 2 7 0 2 7 13 6 3 0 2 7 1 2 11 12 16 2 12 16 2 13 6 3 1 2 7 17 9 2 12 16 2 1 2 4 17 18 2 0 2 7 1 2 11 0 2 7 0 2 7 5 30 3 0 2 7 0 20.3046585321426392
5 30 3 12 16 2 1 2 7 0 2 3 1 2 7 1 2 3 0 2 7 1 2 7 0 2 3 16 6 2 1 2 3 0 2 7 5 30 3 0 2 3 16 31 2 0 2 7 0 2 3 0 2 3 0 2 7 0 2 3 0 20.9838578701019287
5 30 3 12 16 2 0 2 4 1 2 7 0 2 7 17 9 2 17 18 2 12 16 2 12 16 2 13 6 3 0 2 7 0 2 11 1 2 11 0 2 7 0 2 7 0 2 7 1 2 7 1 2 7 13 6 3 12 16 2 0 20.3046586513519287
5 30 3 5 31 3 12 16 2 0 2 7 6 2 7 1 2 11 6 2 7 16 19 11 0 2 7 1 2 11 0 2 10 0 2 7 17 18 2 0 2 7 5 30 3 0 2 11 0 2 3 0 2 7 0 2 7 0 2 11 0 21.5550568103790283
5 31 3 5 30 3 12 16 2 0 2 3 0 2 7 0 2 8 0 2 8 0 2 8 0 2 7 0 2 7 5 31 3 0 2 8 0 2 8 0 2 7 0 2 7 1 2 3 16 6 2 0 2 8 16 6 2 6 2 8 0 21.9775062799453735
5 31 3 12 16 2 0 2 4 1 2 7 17 9 2 13 6 3 12 16 2 12 16 2 0 2 7 0 2 7 1 2 11 1 2 4 17 18 2 0 2 4 1 2 7 0 2 4 0 2 11 0 2 4 1 2 7 12 16 2 0 20.6165767908096313
12 16 2 5 31 3 0 2 7 1 2 7 1 2 7 0 2 7 0 2 7 0 2 7 1 2 4 1 2 7 0 2 7 0 2 7 12 16 2 0 2 3 16 30 2 16 6 2 0 2 3 5 31 3 0 2 3 0 2 7 0 20.7824869155883789
5 30 3 12 16 2 5 30 3 0 2 11 1 2 7 0 2 11 0 2 11 0 2 7 17 9 2 13 6 3 12 16 2 12 16 2 1 2 7 0 2 7 0 2 4 0 2 7 17 18 2 6 2 4 13 6 3 12 16 2 0 20.621746838092804

Current Evaluation = 2340(2340)
Front Size = 10
12 16 2 5 31 3 0 2 7 5 30 3 0 2 7 1 2 7 0 2 7 1 2 7 17 9 2 17 18 2 13 6 3 1 2 7 0 2 7 0 2 7 1 2 7 0 2 7 0 2 7 0 2 7 1 2 7 0 2 7 0 20.2646257877349854
5 31 3 12 16 2 0 2 1 0 2 7 17 9 2 13 6 3 12 16 2 12 16 2 0 2 4 1 2 7 1 2 4 1 2 4 17 18 2 0 2 7 1 2 4 1 2 7 0 2 7 0 2 4 0 2 7 12 16 2 0 20.6123768091201782
0 2 7 12 16 2 12 16 2 1 2 11 0 2 7 1 2 7 5 30 3 17 9 2 12 16 2 13 6 3 0 2 7 0 2 7 0 2 7 13 6 3 12 16 2 0 2 7 0 2 4 1 2 11 17 9 2 1 2 7 0 20.3046585321426392
5 31 3 12 16 2 1 2 4 13 6 3 0 2 7 1 2 7 0 2 7 17 9 2 5 30 3 0 2 7 1 2 4 12 16 2 0 2 7 0 2 7 6 2 7 1 2 7 0 2 7 17 9 2 0 2 7 0 2 7 0 20.3487167954444885
12 16 2 1 2 7 0 2 7 13 6 3 0 2 3 12 16 2 12 16 2 0 2 7 17 18 2 0 2 7 0 2 4 5 30 3 0 2 7 5 31 3 0 2 7 1 2 7 1 2 7 1 2 4 0 2 7 16 30 2 0 20.4516057968139648
12 16 2 0 2 7 0 2 7 13 6 3 17 9 2 12 16 2 12 16 2 1 2 7 0 2 7 12 16 2 0 2 7 17 18 2 1 2 7 0 2 7 13 6 3 0 2 7 5 31 3 0 2 11 1 2 7 1 2 3 0 20.4253377914428711
5 31 3 5 30 3 12 16 2 0 2 3 0 2 7 0 2 8 0 2 8 0 2 8 0 2 7 0 2 7 5 31 3 0 2 8 0 2 8 0 2 7 0 2 7 1 2 3 16 6 2 0 2 8 16 6 2 6 2 8 0 21.9775062799453735
5 31 3 12 16 2 0 2 7 0 2 7 1 2 7 16 6 2 0 2 7 0 2 4 0 2 7 1 2 7 17 9 2 0 2 4 5 31 3 0 2 7 0 2 7 1 2 7 6 2 7 0 2 7 0 2 7 1 2 7 0 20.4595978856086731
5 30 3 12 16 2 1 2 7 0 2 3 1 2 7 1 2 3 0 2 7 1 2 7 0 2 3 16 6 2 1 2 3 0 2 7 5 30 3 0 2 3 16 31 2 0 2 7 0 2 3 0 2 3 0 2 7 0 2 3 0 20.9838578701019287
5 30 3 5 30 3 12 16 2 0 2 7 0 2 7 0 2 4 0 2 11 0 2 7 0 2 11 1 2 7 17 18 2 1 2 3 1 2 4 0 2 7 0 2 10 1 2 7 17 18 2 0 2 11 8 18 2 1 2 7 0 20.9925910234451294

Current Evaluation = 2520(2520)
Front Size = 10
12 16 2 13 6 3 1 2 7 1 2 7 17 9 2 5 30 3 0 2 7 1 2 7 0 2 7 1 2 7 0 2 7 17 9 2 5 31 3 0 2 7 0 2 7 0 2 7 0 2 7 1 2 7 0 2 7 0 2 7 0 20.2646257877349854
12 16 2 0 2 4 17 18 2 13 6 3 12 16 2 12 16 2 0 2 7 0 2 7 17 18 2 0 2 7 1 2 7 0 2 7 1 2 11 12 16 2 5 30 3 1 2 7 0 2 7 1 2 11 13 6 3 0 2 7 0 20.3046585321426392
12 16 2 1 2 7 0 2 7 13 6 3 0 2 3 0 2 4 5 30 3 0 2 4 5 31 3 0 2 7 1 2 7 0 2 7 0 2 7 17 9 2 12 16 2 12 16 2 1 2 7 1 2 7 0 2 7 16 30 2 0 20.4516057968139648
12 16 2 13 6 3 12 16 2 1 2 7 0 2 7 0 2 7 1 2 4 0 2 7 5 30 3 6 2 7 0 2 7 0 2 7 1 2 7 0 2 7 17 9 2 1 2 4 5 31 3 0 2 7 0 2 7 17 18 2 0 20.3487167954444885
5 31 3 12 16 2 0 2 1 0 2 7 17 9 2 13 6 3 12 16 2 12 16 2 0 2 4 1 2 7 1 2 4 1 2 4 17 18 2 0 2 7 1 2 4 1 2 7 0 2 7 0 2 4 0 2 7 12 16 2 0 20.6123768091201782
12 16 2 0 2 7 1 2 7 0 2 7 8 9 2 5 31 3 1 2 7 12 16 2 0 2 7 0 2 7 1 2 7 0 2 7 0 2 7 0 2 10 0 2 7 16 6 2 17 9 2 5 30 3 1 2 7 0 2 4 0 20.7286287546157837
1 2 3 5 30 3 12 16 2 0 2 3 1 2 7 1 2 3 0 2 3 0 2 7 0 2 7 0 2 7 0 2 3 0 2 7 5 31 3 0 2 3 1 2 3 1 2 7 16 30 2 0 2 7 16 6 2 0 2 3 0 20.9838579893112183
5 30 3 12 16 2 1 2 7 13 6 3 0 2 7 0 2 7 1 2 7 0 2 7 0 2 7 0 2 7 17 9 2 1 2 7 12 16 2 12 16 2 17 18 2 0 2 4 5 31 3 1 2 11 13 6 3 0 2 11 0.000209537178021210494 20.4477827548980713
12 16 2 0 2 7 17 18 2 13 6 3 12 16 2 1 2 7 0 2 7 0 2 7 1 2 7 0 2 7 0 2 7 5 31 3 0 2 7 0 2 7 0 2 3 12 16 2 0 2 7 1 2 11 13 6 3 1 2 4 0.00429292464922067726 20.3600927591323853
12 16 2 13 6 3 1 2 7 1 2 7 0 2 4 17 9 2 5 30 3 0 2 7 12 16 2 1 2 7 0 2 7 1 2 7 0 2 7 17 9 2 5 31 3 0 2 7 0 2 4 6 2 7 0 2 7 0 2 7 0 20.3487167954444885

Current Evaluation = 2700(2700)
Front Size = 10
12 16 2 0 2 7 17 18 2 13 6 3 0 2 7 1 2 7 0 2 7 0 2 7 1 2 7 1 2 7 5 31 3 0 2 7 17 9 2 0 2 7 0 2 7 1 2 7 0 2 7 1 2 7 0 2 7 5 30 3 0 20.2646257877349854
5 31 3 12 16 2 0 2 1 0 2 7 17 9 2 13 6 3 12 16 2 12 16 2 0 2 4 1 2 7 1 2 4 1 2 4 17 18 2 0 2 7 1 2 4 1 2 7 0 2 7 0 2 4 0 2 7 12 16 2 0 20.6123768091201782
1 2 3 5 30 3 12 16 2 0 2 3 1 2 7 1 2 3 0 2 3 0 2 7 0 2 7 0 2 7 0 2 3 0 2 7 5 31 3 0 2 3 1 2 3 1 2 7 16 30 2 0 2 7 16 6 2 0 2 3 0 20.9838579893112183
12 16 2 0 2 4 17 18 2 13 6 3 12 16 2 12 16 2 0 2 7 0 2 7 0 2 7 1 2 7 0 2 7 1 2 11 5 30 3 1 2 7 0 2 7 0 2 7 17 18 2 8 18 2 1 2 11 13 6 3 0.00127359569852616939 20.2101136445999146
5 30 3 12 16 2 1 2 7 13 6 3 0 2 7 0 2 7 12 16 2 0 2 7 0 2 7 17 9 2 0 2 7 0 2 7 1 2 11 1 2 4 12 16 2 13 6 3 12 16 2 1 2 11 17 18 2 0 2 7 0 20.3046585321426392
12 16 2 12 16 2 0 2 7 1 2 7 0 2 7 1 2 7 0 2 7 0 2 7 17 18 2 5 30 3 13 6 3 12 16 2 0 2 4 12 16 2 17 9 2 0 2 11 0 2 7 1 2 7 1 2 11 13 6 3 0 20.3046586513519287
1 2 7 13 6 3 1 2 7 1 2 7 5 30 3 0 2 7 1 2 7 0 2 7 0 2 7 5 31 3 0 2 7 0 2 7 0 2 7 12 16 2 17 18 2 0 2 4 12 16 2 17 18 2 0 2 4 6 2 7 0 20.3487167954444885
5 31 3 12 16 2 0 2 7 13 6 3 12 16 2 1 2 3 0 2 7 1 2 7 16 30 2 1 2 7 0 2 7 5 30 3 0 2 7 0 2 11 17 9 2 12 16 2 0 2 7 6 2 7 0 2 7 0 2 4 0 20.547498881816864
12 16 2 0 2 7 17 18 2 13 6 3 12 16 2 12 16 2 1 2 7 0 2 7 0 2 7 0 2 7 0 2 7 1 2 7 5 31 3 1 2 3 1 2 11 13 6 3 0 2 7 12 16 2 17 9 2 0 2 7 0 20.4253376722335815
12 16 2 0 2 7 17 18 2 13 6 3 12 16 2 12 16 2 1 2 7 0 2 7 0 2 7 0 2 7 0 2 7 1 2 7 5 31 3 5 30 3 1 2 11 1 2 7 0 2 3 12 16 2 1 2 7 0 2 7 0.000134513382195072903 21.0101726055145264

Current Evaluation = 2880(2880)
Front Size = 10
12 16 2 0 2 7 13 6 3 5 30 3 0 2 7 0 2 7 0 2 7 17 18 2 1 2 7 0 2 7 0 2 7 1 2 7 1 2 7 0 2 7 0 2 7 0 2 7 5 31 3 1 2 7 17 9 2 1 2 7 0 20.2646257877349854
5 31 3 12 16 2 0 2 1 0 2 7 17 9 2 13 6 3 12 16 2 12 16 2 0 2 4 1 2 7 1 2 4 1 2 4 17 18 2 0 2 7 1 2 4 1 2 7 0 2 7 0 2 4 0 2 7 12 16 2 0 20.6123768091201782
5 30 3 12 16 2 1 2 7 13 6 3 0 2 7 0 2 7 12 16 2 0 2 7 0 2 7 17 9 2 0 2 7 0 2 7 1 2 11 1 2 4 12 16 2 13 6 3 12 16 2 1 2 11 17 18 2 0 2 7 0 20.3046585321426392
12 16 2 0 2 7 16 31 2 13 6 3 5 30 3 12 16 2 0 2 7 0 2 3 1 2 7 12 16 2 0 2 4 1 2 4 0 2 7 1 2 7 5 30 3 0 2 7 17 9 2 0 2 7 1 2 7 0 2 7 0 20.4516056776046753
5 30 3 12 16 2 0 2 11 0 2 7 0 2 8 1 2 7 0 2 7 5 30 3 6 2 7 0 2 7 5 31 3 17 18 2 1 2 7 0 2 11 1 2 7 0 2 7 17 9 2 13 6 3 0 2 7 0 2 11 0 20.9551140666007996
1 2 3 5 30 3 12 16 2 0 2 3 1 2 7 1 2 3 0 2 3 0 2 7 0 2 7 0 2 7 0 2 3 0 2 7 5 31 3 0 2 3 1 2 3 1 2 7 16 30 2 0 2 7 16 6 2 0 2 3 0 20.9838579893112183
12 16 2 0 2 7 13 6 3 5 30 3 12 16 2 0 2 7 1 2 7 17 18 2 0 2 4 1 2 7 1 2 7 1 2 7 0 2 7 0 2 7 6 2 7 0 2 7 5 31 3 17 18 2 0 2 7 0 2 4 0 20.3487167954444885
5 31 3 12 16 2 0 2 7 13 6 3 12 16 2 1 2 3 0 2 7 1 2 7 16 30 2 1 2 7 0 2 7 5 30 3 0 2 7 0 2 11 17 9 2 12 16 2 0 2 7 6 2 7 0 2 7 0 2 4 0 20.547498881816864
12 16 2 13 6 3 5 30 3 0 2 7 17 18 2 0 2 4 0 2 7 0 2 7 5 31 3 6 2 7 0 2 7 6 2 7 0 2 7 0 2 7 1 2 10 1 2 7 12 16 2 12 16 2 12 16 2 0 2 7 0 20.8677107095718384
5 30 3 12 16 2 1 2 7 13 6 3 0 2 11 0 2 7 12 16 2 0 2 7 0 2 7 0 2 7 0 2 7 1 2 7 1 2 11 12 16 2 13 6 3 12 16 2 17 18 2 17 9 2 0 2 4 1 2 7 0 20.3046586513519287

Current Evaluation = 3060(3060)
Front Size = 10
5 30 3 12 16 2 1 2 7 0 2 7 0 2 7 0 2 7 0 2 7 1 2 7 0 2 7 0 2 7 13 6 3 5 31 3 0 2 7 17 9 2 17 18 2 0 2 7 1 2 7 1 2 7 1 2 7 0 2 7 0 20.2646257877349854
12 16 2 12 16 2 1 2 11 17 9 2 13 6 3 12 16 2 0 2 7 0 2 7 0 2 7 1 2 11 1 2 4 17 9 2 0 2 7 0 2 7 1 2 7 13 6 3 0 2 7 0 2 7 5 30 3 12 16 2 0 20.3046585321426392
5 30 3 12 16 2 0 2 7 13 6 3 12 16 2 0 2 7 1 2 7 1 2 7 0 2 4 5 30 3 0 2 7 0 2 7 16 31 2 0 2 7 0 2 3 1 2 7 1 2 4 0 2 7 17 18 2 12 16 2 0 20.4516056776046753
12 16 2 12 16 2 0 2 7 17 9 2 13 6 3 12 16 2 0 2 7 0 2 7 0 2 7 1 2 7 0 2 7 1 2 7 12 16 2 13 6 3 1 2 11 5 30 3 1 2 11 0 2 7 17 9 2 0 2 4 0 20.3046585321426392
5 30 3 12 16 2 1 2 7 13 6 3 0 2 11 0 2 7 12 16 2 0 2 7 0 2 7 0 2 7 0 2 7 1 2 7 1 2 11 12 16 2 13 6 3 12 16 2 17 18 2 17 9 2 0 2 4 1 2 7 0 20.3046586513519287
5 30 3 12 16 2 1 2 7 17 9 2 13 6 3 12 16 2 0 2 7 0 2 7 0 2 7 1 2 7 0 2 7 17 9 2 0 2 7 1 2 7 0 2 4 0 2 7 5 31 3 6 2 7 0 2 4 1 2 7 0 20.3487167954444885
5 30 3 12 16 2 1 2 3 12 16 2 0 2 7 0 2 7 0 2 7 0 2 4 1 2 4 0 2 7 1 2 7 5 31 3 16 30 2 13 6 3 17 9 2 0 2 7 0 2 7 1 2 7 0 2 7 12 16 2 0 20.4516057968139648
5 31 3 12 16 2 0 2 1 0 2 7 17 9 2 13 6 3 12 16 2 12 16 2 0 2 4 1 2 7 1 2 4 1 2 4 17 18 2 0 2 7 1 2 4 1 2 7 0 2 7 0 2 4 0 2 7 12 16 2 0 20.6123768091201782
5 30 3 12 16 2 1 2 4 17 9 2 13 6 3 1 2 4 17 18 2 0 2 7 0 2 7 0 2 7 0 2 7 6 2 7 0 2 7 12 16 2 0 2 7 1 2 7 5 31 3 0 2 7 0 2 7 1 2 7 0 20.3487167954444885
5 30 3 12 16 2 1 2 7 0 2 7 0 2 7 0 2 7 0 2 7 1 2 7 0 2 7 1 2 7 13 6 3 17 9 2 17 18 2 0 2 7 5 31 3 1 2 11 0 2 7 0 2 11 0 2 7 12 16 2 0 20.6821757555007935

Current Evaluation = 3240(3240)
Front Size = 10
5 30 3 0 2 7 17 9 2 13 6 3 17 18 2 1 2 7 0 2 7 0 2 7 0 2 7 0 2 7 0 2 7 1 2 7 5 31 3 0 2 7 0 2 7 1 2 7 1 2 7 0 2 7 1 2 7 12 16 2 0 20.2646257877349854
5 30 3 0 2 7 17 9 2 13 6 3 1 2 7 0 2 7 0 2 7 0 2 7 0 2 7 0 2 7 1 2 7 5 31 3 0 2 7 0 2 7 1 2 7 1 2 7 0 2 7 1 2 7 12 16 2 17 9 2 0 20.2646257877349854
5 30 3 12 16 2 1 2 11 13 6 3 12 16 2 1 2 4 0 2 7 1 2 7 0 2 7 1 2 11 0 2 7 13 6 3 12 16 2 12 16 2 0 2 7 0 2 7 17 18 2 0 2 7 0 2 7 17 18 2 0 20.3046585321426392
5 30 3 12 16 2 0 2 7 13 6 3 12 16 2 0 2 7 1 2 7 1 2 7 0 2 4 5 30 3 0 2 7 0 2 7 16 31 2 0 2 7 0 2 3 1 2 7 1 2 4 0 2 7 17 18 2 12 16 2 0 20.4516056776046753
5 31 3 12 16 2 0 2 1 0 2 7 17 9 2 13 6 3 12 16 2 12 16 2 0 2 4 1 2 7 1 2 4 1 2 4 17 18 2 0 2 7 1 2 4 1 2 7 0 2 7 0 2 4 0 2 7 12 16 2 0 20.6123768091201782
5 30 3 12 16 2 1 2 7 17 9 2 13 6 3 0 2 7 0 2 7 0 2 7 0 2 7 0 2 7 12 16 2 1 2 11 0 2 7 13 6 3 12 16 2 12 16 2 17 9 2 1 2 11 0 2 4 1 2 7 0 20.3046585321426392
5 30 3 12 16 2 1 2 7 17 9 2 13 6 3 0 2 7 0 2 7 0 2 7 1 2 7 0 2 7 0 2 7 1 2 7 0 2 7 5 31 3 1 2 7 12 16 2 17 9 2 0 2 4 6 2 7 0 2 4 0 20.3487167954444885
5 30 3 12 16 2 1 2 7 13 6 3 0 2 7 0 2 7 0 2 7 0 2 7 0 2 7 12 16 2 0 2 4 1 2 11 13 6 3 12 16 2 12 16 2 1 2 7 17 9 2 1 2 7 0 2 11 17 18 2 0 20.3046586513519287
12 16 2 12 16 2 1 2 11 17 9 2 13 6 3 12 16 2 0 2 7 0 2 7 0 2 7 1 2 11 17 9 2 0 2 7 0 2 7 1 2 7 13 6 3 0 2 7 5 30 3 12 16 2 1 2 4 0 2 7 0 20.3046585321426392
5 30 3 12 16 2 1 2 7 13 6 3 12 16 2 0 2 7 0 2 7 1 2 11 0 2 7 1 2 7 0 2 4 13 6 3 12 16 2 12 16 2 0 2 7 0 2 7 0 2 7 1 2 11 17 18 2 17 18 2 0 20.3046585321426392

Current Evaluation = 3420(3420)
Front Size = 10
5 30 3 0 2 7 0 2 7 13 6 3 1 2 7 0 2 7 0 2 7 1 2 7 0 2 7 0 2 7 12 16 2 1 2 7 17 9 2 5 31 3 0 2 7 0 2 7 0 2 7 17 9 2 1 2 7 1 2 7 0 20.2646257877349854
5 31 3 5 30 3 0 2 7 13 6 3 0 2 7 1 2 7 0 2 7 0 2 7 0 2 7 17 9 2 1 2 7 0 2 7 0 2 7 1 2 7 0 2 7 1 2 7 12 16 2 0 2 7 1 2 7 17 18 2 0 20.2646257877349854
5 31 3 12 16 2 0 2 1 0 2 7 17 9 2 13 6 3 12 16 2 12 16 2 0 2 4 1 2 7 1 2 4 1 2 4 17 18 2 0 2 7 1 2 4 1 2 7 0 2 7 0 2 4 0 2 7 12 16 2 0 20.6123768091201782
5 30 3 12 16 2 1 2 7 13 6 3 0 2 7 0 2 7 0 2 7 0 2 7 0 2 7 12 16 2 1 2 11 0 2 7 13 6 3 12 16 2 12 16 2 1 2 11 17 9 2 17 9 2 0 2 7 1 2 4 0 20.3046585321426392
5 30 3 12 16 2 1 2 7 13 6 3 0 2 7 0 2 7 0 2 7 0 2 7 0 2 7 12 16 2 1 2 11 13 6 3 12 16 2 12 16 2 17 9 2 0 2 4 0 2 7 1 2 7 1 2 11 17 18 2 0 20.3046585321426392
5 30 3 12 16 2 0 2 7 13 6 3 12 16 2 0 2 7 1 2 7 1 2 7 0 2 4 5 30 3 0 2 7 0 2 7 16 31 2 0 2 7 0 2 3 1 2 7 1 2 4 0 2 7 17 18 2 12 16 2 0 20.4516056776046753
5 30 3 12 16 2 1 2 7 13 6 3 0 2 7 0 2 7 0 2 7 0 2 7 0 2 7 12 16 2 0 2 4 1 2 11 13 6 3 12 16 2 12 16 2 1 2 7 17 9 2 1 2 7 0 2 11 17 18 2 0 20.3046586513519287
5 31 3 5 30 3 0 2 7 13 6 3 0 2 7 1 2 7 0 2 7 0 2 7 0 2 4 17 9 2 1 2 4 0 2 7 0 2 7 12 16 2 0 2 7 1 2 7 12 16 2 6 2 7 1 2 7 17 18 2 0 20.3487167954444885
5 30 3 12 16 2 13 6 3 1 2 7 1 2 7 0 2 7 0 2 7 17 9 2 0 2 7 0 2 7 0 2 7 0 2 7 1 2 11 12 16 2 0 2 7 5 31 3 1 2 7 1 2 7 12 16 2 17 18 2 0.000530764700596047189 20.659821629524231
5 30 3 12 16 2 13 6 3 1 2 11 1 2 7 1 2 7 0 2 7 12 16 2 0 2 7 17 9 2 17 9 2 0 2 7 0 2 4 0 2 7 0 2 7 0 2 7 1 2 11 13 6 3 12 16 2 12 16 2 0 20.3046585321426392

Current Evaluation = 3600(3600)
Front Size = 10
5 30 3 0 2 7 0 2 7 13 6 3 1 2 7 0 2 7 0 2 7 1 2 7 0 2 7 0 2 7 12 16 2 1 2 7 17 9 2 5 31 3 0 2 7 0 2 7 0 2 7 1 2 7 1 2 7 17 9 2 0 20.2646257877349854
5 30 3 0 2 7 0 2 7 13 6 3 1 2 7 0 2 7 0 2 7 1 2 7 0 2 7 0 2 7 12 16 2 1 2 7 17 9 2 5 31 3 0 2 7 0 2 7 0 2 7 1 2 7 1 2 7 17 18 2 0 20.2646257877349854
5 31 3 12 16 2 0 2 1 0 2 7 17 9 2 13 6 3 12 16 2 12 16 2 0 2 4 1 2 7 1 2 4 1 2 4 17 18 2 0 2 7 1 2 4 1 2 7 0 2 7 0 2 4 0 2 7 12 16 2 0 20.6123768091201782
5 30 3 12 16 2 1 2 7 13 6 3 0 2 7 0 2 7 0 2 7 0 2 7 0 2 7 12 16 2 1 2 11 13 6 3 12 16 2 12 16 2 17 9 2 0 2 4 0 2 7 1 2 7 1 2 11 17 9 2 0 20.3046585321426392
5 30 3 0 2 7 13 6 3 1 2 7 1 2 7 0 2 7 0 2 7 0 2 11 17 9 2 0 2 4 12 16 2 1 2 7 12 16 2 1 2 11 17 18 2 12 16 2 13 6 3 0 2 7 12 16 2 0 2 7 0 20.3046586513519287
5 30 3 12 16 2 1 2 7 13 6 3 0 2 7 0 2 7 0 2 7 0 2 7 0 2 7 12 16 2 1 2 11 0 2 7 13 6 3 12 16 2 12 16 2 1 2 11 17 9 2 17 9 2 0 2 7 1 2 4 0 20.3046585321426392
5 30 3 12 16 2 1 2 7 13 6 3 0 2 7 0 2 7 0 2 7 0 2 7 0 2 7 12 16 2 1 2 11 13 6 3 12 16 2 12 16 2 17 9 2 1 2 7 1 2 11 0 2 7 0 2 4 17 18 2 0 20.3046585321426392
5 30 3 12 16 2 1 2 7 13 6 3 0 2 7 0 2 7 0 2 7 0 2 7 0 2 11 12 16 2 1 2 11 13 6 3 12 16 2 12 16 2 17 9 2 0 2 7 1 2 7 17 9 2 0 2 7 1 2 4 0 20.3046586513519287
5 31 3 5 30 3 0 2 7 13 6 3 0 2 7 1 2 7 0 2 7 0 2 7 0 2 4 17 9 2 1 2 4 0 2 7 0 2 7 12 16 2 0 2 7 1 2 7 12 16 2 6 2 7 1 2 7 17 18 2 0 20.3487167954444885
5 30 3 12 16 2 0 2 7 13 6 3 12 16 2 0 2 7 1 2 7 1 2 7 0 2 4 5 30 3 0 2 7 0 2 7 16 31 2 0 2 7 0 2 3 1 2 7 1 2 4 0 2 7 17 18 2 12 16 2 0 20.4516056776046753

MonoObjective Genetic Algorithm
Number of Evaluations = 0
Mutation Probability = 0
Crossover Probability = 1
Population Size = 10
Survival Selection Type = 16

Time =  3604.42525386810303

Current Evaluation = 3390
Front Size = 10
5 30 3 0 2 7 0 2 7 13 6 3 1 2 7 0 2 7 0 2 7 1 2 7 0 2 7 0 2 7 12 16 2 1 2 7 17 9 2 5 31 3 0 2 7 0 2 7 0 2 7 1 2 7 1 2 7 17 9 2 0 20.2646257877349854
5 30 3 0 2 7 0 2 7 13 6 3 1 2 7 0 2 7 0 2 7 1 2 7 0 2 7 0 2 7 12 16 2 1 2 7 17 9 2 5 31 3 0 2 7 0 2 7 0 2 7 1 2 7 1 2 7 17 18 2 0 20.2646257877349854
5 31 3 12 16 2 0 2 1 0 2 7 17 9 2 13 6 3 12 16 2 12 16 2 0 2 4 1 2 7 1 2 4 1 2 4 17 18 2 0 2 7 1 2 4 1 2 7 0 2 7 0 2 4 0 2 7 12 16 2 0 20.6123768091201782
5 30 3 12 16 2 1 2 7 13 6 3 0 2 7 0 2 7 0 2 7 0 2 7 0 2 7 12 16 2 1 2 11 13 6 3 12 16 2 12 16 2 17 9 2 0 2 4 0 2 7 1 2 7 1 2 11 17 9 2 0 20.3046585321426392
5 30 3 0 2 7 13 6 3 1 2 7 1 2 7 0 2 7 0 2 7 0 2 11 17 9 2 0 2 4 12 16 2 1 2 7 12 16 2 1 2 11 17 18 2 12 16 2 13 6 3 0 2 7 12 16 2 0 2 7 0 20.3046586513519287
5 30 3 12 16 2 1 2 7 13 6 3 0 2 7 0 2 7 0 2 7 0 2 7 0 2 7 12 16 2 1 2 11 0 2 7 13 6 3 12 16 2 12 16 2 1 2 11 17 9 2 17 9 2 0 2 7 1 2 4 0 20.3046585321426392
5 30 3 12 16 2 1 2 7 13 6 3 0 2 7 0 2 7 0 2 7 0 2 7 0 2 7 12 16 2 1 2 11 13 6 3 12 16 2 12 16 2 17 9 2 1 2 7 1 2 11 0 2 7 0 2 4 17 18 2 0 20.3046585321426392
5 30 3 12 16 2 1 2 7 13 6 3 0 2 7 0 2 7 0 2 7 0 2 7 0 2 11 12 16 2 1 2 11 13 6 3 12 16 2 12 16 2 17 9 2 0 2 7 1 2 7 17 9 2 0 2 7 1 2 4 0 20.3046586513519287
5 31 3 5 30 3 0 2 7 13 6 3 0 2 7 1 2 7 0 2 7 0 2 7 0 2 4 17 9 2 1 2 4 0 2 7 0 2 7 12 16 2 0 2 7 1 2 7 12 16 2 6 2 7 1 2 7 17 18 2 0 20.3487167954444885
5 30 3 12 16 2 0 2 7 13 6 3 12 16 2 0 2 7 1 2 7 1 2 7 0 2 4 5 30 3 0 2 7 0 2 7 16 31 2 0 2 7 0 2 3 1 2 7 1 2 4 0 2 7 17 18 2 12 16 2 0 20.4516056776046753

