Current Evaluation = 180(180)
Front Size = 10
5 30 3 17 18 2 0 2 7 5 31 3 0 2 7 1 2 7 0 2 7 0 2 7 13 6 3 12 16 2 1 2 7 0 2 7 17 18 2 1 2 7 0 2 7 0 2 7 1 2 7 0 2 7 0 2 7 1 2 7 0 20.2646257877349854
0 2 8 16 19 12 0 2 8 5 30 3 5 30 3 8 9 2 16 19 12 0 2 3 1 2 8 0 2 8 0 2 8 12 16 2 5 30 3 0 2 8 0 2 3 0 2 8 0 2 3 0 2 3 0 2 8 0 2 3 1.06285905638954129e-05 23.1371603012084961
0 2 7 5 30 3 1 2 7 5 30 3 0 2 3 0 2 7 0 2 7 0 2 3 0 2 3 0 2 7 1 2 3 0 2 7 1 2 3 1 2 7 12 16 2 1 2 3 0 2 3 16 31 2 16 6 2 0 2 3 0 20.9838578701019287
0 2 7 5 30 3 8 9 2 0 2 11 0 2 11 0 2 7 0 2 7 17 18 2 5 30 3 0 2 7 0 2 11 0 2 7 12 16 2 0 2 11 16 19 11 5 30 3 1 2 8 0 2 11 0 2 11 1 2 11 0 21.9955489635467529
0 2 7 0 2 4 17 9 2 0 2 11 1 2 7 1 2 7 0 2 7 17 18 2 5 30 3 0 2 3 0 2 11 0 2 7 1 2 11 1 2 7 8 18 2 5 30 3 0 2 4 0 2 7 1 2 7 1 2 11 0 20.8198409080505371
0 2 8 1 2 8 0 2 7 5 30 3 0 2 7 1 2 3 0 2 8 8 18 2 16 19 11 0 2 8 0 2 7 0 2 8 0 2 8 1 2 8 16 18 8 0 2 7 0 2 8 5 30 3 0 2 7 5 30 3 0.00052756574053498405 22.3814250230789185
0 2 7 17 18 2 5 30 3 1 2 3 5 30 3 0 2 7 0 2 7 0 2 7 1 2 4 1 2 4 0 2 7 0 2 7 1 2 11 17 18 2 0 2 7 8 18 2 0 2 7 1 2 11 0 2 11 1 2 11 0 20.8198407888412476
0 2 7 0 2 7 0 2 7 0 2 7 0 2 7 1 2 8 1 2 4 16 19 11 17 9 2 5 31 3 5 31 3 0 2 7 0 2 7 0 2 8 1 2 3 5 30 3 6 2 4 1 2 7 12 16 2 0 2 8 0.0194025919653179751 21.5786909461021423
0 2 7 5 30 3 1 2 3 5 30 3 0 2 7 0 2 7 0 2 7 0 2 7 0 2 7 8 18 2 0 2 11 1 2 7 1 2 4 16 6 2 12 16 2 12 16 2 0 2 4 1 2 10 0 2 3 12 16 2 0.00157856205582173302 21.1583007574081421
5 30 3 12 16 2 0 2 7 16 19 12 1 2 7 5 30 3 0 2 7 13 6 3 17 18 2 0 2 7 0 2 7 0 2 8 5 30 3 0 2 7 0 2 3 0 2 8 0 2 3 0 2 3 0 2 8 0 2 7 0.00263419578373295677 21.5752569437026978

Current Evaluation = 360(360)
Front Size = 10
5 31 3 0 2 7 0 2 7 5 30 3 1 2 7 17 18 2 0 2 7 0 2 7 0 2 7 1 2 7 12 16 2 13 6 3 17 18 2 0 2 7 1 2 7 1 2 7 1 2 7 0 2 7 0 2 7 0 2 7 0 20.2646257877349854
0 2 3 0 2 11 0 2 7 17 18 2 5 30 3 0 2 7 1 2 7 8 18 2 5 30 3 0 2 7 1 2 11 0 2 7 17 9 2 1 2 11 1 2 7 1 2 11 0 2 4 1 2 4 0 2 7 0 2 7 0 20.8198407888412476
5 30 3 12 16 2 0 2 11 13 6 3 0 2 7 5 30 3 6 2 7 17 18 2 17 18 2 0 2 7 0 2 7 0 2 7 5 30 3 0 2 11 0 2 11 1 2 11 1 2 11 0 2 11 0 2 7 0 2 11 0 21.1695869565010071
5 30 3 12 16 2 16 19 11 5 30 3 0 2 8 5 30 3 0 2 8 0 2 8 1 2 8 0 2 11 0 2 8 0 2 8 0 2 3 0 2 3 0 2 8 8 9 2 0 2 7 16 19 11 12 16 2 0 2 11 0 23.0031580924987793
0 2 7 0 2 3 12 16 2 12 16 2 0 2 7 16 6 2 0 2 3 0 2 3 16 6 2 0 2 3 6 2 7 1 2 7 0 2 12 0 2 7 0 2 3 1 2 3 5 30 3 5 31 3 8 9 2 1 2 7 0 21.1801308989524841
0 2 7 12 16 2 12 16 2 0 2 7 16 30 2 12 16 2 12 16 2 0 2 3 0 2 3 5 30 3 1 2 3 1 2 3 0 2 3 0 2 7 0 2 7 13 6 3 0 2 3 0 2 4 1 2 3 5 30 3 0 21.2922297716140747
5 30 3 12 16 2 0 2 7 1 2 3 0 2 8 0 2 7 5 31 3 0 2 7 1 2 7 16 6 2 0 2 11 17 18 2 0 2 12 5 30 3 0 2 8 0 2 12 0 2 7 12 16 2 13 6 3 0 2 7 0 21.344931960105896
5 30 3 0 2 11 0 2 7 5 30 3 0 2 11 1 2 7 0 2 7 1 2 7 17 18 2 1 2 7 0 2 7 16 19 11 0 2 8 8 9 2 1 2 11 16 19 11 0 2 8 0 2 8 0 2 10 6 2 7 0.0409688533439814262 21.4452510476112366
1 2 10 5 31 3 5 31 3 0 2 7 0 2 7 12 16 2 0 2 4 12 16 2 1 2 7 17 9 2 1 2 7 16 6 2 0 2 7 0 2 7 0 2 7 0 2 7 6 2 7 0 2 4 0 2 7 1 2 7 0 20.6613958477973938
0 2 7 12 16 2 12 16 2 0 2 7 16 30 2 1 2 4 0 2 3 0 2 3 1 2 7 5 31 3 5 30 3 8 18 2 0 2 7 0 2 7 16 24 2 12 16 2 0 2 7 0 2 7 0 2 7 1 2 7 0 20.8956458568572998

Current Evaluation = 540(540)
Front Size = 10
0 2 7 12 16 2 1 2 7 5 30 3 1 2 7 0 2 7 0 2 7 5 31 3 13 6 3 0 2 7 0 2 7 0 2 7 1 2 7 17 9 2 0 2 7 1 2 7 0 2 7 0 2 7 17 18 2 1 2 7 0 20.2646257877349854
0 2 7 12 16 2 12 16 2 0 2 3 1 2 3 0 2 7 5 31 3 0 2 7 0 2 3 0 2 7 1 2 11 1 2 7 12 16 2 12 16 2 16 30 2 5 30 3 13 6 3 0 2 3 0 2 7 16 30 2 0 20.8703877925872803
5 30 3 12 16 2 13 6 3 0 2 1 8 9 2 0 2 7 0 2 4 12 16 2 1 2 4 1 2 7 1 2 7 0 2 7 17 18 2 0 2 7 12 16 2 17 9 2 0 2 4 12 16 2 0 2 4 1 2 7 0 20.6559027433395386
1 2 8 0 2 3 5 30 3 0 2 11 0 2 8 6 2 8 0 2 3 5 30 3 8 9 2 0 2 8 0 2 8 16 19 11 16 6 2 0 2 3 0 2 8 0 2 3 5 30 3 0 2 3 0 2 8 12 16 2 1.2418897484839056e-05 22.5956511497497559
5 30 3 12 16 2 0 2 11 13 6 3 0 2 7 5 30 3 6 2 7 17 18 2 17 18 2 0 2 7 0 2 7 0 2 7 5 30 3 0 2 11 0 2 11 1 2 11 1 2 11 0 2 11 0 2 7 0 2 11 0 21.1695869565010071
5 30 3 0 2 11 0 2 7 5 30 3 0 2 11 1 2 7 0 2 7 1 2 7 17 18 2 1 2 7 0 2 7 16 19 11 0 2 8 8 9 2 1 2 11 16 19 11 0 2 8 0 2 8 0 2 10 6 2 7 0.0409688533439814262 21.4452510476112366
0 2 3 5 30 3 0 2 3 5 30 3 16 6 2 0 2 3 0 2 3 0 2 3 12 16 2 1 2 3 1 2 3 16 31 2 0 2 7 0 2 7 0 2 7 1 2 7 1 2 3 0 2 7 1 2 7 0 2 7 0 20.9838578701019287
0 2 3 0 2 7 5 30 3 0 2 7 1 2 7 0 2 7 1 2 7 16 6 2 0 2 3 8 9 2 1 2 3 1 2 11 0 2 7 17 9 2 1 2 11 1 2 11 0 2 4 16 6 2 5 31 3 0 2 7 0.0338860920720765527 20.5303847789764404
5 30 3 12 16 2 0 2 7 1 2 3 0 2 8 0 2 7 5 31 3 0 2 7 1 2 7 16 6 2 0 2 11 17 18 2 0 2 12 5 30 3 0 2 8 0 2 12 0 2 7 12 16 2 13 6 3 0 2 7 0 21.344931960105896
12 16 2 12 16 2 0 2 7 0 2 7 5 30 3 1 2 7 0 2 7 13 6 3 17 18 2 12 16 2 1 2 11 0 2 7 1 2 7 5 30 3 0 2 4 6 2 7 0 2 3 0 2 7 16 31 2 0 2 7 0 20.5474986433982849

Current Evaluation = 720(720)
Front Size = 10
1 2 7 0 2 7 0 2 7 1 2 7 5 31 3 13 6 3 0 2 7 0 2 7 0 2 7 0 2 7 17 18 2 0 2 7 0 2 7 5 30 3 0 2 7 17 9 2 1 2 7 1 2 7 12 16 2 1 2 7 0 20.2646257877349854
5 30 3 0 2 3 16 6 2 0 2 7 0 2 3 12 16 2 0 2 11 12 16 2 6 2 3 0 2 11 0 2 11 16 19 11 0 2 11 5 30 3 15 2 11 0 2 3 0 2 7 5 30 3 0 2 11 0 2 11 0 22.1595929861068726
6 2 7 12 16 2 0 2 4 0 2 7 0 2 7 0 2 7 5 30 3 13 6 3 1 2 7 0 2 7 1 2 3 12 16 2 0 2 7 0 2 7 5 30 3 17 18 2 1 2 11 0 2 7 12 16 2 16 31 2 0 20.5474986433982849
5 31 3 0 2 7 12 16 2 12 16 2 0 2 4 0 2 4 12 16 2 0 2 7 1 2 11 1 2 11 13 6 3 12 16 2 17 9 2 0 2 7 17 9 2 1 2 4 0 2 7 1 2 7 1 2 4 0 2 4 0 20.6165766716003418
1 2 8 0 2 3 5 30 3 0 2 11 0 2 8 6 2 8 0 2 3 5 30 3 8 9 2 0 2 8 0 2 8 16 19 11 16 6 2 0 2 3 0 2 8 0 2 3 5 30 3 0 2 3 0 2 8 12 16 2 1.2418897484839056e-05 22.5956511497497559
12 16 2 16 24 2 0 2 7 0 2 7 5 30 3 0 2 7 0 2 7 1 2 7 0 2 7 0 2 7 0 2 3 1 2 7 8 18 2 12 16 2 5 31 3 0 2 3 1 2 4 0 2 7 12 16 2 16 30 2 0 20.8956458568572998
0 2 3 5 30 3 0 2 3 5 30 3 16 6 2 0 2 3 0 2 3 0 2 3 12 16 2 1 2 3 1 2 3 16 31 2 0 2 7 0 2 7 0 2 7 1 2 7 1 2 3 0 2 7 1 2 7 0 2 7 0 20.9838578701019287
5 30 3 0 2 11 0 2 7 5 30 3 0 2 11 1 2 7 0 2 7 1 2 7 17 18 2 1 2 7 0 2 7 16 19 11 0 2 8 8 9 2 1 2 11 16 19 11 0 2 8 0 2 8 0 2 10 6 2 7 0.0409688533439814262 21.4452510476112366
5 31 3 0 2 11 12 16 2 12 16 2 5 30 3 0 2 8 0 2 3 16 6 2 0 2 8 13 6 3 0 2 12 5 30 3 0 2 3 0 2 8 0 2 7 0 2 7 0 2 7 16 6 2 12 16 2 0 2 3 0 21.6712429523468018
5 31 3 12 16 2 5 31 3 0 2 7 0 2 7 0 2 3 0 2 11 6 2 11 0 2 7 0 2 7 6 2 7 16 6 2 0 2 11 0 2 7 5 30 3 0 2 11 0 2 7 16 6 2 12 16 2 0 2 7 0 21.3205969929695129

Current Evaluation = 900(900)
Front Size = 10
0 2 7 12 16 2 0 2 7 0 2 7 0 2 7 0 2 7 1 2 7 17 9 2 1 2 7 1 2 7 5 30 3 0 2 7 17 9 2 0 2 7 5 31 3 0 2 7 1 2 7 1 2 7 0 2 7 13 6 3 0 20.2646257877349854
5 31 3 0 2 4 12 16 2 12 16 2 0 2 7 1 2 7 12 16 2 0 2 4 1 2 7 0 2 7 13 6 3 12 16 2 17 9 2 0 2 1 17 9 2 1 2 7 0 2 4 1 2 4 1 2 7 0 2 4 0 20.6123768091201782
5 30 3 0 2 7 16 6 2 0 2 3 12 16 2 0 2 11 16 19 11 5 30 3 0 2 3 5 31 3 0 2 7 12 16 2 6 2 7 0 2 11 0 2 3 1 2 11 0 2 11 0 2 7 0 2 3 0 2 7 0 21.9098748564720154
5 30 3 12 16 2 0 2 8 5 30 3 0 2 3 0 2 3 0 2 8 0 2 3 0 2 8 0 2 3 0 2 8 0 2 8 16 19 12 0 2 8 8 9 2 0 2 3 16 19 12 5 30 3 1 2 8 0 2 8 1.06285905638954129e-05 23.1371603012084961
5 30 3 0 2 11 0 2 7 5 30 3 0 2 11 1 2 7 0 2 7 1 2 7 17 18 2 1 2 7 0 2 7 16 19 11 0 2 8 8 9 2 1 2 11 16 19 11 0 2 8 0 2 8 0 2 10 6 2 7 0.0409688533439814262 21.4452510476112366
16 6 2 0 2 7 1 2 11 0 2 7 5 30 3 12 16 2 8 9 2 1 2 7 12 16 2 13 6 3 0 2 3 17 9 2 0 2 7 0 2 7 0 2 7 1 2 4 5 30 3 0 2 7 0 2 7 12 16 2 0 20.6301085948944092
12 16 2 17 9 2 1 2 7 1 2 7 0 2 7 0 2 7 5 30 3 0 2 7 0 2 4 1 2 11 0 2 7 16 30 2 0 2 7 0 2 3 0 2 7 5 31 3 1 2 3 0 2 10 0 2 4 1 2 3 0 20.8012489080429077
12 16 2 17 9 2 1 2 7 16 31 2 0 2 11 0 2 7 0 2 7 0 2 7 1 2 10 5 30 3 0 2 7 0 2 3 5 30 3 1 2 7 0 2 7 0 2 3 0 2 4 1 2 7 1 2 4 0 2 3 0 20.8012489080429077
5 30 3 5 30 3 12 16 2 1 2 8 0 2 3 0 2 11 1 2 11 16 31 2 0 2 3 0 2 7 0 2 7 0 2 8 16 19 11 13 6 3 1 2 3 0 2 8 0 2 3 1 2 7 0 2 7 0 2 8 0.00299068959370171403 21.4740689992904663
0 2 7 12 16 2 12 16 2 0 2 11 1 2 7 12 16 2 13 6 3 12 16 2 17 9 2 17 9 2 1 2 7 0 2 4 5 30 3 0 2 7 1 2 11 13 6 3 0 2 7 1 2 7 0 2 7 0 2 7 0 20.3046586513519287

Current Evaluation = 1080(1080)
Front Size = 10
5 30 3 12 16 2 0 2 7 0 2 7 1 2 7 0 2 7 13 6 3 17 9 2 1 2 7 5 31 3 0 2 7 0 2 7 0 2 7 0 2 7 1 2 7 1 2 7 17 9 2 0 2 7 0 2 7 1 2 7 0 20.2646257877349854
12 16 2 17 18 2 0 2 7 12 16 2 0 2 7 8 9 2 1 2 11 16 18 11 0 2 4 0 2 11 0 2 4 5 30 3 0 2 11 1 2 11 1 2 3 5 30 3 0 2 7 0 2 7 0 2 7 1 2 3 0 21.4239668250083923
5 30 3 12 16 2 0 2 8 5 30 3 0 2 3 0 2 3 0 2 8 0 2 3 0 2 8 0 2 3 0 2 8 0 2 8 16 19 12 0 2 8 8 9 2 0 2 3 16 19 12 5 30 3 1 2 8 0 2 8 1.06285905638954129e-05 23.1371603012084961
5 30 3 12 16 2 5 30 3 0 2 11 0 2 7 0 2 8 8 9 2 0 2 7 0 2 3 0 2 10 0 2 8 0 2 8 0 2 7 6 2 7 17 9 2 1 2 7 16 19 11 5 31 3 1 2 8 0 2 8 0.000920301645203511274 22.1747691035270691
5 31 3 0 2 4 12 16 2 12 16 2 0 2 7 1 2 7 12 16 2 0 2 4 1 2 7 0 2 7 13 6 3 12 16 2 17 9 2 0 2 1 17 9 2 1 2 7 0 2 4 1 2 4 1 2 7 0 2 4 0 20.6123768091201782
12 16 2 1 2 7 5 30 3 17 9 2 1 2 7 5 31 3 1 2 7 12 16 2 12 16 2 0 2 7 0 2 3 0 2 12 0 2 3 0 2 7 13 6 3 0 2 3 6 2 7 16 20 12 0 2 7 0 2 3 0 21.0093018412590027
12 16 2 0 2 7 12 16 2 0 2 7 0 2 3 0 2 11 5 31 3 1 2 7 1 2 4 0 2 4 0 2 7 0 2 3 1 2 10 0 2 7 0 2 7 17 18 2 16 18 11 1 2 7 0 2 7 5 30 3 0 21.2261928915977478
12 16 2 0 2 7 12 16 2 0 2 7 5 30 3 1 2 11 5 30 3 5 31 3 0 2 7 16 19 12 0 2 7 13 6 3 0 2 7 0 2 7 0 2 7 0 2 8 0 2 8 17 18 2 0 2 7 0 2 8 0 21.6229338645935059
12 16 2 0 2 3 1 2 11 1 2 11 12 16 2 0 2 7 5 30 3 0 2 3 0 2 7 5 30 3 0 2 3 0 2 7 16 9 11 0 2 3 0 2 3 1 2 3 16 9 11 0 2 3 0 2 3 1 2 3 0 21.9789397716522217
0 2 7 12 16 2 0 2 7 5 31 3 0 2 7 12 16 2 1 2 7 12 16 2 0 2 7 0 2 7 16 6 2 0 2 7 16 6 2 5 31 3 8 9 2 0 2 7 1 2 7 0 2 7 0 2 4 1 2 7 0 20.7894667387008667

Current Evaluation = 1260(1260)
Front Size = 10
1 2 7 12 16 2 13 6 3 0 2 7 0 2 7 17 9 2 0 2 7 0 2 7 0 2 7 0 2 7 1 2 7 1 2 7 17 18 2 0 2 7 0 2 7 5 30 3 0 2 7 1 2 7 5 31 3 1 2 7 0 20.2646257877349854
12 16 2 12 16 2 8 18 2 13 6 3 0 2 11 1 2 7 0 2 11 1 2 11 0 2 11 12 16 2 5 30 3 17 9 2 0 2 7 17 9 2 0 2 7 0 2 4 5 30 3 1 2 7 0 2 4 0 2 7 0 21.0126998424530029
12 16 2 0 2 3 1 2 11 1 2 11 12 16 2 0 2 7 5 30 3 0 2 3 0 2 7 5 30 3 0 2 3 0 2 7 16 9 11 0 2 3 0 2 3 1 2 3 16 9 11 0 2 3 0 2 3 1 2 3 0 21.9789397716522217
12 16 2 1 2 7 5 30 3 17 9 2 1 2 7 5 31 3 1 2 7 12 16 2 12 16 2 0 2 7 0 2 3 0 2 12 0 2 3 0 2 7 13 6 3 0 2 3 6 2 7 16 20 12 0 2 7 0 2 3 0 21.0093018412590027
5 30 3 12 16 2 12 16 2 1 2 7 12 16 2 0 2 7 0 2 7 13 6 3 0 2 7 17 9 2 0 2 7 13 6 3 17 18 2 1 2 11 0 2 7 0 2 7 12 16 2 0 2 7 1 2 11 1 2 4 0 20.3046585321426392
12 16 2 12 16 2 0 2 7 12 16 2 0 2 7 0 2 7 13 6 3 17 18 2 0 2 7 0 2 7 0 2 4 1 2 7 5 30 3 5 30 3 1 2 3 0 2 7 1 2 7 16 31 2 1 2 7 0 2 4 0 20.4516056776046753
5 30 3 12 16 2 0 2 12 0 2 11 0 2 8 0 2 8 1 2 3 0 2 8 0 2 3 5 30 3 12 16 2 16 19 11 0 2 3 8 9 2 0 2 8 0 2 8 5 30 3 16 19 11 0 2 8 0 2 11 0 23.0619581937789917
5 30 3 12 16 2 5 30 3 0 2 11 0 2 7 0 2 8 8 9 2 0 2 7 0 2 3 0 2 10 0 2 8 0 2 8 0 2 7 6 2 7 17 9 2 1 2 7 16 19 11 5 31 3 1 2 8 0 2 8 0.000920301645203511274 22.1747691035270691
5 31 3 12 16 2 12 16 2 0 2 7 1 2 4 12 16 2 1 2 7 0 2 7 13 6 3 17 18 2 1 2 4 0 2 4 0 2 4 12 16 2 0 2 7 17 9 2 0 2 7 1 2 1 1 2 7 0 2 4 0 20.6123768091201782
12 16 2 12 16 2 17 9 2 0 2 7 0 2 4 5 31 3 5 30 3 8 18 2 0 2 7 6 2 7 0 2 7 16 15 2 0 2 7 0 2 7 6 2 7 1 2 7 0 2 7 0 2 7 1 2 7 0 2 11 0 20.869554877281189

Current Evaluation = 1440(1440)
Front Size = 10
17 9 2 0 2 7 12 16 2 1 2 7 5 30 3 1 2 7 5 31 3 1 2 7 0 2 7 1 2 7 13 6 3 0 2 7 17 18 2 0 2 7 0 2 7 0 2 7 0 2 7 0 2 7 1 2 7 0 2 7 0 20.2646257877349854
12 16 2 0 2 3 1 2 11 1 2 11 12 16 2 0 2 7 5 30 3 0 2 3 0 2 7 5 30 3 0 2 3 0 2 7 16 9 11 0 2 3 0 2 3 1 2 3 16 9 11 0 2 3 0 2 3 1 2 3 0 21.9789397716522217
12 16 2 0 2 7 6 2 7 12 16 2 5 30 3 0 2 11 5 30 3 0 2 11 0 2 11 0 2 7 5 31 3 16 6 2 0 2 11 0 2 11 0 2 11 6 2 7 17 18 2 15 2 11 0 2 11 0 2 7 0 21.7031542062759399
12 16 2 0 2 11 0 2 1 1 2 3 1 2 7 12 16 2 0 2 4 5 30 3 0 2 7 17 18 2 1 2 1 0 2 4 1 2 3 1 2 7 8 9 2 0 2 3 17 9 2 0 2 1 0 2 1 1 2 7 0 21.6059941053390503
5 30 3 12 16 2 12 16 2 1 2 7 0 2 7 0 2 4 0 2 7 0 2 7 17 18 2 0 2 7 0 2 7 1 2 11 12 16 2 13 6 3 1 2 7 13 6 3 0 2 7 12 16 2 1 2 11 17 18 2 0 20.3046585321426392
0 2 4 1 2 12 0 2 7 1 2 7 0 2 7 17 18 2 5 31 3 0 2 7 0 2 7 0 2 4 1 2 7 1 2 7 0 2 7 1 2 7 0 2 7 5 31 3 6 2 7 1 2 12 17 9 2 0 2 7 0 20.6004870533943176
12 16 2 0 2 7 0 2 7 5 31 3 17 9 2 5 30 3 0 2 7 6 2 7 0 2 7 12 16 2 6 2 7 8 18 2 0 2 4 0 2 7 0 2 7 0 2 7 16 15 2 0 2 7 1 2 7 1 2 11 0 20.8695547580718994
12 16 2 1 2 7 12 16 2 0 2 7 5 30 3 0 2 7 17 1 2 0 2 7 1 2 7 5 30 3 17 18 2 1 2 7 0 2 7 0 2 7 8 18 2 0 2 4 0 2 7 1 2 3 0 2 7 0 2 7 0 20.7358447313308716
1 2 10 0 2 7 12 16 2 1 2 7 0 2 3 0 2 7 0 2 4 17 18 2 5 30 3 0 2 7 1 2 7 0 2 4 0 2 7 1 2 7 5 31 3 17 18 2 0 2 7 1 2 7 0 2 10 0 2 7 0 20.7948168516159058
12 16 2 0 2 4 5 30 3 0 2 4 17 18 2 1 2 3 17 9 2 12 16 2 1 2 12 0 2 7 1 2 7 1 2 4 0 2 3 13 6 3 0 2 12 0 2 7 8 9 2 0 2 3 1 2 11 12 16 2 0 20.8881528377532959

Current Evaluation = 1620(1620)
Front Size = 10
12 16 2 0 2 7 1 2 7 17 18 2 5 30 3 0 2 7 1 2 7 1 2 7 0 2 7 13 6 3 17 18 2 0 2 7 0 2 7 0 2 7 1 2 7 0 2 7 1 2 7 5 31 3 0 2 7 0 2 7 0 20.2646257877349854
0 2 7 12 16 2 5 30 3 0 2 4 0 2 7 1 2 7 0 2 7 0 2 7 1 2 7 5 30 3 0 2 7 1 2 4 12 16 2 0 2 7 16 31 2 0 2 3 13 6 3 1 2 7 12 16 2 17 9 2 0 20.4516056776046753
12 16 2 0 2 7 6 2 7 12 16 2 5 30 3 0 2 11 5 30 3 0 2 11 0 2 11 0 2 7 5 31 3 16 6 2 0 2 11 0 2 11 0 2 11 6 2 7 17 18 2 15 2 11 0 2 11 0 2 7 0 21.7031542062759399
12 16 2 0 2 3 1 2 11 1 2 11 12 16 2 0 2 7 5 30 3 0 2 3 0 2 7 5 30 3 0 2 3 0 2 7 16 9 11 0 2 3 0 2 3 1 2 3 16 9 11 0 2 3 0 2 3 1 2 3 0 21.9789397716522217
12 16 2 0 2 4 5 30 3 0 2 4 17 18 2 1 2 3 17 9 2 12 16 2 1 2 12 0 2 7 1 2 7 1 2 4 0 2 3 13 6 3 0 2 12 0 2 7 8 9 2 0 2 3 1 2 11 12 16 2 0 20.8881528377532959
5 30 3 12 16 2 12 16 2 1 2 7 0 2 7 0 2 4 0 2 7 0 2 7 17 18 2 0 2 7 0 2 7 1 2 11 12 16 2 13 6 3 1 2 7 13 6 3 0 2 7 12 16 2 1 2 11 17 18 2 0 20.3046585321426392
0 2 7 1 2 11 0 2 7 0 2 7 1 2 11 0 2 7 5 30 3 0 2 4 0 2 7 1 2 7 17 18 2 0 2 7 5 31 3 0 2 4 1 2 7 0 2 7 17 9 2 1 2 7 1 2 10 0 2 4 0 20.6016668081283569
12 16 2 5 30 3 15 2 11 0 2 7 1 2 11 13 6 3 0 2 7 5 30 3 0 2 11 0 2 7 17 9 2 12 16 2 0 2 7 1 2 4 1 2 7 0 2 7 0 2 7 1 2 4 0 2 7 17 18 2 0 20.6221417188644409
5 30 3 0 2 3 0 2 7 0 2 4 0 2 7 0 2 3 17 18 2 1 2 7 5 30 3 0 2 7 0 2 7 0 2 10 12 16 2 1 2 11 1 2 3 0 2 4 1 2 7 16 31 2 1 2 7 0 2 7 0 20.8012487888336182
5 30 3 1 2 7 12 16 2 0 2 7 0 2 11 6 2 7 0 2 4 17 18 2 5 30 3 12 16 2 1 2 11 17 18 2 0 2 11 0 2 7 0 2 11 13 6 3 15 2 11 0 2 7 0 2 7 1 2 7 0 20.8176348805427551

Current Evaluation = 1800(1800)
Front Size = 10
12 16 2 5 30 3 0 2 7 13 6 3 0 2 7 1 2 7 17 18 2 0 2 7 1 2 7 0 2 7 0 2 7 0 2 7 1 2 7 0 2 7 5 31 3 1 2 7 1 2 7 0 2 7 0 2 7 17 18 2 0 20.2646257877349854
0 2 7 5 30 3 0 2 11 0 2 7 5 30 3 12 16 2 0 2 7 12 16 2 0 2 7 15 2 11 16 6 2 6 2 11 6 2 11 0 2 11 0 2 11 0 2 7 17 9 2 0 2 11 0 2 11 5 31 3 0 21.7031540870666504
12 16 2 0 2 7 5 30 3 0 2 4 17 18 2 17 9 2 12 16 2 8 9 2 1 2 4 13 6 3 0 2 7 1 2 7 12 16 2 0 2 4 1 2 4 1 2 1 0 2 7 0 2 7 0 2 7 12 16 2 0 20.6559027433395386
5 30 3 1 2 7 12 16 2 0 2 7 0 2 11 6 2 7 0 2 4 17 18 2 5 30 3 12 16 2 1 2 11 17 18 2 0 2 11 0 2 7 0 2 11 13 6 3 15 2 11 0 2 7 0 2 7 1 2 7 0 20.8176348805427551
5 30 3 12 16 2 12 16 2 1 2 7 0 2 7 0 2 4 0 2 7 0 2 7 17 18 2 0 2 7 0 2 7 1 2 11 12 16 2 13 6 3 1 2 7 13 6 3 0 2 7 12 16 2 1 2 11 17 18 2 0 20.3046585321426392
0 2 7 1 2 7 0 2 7 0 2 7 1 2 7 0 2 7 5 30 3 0 2 4 0 2 7 1 2 7 17 18 2 0 2 7 1 2 7 5 31 3 0 2 4 12 16 2 17 9 2 13 6 3 6 2 7 12 16 2 0 20.3487167954444885
12 16 2 5 30 3 0 2 7 13 6 3 1 2 11 6 2 7 0 2 7 1 2 7 0 2 7 0 2 7 0 2 7 16 31 2 0 2 4 1 2 7 17 9 2 0 2 7 12 16 2 0 2 3 5 30 3 12 16 2 0 20.5474986433982849
12 16 2 0 2 3 1 2 11 1 2 11 12 16 2 0 2 7 5 30 3 0 2 3 0 2 7 5 30 3 0 2 3 0 2 7 16 9 11 0 2 3 0 2 3 1 2 3 16 9 11 0 2 3 0 2 3 1 2 3 0 21.9789397716522217
5 30 3 1 2 7 0 2 4 0 2 7 1 2 4 1 2 3 17 18 2 1 2 7 0 2 7 1 2 7 0 2 7 0 2 7 0 2 7 0 2 7 17 9 2 0 2 7 0 2 7 0 2 7 1 2 3 5 31 3 0 20.5684669017791748
0 2 7 1 2 11 0 2 7 0 2 7 1 2 11 0 2 7 5 30 3 0 2 4 0 2 7 1 2 7 17 18 2 0 2 7 5 31 3 0 2 4 1 2 7 0 2 7 17 9 2 1 2 7 1 2 10 0 2 4 0 20.6016668081283569

Current Evaluation = 1980(1980)
Front Size = 10
0 2 7 5 30 3 0 2 7 0 2 7 0 2 7 1 2 7 0 2 7 0 2 7 1 2 7 1 2 7 0 2 7 5 31 3 17 9 2 0 2 7 13 6 3 0 2 7 1 2 7 17 9 2 1 2 7 12 16 2 0 20.2646257877349854
0 2 7 0 2 7 8 18 2 12 16 2 5 30 3 1 2 1 0 2 7 0 2 4 12 16 2 0 2 7 1 2 4 1 2 7 1 2 4 17 9 2 0 2 7 12 16 2 12 16 2 17 18 2 0 2 4 13 6 3 0 20.6559027433395386
12 16 2 0 2 3 1 2 11 1 2 11 12 16 2 0 2 7 5 30 3 0 2 3 0 2 7 5 30 3 0 2 3 0 2 7 16 9 11 0 2 3 0 2 3 1 2 3 16 9 11 0 2 3 0 2 3 1 2 3 0 21.9789397716522217
0 2 7 0 2 7 1 2 11 13 6 3 0 2 4 1 2 7 12 16 2 13 6 3 0 2 7 17 9 2 12 16 2 12 16 2 5 30 3 0 2 7 1 2 11 0 2 7 1 2 7 0 2 7 17 18 2 12 16 2 0 20.3046585321426392
0 2 7 5 30 3 0 2 7 13 6 3 0 2 4 0 2 7 17 18 2 1 2 7 0 2 7 0 2 7 12 16 2 1 2 7 1 2 7 0 2 7 5 31 3 6 2 7 1 2 4 17 9 2 0 2 7 12 16 2 0 20.3487167954444885
5 30 3 12 16 2 1 2 4 1 2 3 0 2 7 13 6 3 1 2 7 17 9 2 0 2 7 0 2 7 1 2 4 0 2 7 0 2 7 0 2 7 5 31 3 16 30 2 12 16 2 0 2 7 12 16 2 0 2 7 0 20.4516057968139648
5 30 3 12 16 2 0 2 7 0 2 7 0 2 7 13 6 3 15 2 11 17 9 2 1 2 7 1 2 7 17 9 2 1 2 4 0 2 11 0 2 11 1 2 4 0 2 7 12 16 2 0 2 7 0 2 7 5 30 3 0 20.6221418380737305
5 30 3 12 16 2 0 2 7 1 2 7 8 18 2 0 2 4 1 2 7 13 6 3 1 2 7 0 2 4 0 2 4 12 16 2 17 9 2 12 16 2 0 2 1 12 16 2 0 2 7 1 2 7 0 2 4 17 9 2 0 20.6559027433395386
1 2 3 0 2 4 0 2 7 0 2 7 0 2 7 12 16 2 0 2 7 16 30 2 1 2 3 5 31 3 12 16 2 5 31 3 0 2 7 0 2 7 1 2 7 0 2 7 0 2 3 1 2 7 16 6 2 0 2 7 0 20.7824869155883789
0 2 7 5 30 3 0 2 11 0 2 7 5 30 3 12 16 2 0 2 7 12 16 2 0 2 7 15 2 11 16 6 2 6 2 11 6 2 11 0 2 11 0 2 11 0 2 7 17 9 2 0 2 11 0 2 11 5 31 3 0 21.7031540870666504

Current Evaluation = 2160(2160)
Front Size = 10
5 30 3 0 2 7 0 2 7 0 2 7 1 2 7 13 6 3 1 2 7 17 9 2 0 2 7 1 2 7 17 9 2 0 2 7 0 2 7 0 2 7 1 2 7 0 2 7 12 16 2 1 2 7 0 2 7 5 31 3 0 20.2646257877349854
0 2 4 1 2 7 13 6 3 0 2 3 12 16 2 12 16 2 17 9 2 12 16 2 12 16 2 5 30 3 0 2 7 1 2 11 1 2 7 13 6 3 0 2 7 1 2 4 17 9 2 0 2 12 0 2 7 0 2 7 0 20.3980586528778076
12 16 2 0 2 3 1 2 11 1 2 11 12 16 2 0 2 7 5 30 3 0 2 3 0 2 7 5 30 3 0 2 3 0 2 7 16 9 11 0 2 3 0 2 3 1 2 3 16 9 11 0 2 3 0 2 3 1 2 3 0 21.9789397716522217
0 2 7 5 30 3 0 2 11 0 2 7 5 30 3 12 16 2 0 2 7 12 16 2 0 2 7 15 2 11 16 6 2 6 2 11 6 2 11 0 2 11 0 2 11 0 2 7 17 9 2 0 2 11 0 2 11 5 31 3 0 21.7031540870666504
1 2 7 0 2 7 0 2 3 12 16 2 0 2 3 1 2 7 1 2 11 17 9 2 0 2 11 5 30 3 0 2 7 0 2 11 1 2 7 0 2 11 0 2 11 13 6 3 1 2 7 0 2 7 17 9 2 5 30 3 0 20.8623470067977905
0 2 7 0 2 7 13 6 3 1 2 7 12 16 2 17 9 2 12 16 2 5 30 3 1 2 4 0 2 7 1 2 7 6 2 7 0 2 7 1 2 7 5 31 3 17 18 2 0 2 7 0 2 7 0 2 4 0 2 7 0 20.3487167954444885
0 2 7 0 2 7 0 2 7 0 2 7 0 2 7 0 2 7 0 2 7 0 2 7 1 2 4 0 2 7 5 31 3 6 2 7 12 16 2 5 31 3 16 6 2 17 18 2 1 2 7 0 2 7 1 2 4 1 2 7 0 20.4595978856086731
0 2 7 1 2 7 1 2 7 12 16 2 1 2 7 0 2 3 0 2 7 0 2 7 0 2 7 17 18 2 0 2 4 16 30 2 1 2 7 12 16 2 12 16 2 5 30 3 5 31 3 0 2 4 13 6 3 0 2 7 0 20.4516057968139648
1 2 7 0 2 7 13 6 3 0 2 3 12 16 2 0 2 7 5 30 3 0 2 7 1 2 11 16 6 2 0 2 7 1 2 4 12 16 2 12 16 2 8 9 2 0 2 7 0 2 7 5 30 3 0 2 7 17 18 2 0 20.6301085948944092
12 16 2 12 16 2 17 9 2 5 31 3 0 2 4 6 2 4 0 2 7 1 2 7 16 6 2 0 2 7 5 31 3 0 2 7 1 2 7 0 2 7 0 2 7 0 2 7 0 2 7 0 2 7 1 2 7 1 2 10 0 20.6613958477973938

Current Evaluation = 2340(2340)
Front Size = 10
0 2 7 0 2 7 0 2 7 1 2 7 17 18 2 5 31 3 12 16 2 13 6 3 1 2 7 0 2 7 0 2 7 0 2 7 0 2 7 5 30 3 1 2 7 17 18 2 0 2 7 1 2 7 0 2 7 1 2 7 0 20.2646257877349854
12 16 2 0 2 3 1 2 11 1 2 11 12 16 2 0 2 7 5 30 3 0 2 3 0 2 7 5 30 3 0 2 3 0 2 7 16 9 11 0 2 3 0 2 3 1 2 3 16 9 11 0 2 3 0 2 3 1 2 3 0 21.9789397716522217
0 2 7 5 30 3 0 2 11 0 2 7 5 30 3 12 16 2 0 2 7 12 16 2 0 2 7 15 2 11 16 6 2 6 2 11 6 2 11 0 2 11 0 2 11 0 2 7 17 9 2 0 2 11 0 2 11 5 31 3 0 21.7031540870666504
0 2 7 1 2 11 13 6 3 0 2 7 12 16 2 12 16 2 17 9 2 12 16 2 12 16 2 5 30 3 0 2 7 0 2 7 0 2 7 13 6 3 0 2 4 1 2 11 17 9 2 1 2 7 1 2 7 0 2 7 0 20.3046585321426392
1 2 7 13 6 3 0 2 7 12 16 2 12 16 2 17 9 2 12 16 2 5 30 3 0 2 7 1 2 7 1 2 7 1 2 4 0 2 7 0 2 7 0 2 7 16 31 2 5 30 3 0 2 7 0 2 3 0 2 4 0 20.4516056776046753
0 2 7 0 2 7 0 2 7 0 2 7 0 2 7 0 2 7 0 2 7 0 2 7 1 2 4 0 2 7 5 31 3 6 2 7 12 16 2 5 31 3 16 6 2 17 18 2 1 2 7 0 2 7 1 2 4 1 2 7 0 20.4595978856086731
0 2 7 13 6 3 0 2 7 12 16 2 5 30 3 0 2 7 0 2 7 0 2 4 1 2 7 1 2 7 1 2 7 1 2 7 5 31 3 0 2 4 17 18 2 12 16 2 0 2 7 0 2 3 16 30 2 12 16 2 0 20.4516057968139648
1 2 7 12 16 2 0 2 7 0 2 7 12 16 2 5 30 3 5 30 3 0 2 7 8 9 2 0 2 7 0 2 7 8 18 2 1 2 7 1 2 7 16 15 2 0 2 7 0 2 7 17 18 2 0 2 7 0 2 4 0 20.8408946990966797
0 2 7 0 2 7 0 2 4 1 2 4 17 18 2 5 31 3 12 16 2 13 6 3 1 2 7 12 16 2 0 2 7 0 2 7 0 2 7 5 30 3 6 2 7 17 18 2 0 2 7 1 2 7 0 2 7 1 2 7 0 20.3487167954444885
0 2 7 5 30 3 12 16 2 0 2 7 0 2 7 5 31 3 12 16 2 0 2 3 0 2 7 0 2 7 1 2 4 1 2 7 0 2 7 13 6 3 1 2 7 1 2 4 17 9 2 0 2 7 12 16 2 16 30 2 0 20.4516057968139648

Current Evaluation = 2520(2520)
Front Size = 10
0 2 7 1 2 7 0 2 7 0 2 7 1 2 7 0 2 7 0 2 7 0 2 7 5 30 3 0 2 7 1 2 7 0 2 7 17 9 2 0 2 7 12 16 2 1 2 7 13 6 3 5 31 3 1 2 7 17 9 2 0 20.2646257877349854
0 2 7 5 30 3 0 2 11 0 2 7 5 30 3 12 16 2 0 2 7 12 16 2 0 2 7 15 2 11 16 6 2 6 2 11 6 2 11 0 2 11 0 2 11 0 2 7 17 9 2 0 2 11 0 2 11 5 31 3 0 21.7031540870666504
12 16 2 0 2 3 1 2 11 1 2 11 12 16 2 0 2 7 5 30 3 0 2 3 0 2 7 5 30 3 0 2 3 0 2 7 16 9 11 0 2 3 0 2 3 1 2 3 16 9 11 0 2 3 0 2 3 1 2 3 0 21.9789397716522217
0 2 4 0 2 1 5 31 3 12 16 2 0 2 7 17 9 2 0 2 7 12 16 2 1 2 4 12 16 2 0 2 4 13 6 3 0 2 7 17 9 2 1 2 4 0 2 7 1 2 7 12 16 2 1 2 7 1 2 4 0 20.6123768091201782
0 2 7 1 2 11 13 6 3 0 2 7 12 16 2 12 16 2 17 9 2 12 16 2 12 16 2 5 30 3 0 2 7 0 2 7 0 2 7 13 6 3 0 2 4 1 2 11 17 9 2 1 2 7 1 2 7 0 2 7 0 20.3046585321426392
0 2 7 0 2 7 0 2 7 0 2 7 0 2 7 0 2 7 0 2 7 0 2 7 1 2 4 0 2 7 5 31 3 6 2 7 12 16 2 5 31 3 16 6 2 17 18 2 1 2 7 0 2 7 1 2 4 1 2 7 0 20.4595978856086731
0 2 7 13 6 3 0 2 7 12 16 2 1 2 7 5 30 3 1 2 7 0 2 7 6 2 7 0 2 4 0 2 4 0 2 7 17 9 2 12 16 2 1 2 7 0 2 7 5 31 3 1 2 7 0 2 7 17 18 2 0 20.3487167954444885
0 2 7 1 2 7 0 2 7 0 2 4 6 2 7 0 2 7 0 2 7 0 2 7 5 30 3 0 2 7 12 16 2 0 2 7 17 9 2 1 2 7 12 16 2 1 2 7 13 6 3 5 31 3 1 2 4 17 9 2 0 20.3487167954444885
12 16 2 12 16 2 0 2 7 5 30 3 0 2 7 0 2 7 1 2 3 17 18 2 5 31 3 1 2 11 12 16 2 0 2 4 0 2 3 16 9 11 0 2 3 0 2 4 0 2 7 16 30 2 0 2 3 1 2 3 0.084974178488343946 21.3488218188285828
1 2 7 13 6 3 0 2 7 12 16 2 12 16 2 5 30 3 0 2 7 0 2 7 0 2 4 1 2 7 0 2 3 1 2 7 0 2 4 0 2 7 0 2 7 17 9 2 12 16 2 16 31 2 5 30 3 1 2 7 0 20.4516056776046753

Current Evaluation = 2700(2700)
Front Size = 10
0 2 7 0 2 7 5 31 3 1 2 7 0 2 7 17 9 2 0 2 7 12 16 2 0 2 7 5 30 3 0 2 7 13 6 3 0 2 7 17 9 2 1 2 7 0 2 7 1 2 7 1 2 7 0 2 7 1 2 7 0 20.2646257877349854
12 16 2 8 9 2 0 2 4 12 16 2 0 2 11 5 30 3 0 2 4 1 2 7 5 30 3 0 2 7 1 2 7 13 6 3 17 18 2 0 2 11 12 16 2 0 2 7 0 2 11 0 2 11 17 18 2 1 2 7 0 21.0126999616622925
0 2 7 5 30 3 0 2 11 0 2 7 5 30 3 12 16 2 0 2 7 12 16 2 0 2 7 15 2 11 16 6 2 6 2 11 6 2 11 0 2 11 0 2 11 0 2 7 17 9 2 0 2 11 0 2 11 5 31 3 0 21.7031540870666504
12 16 2 0 2 3 1 2 11 1 2 11 12 16 2 0 2 7 5 30 3 0 2 3 0 2 7 5 30 3 0 2 3 0 2 7 16 9 11 0 2 3 0 2 3 1 2 3 16 9 11 0 2 3 0 2 3 1 2 3 0 21.9789397716522217
0 2 4 12 16 2 0 2 7 17 9 2 0 2 7 12 16 2 12 16 2 13 6 3 0 2 7 17 9 2 0 2 7 1 2 7 12 16 2 1 2 7 0 2 7 13 6 3 1 2 11 1 2 11 0 2 7 5 30 3 0 20.3046585321426392
12 16 2 12 16 2 5 30 3 5 31 3 0 2 7 16 30 2 17 9 2 0 2 4 12 16 2 0 2 4 1 2 7 0 2 7 13 6 3 0 2 7 0 2 3 1 2 7 1 2 7 1 2 7 0 2 7 0 2 7 0 20.4516057968139648
12 16 2 12 16 2 5 30 3 5 31 3 0 2 7 17 9 2 0 2 4 1 2 7 0 2 7 13 6 3 0 2 7 1 2 7 1 2 7 0 2 7 0 2 7 1 2 4 17 18 2 0 2 7 6 2 7 0 2 7 0 20.3487167954444885
0 2 7 12 16 2 0 2 7 17 9 2 1 2 7 12 16 2 12 16 2 13 6 3 5 31 3 17 9 2 0 2 7 1 2 7 12 16 2 1 2 3 0 2 11 0 2 7 0 2 7 1 2 7 0 2 7 13 6 3 0 20.4253377914428711
0 2 7 0 2 7 0 2 7 0 2 7 0 2 7 0 2 7 0 2 7 0 2 7 1 2 4 0 2 7 5 31 3 6 2 7 12 16 2 5 31 3 16 6 2 17 18 2 1 2 7 0 2 7 1 2 4 1 2 7 0 20.4595978856086731
0 2 4 0 2 1 5 31 3 12 16 2 0 2 7 17 9 2 0 2 7 12 16 2 1 2 4 12 16 2 0 2 4 13 6 3 0 2 7 17 9 2 1 2 4 0 2 7 1 2 7 12 16 2 1 2 7 1 2 4 0 20.6123768091201782

Current Evaluation = 2880(2880)
Front Size = 10
0 2 7 13 6 3 0 2 7 1 2 7 17 9 2 0 2 7 0 2 7 5 30 3 0 2 7 1 2 7 5 31 3 0 2 7 0 2 7 1 2 7 0 2 7 0 2 7 12 16 2 1 2 7 17 18 2 1 2 7 0 20.2646257877349854
0 2 4 12 16 2 1 2 7 0 2 7 1 2 11 5 30 3 0 2 7 12 16 2 12 16 2 1 2 11 17 9 2 13 6 3 12 16 2 0 2 7 0 2 7 0 2 7 0 2 7 13 6 3 1 2 7 17 18 2 0 20.3046585321426392
0 2 7 0 2 7 0 2 7 0 2 7 0 2 7 0 2 7 0 2 7 0 2 7 1 2 4 0 2 7 5 31 3 6 2 7 12 16 2 5 31 3 16 6 2 17 18 2 1 2 7 0 2 7 1 2 4 1 2 7 0 20.4595978856086731
0 2 11 12 16 2 1 2 7 0 2 11 1 2 4 5 30 3 0 2 7 12 16 2 12 16 2 1 2 7 17 9 2 13 6 3 12 16 2 0 2 7 0 2 7 0 2 7 0 2 7 13 6 3 1 2 7 17 18 2 0 20.3046587705612183
0 2 7 5 30 3 0 2 7 12 16 2 0 2 11 12 16 2 0 2 3 0 2 7 17 9 2 0 2 4 5 30 3 17 9 2 1 2 4 6 2 7 0 2 4 0 2 1 0 2 7 1 2 3 13 6 3 1 2 11 0 20.8931898474693298
0 2 7 12 16 2 5 30 3 0 2 1 1 2 3 0 2 11 0 2 7 0 2 7 5 30 3 0 2 3 1 2 11 1 2 3 0 2 7 17 9 2 1 2 11 8 18 2 0 2 7 0 2 3 1 2 3 16 6 2 0 21.3697998523712158
1 2 7 1 2 7 5 31 3 0 2 7 0 2 7 17 9 2 0 2 7 0 2 7 0 2 4 5 30 3 0 2 4 0 2 7 1 2 7 0 2 3 0 2 7 0 2 10 17 9 2 1 2 7 1 2 10 1 2 7 0 20.5764669179916382
0 2 7 5 30 3 0 2 11 0 2 7 5 30 3 12 16 2 0 2 7 12 16 2 0 2 7 15 2 11 16 6 2 6 2 11 6 2 11 0 2 11 0 2 11 0 2 7 17 9 2 0 2 11 0 2 11 5 31 3 0 21.7031540870666504
0 2 7 12 16 2 1 2 7 0 2 7 1 2 7 5 30 3 0 2 11 12 16 2 12 16 2 0 2 7 17 9 2 13 6 3 12 16 2 0 2 7 0 2 4 1 2 7 0 2 7 13 6 3 1 2 11 17 18 2 0 20.3046586513519287
12 16 2 0 2 3 1 2 11 1 2 11 12 16 2 0 2 7 5 30 3 0 2 3 0 2 7 5 30 3 0 2 3 0 2 7 16 9 11 0 2 3 0 2 3 1 2 3 16 9 11 0 2 3 0 2 3 1 2 3 0 21.9789397716522217

Current Evaluation = 3060(3060)
Front Size = 10
0 2 7 12 16 2 0 2 7 0 2 7 0 2 7 0 2 7 5 30 3 5 31 3 17 18 2 1 2 7 13 6 3 0 2 7 17 18 2 1 2 7 1 2 7 0 2 7 1 2 7 1 2 7 0 2 7 0 2 7 0 20.2646257877349854
0 2 4 17 18 2 0 2 7 12 16 2 17 18 2 0 2 4 1 2 7 13 6 3 0 2 7 12 16 2 0 2 4 0 2 7 1 2 4 1 2 7 12 16 2 5 31 3 1 2 11 12 16 2 0 2 4 1 2 11 0 20.6165766716003418
12 16 2 0 2 7 0 2 7 5 30 3 0 2 7 12 16 2 12 16 2 17 9 2 13 6 3 12 16 2 0 2 7 1 2 11 0 2 7 13 6 3 17 18 2 0 2 7 1 2 7 1 2 11 1 2 4 0 2 7 0 20.3046585321426392
0 2 7 0 2 7 0 2 7 0 2 7 0 2 7 0 2 7 0 2 7 0 2 7 1 2 4 0 2 7 5 31 3 6 2 7 12 16 2 5 31 3 16 6 2 17 18 2 1 2 7 0 2 7 1 2 4 1 2 7 0 20.4595978856086731
0 2 4 12 16 2 0 2 7 0 2 7 0 2 7 6 2 7 5 30 3 5 31 3 17 18 2 1 2 7 13 6 3 0 2 7 17 9 2 1 2 7 1 2 7 1 2 7 0 2 7 12 16 2 0 2 7 0 2 4 0 20.3487167954444885
1 2 7 0 2 3 0 2 7 12 16 2 0 2 3 0 2 7 0 2 3 0 2 7 0 2 7 0 2 7 16 9 11 5 31 3 1 2 10 0 2 3 16 6 2 5 30 3 1 2 3 12 16 2 1 2 3 0 2 7 0 21.3628018498420715
17 18 2 0 2 7 12 16 2 13 6 3 17 18 2 1 2 7 0 2 4 1 2 4 0 2 7 12 16 2 0 2 7 5 30 3 0 2 7 1 2 7 6 2 7 0 2 7 5 31 3 1 2 7 0 2 7 0 2 7 0 20.3487167954444885
1 2 7 0 2 7 0 2 7 0 2 4 12 16 2 0 2 7 0 2 7 0 2 7 6 2 7 0 2 7 1 2 7 1 2 7 0 2 7 17 9 2 0 2 7 1 2 7 16 6 2 5 31 3 0 2 4 5 31 3 0 20.4595978856086731
0 2 4 12 16 2 5 30 3 0 2 3 0 2 3 0 2 7 0 2 7 0 2 3 5 30 3 0 2 3 1 2 7 1 2 7 1 2 3 17 9 2 1 2 7 8 18 2 1 2 7 0 2 7 0 2 7 16 15 2 0 20.9987398386001587
12 16 2 0 2 7 0 2 7 5 30 3 0 2 7 6 2 4 17 9 2 13 6 3 0 2 7 0 2 7 17 18 2 0 2 7 1 2 7 0 2 4 12 16 2 1 2 7 5 31 3 1 2 7 1 2 7 0 2 7 0 20.3487167954444885

Current Evaluation = 3240(3240)
Front Size = 10
1 2 7 1 2 7 1 2 7 0 2 7 1 2 7 0 2 7 17 18 2 0 2 7 0 2 7 1 2 7 0 2 7 0 2 7 12 16 2 5 30 3 0 2 7 17 18 2 0 2 7 5 31 3 13 6 3 0 2 7 0 20.2646257877349854
12 16 2 0 2 7 13 6 3 1 2 7 0 2 7 1 2 7 17 18 2 5 31 3 1 2 7 0 2 7 0 2 7 0 2 7 1 2 7 5 30 3 0 2 7 0 2 7 1 2 7 17 9 2 0 2 7 0 2 7 0 20.2646257877349854
0 2 4 17 18 2 0 2 7 12 16 2 17 18 2 0 2 4 1 2 7 13 6 3 0 2 7 12 16 2 0 2 4 0 2 7 1 2 4 1 2 7 12 16 2 5 31 3 1 2 11 12 16 2 0 2 4 1 2 11 0 20.6165766716003418
0 2 4 12 16 2 5 30 3 0 2 3 0 2 3 0 2 7 0 2 7 0 2 3 5 30 3 0 2 3 1 2 7 1 2 7 1 2 3 17 9 2 1 2 7 8 18 2 1 2 7 0 2 7 0 2 7 16 15 2 0 20.9987398386001587
12 16 2 0 2 7 13 6 3 1 2 7 12 16 2 12 16 2 1 2 11 0 2 7 17 18 2 12 16 2 5 30 3 13 6 3 0 2 7 0 2 7 0 2 7 1 2 4 1 2 11 0 2 7 17 18 2 0 2 7 0 20.3046585321426392
12 16 2 0 2 4 0 2 7 13 6 3 1 2 7 1 2 7 12 16 2 12 16 2 1 2 7 1 2 11 0 2 7 17 18 2 12 16 2 17 18 2 5 30 3 13 6 3 0 2 11 0 2 7 0 2 7 0 2 7 0 20.3046586513519287
12 16 2 0 2 7 1 2 7 13 6 3 1 2 7 0 2 7 12 16 2 12 16 2 1 2 11 0 2 7 17 18 2 12 16 2 1 2 11 0 2 7 5 30 3 13 6 3 0 2 4 0 2 7 0 2 7 17 9 2 0 20.3046585321426392
12 16 2 0 2 7 0 2 7 1 2 7 0 2 7 17 18 2 6 2 7 0 2 7 1 2 7 0 2 7 1 2 7 12 16 2 13 6 3 0 2 7 5 31 3 1 2 4 0 2 7 17 9 2 5 30 3 0 2 4 0 20.3487167954444885
12 16 2 0 2 7 0 2 4 0 2 7 0 2 7 17 18 2 1 2 7 1 2 7 1 2 7 0 2 7 5 30 3 12 16 2 13 6 3 12 16 2 1 2 7 0 2 3 0 2 4 5 30 3 0 2 7 16 31 2 0 20.4516056776046753
12 16 2 0 2 7 1 2 7 13 6 3 1 2 7 0 2 7 12 16 2 12 16 2 1 2 11 0 2 7 17 18 2 12 16 2 17 18 2 1 2 11 0 2 7 5 30 3 13 6 3 0 2 4 0 2 7 0 2 7 0 20.3046585321426392

Current Evaluation = 3420(3420)
Front Size = 10
1 2 7 0 2 7 13 6 3 0 2 7 5 31 3 17 18 2 0 2 7 0 2 7 1 2 7 5 30 3 1 2 7 0 2 7 1 2 7 1 2 7 12 16 2 0 2 7 0 2 7 0 2 7 0 2 7 17 9 2 0 20.2646257877349854
1 2 7 0 2 7 13 6 3 0 2 7 5 31 3 17 18 2 0 2 7 0 2 7 1 2 7 5 30 3 1 2 7 0 2 7 0 2 7 0 2 7 0 2 7 1 2 7 1 2 7 12 16 2 0 2 7 17 18 2 0 20.2646257877349854
0 2 4 17 18 2 0 2 7 12 16 2 17 18 2 0 2 4 1 2 7 13 6 3 0 2 7 12 16 2 0 2 4 0 2 7 1 2 4 1 2 7 12 16 2 5 31 3 1 2 11 12 16 2 0 2 4 1 2 11 0 20.6165766716003418
12 16 2 0 2 7 13 6 3 1 2 7 12 16 2 0 2 7 17 18 2 5 30 3 0 2 7 0 2 7 1 2 7 0 2 7 17 9 2 0 2 4 0 2 7 12 16 2 1 2 11 12 16 2 13 6 3 1 2 11 0 20.3046585321426392
12 16 2 0 2 7 0 2 4 0 2 7 0 2 7 17 18 2 1 2 7 1 2 7 1 2 7 0 2 7 5 30 3 12 16 2 13 6 3 12 16 2 1 2 7 0 2 3 0 2 4 5 30 3 0 2 7 16 31 2 0 20.4516056776046753
0 2 7 0 2 7 1 2 7 17 18 2 0 2 7 13 6 3 1 2 4 5 30 3 6 2 7 12 16 2 17 18 2 5 31 3 0 2 7 1 2 7 0 2 7 12 16 2 0 2 7 0 2 4 1 2 7 0 2 7 0 20.3487167954444885
0 2 7 12 16 2 5 30 3 0 2 11 0 2 11 1 2 7 0 2 3 17 9 2 1 2 11 0 2 4 0 2 7 0 2 10 0 2 7 5 30 3 8 18 2 1 2 7 0 2 4 17 18 2 1 2 7 1 2 7 0 20.9925909042358398
12 16 2 0 2 7 13 6 3 0 2 7 0 2 7 17 18 2 0 2 7 1 2 7 0 2 7 5 30 3 0 2 7 1 2 4 17 18 2 1 2 11 12 16 2 12 16 2 1 2 11 13 6 3 0 2 7 12 16 2 0 20.3046585321426392
17 18 2 0 2 7 12 16 2 17 18 2 0 2 7 13 6 3 0 2 7 12 16 2 0 2 4 1 2 7 12 16 2 1 2 7 12 16 2 1 2 11 13 6 3 0 2 11 1 2 7 0 2 7 5 30 3 0 2 7 0 20.3046586513519287
17 18 2 0 2 7 12 16 2 17 18 2 0 2 7 13 6 3 0 2 7 0 2 7 1 2 7 1 2 7 5 30 3 0 2 7 0 2 7 12 16 2 12 16 2 1 2 7 13 6 3 0 2 4 1 2 11 5 31 3 0.000145453174772963251 20.3481826782226562

Current Evaluation = 3600(3600)
Front Size = 10
0 2 7 12 16 2 5 30 3 1 2 7 17 9 2 0 2 7 0 2 7 1 2 7 17 18 2 1 2 7 1 2 7 0 2 7 0 2 7 0 2 7 1 2 7 0 2 7 0 2 7 0 2 7 5 31 3 13 6 3 0 20.2646257877349854
12 16 2 0 2 7 13 6 3 1 2 7 12 16 2 0 2 7 17 18 2 5 30 3 0 2 7 0 2 7 0 2 7 12 16 2 1 2 11 12 16 2 13 6 3 0 2 7 1 2 11 0 2 7 17 18 2 1 2 4 0 20.3046585321426392
0 2 7 0 2 7 1 2 7 17 18 2 0 2 7 13 6 3 5 30 3 0 2 7 12 16 2 17 18 2 5 31 3 6 2 7 1 2 7 0 2 7 12 16 2 0 2 7 0 2 4 0 2 7 1 2 4 1 2 7 0 20.3487167954444885
0 2 4 17 18 2 0 2 7 12 16 2 17 18 2 0 2 4 1 2 7 13 6 3 0 2 7 12 16 2 0 2 4 0 2 7 1 2 4 1 2 7 12 16 2 5 31 3 1 2 11 12 16 2 0 2 4 1 2 11 0 20.6165766716003418
12 16 2 0 2 7 13 6 3 1 2 7 12 16 2 0 2 7 17 18 2 5 30 3 0 2 7 0 2 7 1 2 7 0 2 7 17 9 2 0 2 4 12 16 2 1 2 11 12 16 2 13 6 3 0 2 7 1 2 11 0 20.3046585321426392
1 2 7 17 18 2 0 2 7 12 16 2 17 18 2 0 2 7 13 6 3 0 2 11 12 16 2 0 2 7 1 2 7 12 16 2 0 2 4 12 16 2 0 2 7 13 6 3 1 2 7 5 30 3 1 2 11 0 2 7 0 20.3046586513519287
0 2 7 12 16 2 5 30 3 0 2 11 0 2 11 1 2 7 0 2 3 17 9 2 1 2 11 0 2 4 0 2 7 0 2 10 0 2 7 5 30 3 8 18 2 1 2 7 0 2 4 17 18 2 1 2 7 1 2 7 0 20.9925909042358398
0 2 7 0 2 7 1 2 7 0 2 7 17 18 2 5 30 3 1 2 7 12 16 2 1 2 7 1 2 7 5 30 3 0 2 7 0 2 4 0 2 7 0 2 7 0 2 4 1 2 7 1 2 11 0 2 3 0 2 11 0.000580912693001884662 20.8177387714385986
0 2 7 12 16 2 5 30 3 1 2 7 17 9 2 0 2 7 0 2 7 1 2 7 17 18 2 1 2 7 1 2 7 0 2 11 0 2 11 0 2 3 0 2 7 0 2 4 1 2 7 5 30 3 8 18 2 0 2 4 9.52392063727084873e-06 20.8389909267425537
17 18 2 0 2 7 12 16 2 17 18 2 1 2 7 13 6 3 0 2 7 12 16 2 0 2 7 1 2 4 12 16 2 1 2 11 12 16 2 1 2 11 13 6 3 0 2 7 0 2 7 1 2 7 5 31 3 0 2 4 0.000146515272171740118 20.3143856525421143

MonoObjective Genetic Algorithm
Number of Evaluations = 0
Mutation Probability = 0
Crossover Probability = 1
Population Size = 10
Survival Selection Type = 16

Time =  3601.76926422119141

Current Evaluation = 3390
Front Size = 10
0 2 7 12 16 2 5 30 3 1 2 7 17 9 2 0 2 7 0 2 7 1 2 7 17 18 2 1 2 7 1 2 7 0 2 7 0 2 7 0 2 7 1 2 7 0 2 7 0 2 7 0 2 7 5 31 3 13 6 3 0 20.2646257877349854
12 16 2 0 2 7 13 6 3 1 2 7 12 16 2 0 2 7 17 18 2 5 30 3 0 2 7 0 2 7 0 2 7 12 16 2 1 2 11 12 16 2 13 6 3 0 2 7 1 2 11 0 2 7 17 18 2 1 2 4 0 20.3046585321426392
0 2 7 0 2 7 1 2 7 17 18 2 0 2 7 13 6 3 5 30 3 0 2 7 12 16 2 17 18 2 5 31 3 6 2 7 1 2 7 0 2 7 12 16 2 0 2 7 0 2 4 0 2 7 1 2 4 1 2 7 0 20.3487167954444885
0 2 4 17 18 2 0 2 7 12 16 2 17 18 2 0 2 4 1 2 7 13 6 3 0 2 7 12 16 2 0 2 4 0 2 7 1 2 4 1 2 7 12 16 2 5 31 3 1 2 11 12 16 2 0 2 4 1 2 11 0 20.6165766716003418
12 16 2 0 2 7 13 6 3 1 2 7 12 16 2 0 2 7 17 18 2 5 30 3 0 2 7 0 2 7 1 2 7 0 2 7 17 9 2 0 2 4 12 16 2 1 2 11 12 16 2 13 6 3 0 2 7 1 2 11 0 20.3046585321426392
1 2 7 17 18 2 0 2 7 12 16 2 17 18 2 0 2 7 13 6 3 0 2 11 12 16 2 0 2 7 1 2 7 12 16 2 0 2 4 12 16 2 0 2 7 13 6 3 1 2 7 5 30 3 1 2 11 0 2 7 0 20.3046586513519287
0 2 7 12 16 2 5 30 3 0 2 11 0 2 11 1 2 7 0 2 3 17 9 2 1 2 11 0 2 4 0 2 7 0 2 10 0 2 7 5 30 3 8 18 2 1 2 7 0 2 4 17 18 2 1 2 7 1 2 7 0 20.9925909042358398
0 2 7 0 2 7 1 2 7 0 2 7 17 18 2 5 30 3 1 2 7 12 16 2 1 2 7 1 2 7 5 30 3 0 2 7 0 2 4 0 2 7 0 2 7 0 2 4 1 2 7 1 2 11 0 2 3 0 2 11 0.000580912693001884662 20.8177387714385986
0 2 7 12 16 2 5 30 3 1 2 7 17 9 2 0 2 7 0 2 7 1 2 7 17 18 2 1 2 7 1 2 7 0 2 11 0 2 11 0 2 3 0 2 7 0 2 4 1 2 7 5 30 3 8 18 2 0 2 4 9.52392063727084873e-06 20.8389909267425537
17 18 2 0 2 7 12 16 2 17 18 2 1 2 7 13 6 3 0 2 7 12 16 2 0 2 7 1 2 4 12 16 2 1 2 11 12 16 2 1 2 11 13 6 3 0 2 7 0 2 7 1 2 7 5 31 3 0 2 4 0.000146515272171740118 20.3143856525421143

