Current Evaluation = 900(900)
Front Size = 10
5 30 3 5 30 3 12 16 2 12 16 2 17 9 2 5 31 3 0 2 3 1 2 7 0 2 3 0 2 11 17 18 2 12 16 2 0 2 7 0 2 7 0 2 7 6 2 7 0 2 4 0 2 7 0 2 3 17 18 2 16 6 2 1 2 7 1 2 7 16 19 11 1 2 4 5 30 3 0 2 3 0 2 7 0 2 7 0 2 7 1 2 11 0 2 7 5 30 3 13 6 3 1 2 7 0 2 7 1 2 7 0 2 7 1 2 7 1 2 4 13 6 3 1 2 7 0 2 4 0 2 7 0 2 3 1 2 7 0 2 3 0 2 7 1 2 7 0 2 3 5 30 3 0 2 7 16 30 2 0 2 7 12 16 2 17 18 2 0 2 4 8 18 2 0 2 7 1 2 3 0 61.7191534638404846
5 30 3 0 2 12 2 3 3 8 9 2 0 2 12 0 2 8 16 15 2 0 2 8 0 2 8 5 30 3 8 9 2 6 2 8 0 2 12 6 2 8 0 2 8 6 2 8 5 30 3 0 2 8 16 6 2 6 2 8 6 2 8 5 30 3 6 2 8 5 30 3 6 2 8 8 18 2 6 2 8 16 19 12 6 2 8 8 9 2 0 2 8 16 6 2 0 2 12 8 9 2 8 9 2 0 2 8 5 30 3 0 2 8 5 30 3 5 30 3 6 2 8 0 2 8 6 2 8 0 2 12 0 2 8 8 9 2 5 30 3 5 30 3 0 2 8 0 2 8 0 2 8 0 2 8 16 20 12 0 2 8 0 2 12 8 18 2 6 2 12 16 15 2 8 9 2 16 20 12 0.0144847679241142512 66.5773613452911377
0 2 7 0 2 7 0 2 7 5 30 3 0 2 7 0 2 7 1 2 7 1 2 7 0 2 7 5 30 3 1 2 7 5 30 3 1 2 7 0 2 7 6 2 7 5 30 3 0 2 7 5 31 3 0 2 7 0 2 7 0 2 7 0 2 7 0 2 7 12 16 2 6 2 7 0 2 7 0 2 7 5 30 3 0 2 7 0 2 7 12 16 2 1 2 7 12 16 2 12 16 2 0 2 7 0 2 7 1 2 7 8 18 2 0 2 7 17 9 2 0 2 7 8 9 2 5 31 3 0 2 7 16 19 11 6 2 7 1 2 7 6 2 7 16 19 11 0 2 7 0 2 7 12 16 2 16 31 2 2 3 3 5 30 3 0 2 7 0 2 7 17 9 2 0 2 7 16 9 11 0 63.1538211703300476
16 19 12 5 30 3 0 2 3 5 30 3 8 9 2 0 2 3 12 16 2 16 19 12 5 30 3 5 30 3 5 30 3 5 30 3 16 19 12 0 2 8 12 16 2 16 19 12 5 30 3 8 18 2 16 6 2 16 19 12 12 16 2 5 30 3 16 19 12 5 30 3 0 2 8 0 2 8 0 2 3 0 2 3 1 2 8 0 2 8 0 2 8 0 2 3 8 18 2 0 2 8 0 2 8 0 2 8 0 2 3 0 2 3 0 2 8 0 2 3 0 2 3 0 2 3 0 2 8 0 2 3 0 2 8 1 2 3 0 2 8 0 2 3 0 2 3 0 2 8 0 2 3 1 2 3 0 2 8 0 2 8 0 2 8 0 2 3 0 2 8 0 2 8 1 2 3 0 2 3 2.71367428528179739e-12 68.66358482837677
0 2 8 8 18 2 8 18 2 16 15 2 8 9 2 5 30 3 8 18 2 8 9 2 0 2 8 5 30 3 8 9 2 8 18 2 8 18 2 0 2 8 8 18 2 8 18 2 8 18 2 16 19 12 5 30 3 16 15 2 0 2 8 8 18 2 8 9 2 0 2 8 16 19 12 0 2 8 16 15 2 5 30 3 12 16 2 8 9 2 1 2 8 1 2 8 0 2 8 16 15 2 8 18 2 0 2 8 0 2 8 12 16 2 1 2 8 8 9 2 16 19 12 1 2 8 1 2 8 0 2 8 0 2 8 0 2 8 0 2 8 0 2 8 0 2 8 5 30 3 8 18 2 0 2 8 0 2 8 0 2 8 0 2 8 8 9 2 1 2 8 5 30 3 1 2 8 0 2 8 0.0113767812573959681 67.2978072166442871
0 2 7 8 18 2 8 18 2 8 18 2 5 31 3 1 2 7 5 30 3 0 2 7 5 30 3 0 2 11 0 2 3 0 2 7 5 30 3 12 16 2 0 2 7 0 2 8 0 2 7 1 2 7 12 16 2 5 30 3 5 30 3 0 2 7 0 2 7 0 2 7 0 2 11 0 2 11 17 9 2 0 2 7 0 2 8 5 30 3 16 19 11 16 19 11 0 2 11 6 2 11 16 19 11 0 2 7 5 30 3 0 2 12 1 2 11 0 2 7 0 2 7 0 2 11 0 2 7 16 19 11 12 16 2 0 2 8 1 2 7 0 2 11 0 2 7 0 2 7 5 30 3 16 6 2 0 2 7 0 2 8 1 2 8 0 2 7 17 9 2 6 2 8 0 2 11 0 2 7 0 65.3050746917724609
16 19 12 0 2 3 0 2 3 5 30 3 17 9 2 0 2 8 5 30 3 5 30 3 5 30 3 5 30 3 0 2 3 8 18 2 0 2 7 16 6 2 5 30 3 5 30 3 0 2 3 0 2 7 1 2 3 1 2 11 0 2 3 0 2 7 0 2 3 0 2 3 0 2 3 0 2 3 0 2 3 0 2 3 1 2 3 0 2 7 0 2 7 0 2 7 0 2 7 12 16 2 0 2 7 5 30 3 12 16 2 0 2 3 16 19 11 8 9 2 16 19 11 0 2 7 16 19 12 0 2 7 0 2 7 0 2 7 1 2 7 0 2 7 16 6 2 1 2 3 0 2 7 0 2 7 1 2 7 1 2 7 8 9 2 0 2 7 1 2 3 0 2 3 1 2 3 0 2 7 0 64.6148734092712402
0 2 3 0 2 8 0 2 11 5 30 3 0 2 11 0 2 8 0 2 8 0 2 3 0 2 7 5 30 3 0 2 11 5 31 3 0 2 3 0 2 8 0 2 8 5 30 3 0 2 11 5 30 3 0 2 8 0 2 3 0 2 7 0 2 11 0 2 3 12 16 2 0 2 7 0 2 12 0 2 8 5 30 3 0 2 11 0 2 8 12 16 2 0 2 3 0 2 3 0 2 7 0 2 3 0 2 8 16 19 11 16 19 11 0 2 8 0 2 8 5 30 3 0 2 3 16 19 11 0 2 8 0 2 3 15 2 12 0 2 7 5 30 3 16 19 12 0 2 3 5 30 3 16 6 2 16 19 11 0 2 8 5 30 3 16 19 11 0 2 8 0 2 3 0 2 7 0 2 7 5.61415410249667494e-08 68.1954025030136108
5 30 3 5 30 3 12 16 2 12 16 2 8 9 2 5 30 3 5 30 3 16 15 2 1 2 7 0 2 7 0 2 7 0 2 7 0 2 8 0 2 7 0 2 8 0 2 7 1 2 8 1 2 8 8 18 2 12 16 2 1 2 8 0 2 7 5 31 3 0 2 7 0 2 8 0 2 8 1 2 4 0 2 7 0 2 8 6 2 7 0 2 7 16 19 11 13 6 3 0 2 8 1 2 7 0 2 3 0 2 7 1 2 7 0 2 7 0 2 8 0 2 3 1 2 8 16 15 2 0 2 7 0 2 7 1 2 8 1 2 8 17 18 2 16 32 2 1 2 7 12 16 2 8 18 2 8 18 2 16 6 2 17 9 2 0 2 3 1 2 3 0 2 7 16 15 2 1 2 8 0.013839723082882607 63.4948366284370422
5 30 3 0 2 3 5 30 3 1 2 3 5 30 3 5 30 3 12 16 2 1 2 3 5 30 3 12 16 2 12 16 2 8 18 2 8 9 2 0 2 3 5 30 3 0 2 3 1 2 8 16 19 12 0 2 8 0 2 7 0 2 7 0 2 8 0 2 3 6 2 7 0 2 8 6 2 7 0 2 7 5 31 3 0 2 8 0 2 8 0 2 7 0 2 7 0 2 3 0 2 8 16 19 12 6 2 7 0 2 7 1 2 7 0 2 3 16 19 12 0 2 7 5 30 3 0 2 3 0 2 3 5 30 3 5 31 3 0 2 7 16 19 11 0 2 7 6 2 7 0 2 8 0 2 7 0 2 3 12 16 2 16 19 12 0 2 3 16 6 2 0 2 8 0 2 8 16 19 11 0.00555446122926750874 66.6576939821243286

Current Evaluation = 1800(1800)
Front Size = 10
5 31 3 0 2 4 1 2 7 0 2 7 1 2 7 5 31 3 0 2 7 12 16 2 16 9 11 0 2 7 0 2 7 16 6 2 0 2 7 1 2 7 17 18 2 1 2 7 13 6 3 0 2 7 0 2 7 12 16 2 1 2 4 0 2 7 0 2 7 0 2 7 1 2 7 16 6 2 12 16 2 0 2 7 0 2 7 0 2 7 0 2 7 0 2 7 16 31 2 1 2 7 12 16 2 5 31 3 0 2 7 5 30 3 0 2 7 0 2 7 0 2 7 1 2 7 1 2 7 12 16 2 1 2 7 0 2 7 5 31 3 1 2 7 0 2 7 1 2 7 0 2 7 6 2 7 17 9 2 1 2 4 0 2 4 17 18 2 0 2 7 1 2 7 0 2 7 0 2 4 0 61.0181864500045776
0 2 8 8 18 2 8 18 2 16 15 2 8 9 2 5 30 3 8 18 2 8 9 2 0 2 8 5 30 3 8 9 2 8 18 2 8 18 2 0 2 8 8 18 2 8 18 2 8 18 2 16 19 12 5 30 3 16 15 2 0 2 8 8 18 2 8 9 2 0 2 8 16 19 12 0 2 8 16 15 2 5 30 3 12 16 2 8 9 2 1 2 8 1 2 8 0 2 8 16 15 2 8 18 2 0 2 8 0 2 8 12 16 2 1 2 8 8 9 2 16 19 12 1 2 8 1 2 8 0 2 8 0 2 8 0 2 8 0 2 8 0 2 8 0 2 8 5 30 3 8 18 2 0 2 8 0 2 8 0 2 8 0 2 8 8 9 2 1 2 8 5 30 3 1 2 8 0 2 8 0.0113767812573959681 67.2978072166442871
5 30 3 12 16 2 5 30 3 5 30 3 5 30 3 5 30 3 1 2 3 0 2 3 16 19 12 0 2 7 0 2 3 0 2 3 0 2 7 0 2 7 12 16 2 0 2 7 5 31 3 16 19 11 0 2 3 0 2 3 1 2 3 16 19 12 0 2 3 1 2 3 8 9 2 0 2 7 16 19 12 0 2 3 0 2 7 1 2 3 1 2 3 1 2 7 1 2 3 0 2 7 0 2 3 0 2 7 5 30 3 0 2 7 0 2 3 0 2 8 0 2 3 1 2 3 16 30 2 1 2 3 16 30 2 0 2 7 0 2 7 0 2 3 0 2 3 0 2 3 0 2 7 0 2 7 16 6 2 0 2 7 0 2 3 0 2 3 0 2 7 0 2 7 5 30 3 0 2 7 0 64.7479017972946167
5 30 3 8 9 2 5 30 3 16 6 2 0 2 12 2 3 3 6 2 7 0 2 7 16 15 2 1 2 7 0 2 8 8 9 2 5 31 3 0 2 7 0 2 7 0 2 8 0 2 7 5 30 3 0 2 4 6 2 8 6 2 8 0 2 7 0 2 7 0 2 4 6 2 8 0 2 7 0 2 4 16 19 12 17 9 2 8 9 2 17 18 2 1 2 4 0 2 12 8 9 2 16 19 11 17 18 2 0 2 7 0 2 8 5 30 3 1 2 7 6 2 8 17 9 2 0 2 7 0 2 7 0 2 8 1 2 7 5 30 3 0 2 4 12 16 2 0 2 8 0 2 8 0 2 8 0 2 7 12 16 2 0 2 12 8 18 2 12 16 2 0 2 7 8 9 2 16 20 12 0.088496282974211915 64.043867290019989
5 30 3 12 16 2 12 16 2 16 19 11 12 16 2 1 2 10 1 2 11 16 6 2 8 9 2 0 2 7 0 2 7 5 30 3 0 2 7 5 30 3 5 30 3 16 18 11 0 2 3 0 2 3 5 30 3 17 9 2 16 19 11 0 2 10 0 2 3 5 30 3 0 2 7 1 2 7 0 2 7 0 2 7 0 2 7 0 2 11 0 2 7 0 2 3 17 18 2 0 2 7 0 2 7 1 2 7 0 2 11 0 2 7 1 2 7 0 2 7 0 2 7 0 2 3 1 2 7 5 30 3 1 2 7 0 2 4 0 2 7 0 2 7 17 18 2 1 2 7 0 2 7 6 2 4 5 31 3 0 2 3 13 6 3 0 2 7 1 2 3 1 2 7 0 2 3 0 2 7 0 63.2627413272857666
16 19 12 5 30 3 0 2 3 5 30 3 8 9 2 0 2 3 12 16 2 16 19 12 5 30 3 5 30 3 5 30 3 5 30 3 16 19 12 0 2 8 12 16 2 16 19 12 5 30 3 8 18 2 16 6 2 16 19 12 12 16 2 5 30 3 16 19 12 5 30 3 0 2 8 0 2 8 0 2 3 0 2 3 1 2 8 0 2 8 0 2 8 0 2 3 8 18 2 0 2 8 0 2 8 0 2 8 0 2 3 0 2 3 0 2 8 0 2 3 0 2 3 0 2 3 0 2 8 0 2 3 0 2 8 1 2 3 0 2 8 0 2 3 0 2 3 0 2 8 0 2 3 1 2 3 0 2 8 0 2 8 0 2 8 0 2 3 0 2 8 0 2 8 1 2 3 0 2 3 2.71367428528179739e-12 68.66358482837677
5 31 3 5 30 3 16 6 2 0 2 7 0 2 7 0 2 7 5 30 3 0 2 7 0 2 7 0 2 7 0 2 7 5 30 3 0 2 7 0 2 7 0 2 7 16 19 11 16 19 11 0 2 7 5 31 3 0 2 7 5 31 3 12 16 2 0 2 7 0 2 7 0 2 7 12 16 2 0 2 7 5 30 3 0 2 3 0 2 7 0 2 7 12 16 2 0 2 7 16 19 11 0 2 7 6 2 7 0 2 7 16 19 11 0 2 7 0 2 3 0 2 7 6 2 3 0 2 7 5 31 3 0 2 7 0 2 7 0 2 7 0 2 7 0 2 7 0 2 7 0 2 7 1 2 7 0 2 7 16 19 11 1 2 7 12 16 2 1 2 7 1 2 7 5 30 3 16 19 11 0 64.2540197968482971
5 30 3 0 2 12 2 3 3 8 9 2 0 2 12 0 2 8 16 15 2 0 2 8 0 2 8 5 30 3 8 9 2 6 2 8 0 2 12 6 2 8 0 2 8 6 2 8 5 30 3 0 2 8 16 6 2 6 2 8 6 2 8 5 30 3 6 2 8 5 30 3 6 2 8 8 18 2 6 2 8 16 19 12 6 2 8 8 9 2 0 2 8 16 6 2 0 2 12 8 9 2 8 9 2 0 2 8 5 30 3 0 2 8 5 30 3 5 30 3 6 2 8 0 2 8 6 2 8 0 2 12 0 2 8 8 9 2 5 30 3 5 30 3 0 2 8 0 2 8 0 2 8 0 2 8 16 20 12 0 2 8 0 2 12 8 18 2 6 2 12 16 15 2 8 9 2 16 20 12 0.0144847679241142512 66.5773613452911377
16 19 11 5 30 3 5 30 3 8 9 2 5 30 3 5 30 3 5 30 3 5 31 3 1 2 7 5 30 3 6 2 7 16 6 2 5 30 3 5 30 3 0 2 11 0 2 11 0 2 7 0 2 12 8 18 2 0 2 7 0 2 11 0 2 8 0 2 7 0 2 11 0 2 7 0 2 11 12 16 2 0 2 7 6 2 7 6 2 7 0 2 7 12 16 2 0 2 7 1 2 11 0 2 11 0 2 7 16 19 11 12 16 2 12 16 2 0 2 11 1 2 3 0 2 11 16 6 2 0 2 11 0 2 7 17 9 2 6 2 11 0 2 11 0 2 11 0 2 7 16 19 11 8 9 2 0 2 7 0 2 7 0 2 11 0 2 11 0 2 7 0 2 11 0 2 3 17 9 2 0 65.0658090710639954
5 30 3 5 30 3 5 30 3 12 16 2 12 16 2 5 30 3 5 30 3 1 2 8 0 2 8 0 2 7 8 18 2 0 2 7 0 2 7 0 2 7 1 2 8 0 2 7 8 9 2 0 2 7 0 2 7 0 2 8 16 19 11 0 2 7 5 31 3 8 18 2 5 31 3 8 18 2 8 9 2 0 2 8 8 18 2 0 2 3 16 15 2 8 18 2 0 2 8 0 2 7 16 19 11 16 15 2 8 9 2 0 2 8 0 2 8 16 19 12 16 19 12 0 2 7 8 9 2 0 2 7 0 2 8 0 2 7 0 2 7 0 2 8 0 2 7 0 2 8 0 2 7 0 2 8 8 18 2 0 2 7 16 19 11 1 2 7 12 16 2 0 2 8 8 18 2 16 19 11 0.0147588371572653747 66.1797682046890259

Current Evaluation = 2700(2700)
Front Size = 10
5 31 3 0 2 4 1 2 7 0 2 7 1 2 7 5 31 3 0 2 7 12 16 2 16 9 11 0 2 7 0 2 7 16 6 2 0 2 7 1 2 7 17 18 2 1 2 7 13 6 3 0 2 7 0 2 7 12 16 2 1 2 4 0 2 7 0 2 7 0 2 7 1 2 7 16 6 2 12 16 2 0 2 7 0 2 7 0 2 7 0 2 7 0 2 7 16 31 2 1 2 7 12 16 2 5 31 3 0 2 7 5 30 3 0 2 7 0 2 7 0 2 7 1 2 7 1 2 7 12 16 2 1 2 7 0 2 7 5 31 3 1 2 7 0 2 7 1 2 7 0 2 7 6 2 7 17 9 2 1 2 4 0 2 4 17 18 2 0 2 7 1 2 7 0 2 7 0 2 4 0 61.0181864500045776
5 30 3 5 30 3 16 24 2 5 30 3 5 31 3 16 6 2 5 30 3 6 2 3 0 2 3 5 30 3 15 2 11 1 2 7 0 2 7 0 2 3 0 2 7 1 2 11 0 2 11 5 30 3 17 9 2 1 2 4 0 2 7 0 2 11 0 2 7 0 2 3 0 2 7 0 2 3 17 18 2 1 2 11 1 2 3 6 2 7 0 2 7 0 2 3 12 16 2 0 2 7 1 2 3 8 9 2 0 2 7 5 31 3 1 2 3 16 6 2 1 2 7 0 2 7 0 2 7 0 2 3 0 2 3 16 6 2 0 2 7 0 2 7 0 2 7 16 6 2 1 2 7 0 2 3 0 2 7 0 2 7 0 2 7 0 2 7 0 2 7 1 2 7 0 2 3 0 2 7 0 62.762328565120697
0 2 8 8 18 2 8 18 2 16 15 2 8 9 2 5 30 3 8 18 2 8 9 2 0 2 8 5 30 3 8 9 2 8 18 2 8 18 2 0 2 8 8 18 2 8 18 2 8 18 2 16 19 12 5 30 3 16 15 2 0 2 8 8 18 2 8 9 2 0 2 8 16 19 12 0 2 8 16 15 2 5 30 3 12 16 2 8 9 2 1 2 8 1 2 8 0 2 8 16 15 2 8 18 2 0 2 8 0 2 8 12 16 2 1 2 8 8 9 2 16 19 12 1 2 8 1 2 8 0 2 8 0 2 8 0 2 8 0 2 8 0 2 8 0 2 8 5 30 3 8 18 2 0 2 8 0 2 8 0 2 8 0 2 8 8 9 2 1 2 8 5 30 3 1 2 8 0 2 8 0.0113767812573959681 67.2978072166442871
0 2 8 17 18 2 8 18 2 8 9 2 5 30 3 0 2 11 5 30 3 0 2 8 16 19 11 5 30 3 1 2 8 0 2 8 16 19 11 0 2 12 5 30 3 12 16 2 0 2 8 0 2 7 0 2 7 1 2 11 12 16 2 8 18 2 0 2 8 0 2 1 0 2 11 0 2 8 6 2 12 0 2 8 5 30 3 6 2 8 0 2 11 0 2 8 5 30 3 16 6 2 17 18 2 5 30 3 0 2 8 0 2 8 0 2 11 8 18 2 12 16 2 0 2 8 5 30 3 17 18 2 8 9 2 1 2 8 0 2 11 0 2 8 16 6 2 0 2 8 1 2 11 0 2 7 0 2 11 1 2 11 5 30 3 0 2 7 0 2 8 0 2 11 0 2 7 0 2 11 0 66.8867934942245483
5 30 3 5 30 3 5 30 3 16 6 2 5 30 3 5 30 3 8 18 2 16 6 2 5 30 3 12 16 2 0 2 7 8 9 2 0 2 12 0 2 10 16 15 2 1 2 3 1 2 7 8 9 2 6 2 8 0 2 7 6 2 8 17 9 2 6 2 8 0 2 8 6 2 8 6 2 8 0 2 7 0 2 7 6 2 8 16 19 12 6 2 8 12 16 2 0 2 8 0 2 7 0 2 7 5 31 3 0 2 8 0 2 8 17 9 2 5 30 3 6 2 8 0 2 7 0 2 7 0 2 12 0 2 7 0 2 3 5 30 3 5 30 3 0 2 8 0 2 7 1 2 7 6 2 7 0 2 7 0 2 8 1 2 7 0 2 7 6 2 12 0 2 11 8 9 2 0 2 7 0.00783643465415649956 64.8993871808052063
16 19 12 5 30 3 0 2 3 5 30 3 8 9 2 0 2 3 12 16 2 16 19 12 5 30 3 5 30 3 5 30 3 5 30 3 16 19 12 0 2 8 12 16 2 16 19 12 5 30 3 8 18 2 16 6 2 16 19 12 12 16 2 5 30 3 16 19 12 5 30 3 0 2 8 0 2 8 0 2 3 0 2 3 1 2 8 0 2 8 0 2 8 0 2 3 8 18 2 0 2 8 0 2 8 0 2 8 0 2 3 0 2 3 0 2 8 0 2 3 0 2 3 0 2 3 0 2 8 0 2 3 0 2 8 1 2 3 0 2 8 0 2 3 0 2 3 0 2 8 0 2 3 1 2 3 0 2 8 0 2 8 0 2 8 0 2 3 0 2 8 0 2 8 1 2 3 0 2 3 2.71367428528179739e-12 68.66358482837677
5 30 3 12 16 2 12 16 2 16 6 2 12 16 2 16 19 12 0 2 3 5 30 3 0 2 7 0 2 7 16 19 12 17 18 2 0 2 7 0 2 7 0 2 4 1 2 7 1 2 7 1 2 7 5 30 3 8 18 2 16 19 12 5 31 3 1 2 7 5 31 3 0 2 8 0 2 8 0 2 7 0 2 7 1 2 8 1 2 7 0 2 8 0 2 7 1 2 7 1 2 7 0 2 8 17 9 2 0 2 3 0 2 7 1 2 7 0 2 3 0 2 7 0 2 3 0 2 8 0 2 3 0 2 7 0 2 7 0 2 8 0 2 3 0 2 3 0 2 8 0 2 7 1 2 3 0 2 8 0 2 8 0 2 8 0 2 7 0 2 7 5 31 3 16 31 2 1 2 4 0.0011277568302159556 64.7532563209533691
5 30 3 5 30 3 16 6 2 5 30 3 8 18 2 16 6 2 5 30 3 0 2 7 0 2 11 5 30 3 5 30 3 0 2 7 0 2 7 0 2 7 0 2 7 0 2 7 0 2 7 5 30 3 17 9 2 0 2 11 0 2 7 1 2 7 1 2 7 0 2 7 0 2 7 0 2 7 17 9 2 0 2 7 0 2 11 0 2 7 1 2 7 12 16 2 12 16 2 0 2 7 8 9 2 0 2 7 0 2 7 16 19 11 0 2 7 16 15 2 0 2 7 0 2 7 8 9 2 6 2 7 12 16 2 8 9 2 0 2 1 0 2 7 1 2 7 1 2 11 0 2 7 0 2 11 17 9 2 5 30 3 0 2 7 0 2 7 1 2 11 8 9 2 1 2 11 1 2 7 0 63.1098422408103943
5 30 3 0 2 12 2 3 3 8 9 2 0 2 12 0 2 8 16 15 2 0 2 8 0 2 8 5 30 3 8 9 2 6 2 8 0 2 12 6 2 8 0 2 8 6 2 8 5 30 3 0 2 8 16 6 2 6 2 8 6 2 8 5 30 3 6 2 8 5 30 3 6 2 8 8 18 2 6 2 8 16 19 12 6 2 8 8 9 2 0 2 8 16 6 2 0 2 12 8 9 2 8 9 2 0 2 8 5 30 3 0 2 8 5 30 3 5 30 3 6 2 8 0 2 8 6 2 8 0 2 12 0 2 8 8 9 2 5 30 3 5 30 3 0 2 8 0 2 8 0 2 8 0 2 8 16 20 12 0 2 8 0 2 12 8 18 2 6 2 12 16 15 2 8 9 2 16 20 12 0.0144847679241142512 66.5773613452911377
5 30 3 5 30 3 5 30 3 12 16 2 12 16 2 5 30 3 5 30 3 1 2 8 0 2 8 0 2 7 8 18 2 0 2 7 0 2 7 0 2 7 1 2 8 0 2 7 8 9 2 0 2 7 0 2 7 0 2 8 16 19 11 0 2 7 5 31 3 8 18 2 5 31 3 8 18 2 8 9 2 0 2 8 8 18 2 0 2 3 16 15 2 8 18 2 0 2 8 0 2 7 16 19 11 16 15 2 8 9 2 0 2 8 0 2 8 16 19 12 16 19 12 0 2 7 8 9 2 0 2 7 0 2 8 0 2 7 0 2 7 0 2 8 0 2 7 0 2 8 0 2 7 0 2 8 8 18 2 0 2 7 16 19 11 1 2 7 12 16 2 0 2 8 8 18 2 16 19 11 0.0147588371572653747 66.1797682046890259

Current Evaluation = 3600(3600)
Front Size = 10
5 31 3 0 2 7 1 2 7 0 2 4 0 2 7 5 31 3 0 2 7 12 16 2 0 2 7 0 2 7 0 2 7 16 6 2 0 2 7 1 2 7 17 18 2 1 2 7 13 6 3 6 2 7 0 2 4 12 16 2 1 2 7 0 2 7 0 2 7 0 2 7 1 2 7 16 30 2 12 16 2 0 2 7 0 2 4 0 2 4 17 9 2 1 2 7 16 31 2 0 2 4 12 16 2 5 31 3 0 2 7 5 30 3 0 2 7 0 2 7 0 2 7 1 2 7 1 2 4 12 16 2 1 2 4 0 2 7 5 31 3 0 2 7 0 2 4 1 2 4 0 2 7 1 2 7 17 9 2 1 2 7 1 2 7 17 18 2 0 2 7 1 2 7 0 2 4 1 2 7 0 60.7448316216468811
5 30 3 5 30 3 16 24 2 5 30 3 0 2 3 0 2 3 0 2 4 0 2 3 0 2 7 0 2 7 1 2 4 17 9 2 0 2 7 0 2 3 0 2 11 0 2 3 0 2 7 0 2 10 0 2 3 0 2 7 0 2 3 12 16 2 12 16 2 12 16 2 1 2 10 5 30 3 0 2 3 1 2 7 0 2 3 17 9 2 1 2 3 0 2 3 0 2 4 0 2 4 0 2 3 5 30 3 0 2 7 0 2 7 0 2 11 0 2 7 1 2 4 1 2 4 12 16 2 8 9 2 16 6 2 0 2 7 5 30 3 16 19 11 15 2 11 1 2 3 16 6 2 1 2 4 16 6 2 1 2 7 8 18 2 1 2 3 0 2 3 0 2 3 1 2 7 0 2 3 0 63.3497476577758789
0 2 8 17 18 2 8 18 2 8 9 2 5 30 3 0 2 11 5 30 3 0 2 8 16 19 11 5 30 3 1 2 8 0 2 8 16 19 11 0 2 12 5 30 3 12 16 2 0 2 8 0 2 7 0 2 7 1 2 11 12 16 2 8 18 2 0 2 8 0 2 1 0 2 11 0 2 8 6 2 12 0 2 8 5 30 3 6 2 8 0 2 11 0 2 8 5 30 3 16 6 2 17 18 2 5 30 3 0 2 8 0 2 8 0 2 11 8 18 2 12 16 2 0 2 8 5 30 3 17 18 2 8 9 2 1 2 8 0 2 11 0 2 8 16 6 2 0 2 8 1 2 11 0 2 7 0 2 11 1 2 11 5 30 3 0 2 7 0 2 8 0 2 11 0 2 7 0 2 11 0 66.8867934942245483
5 30 3 0 2 7 16 6 2 5 30 3 6 2 3 1 2 7 0 2 3 0 2 7 5 31 3 0 2 3 0 2 7 17 9 2 0 2 7 6 2 7 0 2 7 0 2 3 0 2 7 0 2 7 0 2 7 0 2 7 0 2 7 12 16 2 12 16 2 1 2 7 1 2 7 5 30 3 0 2 7 1 2 3 1 2 7 17 9 2 0 2 7 0 2 10 0 2 7 0 2 7 0 2 3 5 30 3 0 2 7 0 2 3 0 2 7 1 2 4 1 2 7 1 2 7 1 2 3 0 2 7 16 19 11 16 19 11 0 2 7 5 30 3 5 30 3 0 2 7 8 18 2 0 2 7 5 31 3 16 9 11 1 2 3 0 2 4 16 19 11 0 2 3 0 2 7 0 2 7 0 63.4924132823944092
5 30 3 1 2 7 0 2 3 12 16 2 12 16 2 0 2 4 1 2 3 16 6 2 0 2 3 0 2 7 0 2 4 17 9 2 0 2 7 0 2 7 1 2 7 0 2 7 16 9 11 0 2 7 0 2 3 1 2 7 1 2 7 8 18 2 16 19 11 17 18 2 5 30 3 5 30 3 0 2 7 5 30 3 12 16 2 1 2 7 1 2 7 12 16 2 0 2 7 5 30 3 1 2 7 16 31 2 5 31 3 1 2 7 8 9 2 0 2 7 0 2 3 0 2 3 0 2 4 1 2 7 0 2 3 0 2 7 0 2 7 1 2 11 0 2 7 0 2 4 0 2 3 0 2 4 0 2 4 1 2 7 1 2 7 0 2 11 16 6 2 0 2 7 0 2 7 0 2 3 0 62.6349614262580872
0 2 3 8 18 2 16 9 8 5 30 3 0 2 11 5 30 3 1 2 7 5 30 3 0 2 7 0 2 3 5 30 3 12 16 2 0 2 3 0 2 8 0 2 3 12 16 2 0 2 3 0 2 7 0 2 3 5 30 3 0 2 3 1 2 7 16 15 2 5 30 3 5 30 3 8 18 2 16 6 2 1 2 3 5 30 3 0 2 7 0 2 7 0 2 7 16 19 12 0 2 3 16 19 12 1 2 3 8 9 2 17 9 2 0 2 3 1 2 3 0 2 8 0 2 7 0 2 3 0 2 7 1 2 7 0 2 8 0 2 3 1 2 3 0 2 7 8 18 2 0 2 7 0 2 8 0 2 3 0 2 7 17 9 2 0 2 7 1 2 7 1 2 8 1 2 3 0 2 8 0 65.2092229127883911
5 30 3 0 2 12 2 3 3 8 9 2 0 2 12 0 2 8 16 15 2 0 2 8 0 2 8 5 30 3 8 9 2 6 2 8 0 2 12 6 2 8 0 2 8 6 2 8 5 30 3 0 2 8 16 6 2 6 2 8 6 2 8 5 30 3 6 2 8 5 30 3 6 2 8 8 18 2 6 2 8 16 19 12 6 2 8 8 9 2 0 2 8 16 6 2 0 2 12 8 9 2 8 9 2 0 2 8 5 30 3 0 2 8 5 30 3 5 30 3 6 2 8 0 2 8 6 2 8 0 2 12 0 2 8 8 9 2 5 30 3 5 30 3 0 2 8 0 2 8 0 2 8 0 2 8 16 20 12 0 2 8 0 2 12 8 18 2 6 2 12 16 15 2 8 9 2 16 20 12 0.0144847679241142512 66.5773613452911377
16 19 12 5 30 3 0 2 3 5 30 3 8 9 2 0 2 3 12 16 2 16 19 12 5 30 3 5 30 3 5 30 3 5 30 3 16 19 12 0 2 8 12 16 2 16 19 12 5 30 3 8 18 2 16 6 2 16 19 12 12 16 2 5 30 3 16 19 12 5 30 3 0 2 8 0 2 8 0 2 3 0 2 3 1 2 8 0 2 8 0 2 8 0 2 3 8 18 2 0 2 8 0 2 8 0 2 8 0 2 3 0 2 3 0 2 8 0 2 3 0 2 3 0 2 3 0 2 8 0 2 3 0 2 8 1 2 3 0 2 8 0 2 3 0 2 3 0 2 8 0 2 3 1 2 3 0 2 8 0 2 8 0 2 8 0 2 3 0 2 8 0 2 8 1 2 3 0 2 3 2.71367428528179739e-12 68.66358482837677
5 30 3 16 6 2 16 6 2 12 16 2 0 2 7 1 2 7 0 2 7 17 9 2 0 2 7 0 2 7 12 16 2 0 2 7 0 2 7 5 31 3 17 9 2 0 2 7 0 2 7 0 2 7 0 2 7 1 2 7 6 2 7 0 2 7 1 2 7 0 2 7 0 2 11 0 2 7 5 30 3 0 2 7 5 30 3 5 31 3 8 18 2 17 18 2 8 9 2 1 2 7 0 2 4 16 31 2 12 16 2 8 9 2 1 2 7 6 2 8 6 2 8 0 2 4 6 2 8 13 6 3 0 2 7 16 19 12 0 2 7 1 2 7 0 2 4 0 2 8 5 30 3 6 2 8 0 2 12 0 2 3 12 16 2 5 30 3 6 2 7 0 2 8 1 2 4 8 9 2 0.00158798050060050171 62.6525309085845947
5 30 3 12 16 2 12 16 2 5 30 3 5 30 3 8 9 2 5 30 3 8 9 2 8 18 2 1 2 8 0 2 3 0 2 7 16 15 2 0 2 8 0 2 8 8 18 2 16 15 2 16 19 12 1 2 7 0 2 7 1 2 7 1 2 3 0 2 7 8 9 2 0 2 7 8 18 2 5 30 3 16 19 12 0 2 7 0 2 7 0 2 8 8 9 2 0 2 8 0 2 8 0 2 8 5 31 3 5 31 3 0 2 8 0 2 7 0 2 8 1 2 8 0 2 8 0 2 8 16 15 2 0 2 8 0 2 7 0 2 7 0 2 11 0 2 7 16 15 2 0 2 3 1 2 7 8 9 2 8 18 2 0 2 7 0 2 4 0 2 7 0 2 3 16 6 2 0 2 8 0.00289759103796965838 65.3760325908660889

Current Evaluation = 4500(4500)
Front Size = 10
5 31 3 0 2 7 1 2 7 0 2 4 0 2 7 5 31 3 0 2 7 12 16 2 0 2 7 0 2 7 0 2 7 16 6 2 0 2 7 1 2 7 17 18 2 1 2 7 13 6 3 6 2 7 0 2 4 12 16 2 1 2 7 0 2 7 0 2 7 0 2 7 1 2 7 16 30 2 12 16 2 0 2 7 0 2 4 0 2 4 17 9 2 1 2 7 16 31 2 0 2 4 12 16 2 5 31 3 0 2 7 5 30 3 0 2 7 0 2 7 0 2 7 1 2 7 1 2 4 12 16 2 1 2 4 0 2 7 5 31 3 0 2 7 0 2 4 1 2 4 0 2 7 1 2 7 17 9 2 1 2 7 1 2 7 17 18 2 0 2 7 1 2 7 0 2 4 1 2 7 0 60.7448316216468811
5 30 3 0 2 4 5 30 3 0 2 7 0 2 7 0 2 7 1 2 7 0 2 7 8 18 2 1 2 7 0 2 7 0 2 7 0 2 7 0 2 7 0 2 7 1 2 7 1 2 4 12 16 2 12 16 2 12 16 2 5 31 3 0 2 7 0 2 7 0 2 7 5 31 3 0 2 7 8 18 2 0 2 7 12 16 2 17 18 2 16 15 2 1 2 7 5 30 3 17 9 2 0 2 7 8 18 2 16 6 2 5 30 3 1 2 4 0 2 7 0 2 7 1 2 7 0 2 7 1 2 7 0 2 7 0 2 7 0 2 7 0 2 7 1 2 4 6 2 4 0 2 7 17 18 2 16 6 2 0 2 7 16 32 2 8 9 2 12 16 2 1 2 7 1 2 7 0 2 7 0 61.6568563580513
0 2 8 17 18 2 8 18 2 8 9 2 5 30 3 0 2 11 5 30 3 0 2 8 16 19 11 5 30 3 1 2 8 0 2 8 16 19 11 0 2 12 5 30 3 12 16 2 0 2 8 0 2 7 0 2 7 1 2 11 12 16 2 8 18 2 0 2 8 0 2 1 0 2 11 0 2 8 6 2 12 0 2 8 5 30 3 6 2 8 0 2 11 0 2 8 5 30 3 16 6 2 17 18 2 5 30 3 0 2 8 0 2 8 0 2 11 8 18 2 12 16 2 0 2 8 5 30 3 17 18 2 8 9 2 1 2 8 0 2 11 0 2 8 16 6 2 0 2 8 1 2 11 0 2 7 0 2 11 1 2 11 5 30 3 0 2 7 0 2 8 0 2 11 0 2 7 0 2 11 0 66.8867934942245483
5 30 3 1 2 7 5 31 3 17 9 2 1 2 7 12 16 2 5 30 3 5 31 3 5 30 3 5 30 3 12 16 2 13 6 3 16 30 2 12 16 2 0 2 7 0 2 7 0 2 7 6 2 7 0 2 7 0 2 7 1 2 7 0 2 7 1 2 7 0 2 7 0 2 7 0 2 7 0 2 7 0 2 3 0 2 7 16 9 11 1 2 7 0 2 3 0 2 7 1 2 7 0 2 3 0 2 7 0 2 4 16 19 11 0 2 3 0 2 7 1 2 7 17 9 2 17 9 2 0 2 3 16 6 2 0 2 3 0 2 3 0 2 7 12 16 2 1 2 7 1 2 7 0 2 7 0 2 3 0 2 7 1 2 7 1 2 7 13 6 3 0 2 3 1 2 3 1 2 7 0 61.9144054651260376
5 30 3 5 30 3 16 24 2 5 30 3 0 2 3 0 2 3 0 2 4 0 2 3 0 2 7 0 2 7 1 2 4 17 9 2 0 2 7 0 2 3 0 2 11 0 2 3 0 2 7 0 2 10 0 2 3 0 2 7 0 2 3 12 16 2 12 16 2 12 16 2 1 2 10 5 30 3 0 2 3 1 2 7 0 2 3 17 9 2 1 2 3 0 2 3 0 2 4 0 2 4 0 2 3 5 30 3 0 2 7 0 2 7 0 2 11 0 2 7 1 2 4 1 2 4 12 16 2 8 9 2 16 6 2 0 2 7 5 30 3 16 19 11 15 2 11 1 2 3 16 6 2 1 2 4 16 6 2 1 2 7 8 18 2 1 2 3 0 2 3 0 2 3 1 2 7 0 2 3 0 63.3497476577758789
16 19 12 5 30 3 0 2 3 5 30 3 8 9 2 0 2 3 12 16 2 16 19 12 5 30 3 5 30 3 5 30 3 5 30 3 16 19 12 0 2 8 12 16 2 16 19 12 5 30 3 8 18 2 16 6 2 16 19 12 12 16 2 5 30 3 16 19 12 5 30 3 0 2 8 0 2 8 0 2 3 0 2 3 1 2 8 0 2 8 0 2 8 0 2 3 8 18 2 0 2 8 0 2 8 0 2 8 0 2 3 0 2 3 0 2 8 0 2 3 0 2 3 0 2 3 0 2 8 0 2 3 0 2 8 1 2 3 0 2 8 0 2 3 0 2 3 0 2 8 0 2 3 1 2 3 0 2 8 0 2 8 0 2 8 0 2 3 0 2 8 0 2 8 1 2 3 0 2 3 2.71367428528179739e-12 68.66358482837677
1 2 3 17 9 2 8 18 2 1 2 7 1 2 7 6 2 7 5 30 3 1 2 7 16 18 11 5 30 3 0 2 3 0 2 7 16 19 11 0 2 7 5 31 3 12 16 2 0 2 7 0 2 4 0 2 7 0 2 11 12 16 2 1 2 4 0 2 4 0 2 7 0 2 7 0 2 3 1 2 4 1 2 11 5 30 3 1 2 11 0 2 7 0 2 7 0 2 7 16 6 2 17 18 2 0 2 11 0 2 7 0 2 7 1 2 7 1 2 11 12 16 2 0 2 7 5 30 3 8 18 2 17 9 2 0 2 7 0 2 7 0 2 11 16 6 2 0 2 7 0 2 11 0 2 7 0 2 7 0 2 7 5 31 3 5 30 3 0 2 11 0 2 7 0 2 4 1 2 7 0 62.981419563293457
5 30 3 0 2 12 2 3 3 8 9 2 0 2 12 0 2 8 16 15 2 0 2 8 0 2 8 5 30 3 8 9 2 6 2 8 0 2 12 6 2 8 0 2 8 6 2 8 5 30 3 0 2 8 16 6 2 6 2 8 6 2 8 5 30 3 6 2 8 5 30 3 6 2 8 8 18 2 6 2 8 16 19 12 6 2 8 8 9 2 0 2 8 16 6 2 0 2 12 8 9 2 8 9 2 0 2 8 5 30 3 0 2 8 5 30 3 5 30 3 6 2 8 0 2 8 6 2 8 0 2 12 0 2 8 8 9 2 5 30 3 5 30 3 0 2 8 0 2 8 0 2 8 0 2 8 16 20 12 0 2 8 0 2 12 8 18 2 6 2 12 16 15 2 8 9 2 16 20 12 0.0144847679241142512 66.5773613452911377
5 30 3 12 16 2 12 16 2 5 30 3 5 30 3 8 9 2 5 30 3 8 9 2 8 18 2 1 2 8 0 2 3 0 2 7 16 15 2 0 2 8 0 2 8 8 18 2 16 15 2 16 19 12 1 2 7 0 2 7 1 2 7 1 2 3 0 2 7 8 9 2 0 2 7 8 18 2 5 30 3 16 19 12 0 2 7 0 2 7 0 2 8 8 9 2 0 2 8 0 2 8 0 2 8 5 31 3 5 31 3 0 2 8 0 2 7 0 2 8 1 2 8 0 2 8 0 2 8 16 15 2 0 2 8 0 2 7 0 2 7 0 2 11 0 2 7 16 15 2 0 2 3 1 2 7 8 9 2 8 18 2 0 2 7 0 2 4 0 2 7 0 2 3 16 6 2 0 2 8 0.00289759103796965838 65.3760325908660889
16 19 11 5 30 3 0 2 7 5 30 3 17 9 2 0 2 7 12 16 2 16 19 11 0 2 7 5 31 3 5 30 3 5 30 3 0 2 7 0 2 7 12 16 2 16 19 11 5 30 3 8 18 2 16 6 2 16 19 11 12 16 2 5 30 3 16 19 11 5 30 3 0 2 7 1 2 3 0 2 7 0 2 7 0 2 7 1 2 3 0 2 7 0 2 7 8 18 2 0 2 7 0 2 7 0 2 7 0 2 7 1 2 7 0 2 7 1 2 7 0 2 7 0 2 3 0 2 8 0 2 7 1 2 7 1 2 7 0 2 7 0 2 3 0 2 7 15 2 11 0 2 7 0 2 7 0 2 7 0 2 7 0 2 3 0 2 7 1 2 7 0 2 3 0 2 7 0 2 7 0 64.0704959630966187

Current Evaluation = 5400(5400)
Front Size = 10
5 31 3 0 2 7 1 2 7 0 2 4 0 2 7 5 31 3 0 2 7 12 16 2 0 2 7 0 2 7 0 2 7 16 6 2 0 2 7 1 2 7 17 18 2 1 2 7 13 6 3 6 2 7 0 2 4 12 16 2 1 2 7 0 2 7 0 2 7 0 2 7 1 2 7 16 30 2 12 16 2 0 2 7 0 2 4 0 2 4 17 9 2 1 2 7 16 31 2 0 2 4 12 16 2 5 31 3 0 2 7 5 30 3 0 2 7 0 2 7 0 2 7 1 2 7 1 2 4 12 16 2 1 2 4 0 2 7 5 31 3 0 2 7 0 2 4 1 2 4 0 2 7 1 2 7 17 9 2 1 2 7 1 2 7 17 18 2 0 2 7 1 2 7 0 2 4 1 2 7 0 60.7448316216468811
5 30 3 5 30 3 16 24 2 5 30 3 0 2 3 0 2 3 0 2 4 0 2 3 0 2 7 0 2 7 1 2 4 17 9 2 0 2 7 0 2 3 0 2 11 0 2 3 0 2 7 0 2 10 0 2 3 0 2 7 0 2 3 12 16 2 12 16 2 12 16 2 1 2 10 5 30 3 0 2 3 1 2 7 0 2 3 17 9 2 1 2 3 0 2 3 0 2 4 0 2 4 0 2 3 5 30 3 0 2 7 0 2 7 0 2 11 0 2 7 1 2 4 1 2 4 12 16 2 8 9 2 16 6 2 0 2 7 5 30 3 16 19 11 15 2 11 1 2 3 16 6 2 1 2 4 16 6 2 1 2 7 8 18 2 1 2 3 0 2 3 0 2 3 1 2 7 0 2 3 0 63.3497476577758789
0 2 7 0 2 7 0 2 7 5 31 3 0 2 7 1 2 7 16 6 2 0 2 7 1 2 7 6 2 7 12 16 2 0 2 7 12 16 2 0 2 7 17 18 2 0 2 7 5 31 3 1 2 3 0 2 3 17 9 2 0 2 7 1 2 3 0 2 7 13 6 3 0 2 7 0 2 7 1 2 3 1 2 7 0 2 7 0 2 7 5 31 3 0 2 7 1 2 4 5 30 3 16 6 2 0 2 7 5 31 3 1 2 7 6 2 7 1 2 7 0 2 3 1 2 3 1 2 3 0 2 7 16 6 2 1 2 7 0 2 3 0 2 3 0 2 7 1 2 7 0 2 7 17 18 2 0 2 3 16 6 2 0 2 7 0 2 7 1 2 3 1 2 7 0 2 7 0 2 7 0 61.253862738609314
12 16 2 16 15 2 12 16 2 12 16 2 5 30 3 5 30 3 1 2 7 0 2 7 0 2 7 0 2 7 5 30 3 0 2 3 0 2 7 0 2 7 0 2 7 1 2 7 1 2 7 8 18 2 16 18 11 1 2 7 0 2 7 0 2 7 0 2 7 5 30 3 5 31 3 6 2 7 0 2 7 0 2 7 0 2 7 0 2 7 5 30 3 17 9 2 0 2 3 16 30 2 16 19 11 0 2 7 0 2 3 17 18 2 16 19 11 1 2 7 0 2 7 0 2 7 1 2 7 0 2 7 12 16 2 0 2 3 0 2 11 1 2 4 1 2 1 0 2 7 8 9 2 0 2 7 8 9 2 1 2 11 0 2 3 5 30 3 0 2 7 0 2 7 0 2 7 0 2 7 0 63.3701173067092896
0 2 8 17 18 2 8 18 2 8 9 2 5 30 3 0 2 11 5 30 3 0 2 8 16 19 11 5 30 3 1 2 8 0 2 8 16 19 11 0 2 12 5 30 3 12 16 2 0 2 8 0 2 7 0 2 7 1 2 11 12 16 2 8 18 2 0 2 8 0 2 1 0 2 11 0 2 8 6 2 12 0 2 8 5 30 3 6 2 8 0 2 11 0 2 8 5 30 3 16 6 2 17 18 2 5 30 3 0 2 8 0 2 8 0 2 11 8 18 2 12 16 2 0 2 8 5 30 3 17 18 2 8 9 2 1 2 8 0 2 11 0 2 8 16 6 2 0 2 8 1 2 11 0 2 7 0 2 11 1 2 11 5 30 3 0 2 7 0 2 8 0 2 11 0 2 7 0 2 11 0 66.8867934942245483
0 2 7 17 18 2 12 16 2 8 9 2 5 30 3 1 2 11 5 30 3 16 6 2 16 19 11 5 30 3 0 2 3 0 2 7 16 19 11 0 2 7 5 30 3 12 16 2 0 2 11 0 2 11 0 2 7 1 2 7 12 16 2 8 18 2 0 2 7 0 2 7 0 2 11 0 2 11 1 2 11 0 2 11 12 16 2 0 2 7 0 2 11 0 2 7 5 30 3 16 6 2 8 18 2 5 30 3 0 2 7 0 2 7 0 2 7 8 18 2 1 2 7 0 2 7 5 30 3 17 18 2 8 9 2 1 2 11 0 2 7 0 2 7 16 6 2 0 2 7 0 2 7 0 2 7 0 2 11 1 2 7 5 30 3 1 2 7 0 2 7 1 2 7 0 2 7 0 2 11 0 63.6746183633804321
0 2 11 1 2 7 1 2 7 1 2 7 0 2 7 5 30 3 0 2 7 0 2 7 0 2 7 16 30 2 0 2 7 0 2 7 1 2 7 1 2 7 0 2 7 0 2 7 0 2 7 12 16 2 1 2 7 17 9 2 12 16 2 5 31 3 1 2 7 6 2 7 0 2 7 17 9 2 0 2 7 1 2 7 5 30 3 0 2 7 0 2 7 0 2 7 17 9 2 0 2 7 0 2 3 0 2 7 0 2 7 1 2 7 16 30 2 0 2 7 5 31 3 1 2 4 0 2 4 1 2 7 16 19 11 0 2 7 5 31 3 5 30 3 1 2 7 0 2 11 0 2 7 6 2 7 0 2 7 0 2 7 0 2 7 8 18 2 1 2 7 0 2 7 5 31 3 0 2 7 0 61.9723367691040039
16 19 12 5 30 3 0 2 3 5 30 3 8 9 2 0 2 3 12 16 2 16 19 12 5 30 3 5 30 3 5 30 3 5 30 3 16 19 12 0 2 8 12 16 2 16 19 12 5 30 3 8 18 2 16 6 2 16 19 12 12 16 2 5 30 3 16 19 12 5 30 3 0 2 8 0 2 8 0 2 3 0 2 3 1 2 8 0 2 8 0 2 8 0 2 3 8 18 2 0 2 8 0 2 8 0 2 8 0 2 3 0 2 3 0 2 8 0 2 3 0 2 3 0 2 3 0 2 8 0 2 3 0 2 8 1 2 3 0 2 8 0 2 3 0 2 3 0 2 8 0 2 3 1 2 3 0 2 8 0 2 8 0 2 8 0 2 3 0 2 8 0 2 8 1 2 3 0 2 3 2.71367428528179739e-12 68.66358482837677
17 18 2 5 30 3 12 16 2 0 2 7 0 2 7 12 16 2 16 6 2 17 18 2 12 16 2 16 6 2 0 2 7 0 2 7 0 2 7 16 6 2 8 18 2 0 2 3 1 2 3 0 2 3 0 2 8 1 2 4 5 30 3 0 2 7 1 2 3 1 2 7 0 2 12 0 2 3 0 2 8 1 2 11 0 2 7 0 2 7 0 2 1 0 2 11 0 2 8 0 2 7 0 2 8 5 30 3 6 2 8 1 2 3 0 2 8 1 2 7 5 30 3 0 2 8 1 2 7 0 2 4 0 2 7 0 2 7 1 2 3 17 9 2 8 9 2 1 2 7 0 2 7 0 2 8 0 2 8 1 2 7 0 2 11 5 31 3 5 30 3 1 2 7 0 2 7 0 2 11 0.000121838368027034081 64.0466232299804688
5 30 3 0 2 12 2 3 3 8 9 2 0 2 12 0 2 8 16 15 2 0 2 8 0 2 8 5 30 3 8 9 2 6 2 8 0 2 12 6 2 8 0 2 8 6 2 8 5 30 3 0 2 8 16 6 2 6 2 8 6 2 8 5 30 3 6 2 8 5 30 3 6 2 8 8 18 2 6 2 8 16 19 12 6 2 8 8 9 2 0 2 8 16 6 2 0 2 12 8 9 2 8 9 2 0 2 8 5 30 3 0 2 8 5 30 3 5 30 3 6 2 8 0 2 8 6 2 8 0 2 12 0 2 8 8 9 2 5 30 3 5 30 3 0 2 8 0 2 8 0 2 8 0 2 8 16 20 12 0 2 8 0 2 12 8 18 2 6 2 12 16 15 2 8 9 2 16 20 12 0.0144847679241142512 66.5773613452911377

Current Evaluation = 6300(6300)
Front Size = 10
0 2 7 0 2 7 0 2 7 0 2 4 0 2 7 0 2 7 1 2 7 12 16 2 0 2 4 12 16 2 0 2 7 17 9 2 1 2 7 17 9 2 0 2 7 0 2 7 13 6 3 0 2 7 1 2 7 0 2 3 1 2 7 0 2 7 5 31 3 0 2 7 1 2 7 0 2 7 5 31 3 0 2 7 0 2 7 1 2 7 0 2 7 17 18 2 16 31 2 16 6 2 0 2 7 0 2 7 0 2 7 5 31 3 1 2 7 1 2 7 0 2 7 8 9 2 1 2 7 16 6 2 12 16 2 1 2 4 1 2 7 5 30 3 1 2 7 1 2 7 1 2 7 1 2 7 1 2 7 17 9 2 1 2 7 0 2 7 1 2 7 0 2 7 0 2 7 0 2 7 0 60.3695465326309204
16 19 11 5 30 3 0 2 3 5 30 3 8 9 2 0 2 7 12 16 2 16 9 8 5 30 3 5 30 3 5 30 3 5 30 3 16 19 12 0 2 7 12 16 2 16 19 11 5 30 3 8 18 2 16 6 2 16 19 12 12 16 2 5 30 3 16 19 12 12 16 2 0 2 3 0 2 8 0 2 3 0 2 3 1 2 3 1 2 3 0 2 3 0 2 7 8 18 2 0 2 7 0 2 7 0 2 7 0 2 3 0 2 7 0 2 3 0 2 3 0 2 3 0 2 7 1 2 3 0 2 7 0 2 8 1 2 7 0 2 7 1 2 3 0 2 3 0 2 8 0 2 7 0 2 7 0 2 7 0 2 7 1 2 3 0 2 7 0 2 3 0 2 7 1 2 3 0 2 3 0 65.761649489402771
5 30 3 0 2 12 2 3 3 8 9 2 0 2 12 0 2 8 16 15 2 0 2 8 0 2 8 5 30 3 8 9 2 6 2 8 0 2 12 6 2 8 0 2 8 6 2 8 5 30 3 0 2 8 16 6 2 6 2 8 6 2 8 5 30 3 6 2 8 5 30 3 6 2 8 8 18 2 6 2 8 16 19 12 6 2 8 8 9 2 0 2 8 16 6 2 0 2 12 8 9 2 8 9 2 0 2 8 5 30 3 0 2 8 5 30 3 5 30 3 6 2 8 0 2 8 6 2 8 0 2 12 0 2 8 8 9 2 5 30 3 5 30 3 0 2 8 0 2 8 0 2 8 0 2 8 16 20 12 0 2 8 0 2 12 8 18 2 6 2 12 16 15 2 8 9 2 16 20 12 0.0144847679241142512 66.5773613452911377
0 2 3 1 2 7 1 2 3 0 2 7 0 2 7 0 2 7 0 2 7 1 2 7 12 16 2 0 2 7 1 2 3 1 2 4 0 2 7 5 30 3 0 2 7 1 2 3 5 30 3 16 31 2 8 9 2 0 2 7 1 2 7 16 6 2 0 2 4 1 2 7 5 31 3 17 9 2 5 30 3 12 16 2 0 2 7 0 2 7 0 2 7 1 2 7 0 2 7 1 2 7 0 2 7 0 2 7 0 2 4 5 30 3 0 2 7 1 2 3 0 2 4 17 18 2 8 9 2 1 2 4 17 18 2 0 2 7 1 2 3 0 2 7 1 2 3 0 2 4 0 2 7 0 2 3 0 2 7 16 19 11 5 30 3 0 2 7 0 2 3 0 2 7 16 6 2 1 2 4 0 61.9116355180740356
5 30 3 5 30 3 16 24 2 5 30 3 0 2 3 0 2 3 0 2 4 0 2 3 0 2 7 0 2 7 1 2 4 17 9 2 0 2 7 0 2 3 0 2 11 0 2 3 0 2 7 0 2 10 0 2 3 0 2 7 0 2 3 12 16 2 12 16 2 12 16 2 1 2 10 5 30 3 0 2 3 1 2 7 0 2 3 17 9 2 1 2 3 0 2 3 0 2 4 0 2 4 0 2 3 5 30 3 0 2 7 0 2 7 0 2 11 0 2 7 1 2 4 1 2 4 12 16 2 8 9 2 16 6 2 0 2 7 5 30 3 16 19 11 15 2 11 1 2 3 16 6 2 1 2 4 16 6 2 1 2 7 8 18 2 1 2 3 0 2 3 0 2 3 1 2 7 0 2 3 0 63.3497476577758789
0 2 7 8 18 2 8 9 2 5 30 3 5 30 3 0 2 7 5 30 3 0 2 7 0 2 7 5 30 3 0 2 11 0 2 7 0 2 7 0 2 3 0 2 7 0 2 7 5 30 3 1 2 7 0 2 7 5 30 3 16 15 2 5 30 3 0 2 7 0 2 7 0 2 7 17 9 2 5 31 3 0 2 7 16 6 2 0 2 7 1 2 7 0 2 7 8 18 2 0 2 7 1 2 7 0 2 7 0 2 7 1 2 7 1 2 7 1 2 7 0 2 7 12 16 2 0 2 7 0 2 7 0 2 7 17 18 2 0 2 7 17 18 2 1 2 7 16 19 11 1 2 7 8 9 2 1 2 7 16 6 2 0 2 8 0 2 7 0 2 7 0 2 7 1 2 7 1 2 7 0 62.2054753303527832
16 19 11 5 30 3 0 2 7 5 30 3 8 9 2 0 2 3 12 16 2 1 2 7 5 30 3 5 30 3 5 30 3 5 30 3 16 9 8 0 2 3 12 16 2 16 19 11 12 16 2 8 18 2 0 2 7 16 19 11 12 16 2 5 30 3 16 19 11 5 30 3 0 2 7 1 2 7 0 2 7 0 2 7 0 2 7 0 2 7 1 2 7 0 2 11 17 18 2 0 2 7 0 2 7 0 2 7 0 2 3 0 2 3 6 2 7 0 2 7 1 2 7 0 2 7 0 2 7 0 2 7 0 2 7 0 2 7 0 2 3 0 2 3 0 2 7 1 2 7 0 2 7 1 2 7 0 2 3 1 2 3 8 18 2 0 2 3 0 2 7 0 2 11 1 2 7 0 2 7 0 64.537523090839386
0 2 11 8 9 2 0 2 11 5 30 3 5 30 3 0 2 7 5 30 3 0 2 7 0 2 7 5 30 3 0 2 7 0 2 3 0 2 3 1 2 11 1 2 7 6 2 3 5 30 3 0 2 7 0 2 3 5 31 3 16 6 2 5 30 3 0 2 3 0 2 7 1 2 11 5 30 3 0 2 7 0 2 11 16 6 2 0 2 7 5 30 3 0 2 11 0 2 7 0 2 3 16 19 11 0 2 7 16 19 11 12 16 2 0 2 11 0 2 7 0 2 7 8 9 2 0 2 11 0 2 3 0 2 7 12 16 2 0 2 11 6 2 7 12 16 2 0 2 11 0 2 11 0 2 11 0 2 7 0 2 7 16 6 2 0 2 7 16 19 11 17 18 2 1 2 3 0 2 3 0 64.8133326172828674
0 2 8 17 18 2 8 18 2 8 9 2 5 30 3 0 2 11 5 30 3 0 2 8 16 19 11 5 30 3 1 2 8 0 2 8 16 19 11 0 2 12 5 30 3 12 16 2 0 2 8 0 2 7 0 2 7 1 2 11 12 16 2 8 18 2 0 2 8 0 2 1 0 2 11 0 2 8 6 2 12 0 2 8 5 30 3 6 2 8 0 2 11 0 2 8 5 30 3 16 6 2 17 18 2 5 30 3 0 2 8 0 2 8 0 2 11 8 18 2 12 16 2 0 2 8 5 30 3 17 18 2 8 9 2 1 2 8 0 2 11 0 2 8 16 6 2 0 2 8 1 2 11 0 2 7 0 2 11 1 2 11 5 30 3 0 2 7 0 2 8 0 2 11 0 2 7 0 2 11 0 66.8867934942245483
16 19 12 5 30 3 0 2 3 5 30 3 8 9 2 0 2 3 12 16 2 16 19 12 5 30 3 5 30 3 5 30 3 5 30 3 16 19 12 0 2 8 12 16 2 16 19 12 5 30 3 8 18 2 16 6 2 16 19 12 12 16 2 5 30 3 16 19 12 5 30 3 0 2 8 0 2 8 0 2 3 0 2 3 1 2 8 0 2 8 0 2 8 0 2 3 8 18 2 0 2 8 0 2 8 0 2 8 0 2 3 0 2 3 0 2 8 0 2 3 0 2 3 0 2 3 0 2 8 0 2 3 0 2 8 1 2 3 0 2 8 0 2 3 0 2 3 0 2 8 0 2 3 1 2 3 0 2 8 0 2 8 0 2 8 0 2 3 0 2 8 0 2 8 1 2 3 0 2 3 2.71367428528179739e-12 68.66358482837677

Current Evaluation = 7200(7200)
Front Size = 10
0 2 7 0 2 7 0 2 7 0 2 4 0 2 7 0 2 7 1 2 7 12 16 2 0 2 4 12 16 2 0 2 7 17 9 2 1 2 7 17 9 2 0 2 7 0 2 7 13 6 3 0 2 7 1 2 7 0 2 3 1 2 7 0 2 7 5 31 3 0 2 7 1 2 7 0 2 7 5 31 3 0 2 7 0 2 7 1 2 7 0 2 7 17 18 2 16 31 2 16 6 2 0 2 7 0 2 7 0 2 7 5 31 3 1 2 7 1 2 7 0 2 7 8 9 2 1 2 7 16 6 2 12 16 2 1 2 4 1 2 7 5 30 3 1 2 7 1 2 7 1 2 7 1 2 7 1 2 7 17 9 2 1 2 7 0 2 7 1 2 7 0 2 7 0 2 7 0 2 7 0 60.3695465326309204
0 2 4 1 2 4 0 2 7 0 2 7 0 2 7 1 2 4 12 16 2 12 16 2 0 2 7 0 2 7 1 2 7 17 9 2 1 2 4 0 2 7 0 2 7 1 2 11 5 31 3 5 30 3 0 2 10 0 2 4 0 2 7 0 2 7 16 6 2 1 2 7 17 9 2 0 2 7 1 2 7 5 31 3 16 6 2 12 16 2 0 2 7 0 2 7 6 2 7 0 2 7 1 2 4 5 30 3 17 18 2 5 31 3 1 2 7 1 2 7 1 2 7 0 2 7 1 2 7 1 2 7 0 2 7 17 9 2 0 2 7 0 2 7 0 2 7 0 2 7 0 2 4 0 2 7 13 6 3 5 30 3 0 2 10 0 2 4 0 2 7 1 2 7 17 18 2 8 18 2 0 61.0852704644203186
1 2 4 0 2 3 0 2 7 0 2 7 0 2 3 1 2 7 1 2 7 12 16 2 12 16 2 0 2 7 5 30 3 0 2 7 0 2 3 0 2 7 0 2 7 0 2 3 0 2 7 1 2 7 5 31 3 0 2 7 1 2 4 5 30 3 1 2 4 0 2 4 0 2 7 16 30 2 0 2 7 0 2 7 1 2 3 5 30 3 0 2 7 8 18 2 16 6 2 12 16 2 5 30 3 0 2 3 0 2 7 0 2 4 0 2 7 12 16 2 17 18 2 13 6 3 8 9 2 1 2 7 0 2 7 17 18 2 5 30 3 0 2 7 1 2 7 16 19 11 1 2 7 0 2 3 0 2 7 1 2 7 1 2 7 0 2 4 1 2 7 17 9 2 0 2 3 16 19 11 0 62.1717153787612915
5 30 3 5 30 3 5 30 3 0 2 7 0 2 3 1 2 7 0 2 11 0 2 7 1 2 7 0 2 7 0 2 7 0 2 7 1 2 7 0 2 7 0 2 7 8 9 2 12 16 2 8 18 2 12 16 2 5 30 3 0 2 11 0 2 7 5 31 3 0 2 7 0 2 7 0 2 7 0 2 7 17 9 2 16 6 2 0 2 11 5 30 3 16 19 11 0 2 7 16 6 2 16 6 2 5 30 3 0 2 7 8 9 2 0 2 7 1 2 11 1 2 7 8 18 2 17 9 2 0 2 7 0 2 11 0 2 7 1 2 7 16 19 11 0 2 7 12 16 2 1 2 7 0 2 7 0 2 7 1 2 11 1 2 7 0 2 7 5 30 3 0 2 7 0 2 7 0 2 11 0 63.1048942804336548
16 19 12 5 30 3 0 2 3 5 30 3 8 9 2 0 2 3 12 16 2 16 19 12 5 30 3 5 30 3 5 30 3 5 30 3 16 19 12 0 2 8 12 16 2 16 19 12 5 30 3 8 18 2 16 6 2 16 19 12 12 16 2 5 30 3 16 19 12 5 30 3 0 2 8 0 2 8 0 2 3 0 2 3 1 2 8 0 2 8 0 2 8 0 2 3 8 18 2 0 2 8 0 2 8 0 2 8 0 2 3 0 2 3 0 2 8 0 2 3 0 2 3 0 2 3 0 2 8 0 2 3 0 2 8 1 2 3 0 2 8 0 2 3 0 2 3 0 2 8 0 2 3 1 2 3 0 2 8 0 2 8 0 2 8 0 2 3 0 2 8 0 2 8 1 2 3 0 2 3 2.71367428528179739e-12 68.66358482837677
5 30 3 0 2 12 2 3 3 8 9 2 0 2 12 0 2 8 16 15 2 0 2 8 0 2 8 5 30 3 8 9 2 6 2 8 0 2 12 6 2 8 0 2 8 6 2 8 5 30 3 0 2 8 16 6 2 6 2 8 6 2 8 5 30 3 6 2 8 5 30 3 6 2 8 8 18 2 6 2 8 16 19 12 6 2 8 8 9 2 0 2 8 16 6 2 0 2 12 8 9 2 8 9 2 0 2 8 5 30 3 0 2 8 5 30 3 5 30 3 6 2 8 0 2 8 6 2 8 0 2 12 0 2 8 8 9 2 5 30 3 5 30 3 0 2 8 0 2 8 0 2 8 0 2 8 16 20 12 0 2 8 0 2 12 8 18 2 6 2 12 16 15 2 8 9 2 16 20 12 0.0144847679241142512 66.5773613452911377
5 30 3 1 2 7 5 30 3 8 9 2 0 2 7 12 16 2 5 31 3 5 30 3 5 31 3 17 9 2 16 6 2 12 16 2 12 16 2 0 2 7 12 16 2 0 2 7 0 2 7 16 19 11 0 2 7 12 16 2 16 19 11 0 2 7 16 6 2 0 2 7 8 9 2 5 31 3 0 2 7 6 2 7 6 2 7 0 2 7 0 2 7 1 2 12 0 2 7 16 19 11 0 2 7 0 2 7 5 31 3 5 30 3 0 2 7 0 2 7 0 2 7 0 2 7 0 2 7 0 2 7 0 2 7 0 2 7 1 2 7 0 2 7 1 2 7 6 2 7 6 2 7 16 19 11 0 2 7 0 2 7 0 2 7 1 2 7 0 2 7 0 2 7 0 2 7 0 2 4 0 63.3237020969390869
5 30 3 5 30 3 16 24 2 5 30 3 0 2 3 0 2 3 0 2 4 0 2 3 0 2 7 0 2 7 1 2 4 17 9 2 0 2 7 0 2 3 0 2 11 0 2 3 0 2 7 0 2 10 0 2 3 0 2 7 0 2 3 12 16 2 12 16 2 12 16 2 1 2 10 5 30 3 0 2 3 1 2 7 0 2 3 17 9 2 1 2 3 0 2 3 0 2 4 0 2 4 0 2 3 5 30 3 0 2 7 0 2 7 0 2 11 0 2 7 1 2 4 1 2 4 12 16 2 8 9 2 16 6 2 0 2 7 5 30 3 16 19 11 15 2 11 1 2 3 16 6 2 1 2 4 16 6 2 1 2 7 8 18 2 1 2 3 0 2 3 0 2 3 1 2 7 0 2 3 0 63.3497476577758789
5 30 3 5 30 3 5 31 3 5 30 3 0 2 3 0 2 3 16 15 2 5 30 3 1 2 7 6 2 7 0 2 7 0 2 3 5 30 3 8 18 2 16 19 11 0 2 7 17 9 2 0 2 7 5 30 3 17 18 2 0 2 7 0 2 7 6 2 7 0 2 3 1 2 7 12 16 2 1 2 7 0 2 7 0 2 4 0 2 7 0 2 3 0 2 3 1 2 7 6 2 7 0 2 7 0 2 7 1 2 7 0 2 7 0 2 7 0 2 7 0 2 3 1 2 7 0 2 3 0 2 7 5 30 3 8 9 2 16 19 11 0 2 7 0 2 7 16 19 11 0 2 3 0 2 3 12 16 2 16 19 11 0 2 7 0 2 7 1 2 3 0 2 7 6 2 7 0 2 7 0 63.7718982696533203
5 30 3 8 9 2 16 6 2 16 6 2 1 2 7 2 3 3 0 2 12 0 2 8 0 2 7 5 31 3 0 2 7 1 2 7 8 9 2 0 2 7 0 2 12 6 2 8 0 2 7 5 31 3 0 2 7 0 2 3 6 2 8 0 2 7 1 2 7 0 2 7 13 6 3 6 2 8 8 18 2 0 2 7 0 2 7 0 2 7 0 2 7 12 16 2 0 2 12 8 9 2 1 2 7 0 2 8 5 30 3 0 2 7 5 30 3 0 2 7 1 2 7 0 2 7 0 2 7 0 2 12 0 2 7 0 2 4 5 30 3 5 30 3 0 2 4 0 2 8 0 2 8 17 18 2 16 20 12 0 2 7 0 2 12 5 31 3 6 2 12 17 9 2 1 2 7 1 2 7 0.0139633885068196056 63.5561752319335938

Current Evaluation = 8100(8100)
Front Size = 10
0 2 7 0 2 7 0 2 7 0 2 4 0 2 7 0 2 7 1 2 7 12 16 2 0 2 4 12 16 2 0 2 7 17 9 2 1 2 7 17 9 2 0 2 7 0 2 7 13 6 3 0 2 7 1 2 7 0 2 3 1 2 7 0 2 7 5 31 3 0 2 7 1 2 7 0 2 7 5 31 3 0 2 7 0 2 7 1 2 7 0 2 7 17 18 2 16 31 2 16 6 2 0 2 7 0 2 7 0 2 7 5 31 3 1 2 7 1 2 7 0 2 7 8 9 2 1 2 7 16 6 2 12 16 2 1 2 4 1 2 7 5 30 3 1 2 7 1 2 7 1 2 7 1 2 7 1 2 7 17 9 2 1 2 7 0 2 7 1 2 7 0 2 7 0 2 7 0 2 7 0 60.3695465326309204
5 30 3 5 30 3 5 30 3 0 2 7 0 2 3 8 18 2 1 2 11 0 2 7 1 2 3 0 2 7 0 2 7 5 31 3 12 16 2 12 16 2 5 30 3 5 30 3 0 2 7 17 9 2 16 15 2 0 2 3 0 2 7 1 2 7 0 2 7 0 2 7 1 2 7 0 2 3 0 2 11 0 2 7 5 30 3 16 6 2 0 2 7 12 16 2 0 2 7 6 2 7 8 18 2 0 2 3 8 18 2 0 2 3 0 2 7 16 6 2 0 2 11 0 2 7 1 2 7 0 2 7 0 2 4 1 2 7 1 2 7 17 18 2 1 2 7 16 6 2 0 2 7 1 2 11 0 2 7 0 2 3 16 6 2 1 2 7 0 2 7 0 2 7 8 9 2 0 2 3 0 62.5416803956031799
16 19 12 5 30 3 0 2 3 5 30 3 8 9 2 0 2 3 12 16 2 16 19 12 5 30 3 5 30 3 5 30 3 5 30 3 16 19 12 0 2 8 12 16 2 16 19 12 5 30 3 8 18 2 16 6 2 16 19 12 12 16 2 5 30 3 16 19 12 5 30 3 0 2 8 0 2 8 0 2 3 0 2 3 1 2 8 0 2 8 0 2 8 0 2 3 8 18 2 0 2 8 0 2 8 0 2 8 0 2 3 0 2 3 0 2 8 0 2 3 0 2 3 0 2 3 0 2 8 0 2 3 0 2 8 1 2 3 0 2 8 0 2 3 0 2 3 0 2 8 0 2 3 1 2 3 0 2 8 0 2 8 0 2 8 0 2 3 0 2 8 0 2 8 1 2 3 0 2 3 2.71367428528179739e-12 68.66358482837677
17 18 2 1 2 7 17 9 2 0 2 7 12 16 2 5 30 3 17 9 2 16 6 2 1 2 3 1 2 7 0 2 7 12 16 2 0 2 7 5 30 3 0 2 3 1 2 7 1 2 7 0 2 7 0 2 7 1 2 7 6 2 3 1 2 7 0 2 7 0 2 7 1 2 7 1 2 7 0 2 3 0 2 7 0 2 7 0 2 3 1 2 7 1 2 7 1 2 3 5 30 3 0 2 3 0 2 7 0 2 7 0 2 7 13 6 3 1 2 7 0 2 4 5 31 3 0 2 7 1 2 7 1 2 7 0 2 3 0 2 7 0 2 7 0 2 3 17 18 2 17 18 2 1 2 7 13 6 3 0 2 7 0 2 3 1 2 7 8 9 2 0 2 7 0 2 3 16 15 2 0 60.9569215774536133
17 18 2 5 30 3 17 9 2 0 2 3 12 16 2 5 30 3 17 9 2 16 6 2 1 2 3 12 16 2 0 2 7 12 16 2 0 2 7 5 31 3 0 2 7 1 2 3 1 2 3 0 2 4 0 2 7 1 2 4 0 2 7 1 2 3 6 2 7 1 2 7 6 2 7 1 2 7 0 2 7 0 2 7 0 2 7 0 2 4 0 2 7 0 2 7 1 2 4 5 30 3 0 2 7 0 2 3 0 2 3 0 2 7 1 2 7 1 2 4 0 2 4 5 31 3 0 2 7 1 2 4 1 2 7 0 2 4 0 2 4 0 2 7 0 2 4 17 18 2 17 18 2 1 2 7 13 6 3 0 2 7 0 2 7 1 2 4 8 9 2 0 2 7 0 2 7 16 15 2 0 61.2752296924591064
17 18 2 5 30 3 17 9 2 0 2 7 12 16 2 17 9 2 16 6 2 12 16 2 0 2 7 12 16 2 0 2 4 5 31 3 0 2 7 0 2 7 1 2 7 0 2 4 1 2 4 0 2 7 0 2 7 0 2 7 0 2 7 0 2 4 1 2 4 0 2 7 0 2 4 1 2 7 5 31 3 0 2 7 0 2 7 1 2 7 1 2 7 1 2 7 0 2 7 6 2 7 0 2 4 0 2 7 5 31 3 0 2 4 0 2 7 16 6 2 0 2 7 13 6 3 1 2 7 0 2 4 0 2 7 1 2 7 12 16 2 1 2 7 1 2 7 1 2 7 1 2 4 0 2 10 5 31 3 12 16 2 12 16 2 16 6 2 8 18 2 17 18 2 0 2 7 0 2 7 0 61.1114614605903625
5 30 3 0 2 7 5 30 3 12 16 2 12 16 2 8 18 2 16 31 2 12 16 2 5 30 3 5 30 3 0 2 3 16 18 11 0 2 7 0 2 3 1 2 7 0 2 4 0 2 7 0 2 7 17 9 2 0 2 7 1 2 3 0 2 4 16 9 11 0 2 3 0 2 7 0 2 3 5 31 3 0 2 7 0 2 7 0 2 3 1 2 7 1 2 3 16 6 2 0 2 3 0 2 3 0 2 7 1 2 7 1 2 7 17 9 2 0 2 7 16 15 2 0 2 11 1 2 7 0 2 7 1 2 3 1 2 3 0 2 7 1 2 3 1 2 7 0 2 3 6 2 7 0 2 3 0 2 7 0 2 3 0 2 3 0 2 7 1 2 7 1 2 3 1 2 7 1 2 7 0 62.8364117741584778
5 30 3 0 2 7 5 31 3 8 9 2 12 16 2 12 16 2 5 31 3 5 30 3 5 30 3 5 30 3 12 16 2 5 31 3 8 18 2 16 6 2 12 16 2 1 2 7 0 2 7 16 6 2 0 2 7 0 2 7 0 2 7 0 2 7 0 2 7 17 9 2 0 2 7 1 2 7 1 2 7 0 2 7 16 19 11 16 19 11 0 2 7 12 16 2 8 18 2 16 6 2 1 2 7 0 2 7 1 2 7 16 30 2 0 2 11 5 30 3 0 2 7 0 2 7 0 2 7 0 2 7 0 2 1 6 2 7 0 2 7 0 2 7 1 2 7 0 2 7 0 2 7 0 2 7 0 2 7 0 2 7 0 2 7 0 2 7 0 2 7 0 2 7 1 2 7 0 2 7 0 62.8528721928596497
0 2 7 17 18 2 0 2 7 12 16 2 5 30 3 17 9 2 16 6 2 1 2 7 1 2 7 0 2 7 12 16 2 0 2 7 5 31 3 1 2 7 0 2 7 1 2 7 0 2 4 0 2 7 1 2 7 1 2 10 1 2 7 0 2 7 0 2 7 6 2 4 17 9 2 0 2 7 6 2 7 0 2 7 0 2 7 0 2 4 6 2 7 0 2 4 0 2 7 0 2 7 0 2 7 5 31 3 0 2 7 0 2 7 0 2 3 0 2 7 0 2 4 0 2 7 0 2 7 0 2 7 0 2 7 5 31 3 0 2 7 5 31 3 0 2 7 16 6 2 16 15 2 6 2 7 1 2 7 12 16 2 6 2 7 5 30 3 8 18 2 1 2 7 5 31 3 16 6 2 0 61.5559446215629578
5 30 3 0 2 12 2 3 3 8 9 2 0 2 12 0 2 8 16 15 2 0 2 8 0 2 8 5 30 3 8 9 2 6 2 8 0 2 12 6 2 8 0 2 8 6 2 8 5 30 3 0 2 8 16 6 2 6 2 8 6 2 8 5 30 3 6 2 8 5 30 3 6 2 8 8 18 2 6 2 8 16 19 12 6 2 8 8 9 2 0 2 8 16 6 2 0 2 12 8 9 2 8 9 2 0 2 8 5 30 3 0 2 8 5 30 3 5 30 3 6 2 8 0 2 8 6 2 8 0 2 12 0 2 8 8 9 2 5 30 3 5 30 3 0 2 8 0 2 8 0 2 8 0 2 8 16 20 12 0 2 8 0 2 12 8 18 2 6 2 12 16 15 2 8 9 2 16 20 12 0.0144847679241142512 66.5773613452911377

Current Evaluation = 9000(9000)
Front Size = 10
0 2 7 0 2 7 0 2 7 0 2 4 0 2 7 0 2 7 1 2 7 12 16 2 0 2 4 12 16 2 0 2 7 17 9 2 1 2 7 17 9 2 0 2 7 0 2 7 13 6 3 0 2 7 1 2 7 0 2 3 1 2 7 0 2 7 5 31 3 0 2 7 1 2 7 0 2 7 5 31 3 0 2 7 0 2 7 1 2 7 0 2 7 17 18 2 16 31 2 16 6 2 0 2 7 0 2 7 0 2 7 5 31 3 1 2 7 1 2 7 0 2 7 8 9 2 1 2 7 16 6 2 12 16 2 1 2 4 1 2 7 5 30 3 1 2 7 1 2 7 1 2 7 1 2 7 1 2 7 17 9 2 1 2 7 0 2 7 1 2 7 0 2 7 0 2 7 0 2 7 0 60.3695465326309204
17 18 2 1 2 3 17 9 2 0 2 7 12 16 2 5 30 3 17 9 2 16 6 2 1 2 7 1 2 7 0 2 7 12 16 2 1 2 7 5 30 3 1 2 7 0 2 7 0 2 7 0 2 7 1 2 7 1 2 4 1 2 4 0 2 7 0 2 7 1 2 7 0 2 7 0 2 4 1 2 7 5 31 3 0 2 7 0 2 3 1 2 11 13 6 3 0 2 7 5 31 3 0 2 4 0 2 7 0 2 7 12 16 2 17 18 2 0 2 7 0 2 7 17 18 2 16 31 2 0 2 7 6 2 7 0 2 7 1 2 3 1 2 7 0 2 7 0 2 7 1 2 7 0 2 7 1 2 4 0 2 7 0 2 4 1 2 7 13 6 3 1 2 3 0 2 4 12 16 2 0 60.5013055205345154
17 18 2 1 2 7 17 9 2 0 2 7 12 16 2 5 30 3 17 9 2 16 6 2 1 2 3 1 2 7 0 2 7 12 16 2 0 2 7 5 30 3 0 2 3 1 2 7 1 2 7 0 2 7 0 2 7 1 2 7 6 2 3 1 2 7 0 2 7 0 2 7 1 2 7 1 2 7 0 2 3 0 2 7 0 2 7 0 2 3 1 2 7 1 2 7 1 2 3 5 30 3 0 2 3 0 2 7 0 2 7 0 2 7 13 6 3 1 2 7 0 2 4 5 31 3 0 2 7 1 2 7 1 2 7 0 2 3 0 2 7 0 2 7 0 2 3 17 18 2 17 18 2 1 2 7 13 6 3 0 2 7 0 2 3 1 2 7 8 9 2 0 2 7 0 2 3 16 15 2 0 60.9569215774536133
0 2 7 0 2 7 12 16 2 5 30 3 16 6 2 1 2 3 0 2 7 1 2 7 12 16 2 0 2 3 5 30 3 5 31 3 0 2 3 0 2 3 0 2 7 0 2 7 1 2 3 0 2 3 0 2 7 1 2 7 0 2 3 5 30 3 0 2 3 0 2 7 0 2 7 1 2 7 0 2 3 0 2 7 5 30 3 0 2 7 1 2 3 0 2 7 1 2 3 0 2 3 0 2 7 1 2 3 0 2 7 0 2 7 0 2 7 0 2 3 5 30 3 16 19 11 12 16 2 0 2 7 0 2 3 1 2 7 1 2 7 16 30 2 5 30 3 0 2 7 16 18 8 6 2 3 16 31 2 8 18 2 5 30 3 0 2 3 16 19 11 0 2 3 0 2 7 16 6 2 0 63.730884313583374
5 30 3 0 2 7 12 16 2 12 16 2 1 2 7 0 2 7 0 2 7 0 2 7 5 30 3 0 2 7 5 30 3 5 31 3 1 2 3 0 2 7 0 2 7 5 31 3 1 2 7 17 18 2 5 30 3 1 2 7 0 2 11 0 2 3 1 2 7 6 2 7 0 2 11 6 2 7 1 2 7 0 2 4 6 2 7 0 2 3 0 2 11 0 2 7 0 2 7 0 2 4 1 2 7 0 2 4 5 30 3 17 18 2 0 2 7 0 2 7 0 2 7 17 18 2 13 6 3 1 2 7 17 18 2 13 6 3 17 18 2 12 16 2 0 2 7 0 2 3 0 2 7 1 2 7 0 2 7 16 30 2 0 2 3 1 2 7 1 2 7 0 2 11 16 32 2 1 2 7 0 61.5233048796653748
16 19 12 5 30 3 0 2 3 5 30 3 8 9 2 0 2 3 12 16 2 16 19 12 5 30 3 5 30 3 5 30 3 5 30 3 16 19 12 0 2 8 12 16 2 16 19 12 5 30 3 8 18 2 16 6 2 16 19 12 12 16 2 5 30 3 16 19 12 5 30 3 0 2 8 0 2 8 0 2 3 0 2 3 1 2 8 0 2 8 0 2 8 0 2 3 8 18 2 0 2 8 0 2 8 0 2 8 0 2 3 0 2 3 0 2 8 0 2 3 0 2 3 0 2 3 0 2 8 0 2 3 0 2 8 1 2 3 0 2 8 0 2 3 0 2 3 0 2 8 0 2 3 1 2 3 0 2 8 0 2 8 0 2 8 0 2 3 0 2 8 0 2 8 1 2 3 0 2 3 2.71367428528179739e-12 68.66358482837677
5 31 3 12 16 2 12 16 2 12 16 2 16 19 11 1 2 3 0 2 3 0 2 7 5 30 3 0 2 7 5 30 3 5 30 3 16 6 2 17 9 2 8 9 2 16 19 11 0 2 7 0 2 7 5 30 3 0 2 7 1 2 7 0 2 7 0 2 7 0 2 7 0 2 7 6 2 3 0 2 4 0 2 7 0 2 3 0 2 7 0 2 7 0 2 7 0 2 7 0 2 7 1 2 7 0 2 7 5 30 3 0 2 7 0 2 7 1 2 7 0 2 7 13 6 3 16 30 2 0 2 7 1 2 7 16 6 2 5 31 3 1 2 7 12 16 2 1 2 7 0 2 7 0 2 7 5 30 3 17 18 2 0 2 7 1 2 7 8 18 2 1 2 7 0 2 7 0 2 7 0 62.3374381065368652
0 2 7 0 2 7 0 2 4 0 2 7 0 2 4 0 2 7 1 2 7 12 16 2 0 2 7 12 16 2 0 2 7 17 9 2 1 2 7 17 9 2 0 2 4 0 2 7 13 6 3 0 2 4 1 2 7 1 2 7 1 2 7 5 31 3 0 2 4 0 2 4 0 2 7 5 31 3 0 2 7 0 2 7 6 2 7 0 2 7 17 18 2 16 31 2 0 2 4 0 2 4 6 2 4 5 31 3 1 2 7 1 2 7 0 2 7 0 2 7 16 6 2 12 16 2 1 2 7 1 2 7 0 2 7 12 16 2 12 16 2 16 6 2 5 30 3 1 2 7 0 2 7 1 2 4 0 2 7 0 2 7 17 9 2 5 31 3 1 2 7 1 2 7 1 2 4 0 2 7 0 60.7365015745162964
5 30 3 0 2 12 2 3 3 8 9 2 0 2 12 0 2 8 16 15 2 0 2 8 0 2 8 5 30 3 8 9 2 6 2 8 0 2 12 6 2 8 0 2 8 6 2 8 5 30 3 0 2 8 16 6 2 6 2 8 6 2 8 5 30 3 6 2 8 5 30 3 6 2 8 8 18 2 6 2 8 16 19 12 6 2 8 8 9 2 0 2 8 16 6 2 0 2 12 8 9 2 8 9 2 0 2 8 5 30 3 0 2 8 5 30 3 5 30 3 6 2 8 0 2 8 6 2 8 0 2 12 0 2 8 8 9 2 5 30 3 5 30 3 0 2 8 0 2 8 0 2 8 0 2 8 16 20 12 0 2 8 0 2 12 8 18 2 6 2 12 16 15 2 8 9 2 16 20 12 0.0144847679241142512 66.5773613452911377
5 31 3 0 2 7 8 18 2 1 2 7 0 2 7 6 2 4 5 30 3 12 16 2 1 2 3 1 2 4 17 9 2 0 2 7 0 2 7 0 2 7 0 2 7 1 2 7 0 2 7 16 6 2 0 2 7 12 16 2 0 2 4 0 2 4 0 2 4 16 15 2 1 2 7 0 2 7 1 2 7 0 2 3 0 2 3 0 2 7 17 18 2 1 2 3 16 6 2 1 2 7 0 2 7 0 2 7 1 2 7 1 2 3 5 30 3 1 2 7 8 18 2 0 2 4 0 2 3 5 30 3 1 2 7 17 18 2 0 2 7 0 2 11 0 2 4 5 31 3 12 16 2 0 2 4 12 16 2 0 2 3 0 2 7 1 2 7 0 2 7 16 6 2 0 2 7 8 18 2 0 61.8085536360740662

Current Evaluation = 9900(9900)
Front Size = 10
17 18 2 1 2 7 17 9 2 0 2 7 12 16 2 5 31 3 17 9 2 16 6 2 1 2 4 1 2 4 0 2 7 12 16 2 0 2 4 5 31 3 0 2 7 1 2 7 1 2 7 0 2 7 0 2 4 1 2 4 1 2 7 0 2 4 1 2 7 0 2 4 0 2 7 0 2 11 0 2 7 17 18 2 1 2 7 1 2 7 0 2 7 0 2 7 0 2 7 0 2 7 0 2 11 0 2 7 17 18 2 17 18 2 13 6 3 0 2 4 0 2 7 6 2 4 0 2 7 12 16 2 1 2 7 1 2 4 0 2 7 12 16 2 13 6 3 5 30 3 0 2 7 1 2 4 0 2 7 5 31 3 1 2 7 0 2 7 1 2 7 1 2 7 1 2 7 0 2 7 0 60.3600737452507019
0 2 7 12 16 2 5 30 3 1 2 7 0 2 7 16 30 2 12 16 2 12 16 2 17 18 2 5 30 3 0 2 7 1 2 7 5 30 3 8 18 2 0 2 7 0 2 7 0 2 7 0 2 7 0 2 7 5 30 3 0 2 7 0 2 7 1 2 11 0 2 7 16 19 11 1 2 7 0 2 7 0 2 7 0 2 7 1 2 3 0 2 3 0 2 7 0 2 7 8 18 2 5 30 3 0 2 7 0 2 4 6 2 7 0 2 7 0 2 7 1 2 7 1 2 7 0 2 7 5 31 3 0 2 7 5 30 3 0 2 7 16 19 11 0 2 7 0 2 1 13 6 3 17 9 2 5 30 3 1 2 11 0 2 8 0 2 7 16 19 11 0 2 7 1 2 7 17 18 2 0 63.0074021220207214
0 2 7 0 2 7 0 2 7 0 2 4 0 2 7 0 2 7 1 2 7 12 16 2 0 2 4 12 16 2 0 2 7 17 9 2 1 2 7 17 9 2 0 2 7 0 2 7 13 6 3 0 2 7 1 2 7 0 2 3 1 2 7 0 2 7 5 31 3 0 2 7 1 2 7 0 2 7 5 31 3 0 2 7 0 2 7 1 2 7 0 2 7 17 18 2 16 31 2 16 6 2 0 2 7 0 2 7 0 2 7 5 31 3 1 2 7 1 2 7 0 2 7 8 9 2 1 2 7 16 6 2 12 16 2 1 2 4 1 2 7 5 30 3 1 2 7 1 2 7 1 2 7 1 2 7 1 2 7 17 9 2 1 2 7 0 2 7 1 2 7 0 2 7 0 2 7 0 2 7 0 60.3695465326309204
5 30 3 0 2 7 12 16 2 12 16 2 1 2 7 0 2 7 0 2 7 0 2 7 5 30 3 0 2 7 5 30 3 5 31 3 1 2 3 0 2 7 0 2 7 5 31 3 1 2 7 17 18 2 5 30 3 1 2 7 0 2 11 0 2 3 1 2 7 6 2 7 0 2 11 6 2 7 1 2 7 0 2 4 6 2 7 0 2 3 0 2 11 0 2 7 0 2 7 0 2 4 1 2 7 0 2 4 5 30 3 17 18 2 0 2 7 0 2 7 0 2 7 17 18 2 13 6 3 1 2 7 17 18 2 13 6 3 17 18 2 12 16 2 0 2 7 0 2 3 0 2 7 1 2 7 0 2 7 16 30 2 0 2 3 1 2 7 1 2 7 0 2 11 16 32 2 1 2 7 0 61.5233048796653748
17 18 2 1 2 7 17 9 2 0 2 7 12 16 2 5 31 3 17 9 2 16 6 2 0 2 7 12 16 2 5 30 3 0 2 4 0 2 7 1 2 7 0 2 7 1 2 7 1 2 7 0 2 7 0 2 7 0 2 7 17 18 2 1 2 7 1 2 11 0 2 7 0 2 11 0 2 7 0 2 7 1 2 4 17 18 2 13 6 3 0 2 7 0 2 7 12 16 2 1 2 7 5 30 3 13 6 3 5 30 3 0 2 7 0 2 7 1 2 7 0 2 7 1 2 11 1 2 7 1 2 7 0 2 7 13 6 3 0 2 7 5 30 3 0 2 7 0 2 7 8 9 2 1 2 7 1 2 7 17 18 2 0 2 4 0 2 7 1 2 7 0 2 7 5 30 3 0 2 7 0 60.5790282487869263
5 31 3 8 18 2 16 31 2 5 30 3 5 30 3 16 6 2 0 2 3 17 18 2 0 2 7 0 2 7 0 2 7 0 2 3 1 2 7 0 2 7 0 2 7 0 2 7 1 2 7 0 2 1 0 2 7 0 2 7 1 2 7 0 2 10 0 2 3 0 2 11 1 2 7 0 2 7 17 18 2 1 2 7 1 2 7 12 16 2 0 2 7 6 2 11 0 2 7 0 2 7 17 9 2 1 2 7 5 30 3 1 2 4 0 2 4 5 30 3 6 2 7 0 2 3 0 2 7 12 16 2 1 2 7 0 2 10 5 30 3 5 30 3 0 2 7 15 2 11 0 2 7 16 19 11 16 19 11 0 2 3 0 2 4 0 2 7 1 2 4 12 16 2 0 2 4 0 2 7 0 62.9493604302406311
17 18 2 1 2 7 17 9 2 0 2 7 12 16 2 5 30 3 17 9 2 16 6 2 1 2 3 1 2 7 0 2 7 12 16 2 0 2 7 5 30 3 0 2 3 1 2 7 1 2 7 0 2 7 0 2 7 1 2 7 6 2 3 1 2 7 0 2 7 0 2 7 1 2 7 1 2 7 0 2 3 0 2 7 0 2 7 0 2 3 1 2 7 1 2 7 1 2 3 5 30 3 0 2 3 0 2 7 0 2 7 0 2 7 13 6 3 1 2 7 0 2 4 5 31 3 0 2 7 1 2 7 1 2 7 0 2 3 0 2 7 0 2 7 0 2 3 17 18 2 17 18 2 1 2 7 13 6 3 0 2 7 0 2 3 1 2 7 8 9 2 0 2 7 0 2 3 16 15 2 0 60.9569215774536133
1 2 7 1 2 7 5 30 3 1 2 7 0 2 7 12 16 2 12 16 2 17 18 2 1 2 7 0 2 7 1 2 7 0 2 7 0 2 11 0 2 7 0 2 7 0 2 7 13 6 3 0 2 7 0 2 7 0 2 7 1 2 7 0 2 7 1 2 3 0 2 7 0 2 3 0 2 7 0 2 7 0 2 7 1 2 7 1 2 7 13 6 3 17 18 2 1 2 7 0 2 7 0 2 4 17 9 2 1 2 7 1 2 7 0 2 7 0 2 7 5 31 3 0 2 3 16 6 2 1 2 7 0 2 7 5 30 3 0 2 7 16 24 2 17 9 2 0 2 4 0 2 7 5 31 3 17 18 2 6 2 7 6 2 11 5 31 3 1 2 7 12 16 2 0 2 4 1 2 7 0 60.7478076815605164
1 2 7 0 2 7 12 16 2 12 16 2 16 30 2 0 2 7 6 2 7 1 2 7 0 2 3 1 2 7 0 2 3 12 16 2 1 2 7 0 2 3 17 9 2 5 30 3 0 2 3 5 30 3 0 2 7 5 31 3 0 2 7 16 18 11 0 2 3 0 2 7 0 2 3 5 31 3 1 2 7 1 2 7 1 2 7 0 2 7 0 2 3 0 2 7 0 2 7 0 2 3 1 2 7 0 2 7 0 2 7 1 2 3 5 30 3 0 2 7 5 30 3 12 16 2 5 30 3 0 2 3 16 18 11 0 2 7 0 2 4 16 31 2 1 2 7 1 2 3 0 2 3 0 2 7 0 2 7 0 2 7 0 2 4 0 2 3 16 24 2 1 2 7 0 2 3 0 2 7 0 63.1908486485481262
0 2 7 12 16 2 5 30 3 1 2 7 0 2 7 12 16 2 12 16 2 17 18 2 5 30 3 0 2 7 1 2 7 0 2 3 1 2 7 0 2 7 17 18 2 1 2 7 0 2 7 1 2 7 1 2 7 0 2 7 0 2 7 0 2 4 0 2 7 0 2 7 1 2 4 0 2 3 6 2 7 0 2 7 0 2 7 0 2 11 0 2 7 0 2 7 0 2 7 1 2 7 1 2 7 1 2 4 5 30 3 13 6 3 17 9 2 0 2 7 17 18 2 16 15 2 0 2 7 8 18 2 0 2 7 17 9 2 1 2 7 5 30 3 1 2 7 1 2 4 0 2 7 12 16 2 0 2 7 13 6 3 5 31 3 1 2 4 0 2 7 16 31 2 1 2 7 0 2 7 0 60.768766462802887

Current Evaluation = 10800(10800)
Front Size = 10
17 18 2 0 2 7 17 9 2 0 2 7 12 16 2 5 31 3 17 9 2 16 6 2 0 2 7 12 16 2 0 2 7 5 31 3 0 2 7 1 2 7 1 2 7 0 2 7 0 2 7 0 2 4 0 2 7 0 2 7 17 18 2 1 2 7 1 2 7 1 2 7 0 2 7 0 2 7 0 2 7 17 18 2 17 18 2 13 6 3 0 2 7 0 2 7 12 16 2 1 2 7 1 2 7 13 6 3 0 2 7 0 2 7 5 31 3 1 2 7 1 2 7 1 2 7 1 2 7 1 2 7 1 2 7 1 2 7 0 2 7 1 2 4 0 2 7 1 2 7 0 2 4 0 2 7 1 2 7 0 2 7 13 6 3 12 16 2 0 2 7 1 2 7 1 2 7 0 2 7 0 59.7211945056915283
17 9 2 0 2 7 17 9 2 0 2 4 12 16 2 5 30 3 16 15 2 0 2 7 12 16 2 0 2 7 1 2 4 1 2 7 1 2 7 0 2 7 0 2 7 1 2 4 0 2 7 1 2 7 1 2 7 0 2 7 1 2 7 0 2 4 0 2 3 0 2 3 0 2 3 0 2 7 0 2 4 0 2 4 0 2 7 1 2 7 0 2 4 1 2 7 0 2 4 0 2 3 5 30 3 1 2 3 1 2 7 13 6 3 0 2 7 0 2 7 12 16 2 13 6 3 5 31 3 5 30 3 1 2 7 0 2 7 12 16 2 17 9 2 1 2 4 0 2 7 17 18 2 1 2 4 17 18 2 6 2 7 1 2 4 1 2 3 8 18 2 0 2 7 17 18 2 0 2 7 0 60.8268606066703796
0 2 7 0 2 7 12 16 2 5 30 3 17 9 2 1 2 4 12 16 2 1 2 7 5 30 3 1 2 7 0 2 7 1 2 1 0 2 7 0 2 7 0 2 7 0 2 7 16 19 11 0 2 7 1 2 4 0 2 7 0 2 7 0 2 7 0 2 7 13 6 3 0 2 7 0 2 7 12 16 2 0 2 4 0 2 7 1 2 7 5 31 3 1 2 7 5 31 3 0 2 7 0 2 7 12 16 2 17 9 2 0 2 7 5 30 3 1 2 7 5 30 3 1 2 7 1 2 7 0 2 7 5 30 3 16 31 2 8 18 2 17 18 2 0 2 7 0 2 7 17 9 2 1 2 4 0 2 11 0 2 7 0 2 7 0 2 7 16 30 2 1 2 7 6 2 7 0 2 7 0 61.8231204152107239
17 18 2 1 2 7 17 9 2 0 2 7 12 16 2 5 30 3 17 9 2 16 6 2 1 2 3 1 2 7 0 2 7 12 16 2 0 2 7 5 30 3 0 2 3 1 2 7 1 2 7 0 2 7 0 2 7 1 2 7 6 2 3 1 2 7 0 2 7 0 2 7 1 2 7 1 2 7 0 2 3 0 2 7 0 2 7 0 2 3 1 2 7 1 2 7 1 2 3 5 30 3 0 2 3 0 2 7 0 2 7 0 2 7 13 6 3 1 2 7 0 2 4 5 31 3 0 2 7 1 2 7 1 2 7 0 2 3 0 2 7 0 2 7 0 2 3 17 18 2 17 18 2 1 2 7 13 6 3 0 2 7 0 2 3 1 2 7 8 9 2 0 2 7 0 2 3 16 15 2 0 60.9569215774536133
17 9 2 1 2 7 17 9 2 1 2 7 12 16 2 5 30 3 16 6 2 0 2 7 0 2 3 12 16 2 0 2 7 5 30 3 1 2 7 0 2 7 1 2 7 0 2 7 0 2 7 0 2 7 0 2 7 1 2 7 1 2 7 6 2 7 0 2 7 1 2 7 0 2 7 1 2 7 0 2 7 5 30 3 0 2 7 0 2 11 0 2 7 0 2 7 0 2 3 5 30 3 0 2 7 0 2 7 1 2 7 0 2 4 17 9 2 0 2 1 0 2 7 0 2 3 1 2 7 5 31 3 8 18 2 1 2 7 0 2 7 13 6 3 0 2 7 16 31 2 0 2 3 0 2 7 16 15 2 1 2 11 8 18 2 1 2 7 12 16 2 17 9 2 0 2 7 1 2 7 0 61.4777734875679016
1 2 7 1 2 11 12 16 2 12 16 2 6 2 3 1 2 7 0 2 7 6 2 7 1 2 3 0 2 3 0 2 7 17 9 2 5 31 3 0 2 3 5 30 3 0 2 7 5 31 3 0 2 7 0 2 3 0 2 7 0 2 7 0 2 7 1 2 7 1 2 7 0 2 7 0 2 7 13 6 3 1 2 11 0 2 7 1 2 3 0 2 7 0 2 7 0 2 7 5 30 3 1 2 7 1 2 4 0 2 7 0 2 4 0 2 3 0 2 4 0 2 7 1 2 4 0 2 7 0 2 7 1 2 3 0 2 3 12 16 2 0 2 4 16 19 11 5 30 3 12 16 2 5 31 3 16 30 2 17 9 2 16 30 2 17 9 2 1 2 7 0 2 7 16 30 2 0 2 4 0 61.9398456215858459
17 18 2 1 2 3 17 18 2 0 2 7 0 2 7 5 31 3 5 31 3 16 6 2 1 2 7 1 2 3 1 2 7 5 30 3 0 2 3 0 2 7 1 2 7 0 2 7 1 2 7 0 2 7 1 2 7 1 2 7 0 2 7 1 2 7 0 2 7 1 2 7 0 2 3 17 18 2 0 2 7 1 2 7 0 2 7 0 2 7 1 2 7 0 2 7 0 2 7 17 18 2 17 18 2 13 6 3 1 2 7 0 2 7 0 2 7 1 2 7 1 2 7 13 6 3 5 30 3 0 2 7 1 2 7 0 2 7 1 2 7 0 2 7 0 2 7 0 2 7 5 31 3 0 2 7 0 2 7 0 2 7 16 6 2 1 2 7 12 16 2 0 2 7 0 2 7 0 2 7 0 60.3480385541915894
17 18 2 1 2 7 17 9 2 0 2 7 12 16 2 5 30 3 16 6 2 0 2 7 12 16 2 1 2 7 0 2 7 0 2 7 0 2 11 0 2 7 0 2 7 1 2 7 1 2 12 0 2 7 17 18 2 0 2 7 0 2 7 0 2 7 0 2 7 1 2 3 0 2 7 0 2 7 17 18 2 13 6 3 1 2 7 0 2 7 12 16 2 1 2 7 0 2 7 13 6 3 5 30 3 0 2 7 0 2 7 1 2 4 0 2 7 1 2 7 8 18 2 0 2 7 17 1 2 0 2 7 1 2 7 1 2 7 1 2 11 1 2 7 5 30 3 17 9 2 0 2 7 0 2 7 5 31 3 0 2 7 0 2 7 1 2 7 12 16 2 1 2 7 5 30 3 8 9 2 0 60.9627313613891602
17 18 2 1 2 7 17 9 2 0 2 7 12 16 2 5 31 3 17 9 2 16 6 2 1 2 4 1 2 4 0 2 7 12 16 2 0 2 4 5 31 3 0 2 7 1 2 7 1 2 7 0 2 7 0 2 4 1 2 4 1 2 7 0 2 4 1 2 7 0 2 4 0 2 7 0 2 11 0 2 7 17 18 2 1 2 7 1 2 7 0 2 7 0 2 7 0 2 7 0 2 7 0 2 11 0 2 7 17 18 2 17 18 2 13 6 3 0 2 4 0 2 7 6 2 4 0 2 7 12 16 2 1 2 7 1 2 4 0 2 7 12 16 2 13 6 3 5 30 3 0 2 7 1 2 4 0 2 7 5 31 3 1 2 7 0 2 7 1 2 7 1 2 7 1 2 7 0 2 7 0 60.3600737452507019
0 2 7 5 31 3 5 31 3 16 6 2 1 2 7 0 2 7 5 30 3 0 2 7 0 2 7 1 2 7 0 2 7 6 2 7 1 2 7 1 2 7 5 30 3 0 2 7 0 2 7 0 2 7 0 2 7 0 2 7 0 2 3 1 2 7 1 2 7 0 2 7 0 2 7 0 2 4 0 2 7 0 2 4 1 2 7 0 2 7 0 2 7 1 2 7 1 2 7 5 30 3 0 2 7 0 2 7 1 2 7 0 2 7 0 2 4 5 31 3 12 16 2 17 18 2 1 2 7 0 2 7 5 30 3 1 2 7 17 18 2 17 18 2 17 18 2 13 6 3 0 2 4 0 2 4 16 31 2 1 2 7 0 2 7 16 30 2 1 2 7 0 2 7 12 16 2 0 2 7 0 60.8529965281486511

Current Evaluation = 11700(11700)
Front Size = 10
17 18 2 0 2 7 17 9 2 0 2 7 12 16 2 5 31 3 17 9 2 16 6 2 0 2 7 12 16 2 0 2 7 5 31 3 0 2 7 1 2 7 1 2 7 0 2 7 0 2 7 0 2 4 0 2 7 0 2 7 17 18 2 1 2 7 1 2 7 1 2 7 0 2 7 0 2 7 0 2 7 17 18 2 17 18 2 13 6 3 0 2 7 0 2 7 12 16 2 1 2 7 1 2 7 13 6 3 0 2 7 0 2 7 5 31 3 1 2 7 1 2 7 1 2 7 1 2 7 1 2 7 1 2 7 1 2 7 0 2 7 1 2 4 0 2 7 1 2 7 0 2 4 0 2 7 1 2 7 0 2 7 13 6 3 12 16 2 0 2 7 1 2 7 1 2 7 0 2 7 0 59.7211945056915283
17 18 2 1 2 3 17 18 2 0 2 7 0 2 7 5 30 3 1 2 7 0 2 3 1 2 7 5 30 3 0 2 4 0 2 4 1 2 7 0 2 7 0 2 7 0 2 7 1 2 7 0 2 7 1 2 7 1 2 11 0 2 7 1 2 7 0 2 3 17 18 2 0 2 7 1 2 4 0 2 7 0 2 7 0 2 7 0 2 7 13 6 3 0 2 7 0 2 7 13 6 3 5 30 3 0 2 7 12 16 2 5 31 3 16 6 2 6 2 7 12 16 2 17 18 2 1 2 4 1 2 4 1 2 7 1 2 3 0 2 4 1 2 7 0 2 4 5 31 3 0 2 4 1 2 7 0 2 7 0 2 7 1 2 7 17 9 2 0 2 3 1 2 4 0 2 7 17 9 2 0 60.5952416062355042
17 18 2 1 2 3 17 18 2 0 2 7 0 2 7 5 31 3 5 31 3 16 6 2 1 2 7 1 2 3 1 2 7 5 30 3 0 2 3 0 2 7 1 2 7 0 2 7 1 2 7 0 2 7 1 2 7 1 2 7 0 2 7 1 2 7 0 2 7 1 2 7 0 2 3 17 18 2 0 2 7 1 2 7 0 2 7 0 2 7 1 2 7 0 2 7 0 2 7 17 18 2 17 18 2 13 6 3 1 2 7 0 2 7 0 2 7 1 2 7 1 2 7 13 6 3 5 30 3 0 2 7 1 2 7 0 2 7 1 2 7 0 2 7 0 2 7 0 2 7 5 31 3 0 2 7 0 2 7 0 2 7 16 6 2 1 2 7 12 16 2 0 2 7 0 2 7 0 2 7 0 60.3480385541915894
17 18 2 0 2 7 17 9 2 1 2 7 12 16 2 5 30 3 17 9 2 0 2 7 0 2 7 0 2 7 5 31 3 1 2 7 1 2 7 1 2 7 0 2 7 1 2 7 1 2 7 0 2 7 0 2 4 17 18 2 0 2 4 0 2 7 5 31 3 0 2 7 0 2 7 1 2 7 17 18 2 17 18 2 13 6 3 0 2 3 1 2 7 0 2 11 1 2 3 1 2 7 13 6 3 0 2 7 0 2 7 1 2 7 1 2 7 1 2 7 1 2 7 1 2 7 0 2 7 1 2 7 0 2 7 13 6 3 12 16 2 0 2 7 1 2 7 0 2 7 1 2 7 0 2 7 1 2 7 0 2 11 17 9 2 1 2 7 0 2 7 1 2 7 0 2 7 0 2 7 0 59.8072067499160767
0 2 7 0 2 7 12 16 2 5 30 3 17 18 2 1 2 11 12 16 2 1 2 7 5 31 3 1 2 7 0 2 4 0 2 4 0 2 4 1 2 11 0 2 7 0 2 7 1 2 7 0 2 7 0 2 7 1 2 7 1 2 7 13 6 3 0 2 7 0 2 7 1 2 7 0 2 7 0 2 4 0 2 7 5 31 3 0 2 7 12 16 2 17 9 2 5 30 3 1 2 7 1 2 3 0 2 7 8 18 2 17 18 2 17 9 2 1 2 7 1 2 7 1 2 7 1 2 7 17 18 2 0 2 11 0 2 7 16 6 2 0 2 4 0 2 4 0 2 7 1 2 7 16 31 2 1 2 7 1 2 7 1 2 4 0 2 7 0 2 4 0 2 7 0 2 7 0 2 7 0 60.671858549118042
17 18 2 1 2 7 17 9 2 0 2 7 12 16 2 5 30 3 17 9 2 16 6 2 1 2 3 1 2 7 0 2 7 12 16 2 0 2 7 5 30 3 0 2 3 1 2 7 1 2 7 0 2 7 0 2 7 1 2 7 6 2 3 1 2 7 0 2 7 0 2 7 1 2 7 1 2 7 0 2 3 0 2 7 0 2 7 0 2 3 1 2 7 1 2 7 1 2 3 5 30 3 0 2 3 0 2 7 0 2 7 0 2 7 13 6 3 1 2 7 0 2 4 5 31 3 0 2 7 1 2 7 1 2 7 0 2 3 0 2 7 0 2 7 0 2 3 17 18 2 17 18 2 1 2 7 13 6 3 0 2 7 0 2 3 1 2 7 8 9 2 0 2 7 0 2 3 16 15 2 0 60.9569215774536133
17 18 2 1 2 7 17 9 2 0 2 7 12 16 2 5 30 3 16 6 2 0 2 7 12 16 2 1 2 7 0 2 7 0 2 7 0 2 11 0 2 7 0 2 7 1 2 7 1 2 12 0 2 7 17 18 2 0 2 7 0 2 7 0 2 7 0 2 7 1 2 3 0 2 7 0 2 7 17 18 2 13 6 3 1 2 7 0 2 7 12 16 2 1 2 7 0 2 7 13 6 3 5 30 3 0 2 7 0 2 7 1 2 4 0 2 7 1 2 7 8 18 2 0 2 7 17 1 2 0 2 7 1 2 7 1 2 7 1 2 11 1 2 7 5 30 3 17 9 2 0 2 7 0 2 7 5 31 3 0 2 7 0 2 7 1 2 7 12 16 2 1 2 7 5 30 3 8 9 2 0 60.9627313613891602
0 2 7 0 2 7 12 16 2 5 31 3 17 9 2 1 2 4 12 16 2 1 2 7 6 2 7 1 2 7 0 2 7 0 2 4 0 2 7 0 2 7 0 2 7 0 2 7 16 19 11 1 2 7 1 2 7 1 2 7 0 2 7 0 2 7 0 2 4 13 6 3 0 2 7 0 2 7 12 16 2 0 2 7 0 2 7 1 2 11 5 31 3 1 2 7 5 31 3 0 2 7 0 2 7 12 16 2 17 9 2 0 2 7 5 30 3 1 2 7 5 30 3 1 2 7 0 2 7 0 2 7 5 30 3 16 30 2 8 9 2 17 18 2 0 2 7 0 2 7 17 9 2 1 2 7 0 2 7 0 2 7 0 2 4 1 2 7 16 32 2 1 2 7 6 2 7 0 2 3 0 61.4631484746932983
1 2 7 1 2 11 12 16 2 12 16 2 6 2 3 1 2 7 0 2 7 6 2 7 1 2 3 0 2 3 0 2 7 17 9 2 5 31 3 0 2 3 5 30 3 0 2 7 5 31 3 0 2 7 0 2 3 0 2 7 0 2 7 0 2 7 1 2 7 1 2 7 0 2 7 0 2 7 13 6 3 1 2 11 0 2 7 1 2 3 0 2 7 0 2 7 0 2 7 5 30 3 1 2 7 1 2 4 0 2 7 0 2 4 0 2 3 0 2 4 0 2 7 1 2 4 0 2 7 0 2 7 1 2 3 0 2 3 12 16 2 0 2 4 16 19 11 5 30 3 12 16 2 5 31 3 16 30 2 17 9 2 16 30 2 17 9 2 1 2 7 0 2 7 16 30 2 0 2 4 0 61.9398456215858459
17 18 2 0 2 7 17 9 2 1 2 4 12 16 2 5 30 3 17 9 2 0 2 4 0 2 7 0 2 4 5 31 3 1 2 4 1 2 7 1 2 7 0 2 7 1 2 7 1 2 3 0 2 4 0 2 7 17 18 2 0 2 7 0 2 7 5 30 3 0 2 3 0 2 7 0 2 7 17 18 2 17 18 2 13 6 3 0 2 4 1 2 7 12 16 2 1 2 7 1 2 3 13 6 3 0 2 7 0 2 4 1 2 7 1 2 7 1 2 3 1 2 7 1 2 7 0 2 7 1 2 4 0 2 7 13 6 3 12 16 2 0 2 11 1 2 7 0 2 7 5 30 3 0 2 7 1 2 7 0 2 7 17 9 2 1 2 7 0 2 7 1 2 7 0 2 7 0 2 4 0 60.1468726396560669

Current Evaluation = 12600(12600)
Front Size = 10
17 18 2 0 2 7 17 9 2 0 2 7 12 16 2 5 31 3 17 9 2 16 6 2 0 2 7 12 16 2 0 2 7 5 31 3 0 2 7 1 2 7 1 2 7 0 2 7 0 2 7 0 2 4 0 2 7 0 2 7 17 18 2 1 2 7 1 2 7 1 2 7 0 2 7 0 2 7 0 2 7 17 18 2 17 18 2 13 6 3 0 2 7 0 2 7 12 16 2 1 2 7 1 2 7 13 6 3 0 2 7 0 2 7 5 31 3 1 2 7 1 2 7 1 2 7 1 2 7 1 2 7 1 2 7 1 2 7 0 2 7 1 2 4 0 2 7 1 2 7 0 2 4 0 2 7 1 2 7 0 2 7 13 6 3 12 16 2 0 2 7 1 2 7 1 2 7 0 2 7 0 59.7211945056915283
1 2 7 1 2 11 12 16 2 12 16 2 6 2 3 1 2 7 0 2 7 6 2 7 1 2 3 0 2 3 0 2 7 17 9 2 5 31 3 0 2 3 5 30 3 0 2 7 5 31 3 0 2 7 0 2 3 0 2 7 0 2 7 0 2 7 1 2 7 1 2 7 0 2 7 0 2 7 13 6 3 1 2 11 0 2 7 1 2 3 0 2 7 0 2 7 0 2 7 5 30 3 1 2 7 1 2 4 0 2 7 0 2 4 0 2 3 0 2 4 0 2 7 1 2 4 0 2 7 0 2 7 1 2 3 0 2 3 12 16 2 0 2 4 16 19 11 5 30 3 12 16 2 5 31 3 16 30 2 17 9 2 16 30 2 17 9 2 1 2 7 0 2 7 16 30 2 0 2 4 0 61.9398456215858459
17 18 2 0 2 7 17 9 2 1 2 7 12 16 2 5 30 3 17 9 2 0 2 7 0 2 4 0 2 7 5 31 3 1 2 7 0 2 7 1 2 7 0 2 4 1 2 4 0 2 7 0 2 7 0 2 4 17 18 2 0 2 7 0 2 4 1 2 7 0 2 3 1 2 3 17 18 2 17 18 2 13 6 3 0 2 7 0 2 7 1 2 4 1 2 3 1 2 7 13 6 3 0 2 7 0 2 7 1 2 7 1 2 7 1 2 7 1 2 7 0 2 4 0 2 4 13 6 3 12 16 2 0 2 7 1 2 7 1 2 7 17 9 2 12 16 2 1 2 11 5 30 3 1 2 7 5 30 3 0 2 7 0 2 3 1 2 4 0 2 7 1 2 7 0 2 7 0 2 7 0 60.1468725204467773
17 18 2 0 2 7 17 9 2 1 2 7 12 16 2 17 9 2 0 2 7 0 2 7 0 2 7 5 31 3 1 2 4 1 2 7 1 2 7 0 2 7 1 2 7 1 2 7 0 2 4 0 2 4 17 18 2 0 2 7 12 16 2 5 31 3 0 2 7 0 2 7 1 2 7 17 18 2 17 18 2 13 6 3 1 2 4 1 2 7 13 6 3 0 2 7 0 2 7 1 2 4 1 2 7 1 2 7 1 2 7 1 2 7 0 2 7 1 2 7 0 2 7 13 6 3 12 16 2 0 2 7 1 2 4 0 2 7 1 2 4 0 2 7 1 2 7 0 2 7 0 2 7 0 2 7 5 30 3 0 2 7 0 2 7 0 2 7 0 2 7 17 9 2 1 2 7 5 30 3 0 59.7875515222549438
17 18 2 1 2 7 17 9 2 0 2 7 12 16 2 5 30 3 17 9 2 16 6 2 1 2 3 1 2 7 0 2 7 12 16 2 0 2 7 5 30 3 0 2 3 1 2 7 1 2 7 0 2 7 0 2 7 1 2 7 6 2 3 1 2 7 0 2 7 0 2 7 1 2 7 1 2 7 0 2 3 0 2 7 0 2 7 0 2 3 1 2 7 1 2 7 1 2 3 5 30 3 0 2 3 0 2 7 0 2 7 0 2 7 13 6 3 1 2 7 0 2 4 5 31 3 0 2 7 1 2 7 1 2 7 0 2 3 0 2 7 0 2 7 0 2 3 17 18 2 17 18 2 1 2 7 13 6 3 0 2 7 0 2 3 1 2 7 8 9 2 0 2 7 0 2 3 16 15 2 0 60.9569215774536133
17 18 2 1 2 3 17 18 2 0 2 7 0 2 7 5 31 3 5 31 3 16 6 2 1 2 7 1 2 3 1 2 7 5 30 3 0 2 3 0 2 7 1 2 7 0 2 7 1 2 7 0 2 7 1 2 7 1 2 7 0 2 7 1 2 7 0 2 7 1 2 7 0 2 3 17 18 2 0 2 7 1 2 7 0 2 7 0 2 7 1 2 7 0 2 7 0 2 7 17 18 2 17 18 2 13 6 3 1 2 7 0 2 7 0 2 7 1 2 7 1 2 7 13 6 3 5 30 3 0 2 7 1 2 7 0 2 7 1 2 7 0 2 7 0 2 7 0 2 7 5 31 3 0 2 7 0 2 7 0 2 7 16 6 2 1 2 7 12 16 2 0 2 7 0 2 7 0 2 7 0 60.3480385541915894
17 18 2 0 2 7 17 9 2 0 2 7 12 16 2 5 30 3 0 2 7 0 2 7 12 16 2 0 2 4 0 2 4 1 2 7 1 2 7 0 2 7 0 2 7 0 2 4 0 2 4 0 2 7 17 9 2 1 2 7 1 2 4 5 31 3 0 2 7 0 2 7 0 2 4 17 18 2 13 6 3 0 2 7 0 2 7 12 16 2 1 2 7 0 2 7 13 6 3 0 2 7 0 2 7 1 2 7 1 2 7 1 2 7 5 30 3 1 2 7 0 2 7 0 2 7 0 2 7 0 2 7 1 2 7 8 18 2 17 18 2 0 2 7 1 2 4 0 2 7 5 30 3 17 9 2 8 9 2 1 2 7 5 30 3 5 30 3 1 2 7 16 15 2 1 2 7 0 2 7 0 60.8289643526077271
17 18 2 1 2 7 17 9 2 0 2 7 12 16 2 5 30 3 16 6 2 0 2 7 12 16 2 1 2 7 0 2 7 0 2 7 0 2 11 0 2 7 0 2 7 1 2 7 1 2 12 0 2 7 17 18 2 0 2 7 0 2 7 0 2 7 0 2 7 1 2 3 0 2 7 0 2 7 17 18 2 13 6 3 1 2 7 0 2 7 12 16 2 1 2 7 0 2 7 13 6 3 5 30 3 0 2 7 0 2 7 1 2 4 0 2 7 1 2 7 8 18 2 0 2 7 17 1 2 0 2 7 1 2 7 1 2 7 1 2 11 1 2 7 5 30 3 17 9 2 0 2 7 0 2 7 5 31 3 0 2 7 0 2 7 1 2 7 12 16 2 1 2 7 5 30 3 8 9 2 0 60.9627313613891602
17 18 2 0 2 7 17 9 2 1 2 7 12 16 2 5 30 3 17 9 2 0 2 7 0 2 7 0 2 7 5 31 3 1 2 7 1 2 7 1 2 7 0 2 7 1 2 7 1 2 7 0 2 7 0 2 4 17 18 2 0 2 4 0 2 7 5 31 3 0 2 7 0 2 7 1 2 7 17 18 2 17 18 2 13 6 3 0 2 3 1 2 7 0 2 11 1 2 3 1 2 7 13 6 3 0 2 7 0 2 7 1 2 7 1 2 7 1 2 7 1 2 7 1 2 7 0 2 7 1 2 7 0 2 7 13 6 3 12 16 2 0 2 7 1 2 7 0 2 7 1 2 7 0 2 7 1 2 7 0 2 11 17 9 2 1 2 7 0 2 7 1 2 7 0 2 7 0 2 7 0 59.8072067499160767
17 18 2 0 2 7 17 9 2 1 2 11 12 16 2 5 30 3 17 9 2 0 2 7 0 2 7 0 2 7 5 31 3 1 2 7 1 2 11 1 2 7 1 2 7 1 2 7 0 2 7 0 2 7 0 2 7 17 18 2 0 2 7 0 2 7 5 31 3 0 2 4 0 2 7 1 2 7 17 18 2 17 18 2 13 6 3 0 2 7 1 2 7 0 2 7 1 2 3 1 2 7 13 6 3 0 2 7 0 2 7 1 2 3 1 2 7 1 2 7 1 2 7 1 2 7 0 2 7 1 2 7 0 2 7 13 6 3 12 16 2 0 2 7 1 2 7 0 2 7 1 2 7 0 2 7 1 2 7 0 2 7 17 9 2 1 2 7 0 2 7 1 2 4 0 2 7 0 2 7 0 59.8072065114974976

Current Evaluation = 13500(13500)
Front Size = 10
17 18 2 0 2 7 17 9 2 0 2 7 12 16 2 5 31 3 17 9 2 16 6 2 0 2 7 12 16 2 0 2 7 5 31 3 0 2 7 1 2 7 1 2 7 0 2 7 0 2 7 0 2 4 0 2 7 0 2 7 17 18 2 1 2 7 1 2 7 1 2 7 0 2 7 0 2 7 0 2 7 17 18 2 17 18 2 13 6 3 0 2 7 0 2 7 12 16 2 1 2 7 1 2 7 13 6 3 0 2 7 0 2 7 5 31 3 1 2 7 1 2 7 1 2 7 1 2 7 1 2 7 1 2 7 1 2 7 0 2 7 1 2 4 0 2 7 1 2 7 0 2 4 0 2 7 1 2 7 0 2 7 13 6 3 12 16 2 0 2 7 1 2 7 1 2 7 0 2 7 0 59.7211945056915283
17 18 2 0 2 7 17 9 2 0 2 7 12 16 2 5 30 3 17 9 2 0 2 7 0 2 7 1 2 4 1 2 7 0 2 7 1 2 7 0 2 7 17 18 2 1 2 7 1 2 7 17 18 2 13 6 3 0 2 3 1 2 7 1 2 7 0 2 7 13 6 3 0 2 7 0 2 7 0 2 7 0 2 7 0 2 7 12 16 2 1 2 11 17 9 2 1 2 7 1 2 7 0 2 7 1 2 7 1 2 7 0 2 7 0 2 7 1 2 7 0 2 7 6 2 7 5 30 3 0 2 7 1 2 7 5 30 3 0 2 7 0 2 7 8 9 2 0 2 7 5 30 3 0 2 7 16 15 2 13 6 3 1 2 7 0 2 7 12 16 2 0 2 7 5 31 3 0 2 7 0 60.3776662945747375
17 18 2 0 2 7 17 9 2 1 2 4 12 16 2 5 30 3 0 2 7 12 16 2 1 2 4 0 2 7 0 2 7 1 2 4 0 2 7 1 2 7 5 31 3 1 2 4 1 2 7 1 2 7 0 2 7 0 2 7 0 2 7 0 2 7 0 2 7 13 6 3 5 30 3 1 2 7 0 2 7 1 2 7 0 2 7 8 18 2 17 18 2 0 2 4 0 2 4 0 2 7 1 2 7 5 31 3 17 9 2 5 30 3 1 2 4 0 2 7 16 6 2 0 2 4 0 2 7 0 2 7 17 18 2 0 2 4 13 6 3 1 2 7 0 2 7 1 2 7 0 2 4 1 2 7 0 2 4 0 2 7 12 16 2 0 2 7 1 2 7 17 9 2 1 2 7 12 16 2 0 60.4693014621734619
17 18 2 0 2 7 17 9 2 1 2 7 12 16 2 5 31 3 0 2 7 12 16 2 1 2 7 6 2 4 0 2 7 0 2 4 1 2 7 0 2 3 0 2 7 1 2 7 0 2 7 8 18 2 0 2 3 1 2 7 1 2 7 1 2 7 0 2 7 1 2 7 8 18 2 16 6 2 0 2 3 0 2 7 12 16 2 1 2 7 0 2 7 13 6 3 5 30 3 0 2 4 0 2 7 0 2 7 0 2 7 1 2 7 17 18 2 0 2 7 0 2 7 0 2 4 1 2 7 0 2 3 5 30 3 17 9 2 5 30 3 1 2 7 0 2 7 5 30 3 16 15 2 1 2 7 0 2 7 0 2 4 0 2 7 17 18 2 0 2 7 1 2 7 12 16 2 13 6 3 0 60.9280694127082825
17 18 2 0 2 4 17 9 2 0 2 7 12 16 2 5 30 3 17 9 2 0 2 7 0 2 7 0 2 7 1 2 4 0 2 7 1 2 7 0 2 7 17 18 2 1 2 7 1 2 7 17 18 2 13 6 3 0 2 7 1 2 7 1 2 7 0 2 7 13 6 3 0 2 7 0 2 7 1 2 7 1 2 7 1 2 7 12 16 2 1 2 7 17 9 2 1 2 7 0 2 7 0 2 7 0 2 7 0 2 7 1 2 7 0 2 4 1 2 4 0 2 7 0 2 7 0 2 7 5 31 3 17 18 2 13 6 3 0 2 7 1 2 7 5 31 3 0 2 7 0 2 4 1 2 7 1 2 4 12 16 2 1 2 7 1 2 4 0 2 7 1 2 7 0 2 7 5 30 3 0 59.7875515222549438
17 18 2 0 2 7 17 9 2 1 2 7 12 16 2 5 30 3 17 9 2 0 2 7 0 2 7 0 2 7 5 31 3 1 2 7 1 2 7 1 2 7 0 2 7 1 2 7 1 2 7 0 2 7 0 2 4 17 18 2 0 2 4 0 2 7 5 31 3 0 2 7 0 2 7 1 2 7 17 18 2 17 18 2 13 6 3 0 2 3 1 2 7 0 2 11 1 2 3 1 2 7 13 6 3 0 2 7 0 2 7 1 2 7 1 2 7 1 2 7 1 2 7 1 2 7 0 2 7 1 2 7 0 2 7 13 6 3 12 16 2 0 2 7 1 2 7 0 2 7 1 2 7 0 2 7 1 2 7 0 2 11 17 9 2 1 2 7 0 2 7 1 2 7 0 2 7 0 2 7 0 59.8072067499160767
17 18 2 0 2 11 17 9 2 0 2 7 0 2 7 5 31 3 17 9 2 0 2 7 12 16 2 0 2 7 5 30 3 0 2 7 1 2 7 1 2 11 0 2 7 0 2 7 0 2 4 0 2 7 0 2 7 17 18 2 1 2 7 1 2 7 1 2 3 0 2 7 1 2 7 0 2 7 17 18 2 17 18 2 13 6 3 1 2 7 0 2 7 1 2 4 1 2 7 13 6 3 0 2 7 1 2 7 0 2 7 0 2 7 1 2 7 1 2 7 1 2 7 1 2 7 1 2 7 0 2 7 0 2 7 1 2 3 0 2 7 0 2 7 1 2 7 13 6 3 1 2 7 1 2 7 1 2 7 12 16 2 17 9 2 1 2 7 5 31 3 0 2 7 0 2 7 0 2 7 0 59.8072066307067871
17 18 2 0 2 4 17 9 2 0 2 7 12 16 2 5 30 3 17 9 2 0 2 7 0 2 7 0 2 4 5 30 3 1 2 7 0 2 4 0 2 7 1 2 7 0 2 12 0 2 7 17 18 2 0 2 7 1 2 7 0 2 4 17 18 2 13 6 3 0 2 7 1 2 7 1 2 7 0 2 7 13 6 3 0 2 7 0 2 7 1 2 7 1 2 4 1 2 7 1 2 7 12 16 2 1 2 7 17 9 2 1 2 7 0 2 7 0 2 7 0 2 7 0 2 7 0 2 7 0 2 11 1 2 7 0 2 7 0 2 7 1 2 7 12 16 2 1 2 4 5 31 3 1 2 11 17 18 2 13 6 3 8 18 2 1 2 11 5 30 3 0 2 7 5 30 3 1 2 7 0 60.5040724277496338
17 18 2 1 2 7 17 9 2 1 2 7 12 16 2 5 31 3 17 9 2 0 2 7 0 2 7 0 2 4 5 30 3 6 2 7 0 2 7 0 2 7 0 2 4 1 2 7 17 18 2 0 2 7 1 2 7 0 2 7 13 6 3 0 2 7 0 2 4 6 2 7 0 2 7 13 6 3 6 2 11 1 2 7 0 2 7 1 2 7 0 2 7 1 2 4 12 16 2 1 2 7 0 2 7 17 9 2 1 2 7 1 2 7 0 2 7 1 2 7 0 2 7 0 2 7 0 2 7 5 31 3 0 2 7 0 2 7 0 2 7 1 2 7 5 30 3 0 2 7 5 31 3 17 18 2 16 15 2 0 2 4 0 2 7 0 2 7 0 2 7 5 30 3 1 2 7 6 2 7 0 60.6083346009254456
17 18 2 0 2 7 17 9 2 1 2 8 12 16 2 5 31 3 0 2 7 6 2 7 1 2 7 0 2 7 0 2 7 1 2 7 0 2 7 1 2 7 0 2 3 0 2 7 1 2 7 1 2 3 0 2 7 1 2 7 0 2 7 0 2 7 0 2 7 13 6 3 5 30 3 0 2 7 0 2 7 0 2 7 0 2 7 1 2 7 17 18 2 6 2 7 0 2 7 0 2 7 1 2 7 5 30 3 17 9 2 5 30 3 1 2 7 0 2 3 16 15 2 0 2 7 0 2 7 0 2 3 17 18 2 0 2 7 13 6 3 0 2 7 5 31 3 8 18 2 0 2 7 0 2 7 16 6 2 0 2 7 12 16 2 1 2 7 1 2 7 1 2 3 1 2 7 1 2 7 0 60.8688884973526001

Current Evaluation = 14400(14400)
Front Size = 10
17 18 2 0 2 7 17 9 2 0 2 7 12 16 2 5 31 3 17 9 2 0 2 7 12 16 2 0 2 7 5 31 3 0 2 7 1 2 7 1 2 7 0 2 7 0 2 7 0 2 4 0 2 7 0 2 7 17 18 2 1 2 7 1 2 7 1 2 7 0 2 7 0 2 7 0 2 7 17 18 2 17 18 2 13 6 3 0 2 7 0 2 7 12 16 2 1 2 7 1 2 7 13 6 3 0 2 7 0 2 7 1 2 7 1 2 7 1 2 7 1 2 7 1 2 7 1 2 7 1 2 7 0 2 7 1 2 4 0 2 7 1 2 7 0 2 7 1 2 7 13 6 3 1 2 7 1 2 7 16 6 2 5 31 3 0 2 4 0 2 7 12 16 2 0 2 7 0 2 7 0 59.7211945056915283
17 18 2 1 2 4 17 9 2 1 2 4 12 16 2 5 30 3 12 16 2 5 31 3 0 2 7 1 2 7 0 2 7 1 2 7 5 31 3 1 2 4 1 2 7 0 2 7 0 2 7 0 2 7 0 2 7 1 2 7 13 6 3 5 30 3 1 2 7 0 2 7 1 2 7 0 2 7 17 18 2 0 2 4 0 2 7 1 2 7 17 9 2 0 2 7 0 2 4 0 2 7 0 2 4 17 18 2 0 2 7 13 6 3 1 2 7 1 2 7 0 2 7 12 16 2 1 2 7 17 9 2 1 2 7 0 2 7 1 2 7 0 2 7 17 18 2 13 6 3 0 2 4 1 2 4 0 2 7 0 2 7 0 2 7 5 30 3 0 2 4 0 2 7 0 2 7 1 2 7 0 60.0792984962463379
17 18 2 0 2 7 17 9 2 1 2 7 12 16 2 5 30 3 17 9 2 0 2 7 0 2 3 0 2 7 5 31 3 1 2 7 1 2 7 1 2 7 0 2 7 1 2 7 1 2 7 1 2 4 0 2 7 17 18 2 0 2 7 5 31 3 0 2 7 1 2 7 1 2 7 17 18 2 17 18 2 13 6 3 1 2 7 0 2 11 1 2 11 1 2 7 13 6 3 0 2 7 0 2 7 1 2 7 1 2 7 0 2 3 1 2 7 1 2 7 0 2 7 1 2 7 0 2 7 13 6 3 12 16 2 0 2 7 1 2 7 0 2 7 1 2 7 0 2 7 17 9 2 0 2 7 0 2 7 0 2 7 0 2 4 0 2 7 1 2 7 0 2 7 0 2 7 1 2 7 0 59.8072066307067871
17 18 2 0 2 7 17 9 2 1 2 7 12 16 2 5 31 3 0 2 7 12 16 2 1 2 7 6 2 4 0 2 7 0 2 4 1 2 7 0 2 3 0 2 7 1 2 7 0 2 7 8 18 2 0 2 3 1 2 7 1 2 7 1 2 7 0 2 7 1 2 7 8 18 2 16 6 2 0 2 3 0 2 7 12 16 2 1 2 7 0 2 7 13 6 3 5 30 3 0 2 4 0 2 7 0 2 7 0 2 7 1 2 7 17 18 2 0 2 7 0 2 7 0 2 4 1 2 7 0 2 3 5 30 3 17 9 2 5 30 3 1 2 7 0 2 7 5 30 3 16 15 2 1 2 7 0 2 7 0 2 4 0 2 7 17 18 2 0 2 7 1 2 7 12 16 2 13 6 3 0 60.9280694127082825
17 18 2 0 2 4 17 9 2 0 2 7 12 16 2 5 30 3 17 9 2 0 2 7 0 2 7 0 2 7 0 2 7 1 2 7 0 2 7 17 18 2 1 2 7 1 2 7 17 18 2 13 6 3 0 2 7 1 2 7 1 2 7 0 2 7 13 6 3 0 2 7 0 2 7 1 2 7 1 2 7 1 2 4 12 16 2 1 2 7 17 9 2 1 2 7 0 2 7 0 2 7 0 2 7 0 2 7 1 2 7 0 2 4 12 16 2 0 2 7 0 2 7 5 31 3 17 18 2 13 6 3 0 2 7 1 2 7 5 31 3 0 2 4 0 2 7 1 2 7 1 2 7 1 2 7 1 2 7 0 2 4 1 2 7 0 2 4 1 2 7 1 2 7 0 2 4 5 30 3 0 59.7875515222549438
17 18 2 1 2 7 17 9 2 1 2 7 12 16 2 5 30 3 17 9 2 0 2 7 0 2 7 0 2 7 0 2 7 0 2 7 0 2 7 1 2 7 17 18 2 1 2 7 0 2 7 0 2 7 13 6 3 0 2 7 0 2 4 13 6 3 1 2 7 0 2 7 0 2 7 0 2 7 1 2 7 12 16 2 1 2 7 0 2 7 1 2 7 1 2 7 0 2 7 1 2 7 1 2 7 1 2 7 1 2 7 5 31 3 0 2 7 0 2 7 0 2 7 1 2 7 0 2 7 5 30 3 17 18 2 0 2 7 0 2 7 0 2 7 1 2 7 1 2 7 0 2 7 12 16 2 0 2 7 12 16 2 13 6 3 5 31 3 16 31 2 0 2 7 5 30 3 16 6 2 0 60.1149682998657227
17 18 2 0 2 7 17 9 2 1 2 4 12 16 2 5 30 3 0 2 3 12 16 2 1 2 7 0 2 7 0 2 7 1 2 4 0 2 7 1 2 7 5 31 3 1 2 7 1 2 7 0 2 7 0 2 7 0 2 7 0 2 7 0 2 7 13 6 3 5 30 3 1 2 7 0 2 7 1 2 7 0 2 7 17 18 2 0 2 4 0 2 3 0 2 7 1 2 7 17 9 2 0 2 7 0 2 4 0 2 7 0 2 7 17 18 2 0 2 4 13 6 3 1 2 7 1 2 7 1 2 7 12 16 2 1 2 7 17 9 2 1 2 7 1 2 4 0 2 7 0 2 3 5 30 3 1 2 4 0 2 3 1 2 11 1 2 7 0 2 4 17 18 2 1 2 4 13 6 3 0 60.1468725204467773
17 18 2 0 2 7 17 9 2 0 2 7 12 16 2 5 30 3 17 9 2 0 2 7 0 2 7 1 2 4 1 2 7 0 2 7 1 2 7 0 2 7 17 18 2 1 2 7 1 2 7 17 18 2 13 6 3 0 2 3 1 2 7 1 2 7 0 2 7 13 6 3 0 2 7 0 2 7 0 2 7 0 2 7 0 2 7 12 16 2 1 2 11 17 9 2 1 2 7 1 2 7 0 2 7 1 2 7 1 2 7 0 2 7 0 2 7 1 2 7 0 2 7 6 2 7 5 30 3 0 2 7 1 2 7 5 30 3 0 2 7 0 2 7 8 9 2 0 2 7 5 30 3 0 2 7 16 15 2 13 6 3 1 2 7 0 2 7 12 16 2 0 2 7 5 31 3 0 2 7 0 60.3776662945747375
17 18 2 1 2 7 17 9 2 1 2 7 12 16 2 5 31 3 17 9 2 0 2 7 0 2 7 0 2 4 5 30 3 6 2 7 0 2 7 0 2 7 0 2 4 1 2 7 17 18 2 0 2 7 1 2 7 0 2 7 13 6 3 0 2 7 0 2 4 6 2 7 0 2 7 13 6 3 6 2 11 1 2 7 0 2 7 1 2 7 0 2 7 1 2 4 12 16 2 1 2 7 0 2 7 17 9 2 1 2 7 1 2 7 0 2 7 1 2 7 0 2 7 0 2 7 0 2 7 5 31 3 0 2 7 0 2 7 0 2 7 1 2 7 5 30 3 0 2 7 5 31 3 17 18 2 16 15 2 0 2 4 0 2 7 0 2 7 0 2 7 5 30 3 1 2 7 6 2 7 0 60.6083346009254456
17 18 2 0 2 7 17 9 2 1 2 4 12 16 2 12 16 2 1 2 7 0 2 7 0 2 7 0 2 7 1 2 7 5 31 3 1 2 7 1 2 7 0 2 7 0 2 7 0 2 7 0 2 7 0 2 7 13 6 3 1 2 7 0 2 7 1 2 7 0 2 7 17 18 2 0 2 4 0 2 7 1 2 7 17 9 2 0 2 7 0 2 4 0 2 7 0 2 7 17 18 2 13 6 3 1 2 7 1 2 7 1 2 7 12 16 2 1 2 7 1 2 7 0 2 7 1 2 7 17 18 2 13 6 3 5 31 3 0 2 3 0 2 7 0 2 7 0 2 3 1 2 7 0 2 7 1 2 4 1 2 7 12 16 2 1 2 4 0 2 3 1 2 7 0 2 4 0 2 7 0.00448818449430807374 59.9766166210174561

Current Evaluation = 15300(15300)
Front Size = 10
17 18 2 0 2 7 17 9 2 0 2 7 12 16 2 5 31 3 17 9 2 0 2 7 12 16 2 0 2 7 5 31 3 0 2 7 1 2 7 1 2 7 0 2 7 0 2 7 0 2 4 0 2 7 0 2 7 17 18 2 1 2 7 1 2 7 1 2 7 0 2 7 0 2 7 0 2 7 17 18 2 17 18 2 13 6 3 0 2 7 0 2 7 12 16 2 1 2 7 1 2 7 13 6 3 0 2 7 0 2 7 1 2 7 1 2 7 1 2 7 1 2 7 1 2 7 1 2 7 1 2 7 0 2 7 1 2 4 0 2 7 1 2 7 1 2 7 13 6 3 1 2 7 1 2 7 0 2 4 0 2 7 16 6 2 5 31 3 0 2 7 12 16 2 0 2 7 0 2 7 0 59.7211945056915283
17 18 2 0 2 7 17 9 2 0 2 7 12 16 2 5 31 3 0 2 7 12 16 2 0 2 7 5 31 3 0 2 7 1 2 7 1 2 7 0 2 7 0 2 7 1 2 4 0 2 7 0 2 7 17 18 2 1 2 7 1 2 7 1 2 7 0 2 7 0 2 7 0 2 7 17 18 2 13 6 3 0 2 7 0 2 7 12 16 2 1 2 7 1 2 7 13 6 3 1 2 4 0 2 7 1 2 7 1 2 7 1 2 7 1 2 7 1 2 7 0 2 7 1 2 7 0 2 7 13 6 3 0 2 7 16 6 2 0 2 7 12 16 2 0 2 7 0 2 7 17 9 2 17 18 2 1 2 7 0 2 7 1 2 7 1 2 7 1 2 4 0 2 7 0 2 7 5 31 3 0 59.7211945056915283
17 18 2 0 2 4 17 18 2 1 2 7 12 16 2 5 30 3 17 9 2 1 2 4 0 2 7 5 31 3 1 2 7 1 2 7 1 2 7 0 2 7 1 2 7 0 2 7 17 18 2 1 2 7 5 31 3 0 2 7 1 2 7 17 18 2 13 6 3 0 2 7 0 2 7 13 6 3 0 2 7 0 2 7 1 2 7 1 2 7 1 2 7 1 2 7 0 2 7 1 2 7 13 6 3 12 16 2 0 2 7 0 2 7 0 2 4 17 9 2 1 2 7 1 2 7 1 2 7 0 2 7 0 2 7 0 2 7 0 2 7 0 2 7 0 2 7 17 9 2 0 2 7 1 2 7 1 2 7 0 2 4 0 2 4 0 2 7 0 2 4 12 16 2 1 2 4 5 30 3 0 59.7875515222549438
17 18 2 0 2 7 17 9 2 0 2 7 12 16 2 5 30 3 5 31 3 0 2 3 12 16 2 6 2 7 0 2 7 0 2 7 0 2 3 0 2 7 0 2 7 1 2 7 0 2 7 0 2 3 17 18 2 1 2 11 1 2 7 0 2 4 0 2 7 0 2 7 0 2 7 17 18 2 13 6 3 16 6 2 1 2 4 5 31 3 1 2 7 1 2 3 13 6 3 0 2 7 0 2 7 0 2 7 0 2 7 1 2 11 1 2 7 1 2 7 1 2 7 0 2 7 1 2 4 0 2 7 16 6 2 12 16 2 0 2 7 17 18 2 1 2 4 1 2 7 0 2 7 0 2 4 5 30 3 6 2 7 1 2 7 1 2 7 0 2 7 0 2 7 5 31 3 0 2 7 0 60.7659724950790405
17 18 2 1 2 7 17 9 2 12 16 2 5 30 3 12 16 2 5 31 3 0 2 7 1 2 7 0 2 7 1 2 7 5 31 3 1 2 7 0 2 7 0 2 7 0 2 7 0 2 7 0 2 7 13 6 3 1 2 4 0 2 7 0 2 7 0 2 7 17 18 2 0 2 4 0 2 7 1 2 7 17 9 2 0 2 7 0 2 7 17 18 2 0 2 7 13 6 3 1 2 7 1 2 7 0 2 7 1 2 7 17 9 2 1 2 4 1 2 7 1 2 7 1 2 7 17 18 2 13 6 3 0 2 7 0 2 7 0 2 7 1 2 7 1 2 4 1 2 4 0 2 7 5 30 3 0 2 7 1 2 7 12 16 2 0 2 4 1 2 7 1 2 7 0 2 7 0 2 4 0 59.7875515222549438
17 18 2 1 2 7 17 9 2 12 16 2 5 30 3 12 16 2 5 31 3 0 2 3 1 2 7 0 2 7 1 2 7 5 31 3 1 2 7 0 2 7 0 2 7 1 2 11 0 2 7 1 2 7 13 6 3 1 2 7 1 2 7 1 2 7 0 2 7 17 18 2 0 2 4 0 2 7 1 2 7 17 9 2 0 2 7 0 2 7 17 18 2 0 2 7 13 6 3 1 2 3 0 2 7 0 2 7 1 2 7 0 2 7 1 2 7 0 2 7 17 18 2 13 6 3 0 2 7 0 2 7 0 2 7 1 2 7 1 2 7 1 2 7 0 2 7 1 2 7 0 2 7 0 2 7 0 2 7 1 2 4 17 9 2 1 2 11 0 2 7 1 2 7 0 2 7 1 2 7 0 59.8072065114974976
17 18 2 1 2 4 17 9 2 1 2 4 12 16 2 17 9 2 0 2 7 0 2 4 0 2 7 0 2 7 0 2 4 0 2 7 17 18 2 1 2 7 1 2 7 0 2 4 13 6 3 0 2 7 0 2 7 13 6 3 1 2 7 0 2 7 0 2 7 0 2 7 0 2 7 12 16 2 1 2 4 0 2 7 1 2 7 1 2 4 0 2 7 0 2 7 1 2 7 1 2 7 1 2 7 5 31 3 0 2 7 0 2 4 1 2 7 1 2 7 0 2 4 17 18 2 0 2 7 0 2 7 1 2 7 12 16 2 13 6 3 17 18 2 0 2 7 5 30 3 1 2 4 1 2 7 5 30 3 0 2 7 12 16 2 5 31 3 17 9 2 1 2 7 1 2 7 0 2 7 0 59.9459015130996704
17 18 2 1 2 4 17 9 2 12 16 2 17 9 2 0 2 7 0 2 4 0 2 7 0 2 4 0 2 4 0 2 7 17 18 2 1 2 7 1 2 7 13 6 3 0 2 7 0 2 7 13 6 3 1 2 7 0 2 4 0 2 7 0 2 7 0 2 7 12 16 2 0 2 7 1 2 7 0 2 4 0 2 7 1 2 7 1 2 7 1 2 7 5 31 3 0 2 7 1 2 7 1 2 7 17 18 2 0 2 7 0 2 7 1 2 7 12 16 2 13 6 3 17 18 2 0 2 7 1 2 7 0 2 7 12 16 2 5 31 3 1 2 7 1 2 7 0 2 7 1 2 4 0 2 7 1 2 7 1 2 7 0 2 4 0 2 4 5 30 3 1 2 4 5 30 3 17 9 2 0 59.9459015130996704
17 18 2 1 2 7 17 9 2 1 2 7 12 16 2 17 9 2 0 2 7 0 2 4 0 2 7 0 2 7 0 2 7 0 2 7 1 2 3 17 18 2 1 2 7 0 2 7 0 2 7 13 6 3 0 2 7 0 2 7 13 6 3 1 2 7 0 2 4 0 2 7 0 2 7 0 2 3 12 16 2 1 2 7 0 2 7 1 2 7 1 2 7 0 2 7 1 2 4 1 2 7 1 2 7 1 2 7 5 31 3 0 2 7 0 2 3 1 2 7 1 2 7 0 2 4 17 18 2 0 2 7 0 2 7 1 2 7 1 2 7 1 2 7 0 2 7 12 16 2 12 16 2 13 6 3 5 31 3 16 6 2 1 2 7 1 2 3 17 18 2 0 2 4 0 2 7 5 30 3 0 59.9809155464172363
17 18 2 0 2 7 17 9 2 1 2 4 12 16 2 5 30 3 0 2 3 12 16 2 1 2 7 0 2 7 0 2 7 1 2 4 0 2 7 1 2 7 5 31 3 1 2 7 1 2 7 0 2 7 0 2 7 0 2 7 0 2 7 0 2 7 13 6 3 5 30 3 1 2 7 0 2 7 1 2 7 0 2 7 17 18 2 0 2 4 0 2 3 0 2 7 1 2 7 17 9 2 0 2 7 0 2 4 0 2 7 0 2 7 17 18 2 0 2 4 13 6 3 1 2 7 1 2 7 1 2 7 12 16 2 1 2 7 17 9 2 1 2 7 1 2 4 0 2 7 0 2 3 5 30 3 1 2 4 0 2 3 1 2 11 1 2 7 0 2 4 17 18 2 1 2 4 13 6 3 0 60.1468725204467773

Current Evaluation = 16200(16200)
Front Size = 10
17 18 2 0 2 7 17 9 2 0 2 7 12 16 2 5 31 3 0 2 7 12 16 2 0 2 7 5 31 3 0 2 7 1 2 7 1 2 7 0 2 7 0 2 7 1 2 4 0 2 7 0 2 7 17 18 2 1 2 7 1 2 7 1 2 7 0 2 7 0 2 7 0 2 7 17 18 2 13 6 3 0 2 7 0 2 7 12 16 2 1 2 7 1 2 7 13 6 3 0 2 7 1 2 7 1 2 7 1 2 7 1 2 7 1 2 7 0 2 7 1 2 7 0 2 7 13 6 3 0 2 7 16 6 2 12 16 2 17 9 2 17 18 2 1 2 7 0 2 7 1 2 7 1 2 7 0 2 7 1 2 7 0 2 7 0 2 4 1 2 4 0 2 7 0 2 7 5 31 3 0 59.7211945056915283
17 18 2 1 2 7 17 9 2 12 16 2 5 30 3 12 16 2 5 31 3 0 2 7 1 2 3 0 2 4 1 2 7 5 31 3 1 2 7 0 2 7 0 2 7 0 2 7 1 2 3 13 6 3 1 2 4 1 2 7 1 2 7 0 2 7 17 18 2 0 2 7 0 2 7 0 2 7 17 9 2 0 2 7 0 2 7 17 18 2 0 2 4 13 6 3 1 2 7 1 2 7 0 2 4 1 2 7 0 2 7 1 2 7 0 2 7 16 6 2 13 6 3 0 2 7 0 2 7 0 2 7 1 2 7 1 2 7 1 2 7 0 2 7 1 2 7 0 2 7 1 2 7 1 2 4 12 16 2 0 2 7 0 2 7 17 9 2 0 2 7 0 2 3 12 16 2 1 2 3 0 59.9809155464172363
17 18 2 0 2 7 17 9 2 0 2 7 12 16 2 5 30 3 5 31 3 0 2 3 12 16 2 6 2 7 0 2 7 0 2 7 0 2 3 0 2 7 0 2 7 1 2 7 0 2 7 0 2 3 17 18 2 1 2 11 1 2 7 0 2 4 0 2 7 0 2 7 0 2 7 17 18 2 13 6 3 16 6 2 1 2 4 5 31 3 1 2 7 1 2 3 13 6 3 0 2 7 0 2 7 0 2 7 0 2 7 1 2 11 1 2 7 1 2 7 1 2 7 0 2 7 1 2 4 0 2 7 16 6 2 12 16 2 0 2 7 17 18 2 1 2 4 1 2 7 0 2 7 0 2 4 5 30 3 6 2 7 1 2 7 1 2 7 0 2 7 0 2 7 5 31 3 0 2 7 0 60.7659724950790405
17 18 2 1 2 7 17 9 2 12 16 2 5 30 3 12 16 2 5 31 3 1 2 7 0 2 7 1 2 7 5 31 3 1 2 4 0 2 7 0 2 7 0 2 7 1 2 7 13 6 3 1 2 7 1 2 7 1 2 7 0 2 7 17 18 2 0 2 7 0 2 7 1 2 7 17 9 2 0 2 7 0 2 7 17 18 2 0 2 7 13 6 3 0 2 7 0 2 4 1 2 7 0 2 7 1 2 7 0 2 7 17 18 2 13 6 3 0 2 7 0 2 7 0 2 7 1 2 4 1 2 4 1 2 7 0 2 7 0 2 7 0 2 7 0 2 7 1 2 4 17 9 2 1 2 7 1 2 7 0 2 7 5 30 3 0 2 7 0 2 7 1 2 4 1 2 4 12 16 2 0 59.7875515222549438
17 18 2 0 2 7 17 9 2 1 2 4 12 16 2 5 30 3 0 2 3 12 16 2 1 2 7 0 2 7 0 2 7 1 2 4 0 2 7 1 2 7 5 31 3 1 2 7 1 2 7 0 2 7 0 2 7 0 2 7 0 2 7 0 2 7 13 6 3 5 30 3 1 2 7 0 2 7 1 2 7 0 2 7 17 18 2 0 2 4 0 2 3 0 2 7 1 2 7 17 9 2 0 2 7 0 2 4 0 2 7 0 2 7 17 18 2 0 2 4 13 6 3 1 2 7 1 2 7 1 2 7 12 16 2 1 2 7 17 9 2 1 2 7 1 2 4 0 2 7 0 2 3 5 30 3 1 2 4 0 2 3 1 2 11 1 2 7 0 2 4 17 18 2 1 2 4 13 6 3 0 60.1468725204467773
17 18 2 0 2 4 17 18 2 1 2 7 12 16 2 5 30 3 17 9 2 1 2 4 0 2 7 5 31 3 1 2 7 1 2 7 1 2 7 0 2 7 1 2 7 0 2 7 17 18 2 1 2 7 5 31 3 0 2 7 1 2 7 17 18 2 13 6 3 0 2 7 0 2 7 13 6 3 0 2 7 0 2 7 1 2 7 1 2 7 1 2 7 1 2 7 0 2 7 1 2 7 13 6 3 12 16 2 0 2 7 0 2 7 0 2 4 17 9 2 1 2 7 1 2 7 1 2 7 0 2 7 0 2 7 0 2 7 0 2 7 0 2 7 0 2 7 17 9 2 0 2 7 1 2 7 1 2 7 0 2 4 0 2 4 0 2 7 0 2 4 12 16 2 1 2 4 5 30 3 0 59.7875515222549438
17 18 2 1 2 7 17 9 2 12 16 2 5 30 3 12 16 2 5 31 3 0 2 3 1 2 7 0 2 7 1 2 7 5 31 3 1 2 7 0 2 7 0 2 7 1 2 11 0 2 7 1 2 7 13 6 3 1 2 7 1 2 7 1 2 7 0 2 7 17 18 2 0 2 4 0 2 7 1 2 7 17 9 2 0 2 7 0 2 7 17 18 2 0 2 7 13 6 3 1 2 3 0 2 7 0 2 7 1 2 7 0 2 7 1 2 7 0 2 7 17 18 2 13 6 3 0 2 7 0 2 7 0 2 7 1 2 7 1 2 7 1 2 7 0 2 7 1 2 7 0 2 7 0 2 7 0 2 7 1 2 4 17 9 2 1 2 11 0 2 7 1 2 7 0 2 7 1 2 7 0 59.8072065114974976
17 18 2 1 2 7 17 9 2 12 16 2 5 30 3 12 16 2 5 31 3 1 2 7 0 2 11 1 2 7 5 31 3 1 2 7 0 2 7 0 2 7 0 2 7 0 2 7 13 6 3 1 2 7 0 2 7 0 2 7 0 2 7 17 18 2 0 2 7 0 2 7 1 2 7 17 9 2 1 2 7 0 2 11 17 18 2 0 2 7 13 6 3 0 2 7 0 2 7 1 2 7 0 2 7 1 2 7 0 2 3 17 18 2 13 6 3 0 2 4 0 2 7 0 2 7 1 2 3 1 2 7 1 2 7 0 2 7 0 2 4 0 2 7 1 2 7 0 2 7 0 2 7 1 2 7 5 30 3 12 16 2 1 2 7 1 2 7 16 6 2 0 2 7 1 2 7 1 2 7 0 60.1535125970840454
17 18 2 0 2 7 17 9 2 0 2 7 12 16 2 5 31 3 0 2 7 12 16 2 0 2 7 5 30 3 1 2 7 1 2 7 1 2 7 0 2 7 0 2 7 1 2 7 0 2 7 0 2 7 17 18 2 6 2 7 1 2 7 1 2 7 0 2 7 0 2 7 0 2 7 17 18 2 13 6 3 0 2 4 0 2 7 12 16 2 1 2 7 0 2 7 13 6 3 0 2 7 1 2 7 1 2 4 1 2 7 1 2 7 1 2 7 0 2 7 1 2 7 0 2 7 13 6 3 0 2 7 16 6 2 12 16 2 17 9 2 1 2 7 0 2 7 1 2 7 0 2 7 0 2 7 0 2 4 1 2 7 0 2 7 5 31 3 5 31 3 1 2 4 17 9 2 0 2 7 0 59.938682496547699
17 18 2 1 2 7 17 9 2 12 16 2 5 31 3 12 16 2 5 31 3 1 2 7 0 2 7 1 2 7 5 30 3 1 2 7 0 2 4 0 2 4 0 2 4 1 2 7 13 6 3 1 2 7 1 2 7 6 2 7 0 2 7 8 18 2 0 2 11 0 2 7 1 2 4 0 2 7 0 2 11 17 18 2 0 2 7 13 6 3 0 2 7 0 2 7 1 2 7 0 2 7 0 2 7 17 18 2 0 2 7 0 2 7 0 2 7 1 2 7 1 2 4 0 2 7 0 2 7 0 2 11 0 2 7 0 2 7 5 30 3 12 16 2 17 9 2 0 2 7 5 30 3 1 2 11 0 2 7 17 9 2 1 2 7 1 2 7 0 2 7 16 6 2 1 2 4 1 2 4 0 60.7056446671485901

Current Evaluation = 17100(17100)
Front Size = 10
17 18 2 0 2 7 17 9 2 0 2 7 12 16 2 5 31 3 0 2 7 12 16 2 0 2 7 0 2 7 1 2 7 1 2 4 1 2 4 1 2 7 1 2 7 0 2 7 0 2 7 17 18 2 1 2 7 0 2 7 1 2 7 0 2 7 0 2 7 17 18 2 13 6 3 0 2 7 0 2 7 12 16 2 1 2 7 0 2 7 13 6 3 0 2 7 1 2 7 1 2 7 1 2 7 1 2 7 1 2 7 0 2 7 1 2 7 0 2 7 13 6 3 0 2 7 16 6 2 12 16 2 17 9 2 1 2 7 0 2 7 1 2 7 0 2 7 0 2 7 0 2 7 5 31 3 1 2 4 0 2 7 1 2 7 0 2 7 5 31 3 17 18 2 1 2 7 0 2 7 0 59.7211945056915283
17 18 2 1 2 7 17 9 2 12 16 2 5 30 3 12 16 2 5 31 3 0 2 7 0 2 4 1 2 7 5 31 3 1 2 7 0 2 7 0 2 7 0 2 7 13 6 3 1 2 4 1 2 7 1 2 7 0 2 7 17 18 2 0 2 7 0 2 7 0 2 7 17 9 2 0 2 7 0 2 7 17 18 2 0 2 4 13 6 3 1 2 7 1 2 7 0 2 4 1 2 7 0 2 7 1 2 7 0 2 7 13 6 3 0 2 7 0 2 7 0 2 7 1 2 7 1 2 7 1 2 7 0 2 7 1 2 7 0 2 7 1 2 7 1 2 4 12 16 2 0 2 7 0 2 7 17 9 2 17 18 2 0 2 4 1 2 7 5 30 3 1 2 7 0 2 4 1 2 7 0 59.7875515222549438
17 18 2 1 2 7 17 9 2 12 16 2 5 30 3 12 16 2 5 31 3 1 2 7 0 2 7 1 2 7 5 31 3 1 2 4 0 2 7 0 2 7 0 2 7 1 2 7 13 6 3 1 2 7 1 2 7 1 2 7 0 2 7 17 18 2 0 2 7 0 2 7 1 2 7 17 9 2 0 2 7 0 2 7 17 18 2 0 2 7 13 6 3 0 2 7 0 2 4 1 2 7 0 2 7 1 2 7 0 2 7 17 18 2 13 6 3 0 2 7 0 2 7 0 2 7 1 2 4 1 2 4 1 2 7 0 2 7 0 2 7 0 2 7 0 2 7 1 2 4 17 9 2 1 2 7 1 2 7 0 2 7 5 30 3 0 2 7 0 2 7 1 2 4 1 2 4 12 16 2 0 59.7875515222549438
17 18 2 1 2 4 17 9 2 12 16 2 5 31 3 0 2 7 5 31 3 1 2 7 1 2 7 1 2 7 5 30 3 1 2 7 0 2 7 0 2 7 0 2 7 1 2 7 13 6 3 1 2 4 0 2 7 0 2 7 0 2 4 1 2 7 0 2 7 17 18 2 0 2 7 13 6 3 0 2 7 0 2 7 12 16 2 0 2 7 0 2 7 17 18 2 0 2 7 0 2 7 0 2 7 1 2 7 1 2 7 0 2 7 0 2 7 0 2 7 1 2 7 5 30 3 12 16 2 17 9 2 0 2 4 1 2 7 17 9 2 1 2 7 1 2 7 0 2 7 1 2 4 1 2 7 0 2 7 13 6 3 1 2 7 0 2 7 17 18 2 1 2 7 0 2 4 1 2 4 0 59.7875515222549438
17 18 2 1 2 7 17 9 2 12 16 2 5 31 3 12 16 2 5 31 3 1 2 7 0 2 7 1 2 7 5 30 3 1 2 7 0 2 4 0 2 4 0 2 4 1 2 7 13 6 3 1 2 7 1 2 7 6 2 7 0 2 7 8 18 2 0 2 11 0 2 7 1 2 4 0 2 7 0 2 11 17 18 2 0 2 7 13 6 3 0 2 7 0 2 7 1 2 7 0 2 7 0 2 7 17 18 2 0 2 7 0 2 7 0 2 7 1 2 7 1 2 4 0 2 7 0 2 7 0 2 11 0 2 7 0 2 7 5 30 3 12 16 2 17 9 2 0 2 7 5 30 3 1 2 11 0 2 7 17 9 2 1 2 7 1 2 7 0 2 7 16 6 2 1 2 4 1 2 4 0 60.7056446671485901
17 18 2 0 2 7 17 9 2 0 2 7 12 16 2 5 30 3 5 31 3 0 2 3 12 16 2 6 2 7 0 2 7 0 2 7 0 2 3 0 2 7 0 2 7 1 2 7 0 2 7 0 2 3 17 18 2 1 2 11 1 2 7 0 2 4 0 2 7 0 2 7 0 2 7 17 18 2 13 6 3 16 6 2 1 2 4 5 31 3 1 2 7 1 2 3 13 6 3 0 2 7 0 2 7 0 2 7 0 2 7 1 2 11 1 2 7 1 2 7 1 2 7 0 2 7 1 2 4 0 2 7 16 6 2 12 16 2 0 2 7 17 18 2 1 2 4 1 2 7 0 2 7 0 2 4 5 30 3 6 2 7 1 2 7 1 2 7 0 2 7 0 2 7 5 31 3 0 2 7 0 60.7659724950790405
17 18 2 1 2 7 17 9 2 12 16 2 5 30 3 12 16 2 5 31 3 1 2 7 0 2 7 1 2 4 5 31 3 1 2 4 0 2 7 0 2 7 0 2 7 0 2 7 13 6 3 1 2 7 1 2 7 5 30 3 0 2 7 17 18 2 1 2 7 1 2 7 1 2 7 17 9 2 0 2 7 0 2 7 17 18 2 0 2 7 13 6 3 0 2 7 0 2 7 1 2 4 0 2 7 1 2 4 0 2 7 17 18 2 13 6 3 0 2 7 0 2 7 0 2 4 1 2 4 1 2 7 1 2 7 0 2 7 0 2 7 0 2 7 0 2 7 1 2 7 17 9 2 1 2 7 1 2 7 1 2 7 0 2 4 12 16 2 0 2 7 0 2 7 0 2 7 1 2 7 0 59.7875515222549438
17 18 2 1 2 7 17 9 2 12 16 2 5 30 3 12 16 2 5 31 3 1 2 7 0 2 7 1 2 7 5 31 3 1 2 4 0 2 7 0 2 7 0 2 7 1 2 7 13 6 3 1 2 7 1 2 7 1 2 7 0 2 7 17 18 2 0 2 7 0 2 7 1 2 7 17 9 2 0 2 7 0 2 7 17 18 2 0 2 7 13 6 3 0 2 4 0 2 4 1 2 7 0 2 7 1 2 7 0 2 7 17 18 2 13 6 3 0 2 7 0 2 7 0 2 7 1 2 4 1 2 7 0 2 7 0 2 7 0 2 7 17 9 2 1 2 7 1 2 7 5 30 3 12 16 2 1 2 4 1 2 7 1 2 7 0 2 7 1 2 7 0 2 4 0 2 7 0 2 4 0 59.7875515222549438
17 18 2 1 2 7 17 9 2 12 16 2 5 30 3 12 16 2 5 31 3 0 2 3 1 2 7 0 2 7 1 2 7 5 31 3 1 2 7 0 2 7 0 2 7 1 2 11 0 2 7 1 2 7 13 6 3 1 2 7 1 2 7 1 2 7 0 2 7 17 18 2 0 2 4 0 2 7 1 2 7 17 9 2 0 2 7 0 2 7 17 18 2 0 2 7 13 6 3 1 2 3 0 2 7 0 2 7 1 2 7 0 2 7 1 2 7 0 2 7 17 18 2 13 6 3 0 2 7 0 2 7 0 2 7 1 2 7 1 2 7 1 2 7 0 2 7 1 2 7 0 2 7 0 2 7 0 2 7 1 2 4 17 9 2 1 2 11 0 2 7 1 2 7 0 2 7 1 2 7 0 59.8072065114974976
17 18 2 1 2 7 17 9 2 12 16 2 5 30 3 12 16 2 5 31 3 0 2 7 1 2 3 0 2 4 1 2 7 5 31 3 1 2 7 0 2 7 0 2 7 0 2 7 1 2 3 13 6 3 1 2 4 1 2 7 1 2 7 0 2 7 17 18 2 0 2 7 0 2 7 0 2 7 17 9 2 0 2 7 0 2 7 17 18 2 0 2 4 13 6 3 1 2 7 1 2 7 0 2 4 1 2 7 0 2 7 1 2 7 0 2 7 16 6 2 13 6 3 0 2 7 0 2 7 0 2 7 1 2 7 1 2 7 1 2 7 0 2 7 1 2 7 0 2 7 1 2 7 1 2 4 12 16 2 0 2 7 0 2 7 17 9 2 0 2 7 0 2 3 12 16 2 1 2 3 0 59.9809155464172363

Current Evaluation = 18000(18000)
Front Size = 10
17 18 2 0 2 7 17 9 2 0 2 7 12 16 2 5 31 3 0 2 7 12 16 2 0 2 7 0 2 7 1 2 7 1 2 4 1 2 4 1 2 7 1 2 7 0 2 7 0 2 7 17 18 2 1 2 7 0 2 7 1 2 7 0 2 7 0 2 7 17 18 2 13 6 3 0 2 7 0 2 7 12 16 2 1 2 7 0 2 7 13 6 3 0 2 7 1 2 7 1 2 7 1 2 7 1 2 7 1 2 7 0 2 7 1 2 7 0 2 7 13 6 3 0 2 7 16 6 2 12 16 2 17 9 2 1 2 7 0 2 7 1 2 7 0 2 7 0 2 7 0 2 7 5 31 3 1 2 4 0 2 7 1 2 7 0 2 7 5 31 3 17 18 2 1 2 7 0 2 7 0 59.7211945056915283
17 18 2 1 2 7 17 9 2 12 16 2 5 30 3 12 16 2 5 31 3 0 2 7 0 2 4 1 2 7 5 31 3 1 2 7 0 2 7 0 2 7 0 2 7 13 6 3 1 2 4 1 2 7 1 2 7 0 2 7 17 18 2 0 2 7 0 2 7 0 2 7 17 9 2 0 2 7 0 2 7 17 18 2 0 2 4 13 6 3 1 2 7 1 2 7 0 2 4 1 2 7 0 2 7 1 2 7 0 2 7 13 6 3 0 2 7 0 2 7 0 2 7 1 2 7 1 2 7 1 2 7 0 2 7 1 2 7 0 2 7 1 2 7 1 2 4 12 16 2 0 2 7 0 2 7 17 9 2 17 18 2 0 2 4 1 2 7 5 30 3 1 2 7 0 2 4 1 2 7 0 59.7875515222549438
17 18 2 1 2 7 17 9 2 12 16 2 5 30 3 12 16 2 5 31 3 0 2 3 1 2 7 0 2 7 1 2 7 5 31 3 1 2 7 0 2 7 0 2 7 1 2 11 0 2 7 1 2 7 13 6 3 1 2 7 1 2 7 1 2 7 0 2 7 17 18 2 0 2 4 0 2 7 1 2 7 17 9 2 0 2 7 0 2 7 17 18 2 0 2 7 13 6 3 1 2 3 0 2 7 0 2 7 1 2 7 0 2 7 1 2 7 0 2 7 17 18 2 13 6 3 0 2 7 0 2 7 0 2 7 1 2 7 1 2 7 1 2 7 0 2 7 1 2 7 0 2 7 0 2 7 0 2 7 1 2 4 17 9 2 1 2 11 0 2 7 1 2 7 0 2 7 1 2 7 0 59.8072065114974976
17 18 2 1 2 7 17 9 2 12 16 2 5 31 3 12 16 2 5 31 3 1 2 7 0 2 7 1 2 7 5 30 3 1 2 7 0 2 4 0 2 4 0 2 4 1 2 7 13 6 3 1 2 7 1 2 7 6 2 7 0 2 7 8 18 2 0 2 11 0 2 7 1 2 4 0 2 7 0 2 11 17 18 2 0 2 7 13 6 3 0 2 7 0 2 7 1 2 7 0 2 7 0 2 7 17 18 2 0 2 7 0 2 7 0 2 7 1 2 7 1 2 4 0 2 7 0 2 7 0 2 11 0 2 7 0 2 7 5 30 3 12 16 2 17 9 2 0 2 7 5 30 3 1 2 11 0 2 7 17 9 2 1 2 7 1 2 7 0 2 7 16 6 2 1 2 4 1 2 4 0 60.7056446671485901
17 18 2 0 2 7 17 9 2 0 2 7 12 16 2 5 30 3 5 31 3 0 2 3 12 16 2 6 2 7 0 2 7 0 2 7 0 2 3 0 2 7 0 2 7 1 2 7 0 2 7 0 2 3 17 18 2 1 2 11 1 2 7 0 2 4 0 2 7 0 2 7 0 2 7 17 18 2 13 6 3 16 6 2 1 2 4 5 31 3 1 2 7 1 2 3 13 6 3 0 2 7 0 2 7 0 2 7 0 2 7 1 2 11 1 2 7 1 2 7 1 2 7 0 2 7 1 2 4 0 2 7 16 6 2 12 16 2 0 2 7 17 18 2 1 2 4 1 2 7 0 2 7 0 2 4 5 30 3 6 2 7 1 2 7 1 2 7 0 2 7 0 2 7 5 31 3 0 2 7 0 60.7659724950790405
17 18 2 1 2 7 17 9 2 0 2 7 12 16 2 5 31 3 1 2 7 12 16 2 5 31 3 0 2 7 1 2 7 1 2 4 0 2 7 0 2 7 0 2 7 0 2 4 17 18 2 0 2 4 1 2 7 1 2 3 0 2 7 1 2 7 17 9 2 13 6 3 0 2 7 0 2 4 12 16 2 1 2 4 0 2 7 13 6 3 0 2 7 1 2 7 1 2 7 0 2 7 1 2 7 1 2 7 0 2 7 1 2 7 0 2 7 0 2 7 16 6 2 17 9 2 6 2 4 0 2 4 1 2 7 0 2 3 0 2 7 0 2 7 5 31 3 0 2 7 1 2 7 0 2 7 0 2 7 1 2 7 0 2 7 0 2 7 1 2 4 17 18 2 5 30 3 1 2 4 0 60.1825236678123474
17 18 2 1 2 7 17 9 2 12 16 2 5 30 3 12 16 2 5 31 3 1 2 7 1 2 7 0 2 7 5 31 3 1 2 7 0 2 7 0 2 7 0 2 7 13 6 3 1 2 7 0 2 7 1 2 7 0 2 7 17 18 2 0 2 7 1 2 7 0 2 7 17 9 2 0 2 7 0 2 4 17 18 2 0 2 7 13 6 3 0 2 7 0 2 7 0 2 7 1 2 7 1 2 7 1 2 4 0 2 7 13 6 3 1 2 4 0 2 7 0 2 7 1 2 4 1 2 7 1 2 7 0 2 4 1 2 4 0 2 7 1 2 4 0 2 7 12 16 2 0 2 7 0 2 7 17 9 2 17 18 2 1 2 7 1 2 7 5 30 3 1 2 7 0 2 7 0 2 7 0 59.7875515222549438
17 18 2 1 2 7 17 9 2 12 16 2 5 30 3 12 16 2 5 31 3 0 2 7 0 2 4 1 2 7 5 31 3 1 2 7 0 2 7 0 2 7 0 2 7 13 6 3 1 2 4 1 2 7 1 2 7 0 2 7 17 18 2 0 2 7 1 2 7 0 2 7 17 9 2 0 2 7 0 2 4 17 18 2 0 2 4 13 6 3 1 2 7 1 2 7 0 2 4 1 2 7 0 2 7 1 2 7 0 2 7 13 6 3 0 2 7 0 2 7 0 2 7 1 2 7 1 2 4 1 2 7 0 2 7 1 2 7 0 2 7 1 2 7 1 2 4 12 16 2 0 2 7 0 2 7 17 9 2 17 18 2 0 2 7 1 2 7 5 30 3 1 2 7 0 2 7 0 2 7 0 59.7875515222549438
17 18 2 1 2 7 17 9 2 12 16 2 5 30 3 12 16 2 5 31 3 0 2 7 1 2 7 0 2 7 1 2 7 5 31 3 1 2 7 0 2 7 1 2 7 0 2 7 1 2 7 13 6 3 1 2 7 0 2 7 6 2 7 0 2 7 17 18 2 0 2 7 0 2 7 5 31 3 17 9 2 0 2 4 0 2 7 17 18 2 0 2 4 13 6 3 1 2 7 1 2 7 1 2 7 0 2 7 0 2 7 1 2 7 0 2 7 16 6 2 13 6 3 0 2 7 0 2 7 0 2 7 1 2 7 1 2 4 1 2 7 0 2 7 1 2 7 0 2 7 1 2 7 1 2 7 12 16 2 0 2 7 0 2 7 17 9 2 0 2 4 0 2 7 12 16 2 0 2 7 0 59.938682496547699
17 18 2 1 2 7 17 9 2 12 16 2 5 30 3 12 16 2 5 31 3 0 2 7 0 2 4 1 2 7 1 2 7 1 2 7 0 2 7 0 2 7 0 2 11 13 6 3 0 2 7 1 2 11 1 2 7 0 2 7 17 18 2 0 2 7 0 2 7 0 2 7 17 9 2 0 2 7 0 2 4 17 18 2 5 31 3 13 6 3 1 2 7 0 2 7 0 2 7 1 2 4 0 2 7 0 2 7 0 2 7 0 2 7 0 2 7 0 2 7 1 2 7 0 2 7 1 2 7 0 2 7 1 2 7 0 2 7 1 2 7 12 16 2 1 2 7 0 2 7 17 9 2 1 2 7 13 6 3 1 2 7 1 2 7 0 2 7 5 30 3 16 30 2 5 30 3 1 2 7 0 60.1593304872512817

MonoObjective Genetic Algorithm
Number of Evaluations = 0
Mutation Probability = 0
Crossover Probability = 1
Population Size = 10
Survival Selection Type = 16

Time =  18076.128319978714

Current Evaluation = 2050
Front Size = 10
17 18 2 0 2 7 17 9 2 0 2 7 12 16 2 5 31 3 0 2 7 12 16 2 0 2 7 0 2 7 1 2 7 1 2 4 1 2 4 1 2 7 1 2 7 0 2 7 0 2 7 17 18 2 1 2 7 0 2 7 1 2 7 0 2 7 0 2 7 17 18 2 13 6 3 0 2 7 0 2 7 12 16 2 1 2 7 0 2 7 13 6 3 0 2 7 1 2 7 1 2 7 1 2 7 1 2 7 1 2 7 0 2 7 1 2 7 0 2 7 13 6 3 0 2 7 16 6 2 12 16 2 17 9 2 1 2 7 0 2 7 1 2 7 0 2 7 0 2 7 0 2 7 5 31 3 1 2 4 0 2 7 1 2 7 0 2 7 5 31 3 17 18 2 1 2 7 0 2 7 0 59.7211945056915283
17 18 2 1 2 7 17 9 2 12 16 2 5 30 3 12 16 2 5 31 3 0 2 7 0 2 4 1 2 7 5 31 3 1 2 7 0 2 7 0 2 7 0 2 7 13 6 3 1 2 4 1 2 7 1 2 7 0 2 7 17 18 2 0 2 7 0 2 7 0 2 7 17 9 2 0 2 7 0 2 7 17 18 2 0 2 4 13 6 3 1 2 7 1 2 7 0 2 4 1 2 7 0 2 7 1 2 7 0 2 7 13 6 3 0 2 7 0 2 7 0 2 7 1 2 7 1 2 7 1 2 7 0 2 7 1 2 7 0 2 7 1 2 7 1 2 4 12 16 2 0 2 7 0 2 7 17 9 2 17 18 2 0 2 4 1 2 7 5 30 3 1 2 7 0 2 4 1 2 7 0 59.7875515222549438
17 18 2 1 2 7 17 9 2 12 16 2 5 30 3 12 16 2 5 31 3 0 2 3 1 2 7 0 2 7 1 2 7 5 31 3 1 2 7 0 2 7 0 2 7 1 2 11 0 2 7 1 2 7 13 6 3 1 2 7 1 2 7 1 2 7 0 2 7 17 18 2 0 2 4 0 2 7 1 2 7 17 9 2 0 2 7 0 2 7 17 18 2 0 2 7 13 6 3 1 2 3 0 2 7 0 2 7 1 2 7 0 2 7 1 2 7 0 2 7 17 18 2 13 6 3 0 2 7 0 2 7 0 2 7 1 2 7 1 2 7 1 2 7 0 2 7 1 2 7 0 2 7 0 2 7 0 2 7 1 2 4 17 9 2 1 2 11 0 2 7 1 2 7 0 2 7 1 2 7 0 59.8072065114974976
17 18 2 1 2 7 17 9 2 12 16 2 5 31 3 12 16 2 5 31 3 1 2 7 0 2 7 1 2 7 5 30 3 1 2 7 0 2 4 0 2 4 0 2 4 1 2 7 13 6 3 1 2 7 1 2 7 6 2 7 0 2 7 8 18 2 0 2 11 0 2 7 1 2 4 0 2 7 0 2 11 17 18 2 0 2 7 13 6 3 0 2 7 0 2 7 1 2 7 0 2 7 0 2 7 17 18 2 0 2 7 0 2 7 0 2 7 1 2 7 1 2 4 0 2 7 0 2 7 0 2 11 0 2 7 0 2 7 5 30 3 12 16 2 17 9 2 0 2 7 5 30 3 1 2 11 0 2 7 17 9 2 1 2 7 1 2 7 0 2 7 16 6 2 1 2 4 1 2 4 0 60.7056446671485901
17 18 2 0 2 7 17 9 2 0 2 7 12 16 2 5 30 3 5 31 3 0 2 3 12 16 2 6 2 7 0 2 7 0 2 7 0 2 3 0 2 7 0 2 7 1 2 7 0 2 7 0 2 3 17 18 2 1 2 11 1 2 7 0 2 4 0 2 7 0 2 7 0 2 7 17 18 2 13 6 3 16 6 2 1 2 4 5 31 3 1 2 7 1 2 3 13 6 3 0 2 7 0 2 7 0 2 7 0 2 7 1 2 11 1 2 7 1 2 7 1 2 7 0 2 7 1 2 4 0 2 7 16 6 2 12 16 2 0 2 7 17 18 2 1 2 4 1 2 7 0 2 7 0 2 4 5 30 3 6 2 7 1 2 7 1 2 7 0 2 7 0 2 7 5 31 3 0 2 7 0 60.7659724950790405
17 18 2 1 2 7 17 9 2 0 2 7 12 16 2 5 31 3 1 2 7 12 16 2 5 31 3 0 2 7 1 2 7 1 2 4 0 2 7 0 2 7 0 2 7 0 2 4 17 18 2 0 2 4 1 2 7 1 2 3 0 2 7 1 2 7 17 9 2 13 6 3 0 2 7 0 2 4 12 16 2 1 2 4 0 2 7 13 6 3 0 2 7 1 2 7 1 2 7 0 2 7 1 2 7 1 2 7 0 2 7 1 2 7 0 2 7 0 2 7 16 6 2 17 9 2 6 2 4 0 2 4 1 2 7 0 2 3 0 2 7 0 2 7 5 31 3 0 2 7 1 2 7 0 2 7 0 2 7 1 2 7 0 2 7 0 2 7 1 2 4 17 18 2 5 30 3 1 2 4 0 60.1825236678123474
17 18 2 1 2 7 17 9 2 12 16 2 5 30 3 12 16 2 5 31 3 1 2 7 1 2 7 0 2 7 5 31 3 1 2 7 0 2 7 0 2 7 0 2 7 13 6 3 1 2 7 0 2 7 1 2 7 0 2 7 17 18 2 0 2 7 1 2 7 0 2 7 17 9 2 0 2 7 0 2 4 17 18 2 0 2 7 13 6 3 0 2 7 0 2 7 0 2 7 1 2 7 1 2 7 1 2 4 0 2 7 13 6 3 1 2 4 0 2 7 0 2 7 1 2 4 1 2 7 1 2 7 0 2 4 1 2 4 0 2 7 1 2 4 0 2 7 12 16 2 0 2 7 0 2 7 17 9 2 17 18 2 1 2 7 1 2 7 5 30 3 1 2 7 0 2 7 0 2 7 0 59.7875515222549438
17 18 2 1 2 7 17 9 2 12 16 2 5 30 3 12 16 2 5 31 3 0 2 7 0 2 4 1 2 7 5 31 3 1 2 7 0 2 7 0 2 7 0 2 7 13 6 3 1 2 4 1 2 7 1 2 7 0 2 7 17 18 2 0 2 7 1 2 7 0 2 7 17 9 2 0 2 7 0 2 4 17 18 2 0 2 4 13 6 3 1 2 7 1 2 7 0 2 4 1 2 7 0 2 7 1 2 7 0 2 7 13 6 3 0 2 7 0 2 7 0 2 7 1 2 7 1 2 4 1 2 7 0 2 7 1 2 7 0 2 7 1 2 7 1 2 4 12 16 2 0 2 7 0 2 7 17 9 2 17 18 2 0 2 7 1 2 7 5 30 3 1 2 7 0 2 7 0 2 7 0 59.7875515222549438
17 18 2 1 2 7 17 9 2 12 16 2 5 30 3 12 16 2 5 31 3 0 2 7 1 2 7 0 2 7 1 2 7 5 31 3 1 2 7 0 2 7 1 2 7 0 2 7 1 2 7 13 6 3 1 2 7 0 2 7 6 2 7 0 2 7 17 18 2 0 2 7 0 2 7 5 31 3 17 9 2 0 2 4 0 2 7 17 18 2 0 2 4 13 6 3 1 2 7 1 2 7 1 2 7 0 2 7 0 2 7 1 2 7 0 2 7 16 6 2 13 6 3 0 2 7 0 2 7 0 2 7 1 2 7 1 2 4 1 2 7 0 2 7 1 2 7 0 2 7 1 2 7 1 2 7 12 16 2 0 2 7 0 2 7 17 9 2 0 2 4 0 2 7 12 16 2 0 2 7 0 59.938682496547699
17 18 2 1 2 7 17 9 2 12 16 2 5 30 3 12 16 2 5 31 3 0 2 7 0 2 4 1 2 7 1 2 7 1 2 7 0 2 7 0 2 7 0 2 11 13 6 3 0 2 7 1 2 11 1 2 7 0 2 7 17 18 2 0 2 7 0 2 7 0 2 7 17 9 2 0 2 7 0 2 4 17 18 2 5 31 3 13 6 3 1 2 7 0 2 7 0 2 7 1 2 4 0 2 7 0 2 7 0 2 7 0 2 7 0 2 7 0 2 7 1 2 7 0 2 7 1 2 7 0 2 7 1 2 7 0 2 7 1 2 7 12 16 2 1 2 7 0 2 7 17 9 2 1 2 7 13 6 3 1 2 7 1 2 7 0 2 7 5 30 3 16 30 2 5 30 3 1 2 7 0 60.1593304872512817

