Current Evaluation = 900(900)
Front Size = 10
0 2 7 0 2 7 0 2 7 0 2 7 1 2 7 17 9 2 1 2 7 1 2 7 0 2 7 0 2 7 5 31 3 1 2 7 0 2 7 0 2 7 0 2 7 5 31 3 5 31 3 0 2 7 1 2 7 0 2 7 1 2 7 0 2 7 12 16 2 17 18 2 1 2 7 16 6 2 8 18 2 0 2 7 0 2 7 5 31 3 16 6 2 0 2 7 16 19 11 16 6 2 1 2 7 12 16 2 17 9 2 12 16 2 0 2 7 0 2 4 1 2 7 1 2 7 1 2 4 0 2 7 0 2 7 1 2 7 0 2 4 0 2 4 0 2 7 5 30 3 0 2 7 1 2 7 0 2 7 1 2 7 0 2 7 0 2 7 0 2 7 0 2 4 8 9 2 1 2 7 0 61.2447254657745361
5 30 3 0 2 7 0 2 7 1 2 7 0 2 7 0 2 7 0 2 11 17 18 2 5 30 3 5 30 3 0 2 7 0 2 3 5 30 3 0 2 3 0 2 3 0 2 3 0 2 11 0 2 7 5 30 3 0 2 7 5 30 3 16 19 11 12 16 2 0 2 3 0 2 3 0 2 11 16 6 2 0 2 3 16 6 2 0 2 11 0 2 11 5 31 3 17 9 2 1 2 7 8 18 2 0 2 11 1 2 7 8 9 2 16 6 2 0 2 7 1 2 11 5 30 3 0 2 7 1 2 11 1 2 3 0 2 8 5 30 3 0 2 11 0 2 3 0 2 7 0 2 7 16 19 11 0 2 3 6 2 7 0 2 7 0 2 7 0 2 7 1 2 3 6 2 7 1 2 7 0 64.1288697719573975
5 30 3 0 2 8 0 2 8 1 2 8 0 2 8 0 2 3 0 2 8 16 19 12 8 18 2 5 30 3 5 30 3 0 2 8 0 2 3 5 30 3 0 2 8 16 19 12 8 9 2 8 18 2 0 2 8 0 2 3 0 2 8 0 2 8 0 2 8 5 30 3 0 2 8 16 19 12 5 30 3 8 9 2 0 2 8 0 2 3 1 2 3 12 16 2 1 2 3 0 2 8 5 30 3 0 2 8 0 2 8 16 6 2 0 2 3 0 2 3 0 2 3 0 2 3 0 2 8 16 6 2 5 30 3 0 2 3 16 19 12 0 2 3 0 2 8 0 2 3 0 2 8 16 19 12 1 2 3 0 2 8 12 16 2 12 16 2 0 2 8 0 2 8 5 30 3 0 2 8 8.34172752202701082e-06 68.4543880224227905
5 30 3 0 2 7 0 2 7 0 2 7 0 2 7 0 2 7 0 2 3 8 18 2 5 30 3 5 31 3 0 2 7 1 2 7 5 30 3 0 2 7 0 2 7 1 2 7 0 2 7 0 2 7 5 31 3 0 2 7 5 30 3 0 2 3 12 16 2 0 2 7 0 2 7 0 2 7 16 15 2 6 2 3 16 15 2 6 2 7 0 2 7 12 16 2 16 19 11 17 9 2 1 2 7 0 2 7 17 18 2 5 30 3 0 2 11 0 2 7 16 19 12 0 2 7 8 9 2 0 2 11 1 2 3 0 2 7 1 2 7 6 2 7 16 9 12 0 2 7 0 2 3 0 2 7 0 2 7 0 2 7 12 16 2 12 16 2 6 2 7 8 18 2 5 30 3 0 2 7 0 63.6903874278068542
0 2 7 0 2 7 0 2 7 0 2 7 0 2 7 5 31 3 0 2 7 5 30 3 16 6 2 8 18 2 5 30 3 16 19 11 16 6 2 5 30 3 5 30 3 0 2 8 17 9 2 6 2 8 1 2 7 0 2 8 0 2 7 0 2 8 0 2 8 0 2 8 0 2 7 1 2 7 6 2 8 1 2 8 0 2 8 0 2 8 1 2 7 0 2 4 0 2 8 16 30 2 5 30 3 0 2 8 6 2 8 17 9 2 12 16 2 0 2 8 0 2 8 1 2 7 1 2 7 1 2 4 0 2 7 5 30 3 0 2 8 0 2 8 0 2 8 0 2 3 0 2 7 1 2 7 0 2 8 0 2 8 0 2 7 0 2 8 0 2 3 0 2 7 0 2 8 1 2 7 0.000871603771755681588 64.8364377021789551
16 19 11 0 2 3 5 30 3 5 30 3 0 2 3 5 30 3 16 19 11 0 2 3 5 30 3 0 2 8 17 9 2 0 2 11 0 2 8 0 2 3 0 2 11 0 2 7 12 16 2 0 2 11 16 19 11 5 30 3 5 30 3 0 2 3 0 2 11 8 18 2 5 30 3 16 19 11 0 2 3 16 19 11 0 2 8 5 30 3 0 2 11 0 2 8 0 2 11 0 2 8 0 2 8 0 2 3 0 2 11 0 2 3 5 30 3 0 2 8 0 2 3 0 2 3 0 2 8 5 30 3 0 2 8 1 2 8 0 2 8 9 2 7 0 2 8 0 2 11 0 2 8 0 2 3 0 2 8 0 2 3 0 2 11 0 2 8 1 2 8 0 2 11 16 6 2 0 2 8 4.77717414334577083e-11 68.5130836963653564
8 18 2 5 30 3 8 18 2 16 19 12 16 19 12 8 18 2 5 30 3 5 30 3 13 6 3 5 30 3 16 19 12 8 18 2 6 2 8 6 2 8 12 16 2 16 15 2 8 9 2 5 30 3 6 2 12 8 9 2 8 18 2 16 19 12 16 19 12 16 19 1 5 30 3 5 30 3 0 2 12 2 3 3 8 9 2 8 9 2 0 2 8 8 18 2 0 2 8 0 2 12 0 2 8 5 30 3 6 2 12 0 2 12 8 18 2 6 2 8 0 2 12 8 18 2 8 9 2 0 2 8 8 9 2 6 2 12 0 2 12 6 2 8 8 9 2 5 30 3 0 2 12 0 2 8 6 2 8 6 2 8 6 2 12 0 2 8 0 2 8 8 18 2 8 18 2 0 2 8 0.0586288887204055656 66.9249252080917358
0 2 7 1 2 3 1 2 3 16 19 11 0 2 4 5 30 3 5 30 3 16 19 11 1 2 7 12 16 2 0 2 7 1 2 7 5 30 3 0 2 7 0 2 7 0 2 7 1 2 7 12 16 2 17 18 2 5 30 3 1 2 7 12 16 2 5 30 3 0 2 3 0 2 7 8 9 2 17 18 2 16 15 2 0 2 7 0 2 3 0 2 3 5 30 3 0 2 7 0 2 7 0 2 7 1 2 3 0 2 7 0 2 3 1 2 3 1 2 7 0 2 3 0 2 7 0 2 3 0 2 3 16 18 11 0 2 7 1 2 7 0 2 7 1 2 7 16 19 11 0 2 7 0 2 7 8 18 2 0 2 7 1 2 7 0 2 7 0 2 7 8 9 2 0 2 3 0 2 7 0 63.5210272669792175
0 2 7 0 2 8 0 2 8 0 2 7 0 2 11 0 2 3 0 2 3 17 18 2 0 2 3 0 2 7 0 2 8 5 31 3 6 2 7 5 30 3 0 2 3 0 2 7 0 2 7 0 2 3 5 30 3 5 30 3 1 2 7 0 2 7 0 2 8 0 2 11 5 30 3 0 2 3 12 16 2 0 2 8 0 2 7 0 2 8 1 2 8 0 2 8 0 2 8 5 30 3 16 6 2 8 18 2 0 2 3 1 2 7 0 2 7 5 30 3 0 2 8 5 30 3 0 2 8 16 6 2 5 30 3 8 18 2 0 2 3 0 2 11 16 19 11 0 2 12 16 19 11 1 2 11 16 19 12 12 16 2 0 2 8 1 2 8 16 19 12 8 9 2 12 16 2 0 2 3 0 66.6037431359291077
1 2 8 8 9 2 0 2 8 8 18 2 16 15 2 0 2 8 0 2 8 12 16 2 0 2 8 16 15 2 5 30 3 8 9 2 8 18 2 8 18 2 8 9 2 12 16 2 8 9 2 12 16 2 0 2 8 0 2 8 5 30 3 0 2 8 8 18 2 8 18 2 0 2 8 5 30 3 8 9 2 0 2 8 0 2 8 1 2 1 16 19 12 8 18 2 8 18 2 0 2 8 8 18 2 0 2 8 8 18 2 8 18 2 5 30 3 16 15 2 8 18 2 1 2 8 0 2 8 16 19 12 1 2 8 16 19 12 8 18 2 8 18 2 0 2 8 0 2 8 1 2 8 0 2 8 5 30 3 0 2 8 0 2 8 16 19 12 0 2 8 0 2 8 12 16 2 5 30 3 0.0106792451446379791 67.7034173011779785

Current Evaluation = 1800(1800)
Front Size = 10
0 2 7 0 2 7 0 2 7 0 2 7 1 2 7 17 9 2 1 2 7 1 2 7 0 2 7 0 2 7 5 31 3 1 2 7 0 2 7 0 2 7 0 2 7 5 31 3 5 31 3 0 2 7 1 2 7 0 2 7 1 2 7 0 2 7 12 16 2 17 18 2 1 2 7 16 6 2 8 18 2 0 2 7 0 2 7 5 31 3 16 6 2 0 2 7 16 19 11 16 6 2 1 2 7 12 16 2 17 9 2 12 16 2 0 2 7 0 2 4 1 2 7 1 2 7 1 2 4 0 2 7 0 2 7 1 2 7 0 2 4 0 2 4 0 2 7 5 30 3 0 2 7 1 2 7 0 2 7 1 2 7 0 2 7 0 2 7 0 2 7 0 2 4 8 9 2 1 2 7 0 61.2447254657745361
0 2 7 0 2 7 0 2 7 0 2 7 12 16 2 5 31 3 0 2 7 5 30 3 16 6 2 8 18 2 5 30 3 16 19 11 16 6 2 5 31 3 5 30 3 17 9 2 1 2 7 0 2 7 0 2 3 1 2 3 1 2 3 0 2 7 12 16 2 0 2 3 1 2 7 0 2 3 0 2 7 0 2 3 1 2 7 0 2 3 0 2 7 1 2 7 0 2 7 0 2 3 0 2 4 1 2 7 1 2 7 0 2 3 12 16 2 16 6 2 0 2 7 0 2 7 16 6 2 0 2 7 0 2 7 16 9 11 0 2 7 0 2 7 0 2 3 1 2 7 5 30 3 0 2 7 0 2 3 8 18 2 1 2 3 0 2 7 0 2 3 1 2 3 1 2 7 1 2 3 0 62.8195495009422302
5 30 3 0 2 8 0 2 8 1 2 8 0 2 8 0 2 3 0 2 8 16 19 12 8 18 2 5 30 3 5 30 3 0 2 8 0 2 3 5 30 3 0 2 8 16 19 12 8 9 2 8 18 2 0 2 8 0 2 3 0 2 8 0 2 8 0 2 8 5 30 3 0 2 8 16 19 12 5 30 3 8 9 2 0 2 8 0 2 3 1 2 3 12 16 2 1 2 3 0 2 8 5 30 3 0 2 8 0 2 8 16 6 2 0 2 3 0 2 3 0 2 3 0 2 3 0 2 8 16 6 2 5 30 3 0 2 3 16 19 12 0 2 3 0 2 8 0 2 3 0 2 8 16 19 12 1 2 3 0 2 8 12 16 2 12 16 2 0 2 8 0 2 8 5 30 3 0 2 8 8.34172752202701082e-06 68.4543880224227905
12 16 2 16 6 2 8 18 2 16 6 2 12 16 2 12 16 2 5 30 3 8 9 2 0 2 7 0 2 7 0 2 11 16 19 12 0 2 7 0 2 11 1 2 7 17 9 2 12 16 2 0 2 7 0 2 11 5 30 3 0 2 11 0 2 7 0 2 11 0 2 7 5 30 3 0 2 7 0 2 11 5 31 3 6 2 7 0 2 7 0 2 3 5 30 3 0 2 7 0 2 7 5 30 3 5 31 3 0 2 11 0 2 7 0 2 11 16 19 11 0 2 3 0 2 7 16 19 11 0 2 7 6 2 11 0 2 11 0 2 7 0 2 11 0 2 7 1 2 7 0 2 7 0 2 7 5 30 3 0 2 7 0 2 7 1 2 7 5 30 3 0 2 7 0 2 7 16 19 11 0 64.7116116881370544
8 18 2 5 30 3 8 18 2 16 19 12 16 19 12 8 18 2 5 30 3 5 30 3 13 6 3 5 30 3 16 19 12 8 18 2 6 2 8 6 2 8 12 16 2 16 15 2 8 9 2 5 30 3 6 2 12 8 9 2 8 18 2 16 19 12 16 19 12 16 19 1 5 30 3 5 30 3 0 2 12 2 3 3 8 9 2 8 9 2 0 2 8 8 18 2 0 2 8 0 2 12 0 2 8 5 30 3 6 2 12 0 2 12 8 18 2 6 2 8 0 2 12 8 18 2 8 9 2 0 2 8 8 9 2 6 2 12 0 2 12 6 2 8 8 9 2 5 30 3 0 2 12 0 2 8 6 2 8 6 2 8 6 2 12 0 2 8 0 2 8 8 18 2 8 18 2 0 2 8 0.0586288887204055656 66.9249252080917358
0 2 7 0 2 7 0 2 7 0 2 7 0 2 7 5 31 3 0 2 7 5 30 3 16 6 2 8 18 2 5 30 3 16 19 11 16 6 2 5 30 3 5 30 3 0 2 8 17 9 2 6 2 8 1 2 7 0 2 8 0 2 7 0 2 8 0 2 8 0 2 8 0 2 7 1 2 7 6 2 8 1 2 8 0 2 8 0 2 8 1 2 7 0 2 4 0 2 8 16 30 2 5 30 3 0 2 8 6 2 8 17 9 2 12 16 2 0 2 8 0 2 8 1 2 7 1 2 7 1 2 4 0 2 7 5 30 3 0 2 8 0 2 8 0 2 8 0 2 3 0 2 7 1 2 7 0 2 8 0 2 8 0 2 7 0 2 8 0 2 3 0 2 7 0 2 8 1 2 7 0.000871603771755681588 64.8364377021789551
1 2 8 8 9 2 0 2 8 8 18 2 16 15 2 0 2 8 0 2 8 12 16 2 0 2 8 16 15 2 5 30 3 8 9 2 8 18 2 8 18 2 8 9 2 12 16 2 8 9 2 12 16 2 0 2 8 0 2 8 5 30 3 0 2 8 8 18 2 8 18 2 0 2 8 5 30 3 8 9 2 0 2 8 0 2 8 1 2 1 16 19 12 8 18 2 8 18 2 0 2 8 8 18 2 0 2 8 8 18 2 8 18 2 5 30 3 16 15 2 8 18 2 1 2 8 0 2 8 16 19 12 1 2 8 16 19 12 8 18 2 8 18 2 0 2 8 0 2 8 1 2 8 0 2 8 5 30 3 0 2 8 0 2 8 16 19 12 0 2 8 0 2 8 12 16 2 5 30 3 0.0106792451446379791 67.7034173011779785
8 9 2 0 2 7 13 6 3 12 16 2 16 15 2 5 30 3 8 18 2 12 16 2 12 16 2 5 30 3 5 30 3 16 31 2 5 30 3 5 30 3 12 16 2 5 30 3 6 2 3 0 2 7 1 2 7 0 2 7 0 2 7 0 2 7 0 2 3 17 1 2 0 2 7 0 2 7 1 2 7 0 2 7 0 2 7 1 2 7 0 2 7 0 2 7 16 19 11 1 2 3 0 2 7 1 2 7 6 2 7 1 2 7 12 16 2 1 2 7 0 2 7 0 2 7 0 2 7 0 2 7 1 2 7 0 2 4 0 2 7 0 2 7 17 18 2 17 18 2 0 2 7 5 30 3 0 2 4 0 2 7 0 2 3 1 2 7 0 2 4 0 2 3 17 18 2 0 2 7 0 62.2022311091423035
12 16 2 16 6 2 8 18 2 16 6 2 12 16 2 12 16 2 5 30 3 8 9 2 0 2 7 0 2 8 0 2 7 0 2 7 1 2 7 17 9 2 1 2 7 1 2 7 0 2 7 0 2 8 5 31 3 1 2 7 0 2 3 0 2 7 1 2 8 5 31 3 5 31 3 0 2 7 1 2 7 0 2 7 0 2 3 0 2 7 17 18 2 1 2 7 0 2 8 0 2 3 0 2 3 0 2 7 16 19 11 16 6 2 1 2 7 17 9 2 0 2 8 0 2 4 1 2 3 0 2 3 16 19 12 0 2 3 0 2 8 0 2 8 8 18 2 0 2 4 0 2 7 0 2 7 1 2 7 0 2 7 0 2 8 16 19 12 0 2 7 0 2 3 0 2 8 1 2 7 0.0548801276360579154 63.6828771829605103
0 2 7 1 2 3 0 2 7 0 2 7 0 2 7 5 30 3 1 2 7 5 30 3 16 31 2 16 19 11 5 30 3 16 19 11 16 30 2 5 30 3 5 30 3 0 2 3 17 9 2 0 2 7 0 2 3 8 9 2 0 2 7 1 2 7 0 2 3 5 30 3 0 2 3 0 2 11 0 2 7 0 2 7 0 2 7 0 2 7 1 2 3 0 2 7 0 2 11 16 6 2 5 30 3 1 2 4 1 2 7 17 9 2 12 16 2 1 2 7 0 2 7 1 2 3 0 2 3 1 2 3 0 2 7 5 30 3 8 9 2 0 2 7 1 2 7 1 2 3 0 2 7 0 2 3 0 2 7 0 2 7 0 2 11 1 2 7 0 2 7 0 2 7 0 2 7 0 2 7 0 63.001982569694519

Current Evaluation = 2700(2700)
Front Size = 10
0 2 7 0 2 7 0 2 7 0 2 4 1 2 7 17 9 2 1 2 7 1 2 7 0 2 7 1 2 7 5 31 3 1 2 7 0 2 7 0 2 7 0 2 4 5 31 3 5 31 3 0 2 7 1 2 7 0 2 7 1 2 7 0 2 4 12 16 2 17 18 2 1 2 4 16 6 2 8 18 2 0 2 7 0 2 7 5 31 3 16 6 2 0 2 7 17 18 2 16 6 2 1 2 7 12 16 2 17 9 2 12 16 2 0 2 7 0 2 7 1 2 4 1 2 7 1 2 7 0 2 7 0 2 7 1 2 7 0 2 4 0 2 7 0 2 7 5 30 3 0 2 7 1 2 7 0 2 7 1 2 7 0 2 7 0 2 4 0 2 4 0 2 4 8 9 2 1 2 4 0 60.9121146202087402
5 30 3 16 31 2 0 2 11 5 30 3 16 6 2 5 30 3 5 30 3 0 2 7 1 2 7 0 2 3 0 2 7 0 2 11 6 2 11 0 2 11 1 2 11 1 2 7 5 30 3 1 2 11 12 16 2 0 2 7 0 2 11 5 30 3 0 2 11 0 2 7 0 2 11 0 2 7 0 2 7 0 2 7 0 2 7 0 2 7 0 2 3 0 2 11 16 19 11 0 2 3 0 2 3 1 2 7 5 30 3 0 2 3 15 2 11 17 9 2 5 30 3 0 2 7 0 2 7 0 2 7 5 30 3 16 19 11 0 2 3 0 2 7 16 6 2 15 2 11 17 18 2 0 2 7 0 2 3 0 2 7 0 2 3 0 2 3 1 2 3 1 2 7 1 2 3 6 2 7 0 64.0928766131401062
0 2 7 12 16 2 0 2 7 1 2 7 0 2 7 0 2 7 0 2 7 17 9 2 0 2 7 1 2 7 1 2 11 17 18 2 0 2 7 0 2 7 0 2 7 16 6 2 5 30 3 0 2 7 1 2 7 12 16 2 0 2 7 1 2 11 0 2 7 1 2 7 5 30 3 0 2 7 0 2 7 8 18 2 0 2 7 16 6 2 0 2 7 0 2 7 0 2 7 17 18 2 0 2 11 0 2 7 0 2 7 5 30 3 16 19 11 1 2 7 0 2 7 1 2 7 1 2 7 5 31 3 5 31 3 8 9 2 5 30 3 1 2 7 0 2 7 0 2 7 5 30 3 0 2 7 13 6 3 0 2 4 0 2 7 5 30 3 0 2 7 6 2 7 17 18 2 1 2 4 0 61.8566471934318542
5 30 3 0 2 8 0 2 8 1 2 8 0 2 8 0 2 3 0 2 8 16 19 12 8 18 2 5 30 3 5 30 3 0 2 8 0 2 3 5 30 3 0 2 8 16 19 12 8 9 2 8 18 2 0 2 8 0 2 3 0 2 8 0 2 8 0 2 8 5 30 3 0 2 8 16 19 12 5 30 3 8 9 2 0 2 8 0 2 3 1 2 3 12 16 2 1 2 3 0 2 8 5 30 3 0 2 8 0 2 8 16 6 2 0 2 3 0 2 3 0 2 3 0 2 3 0 2 8 16 6 2 5 30 3 0 2 3 16 19 12 0 2 3 0 2 8 0 2 3 0 2 8 16 19 12 1 2 3 0 2 8 12 16 2 12 16 2 0 2 8 0 2 8 5 30 3 0 2 8 8.34172752202701082e-06 68.4543880224227905
8 18 2 5 30 3 8 18 2 16 19 12 16 19 12 8 18 2 5 30 3 5 30 3 13 6 3 5 30 3 16 19 12 8 18 2 6 2 8 6 2 8 12 16 2 16 15 2 8 9 2 5 30 3 6 2 12 8 9 2 8 18 2 16 19 12 16 19 12 16 19 1 5 30 3 5 30 3 0 2 12 2 3 3 8 9 2 8 9 2 0 2 8 8 18 2 0 2 8 0 2 12 0 2 8 5 30 3 6 2 12 0 2 12 8 18 2 6 2 8 0 2 12 8 18 2 8 9 2 0 2 8 8 9 2 6 2 12 0 2 12 6 2 8 8 9 2 5 30 3 0 2 12 0 2 8 6 2 8 6 2 8 6 2 12 0 2 8 0 2 8 8 18 2 8 18 2 0 2 8 0.0586288887204055656 66.9249252080917358
5 30 3 8 18 2 8 9 2 12 16 2 16 6 2 16 6 2 12 16 2 12 16 2 0 2 8 0 2 8 1 2 8 0 2 8 0 2 3 0 2 8 5 31 3 0 2 7 5 30 3 0 2 7 0 2 7 5 30 3 0 2 8 16 19 12 8 18 2 0 2 8 0 2 7 0 2 8 0 2 7 0 2 8 5 30 3 0 2 8 16 19 12 1 2 7 8 9 2 0 2 7 0 2 3 1 2 3 16 19 11 0 2 7 5 30 3 0 2 8 0 2 8 0 2 3 1 2 7 0 2 3 0 2 3 0 2 8 0 2 7 0 2 4 16 19 12 1 2 7 0 2 8 1 2 7 0 2 8 16 19 12 1 2 3 0 2 4 0 2 8 0 2 7 5 30 3 0 2 7 0.000476514272795655679 66.1289244890213013
0 2 7 0 2 7 0 2 7 0 2 7 1 2 7 1 2 7 1 2 7 0 2 7 0 2 7 0 2 7 0 2 7 12 16 2 17 18 2 8 18 2 12 16 2 12 16 2 0 2 4 0 2 4 5 30 3 8 9 2 0 2 3 5 31 3 1 2 7 0 2 7 16 19 12 5 30 3 0 2 7 1 2 8 0 2 8 0 2 3 8 18 2 1 2 7 16 6 2 16 15 2 0 2 7 0 2 8 16 19 12 0 2 7 16 19 11 0 2 8 1 2 7 8 18 2 1 2 1 1 2 7 16 15 2 1 2 4 0 2 7 16 15 2 1 2 7 5 30 3 0 2 7 0 2 7 1 2 7 8 9 2 1 2 7 8 18 2 8 9 2 0 2 7 0 2 4 8 18 2 0.0153537331050967521 62.7184618711471558
8 9 2 8 18 2 16 15 2 12 16 2 5 30 3 12 16 2 12 16 2 5 30 3 5 30 3 5 30 3 5 30 3 12 16 2 5 30 3 1 2 8 0 2 7 0 2 8 0 2 8 0 2 4 16 15 2 8 9 2 8 18 2 8 18 2 8 9 2 0 2 7 0 2 8 0 2 7 0 2 4 0 2 3 8 18 2 0 2 8 8 9 2 0 2 8 0 2 8 1 2 1 0 2 7 8 18 2 8 18 2 0 2 7 0 2 3 0 2 7 1 2 7 8 18 2 16 15 2 8 18 2 17 18 2 0 2 8 16 19 12 1 2 7 0 2 7 8 18 2 8 18 2 0 2 8 0 2 8 1 2 8 0 2 7 6 2 3 1 2 7 16 19 12 0 2 8 0 2 8 0.00687250025494661864 65.6410285234451294
5 30 3 16 6 2 0 2 7 1 2 7 0 2 7 1 2 7 12 16 2 0 2 7 0 2 7 0 2 7 0 2 7 0 2 7 0 2 7 0 2 7 1 2 7 17 9 2 0 2 7 0 2 7 0 2 7 0 2 7 16 6 2 17 18 2 0 2 7 0 2 7 1 2 7 0 2 4 0 2 11 16 6 2 1 2 7 0 2 4 0 2 3 5 31 3 6 2 11 0 2 7 17 18 2 0 2 4 1 2 11 1 2 7 5 31 3 17 9 2 0 2 11 0 2 3 0 2 11 16 19 11 0 2 3 0 2 3 1 2 7 0 2 7 15 2 11 5 30 3 1 2 4 1 2 7 1 2 4 15 2 11 0 2 3 0 2 3 0 2 4 1 2 3 1 2 3 1 2 7 0.0150754724221538842 61.7636528015136719
5 30 3 1 2 3 0 2 3 5 30 3 0 2 3 5 30 3 0 2 4 0 2 3 0 2 7 5 31 3 0 2 7 12 16 2 16 6 2 0 2 7 0 2 7 6 2 7 1 2 7 16 6 2 0 2 3 1 2 3 12 16 2 6 2 7 0 2 7 0 2 3 0 2 3 0 2 7 16 19 11 8 18 2 0 2 7 1 2 7 0 2 7 17 18 2 0 2 7 0 2 3 0 2 3 0 2 7 1 2 7 16 19 11 8 9 2 1 2 7 5 30 3 1 2 7 0 2 3 0 2 11 0 2 7 0 2 7 0 2 7 5 30 3 16 19 11 0 2 7 1 2 3 0 2 3 16 19 11 5 30 3 0 2 7 12 16 2 0 2 3 0 2 7 1 2 3 0 2 7 0 63.9295363426208496

Current Evaluation = 3600(3600)
Front Size = 10
1 2 7 1 2 7 16 31 2 0 2 4 1 2 7 0 2 4 1 2 7 0 2 7 1 2 7 0 2 3 12 16 2 0 2 3 0 2 7 1 2 7 5 30 3 0 2 3 5 31 3 17 9 2 12 16 2 0 2 7 0 2 7 1 2 4 0 2 7 17 9 2 0 2 7 0 2 7 1 2 7 0 2 4 5 31 3 1 2 7 0 2 7 0 2 7 0 2 7 1 2 7 0 2 4 1 2 7 0 2 7 1 2 3 1 2 7 0 2 7 1 2 7 0 2 4 13 6 3 5 31 3 0 2 4 0 2 7 0 2 7 12 16 2 0 2 7 1 2 7 0 2 3 0 2 7 12 16 2 1 2 4 16 6 2 17 9 2 17 9 2 1 2 4 1 2 3 16 6 2 0 60.8440916538238525
5 30 3 5 30 3 5 30 3 5 31 3 12 16 2 16 6 2 0 2 7 5 30 3 5 30 3 5 30 3 0 2 7 0 2 3 16 6 2 0 2 7 0 2 3 0 2 7 0 2 7 0 2 7 0 2 7 0 2 7 0 2 3 0 2 7 1 2 7 0 2 7 0 2 7 0 2 7 0 2 7 0 2 7 1 2 4 5 31 3 0 2 7 1 2 7 0 2 3 0 2 7 0 2 7 1 2 7 0 2 7 6 2 7 0 2 7 1 2 3 1 2 7 17 18 2 0 2 4 16 19 11 17 9 2 8 18 2 0 2 3 0 2 7 16 15 2 1 2 3 1 2 3 0 2 7 0 2 3 0 2 3 1 2 3 0 2 3 0 2 7 1 2 7 16 18 11 0 2 7 0 62.9959144592285156
5 31 3 12 16 2 1 2 7 0 2 4 0 2 7 12 16 2 0 2 7 5 30 3 0 2 4 0 2 10 1 2 7 1 2 7 0 2 7 0 2 4 1 2 10 1 2 7 0 2 7 0 2 7 5 30 3 0 2 7 16 19 11 0 2 7 0 2 7 5 30 3 0 2 7 0 2 7 5 30 3 17 9 2 5 30 3 5 31 3 12 16 2 12 16 2 0 2 7 0 2 7 1 2 7 0 2 7 1 2 7 0 2 7 0 2 7 1 2 7 0 2 7 0 2 7 0 2 7 8 9 2 0 2 7 0 2 4 1 2 7 1 2 7 6 2 7 13 6 3 16 30 2 1 2 7 0 2 7 0 2 7 0 2 7 17 9 2 17 1 2 17 18 2 17 9 2 0 2 7 0 61.7036653161048889
8 18 2 5 30 3 8 18 2 16 19 12 16 19 12 8 18 2 5 30 3 5 30 3 13 6 3 5 30 3 16 19 12 8 18 2 6 2 8 6 2 8 12 16 2 16 15 2 8 9 2 5 30 3 6 2 12 8 9 2 8 18 2 16 19 12 16 19 12 16 19 1 5 30 3 5 30 3 0 2 12 2 3 3 8 9 2 8 9 2 0 2 8 8 18 2 0 2 8 0 2 12 0 2 8 5 30 3 6 2 12 0 2 12 8 18 2 6 2 8 0 2 12 8 18 2 8 9 2 0 2 8 8 9 2 6 2 12 0 2 12 6 2 8 8 9 2 5 30 3 0 2 12 0 2 8 6 2 8 6 2 8 6 2 12 0 2 8 0 2 8 8 18 2 8 18 2 0 2 8 0.0586288887204055656 66.9249252080917358
1 2 8 5 31 3 5 30 3 5 30 3 5 30 3 5 30 3 12 16 2 16 6 2 0 2 7 5 30 3 0 2 8 5 30 3 5 30 3 16 19 12 0 2 7 0 2 7 0 2 8 16 19 12 0 2 8 16 6 2 0 2 8 0 2 3 0 2 7 0 2 3 5 30 3 0 2 8 16 19 12 0 2 8 8 9 2 0 2 3 1 2 3 0 2 7 0 2 8 0 2 8 1 2 8 0 2 3 0 2 7 0 2 3 16 19 12 12 16 2 1 2 3 0 2 3 8 18 2 0 2 8 9 2 7 0 2 3 0 2 3 16 6 2 0 2 3 1 2 8 0 2 3 0 2 8 0 2 3 0 2 3 0 2 3 0 2 3 0 2 3 0 2 3 0 2 3 0 2 8 7.94216189699170131e-07 67.1374732255935669
5 30 3 0 2 11 5 30 3 16 6 2 16 19 11 5 31 3 1 2 11 0 2 11 0 2 11 0 2 11 6 2 7 0 2 11 0 2 7 5 30 3 0 2 11 12 16 2 0 2 7 0 2 7 5 30 3 0 2 7 0 2 7 0 2 7 1 2 7 0 2 7 0 2 7 0 2 11 0 2 11 6 2 11 0 2 7 5 30 3 17 9 2 5 31 3 0 2 7 1 2 11 0 2 11 5 30 3 6 2 7 8 18 2 0 2 7 0 2 7 6 2 7 0 2 7 16 15 2 17 18 2 17 9 2 8 18 2 17 9 2 0 2 7 0 2 7 0 2 7 0 2 7 5 30 3 6 2 7 0 2 11 12 16 2 0 2 7 6 2 11 0 2 10 12 16 2 1 2 11 0 64.0117888450622559
17 9 2 5 30 3 8 18 2 17 18 2 5 30 3 5 30 3 12 16 2 0 2 11 0 2 4 5 30 3 5 30 3 5 30 3 0 2 7 12 16 2 0 2 4 0 2 7 13 6 3 0 2 7 0 2 11 0 2 7 1 2 11 1 2 7 0 2 11 13 6 3 1 2 7 6 2 7 0 2 11 1 2 4 0 2 7 17 9 2 0 2 7 12 16 2 0 2 7 16 19 11 16 19 11 0 2 7 17 9 2 1 2 10 8 18 2 1 2 4 0 2 7 0 2 7 0 2 7 0 2 7 0 2 7 0 2 7 1 2 4 0 2 7 17 9 2 5 30 3 12 16 2 0 2 7 1 2 7 0 2 7 0 2 7 1 2 7 0 2 7 0 2 11 1 2 7 1 2 7 0 62.2612923979759216
5 31 3 5 30 3 5 30 3 5 30 3 5 30 3 12 16 2 0 2 7 5 30 3 0 2 7 0 2 7 0 2 7 8 9 2 0 2 7 0 2 7 12 16 2 0 2 7 0 2 7 1 2 7 5 30 3 5 30 3 16 19 12 0 2 7 12 16 2 0 2 8 16 6 2 0 2 8 17 9 2 0 2 7 5 30 3 0 2 8 16 19 12 0 2 4 17 9 2 0 2 7 17 9 2 0 2 8 0 2 7 0 2 7 0 2 3 16 19 12 1 2 7 0 2 3 0 2 4 1 2 7 0 2 7 1 2 7 0 2 7 16 6 2 0 2 3 17 1 2 0 2 3 13 6 3 0 2 7 0 2 3 1 2 10 0 2 4 0 2 3 0 2 7 0 2 3 0 2 7 0.0398680937239548963 63.628043532371521
5 30 3 16 31 2 0 2 11 5 30 3 16 6 2 5 30 3 5 30 3 0 2 7 1 2 7 0 2 3 0 2 7 0 2 11 6 2 11 0 2 11 1 2 11 1 2 7 5 30 3 1 2 11 12 16 2 0 2 7 0 2 11 5 30 3 0 2 11 0 2 7 0 2 11 0 2 7 0 2 7 0 2 7 0 2 7 0 2 7 0 2 3 0 2 11 16 19 11 0 2 3 0 2 3 1 2 7 5 30 3 0 2 3 15 2 11 17 9 2 5 30 3 0 2 7 0 2 7 0 2 7 5 30 3 16 19 11 0 2 3 0 2 7 16 6 2 15 2 11 17 18 2 0 2 7 0 2 3 0 2 7 0 2 3 0 2 3 1 2 3 1 2 7 1 2 3 6 2 7 0 64.0928766131401062
5 30 3 5 30 3 5 30 3 5 30 3 12 16 2 16 6 2 0 2 7 5 30 3 5 30 3 5 30 3 0 2 7 0 2 7 16 6 2 0 2 3 0 2 7 0 2 3 5 30 3 0 2 3 1 2 3 0 2 7 0 2 3 0 2 7 0 2 3 1 2 3 0 2 3 0 2 3 0 2 3 0 2 3 0 2 7 5 30 3 1 2 11 16 19 12 0 2 7 16 19 12 0 2 8 0 2 8 0 2 8 16 19 12 0 2 8 8 9 2 16 19 11 0 2 8 1 2 7 0 2 7 12 16 2 0 2 11 0 2 8 0 2 7 16 31 2 0 2 7 15 2 11 0 2 7 0 2 3 0 2 3 0 2 3 0 2 11 0 2 7 0 2 11 0 2 3 6 2 11 4.99600681476063013e-05 65.781667947769165

Current Evaluation = 4500(4500)
Front Size = 10
5 31 3 5 30 3 12 16 2 16 6 2 1 2 7 0 2 7 1 2 7 16 6 2 0 2 7 1 2 7 0 2 7 0 2 4 0 2 7 1 2 7 1 2 7 1 2 4 0 2 7 1 2 7 0 2 7 0 2 7 1 2 7 0 2 7 0 2 3 5 31 3 0 2 7 6 2 3 0 2 7 0 2 7 1 2 7 1 2 4 1 2 7 0 2 7 17 9 2 0 2 7 1 2 7 0 2 7 0 2 7 16 31 2 0 2 7 12 16 2 13 6 3 1 2 7 1 2 7 1 2 4 0 2 7 12 16 2 5 31 3 0 2 7 1 2 7 17 18 2 12 16 2 13 6 3 17 9 2 0 2 7 0 2 7 12 16 2 0 2 3 0 2 7 17 9 2 0 2 7 0 60.4765434265136719
1 2 8 5 31 3 5 30 3 5 30 3 5 30 3 5 30 3 12 16 2 16 6 2 0 2 7 5 30 3 0 2 8 5 30 3 5 30 3 16 19 12 0 2 7 0 2 7 0 2 8 16 19 12 0 2 8 16 6 2 0 2 8 0 2 3 0 2 7 0 2 3 5 30 3 0 2 8 16 19 12 0 2 8 8 9 2 0 2 3 1 2 3 0 2 7 0 2 8 0 2 8 1 2 8 0 2 3 0 2 7 0 2 3 16 19 12 12 16 2 1 2 3 0 2 3 8 18 2 0 2 8 9 2 7 0 2 3 0 2 3 16 6 2 0 2 3 1 2 8 0 2 3 0 2 8 0 2 3 0 2 3 0 2 3 0 2 3 0 2 3 0 2 3 0 2 3 0 2 8 7.94216189699170131e-07 67.1374732255935669
8 18 2 5 30 3 8 18 2 16 19 12 16 19 12 8 18 2 5 30 3 5 30 3 13 6 3 5 30 3 16 19 12 8 18 2 6 2 8 6 2 8 12 16 2 16 15 2 8 9 2 5 30 3 6 2 12 8 9 2 8 18 2 16 19 12 16 19 12 16 19 1 5 30 3 5 30 3 0 2 12 2 3 3 8 9 2 8 9 2 0 2 8 8 18 2 0 2 8 0 2 12 0 2 8 5 30 3 6 2 12 0 2 12 8 18 2 6 2 8 0 2 12 8 18 2 8 9 2 0 2 8 8 9 2 6 2 12 0 2 12 6 2 8 8 9 2 5 30 3 0 2 12 0 2 8 6 2 8 6 2 8 6 2 12 0 2 8 0 2 8 8 18 2 8 18 2 0 2 8 0.0586288887204055656 66.9249252080917358
12 16 2 5 30 3 16 6 2 5 30 3 5 31 3 1 2 7 0 2 7 0 2 7 0 2 10 5 31 3 0 2 7 0 2 7 0 2 7 0 2 7 1 2 7 0 2 7 17 9 2 0 2 7 0 2 7 0 2 7 6 2 4 16 6 2 1 2 7 1 2 7 0 2 7 0 2 11 0 2 7 0 2 7 0 2 7 0 2 7 0 2 7 1 2 7 5 30 3 1 2 7 5 30 3 5 30 3 0 2 7 0 2 7 1 2 4 1 2 7 0 2 7 8 9 2 0 2 7 17 18 2 1 2 7 17 18 2 1 2 7 1 2 7 0 2 7 0 2 7 0 2 7 1 2 3 17 18 2 0 2 7 16 31 2 0 2 7 1 2 7 5 30 3 13 6 3 0 2 7 0 61.1683444380760193
5 30 3 0 2 7 16 6 2 16 6 2 5 30 3 5 30 3 1 2 7 1 2 7 0 2 7 0 2 7 0 2 3 0 2 3 1 2 3 5 30 3 1 2 4 1 2 7 0 2 3 6 2 3 5 30 3 0 2 7 0 2 3 0 2 7 0 2 3 0 2 3 0 2 7 0 2 7 0 2 3 0 2 7 16 19 11 5 30 3 17 9 2 0 2 4 0 2 7 0 2 7 0 2 7 17 18 2 0 2 4 0 2 7 0 2 7 16 30 2 0 2 10 1 2 11 0 2 4 0 2 3 0 2 7 1 2 3 1 2 3 1 2 7 8 18 2 5 31 3 12 16 2 15 2 11 17 18 2 1 2 7 0 2 3 0 2 7 0 2 4 1 2 7 1 2 11 1 2 3 0 62.7212384939193726
5 30 3 5 31 3 12 16 2 16 6 2 1 2 7 12 16 2 0 2 7 0 2 7 0 2 7 0 2 4 0 2 7 0 2 7 0 2 7 5 30 3 0 2 7 6 2 7 0 2 7 0 2 3 17 9 2 0 2 11 0 2 7 0 2 4 0 2 7 12 16 2 0 2 7 12 16 2 0 2 7 8 18 2 16 18 11 17 9 2 1 2 7 16 6 2 1 2 7 0 2 7 1 2 7 5 31 3 1 2 7 1 2 11 0 2 7 0 2 7 1 2 7 0 2 7 5 31 3 6 2 7 0 2 4 16 30 2 0 2 7 16 6 2 0 2 7 1 2 7 5 31 3 0 2 7 12 16 2 13 6 3 5 30 3 0 2 11 12 16 2 0 2 4 0 2 7 1 2 7 0 61.9737544655799866
5 30 3 0 2 7 16 30 2 16 6 2 0 2 7 0 2 7 0 2 3 1 2 7 0 2 7 0 2 3 0 2 7 0 2 7 0 2 7 0 2 7 1 2 7 0 2 3 0 2 7 5 30 3 1 2 7 0 2 7 0 2 7 0 2 3 0 2 7 8 18 2 0 2 7 0 2 3 12 16 2 1 2 7 5 31 3 12 16 2 0 2 3 0 2 3 1 2 3 5 31 3 12 16 2 16 6 2 5 30 3 17 9 2 0 2 7 1 2 7 1 2 7 0 2 7 5 31 3 16 9 8 1 2 7 0 2 7 16 6 2 13 6 3 16 20 12 5 30 3 0 2 3 0 2 7 12 16 2 12 16 2 0 2 3 0 2 3 1 2 7 1 2 7 0 2 7 1 2 3 0 62.5981264114379883
5 30 3 12 16 2 16 15 2 0 2 3 0 2 7 8 9 2 16 6 2 0 2 7 0 2 7 1 2 7 0 2 7 0 2 7 1 2 7 0 2 7 1 2 7 6 2 7 0 2 7 0 2 7 1 2 7 0 2 7 1 2 7 17 9 2 0 2 7 0 2 7 0 2 7 16 6 2 17 9 2 0 2 7 5 31 3 16 19 12 5 30 3 0 2 3 0 2 7 6 2 7 0 2 7 0 2 7 0 2 7 1 2 7 0 2 3 0 2 3 0 2 3 0 2 7 5 31 3 0 2 7 0 2 7 5 31 3 1 2 7 1 2 7 5 30 3 0 2 7 0 2 7 6 2 7 0 2 7 5 30 3 0 2 7 0 2 7 12 16 2 16 19 11 8 18 2 5 30 3 0 62.6978633999824524
5 30 3 0 2 11 5 30 3 16 6 2 16 19 11 5 31 3 1 2 11 0 2 11 0 2 11 0 2 11 6 2 7 0 2 11 0 2 7 5 30 3 0 2 11 12 16 2 0 2 7 0 2 7 5 30 3 0 2 7 0 2 7 0 2 7 1 2 7 0 2 7 0 2 7 0 2 11 0 2 11 6 2 11 0 2 7 5 30 3 17 9 2 5 31 3 0 2 7 1 2 11 0 2 11 5 30 3 6 2 7 8 18 2 0 2 7 0 2 7 6 2 7 0 2 7 16 15 2 17 18 2 17 9 2 8 18 2 17 9 2 0 2 7 0 2 7 0 2 7 0 2 7 5 30 3 6 2 7 0 2 11 12 16 2 0 2 7 6 2 11 0 2 10 12 16 2 1 2 11 0 64.0117888450622559
5 30 3 0 2 7 5 30 3 16 6 2 5 30 3 5 30 3 0 2 11 6 2 3 0 2 3 0 2 7 0 2 7 0 2 7 0 2 11 5 30 3 0 2 10 12 16 2 0 2 7 0 2 7 5 30 3 1 2 7 0 2 7 0 2 7 0 2 7 0 2 7 0 2 7 0 2 11 0 2 3 1 2 7 16 19 11 5 31 3 17 18 2 1 2 11 0 2 11 0 2 7 0 2 3 17 9 2 0 2 3 1 2 3 1 2 7 8 9 2 0 2 7 6 2 7 0 2 7 16 6 2 0 2 7 1 2 11 0 2 3 0 2 11 1 2 7 5 31 3 16 19 11 0 2 7 16 6 2 0 2 3 0 2 11 0 2 7 0 2 7 0 2 7 5 30 3 0 2 11 0 63.8462476134300232

Current Evaluation = 5400(5400)
Front Size = 10
5 31 3 5 30 3 12 16 2 16 6 2 1 2 7 0 2 7 1 2 7 16 6 2 0 2 7 1 2 7 0 2 7 0 2 4 0 2 7 1 2 7 1 2 7 1 2 4 0 2 7 1 2 7 0 2 7 0 2 7 1 2 7 0 2 7 0 2 3 5 31 3 0 2 7 6 2 3 0 2 7 0 2 7 1 2 7 1 2 4 1 2 7 0 2 7 17 9 2 0 2 7 1 2 7 0 2 7 0 2 7 16 31 2 0 2 7 12 16 2 13 6 3 1 2 7 1 2 7 1 2 4 0 2 7 12 16 2 5 31 3 0 2 7 1 2 7 17 18 2 12 16 2 13 6 3 17 9 2 0 2 7 0 2 7 12 16 2 0 2 3 0 2 7 17 9 2 0 2 7 0 60.4765434265136719
5 31 3 5 31 3 12 16 2 16 6 2 12 16 2 0 2 8 0 2 3 0 2 7 1 2 8 0 2 7 0 2 8 0 2 3 16 6 2 5 30 3 0 2 7 0 2 8 0 2 8 5 30 3 16 6 2 0 2 7 0 2 7 0 2 8 0 2 3 0 2 7 16 19 11 0 2 8 0 2 8 0 2 7 1 2 8 16 19 11 5 30 3 0 2 7 0 2 8 5 30 3 0 2 8 0 2 3 0 2 7 0 2 8 0 2 3 0 2 8 0 2 7 0 2 11 16 19 12 5 30 3 0 2 7 0 2 8 0 2 7 5 31 3 0 2 8 0 2 11 0 2 12 0 2 8 16 19 11 0 2 8 0 2 7 5 31 3 0 2 8 0 2 3 5 30 3 0 2 8 0 67.302390456199646
5 31 3 6 2 7 16 15 2 5 30 3 5 31 3 0 2 7 1 2 7 0 2 7 1 2 7 6 2 7 0 2 7 1 2 7 5 30 3 0 2 7 1 2 7 0 2 7 13 6 3 0 2 7 0 2 7 0 2 7 0 2 7 0 2 7 0 2 7 0 2 7 0 2 3 0 2 7 0 2 3 0 2 7 0 2 7 17 18 2 0 2 7 5 30 3 12 16 2 0 2 7 0 2 7 0 2 7 0 2 7 5 30 3 0 2 3 5 30 3 17 18 2 0 2 7 0 2 7 5 31 3 0 2 7 16 30 2 17 9 2 0 2 7 1 2 7 1 2 3 0 2 7 1 2 7 16 19 12 5 30 3 16 19 11 0 2 7 0 2 7 0 2 3 1 2 8 1 2 7 0 62.6183323860168457
5 31 3 5 30 3 12 16 2 16 6 2 12 16 2 0 2 7 0 2 7 0 2 3 0 2 7 0 2 7 0 2 7 0 2 7 0 2 7 17 9 2 1 2 7 6 2 7 0 2 7 17 18 2 16 6 2 0 2 7 0 2 4 5 30 3 1 2 7 0 2 3 0 2 7 0 2 4 1 2 7 1 2 3 1 2 10 6 2 7 5 31 3 16 18 11 0 2 7 12 16 2 0 2 3 0 2 7 6 2 7 1 2 11 1 2 7 5 30 3 0 2 4 17 18 2 0 2 7 0 2 4 0 2 7 0 2 7 5 31 3 0 2 7 0 2 7 0 2 7 0 2 7 16 6 2 1 2 7 0 2 4 1 2 7 5 31 3 13 6 3 1 2 7 0 2 11 12 16 2 0 61.9336625337600708
5 31 3 1 2 7 5 30 3 5 30 3 0 2 7 1 2 7 1 2 7 1 2 7 1 2 7 0 2 7 1 2 7 5 30 3 0 2 7 1 2 7 0 2 7 13 6 3 0 2 7 0 2 7 0 2 3 0 2 7 0 2 7 1 2 7 0 2 3 0 2 3 0 2 7 1 2 7 0 2 7 0 2 4 17 18 2 1 2 3 5 30 3 12 16 2 0 2 7 0 2 3 0 2 7 5 30 3 17 18 2 5 31 3 8 18 2 1 2 7 0 2 3 0 2 7 0 2 3 16 6 2 0 2 7 16 6 2 0 2 3 1 2 4 0 2 3 0 2 3 16 30 2 16 6 2 1 2 7 12 16 2 0 2 7 12 16 2 0 2 3 0 2 3 0 2 3 16 18 11 0 62.1773125529289246
5 30 3 12 16 2 16 6 2 12 16 2 0 2 7 0 2 11 0 2 11 0 2 7 0 2 7 0 2 7 0 2 7 0 2 11 1 2 7 0 2 7 16 6 2 0 2 7 5 30 3 0 2 7 16 6 2 1 2 7 1 2 7 1 2 7 0 2 7 12 16 2 0 2 7 0 2 4 0 2 3 5 30 3 0 2 7 0 2 7 8 18 2 0 2 7 1 2 7 17 9 2 1 2 7 17 18 2 0 2 11 5 30 3 1 2 7 0 2 7 5 30 3 16 19 11 0 2 11 0 2 7 5 31 3 8 18 2 0 2 7 17 9 2 0 2 7 5 30 3 0 2 7 8 9 2 0 2 7 5 30 3 1 2 11 0 2 7 0 2 7 1 2 7 1 2 7 13 6 3 0 62.3372393846511841
1 2 8 5 31 3 5 30 3 5 30 3 5 30 3 5 30 3 12 16 2 16 6 2 0 2 7 5 30 3 0 2 8 5 30 3 5 30 3 16 19 12 0 2 7 0 2 7 0 2 8 16 19 12 0 2 8 16 6 2 0 2 8 0 2 3 0 2 7 0 2 3 5 30 3 0 2 8 16 19 12 0 2 8 8 9 2 0 2 3 1 2 3 0 2 7 0 2 8 0 2 8 1 2 8 0 2 3 0 2 7 0 2 3 16 19 12 12 16 2 1 2 3 0 2 3 8 18 2 0 2 8 9 2 7 0 2 3 0 2 3 16 6 2 0 2 3 1 2 8 0 2 3 0 2 8 0 2 3 0 2 3 0 2 3 0 2 3 0 2 3 0 2 3 0 2 3 0 2 8 7.94216189699170131e-07 67.1374732255935669
8 18 2 5 30 3 8 18 2 16 19 12 16 19 12 8 18 2 5 30 3 5 30 3 13 6 3 5 30 3 16 19 12 8 18 2 6 2 8 6 2 8 12 16 2 16 15 2 8 9 2 5 30 3 6 2 12 8 9 2 8 18 2 16 19 12 16 19 12 16 19 1 5 30 3 5 30 3 0 2 12 2 3 3 8 9 2 8 9 2 0 2 8 8 18 2 0 2 8 0 2 12 0 2 8 5 30 3 6 2 12 0 2 12 8 18 2 6 2 8 0 2 12 8 18 2 8 9 2 0 2 8 8 9 2 6 2 12 0 2 12 6 2 8 8 9 2 5 30 3 0 2 12 0 2 8 6 2 8 6 2 8 6 2 12 0 2 8 0 2 8 8 18 2 8 18 2 0 2 8 0.0586288887204055656 66.9249252080917358
5 30 3 0 2 11 5 30 3 16 6 2 16 19 11 5 31 3 1 2 11 0 2 11 0 2 11 0 2 11 6 2 7 0 2 11 0 2 7 5 30 3 0 2 11 12 16 2 0 2 7 0 2 7 5 30 3 0 2 7 0 2 7 0 2 7 1 2 7 0 2 7 0 2 7 0 2 11 0 2 11 6 2 11 0 2 7 5 30 3 17 9 2 5 31 3 0 2 7 1 2 11 0 2 11 5 30 3 6 2 7 8 18 2 0 2 7 0 2 7 6 2 7 0 2 7 16 15 2 17 18 2 17 9 2 8 18 2 17 9 2 0 2 7 0 2 7 0 2 7 0 2 7 5 30 3 6 2 7 0 2 11 12 16 2 0 2 7 6 2 11 0 2 10 12 16 2 1 2 11 0 64.0117888450622559
5 30 3 16 6 2 5 30 3 5 30 3 12 16 2 16 6 2 0 2 7 0 2 7 0 2 3 16 6 2 0 2 7 0 2 3 0 2 3 0 2 3 0 2 7 0 2 7 0 2 7 12 16 2 16 6 2 1 2 7 5 30 3 5 30 3 1 2 3 1 2 3 5 30 3 0 2 7 0 2 3 16 19 11 12 16 2 0 2 3 5 30 3 0 2 3 16 19 11 0 2 7 8 9 2 1 2 7 0 2 3 1 2 7 1 2 7 0 2 3 8 9 2 0 2 3 0 2 3 8 9 2 0 2 3 0 2 3 0 2 3 0 2 3 0 2 7 0 2 7 16 19 11 1 2 3 1 2 7 5 30 3 0 2 3 0 2 7 0 2 7 6 2 3 0 2 7 0 2 7 0 64.0887231826782227

Current Evaluation = 6300(6300)
Front Size = 10
5 31 3 5 30 3 12 16 2 16 6 2 1 2 7 0 2 7 1 2 7 16 6 2 0 2 7 1 2 7 0 2 7 0 2 4 0 2 7 1 2 7 1 2 7 1 2 4 0 2 7 1 2 7 0 2 7 0 2 7 1 2 7 0 2 7 0 2 3 5 31 3 0 2 7 6 2 3 0 2 7 0 2 7 1 2 7 1 2 4 1 2 7 0 2 7 17 9 2 0 2 7 1 2 7 0 2 7 0 2 7 16 31 2 0 2 7 12 16 2 13 6 3 1 2 7 1 2 7 1 2 4 0 2 7 12 16 2 5 31 3 0 2 7 1 2 7 17 18 2 12 16 2 13 6 3 17 9 2 0 2 7 0 2 7 12 16 2 0 2 3 0 2 7 17 9 2 0 2 7 0 60.4765434265136719
5 31 3 5 30 3 12 16 2 16 6 2 1 2 3 0 2 7 1 2 3 16 6 2 0 2 3 1 2 7 0 2 7 0 2 7 0 2 7 1 2 3 1 2 7 1 2 7 0 2 7 0 2 7 0 2 3 0 2 7 1 2 3 0 2 3 0 2 3 5 31 3 0 2 3 0 2 7 0 2 7 1 2 7 1 2 3 0 2 3 0 2 7 1 2 3 0 2 7 0 2 7 12 16 2 13 6 3 1 2 7 16 19 11 17 18 2 0 2 7 1 2 3 5 30 3 8 18 2 16 30 2 0 2 7 1 2 3 1 2 7 0 2 7 5 30 3 0 2 7 1 2 3 12 16 2 0 2 7 17 9 2 0 2 7 0 2 3 16 6 2 0 2 7 0 2 7 0 2 7 0 62.0895556211471558
17 9 2 16 6 2 5 31 3 0 2 4 12 16 2 1 2 4 0 2 7 0 2 7 1 2 7 0 2 7 1 2 7 0 2 4 0 2 7 0 2 7 17 9 2 5 31 3 1 2 7 1 2 4 0 2 4 0 2 7 8 18 2 17 9 2 17 9 2 1 2 7 0 2 7 0 2 7 0 2 7 12 16 2 1 2 4 12 16 2 0 2 7 1 2 4 1 2 4 1 2 7 13 6 3 1 2 4 0 2 7 0 2 4 0 2 7 1 2 4 16 6 2 0 2 7 17 18 2 0 2 7 0 2 7 5 31 3 0 2 4 0 2 4 5 31 3 1 2 7 1 2 7 0 2 7 1 2 7 12 16 2 1 2 7 0 2 7 0 2 7 6 2 7 0 2 7 12 16 2 0 60.6511556506156921
16 6 2 12 16 2 16 6 2 0 2 7 0 2 7 0 2 7 0 2 7 0 2 7 0 2 7 12 16 2 0 2 7 0 2 7 12 16 2 0 2 7 0 2 7 1 2 7 1 2 7 0 2 11 0 2 7 1 2 7 0 2 7 0 2 7 6 2 7 0 2 7 8 9 2 5 30 3 1 2 7 17 18 2 16 19 11 5 31 3 5 31 3 0 2 7 16 6 2 0 2 7 8 9 2 0 2 7 0 2 7 5 30 3 12 16 2 0 2 7 0 2 7 1 2 7 0 2 7 16 18 11 0 2 7 8 9 2 0 2 7 5 30 3 0 2 7 5 30 3 5 30 3 0 2 7 0 2 7 1 2 1 12 16 2 16 19 11 5 31 3 12 16 2 0 2 7 0 2 7 0 63.3778160810470581
5 30 3 12 16 2 16 6 2 0 2 4 16 6 2 1 2 7 1 2 7 0 2 7 0 2 7 1 2 4 17 18 2 1 2 4 0 2 4 0 2 7 5 31 3 0 2 7 0 2 3 0 2 7 0 2 7 0 2 4 0 2 7 12 16 2 13 6 3 0 2 3 17 18 2 0 2 7 12 16 2 0 2 3 16 6 2 1 2 7 6 2 3 12 16 2 0 2 3 5 31 3 1 2 7 0 2 7 0 2 3 1 2 7 1 2 7 12 16 2 1 2 7 0 2 7 0 2 3 8 9 2 0 2 7 17 18 2 1 2 4 1 2 7 0 2 4 0 2 4 1 2 7 5 31 3 16 6 2 1 2 3 1 2 7 1 2 3 0 2 7 0 2 3 0 2 7 0 2 3 0 61.4138466119766235
5 30 3 0 2 7 5 30 3 16 6 2 17 1 2 13 6 3 1 2 7 0 2 7 0 2 7 1 2 7 0 2 7 0 2 3 0 2 7 5 30 3 0 2 3 12 16 2 1 2 7 1 2 7 5 30 3 0 2 3 0 2 7 0 2 3 1 2 7 0 2 7 0 2 7 0 2 3 1 2 7 1 2 7 0 2 3 1 2 7 17 9 2 1 2 7 1 2 4 0 2 7 0 2 4 5 30 3 0 2 7 8 18 2 1 2 7 1 2 7 0 2 3 0 2 3 16 15 2 17 18 2 17 9 2 8 18 2 17 9 2 0 2 7 0 2 7 0 2 3 0 2 3 5 30 3 1 2 7 0 2 3 12 16 2 0 2 7 0 2 7 0 2 7 0 2 7 6 2 7 0 61.7732844948768616
5 30 3 0 2 7 5 30 3 5 30 3 16 6 2 0 2 7 0 2 7 1 2 7 0 2 7 0 2 7 6 2 7 5 30 3 1 2 7 0 2 7 1 2 7 13 6 3 0 2 7 1 2 7 0 2 7 6 2 7 1 2 7 0 2 7 6 2 3 0 2 7 0 2 4 0 2 7 17 18 2 1 2 7 12 16 2 0 2 7 1 2 3 17 18 2 5 31 3 13 6 3 16 6 2 0 2 7 16 30 2 16 6 2 12 16 2 0 2 7 12 16 2 0 2 7 0 2 7 0 2 4 5 31 3 0 2 7 5 31 3 12 16 2 1 2 7 0 2 7 17 9 2 1 2 7 0 2 7 0 2 7 0 2 7 5 31 3 0 2 7 0 2 7 0 2 7 0 2 7 0 61.1328723430633545
5 31 3 1 2 7 5 30 3 5 30 3 0 2 7 1 2 7 0 2 3 0 2 3 0 2 7 0 2 7 1 2 3 5 30 3 0 2 7 1 2 3 1 2 7 13 6 3 0 2 4 0 2 7 0 2 7 0 2 7 1 2 7 1 2 7 0 2 7 0 2 3 0 2 3 0 2 7 0 2 4 0 2 7 17 18 2 1 2 4 5 30 3 12 16 2 1 2 3 1 2 3 0 2 7 5 30 3 17 18 2 1 2 7 17 18 2 0 2 7 0 2 7 0 2 3 0 2 7 16 31 2 0 2 7 16 6 2 1 2 4 1 2 7 1 2 4 0 2 7 6 2 7 16 31 2 0 2 7 12 16 2 0 2 7 12 16 2 0 2 7 0 2 7 0 2 7 16 19 11 0 61.6719314455986023
5 30 3 0 2 7 1 2 7 16 30 2 16 19 11 5 30 3 0 2 7 0 2 7 0 2 7 0 2 11 1 2 7 0 2 7 0 2 11 5 30 3 0 2 7 1 2 7 0 2 3 0 2 7 16 19 11 0 2 3 0 2 7 1 2 3 0 2 7 1 2 7 1 2 7 1 2 7 0 2 7 0 2 7 1 2 11 5 30 3 17 9 2 5 30 3 0 2 7 0 2 7 1 2 7 5 30 3 1 2 7 8 18 2 0 2 7 1 2 4 0 2 7 0 2 7 16 6 2 17 18 2 17 18 2 8 18 2 8 9 2 0 2 11 0 2 7 0 2 7 1 2 7 5 31 3 0 2 7 0 2 7 5 30 3 0 2 7 0 2 11 0 2 7 12 16 2 0 2 7 0 62.693603515625
0 2 7 0 2 3 5 30 3 16 30 2 6 2 3 0 2 7 12 16 2 0 2 7 5 30 3 5 31 3 12 16 2 0 2 3 5 30 3 1 2 3 1 2 7 0 2 7 5 30 3 0 2 7 0 2 7 5 30 3 0 2 7 0 2 7 12 16 2 0 2 7 16 30 2 0 2 3 0 2 7 1 2 7 0 2 7 5 31 3 0 2 10 0 2 3 8 9 2 16 6 2 0 2 4 1 2 3 0 2 7 5 30 3 1 2 3 0 2 7 0 2 7 12 16 2 0 2 3 1 2 7 0 2 7 17 9 2 12 16 2 1 2 7 13 6 3 0 2 7 0 2 7 0 2 7 0 2 7 0 2 7 16 19 11 1 2 7 0 2 7 0 2 7 16 19 11 16 19 11 0 63.1832171678543091

Current Evaluation = 7200(7200)
Front Size = 10
5 31 3 5 30 3 12 16 2 16 6 2 1 2 7 0 2 7 1 2 7 16 6 2 0 2 7 1 2 7 0 2 7 0 2 4 0 2 7 1 2 7 1 2 7 1 2 4 0 2 7 1 2 7 0 2 7 0 2 7 1 2 7 0 2 7 0 2 3 5 31 3 0 2 7 6 2 3 0 2 7 0 2 7 1 2 7 1 2 4 1 2 7 0 2 7 17 9 2 0 2 7 1 2 7 0 2 7 0 2 7 16 31 2 0 2 7 12 16 2 13 6 3 1 2 7 1 2 7 1 2 4 0 2 7 12 16 2 5 31 3 0 2 7 1 2 7 17 18 2 12 16 2 13 6 3 17 9 2 0 2 7 0 2 7 12 16 2 0 2 3 0 2 7 17 9 2 0 2 7 0 60.4765434265136719
5 30 3 6 2 7 16 30 2 1 2 7 0 2 7 1 2 4 17 18 2 0 2 7 1 2 7 0 2 7 0 2 7 13 6 3 0 2 7 0 2 7 0 2 7 13 6 3 1 2 7 0 2 7 0 2 7 1 2 7 1 2 7 0 2 7 17 18 2 1 2 4 12 16 2 0 2 7 0 2 7 5 30 3 12 16 2 0 2 7 12 16 2 0 2 7 5 30 3 0 2 7 0 2 7 5 30 3 12 16 2 6 2 7 0 2 7 1 2 7 0 2 7 0 2 7 5 31 3 13 6 3 0 2 7 17 18 2 16 6 2 16 6 2 5 30 3 17 9 2 0 2 7 5 31 3 0 2 7 1 2 7 0 2 7 0 2 7 0 2 7 5 31 3 12 16 2 0 2 7 0 60.9162502288818359
5 31 3 0 2 7 5 30 3 13 6 3 1 2 7 0 2 7 0 2 7 1 2 7 0 2 7 0 2 7 0 2 7 5 30 3 0 2 11 12 16 2 0 2 7 1 2 7 5 30 3 0 2 7 0 2 7 0 2 7 1 2 7 6 2 4 0 2 4 0 2 7 1 2 7 1 2 4 8 18 2 1 2 1 17 9 2 1 2 7 1 2 7 0 2 4 0 2 7 5 30 3 0 2 4 17 18 2 1 2 7 0 2 7 16 15 2 17 18 2 17 9 2 0 2 7 0 2 7 12 16 2 0 2 7 0 2 7 1 2 11 0 2 7 1 2 7 8 9 2 12 16 2 16 6 2 1 2 7 17 9 2 0 2 7 0 2 4 5 30 3 8 9 2 0 2 7 0 2 7 0 61.4311104416847229
1 2 4 16 6 2 13 6 3 1 2 7 1 2 7 0 2 7 1 2 7 0 2 7 0 2 4 12 16 2 1 2 7 1 2 4 0 2 7 1 2 7 0 2 7 0 2 4 0 2 7 1 2 7 0 2 7 17 9 2 0 2 4 1 2 7 0 2 7 0 2 7 0 2 7 5 30 3 17 18 2 17 18 2 17 18 2 0 2 7 0 2 4 12 16 2 1 2 7 0 2 4 0 2 7 0 2 7 0 2 7 5 31 3 0 2 4 17 9 2 13 6 3 5 30 3 0 2 11 0 2 7 0 2 7 1 2 7 1 2 7 1 2 7 12 16 2 1 2 4 1 2 11 0 2 4 5 31 3 1 2 11 8 18 2 12 16 2 1 2 7 0 2 7 0 2 7 17 9 2 0 60.5269064903259277
5 31 3 12 16 2 0 2 3 1 2 4 17 18 2 0 2 7 0 2 7 0 2 3 0 2 7 0 2 3 1 2 7 1 2 3 0 2 4 1 2 7 1 2 7 0 2 7 1 2 3 1 2 3 12 16 2 13 6 3 12 16 2 5 30 3 1 2 3 1 2 3 1 2 3 1 2 3 1 2 7 5 30 3 1 2 7 12 16 2 5 30 3 8 9 2 17 18 2 0 2 3 0 2 3 0 2 7 0 2 7 0 2 7 0 2 4 0 2 7 0 2 7 0 2 3 16 30 2 0 2 7 0 2 3 16 6 2 0 2 7 17 18 2 1 2 7 0 2 7 1 2 7 0 2 7 5 30 3 0 2 7 0 2 7 0 2 3 0 2 3 16 6 2 16 6 2 13 6 3 0 61.5528246164321899
5 30 3 0 2 7 5 30 3 16 6 2 17 1 2 13 6 3 1 2 7 0 2 7 0 2 7 1 2 7 0 2 7 0 2 3 0 2 7 5 30 3 0 2 3 12 16 2 1 2 7 1 2 7 5 30 3 0 2 3 0 2 7 0 2 3 1 2 7 0 2 7 0 2 7 0 2 3 1 2 7 1 2 7 0 2 3 1 2 7 17 9 2 1 2 7 1 2 4 0 2 7 0 2 4 5 30 3 0 2 7 8 18 2 1 2 7 1 2 7 0 2 3 0 2 3 16 15 2 17 18 2 17 9 2 8 18 2 17 9 2 0 2 7 0 2 7 0 2 3 0 2 3 5 30 3 1 2 7 0 2 3 12 16 2 0 2 7 0 2 7 0 2 7 0 2 7 6 2 7 0 61.7732844948768616
12 16 2 12 16 2 0 2 7 0 2 7 0 2 7 0 2 7 0 2 7 12 16 2 0 2 11 0 2 7 12 16 2 0 2 7 0 2 7 0 2 7 0 2 7 1 2 7 1 2 7 1 2 7 0 2 7 0 2 7 8 9 2 5 30 3 1 2 7 8 18 2 5 30 3 0 2 11 0 2 7 0 2 11 5 30 3 0 2 7 5 30 3 5 30 3 5 30 3 1 2 7 16 6 2 0 2 7 5 30 3 16 19 11 16 6 2 8 18 2 0 2 7 17 18 2 12 16 2 13 6 3 0 2 7 0 2 7 17 9 2 0 2 7 8 9 2 1 2 11 0 2 11 1 2 7 0 2 7 0 2 7 12 16 2 16 19 11 0 2 7 16 6 2 5 31 3 0 2 7 0 63.028001070022583
5 30 3 12 16 2 0 2 3 1 2 7 17 18 2 0 2 7 0 2 3 1 2 3 0 2 7 0 2 7 1 2 7 0 2 7 0 2 7 0 2 7 1 2 4 0 2 4 1 2 4 12 16 2 13 6 3 12 16 2 5 30 3 0 2 3 0 2 7 1 2 7 5 30 3 1 2 7 12 16 2 5 31 3 17 9 2 0 2 7 0 2 3 0 2 7 0 2 7 0 2 11 0 2 7 0 2 7 6 2 7 5 31 3 0 2 7 16 6 2 1 2 7 17 18 2 0 2 7 1 2 7 1 2 7 0 2 7 16 30 2 13 6 3 0 2 7 16 30 2 1 2 3 0 2 7 0 2 7 1 2 7 0 2 7 12 16 2 0 2 11 1 2 7 5 31 3 16 30 2 0 61.2138617634773254
5 30 3 1 2 7 5 30 3 13 6 3 6 2 7 0 2 7 0 2 7 1 2 7 0 2 7 0 2 7 0 2 7 5 30 3 0 2 4 12 16 2 0 2 7 1 2 7 5 30 3 1 2 11 1 2 7 0 2 7 1 2 7 1 2 7 0 2 7 0 2 7 5 31 3 0 2 7 0 2 7 1 2 3 17 9 2 0 2 7 0 2 7 0 2 7 0 2 7 5 30 3 0 2 11 8 18 2 0 2 7 0 2 7 16 31 2 17 18 2 17 9 2 1 2 7 0 2 7 12 16 2 0 2 7 1 2 7 0 2 7 1 2 7 16 30 2 17 1 2 0 2 7 0 2 7 5 30 3 5 30 3 0 2 7 0 2 7 17 18 2 0 2 7 0 2 7 1 2 7 0 61.3781333565711975
5 31 3 1 2 7 5 30 3 5 30 3 0 2 7 1 2 7 0 2 3 0 2 3 0 2 7 0 2 7 1 2 3 5 30 3 0 2 7 1 2 3 1 2 7 13 6 3 0 2 4 0 2 7 0 2 7 0 2 7 1 2 7 1 2 7 0 2 7 0 2 3 0 2 3 0 2 7 0 2 4 0 2 7 17 18 2 1 2 4 5 30 3 12 16 2 1 2 3 1 2 3 0 2 7 5 30 3 17 18 2 1 2 7 17 18 2 0 2 7 0 2 7 0 2 3 0 2 7 16 31 2 0 2 7 16 6 2 1 2 4 1 2 7 1 2 4 0 2 7 6 2 7 16 31 2 0 2 7 12 16 2 0 2 7 12 16 2 0 2 7 0 2 7 0 2 7 16 19 11 0 61.6719314455986023

Current Evaluation = 8100(8100)
Front Size = 10
5 31 3 17 9 2 13 6 3 0 2 7 1 2 7 0 2 7 12 16 2 0 2 4 0 2 7 12 16 2 1 2 7 0 2 7 0 2 7 1 2 7 1 2 7 17 18 2 0 2 7 17 18 2 1 2 7 1 2 7 0 2 7 1 2 7 0 2 7 0 2 7 1 2 7 1 2 7 0 2 7 1 2 7 0 2 7 0 2 7 0 2 7 0 2 7 1 2 7 1 2 7 12 16 2 17 18 2 13 6 3 16 6 2 5 30 3 1 2 7 5 31 3 5 31 3 12 16 2 0 2 7 1 2 7 0 2 7 0 2 7 1 2 7 1 2 7 13 6 3 16 30 2 0 2 7 0 2 7 5 30 3 0 2 7 0 2 7 0 2 7 0 2 7 0 2 7 17 18 2 0 60.1149684190750122
5 30 3 12 16 2 0 2 7 17 18 2 1 2 7 0 2 7 8 9 2 0 2 4 0 2 7 1 2 11 1 2 7 1 2 4 0 2 7 12 16 2 13 6 3 12 16 2 0 2 7 1 2 7 0 2 7 12 16 2 5 31 3 17 9 2 5 31 3 0 2 7 0 2 7 0 2 7 0 2 3 5 30 3 0 2 7 16 6 2 1 2 7 1 2 7 0 2 7 1 2 4 0 2 7 0 2 7 0 2 3 0 2 7 1 2 7 1 2 3 12 16 2 0 2 11 5 30 3 0 2 7 1 2 7 0 2 7 0 2 7 17 9 2 17 9 2 0 2 7 0 2 7 8 18 2 0 2 7 1 2 7 1 2 4 13 6 3 16 6 2 1 2 7 0 2 7 16 6 2 0 61.043074369430542
5 31 3 12 16 2 0 2 3 1 2 4 17 18 2 0 2 7 0 2 7 0 2 3 0 2 7 0 2 3 1 2 7 1 2 3 0 2 4 1 2 7 1 2 7 0 2 7 1 2 3 1 2 3 12 16 2 13 6 3 12 16 2 5 30 3 1 2 3 1 2 3 1 2 3 1 2 3 1 2 7 5 30 3 1 2 7 12 16 2 5 30 3 8 9 2 17 18 2 0 2 3 0 2 3 0 2 7 0 2 7 0 2 7 0 2 4 0 2 7 0 2 7 0 2 3 16 30 2 0 2 7 0 2 3 16 6 2 0 2 7 17 18 2 1 2 7 0 2 7 1 2 7 0 2 7 5 30 3 0 2 7 0 2 7 0 2 3 0 2 3 16 6 2 16 6 2 13 6 3 0 61.5528246164321899
5 31 3 1 2 4 17 9 2 13 6 3 6 2 4 0 2 7 1 2 7 0 2 7 12 16 2 0 2 7 0 2 7 12 16 2 1 2 4 1 2 7 0 2 7 0 2 4 0 2 4 0 2 7 1 2 7 1 2 7 17 18 2 0 2 7 17 18 2 1 2 7 1 2 7 0 2 7 1 2 4 0 2 4 1 2 7 0 2 7 0 2 4 0 2 7 1 2 7 1 2 7 0 2 7 0 2 7 0 2 4 17 9 2 0 2 4 0 2 7 0 2 7 0 2 7 0 2 7 1 2 7 1 2 7 1 2 4 12 16 2 17 18 2 13 6 3 0 2 4 16 6 2 5 30 3 1 2 7 5 31 3 5 31 3 17 18 2 12 16 2 0 2 7 1 2 3 0 2 7 0 60.2408736348152161
5 30 3 0 2 3 5 30 3 16 6 2 17 9 2 13 6 3 1 2 7 0 2 4 0 2 7 1 2 7 0 2 7 0 2 7 0 2 7 5 30 3 0 2 7 12 16 2 0 2 7 1 2 7 5 30 3 0 2 7 0 2 7 0 2 7 1 2 7 0 2 7 0 2 7 0 2 7 1 2 7 1 2 11 0 2 3 1 2 3 17 9 2 1 2 7 1 2 7 0 2 3 0 2 4 5 30 3 0 2 7 8 18 2 1 2 7 1 2 3 0 2 4 0 2 3 16 15 2 16 31 2 17 9 2 8 18 2 17 9 2 1 2 3 0 2 3 0 2 7 0 2 3 5 30 3 1 2 7 1 2 7 12 16 2 0 2 7 0 2 7 0 2 4 0 2 7 6 2 3 0 61.6657394170761108
5 31 3 0 2 7 5 30 3 13 6 3 1 2 11 0 2 7 0 2 7 1 2 7 0 2 7 0 2 7 0 2 7 5 30 3 0 2 7 12 16 2 0 2 7 1 2 7 5 30 3 0 2 7 0 2 7 0 2 7 1 2 7 6 2 7 0 2 4 0 2 7 1 2 7 1 2 4 8 18 2 1 2 1 17 9 2 1 2 7 1 2 11 0 2 4 0 2 4 5 30 3 0 2 4 17 18 2 1 2 7 0 2 7 16 15 2 17 18 2 17 9 2 0 2 7 0 2 7 12 16 2 0 2 7 0 2 7 1 2 7 0 2 7 1 2 7 8 9 2 12 16 2 16 6 2 1 2 7 17 9 2 0 2 7 0 2 4 5 30 3 8 9 2 0 2 7 0 2 7 0 61.4311103224754333
5 31 3 1 2 7 5 30 3 5 30 3 0 2 7 1 2 7 0 2 3 0 2 3 0 2 7 0 2 7 1 2 3 5 30 3 0 2 7 1 2 3 1 2 7 13 6 3 0 2 4 0 2 7 0 2 7 0 2 7 1 2 7 1 2 7 0 2 7 0 2 3 0 2 3 0 2 7 0 2 4 0 2 7 17 18 2 1 2 4 5 30 3 12 16 2 1 2 3 1 2 3 0 2 7 5 30 3 17 18 2 1 2 7 17 18 2 0 2 7 0 2 7 0 2 3 0 2 7 16 31 2 0 2 7 16 6 2 1 2 4 1 2 7 1 2 4 0 2 7 6 2 7 16 31 2 0 2 7 12 16 2 0 2 7 12 16 2 0 2 7 0 2 7 0 2 7 16 19 11 0 61.6719314455986023
5 31 3 1 2 7 13 6 3 0 2 7 0 2 7 1 2 7 0 2 7 0 2 7 0 2 7 0 2 7 12 16 2 0 2 7 0 2 4 0 2 7 6 2 11 0 2 7 0 2 7 0 2 7 0 2 7 0 2 7 0 2 7 1 2 7 5 31 3 1 2 7 12 16 2 0 2 3 1 2 7 1 2 4 0 2 7 17 18 2 17 9 2 0 2 7 1 2 4 1 2 7 1 2 7 17 18 2 0 2 7 1 2 7 1 2 7 13 6 3 1 2 7 17 9 2 16 6 2 5 31 3 1 2 7 0 2 7 5 30 3 0 2 4 0 2 7 5 30 3 0 2 7 5 30 3 0 2 4 0 2 7 0 2 7 17 18 2 5 30 3 0 2 7 16 6 2 6 2 7 0 60.7409644722938538
5 31 3 12 16 2 1 2 7 0 2 7 0 2 4 0 2 4 0 2 7 1 2 7 1 2 7 1 2 7 1 2 7 1 2 7 0 2 7 0 2 7 12 16 2 13 6 3 12 16 2 5 30 3 1 2 7 0 2 4 1 2 7 5 31 3 17 9 2 17 18 2 0 2 7 0 2 7 0 2 7 0 2 4 0 2 7 1 2 7 0 2 7 16 6 2 0 2 7 8 9 2 1 2 7 1 2 7 1 2 4 0 2 7 5 31 3 0 2 7 0 2 7 16 6 2 12 16 2 1 2 7 0 2 7 0 2 7 0 2 4 17 9 2 0 2 7 1 2 7 8 18 2 12 16 2 0 2 4 0 2 7 0 2 7 16 15 2 17 9 2 0 2 7 1 2 7 0 2 7 0 60.8278894424438477
5 31 3 0 2 7 5 30 3 13 6 3 0 2 7 0 2 7 1 2 7 0 2 7 0 2 7 0 2 7 5 30 3 0 2 7 1 2 3 0 2 7 1 2 7 5 30 3 0 2 3 0 2 4 0 2 7 1 2 4 0 2 7 1 2 7 1 2 7 1 2 4 17 9 2 1 2 7 0 2 4 0 2 7 5 30 3 17 18 2 1 2 7 0 2 3 17 18 2 0 2 3 0 2 4 12 16 2 0 2 7 0 2 7 1 2 7 0 2 7 1 2 7 8 9 2 12 16 2 16 6 2 1 2 4 0 2 7 0 2 7 0 2 3 0 2 7 1 2 4 8 18 2 1 2 7 1 2 7 0 2 4 16 15 2 1 2 3 17 9 2 0 2 7 17 18 2 0 2 3 0 61.1878196001052856

Current Evaluation = 9000(9000)
Front Size = 10
5 31 3 17 9 2 13 6 3 0 2 7 1 2 7 0 2 7 12 16 2 0 2 4 0 2 7 12 16 2 1 2 7 0 2 7 0 2 7 1 2 7 1 2 7 17 18 2 0 2 7 17 18 2 1 2 7 1 2 7 0 2 7 1 2 7 0 2 7 0 2 7 1 2 7 1 2 7 0 2 7 1 2 7 0 2 7 0 2 7 0 2 7 0 2 7 1 2 7 1 2 7 12 16 2 17 18 2 13 6 3 16 6 2 5 30 3 1 2 7 5 31 3 5 31 3 12 16 2 0 2 7 1 2 7 0 2 7 0 2 7 1 2 7 1 2 7 13 6 3 16 30 2 0 2 7 0 2 7 5 30 3 0 2 7 0 2 7 0 2 7 0 2 7 0 2 7 17 18 2 0 60.1149684190750122
5 31 3 12 16 2 0 2 7 17 18 2 0 2 7 0 2 7 0 2 7 0 2 7 1 2 4 1 2 4 12 16 2 13 6 3 12 16 2 0 2 7 0 2 7 0 2 7 1 2 7 17 9 2 5 30 3 1 2 7 0 2 7 0 2 7 5 31 3 1 2 7 1 2 7 1 2 7 0 2 4 0 2 3 0 2 4 1 2 7 1 2 7 0 2 7 0 2 7 0 2 4 16 6 2 0 2 7 0 2 7 0 2 7 1 2 7 0 2 7 1 2 7 1 2 7 0 2 7 0 2 7 6 2 7 1 2 7 5 31 3 0 2 4 17 9 2 1 2 3 1 2 7 0 2 7 17 18 2 13 6 3 1 2 4 1 2 4 17 9 2 17 9 2 0 2 7 1 2 4 0 60.1825236678123474
5 31 3 12 16 2 0 2 3 1 2 4 17 18 2 0 2 7 0 2 7 0 2 3 0 2 7 0 2 3 1 2 7 1 2 3 0 2 4 1 2 7 1 2 7 0 2 7 1 2 3 1 2 3 12 16 2 13 6 3 12 16 2 5 30 3 1 2 3 1 2 3 1 2 3 1 2 3 1 2 7 5 30 3 1 2 7 12 16 2 5 30 3 8 9 2 17 18 2 0 2 3 0 2 3 0 2 7 0 2 7 0 2 7 0 2 4 0 2 7 0 2 7 0 2 3 16 30 2 0 2 7 0 2 3 16 6 2 0 2 7 17 18 2 1 2 7 0 2 7 1 2 7 0 2 7 5 30 3 0 2 7 0 2 7 0 2 3 0 2 3 16 6 2 16 6 2 13 6 3 0 61.5528246164321899
17 9 2 13 6 3 1 2 7 0 2 7 1 2 7 12 16 2 0 2 4 0 2 4 12 16 2 0 2 4 0 2 7 0 2 7 1 2 3 0 2 3 0 2 7 1 2 7 0 2 7 0 2 7 1 2 7 0 2 4 0 2 7 1 2 3 1 2 7 0 2 7 1 2 7 0 2 4 1 2 7 1 2 7 0 2 7 16 31 2 5 31 3 0 2 7 0 2 7 0 2 4 5 30 3 5 30 3 17 18 2 0 2 3 1 2 4 5 30 3 0 2 7 17 18 2 0 2 7 0 2 7 0 2 7 5 31 3 12 16 2 1 2 7 1 2 7 0 2 3 1 2 7 17 18 2 0 2 7 1 2 4 6 2 7 17 9 2 6 2 3 0 2 4 1 2 7 16 32 2 0 60.9981396794319153
0 2 7 5 30 3 5 30 3 0 2 7 1 2 7 0 2 3 0 2 7 0 2 7 0 2 7 1 2 7 5 30 3 0 2 7 1 2 4 1 2 7 13 6 3 0 2 7 0 2 4 0 2 4 0 2 3 0 2 3 1 2 7 0 2 7 0 2 3 0 2 4 0 2 7 0 2 7 0 2 7 5 30 3 12 16 2 1 2 7 0 2 7 5 30 3 0 2 7 0 2 7 0 2 7 0 2 7 1 2 7 16 6 2 0 2 7 16 6 2 1 2 4 0 2 7 0 2 7 12 16 2 17 9 2 0 2 3 1 2 7 1 2 3 17 9 2 17 18 2 1 2 3 1 2 3 6 2 3 16 15 2 8 18 2 8 18 2 17 9 2 1 2 7 1 2 3 5 31 3 0 61.5815165042877197
5 31 3 17 9 2 13 6 3 0 2 7 1 2 7 0 2 7 12 16 2 0 2 7 12 16 2 1 2 7 0 2 7 0 2 7 1 2 7 1 2 7 17 18 2 0 2 7 17 18 2 1 2 7 1 2 7 6 2 7 1 2 7 0 2 7 0 2 7 1 2 7 0 2 7 0 2 7 1 2 7 0 2 7 1 2 7 0 2 3 0 2 7 1 2 7 1 2 7 12 16 2 13 6 3 16 6 2 5 30 3 5 30 3 12 16 2 0 2 7 0 2 7 0 2 7 13 6 3 0 2 7 0 2 7 5 30 3 0 2 7 0 2 7 0 2 3 0 2 7 12 16 2 17 9 2 0 2 7 5 31 3 1 2 4 0 2 7 5 30 3 16 6 2 0 2 7 16 31 2 0 60.5670152306556702
5 31 3 12 16 2 0 2 4 17 18 2 0 2 7 0 2 7 0 2 7 0 2 7 1 2 7 0 2 4 12 16 2 13 6 3 12 16 2 0 2 7 0 2 7 0 2 4 0 2 7 17 9 2 5 31 3 1 2 7 0 2 4 1 2 7 5 31 3 1 2 7 16 6 2 1 2 4 1 2 7 0 2 7 0 2 7 0 2 7 1 2 4 17 18 2 1 2 7 1 2 7 0 2 7 1 2 4 0 2 7 0 2 4 0 2 7 1 2 7 6 2 7 0 2 4 1 2 7 17 18 2 1 2 7 17 9 2 0 2 7 0 2 7 1 2 4 0 2 7 0 2 4 12 16 2 16 6 2 1 2 7 1 2 4 12 16 2 0 2 7 5 31 3 0 2 4 8 18 2 0 60.6511556506156921
17 9 2 13 6 3 1 2 7 0 2 7 0 2 7 12 16 2 0 2 4 0 2 7 5 31 3 1 2 7 0 2 7 0 2 7 5 30 3 0 2 7 1 2 4 0 2 4 0 2 11 0 2 7 0 2 7 1 2 7 0 2 7 0 2 7 6 2 7 1 2 7 0 2 7 5 30 3 0 2 7 0 2 7 5 31 3 17 18 2 0 2 7 1 2 7 0 2 7 0 2 7 0 2 4 5 30 3 12 16 2 1 2 7 1 2 7 0 2 4 1 2 4 1 2 7 17 18 2 1 2 7 16 15 2 0 2 7 1 2 7 1 2 7 5 30 3 0 2 7 8 9 2 0 2 7 17 9 2 17 18 2 0 2 7 1 2 7 8 9 2 16 6 2 0 2 7 0 2 7 0 60.9651865363121033
5 31 3 1 2 7 5 30 3 5 30 3 0 2 7 1 2 7 0 2 3 0 2 3 0 2 7 0 2 7 1 2 3 5 30 3 0 2 7 1 2 3 1 2 7 13 6 3 0 2 4 0 2 7 0 2 7 0 2 7 1 2 7 1 2 7 0 2 7 0 2 3 0 2 3 0 2 7 0 2 4 0 2 7 17 18 2 1 2 4 5 30 3 12 16 2 1 2 3 1 2 3 0 2 7 5 30 3 17 18 2 1 2 7 17 18 2 0 2 7 0 2 7 0 2 3 0 2 7 16 31 2 0 2 7 16 6 2 1 2 4 1 2 7 1 2 4 0 2 7 6 2 7 16 31 2 0 2 7 12 16 2 0 2 7 12 16 2 0 2 7 0 2 7 0 2 7 16 19 11 0 61.6719314455986023
5 31 3 17 9 2 13 6 3 0 2 7 1 2 7 0 2 7 12 16 2 0 2 4 0 2 7 12 16 2 1 2 7 0 2 7 0 2 7 1 2 7 1 2 7 17 18 2 0 2 7 17 18 2 1 2 7 1 2 7 0 2 7 1 2 7 0 2 7 0 2 7 1 2 7 1 2 7 0 2 7 1 2 7 0 2 7 0 2 7 0 2 7 0 2 7 1 2 7 1 2 7 12 16 2 17 18 2 5 30 3 5 31 3 0 2 7 0 2 7 5 30 3 1 2 4 0 2 4 1 2 7 5 31 3 5 30 3 1 2 7 1 2 4 1 2 7 1 2 7 0 2 4 16 30 2 0 2 7 0 2 4 0 2 4 0 2 7 0 2 7 1 2 3 0 2 3 6 2 7 0.000171705033780209773 61.0651776194572449

Current Evaluation = 9900(9900)
Front Size = 10
5 31 3 17 9 2 13 6 3 0 2 7 1 2 7 0 2 7 12 16 2 0 2 4 0 2 7 12 16 2 1 2 7 0 2 7 0 2 7 1 2 7 1 2 7 17 18 2 0 2 7 17 18 2 1 2 7 1 2 7 0 2 7 1 2 7 0 2 7 0 2 7 1 2 7 1 2 7 0 2 7 1 2 7 0 2 7 0 2 7 0 2 7 0 2 7 1 2 7 1 2 7 12 16 2 17 18 2 13 6 3 16 6 2 5 30 3 1 2 7 5 31 3 5 31 3 12 16 2 0 2 7 1 2 7 0 2 7 0 2 7 1 2 7 1 2 7 13 6 3 16 30 2 0 2 7 0 2 7 5 30 3 0 2 7 0 2 7 0 2 7 0 2 7 0 2 7 17 18 2 0 60.1149684190750122
17 9 2 13 6 3 1 2 7 0 2 7 1 2 7 12 16 2 0 2 4 0 2 4 12 16 2 0 2 4 0 2 7 0 2 7 1 2 3 0 2 3 0 2 7 1 2 7 0 2 7 0 2 7 1 2 7 0 2 4 0 2 7 1 2 3 1 2 7 0 2 7 1 2 7 0 2 4 1 2 7 1 2 7 0 2 7 16 31 2 5 31 3 0 2 7 0 2 7 0 2 4 5 30 3 5 30 3 17 18 2 0 2 3 1 2 4 5 30 3 0 2 7 17 18 2 0 2 7 0 2 7 0 2 7 5 31 3 12 16 2 1 2 7 1 2 7 0 2 3 1 2 7 17 18 2 0 2 7 1 2 4 6 2 7 17 9 2 6 2 3 0 2 4 1 2 7 16 32 2 0 60.9981396794319153
5 31 3 12 16 2 0 2 7 17 18 2 0 2 7 0 2 7 0 2 7 0 2 7 1 2 4 1 2 4 12 16 2 13 6 3 12 16 2 0 2 7 0 2 7 0 2 7 1 2 7 17 9 2 5 30 3 1 2 7 0 2 7 0 2 7 5 31 3 1 2 7 1 2 7 1 2 7 0 2 4 0 2 3 0 2 4 1 2 7 1 2 7 0 2 7 0 2 7 0 2 4 16 6 2 0 2 7 0 2 7 0 2 7 1 2 7 0 2 7 1 2 7 1 2 7 0 2 7 0 2 7 6 2 7 1 2 7 5 31 3 0 2 4 17 9 2 1 2 3 1 2 7 0 2 7 17 18 2 13 6 3 1 2 4 1 2 4 17 9 2 17 9 2 0 2 7 1 2 4 0 60.1825236678123474
5 31 3 12 16 2 0 2 7 17 18 2 0 2 7 0 2 7 0 2 7 0 2 7 1 2 7 0 2 4 12 16 2 13 6 3 12 16 2 0 2 7 0 2 7 0 2 4 0 2 7 13 6 3 5 31 3 1 2 7 6 2 4 0 2 4 5 31 3 1 2 7 16 6 2 1 2 7 1 2 7 0 2 7 0 2 7 0 2 7 1 2 4 17 18 2 1 2 7 1 2 7 0 2 7 1 2 7 0 2 7 0 2 4 0 2 7 1 2 7 1 2 7 0 2 4 1 2 7 17 18 2 1 2 7 17 9 2 0 2 7 0 2 7 1 2 7 0 2 7 0 2 7 12 16 2 16 6 2 1 2 4 1 2 7 12 16 2 0 2 7 5 31 3 0 2 4 17 18 2 0 60.3157115578651428
5 31 3 12 16 2 0 2 7 17 9 2 0 2 7 0 2 7 0 2 4 0 2 7 12 16 2 13 6 3 0 2 3 1 2 7 0 2 7 0 2 7 0 2 7 5 30 3 0 2 7 1 2 7 1 2 7 1 2 7 1 2 7 1 2 4 1 2 7 1 2 7 0 2 7 1 2 7 1 2 7 0 2 7 12 16 2 16 30 2 1 2 7 5 30 3 0 2 7 1 2 7 0 2 7 0 2 7 0 2 7 0 2 7 0 2 7 1 2 7 1 2 7 17 9 2 0 2 3 0 2 7 0 2 7 17 18 2 13 6 3 0 2 7 5 31 3 17 18 2 12 16 2 16 32 2 1 2 3 0 2 7 1 2 7 1 2 7 1 2 7 8 9 2 17 9 2 0 2 3 0 60.5334916114807129
5 31 3 12 16 2 0 2 3 1 2 4 17 18 2 0 2 7 0 2 7 0 2 3 0 2 7 0 2 3 1 2 7 1 2 3 0 2 4 1 2 7 1 2 7 0 2 7 1 2 3 1 2 3 12 16 2 13 6 3 12 16 2 5 30 3 1 2 3 1 2 3 1 2 3 1 2 3 1 2 7 5 30 3 1 2 7 12 16 2 5 30 3 8 9 2 17 18 2 0 2 3 0 2 3 0 2 7 0 2 7 0 2 7 0 2 4 0 2 7 0 2 7 0 2 3 16 30 2 0 2 7 0 2 3 16 6 2 0 2 7 17 18 2 1 2 7 0 2 7 1 2 7 0 2 7 5 30 3 0 2 7 0 2 7 0 2 3 0 2 3 16 6 2 16 6 2 13 6 3 0 61.5528246164321899
5 31 3 1 2 4 0 2 7 17 9 2 1 2 7 0 2 7 0 2 7 0 2 7 12 16 2 13 6 3 0 2 7 1 2 7 0 2 7 17 18 2 5 30 3 0 2 7 0 2 7 1 2 7 1 2 7 6 2 7 0 2 7 1 2 7 1 2 7 0 2 7 1 2 11 1 2 4 0 2 7 12 16 2 1 2 7 5 30 3 1 2 7 1 2 7 0 2 7 0 2 7 0 2 7 0 2 7 1 2 7 1 2 7 17 9 2 0 2 4 0 2 7 0 2 7 17 18 2 0 2 7 5 31 3 17 18 2 16 15 2 1 2 7 0 2 7 0 2 7 0 2 4 0 2 7 16 31 2 0 2 7 1 2 7 0 2 4 0 2 7 5 30 3 8 9 2 0 2 7 0 60.6650884747505188
5 31 3 1 2 4 5 31 3 5 30 3 0 2 7 0 2 7 0 2 7 0 2 7 1 2 11 0 2 7 1 2 7 5 30 3 0 2 7 1 2 4 0 2 7 13 6 3 0 2 7 0 2 7 0 2 11 1 2 7 0 2 7 1 2 7 0 2 11 0 2 7 0 2 4 0 2 7 1 2 7 0 2 7 17 18 2 1 2 7 5 30 3 12 16 2 6 2 4 1 2 7 0 2 7 17 18 2 1 2 11 17 18 2 17 18 2 0 2 4 0 2 7 0 2 11 0 2 7 16 31 2 1 2 7 12 16 2 12 16 2 5 30 3 16 24 2 17 18 2 1 2 4 0 2 4 0 2 4 8 9 2 0 2 7 0 2 7 0 2 7 6 2 7 12 16 2 1 2 7 0 61.5062196254730225
5 31 3 12 16 2 5 31 3 17 18 2 0 2 7 0 2 7 1 2 7 0 2 4 0 2 4 1 2 7 16 9 11 13 6 3 12 16 2 0 2 4 0 2 7 0 2 7 1 2 7 17 9 2 5 31 3 1 2 7 1 2 7 5 31 3 5 30 3 0 2 7 1 2 7 6 2 7 1 2 7 0 2 7 0 2 7 1 2 7 1 2 7 0 2 7 1 2 7 0 2 7 0 2 4 0 2 7 1 2 7 1 2 11 0 2 7 0 2 4 1 2 7 1 2 7 0 2 7 0 2 7 17 9 2 0 2 7 0 2 7 17 18 2 0 2 7 1 2 7 16 6 2 0 2 7 1 2 7 0 2 7 1 2 7 0 2 7 17 9 2 0 2 7 0 2 7 0 2 4 0 60.7854166030883789
5 31 3 1 2 7 5 30 3 5 30 3 0 2 7 1 2 7 0 2 3 0 2 3 0 2 7 0 2 7 1 2 3 5 30 3 0 2 7 1 2 3 1 2 7 13 6 3 0 2 4 0 2 7 0 2 7 0 2 7 1 2 7 1 2 7 0 2 7 0 2 3 0 2 3 0 2 7 0 2 4 0 2 7 17 18 2 1 2 4 5 30 3 12 16 2 1 2 3 1 2 3 0 2 7 5 30 3 17 18 2 1 2 7 17 18 2 0 2 7 0 2 7 0 2 3 0 2 7 16 31 2 0 2 7 16 6 2 1 2 4 1 2 7 1 2 4 0 2 7 6 2 7 16 31 2 0 2 7 12 16 2 0 2 7 12 16 2 0 2 7 0 2 7 0 2 7 16 19 11 0 61.6719314455986023

Current Evaluation = 10800(10800)
Front Size = 10
5 31 3 17 9 2 13 6 3 0 2 7 1 2 7 0 2 7 12 16 2 0 2 4 0 2 7 12 16 2 1 2 4 0 2 7 12 16 2 1 2 7 1 2 7 17 18 2 1 2 7 17 18 2 1 2 7 1 2 7 0 2 7 1 2 7 0 2 7 0 2 7 1 2 7 1 2 4 1 2 7 1 2 7 0 2 7 13 6 3 0 2 7 0 2 7 1 2 7 1 2 7 12 16 2 13 6 3 16 6 2 5 30 3 5 31 3 5 31 3 0 2 7 17 18 2 0 2 7 0 2 7 0 2 7 0 2 7 17 18 2 1 2 7 0 2 7 1 2 7 0 2 4 17 9 2 0 2 7 0 2 7 0 2 7 0 2 7 1 2 7 0 2 7 0 2 7 6 2 7 0 59.938682496547699
5 31 3 12 16 2 0 2 7 17 9 2 0 2 7 0 2 7 0 2 4 0 2 7 12 16 2 13 6 3 1 2 7 0 2 7 0 2 7 0 2 7 5 30 3 0 2 7 1 2 7 1 2 7 1 2 7 1 2 7 1 2 4 1 2 4 1 2 7 0 2 4 1 2 4 1 2 7 0 2 7 12 16 2 1 2 7 5 30 3 0 2 7 1 2 7 0 2 7 0 2 7 0 2 7 0 2 7 0 2 7 1 2 7 1 2 7 17 9 2 0 2 4 17 18 2 13 6 3 5 31 3 17 18 2 12 16 2 1 2 7 1 2 7 17 9 2 1 2 4 0 2 7 13 6 3 0 2 4 0 2 4 17 18 2 1 2 7 0 2 7 0 2 4 17 18 2 0 2 7 0 59.9459015130996704
5 31 3 12 16 2 0 2 7 17 18 2 0 2 7 0 2 7 0 2 7 0 2 7 1 2 4 1 2 4 12 16 2 13 6 3 12 16 2 0 2 7 0 2 7 0 2 7 1 2 7 17 9 2 5 30 3 1 2 7 0 2 7 0 2 7 5 31 3 1 2 7 1 2 7 1 2 7 0 2 4 0 2 3 0 2 4 1 2 7 1 2 7 0 2 7 0 2 7 0 2 4 16 6 2 0 2 7 0 2 7 0 2 7 1 2 7 0 2 7 1 2 7 1 2 7 0 2 7 0 2 7 6 2 7 1 2 7 5 31 3 0 2 4 17 9 2 1 2 3 1 2 7 0 2 7 17 18 2 13 6 3 1 2 4 1 2 4 17 9 2 17 9 2 0 2 7 1 2 4 0 60.1825236678123474
5 31 3 12 16 2 0 2 7 17 9 2 0 2 7 0 2 7 0 2 4 0 2 7 12 16 2 13 6 3 0 2 3 1 2 7 0 2 7 0 2 7 0 2 7 5 30 3 0 2 7 1 2 7 1 2 7 1 2 7 1 2 7 1 2 4 1 2 7 1 2 7 0 2 7 1 2 7 1 2 7 0 2 7 12 16 2 16 30 2 1 2 7 5 30 3 0 2 7 1 2 7 0 2 7 0 2 7 0 2 7 0 2 7 0 2 7 1 2 7 1 2 7 17 9 2 0 2 3 0 2 7 0 2 7 17 18 2 13 6 3 0 2 7 5 31 3 17 18 2 12 16 2 16 32 2 1 2 3 0 2 7 1 2 7 1 2 7 1 2 7 8 9 2 17 9 2 0 2 3 0 60.5334916114807129
5 30 3 5 30 3 13 6 3 1 2 7 17 18 2 0 2 7 0 2 7 1 2 7 1 2 11 0 2 7 0 2 7 0 2 7 12 16 2 13 6 3 12 16 2 5 30 3 0 2 7 0 2 7 17 18 2 0 2 7 0 2 7 0 2 7 1 2 7 1 2 7 0 2 7 0 2 7 0 2 7 0 2 7 0 2 7 0 2 7 0 2 7 0 2 7 0 2 7 0 2 7 0 2 7 0 2 7 0 2 7 0 2 7 1 2 11 17 9 2 5 30 3 17 9 2 17 9 2 1 2 7 0 2 7 0 2 7 16 15 2 13 6 3 16 6 2 1 2 7 5 30 3 1 2 7 0 2 7 12 16 2 1 2 7 8 18 2 5 30 3 1 2 7 0 2 7 5 31 3 0 60.9512280225753784
5 31 3 16 15 2 0 2 7 17 18 2 0 2 7 1 2 7 0 2 7 0 2 7 1 2 7 0 2 7 12 16 2 13 6 3 12 16 2 1 2 7 0 2 7 0 2 7 0 2 7 17 9 2 5 30 3 1 2 7 0 2 7 0 2 7 1 2 7 1 2 7 0 2 7 1 2 7 0 2 3 0 2 7 1 2 7 6 2 7 0 2 7 1 2 7 6 2 7 16 30 2 0 2 7 0 2 7 0 2 7 0 2 7 17 9 2 1 2 7 17 18 2 13 6 3 5 30 3 1 2 7 0 2 7 5 31 3 0 2 7 0 2 7 0 2 7 0 2 7 0 2 7 5 31 3 1 2 7 0 2 11 1 2 4 0 2 7 1 2 7 17 18 2 5 30 3 0 2 7 0 60.6671326160430908
5 31 3 12 16 2 0 2 3 1 2 4 17 18 2 0 2 7 0 2 7 0 2 3 0 2 7 0 2 3 1 2 7 1 2 3 0 2 4 1 2 7 1 2 7 0 2 7 1 2 3 1 2 3 12 16 2 13 6 3 12 16 2 5 30 3 1 2 3 1 2 3 1 2 3 1 2 3 1 2 7 5 30 3 1 2 7 12 16 2 5 30 3 8 9 2 17 18 2 0 2 3 0 2 3 0 2 7 0 2 7 0 2 7 0 2 4 0 2 7 0 2 7 0 2 3 16 30 2 0 2 7 0 2 3 16 6 2 0 2 7 17 18 2 1 2 7 0 2 7 1 2 7 0 2 7 5 30 3 0 2 7 0 2 7 0 2 3 0 2 3 16 6 2 16 6 2 13 6 3 0 61.5528246164321899
5 30 3 12 16 2 1 2 4 17 18 2 0 2 7 0 2 7 0 2 7 1 2 7 0 2 4 1 2 7 0 2 7 0 2 7 12 16 2 13 6 3 12 16 2 5 30 3 1 2 3 5 30 3 1 2 7 12 16 2 17 18 2 0 2 7 0 2 4 0 2 7 0 2 4 1 2 3 0 2 10 0 2 7 0 2 7 17 18 2 1 2 7 0 2 7 1 2 7 0 2 7 0 2 7 0 2 7 13 6 3 0 2 7 5 31 3 0 2 11 17 9 2 1 2 11 0 2 4 0 2 4 1 2 3 1 2 4 0 2 3 5 30 3 8 9 2 0 2 11 1 2 7 0 2 4 16 30 2 17 9 2 1 2 7 5 30 3 0 2 11 0 2 11 16 6 2 1 2 7 0 61.4736016988754272
5 31 3 1 2 4 5 31 3 5 30 3 0 2 7 0 2 7 0 2 7 0 2 7 1 2 11 0 2 7 1 2 7 5 30 3 0 2 7 1 2 4 0 2 7 13 6 3 0 2 7 0 2 7 0 2 11 1 2 7 0 2 7 1 2 7 0 2 11 0 2 7 0 2 4 0 2 7 1 2 7 0 2 7 17 18 2 1 2 7 5 30 3 12 16 2 6 2 4 1 2 7 0 2 7 17 18 2 1 2 11 17 18 2 17 18 2 0 2 4 0 2 7 0 2 11 0 2 7 16 31 2 1 2 7 12 16 2 12 16 2 5 30 3 16 24 2 17 18 2 1 2 4 0 2 4 0 2 4 8 9 2 0 2 7 0 2 7 0 2 7 6 2 7 12 16 2 1 2 7 0 61.5062196254730225
5 30 3 5 30 3 13 6 3 1 2 7 17 18 2 0 2 7 0 2 7 1 2 7 0 2 7 0 2 7 0 2 7 12 16 2 12 16 2 5 30 3 0 2 7 0 2 7 17 18 2 0 2 7 0 2 7 0 2 7 1 2 7 1 2 7 0 2 7 0 2 7 0 2 7 0 2 4 0 2 6 0 2 7 17 9 2 17 9 2 1 2 7 1 2 7 1 2 7 12 16 2 1 2 7 1 2 7 5 31 3 1 2 4 13 6 3 0 2 7 0 2 4 17 18 2 0 2 7 0 2 7 0 2 7 1 2 4 0 2 7 0 2 4 1 2 7 17 9 2 0 2 7 0 2 7 16 15 2 13 6 3 0 2 3 5 30 3 0 2 7 1 2 7 5 30 3 0 2 4 0 60.6708192825317383

Current Evaluation = 11700(11700)
Front Size = 10
5 31 3 0 2 7 17 18 2 0 2 4 1 2 7 0 2 7 0 2 4 0 2 7 0 2 7 12 16 2 13 6 3 12 16 2 1 2 7 0 2 7 0 2 7 17 9 2 1 2 7 1 2 7 1 2 7 0 2 7 1 2 7 0 2 7 1 2 7 1 2 7 0 2 7 1 2 7 0 2 7 17 9 2 17 18 2 13 6 3 1 2 7 0 2 7 5 31 3 0 2 7 1 2 7 1 2 7 1 2 7 0 2 7 1 2 7 12 16 2 12 16 2 0 2 7 5 31 3 1 2 7 1 2 7 1 2 7 0 2 7 0 2 7 13 6 3 0 2 7 1 2 4 0 2 7 0 2 7 1 2 7 16 6 2 17 9 2 0 2 7 0 2 7 17 9 2 0 2 7 0 59.7211945056915283
5 31 3 0 2 4 17 18 2 1 2 7 1 2 7 1 2 7 1 2 7 0 2 7 0 2 7 12 16 2 13 6 3 12 16 2 0 2 7 5 30 3 1 2 7 5 30 3 0 2 4 1 2 4 0 2 4 0 2 7 0 2 7 1 2 7 0 2 7 16 6 2 0 2 7 0 2 11 17 18 2 13 6 3 5 31 3 1 2 7 0 2 11 0 2 7 12 16 2 12 16 2 8 9 2 0 2 7 0 2 7 1 2 4 0 2 7 17 18 2 0 2 4 0 2 3 5 30 3 0 2 7 0 2 7 0 2 7 17 9 2 1 2 7 0 2 4 0 2 7 0 2 7 1 2 7 1 2 3 0 2 7 17 9 2 1 2 4 0 2 7 1 2 7 16 6 2 1 2 7 0 60.7952625751495361
5 31 3 12 16 2 0 2 3 1 2 4 17 18 2 0 2 7 0 2 7 0 2 3 0 2 7 0 2 3 1 2 7 1 2 3 0 2 4 1 2 7 1 2 7 0 2 7 1 2 3 1 2 3 12 16 2 13 6 3 12 16 2 5 30 3 1 2 3 1 2 3 1 2 3 1 2 3 1 2 7 5 30 3 1 2 7 12 16 2 5 30 3 8 9 2 17 18 2 0 2 3 0 2 3 0 2 7 0 2 7 0 2 7 0 2 4 0 2 7 0 2 7 0 2 3 16 30 2 0 2 7 0 2 3 16 6 2 0 2 7 17 18 2 1 2 7 0 2 7 1 2 7 0 2 7 5 30 3 0 2 7 0 2 7 0 2 3 0 2 3 16 6 2 16 6 2 13 6 3 0 61.5528246164321899
5 31 3 0 2 7 17 18 2 0 2 4 1 2 7 0 2 7 0 2 7 0 2 7 0 2 4 12 16 2 13 6 3 12 16 2 1 2 7 0 2 4 0 2 7 0 2 7 17 9 2 1 2 7 1 2 4 0 2 4 0 2 4 1 2 7 1 2 4 0 2 7 1 2 7 0 2 4 0 2 7 1 2 7 0 2 4 1 2 7 16 30 2 0 2 7 1 2 7 0 2 4 0 2 7 17 9 2 17 9 2 17 18 2 13 6 3 5 30 3 1 2 7 0 2 7 5 31 3 0 2 4 0 2 7 1 2 7 1 2 7 1 2 7 0 2 7 1 2 7 12 16 2 12 16 2 0 2 7 17 9 2 5 31 3 0 2 4 1 2 7 1 2 7 1 2 7 0 2 7 0 60.1292036771774292
5 30 3 12 16 2 0 2 7 17 18 2 0 2 7 0 2 7 1 2 7 0 2 7 0 2 7 1 2 7 12 16 2 13 6 3 12 16 2 0 2 7 0 2 7 0 2 7 0 2 7 17 9 2 5 30 3 1 2 7 0 2 7 0 2 7 5 31 3 1 2 7 1 2 7 13 6 3 0 2 7 0 2 7 1 2 7 1 2 7 0 2 7 0 2 7 16 30 2 0 2 7 0 2 7 0 2 7 1 2 4 0 2 11 1 2 7 1 2 7 0 2 7 0 2 7 1 2 7 1 2 7 5 30 3 17 9 2 1 2 11 0 2 7 17 18 2 13 6 3 0 2 7 0 2 4 5 31 3 0 2 7 1 2 7 1 2 7 1 2 7 17 9 2 17 9 2 1 2 4 0 60.1593304872512817
5 30 3 1 2 7 5 31 3 5 30 3 0 2 7 1 2 7 0 2 7 0 2 7 8 18 2 0 2 7 1 2 7 5 30 3 0 2 7 0 2 7 0 2 7 13 6 3 0 2 7 0 2 7 0 2 7 1 2 7 0 2 11 0 2 3 0 2 7 0 2 7 1 2 11 1 2 7 0 2 7 17 18 2 1 2 7 5 30 3 12 16 2 1 2 7 0 2 7 17 18 2 0 2 7 0 2 7 16 15 2 12 16 2 12 16 2 1 2 7 0 2 3 0 2 7 1 2 7 0 2 7 0 2 7 1 2 7 13 6 3 17 18 2 0 2 7 0 2 7 16 30 2 1 2 7 16 6 2 17 18 2 0 2 3 1 2 3 0 2 7 8 9 2 1 2 3 12 16 2 0 61.1823604106903076
5 30 3 12 16 2 1 2 7 17 18 2 1 2 7 0 2 7 1 2 7 1 2 7 6 2 7 1 2 7 12 16 2 13 6 3 12 16 2 1 2 7 1 2 3 12 16 2 17 18 2 0 2 7 0 2 7 1 2 7 0 2 7 1 2 7 1 2 7 1 2 7 0 2 7 0 2 3 0 2 4 0 2 3 0 2 7 13 6 3 5 31 3 17 9 2 5 31 3 1 2 7 1 2 7 1 2 7 0 2 4 17 9 2 1 2 7 0 2 4 0 2 4 0 2 7 5 30 3 1 2 3 0 2 7 0 2 7 0 2 7 17 9 2 0 2 3 0 2 7 0 2 7 0 2 7 0 2 7 0 2 7 0 2 7 1 2 4 13 6 3 0 2 4 17 9 2 16 6 2 0 60.2984035611152649
5 30 3 5 30 3 13 6 3 1 2 7 17 18 2 0 2 7 0 2 7 1 2 7 1 2 11 0 2 7 0 2 7 0 2 7 12 16 2 13 6 3 12 16 2 5 30 3 0 2 7 0 2 7 17 18 2 0 2 7 0 2 7 0 2 7 1 2 7 1 2 7 0 2 7 0 2 7 0 2 7 0 2 7 0 2 7 0 2 7 0 2 7 0 2 7 0 2 7 0 2 7 0 2 7 0 2 7 0 2 7 0 2 7 1 2 11 17 9 2 5 30 3 17 9 2 17 9 2 1 2 7 0 2 7 0 2 7 16 15 2 13 6 3 16 6 2 1 2 7 5 30 3 1 2 7 0 2 7 12 16 2 1 2 7 8 18 2 5 30 3 1 2 7 0 2 7 5 31 3 0 60.9512280225753784
5 30 3 12 16 2 1 2 7 17 18 2 0 2 7 1 2 7 0 2 7 0 2 7 16 6 2 0 2 7 12 16 2 13 6 3 12 16 2 1 2 7 1 2 7 12 16 2 17 18 2 0 2 7 0 2 7 0 2 7 0 2 7 1 2 7 1 2 7 0 2 7 0 2 7 1 2 7 1 2 7 0 2 7 0 2 7 13 6 3 5 31 3 17 9 2 0 2 7 5 30 3 1 2 7 0 2 7 0 2 7 17 9 2 1 2 4 1 2 7 1 2 7 0 2 7 5 30 3 17 18 2 0 2 7 0 2 7 0 2 7 0 2 7 0 2 7 0 2 7 5 30 3 5 31 3 0 2 7 0 2 4 16 31 2 6 2 7 13 6 3 1 2 7 1 2 7 0 2 7 0 60.3324562907218933
5 30 3 12 16 2 1 2 4 17 18 2 0 2 7 0 2 7 0 2 7 1 2 7 0 2 4 1 2 7 0 2 7 0 2 7 12 16 2 13 6 3 12 16 2 5 30 3 1 2 3 5 30 3 1 2 7 12 16 2 17 18 2 0 2 7 0 2 4 0 2 7 0 2 4 1 2 3 0 2 10 0 2 7 0 2 7 17 18 2 1 2 7 0 2 7 1 2 7 0 2 7 0 2 7 0 2 7 13 6 3 0 2 7 5 31 3 0 2 11 17 9 2 1 2 11 0 2 4 0 2 4 1 2 3 1 2 4 0 2 3 5 30 3 8 9 2 0 2 11 1 2 7 0 2 4 16 30 2 17 9 2 1 2 7 5 30 3 0 2 11 0 2 11 16 6 2 1 2 7 0 61.4736016988754272

Current Evaluation = 12600(12600)
Front Size = 10
5 31 3 0 2 7 17 18 2 0 2 4 1 2 7 0 2 7 0 2 4 0 2 7 0 2 7 12 16 2 13 6 3 12 16 2 1 2 7 0 2 7 0 2 7 17 9 2 1 2 7 1 2 7 1 2 7 0 2 7 1 2 7 0 2 7 1 2 7 1 2 7 0 2 7 1 2 7 0 2 7 17 9 2 17 18 2 13 6 3 1 2 7 0 2 7 5 31 3 0 2 7 1 2 7 1 2 7 1 2 7 0 2 7 1 2 7 12 16 2 12 16 2 0 2 7 5 31 3 1 2 7 1 2 7 1 2 7 0 2 7 0 2 7 13 6 3 0 2 7 1 2 4 0 2 7 0 2 7 1 2 7 16 6 2 17 9 2 0 2 7 0 2 7 17 9 2 0 2 7 0 59.7211945056915283
5 31 3 0 2 7 17 18 2 0 2 4 1 2 7 0 2 7 0 2 7 0 2 7 0 2 4 12 16 2 13 6 3 12 16 2 1 2 7 0 2 4 0 2 7 0 2 7 17 9 2 1 2 7 1 2 4 0 2 4 0 2 4 1 2 7 1 2 4 0 2 7 1 2 7 0 2 4 0 2 7 1 2 7 0 2 4 1 2 7 16 30 2 0 2 7 1 2 7 0 2 4 0 2 7 17 9 2 17 9 2 17 18 2 13 6 3 5 30 3 1 2 7 0 2 7 5 31 3 0 2 4 0 2 7 1 2 7 1 2 7 1 2 7 0 2 7 1 2 7 12 16 2 12 16 2 0 2 7 17 9 2 5 31 3 0 2 4 1 2 7 1 2 7 1 2 7 0 2 7 0 60.1292036771774292
5 31 3 12 16 2 0 2 3 1 2 4 17 18 2 0 2 7 0 2 7 0 2 3 0 2 7 0 2 3 1 2 7 1 2 3 0 2 4 1 2 7 1 2 7 0 2 7 1 2 3 1 2 3 12 16 2 13 6 3 12 16 2 5 30 3 1 2 3 1 2 3 1 2 3 1 2 3 1 2 7 5 30 3 1 2 7 12 16 2 5 30 3 8 9 2 17 18 2 0 2 3 0 2 3 0 2 7 0 2 7 0 2 7 0 2 4 0 2 7 0 2 7 0 2 3 16 30 2 0 2 7 0 2 3 16 6 2 0 2 7 17 18 2 1 2 7 0 2 7 1 2 7 0 2 7 5 30 3 0 2 7 0 2 7 0 2 3 0 2 3 16 6 2 16 6 2 13 6 3 0 61.5528246164321899
5 30 3 12 16 2 1 2 7 17 18 2 0 2 4 1 2 7 0 2 7 0 2 7 0 2 7 12 16 2 13 6 3 12 16 2 0 2 7 1 2 7 17 18 2 0 2 7 0 2 7 0 2 7 0 2 4 1 2 7 1 2 7 1 2 7 0 2 7 1 2 7 1 2 7 0 2 7 0 2 7 13 6 3 5 31 3 17 9 2 1 2 7 5 30 3 1 2 7 0 2 7 1 2 7 17 9 2 0 2 7 0 2 7 1 2 7 0 2 7 0 2 7 1 2 7 0 2 4 1 2 7 1 2 7 0 2 7 5 31 3 0 2 7 13 6 3 17 9 2 0 2 7 16 30 2 0 2 7 1 2 3 1 2 4 12 16 2 17 9 2 1 2 4 0 2 3 0 2 4 0 59.9867335557937622
13 6 3 0 2 7 17 18 2 1 2 7 0 2 7 1 2 7 0 2 7 12 16 2 13 6 3 12 16 2 1 2 7 0 2 7 0 2 7 1 2 4 1 2 7 0 2 7 1 2 7 0 2 7 1 2 7 0 2 7 0 2 7 17 18 2 13 6 3 5 30 3 0 2 7 0 2 7 0 2 7 12 16 2 0 2 7 0 2 7 0 2 7 0 2 7 1 2 7 1 2 7 5 30 3 5 30 3 5 30 3 17 9 2 17 18 2 0 2 7 0 2 7 17 9 2 1 2 7 17 9 2 1 2 7 0 2 7 8 18 2 0 2 7 0 2 7 1 2 7 6 2 11 5 31 3 1 2 3 0 2 7 16 15 2 1 2 7 0 2 7 0 2 7 1 2 7 0 2 7 0 60.3776663541793823
5 30 3 0 2 7 17 18 2 1 2 4 1 2 7 0 2 7 0 2 7 12 16 2 13 6 3 12 16 2 1 2 7 0 2 7 5 31 3 5 31 3 1 2 7 0 2 7 0 2 3 6 2 7 0 2 7 5 31 3 1 2 7 17 18 2 13 6 3 5 30 3 0 2 7 0 2 7 0 2 7 12 16 2 0 2 7 0 2 7 0 2 7 1 2 7 6 2 7 0 2 7 5 30 3 5 30 3 5 30 3 16 6 2 1 2 7 0 2 7 17 9 2 0 2 7 12 16 2 16 6 2 0 2 7 1 2 7 0 2 3 0 2 7 0 2 7 0 2 7 0 2 7 1 2 7 0 2 4 8 9 2 0 2 7 16 6 2 0 2 7 16 6 2 0 2 7 0 2 7 0 61.215482234954834
5 30 3 1 2 4 17 18 2 1 2 7 0 2 7 0 2 7 0 2 4 12 16 2 13 6 3 12 16 2 1 2 7 0 2 7 1 2 7 17 9 2 1 2 7 0 2 7 0 2 7 1 2 3 0 2 4 1 2 7 0 2 7 0 2 4 1 2 7 1 2 7 1 2 4 17 18 2 17 18 2 13 6 3 0 2 7 0 2 4 0 2 4 12 16 2 0 2 4 1 2 7 5 30 3 5 30 3 0 2 7 0 2 7 0 2 7 17 1 2 17 9 2 0 2 7 0 2 7 1 2 7 1 2 7 0 2 7 17 18 2 5 31 3 1 2 7 1 2 7 0 2 7 0 2 7 12 16 2 0 2 7 0 2 7 0 2 4 1 2 7 5 30 3 0 2 7 8 9 2 0 60.5705174207687378
1 2 7 0 2 7 17 18 2 1 2 7 1 2 7 0 2 7 0 2 7 1 2 7 13 6 3 12 16 2 1 2 4 0 2 7 5 31 3 5 31 3 1 2 7 1 2 7 0 2 7 5 31 3 1 2 7 17 18 2 5 31 3 0 2 7 0 2 7 0 2 7 12 16 2 0 2 7 0 2 4 0 2 4 1 2 7 0 2 7 16 6 2 1 2 7 0 2 4 17 9 2 0 2 7 12 16 2 0 2 7 1 2 7 0 2 7 0 2 7 0 2 7 1 2 7 0 2 4 8 9 2 0 2 7 1 2 7 12 16 2 0 2 7 1 2 3 1 2 4 17 18 2 16 6 2 0 2 7 0 2 7 0 2 3 16 6 2 6 2 7 0 2 7 1 2 4 0 2 7 0 60.6195666193962097
5 31 3 0 2 7 17 18 2 1 2 7 0 2 7 0 2 7 12 16 2 13 6 3 12 16 2 1 2 7 0 2 7 0 2 7 17 9 2 1 2 7 6 2 7 0 2 7 1 2 7 0 2 7 0 2 7 0 2 7 0 2 7 17 18 2 13 6 3 0 2 7 1 2 7 0 2 7 0 2 7 0 2 7 12 16 2 1 2 7 0 2 4 0 2 7 0 2 7 1 2 7 0 2 4 1 2 7 0 2 7 0 2 7 5 31 3 1 2 7 1 2 7 8 9 2 1 2 7 5 30 3 5 30 3 0 2 7 5 30 3 1 2 7 1 2 4 12 16 2 0 2 7 17 9 2 17 9 2 0 2 7 16 6 2 0 2 7 8 9 2 16 15 2 1 2 7 0 2 7 0 60.6683483719825745
5 31 3 12 16 2 1 2 4 17 1 2 0 2 3 1 2 7 0 2 7 0 2 7 0 2 7 12 16 2 13 6 3 12 16 2 1 2 4 0 2 4 17 18 2 0 2 3 0 2 7 0 2 7 0 2 7 1 2 7 1 2 3 1 2 7 0 2 4 0 2 4 1 2 3 0 2 7 0 2 7 13 6 3 5 31 3 17 9 2 0 2 7 5 30 3 1 2 7 17 9 2 0 2 7 0 2 7 0 2 7 0 2 7 0 2 7 1 2 7 1 2 7 0 2 3 17 9 2 1 2 7 0 2 7 1 2 7 17 9 2 1 2 7 0 2 7 0 2 3 1 2 7 16 6 2 0 2 7 0 2 7 1 2 7 0 2 7 1 2 7 5 30 3 12 16 2 1 2 7 0 60.7325575351715088

Current Evaluation = 13500(13500)
Front Size = 10
5 31 3 0 2 7 17 18 2 0 2 4 1 2 7 0 2 7 0 2 4 0 2 7 0 2 7 12 16 2 13 6 3 12 16 2 1 2 7 0 2 7 0 2 7 17 9 2 1 2 7 1 2 7 1 2 7 0 2 7 1 2 7 0 2 7 1 2 7 1 2 7 0 2 7 1 2 7 0 2 7 17 9 2 17 18 2 13 6 3 1 2 7 0 2 7 5 31 3 0 2 7 1 2 7 1 2 7 1 2 7 0 2 7 1 2 7 12 16 2 12 16 2 0 2 7 5 31 3 1 2 7 1 2 7 1 2 7 0 2 7 0 2 7 13 6 3 0 2 7 1 2 4 0 2 7 0 2 7 1 2 7 16 6 2 17 9 2 0 2 7 0 2 7 17 9 2 0 2 7 0 59.7211945056915283
5 30 3 1 2 4 17 18 2 1 2 7 0 2 7 0 2 7 0 2 4 12 16 2 13 6 3 12 16 2 1 2 7 0 2 7 1 2 7 17 9 2 1 2 7 0 2 7 0 2 7 1 2 3 0 2 4 1 2 7 0 2 7 0 2 4 1 2 7 1 2 7 1 2 4 17 18 2 17 18 2 13 6 3 0 2 7 0 2 4 0 2 4 12 16 2 0 2 4 1 2 7 5 30 3 5 30 3 0 2 7 0 2 7 0 2 7 17 1 2 17 9 2 0 2 7 0 2 7 1 2 7 1 2 7 0 2 7 17 18 2 5 31 3 1 2 7 1 2 7 0 2 7 0 2 7 12 16 2 0 2 7 0 2 7 0 2 4 1 2 7 5 30 3 0 2 7 8 9 2 0 60.5705174207687378
5 31 3 0 2 7 17 18 2 0 2 4 1 2 7 0 2 7 0 2 7 0 2 7 0 2 4 12 16 2 13 6 3 12 16 2 1 2 7 0 2 4 0 2 7 0 2 7 17 9 2 1 2 7 1 2 4 0 2 4 0 2 4 1 2 7 1 2 4 0 2 7 1 2 7 0 2 4 0 2 7 1 2 7 0 2 4 1 2 7 16 30 2 0 2 7 1 2 7 0 2 4 0 2 7 17 9 2 17 9 2 17 18 2 13 6 3 5 30 3 1 2 7 0 2 7 5 31 3 0 2 4 0 2 7 1 2 7 1 2 7 1 2 7 0 2 7 1 2 7 12 16 2 12 16 2 0 2 7 17 9 2 5 31 3 0 2 4 1 2 7 1 2 7 1 2 7 0 2 7 0 60.1292036771774292
5 31 3 12 16 2 1 2 7 17 18 2 0 2 3 1 2 7 0 2 7 0 2 4 0 2 7 12 16 2 13 6 3 12 16 2 0 2 3 1 2 7 17 18 2 5 31 3 0 2 7 0 2 7 0 2 7 0 2 7 1 2 7 0 2 7 1 2 4 1 2 7 0 2 7 0 2 7 13 6 3 5 30 3 17 9 2 1 2 7 1 2 7 1 2 7 0 2 7 0 2 7 17 9 2 1 2 7 0 2 7 0 2 3 1 2 7 1 2 4 1 2 7 0 2 7 1 2 7 1 2 7 0 2 7 0 2 7 0 2 7 12 16 2 17 18 2 1 2 7 0 2 4 13 6 3 0 2 7 16 6 2 1 2 7 0 2 7 17 9 2 1 2 7 0 2 3 1 2 4 0 59.9809155464172363
5 30 3 0 2 7 17 18 2 1 2 7 0 2 7 1 2 7 0 2 7 12 16 2 13 6 3 12 16 2 13 6 3 1 2 7 0 2 7 17 9 2 1 2 7 0 2 7 1 2 7 0 2 7 1 2 11 0 2 7 1 2 7 0 2 7 0 2 7 17 18 2 0 2 7 0 2 7 0 2 7 12 16 2 0 2 7 1 2 7 0 2 7 0 2 7 0 2 7 1 2 7 1 2 7 0 2 7 0 2 7 1 2 7 17 18 2 1 2 7 0 2 4 1 2 7 1 2 7 12 16 2 1 2 7 17 9 2 17 18 2 5 30 3 5 30 3 5 31 3 0 2 4 13 6 3 13 6 3 0 2 4 17 18 2 0 2 7 0 2 11 5 31 3 1 2 7 0 2 7 0 60.2546573877334595
5 31 3 12 16 2 0 2 3 1 2 4 17 18 2 0 2 7 0 2 7 0 2 3 0 2 7 0 2 3 1 2 7 1 2 3 0 2 4 1 2 7 1 2 7 0 2 7 1 2 3 1 2 3 12 16 2 13 6 3 12 16 2 5 30 3 1 2 3 1 2 3 1 2 3 1 2 3 1 2 7 5 30 3 1 2 7 12 16 2 5 30 3 8 9 2 17 18 2 0 2 3 0 2 3 0 2 7 0 2 7 0 2 7 0 2 4 0 2 7 0 2 7 0 2 3 16 30 2 0 2 7 0 2 3 16 6 2 0 2 7 17 18 2 1 2 7 0 2 7 1 2 7 0 2 7 5 30 3 0 2 7 0 2 7 0 2 3 0 2 3 16 6 2 16 6 2 13 6 3 0 61.5528246164321899
5 31 3 0 2 7 17 18 2 1 2 7 0 2 7 0 2 7 0 2 7 12 16 2 13 6 3 12 16 2 1 2 7 0 2 7 1 2 7 17 9 2 0 2 7 1 2 7 0 2 7 1 2 7 1 2 7 1 2 7 1 2 7 0 2 7 1 2 7 1 2 7 1 2 7 17 18 2 13 6 3 0 2 7 0 2 7 12 16 2 1 2 7 5 31 3 0 2 7 0 2 7 0 2 7 17 9 2 0 2 7 0 2 7 1 2 7 1 2 7 0 2 7 5 30 3 1 2 7 0 2 7 0 2 7 0 2 7 12 16 2 1 2 7 0 2 7 1 2 7 0 2 7 17 18 2 0 2 7 17 9 2 13 6 3 0 2 7 0 2 7 16 15 2 1 2 7 8 9 2 0 59.947460412979126
13 6 3 0 2 7 17 18 2 1 2 7 0 2 7 1 2 7 0 2 7 12 16 2 13 6 3 12 16 2 1 2 7 0 2 7 0 2 7 1 2 4 1 2 7 0 2 7 1 2 7 0 2 7 1 2 7 0 2 7 0 2 7 17 18 2 13 6 3 5 30 3 0 2 7 0 2 7 0 2 7 12 16 2 0 2 7 0 2 7 0 2 7 0 2 7 1 2 7 1 2 7 5 30 3 5 30 3 5 30 3 17 9 2 17 18 2 0 2 7 0 2 7 17 9 2 1 2 7 17 9 2 1 2 7 0 2 7 8 18 2 0 2 7 0 2 7 1 2 7 6 2 11 5 31 3 1 2 3 0 2 7 16 15 2 1 2 7 0 2 7 0 2 7 1 2 7 0 2 7 0 60.3776663541793823
1 2 7 0 2 7 17 18 2 1 2 7 1 2 7 0 2 7 0 2 7 1 2 7 13 6 3 12 16 2 1 2 4 0 2 7 5 31 3 5 31 3 1 2 7 1 2 7 0 2 7 5 31 3 1 2 7 17 18 2 5 31 3 0 2 7 0 2 7 0 2 7 12 16 2 0 2 7 0 2 4 0 2 4 1 2 7 0 2 7 16 6 2 1 2 7 0 2 4 17 9 2 0 2 7 12 16 2 0 2 7 1 2 7 0 2 7 0 2 7 0 2 7 1 2 7 0 2 4 8 9 2 0 2 7 1 2 7 12 16 2 0 2 7 1 2 3 1 2 4 17 18 2 16 6 2 0 2 7 0 2 7 0 2 3 16 6 2 6 2 7 0 2 7 1 2 4 0 2 7 0 60.6195666193962097
5 31 3 12 16 2 1 2 4 17 18 2 0 2 4 0 2 7 0 2 7 1 2 7 1 2 7 1 2 7 0 2 7 0 2 7 12 16 2 1 2 7 12 16 2 1 2 3 0 2 7 12 16 2 17 18 2 0 2 7 0 2 7 0 2 7 0 2 7 0 2 7 0 2 7 0 2 7 16 6 2 0 2 12 1 2 3 1 2 4 0 2 4 1 2 7 0 2 4 0 2 3 13 6 3 0 2 7 5 30 3 13 6 3 0 2 4 0 2 7 0 2 7 1 2 4 5 31 3 17 9 2 1 2 7 0 2 3 1 2 7 1 2 7 17 9 2 8 9 2 0 2 7 0 2 7 1 2 4 1 2 7 17 18 2 5 30 3 5 30 3 0 2 7 1 2 7 16 30 2 0 60.8031336069107056

Current Evaluation = 14400(14400)
Front Size = 10
5 31 3 12 16 2 0 2 7 17 18 2 0 2 7 0 2 7 5 31 3 0 2 4 12 16 2 13 6 3 12 16 2 1 2 7 17 18 2 5 31 3 0 2 7 0 2 7 0 2 7 1 2 7 0 2 7 0 2 7 1 2 7 1 2 4 0 2 7 1 2 7 13 6 3 17 9 2 1 2 7 1 2 7 1 2 7 0 2 7 1 2 7 17 9 2 1 2 7 0 2 7 0 2 7 1 2 7 0 2 7 0 2 7 1 2 7 0 2 7 0 2 7 0 2 7 12 16 2 1 2 7 0 2 7 13 6 3 1 2 7 16 6 2 0 2 7 1 2 7 17 9 2 1 2 7 17 18 2 0 2 7 0 2 7 1 2 7 0 2 7 0 2 4 1 2 7 1 2 7 0 59.7211945056915283
5 30 3 1 2 7 17 18 2 1 2 7 0 2 7 0 2 7 0 2 7 12 16 2 13 6 3 12 16 2 1 2 4 0 2 7 1 2 4 17 9 2 1 2 7 0 2 7 0 2 7 0 2 7 1 2 7 0 2 7 1 2 7 1 2 7 16 31 2 17 18 2 17 18 2 13 6 3 0 2 7 12 16 2 1 2 4 0 2 7 0 2 7 1 2 4 17 9 2 0 2 7 0 2 7 1 2 7 1 2 7 0 2 7 5 30 3 0 2 7 1 2 7 0 2 4 0 2 7 12 16 2 0 2 3 0 2 7 0 2 7 0 2 7 1 2 3 1 2 7 0 2 7 1 2 4 0 2 7 1 2 7 13 6 3 5 31 3 17 18 2 0 2 7 5 30 3 1 2 7 0 59.9867334365844727
5 31 3 0 2 4 17 18 2 0 2 7 1 2 7 0 2 7 0 2 7 0 2 7 12 16 2 13 6 3 12 16 2 0 2 7 0 2 7 17 9 2 0 2 7 1 2 7 1 2 4 0 2 7 1 2 4 1 2 4 0 2 7 0 2 7 17 9 2 17 18 2 0 2 7 0 2 7 5 31 3 1 2 7 1 2 7 0 2 7 0 2 7 1 2 7 12 16 2 0 2 7 1 2 7 0 2 7 13 6 3 0 2 7 5 30 3 0 2 7 13 6 3 17 18 2 0 2 7 17 9 2 5 30 3 1 2 7 1 2 7 1 2 7 0 2 7 0 2 7 17 18 2 1 2 7 1 2 7 1 2 4 1 2 4 0 2 7 1 2 4 1 2 7 0 2 7 1 2 7 0 59.7875515222549438
5 31 3 0 2 7 17 18 2 1 2 7 0 2 4 0 2 7 0 2 7 12 16 2 13 6 3 12 16 2 1 2 7 0 2 7 0 2 7 17 9 2 1 2 7 1 2 7 1 2 7 0 2 7 1 2 7 0 2 7 1 2 7 1 2 7 0 2 7 1 2 7 0 2 7 17 9 2 17 18 2 13 6 3 1 2 4 0 2 7 5 31 3 0 2 4 1 2 7 1 2 4 1 2 7 0 2 4 1 2 7 12 16 2 12 16 2 0 2 7 1 2 7 1 2 7 1 2 7 0 2 7 0 2 4 13 6 3 0 2 4 0 2 7 0 2 7 1 2 4 17 9 2 0 2 7 0 2 4 0 2 7 0 2 4 17 18 2 5 30 3 5 30 3 0 2 7 17 9 2 0 59.9459015130996704
5 31 3 12 16 2 0 2 3 1 2 4 17 18 2 0 2 7 0 2 7 0 2 3 0 2 7 0 2 3 1 2 7 1 2 3 0 2 4 1 2 7 1 2 7 0 2 7 1 2 3 1 2 3 12 16 2 13 6 3 12 16 2 5 30 3 1 2 3 1 2 3 1 2 3 1 2 3 1 2 7 5 30 3 1 2 7 12 16 2 5 30 3 8 9 2 17 18 2 0 2 3 0 2 3 0 2 7 0 2 7 0 2 7 0 2 4 0 2 7 0 2 7 0 2 3 16 30 2 0 2 7 0 2 3 16 6 2 0 2 7 17 18 2 1 2 7 0 2 7 1 2 7 0 2 7 5 30 3 0 2 7 0 2 7 0 2 3 0 2 3 16 6 2 16 6 2 13 6 3 0 61.5528246164321899
13 6 3 0 2 7 17 18 2 1 2 7 0 2 7 1 2 7 0 2 7 12 16 2 13 6 3 12 16 2 1 2 7 0 2 7 0 2 7 1 2 4 1 2 7 0 2 7 1 2 7 0 2 7 1 2 7 0 2 7 0 2 7 17 18 2 13 6 3 5 30 3 0 2 7 0 2 7 0 2 7 12 16 2 0 2 7 0 2 7 0 2 7 0 2 7 1 2 7 1 2 7 5 30 3 5 30 3 5 30 3 17 9 2 17 18 2 0 2 7 0 2 7 17 9 2 1 2 7 17 9 2 1 2 7 0 2 7 8 18 2 0 2 7 0 2 7 1 2 7 6 2 11 5 31 3 1 2 3 0 2 7 16 15 2 1 2 7 0 2 7 0 2 7 1 2 7 0 2 7 0 60.3776663541793823
5 30 3 12 16 2 0 2 7 17 18 2 1 2 7 0 2 7 0 2 7 0 2 7 12 16 2 13 6 3 12 16 2 0 2 7 17 18 2 5 31 3 5 31 3 0 2 7 0 2 7 0 2 7 1 2 7 5 31 3 1 2 7 1 2 7 0 2 4 1 2 7 13 6 3 17 9 2 1 2 7 1 2 4 1 2 7 0 2 7 0 2 7 17 9 2 1 2 7 0 2 7 0 2 7 1 2 7 0 2 7 1 2 7 1 2 7 0 2 7 1 2 4 0 2 7 12 16 2 17 18 2 1 2 7 0 2 7 13 6 3 0 2 7 16 6 2 0 2 7 0 2 7 17 9 2 1 2 7 6 2 7 0 2 7 1 2 4 0 2 7 1 2 7 0 2 7 0 2 7 0 59.938682496547699
5 31 3 12 16 2 0 2 4 17 18 2 0 2 7 0 2 7 0 2 7 0 2 4 5 31 3 12 16 2 13 6 3 12 16 2 0 2 3 1 2 7 17 18 2 1 2 4 0 2 7 1 2 7 1 2 7 1 2 7 0 2 3 0 2 7 1 2 7 0 2 7 0 2 4 13 6 3 5 30 3 1 2 7 1 2 7 0 2 7 0 2 7 0 2 3 0 2 4 0 2 7 0 2 3 6 2 7 12 16 2 17 18 2 1 2 7 16 6 2 0 2 7 16 30 2 17 9 2 1 2 3 5 31 3 1 2 4 1 2 4 1 2 4 0 2 7 17 18 2 0 2 3 0 2 7 1 2 7 0 2 3 1 2 3 0 2 7 1 2 7 1 2 7 0 2 7 0 2 7 0 60.7817057967185974
5 31 3 0 2 4 17 18 2 0 2 7 1 2 7 0 2 7 0 2 7 0 2 7 12 16 2 13 6 3 12 16 2 0 2 7 0 2 7 17 9 2 0 2 7 1 2 7 1 2 4 0 2 7 1 2 4 1 2 4 1 2 4 1 2 4 0 2 7 0 2 7 17 9 2 17 18 2 0 2 7 0 2 7 5 31 3 1 2 7 1 2 7 0 2 7 0 2 7 1 2 7 12 16 2 0 2 7 1 2 7 0 2 7 0 2 4 13 6 3 0 2 4 0 2 7 5 30 3 1 2 4 0 2 7 13 6 3 17 18 2 0 2 7 17 9 2 5 30 3 1 2 7 1 2 4 1 2 7 1 2 7 0 2 7 12 16 2 0 2 7 17 18 2 1 2 7 1 2 7 0 59.9459015130996704
5 31 3 12 16 2 1 2 7 17 18 2 0 2 3 1 2 7 0 2 7 0 2 4 0 2 7 12 16 2 13 6 3 12 16 2 0 2 3 1 2 7 17 18 2 5 31 3 0 2 7 0 2 7 0 2 7 0 2 7 1 2 7 0 2 7 1 2 4 1 2 7 0 2 7 0 2 7 13 6 3 5 30 3 17 9 2 1 2 7 1 2 7 1 2 7 0 2 7 0 2 7 17 9 2 1 2 7 0 2 7 0 2 3 1 2 7 1 2 4 1 2 7 0 2 7 1 2 7 1 2 7 0 2 7 0 2 7 0 2 7 12 16 2 17 18 2 1 2 7 0 2 4 13 6 3 0 2 7 16 6 2 1 2 7 0 2 7 17 9 2 1 2 7 0 2 3 1 2 4 0 59.9809155464172363

Current Evaluation = 15300(15300)
Front Size = 10
5 31 3 12 16 2 0 2 7 5 31 3 0 2 4 1 2 7 1 2 7 0 2 7 0 2 7 0 2 7 0 2 7 12 16 2 13 6 3 12 16 2 0 2 7 0 2 7 17 9 2 0 2 4 1 2 7 0 2 7 1 2 7 1 2 7 0 2 7 17 18 2 1 2 7 0 2 7 1 2 7 0 2 7 1 2 7 1 2 7 0 2 7 1 2 7 1 2 7 1 2 7 0 2 7 1 2 7 17 9 2 1 2 7 1 2 7 1 2 7 0 2 7 0 2 7 0 2 7 16 6 2 0 2 7 0 2 7 5 31 3 1 2 7 17 9 2 0 2 7 0 2 4 17 18 2 1 2 7 0 2 7 12 16 2 1 2 7 13 6 3 13 6 3 0 2 7 17 18 2 0 59.7211945056915283
5 31 3 0 2 4 17 18 2 0 2 7 1 2 7 0 2 7 0 2 7 0 2 7 12 16 2 13 6 3 12 16 2 0 2 7 0 2 7 17 9 2 0 2 7 1 2 7 0 2 4 0 2 7 1 2 4 1 2 7 0 2 3 0 2 7 17 18 2 0 2 7 0 2 7 5 31 3 1 2 4 1 2 7 0 2 7 0 2 7 1 2 7 12 16 2 0 2 7 1 2 7 0 2 7 13 6 3 0 2 7 5 30 3 0 2 7 17 18 2 0 2 7 5 30 3 1 2 7 1 2 7 1 2 7 0 2 7 0 2 7 17 18 2 1 2 4 16 30 2 12 16 2 0 2 3 1 2 7 6 2 4 5 31 3 1 2 11 0 2 4 16 6 2 0 2 4 1 2 11 0 60.7126525044441223
5 31 3 0 2 4 17 18 2 0 2 7 1 2 7 0 2 7 0 2 7 0 2 7 12 16 2 13 6 3 12 16 2 0 2 7 0 2 7 17 9 2 0 2 7 1 2 7 1 2 4 0 2 7 1 2 4 1 2 4 0 2 7 0 2 7 17 9 2 17 18 2 0 2 7 0 2 7 5 31 3 1 2 7 1 2 7 0 2 7 0 2 7 1 2 7 12 16 2 0 2 7 1 2 7 0 2 7 13 6 3 0 2 7 5 30 3 0 2 7 13 6 3 17 18 2 0 2 7 17 9 2 5 30 3 1 2 7 1 2 7 1 2 7 0 2 7 0 2 7 17 18 2 1 2 7 1 2 7 1 2 4 1 2 4 0 2 7 1 2 4 1 2 7 0 2 7 1 2 7 0 59.7875515222549438
5 30 3 12 16 2 0 2 7 5 31 3 0 2 7 0 2 4 0 2 3 0 2 3 0 2 7 1 2 3 0 2 7 0 2 7 12 16 2 13 6 3 12 16 2 5 30 3 0 2 7 5 30 3 0 2 7 17 9 2 0 2 7 1 2 7 0 2 7 0 2 3 15 2 11 1 2 4 0 2 7 17 18 2 1 2 7 0 2 7 1 2 7 0 2 4 0 2 7 0 2 4 16 19 11 1 2 7 0 2 4 1 2 7 1 2 7 1 2 7 1 2 7 0 2 7 1 2 7 17 9 2 1 2 7 1 2 7 1 2 7 8 9 2 0 2 4 0 2 7 0 2 7 1 2 7 16 6 2 0 2 3 0 2 7 5 31 3 0 2 7 17 9 2 0 2 7 16 6 2 0 61.3927594423294067
5 31 3 12 16 2 1 2 7 17 18 2 1 2 7 0 2 7 0 2 7 1 2 4 12 16 2 13 6 3 12 16 2 1 2 7 17 18 2 5 31 3 0 2 7 0 2 7 1 2 4 0 2 4 0 2 7 0 2 7 0 2 7 5 30 3 0 2 4 1 2 7 13 6 3 5 30 3 17 9 2 1 2 7 1 2 7 1 2 7 0 2 7 0 2 7 17 9 2 1 2 7 0 2 7 1 2 7 1 2 7 0 2 7 1 2 4 1 2 7 0 2 7 0 2 7 0 2 7 12 16 2 17 18 2 1 2 7 0 2 4 13 6 3 0 2 7 17 9 2 1 2 7 0 2 7 17 9 2 0 2 7 0 2 4 0 2 4 1 2 7 0 2 4 0 2 4 1 2 7 0 59.9459015130996704
5 31 3 12 16 2 1 2 7 17 18 2 0 2 3 1 2 7 0 2 7 0 2 4 0 2 7 12 16 2 13 6 3 12 16 2 0 2 3 1 2 7 17 18 2 5 31 3 0 2 7 0 2 7 0 2 7 0 2 7 1 2 7 0 2 7 1 2 4 1 2 7 0 2 7 0 2 7 13 6 3 5 30 3 17 9 2 1 2 7 1 2 7 1 2 7 0 2 7 0 2 7 17 9 2 1 2 7 0 2 7 0 2 3 1 2 7 1 2 4 1 2 7 0 2 7 1 2 7 1 2 7 0 2 7 0 2 7 0 2 7 12 16 2 17 18 2 1 2 7 0 2 4 13 6 3 0 2 7 16 6 2 1 2 7 0 2 7 17 9 2 1 2 7 0 2 3 1 2 4 0 59.9809155464172363
5 31 3 0 2 7 17 18 2 1 2 7 0 2 7 0 2 7 0 2 7 12 16 2 13 6 3 12 16 2 5 31 3 0 2 7 0 2 7 17 9 2 1 2 7 1 2 4 1 2 4 0 2 7 1 2 4 0 2 7 1 2 7 0 2 4 1 2 7 0 2 7 17 9 2 17 18 2 13 6 3 1 2 7 0 2 7 0 2 7 1 2 7 1 2 7 1 2 7 0 2 4 12 16 2 0 2 7 1 2 7 1 2 7 1 2 7 0 2 7 13 6 3 0 2 7 17 9 2 0 2 7 0 2 7 17 18 2 5 30 3 0 2 7 0 2 7 0 2 7 0 2 7 0 2 4 1 2 4 5 30 3 1 2 7 0 2 7 1 2 7 1 2 7 17 18 2 1 2 7 0 59.7875515222549438
5 31 3 12 16 2 0 2 3 1 2 4 17 18 2 0 2 7 0 2 7 0 2 3 0 2 7 0 2 3 1 2 7 1 2 3 0 2 4 1 2 7 1 2 7 0 2 7 1 2 3 1 2 3 12 16 2 13 6 3 12 16 2 5 30 3 1 2 3 1 2 3 1 2 3 1 2 3 1 2 7 5 30 3 1 2 7 12 16 2 5 30 3 8 9 2 17 18 2 0 2 3 0 2 3 0 2 7 0 2 7 0 2 7 0 2 4 0 2 7 0 2 7 0 2 3 16 30 2 0 2 7 0 2 3 16 6 2 0 2 7 17 18 2 1 2 7 0 2 7 1 2 7 0 2 7 5 30 3 0 2 7 0 2 7 0 2 3 0 2 3 16 6 2 16 6 2 13 6 3 0 61.5528246164321899
5 31 3 12 16 2 0 2 7 17 18 2 1 2 4 0 2 7 0 2 7 5 31 3 12 16 2 13 6 3 12 16 2 0 2 7 0 2 7 17 18 2 1 2 7 1 2 7 0 2 7 0 2 7 1 2 7 0 2 7 0 2 7 0 2 7 0 2 7 13 6 3 5 30 3 1 2 7 1 2 7 0 2 7 0 2 7 1 2 7 0 2 7 5 31 3 1 2 7 12 16 2 17 18 2 1 2 7 0 2 7 17 9 2 1 2 7 5 30 3 1 2 7 6 2 7 1 2 7 0 2 7 1 2 7 0 2 7 17 9 2 0 2 7 5 30 3 16 6 2 0 2 7 0 2 7 13 6 3 0 2 7 16 30 2 0 2 7 1 2 7 0 2 4 0 2 7 0 2 7 0 60.3324564099311829
5 31 3 0 2 7 17 18 2 1 2 7 0 2 7 0 2 7 0 2 7 12 16 2 13 6 3 12 16 2 5 31 3 0 2 7 0 2 7 17 9 2 1 2 7 1 2 7 1 2 7 0 2 7 1 2 7 0 2 7 6 2 4 1 2 7 0 2 7 1 2 7 0 2 7 17 9 2 17 18 2 13 6 3 1 2 7 0 2 7 5 31 3 0 2 7 1 2 7 1 2 4 1 2 7 0 2 7 12 16 2 12 16 2 0 2 7 1 2 7 1 2 7 1 2 7 0 2 7 13 6 3 0 2 7 1 2 7 1 2 7 17 9 2 0 2 7 0 2 7 17 18 2 5 30 3 0 2 7 0 2 4 0 2 4 0 2 7 16 6 2 1 2 7 0 2 7 0 2 7 0 59.938682496547699

Current Evaluation = 16200(16200)
Front Size = 10
5 31 3 12 16 2 1 2 7 17 18 2 1 2 7 0 2 7 0 2 7 0 2 7 12 16 2 13 6 3 12 16 2 1 2 7 17 18 2 5 31 3 0 2 7 0 2 7 0 2 7 0 2 7 1 2 7 0 2 7 1 2 7 0 2 7 0 2 7 13 6 3 17 9 2 1 2 7 1 2 7 1 2 7 0 2 7 0 2 7 17 9 2 1 2 7 0 2 7 1 2 7 1 2 7 0 2 7 0 2 7 1 2 7 0 2 7 0 2 7 0 2 7 12 16 2 17 18 2 1 2 7 0 2 4 13 6 3 0 2 7 16 6 2 1 2 7 0 2 7 17 9 2 1 2 7 1 2 7 0 2 7 1 2 4 5 31 3 0 2 7 1 2 4 1 2 7 0 2 7 0 59.7211945056915283
5 31 3 12 16 2 0 2 7 5 31 3 0 2 7 1 2 7 1 2 7 0 2 7 0 2 4 0 2 7 0 2 7 12 16 2 13 6 3 12 16 2 0 2 7 0 2 4 17 9 2 1 2 7 1 2 7 1 2 7 1 2 7 0 2 7 17 18 2 1 2 7 0 2 7 1 2 7 0 2 7 1 2 7 1 2 7 0 2 7 1 2 7 1 2 7 1 2 7 0 2 7 1 2 7 17 9 2 1 2 7 1 2 7 1 2 7 0 2 4 0 2 7 0 2 7 16 6 2 0 2 7 0 2 7 5 31 3 1 2 7 17 9 2 0 2 7 17 18 2 0 2 7 12 16 2 13 6 3 13 6 3 0 2 7 17 18 2 0 2 7 0 2 7 1 2 7 0 2 7 0 59.7211945056915283
5 31 3 0 2 4 17 18 2 0 2 7 1 2 7 0 2 7 0 2 7 0 2 7 12 16 2 13 6 3 12 16 2 0 2 7 0 2 7 17 9 2 0 2 7 1 2 7 1 2 4 0 2 7 1 2 4 1 2 4 0 2 7 0 2 7 17 9 2 17 18 2 0 2 7 0 2 7 5 31 3 1 2 7 1 2 7 0 2 7 0 2 7 1 2 7 12 16 2 0 2 7 1 2 7 0 2 7 13 6 3 0 2 7 5 30 3 0 2 7 13 6 3 17 18 2 0 2 7 17 9 2 5 30 3 1 2 7 1 2 7 1 2 7 0 2 7 0 2 7 17 18 2 1 2 7 1 2 7 1 2 4 1 2 4 0 2 7 1 2 4 1 2 7 0 2 7 1 2 7 0 59.7875515222549438
0 2 7 0 2 7 17 18 2 0 2 4 1 2 3 0 2 11 0 2 7 0 2 7 12 16 2 13 6 3 12 16 2 0 2 7 0 2 7 17 9 2 0 2 7 1 2 7 0 2 7 0 2 7 1 2 7 1 2 4 0 2 4 0 2 7 17 18 2 0 2 7 1 2 7 5 31 3 1 2 7 1 2 7 0 2 7 0 2 7 1 2 7 12 16 2 1 2 7 1 2 3 0 2 7 13 6 3 0 2 3 5 30 3 0 2 4 17 18 2 0 2 7 5 30 3 1 2 7 1 2 4 1 2 4 0 2 7 0 2 7 17 18 2 1 2 7 16 6 2 12 16 2 0 2 7 1 2 7 6 2 3 5 31 3 1 2 7 0 2 7 16 31 2 0 2 7 1 2 4 0 60.5013055801391602
5 31 3 12 16 2 1 2 7 17 18 2 1 2 7 0 2 7 0 2 7 1 2 4 12 16 2 13 6 3 12 16 2 1 2 7 17 18 2 5 31 3 0 2 7 0 2 7 1 2 7 0 2 4 0 2 7 0 2 7 0 2 7 5 30 3 0 2 4 1 2 7 13 6 3 5 30 3 17 9 2 1 2 7 1 2 7 1 2 7 0 2 7 0 2 7 17 9 2 1 2 7 0 2 7 1 2 7 1 2 7 0 2 7 1 2 4 1 2 7 0 2 7 0 2 7 0 2 7 17 18 2 1 2 7 0 2 4 13 6 3 0 2 7 17 9 2 1 2 7 0 2 7 0 2 7 1 2 7 1 2 7 0 2 7 17 9 2 1 2 7 0 2 4 0 2 7 0 2 4 0 59.7875515222549438
5 30 3 1 2 4 17 18 2 0 2 7 1 2 7 0 2 7 0 2 7 0 2 7 0 2 7 13 6 3 12 16 2 0 2 7 0 2 7 17 9 2 0 2 7 1 2 4 1 2 4 5 30 3 1 2 7 1 2 7 0 2 7 0 2 4 17 9 2 17 18 2 0 2 4 0 2 7 5 31 3 1 2 7 1 2 7 0 2 7 1 2 7 12 16 2 0 2 7 1 2 7 0 2 7 13 6 3 0 2 4 0 2 7 13 6 3 17 18 2 17 9 2 1 2 7 0 2 7 1 2 7 1 2 7 1 2 7 1 2 4 0 2 7 0 2 7 0 2 7 1 2 7 1 2 7 1 2 7 0 2 7 0 2 7 5 31 3 1 2 7 17 18 2 0 2 7 12 16 2 0 59.7875515222549438
5 30 3 12 16 2 1 2 7 17 18 2 1 2 7 0 2 7 0 2 3 0 2 7 12 16 2 13 6 3 12 16 2 1 2 7 17 18 2 5 31 3 0 2 4 0 2 7 0 2 3 0 2 7 1 2 7 0 2 7 1 2 4 1 2 7 0 2 7 0 2 7 13 6 3 17 9 2 1 2 4 1 2 7 1 2 7 0 2 7 0 2 7 17 9 2 1 2 7 0 2 7 1 2 7 1 2 7 1 2 7 0 2 7 1 2 7 1 2 7 0 2 7 0 2 3 0 2 7 12 16 2 17 18 2 1 2 7 13 6 3 0 2 4 16 6 2 0 2 7 0 2 7 17 9 2 1 2 7 0 2 3 5 31 3 0 2 7 0 2 7 1 2 7 0 2 7 1 2 4 0 59.9809155464172363
5 31 3 1 2 7 17 18 2 0 2 7 1 2 7 0 2 7 0 2 7 0 2 7 0 2 7 13 6 3 12 16 2 0 2 7 0 2 7 17 9 2 0 2 7 1 2 7 1 2 7 0 2 7 1 2 7 1 2 7 0 2 4 0 2 7 17 9 2 17 18 2 0 2 7 0 2 7 5 31 3 1 2 7 1 2 7 0 2 3 0 2 7 1 2 7 12 16 2 0 2 7 1 2 7 0 2 7 13 6 3 0 2 7 5 30 3 0 2 7 13 6 3 17 18 2 17 9 2 1 2 7 1 2 7 1 2 7 1 2 7 1 2 7 1 2 7 1 2 11 0 2 7 0 2 7 0 2 4 1 2 7 17 18 2 1 2 7 0 2 3 1 2 11 1 2 7 0 2 7 0 59.8072065114974976
5 31 3 0 2 7 17 18 2 0 2 7 0 2 7 0 2 7 0 2 7 0 2 7 12 16 2 13 6 3 12 16 2 0 2 4 0 2 4 17 9 2 0 2 7 1 2 3 5 31 3 0 2 7 1 2 7 1 2 7 0 2 7 0 2 7 17 18 2 0 2 7 0 2 4 5 31 3 1 2 7 1 2 7 1 2 7 0 2 7 1 2 7 12 16 2 0 2 7 1 2 7 0 2 7 13 6 3 0 2 7 5 30 3 0 2 4 17 18 2 0 2 7 5 30 3 0 2 7 1 2 7 1 2 7 0 2 7 0 2 7 17 18 2 1 2 7 16 30 2 1 2 7 0 2 7 1 2 7 6 2 4 5 31 3 1 2 7 0 2 7 16 6 2 0 2 7 1 2 7 0 60.616576611995697
5 30 3 12 16 2 0 2 7 5 31 3 0 2 7 0 2 4 0 2 7 0 2 7 0 2 7 12 16 2 13 6 3 12 16 2 0 2 7 0 2 7 17 9 2 0 2 7 1 2 7 0 2 7 1 2 4 0 2 7 17 18 2 1 2 7 0 2 7 1 2 7 0 2 4 0 2 7 1 2 7 1 2 7 1 2 7 1 2 7 1 2 7 0 2 7 1 2 7 17 9 2 1 2 7 1 2 7 1 2 7 0 2 7 0 2 7 1 2 7 16 6 2 0 2 7 5 31 3 0 2 7 17 9 2 0 2 7 1 2 7 0 2 3 1 2 3 0 2 7 5 30 3 0 2 3 5 31 3 0 2 4 17 18 2 0 2 4 8 9 2 0 2 4 0 2 7 16 6 2 0 60.9801825284957886

Current Evaluation = 17100(17100)
Front Size = 10
5 31 3 12 16 2 1 2 7 17 18 2 1 2 7 0 2 7 0 2 7 0 2 7 12 16 2 13 6 3 12 16 2 1 2 7 17 18 2 5 31 3 0 2 7 0 2 7 0 2 7 0 2 7 1 2 7 0 2 7 1 2 7 0 2 7 0 2 7 13 6 3 17 9 2 1 2 7 1 2 7 1 2 7 0 2 7 0 2 7 17 9 2 1 2 7 0 2 7 1 2 7 1 2 7 0 2 7 0 2 7 1 2 7 0 2 7 0 2 7 0 2 7 12 16 2 17 18 2 1 2 7 0 2 4 13 6 3 0 2 7 16 6 2 1 2 7 0 2 7 17 9 2 1 2 7 1 2 7 0 2 7 1 2 4 5 31 3 0 2 7 1 2 4 1 2 7 0 2 7 0 59.7211945056915283
5 31 3 12 16 2 0 2 7 5 31 3 0 2 7 1 2 7 1 2 7 0 2 7 0 2 4 0 2 7 0 2 7 12 16 2 13 6 3 12 16 2 0 2 7 17 9 2 1 2 7 1 2 7 1 2 7 1 2 7 0 2 7 17 18 2 1 2 7 0 2 7 1 2 7 0 2 7 1 2 7 1 2 7 0 2 7 1 2 7 1 2 7 1 2 7 0 2 7 1 2 7 17 9 2 1 2 7 1 2 7 1 2 7 0 2 7 0 2 7 16 6 2 0 2 7 0 2 7 5 31 3 17 9 2 0 2 7 17 18 2 0 2 7 12 16 2 13 6 3 13 6 3 0 2 7 17 18 2 0 2 7 0 2 7 0 2 7 0 2 4 0 2 4 1 2 7 1 2 7 0 59.7211945056915283
5 31 3 12 16 2 1 2 7 17 18 2 1 2 7 0 2 7 0 2 7 1 2 7 12 16 2 13 6 3 12 16 2 0 2 3 17 18 2 5 31 3 1 2 7 0 2 4 0 2 7 0 2 4 1 2 7 0 2 7 1 2 4 0 2 7 1 2 7 13 6 3 17 9 2 1 2 4 1 2 4 0 2 7 0 2 4 0 2 7 17 9 2 1 2 7 6 2 4 0 2 7 1 2 7 0 2 7 0 2 7 1 2 4 0 2 4 0 2 7 12 16 2 17 18 2 1 2 4 0 2 7 16 6 2 1 2 7 1 2 4 5 31 3 0 2 7 0 2 7 0 2 7 0 2 7 1 2 7 0 2 4 1 2 7 0 2 7 5 30 3 0 2 7 0 2 7 17 9 2 0 60.2408736348152161
0 2 4 0 2 7 17 18 2 17 9 2 1 2 7 0 2 7 12 16 2 13 6 3 12 16 2 0 2 3 0 2 7 17 9 2 0 2 3 1 2 7 0 2 7 0 2 4 1 2 11 1 2 7 0 2 7 0 2 7 17 18 2 0 2 7 6 2 7 5 31 3 1 2 4 1 2 7 0 2 7 0 2 4 1 2 7 12 16 2 1 2 7 0 2 7 13 6 3 0 2 7 5 30 3 17 18 2 0 2 4 1 2 7 0 2 7 1 2 7 0 2 7 0 2 7 0 2 7 16 6 2 12 16 2 1 2 4 1 2 7 5 31 3 1 2 7 1 2 7 0 2 7 1 2 3 0 2 7 5 30 3 0 2 7 1 2 7 0 2 4 16 31 2 0 2 3 1 2 7 0 60.5013055205345154
0 2 7 0 2 7 17 18 2 0 2 4 1 2 3 0 2 11 0 2 7 0 2 7 12 16 2 13 6 3 12 16 2 0 2 7 0 2 7 17 9 2 0 2 7 1 2 7 0 2 7 0 2 7 1 2 7 1 2 4 0 2 4 0 2 7 17 18 2 0 2 7 1 2 7 5 31 3 1 2 7 1 2 7 0 2 7 0 2 7 1 2 7 12 16 2 1 2 7 1 2 3 0 2 7 13 6 3 0 2 3 5 30 3 0 2 4 17 18 2 0 2 7 5 30 3 1 2 7 1 2 4 1 2 4 0 2 7 0 2 7 17 18 2 1 2 7 16 6 2 12 16 2 0 2 7 1 2 7 6 2 3 5 31 3 1 2 7 0 2 7 16 31 2 0 2 7 1 2 4 0 60.5013055801391602
5 30 3 1 2 4 17 18 2 0 2 7 1 2 4 0 2 7 0 2 7 0 2 7 0 2 7 13 6 3 12 16 2 0 2 7 0 2 7 17 9 2 0 2 7 0 2 4 5 30 3 1 2 7 1 2 7 0 2 7 0 2 4 17 9 2 17 18 2 0 2 7 5 31 3 1 2 7 1 2 7 0 2 7 1 2 7 12 16 2 0 2 7 1 2 7 0 2 7 13 6 3 0 2 7 0 2 7 13 6 3 17 18 2 17 9 2 1 2 7 0 2 7 1 2 7 1 2 7 1 2 7 0 2 7 0 2 7 0 2 7 1 2 7 1 2 7 5 31 3 12 16 2 0 2 4 1 2 7 1 2 7 0 2 4 17 9 2 0 2 7 1 2 7 1 2 4 1 2 7 0 59.7875515222549438
5 31 3 0 2 4 17 18 2 0 2 7 1 2 7 0 2 7 0 2 7 0 2 7 12 16 2 13 6 3 12 16 2 0 2 7 0 2 7 17 9 2 0 2 7 1 2 7 1 2 4 0 2 7 1 2 4 1 2 4 0 2 7 0 2 7 17 9 2 17 18 2 0 2 7 0 2 7 5 31 3 1 2 7 1 2 7 0 2 7 0 2 7 1 2 7 12 16 2 0 2 7 1 2 7 0 2 7 13 6 3 0 2 7 5 30 3 0 2 7 13 6 3 17 18 2 0 2 7 17 9 2 5 30 3 1 2 7 1 2 7 1 2 7 0 2 7 0 2 7 17 18 2 1 2 7 1 2 7 1 2 4 1 2 4 0 2 7 1 2 4 1 2 7 0 2 7 1 2 7 0 59.7875515222549438
5 31 3 1 2 7 17 18 2 0 2 7 1 2 7 0 2 7 0 2 7 0 2 7 0 2 7 13 6 3 12 16 2 0 2 7 0 2 7 17 9 2 0 2 7 1 2 7 1 2 7 0 2 7 1 2 7 1 2 7 0 2 4 0 2 7 17 9 2 17 18 2 0 2 7 0 2 7 5 31 3 1 2 7 1 2 7 0 2 3 0 2 7 1 2 7 12 16 2 0 2 7 1 2 7 0 2 7 13 6 3 0 2 7 5 30 3 0 2 7 13 6 3 17 18 2 17 9 2 1 2 7 1 2 7 1 2 7 1 2 7 1 2 7 1 2 7 1 2 11 0 2 7 0 2 7 0 2 4 1 2 7 17 18 2 1 2 7 0 2 3 1 2 11 1 2 7 0 2 7 0 59.8072065114974976
5 31 3 0 2 7 17 18 2 0 2 7 1 2 7 0 2 7 0 2 7 0 2 7 12 16 2 13 6 3 12 16 2 0 2 7 0 2 7 17 9 2 0 2 7 1 2 7 1 2 4 0 2 7 1 2 7 1 2 4 0 2 7 0 2 7 17 9 2 17 18 2 0 2 7 0 2 7 5 31 3 1 2 7 1 2 7 0 2 7 0 2 7 1 2 7 12 16 2 0 2 7 1 2 7 0 2 7 13 6 3 0 2 7 5 30 3 0 2 7 13 6 3 17 18 2 0 2 4 17 9 2 5 30 3 1 2 7 1 2 7 1 2 4 0 2 7 1 2 7 1 2 7 1 2 7 1 2 4 1 2 7 1 2 7 0 2 7 17 9 2 0 2 7 1 2 4 0 2 4 0 59.7875515222549438
5 31 3 12 16 2 1 2 7 17 18 2 1 2 7 0 2 7 0 2 7 1 2 7 12 16 2 13 6 3 0 2 7 17 18 2 5 31 3 1 2 7 0 2 7 0 2 7 0 2 4 1 2 7 0 2 7 0 2 7 1 2 3 13 6 3 17 9 2 0 2 7 0 2 7 17 9 2 1 2 7 0 2 7 1 2 7 0 2 7 0 2 7 0 2 7 17 18 2 0 2 7 1 2 7 0 2 7 0 2 7 0 2 7 0 2 7 1 2 3 1 2 7 0 2 7 5 30 3 0 2 7 0 2 7 17 9 2 1 2 7 1 2 7 1 2 11 17 18 2 1 2 7 1 2 7 1 2 4 13 6 3 1 2 7 1 2 7 1 2 7 0 2 7 1 2 7 0 2 11 0 59.8072066307067871

Current Evaluation = 18000(18000)
Front Size = 10
5 31 3 12 16 2 1 2 7 17 18 2 1 2 7 0 2 7 0 2 7 0 2 7 12 16 2 13 6 3 12 16 2 1 2 7 17 18 2 5 31 3 0 2 7 0 2 7 0 2 7 0 2 7 1 2 7 0 2 7 1 2 7 0 2 7 0 2 7 13 6 3 17 9 2 1 2 7 1 2 7 1 2 7 0 2 7 0 2 7 17 9 2 1 2 7 0 2 7 1 2 7 1 2 7 0 2 7 0 2 7 1 2 7 0 2 7 0 2 7 0 2 7 12 16 2 17 18 2 1 2 7 0 2 4 13 6 3 0 2 7 16 6 2 1 2 7 0 2 7 17 9 2 1 2 7 1 2 7 0 2 7 5 31 3 1 2 7 1 2 7 0 2 7 1 2 4 0 2 4 0 59.7211945056915283
5 31 3 12 16 2 1 2 7 17 18 2 1 2 7 0 2 7 0 2 7 0 2 7 12 16 2 13 6 3 12 16 2 1 2 7 17 18 2 5 31 3 0 2 7 0 2 7 0 2 7 0 2 7 1 2 7 0 2 7 1 2 7 0 2 7 0 2 7 13 6 3 17 9 2 1 2 7 1 2 7 1 2 7 0 2 7 0 2 7 17 9 2 1 2 7 0 2 7 1 2 7 1 2 7 0 2 7 0 2 7 1 2 7 0 2 7 0 2 7 0 2 7 12 16 2 17 18 2 1 2 7 0 2 4 13 6 3 0 2 7 16 6 2 1 2 7 0 2 7 17 9 2 1 2 7 1 2 7 0 2 7 5 31 3 1 2 7 0 2 4 0 2 4 1 2 7 1 2 7 0 59.7211945056915283
0 2 4 0 2 7 17 18 2 17 9 2 1 2 4 0 2 4 12 16 2 13 6 3 12 16 2 0 2 4 17 9 2 1 2 7 0 2 10 1 2 7 0 2 7 0 2 7 17 18 2 0 2 4 5 31 3 12 16 2 0 2 7 0 2 7 6 2 7 12 16 2 1 2 7 1 2 7 13 6 3 0 2 7 17 18 2 1 2 4 0 2 7 1 2 7 0 2 7 1 2 7 0 2 7 16 6 2 12 16 2 1 2 4 5 31 3 5 31 3 0 2 4 1 2 7 0 2 7 0 2 4 0 2 7 1 2 7 1 2 7 1 2 4 0 2 4 0 2 7 1 2 7 1 2 4 0 2 7 0 2 7 0 2 4 17 9 2 5 30 3 0 2 4 1 2 7 0 2 7 0 60.373223602771759
5 31 3 12 16 2 1 2 7 17 18 2 1 2 7 0 2 7 0 2 7 0 2 7 12 16 2 13 6 3 12 16 2 1 2 7 17 18 2 5 31 3 0 2 7 0 2 7 0 2 7 0 2 7 1 2 7 0 2 7 1 2 7 0 2 7 0 2 7 13 6 3 17 9 2 1 2 7 1 2 7 1 2 7 0 2 7 0 2 7 17 9 2 1 2 7 0 2 7 1 2 7 1 2 7 0 2 7 0 2 7 1 2 7 0 2 7 0 2 7 0 2 7 12 16 2 17 18 2 1 2 7 0 2 4 13 6 3 0 2 7 16 6 2 1 2 7 0 2 7 17 9 2 1 2 7 1 2 7 0 2 7 5 31 3 1 2 7 1 2 4 0 2 7 1 2 4 0 2 7 0 59.7211945056915283
0 2 4 0 2 7 17 18 2 17 9 2 1 2 7 0 2 7 12 16 2 13 6 3 12 16 2 0 2 3 0 2 7 17 9 2 0 2 3 1 2 7 0 2 7 0 2 4 1 2 11 1 2 7 0 2 7 0 2 7 17 18 2 0 2 7 6 2 7 5 31 3 1 2 4 1 2 7 0 2 7 0 2 4 1 2 7 12 16 2 1 2 7 0 2 7 13 6 3 0 2 7 5 30 3 17 18 2 0 2 4 1 2 7 0 2 7 1 2 7 0 2 7 0 2 7 0 2 7 16 6 2 12 16 2 1 2 4 1 2 7 5 31 3 1 2 7 1 2 7 0 2 7 1 2 3 0 2 7 5 30 3 0 2 7 1 2 7 0 2 4 16 31 2 0 2 3 1 2 7 0 60.5013055205345154
5 31 3 0 2 4 17 18 2 0 2 7 1 2 7 0 2 7 0 2 7 0 2 7 12 16 2 13 6 3 12 16 2 0 2 7 0 2 7 17 9 2 0 2 7 1 2 7 1 2 4 0 2 7 1 2 4 1 2 4 0 2 7 0 2 7 17 9 2 17 18 2 0 2 7 0 2 7 5 31 3 1 2 7 1 2 7 0 2 7 0 2 7 1 2 7 12 16 2 0 2 4 1 2 7 0 2 7 13 6 3 0 2 7 5 30 3 0 2 7 13 6 3 17 18 2 0 2 7 17 9 2 5 30 3 1 2 7 1 2 7 1 2 7 0 2 7 1 2 7 1 2 7 1 2 7 1 2 7 1 2 7 17 9 2 0 2 4 1 2 4 0 2 7 1 2 7 0 2 7 0 59.7875515222549438
5 31 3 0 2 4 17 18 2 0 2 7 1 2 7 0 2 7 0 2 7 0 2 7 12 16 2 13 6 3 12 16 2 0 2 7 0 2 7 17 9 2 0 2 7 1 2 7 1 2 4 0 2 7 1 2 4 1 2 4 0 2 7 0 2 7 17 9 2 17 18 2 0 2 7 0 2 7 5 31 3 1 2 7 1 2 7 0 2 7 0 2 7 1 2 7 12 16 2 0 2 7 1 2 7 0 2 7 13 6 3 0 2 7 5 30 3 0 2 7 13 6 3 17 18 2 0 2 7 17 9 2 5 30 3 1 2 7 1 2 7 1 2 7 0 2 7 0 2 7 17 18 2 1 2 7 1 2 7 1 2 4 1 2 4 0 2 7 1 2 4 1 2 7 0 2 7 1 2 7 0 59.7875515222549438
5 31 3 1 2 7 17 18 2 0 2 7 1 2 7 0 2 7 0 2 7 0 2 7 0 2 7 13 6 3 12 16 2 0 2 7 0 2 7 17 9 2 0 2 7 1 2 7 1 2 7 0 2 7 1 2 7 1 2 7 0 2 4 0 2 7 17 9 2 17 18 2 0 2 7 0 2 7 5 31 3 1 2 7 1 2 7 0 2 3 0 2 7 1 2 7 12 16 2 0 2 7 1 2 7 0 2 7 13 6 3 0 2 7 5 30 3 0 2 7 13 6 3 17 18 2 17 9 2 1 2 7 1 2 7 1 2 7 1 2 7 1 2 7 1 2 7 1 2 11 0 2 7 0 2 7 0 2 4 1 2 7 17 18 2 1 2 7 0 2 3 1 2 11 1 2 7 0 2 7 0 59.8072065114974976
5 31 3 0 2 7 17 18 2 1 2 7 0 2 7 6 2 7 0 2 7 0 2 7 13 6 3 12 16 2 0 2 7 1 2 7 17 9 2 1 2 7 0 2 7 1 2 7 0 2 7 17 9 2 17 18 2 0 2 7 5 30 3 0 2 7 0 2 7 0 2 7 1 2 7 12 16 2 0 2 7 5 31 3 1 2 4 13 6 3 0 2 7 0 2 7 17 18 2 1 2 7 0 2 7 1 2 4 0 2 7 0 2 7 1 2 7 1 2 7 5 31 3 12 16 2 1 2 7 0 2 7 12 16 2 1 2 7 1 2 7 0 2 7 1 2 7 1 2 4 0 2 7 0 2 7 16 6 2 0 2 7 1 2 4 1 2 7 0 2 7 13 6 3 17 9 2 0 2 7 0 59.938682496547699
5 31 3 0 2 4 17 18 2 0 2 7 1 2 7 0 2 7 0 2 7 0 2 7 12 16 2 13 6 3 12 16 2 0 2 7 0 2 7 17 9 2 0 2 7 1 2 7 1 2 4 0 2 7 0 2 7 0 2 7 17 9 2 17 18 2 0 2 7 0 2 7 5 31 3 1 2 7 1 2 7 0 2 7 0 2 7 1 2 7 12 16 2 0 2 7 1 2 7 0 2 7 13 6 3 0 2 7 0 2 7 13 6 3 17 18 2 0 2 7 17 9 2 1 2 7 1 2 7 1 2 7 0 2 7 0 2 7 1 2 7 1 2 7 0 2 7 1 2 7 1 2 7 1 2 7 1 2 7 1 2 7 5 30 3 1 2 7 1 2 4 12 16 2 1 2 4 1 2 7 3.19568448831352998e-05 59.766155481338501

MonoObjective Genetic Algorithm
Number of Evaluations = 0
Mutation Probability = 0
Crossover Probability = 1
Population Size = 10
Survival Selection Type = 16

Time =  18056.5468621253967

Current Evaluation = 2040
Front Size = 10
5 31 3 12 16 2 1 2 7 17 18 2 1 2 7 0 2 7 0 2 7 0 2 7 12 16 2 13 6 3 12 16 2 1 2 7 17 18 2 5 31 3 0 2 7 0 2 7 0 2 7 0 2 7 1 2 7 0 2 7 1 2 7 0 2 7 0 2 7 13 6 3 17 9 2 1 2 7 1 2 7 1 2 7 0 2 7 0 2 7 17 9 2 1 2 7 0 2 7 1 2 7 1 2 7 0 2 7 0 2 7 1 2 7 0 2 7 0 2 7 0 2 7 12 16 2 17 18 2 1 2 7 0 2 4 13 6 3 0 2 7 16 6 2 1 2 7 0 2 7 17 9 2 1 2 7 1 2 7 0 2 7 5 31 3 1 2 7 1 2 7 0 2 7 1 2 4 0 2 4 0 59.7211945056915283
5 31 3 12 16 2 1 2 7 17 18 2 1 2 7 0 2 7 0 2 7 0 2 7 12 16 2 13 6 3 12 16 2 1 2 7 17 18 2 5 31 3 0 2 7 0 2 7 0 2 7 0 2 7 1 2 7 0 2 7 1 2 7 0 2 7 0 2 7 13 6 3 17 9 2 1 2 7 1 2 7 1 2 7 0 2 7 0 2 7 17 9 2 1 2 7 0 2 7 1 2 7 1 2 7 0 2 7 0 2 7 1 2 7 0 2 7 0 2 7 0 2 7 12 16 2 17 18 2 1 2 7 0 2 4 13 6 3 0 2 7 16 6 2 1 2 7 0 2 7 17 9 2 1 2 7 1 2 7 0 2 7 5 31 3 1 2 7 0 2 4 0 2 4 1 2 7 1 2 7 0 59.7211945056915283
0 2 4 0 2 7 17 18 2 17 9 2 1 2 4 0 2 4 12 16 2 13 6 3 12 16 2 0 2 4 17 9 2 1 2 7 0 2 10 1 2 7 0 2 7 0 2 7 17 18 2 0 2 4 5 31 3 12 16 2 0 2 7 0 2 7 6 2 7 12 16 2 1 2 7 1 2 7 13 6 3 0 2 7 17 18 2 1 2 4 0 2 7 1 2 7 0 2 7 1 2 7 0 2 7 16 6 2 12 16 2 1 2 4 5 31 3 5 31 3 0 2 4 1 2 7 0 2 7 0 2 4 0 2 7 1 2 7 1 2 7 1 2 4 0 2 4 0 2 7 1 2 7 1 2 4 0 2 7 0 2 7 0 2 4 17 9 2 5 30 3 0 2 4 1 2 7 0 2 7 0 60.373223602771759
5 31 3 12 16 2 1 2 7 17 18 2 1 2 7 0 2 7 0 2 7 0 2 7 12 16 2 13 6 3 12 16 2 1 2 7 17 18 2 5 31 3 0 2 7 0 2 7 0 2 7 0 2 7 1 2 7 0 2 7 1 2 7 0 2 7 0 2 7 13 6 3 17 9 2 1 2 7 1 2 7 1 2 7 0 2 7 0 2 7 17 9 2 1 2 7 0 2 7 1 2 7 1 2 7 0 2 7 0 2 7 1 2 7 0 2 7 0 2 7 0 2 7 12 16 2 17 18 2 1 2 7 0 2 4 13 6 3 0 2 7 16 6 2 1 2 7 0 2 7 17 9 2 1 2 7 1 2 7 0 2 7 5 31 3 1 2 7 1 2 4 0 2 7 1 2 4 0 2 7 0 59.7211945056915283
0 2 4 0 2 7 17 18 2 17 9 2 1 2 7 0 2 7 12 16 2 13 6 3 12 16 2 0 2 3 0 2 7 17 9 2 0 2 3 1 2 7 0 2 7 0 2 4 1 2 11 1 2 7 0 2 7 0 2 7 17 18 2 0 2 7 6 2 7 5 31 3 1 2 4 1 2 7 0 2 7 0 2 4 1 2 7 12 16 2 1 2 7 0 2 7 13 6 3 0 2 7 5 30 3 17 18 2 0 2 4 1 2 7 0 2 7 1 2 7 0 2 7 0 2 7 0 2 7 16 6 2 12 16 2 1 2 4 1 2 7 5 31 3 1 2 7 1 2 7 0 2 7 1 2 3 0 2 7 5 30 3 0 2 7 1 2 7 0 2 4 16 31 2 0 2 3 1 2 7 0 60.5013055205345154
5 31 3 0 2 4 17 18 2 0 2 7 1 2 7 0 2 7 0 2 7 0 2 7 12 16 2 13 6 3 12 16 2 0 2 7 0 2 7 17 9 2 0 2 7 1 2 7 1 2 4 0 2 7 1 2 4 1 2 4 0 2 7 0 2 7 17 9 2 17 18 2 0 2 7 0 2 7 5 31 3 1 2 7 1 2 7 0 2 7 0 2 7 1 2 7 12 16 2 0 2 4 1 2 7 0 2 7 13 6 3 0 2 7 5 30 3 0 2 7 13 6 3 17 18 2 0 2 7 17 9 2 5 30 3 1 2 7 1 2 7 1 2 7 0 2 7 1 2 7 1 2 7 1 2 7 1 2 7 1 2 7 17 9 2 0 2 4 1 2 4 0 2 7 1 2 7 0 2 7 0 59.7875515222549438
5 31 3 0 2 4 17 18 2 0 2 7 1 2 7 0 2 7 0 2 7 0 2 7 12 16 2 13 6 3 12 16 2 0 2 7 0 2 7 17 9 2 0 2 7 1 2 7 1 2 4 0 2 7 1 2 4 1 2 4 0 2 7 0 2 7 17 9 2 17 18 2 0 2 7 0 2 7 5 31 3 1 2 7 1 2 7 0 2 7 0 2 7 1 2 7 12 16 2 0 2 7 1 2 7 0 2 7 13 6 3 0 2 7 5 30 3 0 2 7 13 6 3 17 18 2 0 2 7 17 9 2 5 30 3 1 2 7 1 2 7 1 2 7 0 2 7 0 2 7 17 18 2 1 2 7 1 2 7 1 2 4 1 2 4 0 2 7 1 2 4 1 2 7 0 2 7 1 2 7 0 59.7875515222549438
5 31 3 1 2 7 17 18 2 0 2 7 1 2 7 0 2 7 0 2 7 0 2 7 0 2 7 13 6 3 12 16 2 0 2 7 0 2 7 17 9 2 0 2 7 1 2 7 1 2 7 0 2 7 1 2 7 1 2 7 0 2 4 0 2 7 17 9 2 17 18 2 0 2 7 0 2 7 5 31 3 1 2 7 1 2 7 0 2 3 0 2 7 1 2 7 12 16 2 0 2 7 1 2 7 0 2 7 13 6 3 0 2 7 5 30 3 0 2 7 13 6 3 17 18 2 17 9 2 1 2 7 1 2 7 1 2 7 1 2 7 1 2 7 1 2 7 1 2 11 0 2 7 0 2 7 0 2 4 1 2 7 17 18 2 1 2 7 0 2 3 1 2 11 1 2 7 0 2 7 0 59.8072065114974976
5 31 3 0 2 7 17 18 2 1 2 7 0 2 7 6 2 7 0 2 7 0 2 7 13 6 3 12 16 2 0 2 7 1 2 7 17 9 2 1 2 7 0 2 7 1 2 7 0 2 7 17 9 2 17 18 2 0 2 7 5 30 3 0 2 7 0 2 7 0 2 7 1 2 7 12 16 2 0 2 7 5 31 3 1 2 4 13 6 3 0 2 7 0 2 7 17 18 2 1 2 7 0 2 7 1 2 4 0 2 7 0 2 7 1 2 7 1 2 7 5 31 3 12 16 2 1 2 7 0 2 7 12 16 2 1 2 7 1 2 7 0 2 7 1 2 7 1 2 4 0 2 7 0 2 7 16 6 2 0 2 7 1 2 4 1 2 7 0 2 7 13 6 3 17 9 2 0 2 7 0 59.938682496547699
5 31 3 0 2 4 17 18 2 0 2 7 1 2 7 0 2 7 0 2 7 0 2 7 12 16 2 13 6 3 12 16 2 0 2 7 0 2 7 17 9 2 0 2 7 1 2 7 1 2 4 0 2 7 0 2 7 0 2 7 17 9 2 17 18 2 0 2 7 0 2 7 5 31 3 1 2 7 1 2 7 0 2 7 0 2 7 1 2 7 12 16 2 0 2 7 1 2 7 0 2 7 13 6 3 0 2 7 0 2 7 13 6 3 17 18 2 0 2 7 17 9 2 1 2 7 1 2 7 1 2 7 0 2 7 0 2 7 1 2 7 1 2 7 0 2 7 1 2 7 1 2 7 1 2 7 1 2 7 1 2 7 5 30 3 1 2 7 1 2 4 12 16 2 1 2 4 1 2 7 3.19568448831352998e-05 59.766155481338501

