Current Evaluation = 900(900)
Front Size = 10
5 31 3 12 16 2 5 31 3 12 16 2 5 30 3 0 2 7 1 2 7 0 2 7 0 2 7 0 2 7 1 2 7 0 2 7 1 2 7 0 2 7 1 2 7 0 2 7 0 2 7 16 15 2 0 2 7 0 2 7 8 18 2 0 2 7 0 2 7 1 2 7 0 2 7 1 2 4 0 2 7 0 2 11 0 2 7 16 6 2 5 30 3 0 2 7 5 30 3 5 30 3 17 18 2 15 2 11 1 2 7 1 2 4 0 2 7 16 30 2 0 2 7 16 31 2 0 2 7 12 16 2 1 2 7 17 18 2 0 2 7 1 2 7 1 2 7 17 18 2 8 18 2 0 2 7 0 2 7 1 2 7 0 2 7 0 2 4 0 2 7 1 2 7 0 2 7 0 2 7 0 61.4021744728088379
16 19 12 6 2 12 5 30 3 8 9 2 5 30 3 6 2 12 5 30 3 8 9 2 16 15 2 8 9 2 16 19 12 13 6 3 16 15 2 16 19 12 8 9 2 5 30 3 0 2 8 8 18 2 0 2 8 12 16 2 16 15 2 8 9 2 8 18 2 16 19 12 0 2 12 8 18 2 0 2 12 8 18 2 6 2 12 8 9 2 8 18 2 8 18 2 8 9 2 0 2 12 6 2 12 8 9 2 6 2 12 6 2 12 6 3 2 8 9 2 8 18 2 12 16 2 0 2 12 6 2 12 8 18 2 8 9 2 6 2 12 13 6 3 6 2 8 8 9 2 8 18 2 8 18 2 6 2 8 8 9 2 6 2 12 5 30 3 8 18 2 12 16 2 8 9 2 5 30 3 0.0773403830571129103 64.540840744972229
0 2 3 1 2 8 0 2 8 5 30 3 1 2 3 0 2 3 0 2 3 5 30 3 5 30 3 5 30 3 0 2 8 12 16 2 6 2 3 0 2 7 1 2 3 1 2 11 0 2 3 0 2 8 0 2 3 0 2 3 0 2 8 0 2 3 0 2 8 8 9 2 5 30 3 12 16 2 5 30 3 16 19 12 16 19 12 0 2 7 8 9 2 16 6 2 0 2 3 0 2 3 12 16 2 0 2 3 0 2 7 0 2 3 5 30 3 12 16 2 0 2 8 1 2 7 16 6 2 16 6 2 0 2 7 0 2 8 0 2 8 0 2 3 8 18 2 5 30 3 0 2 8 0 2 11 0 2 7 16 6 2 16 19 11 8 9 2 0 2 3 0 2 3 0 2 8 1 2 3 0 66.1530790328979492
5 30 3 0 2 11 0 2 11 16 19 11 0 2 7 0 2 11 17 9 2 6 2 11 5 30 3 5 30 3 5 31 3 12 16 2 0 2 11 0 2 11 12 16 2 6 2 8 0 2 11 0 2 3 5 30 3 15 2 11 0 2 3 5 31 3 0 2 7 5 30 3 0 2 7 17 18 2 16 19 11 0 2 11 16 19 11 0 2 3 6 2 7 12 16 2 0 2 11 0 2 11 0 2 7 6 2 8 0 2 11 0 2 8 0 2 7 6 2 11 16 6 2 5 30 3 0 2 7 0 2 11 0 2 11 0 2 11 0 2 11 0 2 7 5 30 3 5 30 3 0 2 7 0 2 7 1 2 11 0 2 11 0 2 11 0 2 11 16 6 2 0 2 11 0 2 11 0 2 7 0 66.0692644715309143
1 2 7 0 2 7 6 2 7 5 30 3 0 2 4 5 31 3 5 30 3 5 31 3 12 16 2 0 2 7 1 2 4 12 16 2 0 2 7 16 6 2 12 16 2 0 2 7 0 2 7 0 2 3 17 18 2 0 2 7 0 2 7 0 2 7 1 2 3 0 2 3 1 2 3 0 2 3 0 2 7 1 2 7 16 31 2 0 2 7 0 2 6 0 2 10 1 2 3 1 2 7 0 2 7 5 30 3 16 9 11 1 2 3 1 2 4 1 2 3 1 2 3 0 2 6 0 2 7 16 6 2 12 16 2 17 9 2 1 2 3 1 2 4 0 2 6 1 2 4 0 2 7 1 2 4 0 2 10 0 2 7 0 2 4 0 2 7 0 2 7 0 2 4 0 2 3 17 9 2 0 62.4694696664810181
5 30 3 5 30 3 12 16 2 5 30 3 5 30 3 15 2 11 5 30 3 17 9 2 5 30 3 5 30 3 1 2 7 0 2 7 0 2 7 1 2 7 16 19 11 0 2 7 0 2 7 0 2 11 0 2 11 0 2 4 0 2 7 1 2 7 17 9 2 0 2 7 0 2 7 0 2 7 0 2 7 1 2 3 5 30 3 0 2 7 16 19 11 0 2 7 0 2 3 1 2 7 0 2 7 0 2 7 1 2 7 8 18 2 0 2 7 0 2 3 0 2 11 0 2 7 0 2 4 1 2 3 0 2 11 0 2 7 0 2 7 0 2 7 0 2 3 15 2 11 0 2 3 0 2 3 6 2 7 16 19 11 6 2 7 16 19 11 1 2 7 1 2 7 0 2 3 17 9 2 0 63.8179234266281128
5 30 3 0 2 8 0 2 8 16 19 11 0 2 8 0 2 3 0 2 8 16 19 11 8 9 2 0 2 3 0 2 8 5 30 3 5 30 3 5 30 3 12 16 2 0 2 8 0 2 8 12 16 2 16 19 11 0 2 11 0 2 8 0 2 8 5 30 3 0 2 8 0 2 8 16 19 11 0 2 8 0 2 8 0 2 11 5 30 3 0 2 7 0 2 8 0 2 8 0 2 8 0 2 11 5 31 3 0 2 8 12 16 2 0 2 8 16 19 11 0 2 8 0 2 8 16 19 11 0 2 8 0 2 8 5 30 3 0 2 3 5 30 3 0 2 3 0 2 8 16 6 2 0 2 8 0 2 8 0 2 8 0 2 8 5 30 3 0 2 3 0 2 8 0 2 8 8 9 2 0 69.5438621044158936
5 30 3 0 2 7 0 2 3 5 30 3 0 2 7 1 2 7 5 31 3 0 2 7 12 16 2 5 31 3 0 2 7 1 2 7 12 16 2 5 30 3 5 30 3 5 30 3 0 2 7 0 2 7 0 2 7 0 2 7 1 2 7 5 30 3 0 2 7 1 2 3 1 2 7 0 2 7 0 2 7 0 2 7 1 2 3 0 2 7 0 2 7 0 2 7 0 2 7 0 2 7 0 2 7 0 2 3 0 2 3 0 2 7 0 2 7 1 2 7 16 6 2 1 2 3 1 2 3 16 30 2 0 2 3 0 2 3 16 19 11 16 19 11 1 2 7 0 2 7 0 2 7 0 2 3 0 2 7 0 2 7 16 18 11 8 9 2 0 2 7 16 19 11 0 2 3 17 18 2 0 63.527763307094574
8 9 2 0 2 7 5 30 3 0 2 3 0 2 3 16 19 12 0 2 3 0 2 3 5 30 3 0 2 7 1 2 7 0 2 3 5 31 3 0 2 3 1 2 3 0 2 3 0 2 3 0 2 3 1 2 7 0 2 3 0 2 7 16 6 2 0 2 3 0 2 3 1 2 7 16 19 12 0 2 3 0 2 3 0 2 3 12 16 2 5 30 3 0 2 3 0 2 7 0 2 3 0 2 3 16 19 12 5 30 3 0 2 3 0 2 3 0 2 3 12 16 2 1 2 3 1 2 7 5 30 3 5 30 3 0 2 8 0 2 3 5 30 3 0 2 7 0 2 7 9 2 7 0 2 8 16 19 12 0 2 3 0 2 3 0 2 7 16 19 12 0 2 3 1 2 7 16 6 2 0 66.0813229084014893
5 30 3 0 2 3 15 2 11 0 2 3 5 30 3 0 2 3 0 2 3 5 30 3 0 2 4 0 2 3 16 30 2 12 16 2 5 31 3 0 2 3 1 2 7 12 16 2 5 30 3 5 30 3 0 2 7 0 2 3 0 2 7 1 2 7 0 2 3 0 2 7 5 30 3 0 2 3 1 2 3 1 2 7 1 2 7 6 2 7 0 2 3 0 2 3 0 2 3 0 2 3 0 2 3 1 2 7 0 2 7 1 2 3 0 2 3 0 2 7 16 19 11 0 2 3 0 2 7 1 2 3 16 9 11 0 2 7 0 2 4 0 2 7 12 16 2 1 2 7 0 2 7 0 2 7 1 2 4 16 19 11 0 2 3 0 2 7 16 6 2 16 18 11 1 2 4 17 18 2 0 63.9721875786781311

Current Evaluation = 1800(1800)
Front Size = 10
5 31 3 12 16 2 5 31 3 12 16 2 5 30 3 0 2 7 1 2 4 1 2 7 0 2 7 0 2 4 1 2 7 0 2 7 0 2 7 0 2 7 1 2 7 0 2 7 0 2 7 16 15 2 0 2 7 0 2 7 8 18 2 0 2 7 0 2 7 1 2 4 0 2 7 1 2 7 1 2 7 0 2 4 0 2 7 16 30 2 5 30 3 0 2 7 5 30 3 5 30 3 17 18 2 0 2 7 1 2 7 1 2 3 0 2 7 16 30 2 0 2 7 16 31 2 0 2 7 12 16 2 1 2 7 17 18 2 0 2 7 0 2 7 1 2 11 17 18 2 8 18 2 0 2 7 0 2 7 1 2 3 0 2 7 0 2 7 0 2 7 1 2 4 1 2 7 0 2 7 0 61.3760005235671997
0 2 3 1 2 8 0 2 8 5 30 3 1 2 3 0 2 3 0 2 3 5 30 3 5 30 3 5 30 3 0 2 8 12 16 2 6 2 3 0 2 7 1 2 3 1 2 11 0 2 3 0 2 8 0 2 3 0 2 3 0 2 8 0 2 3 0 2 8 8 9 2 5 30 3 12 16 2 5 30 3 16 19 12 16 19 12 0 2 7 8 9 2 16 6 2 0 2 3 0 2 3 12 16 2 0 2 3 0 2 7 0 2 3 5 30 3 12 16 2 0 2 8 1 2 7 16 6 2 16 6 2 0 2 7 0 2 8 0 2 8 0 2 3 8 18 2 5 30 3 0 2 8 0 2 11 0 2 7 16 6 2 16 19 11 8 9 2 0 2 3 0 2 3 0 2 8 1 2 3 0 66.1530790328979492
0 2 3 5 31 3 1 2 7 0 2 7 0 2 4 0 2 3 5 31 3 1 2 7 1 2 7 5 30 3 1 2 7 6 2 7 0 2 3 16 30 2 0 2 7 12 16 2 0 2 8 12 16 2 1 2 7 0 2 3 1 2 7 16 6 2 16 9 11 5 31 3 0 2 4 17 18 2 0 2 3 0 2 7 0 2 7 0 2 7 5 31 3 0 2 4 12 16 2 0 2 7 0 2 7 16 6 2 0 2 4 0 2 7 0 2 3 0 2 7 0 2 3 1 2 7 0 2 7 1 2 7 17 9 2 0 2 4 0 2 7 1 2 7 0 2 7 0 2 3 0 2 7 0 2 7 16 9 11 1 2 3 0 2 3 1 2 7 1 2 7 1 2 7 5 30 3 1 2 7 0 62.3967718482017517
5 30 3 0 2 11 0 2 11 16 19 11 0 2 7 0 2 11 17 9 2 6 2 11 5 30 3 5 30 3 5 31 3 12 16 2 0 2 11 0 2 11 12 16 2 6 2 8 0 2 11 0 2 3 5 30 3 15 2 11 0 2 3 5 31 3 0 2 7 5 30 3 0 2 7 17 18 2 16 19 11 0 2 11 16 19 11 0 2 3 6 2 7 12 16 2 0 2 11 0 2 11 0 2 7 6 2 8 0 2 11 0 2 8 0 2 7 6 2 11 16 6 2 5 30 3 0 2 7 0 2 11 0 2 11 0 2 11 0 2 11 0 2 7 5 30 3 5 30 3 0 2 7 0 2 7 1 2 11 0 2 11 0 2 11 0 2 11 16 6 2 0 2 11 0 2 11 0 2 7 0 66.0692644715309143
16 19 12 6 2 12 5 30 3 8 9 2 5 30 3 6 2 12 5 30 3 8 9 2 16 15 2 8 9 2 16 19 12 13 6 3 16 15 2 16 19 12 8 9 2 5 30 3 0 2 8 8 18 2 0 2 8 12 16 2 16 15 2 8 9 2 8 18 2 16 19 12 0 2 12 8 18 2 0 2 12 8 18 2 6 2 12 8 9 2 8 18 2 8 18 2 8 9 2 0 2 12 6 2 12 8 9 2 6 2 12 6 2 12 6 3 2 8 9 2 8 18 2 12 16 2 0 2 12 6 2 12 8 18 2 8 9 2 6 2 12 13 6 3 6 2 8 8 9 2 8 18 2 8 18 2 6 2 8 8 9 2 6 2 12 5 30 3 8 18 2 12 16 2 8 9 2 5 30 3 0.0773403830571129103 64.540840744972229
1 2 7 0 2 7 6 2 7 5 30 3 0 2 4 5 31 3 5 30 3 5 31 3 12 16 2 0 2 7 1 2 4 12 16 2 0 2 7 16 6 2 12 16 2 0 2 7 0 2 7 0 2 3 17 18 2 0 2 7 0 2 7 0 2 7 1 2 3 0 2 3 1 2 3 0 2 3 0 2 7 1 2 7 16 31 2 0 2 7 0 2 6 0 2 10 1 2 3 1 2 7 0 2 7 5 30 3 16 9 11 1 2 3 1 2 4 1 2 3 1 2 3 0 2 6 0 2 7 16 6 2 12 16 2 17 9 2 1 2 3 1 2 4 0 2 6 1 2 4 0 2 7 1 2 4 0 2 10 0 2 7 0 2 4 0 2 7 0 2 7 0 2 4 0 2 3 17 9 2 0 62.4694696664810181
5 31 3 16 19 11 0 2 3 16 19 11 17 9 2 1 2 7 5 30 3 5 30 3 1 2 7 12 16 2 12 16 2 0 2 3 5 30 3 5 30 3 0 2 7 12 16 2 5 30 3 0 2 3 0 2 7 0 2 7 0 2 7 0 2 7 8 1 2 0 2 7 0 2 7 0 2 10 17 18 2 0 2 11 0 2 7 0 2 7 16 19 11 0 2 7 0 2 7 0 2 3 1 2 7 0 2 7 0 2 7 0 2 3 0 2 4 0 2 7 0 2 7 1 2 7 1 2 7 5 30 3 0 2 7 0 2 7 1 2 7 0 2 11 1 2 7 17 9 2 1 2 7 0 2 7 0 2 7 6 2 7 16 30 2 0 2 7 12 16 2 0 2 10 5 30 3 8 18 2 0 63.5044471621513367
8 9 2 0 2 7 5 30 3 0 2 3 0 2 3 16 19 12 0 2 3 0 2 3 5 30 3 0 2 7 1 2 7 0 2 3 5 31 3 0 2 3 1 2 3 0 2 3 0 2 3 0 2 3 1 2 7 0 2 3 0 2 7 16 6 2 0 2 3 0 2 3 1 2 7 16 19 12 0 2 3 0 2 3 0 2 3 12 16 2 5 30 3 0 2 3 0 2 7 0 2 3 0 2 3 16 19 12 5 30 3 0 2 3 0 2 3 0 2 3 12 16 2 1 2 3 1 2 7 5 30 3 5 30 3 0 2 8 0 2 3 5 30 3 0 2 7 0 2 7 9 2 7 0 2 8 16 19 12 0 2 3 0 2 3 0 2 7 16 19 12 0 2 3 1 2 7 16 6 2 0 66.0813229084014893
0 2 3 1 2 7 1 2 7 5 30 3 0 2 7 5 31 3 5 31 3 5 31 3 12 16 2 0 2 3 16 30 2 12 16 2 0 2 7 16 15 2 12 16 2 0 2 7 0 2 7 0 2 7 8 9 2 0 2 7 0 2 7 0 2 3 1 2 4 0 2 7 1 2 7 1 2 3 0 2 7 1 2 7 16 6 2 6 2 3 0 2 4 0 2 3 1 2 4 0 2 7 0 2 7 5 30 3 8 9 2 1 2 7 1 2 4 1 2 4 0 2 7 0 2 7 0 2 7 16 6 2 12 16 2 17 9 2 0 2 7 0 2 7 0 2 3 1 2 3 1 2 3 0 2 7 0 2 3 0 2 7 0 2 7 16 6 2 0 2 7 1 2 7 0 2 7 17 9 2 0 61.8768116235733032
5 30 3 0 2 8 0 2 8 16 19 11 0 2 8 0 2 3 0 2 8 16 19 11 8 9 2 0 2 3 0 2 8 5 30 3 5 30 3 5 30 3 12 16 2 0 2 8 0 2 8 12 16 2 16 19 11 0 2 11 0 2 8 0 2 8 5 30 3 0 2 8 0 2 8 16 19 11 0 2 8 0 2 8 0 2 11 5 30 3 0 2 7 0 2 8 0 2 8 0 2 8 0 2 11 5 31 3 0 2 8 12 16 2 0 2 8 16 19 11 0 2 8 0 2 8 16 19 11 0 2 8 0 2 8 5 30 3 0 2 3 5 30 3 0 2 3 0 2 8 16 6 2 0 2 8 0 2 8 0 2 8 0 2 8 5 30 3 0 2 3 0 2 8 0 2 8 8 9 2 0 69.5438621044158936

Current Evaluation = 2700(2700)
Front Size = 10
1 2 7 5 31 3 0 2 4 0 2 4 0 2 7 1 2 7 5 31 3 1 2 7 1 2 7 5 30 3 0 2 4 0 2 3 17 9 2 1 2 7 12 16 2 0 2 7 16 31 2 1 2 7 0 2 7 1 2 7 0 2 7 12 16 2 0 2 7 0 2 4 1 2 4 17 9 2 1 2 4 0 2 7 0 2 7 5 31 3 1 2 7 5 30 3 1 2 7 0 2 7 0 2 4 1 2 7 0 2 7 0 2 7 1 2 4 0 2 3 0 2 7 0 2 4 0 2 7 16 31 2 0 2 7 17 18 2 0 2 7 1 2 7 16 6 2 0 2 7 1 2 7 0 2 7 1 2 7 1 2 7 1 2 4 0 2 7 17 9 2 0 2 7 0 2 7 0 2 7 0 60.7462316751480103
5 30 3 0 2 11 0 2 11 16 19 11 0 2 7 0 2 11 17 9 2 6 2 11 5 30 3 5 30 3 5 31 3 12 16 2 0 2 11 0 2 11 12 16 2 6 2 8 0 2 11 0 2 3 5 30 3 15 2 11 0 2 3 5 31 3 0 2 7 5 30 3 0 2 7 17 18 2 16 19 11 0 2 11 16 19 11 0 2 3 6 2 7 12 16 2 0 2 11 0 2 11 0 2 7 6 2 8 0 2 11 0 2 8 0 2 7 6 2 11 16 6 2 5 30 3 0 2 7 0 2 11 0 2 11 0 2 11 0 2 11 0 2 7 5 30 3 5 30 3 0 2 7 0 2 7 1 2 11 0 2 11 0 2 11 0 2 11 16 6 2 0 2 11 0 2 11 0 2 7 0 66.0692644715309143
5 30 3 0 2 7 1 2 7 0 2 3 17 9 2 5 30 3 5 31 3 16 6 2 12 16 2 5 31 3 0 2 7 0 2 3 0 2 7 12 16 2 0 2 7 1 2 3 16 6 2 0 2 7 0 2 7 0 2 7 1 2 3 16 6 2 0 2 7 6 2 7 0 2 7 0 2 7 5 30 3 0 2 7 0 2 7 0 2 7 0 2 7 0 2 3 8 9 2 1 2 7 0 2 7 0 2 7 0 2 3 16 18 11 1 2 7 1 2 7 0 2 3 0 2 7 5 31 3 0 2 7 1 2 7 16 6 2 0 2 7 1 2 3 0 2 3 5 30 3 0 2 7 0 2 7 5 31 3 1 2 7 0 2 7 1 2 3 16 6 2 6 2 7 0 2 7 0 2 3 0 62.4776305556297302
5 30 3 0 2 7 1 2 7 0 2 3 17 18 2 5 30 3 5 30 3 16 6 2 12 16 2 5 31 3 0 2 3 0 2 7 1 2 7 12 16 2 1 2 7 0 2 3 16 6 2 0 2 7 0 2 3 0 2 4 1 2 7 0 2 3 0 2 7 0 2 3 1 2 7 5 30 3 0 2 3 0 2 7 0 2 7 0 2 7 1 2 7 0 2 7 0 2 7 0 2 7 0 2 7 1 2 7 0 2 7 1 2 7 0 2 7 1 2 3 0 2 3 1 2 3 1 2 7 12 16 2 5 31 3 0 2 3 0 2 4 16 31 2 16 19 11 0 2 7 16 30 2 8 18 2 0 2 4 0 2 3 1 2 3 1 2 7 16 6 2 0 2 7 0 2 7 0 2 3 0 62.3846045732498169
5 30 3 0 2 8 0 2 8 16 19 11 0 2 8 0 2 3 0 2 8 16 19 11 8 9 2 0 2 3 0 2 8 5 30 3 5 30 3 5 30 3 12 16 2 0 2 8 0 2 8 12 16 2 16 19 11 0 2 11 0 2 8 0 2 8 5 30 3 0 2 8 0 2 8 16 19 11 0 2 8 0 2 8 0 2 11 5 30 3 0 2 7 0 2 8 0 2 8 0 2 8 0 2 11 5 31 3 0 2 8 12 16 2 0 2 8 16 19 11 0 2 8 0 2 8 16 19 11 0 2 8 0 2 8 5 30 3 0 2 3 5 30 3 0 2 3 0 2 8 16 6 2 0 2 8 0 2 8 0 2 8 0 2 8 5 30 3 0 2 3 0 2 8 0 2 8 8 9 2 0 69.5438621044158936
1 2 7 0 2 7 6 2 7 5 30 3 0 2 4 5 31 3 5 30 3 5 31 3 12 16 2 0 2 7 1 2 4 12 16 2 0 2 7 16 6 2 12 16 2 0 2 7 0 2 7 0 2 3 17 18 2 0 2 7 0 2 7 0 2 7 1 2 3 0 2 3 1 2 3 0 2 3 0 2 7 1 2 7 16 31 2 0 2 7 0 2 6 0 2 10 1 2 3 1 2 7 0 2 7 5 30 3 16 9 11 1 2 3 1 2 4 1 2 3 1 2 3 0 2 6 0 2 7 16 6 2 12 16 2 17 9 2 1 2 3 1 2 4 0 2 6 1 2 4 0 2 7 1 2 4 0 2 10 0 2 7 0 2 4 0 2 7 0 2 7 0 2 4 0 2 3 17 9 2 0 62.4694696664810181
8 9 2 0 2 7 5 30 3 0 2 3 0 2 3 16 19 12 0 2 3 0 2 3 5 30 3 0 2 7 1 2 7 0 2 3 5 31 3 0 2 3 1 2 3 0 2 3 0 2 3 0 2 3 1 2 7 0 2 3 0 2 7 16 6 2 0 2 3 0 2 3 1 2 7 16 19 12 0 2 3 0 2 3 0 2 3 12 16 2 5 30 3 0 2 3 0 2 7 0 2 3 0 2 3 16 19 12 5 30 3 0 2 3 0 2 3 0 2 3 12 16 2 1 2 3 1 2 7 5 30 3 5 30 3 0 2 8 0 2 3 5 30 3 0 2 7 0 2 7 9 2 7 0 2 8 16 19 12 0 2 3 0 2 3 0 2 7 16 19 12 0 2 3 1 2 7 16 6 2 0 66.0813229084014893
5 30 3 0 2 3 0 2 7 16 19 11 1 2 7 0 2 7 5 30 3 5 30 3 5 30 3 12 16 2 12 16 2 6 2 3 0 2 3 0 2 3 15 2 11 16 6 2 16 19 11 0 2 7 12 16 2 8 18 2 16 6 2 0 2 7 5 30 3 5 30 3 8 9 2 1 2 7 0 2 7 0 2 3 1 2 7 0 2 3 0 2 3 5 30 3 0 2 3 0 2 7 0 2 7 0 2 3 0 2 7 0 2 7 0 2 3 0 2 7 0 2 3 1 2 7 0 2 7 0 2 3 1 2 3 0 2 3 0 2 7 1 2 3 1 2 3 1 2 3 16 9 11 17 9 2 0 2 7 1 2 3 0 2 4 0 2 3 16 15 2 0 2 3 0 2 3 0 2 7 0 64.186418354511261
0 2 7 5 30 3 5 30 3 5 31 3 12 16 2 0 2 3 12 16 2 0 2 3 16 19 11 0 2 3 12 16 2 5 30 3 0 2 3 5 30 3 5 30 3 16 19 11 0 2 3 8 9 2 16 19 11 5 30 3 1 2 7 0 2 8 0 2 8 0 2 7 0 2 8 1 2 7 0 2 8 0 2 8 0 2 7 1 2 7 0 2 8 17 18 2 0 2 7 0 2 7 1 2 7 0 2 7 6 2 3 16 30 2 5 30 3 0 2 8 0 2 7 0 2 11 0 2 8 0 2 7 0 2 7 5 30 3 0 2 7 16 19 11 0 2 7 16 19 11 1 2 11 0 2 8 0 2 3 1 2 3 0 2 11 0 2 8 0 2 3 0 2 7 0 2 3 0 2 8 9.68839469197532347e-06 66.3093578815460205
16 19 12 6 2 12 5 30 3 8 9 2 5 30 3 6 2 12 5 30 3 8 9 2 16 15 2 8 9 2 16 19 12 13 6 3 16 15 2 16 19 12 8 9 2 5 30 3 0 2 8 8 18 2 0 2 8 12 16 2 16 15 2 8 9 2 8 18 2 16 19 12 0 2 12 8 18 2 0 2 12 8 18 2 6 2 12 8 9 2 8 18 2 8 18 2 8 9 2 0 2 12 6 2 12 8 9 2 6 2 12 6 2 12 6 3 2 8 9 2 8 18 2 12 16 2 0 2 12 6 2 12 8 18 2 8 9 2 6 2 12 13 6 3 6 2 8 8 9 2 8 18 2 8 18 2 6 2 8 8 9 2 6 2 12 5 30 3 8 18 2 12 16 2 8 9 2 5 30 3 0.0773403830571129103 64.540840744972229

Current Evaluation = 3600(3600)
Front Size = 10
1 2 7 5 30 3 0 2 7 0 2 7 0 2 7 1 2 7 5 31 3 1 2 7 1 2 7 5 30 3 0 2 4 1 2 7 17 9 2 1 2 7 12 16 2 13 6 3 16 31 2 1 2 7 0 2 7 1 2 3 0 2 7 12 16 2 0 2 7 0 2 4 1 2 7 17 9 2 1 2 3 0 2 7 0 2 7 5 31 3 1 2 7 5 30 3 1 2 7 0 2 7 0 2 4 1 2 3 0 2 7 0 2 7 1 2 3 0 2 7 0 2 7 0 2 7 0 2 4 16 31 2 0 2 7 17 18 2 0 2 7 1 2 7 16 6 2 0 2 7 1 2 7 0 2 7 1 2 7 0 2 7 1 2 7 0 2 7 17 9 2 0 2 7 0 2 7 0 2 7 0 60.6037615537643433
16 19 12 6 2 12 5 30 3 8 9 2 5 30 3 6 2 12 5 30 3 8 9 2 16 15 2 8 9 2 16 19 12 13 6 3 16 15 2 16 19 12 8 9 2 5 30 3 0 2 8 8 18 2 0 2 8 12 16 2 16 15 2 8 9 2 8 18 2 16 19 12 0 2 12 8 18 2 0 2 12 8 18 2 6 2 12 8 9 2 8 18 2 8 18 2 8 9 2 0 2 12 6 2 12 8 9 2 6 2 12 6 2 12 6 3 2 8 9 2 8 18 2 12 16 2 0 2 12 6 2 12 8 18 2 8 9 2 6 2 12 13 6 3 6 2 8 8 9 2 8 18 2 8 18 2 6 2 8 8 9 2 6 2 12 5 30 3 8 18 2 12 16 2 8 9 2 5 30 3 0.0773403830571129103 64.540840744972229
5 31 3 1 2 7 1 2 7 0 2 7 17 9 2 8 9 2 5 31 3 16 30 2 12 16 2 5 30 3 6 2 7 0 2 7 0 2 7 12 16 2 0 2 7 1 2 7 16 6 2 0 2 7 0 2 7 0 2 7 0 2 7 0 2 7 0 2 7 0 2 7 0 2 7 5 30 3 0 2 7 0 2 7 0 2 7 0 2 7 0 2 7 0 2 7 0 2 7 0 2 7 1 2 7 0 2 7 1 2 4 1 2 7 16 15 2 12 16 2 1 2 7 1 2 7 1 2 7 0 2 7 5 31 3 5 30 3 0 2 7 16 30 2 17 18 2 0 2 4 12 16 2 0 2 7 0 2 7 5 31 3 1 2 4 0 2 7 16 30 2 0 2 7 8 9 2 1 2 7 0 61.4687265753746033
1 2 7 0 2 7 6 2 7 5 30 3 0 2 4 5 31 3 5 30 3 5 31 3 12 16 2 0 2 7 1 2 4 12 16 2 0 2 7 16 6 2 12 16 2 0 2 7 0 2 7 0 2 3 17 18 2 0 2 7 0 2 7 0 2 7 1 2 3 0 2 3 1 2 3 0 2 3 0 2 7 1 2 7 16 31 2 0 2 7 0 2 6 0 2 10 1 2 3 1 2 7 0 2 7 5 30 3 16 9 11 1 2 3 1 2 4 1 2 3 1 2 3 0 2 6 0 2 7 16 6 2 12 16 2 17 9 2 1 2 3 1 2 4 0 2 6 1 2 4 0 2 7 1 2 4 0 2 10 0 2 7 0 2 4 0 2 7 0 2 7 0 2 4 0 2 3 17 9 2 0 62.4694696664810181
5 30 3 1 2 10 0 2 7 0 2 4 1 2 7 0 2 3 0 2 10 17 9 2 17 9 2 0 2 3 0 2 7 5 30 3 5 31 3 0 2 7 12 16 2 6 2 7 1 2 10 12 16 2 16 19 11 0 2 7 0 2 7 0 2 3 1 2 7 0 2 7 6 2 3 16 19 11 0 2 7 0 2 7 0 2 3 5 30 3 1 2 7 0 2 4 0 2 7 0 2 7 0 2 7 5 31 3 0 2 7 12 16 2 0 2 7 16 19 11 6 2 7 0 2 7 16 19 11 0 2 3 0 2 7 5 30 3 0 2 3 5 30 3 0 2 7 1 2 7 16 6 2 1 2 10 0 2 3 0 2 7 1 2 7 5 30 3 0 2 7 0 2 7 0 2 3 8 9 2 0 63.8436892032623291
5 30 3 0 2 8 0 2 8 16 19 11 0 2 8 0 2 3 0 2 8 16 19 11 8 9 2 0 2 3 0 2 8 5 30 3 5 30 3 5 30 3 12 16 2 0 2 8 0 2 8 12 16 2 16 19 11 0 2 11 0 2 8 0 2 8 5 30 3 0 2 8 0 2 8 16 19 11 0 2 8 0 2 8 0 2 11 5 30 3 0 2 7 0 2 8 0 2 8 0 2 8 0 2 11 5 31 3 0 2 8 12 16 2 0 2 8 16 19 11 0 2 8 0 2 8 16 19 11 0 2 8 0 2 8 5 30 3 0 2 3 5 30 3 0 2 3 0 2 8 16 6 2 0 2 8 0 2 8 0 2 8 0 2 8 5 30 3 0 2 3 0 2 8 0 2 8 8 9 2 0 69.5438621044158936
5 30 3 0 2 7 8 9 2 1 2 7 5 31 3 5 31 3 12 16 2 12 16 2 0 2 4 5 30 3 0 2 7 0 2 3 0 2 7 17 18 2 0 2 3 12 16 2 0 2 7 0 2 3 16 6 2 0 2 7 0 2 7 0 2 7 1 2 7 16 30 2 1 2 7 1 2 7 0 2 4 1 2 7 1 2 7 0 2 7 0 2 4 0 2 7 16 19 11 0 2 7 0 2 3 0 2 7 0 2 7 16 30 2 0 2 7 0 2 7 5 31 3 0 2 7 1 2 7 0 2 4 0 2 4 17 9 2 16 6 2 1 2 7 1 2 7 8 9 2 0 2 7 1 2 11 1 2 7 0 2 7 1 2 7 12 16 2 5 30 3 0 2 3 1 2 3 0 2 4 0 62.0290465354919434
5 30 3 0 2 11 0 2 11 16 19 11 0 2 7 0 2 11 17 9 2 6 2 11 5 30 3 5 30 3 5 31 3 12 16 2 0 2 11 0 2 11 12 16 2 6 2 8 0 2 11 0 2 3 5 30 3 15 2 11 0 2 3 5 31 3 0 2 7 5 30 3 0 2 7 17 18 2 16 19 11 0 2 11 16 19 11 0 2 3 6 2 7 12 16 2 0 2 11 0 2 11 0 2 7 6 2 8 0 2 11 0 2 8 0 2 7 6 2 11 16 6 2 5 30 3 0 2 7 0 2 11 0 2 11 0 2 11 0 2 11 0 2 7 5 30 3 5 30 3 0 2 7 0 2 7 1 2 11 0 2 11 0 2 11 0 2 11 16 6 2 0 2 11 0 2 11 0 2 7 0 66.0692644715309143
5 31 3 5 30 3 8 18 2 6 2 7 0 2 7 1 2 7 5 30 3 1 2 7 5 31 3 0 2 7 8 9 2 12 16 2 16 6 2 1 2 7 1 2 7 6 2 7 12 16 2 0 2 11 0 2 7 17 9 2 1 2 7 0 2 7 0 2 7 5 31 3 0 2 7 0 2 11 0 2 7 1 2 7 0 2 7 0 2 7 1 2 7 0 2 11 0 2 7 1 2 7 9 2 7 17 18 2 0 2 7 16 6 2 1 2 7 0 2 7 0 2 11 1 2 7 1 2 7 0 2 7 1 2 7 12 16 2 1 2 7 16 6 2 12 16 2 1 2 7 0 2 7 0 2 7 0 2 7 0 2 7 0 2 7 0 2 7 17 9 2 0 2 7 17 22 2 0 2 7 0 61.8999336957931519
15 2 11 0 2 7 12 16 2 0 2 7 0 2 7 1 2 7 5 30 3 0 2 7 0 2 7 0 2 7 6 2 7 0 2 3 0 2 7 1 2 7 12 16 2 5 31 3 0 2 3 5 31 3 12 16 2 0 2 7 5 30 3 5 30 3 0 2 7 0 2 7 0 2 7 0 2 7 16 6 2 0 2 7 1 2 4 1 2 7 6 2 7 1 2 3 17 18 2 0 2 1 6 2 7 0 2 7 0 2 3 15 2 11 16 18 11 1 2 4 0 2 7 12 16 2 0 2 7 1 2 7 17 18 2 16 19 11 0 2 7 0 2 3 0 2 7 0 2 11 0 2 7 0 2 7 5 31 3 1 2 7 0 2 7 0 2 7 16 30 2 0 2 7 5 30 3 1 2 7 0 63.0610425472259521

Current Evaluation = 4500(4500)
Front Size = 10
1 2 7 5 30 3 0 2 7 0 2 7 0 2 7 1 2 7 5 31 3 1 2 7 1 2 7 5 30 3 0 2 7 0 2 7 17 9 2 1 2 7 5 31 3 13 6 3 16 31 2 1 2 7 0 2 7 1 2 7 0 2 4 12 16 2 0 2 7 0 2 7 1 2 7 17 9 2 1 2 3 0 2 7 0 2 7 5 30 3 1 2 7 5 30 3 1 2 7 0 2 7 0 2 7 1 2 7 0 2 7 0 2 7 1 2 3 0 2 7 0 2 7 0 2 7 0 2 4 16 31 2 0 2 7 17 18 2 0 2 7 1 2 7 16 6 2 0 2 7 1 2 7 0 2 7 1 2 7 0 2 7 1 2 7 0 2 7 17 9 2 0 2 7 0 2 7 0 2 7 0 60.5571584701538086
5 31 3 5 31 3 8 18 2 0 2 7 0 2 4 1 2 7 1 2 7 0 2 7 5 31 3 0 2 7 17 9 2 12 16 2 17 9 2 0 2 7 1 2 4 0 2 7 12 16 2 0 2 11 0 2 7 1 2 4 0 2 7 1 2 7 0 2 7 5 31 3 1 2 7 0 2 7 1 2 7 0 2 4 0 2 7 0 2 7 1 2 4 1 2 4 0 2 7 0 2 4 1 2 7 17 18 2 1 2 7 16 6 2 0 2 7 1 2 7 1 2 7 1 2 4 0 2 4 0 2 7 1 2 7 12 16 2 1 2 7 16 32 2 12 16 2 0 2 7 1 2 4 0 2 7 1 2 7 0 2 4 1 2 4 0 2 7 17 9 2 0 2 4 17 9 2 0 2 7 0 60.9028568267822266
5 30 3 1 2 7 0 2 4 0 2 7 5 30 3 1 2 7 5 30 3 0 2 7 12 16 2 16 6 2 1 2 7 1 2 7 12 16 2 1 2 7 8 9 2 0 2 11 0 2 4 1 2 7 0 2 3 0 2 7 1 2 7 0 2 7 0 2 7 0 2 7 0 2 7 0 2 7 17 18 2 0 2 7 0 2 7 0 2 7 0 2 3 5 31 3 0 2 7 1 2 7 1 2 7 0 2 7 0 2 11 0 2 7 0 2 7 0 2 4 1 2 7 12 16 2 17 18 2 0 2 4 0 2 4 5 30 3 17 9 2 8 9 2 8 9 2 0 2 11 17 18 2 0 2 7 1 2 7 1 2 4 16 15 2 0 2 7 16 6 2 5 30 3 1 2 7 8 9 2 0 61.8416225910186768
5 30 3 0 2 11 0 2 11 16 19 11 0 2 7 0 2 11 17 9 2 6 2 11 5 30 3 5 30 3 5 31 3 12 16 2 0 2 11 0 2 11 12 16 2 6 2 8 0 2 11 0 2 3 5 30 3 15 2 11 0 2 3 5 31 3 0 2 7 5 30 3 0 2 7 17 18 2 16 19 11 0 2 11 16 19 11 0 2 3 6 2 7 12 16 2 0 2 11 0 2 11 0 2 7 6 2 8 0 2 11 0 2 8 0 2 7 6 2 11 16 6 2 5 30 3 0 2 7 0 2 11 0 2 11 0 2 11 0 2 11 0 2 7 5 30 3 5 30 3 0 2 7 0 2 7 1 2 11 0 2 11 0 2 11 0 2 11 16 6 2 0 2 11 0 2 11 0 2 7 0 66.0692644715309143
1 2 7 0 2 7 6 2 7 5 30 3 0 2 4 5 31 3 5 30 3 5 31 3 12 16 2 0 2 7 1 2 4 12 16 2 0 2 7 16 6 2 12 16 2 0 2 7 0 2 7 0 2 3 17 18 2 0 2 7 0 2 7 0 2 7 1 2 3 0 2 3 1 2 3 0 2 3 0 2 7 1 2 7 16 31 2 0 2 7 0 2 6 0 2 10 1 2 3 1 2 7 0 2 7 5 30 3 16 9 11 1 2 3 1 2 4 1 2 3 1 2 3 0 2 6 0 2 7 16 6 2 12 16 2 17 9 2 1 2 3 1 2 4 0 2 6 1 2 4 0 2 7 1 2 4 0 2 10 0 2 7 0 2 4 0 2 7 0 2 7 0 2 4 0 2 3 17 9 2 0 62.4694696664810181
16 19 12 6 2 12 5 30 3 8 9 2 5 30 3 6 2 12 5 30 3 8 9 2 16 15 2 8 9 2 16 19 12 13 6 3 16 15 2 16 19 12 8 9 2 5 30 3 0 2 8 8 18 2 0 2 8 12 16 2 16 15 2 8 9 2 8 18 2 16 19 12 0 2 12 8 18 2 0 2 12 8 18 2 6 2 12 8 9 2 8 18 2 8 18 2 8 9 2 0 2 12 6 2 12 8 9 2 6 2 12 6 2 12 6 3 2 8 9 2 8 18 2 12 16 2 0 2 12 6 2 12 8 18 2 8 9 2 6 2 12 13 6 3 6 2 8 8 9 2 8 18 2 8 18 2 6 2 8 8 9 2 6 2 12 5 30 3 8 18 2 12 16 2 8 9 2 5 30 3 0.0773403830571129103 64.540840744972229
1 2 7 5 30 3 1 2 7 0 2 3 0 2 7 0 2 3 5 30 3 1 2 7 0 2 11 5 30 3 0 2 3 0 2 3 17 9 2 12 16 2 0 2 7 0 2 7 12 16 2 1 2 7 0 2 4 8 18 2 0 2 3 0 2 4 5 30 3 5 30 3 0 2 7 1 2 7 0 2 3 1 2 7 0 2 3 0 2 7 0 2 11 0 2 7 16 6 2 0 2 7 0 2 3 0 2 3 5 30 3 0 2 7 12 16 2 0 2 7 17 9 2 0 2 3 1 2 7 0 2 7 6 2 4 5 30 3 1 2 4 16 19 11 0 2 10 16 6 2 8 18 2 1 2 3 0 2 7 1 2 7 1 2 7 13 6 3 17 9 2 0 2 3 16 19 11 0 2 3 0 62.9897034764289856
5 31 3 0 2 7 0 2 4 1 2 7 5 31 3 0 2 7 5 31 3 0 2 7 12 16 2 16 6 2 0 2 7 1 2 7 12 16 2 0 2 7 8 9 2 1 2 7 0 2 7 1 2 7 0 2 7 0 2 7 0 2 4 1 2 7 0 2 7 17 18 2 1 2 4 1 2 7 0 2 7 5 31 3 1 2 4 0 2 7 1 2 7 0 2 7 0 2 1 0 2 7 12 16 2 17 9 2 8 9 2 0 2 7 12 16 2 16 6 2 1 2 7 0 2 7 0 2 7 0 2 7 0 2 7 1 2 7 16 24 2 1 2 7 17 18 2 0 2 7 0 2 7 1 2 7 12 16 2 1 2 7 0 2 7 1 2 7 0 2 7 0 2 7 16 6 2 8 9 2 0 61.2939165830612183
5 30 3 0 2 7 0 2 7 0 2 7 0 2 7 0 2 7 12 16 2 16 6 2 12 16 2 1 2 7 1 2 3 1 2 7 17 9 2 1 2 7 0 2 7 1 2 7 0 2 7 6 2 3 0 2 7 0 2 7 1 2 7 17 18 2 0 2 3 0 2 7 0 2 7 0 2 7 0 2 7 1 2 7 0 2 7 12 16 2 0 2 7 8 9 2 0 2 7 16 6 2 0 2 7 0 2 7 1 2 7 0 2 7 1 2 7 1 2 7 17 18 2 0 2 7 0 2 3 8 9 2 0 2 7 5 30 3 5 30 3 1 2 3 8 1 2 12 16 2 0 2 7 17 18 2 5 30 3 1 2 3 12 16 2 0 2 7 5 31 3 16 15 2 13 6 3 0 2 7 0 61.5863281488418579
0 2 7 0 2 7 1 2 7 5 30 3 0 2 7 5 31 3 5 30 3 5 30 3 12 16 2 0 2 3 0 2 7 16 31 2 0 2 7 16 6 2 12 16 2 0 2 7 0 2 3 0 2 7 8 18 2 0 2 7 0 2 4 0 2 7 1 2 7 0 2 7 1 2 4 0 2 7 0 2 3 0 2 7 16 6 2 0 2 7 0 2 7 1 2 7 1 2 7 1 2 7 1 2 3 5 31 3 16 19 11 1 2 7 1 2 7 1 2 3 1 2 7 0 2 7 0 2 7 16 6 2 12 16 2 17 9 2 1 2 7 1 2 7 1 2 3 1 2 7 0 2 7 8 18 2 0 2 7 0 2 7 0 2 3 0 2 7 0 2 11 0 2 3 0 2 7 17 9 2 0 61.8648785352706909

Current Evaluation = 5400(5400)
Front Size = 10
0 2 7 0 2 7 1 2 7 1 2 7 12 16 2 1 2 7 1 2 7 12 16 2 0 2 7 1 2 7 1 2 4 17 9 2 1 2 7 0 2 3 0 2 7 0 2 7 1 2 4 0 2 4 12 16 2 5 30 3 1 2 4 0 2 7 17 18 2 0 2 7 12 16 2 0 2 7 0 2 4 17 18 2 1 2 7 0 2 7 0 2 7 0 2 7 0 2 7 1 2 3 1 2 7 1 2 7 0 2 7 13 6 3 5 30 3 13 6 3 0 2 7 5 31 3 1 2 7 17 18 2 5 31 3 1 2 7 1 2 7 0 2 7 0 2 4 16 30 2 0 2 7 1 2 7 17 9 2 0 2 7 1 2 7 17 9 2 0 2 7 0 2 7 0 2 7 13 6 3 0 59.9867335557937622
0 2 7 0 2 7 12 16 2 1 2 7 0 2 7 12 16 2 1 2 7 0 2 7 0 2 7 8 18 2 0 2 7 0 2 7 1 2 7 0 2 7 0 2 7 0 2 10 0 2 7 12 16 2 5 30 3 0 2 7 5 30 3 1 2 7 16 30 2 0 2 7 1 2 7 0 2 7 1 2 4 17 9 2 6 2 7 1 2 7 1 2 7 5 30 3 0 2 7 0 2 7 0 2 7 0 2 7 13 6 3 0 2 7 17 9 2 0 2 7 0 2 7 16 19 11 0 2 7 12 16 2 1 2 7 16 6 2 5 30 3 5 31 3 17 18 2 1 2 7 5 30 3 0 2 7 0 2 10 0 2 7 5 30 3 13 6 3 0 2 7 17 18 2 5 31 3 0 2 7 0 61.6011741757392883
5 30 3 5 31 3 5 31 3 1 2 3 5 30 3 8 18 2 12 16 2 12 16 2 0 2 7 5 30 3 12 16 2 5 30 3 16 19 12 0 2 3 8 9 2 0 2 12 8 18 2 16 6 2 0 2 7 1 2 7 1 2 3 16 19 12 8 9 2 0 2 3 0 2 3 16 6 2 0 2 7 0 2 3 0 2 3 0 2 7 12 16 2 0 2 7 0 2 7 12 16 2 17 9 2 1 2 3 0 2 7 0 2 7 0 2 7 0 2 7 1 2 3 16 6 2 0 2 7 8 9 2 12 16 2 0 2 1 0 2 7 0 2 12 1 2 12 5 30 3 1 2 7 1 2 3 0 2 3 16 6 2 0 2 4 0 2 7 0 2 3 0 2 3 0 2 3 0 2 7 0 64.5215386152267456
1 2 7 5 30 3 1 2 7 0 2 3 0 2 7 0 2 3 5 30 3 1 2 7 0 2 11 5 30 3 0 2 3 0 2 3 17 9 2 12 16 2 0 2 7 0 2 7 12 16 2 1 2 7 0 2 4 8 18 2 0 2 3 0 2 4 5 30 3 5 30 3 0 2 7 1 2 7 0 2 3 1 2 7 0 2 3 0 2 7 0 2 11 0 2 7 16 6 2 0 2 7 0 2 3 0 2 3 5 30 3 0 2 7 12 16 2 0 2 7 17 9 2 0 2 3 1 2 7 0 2 7 6 2 4 5 30 3 1 2 4 16 19 11 0 2 10 16 6 2 8 18 2 1 2 3 0 2 7 1 2 7 1 2 7 13 6 3 17 9 2 0 2 3 16 19 11 0 2 3 0 62.9897034764289856
5 30 3 0 2 11 0 2 11 16 19 11 0 2 7 0 2 11 17 9 2 6 2 11 5 30 3 5 30 3 5 31 3 12 16 2 0 2 11 0 2 11 12 16 2 6 2 8 0 2 11 0 2 3 5 30 3 15 2 11 0 2 3 5 31 3 0 2 7 5 30 3 0 2 7 17 18 2 16 19 11 0 2 11 16 19 11 0 2 3 6 2 7 12 16 2 0 2 11 0 2 11 0 2 7 6 2 8 0 2 11 0 2 8 0 2 7 6 2 11 16 6 2 5 30 3 0 2 7 0 2 11 0 2 11 0 2 11 0 2 11 0 2 7 5 30 3 5 30 3 0 2 7 0 2 7 1 2 11 0 2 11 0 2 11 0 2 11 16 6 2 0 2 11 0 2 11 0 2 7 0 66.0692644715309143
1 2 7 0 2 7 6 2 7 5 30 3 0 2 4 5 31 3 5 30 3 5 31 3 12 16 2 0 2 7 1 2 4 12 16 2 0 2 7 16 6 2 12 16 2 0 2 7 0 2 7 0 2 3 17 18 2 0 2 7 0 2 7 0 2 7 1 2 3 0 2 3 1 2 3 0 2 3 0 2 7 1 2 7 16 31 2 0 2 7 0 2 6 0 2 10 1 2 3 1 2 7 0 2 7 5 30 3 16 9 11 1 2 3 1 2 4 1 2 3 1 2 3 0 2 6 0 2 7 16 6 2 12 16 2 17 9 2 1 2 3 1 2 4 0 2 6 1 2 4 0 2 7 1 2 4 0 2 10 0 2 7 0 2 4 0 2 7 0 2 7 0 2 4 0 2 3 17 9 2 0 62.4694696664810181
16 19 12 6 2 12 5 30 3 8 9 2 5 30 3 6 2 12 5 30 3 8 9 2 16 15 2 8 9 2 16 19 12 13 6 3 16 15 2 16 19 12 8 9 2 5 30 3 0 2 8 8 18 2 0 2 8 12 16 2 16 15 2 8 9 2 8 18 2 16 19 12 0 2 12 8 18 2 0 2 12 8 18 2 6 2 12 8 9 2 8 18 2 8 18 2 8 9 2 0 2 12 6 2 12 8 9 2 6 2 12 6 2 12 6 3 2 8 9 2 8 18 2 12 16 2 0 2 12 6 2 12 8 18 2 8 9 2 6 2 12 13 6 3 6 2 8 8 9 2 8 18 2 8 18 2 6 2 8 8 9 2 6 2 12 5 30 3 8 18 2 12 16 2 8 9 2 5 30 3 0.0773403830571129103 64.540840744972229
5 30 3 0 2 3 0 2 3 5 30 3 1 2 7 1 2 7 12 16 2 16 31 2 0 2 7 0 2 7 12 16 2 0 2 7 1 2 7 0 2 3 1 2 7 0 2 7 1 2 7 1 2 7 0 2 3 0 2 7 0 2 7 0 2 7 1 2 7 1 2 7 6 2 3 12 16 2 5 31 3 16 24 2 0 2 3 0 2 7 0 2 3 0 2 3 0 2 7 0 2 3 0 2 4 0 2 7 13 6 3 5 30 3 17 18 2 1 2 7 12 16 2 16 6 2 0 2 3 0 2 3 0 2 7 0 2 3 6 2 4 1 2 11 17 18 2 0 2 7 1 2 3 16 15 2 1 2 4 17 18 2 0 2 7 0 2 7 1 2 7 0 2 7 5 30 3 8 9 2 0 61.9520555138587952
5 30 3 5 30 3 5 30 3 13 6 3 5 30 3 8 18 2 12 16 2 12 16 2 13 6 3 5 30 3 12 16 2 5 30 3 0 2 7 17 18 2 16 19 11 1 2 7 0 2 7 0 2 7 8 9 2 16 19 12 16 15 2 0 2 7 0 2 7 0 2 10 0 2 8 0 2 7 8 9 2 17 18 2 16 19 12 0 2 7 0 2 7 0 2 7 8 18 2 6 2 12 8 9 2 6 2 7 0 2 7 8 9 2 0 2 12 16 30 2 1 2 4 6 2 12 6 2 12 6 3 2 0 2 7 1 2 7 0 2 7 6 2 12 1 2 7 8 9 2 0 2 7 6 2 8 5 31 3 0 2 7 0 2 7 6 2 8 0 2 7 6 2 12 8 18 2 8 9 2 0.0129597046652633243 62.8164108395576477
8 9 2 0 2 7 0 2 7 1 2 7 1 2 7 12 16 2 1 2 4 0 2 7 12 16 2 0 2 7 1 2 4 0 2 7 1 2 3 17 9 2 0 2 7 0 2 7 0 2 7 0 2 7 1 2 7 0 2 7 12 16 2 5 30 3 16 6 2 1 2 7 1 2 11 0 2 7 0 2 3 17 18 2 0 2 4 12 16 2 16 6 2 0 2 7 0 2 7 17 18 2 0 2 7 0 2 7 0 2 7 0 2 3 1 2 3 0 2 7 16 6 2 0 2 3 1 2 7 1 2 3 1 2 7 1 2 7 1 2 7 0 2 7 1 2 3 0 2 11 13 6 3 5 31 3 13 6 3 0 2 3 0 2 7 5 31 3 1 2 7 0 2 7 17 18 2 5 30 3 0 61.0302765369415283

Current Evaluation = 6300(6300)
Front Size = 10
1 2 4 0 2 7 1 2 7 1 2 7 12 16 2 0 2 7 1 2 7 12 16 2 1 2 7 6 2 7 1 2 7 17 9 2 0 2 7 0 2 7 0 2 7 0 2 7 1 2 7 5 31 3 12 16 2 0 2 7 1 2 7 0 2 7 17 18 2 0 2 7 12 16 2 0 2 7 1 2 7 17 18 2 1 2 7 0 2 7 0 2 7 0 2 7 0 2 4 0 2 7 1 2 4 1 2 7 0 2 7 13 6 3 5 30 3 13 6 3 0 2 7 5 31 3 1 2 7 17 18 2 5 31 3 0 2 7 0 2 7 1 2 7 0 2 7 16 6 2 0 2 7 1 2 7 17 9 2 0 2 7 1 2 7 17 9 2 0 2 7 0 2 4 1 2 7 13 6 3 0 59.938682496547699
5 30 3 5 30 3 12 16 2 12 16 2 12 16 2 0 2 7 6 2 12 8 9 2 0 2 7 5 30 3 6 2 4 16 15 2 1 2 7 1 2 7 13 6 3 16 15 2 17 9 2 8 9 2 0 2 7 5 31 3 8 18 2 16 6 2 16 15 2 8 9 2 1 2 7 0 2 3 0 2 12 8 18 2 1 2 3 8 18 2 0 2 7 8 9 2 1 2 7 8 18 2 0 2 7 0 2 4 6 2 12 0 2 7 6 2 12 0 2 7 6 3 2 1 2 7 8 18 2 0 2 12 6 2 12 0 2 7 8 9 2 0 2 7 5 31 3 6 2 8 1 2 4 0 2 11 0 2 7 16 6 2 8 9 2 6 2 12 0 2 7 1 2 3 8 9 2 5 30 3 0.0182764291335517082 62.469308078289032
0 2 7 0 2 7 5 30 3 1 2 7 1 2 7 12 16 2 16 6 2 6 2 7 8 18 2 12 16 2 1 2 7 0 2 3 0 2 7 0 2 7 1 2 7 0 2 7 0 2 7 0 2 7 1 2 7 17 9 2 0 2 4 0 2 7 5 31 3 5 30 3 17 9 2 12 16 2 0 2 7 0 2 4 1 2 3 0 2 3 0 2 7 1 2 7 1 2 7 0 2 7 16 6 2 5 31 3 0 2 3 1 2 7 0 2 7 16 31 2 5 30 3 1 2 4 0 2 3 0 2 4 16 6 2 1 2 7 0 2 7 0 2 7 0 2 3 0 2 7 0 2 3 0 2 7 5 30 3 1 2 7 13 6 3 0 2 3 1 2 7 17 9 2 0 2 7 1 2 7 0 61.3147115111351013
5 30 3 0 2 3 0 2 7 5 30 3 1 2 3 1 2 11 12 16 2 16 31 2 0 2 7 0 2 7 12 16 2 0 2 7 0 2 7 0 2 7 1 2 7 0 2 7 1 2 7 1 2 11 0 2 4 0 2 7 5 30 3 0 2 7 1 2 7 1 2 7 6 2 7 12 16 2 5 31 3 16 30 2 0 2 7 0 2 7 0 2 7 0 2 7 0 2 7 0 2 7 0 2 7 0 2 7 13 6 3 5 30 3 17 18 2 1 2 3 12 16 2 16 6 2 0 2 7 0 2 7 0 2 7 0 2 3 0 2 4 1 2 7 17 18 2 0 2 7 1 2 7 16 15 2 1 2 11 17 18 2 0 2 7 0 2 3 1 2 7 8 18 2 5 30 3 8 9 2 0 61.7027502655982971
5 30 3 5 30 3 12 16 2 12 16 2 12 16 2 16 19 11 0 2 7 0 2 7 0 2 8 16 19 11 17 9 2 0 2 7 8 9 2 16 19 11 0 2 7 1 2 7 16 19 11 5 30 3 5 30 3 0 2 11 0 2 7 0 2 7 0 2 7 1 2 7 6 2 11 5 31 3 12 16 2 1 2 7 0 2 7 0 2 7 0 2 7 0 2 11 0 2 7 0 2 7 5 30 3 0 2 7 0 2 7 0 2 8 0 2 11 0 2 7 16 19 11 0 2 7 0 2 11 0 2 7 5 30 3 0 2 11 6 2 7 0 2 7 0 2 7 0 2 7 5 31 3 0 2 7 0 2 7 0 2 11 0 2 7 16 6 2 5 30 3 8 18 2 0 2 7 0 2 7 0 64.774061381816864
5 31 3 6 2 7 1 2 7 12 16 2 12 16 2 0 2 7 5 31 3 12 16 2 0 2 7 1 2 7 0 2 4 0 2 4 0 2 7 1 2 10 0 2 7 0 2 4 1 2 7 0 2 4 0 2 4 12 16 2 5 31 3 0 2 7 0 2 7 0 2 7 0 2 7 13 6 3 17 18 2 1 2 4 12 16 2 16 6 2 1 2 10 0 2 7 0 2 7 0 2 7 1 2 7 17 18 2 1 2 4 0 2 7 1 2 7 0 2 7 1 2 4 1 2 7 17 18 2 0 2 7 1 2 10 0 2 10 16 6 2 1 2 4 17 9 2 0 2 10 0 2 4 5 30 3 0 2 7 0 2 7 17 9 2 0 2 7 0 2 7 1 2 7 5 30 3 8 9 2 0 61.2126235365867615
5 30 3 0 2 3 0 2 3 5 30 3 1 2 7 1 2 7 12 16 2 16 31 2 0 2 7 0 2 7 12 16 2 0 2 7 1 2 7 0 2 3 1 2 7 0 2 7 1 2 7 1 2 7 0 2 3 0 2 7 0 2 7 0 2 7 1 2 7 1 2 7 6 2 3 12 16 2 5 31 3 16 24 2 0 2 3 0 2 7 0 2 3 0 2 3 0 2 7 0 2 3 0 2 4 0 2 7 13 6 3 5 30 3 17 18 2 1 2 7 12 16 2 16 6 2 0 2 3 0 2 3 0 2 7 0 2 3 6 2 4 1 2 11 17 18 2 0 2 7 1 2 3 16 15 2 1 2 4 17 18 2 0 2 7 0 2 7 1 2 7 0 2 7 5 30 3 8 9 2 0 61.9520555138587952
5 30 3 0 2 7 5 30 3 12 16 2 1 2 7 0 2 7 12 16 2 0 2 7 1 2 7 0 2 7 0 2 7 0 2 7 0 2 7 0 2 7 0 2 3 0 2 7 1 2 7 1 2 3 0 2 7 12 16 2 5 31 3 0 2 7 0 2 7 0 2 7 0 2 7 13 6 3 1 2 3 1 2 7 0 2 7 13 6 3 17 18 2 12 16 2 16 6 2 0 2 7 0 2 7 0 2 7 17 18 2 0 2 7 17 18 2 1 2 7 17 9 2 1 2 7 0 2 7 0 2 7 0 2 7 0 2 3 1 2 7 17 9 2 5 30 3 0 2 7 0 2 7 0 2 7 1 2 7 5 30 3 1 2 4 1 2 3 0 2 7 1 2 7 8 1 2 5 30 3 0 61.4315781593322754
0 2 7 17 9 2 1 2 7 5 30 3 1 2 7 0 2 7 12 16 2 16 31 2 0 2 4 1 2 7 12 16 2 0 2 7 1 2 7 0 2 3 0 2 7 0 2 7 0 2 4 1 2 7 0 2 3 12 16 2 8 9 2 0 2 7 0 2 7 0 2 4 0 2 7 5 30 3 17 18 2 12 16 2 16 32 2 0 2 3 1 2 7 1 2 7 1 2 7 0 2 7 1 2 7 1 2 7 0 2 4 0 2 7 0 2 7 0 2 7 0 2 7 1 2 7 16 30 2 1 2 7 5 31 3 5 31 3 0 2 3 0 2 7 1 2 11 8 9 2 0 2 4 1 2 7 1 2 7 17 9 2 1 2 7 0 2 7 0 2 3 16 6 2 5 30 3 0 2 7 0 61.439793586730957
1 2 3 0 2 3 5 30 3 0 2 7 5 31 3 5 30 3 5 31 3 1 2 3 0 2 7 0 2 7 12 16 2 0 2 7 16 6 2 12 16 2 0 2 3 1 2 7 0 2 3 17 18 2 6 2 7 0 2 3 1 2 4 1 2 7 0 2 4 1 2 7 0 2 4 17 9 2 16 6 2 0 2 7 0 2 7 1 2 4 0 2 4 16 9 11 0 2 3 15 2 11 16 6 2 12 16 2 17 9 2 0 2 4 1 2 7 0 2 7 0 2 7 0 2 3 1 2 7 1 2 4 5 31 3 0 2 7 0 2 7 0 2 3 0 2 3 1 2 7 0 2 3 0 2 4 1 2 4 1 2 7 1 2 7 1 2 4 0 2 7 0 2 7 0 2 7 0 2 3 0 62.0292937755584717

Current Evaluation = 7200(7200)
Front Size = 10
1 2 4 0 2 7 1 2 7 0 2 7 12 16 2 0 2 7 1 2 7 12 16 2 1 2 7 0 2 7 1 2 7 17 9 2 0 2 7 0 2 7 0 2 7 0 2 7 1 2 7 5 31 3 12 16 2 0 2 7 1 2 7 0 2 7 17 18 2 0 2 7 12 16 2 0 2 7 1 2 7 17 18 2 1 2 7 0 2 7 0 2 7 1 2 4 0 2 7 0 2 7 1 2 7 1 2 7 0 2 7 13 6 3 0 2 7 13 6 3 0 2 7 5 31 3 1 2 7 17 18 2 5 31 3 1 2 7 1 2 7 1 2 7 0 2 7 16 6 2 0 2 7 1 2 7 17 9 2 0 2 7 1 2 7 17 9 2 0 2 4 0 2 7 1 2 7 13 6 3 0 59.7211945056915283
6 2 4 5 31 3 0 2 7 5 31 3 6 2 7 0 2 4 12 16 2 1 2 7 12 16 2 0 2 4 1 2 7 0 2 7 0 2 7 1 2 7 0 2 7 12 16 2 0 2 7 0 2 7 0 2 4 5 30 3 17 9 2 12 16 2 1 2 4 1 2 7 1 2 7 1 2 4 1 2 7 0 2 4 0 2 7 0 2 4 17 18 2 5 30 3 17 9 2 0 2 4 16 6 2 1 2 7 0 2 7 1 2 7 5 31 3 0 2 7 1 2 7 13 6 3 17 18 2 1 2 7 17 18 2 1 2 4 0 2 7 0 2 7 0 2 7 0 2 7 13 6 3 1 2 4 0 2 7 0 2 11 0 2 4 0 2 7 17 18 2 0 2 7 1 2 7 0 2 7 0 60.4779616594314575
5 30 3 5 30 3 12 16 2 12 16 2 12 16 2 16 19 11 0 2 7 0 2 7 0 2 7 16 19 11 17 9 2 0 2 7 8 9 2 16 19 11 0 2 7 1 2 7 16 19 11 5 30 3 5 30 3 0 2 7 0 2 8 0 2 7 0 2 7 0 2 7 6 2 7 5 31 3 12 16 2 1 2 7 0 2 11 0 2 7 0 2 7 0 2 11 0 2 7 0 2 7 5 30 3 0 2 11 0 2 7 0 2 7 0 2 7 0 2 7 16 19 11 0 2 7 0 2 11 0 2 7 5 30 3 0 2 11 6 2 7 0 2 11 1 2 11 0 2 7 5 31 3 0 2 7 0 2 7 0 2 7 0 2 7 16 6 2 5 30 3 8 18 2 0 2 7 0 2 8 0 64.7740613222122192
5 31 3 5 30 3 12 16 2 0 2 3 12 16 2 0 2 7 0 2 7 0 2 7 17 9 2 0 2 7 0 2 7 0 2 7 5 31 3 0 2 7 1 2 7 0 2 7 0 2 7 0 2 7 1 2 7 1 2 3 0 2 7 1 2 3 0 2 7 1 2 7 0 2 7 0 2 7 1 2 7 0 2 7 0 2 3 0 2 7 1 2 7 0 2 7 0 2 7 0 2 7 1 2 7 5 30 3 0 2 7 0 2 7 16 6 2 0 2 3 0 2 3 16 19 11 16 19 11 1 2 4 16 6 2 0 2 7 5 30 3 5 31 3 0 2 7 0 2 7 16 18 11 12 16 2 0 2 7 1 2 7 16 9 8 0 2 7 0 2 3 5 31 3 0 2 7 1 2 7 0 63.1370152831077576
5 30 3 5 31 3 1 2 7 6 2 7 12 16 2 16 6 2 0 2 7 0 2 7 12 16 2 1 2 7 1 2 7 0 2 4 1 2 3 0 2 3 6 2 7 0 2 11 0 2 4 0 2 7 0 2 7 12 16 2 5 30 3 1 2 7 1 2 7 5 31 3 1 2 7 5 31 3 0 2 7 16 6 2 0 2 7 8 9 2 0 2 7 0 2 7 1 2 7 0 2 7 0 2 7 0 2 7 0 2 7 0 2 3 0 2 7 0 2 7 0 2 7 1 2 11 5 30 3 0 2 10 0 2 7 13 6 3 17 18 2 0 2 7 0 2 7 17 18 2 0 2 11 0 2 3 5 30 3 16 6 2 5 30 3 0 2 7 0 2 7 17 18 2 1 2 7 16 30 2 0 61.8767465353012085
1 2 3 0 2 3 5 30 3 0 2 7 5 31 3 5 30 3 5 31 3 1 2 3 0 2 7 0 2 7 12 16 2 0 2 7 16 6 2 12 16 2 0 2 3 1 2 7 0 2 3 17 18 2 6 2 7 0 2 3 1 2 4 1 2 7 0 2 4 1 2 7 0 2 4 17 9 2 16 6 2 0 2 7 0 2 7 1 2 4 0 2 4 16 9 11 0 2 3 15 2 11 16 6 2 12 16 2 17 9 2 0 2 4 1 2 7 0 2 7 0 2 7 0 2 3 1 2 7 1 2 4 5 31 3 0 2 7 0 2 7 0 2 3 0 2 3 1 2 7 0 2 3 0 2 4 1 2 4 1 2 7 1 2 7 1 2 4 0 2 7 0 2 7 0 2 7 0 2 3 0 62.0292937755584717
5 31 3 5 31 3 1 2 4 1 2 3 12 16 2 16 6 2 0 2 7 0 2 7 12 16 2 0 2 10 0 2 7 1 2 7 0 2 7 1 2 7 1 2 7 0 2 7 0 2 7 0 2 7 1 2 3 1 2 7 12 16 2 5 31 3 1 2 7 0 2 7 0 2 7 0 2 7 13 6 3 5 30 3 8 18 2 0 2 7 12 16 2 16 6 2 0 2 7 17 9 2 6 2 7 0 2 7 17 18 2 0 2 7 1 2 7 0 2 4 0 2 7 6 2 7 0 2 7 0 2 7 12 16 2 16 32 2 1 2 7 12 16 2 0 2 4 0 2 3 0 2 7 0 2 7 0 2 7 1 2 7 1 2 7 17 18 2 1 2 7 16 30 2 5 31 3 0 2 7 0 61.2731395959854126
5 31 3 5 30 3 12 16 2 12 16 2 12 16 2 16 19 11 0 2 3 0 2 7 0 2 7 16 19 11 17 9 2 0 2 4 8 18 2 16 19 11 0 2 7 1 2 7 16 19 11 5 30 3 5 30 3 0 2 7 1 2 7 0 2 4 0 2 7 1 2 7 1 2 7 5 30 3 12 16 2 1 2 7 0 2 7 0 2 3 0 2 7 1 2 7 0 2 7 0 2 3 0 2 3 6 2 7 0 2 7 0 2 7 6 2 7 1 2 4 16 18 11 0 2 7 0 2 7 0 2 7 12 16 2 0 2 7 1 2 7 0 2 7 0 2 7 0 2 7 5 31 3 0 2 7 0 2 7 0 2 3 0 2 3 16 6 2 5 30 3 8 18 2 0 2 3 0 2 3 0 63.8275801539421082
5 31 3 1 2 7 0 2 7 1 2 7 12 16 2 0 2 3 0 2 7 12 16 2 0 2 7 0 2 7 6 2 4 0 2 3 0 2 7 0 2 3 0 2 4 1 2 7 1 2 3 1 2 3 1 2 7 12 16 2 5 30 3 0 2 4 0 2 7 1 2 7 0 2 3 1 2 4 0 2 3 0 2 7 13 6 3 17 18 2 0 2 11 12 16 2 16 30 2 1 2 7 0 2 7 0 2 7 0 2 4 1 2 4 17 9 2 1 2 7 0 2 7 1 2 7 17 18 2 1 2 11 0 2 7 0 2 4 13 6 3 16 6 2 1 2 4 1 2 3 1 2 7 5 30 3 0 2 4 0 2 7 0 2 7 5 31 3 0 2 3 17 18 2 1 2 7 17 9 2 0 60.9606267809867859
5 31 3 6 2 7 1 2 7 12 16 2 12 16 2 0 2 7 0 2 7 12 16 2 0 2 7 1 2 7 0 2 7 0 2 7 0 2 7 1 2 7 0 2 7 0 2 4 0 2 7 0 2 7 0 2 4 12 16 2 5 31 3 0 2 4 0 2 7 0 2 7 1 2 4 13 6 3 17 18 2 1 2 7 12 16 2 16 6 2 0 2 4 0 2 7 0 2 7 0 2 7 1 2 7 17 18 2 1 2 7 0 2 7 1 2 7 1 2 4 1 2 7 1 2 4 17 18 2 0 2 4 1 2 4 1 2 4 16 6 2 1 2 4 17 9 2 1 2 4 0 2 7 5 31 3 0 2 7 0 2 7 17 9 2 0 2 4 0 2 7 1 2 7 5 31 3 8 9 2 0 60.6511556506156921

Current Evaluation = 8100(8100)
Front Size = 10
1 2 4 0 2 7 1 2 7 0 2 7 12 16 2 0 2 7 1 2 7 12 16 2 1 2 7 0 2 7 1 2 7 17 9 2 0 2 7 0 2 7 0 2 7 0 2 7 1 2 7 5 31 3 12 16 2 0 2 7 1 2 7 0 2 7 17 18 2 0 2 7 12 16 2 0 2 7 1 2 7 17 18 2 1 2 7 0 2 7 0 2 7 1 2 4 0 2 7 0 2 7 1 2 7 1 2 7 0 2 7 13 6 3 0 2 7 13 6 3 0 2 7 5 31 3 1 2 7 17 18 2 5 31 3 1 2 7 1 2 7 1 2 7 0 2 7 16 6 2 0 2 7 1 2 7 17 9 2 0 2 7 1 2 7 17 9 2 0 2 4 0 2 7 1 2 7 13 6 3 0 59.7211945056915283
5 30 3 5 31 3 1 2 7 6 2 7 12 16 2 16 6 2 0 2 7 0 2 7 12 16 2 1 2 7 1 2 7 0 2 4 1 2 3 0 2 3 6 2 7 0 2 11 0 2 4 0 2 7 0 2 7 12 16 2 5 30 3 1 2 7 1 2 7 5 31 3 1 2 7 5 31 3 0 2 7 16 6 2 0 2 7 8 9 2 0 2 7 0 2 7 1 2 7 0 2 7 0 2 7 0 2 7 0 2 7 0 2 3 0 2 7 0 2 7 0 2 7 1 2 11 5 30 3 0 2 10 0 2 7 13 6 3 17 18 2 0 2 7 0 2 7 17 18 2 0 2 11 0 2 3 5 30 3 16 6 2 5 30 3 0 2 7 0 2 7 17 18 2 1 2 7 16 30 2 0 61.8767465353012085
5 31 3 12 16 2 12 16 2 0 2 7 0 2 7 0 2 7 8 9 2 6 2 7 0 2 7 1 2 7 5 31 3 0 2 7 12 16 2 0 2 4 0 2 7 0 2 4 0 2 7 0 2 7 0 2 7 1 2 7 0 2 4 17 9 2 0 2 7 0 2 7 0 2 7 1 2 4 0 2 7 0 2 7 0 2 7 0 2 7 0 2 7 12 16 2 16 6 2 1 2 10 0 2 7 5 31 3 1 2 7 12 16 2 1 2 4 1 2 7 5 30 3 0 2 4 1 2 7 17 18 2 0 2 7 0 2 7 0 2 7 0 2 7 16 19 11 16 20 12 16 6 2 5 30 3 12 16 2 1 2 7 8 18 2 16 19 11 1 2 7 0 2 7 5 31 3 0 2 7 0 62.4263482689857483
5 30 3 5 30 3 12 16 2 12 16 2 12 16 2 16 19 11 0 2 7 0 2 7 0 2 7 16 19 11 17 9 2 0 2 7 8 9 2 16 19 11 0 2 7 1 2 7 16 19 11 5 30 3 5 30 3 0 2 7 0 2 8 0 2 7 0 2 7 0 2 7 6 2 7 5 31 3 12 16 2 1 2 7 0 2 11 0 2 7 0 2 7 0 2 11 0 2 7 0 2 7 5 30 3 0 2 11 0 2 7 0 2 7 0 2 7 0 2 7 16 19 11 0 2 7 0 2 11 0 2 7 5 30 3 0 2 11 6 2 7 0 2 11 1 2 11 0 2 7 5 31 3 0 2 7 0 2 7 0 2 7 0 2 7 16 6 2 5 30 3 8 18 2 0 2 7 0 2 8 0 64.7740613222122192
5 30 3 1 2 7 12 16 2 12 16 2 1 2 7 0 2 7 12 16 2 1 2 7 1 2 7 0 2 4 0 2 4 1 2 7 1 2 4 0 2 7 0 2 7 0 2 4 1 2 7 0 2 7 12 16 2 5 31 3 0 2 7 0 2 7 0 2 7 0 2 7 13 6 3 17 9 2 0 2 4 17 9 2 0 2 4 1 2 7 8 18 2 0 2 7 1 2 7 0 2 7 1 2 7 0 2 7 1 2 7 0 2 7 17 18 2 0 2 7 16 6 2 17 9 2 5 30 3 1 2 7 17 9 2 0 2 7 1 2 4 17 9 2 0 2 7 1 2 4 13 6 3 1 2 4 0 2 4 0 2 7 1 2 7 0 2 4 5 31 3 0 2 7 0 2 7 5 30 3 0 60.4693014621734619
5 31 3 6 2 7 1 2 7 12 16 2 12 16 2 0 2 7 0 2 7 12 16 2 0 2 7 1 2 7 0 2 7 0 2 7 0 2 7 1 2 7 0 2 7 0 2 4 0 2 7 0 2 7 0 2 4 12 16 2 5 31 3 0 2 4 0 2 7 0 2 7 1 2 4 13 6 3 17 18 2 1 2 7 12 16 2 16 6 2 0 2 4 0 2 7 0 2 7 0 2 7 1 2 7 17 18 2 1 2 7 0 2 7 1 2 7 1 2 4 1 2 7 1 2 4 17 18 2 0 2 4 1 2 4 1 2 4 16 6 2 1 2 4 17 9 2 1 2 4 0 2 7 5 31 3 0 2 7 0 2 7 17 9 2 0 2 4 0 2 7 1 2 7 5 31 3 8 9 2 0 60.6511556506156921
5 31 3 1 2 7 0 2 8 1 2 11 12 16 2 1 2 7 12 16 2 0 2 7 0 2 7 0 2 7 1 2 4 1 2 7 0 2 7 0 2 4 0 2 7 12 16 2 5 30 3 0 2 7 0 2 7 1 2 7 1 2 7 1 2 7 1 2 4 16 15 2 1 2 7 0 2 7 0 2 7 0 2 11 1 2 7 17 9 2 0 2 7 0 2 7 16 6 2 0 2 7 5 30 3 0 2 7 1 2 7 0 2 7 5 30 3 0 2 7 6 2 3 1 2 7 16 19 11 8 9 2 5 30 3 0 2 7 8 18 2 17 18 2 12 16 2 0 2 7 0 2 3 0 2 7 17 18 2 0 2 7 13 6 3 0 2 7 0 2 4 8 18 2 0 2 3 17 9 2 0 61.8495243787765503
5 30 3 0 2 7 5 31 3 5 30 3 0 2 7 0 2 4 17 18 2 1 2 7 16 6 2 12 16 2 0 2 7 1 2 7 0 2 7 0 2 7 0 2 3 13 6 3 8 9 2 0 2 7 0 2 7 0 2 7 0 2 7 12 16 2 17 9 2 0 2 7 1 2 7 0 2 7 0 2 7 1 2 7 1 2 7 5 31 3 0 2 7 0 2 7 1 2 7 1 2 7 0 2 7 6 2 7 13 6 3 0 2 7 0 2 7 0 2 7 17 18 2 1 2 7 17 18 2 6 2 7 12 16 2 17 18 2 0 2 4 12 16 2 0 2 4 1 2 11 1 2 7 1 2 7 0 2 7 0 2 7 16 15 2 5 31 3 1 2 7 1 2 7 0 2 7 6 2 7 0 60.7970084547996521
5 30 3 5 30 3 5 30 3 5 30 3 1 2 3 0 2 7 0 2 7 12 16 2 1 2 3 0 2 7 1 2 7 0 2 7 0 2 7 0 2 3 8 9 2 0 2 7 0 2 7 0 2 3 12 16 2 0 2 7 1 2 3 0 2 3 0 2 7 5 30 3 0 2 7 0 2 7 1 2 7 0 2 7 1 2 7 0 2 7 0 2 7 0 2 3 0 2 3 1 2 7 0 2 7 0 2 3 0 2 7 0 2 7 1 2 7 0 2 7 16 15 2 16 19 11 8 18 2 5 30 3 17 9 2 16 19 11 0 2 7 1 2 7 1 2 7 5 30 3 13 6 3 0 2 3 0 2 7 0 2 7 17 18 2 1 2 3 0 2 3 17 18 2 16 9 11 1 2 7 0 63.0063692927360535
5 31 3 5 30 3 12 16 2 12 16 2 12 16 2 16 19 11 0 2 3 0 2 7 0 2 7 16 19 11 17 9 2 0 2 4 8 18 2 16 19 11 0 2 7 1 2 7 16 19 11 5 30 3 5 30 3 0 2 7 1 2 7 0 2 4 0 2 7 1 2 7 1 2 7 5 30 3 12 16 2 1 2 7 0 2 7 0 2 3 0 2 7 1 2 7 0 2 7 0 2 3 0 2 3 6 2 7 0 2 7 0 2 7 6 2 7 1 2 4 16 18 11 0 2 7 0 2 7 0 2 7 12 16 2 0 2 7 1 2 7 0 2 7 0 2 7 0 2 7 5 31 3 0 2 7 0 2 7 0 2 3 0 2 3 16 6 2 5 30 3 8 18 2 0 2 3 0 2 3 0 63.8275801539421082

Current Evaluation = 9000(9000)
Front Size = 10
1 2 4 0 2 7 1 2 7 0 2 7 12 16 2 0 2 7 1 2 7 12 16 2 1 2 7 0 2 7 1 2 7 17 9 2 0 2 7 0 2 7 0 2 7 0 2 7 1 2 7 5 31 3 12 16 2 0 2 7 1 2 7 0 2 7 17 18 2 0 2 7 12 16 2 0 2 7 1 2 7 17 18 2 1 2 7 0 2 7 0 2 7 1 2 4 0 2 7 0 2 7 1 2 7 1 2 7 0 2 7 13 6 3 0 2 7 13 6 3 0 2 7 5 31 3 1 2 7 17 18 2 5 31 3 1 2 7 1 2 7 1 2 7 0 2 7 16 6 2 0 2 7 1 2 7 17 9 2 0 2 7 1 2 7 17 9 2 0 2 4 0 2 7 1 2 7 13 6 3 0 59.7211945056915283
5 30 3 1 2 7 1 2 7 12 16 2 1 2 3 12 16 2 0 2 3 0 2 7 0 2 7 1 2 7 1 2 7 0 2 7 0 2 7 12 16 2 5 30 3 1 2 3 1 2 7 0 2 7 0 2 7 1 2 7 16 15 2 0 2 7 0 2 7 1 2 3 1 2 7 17 9 2 0 2 7 1 2 3 16 30 2 0 2 7 5 30 3 0 2 7 1 2 3 0 2 7 0 2 3 1 2 3 8 9 2 0 2 7 17 18 2 12 16 2 0 2 7 0 2 7 1 2 3 17 18 2 0 2 7 13 6 3 0 2 7 0 2 7 0 2 7 1 2 3 0 2 3 0 2 7 0 2 3 13 6 3 16 24 2 0 2 3 8 18 2 5 30 3 17 18 2 1 2 7 0 61.3929696083068848
5 30 3 1 2 7 12 16 2 12 16 2 1 2 7 0 2 7 12 16 2 1 2 7 1 2 7 0 2 4 0 2 4 1 2 7 1 2 4 0 2 7 0 2 7 0 2 4 1 2 7 0 2 7 12 16 2 5 31 3 0 2 7 0 2 7 0 2 7 0 2 7 13 6 3 17 9 2 0 2 4 17 9 2 0 2 4 1 2 7 8 18 2 0 2 7 1 2 7 0 2 7 1 2 7 0 2 7 1 2 7 0 2 7 17 18 2 0 2 7 16 6 2 17 9 2 5 30 3 1 2 7 17 9 2 0 2 7 1 2 4 17 9 2 0 2 7 1 2 4 13 6 3 1 2 4 0 2 4 0 2 7 1 2 7 0 2 4 5 31 3 0 2 7 0 2 7 5 30 3 0 60.4693014621734619
0 2 7 0 2 7 1 2 7 12 16 2 0 2 7 12 16 2 0 2 7 1 2 7 0 2 7 5 31 3 1 2 7 0 2 7 0 2 7 5 30 3 0 2 4 0 2 7 1 2 4 1 2 7 16 31 2 1 2 7 0 2 7 1 2 7 17 9 2 0 2 7 0 2 7 5 30 3 0 2 7 0 2 4 0 2 7 8 9 2 0 2 7 17 18 2 0 2 7 0 2 7 17 18 2 0 2 4 13 6 3 0 2 4 1 2 7 0 2 7 1 2 7 0 2 7 13 6 3 17 18 2 5 30 3 17 18 2 1 2 7 12 16 2 1 2 7 0 2 7 5 31 3 1 2 7 16 6 2 1 2 11 12 16 2 0 2 7 0 2 7 1 2 7 1 2 7 1 2 7 0 60.5500123500823975
5 31 3 6 2 7 1 2 7 12 16 2 12 16 2 0 2 7 0 2 7 12 16 2 0 2 7 1 2 7 0 2 7 0 2 7 0 2 7 1 2 7 0 2 7 0 2 4 0 2 7 0 2 7 0 2 4 12 16 2 5 31 3 0 2 4 0 2 7 0 2 7 1 2 4 13 6 3 17 18 2 1 2 7 12 16 2 16 6 2 0 2 4 0 2 7 0 2 7 0 2 7 1 2 7 17 18 2 1 2 7 0 2 7 1 2 7 1 2 4 1 2 7 1 2 4 17 18 2 0 2 4 1 2 4 1 2 4 16 6 2 1 2 4 17 9 2 1 2 4 0 2 7 5 31 3 0 2 7 0 2 7 17 9 2 0 2 4 0 2 7 1 2 7 5 31 3 8 9 2 0 60.6511556506156921
1 2 7 0 2 7 0 2 7 12 16 2 0 2 7 0 2 7 1 2 7 1 2 7 0 2 3 13 6 3 1 2 7 1 2 3 0 2 7 12 16 2 17 9 2 0 2 3 0 2 7 0 2 7 0 2 7 0 2 3 0 2 7 1 2 7 1 2 7 0 2 7 0 2 7 0 2 7 0 2 7 17 18 2 0 2 7 1 2 3 1 2 7 1 2 7 0 2 7 1 2 7 0 2 7 17 18 2 13 6 3 17 9 2 17 9 2 0 2 7 0 2 7 0 2 7 0 2 7 1 2 7 5 30 3 5 30 3 0 2 7 1 2 7 16 15 2 8 9 2 1 2 7 5 31 3 1 2 7 5 30 3 0 2 3 16 6 2 5 30 3 1 2 7 0 2 7 8 18 2 0 60.8856284618377686
1 2 4 0 2 7 0 2 7 12 16 2 0 2 7 0 2 7 1 2 7 1 2 7 0 2 7 13 6 3 1 2 4 1 2 7 0 2 7 12 16 2 17 9 2 0 2 7 0 2 7 0 2 7 1 2 7 0 2 7 0 2 7 1 2 7 1 2 3 0 2 3 0 2 4 0 2 7 0 2 4 17 18 2 0 2 7 1 2 4 1 2 3 1 2 7 0 2 7 0 2 7 0 2 7 17 18 2 13 6 3 17 9 2 17 18 2 0 2 7 0 2 7 0 2 7 0 2 7 1 2 4 5 30 3 5 30 3 0 2 4 1 2 3 16 15 2 8 9 2 1 2 7 5 30 3 1 2 7 5 30 3 0 2 7 17 18 2 5 30 3 5 30 3 0 2 7 8 18 2 0 60.9103354215621948
5 30 3 1 2 3 12 16 2 16 6 2 0 2 7 17 18 2 12 16 2 6 2 3 1 2 7 0 2 7 0 2 7 0 2 7 12 16 2 1 2 7 1 2 7 5 30 3 0 2 7 5 31 3 0 2 7 0 2 4 0 2 3 0 2 4 1 2 4 0 2 7 0 2 7 0 2 3 0 2 7 0 2 7 0 2 7 0 2 7 1 2 7 16 9 11 17 18 2 0 2 7 0 2 7 17 18 2 0 2 7 1 2 7 8 18 2 1 2 7 5 30 3 1 2 7 0 2 7 0 2 7 0 2 7 0 2 7 0 2 11 0 2 7 16 6 2 1 2 7 1 2 7 0 2 7 5 30 3 0 2 7 0 2 7 5 31 3 5 31 3 16 6 2 1 2 7 13 6 3 0 61.6726524233818054
5 30 3 5 30 3 0 2 7 0 2 7 12 16 2 16 6 2 0 2 7 0 2 7 12 16 2 0 2 7 1 2 7 0 2 7 8 9 2 0 2 7 12 16 2 5 31 3 5 31 3 0 2 7 0 2 7 8 9 2 0 2 4 1 2 7 0 2 7 0 2 7 0 2 7 0 2 7 0 2 7 1 2 4 0 2 7 0 2 7 5 30 3 0 2 7 1 2 7 1 2 7 0 2 7 5 30 3 0 2 7 0 2 7 0 2 7 0 2 7 1 2 7 16 19 11 0 2 7 1 2 7 0 2 4 0 2 7 1 2 7 1 2 7 0 2 7 16 19 11 8 18 2 17 18 2 1 2 7 17 9 2 16 19 11 0 2 7 16 19 11 5 30 3 0 2 7 12 16 2 0 62.9130229949951172
0 2 3 0 2 3 0 2 7 0 2 7 12 16 2 1 2 7 1 2 7 12 16 2 0 2 7 0 2 7 0 2 7 1 2 4 0 2 7 0 2 7 0 2 7 5 30 3 12 16 2 0 2 7 0 2 7 17 18 2 0 2 7 1 2 7 1 2 7 1 2 7 0 2 7 5 31 3 0 2 7 0 2 7 1 2 7 1 2 7 0 2 7 0 2 7 5 31 3 1 2 7 0 2 7 1 2 7 16 19 11 0 2 7 1 2 7 13 6 3 5 30 3 0 2 7 5 30 3 0 2 7 0 2 3 5 30 3 0 2 7 1 2 3 17 9 2 16 30 2 12 16 2 16 30 2 0 2 3 0 2 7 6 2 7 16 30 2 5 31 3 17 18 2 0 2 7 13 6 3 0 61.4339085221290588

Current Evaluation = 9900(9900)
Front Size = 10
1 2 4 0 2 7 1 2 7 0 2 7 12 16 2 0 2 7 1 2 7 12 16 2 1 2 7 0 2 7 1 2 7 17 9 2 0 2 7 0 2 7 0 2 7 0 2 7 1 2 7 5 31 3 12 16 2 0 2 7 1 2 7 0 2 7 17 18 2 0 2 7 12 16 2 0 2 7 1 2 7 17 18 2 1 2 7 0 2 7 0 2 7 1 2 4 0 2 7 0 2 7 1 2 7 1 2 7 0 2 7 13 6 3 0 2 7 13 6 3 0 2 7 5 31 3 1 2 7 17 18 2 5 31 3 1 2 7 1 2 7 1 2 7 0 2 7 16 6 2 0 2 7 1 2 7 17 9 2 0 2 7 1 2 7 17 9 2 0 2 4 0 2 7 1 2 7 13 6 3 0 59.7211945056915283
5 30 3 1 2 7 1 2 7 12 16 2 1 2 3 12 16 2 0 2 3 0 2 7 0 2 7 1 2 7 1 2 7 0 2 7 0 2 7 12 16 2 5 30 3 1 2 3 1 2 7 0 2 7 0 2 7 1 2 7 16 15 2 0 2 7 0 2 7 1 2 3 1 2 7 17 9 2 0 2 7 1 2 3 16 30 2 0 2 7 5 30 3 0 2 7 1 2 3 0 2 7 0 2 3 1 2 3 8 9 2 0 2 7 17 18 2 12 16 2 0 2 7 0 2 7 1 2 3 17 18 2 0 2 7 13 6 3 0 2 7 0 2 7 0 2 7 1 2 3 0 2 3 0 2 7 0 2 3 13 6 3 16 24 2 0 2 3 8 18 2 5 30 3 17 18 2 1 2 7 0 61.3929696083068848
6 2 4 12 16 2 12 16 2 0 2 7 0 2 7 0 2 7 1 2 7 0 2 4 1 2 7 1 2 4 0 2 7 0 2 7 0 2 7 0 2 4 13 6 3 17 18 2 1 2 4 1 2 7 0 2 4 1 2 7 1 2 4 1 2 7 1 2 4 17 18 2 17 9 2 0 2 4 1 2 7 1 2 7 13 6 3 1 2 4 5 31 3 5 31 3 0 2 7 0 2 7 0 2 4 5 30 3 0 2 7 0 2 7 0 2 7 12 16 2 0 2 4 12 16 2 5 31 3 0 2 7 0 2 7 1 2 7 1 2 7 0 2 10 0 2 7 17 18 2 12 16 2 1 2 4 17 18 2 17 18 2 0 2 7 1 2 7 0 2 4 0 2 7 16 6 2 0 2 7 0 60.373223602771759
5 30 3 5 30 3 0 2 7 0 2 7 12 16 2 16 6 2 0 2 7 0 2 7 12 16 2 0 2 7 1 2 7 0 2 7 8 9 2 0 2 7 12 16 2 5 31 3 5 31 3 0 2 7 0 2 7 8 9 2 0 2 4 1 2 7 0 2 7 0 2 7 0 2 7 0 2 7 0 2 7 1 2 4 0 2 7 0 2 7 5 30 3 0 2 7 1 2 7 1 2 7 0 2 7 5 30 3 0 2 7 0 2 7 0 2 7 0 2 7 1 2 7 16 19 11 0 2 7 1 2 7 0 2 4 0 2 7 1 2 7 1 2 7 0 2 7 16 19 11 8 18 2 17 18 2 1 2 7 17 9 2 16 19 11 0 2 7 16 19 11 5 30 3 0 2 7 12 16 2 0 62.9130229949951172
1 2 4 0 2 7 0 2 7 12 16 2 0 2 7 0 2 7 1 2 7 1 2 7 0 2 7 13 6 3 1 2 4 1 2 7 0 2 7 12 16 2 17 9 2 0 2 7 0 2 7 0 2 7 1 2 7 0 2 7 0 2 7 1 2 7 1 2 3 0 2 3 0 2 4 0 2 7 0 2 4 17 18 2 0 2 7 1 2 4 1 2 3 1 2 7 0 2 7 0 2 7 0 2 7 17 18 2 13 6 3 17 9 2 17 18 2 0 2 7 0 2 7 0 2 7 0 2 7 1 2 4 5 30 3 5 30 3 0 2 4 1 2 3 16 15 2 8 9 2 1 2 7 5 30 3 1 2 7 5 30 3 0 2 7 17 18 2 5 30 3 5 30 3 0 2 7 8 18 2 0 60.9103354215621948
1 2 4 12 16 2 12 16 2 1 2 7 0 2 7 0 2 7 1 2 7 0 2 3 1 2 7 1 2 7 0 2 7 0 2 7 0 2 4 0 2 7 0 2 4 0 2 7 13 6 3 17 18 2 8 1 2 0 2 7 1 2 4 1 2 7 17 18 2 1 2 7 0 2 4 1 2 7 1 2 7 17 18 2 17 9 2 0 2 7 1 2 7 17 9 2 1 2 7 13 6 3 17 18 2 0 2 7 5 31 3 17 18 2 5 30 3 0 2 7 0 2 7 0 2 7 5 30 3 0 2 7 1 2 7 0 2 3 0 2 7 1 2 7 0 2 7 1 2 7 1 2 7 0 2 7 12 16 2 5 30 3 1 2 3 1 2 7 0 2 7 0 2 7 0 2 7 0 2 7 0 60.3709723949432373
1 2 7 12 16 2 12 16 2 1 2 7 0 2 7 0 2 7 1 2 7 1 2 7 0 2 7 0 2 7 0 2 7 0 2 7 0 2 7 0 2 4 0 2 7 1 2 4 13 6 3 17 18 2 1 2 7 0 2 7 17 18 2 1 2 7 0 2 7 1 2 7 0 2 7 0 2 7 13 6 3 1 2 7 17 9 2 1 2 7 0 2 7 0 2 4 17 9 2 0 2 4 12 16 2 5 31 3 12 16 2 0 2 7 1 2 7 0 2 4 5 31 3 0 2 7 0 2 7 1 2 4 1 2 7 17 18 2 1 2 7 0 2 7 16 6 2 5 31 3 5 30 3 0 2 4 12 16 2 8 9 2 0 2 4 0 2 7 0 2 7 1 2 7 16 6 2 1 2 7 0 60.3829444646835327
1 2 7 12 16 2 12 16 2 0 2 7 0 2 7 0 2 7 1 2 4 0 2 7 0 2 4 0 2 7 0 2 7 0 2 7 0 2 7 0 2 7 0 2 7 0 2 7 1 2 11 13 6 3 17 18 2 1 2 11 1 2 7 1 2 3 1 2 7 17 18 2 1 2 7 0 2 4 1 2 7 1 2 7 0 2 7 1 2 4 1 2 7 17 9 2 1 2 7 0 2 7 0 2 7 17 9 2 0 2 7 13 6 3 12 16 2 5 31 3 12 16 2 0 2 7 5 30 3 5 30 3 0 2 7 0 2 7 5 31 3 16 31 2 0 2 7 0 2 7 0 2 4 17 9 2 1 2 7 0 2 7 0 2 7 1 2 7 1 2 3 16 30 2 1 2 7 1 2 4 0 60.4092354774475098
5 30 3 1 2 7 12 16 2 0 2 7 17 18 2 12 16 2 1 2 4 0 2 7 0 2 7 0 2 4 12 16 2 0 2 7 0 2 3 5 30 3 0 2 4 0 2 7 1 2 7 0 2 7 1 2 7 0 2 7 1 2 4 0 2 7 0 2 3 0 2 3 1 2 7 17 18 2 0 2 3 0 2 7 8 9 2 0 2 7 1 2 7 17 18 2 1 2 7 5 30 3 0 2 7 1 2 4 0 2 11 0 2 7 0 2 3 0 2 7 1 2 7 0 2 4 13 6 3 17 18 2 1 2 7 5 30 3 16 30 2 17 9 2 1 2 3 13 6 3 1 2 7 12 16 2 6 2 7 0 2 4 1 2 7 1 2 7 0 2 3 5 31 3 0 2 7 1 2 7 0 61.2215396761894226
5 30 3 1 2 7 12 16 2 12 16 2 1 2 7 0 2 7 12 16 2 1 2 7 1 2 7 0 2 4 0 2 4 1 2 7 1 2 4 0 2 7 0 2 7 0 2 4 1 2 7 0 2 7 12 16 2 5 31 3 0 2 7 0 2 7 0 2 7 0 2 7 13 6 3 17 9 2 0 2 4 17 9 2 0 2 4 1 2 7 8 18 2 0 2 7 1 2 7 0 2 7 1 2 7 0 2 7 1 2 7 0 2 7 17 18 2 0 2 7 16 6 2 17 9 2 5 30 3 1 2 7 17 9 2 0 2 7 1 2 4 17 9 2 0 2 7 1 2 4 13 6 3 1 2 4 0 2 4 0 2 7 1 2 7 0 2 4 5 31 3 0 2 7 0 2 7 5 30 3 0 60.4693014621734619

Current Evaluation = 10800(10800)
Front Size = 10
1 2 4 0 2 7 1 2 7 0 2 7 12 16 2 0 2 7 1 2 7 12 16 2 1 2 7 0 2 7 1 2 7 17 9 2 0 2 7 0 2 7 0 2 7 0 2 7 1 2 7 5 31 3 12 16 2 0 2 7 1 2 7 0 2 7 17 18 2 0 2 7 12 16 2 0 2 7 1 2 7 17 18 2 1 2 7 0 2 7 0 2 7 1 2 4 0 2 7 0 2 7 1 2 7 1 2 7 0 2 7 13 6 3 0 2 7 13 6 3 0 2 7 5 31 3 1 2 7 17 18 2 5 31 3 1 2 7 1 2 7 1 2 7 0 2 7 16 6 2 0 2 7 1 2 7 17 9 2 0 2 7 1 2 7 17 9 2 0 2 4 0 2 7 1 2 7 13 6 3 0 59.7211945056915283
5 30 3 1 2 7 12 16 2 0 2 7 17 18 2 12 16 2 1 2 4 0 2 7 0 2 7 0 2 4 12 16 2 0 2 7 0 2 3 5 30 3 0 2 4 0 2 7 1 2 7 0 2 7 1 2 7 0 2 7 1 2 4 0 2 7 0 2 3 0 2 3 1 2 7 17 18 2 0 2 3 0 2 7 8 9 2 0 2 7 1 2 7 17 18 2 1 2 7 5 30 3 0 2 7 1 2 4 0 2 11 0 2 7 0 2 3 0 2 7 1 2 7 0 2 4 13 6 3 17 18 2 1 2 7 5 30 3 16 30 2 17 9 2 1 2 3 13 6 3 1 2 7 12 16 2 6 2 7 0 2 4 1 2 7 1 2 7 0 2 3 5 31 3 0 2 7 1 2 7 0 61.2215396761894226
5 30 3 1 2 7 1 2 7 12 16 2 1 2 3 12 16 2 0 2 3 0 2 7 0 2 7 1 2 7 1 2 7 0 2 7 0 2 7 5 30 3 1 2 3 1 2 7 0 2 7 0 2 7 1 2 7 16 15 2 0 2 7 0 2 7 1 2 3 1 2 7 17 9 2 0 2 7 0 2 7 5 30 3 0 2 7 0 2 7 8 9 2 0 2 7 17 18 2 0 2 7 0 2 7 17 18 2 0 2 7 13 6 3 0 2 7 0 2 7 0 2 7 0 2 7 13 6 3 8 18 2 5 30 3 17 18 2 1 2 7 0 2 4 1 2 3 17 9 2 1 2 3 5 30 3 0 2 7 0 2 7 1 2 3 1 2 3 17 18 2 0 2 3 16 24 2 1 2 4 0.00928364609607932462 60.9846315383911133
12 16 2 12 16 2 1 2 7 0 2 7 1 2 7 17 18 2 0 2 7 0 2 7 13 6 3 17 18 2 1 2 7 1 2 7 5 30 3 1 2 4 0 2 7 17 18 2 17 9 2 13 6 3 1 2 7 5 30 3 0 2 7 0 2 7 1 2 7 1 2 7 0 2 7 0 2 7 1 2 4 0 2 7 1 2 7 5 31 3 12 16 2 12 16 2 0 2 7 0 2 4 0 2 4 0 2 7 0 2 7 0 2 7 0 2 7 0 2 7 1 2 7 0 2 4 0 2 7 0 2 7 0 2 7 17 9 2 5 30 3 1 2 7 1 2 7 16 31 2 0 2 7 1 2 3 1 2 4 0 2 3 1 2 7 17 9 2 1 2 7 0 2 7 13 6 3 1 2 7 0 59.9867334365844727
6 2 10 12 16 2 12 16 2 0 2 7 0 2 7 0 2 7 1 2 4 0 2 4 1 2 7 1 2 7 0 2 4 0 2 7 0 2 7 0 2 7 13 6 3 17 18 2 1 2 7 1 2 4 0 2 4 1 2 4 1 2 7 1 2 4 1 2 4 17 18 2 17 9 2 0 2 7 1 2 7 1 2 7 13 6 3 1 2 7 5 31 3 5 31 3 0 2 7 0 2 7 0 2 4 5 31 3 0 2 7 0 2 7 0 2 7 12 16 2 0 2 4 12 16 2 5 30 3 0 2 4 0 2 7 1 2 7 1 2 4 0 2 7 0 2 7 17 18 2 12 16 2 1 2 7 17 18 2 17 18 2 0 2 4 1 2 7 0 2 4 0 2 7 16 6 2 0 2 7 0 60.3732235431671143
12 16 2 12 16 2 1 2 7 0 2 4 0 2 7 0 2 7 17 18 2 0 2 7 0 2 7 0 2 4 0 2 4 13 6 3 17 18 2 1 2 7 0 2 4 0 2 7 5 30 3 1 2 7 0 2 7 1 2 4 17 18 2 17 9 2 6 2 7 1 2 7 13 6 3 0 2 7 0 2 4 5 30 3 0 2 4 0 2 7 1 2 7 1 2 7 17 18 2 1 2 7 0 2 7 1 2 7 1 2 7 1 2 7 0 2 7 0 2 7 0 2 7 5 31 3 0 2 4 17 18 2 1 2 7 1 2 4 13 6 3 5 30 3 0 2 4 12 16 2 1 2 7 0 2 4 12 16 2 1 2 7 0 2 7 5 31 3 0 2 7 17 18 2 0 2 7 1 2 7 0 60.1633895039558411
1 2 7 17 9 2 0 2 7 12 16 2 0 2 4 1 2 11 1 2 4 0 2 7 0 2 4 13 6 3 0 2 7 1 2 11 0 2 7 12 16 2 17 9 2 1 2 7 0 2 7 0 2 7 1 2 4 0 2 7 0 2 7 0 2 7 1 2 7 0 2 7 17 18 2 0 2 4 0 2 7 0 2 7 0 2 7 0 2 7 17 18 2 13 6 3 17 9 2 17 18 2 0 2 7 1 2 11 1 2 7 1 2 7 6 2 7 1 2 7 0 2 7 0 2 7 1 2 7 6 2 7 5 30 3 5 31 3 1 2 7 0 2 7 0 2 4 5 31 3 0 2 7 1 2 7 16 15 2 0 2 4 12 16 2 5 30 3 1 2 7 0 2 7 12 16 2 8 18 2 0 60.6822323799133301
12 16 2 12 16 2 1 2 7 1 2 7 1 2 4 17 18 2 0 2 7 0 2 4 13 6 3 17 18 2 1 2 7 1 2 7 5 30 3 1 2 4 0 2 7 17 18 2 17 9 2 13 6 3 1 2 7 5 30 3 0 2 7 0 2 7 1 2 4 0 2 7 0 2 7 0 2 4 1 2 1 17 9 2 1 2 4 5 31 3 12 16 2 12 16 2 0 2 7 0 2 7 0 2 7 0 2 7 0 2 7 0 2 7 0 2 7 1 2 7 1 2 7 5 31 3 1 2 7 1 2 7 1 2 7 1 2 7 0 2 7 1 2 7 16 6 2 0 2 7 0 2 7 0 2 4 0 2 7 0 2 7 0 2 4 17 9 2 0 2 4 0 2 7 0 2 4 8 9 2 0 60.4231065511703491
1 2 7 1 2 3 0 2 3 12 16 2 0 2 7 0 2 7 1 2 4 0 2 3 0 2 7 13 6 3 0 2 7 1 2 7 0 2 4 12 16 2 17 9 2 0 2 7 0 2 7 1 2 7 0 2 7 1 2 7 1 2 7 1 2 7 1 2 7 5 30 3 17 18 2 0 2 7 1 2 7 0 2 7 0 2 7 0 2 7 17 1 2 5 31 3 17 9 2 0 2 4 5 30 3 0 2 7 0 2 7 0 2 7 0 2 7 1 2 7 0 2 7 0 2 7 12 16 2 0 2 7 1 2 7 5 30 3 1 2 7 0 2 7 0 2 7 5 30 3 5 30 3 1 2 7 16 30 2 8 9 2 0 2 7 13 6 3 17 18 2 0 2 7 1 2 7 17 9 2 0 60.7647464275360107
5 30 3 1 2 7 1 2 7 12 16 2 1 2 3 12 16 2 0 2 3 0 2 7 0 2 7 1 2 7 1 2 7 0 2 7 0 2 7 5 30 3 1 2 3 1 2 7 0 2 7 0 2 7 1 2 7 16 15 2 0 2 7 0 2 7 1 2 3 1 2 7 17 9 2 0 2 7 0 2 7 5 30 3 0 2 7 0 2 7 8 9 2 0 2 7 17 18 2 0 2 7 0 2 7 17 18 2 0 2 7 13 6 3 0 2 7 0 2 7 0 2 7 0 2 7 13 6 3 8 18 2 5 30 3 17 18 2 1 2 7 12 16 2 1 2 4 16 30 2 5 30 3 0 2 3 1 2 3 12 16 2 0 2 4 0 2 4 0 2 3 1 2 4 1 2 4 0 2 3 2.98236452827430672e-05 61.3186734914779663

Current Evaluation = 11700(11700)
Front Size = 10
1 2 4 0 2 7 1 2 7 0 2 7 12 16 2 0 2 7 1 2 7 12 16 2 1 2 7 0 2 7 1 2 7 17 9 2 0 2 7 0 2 7 0 2 7 0 2 7 1 2 7 5 31 3 12 16 2 0 2 7 1 2 7 0 2 7 17 18 2 0 2 7 12 16 2 0 2 7 1 2 7 17 18 2 1 2 7 0 2 7 0 2 7 1 2 4 0 2 7 0 2 7 1 2 7 1 2 7 0 2 7 13 6 3 0 2 7 13 6 3 0 2 7 5 31 3 1 2 7 17 18 2 5 31 3 1 2 7 1 2 7 1 2 7 0 2 7 16 6 2 0 2 7 1 2 7 17 9 2 0 2 7 1 2 7 17 9 2 0 2 4 0 2 7 1 2 7 13 6 3 0 59.7211945056915283
17 9 2 12 16 2 1 2 7 1 2 7 0 2 7 1 2 4 5 31 3 12 16 2 17 9 2 1 2 7 1 2 4 0 2 7 0 2 7 0 2 7 0 2 7 0 2 7 1 2 7 0 2 7 17 18 2 0 2 7 0 2 7 0 2 7 0 2 7 17 18 2 13 6 3 17 18 2 0 2 7 1 2 7 1 2 4 0 2 7 1 2 7 0 2 7 1 2 7 5 31 3 5 31 3 0 2 7 0 2 4 0 2 7 1 2 7 12 16 2 5 30 3 0 2 4 0 2 7 1 2 7 16 30 2 0 2 4 1 2 7 1 2 7 1 2 7 0 2 7 0 2 7 0 2 7 17 18 2 0 2 4 1 2 7 1 2 4 1 2 7 1 2 7 0 2 7 13 6 3 0 59.9908536672592163
12 16 2 12 16 2 1 2 7 0 2 4 0 2 7 0 2 7 17 18 2 0 2 7 0 2 7 0 2 4 0 2 4 13 6 3 17 18 2 1 2 7 0 2 4 0 2 7 5 30 3 1 2 7 0 2 7 1 2 4 17 18 2 17 9 2 6 2 7 1 2 7 13 6 3 0 2 7 0 2 4 5 30 3 0 2 4 0 2 7 1 2 7 1 2 7 17 18 2 1 2 7 0 2 7 1 2 7 1 2 7 1 2 7 0 2 7 0 2 7 0 2 7 5 31 3 0 2 4 17 18 2 1 2 7 1 2 4 13 6 3 5 30 3 0 2 4 12 16 2 1 2 7 0 2 4 12 16 2 1 2 7 0 2 7 5 31 3 0 2 7 17 18 2 0 2 7 1 2 7 0 60.1633895039558411
1 2 11 17 9 2 0 2 3 12 16 2 1 2 7 0 2 4 0 2 7 6 2 7 13 6 3 5 31 3 1 2 3 12 16 2 17 9 2 1 2 4 0 2 7 0 2 4 1 2 4 0 2 7 0 2 7 0 2 7 1 2 7 0 2 7 17 18 2 0 2 7 0 2 4 0 2 11 0 2 7 0 2 7 17 18 2 13 6 3 17 9 2 17 18 2 0 2 7 1 2 4 1 2 7 0 2 7 1 2 7 0 2 7 1 2 7 5 30 3 5 31 3 0 2 7 0 2 7 0 2 7 1 2 7 12 16 2 5 30 3 0 2 7 0 2 7 12 16 2 5 30 3 13 6 3 16 6 2 0 2 7 1 2 7 1 2 7 1 2 7 1 2 7 0 2 7 0 2 4 0 60.5093504786491394
1 2 7 1 2 3 0 2 3 12 16 2 0 2 7 0 2 7 1 2 4 0 2 3 0 2 7 13 6 3 0 2 7 1 2 7 0 2 4 12 16 2 17 9 2 0 2 7 0 2 7 1 2 7 0 2 7 1 2 7 1 2 7 1 2 7 1 2 7 5 30 3 17 18 2 0 2 7 1 2 7 0 2 7 0 2 7 0 2 7 17 1 2 5 31 3 17 9 2 0 2 4 5 30 3 0 2 7 0 2 7 0 2 7 0 2 7 1 2 7 0 2 7 0 2 7 12 16 2 0 2 7 1 2 7 5 30 3 1 2 7 0 2 7 0 2 7 5 30 3 5 30 3 1 2 7 16 30 2 8 9 2 0 2 7 13 6 3 17 18 2 0 2 7 1 2 7 17 9 2 0 60.7647464275360107
1 2 4 12 16 2 12 16 2 13 6 3 0 2 7 0 2 7 1 2 7 1 2 4 1 2 7 1 2 7 0 2 7 0 2 7 0 2 4 0 2 4 13 6 3 17 18 2 1 2 3 1 2 7 0 2 7 1 2 7 6 2 7 1 2 7 0 2 4 17 18 2 17 9 2 0 2 7 0 2 7 1 2 7 13 6 3 1 2 7 5 31 3 5 31 3 0 2 4 0 2 7 0 2 7 5 30 3 1 2 7 0 2 7 0 2 7 12 16 2 0 2 3 12 16 2 5 30 3 0 2 3 0 2 7 1 2 7 1 2 4 0 2 7 0 2 7 17 18 2 12 16 2 1 2 7 17 18 2 17 18 2 0 2 7 1 2 7 0 2 4 0 2 4 16 6 2 0 2 7 0 60.2567535042762756
5 30 3 1 2 7 1 2 7 12 16 2 1 2 3 12 16 2 0 2 3 0 2 7 0 2 7 1 2 7 1 2 7 0 2 7 0 2 7 5 30 3 1 2 3 1 2 7 0 2 7 0 2 7 1 2 7 16 15 2 0 2 7 0 2 7 1 2 3 1 2 7 17 9 2 0 2 7 0 2 7 5 30 3 0 2 7 0 2 7 8 9 2 0 2 7 17 18 2 0 2 7 0 2 7 17 18 2 0 2 7 13 6 3 0 2 7 0 2 7 0 2 7 0 2 7 13 6 3 8 18 2 5 30 3 17 18 2 1 2 7 12 16 2 1 2 4 16 30 2 5 30 3 0 2 3 1 2 3 12 16 2 0 2 4 0 2 4 0 2 3 1 2 4 1 2 4 0 2 3 2.98236452827430672e-05 61.3186734914779663
6 2 10 12 16 2 12 16 2 0 2 7 0 2 7 0 2 7 1 2 4 0 2 4 1 2 7 1 2 7 0 2 4 0 2 7 0 2 7 0 2 7 13 6 3 17 18 2 1 2 7 1 2 4 0 2 4 1 2 4 1 2 7 1 2 4 1 2 4 17 18 2 17 9 2 0 2 7 1 2 7 1 2 7 13 6 3 1 2 7 5 31 3 5 31 3 0 2 7 0 2 7 0 2 4 5 31 3 0 2 7 0 2 7 0 2 7 12 16 2 0 2 4 12 16 2 5 30 3 0 2 4 0 2 7 1 2 7 1 2 4 0 2 7 0 2 7 17 18 2 12 16 2 1 2 7 17 18 2 17 18 2 0 2 4 1 2 7 0 2 4 0 2 7 16 6 2 0 2 7 0 60.3732235431671143
5 30 3 1 2 7 12 16 2 0 2 4 17 18 2 12 16 2 1 2 7 0 2 7 1 2 7 0 2 7 12 16 2 0 2 4 5 30 3 0 2 7 0 2 7 1 2 7 0 2 7 1 2 7 0 2 7 1 2 7 0 2 7 0 2 3 17 18 2 0 2 7 0 2 7 1 2 7 17 18 2 1 2 7 5 30 3 0 2 7 1 2 11 0 2 7 0 2 7 0 2 7 13 6 3 17 18 2 1 2 4 17 9 2 13 6 3 1 2 7 12 16 2 0 2 7 1 2 7 0 2 7 1 2 7 5 30 3 0 2 7 1 2 7 0 2 7 0 2 7 5 31 3 0 2 7 8 9 2 6 2 7 0 2 7 0 2 7 13 6 3 17 18 2 1 2 7 1 2 7 0 60.5785163044929504
0 2 3 0 2 4 0 2 7 0 2 3 12 16 2 0 2 7 1 2 7 12 16 2 1 2 7 0 2 4 0 2 3 8 9 2 0 2 7 5 31 3 1 2 7 0 2 7 1 2 7 12 16 2 0 2 7 1 2 7 0 2 7 17 18 2 1 2 7 1 2 3 0 2 7 0 2 7 17 18 2 1 2 7 0 2 7 1 2 7 0 2 3 1 2 4 0 2 7 0 2 7 0 2 7 1 2 3 13 6 3 1 2 7 17 18 2 0 2 7 0 2 7 5 31 3 0 2 7 16 6 2 16 6 2 1 2 4 5 31 3 5 30 3 1 2 7 0 2 7 16 30 2 0 2 4 1 2 7 1 2 7 0 2 7 1 2 7 17 9 2 0 2 11 1 2 7 0 2 7 0 60.8288677930831909

Current Evaluation = 12600(12600)
Front Size = 10
1 2 4 0 2 7 1 2 7 0 2 7 12 16 2 0 2 7 1 2 7 12 16 2 1 2 7 0 2 7 1 2 7 17 9 2 0 2 7 0 2 7 0 2 7 0 2 7 1 2 7 5 31 3 12 16 2 0 2 7 1 2 7 0 2 7 17 18 2 0 2 7 12 16 2 0 2 7 1 2 7 17 18 2 1 2 7 0 2 7 0 2 7 1 2 4 0 2 7 0 2 7 1 2 7 1 2 7 0 2 7 13 6 3 0 2 7 13 6 3 0 2 7 5 31 3 1 2 7 17 18 2 5 31 3 1 2 7 1 2 7 1 2 7 0 2 7 16 6 2 0 2 7 1 2 7 17 9 2 0 2 7 1 2 7 17 9 2 0 2 4 0 2 7 1 2 7 13 6 3 0 59.7211945056915283
12 16 2 12 16 2 1 2 7 1 2 7 0 2 7 0 2 7 1 2 7 0 2 7 0 2 7 0 2 7 13 6 3 17 18 2 0 2 4 1 2 7 1 2 7 17 18 2 17 9 2 0 2 7 1 2 7 1 2 7 13 6 3 1 2 7 5 31 3 0 2 4 0 2 7 0 2 7 0 2 7 1 2 7 0 2 7 12 16 2 0 2 7 5 31 3 0 2 7 0 2 7 0 2 7 17 18 2 1 2 7 17 18 2 17 18 2 0 2 7 16 6 2 1 2 7 1 2 7 0 2 7 5 31 3 13 6 3 1 2 7 1 2 7 1 2 7 1 2 7 0 2 7 1 2 7 12 16 2 0 2 7 0 2 7 0 2 7 1 2 7 0 2 7 0 2 4 1 2 7 0 59.7211945056915283
1 2 7 1 2 3 0 2 3 12 16 2 0 2 7 0 2 7 1 2 4 0 2 3 0 2 7 13 6 3 0 2 7 1 2 7 0 2 4 12 16 2 17 9 2 0 2 7 0 2 7 1 2 7 0 2 7 1 2 7 1 2 7 1 2 7 1 2 7 5 30 3 17 18 2 0 2 7 1 2 7 0 2 7 0 2 7 0 2 7 17 1 2 5 31 3 17 9 2 0 2 4 5 30 3 0 2 7 0 2 7 0 2 7 0 2 7 1 2 7 0 2 7 0 2 7 12 16 2 0 2 7 1 2 7 5 30 3 1 2 7 0 2 7 0 2 7 5 30 3 5 30 3 1 2 7 16 30 2 8 9 2 0 2 7 13 6 3 17 18 2 0 2 7 1 2 7 17 9 2 0 60.7647464275360107
6 2 10 12 16 2 12 16 2 0 2 7 0 2 7 0 2 7 1 2 4 0 2 4 1 2 7 1 2 7 0 2 4 0 2 7 0 2 7 0 2 7 13 6 3 17 18 2 1 2 7 1 2 4 0 2 4 1 2 4 1 2 7 1 2 4 1 2 4 17 18 2 17 9 2 0 2 7 1 2 7 1 2 7 13 6 3 1 2 7 5 31 3 5 31 3 0 2 7 0 2 7 0 2 4 5 31 3 0 2 7 0 2 7 0 2 7 12 16 2 0 2 4 12 16 2 5 30 3 0 2 4 0 2 7 1 2 7 1 2 4 0 2 7 0 2 7 17 18 2 12 16 2 1 2 7 17 18 2 17 18 2 0 2 4 1 2 7 0 2 4 0 2 7 16 6 2 0 2 7 0 60.3732235431671143
1 2 11 17 9 2 0 2 3 12 16 2 1 2 7 0 2 4 0 2 7 6 2 7 13 6 3 5 31 3 1 2 3 12 16 2 17 9 2 1 2 4 0 2 7 0 2 4 1 2 4 0 2 7 0 2 7 0 2 7 1 2 7 0 2 7 17 18 2 0 2 7 0 2 4 0 2 11 0 2 7 0 2 7 17 18 2 13 6 3 17 9 2 17 18 2 0 2 7 1 2 4 1 2 7 0 2 7 1 2 7 0 2 7 1 2 7 5 30 3 5 31 3 0 2 7 0 2 7 0 2 7 1 2 7 12 16 2 5 30 3 0 2 7 0 2 7 12 16 2 5 30 3 13 6 3 16 6 2 0 2 7 1 2 7 1 2 7 1 2 7 1 2 7 0 2 7 0 2 4 0 60.5093504786491394
17 9 2 12 16 2 1 2 7 1 2 7 0 2 7 1 2 4 5 31 3 12 16 2 1 2 7 0 2 7 0 2 7 0 2 7 0 2 7 0 2 7 1 2 4 0 2 7 17 18 2 0 2 7 0 2 7 0 2 7 0 2 7 17 18 2 13 6 3 17 18 2 0 2 7 1 2 7 0 2 7 1 2 7 0 2 7 1 2 7 5 31 3 0 2 7 0 2 7 1 2 7 12 16 2 5 30 3 0 2 4 1 2 7 1 2 7 1 2 7 1 2 7 17 18 2 1 2 7 13 6 3 1 2 7 17 18 2 0 2 4 1 2 7 0 2 7 13 6 3 0 2 7 0 2 4 0 2 7 1 2 7 0 2 7 1 2 4 5 30 3 17 18 2 0 2 7 1 2 4 0 59.7875515222549438
1 2 4 12 16 2 12 16 2 13 6 3 0 2 7 0 2 7 1 2 7 0 2 7 1 2 3 0 2 3 1 2 4 0 2 7 0 2 7 13 6 3 17 18 2 1 2 7 1 2 7 0 2 7 1 2 4 1 2 7 17 18 2 17 9 2 0 2 7 0 2 7 1 2 4 13 6 3 0 2 7 5 31 3 5 30 3 0 2 7 1 2 4 0 2 7 0 2 7 0 2 7 0 2 7 12 16 2 1 2 7 5 31 3 0 2 7 0 2 7 0 2 7 1 2 7 17 18 2 1 2 7 17 18 2 17 18 2 0 2 7 1 2 7 16 6 2 1 2 7 1 2 7 1 2 7 0 2 7 0 2 3 1 2 7 0 2 7 1 2 7 12 16 2 0 2 3 0 2 7 0 59.9809155464172363
12 16 2 12 16 2 1 2 7 0 2 4 0 2 7 0 2 7 17 18 2 0 2 7 0 2 7 0 2 4 0 2 4 13 6 3 17 18 2 1 2 7 0 2 4 0 2 7 5 30 3 1 2 7 0 2 7 1 2 4 17 18 2 17 9 2 6 2 7 1 2 7 13 6 3 0 2 7 0 2 4 5 30 3 0 2 4 0 2 7 1 2 7 1 2 7 17 18 2 1 2 7 0 2 7 1 2 7 1 2 7 1 2 7 0 2 7 0 2 7 0 2 7 5 31 3 0 2 4 17 18 2 1 2 7 1 2 4 13 6 3 5 30 3 0 2 4 12 16 2 1 2 7 0 2 4 12 16 2 1 2 7 0 2 7 5 31 3 0 2 7 17 18 2 0 2 7 1 2 7 0 60.1633895039558411
12 16 2 12 16 2 0 2 7 0 2 7 0 2 7 1 2 4 0 2 4 1 2 7 1 2 4 0 2 7 0 2 7 0 2 4 0 2 7 13 6 3 17 18 2 1 2 7 1 2 7 1 2 7 1 2 4 1 2 7 17 18 2 17 9 2 0 2 7 1 2 7 1 2 3 13 6 3 1 2 7 5 30 3 5 31 3 0 2 7 0 2 4 0 2 7 0 2 7 1 2 7 0 2 3 12 16 2 0 2 7 12 16 2 5 31 3 0 2 4 0 2 7 6 2 3 0 2 7 0 2 7 17 18 2 12 16 2 1 2 7 17 18 2 17 18 2 1 2 7 0 2 4 16 6 2 1 2 7 1 2 7 0 2 7 5 30 3 13 6 3 0 2 4 0 2 7 0 2 7 0 60.2567534446716309
12 16 2 12 16 2 0 2 7 0 2 4 0 2 4 1 2 7 0 2 7 0 2 7 1 2 7 0 2 7 0 2 7 0 2 7 13 6 3 17 18 2 0 2 4 0 2 7 1 2 7 1 2 7 17 18 2 17 9 2 0 2 7 1 2 7 1 2 7 13 6 3 1 2 4 5 31 3 0 2 7 0 2 7 0 2 7 0 2 7 1 2 4 0 2 7 12 16 2 0 2 7 5 30 3 0 2 3 0 2 7 0 2 7 17 18 2 1 2 7 17 18 2 17 18 2 1 2 7 16 6 2 1 2 7 1 2 7 0 2 7 5 31 3 13 6 3 0 2 7 1 2 7 1 2 7 1 2 3 1 2 3 0 2 7 1 2 7 1 2 3 12 16 2 0 2 7 1 2 7 0 59.9809155464172363

Current Evaluation = 13500(13500)
Front Size = 10
12 16 2 12 16 2 1 2 7 1 2 7 0 2 7 0 2 7 1 2 7 0 2 7 0 2 7 0 2 7 13 6 3 17 18 2 1 2 7 1 2 7 17 18 2 17 9 2 0 2 7 1 2 7 1 2 7 13 6 3 1 2 7 5 31 3 0 2 7 0 2 7 0 2 7 1 2 7 0 2 7 12 16 2 0 2 7 5 31 3 0 2 7 0 2 7 0 2 7 17 18 2 1 2 7 17 18 2 17 18 2 0 2 7 1 2 7 1 2 7 0 2 7 13 6 3 1 2 7 1 2 7 1 2 7 0 2 7 0 2 7 0 2 7 0 2 7 0 2 7 16 6 2 5 31 3 1 2 7 0 2 4 1 2 4 0 2 4 0 2 7 12 16 2 1 2 7 1 2 7 0 59.7211945056915283
1 2 4 12 16 2 12 16 2 13 6 3 0 2 7 0 2 7 1 2 7 0 2 7 1 2 3 0 2 3 1 2 4 0 2 7 0 2 7 13 6 3 17 18 2 1 2 7 1 2 7 0 2 7 1 2 4 1 2 7 17 18 2 17 9 2 0 2 7 0 2 7 1 2 4 13 6 3 0 2 7 5 31 3 5 30 3 0 2 7 1 2 4 0 2 7 0 2 7 0 2 7 0 2 7 12 16 2 1 2 7 5 31 3 0 2 7 0 2 7 0 2 7 1 2 7 17 18 2 1 2 7 17 18 2 17 18 2 0 2 7 1 2 7 16 6 2 1 2 7 1 2 7 1 2 7 0 2 7 0 2 3 1 2 7 0 2 7 1 2 7 12 16 2 0 2 3 0 2 7 0 59.9809155464172363
17 9 2 12 16 2 1 2 7 1 2 7 0 2 7 1 2 4 5 31 3 12 16 2 1 2 7 0 2 7 0 2 7 0 2 7 0 2 7 0 2 7 1 2 4 0 2 7 17 18 2 0 2 7 0 2 7 0 2 7 0 2 7 17 18 2 13 6 3 17 18 2 0 2 7 1 2 7 0 2 7 1 2 7 0 2 7 1 2 7 5 31 3 0 2 7 0 2 7 1 2 7 12 16 2 5 30 3 0 2 4 1 2 7 1 2 7 1 2 7 1 2 7 17 18 2 1 2 7 13 6 3 1 2 7 17 18 2 0 2 4 1 2 7 0 2 7 13 6 3 0 2 7 0 2 4 0 2 7 1 2 7 0 2 7 1 2 4 5 30 3 17 18 2 0 2 7 1 2 4 0 59.7875515222549438
12 16 2 12 16 2 1 2 7 1 2 7 0 2 7 0 2 7 1 2 7 0 2 7 0 2 7 0 2 4 13 6 3 17 18 2 1 2 7 1 2 7 17 18 2 17 9 2 0 2 7 1 2 7 1 2 7 13 6 3 1 2 3 5 31 3 0 2 7 0 2 7 0 2 7 1 2 7 0 2 7 12 16 2 0 2 7 5 31 3 0 2 4 0 2 7 0 2 7 17 18 2 1 2 7 17 18 2 17 18 2 0 2 7 1 2 3 1 2 7 13 6 3 1 2 7 1 2 7 0 2 4 1 2 7 0 2 7 12 16 2 0 2 7 1 2 7 0 2 7 0 2 3 5 30 3 0 2 3 1 2 4 16 6 2 0 2 7 1 2 7 0 2 7 1 2 7 0 2 4 0 59.9809155464172363
12 16 2 12 16 2 1 2 7 0 2 4 0 2 7 0 2 7 17 18 2 0 2 7 0 2 7 0 2 4 0 2 4 13 6 3 17 18 2 1 2 7 0 2 4 0 2 7 5 30 3 1 2 7 0 2 7 1 2 4 17 18 2 17 9 2 6 2 7 1 2 7 13 6 3 0 2 7 0 2 7 1 2 7 1 2 7 17 18 2 1 2 7 0 2 7 1 2 7 1 2 7 1 2 7 0 2 7 0 2 7 0 2 7 5 31 3 17 18 2 1 2 7 1 2 4 13 6 3 12 16 2 1 2 7 12 16 2 1 2 7 0 2 7 5 31 3 0 2 7 0 2 7 5 31 3 0 2 7 0 2 7 0 2 4 12 16 2 0 2 7 0 2 7 16 6 2 1 2 7 0 60.0970324873924255
1 2 11 17 9 2 0 2 3 12 16 2 1 2 7 0 2 4 0 2 7 6 2 7 13 6 3 5 31 3 1 2 3 12 16 2 17 9 2 1 2 4 0 2 7 0 2 4 1 2 4 0 2 7 0 2 7 0 2 7 1 2 7 0 2 7 17 18 2 0 2 7 0 2 4 0 2 11 0 2 7 0 2 7 17 18 2 13 6 3 17 9 2 17 18 2 0 2 7 1 2 4 1 2 7 0 2 7 1 2 7 0 2 7 1 2 7 5 30 3 5 31 3 0 2 7 0 2 7 0 2 7 1 2 7 12 16 2 5 30 3 0 2 7 0 2 7 12 16 2 5 30 3 13 6 3 16 6 2 0 2 7 1 2 7 1 2 7 1 2 7 1 2 7 0 2 7 0 2 4 0 60.5093504786491394
1 2 7 1 2 3 0 2 3 12 16 2 0 2 7 0 2 7 1 2 4 0 2 3 0 2 7 13 6 3 0 2 7 1 2 7 0 2 4 12 16 2 17 9 2 0 2 7 0 2 7 1 2 7 0 2 7 1 2 7 1 2 7 1 2 7 1 2 7 5 30 3 17 18 2 0 2 7 1 2 7 0 2 7 0 2 7 0 2 7 17 1 2 5 31 3 17 9 2 0 2 4 5 30 3 0 2 7 0 2 7 0 2 7 0 2 7 1 2 7 0 2 7 0 2 7 12 16 2 0 2 7 1 2 7 5 30 3 1 2 7 0 2 7 0 2 7 5 30 3 5 30 3 1 2 7 16 30 2 8 9 2 0 2 7 13 6 3 17 18 2 0 2 7 1 2 7 17 9 2 0 60.7647464275360107
17 9 2 12 16 2 1 2 7 0 2 7 0 2 7 1 2 7 13 6 3 5 30 3 12 16 2 0 2 7 0 2 7 0 2 7 1 2 7 17 18 2 0 2 7 0 2 7 1 2 4 0 2 7 17 18 2 0 2 4 0 2 4 1 2 4 0 2 7 17 18 2 13 6 3 17 18 2 1 2 4 1 2 4 0 2 7 1 2 7 0 2 7 1 2 4 5 30 3 5 31 3 0 2 4 0 2 7 0 2 7 0 2 7 12 16 2 5 30 3 12 16 2 5 31 3 13 6 3 1 2 4 6 2 4 1 2 7 1 2 7 0 2 7 1 2 4 0 2 7 0 2 7 17 9 2 1 2 7 17 9 2 1 2 7 0 2 7 0 2 7 0 2 7 1 2 7 0 2 7 0 60.1633895039558411
12 16 2 12 16 2 1 2 7 0 2 4 0 2 7 0 2 7 17 18 2 0 2 7 0 2 7 0 2 4 0 2 4 13 6 3 17 18 2 1 2 7 0 2 4 0 2 7 5 30 3 1 2 7 0 2 7 1 2 4 17 18 2 17 9 2 6 2 7 1 2 7 13 6 3 0 2 7 0 2 4 5 30 3 0 2 4 0 2 7 1 2 7 1 2 7 17 18 2 1 2 7 0 2 7 1 2 7 1 2 7 1 2 7 0 2 7 0 2 7 0 2 7 5 31 3 0 2 4 17 18 2 1 2 7 1 2 4 13 6 3 5 30 3 0 2 4 12 16 2 1 2 7 0 2 4 12 16 2 1 2 7 0 2 7 5 31 3 0 2 7 17 18 2 0 2 7 1 2 7 0 60.1633895039558411
1 2 7 12 16 2 12 16 2 13 6 3 0 2 7 1 2 7 1 2 7 0 2 7 1 2 7 0 2 7 0 2 7 13 6 3 17 18 2 1 2 7 1 2 7 0 2 7 1 2 4 1 2 7 17 18 2 17 9 2 0 2 7 0 2 7 1 2 4 13 6 3 0 2 7 5 31 3 5 30 3 0 2 7 1 2 4 0 2 7 1 2 7 0 2 7 0 2 7 12 16 2 1 2 4 5 31 3 0 2 7 0 2 7 0 2 7 1 2 7 17 18 2 1 2 7 17 18 2 0 2 7 1 2 7 1 2 7 0 2 7 0 2 7 12 16 2 0 2 7 1 2 7 0 2 3 0 2 4 16 30 2 5 30 3 17 9 2 0 2 3 1 2 7 0 2 7 0 2 4 0 59.9867335557937622

Current Evaluation = 14400(14400)
Front Size = 10
12 16 2 12 16 2 0 2 7 0 2 7 0 2 7 0 2 7 1 2 7 1 2 7 0 2 7 0 2 7 13 6 3 17 18 2 1 2 7 1 2 7 17 18 2 17 9 2 0 2 7 1 2 7 1 2 7 13 6 3 1 2 7 5 31 3 1 2 7 0 2 7 0 2 7 1 2 7 0 2 7 12 16 2 0 2 7 5 31 3 0 2 7 0 2 7 0 2 7 17 18 2 1 2 7 17 18 2 1 2 7 0 2 7 0 2 7 13 6 3 1 2 4 1 2 7 0 2 7 16 6 2 0 2 7 12 16 2 0 2 7 1 2 7 0 2 4 0 2 7 17 18 2 0 2 4 1 2 7 0 2 7 1 2 7 1 2 7 1 2 7 0 2 7 5 31 3 1 2 7 0 59.7211945056915283
1 2 11 17 9 2 0 2 3 12 16 2 1 2 7 0 2 4 0 2 7 6 2 7 13 6 3 5 31 3 1 2 3 12 16 2 17 9 2 1 2 4 0 2 7 0 2 4 1 2 4 0 2 7 0 2 7 0 2 7 1 2 7 0 2 7 17 18 2 0 2 7 0 2 4 0 2 11 0 2 7 0 2 7 17 18 2 13 6 3 17 9 2 17 18 2 0 2 7 1 2 4 1 2 7 0 2 7 1 2 7 0 2 7 1 2 7 5 30 3 5 31 3 0 2 7 0 2 7 0 2 7 1 2 7 12 16 2 5 30 3 0 2 7 0 2 7 12 16 2 5 30 3 13 6 3 16 6 2 0 2 7 1 2 7 1 2 7 1 2 7 1 2 7 0 2 7 0 2 4 0 60.5093504786491394
12 16 2 12 16 2 1 2 7 0 2 4 0 2 7 0 2 7 17 18 2 0 2 7 0 2 7 0 2 4 0 2 4 13 6 3 17 18 2 1 2 7 0 2 4 0 2 7 5 30 3 1 2 7 0 2 7 1 2 4 17 18 2 17 9 2 6 2 7 1 2 7 13 6 3 0 2 7 0 2 4 5 30 3 0 2 4 0 2 7 1 2 7 1 2 7 17 18 2 1 2 7 0 2 7 1 2 7 1 2 7 1 2 7 0 2 7 0 2 7 0 2 7 5 31 3 0 2 4 17 18 2 1 2 7 1 2 4 13 6 3 5 30 3 0 2 4 12 16 2 1 2 7 0 2 4 12 16 2 1 2 7 0 2 7 5 31 3 0 2 7 17 18 2 0 2 7 1 2 7 0 60.1633895039558411
12 16 2 12 16 2 1 2 4 1 2 7 0 2 7 0 2 7 1 2 7 0 2 7 0 2 7 0 2 7 13 6 3 17 18 2 1 2 7 1 2 7 17 18 2 17 9 2 0 2 7 1 2 7 1 2 4 13 6 3 5 31 3 0 2 7 0 2 7 0 2 7 0 2 3 12 16 2 0 2 7 5 31 3 0 2 7 0 2 7 0 2 7 17 18 2 1 2 7 17 18 2 0 2 7 1 2 7 13 6 3 1 2 7 0 2 7 1 2 3 0 2 7 12 16 2 0 2 7 1 2 7 0 2 7 0 2 7 5 30 3 0 2 7 0 2 3 1 2 7 1 2 7 17 9 2 16 6 2 1 2 4 0 2 7 0 2 7 1 2 3 1 2 7 1 2 4 1 2 4 0 59.9809155464172363
12 16 2 12 16 2 1 2 4 1 2 7 0 2 7 0 2 7 1 2 7 0 2 7 0 2 4 0 2 4 13 6 3 17 18 2 1 2 7 1 2 7 17 18 2 17 9 2 0 2 7 1 2 7 1 2 4 13 6 3 5 31 3 0 2 7 0 2 7 0 2 7 1 2 4 0 2 4 12 16 2 0 2 7 5 31 3 0 2 7 0 2 7 0 2 7 17 18 2 1 2 7 17 18 2 0 2 7 1 2 7 13 6 3 1 2 7 0 2 7 1 2 7 0 2 7 0 2 7 1 2 7 0 2 7 0 2 7 5 30 3 0 2 7 1 2 4 0 2 7 0 2 7 1 2 7 17 18 2 1 2 7 5 30 3 12 16 2 0 2 4 1 2 7 1 2 4 1 2 4 8.47645964195569476e-05 59.9779025316238403
17 9 2 12 16 2 1 2 7 1 2 7 0 2 7 1 2 4 5 31 3 12 16 2 1 2 7 0 2 7 0 2 7 0 2 7 0 2 7 0 2 7 1 2 4 0 2 7 17 18 2 0 2 7 0 2 7 0 2 7 0 2 7 17 18 2 13 6 3 17 18 2 0 2 7 1 2 7 0 2 7 1 2 7 0 2 7 1 2 7 5 31 3 0 2 7 0 2 7 1 2 7 12 16 2 5 30 3 0 2 4 1 2 7 1 2 7 1 2 7 1 2 7 17 18 2 1 2 7 13 6 3 1 2 7 17 18 2 0 2 4 1 2 7 0 2 7 13 6 3 0 2 7 0 2 4 0 2 7 1 2 7 0 2 7 1 2 4 5 30 3 17 18 2 0 2 7 1 2 4 0 59.7875515222549438
12 16 2 12 16 2 0 2 7 0 2 7 0 2 7 1 2 7 0 2 7 0 2 7 0 2 7 13 6 3 17 18 2 1 2 7 1 2 7 17 18 2 17 9 2 0 2 7 1 2 4 1 2 7 13 6 3 1 2 7 5 31 3 6 2 7 0 2 7 0 2 7 1 2 7 0 2 7 12 16 2 0 2 7 5 31 3 0 2 7 0 2 7 0 2 7 17 18 2 1 2 4 17 18 2 17 18 2 0 2 7 1 2 7 1 2 7 0 2 7 13 6 3 1 2 7 1 2 7 0 2 7 1 2 7 16 6 2 0 2 7 1 2 4 0 2 7 12 16 2 0 2 7 0 2 7 0 2 7 1 2 7 5 31 3 5 30 3 0 2 7 1 2 4 0 2 7 1 2 7 0 59.938682496547699
17 9 2 12 16 2 1 2 7 1 2 7 0 2 7 1 2 4 5 31 3 12 16 2 1 2 7 0 2 7 0 2 7 0 2 7 0 2 7 0 2 7 1 2 7 0 2 7 17 18 2 0 2 7 0 2 7 0 2 7 17 18 2 13 6 3 17 18 2 6 2 7 0 2 4 1 2 7 0 2 7 1 2 7 5 31 3 1 2 7 12 16 2 12 16 2 0 2 7 1 2 7 1 2 7 1 2 7 17 18 2 1 2 7 13 6 3 0 2 7 0 2 7 1 2 7 0 2 7 13 6 3 0 2 7 0 2 7 0 2 7 1 2 7 0 2 4 0 2 7 1 2 7 16 6 2 0 2 7 5 31 3 1 2 7 0 2 7 1 2 4 0 2 7 5 30 3 17 9 2 0 59.938682496547699
12 16 2 12 16 2 1 2 3 0 2 7 1 2 4 0 2 7 17 18 2 1 2 7 0 2 7 0 2 7 0 2 7 13 6 3 16 6 2 1 2 7 1 2 7 1 2 3 1 2 7 0 2 7 1 2 7 17 18 2 17 9 2 1 2 7 13 6 3 0 2 7 5 30 3 0 2 7 1 2 7 0 2 7 17 18 2 0 2 3 0 2 7 1 2 7 1 2 7 0 2 7 0 2 7 0 2 4 0 2 7 5 31 3 17 18 2 1 2 7 1 2 4 13 6 3 12 16 2 1 2 7 0 2 4 1 2 7 5 31 3 1 2 7 17 18 2 0 2 7 0 2 4 1 2 7 0 2 7 1 2 3 0 2 7 0 2 7 0 2 7 0 2 7 0 2 7 12 16 2 0 59.9809155464172363
17 9 2 12 16 2 1 2 7 1 2 7 0 2 7 1 2 4 5 31 3 12 16 2 1 2 7 0 2 7 0 2 7 0 2 7 0 2 7 0 2 7 1 2 7 0 2 7 17 18 2 0 2 7 0 2 7 0 2 7 0 2 3 17 18 2 13 6 3 17 18 2 0 2 3 1 2 7 0 2 4 1 2 7 0 2 7 1 2 7 5 31 3 1 2 7 1 2 3 0 2 3 12 16 2 12 16 2 0 2 7 1 2 7 1 2 7 1 2 7 1 2 4 17 18 2 1 2 7 13 6 3 0 2 7 0 2 7 1 2 7 0 2 7 13 6 3 0 2 7 0 2 7 0 2 7 1 2 4 5 30 3 1 2 7 0 2 4 0 2 7 1 2 7 16 6 2 17 9 2 0 59.9809155464172363

Current Evaluation = 15300(15300)
Front Size = 10
17 9 2 12 16 2 1 2 7 1 2 7 0 2 7 1 2 7 5 31 3 12 16 2 1 2 7 1 2 7 0 2 7 0 2 7 0 2 7 0 2 7 1 2 7 0 2 4 17 18 2 0 2 7 0 2 7 0 2 7 17 18 2 13 6 3 17 18 2 1 2 7 0 2 7 1 2 7 5 31 3 1 2 7 12 16 2 12 16 2 0 2 7 1 2 7 1 2 7 1 2 7 17 18 2 1 2 7 13 6 3 0 2 7 0 2 7 1 2 7 0 2 7 13 6 3 0 2 7 0 2 4 0 2 7 1 2 7 0 2 7 16 6 2 0 2 7 5 31 3 0 2 7 1 2 7 0 2 7 0 2 7 1 2 7 0 2 7 1 2 7 0 2 7 1 2 4 17 18 2 0 59.7211945056915283
17 9 2 12 16 2 1 2 7 1 2 7 0 2 7 1 2 4 5 31 3 12 16 2 1 2 7 0 2 7 0 2 7 0 2 7 0 2 7 0 2 7 1 2 4 0 2 7 17 18 2 0 2 7 0 2 7 0 2 7 0 2 7 17 18 2 13 6 3 17 18 2 0 2 7 1 2 7 0 2 7 1 2 7 0 2 7 1 2 7 5 31 3 0 2 7 0 2 7 1 2 7 12 16 2 5 30 3 0 2 4 1 2 7 1 2 7 1 2 7 1 2 7 17 18 2 1 2 7 13 6 3 1 2 7 17 18 2 0 2 4 1 2 7 0 2 7 13 6 3 0 2 7 0 2 4 0 2 7 1 2 7 0 2 7 1 2 4 5 30 3 17 18 2 0 2 7 1 2 4 0 59.7875515222549438
17 9 2 0 2 7 12 16 2 0 2 7 1 2 7 13 6 3 5 30 3 0 2 7 12 16 2 8 9 2 0 2 7 0 2 7 1 2 7 0 2 7 0 2 4 0 2 7 0 2 7 0 2 7 17 18 2 1 2 4 1 2 7 0 2 7 17 18 2 13 6 3 17 18 2 0 2 7 1 2 7 1 2 7 0 2 7 0 2 7 1 2 7 1 2 7 5 30 3 5 30 3 0 2 7 1 2 7 0 2 4 1 2 7 12 16 2 1 2 4 1 2 7 12 16 2 13 6 3 16 15 2 0 2 7 5 30 3 0 2 7 17 9 2 0 2 7 0 2 7 1 2 7 0 2 7 0 2 7 0 2 7 1 2 7 0 2 7 17 9 2 5 30 3 8 18 2 1 2 3 0 60.4130972623825073
12 16 2 12 16 2 1 2 7 1 2 7 0 2 7 0 2 7 1 2 7 0 2 7 1 2 7 0 2 7 13 6 3 17 18 2 1 2 7 1 2 7 17 18 2 17 9 2 0 2 7 1 2 4 1 2 4 13 6 3 5 31 3 0 2 7 0 2 7 0 2 7 5 31 3 0 2 4 5 31 3 0 2 7 0 2 7 1 2 7 17 18 2 1 2 7 17 18 2 0 2 7 1 2 7 13 6 3 1 2 7 0 2 4 0 2 7 12 16 2 0 2 7 1 2 7 0 2 7 0 2 7 5 30 3 0 2 7 1 2 7 0 2 7 17 9 2 17 9 2 1 2 7 0 2 7 1 2 7 1 2 7 0 2 7 1 2 4 0 2 7 0 2 7 1 2 7 0 2 7 0 59.9278305768966675
12 16 2 12 16 2 1 2 4 1 2 7 0 2 7 0 2 7 1 2 7 0 2 7 0 2 7 0 2 7 13 6 3 17 18 2 1 2 7 1 2 7 17 18 2 17 9 2 0 2 7 1 2 7 1 2 4 13 6 3 5 31 3 0 2 7 0 2 7 0 2 7 0 2 3 12 16 2 0 2 7 5 31 3 0 2 7 0 2 7 0 2 7 17 18 2 1 2 7 17 18 2 0 2 7 1 2 7 13 6 3 1 2 7 0 2 7 1 2 3 0 2 7 12 16 2 0 2 7 1 2 7 0 2 7 0 2 7 5 30 3 0 2 7 0 2 3 1 2 7 1 2 7 17 9 2 16 6 2 1 2 4 0 2 7 0 2 7 1 2 3 1 2 7 1 2 4 1 2 4 0 59.9809155464172363
12 16 2 12 16 2 1 2 7 0 2 4 0 2 7 0 2 7 17 18 2 0 2 7 0 2 7 0 2 4 0 2 4 13 6 3 17 18 2 1 2 7 0 2 4 0 2 7 5 30 3 1 2 7 0 2 7 1 2 4 17 18 2 17 9 2 6 2 7 1 2 7 13 6 3 0 2 7 0 2 4 5 30 3 0 2 4 0 2 7 1 2 7 1 2 7 17 18 2 1 2 7 0 2 7 1 2 7 1 2 7 1 2 7 0 2 7 0 2 7 0 2 7 5 31 3 0 2 4 17 18 2 1 2 7 1 2 4 13 6 3 5 30 3 0 2 4 12 16 2 1 2 7 0 2 4 12 16 2 1 2 7 0 2 7 5 31 3 0 2 7 17 18 2 0 2 7 1 2 7 0 60.1633895039558411
17 9 2 12 16 2 1 2 7 1 2 7 0 2 7 1 2 4 5 31 3 12 16 2 1 2 7 0 2 7 0 2 7 0 2 7 0 2 7 0 2 7 1 2 7 0 2 7 17 18 2 0 2 7 0 2 7 0 2 7 17 18 2 13 6 3 17 18 2 6 2 7 1 2 7 0 2 7 1 2 7 5 31 3 1 2 7 12 16 2 12 16 2 0 2 7 1 2 7 1 2 7 1 2 7 17 18 2 1 2 7 13 6 3 0 2 7 0 2 7 1 2 7 0 2 7 13 6 3 0 2 7 0 2 7 0 2 7 1 2 7 0 2 7 16 6 2 0 2 7 5 31 3 0 2 7 1 2 7 0 2 7 5 30 3 0 2 4 0 2 7 1 2 4 1 2 4 17 9 2 0 59.938682496547699
17 9 2 12 16 2 1 2 7 1 2 7 0 2 4 1 2 7 5 31 3 12 16 2 1 2 7 0 2 4 0 2 7 0 2 7 0 2 7 6 2 7 0 2 7 0 2 7 17 18 2 0 2 7 0 2 7 0 2 7 0 2 7 17 18 2 13 6 3 17 18 2 0 2 7 1 2 7 0 2 7 1 2 7 0 2 7 1 2 7 5 31 3 0 2 7 0 2 7 1 2 7 12 16 2 5 30 3 1 2 7 1 2 7 1 2 7 1 2 4 5 31 3 17 18 2 1 2 7 13 6 3 1 2 7 17 18 2 0 2 7 1 2 7 1 2 7 13 6 3 0 2 7 0 2 7 1 2 7 0 2 7 12 16 2 0 2 7 0 2 7 16 6 2 0 2 4 0 2 7 0 59.938682496547699
17 9 2 0 2 7 1 2 7 1 2 7 0 2 7 0 2 7 5 30 3 6 2 11 1 2 7 0 2 7 0 2 7 1 2 7 0 2 7 0 2 11 1 2 7 0 2 7 0 2 7 0 2 4 1 2 7 0 2 7 17 9 2 13 6 3 17 18 2 0 2 3 0 2 3 0 2 7 1 2 7 5 30 3 5 31 3 12 16 2 12 16 2 0 2 7 0 2 7 0 2 7 1 2 7 17 18 2 0 2 7 13 6 3 0 2 7 1 2 7 0 2 7 0 2 7 1 2 7 0 2 7 1 2 7 1 2 7 1 2 3 1 2 7 16 6 2 1 2 7 0 2 7 0 2 7 5 31 3 0 2 7 1 2 7 1 2 7 17 9 2 0 2 7 16 30 2 5 31 3 0 60.5159527063369751
12 16 2 12 16 2 0 2 7 1 2 7 0 2 7 0 2 7 1 2 4 0 2 4 0 2 7 0 2 7 13 6 3 17 18 2 1 2 4 1 2 7 17 18 2 17 9 2 0 2 3 1 2 7 13 6 3 5 31 3 0 2 4 0 2 7 0 2 7 0 2 7 12 16 2 1 2 7 5 31 3 0 2 3 0 2 7 0 2 7 17 18 2 1 2 7 17 18 2 0 2 7 1 2 7 13 6 3 1 2 7 1 2 7 1 2 3 0 2 7 12 16 2 0 2 7 1 2 7 0 2 7 5 30 3 0 2 7 1 2 7 1 2 7 16 6 2 1 2 7 1 2 7 1 2 7 1 2 7 0 2 7 17 9 2 0 2 4 0 2 7 0 2 7 1 2 7 0 2 3 0 59.9809155464172363

Current Evaluation = 16200(16200)
Front Size = 10
17 9 2 12 16 2 1 2 7 1 2 7 0 2 7 5 31 3 12 16 2 1 2 7 0 2 7 0 2 4 0 2 7 0 2 7 0 2 7 1 2 4 0 2 7 17 18 2 1 2 7 0 2 7 0 2 7 17 18 2 13 6 3 17 18 2 0 2 7 0 2 7 1 2 7 5 31 3 1 2 7 12 16 2 12 16 2 0 2 7 1 2 7 1 2 7 1 2 7 17 18 2 1 2 7 13 6 3 0 2 7 0 2 7 1 2 7 0 2 7 13 6 3 0 2 7 0 2 7 0 2 7 1 2 7 0 2 7 16 6 2 0 2 7 5 31 3 1 2 7 1 2 7 1 2 7 0 2 7 1 2 7 1 2 7 17 9 2 0 2 7 0 2 7 1 2 4 0 2 7 0 59.7211945056915283
17 9 2 12 16 2 1 2 7 1 2 7 0 2 4 5 31 3 12 16 2 1 2 7 0 2 7 0 2 7 0 2 7 0 2 7 0 2 7 1 2 7 0 2 7 17 18 2 0 2 7 0 2 7 0 2 7 17 18 2 13 6 3 17 18 2 0 2 7 0 2 7 1 2 7 5 31 3 1 2 7 12 16 2 12 16 2 0 2 7 1 2 7 1 2 7 1 2 7 17 18 2 1 2 7 13 6 3 0 2 7 0 2 7 1 2 7 0 2 7 13 6 3 0 2 7 0 2 7 0 2 7 1 2 7 0 2 7 16 6 2 0 2 7 5 31 3 1 2 7 0 2 7 1 2 7 0 2 4 1 2 7 1 2 7 0 2 7 1 2 7 1 2 4 1 2 7 17 18 2 0 59.7211945056915283
12 16 2 12 16 2 1 2 7 0 2 7 0 2 7 17 18 2 0 2 4 0 2 7 13 6 3 17 18 2 1 2 7 0 2 7 1 2 7 0 2 7 1 2 4 17 18 2 17 9 2 1 2 7 13 6 3 0 2 7 0 2 4 6 2 7 1 2 7 17 18 2 0 2 7 0 2 7 1 2 7 1 2 7 1 2 7 0 2 7 0 2 7 0 2 7 5 30 3 1 2 4 1 2 4 13 6 3 12 16 2 1 2 7 12 16 2 1 2 4 0 2 7 5 31 3 0 2 7 0 2 7 1 2 7 0 2 7 0 2 7 0 2 4 5 31 3 5 30 3 0 2 7 0 2 4 0 2 7 1 2 4 0 2 4 17 18 2 5 30 3 0 2 4 17 9 2 1 2 7 0 60.1633895039558411
17 9 2 12 16 2 0 2 7 1 2 7 0 2 7 1 2 7 5 31 3 12 16 2 0 2 7 0 2 7 0 2 7 0 2 4 0 2 7 1 2 7 1 2 7 0 2 7 17 18 2 0 2 4 1 2 7 1 2 7 0 2 4 17 18 2 13 6 3 17 18 2 1 2 7 1 2 7 1 2 7 1 2 7 0 2 7 0 2 7 5 31 3 0 2 7 0 2 4 1 2 7 12 16 2 5 30 3 0 2 7 1 2 7 0 2 7 1 2 7 0 2 7 17 18 2 0 2 7 13 6 3 1 2 4 17 18 2 0 2 7 1 2 7 0 2 7 13 6 3 1 2 7 0 2 7 0 2 7 1 2 4 5 30 3 17 18 2 0 2 7 1 2 4 0 2 7 1 2 7 0 59.7875515222549438
12 16 2 1 2 7 1 2 7 5 31 3 0 2 7 0 2 4 12 16 2 0 2 4 1 2 7 0 2 7 0 2 7 0 2 7 0 2 7 0 2 4 0 2 7 17 18 2 0 2 7 1 2 7 0 2 4 17 18 2 13 6 3 17 18 2 0 2 4 0 2 4 0 2 7 5 31 3 1 2 7 12 16 2 12 16 2 0 2 7 0 2 7 1 2 7 0 2 4 17 18 2 1 2 7 13 6 3 1 2 7 1 2 7 1 2 7 1 2 7 13 6 3 0 2 7 1 2 7 0 2 4 1 2 7 0 2 7 0 2 4 1 2 7 1 2 7 0 2 7 5 30 3 17 18 2 1 2 4 17 9 2 0 2 7 5 30 3 17 18 2 1 2 7 0 2 7 1 2 7 0 59.9459015130996704
17 9 2 0 2 7 12 16 2 0 2 7 1 2 7 13 6 3 5 30 3 0 2 7 12 16 2 8 9 2 0 2 7 0 2 7 1 2 7 0 2 7 0 2 4 0 2 7 0 2 7 0 2 7 17 18 2 1 2 4 1 2 7 0 2 7 17 18 2 13 6 3 17 18 2 0 2 7 1 2 7 1 2 7 0 2 7 0 2 7 1 2 7 1 2 7 5 30 3 5 30 3 0 2 7 1 2 7 0 2 4 1 2 7 12 16 2 1 2 4 1 2 7 12 16 2 13 6 3 16 15 2 0 2 7 5 30 3 0 2 7 17 9 2 0 2 7 0 2 7 1 2 7 0 2 7 0 2 7 0 2 7 1 2 7 0 2 7 17 9 2 5 30 3 8 18 2 1 2 3 0 60.4130972623825073
17 9 2 12 16 2 1 2 7 1 2 7 0 2 7 5 31 3 12 16 2 1 2 7 0 2 7 0 2 7 0 2 7 0 2 7 0 2 7 1 2 7 0 2 7 17 18 2 0 2 7 0 2 7 0 2 7 17 18 2 13 6 3 17 18 2 0 2 7 0 2 7 1 2 7 5 31 3 1 2 7 12 16 2 12 16 2 0 2 7 1 2 7 1 2 7 1 2 7 17 18 2 1 2 7 13 6 3 0 2 7 0 2 7 1 2 7 0 2 7 13 6 3 0 2 7 0 2 7 0 2 7 1 2 7 0 2 7 16 6 2 0 2 7 5 31 3 0 2 7 1 2 7 0 2 7 1 2 4 1 2 7 1 2 7 1 2 7 1 2 4 1 2 4 17 9 2 0 2 7 0 59.7211945056915283
17 9 2 12 16 2 1 2 7 1 2 7 0 2 4 5 31 3 12 16 2 1 2 7 0 2 7 0 2 7 0 2 7 0 2 7 0 2 7 1 2 7 0 2 7 17 18 2 0 2 7 0 2 7 0 2 7 17 18 2 13 6 3 17 18 2 0 2 7 0 2 7 1 2 7 5 31 3 1 2 7 12 16 2 12 16 2 0 2 7 1 2 7 1 2 7 1 2 7 17 18 2 1 2 7 13 6 3 0 2 7 0 2 7 1 2 7 0 2 7 13 6 3 1 2 7 1 2 7 1 2 7 0 2 4 1 2 7 1 2 7 1 2 7 1 2 4 17 18 2 0 2 4 0 2 7 0 2 4 0 2 7 16 6 2 0 2 4 0 2 4 0 2 7 0 2 7 0 2 4 0.00436206530581458116 59.4008245468139648
17 9 2 12 16 2 1 2 7 1 2 7 5 31 3 0 2 7 0 2 7 12 16 2 0 2 7 1 2 7 0 2 7 0 2 7 0 2 7 0 2 7 0 2 4 0 2 7 17 18 2 0 2 7 1 2 7 0 2 7 17 18 2 13 6 3 17 18 2 0 2 4 0 2 4 0 2 7 5 31 3 1 2 7 12 16 2 12 16 2 0 2 7 0 2 7 1 2 7 0 2 7 17 18 2 1 2 7 13 6 3 1 2 7 1 2 7 1 2 7 1 2 7 13 6 3 0 2 7 1 2 7 0 2 7 1 2 7 16 6 2 0 2 7 5 31 3 0 2 7 17 9 2 1 2 7 1 2 7 0 2 7 0 2 7 1 2 7 0 2 7 1 2 7 1 2 7 1 2 7 0 59.7211945056915283
17 9 2 5 30 3 1 2 4 1 2 7 1 2 7 1 2 7 5 31 3 12 16 2 1 2 4 1 2 7 0 2 7 0 2 7 0 2 7 0 2 7 1 2 7 0 2 7 17 18 2 0 2 7 0 2 7 0 2 4 17 18 2 13 6 3 17 18 2 1 2 7 1 2 7 0 2 7 5 30 3 1 2 7 12 16 2 12 16 2 0 2 7 1 2 7 1 2 7 1 2 7 17 18 2 1 2 7 13 6 3 1 2 7 0 2 7 1 2 7 0 2 4 13 6 3 0 2 4 0 2 7 0 2 7 0 2 7 17 18 2 1 2 7 0 2 4 0 2 7 0 2 7 5 31 3 17 18 2 0 2 7 0 2 7 0 2 7 1 2 7 0 2 4 1 2 7 0 2 7 0 59.7875515222549438

Current Evaluation = 17100(17100)
Front Size = 10
17 9 2 12 16 2 1 2 7 1 2 7 0 2 4 5 31 3 12 16 2 1 2 7 0 2 7 0 2 7 0 2 7 0 2 7 0 2 7 1 2 7 0 2 7 17 18 2 0 2 7 0 2 7 0 2 7 17 18 2 13 6 3 17 18 2 0 2 7 0 2 7 1 2 7 5 31 3 1 2 7 12 16 2 12 16 2 0 2 7 1 2 7 1 2 7 1 2 7 17 18 2 1 2 7 13 6 3 0 2 7 0 2 7 1 2 7 0 2 7 13 6 3 0 2 7 0 2 7 0 2 7 1 2 7 0 2 7 16 6 2 0 2 7 5 31 3 1 2 7 0 2 7 1 2 7 0 2 4 1 2 7 1 2 7 1 2 7 1 2 7 0 2 7 1 2 4 17 18 2 0 59.7211945056915283
17 9 2 12 16 2 1 2 7 1 2 7 5 31 3 0 2 7 0 2 7 12 16 2 0 2 7 1 2 7 0 2 7 0 2 7 0 2 7 0 2 7 0 2 7 17 18 2 0 2 7 1 2 7 0 2 7 17 18 2 13 6 3 17 18 2 0 2 7 5 31 3 1 2 7 12 16 2 12 16 2 0 2 7 0 2 7 1 2 7 0 2 7 17 18 2 1 2 7 13 6 3 1 2 7 1 2 7 1 2 7 1 2 7 13 6 3 0 2 7 1 2 7 0 2 7 1 2 7 16 6 2 0 2 7 5 31 3 0 2 7 17 9 2 1 2 7 1 2 7 0 2 7 0 2 7 1 2 7 0 2 7 0 2 4 1 2 4 1 2 4 1 2 7 0 2 7 0 2 7 0 59.7211945056915283
17 9 2 12 16 2 1 2 7 1 2 7 5 31 3 0 2 7 0 2 7 12 16 2 0 2 7 1 2 7 0 2 7 0 2 7 0 2 7 0 2 7 0 2 4 0 2 7 17 18 2 0 2 7 1 2 7 0 2 7 17 18 2 13 6 3 17 18 2 0 2 4 0 2 4 0 2 7 5 31 3 1 2 7 12 16 2 12 16 2 0 2 7 0 2 7 1 2 7 0 2 7 17 18 2 1 2 7 13 6 3 1 2 7 1 2 7 1 2 7 1 2 7 13 6 3 0 2 7 1 2 7 0 2 7 1 2 7 16 6 2 0 2 7 5 31 3 0 2 7 17 9 2 1 2 7 1 2 7 0 2 7 0 2 7 1 2 7 0 2 7 1 2 7 1 2 7 1 2 7 0 59.7211945056915283
12 16 2 12 16 2 1 2 7 0 2 7 0 2 7 17 18 2 0 2 4 0 2 7 13 6 3 17 18 2 1 2 7 0 2 7 1 2 7 0 2 7 1 2 4 17 18 2 17 9 2 1 2 7 13 6 3 0 2 7 0 2 7 1 2 7 17 18 2 0 2 7 0 2 7 1 2 7 1 2 7 1 2 7 0 2 7 0 2 7 0 2 7 5 30 3 1 2 4 13 6 3 12 16 2 1 2 7 0 2 7 5 31 3 0 2 7 0 2 7 1 2 7 0 2 7 0 2 7 0 2 7 5 31 3 5 30 3 0 2 7 0 2 4 0 2 7 17 18 2 1 2 7 0 2 7 1 2 7 1 2 7 17 18 2 0 2 4 1 2 7 1 2 4 1 2 7 1 2 4 0 59.7875515222549438
12 16 2 1 2 7 1 2 7 5 31 3 0 2 7 0 2 4 12 16 2 0 2 4 1 2 7 0 2 7 0 2 7 0 2 7 0 2 7 0 2 4 0 2 7 17 18 2 0 2 7 1 2 7 0 2 4 17 18 2 13 6 3 17 18 2 0 2 4 0 2 4 0 2 7 5 31 3 1 2 7 12 16 2 12 16 2 0 2 7 0 2 7 1 2 7 0 2 4 17 18 2 1 2 7 13 6 3 1 2 7 1 2 7 1 2 7 1 2 7 13 6 3 0 2 7 1 2 7 0 2 4 1 2 7 0 2 7 0 2 4 1 2 7 1 2 7 0 2 7 5 30 3 17 18 2 1 2 4 17 9 2 0 2 7 5 30 3 17 18 2 1 2 7 0 2 7 1 2 7 0 59.9459015130996704
17 9 2 12 16 2 0 2 7 1 2 7 5 30 3 0 2 4 0 2 4 12 16 2 1 2 7 1 2 7 0 2 7 0 2 7 0 2 7 0 2 7 0 2 7 17 18 2 0 2 4 1 2 7 0 2 7 17 18 2 13 6 3 17 18 2 0 2 7 5 31 3 6 2 7 12 16 2 12 16 2 0 2 7 0 2 7 1 2 4 0 2 7 17 18 2 1 2 7 13 6 3 1 2 7 1 2 7 1 2 3 1 2 7 13 6 3 0 2 4 0 2 7 16 6 2 0 2 4 0 2 4 0 2 7 0 2 4 0 2 7 1 2 7 17 18 2 1 2 7 0 2 7 1 2 4 0 2 11 5 31 3 5 30 3 12 16 2 1 2 7 5 30 3 1 2 4 0 2 7 0 60.397548496723175
17 9 2 0 2 7 12 16 2 0 2 7 1 2 7 13 6 3 5 30 3 0 2 7 12 16 2 8 9 2 0 2 7 0 2 7 1 2 7 0 2 7 0 2 4 0 2 7 0 2 7 0 2 7 17 18 2 1 2 4 1 2 7 0 2 7 17 18 2 13 6 3 17 18 2 0 2 7 1 2 7 1 2 7 0 2 7 0 2 7 1 2 7 1 2 7 5 30 3 5 30 3 0 2 7 1 2 7 0 2 4 1 2 7 12 16 2 1 2 4 1 2 7 12 16 2 13 6 3 16 15 2 0 2 7 5 30 3 0 2 7 17 9 2 0 2 7 0 2 7 1 2 7 0 2 7 0 2 7 0 2 7 1 2 7 0 2 7 17 9 2 5 30 3 8 18 2 1 2 3 0 60.4130972623825073
17 9 2 12 16 2 1 2 7 1 2 7 5 31 3 0 2 7 0 2 7 12 16 2 0 2 7 1 2 7 0 2 7 0 2 7 0 2 7 0 2 7 0 2 7 17 18 2 0 2 7 1 2 7 0 2 7 17 18 2 13 6 3 17 18 2 0 2 7 5 31 3 1 2 7 12 16 2 12 16 2 0 2 7 0 2 7 1 2 7 0 2 7 17 18 2 1 2 7 13 6 3 1 2 7 1 2 7 1 2 7 1 2 7 13 6 3 0 2 7 1 2 7 0 2 7 1 2 7 16 6 2 0 2 7 5 31 3 0 2 7 1 2 7 1 2 7 0 2 7 0 2 7 1 2 7 0 2 7 1 2 4 1 2 4 0 2 7 0 2 7 0 2 7 17 18 2 1 2 4 0 59.7211945056915283
17 9 2 12 16 2 1 2 3 1 2 4 1 2 7 1 2 7 12 16 2 0 2 7 0 2 7 5 31 3 0 2 7 0 2 7 1 2 7 0 2 7 0 2 7 17 18 2 0 2 7 1 2 7 0 2 4 17 18 2 13 6 3 17 18 2 0 2 7 0 2 7 0 2 7 0 2 7 12 16 2 12 16 2 0 2 7 0 2 3 1 2 7 5 31 3 17 18 2 16 9 11 13 6 3 0 2 7 0 2 7 1 2 4 0 2 7 13 6 3 0 2 7 1 2 7 0 2 7 1 2 7 1 2 7 1 2 4 0 2 7 0 2 7 0 2 7 1 2 7 0 2 4 12 16 2 16 6 2 5 30 3 0 2 7 1 2 7 0 2 7 1 2 7 5 30 3 5 30 3 0 60.6596333384513855
17 9 2 12 16 2 1 2 7 1 2 7 16 30 2 5 30 3 12 16 2 1 2 7 0 2 4 0 2 7 0 2 7 0 2 7 0 2 7 1 2 7 0 2 4 17 18 2 0 2 4 0 2 11 0 2 3 17 18 2 5 30 3 17 18 2 0 2 7 0 2 7 1 2 7 5 31 3 1 2 7 12 16 2 12 16 2 0 2 7 0 2 7 0 2 11 1 2 7 5 31 3 0 2 7 13 6 3 0 2 7 0 2 4 1 2 4 0 2 7 13 6 3 0 2 7 1 2 7 0 2 11 1 2 4 0 2 7 1 2 4 5 31 3 6 2 7 0 2 4 0 2 7 0 2 7 16 6 2 6 2 7 0 2 7 0 2 7 5 30 3 1 2 7 1 2 7 17 9 2 0 60.9497407674789429

Current Evaluation = 18000(18000)
Front Size = 10
17 9 2 12 16 2 1 2 7 1 2 7 5 31 3 0 2 7 0 2 7 12 16 2 0 2 7 1 2 7 0 2 7 0 2 7 0 2 7 1 2 7 0 2 4 17 18 2 0 2 7 1 2 7 0 2 7 17 18 2 13 6 3 17 18 2 0 2 7 5 31 3 1 2 7 12 16 2 12 16 2 0 2 7 0 2 7 1 2 7 0 2 7 17 18 2 1 2 7 13 6 3 1 2 7 1 2 7 1 2 7 1 2 7 13 6 3 0 2 7 1 2 7 0 2 7 1 2 7 16 6 2 0 2 7 5 31 3 0 2 7 1 2 7 1 2 7 0 2 7 0 2 7 1 2 7 0 2 7 1 2 4 0 2 7 1 2 7 0 2 4 17 9 2 0 2 7 0 2 7 0 59.7211945056915283
17 9 2 12 16 2 1 2 7 1 2 7 5 31 3 0 2 7 0 2 7 12 16 2 0 2 7 1 2 7 0 2 7 0 2 7 0 2 7 0 2 7 0 2 7 0 2 7 17 18 2 0 2 7 1 2 7 0 2 7 17 18 2 13 6 3 17 18 2 0 2 7 0 2 7 5 31 3 1 2 7 12 16 2 12 16 2 0 2 7 0 2 7 1 2 7 0 2 7 17 18 2 1 2 7 13 6 3 1 2 4 1 2 7 1 2 7 1 2 7 13 6 3 0 2 7 1 2 7 0 2 7 1 2 7 16 6 2 0 2 7 5 31 3 0 2 7 17 9 2 0 2 7 1 2 7 0 2 7 1 2 7 0 2 7 1 2 7 0 2 4 1 2 4 1 2 7 1 2 7 0 59.7211945056915283
17 9 2 12 16 2 1 2 7 5 31 3 0 2 7 0 2 7 12 16 2 0 2 7 1 2 7 0 2 4 0 2 4 0 2 7 0 2 4 0 2 4 0 2 7 17 18 2 0 2 4 0 2 7 0 2 7 17 18 2 13 6 3 17 18 2 1 2 7 0 2 7 0 2 7 1 2 4 12 16 2 0 2 7 0 2 7 1 2 7 0 2 7 17 18 2 1 2 7 13 6 3 1 2 7 1 2 7 1 2 7 13 6 3 0 2 4 1 2 7 0 2 7 1 2 7 0 2 7 0 2 7 1 2 7 0 2 7 1 2 7 0 2 7 5 31 3 17 9 2 1 2 7 1 2 7 0 2 7 1 2 7 1 2 7 1 2 7 1 2 7 17 18 2 5 30 3 5 30 3 0 59.7875515222549438
17 9 2 12 16 2 0 2 7 1 2 7 5 30 3 0 2 4 0 2 7 12 16 2 1 2 7 1 2 4 0 2 7 0 2 4 0 2 4 0 2 4 0 2 7 17 18 2 0 2 7 1 2 7 1 2 7 17 18 2 13 6 3 17 18 2 0 2 7 5 31 3 1 2 7 12 16 2 12 16 2 0 2 7 0 2 7 0 2 4 0 2 7 17 18 2 1 2 7 13 6 3 1 2 7 1 2 7 1 2 7 1 2 7 13 6 3 0 2 4 0 2 7 16 30 2 0 2 4 0 2 4 0 2 7 0 2 7 0 2 11 1 2 7 17 18 2 1 2 7 0 2 7 6 2 7 0 2 7 5 31 3 5 30 3 12 16 2 1 2 7 5 30 3 1 2 7 0 2 7 0 60.2821715474128723
17 9 2 12 16 2 1 2 7 1 2 4 5 31 3 0 2 7 0 2 7 12 16 2 0 2 7 1 2 7 0 2 7 0 2 7 0 2 7 0 2 7 0 2 4 0 2 7 17 18 2 0 2 7 1 2 7 0 2 7 17 18 2 13 6 3 17 18 2 0 2 4 0 2 4 0 2 7 5 30 3 1 2 7 12 16 2 0 2 7 0 2 7 1 2 7 0 2 7 17 18 2 1 2 7 13 6 3 1 2 4 1 2 7 1 2 7 1 2 7 13 6 3 0 2 7 1 2 7 0 2 7 1 2 7 0 2 7 0 2 7 1 2 4 1 2 7 0 2 7 1 2 7 0 2 7 17 18 2 5 30 3 5 31 3 17 9 2 1 2 7 1 2 7 0 2 7 1 2 4 0 59.7875515222549438
17 9 2 0 2 7 12 16 2 0 2 7 1 2 7 13 6 3 5 30 3 0 2 7 12 16 2 8 9 2 0 2 7 0 2 7 1 2 7 0 2 7 0 2 4 0 2 7 0 2 7 0 2 7 17 18 2 1 2 4 1 2 7 0 2 7 17 18 2 13 6 3 17 18 2 0 2 7 1 2 7 1 2 7 0 2 7 0 2 7 1 2 7 1 2 7 5 30 3 5 30 3 0 2 7 1 2 7 0 2 4 1 2 7 12 16 2 1 2 4 1 2 7 12 16 2 13 6 3 16 15 2 0 2 7 5 30 3 0 2 7 17 9 2 0 2 7 0 2 7 1 2 7 0 2 7 0 2 7 0 2 7 1 2 7 0 2 7 17 9 2 5 30 3 8 18 2 1 2 3 0 60.4130972623825073
17 9 2 0 2 7 12 16 2 0 2 7 1 2 7 13 6 3 5 30 3 0 2 7 12 16 2 0 2 7 0 2 7 1 2 7 0 2 7 0 2 4 0 2 7 0 2 7 0 2 7 17 18 2 1 2 4 1 2 7 0 2 7 17 18 2 13 6 3 17 18 2 0 2 7 1 2 7 1 2 7 0 2 7 0 2 7 1 2 7 1 2 7 5 30 3 5 30 3 0 2 7 1 2 7 0 2 4 1 2 7 12 16 2 1 2 7 12 16 2 13 6 3 0 2 7 1 2 7 1 2 7 0 2 11 1 2 4 16 15 2 5 31 3 0 2 7 17 9 2 0 2 7 17 18 2 1 2 7 0 2 4 0 2 4 0 2 7 5 31 3 5 30 3 8 18 2 6 2 7 0.000123348066930133458 60.6163864731788635
17 9 2 12 16 2 1 2 7 1 2 7 5 31 3 0 2 7 0 2 7 12 16 2 0 2 7 1 2 7 0 2 7 0 2 7 0 2 7 0 2 7 0 2 4 0 2 7 17 18 2 0 2 7 1 2 7 0 2 7 17 18 2 13 6 3 17 18 2 0 2 4 0 2 4 0 2 7 5 31 3 1 2 7 12 16 2 12 16 2 0 2 7 0 2 7 1 2 7 0 2 7 17 18 2 1 2 7 13 6 3 1 2 7 1 2 7 1 2 7 1 2 7 13 6 3 0 2 7 1 2 7 0 2 7 1 2 7 16 6 2 0 2 7 5 31 3 0 2 7 17 9 2 1 2 7 1 2 7 0 2 7 0 2 7 1 2 7 0 2 7 1 2 7 1 2 7 1 2 7 0 59.7211945056915283
17 9 2 12 16 2 1 2 7 1 2 7 5 31 3 0 2 7 0 2 7 12 16 2 0 2 7 1 2 7 0 2 7 0 2 7 0 2 7 0 2 7 0 2 7 17 18 2 0 2 7 1 2 7 0 2 7 17 18 2 13 6 3 17 18 2 0 2 7 5 31 3 1 2 7 12 16 2 12 16 2 0 2 7 0 2 7 1 2 7 0 2 7 17 18 2 1 2 7 13 6 3 1 2 7 1 2 7 1 2 7 1 2 7 13 6 3 0 2 7 1 2 7 0 2 7 1 2 7 16 6 2 0 2 7 5 31 3 0 2 7 1 2 7 1 2 7 0 2 7 0 2 7 1 2 7 0 2 7 1 2 4 1 2 4 0 2 7 0 2 7 0 2 7 17 18 2 1 2 4 0 59.7211945056915283
17 9 2 12 16 2 1 2 7 6 2 7 0 2 7 1 2 7 12 16 2 0 2 7 1 2 7 0 2 7 0 2 7 1 2 7 1 2 7 0 2 7 17 18 2 0 2 3 0 2 7 17 18 2 13 6 3 17 18 2 1 2 7 5 30 3 12 16 2 12 16 2 0 2 7 0 2 7 0 2 7 1 2 7 17 18 2 1 2 7 13 6 3 1 2 7 1 2 7 1 2 7 13 6 3 0 2 7 16 15 2 6 2 7 1 2 7 16 30 2 0 2 7 0 2 7 5 31 3 0 2 7 1 2 7 0 2 7 0 2 7 0 2 7 1 2 7 0 2 7 0 2 7 0 2 7 0 2 7 0 2 7 0 2 7 0 2 7 5 31 3 12 16 2 5 31 3 1 2 7 0 60.2168974876403809

MonoObjective Genetic Algorithm
Number of Evaluations = 0
Mutation Probability = 0
Crossover Probability = 1
Population Size = 10
Survival Selection Type = 16

Time =  18068.4182810783386

Current Evaluation = 2040
Front Size = 10
17 9 2 12 16 2 1 2 7 1 2 7 5 31 3 0 2 7 0 2 7 12 16 2 0 2 7 1 2 7 0 2 7 0 2 7 0 2 7 1 2 7 0 2 4 17 18 2 0 2 7 1 2 7 0 2 7 17 18 2 13 6 3 17 18 2 0 2 7 5 31 3 1 2 7 12 16 2 12 16 2 0 2 7 0 2 7 1 2 7 0 2 7 17 18 2 1 2 7 13 6 3 1 2 7 1 2 7 1 2 7 1 2 7 13 6 3 0 2 7 1 2 7 0 2 7 1 2 7 16 6 2 0 2 7 5 31 3 0 2 7 1 2 7 1 2 7 0 2 7 0 2 7 1 2 7 0 2 7 1 2 4 0 2 7 1 2 7 0 2 4 17 9 2 0 2 7 0 2 7 0 59.7211945056915283
17 9 2 12 16 2 1 2 7 1 2 7 5 31 3 0 2 7 0 2 7 12 16 2 0 2 7 1 2 7 0 2 7 0 2 7 0 2 7 0 2 7 0 2 7 0 2 7 17 18 2 0 2 7 1 2 7 0 2 7 17 18 2 13 6 3 17 18 2 0 2 7 0 2 7 5 31 3 1 2 7 12 16 2 12 16 2 0 2 7 0 2 7 1 2 7 0 2 7 17 18 2 1 2 7 13 6 3 1 2 4 1 2 7 1 2 7 1 2 7 13 6 3 0 2 7 1 2 7 0 2 7 1 2 7 16 6 2 0 2 7 5 31 3 0 2 7 17 9 2 0 2 7 1 2 7 0 2 7 1 2 7 0 2 7 1 2 7 0 2 4 1 2 4 1 2 7 1 2 7 0 59.7211945056915283
17 9 2 12 16 2 1 2 7 5 31 3 0 2 7 0 2 7 12 16 2 0 2 7 1 2 7 0 2 4 0 2 4 0 2 7 0 2 4 0 2 4 0 2 7 17 18 2 0 2 4 0 2 7 0 2 7 17 18 2 13 6 3 17 18 2 1 2 7 0 2 7 0 2 7 1 2 4 12 16 2 0 2 7 0 2 7 1 2 7 0 2 7 17 18 2 1 2 7 13 6 3 1 2 7 1 2 7 1 2 7 13 6 3 0 2 4 1 2 7 0 2 7 1 2 7 0 2 7 0 2 7 1 2 7 0 2 7 1 2 7 0 2 7 5 31 3 17 9 2 1 2 7 1 2 7 0 2 7 1 2 7 1 2 7 1 2 7 1 2 7 17 18 2 5 30 3 5 30 3 0 59.7875515222549438
17 9 2 12 16 2 0 2 7 1 2 7 5 30 3 0 2 4 0 2 7 12 16 2 1 2 7 1 2 4 0 2 7 0 2 4 0 2 4 0 2 4 0 2 7 17 18 2 0 2 7 1 2 7 1 2 7 17 18 2 13 6 3 17 18 2 0 2 7 5 31 3 1 2 7 12 16 2 12 16 2 0 2 7 0 2 7 0 2 4 0 2 7 17 18 2 1 2 7 13 6 3 1 2 7 1 2 7 1 2 7 1 2 7 13 6 3 0 2 4 0 2 7 16 30 2 0 2 4 0 2 4 0 2 7 0 2 7 0 2 11 1 2 7 17 18 2 1 2 7 0 2 7 6 2 7 0 2 7 5 31 3 5 30 3 12 16 2 1 2 7 5 30 3 1 2 7 0 2 7 0 60.2821715474128723
17 9 2 12 16 2 1 2 7 1 2 4 5 31 3 0 2 7 0 2 7 12 16 2 0 2 7 1 2 7 0 2 7 0 2 7 0 2 7 0 2 7 0 2 4 0 2 7 17 18 2 0 2 7 1 2 7 0 2 7 17 18 2 13 6 3 17 18 2 0 2 4 0 2 4 0 2 7 5 30 3 1 2 7 12 16 2 0 2 7 0 2 7 1 2 7 0 2 7 17 18 2 1 2 7 13 6 3 1 2 4 1 2 7 1 2 7 1 2 7 13 6 3 0 2 7 1 2 7 0 2 7 1 2 7 0 2 7 0 2 7 1 2 4 1 2 7 0 2 7 1 2 7 0 2 7 17 18 2 5 30 3 5 31 3 17 9 2 1 2 7 1 2 7 0 2 7 1 2 4 0 59.7875515222549438
17 9 2 0 2 7 12 16 2 0 2 7 1 2 7 13 6 3 5 30 3 0 2 7 12 16 2 8 9 2 0 2 7 0 2 7 1 2 7 0 2 7 0 2 4 0 2 7 0 2 7 0 2 7 17 18 2 1 2 4 1 2 7 0 2 7 17 18 2 13 6 3 17 18 2 0 2 7 1 2 7 1 2 7 0 2 7 0 2 7 1 2 7 1 2 7 5 30 3 5 30 3 0 2 7 1 2 7 0 2 4 1 2 7 12 16 2 1 2 4 1 2 7 12 16 2 13 6 3 16 15 2 0 2 7 5 30 3 0 2 7 17 9 2 0 2 7 0 2 7 1 2 7 0 2 7 0 2 7 0 2 7 1 2 7 0 2 7 17 9 2 5 30 3 8 18 2 1 2 3 0 60.4130972623825073
17 9 2 0 2 7 12 16 2 0 2 7 1 2 7 13 6 3 5 30 3 0 2 7 12 16 2 0 2 7 0 2 7 1 2 7 0 2 7 0 2 4 0 2 7 0 2 7 0 2 7 17 18 2 1 2 4 1 2 7 0 2 7 17 18 2 13 6 3 17 18 2 0 2 7 1 2 7 1 2 7 0 2 7 0 2 7 1 2 7 1 2 7 5 30 3 5 30 3 0 2 7 1 2 7 0 2 4 1 2 7 12 16 2 1 2 7 12 16 2 13 6 3 0 2 7 1 2 7 1 2 7 0 2 11 1 2 4 16 15 2 5 31 3 0 2 7 17 9 2 0 2 7 17 18 2 1 2 7 0 2 4 0 2 4 0 2 7 5 31 3 5 30 3 8 18 2 6 2 7 0.000123348066930133458 60.6163864731788635
17 9 2 12 16 2 1 2 7 1 2 7 5 31 3 0 2 7 0 2 7 12 16 2 0 2 7 1 2 7 0 2 7 0 2 7 0 2 7 0 2 7 0 2 4 0 2 7 17 18 2 0 2 7 1 2 7 0 2 7 17 18 2 13 6 3 17 18 2 0 2 4 0 2 4 0 2 7 5 31 3 1 2 7 12 16 2 12 16 2 0 2 7 0 2 7 1 2 7 0 2 7 17 18 2 1 2 7 13 6 3 1 2 7 1 2 7 1 2 7 1 2 7 13 6 3 0 2 7 1 2 7 0 2 7 1 2 7 16 6 2 0 2 7 5 31 3 0 2 7 17 9 2 1 2 7 1 2 7 0 2 7 0 2 7 1 2 7 0 2 7 1 2 7 1 2 7 1 2 7 0 59.7211945056915283
17 9 2 12 16 2 1 2 7 1 2 7 5 31 3 0 2 7 0 2 7 12 16 2 0 2 7 1 2 7 0 2 7 0 2 7 0 2 7 0 2 7 0 2 7 17 18 2 0 2 7 1 2 7 0 2 7 17 18 2 13 6 3 17 18 2 0 2 7 5 31 3 1 2 7 12 16 2 12 16 2 0 2 7 0 2 7 1 2 7 0 2 7 17 18 2 1 2 7 13 6 3 1 2 7 1 2 7 1 2 7 1 2 7 13 6 3 0 2 7 1 2 7 0 2 7 1 2 7 16 6 2 0 2 7 5 31 3 0 2 7 1 2 7 1 2 7 0 2 7 0 2 7 1 2 7 0 2 7 1 2 4 1 2 4 0 2 7 0 2 7 0 2 7 17 18 2 1 2 4 0 59.7211945056915283
17 9 2 12 16 2 1 2 7 6 2 7 0 2 7 1 2 7 12 16 2 0 2 7 1 2 7 0 2 7 0 2 7 1 2 7 1 2 7 0 2 7 17 18 2 0 2 3 0 2 7 17 18 2 13 6 3 17 18 2 1 2 7 5 30 3 12 16 2 12 16 2 0 2 7 0 2 7 0 2 7 1 2 7 17 18 2 1 2 7 13 6 3 1 2 7 1 2 7 1 2 7 13 6 3 0 2 7 16 15 2 6 2 7 1 2 7 16 30 2 0 2 7 0 2 7 5 31 3 0 2 7 1 2 7 0 2 7 0 2 7 0 2 7 1 2 7 0 2 7 0 2 7 0 2 7 0 2 7 0 2 7 0 2 7 0 2 7 5 31 3 12 16 2 5 31 3 1 2 7 0 60.2168974876403809

