Current Evaluation = 900(900)
Front Size = 10
16 18 11 0 2 7 0 2 7 0 2 7 5 31 3 1 2 7 1 2 7 17 18 2 12 16 2 12 16 2 12 16 2 1 2 7 0 2 7 0 2 7 17 9 2 0 2 4 0 2 7 1 2 7 5 30 3 0 2 7 12 16 2 0 2 7 1 2 7 0 2 7 1 2 7 0 2 7 5 30 3 1 2 7 1 2 7 17 18 2 0 2 7 1 2 7 0 2 7 0 2 4 16 31 2 1 2 4 0 2 7 0 2 7 0 2 7 0 2 7 1 2 7 17 1 2 13 6 3 12 16 2 0 2 7 0 2 7 8 9 2 5 31 3 17 9 2 1 2 7 1 2 7 1 2 7 0 2 7 0 2 7 0 2 7 0 2 4 5 30 3 0 2 7 0 2 7 1 2 4 0 61.1598743796348572
8 18 2 5 30 3 16 15 2 16 15 2 6 3 2 16 15 2 8 18 2 5 30 3 5 30 3 6 2 8 16 15 2 5 30 3 8 9 2 8 18 2 5 30 3 0 2 8 0 2 8 0 2 8 6 2 8 6 2 12 8 9 2 6 2 8 6 2 8 6 2 12 16 20 12 0 2 8 0 2 8 6 2 8 16 20 12 0 2 12 5 30 3 8 9 2 0 2 8 8 9 2 0 2 12 6 2 8 16 20 12 6 2 12 8 18 2 8 18 2 6 2 8 6 2 8 6 2 8 8 18 2 5 30 3 8 18 2 6 2 12 8 9 2 8 9 2 8 18 2 8 9 2 6 2 8 5 30 3 8 9 2 8 18 2 12 16 2 8 18 2 6 2 12 5 30 3 6 3 2 0.0874339467986067348 64.8063948154449463
5 30 3 5 30 3 8 9 2 16 19 11 16 19 11 0 2 3 0 2 11 0 2 8 16 19 11 5 30 3 8 9 2 0 2 8 0 2 3 0 2 8 12 16 2 16 19 11 0 2 3 5 30 3 0 2 7 8 18 2 6 2 3 0 2 7 12 16 2 5 30 3 0 2 8 5 30 3 0 2 8 12 16 2 5 30 3 0 2 7 5 30 3 0 2 8 0 2 8 0 2 8 0 2 7 0 2 8 0 2 3 12 16 2 12 16 2 5 30 3 12 16 2 0 2 7 16 6 2 0 2 3 0 2 8 0 2 7 1 2 8 0 2 8 0 2 7 0 2 3 0 2 7 0 2 3 16 6 2 0 2 8 16 19 11 0 2 8 13 6 3 0 2 8 0 2 8 0 2 7 0 66.9529337882995605
5 30 3 5 30 3 5 30 3 5 30 3 12 16 2 1 2 4 8 18 2 0 2 7 6 2 7 5 30 3 0 2 7 0 2 3 5 30 3 0 2 7 5 30 3 1 2 7 1 2 7 1 2 7 0 2 3 0 2 7 1 2 3 12 16 2 0 2 7 0 2 7 1 2 7 16 6 2 0 2 7 0 2 7 16 19 11 0 2 7 0 2 7 8 18 2 1 2 7 17 18 2 1 2 7 0 2 7 0 2 7 0 2 7 5 30 3 0 2 7 0 2 7 0 2 3 8 18 2 0 2 7 0 2 7 0 2 11 17 9 2 0 2 3 0 2 1 0 2 7 1 2 7 16 19 12 0 2 11 16 19 11 0 2 3 13 6 3 17 18 2 0 2 7 0 2 7 12 16 2 0 63.2549533247947693
9 2 7 5 30 3 5 30 3 0 2 7 8 9 2 0 2 7 16 19 12 0 2 7 16 19 12 0 2 8 0 2 7 9 2 7 1 2 8 0 2 7 0 2 8 16 19 12 5 30 3 8 9 2 1 2 8 0 2 8 0 2 7 0 2 8 8 9 2 8 18 2 16 19 12 8 9 2 0 2 8 5 30 3 0 2 8 8 9 2 0 2 7 16 15 2 8 18 2 8 18 2 0 2 8 8 18 2 1 2 7 1 2 7 16 19 12 0 2 7 1 2 7 8 9 2 12 16 2 5 30 3 1 2 8 0 2 8 5 30 3 0 2 8 0 2 7 8 9 2 1 2 7 12 16 2 5 30 3 16 19 12 2 3 3 0 2 7 0 2 8 0 2 7 1 2 7 0 2 7 0.00890915119317082539 66.09550940990448
16 19 12 5 30 3 5 30 3 8 18 2 16 19 1 0 2 8 0 2 8 8 9 2 8 18 2 0 2 8 5 30 3 8 18 2 1 2 8 8 9 2 5 30 3 0 2 8 0 2 8 0 2 8 1 2 8 5 30 3 5 30 3 8 18 2 1 2 8 0 2 8 8 18 2 0 2 8 8 9 2 16 19 1 8 9 2 0 2 8 16 19 1 16 19 1 1 2 8 8 18 2 0 2 8 16 19 12 0 2 8 8 9 2 16 19 1 0 2 8 0 2 1 0 2 8 8 18 2 12 16 2 8 18 2 0 2 8 0 2 8 0 2 8 8 18 2 0 2 8 1 2 8 0 2 8 0 2 8 0 2 8 5 30 3 0 2 8 8 18 2 12 16 2 8 18 2 1 2 8 0.0114275010724849257 69.0035364627838135
5 30 3 5 30 3 16 19 11 16 19 11 0 2 3 5 30 3 0 2 3 12 16 2 5 30 3 0 2 7 8 18 2 0 2 7 12 16 2 12 16 2 0 2 7 0 2 7 12 16 2 12 16 2 0 2 7 16 6 2 0 2 7 0 2 7 0 2 7 0 2 7 0 2 7 6 2 7 1 2 7 1 2 7 0 2 7 0 2 7 1 2 7 16 19 11 1 2 7 6 2 3 0 2 7 16 20 12 5 30 3 5 31 3 5 31 3 5 30 3 16 18 11 0 2 8 0 2 7 0 2 8 0 2 4 5 30 3 5 31 3 1 2 7 0 2 8 1 2 8 0 2 8 0 2 7 16 9 11 16 6 2 1 2 11 5 31 3 0 2 7 0 2 7 0 2 8 0 2 8 0.034860696922758852 65.0152673125267029
5 30 3 5 30 3 8 9 2 5 30 3 12 16 2 12 16 2 16 19 12 0 2 7 16 19 1 1 2 7 1 2 7 12 16 2 0 2 8 17 9 2 1 2 8 8 9 2 5 30 3 1 2 7 17 9 2 12 16 2 0 2 7 5 30 3 0 2 7 1 2 4 0 2 7 5 31 3 17 1 2 17 18 2 1 2 7 0 2 7 0 2 7 1 2 7 16 19 1 16 19 1 1 2 7 8 18 2 1 2 7 1 2 4 0 2 8 8 9 2 0 2 7 0 2 7 0 2 1 1 2 7 1 2 7 8 18 2 0 2 8 0 2 7 0 2 8 0 2 7 0 2 7 1 2 8 0 2 8 0 2 8 0 2 7 0 2 7 0 2 8 0 2 7 1 2 7 1 2 8 0.017548518517955216 64.3913899660110474
0 2 3 0 2 7 0 2 3 5 31 3 0 2 4 12 16 2 12 16 2 16 6 2 5 30 3 1 2 7 1 2 7 1 2 3 0 2 3 8 18 2 5 30 3 5 31 3 5 30 3 5 30 3 16 19 11 16 6 2 1 2 7 0 2 7 0 2 7 12 16 2 16 18 11 0 2 7 0 2 3 0 2 3 0 2 3 1 2 3 0 2 7 0 2 3 0 2 7 1 2 3 0 2 3 1 2 7 5 30 3 0 2 7 0 2 3 6 2 3 0 2 4 0 2 7 1 2 7 0 2 7 0 2 7 16 19 11 17 9 2 0 2 3 16 19 11 0 2 3 0 2 3 0 2 7 0 2 7 0 2 7 0 2 7 1 2 7 0 2 7 0 2 7 6 2 3 1 2 7 0 63.8917773365974426
8 9 2 5 30 3 12 16 2 12 16 2 12 16 2 12 16 2 5 30 3 5 30 3 13 6 3 12 16 2 1 2 7 0 2 3 0 2 8 16 19 12 0 2 8 1 2 8 0 2 3 5 31 3 1 2 7 0 2 8 0 2 8 1 2 7 0 2 8 0 2 7 0 2 8 1 2 7 1 2 7 5 31 3 0 2 7 1 2 7 1 2 7 5 30 3 0 2 7 0 2 8 8 18 2 0 2 8 16 18 11 0 2 7 0 2 7 0 2 8 0 2 8 0 2 4 0 2 7 8 18 2 17 9 2 0 2 8 0 2 7 5 30 3 1 2 7 0 2 8 0 2 4 1 2 8 0 2 8 0 2 7 0 2 7 0 2 3 0 2 3 0 2 4 0 2 3 0 2 3 0.000464000600244303049 65.8202833533287048

Current Evaluation = 1800(1800)
Front Size = 10
16 20 12 0 2 7 0 2 7 0 2 7 5 31 3 1 2 7 1 2 7 17 18 2 12 16 2 12 16 2 12 16 2 1 2 7 0 2 7 0 2 7 17 9 2 0 2 4 0 2 7 1 2 3 5 30 3 0 2 7 12 16 2 0 2 7 1 2 7 0 2 7 1 2 7 0 2 7 5 30 3 1 2 7 1 2 7 17 18 2 0 2 7 1 2 7 0 2 7 0 2 4 16 31 2 1 2 7 0 2 7 0 2 4 0 2 7 0 2 7 1 2 7 17 1 2 13 6 3 12 16 2 0 2 7 0 2 7 8 9 2 5 31 3 17 9 2 1 2 7 1 2 7 1 2 7 0 2 7 0 2 7 0 2 7 0 2 4 5 30 3 0 2 7 0 2 7 1 2 4 0 61.0816833972930908
5 30 3 5 30 3 8 9 2 16 19 11 16 19 11 0 2 3 0 2 11 0 2 8 16 19 11 5 30 3 8 9 2 0 2 8 0 2 3 0 2 8 12 16 2 16 19 11 0 2 3 5 30 3 0 2 7 8 18 2 6 2 3 0 2 7 12 16 2 5 30 3 0 2 8 5 30 3 0 2 8 12 16 2 5 30 3 0 2 7 5 30 3 0 2 8 0 2 8 0 2 8 0 2 7 0 2 8 0 2 3 12 16 2 12 16 2 5 30 3 12 16 2 0 2 7 16 6 2 0 2 3 0 2 8 0 2 7 1 2 8 0 2 8 0 2 7 0 2 3 0 2 7 0 2 3 16 6 2 0 2 8 16 19 11 0 2 8 13 6 3 0 2 8 0 2 8 0 2 7 0 66.9529337882995605
5 30 3 5 30 3 8 9 2 5 30 3 8 18 2 12 16 2 6 2 7 12 16 2 0 2 7 0 2 7 17 9 2 5 31 3 0 2 7 0 2 11 5 30 3 1 2 7 0 2 7 0 2 4 0 2 7 8 18 2 0 2 11 0 2 7 0 2 7 0 2 1 0 2 7 0 2 7 1 2 7 0 2 7 0 2 7 1 2 7 0 2 7 5 30 3 0 2 7 6 2 7 12 16 2 17 9 2 0 2 7 16 6 2 17 9 2 13 6 3 1 2 7 1 2 7 16 19 11 0 2 7 0 2 7 1 2 7 0 2 11 1 2 7 5 30 3 12 16 2 0 2 7 17 18 2 0 2 7 0 2 7 0 2 11 0 2 7 0 2 7 6 2 7 16 15 2 5 30 3 0 62.6562474370002747
16 19 12 5 30 3 5 30 3 8 18 2 16 19 1 0 2 8 0 2 8 8 9 2 8 18 2 0 2 8 5 30 3 8 18 2 1 2 8 8 9 2 5 30 3 0 2 8 0 2 8 0 2 8 1 2 8 5 30 3 5 30 3 8 18 2 1 2 8 0 2 8 8 18 2 0 2 8 8 9 2 16 19 1 8 9 2 0 2 8 16 19 1 16 19 1 1 2 8 8 18 2 0 2 8 16 19 12 0 2 8 8 9 2 16 19 1 0 2 8 0 2 1 0 2 8 8 18 2 12 16 2 8 18 2 0 2 8 0 2 8 0 2 8 8 18 2 0 2 8 1 2 8 0 2 8 0 2 8 0 2 8 5 30 3 0 2 8 8 18 2 12 16 2 8 18 2 1 2 8 0.0114275010724849257 69.0035364627838135
9 2 7 5 30 3 5 30 3 0 2 7 8 9 2 0 2 7 16 19 12 0 2 7 16 19 12 0 2 8 0 2 7 9 2 7 1 2 8 0 2 7 0 2 8 16 19 12 5 30 3 8 9 2 1 2 8 0 2 8 0 2 7 0 2 8 8 9 2 8 18 2 16 19 12 8 9 2 0 2 8 5 30 3 0 2 8 8 9 2 0 2 7 16 15 2 8 18 2 8 18 2 0 2 8 8 18 2 1 2 7 1 2 7 16 19 12 0 2 7 1 2 7 8 9 2 12 16 2 5 30 3 1 2 8 0 2 8 5 30 3 0 2 8 0 2 7 8 9 2 1 2 7 12 16 2 5 30 3 16 19 12 2 3 3 0 2 7 0 2 8 0 2 7 1 2 7 0 2 7 0.00890915119317082539 66.09550940990448
8 9 2 5 30 3 12 16 2 12 16 2 12 16 2 12 16 2 5 30 3 5 30 3 13 6 3 12 16 2 1 2 7 0 2 3 0 2 8 16 19 12 0 2 8 1 2 8 0 2 3 5 31 3 1 2 7 0 2 8 0 2 8 1 2 7 0 2 8 0 2 7 0 2 8 1 2 7 1 2 7 5 31 3 0 2 7 1 2 7 1 2 7 5 30 3 0 2 7 0 2 8 8 18 2 0 2 8 16 18 11 0 2 7 0 2 7 0 2 8 0 2 8 0 2 4 0 2 7 8 18 2 17 9 2 0 2 8 0 2 7 5 30 3 1 2 7 0 2 8 0 2 4 1 2 8 0 2 8 0 2 7 0 2 7 0 2 3 0 2 3 0 2 4 0 2 3 0 2 3 0.000464000600244303049 65.8202833533287048
5 30 3 5 30 3 8 9 2 5 30 3 12 16 2 12 16 2 16 19 12 0 2 7 16 19 1 1 2 7 1 2 7 12 16 2 0 2 8 17 9 2 1 2 8 8 9 2 5 30 3 1 2 7 17 9 2 12 16 2 0 2 7 5 30 3 0 2 7 1 2 4 0 2 7 5 31 3 17 1 2 17 18 2 1 2 7 0 2 7 0 2 7 1 2 7 16 19 1 16 19 1 1 2 7 8 18 2 1 2 7 1 2 4 0 2 8 8 9 2 0 2 7 0 2 7 0 2 1 1 2 7 1 2 7 8 18 2 0 2 8 0 2 7 0 2 8 0 2 7 0 2 7 1 2 8 0 2 8 0 2 8 0 2 7 0 2 7 0 2 8 0 2 7 1 2 7 1 2 8 0.017548518517955216 64.3913899660110474
8 18 2 5 30 3 16 15 2 16 15 2 6 3 2 16 15 2 8 18 2 5 30 3 5 30 3 6 2 8 16 15 2 5 30 3 8 9 2 8 18 2 5 30 3 0 2 8 0 2 8 0 2 8 6 2 8 6 2 12 8 9 2 6 2 8 6 2 8 6 2 12 16 20 12 0 2 8 0 2 8 6 2 8 16 20 12 0 2 12 5 30 3 8 9 2 0 2 8 8 9 2 0 2 12 6 2 8 16 20 12 6 2 12 8 18 2 8 18 2 6 2 8 6 2 8 6 2 8 8 18 2 5 30 3 8 18 2 6 2 12 8 9 2 8 9 2 8 18 2 8 9 2 6 2 8 5 30 3 8 9 2 8 18 2 12 16 2 8 18 2 6 2 12 5 30 3 6 3 2 0.0874339467986067348 64.8063948154449463
5 30 3 5 30 3 8 18 2 8 9 2 5 30 3 5 30 3 5 30 3 5 30 3 12 16 2 5 30 3 12 16 2 1 2 7 16 19 1 0 2 8 0 2 8 0 2 7 0 2 8 8 18 2 1 2 8 0 2 3 1 2 3 0 2 7 0 2 7 0 2 7 1 2 3 1 2 8 0 2 7 0 2 7 16 9 8 8 9 2 16 19 1 8 9 2 0 2 7 16 19 1 16 19 1 0 2 7 1 2 7 0 2 7 16 19 12 0 2 3 1 2 3 16 19 1 16 30 2 0 2 3 0 2 8 1 2 7 8 18 2 16 6 2 0 2 8 0 2 8 8 18 2 0 2 8 1 2 8 1 2 7 0 2 8 0 2 8 0 2 7 12 16 2 13 6 3 0 2 3 0.0513658790700112153 65.5181592702865601
5 30 3 5 30 3 8 9 2 5 30 3 12 16 2 12 16 2 0 2 7 12 16 2 1 2 7 1 2 7 8 9 2 5 30 3 12 16 2 0 2 3 5 30 3 0 2 7 5 30 3 0 2 7 0 2 11 8 18 2 0 2 3 0 2 7 0 2 7 0 2 7 0 2 7 0 2 7 0 2 7 0 2 7 0 2 3 16 9 11 16 19 11 1 2 7 5 30 3 0 2 7 1 2 7 16 19 11 0 2 7 5 30 3 0 2 7 17 18 2 16 19 11 0 2 3 0 2 7 16 19 11 0 2 7 16 19 11 1 2 7 0 2 7 0 2 7 0 2 3 1 2 7 0 2 7 0 2 7 0 2 7 1 2 3 1 2 11 0 2 11 0 2 7 0 2 3 0 2 7 0 64.5362879633903503

Current Evaluation = 2700(2700)
Front Size = 10
16 20 12 0 2 7 0 2 7 0 2 7 5 31 3 1 2 7 1 2 7 17 18 2 12 16 2 12 16 2 12 16 2 1 2 7 0 2 7 0 2 7 17 9 2 0 2 4 0 2 7 1 2 3 5 30 3 0 2 7 12 16 2 0 2 7 1 2 7 0 2 7 1 2 7 0 2 7 5 30 3 1 2 7 1 2 7 17 18 2 0 2 7 1 2 7 0 2 7 0 2 4 16 31 2 1 2 7 0 2 7 0 2 4 0 2 7 0 2 7 1 2 7 17 1 2 13 6 3 12 16 2 0 2 7 0 2 7 8 9 2 5 31 3 17 9 2 1 2 7 1 2 7 1 2 7 0 2 7 0 2 7 0 2 7 0 2 4 5 30 3 0 2 7 0 2 7 1 2 4 0 61.0816833972930908
0 2 7 5 30 3 16 19 11 16 6 2 6 2 3 16 19 11 16 19 11 17 9 2 5 30 3 8 9 2 5 30 3 5 31 3 5 30 3 12 16 2 5 30 3 5 30 3 12 16 2 0 2 7 0 2 3 0 2 7 0 2 7 0 2 7 0 2 7 1 2 3 0 2 7 16 19 11 0 2 7 1 2 3 0 2 7 0 2 7 8 18 2 0 2 3 1 2 3 16 6 2 1 2 3 1 2 7 0 2 7 0 2 7 0 2 3 1 2 7 0 2 7 0 2 7 0 2 7 5 30 3 0 2 7 0 2 7 1 2 7 0 2 3 0 2 3 0 2 7 0 2 7 0 2 7 1 2 3 0 2 7 0 2 7 0 2 7 0 2 3 1 2 7 0 2 3 0 2 7 0 63.787040114402771
5 30 3 5 30 3 17 18 2 5 30 3 12 16 2 12 16 2 0 2 8 0 2 8 12 16 2 1 2 12 1 2 4 5 30 3 0 2 7 0 2 8 12 16 2 0 2 8 5 30 3 8 18 2 0 2 7 0 2 7 0 2 8 1 2 11 0 2 12 1 2 12 0 2 7 0 2 7 0 2 8 0 2 7 0 2 7 0 2 8 8 9 2 0 2 7 8 18 2 0 2 7 0 2 7 0 2 8 16 19 12 0 2 7 8 9 2 0 2 7 1 2 8 0 2 3 0 2 11 0 2 11 0 2 3 17 9 2 5 30 3 16 6 2 16 19 12 0 2 3 0 2 3 1 2 11 8 9 2 5 30 3 16 19 11 5 30 3 0 2 7 1 2 3 16 19 11 0 2 8 0 66.067470908164978
5 30 3 5 31 3 5 30 3 0 2 11 0 2 11 5 30 3 17 9 2 0 2 11 0 2 11 0 2 7 17 18 2 0 2 3 0 2 11 5 30 3 0 2 8 0 2 8 16 6 2 0 2 11 0 2 11 0 2 11 0 2 8 12 16 2 12 16 2 5 30 3 1 2 8 5 30 3 0 2 11 0 2 8 0 2 8 16 19 11 5 30 3 16 19 11 0 2 12 0 2 8 0 2 11 0 2 11 16 19 11 6 2 8 0 2 11 6 2 11 0 2 8 0 2 11 0 2 8 0 2 8 0 2 8 0 2 11 0 2 11 5 30 3 0 2 11 0 2 11 16 6 2 0 2 3 12 16 2 8 9 2 0 2 11 0 2 8 0 2 11 6 2 11 8 18 2 5 30 3 0 67.6391651630401611
9 2 7 5 30 3 5 30 3 0 2 7 8 9 2 0 2 7 16 19 12 0 2 7 16 19 12 0 2 8 0 2 7 9 2 7 1 2 8 0 2 7 0 2 8 16 19 12 5 30 3 8 9 2 1 2 8 0 2 8 0 2 7 0 2 8 8 9 2 8 18 2 16 19 12 8 9 2 0 2 8 5 30 3 0 2 8 8 9 2 0 2 7 16 15 2 8 18 2 8 18 2 0 2 8 8 18 2 1 2 7 1 2 7 16 19 12 0 2 7 1 2 7 8 9 2 12 16 2 5 30 3 1 2 8 0 2 8 5 30 3 0 2 8 0 2 7 8 9 2 1 2 7 12 16 2 5 30 3 16 19 12 2 3 3 0 2 7 0 2 8 0 2 7 1 2 7 0 2 7 0.00890915119317082539 66.09550940990448
0 2 7 0 2 7 0 2 7 5 31 3 1 2 4 0 2 7 17 9 2 12 16 2 1 2 4 0 2 7 0 2 3 17 9 2 0 2 7 0 2 3 5 30 3 5 30 3 1 2 4 0 2 3 0 2 3 0 2 7 5 31 3 0 2 3 0 2 7 0 2 4 1 2 7 0 2 3 1 2 7 16 19 11 8 9 2 0 2 7 0 2 7 0 2 3 5 30 3 0 2 3 6 2 7 1 2 7 1 2 7 1 2 7 1 2 7 16 18 11 0 2 3 16 6 2 0 2 4 17 18 2 16 19 11 0 2 7 0 2 7 0 2 7 1 2 7 0 2 7 1 2 4 0 2 7 12 16 2 5 30 3 1 2 7 0 2 3 0 2 3 1 2 7 1 2 7 0 2 4 0 62.7071195840835571
16 19 12 5 30 3 5 30 3 8 18 2 16 19 1 0 2 8 0 2 8 8 9 2 8 18 2 0 2 8 5 30 3 8 18 2 1 2 8 8 9 2 5 30 3 0 2 8 0 2 8 0 2 8 1 2 8 5 30 3 5 30 3 8 18 2 1 2 8 0 2 8 8 18 2 0 2 8 8 9 2 16 19 1 8 9 2 0 2 8 16 19 1 16 19 1 1 2 8 8 18 2 0 2 8 16 19 12 0 2 8 8 9 2 16 19 1 0 2 8 0 2 1 0 2 8 8 18 2 12 16 2 8 18 2 0 2 8 0 2 8 0 2 8 8 18 2 0 2 8 1 2 8 0 2 8 0 2 8 0 2 8 5 30 3 0 2 8 8 18 2 12 16 2 8 18 2 1 2 8 0.0114275010724849257 69.0035364627838135
5 30 3 5 30 3 0 2 7 12 16 2 0 2 7 16 19 11 0 2 7 6 2 11 12 16 2 0 2 11 0 2 7 6 2 7 0 2 7 5 30 3 5 30 3 0 2 7 0 2 7 0 2 7 1 2 7 8 18 2 0 2 11 5 30 3 0 2 7 0 2 1 17 18 2 0 2 7 0 2 7 12 16 2 5 30 3 0 2 7 5 30 3 0 2 11 1 2 7 12 16 2 0 2 7 0 2 11 1 2 7 0 2 7 0 2 11 5 30 3 0 2 7 0 2 7 1 2 3 8 9 2 0 2 7 16 19 11 17 18 2 8 18 2 1 2 7 0 2 7 16 32 2 0 2 7 1 2 7 0 2 7 8 9 2 1 2 7 0 2 11 0 2 7 17 9 2 16 19 1 0 64.0201455950737
5 30 3 5 30 3 8 9 2 5 30 3 12 16 2 12 16 2 16 19 12 0 2 7 16 19 1 1 2 7 1 2 7 12 16 2 0 2 8 17 9 2 1 2 8 8 9 2 5 30 3 1 2 7 17 9 2 12 16 2 0 2 7 5 30 3 0 2 7 1 2 4 0 2 7 5 31 3 17 1 2 17 18 2 1 2 7 0 2 7 0 2 7 1 2 7 16 19 1 16 19 1 1 2 7 8 18 2 1 2 7 1 2 4 0 2 8 8 9 2 0 2 7 0 2 7 0 2 1 1 2 7 1 2 7 8 18 2 0 2 8 0 2 7 0 2 8 0 2 7 0 2 7 1 2 8 0 2 8 0 2 8 0 2 7 0 2 7 0 2 8 0 2 7 1 2 7 1 2 8 0.017548518517955216 64.3913899660110474
5 30 3 5 30 3 17 18 2 5 30 3 12 16 2 12 16 2 12 16 2 1 2 4 0 2 7 12 16 2 0 2 7 0 2 7 0 2 7 0 2 7 0 2 7 0 2 7 8 9 2 0 2 7 0 2 7 0 2 7 0 2 7 0 2 7 17 9 2 0 2 7 1 2 3 17 18 2 0 2 8 1 2 7 16 20 12 0 2 8 16 31 2 5 30 3 1 2 7 13 6 3 1 2 11 1 2 7 0 2 4 0 2 8 0 2 8 8 18 2 0 2 8 0 2 7 8 9 2 1 2 8 0 2 3 0 2 4 0 2 11 0 2 7 5 30 3 16 6 2 1 2 7 1 2 7 1 2 7 1 2 11 8 9 2 0 2 7 0 2 7 0 2 4 16 19 11 1 2 7 0.00101639069721330168 62.5493066310882568

Current Evaluation = 3600(3600)
Front Size = 10
16 20 12 0 2 7 0 2 7 0 2 7 5 31 3 1 2 7 1 2 7 17 18 2 12 16 2 12 16 2 12 16 2 1 2 7 0 2 7 0 2 7 17 9 2 0 2 4 0 2 7 1 2 3 5 30 3 0 2 7 12 16 2 0 2 7 1 2 7 0 2 7 1 2 7 0 2 7 5 30 3 1 2 7 1 2 7 17 18 2 0 2 7 1 2 7 0 2 7 0 2 4 16 31 2 1 2 7 0 2 7 0 2 4 0 2 7 0 2 7 1 2 7 17 1 2 13 6 3 12 16 2 0 2 7 0 2 7 8 9 2 5 31 3 17 9 2 1 2 7 1 2 7 1 2 7 0 2 7 0 2 7 0 2 7 0 2 4 5 30 3 0 2 7 0 2 7 1 2 4 0 61.0816833972930908
5 30 3 5 31 3 5 30 3 0 2 11 0 2 11 5 30 3 17 9 2 0 2 11 0 2 11 0 2 7 17 18 2 0 2 3 0 2 11 5 30 3 0 2 8 0 2 8 16 6 2 0 2 11 0 2 11 0 2 11 0 2 8 12 16 2 12 16 2 5 30 3 1 2 8 5 30 3 0 2 11 0 2 8 0 2 8 16 19 11 5 30 3 16 19 11 0 2 12 0 2 8 0 2 11 0 2 11 16 19 11 6 2 8 0 2 11 6 2 11 0 2 8 0 2 11 0 2 8 0 2 8 0 2 8 0 2 11 0 2 11 5 30 3 0 2 11 0 2 11 16 6 2 0 2 3 12 16 2 8 9 2 0 2 11 0 2 8 0 2 11 6 2 11 8 18 2 5 30 3 0 67.6391651630401611
0 2 7 0 2 3 1 2 3 5 30 3 1 2 3 0 2 7 12 16 2 12 16 2 0 2 7 0 2 4 1 2 3 17 9 2 0 2 3 1 2 7 5 30 3 0 2 10 0 2 7 0 2 7 16 19 12 1 2 7 1 2 3 0 2 4 0 2 7 1 2 3 0 2 3 0 2 3 0 2 3 0 2 3 17 9 2 0 2 4 0 2 7 1 2 3 5 30 3 1 2 7 1 2 3 16 18 12 8 9 2 16 18 8 0 2 3 16 6 2 1 2 4 5 30 3 0 2 3 1 2 3 1 2 3 0 2 7 0 2 3 1 2 7 0 2 7 0 2 4 5 30 3 0 2 3 16 6 2 0 2 3 5 31 3 0 2 7 0 2 3 1 2 3 0 2 3 0 2 7 0 63.7075238227844238
0 2 7 0 2 3 1 2 7 5 30 3 1 2 11 16 19 11 17 9 2 0 2 11 1 2 7 0 2 7 17 9 2 0 2 7 0 2 7 5 30 3 0 2 7 1 2 3 1 2 11 0 2 4 0 2 11 0 2 11 16 6 2 1 2 11 0 2 7 0 2 11 6 2 7 0 2 7 16 6 2 12 16 2 0 2 7 0 2 3 0 2 7 16 6 2 5 30 3 8 18 2 17 18 2 0 2 7 5 30 3 0 2 7 8 9 2 8 18 2 0 2 4 0 2 7 0 2 7 5 31 3 0 2 3 0 2 3 1 2 7 1 2 7 5 30 3 5 30 3 0 2 7 0 2 7 0 2 7 0 2 8 0 2 3 0 2 7 1 2 7 5 30 3 1 2 7 1 2 7 0 62.9728235602378845
0 2 7 0 2 11 0 2 7 5 31 3 6 2 7 0 2 7 17 9 2 0 2 4 1 2 7 0 2 3 17 9 2 6 2 7 0 2 7 5 30 3 5 31 3 1 2 4 0 2 3 1 2 7 0 2 4 0 2 7 0 2 7 1 2 7 17 9 2 1 2 7 17 9 2 0 2 7 0 2 7 1 2 7 5 31 3 0 2 4 0 2 7 1 2 7 0 2 7 16 6 2 1 2 7 0 2 3 12 16 2 5 31 3 0 2 3 0 2 7 0 2 7 1 2 7 0 2 3 0 2 7 16 9 11 0 2 3 1 2 7 1 2 7 1 2 7 1 2 4 0 2 3 0 2 7 1 2 7 1 2 4 16 6 2 1 2 7 0 2 3 1 2 7 0 2 4 0 2 7 0 61.4817599654197693
16 19 12 5 30 3 5 30 3 8 18 2 16 19 1 0 2 8 0 2 8 8 9 2 8 18 2 0 2 8 5 30 3 8 18 2 1 2 8 8 9 2 5 30 3 0 2 8 0 2 8 0 2 8 1 2 8 5 30 3 5 30 3 8 18 2 1 2 8 0 2 8 8 18 2 0 2 8 8 9 2 16 19 1 8 9 2 0 2 8 16 19 1 16 19 1 1 2 8 8 18 2 0 2 8 16 19 12 0 2 8 8 9 2 16 19 1 0 2 8 0 2 1 0 2 8 8 18 2 12 16 2 8 18 2 0 2 8 0 2 8 0 2 8 8 18 2 0 2 8 1 2 8 0 2 8 0 2 8 0 2 8 5 30 3 0 2 8 8 18 2 12 16 2 8 18 2 1 2 8 0.0114275010724849257 69.0035364627838135
0 2 7 0 2 7 0 2 7 5 30 3 16 19 11 17 9 2 1 2 7 0 2 7 17 9 2 1 2 7 0 2 7 5 31 3 0 2 7 0 2 7 16 6 2 1 2 7 6 2 4 1 2 7 12 16 2 0 2 7 0 2 7 0 2 7 5 31 3 17 18 2 1 2 7 5 30 3 0 2 7 8 9 2 0 2 7 1 2 7 0 2 7 5 31 3 0 2 7 0 2 7 1 2 11 0 2 7 6 2 7 0 2 7 0 2 7 6 2 7 0 2 7 0 2 7 1 2 7 1 2 7 5 31 3 0 2 7 0 2 7 0 2 7 0 2 7 0 2 7 1 2 7 16 6 2 0 2 7 17 18 2 0 2 7 5 30 3 1 2 4 0 2 7 0 2 11 5 30 3 0 61.9302274584770203
5 30 3 5 30 3 17 18 2 5 30 3 12 16 2 12 16 2 0 2 8 0 2 8 12 16 2 1 2 12 1 2 4 5 30 3 0 2 7 0 2 8 12 16 2 0 2 8 5 30 3 8 18 2 0 2 7 0 2 7 0 2 8 1 2 11 0 2 12 1 2 12 0 2 7 0 2 7 0 2 8 0 2 7 0 2 7 0 2 8 8 9 2 0 2 7 8 18 2 0 2 7 0 2 7 0 2 8 16 19 12 0 2 7 8 9 2 0 2 7 1 2 8 0 2 3 0 2 11 0 2 11 0 2 3 17 9 2 5 30 3 16 6 2 16 19 12 0 2 3 0 2 3 1 2 11 8 9 2 5 30 3 16 19 11 5 30 3 0 2 7 1 2 3 16 19 11 0 2 8 0 66.067470908164978
5 30 3 5 31 3 0 2 11 17 9 2 0 2 7 0 2 3 16 6 2 12 16 2 16 6 2 0 2 3 1 2 7 0 2 11 5 30 3 0 2 7 1 2 3 17 18 2 0 2 11 5 30 3 0 2 7 0 2 7 0 2 11 5 31 3 0 2 7 0 2 8 12 16 2 1 2 7 1 2 8 1 2 7 0 2 7 1 2 7 0 2 7 16 19 11 16 9 11 1 2 7 0 2 7 0 2 8 0 2 11 0 2 11 16 19 11 6 2 8 1 2 3 6 2 11 0 2 8 0 2 11 1 2 3 0 2 8 0 2 8 0 2 11 0 2 11 0 2 7 0 2 3 0 2 11 12 16 2 0 2 7 1 2 7 0 2 7 5 31 3 1 2 7 8 18 2 5 30 3 5.93923900354769654e-06 64.8744464516639709
5 30 3 8 18 2 17 18 2 5 30 3 5 30 3 5 30 3 5 30 3 12 16 2 5 30 3 1 2 11 0 2 7 16 19 11 0 2 7 5 30 3 0 2 7 16 19 11 0 2 7 0 2 7 0 2 7 0 2 7 17 9 2 0 2 7 8 18 2 0 2 11 8 18 2 5 30 3 12 16 2 0 2 7 0 2 7 1 2 7 0 2 7 0 2 7 0 2 7 0 2 7 0 2 7 0 2 7 12 16 2 0 2 11 16 24 2 0 2 7 1 2 7 1 2 4 1 2 11 17 9 2 1 2 11 0 2 11 0 2 7 0 2 7 0 2 7 1 2 7 0 2 7 1 2 7 0 2 7 0 2 7 0 2 11 1 2 11 8 9 2 16 19 11 0 2 7 0 2 7 0 63.5956910848617554

Current Evaluation = 4500(4500)
Front Size = 10
8 9 2 0 2 7 0 2 7 5 31 3 1 2 4 1 2 7 12 16 2 1 2 7 0 2 7 0 2 7 17 9 2 0 2 4 0 2 7 5 30 3 0 2 7 0 2 7 1 2 4 0 2 7 1 2 7 0 2 7 1 2 7 1 2 7 0 2 4 1 2 7 0 2 7 0 2 7 8 1 2 0 2 4 0 2 4 0 2 7 1 2 7 1 2 4 5 31 3 17 9 2 1 2 7 0 2 7 1 2 7 0 2 4 1 2 7 0 2 7 17 18 2 12 16 2 5 31 3 1 2 7 17 9 2 5 30 3 17 9 2 0 2 7 17 9 2 1 2 7 0 2 7 0 2 7 0 2 7 1 2 7 0 2 7 0 2 7 0 2 7 16 6 2 0 2 7 1 2 7 0 60.8987715244293213
16 19 12 5 30 3 5 30 3 8 18 2 16 19 1 0 2 8 0 2 8 8 9 2 8 18 2 0 2 8 5 30 3 8 18 2 1 2 8 8 9 2 5 30 3 0 2 8 0 2 8 0 2 8 1 2 8 5 30 3 5 30 3 8 18 2 1 2 8 0 2 8 8 18 2 0 2 8 8 9 2 16 19 1 8 9 2 0 2 8 16 19 1 16 19 1 1 2 8 8 18 2 0 2 8 16 19 12 0 2 8 8 9 2 16 19 1 0 2 8 0 2 1 0 2 8 8 18 2 12 16 2 8 18 2 0 2 8 0 2 8 0 2 8 8 18 2 0 2 8 1 2 8 0 2 8 0 2 8 0 2 8 5 30 3 0 2 8 8 18 2 12 16 2 8 18 2 1 2 8 0.0114275010724849257 69.0035364627838135
5 30 3 5 30 3 17 18 2 5 30 3 12 16 2 12 16 2 0 2 8 0 2 8 12 16 2 1 2 12 1 2 4 5 30 3 0 2 7 0 2 8 12 16 2 0 2 8 5 30 3 8 18 2 0 2 7 0 2 7 0 2 8 1 2 11 0 2 12 1 2 12 0 2 7 0 2 7 0 2 8 0 2 7 0 2 7 0 2 8 8 9 2 0 2 7 8 18 2 0 2 7 0 2 7 0 2 8 16 19 12 0 2 7 8 9 2 0 2 7 1 2 8 0 2 3 0 2 11 0 2 11 0 2 3 17 9 2 5 30 3 16 6 2 16 19 12 0 2 3 0 2 3 1 2 11 8 9 2 5 30 3 16 19 11 5 30 3 0 2 7 1 2 3 16 19 11 0 2 8 0 66.067470908164978
5 30 3 5 30 3 5 30 3 0 2 7 1 2 7 17 9 2 17 18 2 5 30 3 12 16 2 0 2 11 8 18 2 5 30 3 8 18 2 16 19 11 0 2 7 1 2 7 0 2 7 1 2 7 5 30 3 16 6 2 0 2 7 0 2 7 0 2 7 0 2 11 0 2 7 0 2 7 0 2 11 0 2 7 0 2 7 1 2 7 0 2 4 12 16 2 1 2 11 0 2 7 0 2 7 1 2 7 0 2 3 16 6 2 17 9 2 1 2 11 0 2 11 1 2 7 5 30 3 8 9 2 0 2 7 0 2 7 1 2 11 0 2 7 0 2 3 8 18 2 1 2 7 16 19 11 0 2 7 0 2 1 0 2 7 0 2 7 0 2 7 5 30 3 0 2 7 0 2 11 0 63.3646563291549683
0 2 7 0 2 3 1 2 3 5 30 3 1 2 3 0 2 7 12 16 2 12 16 2 0 2 7 0 2 4 1 2 3 17 9 2 0 2 3 1 2 7 5 30 3 0 2 10 0 2 7 0 2 7 16 19 12 1 2 7 1 2 3 0 2 4 0 2 7 1 2 3 0 2 3 0 2 3 0 2 3 0 2 3 17 9 2 0 2 4 0 2 7 1 2 3 5 30 3 1 2 7 1 2 3 16 18 12 8 9 2 16 18 8 0 2 3 16 6 2 1 2 4 5 30 3 0 2 3 1 2 3 1 2 3 0 2 7 0 2 3 1 2 7 0 2 7 0 2 4 5 30 3 0 2 3 16 6 2 0 2 3 5 31 3 0 2 7 0 2 3 1 2 3 0 2 3 0 2 7 0 63.7075238227844238
1 2 7 0 2 7 0 2 7 8 18 2 17 9 2 5 30 3 0 2 7 17 18 2 0 2 7 1 2 7 0 2 7 0 2 7 0 2 7 1 2 7 0 2 7 12 16 2 0 2 7 0 2 7 0 2 7 5 30 3 8 18 2 0 2 7 5 31 3 0 2 7 0 2 7 1 2 7 1 2 7 5 30 3 0 2 7 1 2 7 0 2 4 0 2 7 0 2 7 0 2 7 0 2 4 1 2 7 1 2 4 6 2 7 0 2 7 1 2 7 0 2 7 6 2 7 16 15 2 1 2 7 6 2 7 1 2 7 17 18 2 5 31 3 0 2 7 0 2 7 0 2 3 0 2 7 16 30 2 0 2 7 17 18 2 16 15 2 5 31 3 1 2 7 0 2 7 5 30 3 0 61.3870596289634705
0 2 7 0 2 3 1 2 7 5 30 3 1 2 3 0 2 7 12 16 2 12 16 2 0 2 7 0 2 7 0 2 3 1 2 7 5 30 3 0 2 7 0 2 3 1 2 7 0 2 7 1 2 3 1 2 3 0 2 7 0 2 7 0 2 7 5 30 3 0 2 3 17 9 2 0 2 4 16 6 2 1 2 7 13 6 3 0 2 3 1 2 7 0 2 7 0 2 7 0 2 7 5 30 3 0 2 4 6 2 7 0 2 7 5 31 3 0 2 3 1 2 7 0 2 7 17 9 2 0 2 7 16 6 2 0 2 7 12 16 2 0 2 4 17 9 2 1 2 3 0 2 7 6 2 7 16 9 11 0 2 3 0 2 7 1 2 7 5 31 3 8 9 2 16 15 2 1 2 3 0 62.1306115984916687
5 30 3 5 31 3 5 30 3 0 2 11 0 2 11 5 30 3 17 9 2 0 2 11 0 2 11 0 2 7 17 18 2 0 2 3 0 2 11 5 30 3 0 2 8 0 2 8 16 6 2 0 2 11 0 2 11 0 2 11 0 2 8 12 16 2 12 16 2 5 30 3 1 2 8 5 30 3 0 2 11 0 2 8 0 2 8 16 19 11 5 30 3 16 19 11 0 2 12 0 2 8 0 2 11 0 2 11 16 19 11 6 2 8 0 2 11 6 2 11 0 2 8 0 2 11 0 2 8 0 2 8 0 2 8 0 2 11 0 2 11 5 30 3 0 2 11 0 2 11 16 6 2 0 2 3 12 16 2 8 9 2 0 2 11 0 2 8 0 2 11 6 2 11 8 18 2 5 30 3 0 67.6391651630401611
5 30 3 5 31 3 0 2 11 17 9 2 0 2 7 0 2 3 16 6 2 12 16 2 16 6 2 0 2 3 1 2 7 0 2 11 5 30 3 0 2 7 1 2 3 17 18 2 0 2 11 5 30 3 0 2 7 0 2 7 0 2 11 5 31 3 0 2 7 0 2 8 12 16 2 1 2 7 1 2 8 1 2 7 0 2 7 1 2 7 0 2 7 16 19 11 16 9 11 1 2 7 0 2 7 0 2 8 0 2 11 0 2 11 16 19 11 6 2 8 1 2 3 6 2 11 0 2 8 0 2 11 1 2 3 0 2 8 0 2 8 0 2 11 0 2 11 0 2 7 0 2 3 0 2 11 12 16 2 0 2 7 1 2 7 0 2 7 5 31 3 1 2 7 8 18 2 5 30 3 5.93923900354769654e-06 64.8744464516639709
0 2 7 0 2 3 5 30 3 12 16 2 12 16 2 17 9 2 0 2 3 5 30 3 5 30 3 8 9 2 16 6 2 5 30 3 5 30 3 16 6 2 5 31 3 1 2 3 0 2 11 0 2 11 0 2 7 16 19 11 1 2 3 0 2 11 0 2 10 0 2 7 0 2 7 16 19 12 1 2 7 5 30 3 0 2 4 0 2 7 1 2 3 0 2 3 0 2 12 0 2 3 0 2 3 0 2 11 0 2 4 0 2 7 1 2 3 1 2 7 1 2 3 0 2 11 16 18 8 0 2 3 1 2 4 0 2 11 1 2 3 6 2 11 0 2 11 0 2 3 8 18 2 0 2 11 0 2 4 0 2 3 0 2 3 5 30 3 0 2 3 1 2 3 0 2 3 0 2 7 0.00212526030341193351 65.1137502193450928

Current Evaluation = 5400(5400)
Front Size = 10
0 2 7 1 2 7 5 31 3 1 2 3 12 16 2 12 16 2 1 2 7 0 2 7 1 2 7 5 30 3 0 2 7 1 2 7 0 2 7 0 2 7 0 2 7 0 2 7 17 9 2 0 2 7 16 31 2 1 2 7 0 2 7 0 2 7 0 2 7 0 2 7 16 6 2 0 2 7 5 31 3 1 2 7 0 2 4 17 9 2 0 2 7 0 2 7 0 2 7 17 9 2 0 2 7 1 2 7 1 2 7 5 31 3 17 9 2 0 2 7 1 2 7 0 2 7 0 2 7 1 2 7 1 2 7 1 2 7 0 2 4 13 6 3 0 2 7 1 2 7 0 2 7 1 2 7 16 6 2 12 16 2 1 2 7 1 2 7 0 2 7 0 2 7 8 9 2 1 2 4 0 60.3695465326309204
5 30 3 5 30 3 5 30 3 16 19 11 8 9 2 0 2 3 8 18 2 0 2 3 5 30 3 12 16 2 12 16 2 0 2 7 12 16 2 8 9 2 16 6 2 6 2 7 0 2 7 0 2 3 0 2 7 0 2 3 16 6 2 0 2 7 5 30 3 1 2 3 0 2 7 5 30 3 0 2 3 1 2 7 1 2 7 0 2 7 0 2 3 16 19 11 1 2 3 0 2 3 1 2 7 0 2 3 1 2 7 0 2 3 16 19 11 0 2 3 0 2 7 0 2 3 0 2 3 0 2 7 0 2 3 1 2 7 0 2 3 0 2 7 0 2 7 5 30 3 0 2 7 0 2 3 16 6 2 5 30 3 0 2 3 0 2 3 1 2 7 0 2 3 0 2 7 16 6 2 0 64.0887232422828674
12 16 2 5 31 3 5 30 3 1 2 3 1 2 7 17 9 2 17 18 2 5 30 3 12 16 2 0 2 7 8 18 2 5 30 3 17 18 2 16 6 2 1 2 11 1 2 7 0 2 3 1 2 7 5 30 3 16 15 2 0 2 7 0 2 7 6 2 7 0 2 7 0 2 7 0 2 7 0 2 4 0 2 7 1 2 11 1 2 11 0 2 7 12 16 2 1 2 7 0 2 7 0 2 4 1 2 11 0 2 7 16 6 2 8 9 2 1 2 7 0 2 7 0 2 7 5 30 3 8 9 2 0 2 7 0 2 7 0 2 11 0 2 7 0 2 7 8 18 2 0 2 4 16 19 11 0 2 7 0 2 7 0 2 7 0 2 7 0 2 7 5 30 3 0 2 7 0 2 7 0 62.5709211230278015
5 30 3 5 31 3 5 30 3 0 2 11 0 2 11 5 30 3 17 9 2 0 2 11 0 2 11 0 2 7 17 18 2 0 2 3 0 2 11 5 30 3 0 2 8 0 2 8 16 6 2 0 2 11 0 2 11 0 2 11 0 2 8 12 16 2 12 16 2 5 30 3 1 2 8 5 30 3 0 2 11 0 2 8 0 2 8 16 19 11 5 30 3 16 19 11 0 2 12 0 2 8 0 2 11 0 2 11 16 19 11 6 2 8 0 2 11 6 2 11 0 2 8 0 2 11 0 2 8 0 2 8 0 2 8 0 2 11 0 2 11 5 30 3 0 2 11 0 2 11 16 6 2 0 2 3 12 16 2 8 9 2 0 2 11 0 2 8 0 2 11 6 2 11 8 18 2 5 30 3 0 67.6391651630401611
5 30 3 5 30 3 17 18 2 5 30 3 12 16 2 12 16 2 0 2 8 0 2 8 12 16 2 1 2 12 1 2 4 5 30 3 0 2 7 0 2 8 12 16 2 0 2 8 5 30 3 8 18 2 0 2 7 0 2 7 0 2 8 1 2 11 0 2 12 1 2 12 0 2 7 0 2 7 0 2 8 0 2 7 0 2 7 0 2 8 8 9 2 0 2 7 8 18 2 0 2 7 0 2 7 0 2 8 16 19 12 0 2 7 8 9 2 0 2 7 1 2 8 0 2 3 0 2 11 0 2 11 0 2 3 17 9 2 5 30 3 16 6 2 16 19 12 0 2 3 0 2 3 1 2 11 8 9 2 5 30 3 16 19 11 5 30 3 0 2 7 1 2 3 16 19 11 0 2 8 0 66.067470908164978
0 2 7 0 2 3 5 30 3 12 16 2 12 16 2 17 9 2 0 2 3 5 30 3 5 30 3 8 9 2 16 6 2 5 30 3 5 30 3 16 6 2 5 31 3 1 2 3 0 2 11 0 2 11 0 2 7 16 19 11 1 2 3 0 2 11 0 2 10 0 2 7 0 2 7 16 19 12 1 2 7 5 30 3 0 2 4 0 2 7 1 2 3 0 2 3 0 2 12 0 2 3 0 2 3 0 2 11 0 2 4 0 2 7 1 2 3 1 2 7 1 2 3 0 2 11 16 18 8 0 2 3 1 2 4 0 2 11 1 2 3 6 2 11 0 2 11 0 2 3 8 18 2 0 2 11 0 2 4 0 2 3 0 2 3 5 30 3 0 2 3 1 2 3 0 2 3 0 2 7 0.00212526030341193351 65.1137502193450928
1 2 3 0 2 7 5 30 3 1 2 7 12 16 2 0 2 3 0 2 7 0 2 7 17 9 2 5 30 3 0 2 7 0 2 7 12 16 2 0 2 7 1 2 7 0 2 7 0 2 7 17 18 2 12 16 2 13 6 3 5 30 3 5 30 3 0 2 7 0 2 3 0 2 7 0 2 7 1 2 7 1 2 3 1 2 7 17 9 2 1 2 7 1 2 7 0 2 7 1 2 7 1 2 7 1 2 7 0 2 7 0 2 7 0 2 7 0 2 3 0 2 4 0 2 4 0 2 4 0 2 7 0 2 4 1 2 4 16 24 2 5 30 3 0 2 3 0 2 3 5 31 3 0 2 3 5 30 3 0 2 4 0 2 4 1 2 3 16 6 2 1 2 7 0 2 4 8 9 2 0.00572073483094310588 62.1089555025100708
1 2 4 0 2 7 0 2 7 17 9 2 5 31 3 1 2 4 0 2 7 1 2 7 0 2 7 0 2 7 0 2 7 0 2 7 1 2 4 12 16 2 0 2 7 5 31 3 0 2 7 1 2 7 5 30 3 1 2 7 0 2 7 1 2 4 5 31 3 0 2 7 1 2 7 0 2 7 0 2 7 0 2 7 0 2 7 0 2 7 0 2 7 0 2 7 0 2 7 1 2 7 0 2 7 1 2 7 0 2 7 5 30 3 0 2 7 0 2 7 0 2 7 1 2 7 5 31 3 1 2 7 5 30 3 0 2 7 16 6 2 13 6 3 0 2 7 6 2 7 0 2 7 17 18 2 1 2 7 17 18 2 0 2 7 16 6 2 8 18 2 16 6 2 17 9 2 12 16 2 0 60.9675554633140564
5 30 3 1 2 7 1 2 7 0 2 11 0 2 7 1 2 10 0 2 3 12 16 2 1 2 7 1 2 4 1 2 4 5 31 3 1 2 7 0 2 3 0 2 7 0 2 3 0 2 7 1 2 7 6 2 7 0 2 7 0 2 7 5 31 3 1 2 3 5 30 3 1 2 7 5 30 3 16 6 2 1 2 7 16 30 2 8 18 2 16 6 2 12 16 2 0 2 7 17 9 2 5 30 3 0 2 3 0 2 7 0 2 3 0 2 7 0 2 7 17 9 2 0 2 7 0 2 7 13 6 3 0 2 7 5 30 3 0 2 7 0 2 7 0 2 7 0 2 7 16 19 11 0 2 7 0 2 7 0 2 7 5 30 3 0 2 3 0 2 7 0 2 7 0 2 7 17 9 2 0 62.1190264821052551
1 2 7 1 2 7 0 2 4 17 9 2 0 2 7 0 2 7 0 2 4 0 2 3 0 2 7 0 2 7 12 16 2 0 2 7 0 2 7 1 2 7 5 30 3 0 2 7 0 2 7 0 2 7 1 2 7 0 2 3 0 2 7 0 2 7 0 2 7 0 2 4 0 2 4 1 2 7 0 2 7 5 30 3 1 2 7 1 2 7 5 30 3 16 15 2 13 6 3 17 18 2 0 2 7 16 6 2 17 9 2 12 16 2 5 31 3 1 2 7 0 2 7 5 30 3 6 2 7 0 2 7 5 30 3 0 2 7 12 16 2 0 2 7 0 2 7 0 2 7 8 9 2 5 31 3 0 2 7 1 2 7 6 2 7 1 2 7 17 18 2 1 2 1 8 18 2 16 30 2 0 61.517256498336792

Current Evaluation = 6300(6300)
Front Size = 10
0 2 7 1 2 7 5 31 3 1 2 3 12 16 2 12 16 2 1 2 7 0 2 7 1 2 7 5 30 3 0 2 7 1 2 7 0 2 7 0 2 7 0 2 7 0 2 7 17 9 2 0 2 7 16 31 2 1 2 7 0 2 7 0 2 7 0 2 7 0 2 7 16 6 2 0 2 7 5 31 3 1 2 7 0 2 4 17 9 2 0 2 7 0 2 7 0 2 7 17 9 2 0 2 7 1 2 7 1 2 7 5 31 3 17 9 2 0 2 7 1 2 7 0 2 7 0 2 7 1 2 7 1 2 7 1 2 7 0 2 4 13 6 3 0 2 7 1 2 7 0 2 7 1 2 7 16 6 2 12 16 2 1 2 7 1 2 7 0 2 7 0 2 7 8 9 2 1 2 4 0 60.3695465326309204
5 30 3 5 30 3 17 18 2 5 30 3 12 16 2 12 16 2 0 2 8 0 2 8 12 16 2 1 2 12 1 2 4 5 30 3 0 2 7 0 2 8 12 16 2 0 2 8 5 30 3 8 18 2 0 2 7 0 2 7 0 2 8 1 2 11 0 2 12 1 2 12 0 2 7 0 2 7 0 2 8 0 2 7 0 2 7 0 2 8 8 9 2 0 2 7 8 18 2 0 2 7 0 2 7 0 2 8 16 19 12 0 2 7 8 9 2 0 2 7 1 2 8 0 2 3 0 2 11 0 2 11 0 2 3 17 9 2 5 30 3 16 6 2 16 19 12 0 2 3 0 2 3 1 2 11 8 9 2 5 30 3 16 19 11 5 30 3 0 2 7 1 2 3 16 19 11 0 2 8 0 66.067470908164978
1 2 4 0 2 7 0 2 7 17 9 2 5 31 3 1 2 4 0 2 7 1 2 7 0 2 7 0 2 7 0 2 7 0 2 7 1 2 4 12 16 2 0 2 7 5 31 3 0 2 7 1 2 7 5 30 3 1 2 7 0 2 7 1 2 4 5 31 3 0 2 7 1 2 7 0 2 7 0 2 7 0 2 7 0 2 7 0 2 7 0 2 7 0 2 7 0 2 7 1 2 7 0 2 7 1 2 7 0 2 7 5 30 3 0 2 7 0 2 7 0 2 7 1 2 7 5 31 3 1 2 7 5 30 3 0 2 7 16 6 2 13 6 3 0 2 7 6 2 7 0 2 7 17 18 2 1 2 7 17 18 2 0 2 7 16 6 2 8 18 2 16 6 2 17 9 2 12 16 2 0 60.9675554633140564
1 2 7 1 2 3 0 2 7 12 16 2 12 16 2 0 2 7 0 2 3 1 2 7 5 30 3 5 30 3 0 2 7 0 2 3 0 2 7 0 2 7 1 2 7 17 9 2 0 2 3 1 2 7 0 2 7 0 2 4 0 2 7 0 2 3 16 6 2 0 2 3 1 2 7 1 2 7 8 9 2 0 2 7 0 2 3 0 2 7 1 2 3 1 2 7 0 2 7 0 2 3 1 2 3 12 16 2 5 30 3 1 2 7 5 31 3 16 6 2 0 2 7 8 9 2 5 30 3 5 30 3 17 9 2 0 2 3 5 30 3 0 2 7 0 2 3 0 2 7 13 6 3 0 2 7 0 2 7 0 2 7 0 2 7 16 6 2 0 2 3 1 2 7 16 30 2 16 19 11 0 62.3154714107513428
5 30 3 5 31 3 5 30 3 0 2 11 0 2 11 5 30 3 17 9 2 0 2 11 0 2 11 0 2 7 17 18 2 0 2 3 0 2 11 5 30 3 0 2 8 0 2 8 16 6 2 0 2 11 0 2 11 0 2 11 0 2 8 12 16 2 12 16 2 5 30 3 1 2 8 5 30 3 0 2 11 0 2 8 0 2 8 16 19 11 5 30 3 16 19 11 0 2 12 0 2 8 0 2 11 0 2 11 16 19 11 6 2 8 0 2 11 6 2 11 0 2 8 0 2 11 0 2 8 0 2 8 0 2 8 0 2 11 0 2 11 5 30 3 0 2 11 0 2 11 16 6 2 0 2 3 12 16 2 8 9 2 0 2 11 0 2 8 0 2 11 6 2 11 8 18 2 5 30 3 0 67.6391651630401611
12 16 2 5 31 3 5 30 3 1 2 7 17 9 2 17 18 2 5 30 3 12 16 2 0 2 4 17 18 2 5 30 3 1 2 7 0 2 7 1 2 7 5 30 3 0 2 7 0 2 4 0 2 7 1 2 4 0 2 7 0 2 7 0 2 7 12 16 2 1 2 7 0 2 7 1 2 7 0 2 7 0 2 4 0 2 7 1 2 7 0 2 4 0 2 7 0 2 7 6 2 7 0 2 7 0 2 11 0 2 7 0 2 7 1 2 7 1 2 7 5 30 3 0 2 7 0 2 7 1 2 7 17 9 2 8 18 2 1 2 7 16 15 2 1 2 7 0 2 4 1 2 7 0 2 7 0 2 1 17 9 2 13 6 3 8 9 2 8 9 2 0 2 11 0 2 7 16 6 2 0 61.4311105608940125
5 31 3 5 30 3 5 30 3 16 19 11 12 16 2 12 16 2 16 6 2 0 2 7 16 6 2 0 2 7 0 2 7 0 2 7 1 2 11 0 2 7 0 2 3 5 31 3 0 2 7 0 2 3 1 2 7 1 2 4 0 2 7 1 2 7 1 2 3 0 2 7 8 18 2 1 2 7 0 2 11 0 2 7 16 9 11 0 2 4 1 2 7 0 2 7 0 2 4 0 2 7 5 30 3 17 9 2 1 2 11 0 2 7 1 2 4 6 2 3 5 30 3 0 2 7 0 2 7 17 18 2 0 2 7 0 2 7 0 2 3 1 2 4 0 2 7 0 2 3 17 9 2 0 2 7 0 2 7 0 2 7 0 2 7 1 2 7 5 31 3 0 2 7 1 2 7 6 2 7 0 62.5178364515304565
5 30 3 5 31 3 5 30 3 0 2 7 5 30 3 17 9 2 1 2 7 0 2 7 5 31 3 16 6 2 12 16 2 12 16 2 5 30 3 8 18 2 16 19 11 16 15 2 6 2 7 17 18 2 0 2 7 0 2 7 0 2 8 0 2 7 6 2 11 0 2 7 0 2 7 0 2 11 0 2 7 0 2 7 0 2 7 0 2 7 0 2 7 0 2 7 0 2 7 5 30 3 0 2 7 0 2 7 0 2 7 0 2 7 6 2 7 0 2 7 0 2 7 0 2 7 6 2 7 12 16 2 0 2 7 0 2 7 0 2 7 0 2 7 1 2 7 6 2 7 5 30 3 0 2 7 6 2 7 16 19 11 0 2 7 1 2 11 1 2 11 17 9 2 13 6 3 5 31 3 0 62.8632822632789612
5 30 3 5 30 3 0 2 7 5 31 3 17 9 2 1 2 7 0 2 7 16 30 2 12 16 2 12 16 2 5 30 3 1 2 7 16 9 11 0 2 7 0 2 7 0 2 7 0 2 7 0 2 7 1 2 7 0 2 3 0 2 7 1 2 7 0 2 7 16 31 2 0 2 7 0 2 7 5 30 3 12 16 2 1 2 7 17 9 2 13 6 3 1 2 3 5 30 3 16 6 2 1 2 7 0 2 3 1 2 7 16 31 2 0 2 7 0 2 7 0 2 7 1 2 7 0 2 7 0 2 7 0 2 7 0 2 7 0 2 7 0 2 7 0 2 7 0 2 7 1 2 7 0 2 7 5 30 3 1 2 7 0 2 7 0 2 7 0 2 7 1 2 7 0 2 7 5 31 3 0 61.5550583004951477
0 2 7 0 2 7 5 30 3 1 2 7 12 16 2 12 16 2 0 2 7 0 2 3 1 2 7 5 30 3 0 2 7 1 2 7 0 2 3 0 2 7 0 2 7 1 2 3 17 9 2 0 2 7 1 2 7 0 2 7 0 2 7 1 2 7 0 2 3 16 15 2 0 2 7 0 2 3 0 2 7 1 2 7 0 2 7 0 2 3 0 2 7 0 2 3 0 2 7 0 2 7 0 2 7 1 2 4 16 6 2 12 16 2 0 2 7 8 18 2 1 2 4 5 30 3 5 30 3 16 18 11 8 9 2 1 2 4 1 2 7 16 15 2 17 9 2 0 2 7 5 30 3 8 18 2 17 18 2 5 30 3 1 2 3 0 2 3 0 2 7 8 18 2 0 2 7 0 2 4 0 62.4632614254951477

Current Evaluation = 7200(7200)
Front Size = 10
0 2 7 1 2 7 5 31 3 1 2 3 12 16 2 12 16 2 1 2 7 0 2 7 1 2 7 5 30 3 0 2 7 1 2 7 0 2 7 0 2 7 0 2 7 0 2 7 17 9 2 0 2 7 16 31 2 1 2 7 0 2 7 0 2 7 0 2 7 0 2 7 16 6 2 0 2 7 5 31 3 1 2 7 0 2 4 17 9 2 0 2 7 0 2 7 0 2 7 17 9 2 0 2 7 1 2 7 1 2 7 5 31 3 17 9 2 0 2 7 1 2 7 0 2 7 0 2 7 1 2 7 1 2 7 1 2 7 0 2 4 13 6 3 0 2 7 1 2 7 0 2 7 1 2 7 16 6 2 12 16 2 1 2 7 1 2 7 0 2 7 0 2 7 8 9 2 1 2 4 0 60.3695465326309204
1 2 4 0 2 7 0 2 7 17 9 2 5 31 3 1 2 4 0 2 7 1 2 7 0 2 7 0 2 7 0 2 7 0 2 7 1 2 4 12 16 2 0 2 7 5 31 3 0 2 7 1 2 7 5 30 3 1 2 7 0 2 7 1 2 4 5 31 3 0 2 7 1 2 7 0 2 7 0 2 7 0 2 7 0 2 7 0 2 7 0 2 7 0 2 7 0 2 7 1 2 7 0 2 7 1 2 7 0 2 7 5 30 3 0 2 7 0 2 7 0 2 7 1 2 7 5 31 3 1 2 7 5 30 3 0 2 7 16 6 2 13 6 3 0 2 7 6 2 7 0 2 7 17 18 2 1 2 7 17 18 2 0 2 7 16 6 2 8 18 2 16 6 2 17 9 2 12 16 2 0 60.9675554633140564
5 30 3 5 30 3 0 2 7 17 9 2 0 2 7 16 31 2 12 16 2 12 16 2 16 6 2 1 2 3 1 2 7 0 2 7 5 31 3 0 2 7 0 2 7 0 2 3 0 2 7 0 2 7 0 2 7 0 2 3 0 2 3 0 2 4 1 2 3 0 2 7 0 2 7 0 2 7 0 2 7 12 16 2 1 2 7 8 9 2 13 6 3 5 31 3 1 2 7 0 2 3 1 2 7 1 2 3 0 2 3 1 2 7 0 2 7 0 2 7 0 2 7 16 6 2 0 2 11 16 6 2 0 2 7 1 2 7 1 2 7 16 30 2 1 2 3 0 2 7 1 2 7 1 2 7 0 2 3 0 2 7 12 16 2 1 2 7 0 2 7 1 2 3 17 9 2 5 30 3 0 61.5160056352615356
0 2 7 1 2 3 5 30 3 12 16 2 6 2 7 0 2 7 5 30 3 0 2 3 0 2 7 1 2 7 0 2 3 0 2 3 17 9 2 0 2 3 1 2 4 0 2 3 0 2 7 1 2 3 16 6 2 0 2 7 5 30 3 0 2 3 0 2 7 0 2 3 0 2 3 0 2 7 1 2 7 0 2 3 13 6 3 0 2 3 1 2 7 12 16 2 0 2 7 1 2 7 1 2 4 1 2 7 17 9 2 0 2 7 1 2 7 0 2 7 16 6 2 1 2 7 0 2 7 17 9 2 5 31 3 8 18 2 16 15 2 0 2 3 1 2 4 5 30 3 1 2 7 0 2 3 1 2 3 16 18 11 0 2 4 0 2 7 12 16 2 0 2 3 0 2 3 0 2 3 0 62.3728446960449219
5 30 3 5 30 3 17 18 2 5 30 3 12 16 2 12 16 2 0 2 8 0 2 8 12 16 2 1 2 12 1 2 4 5 30 3 0 2 7 0 2 8 12 16 2 0 2 8 5 30 3 8 18 2 0 2 7 0 2 7 0 2 8 1 2 11 0 2 12 1 2 12 0 2 7 0 2 7 0 2 8 0 2 7 0 2 7 0 2 8 8 9 2 0 2 7 8 18 2 0 2 7 0 2 7 0 2 8 16 19 12 0 2 7 8 9 2 0 2 7 1 2 8 0 2 3 0 2 11 0 2 11 0 2 3 17 9 2 5 30 3 16 6 2 16 19 12 0 2 3 0 2 3 1 2 11 8 9 2 5 30 3 16 19 11 5 30 3 0 2 7 1 2 3 16 19 11 0 2 8 0 66.067470908164978
0 2 7 12 16 2 12 16 2 5 31 3 17 9 2 16 6 2 12 16 2 5 30 3 8 9 2 5 30 3 17 18 2 0 2 8 5 30 3 0 2 11 16 19 11 0 2 11 0 2 11 0 2 7 0 2 8 0 2 7 0 2 4 0 2 11 0 2 7 1 2 7 17 9 2 1 2 7 1 2 7 0 2 7 16 19 11 8 18 2 6 2 8 0 2 11 0 2 11 0 2 4 0 2 7 6 2 11 16 19 11 0 2 11 1 2 7 0 2 11 0 2 8 5 30 3 0 2 11 1 2 10 0 2 8 0 2 7 1 2 4 1 2 7 0 2 3 1 2 7 16 6 2 0 2 4 0 2 11 5 30 3 0 2 7 6 2 11 12 16 2 1 2 8 0 2 11 0 2 10 0.0136916543332036272 64.2962212562561035
5 30 3 5 31 3 5 30 3 0 2 11 0 2 11 5 30 3 17 9 2 0 2 11 0 2 11 0 2 7 17 18 2 0 2 3 0 2 11 5 30 3 0 2 8 0 2 8 16 6 2 0 2 11 0 2 11 0 2 11 0 2 8 12 16 2 12 16 2 5 30 3 1 2 8 5 30 3 0 2 11 0 2 8 0 2 8 16 19 11 5 30 3 16 19 11 0 2 12 0 2 8 0 2 11 0 2 11 16 19 11 6 2 8 0 2 11 6 2 11 0 2 8 0 2 11 0 2 8 0 2 8 0 2 8 0 2 11 0 2 11 5 30 3 0 2 11 0 2 11 16 6 2 0 2 3 12 16 2 8 9 2 0 2 11 0 2 8 0 2 11 6 2 11 8 18 2 5 30 3 0 67.6391651630401611
0 2 7 0 2 7 5 30 3 12 16 2 12 16 2 1 2 7 5 30 3 1 2 7 0 2 3 0 2 7 1 2 7 17 9 2 0 2 7 0 2 3 0 2 7 0 2 7 1 2 7 16 19 11 1 2 7 5 30 3 0 2 7 0 2 3 5 30 3 1 2 7 0 2 7 13 6 3 0 2 7 0 2 7 12 16 2 5 31 3 0 2 7 17 18 2 5 30 3 16 9 11 17 18 2 0 2 7 1 2 7 0 2 7 8 18 2 0 2 3 17 9 2 5 30 3 1 2 7 0 2 7 0 2 7 0 2 7 1 2 7 1 2 7 0 2 7 6 2 7 13 6 3 6 2 3 0 2 7 0 2 7 0 2 7 0 2 7 0 2 7 1 2 3 0 2 7 16 15 2 0 61.958977222442627
5 30 3 5 31 3 5 30 3 0 2 7 5 30 3 17 9 2 1 2 7 0 2 7 5 31 3 16 6 2 12 16 2 12 16 2 5 30 3 8 18 2 16 19 11 16 15 2 6 2 7 17 18 2 0 2 7 0 2 7 0 2 8 0 2 7 6 2 11 0 2 7 0 2 7 0 2 11 0 2 7 0 2 7 0 2 7 0 2 7 0 2 7 0 2 7 0 2 7 5 30 3 0 2 7 0 2 7 0 2 7 0 2 7 6 2 7 0 2 7 0 2 7 0 2 7 6 2 7 12 16 2 0 2 7 0 2 7 0 2 7 0 2 7 1 2 7 6 2 7 5 30 3 0 2 7 6 2 7 16 19 11 0 2 7 1 2 11 1 2 11 17 9 2 13 6 3 5 31 3 0 62.8632822632789612
0 2 7 1 2 7 5 31 3 12 16 2 12 16 2 1 2 3 0 2 7 0 2 7 5 30 3 0 2 7 1 2 4 0 2 7 0 2 7 0 2 7 1 2 7 17 9 2 0 2 4 1 2 7 0 2 4 0 2 4 8 18 2 0 2 3 16 6 2 0 2 4 5 31 3 1 2 7 17 9 2 0 2 7 0 2 7 0 2 7 0 2 7 1 2 7 6 2 7 5 31 3 0 2 4 1 2 7 0 2 4 0 2 7 13 6 3 0 2 7 0 2 7 16 6 2 0 2 7 0 2 4 1 2 4 17 18 2 0 2 7 0 2 7 17 9 2 17 9 2 1 2 7 1 2 7 1 2 7 0 2 4 1 2 4 1 2 7 12 16 2 1 2 7 5 30 3 1 2 7 0 60.6859236359596252

Current Evaluation = 8100(8100)
Front Size = 10
0 2 7 1 2 7 5 31 3 1 2 3 12 16 2 12 16 2 1 2 7 0 2 7 1 2 7 5 30 3 0 2 7 1 2 7 0 2 7 0 2 7 0 2 7 0 2 7 17 9 2 0 2 7 16 31 2 1 2 7 0 2 7 0 2 7 0 2 7 0 2 7 16 6 2 0 2 7 5 31 3 1 2 7 0 2 4 17 9 2 0 2 7 0 2 7 0 2 7 17 9 2 0 2 7 1 2 7 1 2 7 5 31 3 17 9 2 0 2 7 1 2 7 0 2 7 0 2 7 1 2 7 1 2 7 1 2 7 0 2 4 13 6 3 0 2 7 1 2 7 0 2 7 1 2 7 16 6 2 12 16 2 1 2 7 1 2 7 0 2 7 0 2 7 8 9 2 1 2 4 0 60.3695465326309204
1 2 4 0 2 7 0 2 7 17 9 2 5 31 3 1 2 4 0 2 7 1 2 7 0 2 7 0 2 7 0 2 7 0 2 7 1 2 4 12 16 2 0 2 7 5 31 3 0 2 7 1 2 7 5 30 3 1 2 7 0 2 7 1 2 4 5 31 3 0 2 7 1 2 7 0 2 7 0 2 7 0 2 7 0 2 7 0 2 7 0 2 7 0 2 7 0 2 7 1 2 7 0 2 7 1 2 7 0 2 7 5 30 3 0 2 7 0 2 7 0 2 7 1 2 7 5 31 3 1 2 7 5 30 3 0 2 7 16 6 2 13 6 3 0 2 7 6 2 7 0 2 7 17 18 2 1 2 7 17 18 2 0 2 7 16 6 2 8 18 2 16 6 2 17 9 2 12 16 2 0 60.9675554633140564
0 2 7 1 2 3 5 30 3 12 16 2 6 2 7 0 2 7 5 30 3 0 2 3 0 2 7 1 2 7 0 2 3 0 2 3 17 9 2 0 2 3 1 2 4 0 2 3 0 2 7 1 2 3 16 6 2 0 2 7 5 30 3 0 2 3 0 2 7 0 2 3 0 2 3 0 2 7 1 2 7 0 2 3 13 6 3 0 2 3 1 2 7 12 16 2 0 2 7 1 2 7 1 2 4 1 2 7 17 9 2 0 2 7 1 2 7 0 2 7 16 6 2 1 2 7 0 2 7 17 9 2 5 31 3 8 18 2 16 15 2 0 2 3 1 2 4 5 30 3 1 2 7 0 2 3 1 2 3 16 18 11 0 2 4 0 2 7 12 16 2 0 2 3 0 2 3 0 2 3 0 62.3728446960449219
5 30 3 5 30 3 17 18 2 5 30 3 12 16 2 12 16 2 0 2 8 0 2 8 12 16 2 1 2 12 1 2 4 5 30 3 0 2 7 0 2 8 12 16 2 0 2 8 5 30 3 8 18 2 0 2 7 0 2 7 0 2 8 1 2 11 0 2 12 1 2 12 0 2 7 0 2 7 0 2 8 0 2 7 0 2 7 0 2 8 8 9 2 0 2 7 8 18 2 0 2 7 0 2 7 0 2 8 16 19 12 0 2 7 8 9 2 0 2 7 1 2 8 0 2 3 0 2 11 0 2 11 0 2 3 17 9 2 5 30 3 16 6 2 16 19 12 0 2 3 0 2 3 1 2 11 8 9 2 5 30 3 16 19 11 5 30 3 0 2 7 1 2 3 16 19 11 0 2 8 0 66.067470908164978
0 2 7 1 2 7 5 31 3 12 16 2 12 16 2 1 2 3 0 2 7 0 2 7 5 30 3 0 2 7 1 2 4 0 2 7 0 2 7 0 2 7 1 2 7 17 9 2 0 2 4 1 2 7 0 2 4 0 2 4 8 18 2 0 2 3 16 6 2 0 2 4 5 31 3 1 2 7 17 9 2 0 2 7 0 2 7 0 2 7 0 2 7 1 2 7 6 2 7 5 31 3 0 2 4 1 2 7 0 2 4 0 2 7 13 6 3 0 2 7 0 2 7 16 6 2 0 2 7 0 2 4 1 2 4 17 18 2 0 2 7 0 2 7 17 9 2 17 9 2 1 2 7 1 2 7 1 2 7 0 2 4 1 2 4 1 2 7 12 16 2 1 2 7 5 30 3 1 2 7 0 60.6859236359596252
0 2 7 0 2 7 0 2 7 17 9 2 0 2 7 0 2 4 0 2 7 0 2 7 0 2 7 0 2 7 12 16 2 0 2 7 1 2 7 1 2 3 5 30 3 1 2 7 0 2 7 1 2 3 1 2 3 0 2 7 0 2 11 0 2 7 0 2 11 1 2 4 0 2 7 0 2 7 0 2 7 1 2 3 1 2 7 1 2 4 0 2 7 5 30 3 5 30 3 16 6 2 13 6 3 0 2 7 17 18 2 16 6 2 8 18 2 17 9 2 12 16 2 12 16 2 1 2 11 1 2 7 0 2 7 8 9 2 5 31 3 0 2 7 0 2 3 0 2 7 1 2 7 5 30 3 12 16 2 0 2 7 0 2 7 0 2 7 1 2 7 16 31 2 5 30 3 16 24 2 0 61.6409294605255127
0 2 7 1 2 7 5 31 3 1 2 3 12 16 2 12 16 2 1 2 3 0 2 3 1 2 3 5 30 3 6 2 7 1 2 7 0 2 7 0 2 7 0 2 3 0 2 4 17 9 2 0 2 7 6 2 3 0 2 7 0 2 7 0 2 3 1 2 7 16 6 2 0 2 7 5 31 3 1 2 3 0 2 3 17 9 2 1 2 7 0 2 7 0 2 7 17 9 2 0 2 7 1 2 7 0 2 7 5 31 3 0 2 4 1 2 7 0 2 7 13 6 3 16 6 2 1 2 7 16 30 2 1 2 7 17 18 2 1 2 3 0 2 11 0 2 7 0 2 4 0 2 4 1 2 7 1 2 7 1 2 3 0 2 7 5 30 3 0 2 11 0 2 7 0 2 7 0 2 4 0 61.3706459403038025
5 30 3 5 30 3 5 30 3 12 16 2 12 16 2 1 2 7 0 2 7 5 30 3 1 2 7 1 2 7 0 2 4 1 2 4 17 9 2 1 2 4 13 6 3 0 2 7 0 2 4 0 2 7 1 2 7 0 2 7 17 9 2 13 6 3 0 2 7 0 2 7 0 2 7 17 18 2 0 2 7 1 2 4 16 6 2 0 2 3 0 2 7 1 2 7 16 15 2 1 2 4 1 2 7 0 2 7 0 2 7 0 2 7 1 2 7 17 9 2 0 2 7 0 2 7 0 2 7 0 2 4 1 2 7 0 2 7 0 2 7 0 2 7 12 16 2 8 18 2 12 16 2 5 31 3 5 30 3 17 9 2 0 2 7 0 2 7 0 2 7 1 2 7 8 9 2 0 2 7 0 60.9435232877731323
0 2 11 5 31 3 1 2 7 17 9 2 0 2 7 0 2 7 0 2 3 0 2 7 0 2 7 0 2 7 12 16 2 1 2 7 1 2 7 1 2 3 12 16 2 0 2 7 0 2 7 1 2 7 1 2 7 0 2 7 1 2 7 0 2 7 0 2 7 0 2 7 8 9 2 1 2 7 0 2 7 1 2 7 0 2 7 5 30 3 16 6 2 13 6 3 17 18 2 16 6 2 8 9 2 0 2 7 1 2 7 5 31 3 0 2 3 1 2 7 1 2 7 0 2 7 0 2 7 1 2 7 0 2 4 0 2 3 12 16 2 1 2 7 0 2 3 5 31 3 0 2 7 0 2 3 0 2 7 12 16 2 17 9 2 0 2 7 1 2 7 16 6 2 1 2 7 16 6 2 0 61.0826085805892944
5 30 3 5 31 3 5 30 3 0 2 11 0 2 11 5 30 3 17 9 2 0 2 11 0 2 11 0 2 7 17 18 2 0 2 3 0 2 11 5 30 3 0 2 8 0 2 8 16 6 2 0 2 11 0 2 11 0 2 11 0 2 8 12 16 2 12 16 2 5 30 3 1 2 8 5 30 3 0 2 11 0 2 8 0 2 8 16 19 11 5 30 3 16 19 11 0 2 12 0 2 8 0 2 11 0 2 11 16 19 11 6 2 8 0 2 11 6 2 11 0 2 8 0 2 11 0 2 8 0 2 8 0 2 8 0 2 11 0 2 11 5 30 3 0 2 11 0 2 11 16 6 2 0 2 3 12 16 2 8 9 2 0 2 11 0 2 8 0 2 11 6 2 11 8 18 2 5 30 3 0 67.6391651630401611

Current Evaluation = 9000(9000)
Front Size = 10
0 2 7 1 2 7 5 31 3 1 2 3 12 16 2 12 16 2 1 2 7 0 2 7 1 2 7 5 30 3 0 2 7 1 2 7 0 2 7 0 2 7 0 2 7 0 2 7 17 9 2 0 2 7 16 31 2 1 2 7 0 2 7 0 2 7 0 2 7 0 2 7 16 6 2 0 2 7 5 31 3 1 2 7 0 2 4 17 9 2 0 2 7 0 2 7 0 2 7 17 9 2 0 2 7 1 2 7 1 2 7 5 31 3 17 9 2 0 2 7 1 2 7 0 2 7 0 2 7 1 2 7 1 2 7 1 2 7 0 2 4 13 6 3 0 2 7 1 2 7 0 2 7 1 2 7 16 6 2 12 16 2 1 2 7 1 2 7 0 2 7 0 2 7 8 9 2 1 2 4 0 60.3695465326309204
5 30 3 5 31 3 5 30 3 0 2 11 0 2 11 5 30 3 17 9 2 0 2 11 0 2 11 0 2 7 17 18 2 0 2 3 0 2 11 5 30 3 0 2 8 0 2 8 16 6 2 0 2 11 0 2 11 0 2 11 0 2 8 12 16 2 12 16 2 5 30 3 1 2 8 5 30 3 0 2 11 0 2 8 0 2 8 16 19 11 5 30 3 16 19 11 0 2 12 0 2 8 0 2 11 0 2 11 16 19 11 6 2 8 0 2 11 6 2 11 0 2 8 0 2 11 0 2 8 0 2 8 0 2 8 0 2 11 0 2 11 5 30 3 0 2 11 0 2 11 16 6 2 0 2 3 12 16 2 8 9 2 0 2 11 0 2 8 0 2 11 6 2 11 8 18 2 5 30 3 0 67.6391651630401611
1 2 4 0 2 7 0 2 7 17 9 2 5 31 3 1 2 4 0 2 7 1 2 7 0 2 7 0 2 7 0 2 7 0 2 7 1 2 4 12 16 2 0 2 7 5 31 3 0 2 7 1 2 7 5 30 3 1 2 7 0 2 7 1 2 4 5 31 3 0 2 7 1 2 7 0 2 7 0 2 7 0 2 7 0 2 7 0 2 7 0 2 7 0 2 7 0 2 7 1 2 7 0 2 7 1 2 7 0 2 7 5 30 3 0 2 7 0 2 7 0 2 7 1 2 7 5 31 3 1 2 7 5 30 3 0 2 7 16 6 2 13 6 3 0 2 7 6 2 7 0 2 7 17 18 2 1 2 7 17 18 2 0 2 7 16 6 2 8 18 2 16 6 2 17 9 2 12 16 2 0 60.9675554633140564
0 2 7 1 2 7 5 31 3 1 2 4 12 16 2 12 16 2 16 19 11 1 2 3 1 2 7 0 2 7 0 2 7 0 2 7 0 2 7 0 2 7 17 9 2 0 2 7 0 2 7 1 2 3 0 2 7 0 2 3 1 2 3 16 6 2 0 2 7 6 2 7 0 2 7 17 9 2 1 2 7 1 2 4 0 2 7 17 9 2 0 2 7 1 2 7 13 6 3 16 6 2 1 2 7 1 2 7 0 2 7 5 30 3 0 2 3 0 2 7 5 31 3 0 2 3 5 30 3 5 30 3 5 30 3 1 2 3 16 30 2 0 2 3 0 2 3 0 2 7 0 2 7 0 2 4 0 2 7 1 2 3 8 18 2 5 30 3 0 2 7 0 2 7 0 2 7 0 2 7 0 61.9136795401573181
5 30 3 5 30 3 17 18 2 5 30 3 12 16 2 12 16 2 0 2 8 0 2 8 12 16 2 1 2 12 1 2 4 5 30 3 0 2 7 0 2 8 12 16 2 0 2 8 5 30 3 8 18 2 0 2 7 0 2 7 0 2 8 1 2 11 0 2 12 1 2 12 0 2 7 0 2 7 0 2 8 0 2 7 0 2 7 0 2 8 8 9 2 0 2 7 8 18 2 0 2 7 0 2 7 0 2 8 16 19 12 0 2 7 8 9 2 0 2 7 1 2 8 0 2 3 0 2 11 0 2 11 0 2 3 17 9 2 5 30 3 16 6 2 16 19 12 0 2 3 0 2 3 1 2 11 8 9 2 5 30 3 16 19 11 5 30 3 0 2 7 1 2 3 16 19 11 0 2 8 0 66.067470908164978
5 30 3 0 2 7 12 16 2 12 16 2 12 16 2 0 2 3 0 2 7 12 16 2 0 2 3 0 2 3 0 2 7 1 2 3 0 2 3 0 2 3 5 30 3 0 2 7 0 2 7 0 2 7 0 2 7 0 2 7 1 2 7 0 2 3 8 9 2 16 6 2 1 2 7 0 2 7 0 2 3 0 2 7 5 30 3 0 2 3 1 2 7 1 2 7 1 2 3 5 30 3 1 2 7 0 2 3 16 15 2 8 18 2 0 2 3 0 2 3 16 6 2 0 2 3 0 2 3 1 2 11 17 9 2 0 2 7 16 18 11 8 9 2 1 2 7 5 30 3 0 2 3 1 2 3 16 19 11 1 2 8 0 2 7 1 2 3 16 9 8 1 2 3 0 2 7 0 2 3 0 63.871756374835968
5 30 3 5 30 3 5 30 3 0 2 7 0 2 7 5 30 3 0 2 7 0 2 7 0 2 7 8 18 2 0 2 3 16 6 2 12 16 2 12 16 2 0 2 7 12 16 2 15 2 11 8 18 2 0 2 3 0 2 7 0 2 7 0 2 7 0 2 3 1 2 11 0 2 7 17 9 2 16 6 2 1 2 7 0 2 7 5 30 3 5 30 3 1 2 3 1 2 7 16 19 11 5 30 3 16 19 11 0 2 7 0 2 7 1 2 7 0 2 7 0 2 11 0 2 11 1 2 3 0 2 7 0 2 7 1 2 7 0 2 3 8 18 2 1 2 7 0 2 3 0 2 7 0 2 7 0 2 3 0 2 7 16 6 2 0 2 7 0 2 3 0 2 3 16 19 11 5 30 3 0 63.7658181190490723
0 2 7 6 2 7 5 31 3 12 16 2 12 16 2 0 2 7 5 31 3 0 2 7 0 2 7 0 2 7 1 2 7 17 9 2 0 2 7 1 2 7 0 2 7 5 30 3 1 2 7 1 2 7 0 2 7 1 2 7 1 2 7 12 16 2 5 31 3 0 2 4 13 6 3 0 2 7 0 2 7 0 2 7 0 2 7 0 2 7 1 2 7 1 2 7 1 2 4 1 2 11 0 2 4 0 2 7 0 2 3 0 2 7 1 2 3 0 2 3 17 9 2 1 2 7 1 2 7 1 2 7 0 2 7 0 2 4 16 6 2 13 6 3 0 2 4 17 9 2 16 30 2 17 18 2 1 2 7 0 2 4 12 16 2 1 2 7 0 2 4 17 18 2 1 2 3 0 2 7 0 60.5013056397438049
0 2 4 1 2 4 5 31 3 12 16 2 12 16 2 0 2 7 0 2 7 0 2 7 0 2 3 0 2 7 0 2 7 1 2 7 0 2 7 0 2 7 17 9 2 0 2 7 1 2 7 0 2 7 1 2 7 0 2 7 0 2 7 16 6 2 1 2 7 17 9 2 0 2 7 0 2 7 0 2 7 1 2 11 0 2 7 0 2 4 1 2 7 0 2 4 13 6 3 1 2 4 0 2 7 0 2 7 1 2 7 1 2 7 1 2 7 0 2 7 17 9 2 17 9 2 1 2 4 12 16 2 1 2 7 8 9 2 1 2 11 0 2 3 16 6 2 1 2 4 5 30 3 0 2 3 5 31 3 0 2 7 1 2 11 0 2 7 17 9 2 5 31 3 6 2 7 1 2 4 0 60.8835285305976868
5 30 3 12 16 2 12 16 2 0 2 7 1 2 7 17 9 2 16 6 2 12 16 2 17 9 2 1 2 7 8 9 2 1 2 3 0 2 4 0 2 7 1 2 7 1 2 7 1 2 7 0 2 7 17 9 2 0 2 7 8 18 2 0 2 7 0 2 7 0 2 7 0 2 7 0 2 7 0 2 7 6 2 7 1 2 7 5 30 3 5 30 3 1 2 7 0 2 7 0 2 11 0 2 4 0 2 7 0 2 7 13 6 3 0 2 7 0 2 4 8 18 2 0 2 7 1 2 7 0 2 7 5 30 3 17 9 2 0 2 7 0 2 7 0 2 7 0 2 7 1 2 4 5 30 3 16 15 2 16 19 11 0 2 7 0 2 7 1 2 7 5 30 3 5 31 3 0 2 7 0 61.7703163027763367

Current Evaluation = 9900(9900)
Front Size = 10
0 2 7 1 2 7 5 31 3 1 2 3 12 16 2 12 16 2 1 2 7 0 2 7 1 2 7 5 30 3 0 2 7 1 2 7 0 2 7 0 2 7 0 2 7 0 2 7 17 9 2 0 2 7 16 31 2 1 2 7 0 2 7 0 2 7 0 2 7 0 2 7 16 6 2 0 2 7 5 31 3 1 2 7 0 2 4 17 9 2 0 2 7 0 2 7 0 2 7 17 9 2 0 2 7 1 2 7 1 2 7 5 31 3 17 9 2 0 2 7 1 2 7 0 2 7 0 2 7 1 2 7 1 2 7 1 2 7 0 2 4 13 6 3 0 2 7 1 2 7 0 2 7 1 2 7 16 6 2 12 16 2 1 2 7 1 2 7 0 2 7 0 2 7 8 9 2 1 2 4 0 60.3695465326309204
0 2 7 1 2 7 5 31 3 12 16 2 12 16 2 1 2 7 0 2 4 1 2 7 5 30 3 0 2 7 0 2 4 8 18 2 0 2 7 0 2 7 0 2 7 5 31 3 0 2 4 0 2 4 0 2 7 0 2 7 1 2 3 0 2 4 16 6 2 1 2 7 5 31 3 17 18 2 0 2 7 17 9 2 0 2 7 0 2 4 0 2 4 17 9 2 0 2 7 1 2 7 1 2 7 5 30 3 17 9 2 0 2 7 0 2 7 0 2 7 0 2 7 6 2 7 13 6 3 16 6 2 12 16 2 17 9 2 1 2 4 0 2 7 0 2 7 1 2 4 0 2 7 0 2 7 1 2 7 1 2 7 1 2 4 1 2 7 1 2 7 1 2 3 0 2 7 1 2 4 0 60.6859236359596252
5 30 3 5 31 3 5 30 3 0 2 11 0 2 11 5 30 3 17 9 2 0 2 11 0 2 11 0 2 7 17 18 2 0 2 3 0 2 11 5 30 3 0 2 8 0 2 8 16 6 2 0 2 11 0 2 11 0 2 11 0 2 8 12 16 2 12 16 2 5 30 3 1 2 8 5 30 3 0 2 11 0 2 8 0 2 8 16 19 11 5 30 3 16 19 11 0 2 12 0 2 8 0 2 11 0 2 11 16 19 11 6 2 8 0 2 11 6 2 11 0 2 8 0 2 11 0 2 8 0 2 8 0 2 8 0 2 11 0 2 11 5 30 3 0 2 11 0 2 11 16 6 2 0 2 3 12 16 2 8 9 2 0 2 11 0 2 8 0 2 11 6 2 11 8 18 2 5 30 3 0 67.6391651630401611
5 30 3 5 30 3 17 18 2 5 30 3 12 16 2 12 16 2 0 2 8 0 2 8 12 16 2 1 2 12 1 2 4 5 30 3 0 2 7 0 2 8 12 16 2 0 2 8 5 30 3 8 18 2 0 2 7 0 2 7 0 2 8 1 2 11 0 2 12 1 2 12 0 2 7 0 2 7 0 2 8 0 2 7 0 2 7 0 2 8 8 9 2 0 2 7 8 18 2 0 2 7 0 2 7 0 2 8 16 19 12 0 2 7 8 9 2 0 2 7 1 2 8 0 2 3 0 2 11 0 2 11 0 2 3 17 9 2 5 30 3 16 6 2 16 19 12 0 2 3 0 2 3 1 2 11 8 9 2 5 30 3 16 19 11 5 30 3 0 2 7 1 2 3 16 19 11 0 2 8 0 66.067470908164978
0 2 7 0 2 7 5 30 3 1 2 7 12 16 2 12 16 2 1 2 7 0 2 7 0 2 7 5 30 3 1 2 7 8 18 2 0 2 7 0 2 7 0 2 7 5 30 3 17 9 2 0 2 7 0 2 7 0 2 7 12 16 2 0 2 7 16 15 2 0 2 7 8 9 2 1 2 7 1 2 7 0 2 7 0 2 7 0 2 4 0 2 7 0 2 7 13 6 3 0 2 7 0 2 7 13 6 3 12 16 2 17 9 2 13 6 3 1 2 7 17 18 2 1 2 7 0 2 7 17 18 2 0 2 7 5 30 3 5 30 3 17 9 2 16 19 11 1 2 7 1 2 7 1 2 7 0 2 7 0 2 7 5 30 3 1 2 7 5 30 3 0 2 7 0 2 7 0 2 7 0 61.1986500024795532
5 31 3 12 16 2 12 16 2 12 16 2 0 2 3 0 2 7 0 2 7 0 2 7 5 31 3 0 2 4 0 2 7 1 2 7 0 2 4 1 2 7 0 2 7 0 2 3 1 2 7 0 2 3 0 2 7 0 2 3 1 2 7 1 2 7 1 2 7 17 18 2 16 6 2 0 2 7 8 18 2 0 2 7 1 2 7 0 2 7 1 2 7 12 16 2 0 2 7 1 2 7 5 30 3 8 18 2 1 2 3 8 1 2 0 2 7 5 30 3 17 18 2 0 2 7 12 16 2 16 6 2 1 2 3 0 2 7 17 18 2 16 6 2 0 2 7 16 19 11 1 2 7 0 2 7 1 2 7 0 2 7 0 2 7 0 2 3 0 2 4 0 2 7 0 2 7 5 30 3 0 62.131824254989624
6 2 7 0 2 7 5 30 3 5 30 3 12 16 2 12 16 2 1 2 7 1 2 7 0 2 7 1 2 7 1 2 7 0 2 7 0 2 4 17 9 2 0 2 7 0 2 7 0 2 7 12 16 2 0 2 7 1 2 3 17 9 2 0 2 7 0 2 3 0 2 11 0 2 7 1 2 7 1 2 7 0 2 4 13 6 3 0 2 7 0 2 7 17 9 2 1 2 7 0 2 7 0 2 7 0 2 7 17 9 2 1 2 7 1 2 4 1 2 3 0 2 3 0 2 7 1 2 7 0 2 7 0 2 4 5 30 3 16 15 2 0 2 3 16 31 2 13 6 3 1 2 7 8 18 2 17 18 2 0 2 3 0 2 7 1 2 11 5 30 3 5 30 3 0 2 7 1 2 3 0 61.1402894854545593
0 2 7 6 2 7 5 31 3 0 2 7 12 16 2 12 16 2 16 9 11 1 2 7 1 2 7 0 2 7 0 2 7 0 2 7 0 2 7 0 2 7 17 9 2 0 2 7 0 2 7 1 2 7 0 2 7 0 2 1 1 2 7 16 30 2 0 2 7 0 2 7 0 2 7 17 9 2 1 2 7 1 2 7 1 2 7 17 9 2 0 2 7 1 2 7 13 6 3 16 6 2 1 2 7 1 2 7 0 2 7 5 31 3 0 2 7 0 2 7 5 31 3 0 2 7 5 30 3 5 30 3 5 30 3 1 2 7 16 30 2 0 2 7 0 2 7 0 2 7 0 2 7 0 2 7 0 2 3 1 2 7 5 31 3 5 30 3 0 2 7 0 2 7 0 2 7 0 2 7 0 61.54716956615448
0 2 7 0 2 4 5 30 3 0 2 7 12 16 2 12 16 2 0 2 4 1 2 7 0 2 7 0 2 7 0 2 7 0 2 7 0 2 7 17 9 2 0 2 4 0 2 7 1 2 7 0 2 7 1 2 7 0 2 10 13 6 3 0 2 7 17 9 2 1 2 7 0 2 7 1 2 4 17 9 2 0 2 7 1 2 4 13 6 3 16 6 2 1 2 7 0 2 7 1 2 7 5 31 3 0 2 7 1 2 7 5 31 3 0 2 11 5 30 3 5 30 3 0 2 7 15 2 11 17 9 2 17 18 2 0 2 11 1 2 4 6 2 7 16 6 2 0 2 7 0 2 7 1 2 7 1 2 7 0 2 7 5 30 3 5 30 3 0 2 11 12 16 2 0 2 7 0 2 7 0 61.1667395234107971
5 31 3 0 2 7 12 16 2 12 16 2 0 2 7 0 2 7 0 2 7 0 2 3 0 2 7 1 2 7 0 2 3 5 30 3 0 2 4 0 2 7 0 2 3 0 2 7 0 2 7 1 2 7 0 2 3 0 2 7 5 30 3 1 2 4 1 2 7 1 2 7 5 30 3 1 2 7 16 6 2 1 2 3 17 9 2 1 2 7 5 30 3 1 2 3 0 2 7 16 19 11 1 2 3 1 2 3 0 2 7 12 16 2 0 2 3 0 2 7 0 2 4 8 9 2 0 2 7 0 2 7 1 2 3 17 9 2 0 2 3 0 2 7 16 15 2 0 2 3 0 2 4 5 30 3 0 2 3 0 2 7 16 18 11 8 9 2 0 2 3 1 2 3 16 30 2 0 2 7 0 62.9704245924949646

Current Evaluation = 10800(10800)
Front Size = 10
13 6 3 0 2 7 0 2 7 12 16 2 12 16 2 0 2 7 0 2 7 1 2 7 17 9 2 1 2 4 0 2 7 17 9 2 0 2 7 12 16 2 0 2 3 0 2 7 0 2 4 1 2 7 0 2 7 1 2 3 0 2 7 1 2 7 13 6 3 1 2 7 0 2 7 17 18 2 0 2 7 17 18 2 0 2 7 17 9 2 1 2 7 1 2 7 1 2 4 1 2 7 0 2 4 16 6 2 5 30 3 0 2 7 0 2 7 1 2 7 5 30 3 0 2 7 0 2 7 1 2 7 1 2 7 0 2 7 0 2 4 0 2 4 1 2 7 0 2 4 15 2 11 0 2 7 1 2 7 1 2 4 1 2 7 1 2 7 5 31 3 17 9 2 0 2 4 5 31 3 0 60.2567485570907593
5 30 3 5 30 3 17 18 2 5 30 3 12 16 2 12 16 2 0 2 8 0 2 8 12 16 2 1 2 12 1 2 4 5 30 3 0 2 7 0 2 8 12 16 2 0 2 8 5 30 3 8 18 2 0 2 7 0 2 7 0 2 8 1 2 11 0 2 12 1 2 12 0 2 7 0 2 7 0 2 8 0 2 7 0 2 7 0 2 8 8 9 2 0 2 7 8 18 2 0 2 7 0 2 7 0 2 8 16 19 12 0 2 7 8 9 2 0 2 7 1 2 8 0 2 3 0 2 11 0 2 11 0 2 3 17 9 2 5 30 3 16 6 2 16 19 12 0 2 3 0 2 3 1 2 11 8 9 2 5 30 3 16 19 11 5 30 3 0 2 7 1 2 3 16 19 11 0 2 8 0 66.067470908164978
5 30 3 0 2 7 0 2 7 12 16 2 12 16 2 0 2 4 1 2 7 13 6 3 5 30 3 0 2 7 17 9 2 1 2 7 0 2 7 0 2 7 5 30 3 17 9 2 0 2 7 1 2 7 12 16 2 1 2 7 0 2 7 0 2 7 0 2 7 1 2 7 0 2 7 1 2 7 0 2 3 0 2 7 13 6 3 1 2 3 12 16 2 1 2 7 17 18 2 0 2 7 1 2 7 5 30 3 5 30 3 8 18 2 0 2 7 1 2 7 16 31 2 0 2 7 17 9 2 1 2 7 0 2 7 0 2 7 13 6 3 0 2 7 1 2 7 17 9 2 16 15 2 5 30 3 0 2 7 0 2 3 0 2 7 0 2 7 0 2 7 1 2 7 6 2 7 0 2 7 0 60.7184432148933411
5 30 3 0 2 7 0 2 7 12 16 2 12 16 2 0 2 7 1 2 7 0 2 7 5 30 3 0 2 4 17 18 2 0 2 7 0 2 7 0 2 7 5 30 3 17 9 2 1 2 7 0 2 7 12 16 2 1 2 7 0 2 7 0 2 7 1 2 4 0 2 4 0 2 7 0 2 4 0 2 7 0 2 7 13 6 3 1 2 7 0 2 7 1 2 10 17 18 2 1 2 7 0 2 7 5 30 3 5 30 3 8 18 2 0 2 7 1 2 4 16 6 2 1 2 7 17 9 2 0 2 7 0 2 7 0 2 7 13 6 3 0 2 7 0 2 7 1 2 7 5 31 3 1 2 7 16 6 2 0 2 7 0 2 7 5 31 3 17 9 2 1 2 7 1 2 7 0 2 7 0 60.8846542835235596
5 30 3 5 31 3 5 30 3 0 2 11 0 2 11 5 30 3 17 9 2 0 2 11 0 2 11 0 2 7 17 18 2 0 2 3 0 2 11 5 30 3 0 2 8 0 2 8 16 6 2 0 2 11 0 2 11 0 2 11 0 2 8 12 16 2 12 16 2 5 30 3 1 2 8 5 30 3 0 2 11 0 2 8 0 2 8 16 19 11 5 30 3 16 19 11 0 2 12 0 2 8 0 2 11 0 2 11 16 19 11 6 2 8 0 2 11 6 2 11 0 2 8 0 2 11 0 2 8 0 2 8 0 2 8 0 2 11 0 2 11 5 30 3 0 2 11 0 2 11 16 6 2 0 2 3 12 16 2 8 9 2 0 2 11 0 2 8 0 2 11 6 2 11 8 18 2 5 30 3 0 67.6391651630401611
1 2 7 1 2 7 12 16 2 12 16 2 12 16 2 0 2 7 1 2 7 0 2 7 0 2 7 0 2 4 1 2 7 0 2 4 1 2 7 1 2 7 0 2 4 0 2 7 16 6 2 1 2 11 5 31 3 17 9 2 0 2 7 17 9 2 0 2 7 0 2 7 0 2 7 0 2 7 13 6 3 12 16 2 0 2 7 0 2 7 1 2 7 17 18 2 17 18 2 1 2 7 1 2 7 0 2 7 5 31 3 5 31 3 1 2 4 0 2 7 17 9 2 0 2 7 0 2 4 16 6 2 13 6 3 0 2 7 6 2 7 5 31 3 1 2 7 6 2 7 1 2 7 0 2 7 0 2 7 12 16 2 0 2 4 0 2 4 1 2 7 0 2 7 0 2 7 1 2 4 0 60.4116045236587524
0 2 4 1 2 7 5 31 3 12 16 2 12 16 2 1 2 4 0 2 7 1 2 7 5 31 3 0 2 7 0 2 7 1 2 7 0 2 7 0 2 3 5 31 3 0 2 7 0 2 7 0 2 7 16 6 2 1 2 7 5 30 3 1 2 7 17 9 2 0 2 7 17 9 2 0 2 7 1 2 7 0 2 4 17 9 2 0 2 4 0 2 3 0 2 7 0 2 4 13 6 3 16 6 2 12 16 2 17 9 2 1 2 7 0 2 7 0 2 7 0 2 3 0 2 4 1 2 7 1 2 7 1 2 7 1 2 7 0 2 4 1 2 7 0 2 4 0 2 7 8 18 2 17 18 2 1 2 4 0 2 4 0 2 7 1 2 7 0 2 7 1 2 7 1 2 7 1 2 7 0 60.5684356689453125
5 30 3 5 30 3 17 18 2 5 30 3 12 16 2 12 16 2 12 16 2 1 2 4 5 30 3 0 2 7 5 30 3 8 18 2 0 2 7 0 2 7 1 2 11 0 2 7 0 2 7 0 2 7 0 2 7 0 2 7 0 2 7 0 2 7 0 2 7 0 2 7 0 2 11 0 2 11 17 9 2 5 30 3 16 6 2 0 2 7 0 2 8 1 2 7 1 2 12 16 31 2 12 16 2 1 2 7 0 2 4 1 2 7 5 31 3 0 2 8 0 2 8 8 9 2 0 2 4 0 2 7 16 19 12 13 6 3 1 2 8 0 2 3 0 2 3 16 19 12 13 6 3 17 9 2 1 2 11 0 2 7 5 30 3 0 2 7 0 2 7 1 2 7 16 19 11 1 2 4 0.00931201749010753844 63.1572514772415161
0 2 4 1 2 7 5 31 3 12 16 2 12 16 2 1 2 4 0 2 7 1 2 7 0 2 7 0 2 7 1 2 7 0 2 7 0 2 3 0 2 7 0 2 7 0 2 7 16 6 2 1 2 7 5 30 3 17 9 2 0 2 7 17 9 2 0 2 7 0 2 4 0 2 3 0 2 7 13 6 3 12 16 2 0 2 7 0 2 7 0 2 7 8 18 2 17 18 2 1 2 4 0 2 7 0 2 7 5 30 3 5 31 3 5 30 3 1 2 7 0 2 8 0 2 7 8 9 2 16 6 2 17 9 2 0 2 11 1 2 8 0 2 4 1 2 11 16 19 11 1 2 7 1 2 7 0 2 4 1 2 7 0 2 4 0 2 4 5 30 3 0 2 8 16 19 12 5 30 3 0.0101556534202302019 62.3534154891967773
5 30 3 0 2 7 0 2 7 12 16 2 12 16 2 1 2 7 1 2 7 0 2 4 17 9 2 1 2 7 0 2 7 1 2 7 17 9 2 0 2 7 0 2 4 12 16 2 1 2 11 0 2 7 0 2 7 0 2 7 1 2 11 0 2 7 0 2 7 1 2 7 1 2 7 13 6 3 1 2 11 1 2 7 17 18 2 0 2 7 17 18 2 0 2 7 1 2 4 6 2 4 0 2 7 17 9 2 0 2 7 0 2 7 1 2 11 13 6 3 1 2 7 0 2 7 0 2 7 5 31 3 0 2 7 1 2 7 0 2 7 0 2 4 5 30 3 8 9 2 1 2 7 0 2 4 0 2 7 17 18 2 5 30 3 0 2 7 16 6 2 5 31 3 1 2 7 0 2 4 0 60.7056443095207214

Current Evaluation = 11700(11700)
Front Size = 10
13 6 3 0 2 7 0 2 7 12 16 2 12 16 2 0 2 7 0 2 7 1 2 7 17 9 2 1 2 4 0 2 7 17 9 2 0 2 7 12 16 2 0 2 3 0 2 7 0 2 4 1 2 7 0 2 7 1 2 3 0 2 7 1 2 7 13 6 3 1 2 7 0 2 7 17 18 2 0 2 7 17 18 2 0 2 7 17 9 2 1 2 7 1 2 7 1 2 4 1 2 7 0 2 4 16 6 2 5 30 3 0 2 7 0 2 7 1 2 7 5 30 3 0 2 7 0 2 7 1 2 7 1 2 7 0 2 7 0 2 4 0 2 4 1 2 7 0 2 4 15 2 11 0 2 7 1 2 7 1 2 4 1 2 7 1 2 7 5 31 3 17 9 2 0 2 4 5 31 3 0 60.2567485570907593
5 30 3 0 2 4 12 16 2 0 2 7 0 2 4 17 18 2 0 2 7 0 2 7 12 16 2 0 2 7 1 2 7 0 2 3 0 2 3 12 16 2 5 30 3 8 9 2 5 30 3 16 6 2 5 30 3 0 2 7 1 2 7 1 2 7 12 16 2 13 6 3 8 18 2 1 2 7 1 2 7 0 2 7 0 2 7 0 2 7 0 2 7 1 2 7 1 2 7 0 2 3 0 2 7 0 2 7 0 2 7 0 2 7 1 2 7 0 2 7 0 2 7 0 2 7 8 18 2 13 6 3 0 2 7 0 2 7 5 30 3 5 30 3 17 9 2 17 9 2 0 2 3 1 2 4 0 2 7 1 2 11 0 2 7 1 2 7 17 18 2 16 6 2 5 30 3 16 15 2 0 61.5040531158447266
0 2 3 12 16 2 12 16 2 0 2 3 12 16 2 0 2 7 17 18 2 16 15 2 5 30 3 5 31 3 5 30 3 1 2 7 0 2 3 0 2 7 16 19 11 0 2 7 0 2 3 0 2 3 0 2 7 0 2 7 0 2 7 0 2 7 1 2 7 0 2 3 0 2 7 1 2 7 0 2 3 5 30 3 0 2 7 0 2 3 1 2 3 8 18 2 0 2 7 5 30 3 1 2 7 0 2 3 1 2 7 1 2 3 0 2 7 1 2 3 16 30 2 0 2 3 0 2 3 0 2 4 16 9 8 1 2 3 0 2 3 1 2 7 16 9 8 0 2 8 16 9 8 0 2 3 5 30 3 0 2 7 0 2 7 1 2 3 0 2 3 0 2 3 1 2 7 1 2 3 0 64.2338145971298218
13 6 3 0 2 7 8 18 2 12 16 2 12 16 2 0 2 7 0 2 7 1 2 7 0 2 7 17 9 2 0 2 7 12 16 2 0 2 7 0 2 7 1 2 7 0 2 7 1 2 7 1 2 7 1 2 7 1 2 7 13 6 3 0 2 7 1 2 7 17 18 2 0 2 7 1 2 7 17 9 2 1 2 7 0 2 7 0 2 7 5 30 3 0 2 7 1 2 7 1 2 7 17 18 2 0 2 7 1 2 7 1 2 7 1 2 7 0 2 7 0 2 7 17 1 2 0 2 7 0 2 7 0 2 7 5 30 3 0 2 7 0 2 7 0 2 7 5 31 3 0 2 7 1 2 7 0 2 7 16 6 2 1 2 7 0 2 7 5 31 3 5 30 3 17 18 2 0 2 7 0 60.3992073535919189
5 30 3 5 31 3 5 30 3 0 2 11 0 2 11 5 30 3 17 9 2 0 2 11 0 2 11 0 2 7 17 18 2 0 2 3 0 2 11 5 30 3 0 2 8 0 2 8 16 6 2 0 2 11 0 2 11 0 2 11 0 2 8 12 16 2 12 16 2 5 30 3 1 2 8 5 30 3 0 2 11 0 2 8 0 2 8 16 19 11 5 30 3 16 19 11 0 2 12 0 2 8 0 2 11 0 2 11 16 19 11 6 2 8 0 2 11 6 2 11 0 2 8 0 2 11 0 2 8 0 2 8 0 2 8 0 2 11 0 2 11 5 30 3 0 2 11 0 2 11 16 6 2 0 2 3 12 16 2 8 9 2 0 2 11 0 2 8 0 2 11 6 2 11 8 18 2 5 30 3 0 67.6391651630401611
5 30 3 5 30 3 17 18 2 5 30 3 12 16 2 12 16 2 0 2 7 0 2 7 12 16 2 1 2 7 0 2 7 5 30 3 0 2 7 5 31 3 8 18 2 0 2 10 1 2 4 1 2 7 1 2 7 0 2 7 0 2 7 0 2 4 0 2 7 8 9 2 0 2 7 0 2 7 0 2 7 5 30 3 0 2 7 1 2 7 0 2 7 0 2 7 0 2 7 17 9 2 16 15 2 8 1 2 0 2 7 1 2 7 17 9 2 1 2 4 0 2 7 0 2 7 1 2 7 0 2 7 0 2 7 17 18 2 6 2 11 0 2 7 0 2 7 0 2 7 1 2 10 17 9 2 6 2 7 0 2 7 0 2 7 5 30 3 16 19 11 0 2 7 1 2 7 0 2 7 0 62.1982951760292053
5 30 3 0 2 3 12 16 2 0 2 7 0 2 7 0 2 11 17 18 2 0 2 7 0 2 11 8 1 2 0 2 8 1 2 7 12 16 2 0 2 7 1 2 7 0 2 8 0 2 7 0 2 11 0 2 7 12 16 2 5 30 3 8 9 2 5 30 3 16 6 2 5 30 3 1 2 7 5 30 3 1 2 7 5 30 3 1 2 3 12 16 2 0 2 12 13 6 3 17 18 2 1 2 7 8 9 2 0 2 11 17 18 2 0 2 7 0 2 8 0 2 7 0 2 7 0 2 7 0 2 7 8 18 2 1 2 7 1 2 7 5 30 3 0 2 7 0 2 8 0 2 7 17 18 2 0 2 7 0 2 7 0 2 7 16 6 2 1 2 7 5 30 3 16 6 2 0 2 7 0 62.8548085689544678
5 30 3 5 30 3 8 18 2 12 16 2 12 16 2 12 16 2 1 2 11 0 2 7 0 2 11 0 2 7 0 2 7 0 2 7 0 2 7 5 30 3 0 2 7 0 2 7 0 2 7 0 2 7 0 2 11 0 2 8 17 9 2 16 15 2 1 2 7 1 2 7 1 2 7 0 2 7 0 2 12 13 6 3 5 30 3 0 2 11 12 16 2 0 2 7 0 2 7 0 2 7 1 2 7 16 6 2 0 2 7 0 2 7 0 2 3 0 2 7 8 9 2 8 18 2 5 30 3 0 2 7 8 9 2 17 9 2 6 2 7 0 2 7 17 18 2 5 30 3 0 2 7 1 2 11 1 2 7 5 30 3 0 2 7 5 30 3 16 19 11 0 2 7 16 19 11 0 2 7 0 63.2515981793403625
0 2 7 12 16 2 12 16 2 17 9 2 12 16 2 0 2 3 17 18 2 16 6 2 5 30 3 5 30 3 5 31 3 0 2 11 0 2 7 0 2 7 0 2 11 1 2 7 6 2 11 0 2 8 17 9 2 0 2 11 5 30 3 5 30 3 1 2 7 0 2 11 1 2 3 0 2 7 0 2 11 5 30 3 5 30 3 0 2 8 0 2 7 0 2 8 0 2 7 0 2 11 1 2 7 0 2 8 1 2 4 1 2 7 5 30 3 0 2 7 0 2 7 0 2 8 0 2 7 0 2 11 1 2 7 0 2 8 0 2 3 0 2 8 0 2 4 0 2 11 0 2 4 15 2 11 0 2 7 8 18 2 0 2 8 0 2 12 1 2 7 5 30 3 0 2 4 5 31 3 0.027007287939601686 65.5401624441146851
5 31 3 0 2 7 0 2 7 12 16 2 12 16 2 0 2 7 1 2 7 13 6 3 5 30 3 0 2 7 17 9 2 0 2 7 6 2 7 0 2 7 0 2 7 0 2 7 1 2 7 12 16 2 1 2 7 0 2 7 1 2 7 1 2 7 0 2 7 0 2 7 0 2 7 0 2 7 0 2 4 0 2 7 17 18 2 1 2 7 12 16 2 0 2 7 1 2 7 1 2 7 0 2 7 16 6 2 0 2 7 5 31 3 1 2 7 13 6 3 5 31 3 8 9 2 17 18 2 12 16 2 1 2 7 16 6 2 0 2 7 0 2 4 1 2 7 0 2 7 0 2 7 12 16 2 0 2 7 0 2 7 16 6 2 1 2 7 16 6 2 5 31 3 0 2 7 0 2 7 0 60.72203129529953

Current Evaluation = 12600(12600)
Front Size = 10
5 31 3 1 2 7 0 2 4 12 16 2 12 16 2 0 2 7 13 6 3 13 6 3 1 2 7 1 2 7 17 9 2 0 2 7 1 2 7 0 2 7 0 2 7 0 2 7 1 2 7 12 16 2 1 2 7 0 2 7 1 2 7 1 2 7 0 2 7 0 2 7 0 2 7 0 2 7 0 2 7 0 2 7 17 18 2 1 2 7 0 2 7 1 2 7 1 2 7 1 2 7 16 6 2 1 2 7 5 31 3 1 2 7 13 6 3 17 9 2 17 18 2 0 2 7 0 2 7 0 2 7 0 2 7 0 2 7 0 2 7 0 2 7 12 16 2 5 31 3 5 30 3 5 30 3 0 2 7 17 18 2 0 2 7 1 2 7 16 30 2 0 2 7 1 2 7 0 2 7 0 60.1149684190750122
13 6 3 0 2 7 0 2 7 12 16 2 12 16 2 0 2 7 0 2 7 0 2 7 17 9 2 15 2 11 0 2 7 17 9 2 0 2 7 12 16 2 1 2 4 0 2 7 6 2 7 0 2 4 0 2 7 1 2 7 13 6 3 1 2 7 0 2 7 17 18 2 0 2 7 17 18 2 0 2 7 1 2 7 1 2 7 1 2 7 0 2 4 16 6 2 5 30 3 0 2 4 0 2 4 1 2 7 5 31 3 0 2 4 1 2 7 1 2 3 1 2 7 0 2 7 0 2 7 0 2 4 1 2 7 0 2 7 0 2 11 0 2 7 5 31 3 5 30 3 0 2 7 1 2 7 17 9 2 1 2 11 17 18 2 1 2 7 1 2 7 0 2 7 1 2 11 1 2 3 0 60.5718415379524231
13 6 3 0 2 7 0 2 7 12 16 2 12 16 2 0 2 7 0 2 7 1 2 7 17 9 2 1 2 4 0 2 7 17 9 2 0 2 7 12 16 2 0 2 3 0 2 7 0 2 4 1 2 7 0 2 7 1 2 3 0 2 7 1 2 7 13 6 3 1 2 7 0 2 7 17 18 2 0 2 7 17 18 2 0 2 7 17 9 2 1 2 7 1 2 7 1 2 4 1 2 7 0 2 4 16 6 2 5 30 3 0 2 7 0 2 7 1 2 7 5 30 3 0 2 7 0 2 7 1 2 7 1 2 7 0 2 7 0 2 4 0 2 4 1 2 7 0 2 4 15 2 11 0 2 7 1 2 7 1 2 4 1 2 7 1 2 7 5 31 3 17 9 2 0 2 4 5 31 3 0 60.2567485570907593
13 6 3 0 2 7 12 16 2 12 16 2 0 2 7 1 2 7 5 30 3 1 2 7 17 9 2 0 2 7 0 2 7 1 2 7 0 2 7 0 2 7 17 9 2 0 2 7 8 18 2 0 2 7 13 6 3 1 2 7 1 2 4 17 18 2 0 2 7 0 2 7 0 2 7 1 2 7 5 30 3 1 2 3 1 2 7 0 2 7 0 2 7 1 2 7 1 2 4 5 30 3 5 30 3 17 18 2 17 18 2 0 2 7 0 2 7 8 18 2 0 2 7 0 2 7 0 2 7 0 2 4 5 30 3 0 2 7 0 2 4 17 18 2 1 2 7 0 2 4 1 2 7 16 15 2 1 2 10 0 2 7 1 2 7 0 2 7 1 2 3 5 30 3 0 2 4 0 2 3 0 60.8843353986740112
5 30 3 0 2 4 1 2 3 12 16 2 0 2 4 0 2 3 5 31 3 0 2 3 17 9 2 12 16 2 0 2 7 0 2 7 0 2 4 1 2 4 0 2 7 12 16 2 1 2 7 1 2 7 0 2 7 0 2 7 1 2 3 1 2 7 0 2 7 0 2 7 1 2 7 0 2 7 0 2 4 0 2 7 0 2 7 8 18 2 0 2 7 0 2 7 0 2 7 0 2 7 0 2 7 0 2 4 0 2 7 17 9 2 16 6 2 1 2 7 1 2 3 0 2 7 1 2 7 1 2 7 1 2 7 1 2 7 0 2 7 1 2 7 0 2 7 13 6 3 17 9 2 1 2 11 5 31 3 1 2 7 17 18 2 5 31 3 16 6 2 1 2 3 16 6 2 0 2 7 0 60.9147965908050537
5 31 3 8 9 2 0 2 7 12 16 2 12 16 2 0 2 7 0 2 7 1 2 7 0 2 7 0 2 7 12 16 2 0 2 7 0 2 7 0 2 7 0 2 7 0 2 7 0 2 7 0 2 7 1 2 7 17 9 2 5 30 3 5 30 3 5 30 3 5 31 3 8 9 2 8 18 2 1 2 7 0 2 7 16 6 2 0 2 7 16 6 2 1 2 7 0 2 7 0 2 7 0 2 7 0 2 7 1 2 7 0 2 7 1 2 7 0 2 3 12 16 2 16 19 11 0 2 7 1 2 7 5 30 3 1 2 7 0 2 7 0 2 7 0 2 7 0 2 7 16 19 11 0 2 7 0 2 7 0 2 7 16 19 11 0 2 7 0 2 7 5 30 3 5 30 3 0 2 7 0 63.1414729356765747
5 30 3 1 2 4 0 2 7 12 16 2 12 16 2 0 2 4 13 6 3 13 6 3 1 2 7 0 2 7 17 9 2 1 2 7 0 2 7 0 2 7 5 30 3 1 2 7 1 2 7 12 16 2 1 2 7 0 2 7 1 2 7 5 30 3 0 2 7 0 2 7 0 2 7 0 2 7 0 2 7 0 2 7 17 18 2 1 2 7 0 2 7 0 2 7 0 2 4 16 6 2 5 30 3 17 9 2 17 18 2 1 2 7 0 2 7 0 2 7 0 2 7 0 2 7 0 2 4 0 2 7 5 30 3 5 31 3 5 30 3 0 2 7 17 18 2 0 2 7 0 2 7 1 2 7 0 2 7 16 19 11 13 6 3 12 16 2 1 2 7 1 2 7 0 2 7 8 9 2 0 60.9723840951919556
13 6 3 0 2 7 12 16 2 12 16 2 1 2 7 0 2 7 5 30 3 0 2 7 17 9 2 0 2 7 12 16 2 0 2 7 0 2 7 1 2 7 0 2 7 17 9 2 1 2 7 0 2 7 1 2 7 13 6 3 1 2 7 0 2 7 17 18 2 0 2 7 1 2 7 0 2 7 0 2 3 1 2 7 5 30 3 1 2 7 1 2 7 8 18 2 0 2 7 0 2 7 1 2 7 1 2 7 0 2 7 13 6 3 6 2 4 5 30 3 16 15 2 5 31 3 17 18 2 17 18 2 1 2 7 0 2 7 0 2 7 0 2 7 0 2 7 0 2 7 0 2 7 0 2 7 0 2 7 0 2 11 5 30 3 1 2 7 1 2 7 0 2 7 1 2 7 17 9 2 0 60.3776664137840271
1 2 7 12 16 2 5 31 3 8 9 2 12 16 2 0 2 7 17 18 2 16 32 2 5 30 3 5 30 3 5 31 3 1 2 7 0 2 7 0 2 7 0 2 7 1 2 7 6 2 7 0 2 7 17 9 2 0 2 7 1 2 7 0 2 7 0 2 7 0 2 7 0 2 7 16 19 11 6 2 7 13 6 3 1 2 7 0 2 7 0 2 7 17 18 2 0 2 7 17 18 2 0 2 7 17 18 2 1 2 7 0 2 7 0 2 7 0 2 7 0 2 7 0 2 7 0 2 7 0 2 7 1 2 11 1 2 7 0 2 7 6 2 7 0 2 7 1 2 11 0 2 7 1 2 7 0 2 7 1 2 4 5 30 3 1 2 7 0 2 7 1 2 7 1 2 11 5 31 3 0 61.4011093974113464
13 6 3 1 2 7 12 16 2 5 31 3 0 2 7 0 2 7 0 2 7 0 2 7 17 9 2 0 2 7 12 16 2 0 2 7 0 2 7 0 2 7 17 9 2 0 2 7 0 2 7 13 6 3 1 2 7 0 2 7 17 18 2 6 2 7 1 2 7 0 2 7 1 2 7 5 30 3 0 2 7 17 18 2 0 2 7 0 2 7 0 2 7 1 2 7 5 31 3 0 2 7 5 30 3 17 18 2 1 2 7 1 2 7 0 2 7 0 2 7 0 2 7 1 2 7 0 2 7 1 2 7 0 2 7 0 2 7 0 2 7 16 31 2 17 1 2 1 2 7 5 30 3 0 2 7 1 2 7 12 16 2 6 2 7 1 2 7 0 2 4 5 30 3 1 2 7 1 2 7 0 60.5340853929519653

Current Evaluation = 13500(13500)
Front Size = 10
13 6 3 0 2 7 0 2 7 12 16 2 12 16 2 0 2 7 0 2 7 1 2 7 17 9 2 0 2 7 17 9 2 0 2 7 12 16 2 0 2 7 0 2 7 1 2 7 0 2 7 0 2 7 1 2 7 13 6 3 1 2 7 1 2 7 17 18 2 1 2 7 17 18 2 0 2 7 1 2 7 1 2 7 1 2 7 16 6 2 5 30 3 0 2 7 0 2 7 1 2 7 1 2 7 0 2 7 0 2 7 1 2 7 1 2 7 0 2 3 0 2 7 0 2 7 1 2 7 0 2 7 1 2 7 5 31 3 5 31 3 13 6 3 0 2 7 1 2 7 16 6 2 1 2 7 0 2 7 12 16 2 17 18 2 0 2 7 0 2 7 5 31 3 0 2 7 0 2 7 0 60.0091503858566284
5 30 3 0 2 7 12 16 2 12 16 2 0 2 7 1 2 7 0 2 7 0 2 7 1 2 7 12 16 2 0 2 7 0 2 7 0 2 7 0 2 3 0 2 7 0 2 7 1 2 3 1 2 7 17 18 2 5 30 3 5 31 3 5 30 3 5 30 3 0 2 7 5 30 3 0 2 7 5 30 3 0 2 3 0 2 7 1 2 4 0 2 7 0 2 7 0 2 3 0 2 3 0 2 7 0 2 3 0 2 7 1 2 7 0 2 3 0 2 7 0 2 7 0 2 7 0 2 7 1 2 3 17 9 2 16 6 2 16 6 2 16 19 11 5 30 3 16 19 11 16 6 2 8 9 2 1 2 11 8 18 2 0 2 7 1 2 7 13 6 3 0 2 3 6 2 3 0 2 7 0 62.8243380784988403
13 6 3 0 2 7 0 2 7 12 16 2 12 16 2 0 2 7 0 2 7 1 2 7 17 9 2 1 2 4 0 2 7 17 9 2 0 2 7 12 16 2 0 2 3 0 2 7 0 2 4 1 2 7 0 2 7 1 2 3 0 2 7 1 2 7 13 6 3 1 2 7 0 2 7 17 18 2 0 2 7 17 18 2 0 2 7 17 9 2 1 2 7 1 2 7 1 2 4 1 2 7 0 2 4 16 6 2 5 30 3 0 2 7 0 2 7 1 2 7 5 30 3 0 2 7 0 2 7 1 2 7 1 2 7 0 2 7 0 2 4 0 2 4 1 2 7 0 2 4 15 2 11 0 2 7 1 2 7 1 2 4 1 2 7 1 2 7 5 31 3 17 9 2 0 2 4 5 31 3 0 60.2567485570907593
5 30 3 0 2 7 12 16 2 0 2 7 0 2 7 13 6 3 0 2 4 0 2 7 17 18 2 0 2 4 0 2 7 0 2 7 0 2 7 1 2 7 1 2 7 0 2 7 1 2 11 1 2 7 1 2 4 0 2 7 0 2 7 1 2 7 1 2 7 0 2 7 17 18 2 0 2 7 0 2 7 0 2 7 0 2 7 0 2 7 15 2 11 17 9 2 0 2 7 0 2 7 0 2 7 0 2 7 0 2 7 0 2 7 5 31 3 5 30 3 1 2 7 0 2 7 0 2 4 6 2 7 5 30 3 0 2 7 1 2 7 5 31 3 1 2 7 16 19 11 0 2 7 1 2 4 1 2 7 17 18 2 1 2 7 5 31 3 1 2 7 16 30 2 17 18 2 5 30 3 0 61.2897824645042419
13 6 3 0 2 7 12 16 2 12 16 2 0 2 7 1 2 7 5 30 3 1 2 7 17 9 2 0 2 7 0 2 7 1 2 7 0 2 7 0 2 7 17 9 2 0 2 7 8 18 2 0 2 7 13 6 3 1 2 7 1 2 4 17 18 2 0 2 7 0 2 7 0 2 7 1 2 7 5 30 3 1 2 3 1 2 7 0 2 7 0 2 7 1 2 7 1 2 4 5 30 3 5 30 3 17 18 2 17 18 2 0 2 7 0 2 7 8 18 2 0 2 7 0 2 7 0 2 7 0 2 4 5 30 3 0 2 7 0 2 4 17 18 2 1 2 7 0 2 4 1 2 7 16 15 2 1 2 10 0 2 7 1 2 7 0 2 7 1 2 3 5 30 3 0 2 4 0 2 3 0 60.8843353986740112
5 30 3 0 2 7 12 16 2 12 16 2 1 2 7 13 6 3 13 6 3 0 2 7 0 2 7 17 9 2 0 2 4 1 2 7 0 2 7 0 2 7 1 2 7 0 2 7 12 16 2 1 2 7 1 2 7 1 2 7 0 2 7 0 2 7 0 2 7 0 2 7 1 2 7 0 2 7 1 2 11 17 18 2 0 2 7 1 2 7 1 2 7 0 2 7 0 2 7 1 2 4 0 2 7 13 6 3 17 9 2 17 9 2 0 2 7 0 2 7 0 2 7 1 2 11 1 2 7 1 2 7 1 2 7 5 30 3 5 30 3 1 2 7 17 18 2 0 2 7 0 2 7 0 2 7 0 2 4 1 2 7 17 9 2 16 31 2 5 31 3 0 2 7 0 2 7 5 30 3 0 60.1593302488327026
5 31 3 1 2 7 12 16 2 12 16 2 0 2 7 13 6 3 13 6 3 0 2 7 0 2 7 17 9 2 0 2 7 1 2 7 0 2 7 0 2 7 1 2 7 1 2 7 12 16 2 1 2 7 0 2 7 1 2 7 1 2 7 0 2 7 0 2 7 0 2 7 1 2 7 0 2 7 0 2 7 17 18 2 0 2 7 1 2 7 1 2 7 1 2 7 1 2 7 1 2 7 0 2 7 13 6 3 17 9 2 17 18 2 0 2 7 0 2 7 0 2 7 0 2 7 6 2 7 0 2 7 0 2 7 5 30 3 5 31 3 0 2 7 17 18 2 0 2 7 6 2 7 0 2 7 0 2 7 1 2 7 17 9 2 16 15 2 5 31 3 0 2 7 1 2 7 5 30 3 0 60.2511124610900879
13 6 3 0 2 7 0 2 7 12 16 2 12 16 2 0 2 7 0 2 7 1 2 4 17 9 2 1 2 7 0 2 7 17 9 2 0 2 7 12 16 2 0 2 7 0 2 7 0 2 4 1 2 7 0 2 7 1 2 3 0 2 7 1 2 7 13 6 3 1 2 7 0 2 7 17 18 2 0 2 7 17 18 2 0 2 7 17 9 2 1 2 7 1 2 7 1 2 7 1 2 7 0 2 4 16 6 2 5 30 3 0 2 7 0 2 7 1 2 7 5 30 3 0 2 7 0 2 7 1 2 7 1 2 3 0 2 7 0 2 4 0 2 7 0 2 3 1 2 7 1 2 7 1 2 7 5 31 3 5 31 3 0 2 7 0 2 7 5 30 3 1 2 4 17 18 2 13 6 3 0 60.2555074691772461
13 6 3 0 2 7 0 2 7 12 16 2 0 2 7 0 2 11 0 2 7 5 31 3 17 9 2 1 2 7 17 9 2 0 2 7 12 16 2 0 2 7 0 2 7 0 2 4 0 2 3 0 2 7 0 2 7 0 2 4 1 2 7 17 18 2 1 2 7 0 2 7 1 2 11 1 2 7 6 2 7 16 30 2 5 30 3 0 2 7 1 2 4 1 2 3 1 2 7 0 2 7 0 2 7 0 2 7 0 2 4 0 2 7 0 2 7 5 31 3 5 31 3 0 2 7 16 30 2 0 2 7 5 31 3 1 2 7 0 2 7 1 2 3 1 2 7 1 2 7 1 2 7 1 2 7 0 2 4 1 2 7 12 16 2 1 2 7 0 2 7 0 2 4 17 9 2 16 6 2 0 60.8576048016548157
1 2 7 12 16 2 12 16 2 1 2 7 13 6 3 0 2 7 0 2 7 0 2 7 17 9 2 0 2 4 1 2 7 0 2 7 0 2 4 1 2 7 1 2 7 1 2 7 0 2 4 1 2 7 1 2 7 1 2 4 0 2 7 0 2 4 1 2 7 0 2 4 0 2 7 17 18 2 0 2 7 1 2 7 1 2 7 0 2 7 17 9 2 17 18 2 0 2 7 0 2 7 0 2 7 0 2 7 1 2 7 0 2 7 5 30 3 0 2 7 17 18 2 16 15 2 5 30 3 5 31 3 12 16 2 17 18 2 0 2 7 1 2 7 13 6 3 0 2 7 8 18 2 0 2 7 5 30 3 0 2 7 0 2 7 1 2 7 5 30 3 8 18 2 0 2 7 1 2 7 0 60.5172173976898193

Current Evaluation = 14400(14400)
Front Size = 10
13 6 3 0 2 7 1 2 7 12 16 2 12 16 2 0 2 7 0 2 7 1 2 7 17 9 2 1 2 7 0 2 7 17 9 2 0 2 7 12 16 2 0 2 7 0 2 7 1 2 7 1 2 7 0 2 7 1 2 7 0 2 7 1 2 7 13 6 3 1 2 7 0 2 7 17 18 2 0 2 7 17 9 2 0 2 7 17 9 2 1 2 4 1 2 7 0 2 4 1 2 7 16 6 2 5 31 3 0 2 7 0 2 7 1 2 7 5 31 3 0 2 4 1 2 7 1 2 7 12 16 2 0 2 7 1 2 7 0 2 7 1 2 7 0 2 7 1 2 7 0 2 7 17 9 2 5 31 3 0 2 7 13 6 3 1 2 7 0 2 7 0 2 7 0 2 7 1 2 7 0 59.7211945056915283
5 30 3 0 2 7 12 16 2 12 16 2 1 2 7 13 6 3 13 6 3 0 2 7 1 2 7 17 9 2 0 2 4 0 2 4 0 2 4 0 2 7 1 2 4 0 2 7 12 16 2 17 18 2 1 2 7 1 2 7 0 2 7 0 2 4 0 2 7 0 2 7 1 2 4 0 2 7 1 2 7 17 18 2 0 2 7 1 2 7 1 2 7 0 2 7 0 2 7 1 2 7 0 2 7 13 6 3 17 9 2 17 9 2 0 2 7 0 2 7 0 2 7 1 2 7 1 2 7 1 2 7 5 30 3 1 2 4 17 18 2 0 2 7 0 2 7 0 2 7 1 2 7 17 9 2 5 31 3 1 2 7 0 2 7 5 31 3 0 2 7 1 2 7 1 2 7 1 2 7 0 59.7875515222549438
13 6 3 0 2 7 1 2 7 5 31 3 12 16 2 1 2 7 0 2 4 0 2 7 17 9 2 0 2 4 0 2 7 17 9 2 0 2 7 12 16 2 0 2 4 5 31 3 0 2 7 1 2 7 0 2 7 0 2 7 0 2 4 1 2 7 0 2 7 17 18 2 0 2 7 17 18 2 1 2 7 0 2 7 1 2 7 1 2 7 6 2 7 5 30 3 1 2 7 0 2 7 1 2 7 5 30 3 0 2 7 0 2 4 0 2 7 1 2 7 0 2 7 0 2 7 0 2 7 5 30 3 5 31 3 16 6 2 17 18 2 0 2 7 13 6 3 1 2 7 1 2 7 1 2 7 0 2 7 1 2 7 0 2 7 5 30 3 0 2 7 0 2 7 16 30 2 0 2 7 0 60.5296944975852966
13 6 3 0 2 7 12 16 2 12 16 2 0 2 7 1 2 7 5 30 3 1 2 7 17 9 2 0 2 7 0 2 7 1 2 7 0 2 7 0 2 7 17 9 2 0 2 7 8 18 2 0 2 7 13 6 3 1 2 7 1 2 4 17 18 2 0 2 7 0 2 7 0 2 7 1 2 7 5 30 3 1 2 3 1 2 7 0 2 7 0 2 7 1 2 7 1 2 4 5 30 3 5 30 3 17 18 2 17 18 2 0 2 7 0 2 7 8 18 2 0 2 7 0 2 7 0 2 7 0 2 4 5 30 3 0 2 7 0 2 4 17 18 2 1 2 7 0 2 4 1 2 7 16 15 2 1 2 10 0 2 7 1 2 7 0 2 7 1 2 3 5 30 3 0 2 4 0 2 3 0 60.8843353986740112
5 30 3 0 2 7 12 16 2 12 16 2 0 2 7 1 2 7 0 2 7 0 2 7 1 2 7 12 16 2 0 2 7 0 2 7 0 2 7 0 2 3 0 2 7 0 2 7 1 2 3 1 2 7 17 18 2 5 30 3 5 31 3 5 30 3 5 30 3 0 2 7 5 30 3 0 2 7 5 30 3 0 2 3 0 2 7 1 2 4 0 2 7 0 2 7 0 2 3 0 2 3 0 2 7 0 2 3 0 2 7 1 2 7 0 2 3 0 2 7 0 2 7 0 2 7 0 2 7 1 2 3 17 9 2 16 6 2 16 6 2 16 19 11 5 30 3 16 19 11 16 6 2 8 9 2 1 2 11 8 18 2 0 2 7 1 2 7 13 6 3 0 2 3 6 2 3 0 2 7 0 62.8243380784988403
13 6 3 0 2 4 1 2 7 12 16 2 12 16 2 0 2 7 0 2 4 1 2 7 17 9 2 1 2 7 0 2 7 17 9 2 0 2 7 12 16 2 0 2 7 0 2 4 0 2 7 1 2 7 0 2 7 1 2 3 0 2 3 1 2 7 13 6 3 1 2 7 0 2 7 17 18 2 0 2 7 17 9 2 0 2 7 17 9 2 1 2 7 1 2 7 1 2 7 1 2 7 16 6 2 5 30 3 0 2 7 0 2 7 1 2 7 5 31 3 0 2 4 1 2 7 1 2 3 12 16 2 0 2 7 1 2 3 0 2 7 1 2 7 1 2 7 1 2 7 0 2 7 17 9 2 5 31 3 0 2 7 13 6 3 1 2 7 0 2 7 0 2 7 0 2 4 0 2 7 0 59.9809155464172363
5 30 3 0 2 7 12 16 2 12 16 2 1 2 7 13 6 3 13 6 3 0 2 7 0 2 7 17 9 2 0 2 4 1 2 7 0 2 7 0 2 7 1 2 7 0 2 7 12 16 2 1 2 7 1 2 7 1 2 7 0 2 7 0 2 7 0 2 7 0 2 7 1 2 7 0 2 7 1 2 11 17 18 2 0 2 7 1 2 7 1 2 7 0 2 7 0 2 7 1 2 4 0 2 7 13 6 3 17 9 2 17 9 2 0 2 7 0 2 7 0 2 7 1 2 11 1 2 7 1 2 7 1 2 7 5 30 3 5 30 3 1 2 7 17 18 2 0 2 7 0 2 7 0 2 7 0 2 4 1 2 7 17 9 2 16 31 2 5 31 3 0 2 7 0 2 7 5 30 3 0 60.1593302488327026
13 6 3 0 2 7 0 2 7 12 16 2 12 16 2 0 2 7 0 2 7 1 2 7 17 9 2 0 2 7 17 9 2 0 2 7 12 16 2 0 2 7 0 2 7 1 2 7 0 2 7 0 2 7 1 2 7 13 6 3 1 2 7 1 2 7 17 18 2 1 2 7 17 18 2 0 2 7 1 2 7 1 2 7 1 2 7 16 6 2 5 30 3 0 2 7 0 2 7 1 2 7 1 2 7 0 2 7 0 2 7 1 2 7 1 2 7 0 2 3 0 2 7 0 2 7 1 2 7 0 2 7 1 2 7 5 31 3 5 31 3 13 6 3 0 2 7 1 2 7 16 6 2 1 2 7 0 2 7 12 16 2 17 18 2 0 2 7 0 2 7 5 31 3 0 2 7 0 2 7 0 60.0091503858566284
5 30 3 0 2 7 12 16 2 12 16 2 1 2 7 13 6 3 13 6 3 0 2 7 1 2 7 17 9 2 0 2 7 1 2 4 0 2 4 1 2 7 1 2 7 1 2 4 12 16 2 17 18 2 0 2 7 5 30 3 0 2 7 0 2 7 0 2 7 0 2 7 0 2 7 1 2 7 17 18 2 0 2 4 1 2 7 0 2 7 0 2 7 0 2 7 1 2 7 1 2 7 17 9 2 0 2 7 1 2 7 0 2 7 1 2 7 0 2 4 1 2 7 5 30 3 17 18 2 0 2 7 0 2 7 0 2 7 0 2 7 5 30 3 1 2 7 0 2 7 0 2 7 0 2 7 1 2 7 5 31 3 17 18 2 1 2 4 8 18 2 0 2 7 8 18 2 16 15 2 0 60.5172173976898193
13 6 3 0 2 7 0 2 7 12 16 2 12 16 2 0 2 7 0 2 7 1 2 7 17 9 2 1 2 7 0 2 4 17 9 2 0 2 7 12 16 2 0 2 7 0 2 7 0 2 7 1 2 7 0 2 7 0 2 7 1 2 7 1 2 7 0 2 7 17 18 2 0 2 7 17 18 2 0 2 7 1 2 7 1 2 7 1 2 11 1 2 7 0 2 7 5 30 3 0 2 7 0 2 7 1 2 7 5 30 3 0 2 7 0 2 7 1 2 7 0 2 7 0 2 7 0 2 7 1 2 7 1 2 3 1 2 7 5 31 3 5 31 3 0 2 7 1 2 7 17 18 2 0 2 7 8 18 2 5 30 3 16 30 2 0 2 3 16 15 2 0 2 4 6 2 7 13 6 3 0 60.6809684634208679

Current Evaluation = 15300(15300)
Front Size = 10
13 6 3 0 2 4 1 2 7 12 16 2 12 16 2 0 2 7 0 2 4 1 2 7 17 9 2 1 2 7 0 2 7 17 9 2 0 2 7 12 16 2 0 2 7 0 2 7 1 2 7 0 2 7 1 2 7 13 6 3 1 2 7 0 2 7 17 18 2 0 2 7 17 9 2 0 2 7 17 9 2 1 2 7 1 2 7 1 2 7 1 2 7 16 6 2 0 2 7 0 2 7 1 2 7 5 31 3 1 2 7 12 16 2 0 2 7 0 2 7 1 2 7 1 2 7 1 2 7 0 2 7 17 9 2 5 31 3 0 2 7 13 6 3 1 2 7 0 2 7 0 2 7 0 2 7 1 2 7 0 2 7 0 2 7 1 2 4 0 2 7 1 2 7 0 2 7 5 31 3 0 59.7211945056915283
5 30 3 0 2 7 12 16 2 12 16 2 1 2 7 13 6 3 13 6 3 0 2 7 1 2 7 17 9 2 0 2 7 1 2 4 0 2 4 1 2 7 1 2 7 1 2 4 12 16 2 17 18 2 0 2 7 5 30 3 0 2 7 0 2 7 0 2 7 0 2 7 0 2 7 1 2 7 17 18 2 0 2 4 1 2 7 0 2 7 0 2 7 0 2 7 1 2 7 1 2 7 17 9 2 0 2 7 1 2 7 0 2 7 1 2 7 0 2 4 1 2 7 5 30 3 17 18 2 0 2 7 0 2 7 0 2 7 0 2 7 5 30 3 1 2 7 0 2 7 0 2 7 0 2 7 1 2 7 5 31 3 17 18 2 1 2 4 8 18 2 0 2 7 8 18 2 16 15 2 0 60.5172173976898193
5 30 3 0 2 7 12 16 2 12 16 2 0 2 7 1 2 7 0 2 7 0 2 7 1 2 7 12 16 2 0 2 7 0 2 7 0 2 7 0 2 3 0 2 7 0 2 7 1 2 3 1 2 7 17 18 2 5 30 3 5 31 3 5 30 3 5 30 3 0 2 7 5 30 3 0 2 7 5 30 3 0 2 3 0 2 7 1 2 4 0 2 7 0 2 7 0 2 3 0 2 3 0 2 7 0 2 3 0 2 7 1 2 7 0 2 3 0 2 7 0 2 7 0 2 7 0 2 7 1 2 3 17 9 2 16 6 2 16 6 2 16 19 11 5 30 3 16 19 11 16 6 2 8 9 2 1 2 11 8 18 2 0 2 7 1 2 7 13 6 3 0 2 3 6 2 3 0 2 7 0 62.8243380784988403
5 30 3 0 2 7 12 16 2 12 16 2 1 2 4 13 6 3 13 6 3 0 2 4 1 2 7 17 9 2 0 2 4 0 2 4 0 2 4 0 2 7 0 2 7 12 16 2 17 18 2 0 2 7 17 9 2 0 2 7 0 2 7 0 2 4 0 2 7 1 2 7 1 2 7 0 2 7 1 2 7 1 2 7 0 2 7 0 2 7 1 2 7 0 2 7 13 6 3 17 9 2 17 9 2 0 2 7 0 2 7 0 2 7 1 2 7 1 2 7 1 2 7 0 2 7 0 2 7 0 2 7 1 2 7 17 9 2 5 31 3 1 2 7 5 31 3 1 2 7 1 2 7 1 2 4 1 2 4 12 16 2 17 18 2 5 30 3 1 2 4 1 2 7 0 2 7 0 2 4 0 59.9459015130996704
13 6 3 0 2 7 0 2 7 12 16 2 12 16 2 0 2 7 1 2 7 17 9 2 0 2 7 17 9 2 0 2 7 12 16 2 0 2 7 0 2 7 1 2 7 0 2 7 0 2 7 1 2 7 13 6 3 1 2 7 1 2 4 17 18 2 1 2 7 17 18 2 0 2 7 1 2 7 1 2 4 0 2 7 0 2 7 1 2 7 1 2 4 0 2 7 0 2 7 1 2 7 1 2 7 0 2 7 0 2 7 1 2 7 0 2 7 1 2 7 5 31 3 5 31 3 13 6 3 0 2 7 1 2 7 0 2 7 17 18 2 17 9 2 1 2 7 1 2 4 0 2 7 17 9 2 0 2 7 5 30 3 0 2 4 1 2 4 5 30 3 1 2 7 0 2 4 0 2 7 0 59.7875515222549438
8 18 2 0 2 7 12 16 2 12 16 2 0 2 7 1 2 7 17 9 2 0 2 7 0 2 7 0 2 11 12 16 2 0 2 7 0 2 7 8 18 2 0 2 7 0 2 7 1 2 7 17 18 2 0 2 7 1 2 4 16 31 2 0 2 7 0 2 7 5 30 3 0 2 7 0 2 4 0 2 4 0 2 7 0 2 7 0 2 11 17 9 2 0 2 7 0 2 7 1 2 7 1 2 7 0 2 7 5 30 3 5 30 3 0 2 7 16 24 2 1 2 7 17 9 2 5 30 3 0 2 11 0 2 7 1 2 7 1 2 7 1 2 7 1 2 4 0 2 7 1 2 7 1 2 7 0 2 7 16 6 2 5 30 3 13 6 3 5 30 3 0 2 11 1 2 7 5 31 3 0 61.4671655893325806
13 6 3 0 2 4 1 2 7 12 16 2 12 16 2 0 2 7 0 2 4 1 2 7 17 9 2 1 2 7 0 2 7 17 9 2 0 2 7 12 16 2 0 2 7 0 2 4 0 2 7 1 2 7 0 2 7 1 2 3 0 2 3 1 2 7 13 6 3 1 2 7 0 2 7 17 18 2 0 2 7 17 9 2 0 2 7 17 9 2 1 2 7 1 2 7 1 2 7 1 2 7 16 6 2 5 30 3 0 2 7 0 2 7 1 2 7 5 31 3 0 2 4 1 2 7 1 2 3 12 16 2 0 2 7 1 2 3 0 2 7 1 2 7 1 2 7 1 2 7 0 2 7 17 9 2 5 31 3 0 2 7 13 6 3 1 2 7 0 2 7 0 2 7 0 2 4 0 2 7 0 59.9809155464172363
13 6 3 1 2 7 12 16 2 12 16 2 0 2 7 1 2 7 17 9 2 1 2 7 0 2 7 0 2 7 12 16 2 0 2 7 0 2 7 1 2 7 0 2 7 1 2 7 0 2 7 17 18 2 0 2 7 0 2 7 16 6 2 0 2 7 0 2 7 5 31 3 0 2 7 0 2 7 0 2 7 0 2 7 0 2 7 0 2 7 0 2 7 0 2 7 0 2 7 1 2 4 0 2 7 0 2 7 0 2 4 0 2 4 17 9 2 13 6 3 1 2 7 17 9 2 17 9 2 1 2 7 5 30 3 1 2 7 1 2 7 5 30 3 16 6 2 12 16 2 1 2 7 0 2 3 1 2 7 17 9 2 8 18 2 5 30 3 1 2 7 16 19 11 0 2 3 5 31 3 0.0513166357289474365 60.7941192388534546
13 6 3 0 2 7 0 2 7 12 16 2 12 16 2 0 2 7 0 2 7 1 2 7 17 9 2 0 2 7 17 9 2 0 2 7 12 16 2 0 2 7 0 2 7 1 2 7 0 2 7 0 2 7 1 2 7 13 6 3 1 2 7 1 2 7 17 18 2 1 2 7 17 18 2 0 2 7 1 2 7 1 2 7 1 2 7 16 6 2 5 30 3 0 2 7 0 2 7 1 2 7 1 2 7 0 2 7 0 2 7 1 2 7 1 2 7 0 2 3 0 2 7 0 2 7 1 2 7 0 2 7 1 2 7 5 31 3 5 31 3 13 6 3 0 2 7 1 2 7 16 6 2 1 2 7 0 2 7 12 16 2 17 18 2 0 2 7 0 2 7 5 31 3 0 2 7 0 2 7 0 60.0091503858566284
13 6 3 0 2 7 0 2 4 12 16 2 12 16 2 0 2 7 1 2 4 17 9 2 0 2 7 17 9 2 0 2 7 12 16 2 0 2 7 0 2 7 1 2 7 0 2 7 1 2 7 0 2 7 13 6 3 1 2 7 17 18 2 1 2 7 17 18 2 0 2 7 1 2 7 0 2 7 0 2 7 1 2 7 1 2 7 0 2 7 1 2 7 1 2 7 0 2 4 0 2 7 1 2 7 0 2 7 1 2 7 5 31 3 5 31 3 13 6 3 0 2 7 1 2 7 1 2 7 17 18 2 0 2 7 0 2 7 0 2 4 5 30 3 1 2 7 0 2 7 0 2 7 1 2 7 0 2 4 17 9 2 1 2 7 17 9 2 0 2 4 1 2 4 5 30 3 1 2 7 0 59.7875515222549438

Current Evaluation = 16200(16200)
Front Size = 10
13 6 3 1 2 7 0 2 7 12 16 2 12 16 2 0 2 7 0 2 7 1 2 7 17 9 2 1 2 7 1 2 7 17 9 2 0 2 7 12 16 2 1 2 7 1 2 4 0 2 7 0 2 7 0 2 7 13 6 3 1 2 7 1 2 7 17 18 2 0 2 7 17 9 2 0 2 7 17 9 2 1 2 7 1 2 7 0 2 7 16 6 2 1 2 7 5 31 3 0 2 7 1 2 7 1 2 7 12 16 2 0 2 7 0 2 7 1 2 7 0 2 7 1 2 7 0 2 7 17 9 2 5 31 3 0 2 7 13 6 3 1 2 7 0 2 7 0 2 7 1 2 7 1 2 7 0 2 7 0 2 7 5 31 3 0 2 4 0 2 7 0 2 7 0 2 4 1 2 7 0 59.7211945056915283
13 6 3 1 2 7 0 2 7 12 16 2 12 16 2 0 2 7 0 2 7 1 2 7 17 9 2 1 2 7 1 2 7 17 9 2 0 2 7 12 16 2 1 2 7 1 2 7 0 2 7 0 2 7 0 2 7 13 6 3 1 2 7 1 2 7 17 18 2 0 2 7 17 9 2 1 2 7 17 9 2 1 2 7 1 2 7 0 2 7 16 6 2 1 2 7 5 31 3 0 2 7 1 2 4 1 2 7 12 16 2 0 2 7 0 2 7 1 2 7 0 2 7 1 2 7 0 2 7 5 31 3 0 2 7 13 6 3 1 2 7 0 2 7 0 2 7 1 2 7 0 2 7 0 2 7 5 31 3 0 2 7 0 2 7 0 2 7 17 18 2 0 2 4 0 2 7 1 2 4 0 59.7211945056915283
13 6 3 0 2 7 12 16 2 12 16 2 0 2 7 1 2 4 17 9 2 1 2 7 0 2 4 17 9 2 12 16 2 0 2 4 0 2 7 1 2 3 1 2 7 0 2 7 13 6 3 0 2 7 17 18 2 1 2 7 17 9 2 1 2 7 1 2 4 1 2 7 0 2 7 1 2 3 5 30 3 0 2 7 0 2 4 1 2 7 0 2 3 0 2 4 0 2 4 1 2 4 0 2 7 0 2 4 0 2 7 0 2 7 0 2 7 8 9 2 1 2 7 0 2 7 5 31 3 17 9 2 5 31 3 0 2 4 1 2 7 1 2 7 0 2 4 0 2 7 1 2 3 0 2 7 16 6 2 0 2 7 1 2 7 12 16 2 5 30 3 16 6 2 0 2 7 12 16 2 0 60.6226655244827271
5 30 3 0 2 7 12 16 2 12 16 2 1 2 7 13 6 3 13 6 3 0 2 7 1 2 7 17 9 2 0 2 7 0 2 7 0 2 7 1 2 7 17 18 2 0 2 7 17 9 2 0 2 7 0 2 7 0 2 7 1 2 7 1 2 7 0 2 7 1 2 7 1 2 7 0 2 7 0 2 7 1 2 7 0 2 7 13 6 3 17 9 2 17 9 2 0 2 7 0 2 7 0 2 7 1 2 7 1 2 4 1 2 4 0 2 7 0 2 7 0 2 7 1 2 4 5 31 3 1 2 4 5 31 3 1 2 7 1 2 4 1 2 7 1 2 7 17 18 2 5 30 3 1 2 4 1 2 7 0 2 7 0 2 7 0 2 7 0 2 4 17 18 2 12 16 2 0 2 7 0 59.7875515222549438
5 30 3 0 2 7 12 16 2 12 16 2 1 2 7 13 6 3 13 6 3 0 2 7 1 2 7 17 9 2 0 2 7 0 2 7 0 2 7 1 2 7 17 18 2 0 2 7 17 9 2 0 2 7 0 2 7 0 2 7 1 2 4 1 2 7 1 2 7 1 2 7 1 2 7 0 2 7 0 2 7 1 2 7 1 2 7 13 6 3 17 9 2 17 9 2 0 2 7 0 2 7 0 2 7 1 2 7 1 2 7 1 2 7 0 2 4 0 2 7 5 31 3 5 31 3 1 2 7 1 2 7 1 2 7 1 2 7 0 2 7 12 16 2 0 2 7 0 2 7 1 2 4 1 2 4 0 2 7 5 30 3 0 2 4 0 2 4 0 2 4 0 2 7 17 18 2 17 9 2 0 59.7875515222549438
5 30 3 0 2 7 12 16 2 12 16 2 0 2 7 1 2 7 0 2 7 0 2 7 1 2 7 12 16 2 0 2 7 0 2 7 0 2 7 0 2 3 0 2 7 0 2 7 1 2 3 1 2 7 17 18 2 5 30 3 5 31 3 5 30 3 5 30 3 0 2 7 5 30 3 0 2 7 5 30 3 0 2 3 0 2 7 1 2 4 0 2 7 0 2 7 0 2 3 0 2 3 0 2 7 0 2 3 0 2 7 1 2 7 0 2 3 0 2 7 0 2 7 0 2 7 0 2 7 1 2 3 17 9 2 16 6 2 16 6 2 16 19 11 5 30 3 16 19 11 16 6 2 8 9 2 1 2 11 8 18 2 0 2 7 1 2 7 13 6 3 0 2 3 6 2 3 0 2 7 0 62.8243380784988403
5 30 3 0 2 11 12 16 2 12 16 2 1 2 7 13 6 3 0 2 7 1 2 11 17 9 2 0 2 4 0 2 7 0 2 7 12 16 2 17 18 2 1 2 7 17 9 2 0 2 7 0 2 4 0 2 7 1 2 11 0 2 7 0 2 7 1 2 7 1 2 7 0 2 4 0 2 7 1 2 4 0 2 7 17 9 2 0 2 7 0 2 7 1 2 7 5 31 3 1 2 7 0 2 7 0 2 3 0 2 7 1 2 7 1 2 7 5 31 3 1 2 7 1 2 7 1 2 3 0 2 7 16 6 2 0 2 4 0 2 7 0 2 7 0 2 7 0 2 7 17 9 2 5 30 3 8 18 2 1 2 11 1 2 7 16 6 2 8 18 2 1 2 7 0 2 7 0 2 1 0 61.1853615045547485
5 30 3 1 2 7 12 16 2 12 16 2 0 2 7 0 2 7 0 2 7 0 2 7 1 2 7 12 16 2 0 2 7 0 2 11 0 2 7 1 2 7 0 2 7 1 2 7 17 18 2 5 30 3 5 31 3 0 2 7 0 2 7 1 2 7 0 2 7 1 2 7 0 2 7 0 2 7 1 2 7 0 2 7 0 2 7 0 2 3 0 2 7 0 2 7 8 9 2 0 2 7 0 2 7 13 6 3 0 2 4 1 2 3 0 2 7 1 2 7 5 31 3 17 9 2 8 9 2 0 2 7 0 2 7 1 2 7 5 30 3 1 2 7 0 2 3 16 15 2 17 9 2 0 2 7 0 2 4 16 18 11 16 6 2 1 2 7 1 2 7 17 9 2 1 2 7 1 2 7 0 61.3934745192527771
5 30 3 0 2 7 12 16 2 12 16 2 0 2 7 1 2 7 0 2 7 0 2 7 1 2 7 12 16 2 0 2 7 0 2 7 0 2 7 0 2 7 0 2 7 1 2 7 17 18 2 5 30 3 5 31 3 0 2 7 0 2 7 0 2 7 1 2 4 0 2 7 0 2 7 0 2 7 0 2 7 1 2 7 0 2 7 0 2 7 0 2 7 0 2 7 17 9 2 0 2 7 1 2 7 13 6 3 0 2 7 0 2 3 1 2 7 5 30 3 1 2 4 5 30 3 5 30 3 5 31 3 1 2 4 0 2 3 1 2 7 0 2 3 1 2 3 0 2 7 16 6 2 16 19 11 5 30 3 17 18 2 1 2 4 8 9 2 1 2 4 8 18 2 0 2 3 17 18 2 0.0089307362657083042 62.4051443338394165
5 30 3 0 2 7 12 16 2 12 16 2 0 2 7 13 6 3 13 6 3 0 2 7 1 2 7 17 9 2 0 2 7 0 2 7 0 2 4 1 2 7 17 18 2 0 2 4 17 9 2 0 2 7 0 2 7 0 2 7 1 2 7 0 2 7 0 2 7 1 2 7 1 2 7 0 2 7 0 2 7 0 2 7 1 2 7 13 6 3 17 9 2 17 9 2 0 2 7 0 2 7 0 2 7 1 2 7 1 2 4 1 2 7 0 2 7 0 2 7 5 31 3 5 31 3 1 2 7 1 2 7 1 2 7 1 2 7 0 2 7 12 16 2 12 16 2 1 2 7 1 2 7 6 2 7 17 18 2 16 6 2 5 31 3 0 2 4 0 2 7 1 2 7 1 2 7 0 2 7 0 59.938682496547699

Current Evaluation = 17100(17100)
Front Size = 10
13 6 3 1 2 7 0 2 7 12 16 2 12 16 2 0 2 7 0 2 7 1 2 7 17 9 2 1 2 7 1 2 7 17 9 2 0 2 7 12 16 2 1 2 7 1 2 4 0 2 7 0 2 7 0 2 7 13 6 3 1 2 7 1 2 7 17 18 2 0 2 7 17 9 2 0 2 7 17 9 2 1 2 7 1 2 7 0 2 7 16 6 2 1 2 7 5 31 3 0 2 7 1 2 7 1 2 7 12 16 2 0 2 7 0 2 7 1 2 7 0 2 7 1 2 7 0 2 7 17 9 2 5 31 3 0 2 7 13 6 3 1 2 7 0 2 7 0 2 7 1 2 7 1 2 7 0 2 7 0 2 7 5 31 3 0 2 4 0 2 7 0 2 7 0 2 4 1 2 7 0 59.7211945056915283
5 30 3 0 2 7 12 16 2 12 16 2 1 2 7 13 6 3 13 6 3 0 2 7 1 2 7 17 9 2 0 2 7 0 2 7 0 2 7 1 2 7 17 18 2 0 2 7 17 9 2 0 2 7 0 2 7 0 2 7 1 2 7 1 2 7 0 2 7 1 2 7 1 2 7 0 2 7 0 2 7 1 2 7 0 2 7 13 6 3 17 9 2 17 9 2 0 2 7 0 2 7 0 2 7 1 2 7 1 2 4 1 2 4 0 2 7 0 2 7 0 2 7 1 2 4 5 31 3 1 2 4 5 31 3 1 2 7 1 2 4 1 2 7 1 2 7 17 18 2 5 30 3 1 2 4 1 2 7 0 2 7 0 2 7 0 2 7 0 2 4 17 18 2 12 16 2 0 2 7 0 59.7875515222549438
0 2 4 1 2 7 12 16 2 1 2 4 13 6 3 0 2 7 1 2 7 17 9 2 0 2 7 0 2 3 0 2 3 12 16 2 17 18 2 17 9 2 0 2 4 0 2 7 0 2 4 0 2 7 5 30 3 0 2 4 0 2 7 17 18 2 17 9 2 1 2 7 0 2 7 1 2 3 0 2 4 0 2 7 5 31 3 5 30 3 1 2 4 1 2 7 0 2 7 1 2 7 16 6 2 1 2 4 12 16 2 1 2 7 1 2 1 1 2 3 1 2 3 0 2 7 1 2 7 0 2 7 0 2 7 0 2 3 13 6 3 0 2 7 0 2 3 0 2 7 0 2 7 0 2 4 8 9 2 1 2 7 1 2 7 17 9 2 1 2 7 1 2 7 5 30 3 0 2 7 0 60.8244776725769043
0 2 7 12 16 2 12 16 2 0 2 4 13 6 3 0 2 4 1 2 4 17 9 2 0 2 7 0 2 4 0 2 7 12 16 2 17 18 2 17 9 2 0 2 4 0 2 7 0 2 7 0 2 4 5 31 3 0 2 7 0 2 7 0 2 7 17 9 2 17 9 2 0 2 4 1 2 7 1 2 7 1 2 7 0 2 7 0 2 7 5 31 3 5 30 3 1 2 4 1 2 7 1 2 4 0 2 7 1 2 7 16 6 2 5 31 3 1 2 7 12 16 2 12 16 2 1 2 7 0 2 4 1 2 7 1 2 7 0 2 4 1 2 7 0 2 7 1 2 7 1 2 4 0 2 7 0 2 7 17 9 2 1 2 7 1 2 7 0 2 7 13 6 3 0 2 4 0 2 4 0 60.3429305553436279
5 30 3 0 2 7 12 16 2 12 16 2 1 2 7 13 6 3 13 6 3 0 2 7 1 2 7 17 9 2 0 2 7 0 2 7 0 2 3 1 2 7 17 18 2 0 2 7 17 9 2 0 2 7 0 2 4 0 2 7 1 2 7 1 2 7 1 2 7 1 2 4 1 2 7 0 2 7 0 2 7 1 2 7 5 31 3 17 9 2 17 9 2 0 2 7 0 2 4 0 2 7 1 2 7 0 2 7 5 31 3 5 30 3 12 16 2 1 2 7 1 2 7 0 2 4 0 2 7 0 2 4 1 2 7 1 2 7 1 2 4 0 2 7 17 9 2 0 2 4 0 2 7 0 2 7 5 30 3 12 16 2 13 6 3 0 2 7 1 2 7 0 2 4 16 6 2 0 2 7 0 60.2138574123382568
5 30 3 0 2 7 12 16 2 12 16 2 0 2 7 1 2 7 0 2 7 0 2 7 1 2 7 12 16 2 0 2 7 0 2 7 0 2 7 0 2 3 0 2 7 0 2 7 1 2 3 1 2 7 17 18 2 5 30 3 5 31 3 5 30 3 5 30 3 0 2 7 5 30 3 0 2 7 5 30 3 0 2 3 0 2 7 1 2 4 0 2 7 0 2 7 0 2 3 0 2 3 0 2 7 0 2 3 0 2 7 1 2 7 0 2 3 0 2 7 0 2 7 0 2 7 0 2 7 1 2 3 17 9 2 16 6 2 16 6 2 16 19 11 5 30 3 16 19 11 16 6 2 8 9 2 1 2 11 8 18 2 0 2 7 1 2 7 13 6 3 0 2 3 6 2 3 0 2 7 0 62.8243380784988403
5 30 3 0 2 7 12 16 2 12 16 2 1 2 7 13 6 3 13 6 3 0 2 7 1 2 7 17 9 2 0 2 7 0 2 7 0 2 7 1 2 7 17 18 2 0 2 7 17 9 2 0 2 7 0 2 7 0 2 7 1 2 7 1 2 7 1 2 7 1 2 7 1 2 7 0 2 7 0 2 7 1 2 7 1 2 7 17 9 2 17 9 2 0 2 7 0 2 7 0 2 7 1 2 7 0 2 7 0 2 7 5 31 3 5 31 3 0 2 7 12 16 2 0 2 7 1 2 4 1 2 4 5 30 3 0 2 4 0 2 4 0 2 4 17 18 2 13 6 3 1 2 7 1 2 7 1 2 7 1 2 7 1 2 7 1 2 4 0 2 4 0 2 7 0 2 7 17 9 2 0 59.7875515222549438
5 31 3 0 2 4 12 16 2 12 16 2 1 2 7 13 6 3 0 2 4 1 2 7 17 9 2 1 2 4 1 2 7 0 2 7 1 2 7 17 18 2 0 2 4 17 9 2 0 2 4 0 2 7 0 2 7 1 2 7 1 2 4 0 2 7 1 2 7 1 2 3 0 2 4 0 2 4 1 2 11 0 2 3 17 9 2 17 9 2 0 2 4 0 2 4 0 2 7 1 2 7 1 2 7 0 2 7 0 2 10 0 2 4 5 31 3 5 30 3 0 2 4 1 2 4 1 2 7 5 30 3 0 2 7 12 16 2 0 2 7 1 2 11 1 2 7 1 2 7 0 2 7 16 6 2 8 18 2 0 2 3 0 2 4 0 2 7 0 2 7 1 2 7 17 18 2 0 2 7 0 60.8451476097106934
5 30 3 0 2 7 12 16 2 12 16 2 0 2 7 13 6 3 0 2 7 1 2 4 17 9 2 0 2 7 0 2 4 0 2 7 1 2 4 17 18 2 0 2 7 17 9 2 0 2 7 0 2 7 1 2 4 0 2 7 0 2 7 0 2 4 0 2 7 0 2 7 0 2 7 1 2 4 17 9 2 17 9 2 0 2 4 0 2 4 1 2 7 0 2 4 1 2 7 5 31 3 5 31 3 1 2 7 1 2 7 1 2 7 1 2 7 17 18 2 16 6 2 0 2 7 5 30 3 12 16 2 1 2 7 1 2 7 0 2 4 0 2 7 0 2 7 0 2 7 0 2 7 1 2 7 1 2 11 0 2 7 6 2 7 5 31 3 13 6 3 1 2 7 0 2 7 1 2 7 0 60.3938705325126648
0 2 7 1 2 7 12 16 2 0 2 11 13 6 3 0 2 7 0 2 7 17 9 2 0 2 4 6 2 7 17 18 2 17 9 2 0 2 7 1 2 7 0 2 7 0 2 7 5 30 3 0 2 4 17 18 2 17 9 2 1 2 7 0 2 7 0 2 7 5 31 3 5 30 3 1 2 7 0 2 4 0 2 4 1 2 4 1 2 4 12 16 2 0 2 7 0 2 7 1 2 7 0 2 7 6 2 7 13 6 3 0 2 7 1 2 7 0 2 7 0 2 4 1 2 7 17 9 2 1 2 7 1 2 7 5 31 3 0 2 11 0 2 7 0 2 7 1 2 7 0 2 7 16 6 2 5 31 3 1 2 7 1 2 7 0 2 7 0 2 7 1 2 7 0 2 7 5 30 3 0 60.5726087093353271

Current Evaluation = 18000(18000)
Front Size = 10
0 2 4 12 16 2 12 16 2 0 2 7 13 6 3 0 2 7 17 9 2 0 2 7 0 2 7 0 2 7 12 16 2 17 18 2 17 9 2 0 2 7 0 2 7 5 31 3 0 2 7 0 2 7 0 2 7 17 9 2 17 9 2 0 2 7 1 2 7 1 2 7 0 2 7 0 2 7 5 31 3 1 2 7 0 2 7 1 2 7 16 6 2 5 31 3 1 2 7 12 16 2 1 2 7 1 2 7 1 2 7 0 2 7 1 2 4 0 2 7 0 2 7 17 9 2 1 2 7 1 2 7 0 2 7 13 6 3 1 2 7 0 2 7 0 2 7 1 2 7 1 2 7 1 2 7 1 2 7 0 2 7 13 6 3 1 2 7 0 2 4 1 2 7 1 2 7 0 2 7 0 59.7211945056915283
0 2 4 12 16 2 12 16 2 0 2 7 13 6 3 0 2 7 17 9 2 0 2 7 0 2 7 0 2 7 12 16 2 17 18 2 17 9 2 0 2 7 0 2 7 5 31 3 0 2 7 0 2 7 0 2 7 17 9 2 17 9 2 0 2 7 1 2 7 1 2 7 0 2 7 0 2 7 5 31 3 1 2 7 0 2 7 1 2 7 16 6 2 5 31 3 1 2 7 12 16 2 1 2 7 1 2 7 1 2 7 0 2 7 1 2 7 0 2 7 0 2 7 17 9 2 1 2 7 1 2 7 0 2 7 13 6 3 1 2 7 0 2 7 0 2 7 1 2 7 1 2 7 1 2 7 1 2 7 0 2 7 13 6 3 1 2 7 0 2 4 1 2 7 0 2 4 1 2 7 0 59.7211945056915283
0 2 7 12 16 2 12 16 2 0 2 4 13 6 3 0 2 4 1 2 4 17 9 2 0 2 7 0 2 4 0 2 7 12 16 2 17 18 2 17 9 2 0 2 4 0 2 7 0 2 7 0 2 4 5 31 3 0 2 7 0 2 7 0 2 7 17 9 2 17 9 2 0 2 4 1 2 7 1 2 7 1 2 7 0 2 7 0 2 7 5 31 3 5 30 3 1 2 4 1 2 7 1 2 4 0 2 7 1 2 7 16 6 2 5 31 3 1 2 7 12 16 2 12 16 2 1 2 7 0 2 4 1 2 7 1 2 7 0 2 4 1 2 7 0 2 7 1 2 7 1 2 4 0 2 7 0 2 7 17 9 2 1 2 7 1 2 7 0 2 7 13 6 3 0 2 4 0 2 4 0 60.3429305553436279
5 30 3 0 2 7 12 16 2 12 16 2 1 2 7 13 6 3 13 6 3 0 2 7 1 2 7 17 9 2 0 2 7 0 2 7 0 2 7 1 2 7 17 18 2 0 2 7 17 9 2 0 2 7 0 2 7 0 2 7 1 2 7 1 2 7 0 2 7 1 2 7 1 2 4 0 2 7 0 2 7 0 2 7 0 2 7 13 6 3 17 9 2 17 9 2 0 2 7 0 2 7 0 2 7 1 2 7 1 2 4 1 2 4 0 2 7 0 2 7 0 2 7 1 2 4 5 31 3 5 31 3 1 2 7 1 2 7 1 2 7 17 18 2 5 30 3 1 2 7 0 2 7 0 2 4 12 16 2 1 2 4 1 2 7 1 2 4 1 2 7 0 2 7 17 18 2 0 2 7 0 59.7875515222549438
5 30 3 0 2 7 12 16 2 12 16 2 0 2 7 1 2 7 0 2 7 0 2 7 1 2 7 12 16 2 0 2 7 0 2 7 0 2 7 0 2 3 0 2 7 0 2 7 1 2 3 1 2 7 17 18 2 5 30 3 5 31 3 5 30 3 5 30 3 0 2 7 5 30 3 0 2 7 5 30 3 0 2 3 0 2 7 1 2 4 0 2 7 0 2 7 0 2 3 0 2 3 0 2 7 0 2 3 0 2 7 1 2 7 0 2 3 0 2 7 0 2 7 0 2 7 0 2 7 1 2 3 17 9 2 16 6 2 16 6 2 16 19 11 5 30 3 16 19 11 16 6 2 8 9 2 1 2 11 8 18 2 0 2 7 1 2 7 13 6 3 0 2 3 6 2 3 0 2 7 0 62.8243380784988403
13 6 3 12 16 2 0 2 7 12 16 2 12 16 2 0 2 7 1 2 7 17 9 2 1 2 7 12 16 2 1 2 7 0 2 7 1 2 7 0 2 7 0 2 7 13 6 3 17 18 2 0 2 7 1 2 7 17 9 2 0 2 7 5 31 3 17 9 2 0 2 7 0 2 7 17 9 2 0 2 7 0 2 7 0 2 7 1 2 7 0 2 7 0 2 7 1 2 7 1 2 7 16 6 2 1 2 7 13 6 3 0 2 7 1 2 7 0 2 7 0 2 4 0 2 7 5 31 3 17 9 2 0 2 7 0 2 7 5 31 3 1 2 4 1 2 7 1 2 7 0 2 7 1 2 7 1 2 4 6 2 4 0 2 7 5 30 3 0 2 7 1 2 7 0 2 7 1 2 7 0 59.938682496547699
5 30 3 0 2 7 12 16 2 12 16 2 1 2 7 13 6 3 13 6 3 0 2 7 1 2 7 17 9 2 1 2 7 0 2 7 0 2 7 1 2 7 17 18 2 0 2 7 17 9 2 0 2 7 0 2 7 1 2 7 1 2 4 0 2 11 0 2 7 1 2 7 0 2 7 0 2 4 6 2 7 0 2 7 13 6 3 17 9 2 17 9 2 0 2 7 1 2 7 5 31 3 1 2 7 1 2 7 1 2 11 17 18 2 5 30 3 1 2 7 0 2 4 12 16 2 0 2 4 1 2 7 0 2 7 1 2 7 5 31 3 1 2 7 1 2 11 0 2 7 0 2 4 0 2 7 0 2 7 0 2 7 1 2 7 1 2 11 0 2 7 0 2 7 17 18 2 0 2 7 0 60.2022444605827332
6 2 7 12 16 2 12 16 2 1 2 7 13 6 3 0 2 7 5 31 3 1 2 3 0 2 7 1 2 7 12 16 2 17 9 2 17 18 2 0 2 7 0 2 3 5 30 3 0 2 7 0 2 7 1 2 4 17 9 2 0 2 7 0 2 7 0 2 7 0 2 7 0 2 7 5 31 3 1 2 7 0 2 3 0 2 7 16 6 2 0 2 7 1 2 7 0 2 7 1 2 7 0 2 7 0 2 4 0 2 7 1 2 7 0 2 7 0 2 4 0 2 7 0 2 7 5 30 3 1 2 7 1 2 7 0 2 7 17 9 2 1 2 3 1 2 7 1 2 7 1 2 4 0 2 7 1 2 7 16 6 2 5 31 3 13 6 3 0 2 7 1 2 4 0 2 4 17 9 2 0 60.5704795718193054
13 6 3 12 16 2 6 2 7 12 16 2 8 18 2 0 2 7 0 2 7 17 9 2 0 2 7 12 16 2 1 2 7 0 2 7 1 2 7 0 2 7 0 2 7 13 6 3 1 2 7 17 9 2 0 2 7 5 31 3 17 9 2 0 2 7 0 2 7 0 2 7 1 2 7 1 2 3 1 2 7 0 2 7 0 2 7 0 2 7 1 2 7 16 15 2 0 2 7 0 2 7 0 2 7 0 2 7 5 30 3 1 2 7 5 30 3 0 2 7 5 30 3 5 30 3 1 2 7 16 19 11 0 2 7 17 9 2 0 2 7 5 30 3 8 18 2 6 2 7 0 2 7 5 30 3 17 9 2 0 2 4 0 2 7 0 2 4 0 2 7 1 2 7 0 2 12 1 2 4 0 61.4978042840957642
13 6 3 12 16 2 0 2 7 12 16 2 12 16 2 0 2 7 1 2 7 17 9 2 1 2 7 12 16 2 1 2 7 0 2 7 1 2 7 0 2 4 0 2 7 13 6 3 17 18 2 0 2 4 1 2 7 17 9 2 0 2 7 5 31 3 1 2 4 17 9 2 0 2 7 0 2 7 17 9 2 0 2 7 0 2 7 0 2 7 1 2 7 0 2 7 0 2 7 1 2 7 6 2 7 16 6 2 1 2 7 13 6 3 0 2 7 1 2 7 1 2 7 0 2 7 0 2 7 5 31 3 17 9 2 0 2 7 0 2 7 1 2 7 1 2 7 1 2 7 0 2 7 1 2 7 0 2 7 0 2 4 0 2 7 5 30 3 1 2 7 5 31 3 0 2 7 1 2 7 0 59.938682496547699

MonoObjective Genetic Algorithm
Number of Evaluations = 0
Mutation Probability = 0
Crossover Probability = 1
Population Size = 10
Survival Selection Type = 16

Time =  18063.6036541461945

Current Evaluation = 2030
Front Size = 10
0 2 4 12 16 2 12 16 2 0 2 7 13 6 3 0 2 7 17 9 2 0 2 7 0 2 7 0 2 7 12 16 2 17 18 2 17 9 2 0 2 7 0 2 7 5 31 3 0 2 7 0 2 7 0 2 7 17 9 2 17 9 2 0 2 7 1 2 7 1 2 7 0 2 7 0 2 7 5 31 3 1 2 7 0 2 7 1 2 7 16 6 2 5 31 3 1 2 7 12 16 2 1 2 7 1 2 7 1 2 7 0 2 7 1 2 4 0 2 7 0 2 7 17 9 2 1 2 7 1 2 7 0 2 7 13 6 3 1 2 7 0 2 7 0 2 7 1 2 7 1 2 7 1 2 7 1 2 7 0 2 7 13 6 3 1 2 7 0 2 4 1 2 7 1 2 7 0 2 7 0 59.7211945056915283
0 2 4 12 16 2 12 16 2 0 2 7 13 6 3 0 2 7 17 9 2 0 2 7 0 2 7 0 2 7 12 16 2 17 18 2 17 9 2 0 2 7 0 2 7 5 31 3 0 2 7 0 2 7 0 2 7 17 9 2 17 9 2 0 2 7 1 2 7 1 2 7 0 2 7 0 2 7 5 31 3 1 2 7 0 2 7 1 2 7 16 6 2 5 31 3 1 2 7 12 16 2 1 2 7 1 2 7 1 2 7 0 2 7 1 2 7 0 2 7 0 2 7 17 9 2 1 2 7 1 2 7 0 2 7 13 6 3 1 2 7 0 2 7 0 2 7 1 2 7 1 2 7 1 2 7 1 2 7 0 2 7 13 6 3 1 2 7 0 2 4 1 2 7 0 2 4 1 2 7 0 59.7211945056915283
0 2 7 12 16 2 12 16 2 0 2 4 13 6 3 0 2 4 1 2 4 17 9 2 0 2 7 0 2 4 0 2 7 12 16 2 17 18 2 17 9 2 0 2 4 0 2 7 0 2 7 0 2 4 5 31 3 0 2 7 0 2 7 0 2 7 17 9 2 17 9 2 0 2 4 1 2 7 1 2 7 1 2 7 0 2 7 0 2 7 5 31 3 5 30 3 1 2 4 1 2 7 1 2 4 0 2 7 1 2 7 16 6 2 5 31 3 1 2 7 12 16 2 12 16 2 1 2 7 0 2 4 1 2 7 1 2 7 0 2 4 1 2 7 0 2 7 1 2 7 1 2 4 0 2 7 0 2 7 17 9 2 1 2 7 1 2 7 0 2 7 13 6 3 0 2 4 0 2 4 0 60.3429305553436279
5 30 3 0 2 7 12 16 2 12 16 2 1 2 7 13 6 3 13 6 3 0 2 7 1 2 7 17 9 2 0 2 7 0 2 7 0 2 7 1 2 7 17 18 2 0 2 7 17 9 2 0 2 7 0 2 7 0 2 7 1 2 7 1 2 7 0 2 7 1 2 7 1 2 4 0 2 7 0 2 7 0 2 7 0 2 7 13 6 3 17 9 2 17 9 2 0 2 7 0 2 7 0 2 7 1 2 7 1 2 4 1 2 4 0 2 7 0 2 7 0 2 7 1 2 4 5 31 3 5 31 3 1 2 7 1 2 7 1 2 7 17 18 2 5 30 3 1 2 7 0 2 7 0 2 4 12 16 2 1 2 4 1 2 7 1 2 4 1 2 7 0 2 7 17 18 2 0 2 7 0 59.7875515222549438
5 30 3 0 2 7 12 16 2 12 16 2 0 2 7 1 2 7 0 2 7 0 2 7 1 2 7 12 16 2 0 2 7 0 2 7 0 2 7 0 2 3 0 2 7 0 2 7 1 2 3 1 2 7 17 18 2 5 30 3 5 31 3 5 30 3 5 30 3 0 2 7 5 30 3 0 2 7 5 30 3 0 2 3 0 2 7 1 2 4 0 2 7 0 2 7 0 2 3 0 2 3 0 2 7 0 2 3 0 2 7 1 2 7 0 2 3 0 2 7 0 2 7 0 2 7 0 2 7 1 2 3 17 9 2 16 6 2 16 6 2 16 19 11 5 30 3 16 19 11 16 6 2 8 9 2 1 2 11 8 18 2 0 2 7 1 2 7 13 6 3 0 2 3 6 2 3 0 2 7 0 62.8243380784988403
13 6 3 12 16 2 0 2 7 12 16 2 12 16 2 0 2 7 1 2 7 17 9 2 1 2 7 12 16 2 1 2 7 0 2 7 1 2 7 0 2 7 0 2 7 13 6 3 17 18 2 0 2 7 1 2 7 17 9 2 0 2 7 5 31 3 17 9 2 0 2 7 0 2 7 17 9 2 0 2 7 0 2 7 0 2 7 1 2 7 0 2 7 0 2 7 1 2 7 1 2 7 16 6 2 1 2 7 13 6 3 0 2 7 1 2 7 0 2 7 0 2 4 0 2 7 5 31 3 17 9 2 0 2 7 0 2 7 5 31 3 1 2 4 1 2 7 1 2 7 0 2 7 1 2 7 1 2 4 6 2 4 0 2 7 5 30 3 0 2 7 1 2 7 0 2 7 1 2 7 0 59.938682496547699
5 30 3 0 2 7 12 16 2 12 16 2 1 2 7 13 6 3 13 6 3 0 2 7 1 2 7 17 9 2 1 2 7 0 2 7 0 2 7 1 2 7 17 18 2 0 2 7 17 9 2 0 2 7 0 2 7 1 2 7 1 2 4 0 2 11 0 2 7 1 2 7 0 2 7 0 2 4 6 2 7 0 2 7 13 6 3 17 9 2 17 9 2 0 2 7 1 2 7 5 31 3 1 2 7 1 2 7 1 2 11 17 18 2 5 30 3 1 2 7 0 2 4 12 16 2 0 2 4 1 2 7 0 2 7 1 2 7 5 31 3 1 2 7 1 2 11 0 2 7 0 2 4 0 2 7 0 2 7 0 2 7 1 2 7 1 2 11 0 2 7 0 2 7 17 18 2 0 2 7 0 60.2022444605827332
6 2 7 12 16 2 12 16 2 1 2 7 13 6 3 0 2 7 5 31 3 1 2 3 0 2 7 1 2 7 12 16 2 17 9 2 17 18 2 0 2 7 0 2 3 5 30 3 0 2 7 0 2 7 1 2 4 17 9 2 0 2 7 0 2 7 0 2 7 0 2 7 0 2 7 5 31 3 1 2 7 0 2 3 0 2 7 16 6 2 0 2 7 1 2 7 0 2 7 1 2 7 0 2 7 0 2 4 0 2 7 1 2 7 0 2 7 0 2 4 0 2 7 0 2 7 5 30 3 1 2 7 1 2 7 0 2 7 17 9 2 1 2 3 1 2 7 1 2 7 1 2 4 0 2 7 1 2 7 16 6 2 5 31 3 13 6 3 0 2 7 1 2 4 0 2 4 17 9 2 0 60.5704795718193054
13 6 3 12 16 2 6 2 7 12 16 2 8 18 2 0 2 7 0 2 7 17 9 2 0 2 7 12 16 2 1 2 7 0 2 7 1 2 7 0 2 7 0 2 7 13 6 3 1 2 7 17 9 2 0 2 7 5 31 3 17 9 2 0 2 7 0 2 7 0 2 7 1 2 7 1 2 3 1 2 7 0 2 7 0 2 7 0 2 7 1 2 7 16 15 2 0 2 7 0 2 7 0 2 7 0 2 7 5 30 3 1 2 7 5 30 3 0 2 7 5 30 3 5 30 3 1 2 7 16 19 11 0 2 7 17 9 2 0 2 7 5 30 3 8 18 2 6 2 7 0 2 7 5 30 3 17 9 2 0 2 4 0 2 7 0 2 4 0 2 7 1 2 7 0 2 12 1 2 4 0 61.4978042840957642
13 6 3 12 16 2 0 2 7 12 16 2 12 16 2 0 2 7 1 2 7 17 9 2 1 2 7 12 16 2 1 2 7 0 2 7 1 2 7 0 2 4 0 2 7 13 6 3 17 18 2 0 2 4 1 2 7 17 9 2 0 2 7 5 31 3 1 2 4 17 9 2 0 2 7 0 2 7 17 9 2 0 2 7 0 2 7 0 2 7 1 2 7 0 2 7 0 2 7 1 2 7 6 2 7 16 6 2 1 2 7 13 6 3 0 2 7 1 2 7 1 2 7 0 2 7 0 2 7 5 31 3 17 9 2 0 2 7 0 2 7 1 2 7 1 2 7 1 2 7 0 2 7 1 2 7 0 2 7 0 2 4 0 2 7 5 30 3 1 2 7 5 31 3 0 2 7 1 2 7 0 59.938682496547699

