Current Evaluation = 900(900)
Front Size = 10
0 2 4 5 30 3 1 2 7 12 16 2 0 2 7 1 2 7 1 2 7 0 2 7 0 2 11 17 9 2 0 2 7 0 2 7 5 30 3 12 16 2 1 2 4 5 30 3 8 9 2 5 31 3 0 2 7 0 2 7 0 2 7 0 2 7 0 2 7 6 2 7 0 2 7 0 2 7 0 2 7 1 2 7 16 19 11 1 2 7 0 2 7 0 2 7 0 2 7 0 2 7 0 2 7 0 2 7 0 2 4 5 30 3 6 2 7 17 18 2 0 2 7 0 2 7 1 2 7 17 9 2 16 24 2 0 2 7 0 2 7 12 16 2 12 16 2 17 9 2 1 2 7 13 6 3 16 32 2 5 31 3 1 2 7 1 2 7 5 30 3 0 2 7 1 2 7 8 18 2 0 61.7450814247131348
15 2 11 5 30 3 12 16 2 0 2 7 5 30 3 5 31 3 5 30 3 0 2 7 5 30 3 12 16 2 0 2 7 16 19 11 0 2 3 1 2 3 16 19 11 0 2 7 0 2 7 0 2 7 0 2 3 0 2 7 0 2 7 0 2 7 0 2 3 0 2 7 0 2 7 0 2 3 16 19 11 16 19 12 5 30 3 0 2 7 0 2 7 0 2 7 0 2 7 0 2 7 0 2 7 0 2 3 1 2 7 0 2 3 0 2 7 0 2 3 16 19 11 5 30 3 1 2 3 16 19 11 5 30 3 0 2 7 0 2 7 1 2 7 0 2 3 0 2 7 0 2 3 0 2 3 0 2 3 0 2 7 0 2 7 5 30 3 16 6 2 0 2 7 1 2 3 0 2 3 0 65.0691980123519897
1 2 11 5 30 3 1 2 7 0 2 7 16 30 2 12 16 2 5 31 3 0 2 11 0 2 3 5 30 3 6 2 7 0 2 7 12 16 2 0 2 7 5 31 3 0 2 11 17 9 2 5 31 3 0 2 7 5 30 3 0 2 7 0 2 11 0 2 7 12 16 2 6 2 7 0 2 7 0 2 7 15 2 11 0 2 7 0 2 3 0 2 7 1 2 7 5 30 3 0 2 11 0 2 11 16 19 11 0 2 7 0 2 7 0 2 7 0 2 7 0 2 11 0 2 7 5 30 3 5 30 3 17 18 2 0 2 7 0 2 11 0 2 7 0 2 7 1 2 7 16 19 11 16 19 11 6 2 7 0 2 7 6 2 7 0 2 7 1 2 7 16 18 11 6 2 11 0 2 7 0 64.0751317143440247
5 30 3 5 30 3 16 19 12 8 9 2 16 19 12 6 2 8 6 2 8 0 2 8 0 2 8 0 2 8 13 6 3 8 9 2 6 2 8 12 16 2 16 19 12 6 2 8 8 18 2 5 30 3 5 30 3 8 18 2 8 9 2 5 30 3 0 2 8 0 2 8 0 2 8 5 30 3 16 19 12 6 2 8 5 30 3 16 19 12 0 2 8 0 2 8 0 2 8 12 16 2 0 2 8 0 2 8 0 2 8 9 2 7 0 2 8 5 30 3 0 2 8 8 18 2 0 2 8 6 2 8 0 2 8 9 2 7 0 2 8 6 2 8 0 2 8 0 2 8 0 2 8 0 2 8 0 2 8 0 2 8 16 15 2 8 18 2 16 6 2 5 30 3 2 3 3 0 2 8 0.00526150701761641647 68.2025465965270996
1 2 8 0 2 3 8 9 2 16 19 12 5 30 3 0 2 3 12 16 2 0 2 8 0 2 3 0 2 3 0 2 3 0 2 8 0 2 3 0 2 3 0 2 3 0 2 3 8 9 2 1 2 3 0 2 3 0 2 8 16 19 12 8 9 2 0 2 3 1 2 3 5 30 3 12 16 2 0 2 3 0 2 3 1 2 3 1 2 3 5 30 3 0 2 8 0 2 3 0 2 3 5 30 3 16 6 2 16 19 12 16 19 12 5 30 3 0 2 3 16 19 12 8 18 2 0 2 8 0 2 3 0 2 3 16 6 2 1 2 3 0 2 3 0 2 3 0 2 3 5 30 3 0 2 3 5 30 3 0 2 3 0 2 3 12 16 2 0 2 3 12 16 2 1 2 8 1 2 3 3.47690267417376232e-06 67.1714911460876465
5 30 3 1 2 8 0 2 7 8 9 2 0 2 7 16 19 11 0 2 8 5 30 3 0 2 8 0 2 8 0 2 7 0 2 7 16 6 2 16 19 11 0 2 3 16 19 13 12 16 2 0 2 7 0 2 11 0 2 3 5 31 3 0 2 7 0 2 3 5 30 3 0 2 8 0 2 11 0 2 8 16 19 11 5 30 3 0 2 8 0 2 8 0 2 7 12 16 2 0 2 8 0 2 8 0 2 8 5 30 3 0 2 8 0 2 8 0 2 3 5 30 3 0 2 8 5 30 3 0 2 8 0 2 3 0 2 11 0 2 7 0 2 7 0 2 8 5 31 3 5 30 3 0 2 8 16 6 2 0 2 8 16 19 11 0 2 8 0 2 8 0 2 8 0 2 8 0 2 3 3.30501478489788665e-07 68.0406876802444458
5 30 3 12 16 2 5 30 3 12 16 2 5 30 3 8 9 2 5 30 3 13 6 3 5 30 3 8 18 2 0 2 4 0 2 8 0 2 8 6 2 8 5 30 3 0 2 7 0 2 11 17 9 2 0 2 7 16 19 12 1 2 4 5 31 3 0 2 7 9 2 7 16 15 2 6 2 8 6 2 8 8 18 2 0 2 7 16 19 12 16 19 12 6 2 8 8 18 2 6 2 8 0 2 8 0 2 7 0 2 7 16 6 2 0 2 8 0 2 7 0 2 4 6 2 7 0 2 8 8 18 2 0 2 7 0 2 8 17 9 2 16 24 2 0 2 7 0 2 8 12 16 2 12 16 2 8 9 2 1 2 7 0 2 8 0 2 8 0 2 8 0 2 8 0 2 8 1 2 7 0.0153973096703285163 64.9869176745414734
5 30 3 0 2 7 0 2 7 16 19 11 5 30 3 0 2 7 0 2 7 0 2 3 12 16 2 0 2 7 0 2 3 5 31 3 0 2 7 5 30 3 5 30 3 0 2 7 12 16 2 5 30 3 5 30 3 0 2 7 0 2 7 17 9 2 0 2 4 0 2 8 1 2 7 1 2 7 1 2 11 16 19 11 16 19 13 17 9 2 0 2 7 0 2 7 1 2 7 0 2 8 0 2 7 17 18 2 0 2 8 0 2 8 0 2 8 0 2 8 0 2 7 0 2 8 1 2 10 0 2 8 0 2 7 0 2 8 0 2 7 0 2 11 0 2 4 15 2 11 5 30 3 0 2 8 16 6 2 0 2 4 0 2 4 0 2 7 0 2 8 0 2 8 0 2 8 0 2 3 0.000309475029462716962 65.3701790571212769
5 30 3 16 19 12 6 2 8 16 15 2 8 18 2 16 15 2 6 2 8 8 18 2 16 15 2 6 2 8 8 9 2 8 9 2 0 2 12 8 9 2 6 2 8 6 2 8 8 18 2 16 19 12 5 30 3 6 2 8 5 30 3 5 30 3 8 9 2 8 9 2 0 2 8 5 30 3 0 2 12 8 18 2 6 2 8 16 19 12 0 2 8 5 30 3 0 2 8 8 18 2 0 2 8 8 18 2 2 3 3 0 2 8 0 2 8 12 16 2 0 2 8 16 19 12 0 2 8 8 9 2 8 9 2 6 2 8 5 30 3 8 18 2 6 2 8 8 9 2 8 9 2 5 30 3 8 18 2 0 2 8 6 2 8 8 18 2 0 2 8 0 2 8 0 2 12 8 18 2 0.0513716653199321124 66.9363595247268677
5 31 3 17 9 2 0 2 7 5 30 3 0 2 11 0 2 7 16 6 2 12 16 2 5 30 3 0 2 7 0 2 3 5 30 3 0 2 7 0 2 7 12 16 2 0 2 11 0 2 7 1 2 11 5 30 3 0 2 7 0 2 8 8 18 2 1 2 11 5 30 3 0 2 7 0 2 11 5 30 3 0 2 7 0 2 3 0 2 3 12 16 2 0 2 3 0 2 7 0 2 7 16 19 11 0 2 8 16 19 12 0 2 7 0 2 8 16 19 11 6 2 3 1 2 3 0 2 7 6 2 3 5 30 3 6 2 7 0 2 7 0 2 7 0 2 11 16 19 11 0 2 3 0 2 7 16 19 13 0 2 3 1 2 3 0 2 7 8 18 2 0 2 8 0 2 7 5 30 3 0 65.5967735648155212

Current Evaluation = 1800(1800)
Front Size = 10
0 2 7 0 2 7 17 9 2 5 31 3 12 16 2 0 2 7 0 2 7 0 2 7 0 2 7 1 2 7 0 2 7 8 9 2 0 2 7 0 2 7 17 9 2 0 2 7 5 30 3 12 16 2 0 2 7 0 2 7 8 18 2 0 2 7 1 2 7 1 2 7 5 31 3 1 2 7 8 18 2 1 2 7 1 2 7 1 2 4 1 2 7 0 2 4 0 2 7 0 2 7 0 2 4 12 16 2 1 2 7 0 2 4 1 2 4 1 2 7 0 2 7 1 2 7 1 2 7 0 2 7 0 2 7 12 16 2 0 2 4 0 2 7 16 6 2 0 2 7 16 15 2 17 9 2 1 2 4 0 2 7 16 6 2 0 2 4 5 31 3 17 9 2 1 2 7 1 2 4 0 60.9849835634231567
5 30 3 5 30 3 12 16 2 5 30 3 5 30 3 5 30 3 5 30 3 0 2 8 0 2 3 0 2 8 0 2 8 1 2 3 0 2 8 0 2 3 0 2 8 0 2 3 5 30 3 0 2 8 0 2 7 0 2 8 0 2 11 16 19 11 0 2 8 0 2 7 0 2 8 16 19 11 5 30 3 0 2 8 0 2 8 0 2 7 12 16 2 0 2 8 5 31 3 0 2 8 0 2 7 0 2 8 0 2 8 5 30 3 16 19 11 16 19 11 0 2 3 0 2 11 0 2 3 0 2 8 0 2 8 0 2 8 16 19 11 16 6 2 0 2 8 0 2 11 0 2 8 0 2 8 0 2 12 16 31 2 0 2 8 0 2 8 0 2 8 0 2 8 8 18 2 0 2 3 2.91502098989880937e-06 68.667510986328125
1 2 7 5 30 3 5 30 3 5 30 3 0 2 7 5 31 3 0 2 7 5 30 3 0 2 7 0 2 7 12 16 2 0 2 7 1 2 3 0 2 7 16 6 2 1 2 7 0 2 7 0 2 7 0 2 7 0 2 7 1 2 3 0 2 3 0 2 7 16 18 11 16 18 11 1 2 7 0 2 7 17 9 2 0 2 7 0 2 7 0 2 7 17 9 2 0 2 7 0 2 7 12 16 2 0 2 7 0 2 7 0 2 7 5 30 3 1 2 7 0 2 7 0 2 7 0 2 7 0 2 7 1 2 7 8 18 2 0 2 7 8 1 2 1 2 3 0 2 7 1 2 7 0 2 7 1 2 11 12 16 2 1 2 7 5 31 3 16 6 2 17 18 2 0 2 7 5 30 3 0 62.5321921110153198
5 30 3 5 30 3 12 16 2 1 2 11 5 30 3 5 30 3 5 30 3 17 9 2 0 2 7 5 30 3 0 2 7 1 2 11 16 19 11 1 2 7 0 2 7 1 2 11 1 2 7 0 2 7 16 6 2 17 18 2 0 2 7 1 2 7 0 2 7 0 2 11 0 2 7 16 19 11 0 2 4 0 2 7 0 2 7 0 2 11 0 2 7 1 2 7 0 2 11 0 2 4 8 9 2 0 2 7 17 9 2 0 2 7 0 2 7 0 2 7 1 2 7 1 2 7 17 9 2 0 2 7 0 2 7 0 2 11 0 2 7 5 30 3 6 2 7 8 9 2 8 18 2 1 2 7 1 2 7 5 31 3 0 2 7 0 2 11 0 2 7 0 2 7 0 2 11 0 2 7 0 62.9874644875526428
1 2 8 0 2 3 8 9 2 16 19 12 5 30 3 0 2 3 12 16 2 0 2 8 0 2 3 0 2 3 0 2 3 0 2 8 0 2 3 0 2 3 0 2 3 0 2 3 8 9 2 1 2 3 0 2 3 0 2 8 16 19 12 8 9 2 0 2 3 1 2 3 5 30 3 12 16 2 0 2 3 0 2 3 1 2 3 1 2 3 5 30 3 0 2 8 0 2 3 0 2 3 5 30 3 16 6 2 16 19 12 16 19 12 5 30 3 0 2 3 16 19 12 8 18 2 0 2 8 0 2 3 0 2 3 16 6 2 1 2 3 0 2 3 0 2 3 0 2 3 5 30 3 0 2 3 5 30 3 0 2 3 0 2 3 12 16 2 0 2 3 12 16 2 1 2 8 1 2 3 3.47690267417376232e-06 67.1714911460876465
5 30 3 16 19 12 6 2 8 16 15 2 8 18 2 16 15 2 6 2 8 8 18 2 16 15 2 6 2 8 8 9 2 8 9 2 0 2 12 8 9 2 6 2 8 6 2 8 8 18 2 16 19 12 5 30 3 6 2 8 5 30 3 5 30 3 8 9 2 8 9 2 0 2 8 5 30 3 0 2 12 8 18 2 6 2 8 16 19 12 0 2 8 5 30 3 0 2 8 8 18 2 0 2 8 8 18 2 2 3 3 0 2 8 0 2 8 12 16 2 0 2 8 16 19 12 0 2 8 8 9 2 8 9 2 6 2 8 5 30 3 8 18 2 6 2 8 8 9 2 8 9 2 5 30 3 8 18 2 0 2 8 6 2 8 8 18 2 0 2 8 0 2 8 0 2 12 8 18 2 0.0513716653199321124 66.9363595247268677
5 30 3 1 2 3 5 30 3 1 2 3 5 30 3 0 2 7 5 30 3 0 2 3 1 2 3 0 2 7 0 2 3 12 16 2 5 30 3 0 2 3 1 2 7 16 6 2 0 2 7 6 2 3 0 2 7 1 2 3 0 2 7 16 19 11 0 2 7 1 2 7 8 9 2 16 15 2 0 2 7 0 2 7 5 30 3 0 2 3 12 16 2 17 18 2 0 2 7 0 2 7 0 2 7 0 2 7 0 2 7 0 2 3 0 2 7 1 2 3 1 2 3 0 2 7 5 30 3 0 2 7 0 2 7 8 18 2 16 19 11 16 19 11 6 2 3 0 2 3 0 2 7 0 2 7 1 2 7 0 2 4 0 2 7 0 2 3 1 2 3 8 18 2 17 18 2 0 2 7 0 63.6452412605285645
1 2 7 5 30 3 5 30 3 5 30 3 0 2 7 5 30 3 0 2 7 5 30 3 0 2 8 0 2 7 0 2 11 0 2 7 12 16 2 0 2 7 0 2 7 5 30 3 1 2 7 0 2 8 0 2 12 16 6 2 0 2 1 0 2 8 1 2 3 0 2 7 0 2 8 0 2 7 0 2 3 0 2 7 1 2 11 1 2 7 1 2 7 17 18 2 1 2 7 0 2 8 0 2 7 16 19 11 1 2 7 0 2 3 8 9 2 0 2 3 0 2 7 0 2 7 16 9 8 8 18 2 17 9 2 16 19 11 0 2 1 0 2 8 1 2 3 0 2 11 8 18 2 0 2 7 1 2 7 8 9 2 5 30 3 17 18 2 0 2 11 12 16 2 0 2 7 5 30 3 0 64.8452738523483276
12 16 2 8 9 2 5 30 3 12 16 2 8 18 2 12 16 2 12 16 2 16 6 2 16 6 2 0 2 3 0 2 8 17 9 2 1 2 8 0 2 3 0 2 7 0 2 8 0 2 7 8 9 2 0 2 3 0 2 3 0 2 7 0 2 3 5 30 3 5 30 3 0 2 7 0 2 7 5 30 3 1 2 7 5 31 3 1 2 7 1 2 3 0 2 3 0 2 3 16 19 12 0 2 3 0 2 4 0 2 7 0 2 3 1 2 3 0 2 3 0 2 3 1 2 4 1 2 7 16 19 12 1 2 7 1 2 7 0 2 7 0 2 8 0 2 8 0 2 7 0 2 3 16 15 2 17 9 2 1 2 4 0 2 7 0 2 4 5 31 3 17 9 2 1 2 7 1 2 3 0.0117570486250793745 64.1675639152526855
5 30 3 5 30 3 12 16 2 5 30 3 5 30 3 5 30 3 5 30 3 0 2 12 0 2 11 0 2 8 0 2 8 0 2 7 0 2 11 0 2 8 0 2 8 0 2 7 5 30 3 0 2 3 0 2 7 16 19 11 8 9 2 0 2 11 0 2 7 0 2 7 0 2 3 6 2 11 1 2 3 5 30 3 1 2 8 6 2 8 17 9 2 0 2 8 0 2 7 8 9 2 0 2 8 0 2 8 16 6 2 0 2 11 8 18 2 1 2 7 17 9 2 0 2 3 0 2 3 1 2 7 8 9 2 17 18 2 0 2 8 1 2 8 5 30 3 0 2 7 0 2 8 0 2 8 16 19 11 0 2 3 16 15 2 1 2 8 0 2 7 0 2 7 0 2 8 6 2 8 0 66.0560733079910278

Current Evaluation = 2700(2700)
Front Size = 10
0 2 7 0 2 7 17 9 2 5 31 3 12 16 2 0 2 7 0 2 7 0 2 7 0 2 4 1 2 7 0 2 7 8 9 2 0 2 4 0 2 4 12 16 2 0 2 7 5 31 3 12 16 2 0 2 4 0 2 7 17 18 2 0 2 7 1 2 7 1 2 4 5 31 3 1 2 7 8 18 2 0 2 7 1 2 7 1 2 7 1 2 7 0 2 7 0 2 7 0 2 4 0 2 7 12 16 2 1 2 7 1 2 4 1 2 7 1 2 7 0 2 4 1 2 7 1 2 7 0 2 7 0 2 4 12 16 2 0 2 4 0 2 7 16 6 2 0 2 7 16 6 2 17 9 2 1 2 7 0 2 7 16 6 2 0 2 4 5 31 3 17 9 2 1 2 4 1 2 4 0 60.957067608833313
12 16 2 0 2 7 0 2 7 0 2 7 12 16 2 5 31 3 0 2 7 16 30 2 17 18 2 5 30 3 5 30 3 15 2 11 0 2 7 0 2 7 0 2 7 5 31 3 0 2 10 0 2 7 0 2 7 0 2 7 12 16 2 0 2 10 0 2 7 15 2 11 5 30 3 0 2 7 0 2 7 1 2 7 1 2 7 1 2 10 0 2 7 6 2 7 5 31 3 0 2 7 0 2 7 0 2 4 0 2 7 0 2 7 0 2 7 5 30 3 16 19 11 0 2 7 6 2 7 17 9 2 6 2 7 1 2 7 0 2 7 0 2 7 1 2 7 1 2 7 12 16 2 0 2 7 0 2 7 0 2 7 16 6 2 6 2 7 16 6 2 5 31 3 0 2 7 1 2 7 0 62.514992356300354
0 2 3 1 2 7 8 9 2 12 16 2 0 2 3 5 31 3 0 2 7 0 2 7 1 2 3 12 16 2 1 2 7 0 2 3 17 18 2 0 2 7 0 2 3 0 2 3 1 2 7 1 2 3 6 2 3 0 2 3 0 2 3 0 2 7 1 2 7 0 2 7 0 2 7 1 2 7 16 6 2 0 2 3 0 2 3 1 2 3 0 2 7 1 2 7 0 2 7 8 18 2 1 2 3 0 2 7 5 30 3 5 30 3 5 30 3 0 2 7 5 30 3 5 30 3 0 2 7 0 2 7 0 2 3 0 2 7 0 2 3 16 6 2 0 2 7 16 19 11 16 19 11 16 6 2 0 2 7 0 2 7 5 30 3 16 19 11 1 2 7 0 2 3 0 2 3 0 2 7 0 63.5894433259963989
0 2 4 1 2 7 8 9 2 1 2 10 1 2 7 5 30 3 0 2 7 0 2 7 1 2 7 12 16 2 1 2 7 0 2 3 17 18 2 0 2 7 0 2 7 1 2 7 0 2 4 1 2 4 0 2 4 1 2 4 0 2 7 1 2 7 0 2 7 0 2 4 0 2 7 15 2 11 16 15 2 0 2 7 17 9 2 8 18 2 0 2 7 1 2 4 1 2 7 17 18 2 0 2 7 0 2 7 5 31 3 5 30 3 5 30 3 0 2 7 0 2 7 16 19 11 0 2 7 1 2 7 0 2 10 0 2 7 5 30 3 5 30 3 1 2 7 0 2 7 0 2 7 1 2 7 0 2 7 0 2 7 0 2 7 17 18 2 0 2 3 17 9 2 1 2 7 0 2 7 0 61.7375024557113647
5 30 3 5 30 3 12 16 2 5 30 3 5 30 3 5 30 3 5 30 3 0 2 8 0 2 3 0 2 8 0 2 8 1 2 3 0 2 8 0 2 3 0 2 8 0 2 3 5 30 3 0 2 8 0 2 7 0 2 8 0 2 11 16 19 11 0 2 8 0 2 7 0 2 8 16 19 11 5 30 3 0 2 8 0 2 8 0 2 7 12 16 2 0 2 8 5 31 3 0 2 8 0 2 7 0 2 8 0 2 8 5 30 3 16 19 11 16 19 11 0 2 3 0 2 11 0 2 3 0 2 8 0 2 8 0 2 8 16 19 11 16 6 2 0 2 8 0 2 11 0 2 8 0 2 8 0 2 12 16 31 2 0 2 8 0 2 8 0 2 8 0 2 8 8 18 2 0 2 3 2.91502098989880937e-06 68.667510986328125
1 2 8 0 2 3 8 9 2 16 19 12 5 30 3 0 2 3 12 16 2 0 2 8 0 2 3 0 2 3 0 2 3 0 2 8 0 2 3 0 2 3 0 2 3 0 2 3 8 9 2 1 2 3 0 2 3 0 2 8 16 19 12 8 9 2 0 2 3 1 2 3 5 30 3 12 16 2 0 2 3 0 2 3 1 2 3 1 2 3 5 30 3 0 2 8 0 2 3 0 2 3 5 30 3 16 6 2 16 19 12 16 19 12 5 30 3 0 2 3 16 19 12 8 18 2 0 2 8 0 2 3 0 2 3 16 6 2 1 2 3 0 2 3 0 2 3 0 2 3 5 30 3 0 2 3 5 30 3 0 2 3 0 2 3 12 16 2 0 2 3 12 16 2 1 2 8 1 2 3 3.47690267417376232e-06 67.1714911460876465
0 2 7 0 2 7 8 9 2 12 16 2 0 2 3 0 2 11 0 2 7 1 2 7 12 16 2 6 2 7 0 2 11 17 18 2 1 2 11 0 2 3 0 2 7 0 2 3 0 2 7 0 2 7 0 2 7 1 2 7 16 6 2 0 2 3 1 2 7 0 2 11 17 18 2 1 2 7 5 30 3 5 30 3 5 30 3 1 2 11 5 30 3 5 30 3 0 2 7 6 2 7 0 2 7 0 2 7 16 19 11 16 19 11 5 30 3 1 2 7 5 31 3 8 18 2 0 2 7 0 2 4 1 2 11 0 2 7 0 2 7 17 18 2 0 2 7 0 2 7 5 30 3 0 2 7 0 2 7 16 6 2 0 2 11 0 2 7 8 9 2 0 2 7 1 2 11 0 2 1 0 63.4937163591384888
12 16 2 5 30 3 8 18 2 8 18 2 5 30 3 5 30 3 5 30 3 5 30 3 0 2 7 8 9 2 8 9 2 0 2 7 8 9 2 0 2 7 0 2 12 0 2 8 16 19 12 0 2 7 6 2 8 0 2 8 0 2 7 0 2 7 8 18 2 17 9 2 1 2 7 1 2 7 0 2 7 6 2 8 12 16 2 1 2 7 0 2 7 6 2 8 8 18 2 16 19 12 5 31 3 8 9 2 0 2 8 6 2 7 16 19 11 6 2 8 0 2 8 8 9 2 0 2 7 16 15 2 0 2 7 8 9 2 16 15 2 16 15 2 6 2 7 6 2 8 6 2 8 8 18 2 2 3 3 5 30 3 8 18 2 0 2 11 6 2 8 0 2 8 0 2 7 6 2 8 0.011984793002111643 64.8605066537857056
5 30 3 5 30 3 12 16 2 5 30 3 5 30 3 5 30 3 5 30 3 0 2 12 0 2 11 0 2 8 0 2 8 0 2 7 0 2 11 0 2 8 0 2 8 0 2 7 5 30 3 0 2 3 0 2 7 16 19 11 8 9 2 0 2 11 0 2 7 0 2 7 0 2 3 6 2 11 1 2 3 5 30 3 1 2 8 6 2 8 17 9 2 0 2 8 0 2 7 8 9 2 0 2 8 0 2 8 16 6 2 0 2 11 8 18 2 1 2 7 17 9 2 0 2 3 0 2 3 1 2 7 8 9 2 17 18 2 0 2 8 1 2 8 5 30 3 0 2 7 0 2 8 0 2 8 16 19 11 0 2 3 16 15 2 1 2 8 0 2 7 0 2 7 0 2 8 6 2 8 0 66.0560733079910278
5 30 3 5 30 3 12 16 2 5 30 3 5 30 3 5 30 3 0 2 7 0 2 11 16 19 11 0 2 7 16 19 11 0 2 7 12 16 2 5 31 3 0 2 7 0 2 11 16 6 2 0 2 11 8 18 2 16 30 2 0 2 8 0 2 3 0 2 8 0 2 8 1 2 3 16 19 1 0 2 7 0 2 8 0 2 3 5 30 3 0 2 8 0 2 8 0 2 4 0 2 7 0 2 7 0 2 8 0 2 7 0 2 8 0 2 7 6 2 7 6 2 7 5 30 3 1 2 7 0 2 7 0 2 3 0 2 7 12 16 2 0 2 10 1 2 7 1 2 7 0 2 8 0 2 8 0 2 8 0 2 7 0 2 7 0 2 8 0 2 7 0 2 8 0 2 7 0 2 3 0.001366473188845379 65.78055739402771

Current Evaluation = 3600(3600)
Front Size = 10
8 18 2 0 2 7 12 16 2 0 2 7 1 2 7 0 2 7 1 2 7 12 16 2 0 2 7 5 31 3 0 2 7 17 18 2 1 2 7 1 2 7 5 31 3 0 2 7 1 2 7 6 2 7 1 2 4 1 2 7 0 2 7 1 2 7 1 2 7 1 2 7 0 2 7 0 2 7 0 2 7 0 2 7 16 6 2 0 2 4 0 2 7 17 9 2 0 2 7 0 2 7 0 2 7 12 16 2 1 2 7 0 2 7 12 16 2 1 2 7 1 2 7 5 31 3 1 2 7 1 2 4 0 2 4 0 2 3 5 31 3 17 9 2 17 9 2 13 6 3 0 2 7 0 2 4 1 2 3 16 6 2 0 2 7 0 2 7 0 2 4 0 2 7 16 6 2 0 2 4 0 60.6195666193962097
1 2 7 12 16 2 0 2 7 1 2 7 0 2 7 0 2 3 12 16 2 0 2 7 5 31 3 1 2 7 17 18 2 1 2 3 0 2 11 5 30 3 0 2 7 1 2 7 1 2 7 1 2 7 0 2 11 0 2 7 0 2 7 0 2 7 1 2 3 0 2 7 0 2 7 1 2 7 0 2 7 1 2 7 8 9 2 0 2 11 0 2 7 1 2 3 1 2 7 1 2 3 0 2 7 0 2 3 0 2 7 0 2 4 8 18 2 17 18 2 16 15 2 0 2 7 0 2 7 5 30 3 1 2 3 6 2 7 0 2 7 0 2 7 13 6 3 5 30 3 5 30 3 17 18 2 5 30 3 16 18 11 0 2 7 0 2 7 17 9 2 0 2 7 16 6 2 0 2 7 0 61.9315336942672729
5 30 3 5 30 3 12 16 2 5 30 3 5 30 3 5 30 3 5 30 3 0 2 12 0 2 11 0 2 8 0 2 8 0 2 7 0 2 11 0 2 8 0 2 8 0 2 7 5 30 3 0 2 3 0 2 7 16 19 11 8 9 2 0 2 11 0 2 7 0 2 7 0 2 3 6 2 11 1 2 3 5 30 3 1 2 8 6 2 8 17 9 2 0 2 8 0 2 7 8 9 2 0 2 8 0 2 8 16 6 2 0 2 11 8 18 2 1 2 7 17 9 2 0 2 3 0 2 3 1 2 7 8 9 2 17 18 2 0 2 8 1 2 8 5 30 3 0 2 7 0 2 8 0 2 8 16 19 11 0 2 3 16 15 2 1 2 8 0 2 7 0 2 7 0 2 8 6 2 8 0 66.0560733079910278
1 2 8 0 2 3 8 9 2 16 19 12 5 30 3 0 2 3 12 16 2 0 2 8 0 2 3 0 2 3 0 2 3 0 2 8 0 2 3 0 2 3 0 2 3 0 2 3 8 9 2 1 2 3 0 2 3 0 2 8 16 19 12 8 9 2 0 2 3 1 2 3 5 30 3 12 16 2 0 2 3 0 2 3 1 2 3 1 2 3 5 30 3 0 2 8 0 2 3 0 2 3 5 30 3 16 6 2 16 19 12 16 19 12 5 30 3 0 2 3 16 19 12 8 18 2 0 2 8 0 2 3 0 2 3 16 6 2 1 2 3 0 2 3 0 2 3 0 2 3 5 30 3 0 2 3 5 30 3 0 2 3 0 2 3 12 16 2 0 2 3 12 16 2 1 2 8 1 2 3 3.47690267417376232e-06 67.1714911460876465
8 18 2 12 16 2 0 2 7 16 6 2 12 16 2 0 2 7 1 2 4 0 2 7 5 30 3 5 30 3 0 2 7 0 2 7 0 2 7 16 19 11 0 2 7 0 2 7 5 30 3 0 2 7 1 2 1 0 2 7 0 2 7 1 2 7 0 2 7 0 2 7 8 9 2 0 2 7 0 2 7 0 2 4 0 2 7 1 2 7 1 2 7 0 2 7 0 2 7 0 2 7 1 2 7 1 2 7 1 2 11 17 9 2 0 2 7 0 2 7 5 30 3 1 2 7 0 2 7 12 16 2 16 6 2 1 2 7 1 2 11 0 2 4 0 2 7 5 30 3 5 30 3 1 2 4 0 2 7 17 18 2 8 18 2 17 9 2 0 2 7 13 6 3 5 31 3 17 9 2 0 61.8458831310272217
8 18 2 0 2 3 12 16 2 0 2 7 0 2 7 12 16 2 0 2 7 5 30 3 16 6 2 1 2 7 1 2 3 0 2 3 0 2 3 0 2 3 0 2 7 16 18 11 0 2 3 5 30 3 0 2 7 0 2 7 0 2 7 16 18 11 0 2 3 0 2 3 1 2 3 0 2 3 0 2 7 1 2 3 0 2 7 0 2 3 1 2 3 0 2 7 0 2 3 1 2 3 0 2 7 0 2 3 5 31 3 12 16 2 1 2 4 0 2 7 0 2 7 16 19 11 0 2 3 5 30 3 0 2 7 1 2 7 0 2 7 5 30 3 0 2 3 5 30 3 16 19 11 1 2 3 0 2 3 16 6 2 0 2 7 0 2 3 5 30 3 5 30 3 16 6 2 0 2 7 0 64.3627873659133911
5 30 3 5 30 3 12 16 2 5 30 3 12 16 2 5 30 3 16 19 11 0 2 7 1 2 3 1 2 7 0 2 7 0 2 7 0 2 7 0 2 7 0 2 7 0 2 7 5 30 3 1 2 3 6 2 3 16 19 11 0 2 3 0 2 7 0 2 11 0 2 7 5 30 3 1 2 7 0 2 7 0 2 7 16 6 2 8 18 2 0 2 3 0 2 7 0 2 7 5 30 3 0 2 7 0 2 7 16 19 11 1 2 7 0 2 7 0 2 7 0 2 3 0 2 3 1 2 3 16 19 11 12 16 2 0 2 7 8 9 2 1 2 7 17 9 2 8 18 2 0 2 7 0 2 3 0 2 7 1 2 3 0 2 7 0 2 3 0 2 7 5 30 3 0 2 7 16 19 11 0 64.2238140106201172
8 18 2 12 16 2 12 16 2 16 6 2 12 16 2 12 16 2 0 2 3 1 2 3 16 6 2 0 2 7 0 2 7 1 2 7 0 2 3 1 2 7 8 9 2 5 31 3 5 30 3 17 18 2 1 2 7 1 2 7 0 2 3 0 2 8 5 30 3 1 2 3 0 2 3 16 19 12 0 2 7 1 2 7 1 2 7 1 2 7 0 2 3 0 2 3 0 2 3 0 2 3 8 9 2 0 2 3 16 19 12 0 2 7 1 2 8 0 2 7 0 2 8 0 2 7 1 2 7 1 2 7 0 2 3 1 2 7 16 19 12 0 2 4 5 31 3 5 30 3 0 2 3 13 6 3 0 2 7 0 2 4 0 2 3 0 2 7 0 2 4 0 2 7 16 6 2 0 2 3 0.00029067168670462995 63.391049861907959
5 30 3 5 30 3 12 16 2 5 30 3 5 30 3 5 30 3 5 30 3 0 2 8 0 2 3 0 2 8 0 2 8 1 2 3 0 2 8 0 2 3 0 2 8 0 2 3 5 30 3 0 2 8 0 2 7 0 2 8 0 2 11 16 19 11 0 2 8 0 2 7 0 2 8 16 19 11 5 30 3 0 2 8 0 2 8 0 2 7 12 16 2 0 2 8 5 31 3 0 2 8 0 2 7 0 2 8 0 2 8 5 30 3 16 19 11 16 19 11 0 2 3 0 2 11 0 2 3 0 2 8 0 2 8 0 2 8 16 19 11 16 6 2 0 2 8 0 2 11 0 2 8 0 2 8 0 2 12 16 31 2 0 2 8 0 2 8 0 2 8 0 2 8 8 18 2 0 2 3 2.91502098989880937e-06 68.667510986328125
5 30 3 5 30 3 12 16 2 5 30 3 12 16 2 5 30 3 5 30 3 0 2 7 1 2 7 0 2 7 0 2 7 0 2 7 0 2 7 0 2 7 6 2 11 6 2 7 5 30 3 0 2 7 0 2 8 16 19 11 0 2 8 0 2 7 0 2 11 0 2 7 5 30 3 1 2 7 0 2 11 0 2 7 16 6 2 8 18 2 0 2 7 0 2 7 0 2 7 5 31 3 0 2 7 0 2 11 16 19 11 0 2 7 0 2 11 0 2 11 0 2 3 6 2 11 1 2 7 16 19 11 12 16 2 0 2 7 8 9 2 1 2 7 17 9 2 17 9 2 0 2 7 0 2 8 6 2 7 0 2 7 0 2 7 0 2 11 0 2 11 5 31 3 6 2 3 16 19 11 0 64.6642757654190063

Current Evaluation = 4500(4500)
Front Size = 10
8 18 2 0 2 7 12 16 2 0 2 7 1 2 3 0 2 7 1 2 7 1 2 7 0 2 7 5 31 3 0 2 11 17 18 2 1 2 7 1 2 7 5 31 3 0 2 7 1 2 7 0 2 7 1 2 7 1 2 7 0 2 7 1 2 7 1 2 7 1 2 7 0 2 7 0 2 4 0 2 7 0 2 7 16 6 2 0 2 7 6 2 7 17 9 2 0 2 7 0 2 7 0 2 7 12 16 2 1 2 7 0 2 7 12 16 2 1 2 7 1 2 7 5 31 3 1 2 4 1 2 7 0 2 7 0 2 7 5 31 3 17 9 2 17 9 2 13 6 3 0 2 7 0 2 4 1 2 3 16 6 2 0 2 7 0 2 7 0 2 7 0 2 7 16 6 2 0 2 7 0 60.5808166861534119
5 30 3 5 30 3 12 16 2 5 30 3 5 30 3 5 30 3 5 30 3 0 2 12 0 2 11 0 2 8 0 2 8 0 2 7 0 2 11 0 2 8 0 2 8 0 2 7 5 30 3 0 2 3 0 2 7 16 19 11 8 9 2 0 2 11 0 2 7 0 2 7 0 2 3 6 2 11 1 2 3 5 30 3 1 2 8 6 2 8 17 9 2 0 2 8 0 2 7 8 9 2 0 2 8 0 2 8 16 6 2 0 2 11 8 18 2 1 2 7 17 9 2 0 2 3 0 2 3 1 2 7 8 9 2 17 18 2 0 2 8 1 2 8 5 30 3 0 2 7 0 2 8 0 2 8 16 19 11 0 2 3 16 15 2 1 2 8 0 2 7 0 2 7 0 2 8 6 2 8 0 66.0560733079910278
5 30 3 5 30 3 8 9 2 1 2 7 1 2 7 16 6 2 5 30 3 0 2 7 5 30 3 0 2 7 17 18 2 5 30 3 0 2 7 6 2 7 16 6 2 0 2 7 13 6 3 5 31 3 0 2 11 16 19 11 16 19 11 0 2 7 12 16 2 0 2 3 0 2 7 1 2 11 0 2 7 0 2 3 17 9 2 1 2 11 0 2 11 0 2 7 17 9 2 0 2 7 12 16 2 5 30 3 0 2 7 0 2 7 1 2 11 0 2 7 5 31 3 0 2 7 0 2 3 5 30 3 0 2 7 0 2 7 1 2 10 6 2 7 1 2 7 0 2 7 0 2 7 0 2 7 0 2 7 6 2 3 6 2 7 0 2 7 0 2 7 0 2 3 0 2 7 0 2 7 0 62.9487271904945374
6 2 4 1 2 7 0 2 7 5 30 3 5 30 3 0 2 7 0 2 7 0 2 7 1 2 7 1 2 7 1 2 7 8 9 2 0 2 7 1 2 7 0 2 3 0 2 7 17 9 2 1 2 3 16 6 2 17 18 2 6 2 3 17 9 2 1 2 7 0 2 4 1 2 7 17 18 2 0 2 4 0 2 7 0 2 4 5 30 3 1 2 7 0 2 7 1 2 7 0 2 3 0 2 7 5 31 3 0 2 7 5 30 3 0 2 7 0 2 7 5 31 3 1 2 7 0 2 7 0 2 7 0 2 7 1 2 7 0 2 7 0 2 7 8 9 2 0 2 7 0 2 7 5 30 3 0 2 7 0 2 7 16 19 11 0 2 7 16 15 2 1 2 7 0 2 3 0 2 7 0 61.8011764883995056
0 2 7 0 2 3 1 2 7 0 2 7 0 2 7 1 2 7 1 2 7 0 2 3 0 2 7 0 2 7 1 2 3 16 15 2 5 30 3 0 2 4 0 2 7 0 2 7 5 31 3 16 30 2 0 2 7 0 2 7 0 2 3 8 18 2 0 2 7 0 2 7 0 2 4 1 2 7 5 31 3 0 2 7 1 2 7 0 2 11 5 30 3 0 2 4 1 2 7 0 2 3 1 2 3 0 2 7 0 2 4 0 2 7 17 9 2 16 24 2 1 2 7 17 9 2 5 30 3 0 2 7 12 16 2 12 16 2 8 18 2 0 2 7 0 2 3 1 2 7 1 2 7 5 30 3 0 2 7 1 2 7 6 2 7 12 16 2 0 2 11 1 2 7 17 18 2 16 9 11 0 62.2554208040237427
8 18 2 0 2 7 12 16 2 0 2 7 12 16 2 0 2 7 5 31 3 16 30 2 0 2 7 6 2 7 0 2 7 6 2 10 17 9 2 5 30 3 16 19 11 0 2 7 1 2 7 0 2 7 0 2 7 5 31 3 16 19 11 5 30 3 5 31 3 5 31 3 5 30 3 5 30 3 16 6 2 12 16 2 1 2 7 0 2 11 0 2 7 0 2 7 0 2 7 0 2 7 16 18 11 0 2 7 1 2 7 0 2 7 0 2 7 1 2 7 0 2 7 0 2 7 0 2 7 1 2 4 12 16 2 6 2 7 0 2 7 0 2 7 0 2 7 0 2 7 0 2 7 0 2 7 17 9 2 1 2 7 1 2 7 0 2 7 1 2 11 0 2 11 0 2 7 0 2 7 0 62.9529853463172913
1 2 8 0 2 3 8 9 2 16 19 12 5 30 3 0 2 3 12 16 2 0 2 8 0 2 3 0 2 3 0 2 3 0 2 8 0 2 3 0 2 3 0 2 3 0 2 3 8 9 2 1 2 3 0 2 3 0 2 8 16 19 12 8 9 2 0 2 3 1 2 3 5 30 3 12 16 2 0 2 3 0 2 3 1 2 3 1 2 3 5 30 3 0 2 8 0 2 3 0 2 3 5 30 3 16 6 2 16 19 12 16 19 12 5 30 3 0 2 3 16 19 12 8 18 2 0 2 8 0 2 3 0 2 3 16 6 2 1 2 3 0 2 3 0 2 3 0 2 3 5 30 3 0 2 3 5 30 3 0 2 3 0 2 3 12 16 2 0 2 3 12 16 2 1 2 8 1 2 3 3.47690267417376232e-06 67.1714911460876465
8 9 2 5 30 3 12 16 2 16 19 11 5 30 3 5 30 3 5 30 3 0 2 7 0 2 7 0 2 3 0 2 7 1 2 7 0 2 3 6 2 3 0 2 3 0 2 3 5 30 3 0 2 4 1 2 3 16 19 11 0 2 7 1 2 7 6 2 3 0 2 3 5 30 3 0 2 7 0 2 3 0 2 3 16 6 2 16 19 11 1 2 7 0 2 11 0 2 3 5 30 3 0 2 7 1 2 7 16 19 11 0 2 7 0 2 3 0 2 7 1 2 3 5 30 3 0 2 7 0 2 3 0 2 7 1 2 3 0 2 7 12 16 2 1 2 7 8 9 2 0 2 3 1 2 3 17 9 2 0 2 3 0 2 3 16 30 2 0 2 7 0 2 3 0 2 7 0 2 7 0 64.3367253541946411
5 30 3 5 30 3 12 16 2 5 30 3 5 30 3 5 30 3 5 30 3 0 2 8 0 2 3 0 2 8 0 2 8 1 2 3 0 2 8 0 2 3 0 2 8 0 2 3 5 30 3 0 2 8 0 2 7 0 2 8 0 2 11 16 19 11 0 2 8 0 2 7 0 2 8 16 19 11 5 30 3 0 2 8 0 2 8 0 2 7 12 16 2 0 2 8 5 31 3 0 2 8 0 2 7 0 2 8 0 2 8 5 30 3 16 19 11 16 19 11 0 2 3 0 2 11 0 2 3 0 2 8 0 2 8 0 2 8 16 19 11 16 6 2 0 2 8 0 2 11 0 2 8 0 2 8 0 2 12 16 31 2 0 2 8 0 2 8 0 2 8 0 2 8 8 18 2 0 2 3 2.91502098989880937e-06 68.667510986328125
8 18 2 12 16 2 12 16 2 16 6 2 12 16 2 12 16 2 0 2 3 1 2 3 16 6 2 0 2 7 0 2 7 1 2 7 0 2 3 1 2 7 8 9 2 5 31 3 5 30 3 17 18 2 1 2 7 1 2 7 0 2 3 0 2 8 5 30 3 1 2 3 0 2 3 16 19 12 0 2 7 1 2 7 1 2 7 1 2 7 0 2 3 0 2 3 0 2 3 0 2 3 8 9 2 0 2 3 16 19 12 0 2 7 1 2 8 0 2 7 0 2 8 0 2 7 1 2 7 1 2 7 0 2 3 1 2 7 16 19 12 0 2 4 5 31 3 5 30 3 0 2 3 13 6 3 0 2 7 0 2 4 0 2 3 0 2 7 0 2 4 0 2 7 16 6 2 0 2 3 0.00029067168670462995 63.391049861907959

Current Evaluation = 5400(5400)
Front Size = 10
8 18 2 0 2 7 12 16 2 0 2 7 1 2 7 0 2 7 0 2 7 1 2 7 0 2 7 5 31 3 0 2 7 17 18 2 1 2 11 1 2 7 5 31 3 0 2 7 1 2 7 0 2 7 1 2 7 1 2 4 0 2 7 1 2 7 1 2 7 1 2 4 0 2 7 1 2 7 0 2 7 0 2 7 16 6 2 0 2 3 6 2 7 17 9 2 1 2 7 0 2 7 0 2 7 12 16 2 1 2 7 0 2 7 12 16 2 0 2 7 1 2 7 5 31 3 1 2 7 1 2 7 0 2 7 0 2 4 5 31 3 17 9 2 17 9 2 13 6 3 0 2 7 0 2 7 1 2 7 16 6 2 0 2 7 0 2 3 0 2 7 0 2 7 16 6 2 0 2 7 0 60.5808165669441223
5 30 3 16 15 2 0 2 7 0 2 7 0 2 7 0 2 7 0 2 7 0 2 7 5 30 3 5 30 3 0 2 7 1 2 11 0 2 7 0 2 7 1 2 4 1 2 11 0 2 7 0 2 4 5 30 3 1 2 7 0 2 7 16 18 11 1 2 7 0 2 7 0 2 7 5 30 3 0 2 7 0 2 11 0 2 7 0 2 7 0 2 7 17 9 2 1 2 7 0 2 7 5 31 3 0 2 7 8 9 2 0 2 7 0 2 7 15 2 11 5 31 3 0 2 7 0 2 7 0 2 3 1 2 7 17 9 2 1 2 7 0 2 7 0 2 7 1 2 7 6 2 7 17 18 2 1 2 7 17 9 2 16 30 2 0 2 7 1 2 3 5 30 3 1 2 7 0 2 7 0 62.0924124717712402
0 2 7 1 2 7 0 2 7 0 2 7 0 2 7 0 2 7 1 2 3 0 2 7 1 2 7 5 30 3 5 31 3 5 30 3 5 30 3 16 6 2 5 30 3 12 16 2 5 30 3 5 30 3 0 2 7 0 2 7 0 2 7 0 2 3 16 19 11 1 2 7 0 2 7 0 2 3 0 2 11 0 2 3 0 2 7 0 2 3 1 2 7 0 2 7 0 2 7 1 2 4 0 2 7 0 2 3 0 2 7 12 16 2 0 2 7 0 2 7 1 2 3 8 9 2 0 2 3 0 2 7 0 2 7 17 18 2 0 2 3 1 2 7 1 2 4 16 6 2 1 2 3 0 2 7 8 18 2 8 18 2 1 2 7 0 2 7 17 9 2 16 19 11 1 2 7 16 6 2 0 62.7639443874359131
1 2 8 0 2 3 8 9 2 16 19 12 5 30 3 0 2 3 12 16 2 0 2 8 0 2 3 0 2 3 0 2 3 0 2 8 0 2 3 0 2 3 0 2 3 0 2 3 8 9 2 1 2 3 0 2 3 0 2 8 16 19 12 8 9 2 0 2 3 1 2 3 5 30 3 12 16 2 0 2 3 0 2 3 1 2 3 1 2 3 5 30 3 0 2 8 0 2 3 0 2 3 5 30 3 16 6 2 16 19 12 16 19 12 5 30 3 0 2 3 16 19 12 8 18 2 0 2 8 0 2 3 0 2 3 16 6 2 1 2 3 0 2 3 0 2 3 0 2 3 5 30 3 0 2 3 5 30 3 0 2 3 0 2 3 12 16 2 0 2 3 12 16 2 1 2 8 1 2 3 3.47690267417376232e-06 67.1714911460876465
0 2 7 0 2 4 0 2 3 0 2 7 0 2 4 1 2 7 0 2 3 1 2 7 1 2 7 0 2 7 6 2 3 0 2 7 0 2 4 1 2 4 0 2 3 1 2 7 1 2 4 0 2 7 0 2 7 0 2 7 1 2 7 0 2 7 17 9 2 1 2 3 0 2 3 5 31 3 0 2 7 0 2 7 0 2 7 0 2 7 0 2 4 0 2 4 0 2 7 0 2 7 17 9 2 1 2 7 1 2 3 0 2 7 17 18 2 0 2 7 17 9 2 0 2 7 8 18 2 16 15 2 5 30 3 1 2 7 1 2 7 5 30 3 16 6 2 5 30 3 0 2 7 8 9 2 1 2 7 0 2 7 5 31 3 12 16 2 1 2 7 1 2 7 5 30 3 16 30 2 0 61.4502596855163574
0 2 7 12 16 2 0 2 7 12 16 2 5 30 3 1 2 7 1 2 7 5 30 3 1 2 7 0 2 7 0 2 7 12 16 2 16 19 11 1 2 7 0 2 7 0 2 3 0 2 7 0 2 7 1 2 7 1 2 7 0 2 7 1 2 7 0 2 7 0 2 7 0 2 7 0 2 3 5 31 3 0 2 3 0 2 7 0 2 7 0 2 7 0 2 7 0 2 7 0 2 7 0 2 7 0 2 7 1 2 7 0 2 7 5 30 3 0 2 3 0 2 7 0 2 7 5 31 3 0 2 4 1 2 7 17 9 2 16 6 2 16 31 2 16 30 2 16 9 11 0 2 7 5 30 3 1 2 4 0 2 7 6 2 7 0 2 7 12 16 2 16 31 2 5 31 3 1 2 11 0 62.2726353406906128
0 2 7 12 16 2 0 2 7 12 16 2 5 31 3 1 2 7 6 2 7 5 31 3 1 2 7 16 6 2 0 2 7 0 2 7 16 6 2 12 16 2 16 19 11 16 6 2 1 2 7 0 2 7 0 2 7 0 2 7 0 2 3 1 2 3 6 2 7 0 2 7 5 30 3 16 19 11 0 2 7 0 2 7 0 2 7 0 2 7 5 31 3 0 2 7 0 2 7 0 2 7 0 2 7 0 2 7 0 2 7 0 2 7 6 2 7 0 2 7 1 2 7 0 2 7 6 2 7 5 30 3 0 2 7 16 19 11 0 2 7 8 18 2 0 2 7 0 2 7 0 2 7 0 2 7 12 16 2 5 30 3 0 2 4 0 2 7 1 2 7 5 31 3 17 9 2 5 31 3 0 62.8735282421112061
5 30 3 5 30 3 12 16 2 5 30 3 5 30 3 5 30 3 5 30 3 0 2 12 0 2 11 0 2 8 0 2 8 0 2 7 0 2 11 0 2 8 0 2 8 0 2 7 5 30 3 0 2 3 0 2 7 16 19 11 8 9 2 0 2 11 0 2 7 0 2 7 0 2 3 6 2 11 1 2 3 5 30 3 1 2 8 6 2 8 17 9 2 0 2 8 0 2 7 8 9 2 0 2 8 0 2 8 16 6 2 0 2 11 8 18 2 1 2 7 17 9 2 0 2 3 0 2 3 1 2 7 8 9 2 17 18 2 0 2 8 1 2 8 5 30 3 0 2 7 0 2 8 0 2 8 16 19 11 0 2 3 16 15 2 1 2 8 0 2 7 0 2 7 0 2 8 6 2 8 0 66.0560733079910278
5 30 3 5 30 3 12 16 2 5 30 3 5 30 3 5 30 3 5 30 3 0 2 8 0 2 3 0 2 8 0 2 8 1 2 3 0 2 8 0 2 3 0 2 8 0 2 3 5 30 3 0 2 8 0 2 7 0 2 8 0 2 11 16 19 11 0 2 8 0 2 7 0 2 8 16 19 11 5 30 3 0 2 8 0 2 8 0 2 7 12 16 2 0 2 8 5 31 3 0 2 8 0 2 7 0 2 8 0 2 8 5 30 3 16 19 11 16 19 11 0 2 3 0 2 11 0 2 3 0 2 8 0 2 8 0 2 8 16 19 11 16 6 2 0 2 8 0 2 11 0 2 8 0 2 8 0 2 12 16 31 2 0 2 8 0 2 8 0 2 8 0 2 8 8 18 2 0 2 3 2.91502098989880937e-06 68.667510986328125
0 2 7 12 16 2 0 2 7 12 16 2 5 30 3 0 2 7 0 2 7 5 31 3 5 30 3 16 6 2 0 2 3 1 2 3 0 2 3 5 30 3 16 19 11 16 31 2 0 2 11 5 30 3 0 2 8 6 2 7 0 2 4 1 2 7 0 2 3 0 2 8 0 2 8 12 16 2 0 2 4 5 30 3 0 2 8 0 2 7 0 2 7 0 2 7 0 2 7 16 19 11 0 2 8 0 2 4 0 2 3 0 2 8 0 2 7 16 19 11 0 2 7 0 2 7 0 2 7 0 2 10 17 9 2 1 2 7 5 30 3 0 2 11 1 2 7 0 2 7 12 16 2 16 6 2 0 2 8 0 2 4 1 2 7 13 6 3 1 2 7 8 18 2 0 2 8 0 2 4 0.000505726779281358155 63.9740578532218933

Current Evaluation = 6300(6300)
Front Size = 10
8 18 2 0 2 7 12 16 2 0 2 4 1 2 7 0 2 7 0 2 7 0 2 7 0 2 7 5 31 3 0 2 7 17 18 2 1 2 7 1 2 7 5 31 3 1 2 7 1 2 7 0 2 7 1 2 7 1 2 4 0 2 7 1 2 7 1 2 7 1 2 7 0 2 3 1 2 7 0 2 7 0 2 7 16 30 2 0 2 4 1 2 7 17 9 2 1 2 7 0 2 7 0 2 7 12 16 2 1 2 7 0 2 7 12 16 2 0 2 7 1 2 7 5 31 3 1 2 7 1 2 7 0 2 7 0 2 7 5 31 3 17 9 2 17 9 2 13 6 3 0 2 7 0 2 7 1 2 7 16 6 2 0 2 7 0 2 7 0 2 7 0 2 7 16 6 2 0 2 7 0 60.36954665184021
0 2 3 0 2 7 0 2 3 6 2 3 0 2 7 1 2 3 8 18 2 5 30 3 5 30 3 16 6 2 5 31 3 8 9 2 12 16 2 5 30 3 0 2 7 0 2 7 0 2 7 0 2 7 1 2 3 1 2 7 1 2 7 0 2 3 0 2 7 12 16 2 16 19 11 0 2 7 0 2 7 0 2 7 0 2 7 1 2 3 0 2 3 0 2 3 0 2 7 0 2 3 0 2 7 16 19 11 0 2 7 0 2 7 0 2 7 1 2 3 1 2 7 0 2 7 1 2 7 1 2 3 0 2 3 1 2 3 17 9 2 0 2 7 5 30 3 0 2 3 16 6 2 0 2 7 0 2 3 5 31 3 12 16 2 16 19 12 1 2 7 0 2 7 1 2 7 16 6 2 0 63.3897254467010498
5 30 3 5 30 3 12 16 2 5 30 3 5 30 3 5 30 3 5 30 3 0 2 8 0 2 3 0 2 8 0 2 8 1 2 3 0 2 8 0 2 3 0 2 8 0 2 3 5 30 3 0 2 8 0 2 7 0 2 8 0 2 11 16 19 11 0 2 8 0 2 7 0 2 8 16 19 11 5 30 3 0 2 8 0 2 8 0 2 7 12 16 2 0 2 8 5 31 3 0 2 8 0 2 7 0 2 8 0 2 8 5 30 3 16 19 11 16 19 11 0 2 3 0 2 11 0 2 3 0 2 8 0 2 8 0 2 8 16 19 11 16 6 2 0 2 8 0 2 11 0 2 8 0 2 8 0 2 12 16 31 2 0 2 8 0 2 8 0 2 8 0 2 8 8 18 2 0 2 3 2.91502098989880937e-06 68.667510986328125
5 30 3 5 30 3 12 16 2 5 30 3 5 30 3 5 30 3 5 30 3 0 2 7 0 2 11 0 2 8 0 2 11 0 2 11 1 2 12 0 2 8 1 2 11 0 2 7 5 30 3 6 2 1 0 2 11 16 19 11 8 9 2 0 2 11 0 2 7 0 2 11 0 2 3 0 2 3 0 2 3 5 30 3 6 2 7 0 2 7 17 9 2 0 2 7 0 2 7 8 9 2 0 2 3 0 2 3 16 6 2 0 2 7 0 2 7 1 2 11 17 9 2 0 2 8 0 2 7 0 2 11 8 9 2 17 18 2 0 2 7 1 2 7 5 30 3 0 2 7 0 2 11 0 2 3 16 19 11 0 2 11 16 6 2 1 2 3 1 2 7 0 2 7 0 2 11 1 2 7 0 64.8713870644569397
8 9 2 5 30 3 0 2 7 5 31 3 1 2 3 5 30 3 5 30 3 1 2 7 1 2 7 0 2 7 13 6 3 1 2 7 0 2 7 1 2 7 0 2 4 17 9 2 0 2 7 0 2 7 17 9 2 0 2 4 17 18 2 0 2 7 0 2 7 0 2 7 5 30 3 1 2 7 0 2 7 17 18 2 0 2 7 1 2 7 5 30 3 0 2 7 12 16 2 0 2 7 1 2 4 1 2 7 16 19 11 0 2 4 1 2 7 1 2 4 0 2 7 0 2 7 0 2 11 0 2 4 0 2 7 1 2 4 0 2 7 13 6 3 1 2 7 17 18 2 0 2 7 0 2 7 0 2 7 1 2 7 1 2 7 1 2 7 12 16 2 17 18 2 0 2 4 0 2 7 0 60.8895194530487061
5 31 3 5 31 3 12 16 2 5 30 3 5 30 3 0 2 7 0 2 7 6 2 7 0 2 7 1 2 7 0 2 7 0 2 11 12 16 2 0 2 7 1 2 7 0 2 7 0 2 7 17 9 2 0 2 7 5 31 3 1 2 7 17 9 2 0 2 7 0 2 10 0 2 7 0 2 4 0 2 7 0 2 7 0 2 7 0 2 7 0 2 7 1 2 3 0 2 7 1 2 7 0 2 7 1 2 11 0 2 7 16 6 2 5 30 3 0 2 7 12 16 2 0 2 7 16 30 2 1 2 7 0 2 7 5 30 3 1 2 7 1 2 7 0 2 7 0 2 7 1 2 7 8 9 2 0 2 11 0 2 7 5 30 3 16 6 2 17 9 2 1 2 7 16 9 11 13 6 3 0 61.8916704654693604
17 18 2 5 31 3 5 31 3 5 30 3 5 30 3 5 30 3 16 6 2 5 30 3 12 16 2 12 16 2 12 16 2 1 2 7 0 2 7 0 2 7 0 2 4 1 2 3 0 2 3 13 6 3 0 2 7 0 2 7 0 2 7 6 2 3 0 2 7 16 19 12 1 2 4 1 2 3 17 9 2 0 2 4 1 2 7 0 2 4 6 2 7 1 2 3 0 2 7 0 2 7 0 2 3 17 9 2 17 9 2 1 2 7 1 2 7 1 2 3 0 2 7 1 2 3 0 2 7 1 2 7 0 2 7 0 2 4 0 2 4 16 19 12 0 2 7 0 2 7 0 2 7 0 2 3 0 2 7 0 2 7 1 2 4 0 2 7 0 2 3 8 9 2 1 2 7 0 2 4 0 62.308393657207489
1 2 8 0 2 3 8 9 2 16 19 12 5 30 3 0 2 3 12 16 2 0 2 8 0 2 3 0 2 3 0 2 3 0 2 8 0 2 3 0 2 3 0 2 3 0 2 3 8 9 2 1 2 3 0 2 3 0 2 8 16 19 12 8 9 2 0 2 3 1 2 3 5 30 3 12 16 2 0 2 3 0 2 3 1 2 3 1 2 3 5 30 3 0 2 8 0 2 3 0 2 3 5 30 3 16 6 2 16 19 12 16 19 12 5 30 3 0 2 3 16 19 12 8 18 2 0 2 8 0 2 3 0 2 3 16 6 2 1 2 3 0 2 3 0 2 3 0 2 3 5 30 3 0 2 3 5 30 3 0 2 3 0 2 3 12 16 2 0 2 3 12 16 2 1 2 8 1 2 3 3.47690267417376232e-06 67.1714911460876465
5 30 3 5 30 3 12 16 2 5 30 3 5 30 3 5 30 3 5 30 3 0 2 3 0 2 3 0 2 3 5 30 3 0 2 7 0 2 11 16 19 11 0 2 7 5 30 3 0 2 7 12 16 2 5 31 3 0 2 7 0 2 3 0 2 11 0 2 3 16 6 2 0 2 11 0 2 12 0 2 8 0 2 7 13 6 3 1 2 3 0 2 8 1 2 11 0 2 7 1 2 7 0 2 8 0 2 7 16 19 11 0 2 7 0 2 8 0 2 7 0 2 8 1 2 7 0 2 8 0 2 7 0 2 7 16 19 11 0 2 7 17 9 2 0 2 7 16 19 11 0 2 7 0 2 8 0 2 7 12 16 2 0 2 7 0 2 7 0 2 8 0 2 8 8 18 2 8 9 2 0.00010875660674040034 65.7158538103103638
5 30 3 5 30 3 12 16 2 5 30 3 5 30 3 5 30 3 5 30 3 0 2 7 0 2 7 0 2 11 0 2 7 1 2 7 0 2 7 0 2 7 1 2 7 12 16 2 0 2 7 0 2 7 0 2 7 0 2 7 17 9 2 0 2 7 16 19 11 0 2 7 0 2 12 8 9 2 1 2 7 0 2 3 0 2 11 0 2 7 0 2 7 0 2 7 0 2 7 0 2 7 0 2 3 0 2 7 0 2 7 0 2 7 6 2 3 5 30 3 1 2 11 17 18 2 0 2 3 0 2 7 0 2 3 16 6 2 5 31 3 0 2 3 0 2 7 12 16 2 1 2 7 0 2 7 5 30 3 16 15 2 17 9 2 13 6 3 0 2 11 13 6 3 16 6 2 1 2 7 0 62.823674201965332

Current Evaluation = 7200(7200)
Front Size = 10
8 18 2 0 2 7 12 16 2 0 2 4 1 2 7 0 2 7 0 2 7 0 2 7 0 2 7 5 31 3 0 2 7 17 18 2 1 2 7 1 2 7 5 31 3 1 2 7 1 2 7 0 2 7 1 2 7 1 2 4 0 2 7 1 2 7 1 2 7 1 2 7 0 2 3 1 2 7 0 2 7 0 2 7 16 30 2 0 2 4 1 2 7 17 9 2 1 2 7 0 2 7 0 2 7 12 16 2 1 2 7 0 2 7 12 16 2 0 2 7 1 2 7 5 31 3 1 2 7 1 2 7 0 2 7 0 2 7 5 31 3 17 9 2 17 9 2 13 6 3 0 2 7 0 2 7 1 2 7 16 6 2 0 2 7 0 2 7 0 2 7 0 2 7 16 6 2 0 2 7 0 60.36954665184021
17 18 2 0 2 4 1 2 7 0 2 4 5 30 3 1 2 7 0 2 11 0 2 4 0 2 4 0 2 7 17 9 2 1 2 7 12 16 2 0 2 7 0 2 7 0 2 7 0 2 7 1 2 7 0 2 7 1 2 11 0 2 7 0 2 3 0 2 3 0 2 11 0 2 7 0 2 7 0 2 4 0 2 7 0 2 7 0 2 11 5 30 3 0 2 4 12 16 2 1 2 7 1 2 7 1 2 7 1 2 7 0 2 4 0 2 11 17 9 2 0 2 7 0 2 4 5 30 3 5 30 3 5 30 3 6 2 7 17 18 2 1 2 7 12 16 2 13 6 3 1 2 11 8 9 2 1 2 4 17 18 2 1 2 7 17 18 2 16 6 2 5 31 3 13 6 3 1 2 7 0 61.2963126301765442
12 16 2 1 2 7 1 2 7 0 2 7 1 2 7 1 2 7 0 2 11 0 2 7 12 16 2 0 2 7 0 2 7 0 2 7 17 18 2 0 2 7 16 18 11 0 2 7 0 2 7 0 2 7 0 2 7 0 2 7 0 2 7 0 2 7 0 2 7 16 15 2 5 30 3 12 16 2 0 2 7 0 2 7 8 9 2 15 2 11 1 2 11 5 30 3 5 30 3 5 30 3 5 30 3 5 30 3 16 19 11 0 2 7 5 30 3 0 2 7 0 2 7 1 2 7 12 16 2 0 2 7 0 2 7 0 2 7 0 2 7 0 2 7 8 9 2 16 19 11 0 2 7 1 2 7 17 18 2 0 2 7 16 31 2 0 2 7 0 2 7 1 2 7 8 9 2 5 30 3 0 63.1308159232139587
1 2 8 0 2 3 8 9 2 16 19 12 5 30 3 0 2 3 12 16 2 0 2 8 0 2 3 0 2 3 0 2 3 0 2 8 0 2 3 0 2 3 0 2 3 0 2 3 8 9 2 1 2 3 0 2 3 0 2 8 16 19 12 8 9 2 0 2 3 1 2 3 5 30 3 12 16 2 0 2 3 0 2 3 1 2 3 1 2 3 5 30 3 0 2 8 0 2 3 0 2 3 5 30 3 16 6 2 16 19 12 16 19 12 5 30 3 0 2 3 16 19 12 8 18 2 0 2 8 0 2 3 0 2 3 16 6 2 1 2 3 0 2 3 0 2 3 0 2 3 5 30 3 0 2 3 5 30 3 0 2 3 0 2 3 12 16 2 0 2 3 12 16 2 1 2 8 1 2 3 3.47690267417376232e-06 67.1714911460876465
12 16 2 0 2 7 0 2 7 0 2 7 0 2 7 0 2 7 0 2 7 1 2 11 12 16 2 0 2 7 0 2 11 0 2 4 0 2 7 8 9 2 0 2 7 0 2 4 0 2 11 1 2 7 0 2 7 0 2 3 6 2 7 0 2 7 0 2 3 0 2 7 0 2 7 0 2 7 8 9 2 0 2 11 16 6 2 5 30 3 1 2 11 12 16 2 1 2 7 0 2 7 17 9 2 13 6 3 16 6 2 0 2 7 1 2 7 5 30 3 5 30 3 5 31 3 5 30 3 0 2 7 5 30 3 16 19 11 0 2 7 17 9 2 0 2 3 0 2 7 5 30 3 1 2 7 16 6 2 5 31 3 1 2 7 6 2 7 0 2 7 17 9 2 1 2 7 1 2 7 0 62.3466993570327759
8 9 2 5 30 3 0 2 7 5 31 3 1 2 7 5 30 3 5 30 3 1 2 4 1 2 7 1 2 7 13 6 3 1 2 7 0 2 7 1 2 7 0 2 7 17 9 2 0 2 4 0 2 7 17 9 2 0 2 7 17 18 2 0 2 7 1 2 4 0 2 7 5 30 3 1 2 11 0 2 11 17 18 2 0 2 7 0 2 7 5 30 3 0 2 7 12 16 2 0 2 7 0 2 7 1 2 7 17 18 2 0 2 7 0 2 7 1 2 4 1 2 4 0 2 7 0 2 4 0 2 7 0 2 7 1 2 7 0 2 11 13 6 3 0 2 7 17 18 2 0 2 4 0 2 7 1 2 4 1 2 11 1 2 4 1 2 7 1 2 7 17 18 2 0 2 7 0 2 7 0 60.6879105567932129
17 18 2 0 2 7 13 6 3 6 2 7 1 2 10 1 2 3 5 30 3 0 2 3 0 2 3 5 30 3 0 2 7 6 2 4 1 2 7 0 2 7 1 2 11 17 9 2 1 2 7 12 16 2 0 2 4 0 2 11 0 2 7 1 2 3 5 30 3 0 2 7 1 2 7 0 2 7 0 2 3 1 2 7 0 2 7 0 2 11 0 2 7 6 2 7 1 2 11 0 2 3 8 18 2 0 2 11 17 9 2 17 9 2 16 15 2 0 2 11 0 2 7 5 30 3 0 2 3 12 16 2 16 30 2 0 2 7 5 30 3 0 2 7 0 2 11 16 30 2 15 2 1 0 2 3 0 2 3 0 2 7 5 30 3 0 2 3 0 2 7 5 30 3 5 30 3 0 2 11 0 62.9892039895057678
17 18 2 1 2 7 0 2 7 0 2 7 5 30 3 0 2 7 0 2 7 1 2 7 0 2 7 0 2 7 0 2 3 12 16 2 0 2 7 1 2 4 0 2 7 0 2 7 0 2 7 5 31 3 6 2 7 0 2 7 0 2 7 17 18 2 0 2 7 12 16 2 16 6 2 0 2 7 0 2 7 0 2 7 0 2 7 0 2 4 0 2 7 5 31 3 0 2 7 1 2 7 0 2 7 1 2 4 6 2 7 1 2 7 1 2 7 0 2 7 16 24 2 5 31 3 16 30 2 5 31 3 1 2 7 0 2 7 1 2 7 0 2 7 0 2 7 16 31 2 17 9 2 0 2 3 1 2 7 1 2 4 1 2 7 5 30 3 0 2 3 1 2 4 0 2 7 5 30 3 0 61.3298037052154541
0 2 4 1 2 7 0 2 7 0 2 3 0 2 7 5 30 3 0 2 7 16 6 2 5 31 3 12 16 2 0 2 7 0 2 7 0 2 7 1 2 7 16 30 2 1 2 3 6 2 7 1 2 7 0 2 7 12 16 2 0 2 7 0 2 7 0 2 7 1 2 7 0 2 7 1 2 4 0 2 3 1 2 7 0 2 3 0 2 7 1 2 3 0 2 7 1 2 7 0 2 7 0 2 7 0 2 3 1 2 3 17 9 2 16 6 2 5 31 3 12 16 2 1 2 3 0 2 4 1 2 7 8 18 2 0 2 7 16 6 2 1 2 7 16 6 2 0 2 3 0 2 3 0 2 4 0 2 7 5 31 3 5 31 3 1 2 7 17 18 2 0 2 3 1 2 7 0 2 7 0 61.6121957898139954
17 18 2 0 2 4 12 16 2 0 2 11 1 2 7 0 2 7 0 2 7 0 2 7 8 18 2 0 2 4 17 18 2 1 2 7 1 2 7 1 2 7 0 2 7 0 2 7 0 2 7 17 9 2 0 2 7 16 30 2 17 9 2 0 2 7 0 2 7 12 16 2 0 2 7 17 9 2 17 9 2 13 6 3 0 2 7 5 31 3 1 2 1 0 2 7 1 2 11 1 2 10 0 2 7 1 2 4 1 2 7 0 2 7 6 2 7 1 2 4 1 2 7 0 2 7 0 2 7 1 2 7 0 2 4 5 30 3 1 2 7 0 2 7 0 2 4 5 31 3 0 2 4 1 2 7 5 30 3 5 30 3 0 2 7 0 2 7 1 2 7 0 2 4 5 30 3 0 2 1 0 61.3706557154655457

Current Evaluation = 8100(8100)
Front Size = 10
17 18 2 0 2 7 1 2 7 17 9 2 12 16 2 1 2 7 1 2 7 0 2 7 1 2 7 0 2 7 0 2 7 0 2 7 0 2 7 0 2 7 12 16 2 1 2 4 0 2 7 17 9 2 1 2 7 13 6 3 1 2 7 0 2 7 5 31 3 1 2 7 0 2 7 0 2 7 0 2 7 1 2 7 1 2 7 13 6 3 0 2 7 0 2 7 0 2 7 12 16 2 0 2 7 0 2 7 0 2 7 5 30 3 1 2 7 0 2 7 0 2 7 0 2 7 0 2 7 1 2 7 1 2 4 13 6 3 17 18 2 1 2 7 0 2 7 1 2 7 1 2 7 17 18 2 1 2 7 0 2 7 16 6 2 5 31 3 5 30 3 17 9 2 0 2 7 5 31 3 0 60.1157864332199097
17 18 2 0 2 11 0 2 7 12 16 2 1 2 7 0 2 4 16 6 2 1 2 7 12 16 2 0 2 3 1 2 7 0 2 7 0 2 7 1 2 11 1 2 7 0 2 7 1 2 7 1 2 4 0 2 7 5 30 3 5 30 3 12 16 2 0 2 4 0 2 7 1 2 7 1 2 4 17 9 2 1 2 7 5 31 3 17 18 2 0 2 7 13 6 3 5 30 3 0 2 7 5 31 3 13 6 3 1 2 7 0 2 7 0 2 7 0 2 7 0 2 7 1 2 7 17 18 2 12 16 2 8 9 2 17 18 2 0 2 7 16 6 2 0 2 7 0 2 7 0 2 4 0 2 7 0 2 7 1 2 4 0 2 4 0 2 4 6 2 7 0 2 11 5 30 3 0 2 7 0 61.032350480556488
1 2 8 0 2 3 8 9 2 16 19 12 5 30 3 0 2 3 12 16 2 0 2 8 0 2 3 0 2 3 0 2 3 0 2 8 0 2 3 0 2 3 0 2 3 0 2 3 8 9 2 1 2 3 0 2 3 0 2 8 16 19 12 8 9 2 0 2 3 1 2 3 5 30 3 12 16 2 0 2 3 0 2 3 1 2 3 1 2 3 5 30 3 0 2 8 0 2 3 0 2 3 5 30 3 16 6 2 16 19 12 16 19 12 5 30 3 0 2 3 16 19 12 8 18 2 0 2 8 0 2 3 0 2 3 16 6 2 1 2 3 0 2 3 0 2 3 0 2 3 5 30 3 0 2 3 5 30 3 0 2 3 0 2 3 12 16 2 0 2 3 12 16 2 1 2 8 1 2 3 3.47690267417376232e-06 67.1714911460876465
12 16 2 0 2 7 0 2 4 0 2 7 8 9 2 12 16 2 0 2 7 1 2 7 0 2 3 1 2 7 0 2 3 1 2 1 1 2 7 1 2 7 0 2 3 12 16 2 0 2 3 1 2 4 8 9 2 13 6 3 0 2 7 1 2 4 0 2 7 0 2 7 0 2 7 0 2 7 0 2 3 5 31 3 17 9 2 0 2 7 1 2 3 0 2 3 1 2 7 1 2 7 0 2 3 0 2 7 16 6 2 1 2 3 17 18 2 0 2 11 1 2 3 0 2 4 0 2 3 17 9 2 1 2 7 1 2 3 16 6 2 1 2 3 16 6 2 5 30 3 1 2 7 0 2 7 1 2 7 0 2 7 17 18 2 0 2 7 5 30 3 0 2 7 0 2 4 5 30 3 0 61.6824917793273926
17 18 2 0 2 4 0 2 7 5 30 3 0 2 3 5 31 3 17 9 2 1 2 7 12 16 2 0 2 7 1 2 3 0 2 3 1 2 7 0 2 4 1 2 7 0 2 3 1 2 4 0 2 7 16 6 2 1 2 7 0 2 7 5 31 3 17 9 2 0 2 7 17 18 2 1 2 7 13 6 3 1 2 7 0 2 7 5 30 3 13 6 3 1 2 4 0 2 7 0 2 4 1 2 7 1 2 7 0 2 7 0 2 7 1 2 7 0 2 3 0 2 7 17 18 2 1 2 7 12 16 2 1 2 7 0 2 3 0 2 7 0 2 7 0 2 7 0 2 4 1 2 7 1 2 11 1 2 7 0 2 4 0 2 7 0 2 7 1 2 7 0 2 7 17 18 2 1 2 4 0 60.4777536392211914
12 16 2 0 2 7 0 2 7 0 2 7 0 2 7 0 2 7 0 2 7 1 2 11 12 16 2 0 2 7 0 2 11 0 2 4 0 2 7 8 9 2 0 2 7 0 2 4 0 2 11 1 2 7 0 2 7 0 2 3 6 2 7 0 2 7 0 2 3 0 2 7 0 2 7 0 2 7 8 9 2 0 2 11 16 6 2 5 30 3 1 2 11 12 16 2 1 2 7 0 2 7 17 9 2 13 6 3 16 6 2 0 2 7 1 2 7 5 30 3 5 30 3 5 31 3 5 30 3 0 2 7 5 30 3 16 19 11 0 2 7 17 9 2 0 2 3 0 2 7 5 30 3 1 2 7 16 6 2 5 31 3 1 2 7 6 2 7 0 2 7 17 9 2 1 2 7 1 2 7 0 62.3466993570327759
17 18 2 0 2 7 13 6 3 6 2 7 1 2 10 1 2 3 5 30 3 0 2 3 0 2 3 5 30 3 0 2 7 6 2 4 1 2 7 0 2 7 1 2 11 17 9 2 1 2 7 12 16 2 0 2 4 0 2 11 0 2 7 1 2 3 5 30 3 0 2 7 1 2 7 0 2 7 0 2 3 1 2 7 0 2 7 0 2 11 0 2 7 6 2 7 1 2 11 0 2 3 8 18 2 0 2 11 17 9 2 17 9 2 16 15 2 0 2 11 0 2 7 5 30 3 0 2 3 12 16 2 16 30 2 0 2 7 5 30 3 0 2 7 0 2 11 16 30 2 15 2 1 0 2 3 0 2 3 0 2 7 5 30 3 0 2 3 0 2 7 5 30 3 5 30 3 0 2 11 0 62.9892039895057678
17 18 2 0 2 7 1 2 3 0 2 7 0 2 4 17 9 2 1 2 3 12 16 2 0 2 7 1 2 7 0 2 7 0 2 7 0 2 7 0 2 3 1 2 7 0 2 7 0 2 7 12 16 2 0 2 7 0 2 4 0 2 7 17 9 2 1 2 3 13 6 3 1 2 7 1 2 7 5 31 3 1 2 7 0 2 7 1 2 7 0 2 7 0 2 4 1 2 7 1 2 7 1 2 7 1 2 7 1 2 7 1 2 4 0 2 7 0 2 7 0 2 7 0 2 7 0 2 7 0 2 7 5 30 3 0 2 7 0 2 7 16 15 2 5 30 3 1 2 3 0 2 3 5 30 3 1 2 7 17 9 2 13 6 3 0 2 7 17 18 2 8 18 2 17 18 2 1 2 4 0 60.6044195890426636
17 18 2 0 2 7 1 2 7 5 30 3 0 2 7 0 2 7 17 9 2 1 2 7 12 16 2 0 2 11 0 2 11 0 2 4 16 31 2 1 2 7 0 2 7 1 2 7 0 2 7 0 2 7 1 2 7 0 2 7 0 2 4 5 30 3 12 16 2 1 2 7 0 2 7 1 2 11 1 2 7 17 9 2 0 2 4 5 30 3 1 2 1 17 18 2 1 2 7 13 6 3 1 2 7 1 2 7 5 31 3 13 6 3 1 2 7 0 2 7 0 2 7 0 2 7 0 2 7 0 2 7 1 2 7 1 2 7 1 2 7 0 2 4 0 2 7 1 2 7 0 2 7 17 18 2 0 2 7 12 16 2 0 2 7 8 9 2 0 2 7 17 18 2 0 2 7 1 2 11 0 60.6877795457839966
17 18 2 0 2 7 12 16 2 1 2 7 0 2 7 0 2 7 0 2 7 0 2 7 17 18 2 1 2 1 1 2 7 0 2 7 0 2 7 0 2 7 0 2 7 17 9 2 0 2 12 17 9 2 0 2 7 0 2 7 12 16 2 0 2 7 17 9 2 13 6 3 0 2 7 5 31 3 1 2 4 0 2 7 1 2 7 1 2 7 0 2 7 1 2 7 1 2 7 0 2 7 0 2 7 1 2 7 0 2 7 5 30 3 1 2 7 0 2 7 0 2 7 5 31 3 0 2 7 1 2 11 5 30 3 5 30 3 1 2 7 0 2 7 0 2 7 8 18 2 16 30 2 17 9 2 1 2 4 13 6 3 1 2 7 1 2 4 1 2 4 0 2 7 5 30 3 0 2 4 0 60.8565715551376343

Current Evaluation = 9000(9000)
Front Size = 10
17 18 2 0 2 4 1 2 7 17 9 2 12 16 2 1 2 4 1 2 7 0 2 7 1 2 7 0 2 7 0 2 7 0 2 7 0 2 4 0 2 4 12 16 2 1 2 4 0 2 7 17 9 2 1 2 7 13 6 3 1 2 7 0 2 7 5 31 3 1 2 7 0 2 7 0 2 7 0 2 7 1 2 7 1 2 7 13 6 3 0 2 7 0 2 7 0 2 7 12 16 2 0 2 7 0 2 7 0 2 7 5 30 3 1 2 7 0 2 7 0 2 7 0 2 4 0 2 7 1 2 7 1 2 4 13 6 3 17 18 2 1 2 7 0 2 4 1 2 7 1 2 7 17 18 2 1 2 7 0 2 4 17 9 2 5 30 3 5 30 3 17 9 2 0 2 7 5 31 3 0 60.0792984962463379
1 2 8 0 2 3 8 9 2 16 19 12 5 30 3 0 2 3 12 16 2 0 2 8 0 2 3 0 2 3 0 2 3 0 2 8 0 2 3 0 2 3 0 2 3 0 2 3 8 9 2 1 2 3 0 2 3 0 2 8 16 19 12 8 9 2 0 2 3 1 2 3 5 30 3 12 16 2 0 2 3 0 2 3 1 2 3 1 2 3 5 30 3 0 2 8 0 2 3 0 2 3 5 30 3 16 6 2 16 19 12 16 19 12 5 30 3 0 2 3 16 19 12 8 18 2 0 2 8 0 2 3 0 2 3 16 6 2 1 2 3 0 2 3 0 2 3 0 2 3 5 30 3 0 2 3 5 30 3 0 2 3 0 2 3 12 16 2 0 2 3 12 16 2 1 2 8 1 2 3 3.47690267417376232e-06 67.1714911460876465
17 18 2 0 2 7 1 2 7 17 9 2 12 16 2 1 2 7 1 2 3 0 2 7 1 2 7 0 2 7 0 2 7 0 2 7 0 2 3 12 16 2 1 2 7 0 2 7 17 9 2 0 2 7 13 6 3 1 2 7 0 2 7 5 31 3 6 2 7 0 2 7 0 2 7 1 2 7 1 2 3 1 2 7 13 6 3 0 2 7 0 2 7 0 2 7 12 16 2 0 2 7 0 2 7 0 2 7 5 30 3 1 2 7 1 2 7 0 2 7 0 2 7 1 2 4 1 2 3 17 18 2 1 2 4 17 9 2 5 30 3 0 2 7 5 31 3 0 2 7 1 2 3 0 2 7 0 2 7 0 2 7 16 15 2 16 6 2 1 2 7 0 2 7 8 9 2 0 2 7 0 60.6555505394935608
17 18 2 1 2 7 0 2 7 5 31 3 0 2 7 17 9 2 0 2 7 12 16 2 0 2 7 0 2 7 0 2 7 1 2 7 0 2 7 0 2 7 1 2 7 1 2 7 0 2 7 17 9 2 0 2 7 0 2 7 1 2 7 1 2 7 5 30 3 1 2 4 0 2 7 0 2 7 1 2 7 6 2 7 0 2 7 0 2 4 0 2 7 1 2 7 0 2 7 1 2 7 1 2 7 0 2 7 0 2 7 0 2 4 1 2 4 1 2 7 1 2 7 1 2 7 13 6 3 0 2 7 5 31 3 16 15 2 1 2 7 0 2 7 1 2 7 0 2 7 5 31 3 0 2 4 0 2 7 17 9 2 0 2 7 1 2 7 1 2 7 8 9 2 17 18 2 17 18 2 0 60.2545596957206726
17 18 2 0 2 7 13 6 3 6 2 7 1 2 10 1 2 3 5 30 3 0 2 3 0 2 3 5 30 3 0 2 7 6 2 4 1 2 7 0 2 7 1 2 11 17 9 2 1 2 7 12 16 2 0 2 4 0 2 11 0 2 7 1 2 3 5 30 3 0 2 7 1 2 7 0 2 7 0 2 3 1 2 7 0 2 7 0 2 11 0 2 7 6 2 7 1 2 11 0 2 3 8 18 2 0 2 11 17 9 2 17 9 2 16 15 2 0 2 11 0 2 7 5 30 3 0 2 3 12 16 2 16 30 2 0 2 7 5 30 3 0 2 7 0 2 11 16 30 2 15 2 1 0 2 3 0 2 3 0 2 7 5 30 3 0 2 3 0 2 7 5 30 3 5 30 3 0 2 11 0 62.9892039895057678
17 18 2 1 2 7 17 9 2 12 16 2 1 2 4 1 2 7 0 2 4 1 2 7 0 2 7 0 2 7 0 2 7 0 2 7 17 9 2 1 2 7 13 6 3 1 2 7 0 2 7 5 31 3 1 2 7 0 2 7 0 2 7 0 2 7 1 2 4 1 2 7 0 2 7 0 2 7 0 2 7 0 2 7 0 2 7 0 2 7 5 30 3 0 2 7 0 2 7 0 2 7 17 9 2 5 30 3 5 30 3 0 2 7 0 2 7 0 2 7 0 2 4 12 16 2 5 30 3 13 6 3 5 30 3 1 2 7 0 2 7 1 2 7 16 6 2 0 2 7 17 18 2 1 2 7 0 2 3 8 18 2 1 2 7 0 2 4 1 2 7 16 6 2 0 2 7 5 31 3 0 60.7123043537139893
17 18 2 1 2 7 0 2 7 1 2 7 1 2 7 16 15 2 1 2 7 0 2 7 1 2 7 1 2 7 0 2 7 1 2 7 5 30 3 5 30 3 1 2 7 17 9 2 0 2 7 13 6 3 5 31 3 0 2 3 0 2 7 6 2 7 0 2 7 0 2 7 0 2 7 6 2 7 0 2 7 0 2 7 0 2 3 0 2 4 0 2 7 17 9 2 0 2 7 0 2 7 1 2 7 5 31 3 1 2 3 17 9 2 6 2 7 0 2 7 0 2 7 1 2 7 0 2 4 5 30 3 12 16 2 0 2 7 0 2 7 17 9 2 1 2 3 0 2 3 5 31 3 1 2 7 0 2 7 0 2 7 6 2 7 0 2 4 0 2 4 0 2 4 16 19 11 0 2 7 0 61.3851866722106934
17 18 2 0 2 7 1 2 7 17 9 2 12 16 2 0 2 7 1 2 7 6 2 7 1 2 7 0 2 7 5 31 3 1 2 7 0 2 7 12 16 2 1 2 7 0 2 3 17 9 2 0 2 7 13 6 3 1 2 7 6 2 3 5 31 3 0 2 7 1 2 7 0 2 3 1 2 7 0 2 7 0 2 3 5 30 3 0 2 7 12 16 2 0 2 7 5 30 3 0 2 7 1 2 7 0 2 7 1 2 7 17 18 2 1 2 7 5 30 3 1 2 7 16 6 2 8 9 2 1 2 7 13 6 3 16 6 2 0 2 7 0 2 3 0 2 7 0 2 3 0 2 7 0 2 3 0 2 7 0 2 7 0 2 7 1 2 7 5 30 3 0 2 7 0 2 7 0 2 7 0 61.2834944128990173
12 16 2 0 2 7 0 2 4 0 2 7 8 9 2 12 16 2 0 2 7 1 2 7 0 2 3 1 2 7 0 2 3 1 2 1 1 2 7 1 2 7 0 2 3 12 16 2 0 2 3 1 2 4 8 9 2 13 6 3 0 2 7 1 2 4 0 2 7 0 2 7 0 2 7 0 2 7 0 2 3 5 31 3 17 9 2 0 2 7 1 2 3 0 2 3 1 2 7 1 2 7 0 2 3 0 2 7 16 6 2 1 2 3 17 18 2 0 2 11 1 2 3 0 2 4 0 2 3 17 9 2 1 2 7 1 2 3 16 6 2 1 2 3 16 6 2 5 30 3 1 2 7 0 2 7 1 2 7 0 2 7 17 18 2 0 2 7 5 30 3 0 2 7 0 2 4 5 30 3 0 61.6824917793273926
17 18 2 0 2 7 0 2 7 12 16 2 1 2 3 1 2 3 0 2 7 0 2 3 0 2 7 1 2 7 0 2 7 0 2 7 1 2 3 1 2 7 0 2 7 0 2 7 5 30 3 5 30 3 1 2 7 17 9 2 1 2 7 13 6 3 5 30 3 0 2 7 0 2 7 0 2 7 0 2 7 0 2 7 0 2 7 1 2 3 0 2 7 5 30 3 16 6 2 5 30 3 0 2 7 1 2 4 1 2 7 5 30 3 0 2 7 1 2 7 8 18 2 0 2 10 17 9 2 0 2 7 16 24 2 16 24 2 0 2 7 1 2 7 5 30 3 5 31 3 0 2 7 1 2 7 0 2 7 0 2 7 8 18 2 17 9 2 0 2 3 0 2 7 0 2 7 0 2 7 0 61.6547454595565796

Current Evaluation = 9900(9900)
Front Size = 10
17 18 2 0 2 4 1 2 7 17 9 2 12 16 2 1 2 4 1 2 7 0 2 7 1 2 7 0 2 7 0 2 7 0 2 7 0 2 4 0 2 4 12 16 2 1 2 4 0 2 7 17 9 2 1 2 7 13 6 3 1 2 7 0 2 7 5 31 3 1 2 7 0 2 7 0 2 7 0 2 7 1 2 7 1 2 7 13 6 3 0 2 7 0 2 7 0 2 7 12 16 2 0 2 7 0 2 7 0 2 7 5 30 3 1 2 7 0 2 7 0 2 7 0 2 4 0 2 7 1 2 7 1 2 4 13 6 3 17 18 2 1 2 7 0 2 4 1 2 7 1 2 7 17 18 2 1 2 7 0 2 4 17 9 2 5 30 3 5 30 3 17 9 2 0 2 7 5 31 3 0 60.0792984962463379
0 2 7 17 9 2 5 31 3 1 2 7 0 2 7 6 2 7 0 2 7 9 2 7 0 2 7 0 2 7 17 9 2 0 2 7 0 2 3 0 2 7 5 30 3 0 2 7 0 2 3 5 30 3 1 2 7 5 31 3 5 30 3 12 16 2 5 30 3 5 30 3 1 2 7 12 16 2 16 6 2 0 2 7 8 9 2 0 2 3 0 2 3 0 2 7 16 19 12 1 2 7 0 2 7 5 30 3 0 2 3 1 2 7 1 2 7 0 2 3 1 2 7 0 2 11 0 2 7 16 6 2 0 2 3 16 6 2 0 2 7 0 2 7 1 2 3 1 2 3 0 2 7 1 2 3 0 2 3 13 6 3 0 2 7 0 2 3 16 6 2 0 2 3 0 2 7 0 2 7 0 62.7952775359153748
17 18 2 0 2 7 1 2 7 17 9 2 12 16 2 1 2 7 1 2 3 0 2 7 1 2 7 0 2 7 0 2 7 0 2 7 0 2 3 12 16 2 1 2 7 0 2 7 17 9 2 0 2 7 13 6 3 1 2 7 0 2 7 5 31 3 6 2 7 0 2 7 0 2 7 1 2 7 1 2 3 1 2 7 13 6 3 0 2 7 0 2 7 0 2 7 12 16 2 0 2 7 0 2 7 0 2 7 5 30 3 1 2 7 1 2 7 0 2 7 0 2 7 1 2 4 1 2 3 17 18 2 1 2 4 17 9 2 5 30 3 0 2 7 5 31 3 0 2 7 1 2 3 0 2 7 0 2 7 0 2 7 16 15 2 16 6 2 1 2 7 0 2 7 8 9 2 0 2 7 0 60.6555505394935608
8 18 2 0 2 4 1 2 4 0 2 4 1 2 7 5 31 3 0 2 4 5 30 3 1 2 7 1 2 11 0 2 7 1 2 7 1 2 3 12 16 2 1 2 11 0 2 3 0 2 4 0 2 7 0 2 3 1 2 7 0 2 7 0 2 7 17 18 2 17 9 2 16 6 2 0 2 7 12 16 2 1 2 11 6 2 7 0 2 4 0 2 7 1 2 4 0 2 7 16 6 2 0 2 7 8 18 2 17 18 2 0 2 7 0 2 7 0 2 7 1 2 7 0 2 7 0 2 4 0 2 7 12 16 2 0 2 7 5 31 3 1 2 4 5 31 3 5 30 3 1 2 4 16 6 2 0 2 11 1 2 7 0 2 7 17 9 2 0 2 7 0 2 7 1 2 7 0 2 7 0 61.4865285754203796
17 18 2 0 2 7 13 6 3 6 2 7 1 2 10 1 2 3 5 30 3 0 2 3 0 2 3 5 30 3 0 2 7 6 2 4 1 2 7 0 2 7 1 2 11 17 9 2 1 2 7 12 16 2 0 2 4 0 2 11 0 2 7 1 2 3 5 30 3 0 2 7 1 2 7 0 2 7 0 2 3 1 2 7 0 2 7 0 2 11 0 2 7 6 2 7 1 2 11 0 2 3 8 18 2 0 2 11 17 9 2 17 9 2 16 15 2 0 2 11 0 2 7 5 30 3 0 2 3 12 16 2 16 30 2 0 2 7 5 30 3 0 2 7 0 2 11 16 30 2 15 2 1 0 2 3 0 2 3 0 2 7 5 30 3 0 2 3 0 2 7 5 30 3 5 30 3 0 2 11 0 62.9892039895057678
0 2 3 5 30 3 0 2 3 12 16 2 0 2 3 1 2 3 1 2 3 5 30 3 5 30 3 0 2 7 8 9 2 16 19 12 0 2 8 1 2 7 0 2 3 0 2 8 0 2 7 0 2 3 0 2 7 0 2 3 0 2 7 0 2 4 0 2 8 5 31 3 0 2 7 0 2 3 0 2 4 1 2 7 0 2 4 0 2 4 1 2 3 0 2 7 16 15 2 0 2 3 5 31 3 1 2 7 16 19 12 16 19 12 5 30 3 0 2 3 17 9 2 6 2 7 0 2 8 0 2 3 0 2 3 17 9 2 1 2 3 0 2 7 1 2 7 1 2 7 16 19 11 0 2 3 5 30 3 0 2 3 0 2 3 12 16 2 0 2 3 0 2 7 1 2 8 1 2 3 3.20790310098431628e-06 65.280051052570343
5 30 3 12 16 2 5 30 3 5 30 3 0 2 7 17 9 2 0 2 7 0 2 7 0 2 7 0 2 7 5 30 3 0 2 7 0 2 7 1 2 7 0 2 7 17 9 2 16 19 11 1 2 7 0 2 7 5 30 3 12 16 2 6 2 7 0 2 7 6 2 7 0 2 3 0 2 7 1 2 3 0 2 7 0 2 7 0 2 3 0 2 7 1 2 7 16 19 11 0 2 7 0 2 7 0 2 3 0 2 7 1 2 7 0 2 7 0 2 4 0 2 7 0 2 7 1 2 7 1 2 3 1 2 7 8 18 2 8 18 2 5 30 3 0 2 7 0 2 7 16 19 11 0 2 7 5 31 3 5 31 3 16 19 11 0 2 7 0 2 7 1 2 7 0 2 7 16 6 2 0 63.1768511533737183
1 2 8 0 2 3 8 9 2 16 19 12 5 30 3 0 2 3 12 16 2 0 2 8 0 2 3 0 2 3 0 2 3 0 2 8 0 2 3 0 2 3 0 2 3 0 2 3 8 9 2 1 2 3 0 2 3 0 2 8 16 19 12 8 9 2 0 2 3 1 2 3 5 30 3 12 16 2 0 2 3 0 2 3 1 2 3 1 2 3 5 30 3 0 2 8 0 2 3 0 2 3 5 30 3 16 6 2 16 19 12 16 19 12 5 30 3 0 2 3 16 19 12 8 18 2 0 2 8 0 2 3 0 2 3 16 6 2 1 2 3 0 2 3 0 2 3 0 2 3 5 30 3 0 2 3 5 30 3 0 2 3 0 2 3 12 16 2 0 2 3 12 16 2 1 2 8 1 2 3 3.47690267417376232e-06 67.1714911460876465
17 18 2 0 2 7 1 2 7 17 9 2 17 18 2 1 2 7 0 2 7 1 2 7 0 2 7 0 2 4 0 2 7 0 2 7 12 16 2 1 2 11 1 2 7 17 9 2 6 2 4 13 6 3 1 2 7 0 2 7 5 30 3 0 2 7 0 2 7 1 2 7 0 2 7 1 2 11 13 6 3 0 2 3 0 2 7 0 2 7 12 16 2 0 2 11 0 2 7 1 2 7 5 30 3 1 2 7 1 2 7 0 2 7 0 2 7 17 18 2 5 30 3 0 2 3 5 31 3 0 2 7 16 6 2 1 2 7 8 9 2 1 2 7 0 2 7 0 2 3 1 2 7 1 2 7 0 2 7 5 31 3 5 30 3 0 2 7 0 2 7 16 6 2 0 2 7 0 2 7 0 60.9156504273414612
1 2 7 17 9 2 5 31 3 0 2 7 0 2 7 1 2 7 0 2 7 0 2 7 1 2 7 0 2 7 17 9 2 0 2 7 13 6 3 1 2 7 0 2 7 5 31 3 1 2 7 0 2 7 1 2 7 0 2 7 1 2 7 0 2 7 0 2 7 0 2 7 0 2 7 5 30 3 0 2 7 1 2 7 0 2 7 0 2 3 5 30 3 5 30 3 1 2 7 16 30 2 0 2 7 0 2 7 0 2 7 1 2 7 12 16 2 0 2 7 1 2 7 16 30 2 5 30 3 1 2 7 0 2 7 5 30 3 0 2 7 17 18 2 0 2 7 0 2 7 1 2 7 13 6 3 0 2 7 1 2 3 12 16 2 17 9 2 0 2 7 0 2 7 16 31 2 1 2 7 0 60.5788564682006836

Current Evaluation = 10800(10800)
Front Size = 10
17 18 2 0 2 7 1 2 7 17 9 2 12 16 2 1 2 4 1 2 7 0 2 7 1 2 7 0 2 7 0 2 7 0 2 7 0 2 7 0 2 4 0 2 7 1 2 4 1 2 7 17 9 2 1 2 7 13 6 3 1 2 7 0 2 7 5 31 3 1 2 7 0 2 7 0 2 7 0 2 7 1 2 7 1 2 7 13 6 3 0 2 7 0 2 7 0 2 7 12 16 2 0 2 7 0 2 7 0 2 7 5 30 3 1 2 7 0 2 7 0 2 7 0 2 7 0 2 7 1 2 7 1 2 4 13 6 3 17 18 2 1 2 7 0 2 7 1 2 7 1 2 7 17 18 2 1 2 4 0 2 7 17 9 2 5 30 3 5 30 3 17 9 2 0 2 7 5 31 3 0 59.940948486328125
17 9 2 5 31 3 1 2 7 0 2 7 0 2 7 0 2 7 1 2 7 17 9 2 1 2 7 5 31 3 0 2 7 6 2 7 0 2 7 1 2 7 1 2 7 1 2 7 1 2 7 1 2 7 0 2 7 1 2 7 12 16 2 17 18 2 12 16 2 0 2 7 12 16 2 0 2 4 0 2 7 0 2 7 16 6 2 16 6 2 1 2 7 1 2 7 1 2 4 1 2 7 1 2 7 0 2 7 0 2 3 0 2 7 0 2 7 0 2 7 5 31 3 1 2 11 0 2 7 8 18 2 0 2 7 0 2 7 1 2 7 16 6 2 0 2 7 0 2 4 13 6 3 0 2 7 1 2 7 0 2 7 17 18 2 0 2 7 0 2 7 0 2 7 0 2 3 5 31 3 0 60.5808165669441223
0 2 3 17 9 2 5 30 3 1 2 7 1 2 4 0 2 7 1 2 4 0 2 7 0 2 7 1 2 7 17 9 2 0 2 7 1 2 4 0 2 3 5 31 3 1 2 4 0 2 7 0 2 3 1 2 7 0 2 4 1 2 7 0 2 3 1 2 7 5 31 3 0 2 4 1 2 3 1 2 7 0 2 7 0 2 7 12 16 2 17 18 2 1 2 3 12 16 2 1 2 4 1 2 7 12 16 2 0 2 3 0 2 7 0 2 4 0 2 3 0 2 7 0 2 4 1 2 3 1 2 11 0 2 3 0 2 7 16 6 2 0 2 3 13 6 3 0 2 4 0 2 4 1 2 10 17 18 2 0 2 4 17 18 2 16 30 2 0 2 3 1 2 4 5 30 3 1 2 7 0 61.3025748729705811
0 2 7 5 30 3 12 16 2 5 30 3 12 16 2 5 30 3 0 2 7 0 2 7 5 30 3 1 2 7 0 2 7 0 2 7 0 2 7 0 2 7 17 9 2 1 2 7 0 2 7 0 2 7 0 2 11 0 2 7 0 2 7 16 31 2 0 2 1 0 2 7 17 9 2 1 2 7 1 2 7 0 2 7 17 18 2 0 2 7 0 2 1 8 9 2 0 2 7 0 2 11 1 2 7 0 2 7 1 2 11 1 2 7 0 2 7 0 2 7 17 9 2 0 2 7 5 31 3 0 2 7 0 2 7 6 2 7 1 2 7 1 2 7 5 30 3 16 19 11 16 9 11 8 18 2 1 2 11 0 2 7 0 2 7 5 30 3 0 2 4 5 30 3 1 2 7 0 2 7 0 62.9642783403396606
1 2 7 17 9 2 5 31 3 0 2 7 0 2 7 1 2 7 0 2 7 0 2 7 1 2 7 0 2 7 17 9 2 0 2 7 13 6 3 1 2 7 0 2 7 5 31 3 1 2 7 0 2 7 1 2 7 0 2 7 1 2 7 0 2 7 0 2 7 0 2 7 0 2 7 5 30 3 0 2 7 1 2 7 0 2 7 0 2 3 5 30 3 5 30 3 1 2 7 16 30 2 0 2 7 0 2 7 0 2 7 1 2 7 12 16 2 0 2 7 1 2 7 16 30 2 5 30 3 1 2 7 0 2 7 5 30 3 0 2 7 17 18 2 0 2 7 0 2 7 1 2 7 13 6 3 0 2 7 1 2 3 12 16 2 17 9 2 0 2 7 0 2 7 16 31 2 1 2 7 0 60.5788564682006836
8 18 2 0 2 4 1 2 4 0 2 4 1 2 7 5 31 3 0 2 4 5 30 3 1 2 7 1 2 11 0 2 7 1 2 7 1 2 3 12 16 2 1 2 11 0 2 3 0 2 4 0 2 7 0 2 3 1 2 7 0 2 7 0 2 7 17 18 2 17 9 2 16 6 2 0 2 7 12 16 2 1 2 11 6 2 7 0 2 4 0 2 7 1 2 4 0 2 7 16 6 2 0 2 7 8 18 2 17 18 2 0 2 7 0 2 7 0 2 7 1 2 7 0 2 7 0 2 4 0 2 7 12 16 2 0 2 7 5 31 3 1 2 4 5 31 3 5 30 3 1 2 4 16 6 2 0 2 11 1 2 7 0 2 7 17 9 2 0 2 7 0 2 7 1 2 7 0 2 7 0 61.4865285754203796
1 2 7 17 9 2 5 31 3 0 2 7 12 16 2 1 2 7 0 2 7 0 2 7 6 2 4 0 2 7 17 9 2 0 2 7 12 16 2 1 2 7 0 2 7 5 31 3 1 2 7 0 2 4 6 2 7 0 2 7 1 2 7 0 2 4 5 31 3 0 2 7 0 2 4 1 2 11 16 30 2 12 16 2 17 18 2 0 2 7 12 16 2 0 2 4 0 2 7 0 2 7 0 2 3 1 2 7 5 31 3 1 2 7 0 2 7 0 2 7 0 2 7 1 2 7 0 2 7 1 2 7 16 30 2 5 30 3 0 2 7 1 2 7 5 30 3 1 2 7 0 2 11 0 2 3 1 2 7 13 6 3 0 2 7 17 9 2 6 2 7 0 2 7 16 32 2 0 2 7 0 61.1942887902259827
1 2 7 17 9 2 5 31 3 0 2 7 0 2 7 1 2 7 6 2 7 0 2 4 1 2 7 17 9 2 0 2 4 13 6 3 0 2 7 5 31 3 0 2 7 0 2 7 6 2 7 1 2 7 1 2 7 0 2 4 1 2 7 0 2 7 1 2 3 0 2 4 17 9 2 5 30 3 1 2 7 0 2 7 0 2 7 12 16 2 0 2 7 1 2 4 17 1 2 12 16 2 17 9 2 0 2 7 5 30 3 0 2 7 1 2 7 0 2 7 0 2 4 0 2 7 0 2 7 0 2 7 0 2 7 1 2 7 1 2 7 1 2 7 1 2 7 16 31 2 5 30 3 5 30 3 0 2 7 0 2 7 1 2 7 0 2 3 17 9 2 0 2 7 0 2 7 0 2 7 0 60.7779265642166138
0 2 7 17 9 2 5 31 3 0 2 7 0 2 7 1 2 7 0 2 7 0 2 7 1 2 7 0 2 4 17 9 2 0 2 7 13 6 3 1 2 1 0 2 7 5 31 3 1 2 7 0 2 7 1 2 7 0 2 7 0 2 7 6 2 4 0 2 7 0 2 7 0 2 4 5 31 3 0 2 7 1 2 7 0 2 7 5 30 3 5 30 3 1 2 7 16 6 2 0 2 10 0 2 7 0 2 7 1 2 4 12 16 2 0 2 7 1 2 7 5 31 3 6 2 7 17 18 2 12 16 2 17 9 2 0 2 7 17 9 2 0 2 4 5 30 3 0 2 7 1 2 7 0 2 7 6 2 4 1 2 7 0 2 7 0 2 7 0 2 7 0 2 7 16 6 2 1 2 7 0 61.2091276049613953
1 2 7 17 9 2 5 30 3 0 2 7 12 16 2 1 2 7 0 2 11 0 2 7 1 2 7 0 2 7 17 9 2 0 2 7 12 16 2 8 9 2 0 2 7 5 30 3 1 2 7 0 2 7 0 2 7 0 2 7 1 2 4 1 2 7 5 31 3 0 2 7 1 2 7 17 18 2 0 2 7 0 2 7 0 2 7 0 2 7 5 31 3 1 2 7 0 2 7 0 2 7 0 2 7 1 2 7 13 6 3 5 30 3 5 30 3 0 2 7 1 2 7 5 30 3 13 6 3 0 2 7 17 9 2 0 2 7 0 2 4 1 2 7 16 6 2 12 16 2 0 2 7 16 6 2 0 2 3 0 2 4 1 2 7 0 2 3 0 2 7 0 2 3 1 2 7 16 30 2 0 61.0310864448547363

Current Evaluation = 11700(11700)
Front Size = 10
17 18 2 0 2 7 1 2 7 17 9 2 12 16 2 1 2 4 1 2 7 0 2 7 1 2 7 0 2 7 0 2 7 0 2 7 0 2 7 0 2 4 0 2 7 1 2 4 1 2 7 17 9 2 1 2 7 13 6 3 1 2 7 0 2 7 5 31 3 1 2 7 0 2 7 0 2 7 0 2 7 1 2 7 1 2 7 13 6 3 0 2 7 0 2 7 0 2 7 12 16 2 0 2 7 0 2 7 0 2 7 5 30 3 1 2 7 0 2 7 0 2 7 0 2 7 0 2 7 1 2 7 1 2 4 13 6 3 17 18 2 1 2 7 0 2 7 1 2 7 1 2 7 17 18 2 1 2 4 0 2 7 17 9 2 5 30 3 5 30 3 17 9 2 0 2 7 5 31 3 0 59.940948486328125
17 9 2 5 30 3 0 2 7 0 2 7 0 2 7 1 2 7 1 2 7 17 9 2 1 2 7 5 31 3 0 2 7 1 2 7 0 2 7 0 2 7 0 2 7 1 2 7 1 2 7 0 2 7 12 16 2 12 16 2 1 2 7 5 30 3 0 2 7 0 2 7 0 2 4 1 2 7 1 2 7 1 2 7 0 2 7 0 2 7 1 2 11 0 2 7 0 2 7 1 2 7 1 2 3 13 6 3 0 2 7 17 9 2 1 2 7 0 2 3 0 2 7 13 6 3 0 2 7 0 2 7 0 2 7 17 9 2 1 2 7 17 18 2 12 16 2 0 2 7 13 6 3 1 2 7 0 2 11 17 18 2 16 6 2 0 2 4 0 2 7 1 2 7 1 2 7 5 31 3 0 60.1535124778747559
17 9 2 5 31 3 1 2 7 0 2 7 0 2 7 0 2 7 1 2 4 17 9 2 1 2 7 5 31 3 0 2 7 6 2 7 0 2 7 1 2 7 1 2 4 0 2 7 1 2 7 1 2 7 0 2 7 1 2 4 12 16 2 17 18 2 12 16 2 0 2 4 12 16 2 0 2 4 0 2 7 0 2 7 1 2 7 1 2 7 1 2 4 1 2 7 0 2 7 0 2 7 0 2 7 0 2 7 5 31 3 0 2 4 0 2 7 0 2 4 0 2 4 0 2 4 13 6 3 0 2 7 0 2 4 17 18 2 16 6 2 17 9 2 1 2 7 0 2 4 1 2 7 17 18 2 1 2 7 1 2 7 1 2 4 0 2 7 0 2 7 0 2 7 1 2 4 5 31 3 0 60.3449937701225281
1 2 7 17 18 2 5 30 3 0 2 7 12 16 2 6 2 7 0 2 7 1 2 7 0 2 7 17 9 2 0 2 7 12 16 2 0 2 7 5 30 3 1 2 7 0 2 7 0 2 7 0 2 7 1 2 4 0 2 7 5 31 3 0 2 7 1 2 7 17 1 2 6 2 7 0 2 7 0 2 7 0 2 4 5 31 3 1 2 7 6 2 7 0 2 7 0 2 7 1 2 7 13 6 3 5 31 3 0 2 7 1 2 7 1 2 7 17 9 2 0 2 7 0 2 7 0 2 7 16 6 2 0 2 7 16 6 2 0 2 7 0 2 7 0 2 7 0 2 7 5 30 3 5 30 3 0 2 7 6 2 7 17 9 2 0 2 7 1 2 7 0 2 7 0 2 7 5 31 3 0 61.1353194713592529
17 18 2 0 2 7 1 2 4 17 9 2 12 16 2 1 2 7 1 2 4 1 2 7 1 2 7 0 2 7 0 2 7 0 2 7 0 2 4 1 2 7 0 2 11 1 2 7 0 2 7 17 9 2 1 2 7 13 6 3 1 2 11 0 2 7 5 30 3 1 2 7 0 2 7 0 2 4 1 2 7 12 16 2 0 2 7 1 2 7 17 18 2 17 18 2 0 2 7 5 30 3 5 30 3 0 2 7 1 2 3 0 2 7 0 2 3 0 2 7 16 15 2 0 2 7 0 2 7 1 2 11 1 2 7 0 2 3 0 2 3 6 2 7 0 2 7 0 2 3 13 6 3 1 2 7 5 31 3 1 2 7 0 2 3 0 2 7 8 9 2 0 2 7 17 9 2 0 2 7 0 60.8995125889778137
17 9 2 5 31 3 1 2 7 0 2 7 0 2 7 0 2 7 1 2 4 17 9 2 0 2 7 5 30 3 0 2 7 0 2 4 1 2 7 0 2 3 1 2 7 1 2 7 1 2 7 1 2 7 12 16 2 17 18 2 12 16 2 0 2 7 12 16 2 0 2 4 0 2 3 0 2 7 5 31 3 1 2 7 0 2 4 0 2 1 1 2 4 0 2 7 13 6 3 17 18 2 0 2 4 6 2 7 0 2 7 16 6 2 1 2 7 1 2 7 1 2 7 1 2 7 1 2 7 0 2 7 0 2 7 0 2 7 1 2 7 0 2 7 6 2 7 1 2 7 0 2 4 17 18 2 0 2 7 0 2 7 13 6 3 0 2 7 0 2 7 5 31 3 1 2 7 17 18 2 0 60.3938167095184326
0 2 3 17 9 2 5 30 3 1 2 7 1 2 4 0 2 7 1 2 4 0 2 7 0 2 7 1 2 7 17 9 2 0 2 7 1 2 4 0 2 3 5 31 3 1 2 4 0 2 7 0 2 3 1 2 7 0 2 4 1 2 7 0 2 3 1 2 7 5 31 3 0 2 4 1 2 3 1 2 7 0 2 7 0 2 7 12 16 2 17 18 2 1 2 3 12 16 2 1 2 4 1 2 7 12 16 2 0 2 3 0 2 7 0 2 4 0 2 3 0 2 7 0 2 4 1 2 3 1 2 11 0 2 3 0 2 7 16 6 2 0 2 3 13 6 3 0 2 4 0 2 4 1 2 10 17 18 2 0 2 4 17 18 2 16 30 2 0 2 3 1 2 4 5 30 3 1 2 7 0 61.3025748729705811
1 2 7 17 9 2 5 31 3 0 2 7 0 2 7 1 2 7 6 2 7 0 2 4 1 2 7 17 9 2 0 2 4 13 6 3 0 2 7 5 31 3 0 2 7 0 2 7 6 2 7 1 2 7 1 2 7 0 2 4 1 2 7 0 2 7 1 2 3 0 2 4 17 9 2 5 30 3 1 2 7 0 2 7 0 2 7 12 16 2 0 2 7 1 2 4 17 1 2 12 16 2 17 9 2 0 2 7 5 30 3 0 2 7 1 2 7 0 2 7 0 2 4 0 2 7 0 2 7 0 2 7 0 2 7 1 2 7 1 2 7 1 2 7 1 2 7 16 31 2 5 30 3 5 30 3 0 2 7 0 2 7 1 2 7 0 2 3 17 9 2 0 2 7 0 2 7 0 2 7 0 60.7779265642166138
0 2 4 1 2 7 0 2 7 1 2 7 5 30 3 0 2 7 5 30 3 1 2 3 0 2 3 1 2 7 1 2 7 12 16 2 0 2 3 0 2 7 0 2 3 1 2 7 0 2 7 0 2 3 17 9 2 0 2 7 12 16 2 0 2 3 0 2 7 1 2 7 1 2 3 0 2 7 1 2 4 0 2 7 0 2 3 1 2 7 0 2 3 0 2 7 0 2 7 5 30 3 5 30 3 1 2 7 0 2 7 17 9 2 0 2 3 0 2 7 1 2 7 0 2 7 8 1 2 1 2 7 0 2 7 0 2 7 13 6 3 1 2 7 1 2 7 0 2 7 0 2 7 8 18 2 17 18 2 1 2 7 1 2 7 1 2 7 17 9 2 17 9 2 1 2 7 17 9 2 0 61.3303405046463013
17 9 2 5 31 3 1 2 7 0 2 7 0 2 7 0 2 7 1 2 7 17 9 2 1 2 7 5 31 3 0 2 7 6 2 7 0 2 7 1 2 7 1 2 7 1 2 7 1 2 7 1 2 7 0 2 7 1 2 7 12 16 2 17 18 2 12 16 2 0 2 7 12 16 2 0 2 4 0 2 7 0 2 7 16 6 2 16 6 2 1 2 7 1 2 7 1 2 4 1 2 7 1 2 7 0 2 7 0 2 3 0 2 7 0 2 7 0 2 7 5 31 3 1 2 11 0 2 7 8 18 2 0 2 7 0 2 7 1 2 7 16 6 2 0 2 7 0 2 4 13 6 3 0 2 7 1 2 7 0 2 7 17 18 2 0 2 7 0 2 7 0 2 7 0 2 3 5 31 3 0 60.5808165669441223

Current Evaluation = 12600(12600)
Front Size = 10
17 18 2 0 2 7 1 2 7 17 9 2 12 16 2 1 2 4 1 2 7 0 2 7 1 2 7 0 2 7 0 2 7 0 2 7 0 2 7 0 2 4 0 2 7 1 2 4 1 2 7 17 9 2 1 2 7 13 6 3 1 2 7 0 2 7 5 31 3 1 2 7 0 2 7 0 2 7 0 2 7 1 2 7 1 2 7 13 6 3 0 2 7 0 2 7 0 2 7 12 16 2 0 2 7 0 2 7 0 2 7 5 30 3 1 2 7 0 2 7 0 2 7 0 2 7 0 2 7 1 2 7 1 2 4 13 6 3 17 18 2 1 2 7 0 2 7 1 2 7 1 2 7 17 18 2 1 2 4 0 2 7 17 9 2 5 30 3 5 30 3 17 9 2 0 2 7 5 31 3 0 59.940948486328125
17 18 2 0 2 4 1 2 7 17 9 2 12 16 2 1 2 4 1 2 7 0 2 7 1 2 7 1 2 7 0 2 7 0 2 7 0 2 7 0 2 7 0 2 7 1 2 7 17 9 2 1 2 7 13 6 3 1 2 7 12 16 2 5 31 3 1 2 7 0 2 7 0 2 7 0 2 7 1 2 7 1 2 7 13 6 3 0 2 4 0 2 7 0 2 4 12 16 2 0 2 7 0 2 4 0 2 7 5 31 3 6 2 7 0 2 7 0 2 7 0 2 4 0 2 4 1 2 7 17 18 2 1 2 7 1 2 4 0 2 7 17 9 2 5 30 3 5 31 3 1 2 7 1 2 4 16 24 2 0 2 4 0 2 7 1 2 7 0 2 7 12 16 2 17 9 2 0 2 7 0 60.2227086424827576
17 9 2 5 30 3 0 2 7 0 2 7 0 2 7 1 2 7 1 2 7 17 9 2 1 2 7 5 31 3 0 2 7 1 2 7 0 2 7 0 2 7 0 2 7 1 2 7 1 2 7 0 2 7 12 16 2 12 16 2 1 2 7 5 30 3 0 2 7 0 2 7 0 2 4 1 2 7 1 2 7 1 2 7 0 2 7 0 2 7 1 2 11 0 2 7 0 2 7 1 2 7 1 2 3 13 6 3 0 2 7 17 9 2 1 2 7 0 2 3 0 2 7 13 6 3 0 2 7 0 2 7 0 2 7 17 9 2 1 2 7 17 18 2 12 16 2 0 2 7 13 6 3 1 2 7 0 2 11 17 18 2 16 6 2 0 2 4 0 2 7 1 2 7 1 2 7 5 31 3 0 60.1535124778747559
17 9 2 5 31 3 1 2 11 0 2 7 0 2 7 0 2 4 6 2 4 17 9 2 0 2 7 5 30 3 0 2 7 0 2 7 1 2 7 1 2 7 1 2 7 1 2 11 12 16 2 1 2 4 1 2 4 0 2 7 0 2 7 13 6 3 1 2 4 1 2 7 1 2 7 0 2 7 0 2 7 0 2 7 1 2 4 0 2 4 0 2 7 1 2 7 5 31 3 1 2 3 0 2 7 1 2 4 0 2 7 1 2 7 0 2 7 0 2 3 17 9 2 0 2 7 5 30 3 0 2 4 0 2 4 13 6 3 0 2 7 17 9 2 0 2 7 17 9 2 0 2 4 12 16 2 0 2 3 1 2 7 17 18 2 17 18 2 0 2 7 1 2 7 1 2 7 1 2 7 0 60.3268856406211853
0 2 4 1 2 7 0 2 7 1 2 7 5 30 3 0 2 7 5 30 3 1 2 3 0 2 3 1 2 7 1 2 7 12 16 2 0 2 3 0 2 7 0 2 3 1 2 7 0 2 7 0 2 3 17 9 2 0 2 7 12 16 2 0 2 3 0 2 7 1 2 7 1 2 3 0 2 7 1 2 4 0 2 7 0 2 3 1 2 7 0 2 3 0 2 7 0 2 7 5 30 3 5 30 3 1 2 7 0 2 7 17 9 2 0 2 3 0 2 7 1 2 7 0 2 7 8 1 2 1 2 7 0 2 7 0 2 7 13 6 3 1 2 7 1 2 7 0 2 7 0 2 7 8 18 2 17 18 2 1 2 7 1 2 7 1 2 7 17 9 2 17 9 2 1 2 7 17 9 2 0 61.3303405046463013
17 9 2 5 31 3 1 2 7 0 2 7 0 2 7 0 2 7 0 2 4 17 9 2 1 2 7 5 30 3 0 2 4 0 2 4 1 2 7 1 2 7 1 2 7 1 2 7 1 2 7 12 16 2 17 18 2 12 16 2 0 2 4 0 2 4 5 31 3 1 2 7 1 2 7 0 2 7 13 6 3 17 18 2 1 2 3 1 2 4 0 2 7 1 2 7 1 2 4 1 2 7 0 2 7 0 2 7 0 2 7 0 2 7 0 2 7 1 2 7 17 18 2 0 2 7 0 2 4 13 6 3 0 2 4 0 2 7 5 30 3 5 30 3 1 2 7 0 2 7 0 2 4 0 2 4 0 2 4 17 9 2 0 2 7 0 2 7 1 2 7 0 2 7 1 2 7 17 18 2 0 60.2631396055221558
17 9 2 5 30 3 1 2 3 0 2 4 0 2 7 0 2 7 1 2 7 17 9 2 0 2 7 5 31 3 0 2 7 6 2 7 0 2 7 1 2 7 0 2 7 1 2 4 6 2 7 0 2 7 1 2 7 17 18 2 12 16 2 0 2 7 0 2 7 0 2 7 1 2 7 1 2 7 1 2 7 0 2 7 0 2 7 0 2 7 0 2 7 5 31 3 0 2 7 13 6 3 0 2 7 16 6 2 17 9 2 1 2 11 0 2 7 0 2 7 0 2 7 5 31 3 0 2 7 0 2 7 0 2 4 0 2 7 0 2 7 5 30 3 0 2 7 1 2 7 0 2 7 5 30 3 17 18 2 6 2 7 0 2 7 17 1 2 1 2 7 5 30 3 1 2 4 1 2 3 0 61.0425935387611389
0 2 7 5 31 3 0 2 7 1 2 7 0 2 7 0 2 7 1 2 7 0 2 4 17 9 2 1 2 7 13 6 3 1 2 7 5 30 3 0 2 7 0 2 3 1 2 7 0 2 7 0 2 7 0 2 7 0 2 7 1 2 7 17 9 2 5 31 3 1 2 7 1 2 7 1 2 4 12 16 2 0 2 7 1 2 7 12 16 2 0 2 7 0 2 7 0 2 4 1 2 7 0 2 7 17 18 2 16 31 2 17 18 2 1 2 7 0 2 7 0 2 3 0 2 7 0 2 7 1 2 7 0 2 7 1 2 7 1 2 7 5 30 3 0 2 3 1 2 7 0 2 7 0 2 7 12 16 2 16 24 2 13 6 3 0 2 7 0 2 7 1 2 7 17 9 2 1 2 7 0 60.2994495630264282
0 2 7 5 31 3 0 2 7 1 2 7 0 2 4 0 2 7 1 2 4 0 2 11 17 9 2 0 2 3 13 6 3 1 2 7 5 30 3 0 2 7 0 2 7 0 2 3 0 2 7 0 2 4 0 2 7 1 2 7 1 2 7 17 9 2 5 31 3 1 2 7 0 2 7 1 2 7 12 16 2 0 2 4 1 2 4 0 2 7 0 2 7 0 2 3 6 2 3 0 2 4 17 18 2 17 18 2 1 2 7 1 2 7 1 2 7 1 2 11 1 2 7 1 2 7 5 30 3 0 2 7 1 2 11 1 2 4 17 9 2 12 16 2 16 30 2 0 2 4 17 18 2 1 2 7 1 2 3 0 2 7 12 16 2 0 2 4 13 6 3 0 2 7 0 2 7 0 2 7 0 60.6456676721572876
17 18 2 0 2 7 1 2 7 17 9 2 12 16 2 1 2 7 0 2 7 0 2 3 1 2 3 0 2 7 0 2 7 0 2 7 0 2 7 1 2 4 0 2 3 0 2 7 1 2 7 17 9 2 0 2 7 13 6 3 1 2 4 0 2 7 5 30 3 0 2 7 0 2 4 0 2 7 6 2 7 1 2 7 1 2 7 5 30 3 0 2 3 0 2 7 12 16 2 1 2 7 0 2 7 5 30 3 1 2 7 1 2 7 17 18 2 17 18 2 1 2 7 5 30 3 5 31 3 13 6 3 0 2 7 8 18 2 1 2 4 1 2 3 1 2 4 1 2 7 16 15 2 0 2 7 0 2 7 0 2 7 0 2 7 0 2 4 17 9 2 0 2 7 0 2 7 0 2 7 0 60.7219075560569763

Current Evaluation = 13500(13500)
Front Size = 10
17 18 2 0 2 7 0 2 7 17 9 2 12 16 2 1 2 7 1 2 7 0 2 7 1 2 7 0 2 7 0 2 7 0 2 7 1 2 7 0 2 7 0 2 7 1 2 7 17 9 2 1 2 7 13 6 3 1 2 7 12 16 2 5 31 3 1 2 7 0 2 7 0 2 7 0 2 4 1 2 7 1 2 7 13 6 3 0 2 7 1 2 7 0 2 7 12 16 2 0 2 7 0 2 7 0 2 7 5 31 3 0 2 7 0 2 4 0 2 7 0 2 7 1 2 7 1 2 7 17 18 2 1 2 7 1 2 7 0 2 7 17 9 2 0 2 7 5 31 3 1 2 7 1 2 4 16 6 2 0 2 7 0 2 7 1 2 7 1 2 7 12 16 2 17 9 2 13 6 3 0 59.7211945056915283
17 9 2 5 30 3 0 2 7 1 2 7 0 2 7 0 2 7 0 2 4 17 9 2 1 2 7 1 2 7 1 2 4 1 2 4 0 2 7 0 2 7 0 2 4 0 2 4 1 2 7 0 2 7 12 16 2 12 16 2 1 2 7 5 31 3 0 2 7 0 2 7 0 2 7 0 2 4 1 2 7 1 2 7 0 2 7 0 2 7 1 2 7 0 2 7 0 2 7 1 2 7 1 2 7 13 6 3 0 2 7 17 9 2 1 2 7 5 31 3 13 6 3 17 18 2 12 16 2 0 2 7 17 18 2 0 2 4 5 30 3 0 2 7 0 2 7 1 2 7 0 2 7 17 9 2 1 2 7 1 2 7 13 6 3 1 2 7 1 2 7 0 2 7 1 2 7 17 18 2 0 59.7875515222549438
0 2 7 17 18 2 0 2 4 1 2 7 0 2 7 1 2 7 0 2 7 5 31 3 5 30 3 0 2 7 5 30 3 1 2 7 0 2 7 0 2 7 0 2 7 0 2 7 1 2 7 17 9 2 5 31 3 0 2 7 0 2 7 0 2 7 0 2 7 1 2 7 0 2 7 0 2 7 17 18 2 6 2 7 1 2 7 1 2 7 1 2 7 5 31 3 1 2 7 0 2 7 1 2 4 17 9 2 12 16 2 0 2 7 13 6 3 0 2 7 0 2 7 1 2 7 13 6 3 1 2 7 1 2 7 1 2 7 16 6 2 0 2 7 17 9 2 1 2 7 0 2 3 17 9 2 1 2 4 0 2 4 1 2 7 1 2 7 0 2 7 0 2 7 0 2 7 0 2 7 0 60.0775706171989441
0 2 4 17 9 2 1 2 4 0 2 7 0 2 7 1 2 7 0 2 4 5 31 3 5 30 3 0 2 7 1 2 4 0 2 4 0 2 7 1 2 7 1 2 4 1 2 7 17 9 2 0 2 11 1 2 4 1 2 7 12 16 2 0 2 7 6 2 7 0 2 7 17 18 2 1 2 4 1 2 7 1 2 7 1 2 11 0 2 7 0 2 4 17 9 2 12 16 2 0 2 4 13 6 3 0 2 7 1 2 7 0 2 7 13 6 3 0 2 7 1 2 7 0 2 3 0 2 7 17 18 2 0 2 7 17 9 2 0 2 7 5 30 3 1 2 4 5 31 3 0 2 4 1 2 7 17 18 2 0 2 3 0 2 7 1 2 4 12 16 2 1 2 7 0 2 4 0 2 7 0 60.3852357268333435
17 9 2 5 31 3 1 2 3 0 2 7 0 2 7 0 2 7 0 2 4 17 9 2 1 2 7 5 30 3 0 2 4 0 2 4 1 2 7 1 2 7 1 2 7 1 2 7 1 2 7 12 16 2 17 18 2 12 16 2 0 2 4 0 2 4 5 31 3 1 2 7 1 2 7 0 2 7 13 6 3 17 18 2 1 2 4 0 2 7 1 2 4 1 2 4 1 2 7 0 2 3 0 2 7 0 2 7 0 2 7 0 2 7 1 2 7 17 18 2 0 2 7 13 6 3 0 2 7 5 30 3 1 2 7 0 2 7 17 9 2 0 2 7 0 2 7 1 2 7 0 2 7 1 2 7 1 2 3 0 2 4 0 2 4 1 2 7 1 2 7 0 2 4 0 2 4 17 18 2 0 60.1313927173614502
0 2 7 17 18 2 0 2 7 0 2 7 1 2 7 1 2 7 0 2 4 5 31 3 5 30 3 0 2 7 1 2 4 0 2 7 0 2 7 1 2 7 16 6 2 1 2 7 1 2 7 17 9 2 5 31 3 0 2 7 0 2 7 1 2 7 12 16 2 0 2 7 0 2 7 0 2 7 17 18 2 1 2 7 1 2 7 1 2 7 1 2 7 0 2 7 0 2 7 1 2 11 17 9 2 12 16 2 0 2 7 13 6 3 0 2 7 1 2 3 0 2 7 13 6 3 1 2 7 0 2 7 1 2 3 13 6 3 1 2 7 0 2 11 0 2 7 1 2 7 0 2 7 17 18 2 0 2 7 12 16 2 17 9 2 0 2 7 1 2 7 5 30 3 0 2 7 0 2 7 0 60.1535124778747559
0 2 4 1 2 7 0 2 7 1 2 7 5 30 3 0 2 7 5 30 3 1 2 3 0 2 3 1 2 7 1 2 7 12 16 2 0 2 3 0 2 7 0 2 3 1 2 7 0 2 7 0 2 3 17 9 2 0 2 7 12 16 2 0 2 3 0 2 7 1 2 7 1 2 3 0 2 7 1 2 4 0 2 7 0 2 3 1 2 7 0 2 3 0 2 7 0 2 7 5 30 3 5 30 3 1 2 7 0 2 7 17 9 2 0 2 3 0 2 7 1 2 7 0 2 7 8 1 2 1 2 7 0 2 7 0 2 7 13 6 3 1 2 7 1 2 7 0 2 7 0 2 7 8 18 2 17 18 2 1 2 7 1 2 7 1 2 7 17 9 2 17 9 2 1 2 7 17 9 2 0 61.3303405046463013
17 9 2 5 31 3 0 2 7 0 2 7 0 2 7 17 9 2 0 2 7 5 31 3 0 2 7 0 2 7 1 2 11 1 2 7 6 2 7 12 16 2 1 2 4 0 2 4 0 2 7 0 2 7 13 6 3 1 2 11 1 2 7 1 2 7 0 2 7 0 2 7 0 2 7 0 2 4 0 2 7 1 2 7 5 31 3 1 2 7 0 2 4 0 2 7 1 2 7 0 2 7 0 2 7 17 9 2 0 2 7 5 30 3 0 2 4 0 2 4 13 6 3 0 2 7 12 16 2 1 2 7 17 18 2 17 18 2 1 2 7 1 2 7 1 2 7 1 2 7 1 2 7 1 2 7 1 2 4 1 2 4 0 2 7 17 9 2 0 2 7 17 9 2 0 2 4 1 2 7 0 60.1671646237373352
0 2 7 17 18 2 0 2 7 1 2 4 0 2 7 0 2 7 0 2 7 5 31 3 5 30 3 0 2 7 5 30 3 1 2 7 0 2 7 0 2 7 1 2 4 16 24 2 0 2 7 1 2 4 17 9 2 5 31 3 0 2 7 0 2 7 1 2 7 12 16 2 0 2 7 0 2 7 0 2 7 17 18 2 17 18 2 1 2 7 1 2 4 1 2 7 1 2 7 0 2 7 1 2 7 15 2 11 0 2 7 1 2 7 17 9 2 12 16 2 17 18 2 0 2 7 13 6 3 0 2 4 0 2 7 0 2 7 1 2 7 0 2 7 0 2 7 13 6 3 1 2 7 1 2 7 0 2 7 0 2 7 1 2 7 5 30 3 0 2 7 1 2 7 1 2 7 0 2 7 0 60.291980504989624
17 9 2 5 31 3 1 2 11 0 2 7 0 2 7 0 2 4 6 2 4 17 9 2 0 2 7 5 30 3 0 2 7 0 2 7 1 2 7 1 2 7 1 2 7 1 2 11 12 16 2 1 2 4 1 2 4 0 2 7 0 2 7 13 6 3 1 2 4 1 2 7 1 2 7 0 2 7 0 2 7 0 2 7 1 2 4 0 2 4 0 2 7 1 2 7 5 31 3 1 2 3 0 2 7 1 2 4 0 2 7 1 2 7 0 2 7 0 2 3 17 9 2 0 2 7 5 30 3 0 2 4 0 2 4 13 6 3 0 2 7 17 9 2 0 2 7 17 9 2 0 2 4 12 16 2 0 2 3 1 2 7 17 18 2 17 18 2 0 2 7 1 2 7 1 2 7 1 2 7 0 60.3268856406211853

Current Evaluation = 14400(14400)
Front Size = 10
17 18 2 0 2 7 0 2 7 17 9 2 12 16 2 1 2 7 1 2 7 0 2 7 1 2 7 0 2 7 0 2 7 0 2 7 1 2 7 0 2 7 0 2 7 1 2 7 17 9 2 1 2 7 13 6 3 1 2 7 12 16 2 5 31 3 1 2 7 0 2 7 0 2 7 0 2 4 1 2 7 1 2 7 13 6 3 0 2 7 1 2 7 0 2 7 12 16 2 0 2 7 0 2 7 0 2 7 5 31 3 0 2 7 0 2 4 0 2 7 0 2 7 1 2 7 1 2 7 17 18 2 1 2 7 1 2 7 0 2 7 17 9 2 0 2 7 5 31 3 1 2 7 1 2 4 16 6 2 0 2 7 0 2 7 1 2 7 1 2 7 12 16 2 17 9 2 13 6 3 0 59.7211945056915283
0 2 4 17 18 2 0 2 7 1 2 7 1 2 7 0 2 7 0 2 7 5 30 3 5 30 3 0 2 7 1 2 7 0 2 7 0 2 7 1 2 7 16 30 2 0 2 3 1 2 7 17 9 2 5 31 3 0 2 7 0 2 7 1 2 7 12 16 2 0 2 7 0 2 4 12 16 2 17 18 2 1 2 7 1 2 7 1 2 7 1 2 7 0 2 4 0 2 4 1 2 7 17 9 2 12 16 2 1 2 7 13 6 3 1 2 7 1 2 7 0 2 4 13 6 3 1 2 7 0 2 7 0 2 3 13 6 3 1 2 7 0 2 7 0 2 7 1 2 7 0 2 7 17 18 2 0 2 7 12 16 2 17 9 2 0 2 7 1 2 4 5 31 3 0 2 7 0 2 7 0 59.9867335557937622
17 9 2 5 30 3 0 2 7 1 2 7 0 2 7 0 2 7 0 2 4 17 9 2 1 2 7 1 2 7 1 2 4 1 2 4 0 2 7 0 2 7 0 2 4 0 2 4 1 2 7 0 2 7 12 16 2 12 16 2 1 2 7 5 31 3 0 2 7 0 2 7 0 2 7 0 2 4 1 2 7 1 2 7 0 2 7 0 2 7 1 2 7 0 2 7 0 2 7 1 2 7 1 2 7 13 6 3 0 2 7 17 9 2 1 2 7 5 31 3 13 6 3 17 18 2 12 16 2 0 2 7 17 18 2 0 2 4 5 30 3 0 2 7 0 2 7 1 2 7 0 2 7 17 9 2 1 2 7 1 2 7 13 6 3 1 2 7 1 2 7 0 2 7 1 2 7 17 18 2 0 59.7875515222549438
0 2 4 1 2 7 0 2 7 1 2 7 5 30 3 0 2 7 5 30 3 1 2 3 0 2 3 1 2 7 1 2 7 12 16 2 0 2 3 0 2 7 0 2 3 1 2 7 0 2 7 0 2 3 17 9 2 0 2 7 12 16 2 0 2 3 0 2 7 1 2 7 1 2 3 0 2 7 1 2 4 0 2 7 0 2 3 1 2 7 0 2 3 0 2 7 0 2 7 5 30 3 5 30 3 1 2 7 0 2 7 17 9 2 0 2 3 0 2 7 1 2 7 0 2 7 8 1 2 1 2 7 0 2 7 0 2 7 13 6 3 1 2 7 1 2 7 0 2 7 0 2 7 8 18 2 17 18 2 1 2 7 1 2 7 1 2 7 17 9 2 17 9 2 1 2 7 17 9 2 0 61.3303405046463013
0 2 7 17 18 2 0 2 7 0 2 7 1 2 7 1 2 7 0 2 11 5 30 3 5 30 3 0 2 7 1 2 4 0 2 7 0 2 7 1 2 7 16 6 2 0 2 7 1 2 7 17 9 2 5 31 3 0 2 7 0 2 7 1 2 7 12 16 2 0 2 7 0 2 7 0 2 7 17 18 2 1 2 7 1 2 7 1 2 7 1 2 7 0 2 7 0 2 7 1 2 4 17 9 2 12 16 2 0 2 7 13 6 3 1 2 7 1 2 7 0 2 7 13 6 3 1 2 3 1 2 7 0 2 3 13 6 3 1 2 3 0 2 7 0 2 7 1 2 7 0 2 7 17 18 2 0 2 7 12 16 2 17 9 2 0 2 7 1 2 4 5 31 3 0 2 7 0 2 7 0 60.1339125633239746
17 9 2 5 31 3 0 2 7 1 2 7 0 2 7 17 9 2 0 2 7 5 30 3 0 2 7 0 2 7 1 2 4 12 16 2 1 2 7 0 2 7 0 2 7 0 2 7 13 6 3 1 2 7 1 2 7 0 2 7 0 2 7 0 2 7 1 2 7 0 2 7 1 2 7 5 31 3 1 2 7 0 2 7 1 2 7 0 2 7 0 2 7 17 9 2 0 2 7 13 6 3 0 2 7 12 16 2 1 2 7 17 18 2 17 18 2 0 2 7 1 2 7 1 2 7 1 2 7 1 2 7 1 2 7 0 2 7 0 2 7 12 16 2 13 6 3 0 2 7 5 30 3 0 2 7 0 2 7 0 2 7 1 2 7 17 18 2 12 16 2 1 2 7 17 1 2 0 2 7 0 60.0541573762893677
17 9 2 5 31 3 1 2 3 0 2 7 0 2 7 0 2 7 0 2 4 17 9 2 1 2 7 5 30 3 0 2 4 0 2 4 1 2 7 1 2 7 1 2 7 1 2 7 1 2 7 12 16 2 17 18 2 12 16 2 0 2 4 0 2 4 5 31 3 1 2 7 1 2 7 0 2 7 13 6 3 17 18 2 1 2 4 0 2 7 1 2 4 1 2 4 1 2 7 0 2 3 0 2 7 0 2 7 0 2 7 0 2 7 1 2 7 17 18 2 0 2 7 13 6 3 0 2 7 5 30 3 1 2 7 0 2 7 17 9 2 0 2 7 0 2 7 1 2 7 0 2 7 1 2 7 1 2 3 0 2 4 0 2 4 1 2 7 1 2 7 0 2 4 0 2 4 17 18 2 0 60.1313927173614502
0 2 7 17 18 2 0 2 7 1 2 4 0 2 7 0 2 7 0 2 7 5 31 3 5 30 3 0 2 7 5 30 3 1 2 7 0 2 7 0 2 7 1 2 4 16 24 2 0 2 7 1 2 4 17 9 2 5 31 3 0 2 7 0 2 7 1 2 7 12 16 2 0 2 7 0 2 7 0 2 7 17 18 2 17 18 2 1 2 7 1 2 4 1 2 7 1 2 7 0 2 7 1 2 7 15 2 11 0 2 7 1 2 7 17 9 2 12 16 2 17 18 2 0 2 7 13 6 3 0 2 4 0 2 7 0 2 7 1 2 7 0 2 7 0 2 7 13 6 3 1 2 7 1 2 7 0 2 7 0 2 7 1 2 7 5 30 3 0 2 7 1 2 7 1 2 7 0 2 7 0 60.291980504989624
17 9 2 5 31 3 0 2 4 1 2 7 0 2 7 17 9 2 0 2 7 5 30 3 0 2 7 0 2 7 1 2 3 12 16 2 1 2 7 0 2 7 0 2 7 0 2 7 13 6 3 0 2 7 1 2 7 0 2 7 0 2 7 1 2 11 1 2 7 0 2 4 1 2 7 5 31 3 1 2 7 0 2 4 1 2 7 0 2 7 0 2 7 17 9 2 0 2 3 13 6 3 0 2 3 12 16 2 1 2 7 17 9 2 17 18 2 0 2 7 1 2 7 1 2 7 1 2 7 1 2 7 1 2 7 0 2 7 0 2 7 1 2 7 13 6 3 0 2 7 5 30 3 0 2 7 0 2 7 17 9 2 1 2 7 0 2 7 1 2 7 12 16 2 0 2 7 16 6 2 0 60.1339124441146851
17 9 2 5 31 3 0 2 7 1 2 4 0 2 7 17 9 2 0 2 7 5 30 3 0 2 7 0 2 7 1 2 7 12 16 2 1 2 7 0 2 7 0 2 7 0 2 7 13 6 3 1 2 4 1 2 7 0 2 7 0 2 7 0 2 7 1 2 7 0 2 7 1 2 7 5 31 3 1 2 7 0 2 7 1 2 7 0 2 7 0 2 7 17 9 2 0 2 7 13 6 3 0 2 7 12 16 2 1 2 7 17 18 2 17 18 2 0 2 7 1 2 7 1 2 7 1 2 7 1 2 7 1 2 7 0 2 7 17 9 2 0 2 7 12 16 2 1 2 7 13 6 3 6 2 4 0 2 7 5 30 3 0 2 7 0 2 7 12 16 2 12 16 2 17 1 2 0 2 7 0 60.1382483839988708

Current Evaluation = 15300(15300)
Front Size = 10
17 18 2 0 2 7 0 2 7 17 9 2 12 16 2 1 2 7 1 2 7 0 2 7 1 2 7 0 2 7 0 2 7 0 2 7 1 2 7 0 2 7 0 2 7 1 2 7 17 9 2 1 2 7 13 6 3 1 2 7 12 16 2 5 31 3 1 2 7 0 2 7 0 2 7 0 2 4 1 2 7 1 2 7 13 6 3 0 2 7 1 2 7 0 2 7 12 16 2 0 2 7 0 2 7 0 2 7 5 31 3 0 2 7 0 2 4 0 2 7 0 2 7 1 2 7 1 2 7 17 18 2 1 2 7 1 2 7 0 2 7 17 9 2 0 2 7 5 31 3 1 2 7 1 2 4 16 6 2 0 2 7 0 2 7 1 2 7 1 2 7 12 16 2 17 9 2 13 6 3 0 59.7211945056915283
17 9 2 5 31 3 1 2 3 0 2 7 0 2 7 0 2 7 0 2 4 17 9 2 1 2 7 5 30 3 0 2 4 0 2 4 1 2 7 1 2 7 1 2 7 1 2 7 1 2 7 12 16 2 17 18 2 12 16 2 0 2 4 0 2 4 5 31 3 1 2 7 1 2 7 0 2 7 13 6 3 17 18 2 1 2 4 0 2 7 1 2 4 1 2 4 1 2 7 0 2 3 0 2 7 0 2 7 0 2 7 0 2 7 1 2 7 17 18 2 0 2 7 13 6 3 0 2 7 5 30 3 1 2 7 0 2 7 17 9 2 0 2 7 0 2 7 1 2 7 0 2 7 1 2 7 1 2 3 0 2 4 0 2 4 1 2 7 1 2 7 0 2 4 0 2 4 17 18 2 0 60.1313927173614502
0 2 7 17 18 2 0 2 7 1 2 4 0 2 7 0 2 7 0 2 7 5 31 3 5 30 3 0 2 7 5 30 3 1 2 7 0 2 7 0 2 7 1 2 4 16 24 2 0 2 7 1 2 4 17 9 2 5 31 3 0 2 7 0 2 7 1 2 7 12 16 2 0 2 7 0 2 7 0 2 7 17 18 2 17 18 2 1 2 7 1 2 4 1 2 7 1 2 7 0 2 7 1 2 7 15 2 11 0 2 7 1 2 7 17 9 2 12 16 2 17 18 2 0 2 7 13 6 3 0 2 4 0 2 7 0 2 7 1 2 7 0 2 7 0 2 7 13 6 3 1 2 7 1 2 7 0 2 7 0 2 7 1 2 7 5 30 3 0 2 7 1 2 7 1 2 7 0 2 7 0 60.291980504989624
17 9 2 0 2 7 1 2 7 0 2 7 16 6 2 0 2 7 0 2 7 0 2 7 0 2 7 12 16 2 0 2 7 1 2 7 0 2 7 0 2 7 13 6 3 1 2 7 0 2 3 0 2 7 1 2 7 0 2 7 0 2 7 1 2 7 1 2 7 1 2 7 5 30 3 0 2 7 0 2 7 8 9 2 0 2 7 1 2 7 12 16 2 5 31 3 17 18 2 1 2 7 0 2 7 1 2 7 0 2 7 1 2 7 1 2 7 0 2 7 0 2 3 5 30 3 5 30 3 0 2 7 0 2 7 0 2 7 17 18 2 5 31 3 0 2 7 13 6 3 0 2 7 5 30 3 16 19 11 17 18 2 1 2 7 5 30 3 16 6 2 0 2 7 0 2 7 0 2 7 0 61.1449152231216431
0 2 4 1 2 7 0 2 7 1 2 7 5 30 3 0 2 7 5 30 3 1 2 3 0 2 3 1 2 7 1 2 7 12 16 2 0 2 3 0 2 7 0 2 3 1 2 7 0 2 7 0 2 3 17 9 2 0 2 7 12 16 2 0 2 3 0 2 7 1 2 7 1 2 3 0 2 7 1 2 4 0 2 7 0 2 3 1 2 7 0 2 3 0 2 7 0 2 7 5 30 3 5 30 3 1 2 7 0 2 7 17 9 2 0 2 3 0 2 7 1 2 7 0 2 7 8 1 2 1 2 7 0 2 7 0 2 7 13 6 3 1 2 7 1 2 7 0 2 7 0 2 7 8 18 2 17 18 2 1 2 7 1 2 7 1 2 7 17 9 2 17 9 2 1 2 7 17 9 2 0 61.3303405046463013
17 9 2 0 2 4 1 2 4 0 2 7 1 2 7 0 2 4 17 9 2 0 2 7 1 2 7 1 2 4 0 2 7 0 2 7 0 2 7 1 2 7 0 2 7 12 16 2 12 16 2 1 2 7 5 31 3 0 2 7 0 2 7 0 2 7 1 2 7 1 2 7 0 2 7 0 2 7 1 2 7 1 2 4 1 2 7 0 2 7 1 2 7 13 6 3 0 2 7 17 9 2 1 2 7 5 30 3 13 6 3 17 18 2 12 16 2 0 2 7 17 18 2 0 2 7 0 2 7 17 9 2 0 2 7 17 9 2 1 2 7 1 2 4 13 6 3 1 2 4 1 2 7 0 2 7 1 2 7 5 31 3 1 2 7 0 2 7 0 2 7 0 2 7 5 30 3 0 2 7 0 59.7875515222549438
1 2 7 17 18 2 0 2 7 0 2 7 0 2 7 0 2 7 13 6 3 5 30 3 0 2 7 0 2 3 0 2 7 1 2 7 0 2 7 1 2 3 5 31 3 5 31 3 0 2 3 0 2 7 12 16 2 0 2 4 0 2 4 0 2 7 17 18 2 0 2 7 1 2 7 1 2 4 1 2 7 0 2 4 17 9 2 12 16 2 1 2 7 13 6 3 1 2 3 1 2 4 0 2 7 13 6 3 17 9 2 1 2 7 0 2 7 1 2 7 1 2 7 0 2 7 12 16 2 17 9 2 0 2 7 1 2 7 0 2 7 1 2 7 1 2 7 0 2 7 0 2 7 0 2 7 16 6 2 1 2 7 1 2 7 0 2 7 1 2 7 17 9 2 1 2 7 12 16 2 0 59.9809155464172363
17 18 2 0 2 7 0 2 7 17 9 2 12 16 2 1 2 7 1 2 7 0 2 7 1 2 7 0 2 7 0 2 7 0 2 7 1 2 7 0 2 7 0 2 7 1 2 7 17 9 2 1 2 7 13 6 3 1 2 7 12 16 2 5 31 3 1 2 7 0 2 7 0 2 7 0 2 4 1 2 7 1 2 7 13 6 3 0 2 7 1 2 7 0 2 7 0 2 7 0 2 7 0 2 7 5 31 3 0 2 4 1 2 7 1 2 7 17 18 2 1 2 7 1 2 7 17 9 2 1 2 4 12 16 2 0 2 7 0 2 7 0 2 4 0 2 4 0 2 7 0 2 4 1 2 4 16 6 2 0 2 3 1 2 4 1 2 3 1 2 7 0 2 4 0 2 4 0 2 4 0.00552312393339174368 59.7166666984558105
17 18 2 0 2 7 0 2 7 17 9 2 12 16 2 1 2 7 1 2 7 0 2 7 1 2 7 0 2 7 0 2 7 0 2 7 1 2 7 0 2 7 0 2 7 1 2 7 17 9 2 1 2 7 13 6 3 1 2 7 12 16 2 5 31 3 1 2 7 0 2 7 0 2 7 0 2 4 1 2 7 1 2 7 13 6 3 0 2 7 1 2 7 0 2 7 0 2 7 0 2 7 0 2 7 5 31 3 0 2 4 1 2 7 1 2 7 17 18 2 1 2 7 1 2 7 17 9 2 1 2 4 17 18 2 0 2 4 1 2 3 0 2 7 0 2 7 5 30 3 5 31 3 1 2 7 17 18 2 0 2 7 0 2 7 1 2 7 5 30 3 12 16 2 17 9 2 13 6 3 0.0102490796393883091 60.135920524597168
17 9 2 5 31 3 1 2 3 0 2 7 0 2 7 0 2 7 0 2 4 17 9 2 1 2 7 5 30 3 0 2 4 0 2 4 1 2 7 1 2 7 1 2 7 1 2 7 1 2 7 12 16 2 17 18 2 12 16 2 0 2 4 1 2 7 1 2 7 0 2 7 13 6 3 17 18 2 1 2 4 0 2 7 1 2 4 1 2 7 0 2 7 0 2 7 0 2 7 0 2 7 1 2 7 17 18 2 0 2 7 13 6 3 0 2 7 5 30 3 1 2 7 0 2 7 17 9 2 0 2 7 0 2 7 1 2 7 0 2 7 1 2 7 1 2 3 1 2 7 0 2 4 5 31 3 5 30 3 16 31 2 0 2 4 0 2 7 13 6 3 12 16 2 12 16 2 17 18 2 0.011731777308664303 60.1351025104522705

Current Evaluation = 16200(16200)
Front Size = 10
17 18 2 0 2 7 0 2 7 17 9 2 12 16 2 1 2 7 1 2 7 0 2 7 1 2 7 0 2 7 0 2 7 0 2 7 1 2 7 0 2 7 0 2 7 1 2 7 17 9 2 1 2 7 13 6 3 1 2 7 12 16 2 5 31 3 1 2 7 0 2 7 0 2 7 0 2 4 1 2 7 1 2 7 13 6 3 0 2 7 1 2 7 0 2 7 12 16 2 0 2 7 0 2 7 0 2 7 5 31 3 0 2 7 0 2 4 0 2 7 0 2 7 1 2 7 1 2 7 17 18 2 1 2 7 1 2 7 0 2 7 17 9 2 0 2 7 5 31 3 1 2 7 1 2 4 16 6 2 0 2 7 0 2 7 1 2 7 1 2 7 12 16 2 17 9 2 13 6 3 0 59.7211945056915283
17 9 2 5 31 3 1 2 3 0 2 7 0 2 7 0 2 7 0 2 4 17 9 2 1 2 7 5 30 3 0 2 4 0 2 4 1 2 7 1 2 7 1 2 7 1 2 7 1 2 7 12 16 2 17 18 2 12 16 2 0 2 4 0 2 4 5 31 3 1 2 7 1 2 7 0 2 7 13 6 3 17 18 2 1 2 4 0 2 7 1 2 4 1 2 4 1 2 7 0 2 3 0 2 7 0 2 7 0 2 7 0 2 7 1 2 7 17 18 2 0 2 7 13 6 3 0 2 7 5 30 3 1 2 7 0 2 7 17 9 2 0 2 7 0 2 7 1 2 7 0 2 7 1 2 7 1 2 3 0 2 4 0 2 4 1 2 7 1 2 7 0 2 4 0 2 4 17 18 2 0 60.1313927173614502
17 9 2 5 31 3 0 2 7 0 2 7 1 2 7 0 2 4 17 9 2 1 2 7 5 30 3 0 2 4 0 2 7 1 2 7 1 2 7 1 2 7 1 2 7 1 2 7 12 16 2 17 18 2 12 16 2 0 2 4 0 2 4 5 31 3 1 2 7 1 2 7 0 2 7 13 6 3 17 18 2 1 2 4 0 2 7 1 2 4 1 2 7 0 2 7 0 2 7 0 2 7 0 2 7 0 2 7 1 2 7 0 2 7 0 2 7 5 30 3 1 2 7 0 2 7 0 2 7 0 2 7 1 2 7 0 2 7 1 2 7 1 2 7 12 16 2 1 2 4 13 6 3 0 2 7 0 2 7 0 2 7 1 2 7 0 2 7 13 6 3 17 9 2 17 9 2 17 9 2 0 59.7875515222549438
0 2 7 17 18 2 0 2 7 1 2 7 0 2 7 0 2 7 0 2 7 5 31 3 0 2 7 0 2 7 0 2 4 0 2 7 1 2 7 1 2 7 1 2 7 17 9 2 5 31 3 0 2 7 0 2 7 1 2 7 12 16 2 0 2 7 0 2 7 1 2 7 1 2 4 1 2 7 5 31 3 1 2 7 0 2 7 1 2 7 0 2 4 1 2 4 17 9 2 12 16 2 0 2 7 13 6 3 0 2 7 0 2 7 1 2 7 13 6 3 1 2 4 0 2 7 1 2 7 0 2 7 1 2 7 0 2 7 5 30 3 16 30 2 17 18 2 1 2 7 0 2 7 17 18 2 0 2 7 1 2 4 0 2 7 0 2 7 1 2 4 5 30 3 17 9 2 0 2 7 0 60.1242506504058838
5 30 3 0 2 7 0 2 7 1 2 7 1 2 11 0 2 7 0 2 7 1 2 7 12 16 2 0 2 7 1 2 7 1 2 7 5 30 3 0 2 7 12 16 2 0 2 3 1 2 3 0 2 4 0 2 7 1 2 7 0 2 3 0 2 4 0 2 7 0 2 7 0 2 7 8 9 2 0 2 3 0 2 7 1 2 7 1 2 7 0 2 7 1 2 3 13 6 3 0 2 7 0 2 7 1 2 7 17 18 2 17 9 2 1 2 7 6 2 3 1 2 3 0 2 7 0 2 3 17 18 2 1 2 7 17 18 2 0 2 7 0 2 7 5 30 3 0 2 7 0 2 7 1 2 11 1 2 7 16 15 2 1 2 7 5 31 3 0 2 4 17 9 2 16 24 2 8 9 2 0 61.2734005451202393
1 2 7 17 18 2 1 2 11 1 2 4 0 2 7 0 2 4 1 2 4 5 31 3 0 2 7 0 2 7 0 2 7 0 2 7 0 2 7 1 2 7 1 2 7 17 9 2 5 31 3 0 2 7 0 2 4 1 2 4 12 16 2 0 2 7 0 2 11 1 2 7 1 2 7 1 2 4 0 2 7 0 2 4 1 2 7 0 2 7 1 2 7 17 9 2 12 16 2 0 2 7 13 6 3 0 2 7 0 2 7 1 2 7 0 2 7 0 2 4 0 2 4 1 2 4 5 31 3 17 18 2 1 2 7 17 18 2 5 30 3 1 2 7 12 16 2 1 2 4 0 2 7 1 2 7 0 2 7 0 2 7 16 31 2 0 2 7 0 2 4 1 2 4 17 9 2 0 2 7 0 60.5525237321853638
0 2 4 1 2 7 0 2 7 1 2 7 5 30 3 0 2 7 5 30 3 1 2 3 0 2 3 1 2 7 1 2 7 12 16 2 0 2 3 0 2 7 0 2 3 1 2 7 0 2 7 0 2 3 17 9 2 0 2 7 12 16 2 0 2 3 0 2 7 1 2 7 1 2 3 0 2 7 1 2 4 0 2 7 0 2 3 1 2 7 0 2 3 0 2 7 0 2 7 5 30 3 5 30 3 1 2 7 0 2 7 17 9 2 0 2 3 0 2 7 1 2 7 0 2 7 8 1 2 1 2 7 0 2 7 0 2 7 13 6 3 1 2 7 1 2 7 0 2 7 0 2 7 8 18 2 17 18 2 1 2 7 1 2 7 1 2 7 17 9 2 17 9 2 1 2 7 17 9 2 0 61.3303405046463013
0 2 11 17 18 2 1 2 7 1 2 7 0 2 7 1 2 7 0 2 7 5 31 3 0 2 4 0 2 7 5 31 3 0 2 7 0 2 7 0 2 7 1 2 7 17 18 2 5 31 3 1 2 7 6 2 7 1 2 7 1 2 3 0 2 4 0 2 7 0 2 7 8 18 2 0 2 7 1 2 7 1 2 3 0 2 7 0 2 7 0 2 4 0 2 7 17 9 2 12 16 2 1 2 3 13 6 3 0 2 4 0 2 7 1 2 7 17 18 2 1 2 7 1 2 7 1 2 3 1 2 7 1 2 7 5 30 3 12 16 2 0 2 7 0 2 11 1 2 7 0 2 7 0 2 7 1 2 7 16 6 2 16 6 2 0 2 11 0 2 7 17 18 2 0 2 7 0 2 4 0 60.8251789212226868
17 9 2 5 31 3 0 2 7 0 2 7 0 2 7 0 2 4 17 9 2 1 2 7 5 30 3 0 2 4 0 2 4 1 2 7 1 2 7 1 2 7 1 2 7 1 2 7 12 16 2 17 18 2 12 16 2 0 2 4 0 2 7 5 31 3 1 2 7 1 2 7 0 2 7 13 6 3 17 18 2 1 2 7 0 2 7 1 2 4 1 2 7 1 2 7 0 2 7 0 2 7 0 2 7 0 2 7 1 2 7 17 18 2 0 2 7 13 6 3 0 2 7 5 30 3 1 2 7 0 2 7 0 2 7 0 2 7 1 2 7 0 2 7 1 2 7 1 2 7 1 2 7 17 18 2 1 2 7 12 16 2 0 2 7 16 31 2 0 2 7 0 2 4 0 2 4 0 2 4 0 59.9908535480499268
17 18 2 0 2 7 1 2 3 17 9 2 12 16 2 1 2 7 0 2 7 0 2 7 1 2 7 0 2 7 0 2 7 0 2 7 0 2 7 0 2 7 0 2 7 1 2 11 5 30 3 1 2 7 13 6 3 1 2 4 12 16 2 5 30 3 1 2 11 0 2 7 0 2 7 0 2 7 1 2 1 1 2 11 1 2 3 1 2 7 1 2 7 0 2 11 12 16 2 0 2 7 0 2 3 0 2 7 5 31 3 0 2 7 0 2 4 1 2 7 0 2 11 17 18 2 1 2 7 17 9 2 0 2 7 12 16 2 13 6 3 16 6 2 0 2 11 1 2 7 0 2 7 8 18 2 17 18 2 1 2 7 16 6 2 0 2 7 0 2 7 0 2 7 5 30 3 8 9 2 0 61.3004415035247803

Current Evaluation = 17100(17100)
Front Size = 10
17 18 2 0 2 7 0 2 7 17 9 2 12 16 2 1 2 7 1 2 7 0 2 7 1 2 7 0 2 7 0 2 7 0 2 7 1 2 7 0 2 7 0 2 7 1 2 7 17 9 2 1 2 7 13 6 3 1 2 7 12 16 2 5 31 3 1 2 7 0 2 7 0 2 7 0 2 4 1 2 7 1 2 7 13 6 3 0 2 7 1 2 7 0 2 7 12 16 2 0 2 7 0 2 7 0 2 7 5 31 3 0 2 7 0 2 4 0 2 7 0 2 7 1 2 7 1 2 7 17 18 2 1 2 7 1 2 7 0 2 7 17 9 2 0 2 7 5 31 3 1 2 7 1 2 4 16 6 2 0 2 7 0 2 7 1 2 7 1 2 7 12 16 2 17 9 2 13 6 3 0 59.7211945056915283
17 9 2 5 30 3 0 2 7 13 6 3 0 2 7 0 2 4 17 9 2 1 2 7 0 2 7 0 2 4 1 2 4 1 2 7 1 2 7 1 2 7 12 16 2 17 18 2 12 16 2 5 31 3 1 2 7 1 2 4 0 2 7 13 6 3 17 18 2 1 2 7 0 2 7 1 2 7 0 2 7 0 2 7 0 2 4 0 2 7 0 2 4 0 2 7 13 6 3 0 2 7 1 2 7 0 2 4 17 9 2 0 2 4 0 2 7 1 2 7 0 2 7 1 2 7 1 2 7 1 2 7 0 2 7 0 2 7 1 2 7 1 2 7 1 2 7 1 2 4 12 16 2 0 2 7 17 18 2 5 31 3 12 16 2 5 30 3 0 2 4 0 2 7 0 2 7 17 18 2 0 59.9459015130996704
17 18 2 1 2 7 1 2 11 0 2 7 1 2 7 0 2 7 5 31 3 5 31 3 0 2 4 5 31 3 0 2 7 0 2 7 0 2 7 0 2 7 17 18 2 1 2 7 1 2 7 0 2 7 0 2 7 0 2 3 0 2 7 0 2 7 0 2 7 1 2 3 0 2 7 0 2 7 1 2 7 0 2 3 17 9 2 12 16 2 13 6 3 0 2 7 0 2 7 1 2 7 17 18 2 6 2 7 1 2 7 1 2 3 1 2 7 5 30 3 12 16 2 1 2 7 0 2 7 1 2 7 0 2 7 17 18 2 0 2 7 1 2 7 1 2 7 0 2 7 0 2 7 1 2 7 1 2 3 0 2 7 0 2 7 16 6 2 16 6 2 1 2 3 0 2 7 13 6 3 0 60.4905346035957336
17 18 2 0 2 7 1 2 3 17 9 2 12 16 2 1 2 7 0 2 7 0 2 7 1 2 7 0 2 7 0 2 7 0 2 7 0 2 7 0 2 7 0 2 7 1 2 11 5 30 3 1 2 7 13 6 3 1 2 4 12 16 2 5 30 3 1 2 11 0 2 7 0 2 7 0 2 7 1 2 1 1 2 11 1 2 3 1 2 7 1 2 7 0 2 11 12 16 2 0 2 7 0 2 3 0 2 7 5 31 3 0 2 7 0 2 4 1 2 7 0 2 11 17 18 2 1 2 7 17 9 2 0 2 7 12 16 2 13 6 3 16 6 2 0 2 11 1 2 7 0 2 7 8 18 2 17 18 2 1 2 7 16 6 2 0 2 7 0 2 7 0 2 7 5 30 3 8 9 2 0 61.3004415035247803
17 18 2 0 2 7 0 2 7 17 9 2 12 16 2 1 2 7 1 2 7 0 2 3 1 2 7 0 2 7 0 2 7 0 2 1 0 2 7 0 2 7 0 2 7 0 2 7 17 9 2 1 2 7 13 6 3 0 2 7 12 16 2 5 31 3 1 2 7 0 2 7 5 30 3 0 2 7 1 2 7 13 6 3 0 2 7 0 2 7 12 16 2 1 2 7 0 2 7 0 2 7 0 2 7 0 2 7 0 2 7 8 18 2 0 2 3 0 2 7 1 2 3 16 6 2 12 16 2 1 2 4 1 2 11 5 30 3 0 2 7 1 2 7 1 2 4 1 2 4 1 2 7 17 9 2 1 2 7 1 2 7 0 2 7 5 30 3 17 18 2 1 2 7 17 9 2 13 6 3 0 60.5002363920211792
5 30 3 0 2 7 0 2 7 1 2 7 1 2 11 0 2 7 0 2 7 1 2 7 12 16 2 0 2 7 1 2 7 1 2 7 5 30 3 0 2 7 12 16 2 0 2 3 1 2 3 0 2 4 0 2 7 1 2 7 0 2 3 0 2 4 0 2 7 0 2 7 0 2 7 8 9 2 0 2 3 0 2 7 1 2 7 1 2 7 0 2 7 1 2 3 13 6 3 0 2 7 0 2 7 1 2 7 17 18 2 17 9 2 1 2 7 6 2 3 1 2 3 0 2 7 0 2 3 17 18 2 1 2 7 17 18 2 0 2 7 0 2 7 5 30 3 0 2 7 0 2 7 1 2 11 1 2 7 16 15 2 1 2 7 5 31 3 0 2 4 17 9 2 16 24 2 8 9 2 0 61.2734005451202393
17 9 2 5 31 3 0 2 7 0 2 7 1 2 7 0 2 4 17 9 2 1 2 7 5 30 3 0 2 4 0 2 7 1 2 7 1 2 7 1 2 7 1 2 7 1 2 7 12 16 2 17 18 2 12 16 2 0 2 4 0 2 4 5 31 3 1 2 7 1 2 7 0 2 7 13 6 3 17 18 2 1 2 4 0 2 7 1 2 4 1 2 7 0 2 7 0 2 7 0 2 7 0 2 7 0 2 7 1 2 7 0 2 7 0 2 7 5 30 3 1 2 7 0 2 7 0 2 7 0 2 7 1 2 7 0 2 7 1 2 7 1 2 7 12 16 2 1 2 4 13 6 3 0 2 7 0 2 7 0 2 7 1 2 7 0 2 7 13 6 3 17 9 2 17 9 2 17 9 2 0 59.7875515222549438
1 2 7 17 18 2 1 2 11 1 2 4 0 2 7 0 2 4 1 2 4 5 31 3 0 2 7 0 2 7 0 2 7 0 2 7 0 2 7 1 2 7 1 2 7 17 9 2 5 31 3 0 2 7 0 2 4 1 2 4 12 16 2 0 2 7 0 2 11 1 2 7 1 2 7 1 2 4 0 2 7 0 2 4 1 2 7 0 2 7 1 2 7 17 9 2 12 16 2 0 2 7 13 6 3 0 2 7 0 2 7 1 2 7 0 2 7 0 2 4 0 2 4 1 2 4 5 31 3 17 18 2 1 2 7 17 18 2 5 30 3 1 2 7 12 16 2 1 2 4 0 2 7 1 2 7 0 2 7 0 2 7 16 31 2 0 2 7 0 2 4 1 2 4 17 9 2 0 2 7 0 60.5525237321853638
17 9 2 5 31 3 0 2 7 0 2 7 0 2 7 0 2 4 17 9 2 1 2 7 5 30 3 0 2 4 0 2 4 1 2 7 1 2 7 1 2 7 1 2 7 1 2 7 12 16 2 17 18 2 12 16 2 0 2 4 0 2 7 5 31 3 1 2 7 1 2 7 0 2 7 13 6 3 17 18 2 1 2 7 0 2 7 1 2 4 1 2 7 1 2 7 0 2 7 0 2 7 0 2 7 0 2 7 1 2 7 17 18 2 0 2 7 13 6 3 0 2 7 5 30 3 1 2 7 0 2 7 0 2 7 0 2 7 1 2 7 0 2 7 1 2 7 1 2 7 1 2 7 17 18 2 1 2 7 12 16 2 0 2 7 16 31 2 0 2 7 0 2 4 0 2 4 0 2 4 0 59.9908535480499268
17 9 2 5 31 3 1 2 3 0 2 7 0 2 7 0 2 7 0 2 4 17 9 2 1 2 7 5 30 3 0 2 4 0 2 4 1 2 7 1 2 7 1 2 7 1 2 7 1 2 7 12 16 2 17 18 2 12 16 2 0 2 4 0 2 4 5 31 3 1 2 7 1 2 7 0 2 7 13 6 3 17 18 2 1 2 4 0 2 7 1 2 4 1 2 4 1 2 7 0 2 3 0 2 7 0 2 7 0 2 7 0 2 7 1 2 7 17 18 2 0 2 7 13 6 3 0 2 7 5 30 3 1 2 7 0 2 7 17 9 2 0 2 7 0 2 7 1 2 7 0 2 7 1 2 7 1 2 3 0 2 4 0 2 4 1 2 7 1 2 7 0 2 4 0 2 4 17 18 2 0 60.1313927173614502

Current Evaluation = 18000(18000)
Front Size = 10
17 18 2 0 2 7 0 2 7 17 9 2 12 16 2 1 2 7 1 2 7 1 2 7 1 2 7 0 2 7 0 2 7 1 2 7 1 2 7 0 2 7 1 2 7 17 9 2 1 2 7 13 6 3 1 2 7 12 16 2 5 31 3 1 2 7 0 2 7 0 2 7 0 2 7 1 2 7 1 2 7 13 6 3 0 2 7 1 2 7 0 2 7 12 16 2 0 2 7 0 2 7 0 2 7 5 31 3 0 2 7 0 2 7 0 2 7 1 2 7 1 2 7 17 18 2 0 2 7 1 2 7 17 9 2 0 2 7 12 16 2 13 6 3 0 2 7 0 2 7 0 2 7 5 31 3 16 6 2 17 18 2 1 2 4 0 2 7 0 2 7 1 2 7 0 2 4 1 2 4 0 59.7211945056915283
17 18 2 0 2 7 0 2 7 17 9 2 12 16 2 1 2 7 1 2 7 1 2 7 1 2 7 0 2 7 0 2 7 0 2 4 1 2 7 1 2 7 0 2 7 1 2 7 17 9 2 1 2 7 13 6 3 1 2 7 12 16 2 5 31 3 1 2 7 0 2 7 0 2 7 0 2 7 1 2 7 1 2 7 13 6 3 0 2 7 1 2 7 0 2 7 12 16 2 0 2 7 0 2 7 0 2 7 5 31 3 0 2 7 0 2 7 0 2 7 1 2 7 1 2 7 17 18 2 0 2 7 1 2 7 17 9 2 0 2 7 12 16 2 13 6 3 0 2 7 0 2 7 0 2 7 5 31 3 1 2 7 16 6 2 0 2 4 0 2 4 1 2 7 1 2 7 17 18 2 0 59.7211945056915283
17 9 2 5 30 3 0 2 7 13 6 3 0 2 7 0 2 4 17 9 2 1 2 7 0 2 7 0 2 4 1 2 4 1 2 7 1 2 7 1 2 7 12 16 2 17 18 2 12 16 2 5 31 3 1 2 7 1 2 4 0 2 7 13 6 3 17 18 2 1 2 7 0 2 7 1 2 7 0 2 7 0 2 7 0 2 4 0 2 7 0 2 4 0 2 7 13 6 3 0 2 7 1 2 7 0 2 4 17 9 2 0 2 4 0 2 7 1 2 7 0 2 7 1 2 7 1 2 7 1 2 7 0 2 7 0 2 7 1 2 7 1 2 7 1 2 7 1 2 4 12 16 2 0 2 7 17 18 2 5 31 3 12 16 2 5 30 3 0 2 4 0 2 7 0 2 7 17 18 2 0 59.9459015130996704
1 2 4 17 18 2 1 2 7 0 2 7 0 2 7 1 2 7 5 31 3 0 2 7 0 2 7 0 2 7 1 2 7 0 2 7 1 2 7 0 2 7 17 9 2 5 31 3 0 2 4 0 2 7 1 2 4 12 16 2 0 2 7 1 2 11 1 2 7 0 2 7 0 2 7 1 2 7 0 2 7 1 2 4 17 9 2 12 16 2 0 2 7 13 6 3 0 2 7 1 2 7 1 2 11 0 2 7 0 2 7 17 18 2 1 2 4 5 30 3 1 2 7 12 16 2 0 2 4 0 2 7 0 2 7 0 2 7 0 2 7 17 9 2 0 2 7 17 9 2 6 2 7 1 2 11 0 2 7 13 6 3 5 30 3 1 2 7 1 2 7 16 31 2 0 2 7 1 2 7 0 60.305946409702301
5 30 3 0 2 7 0 2 7 1 2 7 1 2 11 0 2 7 0 2 7 1 2 7 12 16 2 0 2 7 1 2 7 1 2 7 5 30 3 0 2 7 12 16 2 0 2 3 1 2 3 0 2 4 0 2 7 1 2 7 0 2 3 0 2 4 0 2 7 0 2 7 0 2 7 8 9 2 0 2 3 0 2 7 1 2 7 1 2 7 0 2 7 1 2 3 13 6 3 0 2 7 0 2 7 1 2 7 17 18 2 17 9 2 1 2 7 6 2 3 1 2 3 0 2 7 0 2 3 17 18 2 1 2 7 17 18 2 0 2 7 0 2 7 5 30 3 0 2 7 0 2 7 1 2 11 1 2 7 16 15 2 1 2 7 5 31 3 0 2 4 17 9 2 16 24 2 8 9 2 0 61.2734005451202393
17 18 2 0 2 7 0 2 7 17 9 2 12 16 2 1 2 7 1 2 4 1 2 7 1 2 4 0 2 7 0 2 7 0 2 7 1 2 7 1 2 7 1 2 7 1 2 7 17 9 2 1 2 7 13 6 3 1 2 7 12 16 2 5 31 3 1 2 7 0 2 7 0 2 7 0 2 7 1 2 7 1 2 7 13 6 3 0 2 7 1 2 4 0 2 7 12 16 2 0 2 7 0 2 7 0 2 7 5 31 3 0 2 7 0 2 7 0 2 7 1 2 7 1 2 7 17 18 2 0 2 7 1 2 7 17 9 2 0 2 7 12 16 2 13 6 3 0 2 7 0 2 7 0 2 7 5 31 3 1 2 7 16 6 2 0 2 7 1 2 7 17 18 2 0 2 7 0 2 7 0 59.7211945056915283
17 18 2 1 2 7 1 2 11 0 2 7 1 2 7 0 2 7 5 31 3 5 31 3 0 2 4 5 31 3 0 2 7 0 2 7 0 2 7 0 2 7 17 18 2 1 2 7 1 2 7 0 2 7 0 2 7 0 2 3 0 2 7 0 2 7 0 2 7 1 2 3 0 2 7 0 2 7 1 2 7 0 2 3 17 9 2 12 16 2 13 6 3 0 2 7 0 2 7 1 2 7 17 18 2 6 2 7 1 2 7 1 2 3 1 2 7 5 30 3 12 16 2 1 2 7 0 2 7 1 2 7 0 2 7 17 18 2 0 2 7 1 2 7 1 2 7 0 2 7 0 2 7 1 2 7 1 2 3 0 2 7 0 2 7 16 6 2 16 6 2 1 2 3 0 2 7 13 6 3 0 60.4905346035957336
17 9 2 5 31 3 0 2 7 0 2 7 1 2 7 0 2 4 17 9 2 1 2 7 5 30 3 0 2 4 0 2 7 1 2 7 1 2 7 1 2 7 1 2 7 1 2 7 12 16 2 17 18 2 12 16 2 0 2 4 0 2 4 5 31 3 1 2 7 1 2 7 0 2 7 13 6 3 17 18 2 1 2 4 0 2 7 1 2 4 1 2 7 0 2 7 0 2 7 0 2 7 0 2 7 0 2 7 1 2 7 0 2 7 0 2 7 5 30 3 1 2 7 0 2 7 0 2 7 0 2 7 1 2 7 0 2 7 1 2 7 1 2 7 12 16 2 1 2 4 13 6 3 0 2 7 0 2 7 0 2 7 1 2 7 0 2 7 13 6 3 17 9 2 17 9 2 17 9 2 0 59.7875515222549438
1 2 4 17 18 2 0 2 7 0 2 7 0 2 7 1 2 7 5 30 3 0 2 7 0 2 7 0 2 4 1 2 4 0 2 4 1 2 7 1 2 7 1 2 7 5 31 3 0 2 7 1 2 7 12 16 2 0 2 7 1 2 7 1 2 7 17 18 2 0 2 7 1 2 7 0 2 7 0 2 7 17 9 2 12 16 2 0 2 4 13 6 3 0 2 7 1 2 4 0 2 4 0 2 7 17 18 2 1 2 4 5 30 3 1 2 4 12 16 2 17 9 2 1 2 7 1 2 7 0 2 7 0 2 4 17 9 2 1 2 7 0 2 7 13 6 3 0 2 7 1 2 7 0 2 4 1 2 7 5 31 3 0 2 4 12 16 2 0 2 7 0 2 7 16 31 2 0 2 7 0 60.1292035579681396
17 18 2 0 2 7 0 2 7 0 2 7 1 2 7 0 2 7 0 2 7 0 2 4 0 2 4 1 2 7 1 2 7 1 2 7 5 31 3 0 2 7 1 2 7 12 16 2 0 2 7 1 2 7 1 2 7 17 18 2 0 2 7 1 2 7 0 2 7 0 2 7 17 9 2 12 16 2 0 2 4 13 6 3 0 2 7 0 2 7 17 18 2 12 16 2 17 9 2 1 2 7 1 2 7 0 2 7 17 9 2 1 2 7 0 2 7 13 6 3 0 2 7 1 2 7 1 2 7 5 31 3 12 16 2 0 2 7 0 2 7 0 2 7 1 2 4 0 2 7 1 2 4 16 6 2 1 2 7 1 2 7 1 2 7 0 2 7 0 2 4 0 2 7 0 2 4 16 31 2 0.0198036245312943095 59.5415735244750977

MonoObjective Genetic Algorithm
Number of Evaluations = 0
Mutation Probability = 0
Crossover Probability = 1
Population Size = 10
Survival Selection Type = 16

Time =  18046.8024818897247

Current Evaluation = 2030
Front Size = 10
17 18 2 0 2 7 0 2 7 17 9 2 12 16 2 1 2 7 1 2 7 1 2 7 1 2 7 0 2 7 0 2 7 1 2 7 1 2 7 0 2 7 1 2 7 17 9 2 1 2 7 13 6 3 1 2 7 12 16 2 5 31 3 1 2 7 0 2 7 0 2 7 0 2 7 1 2 7 1 2 7 13 6 3 0 2 7 1 2 7 0 2 7 12 16 2 0 2 7 0 2 7 0 2 7 5 31 3 0 2 7 0 2 7 0 2 7 1 2 7 1 2 7 17 18 2 0 2 7 1 2 7 17 9 2 0 2 7 12 16 2 13 6 3 0 2 7 0 2 7 0 2 7 5 31 3 16 6 2 17 18 2 1 2 4 0 2 7 0 2 7 1 2 7 0 2 4 1 2 4 0 59.7211945056915283
17 18 2 0 2 7 0 2 7 17 9 2 12 16 2 1 2 7 1 2 7 1 2 7 1 2 7 0 2 7 0 2 7 0 2 4 1 2 7 1 2 7 0 2 7 1 2 7 17 9 2 1 2 7 13 6 3 1 2 7 12 16 2 5 31 3 1 2 7 0 2 7 0 2 7 0 2 7 1 2 7 1 2 7 13 6 3 0 2 7 1 2 7 0 2 7 12 16 2 0 2 7 0 2 7 0 2 7 5 31 3 0 2 7 0 2 7 0 2 7 1 2 7 1 2 7 17 18 2 0 2 7 1 2 7 17 9 2 0 2 7 12 16 2 13 6 3 0 2 7 0 2 7 0 2 7 5 31 3 1 2 7 16 6 2 0 2 4 0 2 4 1 2 7 1 2 7 17 18 2 0 59.7211945056915283
17 9 2 5 30 3 0 2 7 13 6 3 0 2 7 0 2 4 17 9 2 1 2 7 0 2 7 0 2 4 1 2 4 1 2 7 1 2 7 1 2 7 12 16 2 17 18 2 12 16 2 5 31 3 1 2 7 1 2 4 0 2 7 13 6 3 17 18 2 1 2 7 0 2 7 1 2 7 0 2 7 0 2 7 0 2 4 0 2 7 0 2 4 0 2 7 13 6 3 0 2 7 1 2 7 0 2 4 17 9 2 0 2 4 0 2 7 1 2 7 0 2 7 1 2 7 1 2 7 1 2 7 0 2 7 0 2 7 1 2 7 1 2 7 1 2 7 1 2 4 12 16 2 0 2 7 17 18 2 5 31 3 12 16 2 5 30 3 0 2 4 0 2 7 0 2 7 17 18 2 0 59.9459015130996704
1 2 4 17 18 2 1 2 7 0 2 7 0 2 7 1 2 7 5 31 3 0 2 7 0 2 7 0 2 7 1 2 7 0 2 7 1 2 7 0 2 7 17 9 2 5 31 3 0 2 4 0 2 7 1 2 4 12 16 2 0 2 7 1 2 11 1 2 7 0 2 7 0 2 7 1 2 7 0 2 7 1 2 4 17 9 2 12 16 2 0 2 7 13 6 3 0 2 7 1 2 7 1 2 11 0 2 7 0 2 7 17 18 2 1 2 4 5 30 3 1 2 7 12 16 2 0 2 4 0 2 7 0 2 7 0 2 7 0 2 7 17 9 2 0 2 7 17 9 2 6 2 7 1 2 11 0 2 7 13 6 3 5 30 3 1 2 7 1 2 7 16 31 2 0 2 7 1 2 7 0 60.305946409702301
5 30 3 0 2 7 0 2 7 1 2 7 1 2 11 0 2 7 0 2 7 1 2 7 12 16 2 0 2 7 1 2 7 1 2 7 5 30 3 0 2 7 12 16 2 0 2 3 1 2 3 0 2 4 0 2 7 1 2 7 0 2 3 0 2 4 0 2 7 0 2 7 0 2 7 8 9 2 0 2 3 0 2 7 1 2 7 1 2 7 0 2 7 1 2 3 13 6 3 0 2 7 0 2 7 1 2 7 17 18 2 17 9 2 1 2 7 6 2 3 1 2 3 0 2 7 0 2 3 17 18 2 1 2 7 17 18 2 0 2 7 0 2 7 5 30 3 0 2 7 0 2 7 1 2 11 1 2 7 16 15 2 1 2 7 5 31 3 0 2 4 17 9 2 16 24 2 8 9 2 0 61.2734005451202393
17 18 2 0 2 7 0 2 7 17 9 2 12 16 2 1 2 7 1 2 4 1 2 7 1 2 4 0 2 7 0 2 7 0 2 7 1 2 7 1 2 7 1 2 7 1 2 7 17 9 2 1 2 7 13 6 3 1 2 7 12 16 2 5 31 3 1 2 7 0 2 7 0 2 7 0 2 7 1 2 7 1 2 7 13 6 3 0 2 7 1 2 4 0 2 7 12 16 2 0 2 7 0 2 7 0 2 7 5 31 3 0 2 7 0 2 7 0 2 7 1 2 7 1 2 7 17 18 2 0 2 7 1 2 7 17 9 2 0 2 7 12 16 2 13 6 3 0 2 7 0 2 7 0 2 7 5 31 3 1 2 7 16 6 2 0 2 7 1 2 7 17 18 2 0 2 7 0 2 7 0 59.7211945056915283
17 18 2 1 2 7 1 2 11 0 2 7 1 2 7 0 2 7 5 31 3 5 31 3 0 2 4 5 31 3 0 2 7 0 2 7 0 2 7 0 2 7 17 18 2 1 2 7 1 2 7 0 2 7 0 2 7 0 2 3 0 2 7 0 2 7 0 2 7 1 2 3 0 2 7 0 2 7 1 2 7 0 2 3 17 9 2 12 16 2 13 6 3 0 2 7 0 2 7 1 2 7 17 18 2 6 2 7 1 2 7 1 2 3 1 2 7 5 30 3 12 16 2 1 2 7 0 2 7 1 2 7 0 2 7 17 18 2 0 2 7 1 2 7 1 2 7 0 2 7 0 2 7 1 2 7 1 2 3 0 2 7 0 2 7 16 6 2 16 6 2 1 2 3 0 2 7 13 6 3 0 60.4905346035957336
17 9 2 5 31 3 0 2 7 0 2 7 1 2 7 0 2 4 17 9 2 1 2 7 5 30 3 0 2 4 0 2 7 1 2 7 1 2 7 1 2 7 1 2 7 1 2 7 12 16 2 17 18 2 12 16 2 0 2 4 0 2 4 5 31 3 1 2 7 1 2 7 0 2 7 13 6 3 17 18 2 1 2 4 0 2 7 1 2 4 1 2 7 0 2 7 0 2 7 0 2 7 0 2 7 0 2 7 1 2 7 0 2 7 0 2 7 5 30 3 1 2 7 0 2 7 0 2 7 0 2 7 1 2 7 0 2 7 1 2 7 1 2 7 12 16 2 1 2 4 13 6 3 0 2 7 0 2 7 0 2 7 1 2 7 0 2 7 13 6 3 17 9 2 17 9 2 17 9 2 0 59.7875515222549438
1 2 4 17 18 2 0 2 7 0 2 7 0 2 7 1 2 7 5 30 3 0 2 7 0 2 7 0 2 4 1 2 4 0 2 4 1 2 7 1 2 7 1 2 7 5 31 3 0 2 7 1 2 7 12 16 2 0 2 7 1 2 7 1 2 7 17 18 2 0 2 7 1 2 7 0 2 7 0 2 7 17 9 2 12 16 2 0 2 4 13 6 3 0 2 7 1 2 4 0 2 4 0 2 7 17 18 2 1 2 4 5 30 3 1 2 4 12 16 2 17 9 2 1 2 7 1 2 7 0 2 7 0 2 4 17 9 2 1 2 7 0 2 7 13 6 3 0 2 7 1 2 7 0 2 4 1 2 7 5 31 3 0 2 4 12 16 2 0 2 7 0 2 7 16 31 2 0 2 7 0 60.1292035579681396
17 18 2 0 2 7 0 2 7 0 2 7 1 2 7 0 2 7 0 2 7 0 2 4 0 2 4 1 2 7 1 2 7 1 2 7 5 31 3 0 2 7 1 2 7 12 16 2 0 2 7 1 2 7 1 2 7 17 18 2 0 2 7 1 2 7 0 2 7 0 2 7 17 9 2 12 16 2 0 2 4 13 6 3 0 2 7 0 2 7 17 18 2 12 16 2 17 9 2 1 2 7 1 2 7 0 2 7 17 9 2 1 2 7 0 2 7 13 6 3 0 2 7 1 2 7 1 2 7 5 31 3 12 16 2 0 2 7 0 2 7 0 2 7 1 2 4 0 2 7 1 2 4 16 6 2 1 2 7 1 2 7 1 2 7 0 2 7 0 2 4 0 2 7 0 2 4 16 31 2 0.0198036245312943095 59.5415735244750977

