Current Evaluation = 900(900)
Front Size = 10
0 2 4 0 2 7 12 16 2 5 30 3 0 2 4 5 30 3 0 2 4 12 16 2 5 30 3 17 9 2 1 2 7 12 16 2 17 9 2 0 2 7 0 2 7 0 2 7 0 2 4 0 2 7 0 2 7 0 2 7 0 2 7 17 18 2 0 2 7 17 18 2 1 2 7 1 2 7 5 30 3 0 2 7 5 31 3 1 2 7 0 2 4 13 6 3 1 2 7 13 6 3 1 2 4 12 16 2 1 2 4 0 2 7 0 2 7 5 30 3 0 2 7 1 2 7 13 6 3 0 2 7 1 2 7 1 2 7 0 2 7 17 9 2 1 2 7 1 2 4 17 9 2 1 2 7 17 9 2 0 2 7 1 2 7 0 2 7 13 6 3 0 2 7 0 2 7 12 16 2 0 60.3347232341766357
0 2 7 0 2 7 5 30 3 8 9 2 5 31 3 16 6 2 0 2 8 5 30 3 12 16 2 6 2 8 16 19 11 5 30 3 5 30 3 0 2 8 8 18 2 5 31 3 0 2 11 0 2 7 0 2 8 0 2 7 0 2 7 0 2 7 6 2 11 0 2 7 0 2 7 0 2 11 0 2 7 12 16 2 0 2 7 0 2 7 0 2 7 0 2 3 0 2 3 0 2 7 0 2 3 12 16 2 0 2 7 6 2 11 6 2 3 0 2 7 16 19 11 16 19 11 16 19 11 0 2 3 0 2 11 0 2 8 16 6 2 5 31 3 5 30 3 0 2 3 6 2 7 12 16 2 12 16 2 0 2 12 0 2 11 16 6 2 12 16 2 6 2 11 0 2 8 5 30 3 0 65.7647157311439514
0 2 11 8 9 2 16 6 2 16 19 11 16 19 12 16 9 8 0 2 11 8 18 2 17 9 2 1 2 8 6 2 7 0 2 3 0 2 3 5 31 3 5 30 3 0 2 8 0 2 3 5 30 3 16 6 2 0 2 3 0 2 8 1 2 11 5 30 3 5 30 3 12 16 2 0 2 11 1 2 11 0 2 12 0 2 3 0 2 3 12 16 2 0 2 7 0 2 3 16 19 11 0 2 3 0 2 11 1 2 7 0 2 8 5 30 3 0 2 3 0 2 7 0 2 7 0 2 11 0 2 3 5 30 3 5 30 3 0 2 11 6 2 11 0 2 3 0 2 11 0 2 3 0 2 11 0 2 8 5 30 3 6 2 7 12 16 2 12 16 2 0 2 10 0 2 7 0 2 7 0 66.3444889783859253
5 30 3 5 30 3 8 18 2 16 19 12 8 18 2 0 2 8 0 2 8 8 9 2 13 6 3 5 30 3 1 2 8 0 2 8 0 2 8 16 15 2 16 19 12 16 15 2 9 2 7 8 18 2 8 9 2 1 2 8 0 2 8 0 2 8 0 2 8 8 18 2 8 18 2 8 9 2 0 2 8 8 9 2 0 2 8 0 2 8 0 2 8 0 2 8 0 2 8 1 2 8 8 18 2 16 19 12 1 2 8 8 9 2 0 2 8 0 2 8 5 30 3 12 16 2 5 30 3 1 2 8 8 18 2 16 19 12 1 2 8 0 2 8 16 15 2 8 18 2 5 30 3 5 30 3 0 2 8 0 2 8 0 2 8 0 2 8 0 2 8 0 2 8 12 16 2 0 2 8 0.00639655959119833292 67.6501692533493042
1 2 7 12 16 2 5 31 3 5 30 3 0 2 7 12 16 2 5 30 3 6 2 7 12 16 2 0 2 7 0 2 7 0 2 7 0 2 7 0 2 7 16 6 2 0 2 3 16 19 11 5 31 3 0 2 7 0 2 7 0 2 7 0 2 7 0 2 7 1 2 7 12 16 2 16 19 11 0 2 7 1 2 7 1 2 7 16 6 2 17 9 2 0 2 7 8 18 2 0 2 7 0 2 7 5 30 3 0 2 7 8 9 2 0 2 7 1 2 7 0 2 7 0 2 7 5 30 3 5 30 3 1 2 7 0 2 3 8 18 2 0 2 7 0 2 7 0 2 7 0 2 11 5 30 3 0 2 7 0 2 7 16 19 11 1 2 7 0 2 7 0 2 7 0 2 7 16 19 11 0 63.3768720030784607
16 6 2 5 30 3 17 18 2 17 18 2 0 2 4 1 2 7 0 2 7 5 31 3 17 18 2 0 2 7 5 31 3 1 2 7 1 2 7 6 2 4 5 31 3 0 2 7 12 16 2 0 2 7 1 2 7 1 2 7 12 16 2 0 2 7 12 16 2 0 2 7 0 2 7 0 2 4 0 2 7 16 6 2 0 2 4 1 2 4 6 2 7 0 2 4 0 2 7 0 2 7 0 2 7 0 2 7 0 2 7 0 2 7 0 2 7 12 16 2 1 2 7 0 2 7 17 1 2 5 31 3 17 9 2 1 2 7 12 16 2 13 6 3 0 2 7 1 2 7 6 2 4 0 2 7 8 18 2 0 2 7 1 2 7 0 2 7 0 2 7 5 30 3 0 2 7 12 16 2 0 61.3927374482154846
1 2 7 12 16 2 5 30 3 5 30 3 0 2 7 12 16 2 5 30 3 0 2 7 16 6 2 1 2 7 0 2 7 1 2 3 0 2 7 0 2 7 16 6 2 0 2 7 16 19 11 5 31 3 1 2 4 0 2 3 0 2 7 1 2 7 1 2 7 0 2 7 0 2 7 16 19 11 0 2 7 0 2 3 0 2 7 1 2 7 17 18 2 1 2 7 0 2 7 0 2 3 0 2 7 5 30 3 0 2 7 17 9 2 0 2 7 0 2 3 0 2 7 1 2 7 1 2 3 1 2 7 1 2 3 8 9 2 17 18 2 1 2 7 13 6 3 0 2 3 0 2 4 12 16 2 0 2 3 0 2 3 8 9 2 1 2 7 0 2 7 0 2 7 0 2 3 1 2 7 0 62.107547402381897
12 16 2 5 31 3 5 30 3 16 6 2 17 18 2 0 2 7 0 2 4 1 2 4 0 2 7 1 2 7 5 31 3 12 16 2 1 2 7 17 9 2 0 2 4 0 2 7 0 2 7 0 2 7 0 2 7 0 2 4 0 2 7 0 2 7 1 2 11 1 2 7 5 31 3 16 9 11 16 6 2 8 9 2 0 2 3 0 2 3 1 2 4 0 2 7 1 2 7 0 2 7 0 2 7 1 2 7 1 2 4 0 2 7 12 16 2 0 2 4 0 2 7 16 18 11 0 2 3 0 2 3 0 2 3 12 16 2 0 2 3 1 2 3 17 18 2 0 2 7 1 2 4 1 2 7 1 2 11 1 2 4 0 2 7 5 30 3 1 2 7 0 2 7 0 2 7 0 2 7 0 62.2347755432128906
5 31 3 0 2 7 12 16 2 5 30 3 0 2 4 5 30 3 0 2 7 12 16 2 5 30 3 17 9 2 0 2 7 12 16 2 17 18 2 0 2 7 0 2 7 0 2 7 0 2 7 0 2 7 16 6 2 0 2 7 1 2 7 16 19 11 6 2 4 17 18 2 0 2 7 1 2 4 5 30 3 13 6 3 5 30 3 0 2 7 1 2 7 13 6 3 0 2 7 0 2 7 0 2 7 12 16 2 0 2 7 1 2 7 0 2 7 5 30 3 1 2 4 6 2 7 13 6 3 0 2 7 0 2 7 1 2 7 0 2 1 1 2 7 0 2 7 1 2 4 17 9 2 8 18 2 17 9 2 0 2 7 1 2 10 0 2 7 12 16 2 0 2 11 0 2 7 12 16 2 0 61.6197181940078735
0 2 7 17 18 2 17 9 2 0 2 7 0 2 7 0 2 7 5 30 3 17 18 2 0 2 7 5 30 3 1 2 7 0 2 7 5 30 3 1 2 7 12 16 2 6 2 4 0 2 7 1 2 11 12 16 2 1 2 11 0 2 4 0 2 4 1 2 4 0 2 11 1 2 7 0 2 11 0 2 4 1 2 7 1 2 7 0 2 4 0 2 7 0 2 7 12 16 2 1 2 7 1 2 7 16 6 2 5 31 3 1 2 7 0 2 7 12 16 2 0 2 7 1 2 4 0 2 7 8 9 2 0 2 4 1 2 7 0 2 7 0 2 7 1 2 4 1 2 7 0 2 4 0 2 7 0 2 7 13 6 3 5 31 3 17 9 2 0 2 7 17 18 2 17 9 2 13 6 3 0 60.8639945387840271

Current Evaluation = 1800(1800)
Front Size = 10
0 2 4 0 2 7 12 16 2 5 30 3 0 2 4 5 30 3 0 2 4 12 16 2 5 30 3 17 9 2 1 2 7 12 16 2 17 9 2 0 2 7 0 2 7 0 2 7 0 2 4 0 2 7 0 2 7 0 2 7 0 2 7 17 18 2 0 2 7 17 18 2 1 2 7 1 2 7 5 30 3 0 2 7 5 31 3 1 2 7 0 2 4 13 6 3 1 2 7 13 6 3 1 2 4 12 16 2 1 2 4 0 2 7 0 2 7 5 30 3 0 2 7 1 2 7 13 6 3 0 2 7 1 2 7 1 2 7 0 2 7 17 9 2 1 2 7 1 2 4 17 9 2 1 2 7 17 9 2 0 2 7 1 2 7 0 2 7 13 6 3 0 2 7 0 2 7 12 16 2 0 60.3347232341766357
0 2 11 8 9 2 16 6 2 16 19 11 16 19 12 16 9 8 0 2 11 8 18 2 17 9 2 1 2 8 6 2 7 0 2 3 0 2 3 5 31 3 5 30 3 0 2 8 0 2 3 5 30 3 16 6 2 0 2 3 0 2 8 1 2 11 5 30 3 5 30 3 12 16 2 0 2 11 1 2 11 0 2 12 0 2 3 0 2 3 12 16 2 0 2 7 0 2 3 16 19 11 0 2 3 0 2 11 1 2 7 0 2 8 5 30 3 0 2 3 0 2 7 0 2 7 0 2 11 0 2 3 5 30 3 5 30 3 0 2 11 6 2 11 0 2 3 0 2 11 0 2 3 0 2 11 0 2 8 5 30 3 6 2 7 12 16 2 12 16 2 0 2 10 0 2 7 0 2 7 0 66.3444889783859253
17 9 2 16 6 2 16 24 2 17 18 2 8 9 2 0 2 7 5 31 3 5 30 3 0 2 7 5 30 3 0 2 7 12 16 2 12 16 2 0 2 7 1 2 7 0 2 7 0 2 7 0 2 7 0 2 7 12 16 2 12 16 2 0 2 7 6 2 7 17 18 2 0 2 7 16 19 11 1 2 7 1 2 7 0 2 7 0 2 7 0 2 10 0 2 7 0 2 7 0 2 7 5 31 3 1 2 3 0 2 7 0 2 7 0 2 7 1 2 7 0 2 7 0 2 7 13 6 3 0 2 7 1 2 7 0 2 7 0 2 4 0 2 7 0 2 7 5 30 3 5 30 3 1 2 7 1 2 10 5 30 3 8 9 2 0 2 7 0 2 7 5 30 3 1 2 10 16 19 12 0 62.4938412308692932
12 16 2 5 30 3 5 30 3 17 18 2 0 2 4 1 2 4 1 2 11 12 16 2 0 2 7 1 2 7 1 2 7 0 2 7 0 2 7 16 32 2 8 9 2 0 2 7 1 2 7 12 16 2 0 2 7 0 2 4 0 2 3 12 16 2 0 2 7 1 2 7 5 31 3 8 9 2 0 2 4 0 2 7 0 2 7 1 2 7 1 2 7 0 2 7 0 2 4 0 2 4 0 2 7 1 2 7 5 31 3 16 19 11 1 2 7 0 2 3 1 2 7 1 2 7 0 2 3 0 2 7 1 2 7 1 2 4 16 9 11 0 2 4 1 2 7 5 30 3 17 18 2 17 18 2 0 2 7 0 2 7 0 2 7 0 2 3 17 9 2 0 2 4 1 2 7 0 2 7 0 62.0711265206336975
5 30 3 1 2 7 0 2 7 0 2 7 5 30 3 0 2 3 5 30 3 1 2 7 0 2 7 6 2 7 12 16 2 5 30 3 0 2 7 0 2 7 1 2 7 0 2 7 12 16 2 0 2 7 0 2 7 13 6 3 1 2 7 17 18 2 0 2 4 1 2 7 5 30 3 8 9 2 0 2 7 0 2 11 0 2 10 1 2 7 17 9 2 0 2 7 0 2 7 0 2 11 0 2 11 0 2 7 0 2 7 5 30 3 0 2 7 12 16 2 13 6 3 0 2 4 1 2 7 1 2 7 1 2 7 5 30 3 16 19 11 17 18 2 0 2 7 17 18 2 1 2 7 0 2 7 17 18 2 5 31 3 0 2 7 16 30 2 0 2 7 0 2 10 1 2 7 0 2 7 0 61.865136444568634
0 2 7 12 16 2 16 6 2 5 31 3 12 16 2 5 31 3 12 16 2 0 2 7 0 2 7 1 2 7 0 2 7 0 2 7 0 2 4 0 2 7 1 2 7 5 30 3 5 31 3 5 30 3 12 16 2 0 2 7 1 2 7 5 30 3 0 2 7 1 2 7 0 2 4 12 16 2 0 2 7 0 2 7 1 2 7 1 2 3 0 2 3 17 9 2 0 2 7 17 18 2 0 2 7 0 2 7 0 2 7 0 2 7 12 16 2 0 2 4 0 2 7 1 2 7 1 2 4 0 2 7 0 2 7 13 6 3 1 2 7 1 2 7 0 2 7 1 2 7 0 2 7 0 2 7 8 18 2 8 18 2 0 2 7 16 6 2 16 6 2 0 2 7 16 19 11 16 18 8 0 62.0405261516571045
5 30 3 16 6 2 16 19 11 8 18 2 8 9 2 0 2 7 5 30 3 5 30 3 0 2 7 5 30 3 0 2 7 12 16 2 12 16 2 0 2 7 0 2 7 1 2 3 0 2 7 0 2 7 0 2 7 12 16 2 12 16 2 0 2 11 1 2 11 0 2 7 16 19 11 0 2 7 16 6 2 1 2 7 0 2 7 17 9 2 0 2 7 16 6 2 0 2 3 1 2 7 1 2 7 5 31 3 0 2 7 1 2 7 0 2 7 0 2 7 5 30 3 1 2 7 16 19 11 0 2 7 0 2 7 5 30 3 0 2 7 0 2 7 0 2 7 0 2 7 0 2 7 1 2 3 0 2 7 0 2 3 0 2 7 8 18 2 0 2 7 0 2 7 8 18 2 5 30 3 0 63.2873029708862305
0 2 7 0 2 7 5 30 3 8 9 2 5 31 3 16 6 2 0 2 8 5 30 3 12 16 2 6 2 8 16 19 11 5 30 3 5 30 3 0 2 8 8 18 2 5 31 3 0 2 11 0 2 7 0 2 8 0 2 7 0 2 7 0 2 7 6 2 11 0 2 7 0 2 7 0 2 11 0 2 7 12 16 2 0 2 7 0 2 7 0 2 7 0 2 3 0 2 3 0 2 7 0 2 3 12 16 2 0 2 7 6 2 11 6 2 3 0 2 7 16 19 11 16 19 11 16 19 11 0 2 3 0 2 11 0 2 8 16 6 2 5 31 3 5 30 3 0 2 3 6 2 7 12 16 2 12 16 2 0 2 12 0 2 11 16 6 2 12 16 2 6 2 11 0 2 8 5 30 3 0 65.7647157311439514
0 2 7 0 2 7 5 30 3 8 9 2 5 31 3 16 6 2 5 30 3 12 16 2 5 30 3 5 30 3 8 18 2 5 31 3 0 2 7 0 2 7 0 2 7 0 2 7 0 2 7 0 2 7 0 2 7 12 16 2 0 2 7 0 2 7 0 2 7 0 2 7 12 16 2 0 2 7 0 2 7 16 6 2 5 30 3 6 2 7 12 16 2 12 16 2 16 6 2 12 16 2 1 2 7 6 2 8 16 19 11 0 2 8 17 1 2 0 2 8 13 6 3 0 2 11 0 2 7 0 2 7 1 2 7 1 2 3 6 2 3 0 2 7 17 18 2 0 2 7 1 2 7 0 2 11 0 2 8 17 18 2 0 2 7 0 2 4 0 2 11 0 2 7 1 2 7 5 30 3 1.04541163400040492e-06 63.1733464598655701
5 30 3 5 30 3 8 18 2 16 19 12 8 18 2 0 2 8 0 2 8 8 9 2 13 6 3 5 30 3 1 2 8 0 2 8 0 2 8 16 15 2 16 19 12 16 15 2 9 2 7 8 18 2 8 9 2 1 2 8 0 2 8 0 2 8 0 2 8 8 18 2 8 18 2 8 9 2 0 2 8 8 9 2 0 2 8 0 2 8 0 2 8 0 2 8 0 2 8 1 2 8 8 18 2 16 19 12 1 2 8 8 9 2 0 2 8 0 2 8 5 30 3 12 16 2 5 30 3 1 2 8 8 18 2 16 19 12 1 2 8 0 2 8 16 15 2 8 18 2 5 30 3 5 30 3 0 2 8 0 2 8 0 2 8 0 2 8 0 2 8 0 2 8 12 16 2 0 2 8 0.00639655959119833292 67.6501692533493042

Current Evaluation = 2700(2700)
Front Size = 10
1 2 7 0 2 4 12 16 2 5 30 3 0 2 4 5 30 3 0 2 4 12 16 2 5 30 3 17 9 2 1 2 7 12 16 2 17 9 2 0 2 7 0 2 7 0 2 7 1 2 7 0 2 7 0 2 7 0 2 4 0 2 4 17 18 2 0 2 7 17 18 2 1 2 7 1 2 7 0 2 7 0 2 7 5 31 3 1 2 7 0 2 7 13 6 3 1 2 7 13 6 3 1 2 4 12 16 2 1 2 4 0 2 7 0 2 7 5 30 3 0 2 7 1 2 4 13 6 3 0 2 7 1 2 7 1 2 7 0 2 7 17 9 2 1 2 7 1 2 4 17 9 2 1 2 7 17 9 2 0 2 7 1 2 7 0 2 7 13 6 3 0 2 7 0 2 7 12 16 2 0 59.9829763174057007
5 30 3 0 2 7 0 2 7 5 31 3 16 6 2 5 30 3 0 2 3 12 16 2 12 16 2 0 2 7 0 2 7 0 2 7 0 2 7 1 2 3 0 2 7 12 16 2 6 2 7 0 2 3 0 2 3 0 2 7 17 9 2 0 2 7 1 2 7 0 2 7 0 2 7 1 2 3 1 2 3 5 30 3 1 2 7 1 2 7 0 2 7 1 2 3 16 6 2 0 2 7 0 2 7 0 2 3 5 30 3 1 2 7 0 2 7 0 2 7 0 2 7 0 2 3 0 2 3 0 2 3 1 2 7 5 30 3 1 2 7 0 2 3 5 30 3 16 19 11 0 2 7 13 6 3 0 2 3 16 15 2 16 30 2 17 18 2 0 2 7 8 9 2 0 2 3 8 18 2 0 62.6250564455986023
0 2 7 0 2 7 5 30 3 8 9 2 5 31 3 16 6 2 0 2 8 5 30 3 12 16 2 6 2 8 16 19 11 5 30 3 5 30 3 0 2 8 8 18 2 5 31 3 0 2 11 0 2 7 0 2 8 0 2 7 0 2 7 0 2 7 6 2 11 0 2 7 0 2 7 0 2 11 0 2 7 12 16 2 0 2 7 0 2 7 0 2 7 0 2 3 0 2 3 0 2 7 0 2 3 12 16 2 0 2 7 6 2 11 6 2 3 0 2 7 16 19 11 16 19 11 16 19 11 0 2 3 0 2 11 0 2 8 16 6 2 5 31 3 5 30 3 0 2 3 6 2 7 12 16 2 12 16 2 0 2 12 0 2 11 16 6 2 12 16 2 6 2 11 0 2 8 5 30 3 0 65.7647157311439514
0 2 11 8 9 2 16 6 2 16 19 11 16 19 12 16 9 8 0 2 11 8 18 2 17 9 2 1 2 8 6 2 7 0 2 3 0 2 3 5 31 3 5 30 3 0 2 8 0 2 3 5 30 3 16 6 2 0 2 3 0 2 8 1 2 11 5 30 3 5 30 3 12 16 2 0 2 11 1 2 11 0 2 12 0 2 3 0 2 3 12 16 2 0 2 7 0 2 3 16 19 11 0 2 3 0 2 11 1 2 7 0 2 8 5 30 3 0 2 3 0 2 7 0 2 7 0 2 11 0 2 3 5 30 3 5 30 3 0 2 11 6 2 11 0 2 3 0 2 11 0 2 3 0 2 11 0 2 8 5 30 3 6 2 7 12 16 2 12 16 2 0 2 10 0 2 7 0 2 7 0 66.3444889783859253
5 30 3 0 2 7 0 2 7 0 2 7 5 30 3 0 2 7 5 30 3 0 2 7 1 2 7 5 30 3 0 2 7 6 2 1 12 16 2 0 2 7 0 2 7 17 18 2 5 30 3 1 2 7 1 2 7 0 2 7 0 2 7 0 2 7 0 2 11 0 2 4 1 2 7 0 2 7 0 2 7 12 16 2 0 2 7 0 2 7 1 2 7 0 2 7 1 2 7 0 2 7 1 2 7 5 30 3 0 2 7 17 18 2 13 6 3 1 2 7 13 6 3 0 2 7 17 18 2 17 9 2 0 2 7 1 2 4 1 2 11 0 2 7 0 2 7 8 9 2 0 2 7 5 31 3 5 31 3 16 6 2 1 2 7 0 2 7 0 2 7 17 18 2 1 2 7 16 30 2 0 61.2686153650283813
5 30 3 0 2 7 5 31 3 5 30 3 1 2 7 5 30 3 0 2 7 12 16 2 12 16 2 1 2 7 12 16 2 1 2 7 1 2 4 0 2 7 1 2 7 12 16 2 1 2 4 0 2 7 0 2 7 0 2 7 17 9 2 0 2 7 0 2 3 0 2 7 5 30 3 0 2 4 1 2 3 1 2 3 0 2 7 5 30 3 0 2 7 0 2 7 0 2 7 0 2 11 1 2 7 8 9 2 13 6 3 0 2 7 0 2 7 5 30 3 0 2 7 1 2 7 17 9 2 0 2 7 0 2 10 0 2 7 0 2 7 17 9 2 0 2 7 16 6 2 16 6 2 1 2 4 17 18 2 16 6 2 0 2 7 0 2 7 1 2 7 0 2 3 13 6 3 8 9 2 0 61.3717873096466064
0 2 11 16 6 2 0 2 11 17 9 2 6 2 7 0 2 3 5 31 3 5 30 3 5 30 3 16 6 2 5 30 3 5 30 3 12 16 2 0 2 11 12 16 2 0 2 7 1 2 7 5 30 3 0 2 7 0 2 7 5 30 3 12 16 2 0 2 7 0 2 7 17 9 2 0 2 7 16 19 12 13 6 3 8 18 2 1 2 8 0 2 3 0 2 8 1 2 7 0 2 7 0 2 8 1 2 11 1 2 11 0 2 12 0 2 7 0 2 3 5 31 3 16 19 11 0 2 7 0 2 11 1 2 7 0 2 3 0 2 11 0 2 3 5 30 3 16 6 2 0 2 7 1 2 7 1 2 7 0 2 3 0 2 11 0 2 8 0 2 7 1 2 7 12 16 2 0 2 10 1.47495009842598927e-05 64.3242056965827942
5 31 3 0 2 7 5 30 3 5 30 3 0 2 7 5 30 3 6 2 7 12 16 2 12 16 2 0 2 7 0 2 7 0 2 4 0 2 7 5 31 3 0 2 7 12 16 2 1 2 7 0 2 7 0 2 7 0 2 4 8 18 2 0 2 7 0 2 7 1 2 7 0 2 7 1 2 7 1 2 7 0 2 7 1 2 7 0 2 7 0 2 7 17 9 2 17 9 2 1 2 7 1 2 7 17 18 2 1 2 7 0 2 7 0 2 7 0 2 4 0 2 7 1 2 7 0 2 7 0 2 7 16 6 2 5 31 3 0 2 7 8 18 2 0 2 7 16 15 2 16 6 2 6 2 7 16 18 11 1 2 7 0 2 7 0 2 7 0 2 7 1 2 7 0 2 7 5 31 3 0 61.8078084588050842
0 2 7 0 2 3 12 16 2 5 30 3 0 2 7 12 16 2 1 2 7 1 2 7 0 2 7 0 2 7 0 2 7 0 2 7 5 30 3 0 2 3 12 16 2 5 30 3 5 30 3 0 2 11 0 2 7 1 2 7 0 2 7 12 16 2 0 2 7 1 2 7 8 18 2 0 2 3 0 2 7 0 2 7 13 6 3 1 2 7 0 2 7 0 2 7 0 2 7 0 2 7 1 2 7 17 9 2 16 6 2 16 6 2 0 2 3 0 2 3 0 2 1 1 2 7 1 2 7 17 18 2 0 2 3 8 18 2 0 2 7 0 2 7 1 2 7 16 19 11 1 2 7 5 30 3 17 18 2 0 2 4 12 16 2 5 30 3 8 9 2 16 6 2 5 30 3 13 6 3 0 62.1767221689224243
5 31 3 0 2 7 5 30 3 5 30 3 0 2 7 5 30 3 0 2 7 12 16 2 12 16 2 1 2 7 0 2 7 0 2 7 0 2 7 0 2 7 1 2 7 12 16 2 0 2 7 0 2 7 0 2 7 0 2 7 17 9 2 0 2 7 0 2 7 0 2 7 5 31 3 0 2 7 1 2 7 0 2 7 0 2 11 5 30 3 0 2 3 0 2 7 0 2 7 0 2 7 0 2 11 16 6 2 5 31 3 1 2 7 17 9 2 13 6 3 0 2 7 6 2 7 0 2 7 16 6 2 16 6 2 0 2 11 16 18 11 5 30 3 1 2 7 1 2 7 17 9 2 1 2 7 1 2 7 0 2 7 0 2 7 0 2 7 0 2 7 0 2 7 13 6 3 5 30 3 0 61.8799023628234863

Current Evaluation = 3600(3600)
Front Size = 10
1 2 7 0 2 7 12 16 2 5 30 3 0 2 7 0 2 7 0 2 4 12 16 2 5 30 3 17 9 2 1 2 7 12 16 2 17 9 2 0 2 7 0 2 7 0 2 7 1 2 7 0 2 7 1 2 7 0 2 4 0 2 4 17 18 2 0 2 7 17 18 2 1 2 7 1 2 7 0 2 7 0 2 7 5 30 3 1 2 7 0 2 4 13 6 3 1 2 7 13 6 3 1 2 4 12 16 2 1 2 4 0 2 7 0 2 7 5 31 3 0 2 7 1 2 4 13 6 3 0 2 7 1 2 7 1 2 7 0 2 7 17 9 2 1 2 7 1 2 7 17 9 2 1 2 7 17 9 2 0 2 7 1 2 4 0 2 7 13 6 3 0 2 7 0 2 7 12 16 2 0 59.7417813539505005
5 30 3 0 2 3 0 2 7 0 2 7 5 30 3 1 2 7 5 30 3 0 2 3 0 2 7 5 30 3 0 2 3 12 16 2 0 2 7 0 2 3 5 30 3 0 2 7 0 2 3 1 2 7 0 2 7 0 2 3 0 2 7 0 2 7 12 16 2 1 2 11 0 2 7 5 31 3 1 2 11 17 9 2 0 2 7 16 19 11 5 30 3 16 31 2 1 2 7 0 2 7 0 2 7 1 2 11 0 2 7 0 2 3 16 19 11 0 2 7 5 30 3 0 2 7 0 2 7 16 6 2 0 2 7 1 2 7 0 2 3 0 2 7 16 19 11 15 2 11 0 2 10 0 2 7 0 2 7 0 2 11 5 30 3 0 2 7 0 2 7 0 2 7 0 2 11 16 30 2 0 63.9024600982666016
0 2 11 8 9 2 16 6 2 16 19 11 16 19 12 16 9 8 0 2 11 8 18 2 17 9 2 1 2 8 6 2 7 0 2 3 0 2 3 5 31 3 5 30 3 0 2 8 0 2 3 5 30 3 16 6 2 0 2 3 0 2 8 1 2 11 5 30 3 5 30 3 12 16 2 0 2 11 1 2 11 0 2 12 0 2 3 0 2 3 12 16 2 0 2 7 0 2 3 16 19 11 0 2 3 0 2 11 1 2 7 0 2 8 5 30 3 0 2 3 0 2 7 0 2 7 0 2 11 0 2 3 5 30 3 5 30 3 0 2 11 6 2 11 0 2 3 0 2 11 0 2 3 0 2 11 0 2 8 5 30 3 6 2 7 12 16 2 12 16 2 0 2 10 0 2 7 0 2 7 0 66.3444889783859253
0 2 7 0 2 7 5 30 3 8 9 2 5 31 3 16 6 2 0 2 8 5 30 3 12 16 2 6 2 8 16 19 11 5 30 3 5 30 3 0 2 8 8 18 2 5 31 3 0 2 11 0 2 7 0 2 8 0 2 7 0 2 7 0 2 7 6 2 11 0 2 7 0 2 7 0 2 11 0 2 7 12 16 2 0 2 7 0 2 7 0 2 7 0 2 3 0 2 3 0 2 7 0 2 3 12 16 2 0 2 7 6 2 11 6 2 3 0 2 7 16 19 11 16 19 11 16 19 11 0 2 3 0 2 11 0 2 8 16 6 2 5 31 3 5 30 3 0 2 3 6 2 7 12 16 2 12 16 2 0 2 12 0 2 11 16 6 2 12 16 2 6 2 11 0 2 8 5 30 3 0 65.7647157311439514
1 2 7 0 2 7 0 2 7 5 31 3 5 30 3 0 2 7 5 30 3 0 2 7 0 2 7 5 31 3 0 2 7 12 16 2 0 2 4 0 2 4 0 2 7 0 2 4 0 2 7 1 2 7 0 2 3 0 2 7 12 16 2 6 2 3 5 31 3 17 9 2 1 2 7 1 2 7 0 2 7 1 2 7 0 2 7 16 6 2 0 2 7 0 2 3 1 2 7 0 2 7 6 2 7 0 2 3 0 2 7 0 2 7 16 6 2 5 30 3 0 2 7 1 2 7 16 18 11 5 31 3 17 18 2 0 2 7 1 2 3 6 2 7 1 2 11 16 6 2 0 2 7 0 2 7 17 18 2 0 2 7 1 2 11 13 6 3 1 2 7 0 2 7 0 2 7 12 16 2 0 61.8013123869895935
5 30 3 0 2 7 5 31 3 5 30 3 1 2 4 5 30 3 0 2 7 12 16 2 12 16 2 0 2 7 1 2 3 0 2 7 1 2 4 0 2 7 0 2 7 0 2 7 17 9 2 0 2 7 0 2 7 5 30 3 0 2 7 1 2 4 0 2 7 1 2 4 0 2 7 0 2 7 1 2 7 13 6 3 0 2 7 0 2 7 0 2 7 0 2 7 0 2 7 0 2 7 0 2 7 0 2 7 16 6 2 16 6 2 17 18 2 0 2 7 1 2 7 0 2 7 13 6 3 1 2 7 1 2 7 0 2 4 1 2 7 17 18 2 1 2 7 0 2 7 5 31 3 0 2 7 1 2 7 0 2 7 1 2 7 5 30 3 1 2 7 17 18 2 17 18 2 8 9 2 0 60.7123043537139893
0 2 7 0 2 7 12 16 2 5 31 3 0 2 7 12 16 2 6 2 7 0 2 7 0 2 7 1 2 7 0 2 7 0 2 7 5 30 3 1 2 11 12 16 2 5 30 3 5 30 3 5 31 3 0 2 7 0 2 7 0 2 7 12 16 2 0 2 7 6 2 7 0 2 7 0 2 11 13 6 3 1 2 7 0 2 7 0 2 7 0 2 7 0 2 11 1 2 7 17 9 2 16 6 2 16 6 2 1 2 7 17 18 2 0 2 11 0 2 11 5 30 3 0 2 7 5 30 3 8 9 2 16 32 2 13 6 3 8 18 2 0 2 7 0 2 7 0 2 7 0 2 7 0 2 7 6 2 7 1 2 7 17 9 2 17 9 2 1 2 7 1 2 11 12 16 2 5 30 3 0 61.9890434145927429
5 30 3 0 2 7 0 2 7 5 31 3 16 6 2 5 30 3 0 2 3 12 16 2 12 16 2 0 2 7 0 2 7 0 2 7 0 2 7 1 2 3 0 2 7 12 16 2 6 2 7 0 2 3 0 2 3 0 2 7 17 9 2 0 2 7 1 2 7 0 2 7 0 2 7 1 2 3 1 2 3 5 30 3 1 2 7 1 2 7 0 2 7 1 2 3 16 6 2 0 2 7 0 2 7 0 2 3 5 30 3 1 2 7 0 2 7 0 2 7 0 2 7 0 2 3 0 2 3 0 2 3 1 2 7 5 30 3 1 2 7 0 2 3 5 30 3 16 19 11 0 2 7 13 6 3 0 2 3 16 15 2 16 30 2 17 18 2 0 2 7 8 9 2 0 2 3 8 18 2 0 62.6250564455986023
0 2 7 12 16 2 5 30 3 8 18 2 12 16 2 5 30 3 17 9 2 0 2 7 12 16 2 17 9 2 0 2 7 1 2 7 1 2 7 1 2 7 0 2 7 0 2 7 0 2 7 1 2 7 1 2 7 0 2 7 0 2 7 5 30 3 0 2 7 13 6 3 13 6 3 0 2 7 13 6 3 0 2 4 0 2 7 5 30 3 0 2 7 0 2 7 1 2 7 0 2 4 17 9 2 1 2 7 0 2 7 0 2 7 1 2 7 16 30 2 5 30 3 0 2 7 0 2 7 0 2 7 17 18 2 8 18 2 5 30 3 12 16 2 0 2 7 5 30 3 0 2 7 16 15 2 0 2 7 1 2 3 1 2 7 1 2 7 17 9 2 0 2 7 0 2 7 1 2 7 0 60.8068711757659912
5 30 3 0 2 7 0 2 7 5 30 3 0 2 7 0 2 4 12 16 2 0 2 7 1 2 7 1 2 7 0 2 7 12 16 2 0 2 7 1 2 7 0 2 7 17 9 2 0 2 4 1 2 7 0 2 3 0 2 3 1 2 7 1 2 7 0 2 7 0 2 7 1 2 4 16 30 2 0 2 7 0 2 3 0 2 7 0 2 7 0 2 7 0 2 7 5 30 3 1 2 7 5 30 3 0 2 7 17 18 2 1 2 7 17 18 2 1 2 7 1 2 7 1 2 3 0 2 3 12 16 2 5 31 3 1 2 7 0 2 7 16 30 2 5 31 3 0 2 7 1 2 7 13 6 3 16 19 11 17 18 2 0 2 7 1 2 3 0 2 7 0 2 3 13 6 3 0 2 7 0 61.2769595384597778

Current Evaluation = 4500(4500)
Front Size = 10
1 2 7 0 2 7 12 16 2 5 30 3 0 2 7 0 2 7 0 2 4 12 16 2 5 30 3 17 9 2 1 2 7 12 16 2 17 9 2 0 2 7 0 2 7 0 2 7 1 2 7 0 2 7 1 2 7 0 2 4 0 2 4 17 18 2 0 2 7 17 18 2 1 2 7 1 2 7 0 2 7 0 2 7 5 30 3 1 2 7 0 2 4 13 6 3 1 2 7 13 6 3 1 2 4 12 16 2 1 2 4 0 2 7 0 2 7 5 31 3 0 2 7 1 2 4 13 6 3 0 2 7 1 2 7 1 2 7 0 2 7 17 9 2 1 2 7 1 2 7 17 9 2 1 2 7 17 9 2 0 2 7 1 2 4 0 2 7 13 6 3 0 2 7 0 2 7 12 16 2 0 59.7417813539505005
0 2 7 1 2 7 1 2 7 5 30 3 5 30 3 0 2 7 5 30 3 1 2 7 0 2 7 12 16 2 5 31 3 0 2 7 6 2 4 0 2 7 1 2 7 5 31 3 0 2 7 12 16 2 1 2 7 5 30 3 17 9 2 0 2 7 5 31 3 0 2 7 0 2 7 16 6 2 0 2 7 0 2 7 0 2 7 0 2 7 0 2 7 0 2 7 16 31 2 0 2 7 0 2 7 5 31 3 17 18 2 6 2 7 1 2 7 1 2 7 0 2 7 0 2 4 1 2 7 13 6 3 0 2 7 0 2 7 0 2 7 12 16 2 0 2 7 0 2 7 0 2 7 6 2 7 0 2 7 17 18 2 0 2 7 16 19 11 1 2 7 0 2 7 16 30 2 1 2 7 0 61.5074654221534729
5 30 3 0 2 7 1 2 7 5 30 3 0 2 7 12 16 2 0 2 7 0 2 7 12 16 2 1 2 7 0 2 4 0 2 3 0 2 7 0 2 7 1 2 4 0 2 7 0 2 7 0 2 3 0 2 7 0 2 7 0 2 4 5 30 3 5 30 3 0 2 7 0 2 7 12 16 2 5 31 3 5 31 3 16 19 11 0 2 7 1 2 7 0 2 7 0 2 3 1 2 3 1 2 4 0 2 3 0 2 7 0 2 7 16 19 11 16 6 2 0 2 3 16 30 2 0 2 7 0 2 11 17 18 2 0 2 3 15 2 11 6 2 7 1 2 3 0 2 7 16 6 2 1 2 3 5 30 3 17 9 2 12 16 2 0 2 7 1 2 7 0 2 7 13 6 3 0 2 3 0 62.7601343989372253
1 2 7 1 2 7 13 6 3 5 30 3 0 2 7 0 2 7 12 16 2 5 30 3 8 9 2 1 2 7 12 16 2 17 9 2 0 2 7 0 2 7 0 2 7 17 9 2 0 2 11 1 2 7 17 9 2 1 2 7 0 2 7 0 2 7 0 2 7 0 2 7 5 30 3 13 6 3 13 6 3 12 16 2 0 2 7 0 2 7 5 30 3 0 2 7 0 2 7 1 2 7 16 30 2 0 2 7 0 2 7 0 2 7 0 2 7 1 2 7 0 2 7 5 31 3 0 2 7 17 9 2 1 2 7 1 2 7 0 2 11 16 6 2 0 2 7 5 31 3 5 30 3 0 2 7 1 2 7 5 30 3 0 2 7 1 2 7 0 2 7 17 9 2 0 2 7 1 2 7 0 60.9934813976287842
5 30 3 0 2 7 5 31 3 5 30 3 1 2 7 5 30 3 0 2 7 12 16 2 1 2 3 0 2 7 1 2 7 0 2 7 1 2 4 0 2 7 0 2 7 0 2 7 17 9 2 0 2 7 0 2 7 5 30 3 0 2 7 1 2 7 0 2 7 1 2 7 0 2 7 0 2 7 1 2 7 13 6 3 0 2 7 0 2 7 0 2 7 0 2 7 0 2 7 0 2 7 0 2 7 0 2 7 16 6 2 16 6 2 17 18 2 0 2 7 1 2 7 0 2 7 13 6 3 1 2 7 1 2 7 0 2 4 1 2 7 17 18 2 1 2 7 0 2 7 5 31 3 0 2 7 1 2 7 0 2 7 1 2 7 5 30 3 1 2 7 17 18 2 17 18 2 8 9 2 0 60.5539543628692627
0 2 11 8 9 2 16 6 2 16 19 11 16 19 12 16 9 8 0 2 11 8 18 2 17 9 2 1 2 8 6 2 7 0 2 3 0 2 3 5 31 3 5 30 3 0 2 8 0 2 3 5 30 3 16 6 2 0 2 3 0 2 8 1 2 11 5 30 3 5 30 3 12 16 2 0 2 11 1 2 11 0 2 12 0 2 3 0 2 3 12 16 2 0 2 7 0 2 3 16 19 11 0 2 3 0 2 11 1 2 7 0 2 8 5 30 3 0 2 3 0 2 7 0 2 7 0 2 11 0 2 3 5 30 3 5 30 3 0 2 11 6 2 11 0 2 3 0 2 11 0 2 3 0 2 11 0 2 8 5 30 3 6 2 7 12 16 2 12 16 2 0 2 10 0 2 7 0 2 7 0 66.3444889783859253
0 2 7 0 2 7 12 16 2 5 31 3 0 2 7 12 16 2 6 2 7 0 2 7 0 2 7 1 2 7 0 2 7 0 2 7 5 30 3 1 2 11 12 16 2 5 30 3 5 30 3 5 31 3 0 2 7 0 2 7 0 2 7 12 16 2 0 2 7 6 2 7 0 2 7 0 2 11 13 6 3 1 2 7 0 2 7 0 2 7 0 2 7 0 2 11 1 2 7 17 9 2 16 6 2 16 6 2 1 2 7 17 18 2 0 2 11 0 2 11 5 30 3 0 2 7 5 30 3 8 9 2 16 32 2 13 6 3 8 18 2 0 2 7 0 2 7 0 2 7 0 2 7 0 2 7 6 2 7 1 2 7 17 9 2 17 9 2 1 2 7 1 2 11 12 16 2 5 30 3 0 61.9890434145927429
0 2 7 0 2 7 5 30 3 8 9 2 5 31 3 16 6 2 0 2 8 5 30 3 12 16 2 6 2 8 16 19 11 5 30 3 5 30 3 0 2 8 8 18 2 5 31 3 0 2 11 0 2 7 0 2 8 0 2 7 0 2 7 0 2 7 6 2 11 0 2 7 0 2 7 0 2 11 0 2 7 12 16 2 0 2 7 0 2 7 0 2 7 0 2 3 0 2 3 0 2 7 0 2 3 12 16 2 0 2 7 6 2 11 6 2 3 0 2 7 16 19 11 16 19 11 16 19 11 0 2 3 0 2 11 0 2 8 16 6 2 5 31 3 5 30 3 0 2 3 6 2 7 12 16 2 12 16 2 0 2 12 0 2 11 16 6 2 12 16 2 6 2 11 0 2 8 5 30 3 0 65.7647157311439514
0 2 7 0 2 7 0 2 7 5 30 3 5 30 3 0 2 7 5 30 3 0 2 3 0 2 3 5 31 3 0 2 7 12 16 2 0 2 7 0 2 3 0 2 7 0 2 7 0 2 7 1 2 7 0 2 7 0 2 7 12 16 2 1 2 7 5 31 3 17 9 2 1 2 7 1 2 7 0 2 4 1 2 11 0 2 4 16 6 2 0 2 7 0 2 7 1 2 7 17 9 2 1 2 7 0 2 7 0 2 3 0 2 7 16 6 2 5 30 3 0 2 7 1 2 7 16 9 11 5 31 3 17 18 2 0 2 7 1 2 4 1 2 7 1 2 7 16 6 2 0 2 7 0 2 7 8 18 2 0 2 7 1 2 7 13 6 3 6 2 7 0 2 7 0 2 7 12 16 2 0 61.6726523637771606
5 30 3 0 2 7 0 2 7 5 30 3 0 2 7 12 16 2 0 2 7 1 2 7 12 16 2 1 2 7 0 2 7 0 2 7 0 2 7 0 2 4 0 2 7 17 9 2 0 2 7 0 2 7 5 30 3 5 30 3 1 2 7 0 2 7 12 16 2 0 2 7 8 9 2 0 2 7 1 2 7 0 2 7 0 2 7 16 15 2 1 2 7 17 18 2 0 2 7 5 30 3 17 9 2 12 16 2 0 2 7 1 2 7 1 2 7 13 6 3 0 2 7 1 2 7 8 18 2 5 30 3 5 30 3 8 9 2 0 2 7 8 18 2 0 2 4 0 2 7 16 15 2 0 2 7 1 2 7 0 2 7 0 2 7 1 2 7 17 18 2 16 6 2 8 9 2 0 2 7 0 61.70644211769104

Current Evaluation = 5400(5400)
Front Size = 10
1 2 7 0 2 7 12 16 2 5 30 3 0 2 7 0 2 7 0 2 4 12 16 2 5 30 3 17 9 2 1 2 7 12 16 2 17 9 2 0 2 7 0 2 7 0 2 7 1 2 7 0 2 7 1 2 7 0 2 4 0 2 4 17 18 2 0 2 7 17 18 2 1 2 7 1 2 7 0 2 7 0 2 7 5 30 3 1 2 7 0 2 4 13 6 3 1 2 7 13 6 3 1 2 4 12 16 2 1 2 4 0 2 7 0 2 7 5 31 3 0 2 7 1 2 4 13 6 3 0 2 7 1 2 7 1 2 7 0 2 7 17 9 2 1 2 7 1 2 7 17 9 2 1 2 7 17 9 2 0 2 7 1 2 4 0 2 7 13 6 3 0 2 7 0 2 7 12 16 2 0 59.7417813539505005
0 2 7 1 2 7 1 2 7 5 30 3 5 30 3 0 2 7 5 30 3 1 2 7 0 2 7 12 16 2 5 31 3 0 2 7 6 2 4 0 2 7 1 2 7 5 31 3 0 2 7 12 16 2 1 2 7 5 30 3 17 9 2 0 2 7 5 31 3 0 2 7 0 2 7 16 6 2 0 2 7 0 2 7 0 2 7 0 2 7 0 2 7 0 2 7 16 31 2 0 2 7 0 2 7 5 31 3 17 18 2 6 2 7 1 2 7 1 2 7 0 2 7 0 2 4 1 2 7 13 6 3 0 2 7 0 2 7 0 2 7 12 16 2 0 2 7 0 2 7 0 2 7 6 2 7 0 2 7 17 18 2 0 2 7 16 19 11 1 2 7 0 2 7 16 30 2 1 2 7 0 61.5074654221534729
0 2 3 0 2 3 0 2 7 5 30 3 5 30 3 0 2 7 5 31 3 1 2 7 0 2 7 12 16 2 5 31 3 0 2 3 0 2 7 0 2 3 0 2 7 0 2 7 12 16 2 5 30 3 17 18 2 1 2 3 0 2 7 0 2 7 16 6 2 0 2 7 0 2 7 0 2 7 0 2 4 1 2 7 1 2 7 1 2 3 0 2 3 17 18 2 0 2 7 1 2 7 0 2 3 13 6 3 1 2 7 0 2 3 1 2 4 16 9 11 1 2 4 0 2 3 1 2 3 5 30 3 16 30 2 16 19 11 12 16 2 0 2 3 1 2 3 0 2 7 0 2 3 0 2 7 5 30 3 0 2 7 0 2 7 1 2 7 0 2 7 0 2 7 16 30 2 1 2 7 0 62.5345326066017151
5 30 3 0 2 7 0 2 7 5 30 3 0 2 7 12 16 2 0 2 7 1 2 7 12 16 2 1 2 7 0 2 7 0 2 7 0 2 7 0 2 4 0 2 7 17 9 2 0 2 7 0 2 7 5 30 3 5 30 3 1 2 7 0 2 7 12 16 2 0 2 7 8 9 2 0 2 7 1 2 7 0 2 7 0 2 7 16 15 2 1 2 7 17 18 2 0 2 7 5 30 3 17 9 2 12 16 2 0 2 7 1 2 7 1 2 7 13 6 3 0 2 7 1 2 7 8 18 2 5 30 3 5 30 3 8 9 2 0 2 7 8 18 2 0 2 4 0 2 7 16 15 2 0 2 7 1 2 7 0 2 7 0 2 7 1 2 7 17 18 2 16 6 2 8 9 2 0 2 7 0 61.70644211769104
5 31 3 0 2 7 0 2 7 5 30 3 0 2 7 12 16 2 0 2 7 0 2 7 12 16 2 1 2 7 1 2 7 0 2 7 1 2 7 1 2 7 0 2 7 17 9 2 0 2 7 0 2 7 5 31 3 1 2 7 0 2 7 12 16 2 1 2 7 0 2 7 0 2 7 0 2 7 1 2 7 1 2 7 17 18 2 6 2 7 17 9 2 12 16 2 0 2 7 1 2 7 6 2 7 13 6 3 1 2 7 1 2 7 0 2 7 0 2 7 1 2 7 0 2 7 6 2 7 5 31 3 17 9 2 1 2 7 13 6 3 17 18 2 0 2 7 0 2 7 17 9 2 1 2 4 0 2 7 16 15 2 1 2 7 0 2 7 0 2 7 0 2 7 0 2 7 13 6 3 0 60.0940085053443909
5 30 3 0 2 7 5 31 3 5 30 3 1 2 7 5 30 3 0 2 7 12 16 2 1 2 3 0 2 7 1 2 7 0 2 7 1 2 4 0 2 7 0 2 7 0 2 7 17 9 2 0 2 7 0 2 7 5 30 3 0 2 7 1 2 7 0 2 7 1 2 7 0 2 7 0 2 7 1 2 7 13 6 3 0 2 7 0 2 7 0 2 7 0 2 7 0 2 7 0 2 7 0 2 7 0 2 7 16 6 2 16 6 2 17 18 2 0 2 7 1 2 7 0 2 7 13 6 3 1 2 7 1 2 7 0 2 4 1 2 7 17 18 2 1 2 7 0 2 7 5 31 3 0 2 7 1 2 7 0 2 7 1 2 7 5 30 3 1 2 7 17 18 2 17 18 2 8 9 2 0 60.5539543628692627
0 2 7 0 2 7 12 16 2 5 31 3 0 2 7 12 16 2 6 2 7 0 2 7 0 2 7 1 2 7 0 2 7 0 2 7 5 30 3 1 2 11 12 16 2 5 30 3 5 30 3 5 31 3 0 2 7 0 2 7 0 2 7 12 16 2 0 2 7 6 2 7 0 2 7 0 2 11 13 6 3 1 2 7 0 2 7 0 2 7 0 2 7 0 2 11 1 2 7 17 9 2 16 6 2 16 6 2 1 2 7 17 18 2 0 2 11 0 2 11 5 30 3 0 2 7 5 30 3 8 9 2 16 32 2 13 6 3 8 18 2 0 2 7 0 2 7 0 2 7 0 2 7 0 2 7 6 2 7 1 2 7 17 9 2 17 9 2 1 2 7 1 2 11 12 16 2 5 30 3 0 61.9890434145927429
1 2 7 0 2 7 5 30 3 5 30 3 1 2 7 5 31 3 1 2 7 12 16 2 1 2 7 0 2 3 0 2 7 0 2 7 1 2 4 0 2 7 0 2 7 1 2 7 17 9 2 0 2 7 1 2 7 5 30 3 12 16 2 1 2 7 0 2 7 0 2 7 0 2 7 0 2 7 6 2 7 13 6 3 0 2 7 0 2 7 0 2 7 0 2 7 1 2 7 16 15 2 8 18 2 0 2 7 13 6 3 0 2 7 1 2 7 0 2 4 17 18 2 5 31 3 12 16 2 0 2 7 0 2 7 16 30 2 0 2 7 1 2 7 1 2 7 0 2 7 0 2 4 0 2 7 1 2 7 0 2 7 0 2 4 5 30 3 17 9 2 17 18 2 17 18 2 1 2 7 0 60.702563464641571
0 2 7 0 2 7 5 30 3 8 9 2 5 31 3 16 6 2 0 2 8 5 30 3 12 16 2 6 2 8 16 19 11 5 30 3 5 30 3 0 2 8 8 18 2 5 31 3 0 2 11 0 2 7 0 2 8 0 2 7 0 2 7 0 2 7 6 2 11 0 2 7 0 2 7 0 2 11 0 2 7 12 16 2 0 2 7 0 2 7 0 2 7 0 2 3 0 2 3 0 2 7 0 2 3 12 16 2 0 2 7 6 2 11 6 2 3 0 2 7 16 19 11 16 19 11 16 19 11 0 2 3 0 2 11 0 2 8 16 6 2 5 31 3 5 30 3 0 2 3 6 2 7 12 16 2 12 16 2 0 2 12 0 2 11 16 6 2 12 16 2 6 2 11 0 2 8 5 30 3 0 65.7647157311439514
1 2 7 1 2 7 13 6 3 5 30 3 0 2 7 0 2 7 12 16 2 5 30 3 8 9 2 1 2 7 12 16 2 17 9 2 0 2 7 0 2 7 0 2 7 17 9 2 0 2 11 1 2 7 17 9 2 1 2 7 0 2 7 0 2 7 0 2 7 0 2 7 5 30 3 13 6 3 13 6 3 12 16 2 0 2 7 0 2 7 5 30 3 0 2 7 0 2 7 1 2 7 16 30 2 0 2 7 0 2 7 0 2 7 0 2 7 0 2 7 0 2 7 5 31 3 0 2 7 17 9 2 1 2 7 1 2 7 0 2 7 16 6 2 1 2 7 5 31 3 5 30 3 0 2 7 1 2 11 5 30 3 0 2 7 1 2 7 0 2 7 17 9 2 0 2 7 1 2 7 0 60.9934812784194946

Current Evaluation = 6300(6300)
Front Size = 10
1 2 7 0 2 7 12 16 2 5 30 3 0 2 7 0 2 7 0 2 4 12 16 2 5 30 3 17 9 2 1 2 7 12 16 2 17 9 2 0 2 7 0 2 7 0 2 7 1 2 7 0 2 7 1 2 7 0 2 4 0 2 4 17 18 2 0 2 7 17 18 2 1 2 7 1 2 7 0 2 7 0 2 7 5 30 3 1 2 7 0 2 4 13 6 3 1 2 7 13 6 3 1 2 4 12 16 2 1 2 4 0 2 7 0 2 7 5 31 3 0 2 7 1 2 4 13 6 3 0 2 7 1 2 7 1 2 7 0 2 7 17 9 2 1 2 7 1 2 7 17 9 2 1 2 7 17 9 2 0 2 7 1 2 4 0 2 7 13 6 3 0 2 7 0 2 7 12 16 2 0 59.7417813539505005
0 2 7 0 2 7 5 30 3 8 9 2 5 31 3 16 6 2 0 2 8 5 30 3 12 16 2 6 2 8 16 19 11 5 30 3 5 30 3 0 2 8 8 18 2 5 31 3 0 2 11 0 2 7 0 2 8 0 2 7 0 2 7 0 2 7 6 2 11 0 2 7 0 2 7 0 2 11 0 2 7 12 16 2 0 2 7 0 2 7 0 2 7 0 2 3 0 2 3 0 2 7 0 2 3 12 16 2 0 2 7 6 2 11 6 2 3 0 2 7 16 19 11 16 19 11 16 19 11 0 2 3 0 2 11 0 2 8 16 6 2 5 31 3 5 30 3 0 2 3 6 2 7 12 16 2 12 16 2 0 2 12 0 2 11 16 6 2 12 16 2 6 2 11 0 2 8 5 30 3 0 65.7647157311439514
0 2 7 17 9 2 5 30 3 1 2 7 6 2 7 12 16 2 5 30 3 17 9 2 1 2 7 12 16 2 17 9 2 0 2 7 0 2 7 0 2 7 1 2 7 0 2 7 1 2 7 0 2 7 0 2 7 1 2 7 0 2 7 0 2 7 5 30 3 0 2 7 13 6 3 0 2 7 13 6 3 0 2 7 0 2 7 5 30 3 0 2 7 0 2 7 5 31 3 0 2 7 0 2 7 1 2 7 16 6 2 8 18 2 0 2 7 12 16 2 5 30 3 5 30 3 0 2 7 0 2 7 0 2 7 0 2 7 6 2 7 0 2 7 0 2 7 0 2 7 1 2 7 0 2 7 16 6 2 17 1 2 17 9 2 1 2 4 0 2 7 5 31 3 12 16 2 1 2 7 0 61.2004891633987427
5 30 3 0 2 7 5 31 3 5 30 3 6 2 7 0 2 11 12 16 2 0 2 7 1 2 11 0 2 7 1 2 7 0 2 7 1 2 7 0 2 7 0 2 7 1 2 7 0 2 7 1 2 7 1 2 7 0 2 4 1 2 7 0 2 7 1 2 7 13 6 3 0 2 7 0 2 7 0 2 7 0 2 7 0 2 11 0 2 7 0 2 7 0 2 7 17 18 2 1 2 7 0 2 7 0 2 4 1 2 7 1 2 7 0 2 7 17 18 2 1 2 7 1 2 7 13 6 3 12 16 2 5 31 3 5 31 3 5 31 3 17 9 2 12 16 2 1 2 7 16 30 2 6 2 4 0 2 7 0 2 7 0 2 7 0 2 7 17 9 2 0 2 7 16 6 2 17 18 2 0 60.8316696882247925
0 2 3 0 2 3 0 2 7 5 30 3 5 30 3 0 2 7 5 31 3 1 2 7 0 2 7 12 16 2 5 31 3 0 2 3 0 2 7 0 2 3 0 2 7 0 2 7 12 16 2 5 30 3 17 18 2 1 2 3 0 2 7 0 2 7 16 6 2 0 2 7 0 2 7 0 2 7 0 2 4 1 2 7 1 2 7 1 2 3 0 2 3 17 18 2 0 2 7 1 2 7 0 2 3 13 6 3 1 2 7 0 2 3 1 2 4 16 9 11 1 2 4 0 2 3 1 2 3 5 30 3 16 30 2 16 19 11 12 16 2 0 2 3 1 2 3 0 2 7 0 2 3 0 2 7 5 30 3 0 2 7 0 2 7 1 2 7 0 2 7 0 2 7 16 30 2 1 2 7 0 62.5345326066017151
1 2 7 0 2 7 12 16 2 5 31 3 0 2 7 8 18 2 12 16 2 17 9 2 1 2 7 12 16 2 17 9 2 1 2 7 0 2 7 0 2 7 1 2 7 0 2 7 1 2 7 17 18 2 1 2 7 17 18 2 1 2 7 0 2 7 0 2 7 0 2 7 1 2 7 13 6 3 1 2 7 13 6 3 1 2 7 12 16 2 0 2 7 0 2 7 5 31 3 0 2 7 13 6 3 0 2 7 1 2 7 1 2 7 0 2 7 17 9 2 0 2 7 1 2 7 17 9 2 1 2 7 0 2 7 0 2 7 0 2 7 0 2 7 0 2 7 0 2 7 0 2 7 0 2 7 5 30 3 0 2 7 1 2 7 1 2 7 1 2 7 0 2 7 1 2 7 16 15 2 0 59.947460412979126
0 2 7 5 30 3 5 30 3 1 2 7 5 31 3 1 2 7 0 2 7 12 16 2 5 31 3 0 2 7 0 2 7 0 2 3 12 16 2 5 30 3 0 2 3 0 2 3 16 6 2 0 2 7 0 2 7 0 2 7 1 2 7 0 2 7 0 2 3 0 2 7 13 6 3 1 2 7 0 2 3 1 2 7 12 16 2 0 2 7 0 2 7 1 2 7 1 2 7 0 2 3 1 2 7 0 2 7 0 2 3 1 2 7 17 9 2 1 2 3 0 2 7 0 2 7 17 9 2 1 2 3 0 2 7 0 2 3 1 2 7 17 9 2 0 2 7 16 6 2 12 16 2 1 2 7 0 2 7 1 2 7 0 2 7 16 19 11 13 6 3 0 2 7 8 18 2 16 6 2 0 61.584882378578186
0 2 7 0 2 7 12 16 2 5 30 3 0 2 7 12 16 2 1 2 7 0 2 4 0 2 7 8 18 2 0 2 7 5 30 3 12 16 2 0 2 7 5 30 3 0 2 7 0 2 7 0 2 7 12 16 2 1 2 7 0 2 7 13 6 3 1 2 11 0 2 7 16 19 11 0 2 3 0 2 7 5 30 3 0 2 7 17 18 2 1 2 7 13 6 3 0 2 7 0 2 7 5 30 3 0 2 7 17 9 2 17 9 2 0 2 7 12 16 2 0 2 7 1 2 7 17 9 2 1 2 7 0 2 7 6 2 7 16 15 2 1 2 7 0 2 7 1 2 7 0 2 4 5 30 3 17 18 2 13 6 3 8 18 2 1 2 7 1 2 7 0 2 7 1 2 7 0 2 7 0 61.2411460280418396
5 30 3 0 2 7 5 31 3 5 30 3 1 2 7 5 30 3 0 2 7 12 16 2 1 2 3 0 2 7 1 2 7 0 2 7 1 2 4 0 2 7 0 2 7 0 2 7 17 9 2 0 2 7 0 2 7 5 30 3 0 2 7 1 2 7 0 2 7 1 2 7 0 2 7 0 2 7 1 2 7 13 6 3 0 2 7 0 2 7 0 2 7 0 2 7 0 2 7 0 2 7 0 2 7 0 2 7 16 6 2 16 6 2 17 18 2 0 2 7 1 2 7 0 2 7 13 6 3 1 2 7 1 2 7 0 2 4 1 2 7 17 18 2 1 2 7 0 2 7 5 31 3 0 2 7 1 2 7 0 2 7 1 2 7 5 30 3 1 2 7 17 18 2 17 18 2 8 9 2 0 60.5539543628692627
5 31 3 1 2 4 0 2 7 0 2 7 12 16 2 0 2 4 1 2 7 1 2 3 0 2 7 1 2 7 1 2 7 0 2 7 17 9 2 0 2 4 1 2 7 0 2 7 1 2 7 1 2 7 0 2 7 0 2 7 0 2 7 1 2 7 17 18 2 0 2 4 0 2 7 1 2 7 1 2 4 1 2 7 0 2 7 0 2 4 0 2 7 6 2 7 13 6 3 17 18 2 0 2 7 0 2 7 0 2 7 0 2 4 0 2 7 12 16 2 1 2 7 12 16 2 12 16 2 1 2 7 5 30 3 17 18 2 17 9 2 1 2 7 17 9 2 13 6 3 5 30 3 0 2 3 5 31 3 13 6 3 0 2 4 0 2 4 0 2 7 1 2 3 16 6 2 12 16 2 0 60.2567535042762756

Current Evaluation = 7200(7200)
Front Size = 10
1 2 7 0 2 7 12 16 2 5 30 3 0 2 7 0 2 7 0 2 4 12 16 2 5 30 3 17 9 2 1 2 7 12 16 2 17 9 2 0 2 7 0 2 7 0 2 7 1 2 7 0 2 7 1 2 7 0 2 4 0 2 4 17 18 2 0 2 7 17 18 2 1 2 7 1 2 7 0 2 7 0 2 7 5 30 3 1 2 7 0 2 4 13 6 3 1 2 7 13 6 3 1 2 4 12 16 2 1 2 4 0 2 7 0 2 7 5 31 3 0 2 7 1 2 4 13 6 3 0 2 7 1 2 7 1 2 7 0 2 7 17 9 2 1 2 7 1 2 7 17 9 2 1 2 7 17 9 2 0 2 7 1 2 4 0 2 7 13 6 3 0 2 7 0 2 7 12 16 2 0 59.7417813539505005
0 2 7 0 2 7 5 30 3 8 9 2 5 31 3 16 6 2 0 2 8 5 30 3 12 16 2 6 2 8 16 19 11 5 30 3 5 30 3 0 2 8 8 18 2 5 31 3 0 2 11 0 2 7 0 2 8 0 2 7 0 2 7 0 2 7 6 2 11 0 2 7 0 2 7 0 2 11 0 2 7 12 16 2 0 2 7 0 2 7 0 2 7 0 2 3 0 2 3 0 2 7 0 2 3 12 16 2 0 2 7 6 2 11 6 2 3 0 2 7 16 19 11 16 19 11 16 19 11 0 2 3 0 2 11 0 2 8 16 6 2 5 31 3 5 30 3 0 2 3 6 2 7 12 16 2 12 16 2 0 2 12 0 2 11 16 6 2 12 16 2 6 2 11 0 2 8 5 30 3 0 65.7647157311439514
1 2 7 0 2 7 12 16 2 5 31 3 0 2 7 8 18 2 12 16 2 17 9 2 1 2 7 12 16 2 17 9 2 1 2 7 0 2 7 0 2 7 1 2 7 0 2 7 1 2 7 17 18 2 1 2 7 17 18 2 1 2 7 0 2 7 0 2 7 0 2 7 1 2 7 13 6 3 1 2 7 13 6 3 1 2 7 12 16 2 0 2 7 0 2 7 5 31 3 0 2 7 13 6 3 0 2 7 1 2 7 1 2 7 0 2 7 17 9 2 0 2 7 1 2 7 17 9 2 1 2 7 0 2 7 0 2 7 0 2 7 0 2 7 0 2 7 0 2 7 0 2 7 0 2 7 5 30 3 0 2 7 1 2 7 1 2 7 1 2 7 0 2 7 1 2 7 16 15 2 0 59.947460412979126
5 31 3 0 2 7 5 31 3 0 2 7 13 6 3 12 16 2 0 2 7 0 2 3 0 2 3 1 2 3 1 2 7 0 2 7 1 2 7 0 2 7 1 2 4 0 2 3 1 2 7 0 2 7 1 2 7 1 2 7 1 2 7 0 2 7 0 2 7 0 2 3 0 2 3 17 18 2 0 2 7 0 2 7 0 2 7 17 18 2 1 2 7 5 30 3 12 16 2 17 9 2 12 16 2 0 2 7 1 2 7 0 2 7 17 9 2 1 2 7 16 6 2 0 2 7 17 18 2 1 2 4 12 16 2 12 16 2 16 6 2 13 6 3 0 2 4 0 2 7 0 2 7 13 6 3 0 2 7 0 2 7 1 2 3 1 2 7 1 2 7 1 2 3 1 2 7 1 2 4 0 60.415474534034729
5 30 3 0 2 7 5 31 3 5 30 3 1 2 7 5 30 3 0 2 7 12 16 2 1 2 3 0 2 7 1 2 7 0 2 7 1 2 4 0 2 7 0 2 7 0 2 7 17 9 2 0 2 7 0 2 7 5 30 3 0 2 7 1 2 7 0 2 7 1 2 7 0 2 7 0 2 7 1 2 7 13 6 3 0 2 7 0 2 7 0 2 7 0 2 7 0 2 7 0 2 7 0 2 7 0 2 7 16 6 2 16 6 2 17 18 2 0 2 7 1 2 7 0 2 7 13 6 3 1 2 7 1 2 7 0 2 4 1 2 7 17 18 2 1 2 7 0 2 7 5 31 3 0 2 7 1 2 7 0 2 7 1 2 7 5 30 3 1 2 7 17 18 2 17 18 2 8 9 2 0 60.5539543628692627
5 31 3 6 2 7 5 30 3 5 31 3 0 2 7 0 2 7 12 16 2 0 2 7 0 2 7 1 2 4 0 2 7 1 2 7 1 2 7 0 2 7 0 2 4 0 2 7 1 2 4 1 2 7 1 2 7 0 2 7 1 2 7 1 2 7 1 2 7 1 2 7 0 2 7 0 2 7 0 2 7 0 2 7 0 2 7 17 18 2 1 2 4 0 2 7 6 2 7 0 2 7 0 2 7 17 18 2 1 2 4 1 2 7 13 6 3 12 16 2 17 9 2 12 16 2 0 2 7 0 2 7 0 2 7 0 2 4 17 9 2 0 2 7 16 6 2 5 31 3 0 2 7 8 18 2 1 2 7 12 16 2 12 16 2 16 15 2 13 6 3 17 9 2 0 2 7 0 2 7 0 60.5182704925537109
0 2 3 0 2 3 0 2 7 5 30 3 5 30 3 0 2 7 5 31 3 1 2 7 0 2 7 12 16 2 5 31 3 0 2 3 0 2 7 0 2 3 0 2 7 0 2 7 12 16 2 5 30 3 17 18 2 1 2 3 0 2 7 0 2 7 16 6 2 0 2 7 0 2 7 0 2 7 0 2 4 1 2 7 1 2 7 1 2 3 0 2 3 17 18 2 0 2 7 1 2 7 0 2 3 13 6 3 1 2 7 0 2 3 1 2 4 16 9 11 1 2 4 0 2 3 1 2 3 5 30 3 16 30 2 16 19 11 12 16 2 0 2 3 1 2 3 0 2 7 0 2 3 0 2 7 5 30 3 0 2 7 0 2 7 1 2 7 0 2 7 0 2 7 16 30 2 1 2 7 0 62.5345326066017151
1 2 7 0 2 7 12 16 2 5 30 3 0 2 7 12 16 2 17 9 2 15 2 11 12 16 2 17 9 2 1 2 4 1 2 7 0 2 7 0 2 7 0 2 7 0 2 7 17 18 2 1 2 7 17 18 2 5 30 3 0 2 7 0 2 3 5 31 3 0 2 4 13 6 3 1 2 7 1 2 7 1 2 7 0 2 7 0 2 7 5 30 3 0 2 7 0 2 7 1 2 7 1 2 7 0 2 7 0 2 7 1 2 7 0 2 7 1 2 7 0 2 7 0 2 7 0 2 4 0 2 7 1 2 7 0 2 3 5 30 3 8 18 2 0 2 7 13 6 3 0 2 7 17 9 2 1 2 7 0 2 7 1 2 3 1 2 7 0 2 7 0 2 7 16 30 2 16 15 2 0 60.7355934381484985
5 31 3 0 2 7 1 2 7 12 16 2 1 2 7 0 2 4 1 2 7 1 2 7 0 2 7 17 9 2 1 2 7 0 2 7 1 2 7 0 2 4 0 2 7 0 2 7 0 2 7 1 2 7 17 18 2 0 2 7 1 2 7 1 2 7 0 2 7 0 2 4 13 6 3 17 18 2 0 2 7 0 2 7 1 2 7 0 2 7 0 2 7 1 2 7 12 16 2 12 16 2 1 2 7 5 30 3 17 9 2 1 2 7 17 9 2 13 6 3 5 31 3 13 6 3 1 2 7 17 18 2 1 2 4 1 2 7 0 2 7 1 2 7 0 2 11 0 2 7 0 2 11 0 2 11 17 9 2 0 2 7 0 2 7 1 2 7 0 2 7 1 2 7 1 2 7 0 2 7 0 59.8851567506790161
5 31 3 1 2 4 0 2 7 0 2 7 12 16 2 0 2 4 1 2 7 1 2 3 0 2 7 1 2 7 1 2 7 0 2 7 17 9 2 0 2 4 1 2 7 0 2 7 1 2 7 1 2 7 0 2 7 0 2 7 0 2 7 1 2 7 17 18 2 0 2 4 0 2 7 1 2 7 1 2 4 1 2 7 0 2 7 0 2 4 0 2 7 6 2 7 13 6 3 17 18 2 0 2 7 0 2 7 0 2 7 0 2 4 0 2 7 12 16 2 1 2 7 12 16 2 12 16 2 1 2 7 5 30 3 17 18 2 17 9 2 1 2 7 17 9 2 13 6 3 5 30 3 0 2 3 5 31 3 13 6 3 0 2 4 0 2 4 0 2 7 1 2 3 16 6 2 12 16 2 0 60.2567535042762756

Current Evaluation = 8100(8100)
Front Size = 10
1 2 7 0 2 7 12 16 2 5 30 3 0 2 7 0 2 7 0 2 4 12 16 2 5 30 3 17 9 2 1 2 7 12 16 2 17 9 2 0 2 7 0 2 7 0 2 7 1 2 7 0 2 7 1 2 7 0 2 4 0 2 4 17 18 2 0 2 7 17 18 2 1 2 7 1 2 7 0 2 7 0 2 7 5 30 3 1 2 7 0 2 4 13 6 3 1 2 7 13 6 3 1 2 4 12 16 2 1 2 4 0 2 7 0 2 7 5 31 3 0 2 7 1 2 4 13 6 3 0 2 7 1 2 7 1 2 7 0 2 7 17 9 2 1 2 7 1 2 7 17 9 2 1 2 7 17 9 2 0 2 7 1 2 4 0 2 7 13 6 3 0 2 7 0 2 7 12 16 2 0 59.7417813539505005
5 31 3 0 2 7 5 31 3 0 2 7 13 6 3 12 16 2 1 2 7 1 2 4 0 2 7 0 2 7 0 2 7 1 2 7 1 2 7 6 2 7 0 2 7 0 2 7 1 2 7 0 2 7 0 2 7 17 18 2 0 2 7 12 16 2 5 30 3 12 16 2 1 2 7 17 18 2 0 2 7 1 2 7 1 2 7 13 6 3 0 2 7 0 2 7 5 31 3 0 2 7 0 2 7 1 2 7 17 18 2 1 2 7 0 2 7 0 2 7 0 2 7 0 2 7 6 2 7 1 2 7 0 2 7 1 2 7 1 2 7 6 2 7 17 9 2 1 2 7 12 16 2 0 2 7 1 2 7 0 2 7 0 2 7 13 6 3 0 2 7 17 18 2 17 9 2 16 15 2 0 60.0940085053443909
5 31 3 0 2 7 1 2 7 12 16 2 1 2 7 0 2 7 1 2 7 1 2 7 0 2 7 17 9 2 1 2 7 0 2 7 1 2 7 0 2 7 0 2 7 0 2 7 1 2 7 17 18 2 0 2 7 1 2 7 1 2 7 0 2 7 13 6 3 17 18 2 0 2 7 0 2 7 1 2 7 0 2 7 0 2 7 1 2 7 1 2 7 5 30 3 1 2 7 13 6 3 5 31 3 17 18 2 1 2 4 0 2 7 0 2 3 0 2 3 0 2 7 0 2 7 0 2 7 0 2 4 0 2 4 0 2 7 0 2 7 17 9 2 5 30 3 0 2 7 1 2 7 1 2 7 1 2 7 15 2 11 0 2 7 0 2 4 16 6 2 1 2 7 5 30 3 17 18 2 0 60.2517955303192139
5 31 3 0 2 7 5 31 3 0 2 7 13 6 3 12 16 2 0 2 7 0 2 3 1 2 3 1 2 7 0 2 4 1 2 7 0 2 7 1 2 7 1 2 7 0 2 7 1 2 7 0 2 7 1 2 3 1 2 7 0 2 7 17 18 2 0 2 4 0 2 3 0 2 4 17 18 2 1 2 7 1 2 3 12 16 2 17 9 2 12 16 2 0 2 3 1 2 7 0 2 7 17 9 2 1 2 7 16 6 2 0 2 7 17 18 2 1 2 7 12 16 2 12 16 2 13 6 3 0 2 7 0 2 3 0 2 7 13 6 3 1 2 7 1 2 7 1 2 7 1 2 3 5 30 3 0 2 7 0 2 7 0 2 4 16 6 2 0 2 7 0 2 7 0 2 7 1 2 7 0 60.415474534034729
0 2 7 5 30 3 5 30 3 0 2 7 5 31 3 1 2 7 0 2 7 12 16 2 5 31 3 0 2 7 0 2 7 0 2 7 5 30 3 17 18 2 0 2 11 0 2 7 0 2 7 16 6 2 0 2 7 0 2 7 0 2 7 0 2 7 1 2 7 1 2 7 17 18 2 0 2 7 1 2 7 13 6 3 1 2 7 1 2 7 5 30 3 0 2 7 0 2 7 5 30 3 15 2 11 0 2 7 1 2 7 0 2 7 0 2 4 1 2 7 0 2 7 1 2 7 16 6 2 0 2 7 12 16 2 0 2 7 1 2 7 0 2 7 0 2 7 17 18 2 1 2 7 8 9 2 13 6 3 0 2 7 0 2 7 12 16 2 0 2 7 1 2 7 17 9 2 16 6 2 0 60.9572602510452271
5 31 3 0 2 7 1 2 7 12 16 2 1 2 7 0 2 4 1 2 7 1 2 7 0 2 7 17 9 2 1 2 7 0 2 7 1 2 7 0 2 4 0 2 7 0 2 7 0 2 7 1 2 7 17 18 2 0 2 7 1 2 7 1 2 7 0 2 7 0 2 4 13 6 3 17 18 2 0 2 7 0 2 7 1 2 7 0 2 7 0 2 7 1 2 7 12 16 2 12 16 2 1 2 7 5 30 3 17 9 2 1 2 7 17 9 2 13 6 3 5 31 3 13 6 3 1 2 7 17 18 2 1 2 4 1 2 7 0 2 7 1 2 7 0 2 11 0 2 7 0 2 11 0 2 11 17 9 2 0 2 7 0 2 7 1 2 7 0 2 7 1 2 7 1 2 7 0 2 7 0 59.8851567506790161
5 31 3 0 2 4 5 30 3 0 2 7 13 6 3 12 16 2 1 2 7 0 2 7 0 2 4 1 2 4 1 2 7 1 2 7 1 2 7 1 2 7 0 2 7 0 2 7 1 2 7 0 2 7 0 2 7 17 18 2 0 2 7 12 16 2 17 9 2 12 16 2 1 2 7 17 18 2 1 2 7 0 2 7 0 2 4 13 6 3 0 2 7 0 2 7 5 31 3 0 2 7 1 2 4 1 2 4 17 18 2 1 2 7 0 2 7 0 2 7 0 2 7 1 2 4 1 2 7 1 2 7 0 2 4 1 2 3 0 2 4 1 2 4 16 6 2 17 9 2 12 16 2 0 2 4 6 2 7 0 2 7 0 2 7 0 2 7 0 2 7 17 18 2 5 31 3 0 2 4 0 60.2408736348152161
0 2 7 0 2 7 5 30 3 8 9 2 5 31 3 16 6 2 0 2 8 5 30 3 12 16 2 6 2 8 16 19 11 5 30 3 5 30 3 0 2 8 8 18 2 5 31 3 0 2 11 0 2 7 0 2 8 0 2 7 0 2 7 0 2 7 6 2 11 0 2 7 0 2 7 0 2 11 0 2 7 12 16 2 0 2 7 0 2 7 0 2 7 0 2 3 0 2 3 0 2 7 0 2 3 12 16 2 0 2 7 6 2 11 6 2 3 0 2 7 16 19 11 16 19 11 16 19 11 0 2 3 0 2 11 0 2 8 16 6 2 5 31 3 5 30 3 0 2 3 6 2 7 12 16 2 12 16 2 0 2 12 0 2 11 16 6 2 12 16 2 6 2 11 0 2 8 5 30 3 0 65.7647157311439514
1 2 7 0 2 7 12 16 2 5 31 3 0 2 7 12 16 2 17 9 2 0 2 7 12 16 2 1 2 7 0 2 7 0 2 7 1 2 7 0 2 4 1 2 7 17 18 2 1 2 7 17 18 2 1 2 4 0 2 7 0 2 3 0 2 4 6 2 3 13 6 3 1 2 4 1 2 7 12 16 2 0 2 3 0 2 7 5 30 3 0 2 7 0 2 7 1 2 4 0 2 7 0 2 7 0 2 7 0 2 7 0 2 7 0 2 7 0 2 7 0 2 7 0 2 7 5 30 3 0 2 7 16 31 2 8 18 2 17 9 2 16 30 2 0 2 7 5 31 3 1 2 7 5 30 3 1 2 7 0 2 7 0 2 7 1 2 7 1 2 7 1 2 7 1 2 7 1 2 4 0 61.0655205249786377
0 2 7 5 31 3 0 2 7 5 31 3 1 2 7 0 2 7 12 16 2 5 31 3 0 2 4 0 2 7 0 2 7 12 16 2 17 18 2 0 2 7 0 2 7 16 30 2 0 2 7 0 2 7 0 2 7 0 2 4 6 2 7 1 2 7 17 18 2 0 2 7 1 2 7 13 6 3 1 2 7 1 2 4 1 2 4 12 16 2 0 2 7 0 2 7 0 2 7 0 2 7 1 2 7 0 2 7 0 2 7 1 2 7 1 2 7 12 16 2 5 30 3 0 2 7 0 2 7 5 30 3 6 2 7 0 2 7 0 2 7 17 9 2 0 2 7 5 31 3 0 2 7 1 2 7 5 30 3 1 2 7 16 18 11 0 2 7 17 18 2 0 2 7 6 2 7 1 2 7 0 61.634116530418396

Current Evaluation = 9000(9000)
Front Size = 10
1 2 7 0 2 7 12 16 2 5 30 3 0 2 7 0 2 7 0 2 4 12 16 2 5 30 3 17 9 2 1 2 7 12 16 2 17 9 2 0 2 7 0 2 7 0 2 7 1 2 7 0 2 7 1 2 7 0 2 4 0 2 4 17 18 2 0 2 7 17 18 2 1 2 7 1 2 7 0 2 7 0 2 7 5 30 3 1 2 7 0 2 4 13 6 3 1 2 7 13 6 3 1 2 4 12 16 2 1 2 4 0 2 7 0 2 7 5 31 3 0 2 7 1 2 4 13 6 3 0 2 7 1 2 7 1 2 7 0 2 7 17 9 2 1 2 7 1 2 7 17 9 2 1 2 7 17 9 2 0 2 7 1 2 4 0 2 7 13 6 3 0 2 7 0 2 7 12 16 2 0 59.7417813539505005
0 2 7 0 2 7 5 30 3 8 9 2 5 31 3 16 6 2 0 2 8 5 30 3 12 16 2 6 2 8 16 19 11 5 30 3 5 30 3 0 2 8 8 18 2 5 31 3 0 2 11 0 2 7 0 2 8 0 2 7 0 2 7 0 2 7 6 2 11 0 2 7 0 2 7 0 2 11 0 2 7 12 16 2 0 2 7 0 2 7 0 2 7 0 2 3 0 2 3 0 2 7 0 2 3 12 16 2 0 2 7 6 2 11 6 2 3 0 2 7 16 19 11 16 19 11 16 19 11 0 2 3 0 2 11 0 2 8 16 6 2 5 31 3 5 30 3 0 2 3 6 2 7 12 16 2 12 16 2 0 2 12 0 2 11 16 6 2 12 16 2 6 2 11 0 2 8 5 30 3 0 65.7647157311439514
0 2 7 5 30 3 5 30 3 0 2 7 5 31 3 1 2 7 0 2 7 12 16 2 5 31 3 0 2 7 0 2 7 0 2 7 5 30 3 17 18 2 0 2 11 0 2 7 0 2 7 16 6 2 0 2 7 0 2 7 0 2 7 0 2 7 1 2 7 1 2 7 17 18 2 0 2 7 1 2 7 13 6 3 1 2 7 1 2 7 5 30 3 0 2 7 0 2 7 5 30 3 15 2 11 0 2 7 1 2 7 0 2 7 0 2 4 1 2 7 0 2 7 1 2 7 16 6 2 0 2 7 12 16 2 0 2 7 1 2 7 0 2 7 0 2 7 17 18 2 1 2 7 8 9 2 13 6 3 0 2 7 0 2 7 12 16 2 0 2 7 1 2 7 17 9 2 16 6 2 0 60.9572602510452271
5 31 3 0 2 7 1 2 7 12 16 2 1 2 7 0 2 4 1 2 7 1 2 7 0 2 7 17 9 2 1 2 7 0 2 7 1 2 7 0 2 4 0 2 7 0 2 7 0 2 7 1 2 7 17 18 2 0 2 7 1 2 7 1 2 7 0 2 7 0 2 4 13 6 3 17 18 2 0 2 7 0 2 7 1 2 7 0 2 7 0 2 7 1 2 7 12 16 2 12 16 2 1 2 7 5 30 3 17 9 2 1 2 7 17 9 2 13 6 3 5 31 3 13 6 3 1 2 7 17 18 2 1 2 4 1 2 7 0 2 7 1 2 7 0 2 11 0 2 7 0 2 11 0 2 11 17 9 2 0 2 7 0 2 7 1 2 7 0 2 7 1 2 7 1 2 7 0 2 7 0 59.8851567506790161
5 31 3 0 2 7 5 30 3 0 2 7 13 6 3 12 16 2 1 2 7 0 2 3 0 2 7 1 2 4 1 2 7 1 2 7 1 2 7 1 2 7 0 2 7 0 2 3 1 2 7 0 2 7 0 2 7 17 18 2 0 2 7 12 16 2 17 9 2 12 16 2 1 2 7 17 18 2 1 2 3 0 2 7 0 2 7 13 6 3 0 2 7 0 2 3 0 2 7 1 2 4 17 18 2 0 2 7 0 2 7 0 2 7 0 2 3 1 2 7 6 2 3 0 2 7 1 2 7 0 2 7 17 9 2 12 16 2 0 2 7 0 2 7 0 2 7 5 31 3 6 2 4 1 2 4 1 2 4 16 6 2 16 15 2 1 2 7 0 2 7 5 30 3 8 18 2 0 2 7 0 60.8196415305137634
1 2 7 0 2 7 12 16 2 5 31 3 0 2 4 0 2 7 0 2 7 12 16 2 17 9 2 1 2 7 12 16 2 17 9 2 0 2 7 1 2 7 0 2 7 1 2 3 1 2 7 1 2 7 1 2 4 1 2 7 17 18 2 0 2 7 17 18 2 0 2 3 0 2 7 0 2 7 0 2 7 1 2 7 13 6 3 1 2 7 13 6 3 12 16 2 1 2 7 0 2 7 5 31 3 0 2 7 13 6 3 0 2 7 1 2 7 1 2 7 0 2 3 0 2 7 1 2 7 1 2 7 0 2 7 0 2 7 0 2 7 0 2 7 12 16 2 1 2 7 5 31 3 0 2 7 0 2 7 1 2 7 0 2 7 0 2 7 16 6 2 17 9 2 1 2 7 16 6 2 0 60.0557534694671631
5 30 3 0 2 7 5 30 3 0 2 8 12 16 2 0 2 8 0 2 7 0 2 7 0 2 11 0 2 8 12 16 2 0 2 11 0 2 7 0 2 7 12 16 2 5 30 3 12 16 2 1 2 7 0 2 11 0 2 8 5 30 3 0 2 7 0 2 11 12 16 2 1 2 7 1 2 11 0 2 11 6 2 7 0 2 11 0 2 3 8 18 2 0 2 7 17 9 2 0 2 7 5 30 3 0 2 7 0 2 11 16 19 11 0 2 11 5 30 3 0 2 7 0 2 11 0 2 7 16 19 11 0 2 8 5 30 3 0 2 11 5 30 3 16 19 11 8 9 2 0 2 7 8 9 2 0 2 7 0 2 11 16 19 11 13 6 3 5 30 3 16 6 2 17 9 2 0 2 7 0 65.4051638245582581
5 31 3 5 30 3 0 2 7 0 2 7 12 16 2 0 2 7 1 2 7 0 2 7 17 18 2 0 2 7 0 2 7 0 2 7 0 2 4 1 2 7 0 2 7 0 2 7 1 2 7 13 6 3 5 30 3 12 16 2 12 16 2 17 18 2 6 2 7 6 2 7 0 2 7 17 18 2 12 16 2 0 2 7 1 2 4 0 2 7 0 2 7 0 2 7 0 2 7 17 18 2 0 2 7 1 2 7 0 2 7 0 2 7 0 2 7 12 16 2 1 2 7 0 2 7 16 6 2 0 2 7 1 2 7 6 2 7 1 2 7 8 1 2 5 31 3 17 18 2 0 2 7 5 31 3 5 30 3 0 2 7 1 2 7 0 2 4 0 2 4 0 2 7 5 30 3 16 19 11 0 61.8317051529884338
0 2 7 0 2 7 12 16 2 5 30 3 0 2 7 1 2 7 12 16 2 5 31 3 17 9 2 1 2 7 12 16 2 17 9 2 0 2 7 0 2 7 1 2 7 1 2 4 0 2 7 1 2 7 17 18 2 0 2 4 1 2 4 1 2 7 0 2 7 0 2 7 5 30 3 6 2 7 13 6 3 12 16 2 0 2 4 0 2 7 5 31 3 0 2 4 0 2 7 0 2 4 0 2 7 0 2 7 0 2 7 0 2 4 0 2 7 0 2 7 5 30 3 16 6 2 1 2 7 1 2 7 8 9 2 0 2 7 0 2 7 1 2 7 16 19 11 0 2 7 6 2 7 0 2 4 0 2 7 1 2 7 16 19 11 1 2 7 0 2 7 17 9 2 5 31 3 0 2 7 0 61.6002223491668701
1 2 7 0 2 7 12 16 2 5 30 3 0 2 7 0 2 7 12 16 2 5 30 3 17 9 2 1 2 7 12 16 2 17 9 2 0 2 7 0 2 7 0 2 7 0 2 7 0 2 7 0 2 7 0 2 7 5 30 3 13 6 3 12 16 2 0 2 7 0 2 7 0 2 7 0 2 7 12 16 2 0 2 11 1 2 7 1 2 7 0 2 11 0 2 4 17 18 2 17 18 2 1 2 7 1 2 7 0 2 11 0 2 4 1 2 7 13 6 3 16 19 11 8 18 2 16 19 11 5 30 3 16 6 2 5 30 3 8 9 2 0 2 11 17 9 2 1 2 7 1 2 7 17 9 2 5 30 3 17 9 2 5 30 3 0 2 8 0 2 3 13 6 3 8 9 2 0 2 7 0.133144421735192975 61.8850653171539307

Current Evaluation = 9900(9900)
Front Size = 10
1 2 7 0 2 7 12 16 2 5 30 3 0 2 7 0 2 7 0 2 4 12 16 2 5 30 3 17 9 2 1 2 7 12 16 2 17 9 2 0 2 7 0 2 7 0 2 7 1 2 7 0 2 7 1 2 7 0 2 4 0 2 4 17 18 2 0 2 7 17 18 2 1 2 7 1 2 7 0 2 7 0 2 7 5 30 3 1 2 7 0 2 4 13 6 3 1 2 7 13 6 3 1 2 4 12 16 2 1 2 4 0 2 7 0 2 7 5 31 3 0 2 7 1 2 4 13 6 3 0 2 7 1 2 7 1 2 7 0 2 7 17 9 2 1 2 7 1 2 7 17 9 2 1 2 7 17 9 2 0 2 7 1 2 4 0 2 7 13 6 3 0 2 7 0 2 7 12 16 2 0 59.7417813539505005
5 30 3 0 2 7 5 30 3 0 2 8 12 16 2 0 2 8 0 2 7 0 2 7 0 2 11 0 2 8 12 16 2 0 2 11 0 2 7 0 2 7 12 16 2 5 30 3 12 16 2 1 2 7 0 2 11 0 2 8 5 30 3 0 2 7 0 2 11 12 16 2 1 2 7 1 2 11 0 2 11 6 2 7 0 2 11 0 2 3 8 18 2 0 2 7 17 9 2 0 2 7 5 30 3 0 2 7 0 2 11 16 19 11 0 2 11 5 30 3 0 2 7 0 2 11 0 2 7 16 19 11 0 2 8 5 30 3 0 2 11 5 30 3 16 19 11 8 9 2 0 2 7 8 9 2 0 2 7 0 2 11 16 19 11 13 6 3 5 30 3 16 6 2 17 9 2 0 2 7 0 65.4051638245582581
5 31 3 0 2 7 5 31 3 0 2 7 13 6 3 12 16 2 1 2 7 0 2 7 0 2 7 1 2 7 1 2 7 0 2 7 1 2 7 1 2 4 1 2 4 0 2 7 1 2 7 0 2 7 0 2 7 17 18 2 0 2 7 12 16 2 17 9 2 12 16 2 1 2 7 17 18 2 1 2 4 0 2 7 0 2 7 13 6 3 0 2 7 0 2 7 0 2 7 12 16 2 17 18 2 0 2 7 0 2 7 0 2 7 0 2 7 1 2 4 6 2 7 0 2 7 1 2 7 0 2 7 17 9 2 12 16 2 1 2 7 0 2 7 0 2 7 5 31 3 0 2 7 1 2 7 6 2 4 16 6 2 16 15 2 1 2 4 0 2 7 5 30 3 8 18 2 0 2 7 0 60.5182704925537109
0 2 7 0 2 7 5 30 3 8 9 2 5 31 3 16 6 2 0 2 8 5 30 3 12 16 2 6 2 8 16 19 11 5 30 3 5 30 3 0 2 8 8 18 2 5 31 3 0 2 11 0 2 7 0 2 8 0 2 7 0 2 7 0 2 7 6 2 11 0 2 7 0 2 7 0 2 11 0 2 7 12 16 2 0 2 7 0 2 7 0 2 7 0 2 3 0 2 3 0 2 7 0 2 3 12 16 2 0 2 7 6 2 11 6 2 3 0 2 7 16 19 11 16 19 11 16 19 11 0 2 3 0 2 11 0 2 8 16 6 2 5 31 3 5 30 3 0 2 3 6 2 7 12 16 2 12 16 2 0 2 12 0 2 11 16 6 2 12 16 2 6 2 11 0 2 8 5 30 3 0 65.7647157311439514
5 31 3 0 2 7 5 30 3 12 16 2 1 2 7 0 2 7 12 16 2 0 2 7 6 2 7 1 2 7 5 30 3 12 16 2 0 2 3 1 2 7 0 2 3 0 2 7 0 2 7 17 18 2 0 2 3 0 2 7 0 2 7 0 2 7 0 2 7 0 2 3 13 6 3 17 9 2 0 2 7 0 2 7 0 2 7 1 2 7 17 9 2 1 2 7 0 2 7 1 2 4 17 18 2 17 18 2 1 2 7 0 2 7 0 2 3 0 2 7 0 2 7 1 2 3 13 6 3 6 2 7 0 2 4 1 2 4 1 2 7 1 2 3 5 30 3 1 2 7 0 2 7 5 30 3 1 2 4 1 2 3 0 2 7 16 19 11 0 2 7 8 18 2 0 2 7 16 15 2 0 61.4186094999313354
1 2 7 0 2 7 12 16 2 5 31 3 0 2 4 0 2 7 0 2 7 12 16 2 17 9 2 1 2 7 12 16 2 17 9 2 0 2 7 1 2 7 0 2 7 1 2 3 1 2 7 1 2 7 1 2 4 1 2 7 17 18 2 0 2 7 17 18 2 0 2 3 0 2 7 0 2 7 0 2 7 1 2 7 13 6 3 1 2 7 13 6 3 12 16 2 1 2 7 0 2 7 5 31 3 0 2 7 13 6 3 0 2 7 1 2 7 1 2 7 0 2 3 0 2 7 1 2 7 1 2 7 0 2 7 0 2 7 0 2 7 0 2 7 12 16 2 1 2 7 5 31 3 0 2 7 0 2 7 1 2 7 0 2 7 0 2 7 16 6 2 17 9 2 1 2 7 16 6 2 0 60.0557534694671631
5 31 3 0 2 4 5 31 3 0 2 7 13 6 3 12 16 2 1 2 7 0 2 7 0 2 7 1 2 7 1 2 7 1 2 4 16 6 2 1 2 4 0 2 7 1 2 4 0 2 7 0 2 7 17 18 2 0 2 7 12 16 2 17 9 2 12 16 2 1 2 7 17 18 2 1 2 7 1 2 7 13 6 3 0 2 4 12 16 2 0 2 4 17 18 2 0 2 7 0 2 4 0 2 10 0 2 7 0 2 7 17 9 2 1 2 7 1 2 7 5 31 3 6 2 4 1 2 4 12 16 2 1 2 4 0 2 7 0 2 7 0 2 7 0 2 7 1 2 7 17 9 2 5 30 3 0 2 7 1 2 4 0 2 4 0 2 7 0 2 4 0 2 4 1 2 7 0 2 7 0 60.373223602771759
5 30 3 0 2 7 5 30 3 12 16 2 0 2 7 0 2 7 12 16 2 0 2 7 0 2 7 12 16 2 5 30 3 12 16 2 1 2 7 0 2 7 12 16 2 1 2 7 0 2 7 17 9 2 0 2 7 0 2 7 0 2 7 0 2 7 0 2 7 0 2 7 13 6 3 17 9 2 0 2 7 0 2 7 0 2 8 0 2 11 0 2 8 1 2 7 0 2 11 0 2 8 5 30 3 0 2 11 0 2 7 1 2 7 1 2 4 0 2 11 1 2 7 8 18 2 5 30 3 1 2 4 16 19 11 0 2 11 5 30 3 0 2 7 16 19 11 1 2 7 5 30 3 1 2 7 5 30 3 0 2 4 8 9 2 1 2 7 0 2 11 16 19 11 5 30 3 0 2 4 0.0123500166440794062 64.1131434440612793
5 31 3 0 2 11 1 2 7 12 16 2 1 2 7 0 2 7 1 2 7 1 2 7 0 2 7 17 9 2 1 2 7 0 2 7 1 2 7 0 2 7 0 2 7 1 2 7 0 2 4 1 2 7 17 18 2 0 2 7 0 2 4 1 2 11 0 2 4 0 2 7 13 6 3 17 18 2 0 2 7 0 2 7 1 2 11 0 2 7 0 2 7 1 2 7 12 16 2 12 16 2 1 2 7 5 30 3 17 9 2 1 2 4 17 9 2 13 6 3 5 31 3 13 6 3 1 2 7 17 18 2 1 2 7 1 2 7 0 2 7 1 2 7 0 2 7 0 2 7 0 2 7 0 2 7 17 9 2 0 2 7 0 2 7 1 2 7 0 2 7 1 2 7 1 2 7 0 2 7 0 59.885156512260437
5 31 3 0 2 7 0 2 7 13 6 3 12 16 2 1 2 7 0 2 7 0 2 7 1 2 7 1 2 7 0 2 7 1 2 7 1 2 4 0 2 7 1 2 7 0 2 7 0 2 7 17 18 2 0 2 7 12 16 2 17 9 2 12 16 2 1 2 7 17 18 2 0 2 7 0 2 7 13 6 3 0 2 7 0 2 7 0 2 7 12 16 2 17 18 2 0 2 7 0 2 7 0 2 7 0 2 7 6 2 7 0 2 7 1 2 7 0 2 7 17 9 2 1 2 7 0 2 7 1 2 7 16 15 2 5 30 3 0 2 4 0 2 3 0 2 4 1 2 4 13 6 3 0 2 7 5 31 3 0 2 7 8 9 2 1 2 7 1 2 3 1 2 7 5 30 3 5 30 3 0.000115302038096976977 60.7392484545707703

Current Evaluation = 10800(10800)
Front Size = 10
1 2 7 0 2 7 12 16 2 5 30 3 0 2 7 0 2 7 0 2 4 12 16 2 5 30 3 17 9 2 1 2 7 12 16 2 17 9 2 0 2 7 0 2 7 0 2 7 1 2 7 0 2 7 1 2 7 0 2 4 0 2 4 17 18 2 0 2 7 17 18 2 1 2 7 1 2 7 0 2 7 0 2 7 5 30 3 1 2 7 0 2 4 13 6 3 1 2 7 13 6 3 1 2 4 12 16 2 1 2 4 0 2 7 0 2 7 5 31 3 0 2 7 1 2 4 13 6 3 0 2 7 1 2 7 1 2 7 0 2 7 17 9 2 1 2 7 1 2 7 17 9 2 1 2 7 17 9 2 0 2 7 1 2 4 0 2 7 13 6 3 0 2 7 0 2 7 12 16 2 0 59.7417813539505005
5 30 3 0 2 7 8 9 2 12 16 2 0 2 11 0 2 3 1 2 7 0 2 7 1 2 7 6 2 7 0 2 7 5 30 3 12 16 2 8 9 2 12 16 2 0 2 7 0 2 7 1 2 7 0 2 7 0 2 7 12 16 2 0 2 7 0 2 7 16 6 2 16 6 2 5 30 3 0 2 11 1 2 7 13 6 3 0 2 7 0 2 3 0 2 7 1 2 7 17 18 2 1 2 3 17 18 2 0 2 7 0 2 7 8 18 2 1 2 7 5 30 3 0 2 7 0 2 3 5 30 3 16 19 11 0 2 7 0 2 3 0 2 7 0 2 7 5 31 3 0 2 7 16 19 11 1 2 11 0 2 3 16 6 2 0 2 7 0 2 12 5 30 3 5 30 3 0 2 7 0 63.02814120054245
5 31 3 1 2 3 5 30 3 0 2 7 13 6 3 12 16 2 1 2 7 0 2 7 1 2 7 1 2 7 13 6 3 0 2 7 1 2 7 0 2 7 1 2 7 1 2 7 1 2 7 0 2 7 0 2 7 17 18 2 0 2 7 12 16 2 17 9 2 12 16 2 1 2 7 17 18 2 1 2 7 0 2 7 0 2 7 13 6 3 0 2 7 0 2 7 0 2 7 12 16 2 17 18 2 1 2 7 0 2 7 0 2 7 0 2 7 1 2 7 0 2 7 0 2 7 1 2 7 0 2 7 17 9 2 1 2 7 0 2 7 0 2 7 0 2 7 5 31 3 0 2 7 1 2 7 0 2 7 16 6 2 16 6 2 1 2 7 0 2 7 5 31 3 0 2 7 1 2 7 0 60.0091503858566284
5 31 3 0 2 7 1 2 7 12 16 2 1 2 7 0 2 7 1 2 7 1 2 7 0 2 7 17 9 2 1 2 11 0 2 7 1 2 7 0 2 7 0 2 7 1 2 4 0 2 3 1 2 7 17 18 2 0 2 7 0 2 7 1 2 7 0 2 4 0 2 7 13 6 3 17 18 2 0 2 7 0 2 7 1 2 11 1 2 7 0 2 7 1 2 7 0 2 7 12 16 2 1 2 7 5 30 3 17 9 2 1 2 7 17 9 2 13 6 3 5 31 3 13 6 3 1 2 7 17 18 2 1 2 7 1 2 7 0 2 7 1 2 7 0 2 7 0 2 7 0 2 7 0 2 7 17 9 2 0 2 3 0 2 7 1 2 7 0 2 7 1 2 7 1 2 7 0 2 7 0 59.8072065114974976
6 2 7 0 2 7 5 30 3 5 31 3 17 9 2 5 31 3 0 2 7 0 2 7 0 2 4 0 2 7 1 2 7 6 2 7 0 2 7 0 2 7 12 16 2 1 3 2 6 2 7 0 2 7 6 2 7 12 16 2 0 2 7 0 2 7 17 18 2 0 2 7 1 2 7 0 2 7 0 2 7 1 2 7 17 9 2 5 30 3 1 2 7 17 18 2 0 2 7 1 2 7 8 9 2 0 2 7 0 2 7 0 2 7 6 2 7 0 2 7 0 2 7 17 1 2 15 2 11 0 2 7 1 2 7 0 2 7 16 30 2 5 31 3 5 30 3 0 2 7 1 2 7 12 16 2 12 16 2 0 2 7 1 2 7 5 30 3 0 2 7 0 2 7 0 2 7 1 2 7 0 61.810824453830719
5 31 3 0 2 7 1 2 7 13 6 3 12 16 2 1 2 4 1 2 4 0 2 4 1 2 4 1 2 7 16 6 2 0 2 4 0 2 4 0 2 7 17 18 2 0 2 7 12 16 2 12 16 2 0 2 7 17 9 2 16 19 11 1 2 7 13 6 3 17 18 2 1 2 7 0 2 7 0 2 7 0 2 7 0 2 7 0 2 7 0 2 7 0 2 7 1 2 4 0 2 7 12 16 2 0 2 7 0 2 7 0 2 7 0 2 7 6 2 7 0 2 7 1 2 7 5 31 3 5 30 3 16 6 2 12 16 2 0 2 7 0 2 4 1 2 7 0 2 7 5 31 3 1 2 7 6 2 7 12 16 2 1 2 7 17 18 2 0 2 7 0 2 7 5 31 3 0 2 7 0 61.0241603851318359
5 30 3 0 2 7 5 30 3 0 2 8 12 16 2 0 2 8 0 2 7 0 2 7 0 2 11 0 2 8 12 16 2 0 2 11 0 2 7 0 2 7 12 16 2 5 30 3 12 16 2 1 2 7 0 2 11 0 2 8 5 30 3 0 2 7 0 2 11 12 16 2 1 2 7 1 2 11 0 2 11 6 2 7 0 2 11 0 2 3 8 18 2 0 2 7 17 9 2 0 2 7 5 30 3 0 2 7 0 2 11 16 19 11 0 2 11 5 30 3 0 2 7 0 2 11 0 2 7 16 19 11 0 2 8 5 30 3 0 2 11 5 30 3 16 19 11 8 9 2 0 2 7 8 9 2 0 2 7 0 2 11 16 19 11 13 6 3 5 30 3 16 6 2 17 9 2 0 2 7 0 65.4051638245582581
12 16 2 1 2 7 16 30 2 16 19 11 0 2 7 12 16 2 0 2 7 0 2 7 12 16 2 1 2 3 1 2 7 0 2 7 0 2 7 5 30 3 0 2 7 0 2 3 0 2 3 0 2 3 16 30 2 0 2 7 0 2 3 0 2 3 5 30 3 5 30 3 8 18 2 5 30 3 5 30 3 5 31 3 1 2 3 1 2 7 0 2 3 0 2 7 17 18 2 0 2 7 0 2 7 0 2 3 1 2 7 16 30 2 0 2 7 1 2 3 0 2 7 16 19 11 1 2 3 0 2 3 0 2 7 0 2 3 1 2 7 1 2 3 0 2 7 0 2 3 0 2 7 0 2 7 12 16 2 13 6 3 0 2 7 0 2 7 0 2 7 1 2 7 5 30 3 16 19 11 0 63.1577234268188477
0 2 7 0 2 7 5 30 3 8 9 2 5 31 3 16 6 2 0 2 8 5 30 3 12 16 2 6 2 8 16 19 11 5 30 3 5 30 3 0 2 8 8 18 2 5 31 3 0 2 11 0 2 7 0 2 8 0 2 7 0 2 7 0 2 7 6 2 11 0 2 7 0 2 7 0 2 11 0 2 7 12 16 2 0 2 7 0 2 7 0 2 7 0 2 3 0 2 3 0 2 7 0 2 3 12 16 2 0 2 7 6 2 11 6 2 3 0 2 7 16 19 11 16 19 11 16 19 11 0 2 3 0 2 11 0 2 8 16 6 2 5 31 3 5 30 3 0 2 3 6 2 7 12 16 2 12 16 2 0 2 12 0 2 11 16 6 2 12 16 2 6 2 11 0 2 8 5 30 3 0 65.7647157311439514
5 30 3 0 2 7 13 6 3 12 16 2 1 2 7 0 2 7 1 2 7 0 2 7 0 2 7 0 2 7 0 2 7 0 2 7 12 16 2 17 9 2 12 16 2 0 2 7 0 2 7 0 2 7 0 2 7 0 2 7 12 16 2 0 2 7 0 2 7 17 9 2 16 6 2 0 2 11 1 2 3 1 2 7 0 2 11 1 2 7 1 2 7 8 18 2 1 2 11 8 9 2 1 2 7 0 2 8 1 2 7 0 2 11 0 2 11 16 19 11 0 2 7 0 2 11 0 2 8 0 2 7 1 2 7 5 30 3 16 19 11 0 2 7 0 2 7 0 2 7 5 31 3 0 2 7 5 30 3 12 16 2 0 2 3 1 2 7 5 30 3 8 9 2 0 2 7 5 30 3 6.14257191512167965e-05 63.3841445446014404

Current Evaluation = 11700(11700)
Front Size = 10
1 2 7 0 2 7 12 16 2 5 30 3 0 2 7 0 2 7 0 2 4 12 16 2 5 30 3 17 9 2 1 2 7 12 16 2 17 9 2 0 2 7 0 2 7 0 2 7 1 2 7 0 2 7 1 2 7 0 2 4 0 2 4 17 18 2 0 2 7 17 18 2 1 2 7 1 2 7 0 2 7 0 2 7 5 30 3 1 2 7 0 2 4 13 6 3 1 2 7 13 6 3 1 2 4 12 16 2 1 2 4 0 2 7 0 2 7 5 31 3 0 2 7 1 2 4 13 6 3 0 2 7 1 2 7 1 2 7 0 2 7 17 9 2 1 2 7 1 2 7 17 9 2 1 2 7 17 9 2 0 2 7 1 2 4 0 2 7 13 6 3 0 2 7 0 2 7 12 16 2 0 59.7417813539505005
5 30 3 0 2 7 5 30 3 0 2 8 12 16 2 0 2 8 0 2 7 0 2 7 0 2 11 0 2 8 12 16 2 0 2 11 0 2 7 0 2 7 12 16 2 5 30 3 12 16 2 1 2 7 0 2 11 0 2 8 5 30 3 0 2 7 0 2 11 12 16 2 1 2 7 1 2 11 0 2 11 6 2 7 0 2 11 0 2 3 8 18 2 0 2 7 17 9 2 0 2 7 5 30 3 0 2 7 0 2 11 16 19 11 0 2 11 5 30 3 0 2 7 0 2 11 0 2 7 16 19 11 0 2 8 5 30 3 0 2 11 5 30 3 16 19 11 8 9 2 0 2 7 8 9 2 0 2 7 0 2 11 16 19 11 13 6 3 5 30 3 16 6 2 17 9 2 0 2 7 0 65.4051638245582581
5 31 3 0 2 7 1 2 7 12 16 2 1 2 7 0 2 7 1 2 7 1 2 7 0 2 7 17 9 2 1 2 11 0 2 7 1 2 7 0 2 7 0 2 7 1 2 4 0 2 3 1 2 7 17 18 2 0 2 7 0 2 7 1 2 7 0 2 4 0 2 7 13 6 3 17 18 2 0 2 7 0 2 7 1 2 11 1 2 7 0 2 7 1 2 7 0 2 7 12 16 2 1 2 7 5 30 3 17 9 2 1 2 7 17 9 2 13 6 3 5 31 3 13 6 3 1 2 7 17 18 2 1 2 7 1 2 7 0 2 7 1 2 7 0 2 7 0 2 7 0 2 7 0 2 7 17 9 2 0 2 3 0 2 7 1 2 7 0 2 7 1 2 7 1 2 7 0 2 7 0 59.8072065114974976
5 31 3 0 2 7 1 2 7 13 6 3 12 16 2 1 2 4 1 2 4 0 2 4 1 2 4 1 2 7 16 6 2 0 2 4 0 2 4 0 2 7 17 18 2 0 2 7 12 16 2 12 16 2 0 2 7 17 9 2 16 19 11 1 2 7 13 6 3 17 18 2 1 2 7 0 2 7 0 2 7 0 2 7 0 2 7 0 2 7 0 2 7 0 2 7 1 2 4 0 2 7 12 16 2 0 2 7 0 2 7 0 2 7 0 2 7 6 2 7 0 2 7 1 2 7 5 31 3 5 30 3 16 6 2 12 16 2 0 2 7 0 2 4 1 2 7 0 2 7 5 31 3 1 2 7 6 2 7 12 16 2 1 2 7 17 18 2 0 2 7 0 2 7 5 31 3 0 2 7 0 61.0241603851318359
0 2 7 6 2 7 12 16 2 5 30 3 1 2 4 0 2 4 1 2 4 12 16 2 17 9 2 0 2 1 17 9 2 6 2 7 5 30 3 0 2 7 1 2 11 1 2 11 0 2 4 8 18 2 0 2 7 0 2 7 1 2 7 0 2 7 0 2 7 0 2 7 0 2 7 13 6 3 0 2 7 1 2 7 0 2 10 5 30 3 1 2 7 0 2 7 0 2 7 0 2 7 17 18 2 0 2 4 0 2 3 0 2 3 0 2 3 0 2 7 1 2 3 1 2 7 0 2 4 0 2 4 1 2 7 0 2 3 12 16 2 17 18 2 0 2 7 5 31 3 1 2 7 16 6 2 16 15 2 8 9 2 5 30 3 0 2 7 5 30 3 0 2 7 1 2 7 17 18 2 0 61.8881504535675049
1 2 7 0 2 7 12 16 2 5 30 3 0 2 7 0 2 7 0 2 4 12 16 2 17 9 2 1 2 7 17 9 2 0 2 7 5 30 3 0 2 7 0 2 7 0 2 4 17 18 2 0 2 4 17 18 2 1 2 7 1 2 4 0 2 7 1 2 7 13 6 3 13 6 3 1 2 7 0 2 7 0 2 7 5 30 3 0 2 7 0 2 7 1 2 7 0 2 4 17 9 2 1 2 7 17 9 2 0 2 7 0 2 7 0 2 3 0 2 4 1 2 7 1 2 7 1 2 7 0 2 7 12 16 2 1 2 7 1 2 7 1 2 1 1 2 4 0 2 4 1 2 7 5 30 3 0 2 4 1 2 7 0 2 4 5 31 3 0 2 4 8 18 2 17 18 2 0 2 10 0 60.7034635543823242
1 2 7 0 2 7 12 16 2 5 30 3 0 2 7 0 2 7 0 2 7 12 16 2 17 9 2 1 2 7 17 9 2 0 2 7 5 30 3 0 2 7 1 2 4 0 2 7 0 2 7 17 18 2 0 2 4 17 18 2 1 2 7 1 2 7 1 2 4 0 2 7 1 2 7 13 6 3 1 2 4 13 6 3 1 2 7 0 2 7 0 2 7 5 31 3 0 2 7 13 6 3 0 2 7 1 2 7 1 2 4 0 2 7 17 9 2 1 2 7 1 2 4 17 9 2 0 2 7 0 2 7 0 2 7 0 2 4 0 2 7 1 2 7 1 2 7 0 2 7 0 2 7 5 31 3 0 2 7 12 16 2 1 2 7 1 2 7 0 2 7 1 2 7 17 18 2 1 2 7 0 59.7875515222549438
5 30 3 0 2 7 8 9 2 12 16 2 0 2 11 0 2 3 1 2 7 0 2 7 1 2 7 6 2 7 0 2 7 5 30 3 12 16 2 8 9 2 12 16 2 0 2 7 0 2 7 1 2 7 0 2 7 0 2 7 12 16 2 0 2 7 0 2 7 16 6 2 16 6 2 5 30 3 0 2 11 1 2 7 13 6 3 0 2 7 0 2 3 0 2 7 1 2 7 17 18 2 1 2 3 17 18 2 0 2 7 0 2 7 8 18 2 1 2 7 5 30 3 0 2 7 0 2 3 5 30 3 16 19 11 0 2 7 0 2 3 0 2 7 0 2 7 5 31 3 0 2 7 16 19 11 1 2 11 0 2 3 16 6 2 0 2 7 0 2 12 5 30 3 5 30 3 0 2 7 0 63.02814120054245
5 31 3 1 2 3 5 30 3 0 2 7 13 6 3 12 16 2 1 2 7 0 2 7 1 2 7 1 2 7 13 6 3 0 2 7 1 2 7 0 2 7 1 2 7 1 2 7 1 2 7 0 2 7 0 2 7 17 18 2 0 2 7 12 16 2 17 9 2 12 16 2 1 2 7 17 18 2 1 2 7 0 2 7 0 2 7 13 6 3 0 2 7 0 2 7 0 2 7 12 16 2 17 18 2 1 2 7 0 2 7 0 2 7 0 2 7 1 2 7 0 2 7 0 2 7 1 2 7 0 2 7 17 9 2 1 2 7 0 2 7 0 2 7 0 2 7 5 31 3 0 2 7 1 2 7 0 2 7 16 6 2 16 6 2 1 2 7 0 2 7 5 31 3 0 2 7 1 2 7 0 60.0091503858566284
1 2 7 0 2 7 12 16 2 5 31 3 0 2 7 0 2 7 0 2 7 12 16 2 17 9 2 0 2 7 17 9 2 0 2 7 5 30 3 0 2 7 1 2 7 0 2 7 13 6 3 17 18 2 0 2 7 17 18 2 1 2 4 0 2 7 1 2 11 0 2 7 6 2 11 13 6 3 1 2 1 0 2 7 0 2 4 5 30 3 1 2 7 0 2 4 1 2 7 1 2 7 17 9 2 1 2 7 0 2 7 0 2 7 0 2 4 0 2 7 0 2 7 1 2 7 1 2 4 0 2 11 0 2 4 0 2 11 12 16 2 8 18 2 0 2 7 17 9 2 1 2 7 1 2 4 0 2 4 1 2 7 0 2 4 5 30 3 1 2 7 1 2 4 17 18 2 5 31 3 0 61.0444357395172119

Current Evaluation = 12600(12600)
Front Size = 10
1 2 7 0 2 7 12 16 2 5 30 3 0 2 7 0 2 7 0 2 4 12 16 2 5 30 3 17 9 2 1 2 7 12 16 2 17 9 2 0 2 7 0 2 7 0 2 7 1 2 7 0 2 7 1 2 7 0 2 4 0 2 4 17 18 2 0 2 7 17 18 2 1 2 7 1 2 7 0 2 7 0 2 7 5 30 3 1 2 7 0 2 4 13 6 3 1 2 7 13 6 3 1 2 4 12 16 2 1 2 4 0 2 7 0 2 7 5 31 3 0 2 7 1 2 4 13 6 3 0 2 7 1 2 7 1 2 7 0 2 7 17 9 2 1 2 7 1 2 7 17 9 2 1 2 7 17 9 2 0 2 7 1 2 4 0 2 7 13 6 3 0 2 7 0 2 7 12 16 2 0 59.7417813539505005
5 31 3 0 2 7 1 2 7 12 16 2 1 2 7 0 2 7 1 2 7 1 2 7 0 2 7 17 9 2 1 2 11 0 2 7 1 2 7 0 2 7 0 2 7 1 2 4 0 2 3 1 2 7 17 18 2 0 2 7 0 2 7 1 2 7 0 2 4 0 2 7 13 6 3 17 18 2 0 2 7 0 2 7 1 2 11 1 2 7 0 2 7 1 2 7 0 2 7 12 16 2 1 2 7 5 30 3 17 9 2 1 2 7 17 9 2 13 6 3 5 31 3 13 6 3 1 2 7 17 18 2 1 2 7 1 2 7 0 2 7 1 2 7 0 2 7 0 2 7 0 2 7 0 2 7 17 9 2 0 2 3 0 2 7 1 2 7 0 2 7 1 2 7 1 2 7 0 2 7 0 59.8072065114974976
5 31 3 0 2 7 1 2 7 13 6 3 12 16 2 1 2 7 1 2 7 0 2 7 1 2 7 1 2 4 0 2 7 1 2 7 17 18 2 0 2 7 12 16 2 12 16 2 0 2 7 17 9 2 1 2 7 13 6 3 17 18 2 1 2 7 0 2 7 0 2 7 0 2 7 1 2 7 1 2 7 0 2 7 0 2 7 1 2 7 0 2 7 0 2 4 0 2 7 0 2 3 0 2 4 0 2 7 1 2 4 5 31 3 5 30 3 0 2 7 1 2 7 1 2 7 1 2 7 0 2 7 17 18 2 0 2 3 0 2 7 0 2 7 1 2 7 0 2 3 17 9 2 1 2 3 12 16 2 16 6 2 0 2 7 13 6 3 17 9 2 0 2 4 1 2 7 1 2 7 0 59.9809155464172363
1 2 7 1 2 7 12 16 2 5 30 3 1 2 7 0 2 7 12 16 2 5 31 3 0 2 7 12 16 2 1 2 7 1 2 7 1 2 7 0 2 7 0 2 7 6 2 7 8 18 2 0 2 7 17 18 2 0 2 7 1 2 7 0 2 7 0 2 7 5 30 3 12 16 2 12 16 2 0 2 4 0 2 7 5 31 3 0 2 7 0 2 7 0 2 4 1 2 3 0 2 7 1 2 7 1 2 7 0 2 7 17 18 2 8 9 2 0 2 7 16 15 2 1 2 7 16 6 2 0 2 7 13 6 3 0 2 7 0 2 7 0 2 7 13 6 3 1 2 7 0 2 7 0 2 3 0 2 7 16 6 2 17 9 2 1 2 7 17 9 2 0 2 7 0 2 7 5 30 3 0 60.9029073119163513
5 31 3 0 2 7 1 2 7 12 16 2 1 2 7 0 2 7 1 2 7 1 2 7 0 2 7 17 9 2 0 2 7 1 2 7 0 2 7 0 2 7 1 2 4 1 2 7 17 18 2 0 2 7 0 2 7 1 2 7 0 2 4 0 2 7 13 6 3 17 18 2 0 2 7 0 2 7 1 2 7 0 2 7 1 2 7 0 2 7 12 16 2 1 2 7 5 30 3 17 9 2 1 2 7 17 9 2 13 6 3 5 31 3 13 6 3 1 2 7 17 18 2 1 2 7 1 2 7 0 2 7 0 2 7 0 2 7 0 2 7 0 2 7 17 9 2 0 2 7 0 2 7 0 2 7 5 30 3 0 2 7 1 2 4 1 2 4 1 2 4 0 2 4 12 16 2 1 2 4 0 59.7875515222549438
5 31 3 1 2 3 5 30 3 0 2 7 13 6 3 12 16 2 1 2 7 0 2 7 1 2 7 1 2 7 13 6 3 0 2 7 1 2 7 0 2 7 1 2 7 1 2 7 1 2 7 0 2 7 0 2 7 17 18 2 0 2 7 12 16 2 17 9 2 12 16 2 1 2 7 17 18 2 1 2 7 0 2 7 0 2 7 13 6 3 0 2 7 0 2 7 0 2 7 12 16 2 17 18 2 1 2 7 0 2 7 0 2 7 0 2 7 1 2 7 0 2 7 0 2 7 1 2 7 0 2 7 17 9 2 1 2 7 0 2 7 0 2 7 0 2 7 5 31 3 0 2 7 1 2 7 0 2 7 16 6 2 16 6 2 1 2 7 0 2 7 5 31 3 0 2 7 1 2 7 0 60.0091503858566284
5 31 3 0 2 7 0 2 7 12 16 2 1 2 7 0 2 7 1 2 7 1 2 7 1 2 4 17 9 2 0 2 7 1 2 7 0 2 7 0 2 7 0 2 7 17 18 2 0 2 4 0 2 7 1 2 7 0 2 4 0 2 7 1 2 7 16 6 2 0 2 7 0 2 7 1 2 7 0 2 7 1 2 4 0 2 4 12 16 2 1 2 4 5 30 3 8 9 2 1 2 7 13 6 3 5 31 3 1 2 4 0 2 7 0 2 7 0 2 7 0 2 7 0 2 7 0 2 7 0 2 7 0 2 7 5 31 3 0 2 7 0 2 7 12 16 2 1 2 7 17 9 2 13 6 3 17 18 2 1 2 4 1 2 7 17 9 2 12 16 2 1 2 7 16 6 2 12 16 2 0 60.3829444646835327
5 30 3 0 2 7 12 16 2 0 2 11 0 2 3 1 2 7 1 2 7 5 30 3 12 16 2 12 16 2 0 2 7 0 2 7 1 2 7 1 2 7 0 2 3 12 16 2 0 2 7 0 2 7 5 30 3 0 2 7 13 6 3 0 2 7 0 2 7 1 2 7 8 18 2 17 9 2 0 2 7 1 2 7 0 2 7 5 31 3 0 2 7 0 2 7 0 2 7 5 30 3 0 2 11 1 2 7 0 2 7 1 2 7 16 6 2 16 6 2 1 2 4 0 2 7 17 9 2 1 2 3 13 6 3 8 18 2 5 30 3 16 19 11 0 2 7 17 18 2 1 2 7 0 2 7 1 2 4 0 2 7 0 2 7 0 2 11 0 2 7 17 18 2 1 2 7 0 2 7 0 61.5616424083709717
5 30 3 0 2 7 8 9 2 12 16 2 0 2 11 0 2 3 1 2 7 0 2 7 1 2 7 6 2 7 0 2 7 5 30 3 12 16 2 8 9 2 12 16 2 0 2 7 0 2 7 1 2 7 0 2 7 0 2 7 12 16 2 0 2 7 0 2 7 16 6 2 16 6 2 5 30 3 0 2 11 1 2 7 13 6 3 0 2 7 0 2 3 0 2 7 1 2 7 17 18 2 1 2 3 17 18 2 0 2 7 0 2 7 8 18 2 1 2 7 5 30 3 0 2 7 0 2 3 5 30 3 16 19 11 0 2 7 0 2 3 0 2 7 0 2 7 5 31 3 0 2 7 16 19 11 1 2 11 0 2 3 16 6 2 0 2 7 0 2 12 5 30 3 5 30 3 0 2 7 0 63.02814120054245
5 30 3 0 2 7 5 30 3 0 2 8 12 16 2 0 2 8 0 2 7 0 2 7 0 2 11 0 2 8 12 16 2 0 2 11 0 2 7 0 2 7 12 16 2 5 30 3 12 16 2 1 2 7 0 2 11 0 2 8 5 30 3 0 2 7 0 2 11 12 16 2 1 2 7 1 2 11 0 2 11 6 2 7 0 2 11 0 2 3 8 18 2 0 2 7 17 9 2 0 2 7 5 30 3 0 2 7 0 2 11 16 19 11 0 2 11 5 30 3 0 2 7 0 2 11 0 2 7 16 19 11 0 2 8 5 30 3 0 2 11 5 30 3 16 19 11 8 9 2 0 2 7 8 9 2 0 2 7 0 2 11 16 19 11 13 6 3 5 30 3 16 6 2 17 9 2 0 2 7 0 65.4051638245582581

Current Evaluation = 13500(13500)
Front Size = 10
1 2 7 0 2 7 12 16 2 5 30 3 0 2 7 0 2 7 0 2 4 12 16 2 5 30 3 17 9 2 1 2 7 12 16 2 17 9 2 0 2 7 0 2 7 0 2 7 1 2 7 0 2 7 1 2 7 0 2 4 0 2 4 17 18 2 0 2 7 17 18 2 1 2 7 1 2 7 0 2 7 0 2 7 5 30 3 1 2 7 0 2 4 13 6 3 1 2 7 13 6 3 1 2 4 12 16 2 1 2 4 0 2 7 0 2 7 5 31 3 0 2 7 1 2 4 13 6 3 0 2 7 1 2 7 1 2 7 0 2 7 17 9 2 1 2 7 1 2 7 17 9 2 1 2 7 17 9 2 0 2 7 1 2 4 0 2 7 13 6 3 0 2 7 0 2 7 12 16 2 0 59.7417813539505005
5 30 3 0 2 7 5 30 3 6 2 3 12 16 2 1 2 3 0 2 7 0 2 7 1 2 3 0 2 7 12 16 2 0 2 7 0 2 7 0 2 7 12 16 2 5 31 3 12 16 2 0 2 7 6 2 7 1 2 7 5 30 3 0 2 7 0 2 7 12 16 2 0 2 4 1 2 7 0 2 11 0 2 7 0 2 7 0 2 7 8 18 2 0 2 3 1 2 10 1 2 7 5 30 3 0 2 10 0 2 7 16 19 11 0 2 11 5 30 3 0 2 7 0 2 7 0 2 7 0 2 7 0 2 11 16 30 2 0 2 3 5 30 3 16 19 11 8 18 2 0 2 3 17 9 2 0 2 7 1 2 7 16 19 11 13 6 3 5 30 3 16 6 2 17 9 2 0 2 7 0 63.4044522643089294
5 31 3 1 2 3 5 31 3 0 2 3 13 6 3 12 16 2 6 2 4 0 2 7 1 2 7 1 2 3 13 6 3 0 2 7 0 2 3 0 2 7 0 2 7 0 2 4 1 2 4 1 2 7 1 2 7 17 18 2 0 2 3 12 16 2 17 9 2 12 16 2 1 2 7 17 18 2 1 2 7 0 2 7 1 2 7 1 2 10 0 2 4 0 2 7 12 16 2 1 2 4 0 2 7 0 2 7 0 2 7 0 2 4 0 2 3 0 2 7 17 9 2 1 2 7 1 2 3 0 2 11 16 30 2 16 6 2 0 2 7 17 18 2 1 2 3 1 2 7 0 2 7 0 2 7 5 30 3 1 2 7 0 2 3 0 2 7 0 2 4 5 30 3 1 2 7 0 2 4 0 60.9350268244743347
0 2 7 1 2 7 12 16 2 0 2 7 16 19 11 0 2 7 17 9 2 0 2 7 0 2 7 0 2 7 0 2 3 1 2 7 0 2 7 0 2 7 1 2 7 16 19 11 0 2 7 0 2 7 0 2 7 0 2 11 0 2 7 5 30 3 17 9 2 0 2 7 5 30 3 5 30 3 1 2 7 1 2 7 0 2 7 0 2 7 17 9 2 1 2 7 1 2 4 8 18 2 0 2 7 17 9 2 0 2 7 1 2 7 1 2 7 5 30 3 13 6 3 5 30 3 5 30 3 1 2 7 0 2 7 0 2 1 0 2 7 0 2 7 0 2 7 0 2 7 8 18 2 15 2 11 0 2 7 12 16 2 5 30 3 0 2 7 0 2 7 5 30 3 0 2 7 16 19 11 0 62.7486450672149658
5 31 3 0 2 7 13 6 3 12 16 2 1 2 7 1 2 7 0 2 7 0 2 7 1 2 7 0 2 3 1 2 4 0 2 7 1 2 4 1 2 7 1 2 7 17 9 2 0 2 3 0 2 7 1 2 3 0 2 7 0 2 7 1 2 7 0 2 4 0 2 7 1 2 3 0 2 7 6 2 7 1 2 7 6 2 7 1 2 7 0 2 7 0 2 7 17 9 2 0 2 7 0 2 7 0 2 3 0 2 7 17 18 2 0 2 7 5 31 3 0 2 7 0 2 4 5 30 3 16 18 11 5 30 3 12 16 2 5 31 3 16 19 11 0 2 7 1 2 7 0 2 7 0 2 7 0 2 7 0 2 7 5 30 3 16 6 2 17 9 2 5 30 3 0 2 4 0 2 7 0 61.8368315100669861
5 31 3 0 2 7 1 2 7 12 16 2 1 2 7 0 2 7 1 2 7 1 2 7 0 2 7 17 9 2 0 2 7 1 2 7 0 2 7 0 2 7 1 2 4 1 2 7 17 18 2 0 2 7 0 2 7 1 2 7 0 2 4 0 2 7 13 6 3 17 18 2 0 2 7 0 2 7 1 2 7 0 2 7 1 2 7 0 2 7 12 16 2 1 2 7 5 30 3 17 9 2 1 2 7 17 9 2 13 6 3 5 31 3 13 6 3 1 2 7 17 18 2 1 2 7 1 2 7 0 2 7 0 2 7 0 2 7 0 2 7 0 2 7 17 9 2 0 2 7 0 2 7 0 2 7 5 30 3 0 2 7 1 2 4 1 2 4 1 2 4 0 2 4 12 16 2 1 2 4 0 59.7875515222549438
5 30 3 0 2 7 5 30 3 0 2 8 12 16 2 0 2 8 0 2 7 0 2 7 0 2 11 0 2 8 12 16 2 0 2 11 0 2 7 0 2 7 12 16 2 5 30 3 12 16 2 1 2 7 0 2 11 0 2 8 5 30 3 0 2 7 0 2 11 12 16 2 1 2 7 1 2 11 0 2 11 6 2 7 0 2 11 0 2 3 8 18 2 0 2 7 17 9 2 0 2 7 5 30 3 0 2 7 0 2 11 16 19 11 0 2 11 5 30 3 0 2 7 0 2 11 0 2 7 16 19 11 0 2 8 5 30 3 0 2 11 5 30 3 16 19 11 8 9 2 0 2 7 8 9 2 0 2 7 0 2 11 16 19 11 13 6 3 5 30 3 16 6 2 17 9 2 0 2 7 0 65.4051638245582581
1 2 7 0 2 7 12 16 2 5 30 3 0 2 7 0 2 7 12 16 2 5 31 3 17 9 2 0 2 10 17 9 2 0 2 7 1 2 7 0 2 7 0 2 7 0 2 10 1 2 11 0 2 4 0 2 7 0 2 7 0 2 7 0 2 7 5 30 3 1 2 7 13 6 3 1 2 7 1 2 7 16 32 2 1 2 7 0 2 7 0 2 7 0 2 7 0 2 7 17 9 2 17 9 2 0 2 7 0 2 7 0 2 7 1 2 7 0 2 7 0 2 7 5 30 3 0 2 7 8 18 2 5 30 3 9 2 7 13 6 3 12 16 2 1 2 7 5 30 3 0 2 7 0 2 7 5 30 3 5 30 3 1 2 7 1 2 7 1 2 7 0 2 7 17 18 2 16 18 11 0 61.7802051901817322
5 31 3 0 2 7 1 2 7 12 16 2 0 2 7 0 2 7 0 2 4 1 2 4 0 2 7 17 9 2 0 2 7 1 2 4 1 2 7 0 2 4 1 2 7 1 2 7 17 18 2 0 2 3 0 2 4 1 2 7 0 2 7 0 2 4 1 2 7 17 18 2 0 2 7 0 2 4 1 2 4 0 2 7 1 2 7 1 2 4 12 16 2 1 2 3 5 30 3 17 9 2 1 2 4 17 9 2 13 6 3 5 31 3 1 2 7 17 18 2 0 2 4 0 2 4 0 2 4 0 2 7 0 2 7 0 2 7 0 2 4 5 30 3 1 2 7 1 2 7 0 2 7 12 16 2 13 6 3 17 18 2 1 2 7 0 2 7 0 2 4 0 2 7 1 2 7 1 2 7 0 60.1897426843643188
5 31 3 5 30 3 0 2 7 13 6 3 12 16 2 0 2 4 0 2 7 1 2 7 6 2 7 13 6 3 0 2 7 5 31 3 0 2 7 1 2 7 1 2 7 1 2 4 1 2 7 0 2 7 17 18 2 0 2 7 12 16 2 17 9 2 12 16 2 1 2 7 17 18 2 1 2 7 0 2 7 0 2 7 13 6 3 0 2 7 0 2 7 0 2 7 17 18 2 1 2 7 0 2 7 0 2 7 0 2 7 1 2 7 0 2 7 0 2 7 1 2 7 0 2 7 17 9 2 1 2 4 0 2 7 0 2 7 0 2 7 5 31 3 0 2 7 1 2 7 1 2 7 12 16 2 1 2 7 16 6 2 17 9 2 0 2 4 0 2 7 1 2 7 1 2 7 1 2 7 0 59.938682496547699

Current Evaluation = 14400(14400)
Front Size = 10
1 2 7 0 2 7 12 16 2 5 30 3 0 2 7 0 2 7 0 2 4 12 16 2 5 30 3 17 9 2 1 2 7 12 16 2 17 9 2 0 2 7 0 2 7 0 2 7 1 2 7 0 2 7 1 2 7 0 2 4 0 2 4 17 18 2 0 2 7 17 18 2 1 2 7 1 2 7 0 2 7 0 2 7 5 30 3 1 2 7 0 2 4 13 6 3 1 2 7 13 6 3 1 2 4 12 16 2 1 2 4 0 2 7 0 2 7 5 31 3 0 2 7 1 2 4 13 6 3 0 2 7 1 2 7 1 2 7 0 2 7 17 9 2 1 2 7 1 2 7 17 9 2 1 2 7 17 9 2 0 2 7 1 2 4 0 2 7 13 6 3 0 2 7 0 2 7 12 16 2 0 59.7417813539505005
0 2 3 13 6 3 0 2 7 0 2 7 1 2 7 13 6 3 0 2 7 0 2 7 1 2 7 0 2 7 1 2 7 1 2 7 17 18 2 1 2 7 17 9 2 12 16 2 0 2 7 17 18 2 1 2 11 0 2 4 1 2 7 1 2 3 0 2 7 12 16 2 1 2 4 0 2 7 1 2 7 0 2 7 0 2 7 0 2 7 1 2 7 1 2 7 1 2 7 5 30 3 1 2 7 5 31 3 5 31 3 17 18 2 17 9 2 17 9 2 1 2 7 17 18 2 1 2 7 0 2 7 0 2 7 0 2 7 1 2 7 0 2 7 0 2 7 0 2 7 0 2 7 1 2 11 0 2 7 0 2 7 1 2 7 0 2 7 13 6 3 0 2 7 1 2 7 1 2 7 0 59.8072065114974976
5 31 3 1 2 3 5 31 3 0 2 3 13 6 3 12 16 2 6 2 4 0 2 7 1 2 7 1 2 3 13 6 3 0 2 7 0 2 3 0 2 7 0 2 7 0 2 4 1 2 4 1 2 7 1 2 7 17 18 2 0 2 3 12 16 2 17 9 2 12 16 2 1 2 7 17 18 2 1 2 7 0 2 7 1 2 7 1 2 10 0 2 4 0 2 7 12 16 2 1 2 4 0 2 7 0 2 7 0 2 7 0 2 4 0 2 3 0 2 7 17 9 2 1 2 7 1 2 3 0 2 11 16 30 2 16 6 2 0 2 7 17 18 2 1 2 3 1 2 7 0 2 7 0 2 7 5 30 3 1 2 7 0 2 3 0 2 7 0 2 4 5 30 3 1 2 7 0 2 4 0 60.9350268244743347
0 2 7 13 6 3 1 2 7 0 2 4 13 6 3 0 2 4 0 2 7 1 2 7 0 2 7 1 2 7 1 2 7 17 18 2 1 2 7 17 9 2 12 16 2 17 18 2 17 18 2 1 2 7 0 2 7 1 2 7 0 2 7 0 2 7 12 16 2 1 2 7 0 2 4 1 2 7 0 2 7 0 2 7 0 2 7 0 2 7 1 2 7 1 2 7 1 2 7 5 30 3 0 2 7 1 2 7 5 31 3 0 2 7 17 18 2 17 9 2 1 2 7 0 2 7 17 9 2 1 2 4 1 2 7 1 2 7 0 2 7 1 2 7 0 2 7 13 6 3 5 31 3 0 2 7 0 2 7 0 2 4 0 2 7 5 30 3 12 16 2 0 2 4 0 2 7 1 2 4 0 59.7875515222549438
0 2 7 0 2 7 12 16 2 5 30 3 1 2 7 0 2 7 12 16 2 5 30 3 17 9 2 17 9 2 0 2 7 0 2 7 0 2 7 0 2 7 0 2 7 0 2 7 13 6 3 1 2 7 1 2 4 5 30 3 0 2 7 13 6 3 1 2 7 0 2 7 0 2 7 0 2 7 0 2 7 0 2 7 0 2 7 16 19 11 8 9 2 0 2 7 1 2 7 0 2 7 0 2 7 0 2 7 0 2 7 5 30 3 13 6 3 12 16 2 1 2 7 1 2 7 0 2 7 0 2 7 17 18 2 1 2 7 0 2 7 0 2 7 16 6 2 17 9 2 0 2 7 12 16 2 1 2 4 5 30 3 5 31 3 17 18 2 5 30 3 5 30 3 6 2 7 1 2 11 0 61.3494719862937927
5 31 3 6 2 4 5 31 3 0 2 7 13 6 3 12 16 2 0 2 4 0 2 7 13 6 3 0 2 4 0 2 7 0 2 4 0 2 7 1 2 4 0 2 4 1 2 7 17 18 2 12 16 2 17 9 2 12 16 2 1 2 7 17 18 2 1 2 7 0 2 7 1 2 7 0 2 7 1 2 7 1 2 7 0 2 4 0 2 4 0 2 7 0 2 7 0 2 7 17 9 2 1 2 7 0 2 7 17 18 2 0 2 3 0 2 7 0 2 4 5 30 3 1 2 7 0 2 11 0 2 4 5 30 3 1 2 4 1 2 7 1 2 7 1 2 7 0 2 4 1 2 3 1 2 7 12 16 2 0 2 4 17 9 2 17 18 2 0 2 7 1 2 11 1 2 4 0 2 4 0 60.5835856795310974
5 30 3 5 30 3 1 2 11 13 6 3 12 16 2 0 2 7 0 2 4 5 30 3 0 2 7 0 2 7 0 2 7 1 2 7 17 9 2 12 16 2 17 9 2 1 2 7 17 18 2 0 2 7 0 2 7 1 2 7 16 6 2 1 2 4 5 31 3 0 2 7 0 2 7 1 2 4 17 9 2 0 2 7 0 2 7 8 9 2 1 2 7 5 30 3 1 2 7 1 2 4 1 2 7 5 31 3 1 2 7 1 2 7 1 2 7 17 9 2 17 18 2 0 2 7 0 2 7 1 2 7 13 6 3 0 2 7 0 2 7 0 2 4 0 2 7 0 2 4 1 2 7 0 2 7 0 2 7 0 2 7 0 2 7 1 2 4 0 2 7 0 2 7 0 2 7 0 2 7 0 60.5439484119415283
0 2 7 13 6 3 0 2 7 0 2 7 1 2 3 13 6 3 0 2 7 0 2 7 1 2 7 0 2 7 1 2 7 1 2 7 17 18 2 1 2 7 17 9 2 12 16 2 0 2 7 17 18 2 1 2 7 0 2 4 1 2 7 1 2 7 0 2 7 12 16 2 1 2 7 0 2 7 1 2 7 0 2 4 0 2 7 0 2 7 0 2 7 1 2 7 1 2 7 1 2 7 5 30 3 1 2 7 0 2 4 5 31 3 5 31 3 17 18 2 17 9 2 17 9 2 1 2 4 17 18 2 1 2 3 0 2 7 0 2 7 0 2 7 1 2 4 0 2 4 0 2 4 1 2 7 0 2 7 0 2 4 1 2 4 0 2 4 1 2 3 0 2 4 0 2 4 5 30 3 0 60.1313927173614502
0 2 4 0 2 7 12 16 2 5 30 3 1 2 7 0 2 7 12 16 2 5 30 3 17 9 2 17 9 2 0 2 7 0 2 7 0 2 7 0 2 7 0 2 7 1 2 7 13 6 3 1 2 7 1 2 7 0 2 7 13 6 3 1 2 7 0 2 7 0 2 4 0 2 4 0 2 7 0 2 7 0 2 7 1 2 7 1 2 7 1 2 7 17 18 2 1 2 4 17 9 2 1 2 4 5 31 3 17 18 2 5 30 3 16 19 11 8 9 2 0 2 10 1 2 7 0 2 7 0 2 7 0 2 7 5 30 3 0 2 4 12 16 2 0 2 7 0 2 10 17 18 2 0 2 7 1 2 10 1 2 7 1 2 4 0 2 7 5 30 3 0 2 7 1 2 7 0 2 4 0 61.0702693462371826
5 30 3 0 2 7 5 30 3 0 2 8 12 16 2 0 2 8 0 2 7 0 2 7 0 2 11 0 2 8 12 16 2 0 2 11 0 2 7 0 2 7 12 16 2 5 30 3 12 16 2 1 2 7 0 2 11 0 2 8 5 30 3 0 2 7 0 2 11 12 16 2 1 2 7 1 2 11 0 2 11 6 2 7 0 2 11 0 2 3 8 18 2 0 2 7 17 9 2 0 2 7 5 30 3 0 2 7 0 2 11 16 19 11 0 2 11 5 30 3 0 2 7 0 2 11 0 2 7 16 19 11 0 2 8 5 30 3 0 2 11 5 30 3 16 19 11 8 9 2 0 2 7 8 9 2 0 2 7 0 2 11 16 19 11 13 6 3 5 30 3 16 6 2 17 9 2 0 2 7 0 65.4051638245582581

Current Evaluation = 15300(15300)
Front Size = 10
1 2 7 0 2 7 12 16 2 5 31 3 0 2 7 0 2 7 0 2 4 12 16 2 17 9 2 1 2 7 12 16 2 17 9 2 0 2 7 0 2 7 0 2 7 1 2 7 0 2 7 1 2 7 0 2 7 0 2 7 17 18 2 0 2 7 17 18 2 0 2 7 1 2 7 1 2 7 0 2 7 1 2 7 13 6 3 1 2 7 13 6 3 12 16 2 0 2 7 0 2 7 5 31 3 0 2 7 13 6 3 0 2 7 1 2 7 1 2 7 0 2 7 1 2 7 1 2 4 1 2 7 0 2 7 0 2 7 0 2 7 0 2 7 0 2 7 17 18 2 0 2 7 1 2 7 17 18 2 1 2 7 1 2 7 5 31 3 1 2 4 16 6 2 1 2 7 1 2 7 0 59.7211945056915283
1 2 7 0 2 7 12 16 2 5 30 3 0 2 7 0 2 7 0 2 4 12 16 2 5 30 3 17 9 2 1 2 7 12 16 2 17 9 2 0 2 7 0 2 7 0 2 7 1 2 7 0 2 7 1 2 7 0 2 4 0 2 4 17 18 2 0 2 7 17 18 2 1 2 7 1 2 7 0 2 7 0 2 7 5 30 3 1 2 7 0 2 4 13 6 3 1 2 7 13 6 3 1 2 4 12 16 2 1 2 4 0 2 7 0 2 7 5 31 3 0 2 7 1 2 4 13 6 3 0 2 7 1 2 7 1 2 7 0 2 7 17 9 2 1 2 7 1 2 7 17 9 2 1 2 7 17 9 2 0 2 7 1 2 4 0 2 7 13 6 3 0 2 7 0 2 7 12 16 2 0 59.7417813539505005
0 2 3 13 6 3 0 2 7 0 2 7 1 2 7 13 6 3 0 2 7 0 2 7 1 2 7 0 2 7 1 2 7 1 2 7 17 18 2 1 2 7 17 9 2 12 16 2 0 2 7 17 18 2 1 2 11 0 2 4 1 2 7 1 2 3 0 2 7 12 16 2 1 2 4 0 2 7 1 2 7 0 2 7 0 2 7 0 2 7 1 2 7 1 2 7 1 2 7 5 30 3 1 2 7 5 31 3 5 31 3 17 18 2 17 9 2 17 9 2 1 2 7 17 18 2 1 2 7 0 2 7 0 2 7 0 2 7 1 2 7 0 2 7 0 2 7 0 2 7 0 2 7 1 2 11 0 2 7 0 2 7 1 2 7 0 2 7 13 6 3 0 2 7 1 2 7 1 2 7 0 59.8072065114974976
13 6 3 12 16 2 0 2 7 13 6 3 5 31 3 0 2 7 1 2 4 5 30 3 17 18 2 12 16 2 17 9 2 1 2 7 17 18 2 0 2 4 0 2 7 1 2 4 0 2 7 17 9 2 1 2 4 1 2 7 0 2 4 0 2 4 0 2 7 0 2 7 1 2 7 0 2 7 12 16 2 1 2 7 5 31 3 0 2 3 1 2 7 17 18 2 0 2 7 0 2 7 17 18 2 1 2 4 1 2 4 0 2 7 0 2 4 0 2 7 0 2 7 1 2 4 6 2 7 0 2 4 12 16 2 1 2 7 1 2 7 0 2 7 0 2 7 16 6 2 0 2 4 0 2 7 1 2 7 1 2 7 1 2 7 5 31 3 0 2 7 0 2 7 1 2 7 0 2 7 0 60.2408736348152161
0 2 7 1 2 3 1 2 3 1 2 7 13 6 3 0 2 7 0 2 3 0 2 7 0 2 7 1 2 7 1 2 7 8 18 2 1 2 7 17 9 2 12 16 2 1 2 3 17 18 2 1 2 7 1 2 7 1 2 3 12 16 2 1 2 11 0 2 7 0 2 7 0 2 7 0 2 11 0 2 7 5 30 3 5 31 3 17 9 2 17 9 2 0 2 7 0 2 7 0 2 3 1 2 3 1 2 11 0 2 7 0 2 7 0 2 7 0 2 7 0 2 7 13 6 3 0 2 7 0 2 7 16 6 2 1 2 7 0 2 7 0 2 7 1 2 3 0 2 7 0 2 7 16 19 11 5 30 3 17 18 2 1 2 7 0 2 7 0 2 7 1 2 11 5 30 3 1 2 7 0 61.3221384286880493
6 2 7 13 6 3 12 16 2 0 2 7 13 6 3 0 2 4 0 2 7 1 2 4 0 2 4 0 2 4 5 31 3 17 18 2 12 16 2 17 9 2 1 2 7 17 18 2 1 2 7 1 2 3 0 2 7 0 2 4 1 2 11 1 2 7 5 30 3 1 2 10 0 2 7 17 9 2 1 2 7 0 2 4 1 2 4 0 2 7 6 2 7 0 2 7 0 2 4 0 2 7 0 2 7 1 2 7 0 2 7 12 16 2 5 30 3 0 2 7 0 2 4 5 31 3 1 2 7 1 2 7 17 18 2 0 2 7 0 2 7 17 18 2 1 2 4 1 2 7 0 2 4 0 2 7 0 2 7 5 30 3 1 2 7 0 2 7 0 2 11 1 2 11 17 9 2 0 2 4 0 60.7163236141204834
5 31 3 13 6 3 12 16 2 0 2 7 0 2 7 13 6 3 0 2 7 0 2 7 0 2 7 1 2 7 1 2 7 1 2 7 1 2 7 17 18 2 12 16 2 17 9 2 1 2 3 1 2 11 17 18 2 1 2 7 0 2 7 0 2 7 5 31 3 1 2 7 0 2 7 0 2 7 0 2 7 0 2 7 17 9 2 0 2 7 13 6 3 0 2 7 1 2 3 0 2 7 0 2 7 5 30 3 1 2 7 0 2 7 0 2 7 1 2 4 1 2 7 5 30 3 0 2 7 17 9 2 1 2 7 0 2 4 0 2 3 0 2 7 12 16 2 1 2 7 0 2 7 1 2 7 17 9 2 16 6 2 1 2 4 0 2 7 1 2 7 1 2 7 0 2 7 0 2 7 0 60.1339124441146851
5 31 3 13 6 3 12 16 2 0 2 7 0 2 7 13 6 3 0 2 7 1 2 7 0 2 7 1 2 7 1 2 7 1 2 7 1 2 7 17 18 2 12 16 2 17 9 2 1 2 11 1 2 7 17 18 2 1 2 4 0 2 7 0 2 7 5 31 3 1 2 4 0 2 7 0 2 7 0 2 7 0 2 7 17 9 2 0 2 7 13 6 3 0 2 7 0 2 7 0 2 7 5 30 3 1 2 7 0 2 4 0 2 7 1 2 7 1 2 7 0 2 7 17 9 2 1 2 7 0 2 7 0 2 7 0 2 7 1 2 7 0 2 7 1 2 11 0 2 7 1 2 7 1 2 7 0 2 11 1 2 7 17 18 2 12 16 2 17 9 2 0 2 4 1 2 7 1 2 7 0 59.885156512260437
5 31 3 13 6 3 12 16 2 0 2 7 0 2 7 13 6 3 0 2 7 0 2 7 0 2 7 1 2 7 1 2 7 1 2 7 1 2 7 17 18 2 12 16 2 17 9 2 1 2 7 1 2 7 17 18 2 1 2 7 0 2 7 0 2 7 5 31 3 1 2 7 0 2 7 0 2 7 0 2 7 0 2 7 17 9 2 0 2 7 13 6 3 0 2 7 1 2 7 0 2 7 0 2 7 5 30 3 1 2 7 0 2 7 0 2 7 1 2 7 1 2 7 5 30 3 0 2 7 17 9 2 1 2 7 0 2 4 0 2 7 0 2 7 12 16 2 1 2 7 0 2 7 1 2 7 17 9 2 16 6 2 1 2 4 0 2 7 1 2 7 5 31 3 0 2 7 0 2 7 0 60.1157864332199097
5 30 3 0 2 7 5 30 3 0 2 8 12 16 2 0 2 8 0 2 7 0 2 7 0 2 11 0 2 8 12 16 2 0 2 11 0 2 7 0 2 7 12 16 2 5 30 3 12 16 2 1 2 7 0 2 11 0 2 8 5 30 3 0 2 7 0 2 11 12 16 2 1 2 7 1 2 11 0 2 11 6 2 7 0 2 11 0 2 3 8 18 2 0 2 7 17 9 2 0 2 7 5 30 3 0 2 7 0 2 11 16 19 11 0 2 11 5 30 3 0 2 7 0 2 11 0 2 7 16 19 11 0 2 8 5 30 3 0 2 11 5 30 3 16 19 11 8 9 2 0 2 7 8 9 2 0 2 7 0 2 11 16 19 11 13 6 3 5 30 3 16 6 2 17 9 2 0 2 7 0 65.4051638245582581

Current Evaluation = 16200(16200)
Front Size = 10
1 2 7 0 2 7 12 16 2 5 31 3 0 2 7 0 2 4 12 16 2 17 9 2 1 2 7 17 9 2 0 2 7 0 2 7 0 2 7 1 2 7 0 2 7 1 2 7 0 2 7 0 2 7 17 18 2 0 2 7 17 18 2 0 2 7 0 2 7 1 2 7 0 2 7 1 2 7 13 6 3 1 2 7 13 6 3 0 2 7 0 2 7 5 31 3 0 2 7 13 6 3 0 2 7 1 2 7 1 2 7 0 2 7 1 2 7 1 2 7 1 2 7 0 2 7 0 2 7 0 2 7 0 2 7 17 18 2 1 2 7 1 2 7 1 2 7 1 2 4 1 2 7 0 2 7 17 9 2 0 2 4 12 16 2 12 16 2 1 2 7 5 31 3 16 6 2 1 2 7 0 59.7211945056915283
5 30 3 0 2 7 5 30 3 0 2 8 12 16 2 0 2 8 0 2 7 0 2 7 0 2 11 0 2 8 12 16 2 0 2 11 0 2 7 0 2 7 12 16 2 5 30 3 12 16 2 1 2 7 0 2 11 0 2 8 5 30 3 0 2 7 0 2 11 12 16 2 1 2 7 1 2 11 0 2 11 6 2 7 0 2 11 0 2 3 8 18 2 0 2 7 17 9 2 0 2 7 5 30 3 0 2 7 0 2 11 16 19 11 0 2 11 5 30 3 0 2 7 0 2 11 0 2 7 16 19 11 0 2 8 5 30 3 0 2 11 5 30 3 16 19 11 8 9 2 0 2 7 8 9 2 0 2 7 0 2 11 16 19 11 13 6 3 5 30 3 16 6 2 17 9 2 0 2 7 0 65.4051638245582581
13 6 3 12 16 2 0 2 7 13 6 3 0 2 4 0 2 7 1 2 4 5 31 3 17 18 2 12 16 2 17 9 2 1 2 7 17 18 2 1 2 7 0 2 7 1 2 7 5 30 3 0 2 4 17 9 2 1 2 7 1 2 4 0 2 7 0 2 7 0 2 7 0 2 7 1 2 7 0 2 7 12 16 2 5 30 3 0 2 4 5 31 3 1 2 7 1 2 7 0 2 7 0 2 7 1 2 7 0 2 7 0 2 7 1 2 7 0 2 7 17 9 2 6 2 7 0 2 4 0 2 4 1 2 7 0 2 4 1 2 7 1 2 7 1 2 7 13 6 3 0 2 7 0 2 4 17 18 2 17 18 2 12 16 2 0 2 4 5 30 3 0 2 7 1 2 7 0 2 4 0 60.1633895039558411
1 2 7 0 2 7 12 16 2 5 30 3 0 2 7 0 2 7 0 2 4 12 16 2 5 30 3 17 9 2 1 2 7 12 16 2 17 9 2 0 2 7 0 2 7 0 2 7 1 2 7 0 2 7 1 2 7 0 2 4 0 2 4 17 18 2 0 2 7 17 18 2 1 2 7 1 2 7 0 2 7 0 2 7 5 30 3 1 2 7 0 2 4 13 6 3 1 2 7 13 6 3 1 2 4 12 16 2 1 2 4 0 2 7 0 2 7 5 31 3 0 2 7 1 2 4 13 6 3 0 2 7 1 2 7 1 2 7 0 2 7 17 9 2 1 2 7 1 2 7 17 9 2 1 2 7 17 9 2 0 2 7 1 2 4 0 2 7 13 6 3 0 2 7 0 2 7 12 16 2 0 59.7417813539505005
13 6 3 12 16 2 0 2 7 13 6 3 1 2 7 0 2 7 1 2 7 0 2 7 0 2 7 5 31 3 17 18 2 12 16 2 17 9 2 0 2 7 17 18 2 1 2 7 0 2 7 0 2 7 1 2 7 5 30 3 0 2 7 17 9 2 1 2 3 0 2 7 1 2 7 1 2 7 0 2 7 0 2 7 0 2 7 1 2 4 0 2 7 12 16 2 1 2 7 0 2 7 5 31 3 1 2 7 1 2 7 17 18 2 0 2 7 1 2 4 1 2 7 0 2 7 0 2 7 1 2 7 16 19 11 17 9 2 0 2 7 1 2 7 1 2 7 0 2 7 0 2 7 0 2 7 0 2 7 1 2 7 1 2 7 0 2 7 5 30 3 0 2 7 13 6 3 0 2 7 0 60.2201623916625977
5 31 3 13 6 3 12 16 2 0 2 4 1 2 7 13 6 3 0 2 7 0 2 7 0 2 7 1 2 7 1 2 7 1 2 7 1 2 4 17 18 2 12 16 2 17 9 2 1 2 7 17 18 2 1 2 7 0 2 4 0 2 7 5 31 3 1 2 7 0 2 7 0 2 7 0 2 7 0 2 7 17 9 2 0 2 7 13 6 3 0 2 7 1 2 7 0 2 7 5 30 3 1 2 7 0 2 7 0 2 7 1 2 7 1 2 7 0 2 7 17 9 2 0 2 7 0 2 7 1 2 7 0 2 7 1 2 7 0 2 7 1 2 7 1 2 7 0 2 4 0 2 7 1 2 7 0 2 4 5 30 3 1 2 4 0 2 4 12 16 2 1 2 7 17 9 2 17 18 2 0 59.7875515222549438
1 2 7 0 2 7 12 16 2 5 31 3 0 2 7 0 2 7 0 2 4 12 16 2 17 9 2 1 2 7 12 16 2 17 9 2 1 2 7 1 2 7 13 6 3 0 2 7 0 2 7 1 2 4 0 2 7 0 2 7 17 18 2 0 2 7 17 18 2 0 2 4 0 2 7 1 2 7 0 2 7 1 2 7 13 6 3 1 2 4 13 6 3 0 2 7 0 2 7 0 2 4 13 6 3 0 2 7 1 2 7 1 2 7 1 2 7 1 2 7 0 2 7 1 2 4 0 2 7 0 2 7 1 2 7 1 2 7 12 16 2 17 9 2 5 30 3 0 2 4 0 2 7 0 2 4 0 2 7 17 9 2 1 2 7 1 2 7 5 30 3 5 30 3 17 9 2 12 16 2 0 59.7417813539505005
1 2 7 0 2 7 12 16 2 5 31 3 0 2 7 0 2 4 12 16 2 17 9 2 1 2 7 17 9 2 0 2 7 0 2 7 0 2 7 1 2 7 0 2 7 1 2 7 0 2 7 0 2 7 17 18 2 0 2 7 17 18 2 0 2 7 0 2 7 1 2 7 0 2 7 1 2 7 13 6 3 1 2 7 13 6 3 0 2 7 0 2 7 5 31 3 0 2 7 13 6 3 0 2 7 1 2 7 1 2 7 0 2 7 1 2 7 1 2 7 1 2 7 0 2 7 0 2 7 0 2 7 0 2 7 17 18 2 1 2 7 1 2 7 1 2 7 1 2 4 1 2 7 0 2 7 17 9 2 1 2 11 0 2 7 17 18 2 1 2 3 5 30 3 1 2 11 1 2 3 0 59.8072065114974976
6 2 7 13 6 3 12 16 2 0 2 7 13 6 3 0 2 4 0 2 7 1 2 4 0 2 4 0 2 4 5 31 3 17 18 2 12 16 2 17 9 2 1 2 7 17 18 2 1 2 7 1 2 3 0 2 7 0 2 4 1 2 11 1 2 7 5 30 3 1 2 10 0 2 7 17 9 2 1 2 7 0 2 4 1 2 4 0 2 7 6 2 7 0 2 7 0 2 4 0 2 7 0 2 7 1 2 7 0 2 7 12 16 2 5 30 3 0 2 7 0 2 4 5 31 3 1 2 7 1 2 7 17 18 2 0 2 7 0 2 7 17 18 2 1 2 4 1 2 7 0 2 4 0 2 7 0 2 7 5 30 3 1 2 7 0 2 7 0 2 11 1 2 11 17 9 2 0 2 4 0 60.7163236141204834
0 2 7 12 16 2 5 31 3 0 2 7 0 2 7 12 16 2 17 9 2 1 2 7 17 9 2 0 2 7 0 2 7 0 2 7 1 2 7 0 2 7 1 2 7 0 2 7 1 2 7 17 18 2 0 2 7 17 18 2 0 2 7 0 2 7 0 2 7 0 2 7 1 2 7 13 6 3 13 6 3 0 2 7 0 2 7 0 2 7 13 6 3 0 2 7 1 2 7 0 2 7 1 2 7 1 2 7 1 2 4 0 2 7 1 2 7 1 2 7 1 2 7 1 2 7 1 2 7 17 9 2 5 30 3 0 2 4 17 9 2 1 2 3 5 31 3 12 16 2 1 2 3 0 2 4 12 16 2 1 2 7 0 2 4 1 2 7 0 2 7 0 2 7 5 30 3 5 30 3 2.64154955149682389e-07 60.5590974092483521

Current Evaluation = 17100(17100)
Front Size = 10
1 2 7 0 2 7 12 16 2 5 31 3 0 2 7 0 2 4 12 16 2 17 9 2 1 2 7 17 9 2 0 2 7 0 2 7 0 2 7 1 2 7 0 2 7 1 2 7 0 2 7 0 2 7 17 18 2 0 2 7 17 18 2 0 2 7 0 2 7 1 2 7 0 2 7 1 2 7 13 6 3 1 2 7 13 6 3 0 2 7 0 2 7 5 31 3 0 2 7 13 6 3 0 2 7 1 2 7 1 2 7 0 2 7 1 2 7 1 2 7 1 2 7 0 2 7 0 2 7 0 2 7 0 2 7 17 18 2 1 2 7 1 2 7 1 2 7 1 2 4 1 2 7 0 2 7 17 9 2 0 2 4 12 16 2 12 16 2 1 2 7 5 31 3 16 6 2 1 2 7 0 59.7211945056915283
13 6 3 12 16 2 0 2 7 13 6 3 0 2 4 0 2 7 1 2 4 5 31 3 17 18 2 12 16 2 17 9 2 1 2 7 17 18 2 1 2 7 0 2 7 1 2 7 5 30 3 0 2 4 17 9 2 1 2 7 1 2 4 0 2 7 0 2 7 0 2 7 0 2 7 1 2 7 0 2 7 12 16 2 5 30 3 0 2 4 5 31 3 1 2 7 1 2 7 0 2 7 0 2 7 1 2 7 0 2 7 0 2 7 1 2 7 0 2 7 17 9 2 6 2 7 0 2 4 0 2 4 1 2 7 0 2 4 1 2 7 1 2 7 1 2 7 13 6 3 0 2 7 0 2 4 17 18 2 17 18 2 12 16 2 0 2 4 5 30 3 0 2 7 1 2 7 0 2 4 0 60.1633895039558411
1 2 7 0 2 7 12 16 2 5 31 3 0 2 7 0 2 7 0 2 4 12 16 2 17 9 2 0 2 7 12 16 2 17 9 2 1 2 7 1 2 7 13 6 3 0 2 7 0 2 7 1 2 4 0 2 7 0 2 7 17 18 2 0 2 7 17 18 2 0 2 4 0 2 7 1 2 7 0 2 7 1 2 7 13 6 3 1 2 4 13 6 3 0 2 7 0 2 7 0 2 7 13 6 3 0 2 7 1 2 4 1 2 7 1 2 7 1 2 7 0 2 7 1 2 4 0 2 7 0 2 7 1 2 7 1 2 7 12 16 2 17 9 2 5 30 3 0 2 4 0 2 7 0 2 7 17 9 2 1 2 7 5 30 3 5 30 3 17 9 2 12 16 2 1 2 4 1 2 7 0 59.7417813539505005
1 2 7 0 2 7 12 16 2 5 30 3 0 2 7 1 2 11 12 16 2 17 9 2 1 2 7 17 9 2 0 2 7 0 2 7 0 2 4 1 2 7 0 2 7 1 2 3 0 2 7 0 2 7 17 18 2 1 2 7 17 18 2 0 2 3 0 2 7 1 2 4 1 2 7 1 2 7 13 6 3 1 2 7 13 6 3 0 2 4 0 2 11 5 31 3 0 2 6 13 6 3 0 2 3 1 2 7 1 2 4 0 2 7 1 2 7 1 2 7 1 2 7 0 2 7 0 2 7 17 18 2 1 2 4 0 2 4 0 2 7 17 9 2 0 2 7 12 16 2 0 2 7 0 2 7 1 2 3 1 2 7 0 2 7 0 2 7 1 2 7 5 30 3 1 2 7 17 18 2 0 60.1652776002883911
1 2 7 0 2 4 12 16 2 5 31 3 0 2 7 0 2 7 12 16 2 17 9 2 1 2 4 17 9 2 0 2 7 0 2 4 0 2 7 0 2 7 0 2 7 1 2 4 0 2 4 0 2 7 17 18 2 0 2 7 17 18 2 0 2 7 0 2 7 1 2 7 0 2 7 1 2 7 13 6 3 1 2 7 13 6 3 0 2 7 0 2 7 5 31 3 0 2 4 13 6 3 0 2 7 1 2 7 0 2 4 1 2 7 1 2 7 1 2 7 0 2 7 0 2 7 1 2 7 0 2 7 17 18 2 1 2 7 1 2 7 1 2 7 1 2 7 1 2 7 0 2 7 17 9 2 12 16 2 5 30 3 1 2 7 5 30 3 1 2 7 17 9 2 1 2 7 0 2 7 0 59.7875515222549438
1 2 7 0 2 7 12 16 2 5 31 3 0 2 7 0 2 7 0 2 4 12 16 2 17 9 2 1 2 7 12 16 2 17 9 2 1 2 7 1 2 7 13 6 3 0 2 7 0 2 7 1 2 4 0 2 7 0 2 7 17 18 2 0 2 7 17 18 2 0 2 4 0 2 7 1 2 7 0 2 7 1 2 7 13 6 3 1 2 4 13 6 3 0 2 7 0 2 7 0 2 4 13 6 3 0 2 7 1 2 7 1 2 7 1 2 7 1 2 7 0 2 7 1 2 4 0 2 7 0 2 7 1 2 7 1 2 7 12 16 2 17 9 2 5 30 3 0 2 4 0 2 7 0 2 4 0 2 7 17 9 2 1 2 7 1 2 7 5 30 3 5 30 3 17 9 2 12 16 2 0 59.7417813539505005
5 30 3 0 2 7 5 30 3 0 2 8 12 16 2 0 2 8 0 2 7 0 2 7 0 2 11 0 2 8 12 16 2 0 2 11 0 2 7 0 2 7 12 16 2 5 30 3 12 16 2 1 2 7 0 2 11 0 2 8 5 30 3 0 2 7 0 2 11 12 16 2 1 2 7 1 2 11 0 2 11 6 2 7 0 2 11 0 2 3 8 18 2 0 2 7 17 9 2 0 2 7 5 30 3 0 2 7 0 2 11 16 19 11 0 2 11 5 30 3 0 2 7 0 2 11 0 2 7 16 19 11 0 2 8 5 30 3 0 2 11 5 30 3 16 19 11 8 9 2 0 2 7 8 9 2 0 2 7 0 2 11 16 19 11 13 6 3 5 30 3 16 6 2 17 9 2 0 2 7 0 65.4051638245582581
13 6 3 12 16 2 17 18 2 13 6 3 0 2 7 0 2 7 1 2 7 0 2 7 1 2 7 5 31 3 17 18 2 12 16 2 17 9 2 1 2 7 17 18 2 0 2 11 0 2 7 0 2 7 1 2 7 5 30 3 0 2 7 17 9 2 0 2 4 0 2 7 1 2 7 1 2 4 0 2 7 13 6 3 0 2 7 1 2 11 0 2 7 12 16 2 5 31 3 0 2 4 5 30 3 1 2 7 1 2 7 17 18 2 0 2 7 0 2 11 0 2 11 6 2 7 0 2 7 1 2 7 0 2 7 17 9 2 0 2 7 1 2 4 1 2 7 1 2 7 1 2 4 1 2 7 0 2 7 0 2 7 0 2 7 1 2 7 0 2 7 1 2 7 1 2 7 0 2 7 0 60.2022446990013123
13 6 3 12 16 2 0 2 7 13 6 3 1 2 7 0 2 7 1 2 7 0 2 7 0 2 7 5 31 3 17 18 2 12 16 2 17 9 2 0 2 7 17 18 2 1 2 7 0 2 7 0 2 7 1 2 7 5 30 3 0 2 7 17 9 2 1 2 3 0 2 7 1 2 7 1 2 7 0 2 7 0 2 7 0 2 7 1 2 4 0 2 7 12 16 2 1 2 7 0 2 7 5 31 3 1 2 7 1 2 7 17 18 2 0 2 7 1 2 4 1 2 7 0 2 7 0 2 7 1 2 7 16 19 11 17 9 2 0 2 7 1 2 7 1 2 7 0 2 7 0 2 7 0 2 7 0 2 7 1 2 7 1 2 7 0 2 7 5 30 3 0 2 7 13 6 3 0 2 7 0 60.2201623916625977
1 2 7 0 2 7 12 16 2 5 31 3 0 2 7 0 2 4 12 16 2 17 9 2 1 2 7 17 9 2 0 2 7 0 2 7 0 2 7 1 2 7 0 2 7 1 2 7 0 2 7 0 2 7 17 18 2 0 2 7 17 18 2 0 2 7 0 2 7 1 2 7 0 2 7 1 2 7 13 6 3 1 2 7 13 6 3 0 2 7 0 2 7 0 2 7 13 6 3 0 2 7 1 2 7 1 2 7 0 2 7 1 2 7 1 2 7 1 2 7 0 2 7 1 2 7 1 2 7 1 2 4 17 9 2 0 2 4 12 16 2 12 16 2 5 31 3 1 2 4 0 2 4 0 2 7 12 16 2 5 30 3 0 2 4 0 2 7 1 2 4 17 9 2 16 6 2 1 2 7 2.42353174011390436e-05 59.7592654228210449

Current Evaluation = 18000(18000)
Front Size = 10
1 2 7 0 2 7 12 16 2 5 31 3 0 2 7 0 2 4 12 16 2 17 9 2 1 2 7 17 9 2 0 2 7 0 2 7 0 2 7 1 2 7 0 2 7 1 2 7 0 2 7 0 2 7 17 18 2 0 2 7 17 18 2 0 2 7 0 2 7 1 2 7 0 2 7 1 2 7 13 6 3 1 2 7 13 6 3 0 2 7 0 2 7 5 31 3 0 2 7 13 6 3 0 2 7 1 2 7 1 2 7 0 2 7 1 2 7 1 2 7 1 2 7 0 2 7 0 2 7 0 2 7 0 2 7 17 18 2 1 2 7 1 2 7 1 2 7 1 2 4 1 2 7 0 2 7 17 9 2 0 2 4 12 16 2 12 16 2 1 2 7 5 31 3 16 6 2 1 2 7 0 59.7211945056915283
1 2 7 0 2 7 12 16 2 5 30 3 0 2 7 1 2 11 12 16 2 17 9 2 1 2 7 17 9 2 0 2 7 0 2 7 0 2 4 1 2 7 0 2 7 1 2 3 0 2 7 0 2 7 17 18 2 1 2 7 17 18 2 0 2 3 0 2 7 1 2 4 1 2 7 1 2 7 13 6 3 1 2 7 13 6 3 0 2 4 0 2 11 5 31 3 0 2 6 13 6 3 0 2 3 1 2 7 1 2 4 0 2 7 1 2 7 1 2 7 1 2 7 0 2 7 0 2 7 17 18 2 1 2 4 0 2 4 0 2 7 17 9 2 0 2 7 12 16 2 0 2 7 0 2 7 1 2 3 1 2 7 0 2 7 0 2 7 1 2 7 5 30 3 1 2 7 17 18 2 0 60.1652776002883911
5 30 3 0 2 7 5 30 3 0 2 8 12 16 2 0 2 8 0 2 7 0 2 7 0 2 11 0 2 8 12 16 2 0 2 11 0 2 7 0 2 7 12 16 2 5 30 3 12 16 2 1 2 7 0 2 11 0 2 8 5 30 3 0 2 7 0 2 11 12 16 2 1 2 7 1 2 11 0 2 11 6 2 7 0 2 11 0 2 3 8 18 2 0 2 7 17 9 2 0 2 7 5 30 3 0 2 7 0 2 11 16 19 11 0 2 11 5 30 3 0 2 7 0 2 11 0 2 7 16 19 11 0 2 8 5 30 3 0 2 11 5 30 3 16 19 11 8 9 2 0 2 7 8 9 2 0 2 7 0 2 11 16 19 11 13 6 3 5 30 3 16 6 2 17 9 2 0 2 7 0 65.4051638245582581
1 2 7 0 2 7 12 16 2 5 31 3 0 2 7 0 2 7 0 2 4 12 16 2 17 9 2 0 2 7 12 16 2 17 9 2 1 2 7 1 2 7 13 6 3 0 2 7 0 2 7 1 2 4 0 2 7 0 2 7 17 18 2 0 2 4 17 18 2 0 2 7 0 2 7 1 2 7 0 2 7 1 2 7 13 6 3 1 2 4 13 6 3 0 2 4 0 2 7 0 2 7 13 6 3 0 2 7 1 2 4 1 2 7 1 2 7 0 2 7 0 2 7 0 2 7 0 2 7 1 2 7 1 2 7 12 16 2 17 9 2 5 30 3 17 9 2 1 2 7 5 30 3 5 30 3 12 16 2 1 2 7 1 2 4 1 2 7 0 2 7 0 2 4 17 9 2 1 2 7 0 59.7417813539505005
13 6 3 12 16 2 0 2 7 13 6 3 0 2 7 1 2 7 1 2 4 5 31 3 17 18 2 12 16 2 17 9 2 1 2 7 17 18 2 1 2 7 0 2 7 1 2 4 5 30 3 0 2 7 17 9 2 1 2 7 0 2 7 0 2 7 0 2 7 0 2 7 0 2 7 1 2 7 0 2 7 12 16 2 5 30 3 0 2 7 5 31 3 1 2 4 1 2 7 0 2 7 0 2 7 1 2 7 1 2 7 0 2 7 1 2 4 0 2 7 17 9 2 0 2 7 0 2 7 1 2 4 1 2 7 1 2 4 1 2 7 13 6 3 0 2 7 17 18 2 0 2 7 0 2 4 1 2 7 0 2 7 17 18 2 0 2 7 0 2 7 1 2 7 0 2 7 1 2 7 0 59.7875515222549438
13 6 3 12 16 2 0 2 4 13 6 3 1 2 7 0 2 4 0 2 4 5 31 3 17 18 2 12 16 2 17 9 2 1 2 7 17 18 2 1 2 7 0 2 7 1 2 7 5 30 3 0 2 7 17 9 2 1 2 7 1 2 4 0 2 7 0 2 7 0 2 4 0 2 7 1 2 7 0 2 7 12 16 2 1 2 7 0 2 7 5 31 3 1 2 7 1 2 7 0 2 4 0 2 7 1 2 4 0 2 4 0 2 4 1 2 7 0 2 7 17 9 2 1 2 7 0 2 7 0 2 7 0 2 7 0 2 4 1 2 7 1 2 7 1 2 7 13 6 3 1 2 7 0 2 7 17 18 2 17 18 2 12 16 2 0 2 7 5 30 3 0 2 7 1 2 7 0 2 7 0 59.9459015130996704
1 2 7 0 2 7 12 16 2 5 31 3 0 2 7 0 2 7 0 2 4 12 16 2 17 9 2 0 2 7 12 16 2 17 9 2 1 2 7 1 2 7 13 6 3 0 2 7 0 2 7 1 2 4 0 2 7 0 2 7 17 18 2 0 2 4 17 18 2 0 2 7 0 2 7 1 2 7 0 2 7 1 2 7 13 6 3 1 2 4 13 6 3 0 2 4 0 2 7 0 2 7 13 6 3 0 2 7 1 2 4 1 2 7 1 2 7 0 2 7 0 2 7 0 2 7 0 2 7 1 2 7 1 2 7 12 16 2 17 9 2 5 30 3 17 9 2 1 2 7 5 30 3 5 30 3 12 16 2 1 2 7 1 2 4 1 2 7 0 2 7 17 18 2 1 2 4 0 2 7 0 59.7417813539505005
0 2 7 0 2 7 12 16 2 5 31 3 0 2 4 0 2 4 0 2 7 12 16 2 17 9 2 0 2 7 12 16 2 17 9 2 1 2 7 1 2 7 1 2 4 0 2 7 0 2 4 0 2 7 0 2 4 1 2 4 17 18 2 1 2 7 17 18 2 1 2 4 0 2 3 1 2 7 0 2 7 0 2 7 13 6 3 0 2 7 13 6 3 0 2 7 0 2 7 0 2 4 0 2 4 1 2 7 1 2 4 0 2 7 0 2 7 0 2 7 1 2 7 1 2 7 0 2 7 6 2 7 5 30 3 17 9 2 5 30 3 1 2 7 0 2 7 0 2 7 1 2 7 5 31 3 1 2 7 1 2 7 12 16 2 17 18 2 0 2 7 16 20 12 5 31 3 1 2 4 0 60.6150946021080017
1 2 4 0 2 7 12 16 2 5 31 3 0 2 7 0 2 4 0 2 4 12 16 2 17 9 2 1 2 7 12 16 2 17 9 2 1 2 7 1 2 7 13 6 3 0 2 7 0 2 7 1 2 7 0 2 7 0 2 7 17 18 2 0 2 7 17 18 2 0 2 4 0 2 7 1 2 7 0 2 7 1 2 7 13 6 3 1 2 4 13 6 3 0 2 7 0 2 7 0 2 4 13 6 3 0 2 7 1 2 7 1 2 7 1 2 7 1 2 7 0 2 7 1 2 4 0 2 7 0 2 7 1 2 7 1 2 7 12 16 2 17 9 2 5 30 3 0 2 4 0 2 7 0 2 7 17 9 2 1 2 7 5 30 3 5 30 3 17 9 2 12 16 2 0 2 7 1 2 7 0 59.7417813539505005
1 2 7 0 2 4 12 16 2 5 31 3 0 2 7 0 2 7 12 16 2 17 9 2 1 2 4 17 9 2 0 2 7 0 2 4 0 2 7 0 2 7 0 2 7 1 2 4 0 2 4 0 2 7 17 18 2 0 2 7 17 18 2 0 2 7 0 2 7 1 2 7 0 2 7 1 2 7 13 6 3 1 2 7 13 6 3 0 2 7 0 2 7 5 31 3 0 2 4 13 6 3 0 2 7 1 2 7 0 2 4 1 2 7 1 2 7 1 2 7 0 2 7 0 2 7 1 2 7 0 2 7 17 18 2 1 2 7 1 2 7 1 2 7 1 2 7 1 2 7 0 2 7 17 9 2 12 16 2 5 30 3 1 2 7 5 30 3 1 2 7 17 9 2 1 2 7 0 2 7 0 59.7875515222549438

MonoObjective Genetic Algorithm
Number of Evaluations = 0
Mutation Probability = 0
Crossover Probability = 1
Population Size = 10
Survival Selection Type = 16

Time =  18062.9574890136719

Current Evaluation = 2040
Front Size = 10
1 2 7 0 2 7 12 16 2 5 31 3 0 2 7 0 2 4 12 16 2 17 9 2 1 2 7 17 9 2 0 2 7 0 2 7 0 2 7 1 2 7 0 2 7 1 2 7 0 2 7 0 2 7 17 18 2 0 2 7 17 18 2 0 2 7 0 2 7 1 2 7 0 2 7 1 2 7 13 6 3 1 2 7 13 6 3 0 2 7 0 2 7 5 31 3 0 2 7 13 6 3 0 2 7 1 2 7 1 2 7 0 2 7 1 2 7 1 2 7 1 2 7 0 2 7 0 2 7 0 2 7 0 2 7 17 18 2 1 2 7 1 2 7 1 2 7 1 2 4 1 2 7 0 2 7 17 9 2 0 2 4 12 16 2 12 16 2 1 2 7 5 31 3 16 6 2 1 2 7 0 59.7211945056915283
1 2 7 0 2 7 12 16 2 5 30 3 0 2 7 1 2 11 12 16 2 17 9 2 1 2 7 17 9 2 0 2 7 0 2 7 0 2 4 1 2 7 0 2 7 1 2 3 0 2 7 0 2 7 17 18 2 1 2 7 17 18 2 0 2 3 0 2 7 1 2 4 1 2 7 1 2 7 13 6 3 1 2 7 13 6 3 0 2 4 0 2 11 5 31 3 0 2 6 13 6 3 0 2 3 1 2 7 1 2 4 0 2 7 1 2 7 1 2 7 1 2 7 0 2 7 0 2 7 17 18 2 1 2 4 0 2 4 0 2 7 17 9 2 0 2 7 12 16 2 0 2 7 0 2 7 1 2 3 1 2 7 0 2 7 0 2 7 1 2 7 5 30 3 1 2 7 17 18 2 0 60.1652776002883911
5 30 3 0 2 7 5 30 3 0 2 8 12 16 2 0 2 8 0 2 7 0 2 7 0 2 11 0 2 8 12 16 2 0 2 11 0 2 7 0 2 7 12 16 2 5 30 3 12 16 2 1 2 7 0 2 11 0 2 8 5 30 3 0 2 7 0 2 11 12 16 2 1 2 7 1 2 11 0 2 11 6 2 7 0 2 11 0 2 3 8 18 2 0 2 7 17 9 2 0 2 7 5 30 3 0 2 7 0 2 11 16 19 11 0 2 11 5 30 3 0 2 7 0 2 11 0 2 7 16 19 11 0 2 8 5 30 3 0 2 11 5 30 3 16 19 11 8 9 2 0 2 7 8 9 2 0 2 7 0 2 11 16 19 11 13 6 3 5 30 3 16 6 2 17 9 2 0 2 7 0 65.4051638245582581
1 2 7 0 2 7 12 16 2 5 31 3 0 2 7 0 2 7 0 2 4 12 16 2 17 9 2 0 2 7 12 16 2 17 9 2 1 2 7 1 2 7 13 6 3 0 2 7 0 2 7 1 2 4 0 2 7 0 2 7 17 18 2 0 2 4 17 18 2 0 2 7 0 2 7 1 2 7 0 2 7 1 2 7 13 6 3 1 2 4 13 6 3 0 2 4 0 2 7 0 2 7 13 6 3 0 2 7 1 2 4 1 2 7 1 2 7 0 2 7 0 2 7 0 2 7 0 2 7 1 2 7 1 2 7 12 16 2 17 9 2 5 30 3 17 9 2 1 2 7 5 30 3 5 30 3 12 16 2 1 2 7 1 2 4 1 2 7 0 2 7 0 2 4 17 9 2 1 2 7 0 59.7417813539505005
13 6 3 12 16 2 0 2 7 13 6 3 0 2 7 1 2 7 1 2 4 5 31 3 17 18 2 12 16 2 17 9 2 1 2 7 17 18 2 1 2 7 0 2 7 1 2 4 5 30 3 0 2 7 17 9 2 1 2 7 0 2 7 0 2 7 0 2 7 0 2 7 0 2 7 1 2 7 0 2 7 12 16 2 5 30 3 0 2 7 5 31 3 1 2 4 1 2 7 0 2 7 0 2 7 1 2 7 1 2 7 0 2 7 1 2 4 0 2 7 17 9 2 0 2 7 0 2 7 1 2 4 1 2 7 1 2 4 1 2 7 13 6 3 0 2 7 17 18 2 0 2 7 0 2 4 1 2 7 0 2 7 17 18 2 0 2 7 0 2 7 1 2 7 0 2 7 1 2 7 0 59.7875515222549438
13 6 3 12 16 2 0 2 4 13 6 3 1 2 7 0 2 4 0 2 4 5 31 3 17 18 2 12 16 2 17 9 2 1 2 7 17 18 2 1 2 7 0 2 7 1 2 7 5 30 3 0 2 7 17 9 2 1 2 7 1 2 4 0 2 7 0 2 7 0 2 4 0 2 7 1 2 7 0 2 7 12 16 2 1 2 7 0 2 7 5 31 3 1 2 7 1 2 7 0 2 4 0 2 7 1 2 4 0 2 4 0 2 4 1 2 7 0 2 7 17 9 2 1 2 7 0 2 7 0 2 7 0 2 7 0 2 4 1 2 7 1 2 7 1 2 7 13 6 3 1 2 7 0 2 7 17 18 2 17 18 2 12 16 2 0 2 7 5 30 3 0 2 7 1 2 7 0 2 7 0 59.9459015130996704
1 2 7 0 2 7 12 16 2 5 31 3 0 2 7 0 2 7 0 2 4 12 16 2 17 9 2 0 2 7 12 16 2 17 9 2 1 2 7 1 2 7 13 6 3 0 2 7 0 2 7 1 2 4 0 2 7 0 2 7 17 18 2 0 2 4 17 18 2 0 2 7 0 2 7 1 2 7 0 2 7 1 2 7 13 6 3 1 2 4 13 6 3 0 2 4 0 2 7 0 2 7 13 6 3 0 2 7 1 2 4 1 2 7 1 2 7 0 2 7 0 2 7 0 2 7 0 2 7 1 2 7 1 2 7 12 16 2 17 9 2 5 30 3 17 9 2 1 2 7 5 30 3 5 30 3 12 16 2 1 2 7 1 2 4 1 2 7 0 2 7 17 18 2 1 2 4 0 2 7 0 59.7417813539505005
0 2 7 0 2 7 12 16 2 5 31 3 0 2 4 0 2 4 0 2 7 12 16 2 17 9 2 0 2 7 12 16 2 17 9 2 1 2 7 1 2 7 1 2 4 0 2 7 0 2 4 0 2 7 0 2 4 1 2 4 17 18 2 1 2 7 17 18 2 1 2 4 0 2 3 1 2 7 0 2 7 0 2 7 13 6 3 0 2 7 13 6 3 0 2 7 0 2 7 0 2 4 0 2 4 1 2 7 1 2 4 0 2 7 0 2 7 0 2 7 1 2 7 1 2 7 0 2 7 6 2 7 5 30 3 17 9 2 5 30 3 1 2 7 0 2 7 0 2 7 1 2 7 5 31 3 1 2 7 1 2 7 12 16 2 17 18 2 0 2 7 16 20 12 5 31 3 1 2 4 0 60.6150946021080017
1 2 4 0 2 7 12 16 2 5 31 3 0 2 7 0 2 4 0 2 4 12 16 2 17 9 2 1 2 7 12 16 2 17 9 2 1 2 7 1 2 7 13 6 3 0 2 7 0 2 7 1 2 7 0 2 7 0 2 7 17 18 2 0 2 7 17 18 2 0 2 4 0 2 7 1 2 7 0 2 7 1 2 7 13 6 3 1 2 4 13 6 3 0 2 7 0 2 7 0 2 4 13 6 3 0 2 7 1 2 7 1 2 7 1 2 7 1 2 7 0 2 7 1 2 4 0 2 7 0 2 7 1 2 7 1 2 7 12 16 2 17 9 2 5 30 3 0 2 4 0 2 7 0 2 7 17 9 2 1 2 7 5 30 3 5 30 3 17 9 2 12 16 2 0 2 7 1 2 7 0 59.7417813539505005
1 2 7 0 2 4 12 16 2 5 31 3 0 2 7 0 2 7 12 16 2 17 9 2 1 2 4 17 9 2 0 2 7 0 2 4 0 2 7 0 2 7 0 2 7 1 2 4 0 2 4 0 2 7 17 18 2 0 2 7 17 18 2 0 2 7 0 2 7 1 2 7 0 2 7 1 2 7 13 6 3 1 2 7 13 6 3 0 2 7 0 2 7 5 31 3 0 2 4 13 6 3 0 2 7 1 2 7 0 2 4 1 2 7 1 2 7 1 2 7 0 2 7 0 2 7 1 2 7 0 2 7 17 18 2 1 2 7 1 2 7 1 2 7 1 2 7 1 2 7 0 2 7 17 9 2 12 16 2 5 30 3 1 2 7 5 30 3 1 2 7 17 9 2 1 2 7 0 2 7 0 59.7875515222549438

