Current Evaluation = 900(900)
Front Size = 10
5 30 3 1 2 7 12 16 2 0 2 7 0 2 7 5 30 3 12 16 2 5 31 3 1 2 7 0 2 7 0 2 7 0 2 7 0 2 7 0 2 7 0 2 7 6 2 7 0 2 7 1 2 7 5 30 3 0 2 4 0 2 7 12 16 2 0 2 4 0 2 4 5 31 3 1 2 7 0 2 3 0 2 7 0 2 7 0 2 7 0 2 7 8 18 2 17 9 2 0 2 4 16 19 11 0 2 7 0 2 7 1 2 7 16 32 2 0 2 7 5 30 3 0 2 7 1 2 7 6 2 7 5 30 3 17 9 2 1 2 7 13 6 3 17 9 2 1 2 3 17 9 2 1 2 7 6 2 3 0 2 7 1 2 3 1 2 7 0 2 3 0 2 7 0 2 7 16 19 11 0 62.1541863679885864
5 30 3 16 19 11 0 2 8 0 2 8 8 18 2 8 18 2 0 2 8 0 2 8 0 2 8 5 30 3 12 16 2 5 30 3 0 2 3 0 2 11 5 31 3 5 30 3 0 2 8 0 2 8 0 2 7 0 2 3 0 2 8 0 2 8 0 2 8 0 2 11 0 2 7 0 2 8 0 2 8 12 16 2 0 2 8 0 2 8 0 2 8 0 2 8 16 19 11 0 2 8 0 2 8 0 2 3 0 2 8 0 2 8 5 30 3 5 30 3 0 2 8 0 2 8 0 2 7 0 2 8 5 30 3 16 19 11 16 19 11 16 19 11 16 19 11 0 2 3 5 30 3 16 6 2 0 2 8 12 16 2 5 30 3 0 2 8 0 2 8 0 2 8 0 2 11 0 2 8 2.04147650520605491e-07 69.2896620035171509
5 30 3 0 2 11 12 16 2 6 2 3 0 2 3 5 30 3 12 16 2 5 31 3 0 2 11 0 2 3 0 2 3 8 9 2 1 2 7 0 2 11 0 2 3 0 2 3 1 2 4 1 2 7 5 30 3 0 2 7 0 2 11 5 30 3 1 2 7 0 2 1 5 30 3 0 2 7 0 2 3 0 2 7 0 2 7 0 2 7 0 2 11 0 2 4 17 9 2 0 2 11 16 19 11 0 2 7 0 2 7 1 2 7 16 30 2 0 2 11 5 30 3 0 2 3 0 2 7 0 2 7 5 30 3 17 9 2 0 2 7 1 2 3 16 18 11 1 2 11 17 9 2 0 2 11 6 2 7 1 2 11 0 2 11 1 2 7 0 2 7 0 2 7 1 2 7 16 9 11 0 64.2366660237312317
5 30 3 5 30 3 8 18 2 5 30 3 5 30 3 16 19 12 16 19 12 16 15 2 8 18 2 5 30 3 12 16 2 5 30 3 16 19 12 12 16 2 12 16 2 8 18 2 16 19 12 5 30 3 0 2 8 0 2 8 0 2 3 0 2 8 1 2 8 1 2 3 0 2 8 0 2 3 0 2 3 17 9 2 0 2 8 8 18 2 0 2 8 0 2 8 16 9 8 1 2 8 1 2 3 0 2 8 0 2 3 0 2 3 0 2 8 0 2 3 0 2 3 5 30 3 1 2 3 0 2 3 0 2 3 0 2 7 0 2 8 0 2 3 13 6 3 0 2 3 1 2 3 0 2 8 1 2 8 0 2 8 0 2 8 0 2 3 16 19 12 0 2 3 8 9 2 0 2 8 0.00928090916390006404 67.4839545488357544
5 30 3 0 2 7 0 2 7 0 2 7 12 16 2 5 30 3 0 2 7 5 30 3 0 2 7 0 2 7 5 30 3 12 16 2 0 2 7 6 2 7 5 30 3 0 2 3 16 19 11 17 18 2 0 2 3 0 2 8 8 9 2 16 19 12 8 9 2 8 18 2 0 2 8 9 2 7 8 9 2 0 2 8 1 2 8 0 2 8 1 2 7 5 30 3 6 2 11 0 2 7 0 2 8 5 31 3 1 2 8 5 30 3 16 31 2 8 18 2 1 2 7 0 2 8 6 2 7 0 2 7 1 2 7 8 9 2 5 30 3 1 2 7 0 2 7 6 2 8 0 2 7 0 2 8 1 2 3 0 2 8 0 2 7 0 2 7 0 2 8 0 2 7 6 2 8 0 2 7 0.00987550822776311898 65.4993112087249756
6 2 8 6 2 12 6 2 12 6 2 8 5 30 3 0 2 8 16 19 12 5 30 3 6 2 12 16 19 12 8 9 2 16 15 2 8 18 2 16 15 2 8 18 2 5 30 3 5 30 3 5 30 3 8 18 2 0 2 8 8 9 2 0 2 8 0 2 8 0 2 8 0 2 8 8 9 2 0 2 8 16 19 12 0 2 12 8 18 2 6 2 12 8 9 2 6 2 8 8 9 2 5 30 3 6 2 12 8 9 2 8 18 2 2 3 3 0 2 12 0 2 8 16 19 12 0 2 8 5 30 3 16 19 12 8 18 2 6 2 8 5 30 3 8 9 2 6 2 12 5 30 3 6 2 8 0 2 8 8 18 2 0 2 12 0 2 12 8 18 2 0 2 12 8 9 2 0 2 8 0.0441899244241283073 67.0946962833404541
5 30 3 16 19 12 8 18 2 0 2 8 16 19 1 8 18 2 8 18 2 0 2 8 8 9 2 0 2 8 5 30 3 5 30 3 16 19 1 8 9 2 0 2 8 16 19 1 1 2 8 8 9 2 5 30 3 0 2 8 8 18 2 1 2 8 0 2 8 0 2 8 8 18 2 1 2 8 0 2 8 16 19 1 0 2 8 0 2 8 0 2 1 8 18 2 12 16 2 8 9 2 8 9 2 0 2 8 8 9 2 1 2 8 16 19 1 1 2 8 16 19 12 0 2 8 0 2 8 8 9 2 8 18 2 8 18 2 8 18 2 0 2 8 0 2 8 1 2 8 5 30 3 1 2 8 8 9 2 5 30 3 0 2 8 0 2 8 0 2 8 0 2 8 5 30 3 8 9 2 0.0204843067578844538 68.7374924421310425
5 30 3 0 2 7 12 16 2 5 30 3 5 30 3 5 30 3 12 16 2 0 2 7 5 30 3 17 18 2 0 2 7 8 9 2 17 9 2 17 18 2 0 2 11 6 2 7 1 2 7 0 2 7 5 30 3 0 2 7 5 30 3 0 2 7 5 30 3 8 9 2 0 2 7 0 2 11 0 2 7 0 2 7 0 2 7 0 2 7 1 2 11 8 18 2 0 2 11 0 2 7 0 2 11 0 2 7 0 2 7 0 2 7 1 2 11 16 19 11 6 2 7 16 19 11 0 2 3 1 2 11 0 2 7 0 2 7 0 2 11 0 2 7 16 19 11 5 30 3 0 2 11 0 2 7 1 2 11 0 2 7 16 19 11 0 2 7 6 2 11 1 2 11 0 2 11 0 2 11 0 64.5557773113250732
5 30 3 5 30 3 16 6 2 5 30 3 16 19 11 16 19 11 0 2 7 5 30 3 5 30 3 0 2 3 0 2 3 5 30 3 16 19 11 5 30 3 12 16 2 12 16 2 1 2 3 0 2 11 0 2 7 1 2 7 0 2 3 0 2 3 0 2 7 0 2 3 1 2 11 0 2 7 0 2 3 8 18 2 0 2 3 0 2 3 0 2 7 0 2 3 0 2 3 0 2 3 0 2 7 16 6 2 0 2 3 5 30 3 0 2 7 16 19 11 0 2 3 1 2 3 0 2 3 0 2 3 0 2 7 0 2 3 0 2 7 5 30 3 0 2 11 0 2 7 0 2 7 1 2 3 0 2 3 0 2 7 16 6 2 0 2 11 9 2 7 0 2 7 0 2 11 0 2 11 0 65.4691404104232788
5 30 3 0 2 3 12 16 2 1 2 3 5 30 3 12 16 2 0 2 7 0 2 7 0 2 7 8 9 2 1 2 7 0 2 7 0 2 7 5 30 3 0 2 7 5 30 3 5 30 3 1 2 7 0 2 7 13 6 3 0 2 3 0 2 3 1 2 7 0 2 7 1 2 3 0 2 7 1 2 3 0 2 12 5 30 3 0 2 3 0 2 7 5 30 3 0 2 7 0 2 12 8 18 2 0 2 7 1 2 3 17 9 2 0 2 7 0 2 7 17 9 2 0 2 7 1 2 3 0 2 3 1 2 7 0 2 7 16 19 12 17 18 2 1 2 7 0 2 3 0 2 7 5 30 3 0 2 7 16 19 12 16 6 2 1 2 3 8 18 2 0 2 7 16 19 12 0 2 11 0 63.6385105848312378

Current Evaluation = 1800(1800)
Front Size = 10
5 31 3 1 2 7 17 18 2 1 2 3 0 2 7 5 30 3 12 16 2 1 2 7 0 2 7 0 2 11 1 2 7 0 2 7 0 2 7 0 2 11 0 2 7 0 2 7 5 30 3 0 2 4 6 2 7 0 2 7 1 2 7 6 2 7 0 2 7 0 2 7 0 2 4 13 6 3 17 9 2 0 2 7 0 2 7 0 2 7 0 2 4 16 6 2 17 18 2 5 30 3 13 6 3 17 9 2 17 9 2 1 2 4 0 2 3 12 16 2 1 2 3 0 2 7 5 31 3 17 18 2 1 2 4 1 2 7 1 2 4 1 2 7 0 2 7 5 30 3 1 2 7 0 2 4 1 2 3 0 2 4 0 2 7 1 2 4 0 2 7 0 2 7 1 2 7 0 2 7 0 60.8323297500610352
5 30 3 0 2 4 12 16 2 5 30 3 1 2 7 0 2 7 0 2 7 17 9 2 0 2 3 0 2 3 0 2 7 0 2 3 0 2 11 5 30 3 5 30 3 0 2 7 0 2 3 0 2 3 0 2 7 5 30 3 0 2 4 8 18 2 0 2 7 17 9 2 0 2 7 1 2 3 8 1 2 1 2 3 0 2 3 0 2 11 1 2 7 0 2 3 1 2 7 1 2 7 1 2 7 1 2 7 0 2 3 0 2 4 17 9 2 0 2 3 5 30 3 0 2 3 16 9 11 12 16 2 1 2 7 16 19 11 0 2 3 1 2 7 0 2 7 0 2 7 1 2 7 0 2 7 0 2 7 0 2 3 1 2 7 17 9 2 0 2 11 1 2 7 1 2 7 16 6 2 0 63.0285186171531677
5 30 3 16 19 12 8 18 2 0 2 8 16 19 1 8 18 2 8 18 2 0 2 8 8 9 2 0 2 8 5 30 3 5 30 3 16 19 1 8 9 2 0 2 8 16 19 1 1 2 8 8 9 2 5 30 3 0 2 8 8 18 2 1 2 8 0 2 8 0 2 8 8 18 2 1 2 8 0 2 8 16 19 1 0 2 8 0 2 8 0 2 1 8 18 2 12 16 2 8 9 2 8 9 2 0 2 8 8 9 2 1 2 8 16 19 1 1 2 8 16 19 12 0 2 8 0 2 8 8 9 2 8 18 2 8 18 2 8 18 2 0 2 8 0 2 8 1 2 8 5 30 3 1 2 8 8 9 2 5 30 3 0 2 8 0 2 8 0 2 8 0 2 8 5 30 3 8 9 2 0.0204843067578844538 68.7374924421310425
5 30 3 0 2 7 12 16 2 5 30 3 5 30 3 5 30 3 12 16 2 0 2 7 5 30 3 17 18 2 0 2 7 8 9 2 17 9 2 17 18 2 0 2 11 6 2 7 1 2 7 0 2 7 5 30 3 0 2 7 5 30 3 0 2 7 5 30 3 8 9 2 0 2 7 0 2 11 0 2 7 0 2 7 0 2 7 0 2 7 1 2 11 8 18 2 0 2 11 0 2 7 0 2 11 0 2 7 0 2 7 0 2 7 1 2 11 16 19 11 6 2 7 16 19 11 0 2 3 1 2 11 0 2 7 0 2 7 0 2 11 0 2 7 16 19 11 5 30 3 0 2 11 0 2 7 1 2 11 0 2 7 16 19 11 0 2 7 6 2 11 1 2 11 0 2 11 0 2 11 0 64.5557773113250732
5 30 3 16 19 11 0 2 8 0 2 8 8 18 2 8 18 2 0 2 8 0 2 8 0 2 8 5 30 3 12 16 2 5 30 3 0 2 3 0 2 11 5 31 3 5 30 3 0 2 8 0 2 8 0 2 7 0 2 3 0 2 8 0 2 8 0 2 8 0 2 11 0 2 7 0 2 8 0 2 8 12 16 2 0 2 8 0 2 8 0 2 8 0 2 8 16 19 11 0 2 8 0 2 8 0 2 3 0 2 8 0 2 8 5 30 3 5 30 3 0 2 8 0 2 8 0 2 7 0 2 8 5 30 3 16 19 11 16 19 11 16 19 11 16 19 11 0 2 3 5 30 3 16 6 2 0 2 8 12 16 2 5 30 3 0 2 8 0 2 8 0 2 8 0 2 11 0 2 8 2.04147650520605491e-07 69.2896620035171509
5 30 3 12 16 2 5 30 3 5 30 3 5 30 3 5 30 3 8 18 2 5 30 3 0 2 4 1 2 7 0 2 7 0 2 7 17 9 2 0 2 3 0 2 8 0 2 7 0 2 3 16 19 1 8 9 2 0 2 3 8 18 2 16 19 1 0 2 4 0 2 7 0 2 8 0 2 8 8 9 2 0 2 8 8 18 2 0 2 8 1 2 8 1 2 7 0 2 3 8 9 2 0 2 8 16 19 1 1 2 7 16 19 12 0 2 8 17 9 2 0 2 3 0 2 8 8 18 2 12 16 2 1 2 7 0 2 8 0 2 3 1 2 7 0 2 8 0 2 7 0 2 8 0 2 7 1 2 8 0 2 8 8 18 2 8 9 2 0 2 11 0 2 8 1 2 7 16 6 2 0.00302757542063395758 66.0190497636795044
6 2 8 6 2 12 6 2 12 6 2 8 5 30 3 0 2 8 16 19 12 5 30 3 6 2 12 16 19 12 8 9 2 16 15 2 8 18 2 16 15 2 8 18 2 5 30 3 5 30 3 5 30 3 8 18 2 0 2 8 8 9 2 0 2 8 0 2 8 0 2 8 0 2 8 8 9 2 0 2 8 16 19 12 0 2 12 8 18 2 6 2 12 8 9 2 6 2 8 8 9 2 5 30 3 6 2 12 8 9 2 8 18 2 2 3 3 0 2 12 0 2 8 16 19 12 0 2 8 5 30 3 16 19 12 8 18 2 6 2 8 5 30 3 8 9 2 6 2 12 5 30 3 6 2 8 0 2 8 8 18 2 0 2 12 0 2 12 8 18 2 0 2 12 8 9 2 0 2 8 0.0441899244241283073 67.0946962833404541
12 16 2 0 2 3 12 16 2 5 30 3 1 2 3 0 2 3 0 2 4 0 2 7 0 2 3 0 2 7 0 2 7 5 30 3 0 2 3 5 30 3 5 30 3 1 2 7 0 2 7 0 2 3 6 2 4 0 2 7 5 30 3 0 2 7 0 2 7 0 2 7 8 18 2 0 2 7 0 2 3 5 30 3 16 15 2 1 2 3 1 2 3 12 16 2 13 6 3 0 2 7 16 18 11 0 2 7 0 2 7 0 2 7 0 2 3 6 2 3 1 2 7 0 2 7 1 2 7 0 2 3 16 19 11 17 9 2 0 2 7 1 2 3 0 2 7 0 2 7 5 30 3 17 18 2 0 2 7 0 2 3 0 2 7 16 19 11 0 2 7 5 30 3 0 2 3 16 19 11 0 63.8778581619262695
5 30 3 1 2 11 16 19 12 5 30 3 16 9 8 0 2 3 17 18 2 5 30 3 16 9 8 5 30 3 0 2 3 0 2 3 0 2 7 0 2 8 0 2 1 1 2 7 5 30 3 0 2 3 0 2 7 5 30 3 5 30 3 0 2 7 0 2 7 0 2 3 0 2 3 0 2 3 0 2 3 1 2 8 16 6 2 16 6 2 1 2 7 8 9 2 0 2 3 1 2 8 0 2 3 1 2 3 0 2 11 5 30 3 8 9 2 0 2 7 12 16 2 0 2 8 12 16 2 0 2 3 0 2 8 1 2 7 16 19 12 0 2 7 8 18 2 0 2 3 0 2 7 0 2 7 12 16 2 0 2 11 0 2 8 0 2 7 1 2 3 1 2 3 0 2 8 0 2 3 0 65.8020057678222656
5 30 3 16 19 11 8 18 2 5 30 3 12 16 2 5 30 3 0 2 11 5 31 3 5 30 3 0 2 7 0 2 11 0 2 7 5 30 3 5 30 3 0 2 7 5 30 3 16 6 2 0 2 11 0 2 8 0 2 8 1 2 7 0 2 8 0 2 8 6 2 7 0 2 3 0 2 8 0 2 7 5 31 3 0 2 7 0 2 11 0 2 8 0 2 8 0 2 7 0 2 10 0 2 7 0 2 11 0 2 10 1 2 7 16 19 11 1 2 7 16 6 2 0 2 11 1 2 7 0 2 7 0 2 8 0 2 8 0 2 11 16 19 11 16 19 11 16 19 11 8 9 2 6 2 7 5 30 3 0 2 7 6 2 7 5 30 3 0 2 7 1 2 7 0 2 7 0 2 11 0.00870265248825436745 65.6598002314567566

Current Evaluation = 2700(2700)
Front Size = 10
5 31 3 1 2 7 17 18 2 1 2 7 0 2 7 5 30 3 12 16 2 0 2 7 0 2 4 0 2 7 0 2 7 0 2 4 0 2 4 1 2 7 0 2 7 0 2 7 5 30 3 1 2 7 0 2 7 0 2 4 1 2 7 1 2 7 0 2 7 0 2 7 1 2 4 13 6 3 17 9 2 0 2 7 0 2 4 1 2 4 0 2 7 16 6 2 17 18 2 5 30 3 13 6 3 17 9 2 17 9 2 0 2 7 0 2 7 12 16 2 1 2 7 0 2 4 5 31 3 17 18 2 0 2 7 1 2 7 1 2 7 6 2 7 0 2 7 5 31 3 0 2 7 0 2 7 1 2 7 0 2 7 0 2 7 1 2 7 0 2 7 1 2 7 1 2 7 1 2 7 0 60.3771155476570129
5 30 3 16 19 12 8 18 2 0 2 8 16 19 1 8 18 2 8 18 2 0 2 8 8 9 2 0 2 8 5 30 3 5 30 3 16 19 1 8 9 2 0 2 8 16 19 1 1 2 8 8 9 2 5 30 3 0 2 8 8 18 2 1 2 8 0 2 8 0 2 8 8 18 2 1 2 8 0 2 8 16 19 1 0 2 8 0 2 8 0 2 1 8 18 2 12 16 2 8 9 2 8 9 2 0 2 8 8 9 2 1 2 8 16 19 1 1 2 8 16 19 12 0 2 8 0 2 8 8 9 2 8 18 2 8 18 2 8 18 2 0 2 8 0 2 8 1 2 8 5 30 3 1 2 8 8 9 2 5 30 3 0 2 8 0 2 8 0 2 8 0 2 8 5 30 3 8 9 2 0.0204843067578844538 68.7374924421310425
5 31 3 16 19 12 0 2 3 0 2 3 12 16 2 5 30 3 0 2 3 8 9 2 0 2 7 5 30 3 5 30 3 0 2 3 0 2 3 0 2 3 5 30 3 1 2 3 1 2 8 0 2 3 1 2 7 5 30 3 0 2 8 0 2 3 0 2 8 0 2 3 1 2 3 0 2 3 0 2 3 1 2 11 16 19 11 0 2 12 0 2 7 12 16 2 5 30 3 0 2 12 5 30 3 5 30 3 16 19 11 0 2 8 16 19 11 0 2 8 0 2 8 0 2 3 16 9 8 0 2 3 12 16 2 0 2 8 0 2 8 1 2 7 16 30 2 0 2 3 0 2 3 0 2 8 0 2 3 0 2 3 0 2 11 0 2 3 0 2 7 0 2 8 16 19 11 0 2 7 0 67.5112429857254028
5 30 3 5 30 3 1 2 11 5 30 3 5 30 3 0 2 7 1 2 7 12 16 2 0 2 7 16 6 2 16 19 11 0 2 7 0 2 7 8 18 2 0 2 3 0 2 7 0 2 7 17 9 2 1 2 11 0 2 7 5 30 3 1 2 11 0 2 7 1 2 7 0 2 7 0 2 7 1 2 7 0 2 7 0 2 7 0 2 7 0 2 3 17 18 2 0 2 7 0 2 8 16 6 2 13 6 3 0 2 7 0 2 7 6 2 3 0 2 7 5 30 3 0 2 7 0 2 7 0 2 3 1 2 7 5 30 3 8 9 2 16 19 11 1 2 4 0 2 3 0 2 3 0 2 7 0 2 7 12 16 2 5 31 3 0 2 7 1 2 7 17 18 2 1 2 7 0 2 7 0 62.7631790637969971
5 30 3 16 19 11 8 18 2 0 2 1 8 9 2 6 2 8 1 2 7 12 16 2 0 2 1 5 30 3 5 30 3 8 9 2 0 2 11 0 2 8 5 30 3 0 2 11 8 18 2 0 2 11 6 2 8 12 16 2 0 2 11 0 2 3 0 2 8 0 2 8 0 2 7 17 9 2 0 2 7 6 2 8 16 19 11 1 2 7 5 30 3 1 2 7 0 2 11 17 9 2 5 30 3 17 9 2 0 2 11 1 2 8 0 2 8 1 2 11 0 2 8 0 2 7 0 2 11 5 30 3 0 2 7 0 2 7 16 19 12 0 2 7 0 2 12 0 2 7 0 2 11 0 2 7 5 30 3 0 2 7 0 2 11 17 18 2 5 30 3 0 2 1 0 2 12 0 2 8 0 66.4855244159698486
5 30 3 16 19 11 0 2 8 0 2 8 8 18 2 8 18 2 0 2 8 0 2 8 0 2 8 5 30 3 12 16 2 5 30 3 0 2 3 0 2 11 5 31 3 5 30 3 0 2 8 0 2 8 0 2 7 0 2 3 0 2 8 0 2 8 0 2 8 0 2 11 0 2 7 0 2 8 0 2 8 12 16 2 0 2 8 0 2 8 0 2 8 0 2 8 16 19 11 0 2 8 0 2 8 0 2 3 0 2 8 0 2 8 5 30 3 5 30 3 0 2 8 0 2 8 0 2 7 0 2 8 5 30 3 16 19 11 16 19 11 16 19 11 16 19 11 0 2 3 5 30 3 16 6 2 0 2 8 12 16 2 5 30 3 0 2 8 0 2 8 0 2 8 0 2 11 0 2 8 2.04147650520605491e-07 69.2896620035171509
5 31 3 0 2 7 5 30 3 12 16 2 0 2 7 0 2 7 0 2 7 0 2 7 0 2 7 5 30 3 0 2 7 0 2 7 0 2 7 0 2 7 0 2 7 16 6 2 5 30 3 12 16 2 5 31 3 5 31 3 1 2 7 17 18 2 0 2 8 0 2 8 16 19 12 0 2 4 16 19 12 1 2 7 0 2 4 1 2 7 1 2 7 1 2 4 0 2 8 0 2 8 0 2 3 1 2 4 0 2 8 13 6 3 0 2 3 1 2 11 0 2 3 5 30 3 0 2 8 0 2 8 16 19 11 0 2 11 0 2 8 0 2 3 0 2 12 0 2 7 0 2 8 0 2 7 0 2 8 5 30 3 0 2 3 5 30 3 0 2 3 0 2 8 0 2 3 16 19 12 0.00253618671490902104 65.6198523044586182
6 2 8 6 2 12 6 2 12 6 2 8 5 30 3 0 2 8 16 19 12 5 30 3 6 2 12 16 19 12 8 9 2 16 15 2 8 18 2 16 15 2 8 18 2 5 30 3 5 30 3 5 30 3 8 18 2 0 2 8 8 9 2 0 2 8 0 2 8 0 2 8 0 2 8 8 9 2 0 2 8 16 19 12 0 2 12 8 18 2 6 2 12 8 9 2 6 2 8 8 9 2 5 30 3 6 2 12 8 9 2 8 18 2 2 3 3 0 2 12 0 2 8 16 19 12 0 2 8 5 30 3 16 19 12 8 18 2 6 2 8 5 30 3 8 9 2 6 2 12 5 30 3 6 2 8 0 2 8 8 18 2 0 2 12 0 2 12 8 18 2 0 2 12 8 9 2 0 2 8 0.0441899244241283073 67.0946962833404541
5 30 3 12 16 2 5 30 3 5 30 3 5 30 3 5 30 3 8 18 2 5 30 3 0 2 4 1 2 7 0 2 7 0 2 7 17 9 2 0 2 3 0 2 8 0 2 7 0 2 3 16 19 1 8 9 2 0 2 3 8 18 2 16 19 1 0 2 4 0 2 7 0 2 8 0 2 8 8 9 2 0 2 8 8 18 2 0 2 8 1 2 8 1 2 7 0 2 3 8 9 2 0 2 8 16 19 1 1 2 7 16 19 12 0 2 8 17 9 2 0 2 3 0 2 8 8 18 2 12 16 2 1 2 7 0 2 8 0 2 3 1 2 7 0 2 8 0 2 7 0 2 8 0 2 7 1 2 8 0 2 8 8 18 2 8 9 2 0 2 11 0 2 8 1 2 7 16 6 2 0.00302757542063395758 66.0190497636795044
5 31 3 16 19 11 16 18 11 0 2 4 12 16 2 5 30 3 6 2 7 5 30 3 5 30 3 0 2 3 6 2 3 0 2 3 12 16 2 16 19 11 0 2 11 5 30 3 17 9 2 1 2 7 5 30 3 0 2 7 16 19 11 16 19 11 0 2 7 12 16 2 8 9 2 0 2 7 1 2 7 0 2 7 0 2 7 0 2 3 0 2 7 1 2 3 0 2 7 0 2 7 0 2 7 0 2 10 0 2 7 1 2 3 1 2 3 0 2 3 0 2 7 1 2 7 0 2 7 0 2 7 0 2 3 0 2 10 0 2 7 0 2 7 0 2 7 0 2 3 1 2 3 5 30 3 1 2 7 0 2 3 5 30 3 0 2 11 0 2 3 6 2 4 17 9 2 0 2 7 0 64.5058273673057556

Current Evaluation = 3600(3600)
Front Size = 10
5 31 3 1 2 7 17 18 2 1 2 7 0 2 7 5 30 3 12 16 2 0 2 7 0 2 4 0 2 7 0 2 7 0 2 4 0 2 4 1 2 7 0 2 7 0 2 7 5 30 3 1 2 7 0 2 7 0 2 4 1 2 7 1 2 7 0 2 7 0 2 7 1 2 4 13 6 3 17 9 2 0 2 7 0 2 4 1 2 4 0 2 7 16 6 2 17 18 2 5 30 3 13 6 3 17 9 2 17 9 2 0 2 7 0 2 7 12 16 2 1 2 7 0 2 4 5 31 3 17 18 2 0 2 7 1 2 7 1 2 7 6 2 7 0 2 7 5 31 3 0 2 7 0 2 7 1 2 7 0 2 7 0 2 7 1 2 7 0 2 7 1 2 7 1 2 7 1 2 7 0 60.3771155476570129
5 30 3 1 2 10 5 30 3 12 16 2 0 2 10 0 2 3 0 2 7 1 2 7 5 30 3 12 16 2 5 31 3 12 16 2 5 30 3 1 2 7 5 30 3 16 19 11 0 2 3 17 9 2 16 19 11 16 30 2 5 30 3 0 2 7 17 9 2 0 2 3 0 2 7 1 2 7 8 18 2 0 2 3 0 2 3 0 2 7 0 2 7 16 19 11 0 2 7 0 2 3 1 2 4 0 2 4 1 2 7 0 2 3 6 2 3 0 2 3 1 2 3 0 2 7 0 2 11 0 2 7 0 2 7 0 2 3 0 2 3 0 2 7 1 2 7 1 2 7 1 2 4 0 2 7 0 2 7 0 2 3 0 2 4 0 2 7 0 2 7 0 2 3 16 9 11 1 2 7 0 63.8512194752693176
1 2 7 17 1 2 0 2 7 0 2 7 5 30 3 12 16 2 0 2 7 0 2 4 1 2 7 0 2 7 0 2 7 0 2 7 5 30 3 0 2 7 0 2 7 0 2 7 5 30 3 12 16 2 5 31 3 8 9 2 0 2 7 5 30 3 5 30 3 0 2 7 16 31 2 17 18 2 0 2 7 0 2 7 1 2 11 6 2 7 0 2 7 1 2 10 1 2 7 16 9 11 0 2 7 0 2 7 12 16 2 6 2 7 17 9 2 1 2 3 0 2 7 0 2 7 1 2 7 0 2 7 0 2 7 1 2 7 0 2 7 0 2 7 16 19 11 0 2 7 0 2 7 12 16 2 0 2 7 0 2 7 0 2 11 16 30 2 0 2 7 5 30 3 1 2 3 5 31 3 0 62.6370813250541687
5 30 3 5 30 3 12 16 2 5 30 3 5 30 3 0 2 7 0 2 3 0 2 7 12 16 2 12 16 2 8 18 2 1 2 3 0 2 3 0 2 8 0 2 8 16 19 11 0 2 7 0 2 8 0 2 3 0 2 11 0 2 7 1 2 7 0 2 3 5 30 3 0 2 3 0 2 11 16 18 8 5 30 3 13 6 3 0 2 8 0 2 3 0 2 8 16 19 11 5 30 3 0 2 8 0 2 7 16 19 11 0 2 3 0 2 8 0 2 7 0 2 8 16 6 2 0 2 7 0 2 7 5 30 3 0 2 3 0 2 3 0 2 7 16 19 11 0 2 8 0 2 8 12 16 2 0 2 3 1 2 3 8 18 2 0 2 8 12 16 2 16 6 2 0 2 8 5 30 3 0 66.5478048324584961
5 30 3 16 19 11 0 2 8 0 2 8 8 18 2 8 18 2 0 2 8 0 2 8 0 2 8 5 30 3 12 16 2 5 30 3 0 2 3 0 2 11 5 31 3 5 30 3 0 2 8 0 2 8 0 2 7 0 2 3 0 2 8 0 2 8 0 2 8 0 2 11 0 2 7 0 2 8 0 2 8 12 16 2 0 2 8 0 2 8 0 2 8 0 2 8 16 19 11 0 2 8 0 2 8 0 2 3 0 2 8 0 2 8 5 30 3 5 30 3 0 2 8 0 2 8 0 2 7 0 2 8 5 30 3 16 19 11 16 19 11 16 19 11 16 19 11 0 2 3 5 30 3 16 6 2 0 2 8 12 16 2 5 30 3 0 2 8 0 2 8 0 2 8 0 2 11 0 2 8 2.04147650520605491e-07 69.2896620035171509
1 2 7 17 18 2 1 2 7 0 2 7 5 30 3 12 16 2 0 2 7 0 2 7 0 2 7 1 2 7 0 2 7 0 2 7 5 30 3 0 2 7 0 2 7 0 2 7 17 9 2 5 30 3 17 9 2 17 9 2 12 16 2 5 31 3 0 2 4 0 2 11 0 2 4 1 2 11 0 2 11 8 9 2 1 2 7 1 2 4 1 2 8 5 30 3 5 30 3 0 2 8 5 30 3 16 6 2 17 18 2 16 19 12 0 2 7 0 2 7 1 2 7 0 2 1 0 2 8 0 2 12 0 2 8 1 2 7 0 2 12 6 2 8 0 2 7 0 2 1 0 2 7 5 30 3 1 2 7 16 19 11 0 2 11 1 2 7 6 2 8 1 2 7 1 2 7 0 2 3 0.00989398075433906357 63.8274407386779785
6 2 8 6 2 12 6 2 12 6 2 8 5 30 3 0 2 8 16 19 12 5 30 3 6 2 12 16 19 12 8 9 2 16 15 2 8 18 2 16 15 2 8 18 2 5 30 3 5 30 3 5 30 3 8 18 2 0 2 8 8 9 2 0 2 8 0 2 8 0 2 8 0 2 8 8 9 2 0 2 8 16 19 12 0 2 12 8 18 2 6 2 12 8 9 2 6 2 8 8 9 2 5 30 3 6 2 12 8 9 2 8 18 2 2 3 3 0 2 12 0 2 8 16 19 12 0 2 8 5 30 3 16 19 12 8 18 2 6 2 8 5 30 3 8 9 2 6 2 12 5 30 3 6 2 8 0 2 8 8 18 2 0 2 12 0 2 12 8 18 2 0 2 12 8 9 2 0 2 8 0.0441899244241283073 67.0946962833404541
5 30 3 12 16 2 5 30 3 5 30 3 5 30 3 16 19 1 17 18 2 5 30 3 0 2 7 0 2 7 8 9 2 0 2 7 8 9 2 8 9 2 8 9 2 8 9 2 0 2 7 0 2 8 0 2 8 0 2 8 0 2 4 1 2 7 1 2 7 0 2 8 16 19 1 8 18 2 8 9 2 17 9 2 0 2 7 0 2 4 8 18 2 8 18 2 0 2 8 1 2 8 5 30 3 17 9 2 0 2 8 0 2 1 1 2 8 12 16 2 0 2 8 0 2 4 5 31 3 0 2 8 0 2 7 16 19 1 1 2 7 6 2 7 16 19 1 16 19 12 0 2 7 0 2 8 1 2 7 0 2 7 8 18 2 8 9 2 0 2 7 1 2 7 0 2 8 1 2 7 0.0195924828193364368 65.6937156319618225
5 30 3 5 30 3 5 30 3 5 30 3 5 30 3 5 30 3 5 30 3 8 18 2 6 2 12 0 2 12 16 19 12 8 9 2 0 2 3 0 2 8 6 2 7 0 2 8 8 18 2 0 2 12 0 2 7 8 18 2 16 31 2 12 16 2 12 16 2 17 18 2 0 2 8 16 15 2 0 2 7 1 2 7 8 9 2 6 2 12 13 6 3 5 30 3 0 2 7 1 2 7 16 19 12 8 9 2 16 19 11 16 19 12 0 2 7 0 2 7 0 2 7 12 16 2 6 2 12 0 2 8 0 2 12 1 2 7 0 2 8 1 2 7 0 2 7 8 18 2 0 2 3 0 2 12 0 2 7 16 15 2 8 9 2 5 31 3 0 2 7 0 2 7 5 30 3 16 19 11 0.0690670286263228989 64.9491788744926453
5 31 3 0 2 7 5 30 3 12 16 2 0 2 7 0 2 7 0 2 7 0 2 7 0 2 7 5 30 3 0 2 7 0 2 7 0 2 7 0 2 7 0 2 7 16 6 2 5 30 3 12 16 2 5 31 3 5 31 3 1 2 7 17 18 2 0 2 8 0 2 8 16 19 12 0 2 4 16 19 12 1 2 7 0 2 4 1 2 7 1 2 7 1 2 4 0 2 8 0 2 8 0 2 3 1 2 4 0 2 8 13 6 3 0 2 3 1 2 11 0 2 3 5 30 3 0 2 8 0 2 8 16 19 11 0 2 11 0 2 8 0 2 3 0 2 12 0 2 7 0 2 8 0 2 7 0 2 8 5 30 3 0 2 3 5 30 3 0 2 3 0 2 8 0 2 3 16 19 12 0.00253618671490902104 65.6198523044586182

Current Evaluation = 4500(4500)
Front Size = 10
5 31 3 1 2 7 17 18 2 1 2 7 0 2 7 5 30 3 12 16 2 0 2 7 0 2 4 0 2 7 0 2 7 0 2 4 0 2 4 1 2 7 0 2 7 0 2 7 5 30 3 1 2 7 0 2 7 0 2 4 1 2 7 1 2 7 0 2 7 0 2 7 1 2 4 13 6 3 17 9 2 0 2 7 0 2 4 1 2 4 0 2 7 16 6 2 17 18 2 5 30 3 13 6 3 17 9 2 17 9 2 0 2 7 0 2 7 12 16 2 1 2 7 0 2 4 5 31 3 17 18 2 0 2 7 1 2 7 1 2 7 6 2 7 0 2 7 5 31 3 0 2 7 0 2 7 1 2 7 0 2 7 0 2 7 1 2 7 0 2 7 1 2 7 1 2 7 1 2 7 0 60.3771155476570129
5 30 3 16 19 11 0 2 3 0 2 3 17 18 2 8 18 2 0 2 7 0 2 7 0 2 7 5 30 3 12 16 2 5 30 3 6 2 3 0 2 7 5 30 3 0 2 3 0 2 7 1 2 4 0 2 11 0 2 3 0 2 7 1 2 3 0 2 11 1 2 3 0 2 7 1 2 11 0 2 7 12 16 2 0 2 7 1 2 3 0 2 3 0 2 7 8 18 2 0 2 3 1 2 3 0 2 3 0 2 3 0 2 7 5 30 3 5 30 3 0 2 3 0 2 8 0 2 7 0 2 7 5 30 3 16 9 11 16 19 11 16 9 11 16 19 11 1 2 7 0 2 3 16 6 2 0 2 7 12 16 2 5 30 3 0 2 7 0 2 7 0 2 3 1 2 7 1 2 7 0 64.7441433668136597
6 2 8 6 2 12 6 2 12 6 2 8 5 30 3 0 2 8 16 19 12 5 30 3 6 2 12 16 19 12 8 9 2 16 15 2 8 18 2 16 15 2 8 18 2 5 30 3 5 30 3 5 30 3 8 18 2 0 2 8 8 9 2 0 2 8 0 2 8 0 2 8 0 2 8 8 9 2 0 2 8 16 19 12 0 2 12 8 18 2 6 2 12 8 9 2 6 2 8 8 9 2 5 30 3 6 2 12 8 9 2 8 18 2 2 3 3 0 2 12 0 2 8 16 19 12 0 2 8 5 30 3 16 19 12 8 18 2 6 2 8 5 30 3 8 9 2 6 2 12 5 30 3 6 2 8 0 2 8 8 18 2 0 2 12 0 2 12 8 18 2 0 2 12 8 9 2 0 2 8 0.0441899244241283073 67.0946962833404541
5 30 3 5 30 3 5 30 3 12 16 2 5 31 3 0 2 3 0 2 8 0 2 7 0 2 8 0 2 11 5 30 3 0 2 3 0 2 3 5 30 3 16 6 2 12 16 2 0 2 8 0 2 7 5 30 3 0 2 3 0 2 11 0 2 8 0 2 8 5 30 3 0 2 7 0 2 8 16 19 11 16 19 11 16 6 2 0 2 8 0 2 7 1 2 7 0 2 8 0 2 7 16 19 11 0 2 8 16 19 11 0 2 8 0 2 3 0 2 11 0 2 7 16 19 11 0 2 13 0 2 3 0 2 11 0 2 11 0 2 7 0 2 7 0 2 3 0 2 7 5 30 3 0 2 7 0 2 3 0 2 11 0 2 8 5 31 3 0 2 8 0 2 3 0 2 7 6 2 3 0 67.1495752334594727
5 30 3 16 19 11 0 2 8 0 2 8 8 18 2 8 18 2 0 2 8 0 2 8 0 2 8 5 30 3 12 16 2 5 30 3 0 2 3 0 2 11 5 31 3 5 30 3 0 2 8 0 2 8 0 2 7 0 2 3 0 2 8 0 2 8 0 2 8 0 2 11 0 2 7 0 2 8 0 2 8 12 16 2 0 2 8 0 2 8 0 2 8 0 2 8 16 19 11 0 2 8 0 2 8 0 2 3 0 2 8 0 2 8 5 30 3 5 30 3 0 2 8 0 2 8 0 2 7 0 2 8 5 30 3 16 19 11 16 19 11 16 19 11 16 19 11 0 2 3 5 30 3 16 6 2 0 2 8 12 16 2 5 30 3 0 2 8 0 2 8 0 2 8 0 2 11 0 2 8 2.04147650520605491e-07 69.2896620035171509
0 2 7 17 1 2 0 2 7 0 2 7 5 30 3 12 16 2 0 2 7 0 2 7 1 2 3 0 2 7 0 2 7 1 2 7 5 30 3 12 16 2 0 2 4 1 2 7 17 9 2 5 30 3 1 2 3 17 9 2 12 16 2 5 30 3 0 2 7 0 2 7 5 31 3 0 2 7 16 6 2 8 18 2 0 2 7 0 2 7 0 2 7 1 2 7 1 2 7 0 2 7 0 2 7 1 2 7 0 2 7 1 2 7 0 2 7 1 2 7 5 30 3 8 9 2 17 18 2 0 2 7 5 30 3 0 2 7 1 2 7 16 9 11 0 2 7 0 2 7 0 2 7 12 16 2 0 2 3 13 6 3 0 2 7 1 2 11 16 19 11 0 2 7 0 2 7 0 2 7 0 62.2053011059761047
5 30 3 12 16 2 5 30 3 5 30 3 5 30 3 16 19 1 17 18 2 5 30 3 0 2 7 0 2 7 8 9 2 0 2 7 8 9 2 8 9 2 8 9 2 8 9 2 0 2 7 0 2 8 0 2 8 0 2 8 0 2 4 1 2 7 1 2 7 0 2 8 16 19 1 8 18 2 8 9 2 17 9 2 0 2 7 0 2 4 8 18 2 8 18 2 0 2 8 1 2 8 5 30 3 17 9 2 0 2 8 0 2 1 1 2 8 12 16 2 0 2 8 0 2 4 5 31 3 0 2 8 0 2 7 16 19 1 1 2 7 6 2 7 16 19 1 16 19 12 0 2 7 0 2 8 1 2 7 0 2 7 8 18 2 8 9 2 0 2 7 1 2 7 0 2 8 1 2 7 0.0195924828193364368 65.6937156319618225
5 30 3 5 30 3 5 30 3 5 30 3 5 30 3 6 2 8 6 2 12 6 2 12 13 6 3 0 2 3 16 30 2 0 2 7 16 19 12 12 16 2 0 2 7 8 18 2 16 15 2 8 18 2 0 2 3 1 2 7 8 9 2 12 16 2 0 2 8 0 2 8 1 2 7 8 9 2 0 2 8 0 2 3 0 2 12 8 18 2 1 2 7 8 9 2 6 2 8 8 9 2 5 30 3 1 2 7 8 9 2 0 2 3 16 6 2 0 2 12 0 2 8 0 2 7 0 2 7 5 30 3 1 2 3 5 31 3 0 2 7 5 30 3 8 9 2 6 2 12 5 31 3 6 2 8 12 16 2 8 18 2 0 2 7 0 2 7 8 18 2 0 2 3 8 9 2 1 2 7 0.076516377242288186 65.0099583864212036
0 2 3 5 30 3 12 16 2 1 2 7 5 31 3 0 2 3 1 2 3 12 16 2 1 2 7 16 30 2 16 19 11 1 2 7 0 2 7 0 2 7 6 2 3 0 2 3 0 2 7 0 2 3 0 2 7 0 2 7 0 2 7 16 19 11 0 2 7 0 2 3 5 30 3 5 30 3 0 2 3 16 18 8 16 6 2 1 2 7 0 2 4 5 30 3 13 6 3 0 2 7 16 6 2 12 16 2 0 2 3 0 2 7 17 9 2 0 2 3 1 2 7 5 31 3 1 2 3 0 2 4 0 2 7 0 2 3 1 2 7 0 2 3 0 2 7 0 2 3 1 2 7 0 2 7 0 2 7 0 2 7 1 2 7 12 16 2 0 2 3 5 30 3 0 2 3 0 2 3 0 63.3717633485794067
5 31 3 5 30 3 12 16 2 5 30 3 5 30 3 1 2 7 6 2 7 5 31 3 6 2 7 16 6 2 16 19 11 0 2 3 0 2 7 0 2 7 0 2 3 6 2 7 5 30 3 0 2 7 0 2 7 0 2 3 0 2 7 0 2 7 0 2 3 0 2 7 5 30 3 5 31 3 0 2 3 16 19 11 16 19 11 0 2 7 0 2 7 5 30 3 16 18 11 0 2 7 0 2 7 0 2 3 1 2 7 16 19 11 6 2 7 0 2 3 0 2 7 0 2 3 0 2 7 0 2 7 0 2 7 0 2 7 1 2 7 0 2 7 1 2 7 0 2 7 0 2 3 1 2 7 12 16 2 0 2 7 0 2 7 0 2 3 1 2 3 17 9 2 0 2 7 0 2 7 0 64.0718312859535217

Current Evaluation = 5400(5400)
Front Size = 10
5 31 3 1 2 7 17 18 2 1 2 7 0 2 7 5 30 3 12 16 2 0 2 7 0 2 4 0 2 7 0 2 7 0 2 4 0 2 4 1 2 7 0 2 7 0 2 7 5 30 3 1 2 7 0 2 7 0 2 4 1 2 7 1 2 7 0 2 7 0 2 7 1 2 4 13 6 3 17 9 2 0 2 7 0 2 4 1 2 4 0 2 7 16 6 2 17 18 2 5 30 3 13 6 3 17 9 2 17 9 2 0 2 7 0 2 7 12 16 2 1 2 7 0 2 4 5 31 3 17 18 2 0 2 7 1 2 7 1 2 7 6 2 7 0 2 7 5 31 3 0 2 7 0 2 7 1 2 7 0 2 7 0 2 7 1 2 7 0 2 7 1 2 7 1 2 7 1 2 7 0 60.3771155476570129
5 30 3 12 16 2 5 30 3 5 30 3 5 30 3 5 30 3 1 2 7 0 2 7 0 2 7 1 2 7 0 2 7 0 2 7 0 2 11 5 30 3 12 16 2 5 31 3 0 2 11 0 2 7 16 19 11 0 2 11 1 2 7 0 2 12 6 2 11 0 2 11 0 2 7 0 2 8 0 2 7 8 9 2 17 9 2 1 2 11 0 2 7 0 2 11 12 16 2 0 2 7 0 2 11 16 6 2 0 2 8 0 2 7 0 2 7 0 2 7 0 2 3 8 18 2 16 19 11 0 2 11 17 9 2 5 30 3 0 2 7 0 2 11 0 2 7 0 2 11 0 2 11 16 6 2 0 2 7 16 19 11 0 2 7 0 2 7 8 9 2 1 2 7 0 2 11 5 30 3 0 64.8150838613510132
5 31 3 0 2 7 5 31 3 12 16 2 0 2 7 1 2 7 5 30 3 16 30 2 5 30 3 12 16 2 1 2 7 17 18 2 0 2 7 1 2 7 0 2 7 0 2 7 0 2 3 0 2 7 0 2 7 6 2 7 0 2 3 0 2 7 0 2 7 0 2 7 0 2 7 5 30 3 6 2 7 0 2 7 0 2 7 6 2 7 0 2 7 0 2 7 0 2 7 0 2 7 17 18 2 0 2 7 8 18 2 17 1 2 0 2 7 0 2 7 0 2 7 0 2 7 0 2 7 5 30 3 1 2 7 0 2 7 0 2 7 1 2 7 12 16 2 5 30 3 16 18 11 12 16 2 5 31 3 0 2 3 16 19 11 1 2 7 1 2 7 1 2 7 1 2 7 0 2 7 0 62.7513433694839478
5 30 3 12 16 2 5 30 3 5 30 3 5 31 3 0 2 7 5 30 3 1 2 7 0 2 7 0 2 7 0 2 4 17 18 2 5 30 3 0 2 7 0 2 10 0 2 11 1 2 3 6 2 7 0 2 7 0 2 7 1 2 3 0 2 4 17 9 2 0 2 11 8 18 2 0 2 7 5 30 3 0 2 10 6 2 7 0 2 7 12 16 2 5 30 3 0 2 7 0 2 7 0 2 7 16 19 11 0 2 7 0 2 7 0 2 7 1 2 7 0 2 7 1 2 7 1 2 7 17 9 2 0 2 7 16 19 11 0 2 7 0 2 7 0 2 7 1 2 7 0 2 3 1 2 3 0 2 7 1 2 11 0 2 3 0 2 7 16 19 11 16 19 11 8 9 2 0 2 7 0 63.6671632528305054
5 30 3 5 30 3 5 30 3 12 16 2 5 30 3 0 2 8 0 2 3 0 2 3 1 2 3 0 2 8 5 30 3 0 2 11 0 2 7 5 31 3 16 6 2 12 16 2 0 2 3 0 2 3 5 30 3 0 2 3 1 2 11 0 2 3 0 2 8 16 9 8 0 2 8 1 2 7 16 19 11 16 9 8 0 2 3 1 2 8 16 19 11 1 2 7 16 19 12 0 2 8 0 2 3 0 2 7 5 30 3 0 2 7 0 2 8 16 30 2 0 2 7 0 2 3 0 2 8 0 2 7 0 2 7 0 2 8 0 2 3 0 2 3 8 18 2 1 2 7 0 2 8 0 2 8 0 2 3 0 2 8 0 2 7 12 16 2 5 31 3 0 2 8 0 2 3 0 2 7 0 66.8422391414642334
5 30 3 12 16 2 5 30 3 5 30 3 5 30 3 16 19 1 17 18 2 5 30 3 0 2 7 0 2 7 8 9 2 0 2 7 8 9 2 8 9 2 8 9 2 8 9 2 0 2 7 0 2 8 0 2 8 0 2 8 0 2 4 1 2 7 1 2 7 0 2 8 16 19 1 8 18 2 8 9 2 17 9 2 0 2 7 0 2 4 8 18 2 8 18 2 0 2 8 1 2 8 5 30 3 17 9 2 0 2 8 0 2 1 1 2 8 12 16 2 0 2 8 0 2 4 5 31 3 0 2 8 0 2 7 16 19 1 1 2 7 6 2 7 16 19 1 16 19 12 0 2 7 0 2 8 1 2 7 0 2 7 8 18 2 8 9 2 0 2 7 1 2 7 0 2 8 1 2 7 0.0195924828193364368 65.6937156319618225
5 30 3 16 19 11 0 2 8 0 2 8 8 18 2 8 18 2 0 2 8 0 2 8 0 2 8 5 30 3 12 16 2 5 30 3 0 2 3 0 2 11 5 31 3 5 30 3 0 2 8 0 2 8 0 2 7 0 2 3 0 2 8 0 2 8 0 2 8 0 2 11 0 2 7 0 2 8 0 2 8 12 16 2 0 2 8 0 2 8 0 2 8 0 2 8 16 19 11 0 2 8 0 2 8 0 2 3 0 2 8 0 2 8 5 30 3 5 30 3 0 2 8 0 2 8 0 2 7 0 2 8 5 30 3 16 19 11 16 19 11 16 19 11 16 19 11 0 2 3 5 30 3 16 6 2 0 2 8 12 16 2 5 30 3 0 2 8 0 2 8 0 2 8 0 2 11 0 2 8 2.04147650520605491e-07 69.2896620035171509
5 31 3 5 31 3 5 30 3 5 30 3 5 30 3 0 2 7 16 19 12 1 2 3 5 30 3 0 2 7 0 2 3 1 2 7 0 2 7 0 2 3 0 2 3 0 2 3 0 2 3 16 6 2 1 2 3 0 2 7 0 2 3 0 2 7 0 2 3 1 2 3 0 2 3 0 2 3 0 2 3 1 2 7 12 16 2 0 2 7 1 2 3 0 2 3 0 2 3 0 2 7 16 19 11 0 2 7 0 2 3 0 2 7 0 2 7 0 2 3 0 2 7 0 2 7 0 2 7 1 2 7 0 2 7 0 2 7 5 30 3 0 2 7 16 19 11 0 2 3 0 2 3 0 2 7 0 2 7 16 6 2 12 16 2 16 19 12 0 2 7 16 9 11 5 30 3 1 2 7 0 64.7398504614830017
6 2 8 6 2 12 6 2 12 6 2 8 5 30 3 0 2 8 16 19 12 5 30 3 6 2 12 16 19 12 8 9 2 16 15 2 8 18 2 16 15 2 8 18 2 5 30 3 5 30 3 5 30 3 8 18 2 0 2 8 8 9 2 0 2 8 0 2 8 0 2 8 0 2 8 8 9 2 0 2 8 16 19 12 0 2 12 8 18 2 6 2 12 8 9 2 6 2 8 8 9 2 5 30 3 6 2 12 8 9 2 8 18 2 2 3 3 0 2 12 0 2 8 16 19 12 0 2 8 5 30 3 16 19 12 8 18 2 6 2 8 5 30 3 8 9 2 6 2 12 5 30 3 6 2 8 0 2 8 8 18 2 0 2 12 0 2 12 8 18 2 0 2 12 8 9 2 0 2 8 0.0441899244241283073 67.0946962833404541
5 30 3 5 30 3 5 30 3 5 30 3 5 30 3 5 31 3 5 30 3 0 2 8 0 2 7 8 18 2 1 2 7 8 18 2 0 2 7 12 16 2 0 2 3 8 9 2 5 30 3 16 19 11 0 2 8 0 2 7 8 18 2 8 18 2 0 2 3 0 2 8 16 19 12 8 9 2 12 16 2 16 9 11 0 2 7 0 2 7 6 2 8 12 16 2 1 2 7 6 2 12 0 2 7 0 2 3 0 2 7 0 2 8 0 2 12 0 2 8 5 30 3 6 2 12 0 2 7 1 2 3 1 2 4 0 2 3 0 2 7 16 19 11 6 2 12 8 18 2 1 2 3 0 2 7 5 31 3 0 2 7 0 2 12 0 2 7 8 18 2 1 2 7 17 9 2 6 2 7 0.0482226272095937561 65.8721970319747925

Current Evaluation = 6300(6300)
Front Size = 10
5 31 3 1 2 7 17 18 2 1 2 7 0 2 7 5 30 3 12 16 2 0 2 7 0 2 4 0 2 7 0 2 7 0 2 4 0 2 4 1 2 7 0 2 7 0 2 7 5 30 3 1 2 7 0 2 7 0 2 4 1 2 7 1 2 7 0 2 7 0 2 7 1 2 4 13 6 3 17 9 2 0 2 7 0 2 4 1 2 4 0 2 7 16 6 2 17 18 2 5 30 3 13 6 3 17 9 2 17 9 2 0 2 7 0 2 7 12 16 2 1 2 7 0 2 4 5 31 3 17 18 2 0 2 7 1 2 7 1 2 7 6 2 7 0 2 7 5 31 3 0 2 7 0 2 7 1 2 7 0 2 7 0 2 7 1 2 7 0 2 7 1 2 7 1 2 7 1 2 7 0 60.3771155476570129
6 2 8 6 2 12 6 2 12 6 2 8 5 30 3 0 2 8 16 19 12 5 30 3 6 2 12 16 19 12 8 9 2 16 15 2 8 18 2 16 15 2 8 18 2 5 30 3 5 30 3 5 30 3 8 18 2 0 2 8 8 9 2 0 2 8 0 2 8 0 2 8 0 2 8 8 9 2 0 2 8 16 19 12 0 2 12 8 18 2 6 2 12 8 9 2 6 2 8 8 9 2 5 30 3 6 2 12 8 9 2 8 18 2 2 3 3 0 2 12 0 2 8 16 19 12 0 2 8 5 30 3 16 19 12 8 18 2 6 2 8 5 30 3 8 9 2 6 2 12 5 30 3 6 2 8 0 2 8 8 18 2 0 2 12 0 2 12 8 18 2 0 2 12 8 9 2 0 2 8 0.0441899244241283073 67.0946962833404541
5 31 3 0 2 7 0 2 7 0 2 7 0 2 7 12 16 2 6 2 7 0 2 7 0 2 7 17 18 2 0 2 7 0 2 7 5 30 3 1 2 7 0 2 7 0 2 7 1 2 7 8 9 2 1 2 7 1 2 7 16 6 2 5 31 3 8 18 2 0 2 7 6 2 7 12 16 2 0 2 7 0 2 11 0 2 7 0 2 7 8 18 2 5 30 3 0 2 7 0 2 7 0 2 7 5 30 3 5 30 3 1 2 7 0 2 7 16 19 11 1 2 7 1 2 7 12 16 2 0 2 7 16 15 2 5 30 3 5 30 3 17 18 2 0 2 7 0 2 7 0 2 7 0 2 7 0 2 7 0 2 7 16 19 11 0 2 7 0 2 7 16 19 11 0 2 7 0 2 7 0 62.9154961109161377
5 30 3 16 19 11 0 2 8 0 2 8 8 18 2 8 18 2 0 2 8 0 2 8 0 2 8 5 30 3 12 16 2 5 30 3 0 2 3 0 2 11 5 31 3 5 30 3 0 2 8 0 2 8 0 2 7 0 2 3 0 2 8 0 2 8 0 2 8 0 2 11 0 2 7 0 2 8 0 2 8 12 16 2 0 2 8 0 2 8 0 2 8 0 2 8 16 19 11 0 2 8 0 2 8 0 2 3 0 2 8 0 2 8 5 30 3 5 30 3 0 2 8 0 2 8 0 2 7 0 2 8 5 30 3 16 19 11 16 19 11 16 19 11 16 19 11 0 2 3 5 30 3 16 6 2 0 2 8 12 16 2 5 30 3 0 2 8 0 2 8 0 2 8 0 2 11 0 2 8 2.04147650520605491e-07 69.2896620035171509
0 2 7 13 6 3 0 2 7 1 2 11 5 30 3 12 16 2 0 2 7 1 2 11 1 2 7 6 2 7 0 2 7 0 2 7 0 2 7 6 2 11 0 2 7 5 30 3 0 2 7 0 2 7 0 2 11 1 2 7 0 2 7 1 2 7 1 2 11 17 9 2 0 2 7 0 2 7 16 31 2 5 30 3 6 2 11 0 2 7 0 2 7 12 16 2 0 2 4 1 2 7 0 2 7 6 2 7 5 30 3 0 2 7 0 2 7 5 30 3 16 31 2 13 6 3 0 2 11 0 2 7 17 18 2 0 2 11 17 18 2 0 2 7 5 30 3 17 18 2 0 2 11 0 2 11 1 2 11 5 30 3 0 2 11 17 9 2 5 30 3 5 30 3 0 2 7 1 2 7 0 62.1205074787139893
5 30 3 5 30 3 5 30 3 5 31 3 5 30 3 5 30 3 0 2 7 0 2 7 0 2 7 0 2 7 0 2 3 16 6 2 0 2 7 0 2 7 0 2 7 0 2 3 0 2 3 0 2 3 16 19 11 0 2 7 6 2 7 0 2 7 0 2 3 0 2 3 0 2 7 16 19 11 0 2 7 0 2 3 1 2 3 0 2 8 0 2 11 0 2 3 0 2 7 5 30 3 0 2 7 12 16 2 12 16 2 5 30 3 16 6 2 8 9 2 1 2 3 0 2 7 0 2 3 0 2 7 1 2 3 0 2 3 0 2 7 0 2 3 5 30 3 0 2 3 0 2 7 0 2 3 16 19 11 16 19 11 1 2 7 0 2 7 16 19 11 0 2 3 1 2 7 0 2 3 0 65.1224972605705261
5 30 3 5 30 3 5 30 3 17 9 2 6 2 12 6 2 12 0 2 7 1 2 7 16 19 12 0 2 7 1 2 7 0 2 7 16 15 2 8 18 2 0 2 4 0 2 7 5 30 3 0 2 7 8 18 2 0 2 8 17 18 2 0 2 8 0 2 8 0 2 8 0 2 7 1 2 7 0 2 8 17 9 2 0 2 7 0 2 7 0 2 7 1 2 7 6 2 8 8 9 2 5 30 3 6 2 12 8 9 2 8 18 2 17 18 2 1 2 7 1 2 7 17 18 2 0 2 7 5 30 3 16 19 12 1 2 7 6 2 8 5 30 3 8 9 2 0 2 7 1 2 7 6 2 8 0 2 7 0 2 4 0 2 7 0 2 7 13 6 3 0 2 4 8 9 2 0 2 8 0.0110668699475832792 63.0173141956329346
1 2 4 0 2 7 0 2 3 5 30 3 12 16 2 1 2 7 0 2 3 0 2 7 0 2 4 1 2 7 0 2 7 0 2 7 1 2 7 17 18 2 0 2 7 0 2 7 0 2 4 1 2 11 0 2 4 16 19 11 1 2 3 12 16 2 0 2 7 0 2 7 0 2 7 0 2 7 1 2 7 0 2 7 1 2 3 17 9 2 1 2 7 16 30 2 6 2 7 5 30 3 5 30 3 0 2 7 0 2 7 1 2 3 5 30 3 5 30 3 0 2 4 5 31 3 0 2 7 1 2 3 1 2 7 16 6 2 0 2 3 8 9 2 0 2 7 0 2 3 13 6 3 0 2 7 5 31 3 17 9 2 0 2 7 0 2 7 0 2 7 0 2 3 12 16 2 16 6 2 0 62.0916294455528259
5 30 3 5 30 3 5 30 3 12 16 2 5 30 3 0 2 8 0 2 3 0 2 3 1 2 3 0 2 8 5 30 3 0 2 11 0 2 7 5 31 3 16 6 2 12 16 2 0 2 3 0 2 3 5 30 3 0 2 3 1 2 11 0 2 3 0 2 8 16 9 8 0 2 8 1 2 7 16 19 11 16 9 8 0 2 3 1 2 8 16 19 11 1 2 7 16 19 12 0 2 8 0 2 3 0 2 7 5 30 3 0 2 7 0 2 8 16 30 2 0 2 7 0 2 3 0 2 8 0 2 7 0 2 7 0 2 8 0 2 3 0 2 3 8 18 2 1 2 7 0 2 8 0 2 8 0 2 3 0 2 8 0 2 7 12 16 2 5 31 3 0 2 8 0 2 3 0 2 7 0 66.8422391414642334
5 30 3 5 30 3 5 30 3 12 16 2 0 2 7 5 31 3 16 6 2 12 16 2 1 2 7 1 2 7 0 2 7 0 2 7 0 2 7 0 2 7 0 2 7 1 2 7 0 2 7 5 31 3 0 2 7 1 2 7 0 2 8 13 6 3 1 2 7 1 2 7 0 2 8 1 2 7 0 2 11 0 2 3 0 2 3 5 30 3 0 2 4 1 2 11 1 2 7 0 2 8 16 9 8 0 2 7 0 2 7 16 9 8 0 2 4 1 2 8 16 19 11 0 2 7 0 2 8 0 2 3 5 30 3 0 2 8 16 30 2 0 2 4 0 2 7 17 18 2 0 2 7 17 9 2 0 2 7 0 2 7 0 2 8 0 2 3 0 2 8 13 6 3 5 31 3 0 2 3 0.000365109119095254455 63.4757158756256104

Current Evaluation = 7200(7200)
Front Size = 10
5 31 3 1 2 7 17 18 2 1 2 7 0 2 7 5 30 3 12 16 2 0 2 7 0 2 4 0 2 7 0 2 7 0 2 4 0 2 4 1 2 7 0 2 7 0 2 7 5 30 3 1 2 7 0 2 7 0 2 4 1 2 7 1 2 7 0 2 7 0 2 7 1 2 4 13 6 3 17 9 2 0 2 7 0 2 4 1 2 4 0 2 7 16 6 2 17 18 2 5 30 3 13 6 3 17 9 2 17 9 2 0 2 7 0 2 7 12 16 2 1 2 7 0 2 4 5 31 3 17 18 2 0 2 7 1 2 7 1 2 7 6 2 7 0 2 7 5 31 3 0 2 7 0 2 7 1 2 7 0 2 7 0 2 7 1 2 7 0 2 7 1 2 7 1 2 7 1 2 7 0 60.3771155476570129
0 2 7 13 6 3 0 2 7 1 2 11 5 30 3 12 16 2 0 2 7 1 2 11 1 2 7 6 2 7 0 2 7 0 2 7 0 2 7 6 2 11 0 2 7 5 30 3 0 2 7 0 2 7 0 2 11 1 2 7 0 2 7 1 2 7 1 2 11 17 9 2 0 2 7 0 2 7 16 31 2 5 30 3 6 2 11 0 2 7 0 2 7 12 16 2 0 2 4 1 2 7 0 2 7 6 2 7 5 30 3 0 2 7 0 2 7 5 30 3 16 31 2 13 6 3 0 2 11 0 2 7 17 18 2 0 2 11 17 18 2 0 2 7 5 30 3 17 18 2 0 2 11 0 2 11 1 2 11 5 30 3 0 2 11 17 9 2 5 30 3 5 30 3 0 2 7 1 2 7 0 62.1205074787139893
1 2 3 0 2 7 5 30 3 8 18 2 0 2 7 0 2 7 0 2 7 0 2 7 0 2 7 0 2 3 0 2 7 0 2 3 16 19 11 12 16 2 1 2 7 0 2 7 0 2 7 0 2 7 0 2 4 17 18 2 17 9 2 0 2 7 16 6 2 1 2 7 5 30 3 0 2 7 1 2 3 0 2 7 5 30 3 5 30 3 5 31 3 0 2 7 16 6 2 1 2 7 13 6 3 0 2 7 5 30 3 5 31 3 0 2 3 0 2 7 0 2 7 12 16 2 0 2 7 0 2 7 6 2 3 17 18 2 1 2 7 1 2 7 0 2 3 1 2 3 0 2 7 1 2 4 1 2 7 1 2 3 0 2 7 0 2 7 1 2 7 0 2 7 0 2 7 16 24 2 0 61.9814434051513672
5 30 3 5 30 3 5 30 3 12 16 2 5 30 3 0 2 8 0 2 3 0 2 3 1 2 3 0 2 8 5 30 3 0 2 11 0 2 7 5 31 3 16 6 2 12 16 2 0 2 3 0 2 3 5 30 3 0 2 3 1 2 11 0 2 3 0 2 8 16 9 8 0 2 8 1 2 7 16 19 11 16 9 8 0 2 3 1 2 8 16 19 11 1 2 7 16 19 12 0 2 8 0 2 3 0 2 7 5 30 3 0 2 7 0 2 8 16 30 2 0 2 7 0 2 3 0 2 8 0 2 7 0 2 7 0 2 8 0 2 3 0 2 3 8 18 2 1 2 7 0 2 8 0 2 8 0 2 3 0 2 8 0 2 7 12 16 2 5 31 3 0 2 8 0 2 3 0 2 7 0 66.8422391414642334
0 2 7 1 2 4 0 2 7 5 30 3 12 16 2 0 2 7 0 2 7 0 2 7 1 2 11 1 2 4 17 18 2 0 2 7 1 2 7 17 18 2 1 2 4 0 2 7 1 2 7 0 2 7 1 2 7 12 16 2 1 2 7 0 2 7 0 2 7 0 2 7 17 9 2 0 2 7 5 30 3 5 30 3 0 2 7 0 2 7 0 2 7 13 6 3 5 30 3 0 2 7 0 2 11 0 2 7 0 2 7 13 6 3 1 2 7 17 9 2 8 9 2 8 9 2 1 2 7 16 15 2 0 2 7 0 2 7 17 18 2 5 30 3 1 2 7 16 6 2 1 2 7 8 9 2 0 2 7 5 30 3 0 2 7 0 2 7 0 2 7 0 2 7 12 16 2 5 30 3 0 61.1890941858291626
5 31 3 5 30 3 12 16 2 5 30 3 0 2 7 5 31 3 6 2 7 0 2 7 0 2 7 12 16 2 5 31 3 5 30 3 6 2 7 5 30 3 5 30 3 5 31 3 0 2 7 16 19 11 12 16 2 16 30 2 1 2 7 0 2 11 0 2 7 0 2 3 0 2 7 0 2 7 17 9 2 0 2 7 12 16 2 1 2 7 6 2 7 0 2 7 0 2 7 0 2 7 1 2 7 0 2 7 0 2 7 0 2 7 6 2 7 16 19 11 0 2 7 1 2 7 0 2 7 0 2 7 0 2 7 0 2 7 16 6 2 0 2 7 0 2 7 0 2 7 16 19 11 17 9 2 6 2 7 0 2 11 0 2 7 0 2 7 0 2 11 13 6 3 1 2 7 0 2 7 0 62.9119554162025452
5 30 3 5 30 3 5 30 3 12 16 2 5 30 3 0 2 3 0 2 7 0 2 3 5 30 3 0 2 3 0 2 7 5 30 3 16 30 2 12 16 2 0 2 3 0 2 3 5 30 3 1 2 7 0 2 3 0 2 3 16 19 11 0 2 7 1 2 7 1 2 7 16 30 2 0 2 3 0 2 7 1 2 3 1 2 3 0 2 7 12 16 2 1 2 3 0 2 7 0 2 10 6 2 7 1 2 3 16 19 11 0 2 7 16 9 11 0 2 7 0 2 7 0 2 3 16 19 11 16 19 11 0 2 7 0 2 7 0 2 3 0 2 7 0 2 7 0 2 3 0 2 7 5 31 3 0 2 3 8 9 2 0 2 4 1 2 7 0 2 7 0 2 7 0 2 3 12 16 2 0 64.5306073427200317
0 2 7 5 30 3 12 16 2 1 2 7 0 2 10 0 2 3 1 2 7 0 2 7 0 2 3 1 2 7 17 9 2 0 2 7 0 2 4 1 2 7 12 16 2 0 2 4 0 2 7 0 2 7 0 2 7 1 2 4 0 2 7 8 9 2 1 2 3 0 2 3 5 30 3 5 30 3 0 2 7 16 19 11 5 30 3 5 31 3 0 2 7 0 2 7 13 6 3 0 2 7 17 9 2 0 2 7 0 2 3 0 2 3 0 2 7 16 31 2 0 2 4 0 2 3 0 2 7 1 2 7 5 30 3 1 2 7 16 30 2 0 2 11 0 2 7 1 2 7 1 2 7 0 2 7 1 2 7 1 2 7 1 2 7 0 2 7 5 30 3 17 18 2 12 16 2 16 6 2 0 61.9539594650268555
5 30 3 16 19 11 0 2 8 0 2 8 8 18 2 8 18 2 0 2 8 0 2 8 0 2 8 5 30 3 12 16 2 5 30 3 0 2 3 0 2 11 5 31 3 5 30 3 0 2 8 0 2 8 0 2 7 0 2 3 0 2 8 0 2 8 0 2 8 0 2 11 0 2 7 0 2 8 0 2 8 12 16 2 0 2 8 0 2 8 0 2 8 0 2 8 16 19 11 0 2 8 0 2 8 0 2 3 0 2 8 0 2 8 5 30 3 5 30 3 0 2 8 0 2 8 0 2 7 0 2 8 5 30 3 16 19 11 16 19 11 16 19 11 16 19 11 0 2 3 5 30 3 16 6 2 0 2 8 12 16 2 5 30 3 0 2 8 0 2 8 0 2 8 0 2 11 0 2 8 2.04147650520605491e-07 69.2896620035171509
5 30 3 5 30 3 5 30 3 17 9 2 6 2 12 6 2 12 0 2 7 1 2 7 16 19 12 0 2 7 1 2 7 0 2 7 16 15 2 8 18 2 0 2 4 0 2 7 5 30 3 0 2 7 8 18 2 0 2 8 17 18 2 0 2 8 0 2 8 0 2 8 0 2 7 1 2 7 0 2 8 17 9 2 0 2 7 0 2 7 0 2 7 1 2 7 6 2 8 8 9 2 5 30 3 6 2 12 8 9 2 8 18 2 17 18 2 1 2 7 1 2 7 17 18 2 0 2 7 5 30 3 16 19 12 1 2 7 6 2 8 5 30 3 8 9 2 0 2 7 1 2 7 6 2 8 0 2 7 0 2 4 0 2 7 0 2 7 13 6 3 0 2 4 8 9 2 0 2 8 0.0110668699475832792 63.0173141956329346

Current Evaluation = 8100(8100)
Front Size = 10
5 31 3 1 2 7 17 18 2 1 2 7 0 2 7 5 30 3 12 16 2 0 2 7 0 2 4 0 2 7 0 2 7 0 2 4 0 2 4 1 2 7 0 2 7 0 2 7 5 30 3 1 2 7 0 2 7 0 2 4 1 2 7 1 2 7 0 2 7 0 2 7 1 2 4 13 6 3 17 9 2 0 2 7 0 2 4 1 2 4 0 2 7 16 6 2 17 18 2 5 30 3 13 6 3 17 9 2 17 9 2 0 2 7 0 2 7 12 16 2 1 2 7 0 2 4 5 31 3 17 18 2 0 2 7 1 2 7 1 2 7 6 2 7 0 2 7 5 31 3 0 2 7 0 2 7 1 2 7 0 2 7 0 2 7 1 2 7 0 2 7 1 2 7 1 2 7 1 2 7 0 60.3771155476570129
5 30 3 5 30 3 5 30 3 12 16 2 5 30 3 0 2 3 0 2 7 0 2 3 5 30 3 0 2 3 0 2 7 5 30 3 16 30 2 12 16 2 0 2 3 0 2 3 5 30 3 1 2 7 0 2 3 0 2 3 16 19 11 0 2 7 1 2 7 1 2 7 16 30 2 0 2 3 0 2 7 1 2 3 1 2 3 0 2 7 12 16 2 1 2 3 0 2 7 0 2 10 6 2 7 1 2 3 16 19 11 0 2 7 16 9 11 0 2 7 0 2 7 0 2 3 16 19 11 16 19 11 0 2 7 0 2 7 0 2 3 0 2 7 0 2 7 0 2 3 0 2 7 5 31 3 0 2 3 8 9 2 0 2 4 1 2 7 0 2 7 0 2 7 0 2 3 12 16 2 0 64.5306073427200317
0 2 7 13 6 3 0 2 7 0 2 11 5 30 3 12 16 2 0 2 7 1 2 3 1 2 7 0 2 7 0 2 7 0 2 7 0 2 7 16 19 11 0 2 7 1 2 7 12 16 2 0 2 7 1 2 11 0 2 7 8 9 2 0 2 7 17 9 2 5 30 3 0 2 7 0 2 7 12 16 2 0 2 3 0 2 7 5 30 3 0 2 7 1 2 10 5 30 3 13 6 3 0 2 7 17 18 2 17 18 2 0 2 7 5 30 3 16 30 2 1 2 3 17 9 2 1 2 7 1 2 7 0 2 4 16 6 2 0 2 7 0 2 11 0 2 7 0 2 7 1 2 7 8 18 2 1 2 7 0 2 11 1 2 7 5 30 3 0 2 7 5 30 3 5 30 3 0 2 3 0 62.0741783380508423
5 30 3 0 2 7 1 2 7 0 2 3 5 31 3 12 16 2 0 2 4 0 2 7 1 2 4 1 2 4 0 2 3 0 2 3 5 30 3 0 2 7 16 15 2 1 2 7 12 16 2 1 2 4 16 18 11 1 2 7 5 30 3 12 16 2 17 9 2 8 18 2 1 2 3 0 2 3 0 2 3 17 18 2 0 2 7 0 2 3 0 2 7 0 2 3 0 2 3 0 2 3 1 2 7 0 2 3 0 2 7 0 2 7 0 2 7 5 30 3 0 2 3 1 2 7 0 2 7 0 2 7 15 2 11 1 2 7 0 2 11 17 9 2 1 2 7 16 6 2 1 2 3 1 2 7 1 2 3 16 9 11 0 2 7 0 2 7 1 2 4 0 2 4 0 2 4 0 2 7 0 62.7498047351837158
5 30 3 5 30 3 12 16 2 0 2 7 5 31 3 0 2 7 1 2 7 0 2 4 6 2 7 0 2 3 5 30 3 0 2 7 0 2 7 5 31 3 16 6 2 12 16 2 0 2 3 0 2 7 5 30 3 1 2 7 0 2 7 0 2 7 6 2 7 16 19 11 6 2 7 0 2 3 16 19 11 16 19 11 0 2 7 0 2 7 16 19 11 12 16 2 16 19 11 0 2 7 0 2 7 0 2 7 5 30 3 1 2 7 0 2 7 0 2 3 0 2 7 1 2 7 0 2 3 0 2 3 17 18 2 6 2 7 0 2 7 0 2 7 8 18 2 0 2 7 1 2 7 0 2 7 0 2 3 0 2 4 1 2 7 12 16 2 5 31 3 0 2 7 0 2 7 0 2 7 0 63.8846701383590698
5 30 3 16 19 11 0 2 8 0 2 8 8 18 2 8 18 2 0 2 8 0 2 8 0 2 8 5 30 3 12 16 2 5 30 3 0 2 3 0 2 11 5 31 3 5 30 3 0 2 8 0 2 8 0 2 7 0 2 3 0 2 8 0 2 8 0 2 8 0 2 11 0 2 7 0 2 8 0 2 8 12 16 2 0 2 8 0 2 8 0 2 8 0 2 8 16 19 11 0 2 8 0 2 8 0 2 3 0 2 8 0 2 8 5 30 3 5 30 3 0 2 8 0 2 8 0 2 7 0 2 8 5 30 3 16 19 11 16 19 11 16 19 11 16 19 11 0 2 3 5 30 3 16 6 2 0 2 8 12 16 2 5 30 3 0 2 8 0 2 8 0 2 8 0 2 11 0 2 8 2.04147650520605491e-07 69.2896620035171509
5 30 3 5 30 3 12 16 2 5 30 3 5 31 3 0 2 7 0 2 7 12 16 2 0 2 7 16 6 2 16 19 11 1 2 7 0 2 8 17 18 2 0 2 4 0 2 7 0 2 8 0 2 8 1 2 7 0 2 11 1 2 7 13 6 3 0 2 8 0 2 3 0 2 8 0 2 7 0 2 4 0 2 7 1 2 7 1 2 4 0 2 8 0 2 8 0 2 7 0 2 4 16 19 11 0 2 4 5 31 3 0 2 3 0 2 8 0 2 7 0 2 7 1 2 7 0 2 7 0 2 8 0 2 8 5 30 3 0 2 7 16 19 11 16 19 11 1 2 7 0 2 7 5 30 3 0 2 8 17 9 2 0 2 7 0 2 8 0 2 8 0 2 8 0 2 11 0 2 8 0.00110829762126912063 64.9793343544006348
0 2 7 13 6 3 0 2 7 0 2 7 5 30 3 12 16 2 6 2 7 1 2 7 0 2 7 0 2 7 0 2 7 0 2 7 0 2 7 1 2 7 12 16 2 0 2 11 0 2 7 1 2 7 0 2 7 17 9 2 0 2 7 0 2 7 0 2 7 0 2 7 5 30 3 0 2 7 5 30 3 13 6 3 0 2 7 17 18 2 8 18 2 0 2 7 5 30 3 17 9 2 1 2 7 1 2 7 1 2 7 0 2 7 0 2 7 0 2 7 1 2 7 0 2 7 1 2 7 16 19 11 5 30 3 5 30 3 0 2 7 1 2 7 17 9 2 17 9 2 0 2 7 0 2 7 16 15 2 5 31 3 0 2 7 8 18 2 1 2 7 1 2 7 0 2 7 1 2 7 0 61.3203132748603821
0 2 3 0 2 7 1 2 7 5 30 3 12 16 2 1 2 10 12 16 2 5 30 3 0 2 7 5 30 3 5 30 3 0 2 7 5 30 3 16 6 2 16 19 11 0 2 7 0 2 3 0 2 7 0 2 3 0 2 3 1 2 7 1 2 7 0 2 7 0 2 7 16 19 11 1 2 7 1 2 4 17 18 2 0 2 3 0 2 7 0 2 7 0 2 7 0 2 10 1 2 7 0 2 3 17 9 2 5 30 3 8 18 2 1 2 7 0 2 3 0 2 7 0 2 3 0 2 7 1 2 7 0 2 7 5 31 3 1 2 7 0 2 3 1 2 7 0 2 4 1 2 10 1 2 7 0 2 4 17 18 2 0 2 7 0 2 7 0 2 4 16 30 2 0 2 10 8 18 2 0 62.7849534749984741
0 2 7 13 6 3 0 2 7 1 2 11 5 30 3 12 16 2 0 2 7 1 2 11 1 2 7 6 2 7 0 2 7 0 2 7 0 2 7 6 2 11 0 2 7 5 30 3 0 2 7 0 2 7 0 2 11 1 2 7 0 2 7 1 2 7 1 2 11 17 9 2 0 2 7 0 2 7 16 31 2 5 30 3 6 2 11 0 2 7 0 2 7 12 16 2 0 2 4 1 2 7 0 2 7 6 2 7 5 30 3 0 2 7 0 2 7 5 30 3 16 31 2 13 6 3 0 2 11 0 2 7 17 18 2 0 2 11 17 18 2 0 2 7 5 30 3 17 18 2 0 2 11 0 2 11 1 2 11 5 30 3 0 2 11 17 9 2 5 30 3 5 30 3 0 2 7 1 2 7 0 62.1205074787139893

Current Evaluation = 9000(9000)
Front Size = 10
0 2 7 6 2 7 0 2 7 12 16 2 12 16 2 5 30 3 0 2 7 5 30 3 0 2 7 0 2 7 0 2 7 1 2 7 1 2 7 0 2 7 0 2 7 0 2 7 17 18 2 1 2 7 1 2 7 0 2 4 1 2 7 17 9 2 1 2 7 0 2 7 1 2 7 0 2 7 1 2 7 5 31 3 1 2 7 1 2 7 1 2 7 0 2 7 0 2 7 17 9 2 1 2 7 17 9 2 0 2 7 1 2 7 1 2 7 13 6 3 17 18 2 0 2 4 0 2 7 5 30 3 5 31 3 1 2 7 0 2 7 17 18 2 0 2 7 1 2 4 0 2 4 0 2 7 0 2 7 0 2 7 0 2 7 0 2 7 8 9 2 16 15 2 13 6 3 0 2 7 0 60.3621864914894104
5 30 3 16 19 11 0 2 8 0 2 8 8 18 2 8 18 2 0 2 8 0 2 8 0 2 8 5 30 3 12 16 2 5 30 3 0 2 3 0 2 11 5 31 3 5 30 3 0 2 8 0 2 8 0 2 7 0 2 3 0 2 8 0 2 8 0 2 8 0 2 11 0 2 7 0 2 8 0 2 8 12 16 2 0 2 8 0 2 8 0 2 8 0 2 8 16 19 11 0 2 8 0 2 8 0 2 3 0 2 8 0 2 8 5 30 3 5 30 3 0 2 8 0 2 8 0 2 7 0 2 8 5 30 3 16 19 11 16 19 11 16 19 11 16 19 11 0 2 3 5 30 3 16 6 2 0 2 8 12 16 2 5 30 3 0 2 8 0 2 8 0 2 8 0 2 11 0 2 8 2.04147650520605491e-07 69.2896620035171509
0 2 3 0 2 7 17 18 2 12 16 2 0 2 7 8 18 2 1 2 7 16 6 2 1 2 7 0 2 7 0 2 4 8 18 2 1 2 7 0 2 7 5 31 3 12 16 2 17 9 2 5 31 3 17 18 2 8 18 2 0 2 3 0 2 7 1 2 7 0 2 7 1 2 3 0 2 7 0 2 7 0 2 7 0 2 3 0 2 7 5 30 3 1 2 7 1 2 7 1 2 3 1 2 7 1 2 7 1 2 7 0 2 7 0 2 7 1 2 3 1 2 7 16 6 2 1 2 7 16 15 2 0 2 7 5 30 3 0 2 3 0 2 7 0 2 7 0 2 3 0 2 3 1 2 7 0 2 7 0 2 3 0 2 7 0 2 7 1 2 7 0 2 7 16 6 2 1 2 7 0 61.4747656583786011
0 2 7 13 6 3 0 2 7 1 2 7 5 30 3 12 16 2 0 2 7 0 2 7 1 2 4 0 2 4 0 2 7 1 2 7 0 2 7 0 2 7 0 2 7 5 30 3 0 2 7 0 2 7 0 2 4 0 2 7 0 2 7 5 30 3 17 9 2 0 2 7 1 2 7 5 30 3 0 2 10 0 2 7 1 2 7 12 16 2 17 9 2 0 2 7 0 2 3 0 2 7 0 2 7 1 2 4 1 2 7 16 6 2 13 6 3 1 2 4 17 18 2 1 2 4 1 2 3 17 18 2 1 2 11 17 9 2 1 2 7 5 31 3 0 2 4 1 2 7 0 2 4 8 18 2 1 2 7 1 2 7 0 2 7 0 2 7 0 2 3 1 2 7 5 30 3 17 18 2 0 60.7776694297790527
5 30 3 5 30 3 12 16 2 6 2 7 0 2 7 0 2 7 0 2 7 12 16 2 0 2 7 0 2 7 0 2 4 0 2 7 0 2 7 0 2 7 0 2 7 1 2 7 0 2 7 1 2 7 17 9 2 0 2 7 0 2 7 1 2 4 0 2 7 5 30 3 1 2 7 1 2 7 0 2 7 0 2 7 0 2 7 5 30 3 0 2 7 0 2 7 0 2 7 15 2 11 0 2 7 0 2 7 0 2 7 0 2 7 15 2 11 5 31 3 0 2 7 17 18 2 16 19 11 5 30 3 5 30 3 12 16 2 1 2 7 13 6 3 16 19 11 16 24 2 1 2 7 13 6 3 0 2 7 1 2 7 5 30 3 0 2 7 0 2 7 17 9 2 17 18 2 12 16 2 0 62.0642979741096497
5 30 3 5 30 3 5 30 3 12 16 2 5 30 3 0 2 3 0 2 7 0 2 3 5 30 3 0 2 3 0 2 7 5 30 3 16 30 2 12 16 2 0 2 3 0 2 3 5 30 3 1 2 7 0 2 3 0 2 3 16 19 11 0 2 7 1 2 7 1 2 7 16 30 2 0 2 3 0 2 7 1 2 3 1 2 3 0 2 7 12 16 2 1 2 3 0 2 7 0 2 10 6 2 7 1 2 3 16 19 11 0 2 7 16 9 11 0 2 7 0 2 7 0 2 3 16 19 11 16 19 11 0 2 7 0 2 7 0 2 3 0 2 7 0 2 7 0 2 3 0 2 7 5 31 3 0 2 3 8 9 2 0 2 4 1 2 7 0 2 7 0 2 7 0 2 3 12 16 2 0 64.5306073427200317
0 2 7 13 6 3 0 2 11 1 2 7 5 30 3 12 16 2 0 2 7 1 2 11 1 2 11 6 2 7 0 2 7 0 2 7 0 2 7 0 2 11 0 2 7 5 30 3 0 2 7 0 2 7 0 2 7 1 2 7 8 18 2 0 2 7 1 2 7 17 9 2 0 2 7 6 2 7 16 31 2 5 30 3 0 2 7 0 2 7 0 2 7 12 16 2 0 2 7 1 2 11 0 2 11 1 2 7 5 30 3 0 2 7 0 2 7 5 30 3 16 30 2 13 6 3 0 2 11 0 2 7 17 18 2 0 2 7 17 18 2 1 2 7 5 30 3 17 18 2 0 2 11 0 2 7 1 2 11 5 30 3 0 2 11 17 9 2 5 30 3 5 30 3 0 2 7 1 2 11 0 62.1118474006652832
5 31 3 0 2 7 17 18 2 0 2 7 0 2 7 5 30 3 12 16 2 5 31 3 1 2 7 0 2 3 1 2 3 0 2 7 1 2 7 5 30 3 1 2 3 0 2 7 1 2 7 0 2 7 13 6 3 0 2 7 0 2 7 16 30 2 5 30 3 0 2 7 0 2 7 12 16 2 5 30 3 0 2 7 0 2 11 0 2 7 0 2 3 1 2 3 0 2 7 0 2 7 5 30 3 0 2 7 1 2 7 0 2 3 0 2 7 0 2 4 16 19 11 0 2 4 0 2 7 0 2 7 17 18 2 12 16 2 0 2 3 8 9 2 1 2 3 1 2 4 12 16 2 1 2 7 16 30 2 0 2 7 1 2 4 16 30 2 16 6 2 0 2 7 1 2 3 0 2 3 0 62.179141640663147
5 30 3 5 30 3 5 31 3 12 16 2 5 31 3 0 2 7 0 2 7 0 2 7 0 2 7 12 16 2 1 2 7 16 6 2 6 2 7 0 2 7 0 2 7 6 2 7 0 2 11 12 16 2 0 2 7 16 19 11 1 2 7 0 2 7 1 2 7 17 9 2 0 2 7 0 2 7 0 2 7 0 2 7 16 6 2 5 30 3 0 2 7 0 2 7 0 2 11 0 2 7 12 16 2 5 31 3 0 2 7 5 30 3 0 2 7 0 2 7 0 2 7 0 2 7 1 2 7 16 6 2 16 6 2 1 2 7 1 2 7 0 2 11 0 2 4 8 9 2 0 2 7 0 2 11 5 30 3 0 2 7 16 19 11 0 2 11 8 18 2 0 2 7 8 9 2 12 16 2 0 63.0479423999786377
0 2 7 1 2 7 5 30 3 12 16 2 12 16 2 5 30 3 0 2 7 5 30 3 5 30 3 0 2 7 5 30 3 16 19 11 0 2 7 0 2 7 1 2 7 1 2 7 0 2 7 0 2 7 1 2 7 17 18 2 0 2 7 0 2 7 0 2 7 1 2 7 17 9 2 5 30 3 8 18 2 1 2 7 0 2 7 0 2 7 1 2 7 0 2 7 5 31 3 1 2 7 1 2 7 1 2 7 0 2 7 0 2 7 8 18 2 17 9 2 1 2 10 0 2 7 0 2 3 17 9 2 0 2 11 0 2 7 1 2 4 0 2 3 0 2 10 0 2 3 0 2 3 0 2 3 0 2 3 1 2 7 1 2 10 13 6 3 17 18 2 0 2 7 0 2 7 0 2 10 0 62.5952634811401367

Current Evaluation = 9900(9900)
Front Size = 10
0 2 7 6 2 7 0 2 7 12 16 2 12 16 2 5 30 3 0 2 7 5 30 3 0 2 7 0 2 7 0 2 7 1 2 7 1 2 7 0 2 7 0 2 7 0 2 7 17 18 2 1 2 7 1 2 7 0 2 4 1 2 7 17 9 2 1 2 7 0 2 7 1 2 7 0 2 7 1 2 7 5 31 3 1 2 7 1 2 7 1 2 7 0 2 7 0 2 7 17 9 2 1 2 7 17 9 2 0 2 7 1 2 7 1 2 7 13 6 3 17 18 2 0 2 4 0 2 7 5 30 3 5 31 3 1 2 7 0 2 7 17 18 2 0 2 7 1 2 4 0 2 4 0 2 7 0 2 7 0 2 7 0 2 7 0 2 7 8 9 2 16 15 2 13 6 3 0 2 7 0 60.3621864914894104
5 30 3 5 30 3 5 31 3 12 16 2 5 30 3 0 2 3 5 31 3 1 2 3 5 30 3 16 30 2 12 16 2 16 6 2 0 2 7 0 2 11 1 2 7 0 2 3 16 19 11 0 2 3 1 2 3 0 2 7 0 2 3 0 2 3 0 2 7 0 2 7 0 2 7 0 2 7 6 2 7 5 30 3 0 2 3 0 2 3 0 2 7 0 2 7 1 2 10 0 2 4 1 2 7 6 2 7 5 30 3 6 2 7 0 2 7 0 2 7 0 2 3 0 2 3 0 2 7 0 2 7 1 2 7 0 2 7 1 2 7 12 16 2 16 9 11 16 19 11 1 2 7 16 31 2 0 2 3 17 9 2 0 2 3 1 2 7 0 2 7 0 2 7 0 2 4 0 2 3 0 63.522735595703125
1 2 4 0 2 3 17 18 2 12 16 2 0 2 7 1 2 7 16 6 2 1 2 7 0 2 7 0 2 7 0 2 7 0 2 7 5 31 3 12 16 2 5 30 3 17 18 2 0 2 7 0 2 7 1 2 3 0 2 3 0 2 3 0 2 4 0 2 7 12 16 2 0 2 7 0 2 7 5 30 3 1 2 7 6 2 7 0 2 7 1 2 7 1 2 3 0 2 4 5 30 3 0 2 3 0 2 7 0 2 7 0 2 7 1 2 7 0 2 4 0 2 3 0 2 7 5 31 3 16 6 2 5 31 3 17 18 2 13 6 3 1 2 7 1 2 7 16 30 2 0 2 7 16 6 2 1 2 7 1 2 7 0 2 7 1 2 3 8 18 2 0 2 7 1 2 7 0 2 7 0 61.3147116303443909
5 31 3 5 30 3 1 2 7 0 2 7 0 2 7 0 2 7 0 2 7 12 16 2 1 2 7 1 2 7 0 2 7 0 2 7 6 2 7 0 2 7 17 9 2 5 31 3 0 2 7 0 2 7 5 30 3 0 2 7 0 2 7 0 2 7 0 2 7 0 2 7 5 30 3 0 2 7 0 2 7 16 6 2 0 2 7 0 2 7 17 18 2 5 30 3 1 2 7 13 6 3 13 6 3 17 18 2 0 2 7 12 16 2 16 6 2 0 2 7 16 6 2 1 2 7 1 2 7 12 16 2 8 18 2 5 31 3 16 19 11 0 2 7 0 2 7 6 2 7 0 2 7 5 30 3 1 2 7 0 2 7 0 2 7 1 2 7 1 2 7 0 2 7 0 2 7 12 16 2 0 61.4213321208953857
0 2 7 13 6 3 0 2 7 1 2 7 5 30 3 12 16 2 0 2 7 0 2 7 1 2 4 0 2 4 0 2 7 1 2 7 0 2 7 0 2 7 0 2 7 5 30 3 0 2 7 0 2 7 0 2 4 0 2 7 0 2 7 5 30 3 17 9 2 0 2 7 1 2 7 5 30 3 0 2 10 0 2 7 1 2 7 12 16 2 17 9 2 0 2 7 0 2 3 0 2 7 0 2 7 1 2 4 1 2 7 16 6 2 13 6 3 1 2 4 17 18 2 1 2 4 1 2 3 17 18 2 1 2 11 17 9 2 1 2 7 5 31 3 0 2 4 1 2 7 0 2 4 8 18 2 1 2 7 1 2 7 0 2 7 0 2 7 0 2 3 1 2 7 5 30 3 17 18 2 0 60.7776694297790527
0 2 4 13 6 3 1 2 7 5 30 3 12 16 2 0 2 7 0 2 11 0 2 7 0 2 7 1 2 7 0 2 7 17 18 2 0 2 7 1 2 1 0 2 7 1 2 7 8 18 2 0 2 7 1 2 4 0 2 4 5 30 3 0 2 7 0 2 7 0 2 4 12 16 2 0 2 4 1 2 7 1 2 7 0 2 4 16 6 2 0 2 7 17 18 2 0 2 7 17 18 2 1 2 11 17 18 2 6 2 7 0 2 7 0 2 7 0 2 7 17 9 2 0 2 7 1 2 11 0 2 7 15 2 11 5 30 3 1 2 7 5 31 3 1 2 4 0 2 7 16 6 2 0 2 7 0 2 7 0 2 7 5 31 3 1 2 7 1 2 10 5 30 3 0 2 4 12 16 2 0 61.4759884476661682
5 30 3 16 19 11 0 2 8 0 2 8 8 18 2 8 18 2 0 2 8 0 2 8 0 2 8 5 30 3 12 16 2 5 30 3 0 2 3 0 2 11 5 31 3 5 30 3 0 2 8 0 2 8 0 2 7 0 2 3 0 2 8 0 2 8 0 2 8 0 2 11 0 2 7 0 2 8 0 2 8 12 16 2 0 2 8 0 2 8 0 2 8 0 2 8 16 19 11 0 2 8 0 2 8 0 2 3 0 2 8 0 2 8 5 30 3 5 30 3 0 2 8 0 2 8 0 2 7 0 2 8 5 30 3 16 19 11 16 19 11 16 19 11 16 19 11 0 2 3 5 30 3 16 6 2 0 2 8 12 16 2 5 30 3 0 2 8 0 2 8 0 2 8 0 2 11 0 2 8 2.04147650520605491e-07 69.2896620035171509
0 2 7 0 2 7 1 2 7 12 16 2 12 16 2 5 30 3 0 2 7 5 30 3 0 2 7 0 2 3 0 2 7 0 2 3 0 2 7 0 2 7 1 2 7 0 2 7 1 2 7 1 2 7 0 2 7 0 2 3 0 2 7 5 31 3 0 2 7 0 2 7 16 9 11 0 2 7 5 30 3 0 2 3 17 9 2 0 2 3 1 2 7 16 9 11 1 2 7 0 2 7 1 2 7 1 2 3 1 2 7 1 2 7 0 2 3 0 2 7 17 9 2 1 2 7 1 2 3 13 6 3 0 2 3 0 2 7 5 31 3 0 2 7 17 18 2 0 2 7 1 2 7 0 2 7 1 2 7 5 30 3 0 2 3 0 2 7 1 2 7 16 19 11 16 19 11 0 2 7 0 62.6265994310379028
0 2 11 8 18 2 1 2 7 0 2 7 5 30 3 12 16 2 0 2 7 6 2 7 0 2 7 5 30 3 1 2 7 1 2 7 13 6 3 1 2 7 16 30 2 5 30 3 0 2 11 0 2 7 12 16 2 5 30 3 0 2 7 0 2 11 1 2 7 1 2 4 0 2 11 0 2 11 17 9 2 0 2 7 0 2 7 1 2 4 1 2 7 0 2 7 5 30 3 5 30 3 17 18 2 0 2 7 0 2 7 1 2 7 0 2 7 13 6 3 1 2 7 0 2 7 0 2 7 0 2 7 5 31 3 0 2 7 0 2 7 0 2 7 17 9 2 0 2 7 1 2 7 0 2 7 1 2 7 0 2 7 0 2 7 17 18 2 0 2 7 16 6 2 17 9 2 5 31 3 0 61.3724157214164734
0 2 7 17 18 2 1 2 7 0 2 7 5 31 3 12 16 2 0 2 7 0 2 7 0 2 7 5 30 3 1 2 7 0 2 7 0 2 11 13 6 3 1 2 7 16 30 2 16 15 2 5 30 3 0 2 7 0 2 4 12 16 2 5 30 3 0 2 7 0 2 7 0 2 3 0 2 7 1 2 7 5 30 3 0 2 7 1 2 7 0 2 3 1 2 3 0 2 3 17 9 2 1 2 3 0 2 7 0 2 7 1 2 7 1 2 7 1 2 3 0 2 7 0 2 7 0 2 3 8 9 2 17 18 2 0 2 3 0 2 3 0 2 7 12 16 2 0 2 7 1 2 7 1 2 7 1 2 3 12 16 2 16 6 2 13 6 3 0 2 3 16 6 2 0 2 3 0 2 3 0 61.6762685775756836

Current Evaluation = 10800(10800)
Front Size = 10
0 2 7 6 2 7 0 2 7 12 16 2 12 16 2 5 30 3 0 2 7 5 30 3 0 2 7 0 2 7 0 2 7 1 2 7 1 2 7 0 2 7 0 2 7 0 2 7 17 18 2 1 2 7 1 2 7 0 2 4 1 2 7 17 9 2 1 2 7 0 2 7 1 2 7 0 2 7 1 2 7 5 31 3 1 2 7 1 2 7 1 2 7 0 2 7 0 2 7 17 9 2 1 2 7 17 9 2 0 2 7 1 2 7 1 2 7 13 6 3 17 18 2 0 2 4 0 2 7 5 30 3 5 31 3 1 2 7 0 2 7 17 18 2 0 2 7 1 2 4 0 2 4 0 2 7 0 2 7 0 2 7 0 2 7 0 2 7 8 9 2 16 15 2 13 6 3 0 2 7 0 60.3621864914894104
5 30 3 5 30 3 12 16 2 1 2 8 5 30 3 12 16 2 16 6 2 0 2 7 1 2 3 6 2 11 0 2 7 0 2 7 0 2 7 0 2 7 0 2 7 0 2 7 0 2 7 0 2 7 0 2 3 0 2 7 1 2 7 0 2 7 0 2 7 0 2 7 1 2 7 0 2 7 17 9 2 0 2 7 0 2 7 1 2 7 0 2 7 17 18 2 5 30 3 0 2 7 16 30 2 1 2 7 0 2 7 0 2 7 0 2 7 0 2 7 13 6 3 0 2 7 17 18 2 5 30 3 0 2 7 0 2 7 5 30 3 0 2 7 1 2 7 8 1 2 1 2 3 5 31 3 1 2 3 1 2 7 17 18 2 12 16 2 16 19 11 5 30 3 8 18 2 0 2 7 0 62.1920450925827026
5 30 3 5 30 3 5 31 3 12 16 2 5 30 3 0 2 3 5 31 3 1 2 3 5 30 3 16 30 2 12 16 2 16 6 2 0 2 7 0 2 11 1 2 7 0 2 3 16 19 11 0 2 3 1 2 3 0 2 7 0 2 3 0 2 3 0 2 7 0 2 7 0 2 7 0 2 7 6 2 7 5 30 3 0 2 3 0 2 3 0 2 7 0 2 7 1 2 10 0 2 4 1 2 7 6 2 7 5 30 3 6 2 7 0 2 7 0 2 7 0 2 3 0 2 3 0 2 7 0 2 7 1 2 7 0 2 7 1 2 7 12 16 2 16 9 11 16 19 11 1 2 7 16 31 2 0 2 3 17 9 2 0 2 3 1 2 7 0 2 7 0 2 7 0 2 4 0 2 3 0 63.522735595703125
0 2 7 13 6 3 0 2 4 1 2 7 5 30 3 12 16 2 0 2 7 0 2 7 0 2 4 1 2 7 1 2 7 1 2 7 0 2 7 0 2 3 0 2 7 5 30 3 0 2 7 0 2 7 0 2 7 0 2 7 0 2 7 5 30 3 17 9 2 0 2 11 1 2 4 5 30 3 0 2 7 0 2 7 1 2 3 0 2 4 17 9 2 0 2 11 0 2 7 0 2 7 0 2 7 1 2 7 1 2 7 16 6 2 13 6 3 1 2 7 17 18 2 1 2 7 0 2 4 8 18 2 1 2 3 17 9 2 1 2 7 5 31 3 0 2 7 1 2 3 1 2 7 17 18 2 1 2 7 1 2 7 0 2 7 0 2 7 0 2 7 1 2 4 5 30 3 17 18 2 0 60.7449196577072144
0 2 7 0 2 7 1 2 7 5 31 3 12 16 2 1 2 7 1 2 7 0 2 7 1 2 7 0 2 3 0 2 4 1 2 7 0 2 7 1 2 7 5 31 3 1 2 4 0 2 4 0 2 7 0 2 7 0 2 7 17 9 2 0 2 7 0 2 7 1 2 7 0 2 7 0 2 3 0 2 7 1 2 7 1 2 7 16 24 2 1 2 7 17 9 2 1 2 7 0 2 7 5 31 3 1 2 7 0 2 7 0 2 4 0 2 7 13 6 3 0 2 3 1 2 7 0 2 4 1 2 7 0 2 7 5 30 3 0 2 7 16 6 2 0 2 7 8 18 2 17 9 2 12 16 2 1 2 7 0 2 7 17 18 2 1 2 7 1 2 7 1 2 7 0 2 7 17 18 2 0 60.4919207096099854
5 31 3 5 31 3 12 16 2 6 2 3 5 30 3 12 16 2 0 2 7 0 2 7 1 2 3 0 2 3 0 2 3 0 2 7 0 2 3 0 2 7 0 2 7 0 2 7 0 2 4 0 2 7 1 2 7 0 2 7 0 2 7 0 2 7 6 2 7 0 2 3 1 2 7 17 9 2 16 6 2 0 2 7 1 2 4 0 2 7 17 18 2 0 2 7 0 2 7 0 2 7 0 2 7 17 18 2 0 2 7 1 2 4 0 2 3 1 2 4 0 2 7 5 31 3 1 2 3 12 16 2 1 2 7 0 2 11 1 2 7 1 2 7 1 2 7 17 1 2 1 2 7 13 6 3 6 2 7 1 2 7 0 2 7 5 30 3 17 9 2 0 2 7 1 2 7 16 6 2 0 61.2825607061386108
5 30 3 16 19 11 0 2 8 0 2 8 8 18 2 8 18 2 0 2 8 0 2 8 0 2 8 5 30 3 12 16 2 5 30 3 0 2 3 0 2 11 5 31 3 5 30 3 0 2 8 0 2 8 0 2 7 0 2 3 0 2 8 0 2 8 0 2 8 0 2 11 0 2 7 0 2 8 0 2 8 12 16 2 0 2 8 0 2 8 0 2 8 0 2 8 16 19 11 0 2 8 0 2 8 0 2 3 0 2 8 0 2 8 5 30 3 5 30 3 0 2 8 0 2 8 0 2 7 0 2 8 5 30 3 16 19 11 16 19 11 16 19 11 16 19 11 0 2 3 5 30 3 16 6 2 0 2 8 12 16 2 5 30 3 0 2 8 0 2 8 0 2 8 0 2 11 0 2 8 2.04147650520605491e-07 69.2896620035171509
0 2 7 0 2 7 1 2 7 5 31 3 12 16 2 0 2 7 1 2 4 0 2 7 1 2 4 0 2 7 0 2 7 1 2 4 0 2 7 1 2 11 5 31 3 1 2 4 0 2 7 1 2 7 1 2 7 17 9 2 0 2 7 0 2 7 1 2 7 0 2 4 0 2 7 0 2 7 0 2 7 1 2 7 17 9 2 0 2 7 5 31 3 0 2 7 0 2 7 13 6 3 0 2 7 0 2 7 5 30 3 0 2 7 16 30 2 0 2 11 12 16 2 0 2 4 17 18 2 0 2 7 17 18 2 0 2 7 1 2 7 1 2 7 1 2 4 0 2 4 0 2 7 1 2 7 5 30 3 6 2 11 8 18 2 17 9 2 1 2 11 16 6 2 1 2 7 12 16 2 0 60.9089466333389282
0 2 4 13 6 3 1 2 7 5 30 3 12 16 2 0 2 7 0 2 11 0 2 7 0 2 7 1 2 7 0 2 7 17 18 2 0 2 7 1 2 1 0 2 7 1 2 7 8 18 2 0 2 7 1 2 4 0 2 4 5 30 3 0 2 7 0 2 7 0 2 4 12 16 2 0 2 4 1 2 7 1 2 7 0 2 4 16 6 2 0 2 7 17 18 2 0 2 7 17 18 2 1 2 11 17 18 2 6 2 7 0 2 7 0 2 7 0 2 7 17 9 2 0 2 7 1 2 11 0 2 7 15 2 11 5 30 3 1 2 7 5 31 3 1 2 4 0 2 7 16 6 2 0 2 7 0 2 7 0 2 7 5 31 3 1 2 7 1 2 10 5 30 3 0 2 4 12 16 2 0 61.4759884476661682
5 30 3 5 30 3 12 16 2 6 2 7 5 31 3 12 16 2 16 6 2 1 2 3 0 2 11 0 2 7 0 2 3 0 2 7 0 2 7 0 2 7 0 2 7 0 2 7 0 2 7 0 2 3 1 2 11 0 2 7 0 2 7 0 2 7 0 2 7 0 2 7 0 2 10 0 2 7 0 2 7 6 2 7 17 9 2 0 2 7 0 2 7 1 2 7 0 2 3 5 30 3 5 30 3 6 2 7 5 30 3 17 18 2 1 2 11 5 31 3 1 2 7 0 2 11 16 6 2 1 2 7 5 30 3 1 2 7 0 2 7 0 2 7 0 2 7 5 30 3 6 2 7 13 6 3 0 2 7 17 18 2 16 19 11 16 19 11 0 2 11 0 2 3 8 18 2 0 2 7 0 62.9487273693084717

Current Evaluation = 11700(11700)
Front Size = 10
0 2 7 0 2 7 5 31 3 12 16 2 1 2 7 0 2 7 1 2 4 13 6 3 12 16 2 0 2 7 0 2 7 0 2 7 5 31 3 0 2 7 0 2 7 1 2 7 17 9 2 0 2 7 0 2 7 1 2 7 0 2 7 0 2 7 0 2 7 1 2 4 17 9 2 1 2 7 0 2 7 1 2 4 12 16 2 0 2 7 1 2 7 13 6 3 1 2 7 1 2 7 0 2 7 0 2 7 1 2 4 17 9 2 1 2 7 17 18 2 17 18 2 5 31 3 0 2 7 0 2 7 0 2 7 6 2 7 0 2 7 1 2 7 0 2 7 1 2 7 5 30 3 12 16 2 1 2 7 1 2 7 13 6 3 0 2 7 16 6 2 1 2 7 0 2 7 17 18 2 0 59.938682496547699
0 2 7 13 6 3 0 2 4 1 2 7 5 30 3 12 16 2 0 2 7 0 2 7 0 2 4 1 2 7 1 2 7 1 2 7 0 2 7 0 2 3 0 2 7 5 30 3 0 2 7 0 2 7 0 2 7 0 2 7 0 2 7 5 30 3 17 9 2 0 2 11 1 2 4 5 30 3 0 2 7 0 2 7 1 2 3 0 2 4 17 9 2 0 2 11 0 2 7 0 2 7 0 2 7 1 2 7 1 2 7 16 6 2 13 6 3 1 2 7 17 18 2 1 2 7 0 2 4 8 18 2 1 2 3 17 9 2 1 2 7 5 31 3 0 2 7 1 2 3 1 2 7 17 18 2 1 2 7 1 2 7 0 2 7 0 2 7 0 2 7 1 2 4 5 30 3 17 18 2 0 60.7449196577072144
12 16 2 5 31 3 12 16 2 0 2 7 0 2 7 0 2 7 0 2 7 1 2 11 1 2 7 1 2 4 16 9 11 0 2 4 0 2 7 17 9 2 0 2 7 1 2 7 0 2 7 6 2 7 0 2 7 0 2 7 0 2 7 0 2 4 1 2 11 5 31 3 5 31 3 13 6 3 12 16 2 0 2 4 0 2 7 0 2 4 0 2 4 0 2 4 0 2 7 17 9 2 0 2 7 1 2 7 1 2 7 17 18 2 0 2 7 1 2 7 1 2 7 1 2 7 0 2 4 17 18 2 0 2 7 1 2 7 1 2 7 17 9 2 0 2 4 0 2 7 1 2 7 5 31 3 5 30 3 0 2 7 16 6 2 1 2 7 1 2 7 12 16 2 6 2 4 0 2 4 0 61.1274575591087341
0 2 3 0 2 3 12 16 2 5 30 3 12 16 2 1 2 7 0 2 7 1 2 7 6 2 4 1 2 3 0 2 3 0 2 7 1 2 7 0 2 3 5 30 3 0 2 7 6 2 7 0 2 3 0 2 7 0 2 7 5 30 3 17 9 2 0 2 7 5 30 3 1 2 7 0 2 7 1 2 4 0 2 7 6 2 7 0 2 7 0 2 7 1 2 7 16 30 2 1 2 7 5 31 3 5 31 3 13 6 3 16 15 2 16 19 11 12 16 2 0 2 4 0 2 7 0 2 7 0 2 7 0 2 7 0 2 4 8 9 2 17 9 2 0 2 3 0 2 7 1 2 7 1 2 7 17 18 2 1 2 7 0 2 7 0 2 7 0 2 10 0 2 4 1 2 7 17 18 2 0 61.813399612903595
0 2 7 0 2 7 1 2 7 5 31 3 12 16 2 1 2 7 1 2 7 0 2 7 1 2 7 0 2 3 0 2 4 1 2 7 0 2 7 1 2 7 5 31 3 1 2 4 0 2 4 0 2 7 0 2 7 0 2 7 17 9 2 0 2 7 0 2 7 1 2 7 0 2 7 0 2 3 0 2 7 1 2 7 1 2 7 16 24 2 1 2 7 17 9 2 1 2 7 0 2 7 5 31 3 1 2 7 0 2 7 0 2 4 0 2 7 13 6 3 0 2 3 1 2 7 0 2 4 1 2 7 0 2 7 5 30 3 0 2 7 16 6 2 0 2 7 8 18 2 17 9 2 12 16 2 1 2 7 0 2 7 17 18 2 1 2 7 1 2 7 1 2 7 0 2 7 17 18 2 0 60.4919207096099854
0 2 7 0 2 4 1 2 7 5 31 3 12 16 2 0 2 4 1 2 3 0 2 7 1 2 7 0 2 7 0 2 7 1 2 4 0 2 7 1 2 7 5 31 3 1 2 4 0 2 7 1 2 7 1 2 4 17 9 2 0 2 4 0 2 7 1 2 7 0 2 4 0 2 4 0 2 7 0 2 7 6 2 3 17 9 2 0 2 7 5 31 3 0 2 7 0 2 7 13 6 3 0 2 7 0 2 7 5 30 3 0 2 4 16 6 2 1 2 7 12 16 2 0 2 7 17 18 2 0 2 7 17 18 2 0 2 7 1 2 7 1 2 7 1 2 4 0 2 7 0 2 7 1 2 7 5 30 3 0 2 7 8 18 2 17 9 2 1 2 4 16 6 2 1 2 7 12 16 2 0 60.6859235763549805
0 2 4 13 6 3 1 2 7 5 30 3 12 16 2 0 2 7 0 2 11 0 2 7 0 2 7 1 2 7 0 2 7 17 18 2 0 2 7 1 2 1 0 2 7 1 2 7 8 18 2 0 2 7 1 2 4 0 2 4 5 30 3 0 2 7 0 2 7 0 2 4 12 16 2 0 2 4 1 2 7 1 2 7 0 2 4 16 6 2 0 2 7 17 18 2 0 2 7 17 18 2 1 2 11 17 18 2 6 2 7 0 2 7 0 2 7 0 2 7 17 9 2 0 2 7 1 2 11 0 2 7 15 2 11 5 30 3 1 2 7 5 31 3 1 2 4 0 2 7 16 6 2 0 2 7 0 2 7 0 2 7 5 31 3 1 2 7 1 2 10 5 30 3 0 2 4 12 16 2 0 61.4759884476661682
5 30 3 5 30 3 5 31 3 12 16 2 5 30 3 0 2 3 5 31 3 1 2 3 5 30 3 16 30 2 12 16 2 16 6 2 0 2 7 0 2 11 1 2 7 0 2 3 16 19 11 0 2 3 1 2 3 0 2 7 0 2 3 0 2 3 0 2 7 0 2 7 0 2 7 0 2 7 6 2 7 5 30 3 0 2 3 0 2 3 0 2 7 0 2 7 1 2 10 0 2 4 1 2 7 6 2 7 5 30 3 6 2 7 0 2 7 0 2 7 0 2 3 0 2 3 0 2 7 0 2 7 1 2 7 0 2 7 1 2 7 12 16 2 16 9 11 16 19 11 1 2 7 16 31 2 0 2 3 17 9 2 0 2 3 1 2 7 0 2 7 0 2 7 0 2 4 0 2 3 0 63.522735595703125
0 2 7 0 2 7 5 31 3 12 16 2 1 2 7 0 2 7 1 2 7 13 6 3 12 16 2 0 2 7 0 2 7 0 2 7 5 31 3 0 2 4 0 2 7 1 2 7 17 9 2 0 2 7 0 2 7 8 9 2 0 2 7 0 2 7 0 2 7 17 9 2 1 2 7 0 2 7 0 2 7 1 2 7 1 2 7 1 2 7 0 2 4 0 2 7 17 9 2 1 2 7 17 18 2 17 18 2 5 31 3 0 2 7 0 2 7 6 2 7 1 2 7 5 31 3 1 2 7 1 2 7 16 6 2 1 2 7 1 2 7 1 2 7 0 2 7 1 2 7 0 2 7 0 2 7 1 2 7 0 2 7 1 2 7 0 2 7 1 2 7 0 2 7 16 15 2 0 2 7 0 60.4293976426124573
0 2 7 0 2 7 5 31 3 12 16 2 0 2 7 0 2 7 0 2 7 1 2 7 0 2 7 1 2 7 1 2 7 0 2 7 0 2 7 1 2 7 1 2 7 17 9 2 1 2 7 0 2 7 0 2 7 0 2 7 0 2 7 0 2 7 0 2 7 0 2 7 12 16 2 1 2 7 13 6 3 0 2 7 0 2 7 0 2 7 12 16 2 0 2 7 17 18 2 17 18 2 0 2 7 1 2 7 0 2 7 8 18 2 16 6 2 0 2 7 17 9 2 1 2 7 1 2 7 13 6 3 0 2 7 0 2 7 1 2 7 13 6 3 5 30 3 0 2 7 0 2 7 1 2 7 5 30 3 5 31 3 5 30 3 5 30 3 16 6 2 17 9 2 5 30 3 1 2 11 0 60.6680631637573242

Current Evaluation = 12600(12600)
Front Size = 10
0 2 7 0 2 7 5 31 3 12 16 2 1 2 7 0 2 7 1 2 4 13 6 3 12 16 2 0 2 7 0 2 7 0 2 7 5 31 3 0 2 7 0 2 7 1 2 7 17 9 2 0 2 7 0 2 7 1 2 7 0 2 7 0 2 7 0 2 7 1 2 4 17 9 2 1 2 7 0 2 7 1 2 4 12 16 2 0 2 7 1 2 7 13 6 3 1 2 7 1 2 7 0 2 7 0 2 7 1 2 4 17 9 2 1 2 7 17 18 2 17 18 2 5 31 3 0 2 7 0 2 7 0 2 7 6 2 7 0 2 7 1 2 7 0 2 7 1 2 7 5 30 3 12 16 2 1 2 7 1 2 7 13 6 3 0 2 7 16 6 2 1 2 7 0 2 7 17 18 2 0 59.938682496547699
1 2 7 13 6 3 0 2 4 0 2 7 12 16 2 0 2 4 1 2 4 0 2 7 0 2 4 0 2 7 0 2 7 0 2 4 1 2 7 1 2 7 6 2 4 0 2 7 17 9 2 1 2 4 0 2 7 1 2 4 0 2 4 17 9 2 5 30 3 0 2 7 0 2 4 0 2 4 1 2 7 17 18 2 0 2 7 0 2 4 17 18 2 17 9 2 1 2 7 5 31 3 1 2 7 0 2 7 1 2 4 0 2 7 1 2 7 0 2 7 5 31 3 0 2 7 1 2 7 1 2 7 0 2 4 0 2 7 1 2 7 1 2 7 1 2 4 5 31 3 1 2 7 17 9 2 0 2 3 1 2 7 0 2 7 1 2 7 0 2 7 0 2 7 1 2 7 17 18 2 0 60.0918058753013611
0 2 7 0 2 7 1 2 7 5 31 3 12 16 2 1 2 7 1 2 7 0 2 7 1 2 7 0 2 3 0 2 4 1 2 7 0 2 7 1 2 7 5 31 3 1 2 4 0 2 4 0 2 7 0 2 7 0 2 7 17 9 2 0 2 7 0 2 7 1 2 7 0 2 7 0 2 3 0 2 7 1 2 7 1 2 7 16 24 2 1 2 7 17 9 2 1 2 7 0 2 7 5 31 3 1 2 7 0 2 7 0 2 4 0 2 7 13 6 3 0 2 3 1 2 7 0 2 4 1 2 7 0 2 7 5 30 3 0 2 7 16 6 2 0 2 7 8 18 2 17 9 2 12 16 2 1 2 7 0 2 7 17 18 2 1 2 7 1 2 7 1 2 7 0 2 7 17 18 2 0 60.4919207096099854
0 2 7 13 6 3 0 2 4 1 2 7 5 30 3 12 16 2 0 2 7 0 2 7 0 2 4 1 2 7 1 2 7 1 2 7 0 2 7 0 2 3 0 2 7 5 30 3 0 2 7 0 2 7 0 2 7 0 2 7 0 2 7 5 30 3 17 9 2 0 2 11 1 2 4 5 30 3 0 2 7 0 2 7 1 2 3 0 2 4 17 9 2 0 2 11 0 2 7 0 2 7 0 2 7 1 2 7 1 2 7 16 6 2 13 6 3 1 2 7 17 18 2 1 2 7 0 2 4 8 18 2 1 2 3 17 9 2 1 2 7 5 31 3 0 2 7 1 2 3 1 2 7 17 18 2 1 2 7 1 2 7 0 2 7 0 2 7 0 2 7 1 2 4 5 30 3 17 18 2 0 60.7449196577072144
0 2 3 0 2 3 12 16 2 5 30 3 12 16 2 1 2 7 0 2 7 1 2 7 6 2 4 1 2 3 0 2 3 0 2 7 1 2 7 0 2 3 5 30 3 0 2 7 6 2 7 0 2 3 0 2 7 0 2 7 5 30 3 17 9 2 0 2 7 5 30 3 1 2 7 0 2 7 1 2 4 0 2 7 6 2 7 0 2 7 0 2 7 1 2 7 16 30 2 1 2 7 5 31 3 5 31 3 13 6 3 16 15 2 16 19 11 12 16 2 0 2 4 0 2 7 0 2 7 0 2 7 0 2 7 0 2 4 8 9 2 17 9 2 0 2 3 0 2 7 1 2 7 1 2 7 17 18 2 1 2 7 0 2 7 0 2 7 0 2 10 0 2 4 1 2 7 17 18 2 0 61.813399612903595
0 2 7 13 6 3 0 2 7 0 2 7 12 16 2 1 2 7 1 2 7 0 2 7 1 2 7 0 2 7 0 2 7 1 2 7 1 2 7 1 2 7 0 2 7 0 2 7 8 9 2 0 2 7 0 2 7 0 2 7 17 9 2 5 30 3 1 2 7 1 2 7 17 18 2 0 2 7 17 18 2 17 9 2 1 2 7 5 31 3 16 15 2 1 2 7 1 2 3 0 2 7 1 2 7 0 2 7 5 31 3 0 2 7 1 2 7 0 2 7 1 2 7 1 2 7 1 2 7 1 2 7 0 2 7 1 2 7 0 2 7 0 2 7 0 2 7 17 18 2 0 2 7 0 2 7 0 2 7 0 2 7 13 6 3 0 2 7 5 30 3 17 9 2 1 2 7 0 2 7 0 60.0863485336303711
12 16 2 5 31 3 13 6 3 1 2 7 0 2 7 1 2 7 1 2 7 1 2 3 1 2 7 0 2 7 17 9 2 0 2 7 0 2 3 0 2 7 1 2 7 0 2 7 1 2 11 1 2 7 5 30 3 5 30 3 1 2 7 17 9 2 0 2 7 1 2 7 1 2 7 0 2 7 0 2 7 1 2 7 1 2 4 0 2 7 17 18 2 13 6 3 1 2 7 0 2 7 17 9 2 0 2 7 5 31 3 0 2 7 0 2 7 1 2 7 0 2 7 0 2 7 0 2 3 0 2 7 0 2 7 0 2 7 1 2 7 17 18 2 13 6 3 0 2 7 1 2 7 0 2 4 16 6 2 1 2 7 12 16 2 0 2 7 0 2 7 0 2 4 17 9 2 12 16 2 0 60.1339124441146851
12 16 2 5 31 3 13 6 3 0 2 7 0 2 7 1 2 7 0 2 7 1 2 7 1 2 7 0 2 7 17 9 2 0 2 7 0 2 7 0 2 7 1 2 7 0 2 7 0 2 4 1 2 4 5 30 3 5 31 3 13 6 3 12 16 2 1 2 3 0 2 7 17 9 2 0 2 7 1 2 7 1 2 7 17 18 2 0 2 7 0 2 7 1 2 7 0 2 7 17 18 2 0 2 4 1 2 4 1 2 7 17 9 2 0 2 7 1 2 4 5 30 3 0 2 4 16 6 2 1 2 4 1 2 7 12 16 2 0 2 7 0 2 4 12 16 2 1 2 7 0 2 7 0 2 7 6 2 3 0 2 7 0 2 3 0 2 4 13 6 3 12 16 2 1 2 7 17 18 2 0 60.2567534446716309
0 2 7 0 2 7 1 2 7 5 31 3 12 16 2 1 2 7 0 2 7 1 2 7 0 2 7 1 2 7 0 2 7 5 31 3 1 2 7 0 2 7 13 6 3 0 2 7 17 9 2 1 2 7 0 2 7 1 2 7 17 9 2 1 2 7 0 2 7 5 30 3 1 2 7 0 2 7 0 2 7 0 2 7 13 6 3 1 2 7 0 2 7 0 2 7 5 30 3 0 2 7 0 2 7 17 18 2 17 18 2 0 2 7 1 2 7 17 18 2 0 2 7 8 9 2 0 2 7 1 2 4 0 2 4 5 30 3 1 2 3 0 2 4 0 2 7 0 2 7 1 2 11 0 2 7 17 9 2 0 2 4 0 2 4 0 2 7 1 2 7 0 2 7 0 2 4 6 2 4 0.000891398369987712945 60.5881446003913879
0 2 7 0 2 7 1 2 7 5 31 3 12 16 2 1 2 11 1 2 7 0 2 7 1 2 7 0 2 7 0 2 4 1 2 7 0 2 7 1 2 4 5 31 3 1 2 7 0 2 7 13 6 3 0 2 7 0 2 4 17 9 2 0 2 4 1 2 3 1 2 7 0 2 4 0 2 7 1 2 7 1 2 3 1 2 3 17 9 2 1 2 7 0 2 7 5 30 3 1 2 7 0 2 7 0 2 7 0 2 7 13 6 3 1 2 7 0 2 7 1 2 11 0 2 7 5 30 3 0 2 7 17 9 2 0 2 7 17 18 2 17 18 2 17 9 2 0 2 4 0 2 4 1 2 4 0 2 7 1 2 4 12 16 2 0 2 4 1 2 7 6 2 4 17 18 2 0 2 7 0 60.3268856406211853

Current Evaluation = 13500(13500)
Front Size = 10
12 16 2 5 31 3 13 6 3 1 2 7 0 2 7 1 2 7 1 2 7 1 2 7 0 2 7 17 9 2 0 2 7 0 2 7 1 2 7 0 2 7 1 2 7 5 30 3 1 2 7 17 9 2 0 2 7 1 2 7 1 2 7 0 2 7 0 2 7 1 2 7 0 2 7 17 18 2 13 6 3 1 2 7 0 2 7 17 9 2 0 2 7 5 31 3 0 2 7 0 2 7 1 2 7 0 2 7 0 2 7 0 2 7 0 2 7 0 2 7 1 2 7 17 18 2 13 6 3 0 2 7 1 2 7 0 2 4 16 6 2 1 2 7 12 16 2 0 2 7 0 2 4 12 16 2 0 2 4 5 31 3 1 2 7 17 18 2 1 2 4 12 16 2 0 2 7 6 2 7 0 59.938682496547699
0 2 7 0 2 7 1 2 7 5 31 3 12 16 2 1 2 11 1 2 7 0 2 7 1 2 7 0 2 7 0 2 4 1 2 7 0 2 7 1 2 4 5 31 3 1 2 7 0 2 7 13 6 3 0 2 7 0 2 4 17 9 2 0 2 4 1 2 3 1 2 7 0 2 4 0 2 7 1 2 7 1 2 3 1 2 3 17 9 2 1 2 7 0 2 7 5 30 3 1 2 7 0 2 7 0 2 7 0 2 7 13 6 3 1 2 7 0 2 7 1 2 11 0 2 7 5 30 3 0 2 7 17 9 2 0 2 7 17 18 2 17 18 2 17 9 2 0 2 4 0 2 4 1 2 4 0 2 7 1 2 4 12 16 2 0 2 4 1 2 7 6 2 4 17 18 2 0 2 7 0 60.3268856406211853
1 2 7 5 30 3 0 2 7 1 2 7 0 2 7 5 30 3 5 30 3 0 2 7 6 2 7 17 9 2 17 18 2 17 9 2 0 2 7 1 2 4 0 2 7 1 2 7 5 31 3 0 2 7 0 2 4 1 2 7 0 2 7 0 2 7 1 2 7 0 2 7 5 31 3 0 2 7 0 2 7 0 2 7 17 9 2 1 2 7 0 2 7 1 2 4 1 2 7 0 2 7 0 2 7 1 2 4 0 2 7 0 2 7 0 2 7 16 15 2 0 2 7 1 2 7 0 2 7 1 2 7 0 2 7 0 2 7 0 2 7 13 6 3 17 18 2 1 2 7 0 2 7 6 2 7 1 2 7 8 18 2 0 2 7 1 2 7 1 2 7 5 31 3 0 2 7 17 9 2 0 60.6254446506500244
0 2 7 13 6 3 0 2 7 12 16 2 1 2 7 16 6 2 0 2 7 0 2 7 0 2 7 0 2 7 17 9 2 0 2 7 17 9 2 5 30 3 0 2 4 0 2 7 17 18 2 0 2 7 17 18 2 1 2 7 5 30 3 0 2 7 0 2 7 0 2 7 1 2 7 1 2 11 5 30 3 0 2 11 0 2 7 0 2 7 1 2 7 0 2 7 1 2 11 13 6 3 0 2 7 0 2 7 0 2 7 1 2 7 1 2 7 0 2 7 8 9 2 17 9 2 0 2 7 1 2 7 12 16 2 5 30 3 6 2 7 8 18 2 5 31 3 1 2 4 12 16 2 0 2 4 1 2 3 0 2 7 6 2 7 0 2 7 0 2 7 5 30 3 16 15 2 5 30 3 0 61.3177542686462402
0 2 7 0 2 7 0 2 4 5 30 3 12 16 2 0 2 3 0 2 7 1 2 7 1 2 7 1 2 7 0 2 7 1 2 7 5 31 3 0 2 7 0 2 7 0 2 7 0 2 7 0 2 7 17 9 2 0 2 7 1 2 7 0 2 7 0 2 7 0 2 7 17 9 2 1 2 7 0 2 7 0 2 7 1 2 7 0 2 7 1 2 4 0 2 7 1 2 7 17 9 2 1 2 7 5 31 3 1 2 7 1 2 7 1 2 7 1 2 7 5 31 3 1 2 7 1 2 7 13 6 3 13 6 3 0 2 7 0 2 7 0 2 7 17 9 2 17 9 2 16 6 2 0 2 7 1 2 4 0 2 7 1 2 3 17 18 2 0 2 7 1 2 7 1 2 7 0 2 7 0 59.9600826501846313
1 2 4 13 6 3 0 2 7 0 2 7 12 16 2 0 2 7 1 2 4 0 2 4 0 2 4 0 2 7 0 2 7 0 2 4 1 2 4 1 2 7 6 2 3 0 2 7 17 9 2 1 2 4 0 2 7 1 2 4 0 2 4 17 9 2 5 30 3 0 2 7 0 2 7 0 2 4 1 2 7 17 18 2 0 2 7 0 2 4 17 18 2 17 9 2 1 2 7 5 31 3 1 2 7 0 2 7 1 2 4 0 2 7 1 2 7 0 2 7 5 31 3 0 2 7 1 2 7 1 2 7 0 2 4 0 2 7 1 2 7 1 2 7 1 2 7 5 31 3 1 2 7 17 9 2 0 2 4 1 2 7 0 2 7 1 2 7 0 2 4 0 2 7 1 2 7 17 18 2 0 60.0918058156967163
0 2 3 0 2 3 12 16 2 5 30 3 12 16 2 1 2 7 0 2 7 1 2 7 6 2 4 1 2 3 0 2 3 0 2 7 1 2 7 0 2 3 5 30 3 0 2 7 6 2 7 0 2 3 0 2 7 0 2 7 5 30 3 17 9 2 0 2 7 5 30 3 1 2 7 0 2 7 1 2 4 0 2 7 6 2 7 0 2 7 0 2 7 1 2 7 16 30 2 1 2 7 5 31 3 5 31 3 13 6 3 16 15 2 16 19 11 12 16 2 0 2 4 0 2 7 0 2 7 0 2 7 0 2 7 0 2 4 8 9 2 17 9 2 0 2 3 0 2 7 1 2 7 1 2 7 17 18 2 1 2 7 0 2 7 0 2 7 0 2 10 0 2 4 1 2 7 17 18 2 0 61.813399612903595
0 2 7 13 6 3 0 2 7 0 2 7 5 30 3 12 16 2 13 6 3 0 2 7 0 2 7 1 2 7 0 2 7 0 2 7 0 2 7 1 2 7 5 30 3 0 2 7 1 2 7 0 2 7 0 2 7 0 2 7 17 9 2 0 2 7 0 2 7 1 2 7 0 2 4 1 2 4 17 9 2 0 2 7 0 2 7 0 2 7 5 31 3 0 2 7 1 2 7 17 18 2 1 2 4 0 2 7 17 9 2 0 2 7 5 30 3 0 2 7 1 2 7 17 18 2 0 2 7 12 16 2 0 2 7 1 2 7 5 30 3 0 2 7 5 31 3 1 2 7 17 18 2 5 30 3 13 6 3 1 2 7 1 2 4 12 16 2 1 2 7 16 6 2 1 2 7 8 9 2 0 60.6217023134231567
0 2 4 1 2 3 1 2 7 12 16 2 0 2 4 1 2 3 0 2 7 1 2 4 1 2 7 0 2 7 16 6 2 0 2 4 5 31 3 5 30 3 0 2 7 0 2 7 17 9 2 8 18 2 17 18 2 0 2 4 17 9 2 0 2 3 0 2 7 1 2 7 1 2 7 0 2 4 5 30 3 0 2 7 0 2 11 0 2 7 1 2 7 1 2 4 0 2 7 0 2 7 8 9 2 1 2 7 5 31 3 1 2 7 1 2 7 1 2 7 17 9 2 0 2 3 0 2 7 0 2 7 1 2 3 1 2 7 0 2 7 0 2 7 0 2 7 0 2 7 1 2 7 0 2 4 0 2 7 0 2 7 1 2 11 1 2 3 16 15 2 0 2 7 1 2 7 17 9 2 0 61.1993927955627441
1 2 7 13 6 3 0 2 7 12 16 2 1 2 7 0 2 7 0 2 7 1 2 7 1 2 7 0 2 7 17 9 2 0 2 7 1 2 7 5 31 3 0 2 7 0 2 7 17 18 2 0 2 7 17 18 2 17 9 2 1 2 7 5 30 3 1 2 7 0 2 3 0 2 7 1 2 7 0 2 7 5 31 3 0 2 7 1 2 7 1 2 7 1 2 7 1 2 7 1 2 7 1 2 7 0 2 7 1 2 7 1 2 7 0 2 7 0 2 7 1 2 7 17 18 2 16 15 2 8 9 2 0 2 7 13 6 3 0 2 7 1 2 7 0 2 7 1 2 7 0 2 7 0 2 7 0 2 7 0 2 7 0 2 7 0 2 7 0 2 7 5 30 3 17 9 2 0 2 7 0 60.0863485336303711

Current Evaluation = 14400(14400)
Front Size = 10
0 2 7 0 2 7 6 2 7 1 2 4 12 16 2 0 2 7 0 2 7 0 2 7 13 6 3 0 2 7 1 2 4 1 2 7 5 30 3 1 2 7 0 2 7 0 2 7 0 2 7 0 2 7 17 9 2 0 2 7 0 2 7 0 2 7 0 2 7 17 18 2 0 2 7 1 2 7 1 2 7 1 2 7 0 2 7 17 9 2 1 2 4 0 2 7 1 2 7 0 2 7 13 6 3 13 6 3 17 9 2 17 18 2 0 2 7 0 2 7 1 2 7 1 2 7 12 16 2 5 31 3 12 16 2 0 2 7 17 9 2 0 2 7 0 2 7 1 2 4 12 16 2 0 2 7 1 2 7 1 2 7 16 6 2 5 31 3 1 2 7 1 2 7 1 2 7 5 31 3 0 59.938682496547699
13 6 3 0 2 7 0 2 7 5 30 3 12 16 2 13 6 3 1 2 4 1 2 7 1 2 7 0 2 4 0 2 7 0 2 4 1 2 7 1 2 7 0 2 7 0 2 7 17 9 2 0 2 7 0 2 7 0 2 7 1 2 7 17 9 2 0 2 7 0 2 7 0 2 7 5 31 3 1 2 7 1 2 7 17 18 2 17 9 2 5 31 3 1 2 7 0 2 7 1 2 7 1 2 7 1 2 7 1 2 7 16 6 2 0 2 7 1 2 7 0 2 7 0 2 7 0 2 7 5 31 3 0 2 4 12 16 2 1 2 7 0 2 7 1 2 7 0 2 7 1 2 7 0 2 7 17 18 2 0 2 7 17 9 2 13 6 3 12 16 2 0 2 7 12 16 2 6 2 7 0 59.938682496547699
0 2 7 13 6 3 0 2 7 12 16 2 1 2 7 16 6 2 0 2 7 0 2 7 0 2 7 0 2 7 17 9 2 0 2 7 17 9 2 5 30 3 0 2 4 0 2 7 17 18 2 0 2 7 17 18 2 1 2 7 5 30 3 0 2 7 0 2 7 0 2 7 1 2 7 1 2 11 5 30 3 0 2 11 0 2 7 0 2 7 1 2 7 0 2 7 1 2 11 13 6 3 0 2 7 0 2 7 0 2 7 1 2 7 1 2 7 0 2 7 8 9 2 17 9 2 0 2 7 1 2 7 12 16 2 5 30 3 6 2 7 8 18 2 5 31 3 1 2 4 12 16 2 0 2 4 1 2 3 0 2 7 6 2 7 0 2 7 0 2 7 5 30 3 16 15 2 5 30 3 0 61.3177542686462402
0 2 7 0 2 7 0 2 4 5 30 3 12 16 2 0 2 3 0 2 7 1 2 7 1 2 7 1 2 7 0 2 7 1 2 7 5 31 3 0 2 7 0 2 7 0 2 7 0 2 7 0 2 7 17 9 2 0 2 7 1 2 7 0 2 7 0 2 7 0 2 7 17 9 2 1 2 7 0 2 7 0 2 7 1 2 7 0 2 7 1 2 4 0 2 7 1 2 7 17 9 2 1 2 7 5 31 3 1 2 7 1 2 7 1 2 7 1 2 7 5 31 3 1 2 7 1 2 7 13 6 3 13 6 3 0 2 7 0 2 7 0 2 7 17 9 2 17 9 2 16 6 2 0 2 7 1 2 4 0 2 7 1 2 3 17 18 2 0 2 7 1 2 7 1 2 7 0 2 7 0 59.9600826501846313
0 2 7 0 2 7 1 2 7 5 31 3 12 16 2 1 2 11 1 2 7 0 2 7 1 2 7 0 2 7 0 2 4 1 2 7 0 2 7 1 2 4 5 31 3 1 2 7 0 2 7 13 6 3 0 2 7 0 2 4 17 9 2 0 2 4 1 2 3 1 2 7 0 2 4 0 2 7 1 2 7 1 2 3 1 2 3 17 9 2 1 2 7 0 2 7 5 30 3 1 2 7 0 2 7 0 2 7 0 2 7 13 6 3 1 2 7 0 2 7 1 2 11 0 2 7 5 30 3 0 2 7 17 9 2 0 2 7 17 18 2 17 18 2 17 9 2 0 2 4 0 2 4 1 2 4 0 2 7 1 2 4 12 16 2 0 2 4 1 2 7 6 2 4 17 18 2 0 2 7 0 60.3268856406211853
1 2 4 13 6 3 0 2 7 0 2 7 12 16 2 0 2 7 1 2 4 0 2 4 0 2 4 0 2 7 0 2 7 0 2 4 1 2 4 1 2 7 6 2 3 0 2 7 17 9 2 1 2 4 0 2 7 1 2 4 0 2 4 17 9 2 5 30 3 0 2 7 0 2 7 0 2 4 1 2 7 17 18 2 0 2 7 0 2 4 17 18 2 17 9 2 1 2 7 5 31 3 1 2 7 0 2 7 1 2 4 0 2 7 1 2 7 0 2 7 5 31 3 0 2 7 1 2 7 1 2 7 0 2 4 0 2 7 1 2 7 1 2 7 1 2 7 5 31 3 1 2 7 17 9 2 0 2 4 1 2 7 0 2 7 1 2 7 0 2 4 0 2 7 1 2 7 17 18 2 0 60.0918058156967163
12 16 2 5 30 3 12 16 2 0 2 7 13 6 3 0 2 4 0 2 7 0 2 7 0 2 4 1 2 7 0 2 3 0 2 7 17 9 2 0 2 7 0 2 7 1 2 7 0 2 7 0 2 11 0 2 7 0 2 7 1 2 7 1 2 7 5 30 3 5 31 3 13 6 3 12 16 2 0 2 7 1 2 7 0 2 4 0 2 10 0 2 4 0 2 7 17 9 2 0 2 4 1 2 11 0 2 4 17 18 2 1 2 7 0 2 7 0 2 7 0 2 7 1 2 7 17 18 2 1 2 7 1 2 7 1 2 7 17 9 2 1 2 7 0 2 7 1 2 7 1 2 4 5 30 3 17 18 2 13 6 3 0 2 4 6 2 4 5 30 3 17 9 2 1 2 7 5 30 3 0 60.569707453250885
13 6 3 0 2 4 0 2 7 5 30 3 12 16 2 0 2 7 0 2 7 0 2 7 0 2 7 0 2 7 1 2 7 0 2 7 0 2 7 17 9 2 1 2 7 1 2 7 0 2 7 1 2 7 17 9 2 0 2 7 0 2 7 5 31 3 0 2 7 1 2 4 17 18 2 17 9 2 5 31 3 1 2 7 0 2 7 1 2 7 1 2 7 0 2 7 1 2 7 0 2 4 1 2 7 0 2 7 0 2 7 1 2 7 0 2 7 1 2 7 1 2 7 17 18 2 1 2 7 17 18 2 1 2 7 0 2 4 1 2 4 6 2 3 16 30 2 12 16 2 0 2 7 1 2 4 0 2 4 13 6 3 12 16 2 0 2 7 5 30 3 5 31 3 5 30 3 1 2 7 0.000597158651584177216 60.4684325456619263
13 6 3 0 2 7 0 2 3 5 30 3 12 16 2 13 6 3 1 2 7 0 2 7 1 2 7 0 2 4 1 2 7 0 2 3 0 2 7 1 2 7 1 2 7 0 2 4 0 2 7 0 2 7 17 9 2 0 2 7 0 2 7 1 2 7 1 2 7 17 9 2 0 2 7 0 2 7 0 2 7 5 31 3 1 2 7 1 2 7 17 18 2 0 2 3 17 9 2 0 2 7 0 2 7 1 2 7 17 18 2 12 16 2 1 2 7 1 2 7 17 18 2 13 6 3 1 2 3 12 16 2 1 2 7 16 6 2 0 2 4 1 2 7 1 2 7 0 2 7 0 2 7 0 2 7 5 31 3 0 2 7 12 16 2 0 2 4 1 2 7 1 2 7 0 2 7 1 2 4 0 59.9809155464172363
13 6 3 1 2 7 0 2 7 12 16 2 0 2 7 0 2 7 0 2 7 1 2 7 0 2 7 17 9 2 1 2 7 17 9 2 5 30 3 0 2 7 0 2 7 1 2 7 17 18 2 0 2 7 17 9 2 17 9 2 0 2 7 5 30 3 1 2 7 0 2 7 0 2 7 1 2 4 0 2 7 5 31 3 1 2 7 1 2 7 1 2 7 0 2 7 1 2 4 5 30 3 1 2 7 0 2 7 1 2 7 0 2 7 0 2 7 5 31 3 1 2 7 17 18 2 0 2 7 1 2 7 0 2 7 0 2 4 13 6 3 1 2 7 1 2 7 16 31 2 1 2 7 0 2 7 1 2 7 0 2 7 1 2 7 0 2 7 0 2 7 0 2 7 0 2 7 0 2 7 0 59.9859005212783813

Current Evaluation = 15300(15300)
Front Size = 10
13 6 3 0 2 7 0 2 7 5 31 3 12 16 2 13 6 3 1 2 7 0 2 7 1 2 7 0 2 7 0 2 7 0 2 7 0 2 7 1 2 4 1 2 7 0 2 7 0 2 7 0 2 7 17 9 2 0 2 7 0 2 7 1 2 7 1 2 7 17 9 2 0 2 7 0 2 7 0 2 7 5 31 3 1 2 7 1 2 7 17 18 2 0 2 7 17 9 2 0 2 7 1 2 7 1 2 7 17 18 2 12 16 2 1 2 7 1 2 7 17 18 2 13 6 3 1 2 4 12 16 2 1 2 7 16 6 2 0 2 7 1 2 7 1 2 7 0 2 7 0 2 7 0 2 7 5 31 3 0 2 7 12 16 2 0 2 4 1 2 7 1 2 7 0 2 7 1 2 7 0 59.7211945056915283
0 2 7 0 2 7 1 2 7 5 31 3 12 16 2 1 2 11 1 2 7 0 2 7 1 2 7 0 2 7 0 2 4 1 2 7 0 2 7 1 2 4 5 31 3 1 2 7 0 2 7 13 6 3 0 2 7 0 2 4 17 9 2 0 2 4 1 2 3 1 2 7 0 2 4 0 2 7 1 2 7 1 2 3 1 2 3 17 9 2 1 2 7 0 2 7 5 30 3 1 2 7 0 2 7 0 2 7 0 2 7 13 6 3 1 2 7 0 2 7 1 2 11 0 2 7 5 30 3 0 2 7 17 9 2 0 2 7 17 18 2 17 18 2 17 9 2 0 2 4 0 2 4 1 2 4 0 2 7 1 2 4 12 16 2 0 2 4 1 2 7 6 2 4 17 18 2 0 2 7 0 60.3268856406211853
0 2 7 0 2 7 1 2 7 12 16 2 0 2 7 0 2 7 0 2 7 13 6 3 0 2 7 1 2 7 5 30 3 1 2 7 0 2 7 0 2 7 0 2 7 0 2 7 17 9 2 0 2 7 0 2 7 0 2 7 0 2 7 17 18 2 0 2 7 1 2 7 1 2 7 1 2 7 0 2 7 17 9 2 0 2 7 1 2 7 17 9 2 17 18 2 1 2 7 1 2 7 5 31 3 1 2 4 1 2 7 5 31 3 1 2 7 1 2 7 1 2 7 5 30 3 1 2 7 0 2 4 17 9 2 0 2 4 1 2 7 0 2 7 17 18 2 13 6 3 13 6 3 1 2 4 0 2 7 12 16 2 12 16 2 0 2 4 1 2 7 0 2 4 0 2 4 1 2 7 0 59.7875515222549438
13 6 3 0 2 7 0 2 7 5 30 3 12 16 2 0 2 7 0 2 7 1 2 7 0 2 7 12 16 2 0 2 7 0 2 7 1 2 7 1 2 7 1 2 7 0 2 7 1 2 7 17 9 2 0 2 7 0 2 7 1 2 7 1 2 7 17 9 2 0 2 7 0 2 7 0 2 7 5 31 3 1 2 7 1 2 7 17 18 2 0 2 7 17 9 2 0 2 7 1 2 7 1 2 4 17 18 2 1 2 7 0 2 7 17 18 2 1 2 7 1 2 4 1 2 7 1 2 7 5 31 3 0 2 7 13 6 3 0 2 7 13 6 3 12 16 2 16 31 2 0 2 7 0 2 7 0 2 7 0 2 7 0 2 7 12 16 2 1 2 4 1 2 7 5 30 3 0 2 7 0 59.9470124244689941
0 2 7 0 2 7 1 2 7 5 30 3 12 16 2 0 2 7 1 2 7 0 2 7 1 2 7 0 2 7 0 2 7 5 31 3 0 2 7 1 2 7 0 2 7 1 2 7 0 2 7 17 9 2 6 2 7 1 2 7 0 2 7 0 2 7 0 2 7 1 2 7 1 2 7 0 2 7 0 2 4 0 2 7 0 2 7 1 2 7 0 2 4 0 2 7 17 18 2 0 2 4 5 30 3 1 2 7 0 2 7 1 2 4 1 2 7 5 31 3 0 2 7 13 6 3 1 2 3 1 2 7 17 18 2 17 18 2 1 2 7 13 6 3 5 31 3 0 2 7 0 2 7 17 9 2 16 6 2 1 2 7 0 2 7 1 2 7 17 18 2 1 2 7 0 2 7 0 2 7 0 60.0775706171989441
13 6 3 1 2 7 0 2 7 12 16 2 0 2 7 0 2 7 1 2 7 1 2 11 0 2 7 17 9 2 0 2 11 17 9 2 5 30 3 0 2 7 0 2 3 1 2 3 17 18 2 0 2 7 17 9 2 0 2 7 5 30 3 1 2 7 0 2 7 0 2 7 0 2 7 0 2 7 5 30 3 1 2 7 0 2 7 0 2 7 5 30 3 0 2 7 0 2 3 0 2 7 17 18 2 0 2 11 0 2 7 1 2 4 13 6 3 0 2 7 0 2 7 0 2 3 1 2 7 0 2 7 1 2 7 1 2 3 5 30 3 0 2 4 1 2 7 8 18 2 1 2 7 1 2 7 5 30 3 0 2 3 16 24 2 1 2 7 1 2 7 16 31 2 1 2 7 12 16 2 0 61.1455365419387817
1 2 4 13 6 3 0 2 7 0 2 7 12 16 2 0 2 7 1 2 4 0 2 4 0 2 4 0 2 7 0 2 7 0 2 4 1 2 4 1 2 7 6 2 3 0 2 7 17 9 2 1 2 4 0 2 7 1 2 4 0 2 4 17 9 2 5 30 3 0 2 7 0 2 7 0 2 4 1 2 7 17 18 2 0 2 7 0 2 4 17 18 2 17 9 2 1 2 7 5 31 3 1 2 7 0 2 7 1 2 4 0 2 7 1 2 7 0 2 7 5 31 3 0 2 7 1 2 7 1 2 7 0 2 4 0 2 7 1 2 7 1 2 7 1 2 7 5 31 3 1 2 7 17 9 2 0 2 4 1 2 7 0 2 7 1 2 7 0 2 4 0 2 7 1 2 7 17 18 2 0 60.0918058156967163
0 2 11 1 2 11 1 2 7 12 16 2 13 6 3 0 2 7 1 2 7 5 30 3 0 2 7 0 2 7 1 2 7 17 9 2 0 2 7 0 2 7 17 18 2 0 2 7 0 2 11 1 2 7 1 2 7 17 9 2 1 2 7 1 2 4 13 6 3 17 9 2 17 18 2 0 2 7 1 2 7 12 16 2 5 31 3 0 2 7 0 2 7 5 31 3 1 2 7 0 2 7 0 2 7 1 2 7 0 2 7 1 2 7 1 2 7 17 9 2 0 2 7 17 9 2 0 2 7 1 2 7 0 2 7 1 2 7 1 2 7 0 2 4 0 2 7 13 6 3 0 2 11 0 2 7 5 30 3 1 2 7 0 2 7 0 2 7 1 2 7 0 2 7 0 2 7 1 2 7 0 60.1381536722183228
0 2 4 0 2 4 1 2 7 12 16 2 0 2 4 1 2 11 0 2 4 13 6 3 0 2 7 1 2 7 5 30 3 1 2 7 0 2 7 0 2 4 0 2 11 1 2 7 17 9 2 0 2 4 0 2 4 0 2 7 0 2 7 17 18 2 0 2 7 0 2 7 1 2 7 1 2 4 0 2 4 17 9 2 0 2 7 1 2 7 13 6 3 17 9 2 17 18 2 0 2 7 1 2 7 12 16 2 5 31 3 1 2 7 0 2 7 5 30 3 1 2 3 1 2 3 5 31 3 0 2 4 1 2 4 0 2 7 0 2 4 1 2 7 0 2 7 0 2 7 1 2 7 1 2 7 1 2 4 17 9 2 6 2 7 12 16 2 0 2 4 0 2 7 17 18 2 1 2 7 0 60.3852357268333435
13 6 3 0 2 7 0 2 3 5 30 3 12 16 2 13 6 3 1 2 7 0 2 7 1 2 7 0 2 4 1 2 7 0 2 3 0 2 7 1 2 7 1 2 7 0 2 7 0 2 7 17 9 2 0 2 7 0 2 7 1 2 7 1 2 7 17 9 2 0 2 7 0 2 7 0 2 7 1 2 7 1 2 7 17 18 2 0 2 3 17 9 2 0 2 7 0 2 7 1 2 7 17 18 2 12 16 2 1 2 7 1 2 7 1 2 3 0 2 7 0 2 7 0 2 7 0 2 7 0 2 7 1 2 4 0 2 4 5 31 3 17 18 2 5 30 3 12 16 2 0 2 11 5 30 3 0 2 11 1 2 7 0 2 7 5 31 3 1 2 3 0 2 4 1 2 7 0 2 3 0 61.4432426691055298

Current Evaluation = 16200(16200)
Front Size = 10
13 6 3 0 2 7 0 2 7 5 31 3 12 16 2 13 6 3 1 2 7 0 2 7 1 2 7 0 2 7 0 2 7 0 2 7 0 2 7 1 2 4 1 2 7 0 2 7 0 2 7 0 2 7 17 9 2 0 2 7 0 2 7 1 2 7 1 2 7 17 9 2 0 2 7 0 2 7 0 2 7 5 31 3 1 2 7 1 2 7 17 18 2 0 2 7 17 9 2 0 2 7 1 2 7 1 2 7 17 18 2 12 16 2 1 2 7 1 2 7 17 18 2 13 6 3 1 2 4 12 16 2 1 2 7 16 6 2 0 2 7 1 2 7 1 2 7 0 2 7 0 2 7 0 2 7 5 31 3 0 2 7 12 16 2 0 2 4 1 2 7 1 2 7 0 2 7 1 2 7 0 59.7211945056915283
1 2 4 13 6 3 0 2 7 0 2 7 12 16 2 0 2 7 1 2 4 0 2 4 0 2 4 0 2 7 0 2 7 0 2 4 1 2 4 1 2 7 6 2 3 0 2 7 17 9 2 1 2 4 0 2 7 1 2 4 0 2 4 17 9 2 5 30 3 0 2 7 0 2 7 0 2 4 1 2 7 17 18 2 0 2 7 0 2 4 17 18 2 17 9 2 1 2 7 5 31 3 1 2 7 0 2 7 1 2 4 0 2 7 1 2 7 0 2 7 5 31 3 0 2 7 1 2 7 1 2 7 0 2 4 0 2 7 1 2 7 1 2 7 1 2 7 5 31 3 1 2 7 17 9 2 0 2 4 1 2 7 0 2 7 1 2 7 0 2 4 0 2 7 1 2 7 17 18 2 0 60.0918058156967163
0 2 7 0 2 7 1 2 7 12 16 2 0 2 7 0 2 7 0 2 7 13 6 3 0 2 7 1 2 7 5 30 3 1 2 7 0 2 7 0 2 7 0 2 7 0 2 7 17 9 2 0 2 7 0 2 7 0 2 7 0 2 4 17 18 2 0 2 7 1 2 7 1 2 7 1 2 7 0 2 7 17 9 2 0 2 7 1 2 7 17 9 2 17 18 2 1 2 7 1 2 7 5 31 3 1 2 4 1 2 7 5 31 3 1 2 7 1 2 7 1 2 7 5 30 3 1 2 7 0 2 4 17 9 2 1 2 7 0 2 7 13 6 3 13 6 3 0 2 7 12 16 2 1 2 7 1 2 7 0 2 4 17 18 2 0 2 4 12 16 2 0 2 4 0 2 4 1 2 7 0 59.7875515222549438
0 2 4 12 16 2 13 6 3 0 2 7 1 2 7 5 30 3 0 2 7 0 2 7 1 2 7 17 9 2 0 2 7 1 2 7 17 18 2 0 2 7 1 2 4 1 2 7 17 9 2 1 2 7 1 2 4 13 6 3 17 9 2 17 18 2 0 2 7 1 2 7 12 16 2 5 31 3 0 2 7 0 2 7 5 31 3 0 2 7 0 2 7 0 2 7 1 2 7 0 2 4 1 2 7 1 2 7 0 2 7 0 2 4 1 2 7 0 2 7 1 2 7 1 2 7 0 2 7 0 2 7 1 2 7 0 2 7 0 2 7 0 2 7 0 2 7 12 16 2 0 2 7 17 9 2 0 2 7 13 6 3 5 30 3 1 2 4 17 9 2 1 2 7 1 2 4 1 2 7 0 59.7875515222549438
0 2 4 0 2 4 1 2 7 12 16 2 0 2 4 1 2 11 0 2 4 13 6 3 0 2 7 1 2 7 5 30 3 1 2 7 0 2 7 0 2 4 0 2 11 1 2 7 17 9 2 0 2 4 0 2 4 0 2 7 0 2 7 17 18 2 0 2 7 0 2 7 1 2 7 1 2 4 0 2 4 17 9 2 0 2 7 1 2 7 13 6 3 17 9 2 17 18 2 0 2 7 1 2 7 12 16 2 5 31 3 1 2 7 0 2 7 5 30 3 1 2 3 1 2 3 5 31 3 0 2 4 1 2 4 0 2 7 0 2 4 1 2 7 0 2 7 0 2 7 1 2 7 1 2 7 1 2 4 17 9 2 6 2 7 12 16 2 0 2 4 0 2 7 17 18 2 1 2 7 0 60.3852357268333435
13 6 3 0 2 7 0 2 7 5 31 3 12 16 2 13 6 3 1 2 7 0 2 7 1 2 7 0 2 7 0 2 3 0 2 3 0 2 7 1 2 7 1 2 7 0 2 7 0 2 7 0 2 7 17 9 2 0 2 7 0 2 7 1 2 7 1 2 7 17 9 2 0 2 7 0 2 7 0 2 7 5 31 3 1 2 7 1 2 7 17 18 2 0 2 7 0 2 7 1 2 7 1 2 7 17 18 2 1 2 7 1 2 7 17 18 2 1 2 7 16 6 2 0 2 7 1 2 7 1 2 7 0 2 7 0 2 7 0 2 7 5 31 3 0 2 7 0 2 7 1 2 7 1 2 7 0 2 7 17 9 2 12 16 2 13 6 3 1 2 7 12 16 2 1 2 3 1 2 7 0 59.8628445863723755
0 2 7 0 2 7 1 2 7 5 30 3 12 16 2 0 2 7 1 2 7 0 2 7 1 2 7 0 2 7 0 2 7 5 31 3 0 2 7 1 2 7 0 2 7 1 2 7 0 2 7 17 9 2 6 2 7 1 2 7 0 2 7 0 2 7 0 2 7 1 2 7 1 2 7 0 2 7 0 2 4 0 2 7 0 2 7 1 2 7 0 2 4 0 2 7 17 18 2 0 2 4 5 30 3 1 2 7 0 2 7 1 2 4 1 2 7 5 31 3 0 2 7 13 6 3 1 2 3 1 2 7 17 18 2 17 18 2 1 2 7 13 6 3 5 31 3 0 2 7 0 2 7 17 9 2 16 6 2 1 2 7 0 2 7 1 2 7 17 18 2 1 2 7 0 2 7 0 2 7 0 60.0775706171989441
1 2 7 12 16 2 13 6 3 0 2 7 1 2 7 5 30 3 0 2 7 0 2 7 1 2 7 17 9 2 0 2 7 0 2 7 17 18 2 0 2 7 1 2 7 1 2 7 17 9 2 1 2 7 0 2 4 17 9 2 17 18 2 0 2 7 1 2 7 5 31 3 0 2 7 0 2 7 5 30 3 1 2 7 0 2 7 0 2 7 1 2 7 0 2 7 1 2 7 1 2 7 17 9 2 0 2 7 0 2 7 1 2 7 0 2 7 1 2 7 1 2 7 0 2 4 0 2 7 0 2 7 1 2 4 17 18 2 5 31 3 1 2 4 0 2 4 1 2 4 13 6 3 0 2 7 5 30 3 1 2 4 0 2 4 0 2 4 1 2 3 0 2 7 0 2 7 0 2 4 0 60.0847896337509155
0 2 11 1 2 11 1 2 7 12 16 2 13 6 3 0 2 7 1 2 7 5 30 3 0 2 7 0 2 7 1 2 7 17 9 2 0 2 7 0 2 7 17 18 2 0 2 7 0 2 11 1 2 7 1 2 7 17 9 2 1 2 7 1 2 4 13 6 3 17 9 2 17 18 2 0 2 7 1 2 7 12 16 2 5 31 3 0 2 7 0 2 7 5 31 3 1 2 7 0 2 7 0 2 7 1 2 7 0 2 7 1 2 7 1 2 7 17 9 2 0 2 7 17 9 2 0 2 7 1 2 7 0 2 7 1 2 7 1 2 7 0 2 4 0 2 7 13 6 3 0 2 11 0 2 7 5 30 3 1 2 7 0 2 7 0 2 7 1 2 7 0 2 7 0 2 7 1 2 7 0 60.1381536722183228
13 6 3 1 2 10 0 2 7 1 2 7 12 16 2 0 2 7 0 2 7 0 2 7 0 2 7 12 16 2 0 2 7 0 2 7 0 2 7 1 2 7 1 2 7 0 2 7 0 2 7 17 9 2 1 2 7 0 2 7 1 2 11 1 2 7 17 9 2 0 2 7 0 2 7 0 2 7 5 31 3 1 2 7 0 2 7 17 18 2 1 2 7 0 2 7 0 2 4 0 2 7 1 2 4 17 18 2 0 2 7 0 2 7 17 9 2 1 2 7 5 31 3 0 2 4 13 6 3 0 2 4 1 2 7 5 31 3 5 30 3 0 2 4 1 2 4 1 2 7 12 16 2 16 6 2 1 2 4 17 9 2 0 2 7 1 2 7 1 2 7 6 2 7 1 2 7 0 2 3 0 60.276123583316803

Current Evaluation = 17100(17100)
Front Size = 10
13 6 3 0 2 7 0 2 7 5 31 3 12 16 2 13 6 3 1 2 7 0 2 7 1 2 7 0 2 7 0 2 7 0 2 7 0 2 7 1 2 4 1 2 7 0 2 7 0 2 7 0 2 7 17 9 2 0 2 7 0 2 7 1 2 7 1 2 7 17 9 2 0 2 7 0 2 7 0 2 7 5 31 3 1 2 7 1 2 7 17 18 2 0 2 7 17 9 2 0 2 7 1 2 7 1 2 7 17 18 2 12 16 2 1 2 7 1 2 7 17 18 2 13 6 3 1 2 4 12 16 2 1 2 7 16 6 2 0 2 7 1 2 7 1 2 7 0 2 7 0 2 7 0 2 7 5 31 3 0 2 7 12 16 2 0 2 4 1 2 7 1 2 7 0 2 7 1 2 7 0 59.7211945056915283
1 2 4 13 6 3 0 2 7 0 2 7 12 16 2 0 2 7 1 2 4 0 2 4 0 2 4 0 2 7 0 2 7 0 2 4 1 2 4 1 2 7 6 2 3 0 2 7 17 9 2 1 2 4 0 2 7 1 2 4 0 2 4 17 9 2 5 30 3 0 2 7 0 2 7 0 2 4 1 2 7 17 18 2 0 2 7 0 2 4 17 18 2 17 9 2 1 2 7 5 31 3 1 2 7 0 2 7 1 2 4 0 2 7 1 2 7 0 2 7 5 31 3 0 2 7 1 2 7 1 2 7 0 2 4 0 2 7 1 2 7 1 2 7 1 2 7 5 31 3 1 2 7 17 9 2 0 2 4 1 2 7 0 2 7 1 2 7 0 2 4 0 2 7 1 2 7 17 18 2 0 60.0918058156967163
13 6 3 1 2 10 0 2 7 1 2 7 12 16 2 0 2 7 0 2 7 0 2 7 0 2 7 12 16 2 0 2 7 0 2 7 0 2 7 1 2 7 1 2 7 0 2 7 0 2 7 17 9 2 1 2 7 0 2 7 1 2 11 1 2 7 17 9 2 0 2 7 0 2 7 0 2 7 5 31 3 1 2 7 0 2 7 17 18 2 1 2 7 0 2 7 0 2 4 0 2 7 1 2 4 17 18 2 0 2 7 0 2 7 17 9 2 1 2 7 5 31 3 0 2 4 13 6 3 0 2 4 1 2 7 5 31 3 5 30 3 0 2 4 1 2 4 1 2 7 12 16 2 16 6 2 1 2 4 17 9 2 0 2 7 1 2 7 1 2 7 6 2 7 1 2 7 0 2 3 0 60.276123583316803
12 16 2 13 6 3 0 2 7 1 2 7 0 2 7 0 2 7 1 2 7 17 9 2 0 2 7 1 2 7 17 18 2 0 2 7 1 2 7 17 9 2 1 2 7 13 6 3 17 9 2 17 18 2 0 2 7 1 2 7 12 16 2 5 31 3 0 2 4 0 2 7 5 31 3 0 2 7 0 2 7 0 2 7 1 2 7 1 2 7 1 2 7 0 2 7 1 2 7 0 2 4 1 2 7 1 2 7 0 2 4 5 30 3 1 2 7 0 2 7 0 2 4 0 2 7 1 2 7 12 16 2 0 2 7 0 2 4 13 6 3 1 2 7 1 2 7 0 2 7 0 2 7 0 2 4 0 2 7 1 2 7 0 2 7 1 2 4 1 2 7 5 30 3 17 9 2 17 18 2 0 59.7875515222549438
0 2 4 0 2 4 1 2 7 12 16 2 0 2 4 1 2 11 0 2 4 13 6 3 0 2 7 1 2 7 5 30 3 1 2 7 0 2 7 0 2 4 0 2 11 1 2 7 17 9 2 0 2 4 0 2 4 0 2 7 0 2 7 17 18 2 0 2 7 0 2 7 1 2 7 1 2 4 0 2 4 17 9 2 0 2 7 1 2 7 13 6 3 17 9 2 17 18 2 0 2 7 1 2 7 12 16 2 5 31 3 1 2 7 0 2 7 5 30 3 1 2 3 1 2 3 5 31 3 0 2 4 1 2 4 0 2 7 0 2 4 1 2 7 0 2 7 0 2 7 1 2 7 1 2 7 1 2 4 17 9 2 6 2 7 12 16 2 0 2 4 0 2 7 17 18 2 1 2 7 0 60.3852357268333435
0 2 4 12 16 2 13 6 3 0 2 7 1 2 7 5 30 3 0 2 7 0 2 7 1 2 7 17 9 2 0 2 7 1 2 7 17 18 2 0 2 7 1 2 4 1 2 7 17 9 2 1 2 7 1 2 4 13 6 3 17 9 2 17 18 2 0 2 7 1 2 7 12 16 2 5 31 3 0 2 7 0 2 7 5 31 3 0 2 7 0 2 7 0 2 7 1 2 7 0 2 4 1 2 7 1 2 7 0 2 7 0 2 4 1 2 7 0 2 7 1 2 7 1 2 7 0 2 7 0 2 7 1 2 7 0 2 7 0 2 7 0 2 7 0 2 7 12 16 2 0 2 7 17 9 2 0 2 7 13 6 3 5 30 3 1 2 4 17 9 2 1 2 7 1 2 4 1 2 7 0 59.7875515222549438
12 16 2 13 6 3 0 2 7 1 2 7 0 2 7 0 2 7 1 2 7 17 9 2 0 2 7 1 2 7 17 18 2 0 2 4 1 2 7 17 9 2 1 2 7 13 6 3 17 9 2 17 18 2 0 2 7 0 2 7 12 16 2 5 31 3 0 2 7 0 2 7 5 31 3 0 2 7 0 2 7 0 2 7 1 2 7 1 2 7 1 2 7 0 2 7 1 2 7 0 2 4 1 2 7 1 2 7 0 2 7 5 30 3 1 2 7 0 2 7 0 2 7 1 2 7 12 16 2 1 2 7 13 6 3 1 2 7 1 2 4 0 2 7 0 2 7 0 2 7 0 2 7 1 2 7 5 30 3 0 2 7 1 2 4 1 2 4 0 2 4 17 18 2 0 2 4 17 18 2 0 59.7875515222549438
0 2 7 0 2 7 1 2 7 5 30 3 12 16 2 0 2 7 1 2 7 0 2 7 1 2 7 0 2 7 0 2 7 5 31 3 0 2 7 1 2 7 0 2 7 1 2 7 0 2 7 17 9 2 6 2 7 1 2 7 0 2 7 0 2 7 0 2 7 1 2 7 1 2 7 0 2 7 0 2 4 1 2 7 0 2 4 17 18 2 0 2 7 5 30 3 1 2 7 1 2 4 1 2 7 5 31 3 13 6 3 1 2 7 1 2 7 17 18 2 17 18 2 13 6 3 17 9 2 0 2 7 0 2 7 0 2 3 0 2 7 1 2 7 0 2 4 5 31 3 0 2 7 0 2 7 16 6 2 1 2 7 0 2 7 1 2 7 17 18 2 1 2 7 0 2 7 0 2 7 0 60.0775706171989441
13 6 3 0 2 7 0 2 7 5 30 3 12 16 2 1 2 7 0 2 7 1 2 11 0 2 7 0 2 7 0 2 7 0 2 7 1 2 4 1 2 7 0 2 7 0 2 7 0 2 7 17 9 2 0 2 7 1 2 7 1 2 7 1 2 7 17 9 2 0 2 7 0 2 7 0 2 7 5 31 3 1 2 3 1 2 7 17 18 2 0 2 7 17 9 2 0 2 7 1 2 7 1 2 7 17 18 2 1 2 7 1 2 7 17 18 2 1 2 7 1 2 7 1 2 7 1 2 7 5 31 3 0 2 4 13 6 3 1 2 7 13 6 3 12 16 2 0 2 3 0 2 7 0 2 7 1 2 7 0 2 7 0 2 7 0 2 7 0 2 7 1 2 7 17 9 2 1 2 11 0 59.8072065114974976
0 2 4 12 16 2 13 6 3 0 2 7 1 2 7 5 30 3 0 2 7 0 2 7 1 2 7 17 9 2 0 2 4 1 2 7 17 18 2 0 2 4 1 2 7 1 2 7 17 9 2 1 2 7 1 2 7 17 9 2 16 6 2 0 2 7 1 2 7 5 31 3 0 2 7 0 2 7 5 31 3 0 2 4 0 2 7 0 2 7 1 2 7 0 2 7 1 2 7 1 2 7 0 2 7 0 2 7 1 2 7 0 2 7 1 2 7 1 2 7 0 2 7 0 2 7 1 2 7 0 2 7 0 2 7 17 9 2 1 2 7 1 2 7 1 2 7 13 6 3 0 2 3 0 2 7 0 2 7 12 16 2 0 2 7 1 2 4 0 2 4 5 31 3 17 9 2 0 2 7 0 60.0184326171875

Current Evaluation = 18000(18000)
Front Size = 10
13 6 3 0 2 7 0 2 7 5 31 3 12 16 2 13 6 3 1 2 7 0 2 7 1 2 7 0 2 7 0 2 7 0 2 7 0 2 7 1 2 4 1 2 7 0 2 7 0 2 7 0 2 7 17 9 2 0 2 7 0 2 7 1 2 7 1 2 7 17 9 2 0 2 7 0 2 7 0 2 7 5 31 3 1 2 7 1 2 7 17 18 2 0 2 7 17 9 2 0 2 7 1 2 7 1 2 7 17 18 2 12 16 2 1 2 7 1 2 7 17 18 2 13 6 3 1 2 4 12 16 2 1 2 7 16 6 2 0 2 7 1 2 7 1 2 7 0 2 7 0 2 7 0 2 7 5 31 3 0 2 7 12 16 2 0 2 4 1 2 7 1 2 7 0 2 7 1 2 7 0 59.7211945056915283
0 2 4 12 16 2 13 6 3 0 2 7 1 2 7 5 30 3 0 2 7 0 2 7 1 2 7 17 9 2 0 2 7 1 2 7 17 18 2 0 2 7 1 2 4 1 2 7 17 9 2 1 2 7 13 6 3 17 9 2 17 18 2 0 2 7 1 2 7 12 16 2 5 31 3 0 2 7 0 2 7 5 31 3 0 2 7 0 2 7 0 2 7 1 2 7 0 2 4 1 2 7 1 2 7 0 2 7 0 2 4 1 2 7 0 2 7 1 2 7 1 2 7 0 2 7 0 2 7 1 2 7 0 2 7 0 2 7 0 2 7 12 16 2 13 6 3 5 30 3 1 2 7 1 2 7 0 2 4 1 2 7 17 18 2 17 9 2 1 2 7 0 2 4 0 2 4 1 2 7 0 59.7875515222549438
0 2 4 12 16 2 13 6 3 0 2 7 1 2 7 5 30 3 0 2 7 0 2 7 1 2 7 17 9 2 0 2 7 1 2 7 17 18 2 0 2 7 1 2 4 1 2 7 17 9 2 1 2 7 1 2 4 13 6 3 17 9 2 17 18 2 0 2 7 1 2 7 12 16 2 5 31 3 0 2 7 0 2 7 5 31 3 0 2 7 0 2 7 0 2 7 1 2 7 0 2 4 1 2 7 1 2 7 0 2 7 0 2 4 1 2 7 0 2 7 1 2 7 1 2 7 0 2 7 0 2 7 1 2 7 0 2 7 0 2 7 0 2 7 0 2 7 12 16 2 0 2 7 13 6 3 5 30 3 1 2 4 1 2 7 1 2 7 1 2 4 17 9 2 17 9 2 0 2 7 0 59.7875515222549438
0 2 4 1 2 7 12 16 2 1 2 7 13 6 3 0 2 7 1 2 7 5 30 3 1 2 7 0 2 7 1 2 7 17 9 2 0 2 7 0 2 7 17 18 2 0 2 7 0 2 7 1 2 7 0 2 7 17 9 2 1 2 7 1 2 7 13 6 3 17 9 2 17 18 2 0 2 7 1 2 7 12 16 2 5 31 3 1 2 7 0 2 7 1 2 7 5 31 3 0 2 7 1 2 7 0 2 7 0 2 3 1 2 7 1 2 7 17 9 2 0 2 7 17 18 2 1 2 3 1 2 7 1 2 7 0 2 7 0 2 7 0 2 7 0 2 4 0 2 7 0 2 7 1 2 7 1 2 7 0 2 7 1 2 11 0 2 7 0 2 7 1 2 11 13 6 3 0 2 7 0 59.8072065114974976
0 2 4 1 2 7 12 16 2 1 2 4 13 6 3 0 2 4 1 2 7 5 30 3 1 2 7 0 2 7 1 2 7 17 9 2 0 2 4 0 2 4 17 18 2 0 2 7 0 2 7 1 2 7 17 9 2 0 2 7 1 2 7 13 6 3 17 9 2 17 18 2 0 2 4 0 2 7 12 16 2 5 31 3 1 2 7 0 2 4 1 2 7 5 31 3 1 2 4 1 2 7 0 2 7 1 2 7 17 9 2 0 2 7 17 18 2 0 2 4 0 2 4 0 2 3 5 30 3 0 2 4 0 2 7 0 2 7 12 16 2 0 2 4 1 2 4 0 2 7 0 2 7 1 2 7 1 2 4 0 2 3 1 2 7 1 2 7 0 2 4 0 2 7 1 2 7 1 2 7 0 60.1897426843643188
0 2 4 12 16 2 13 6 3 0 2 7 1 2 7 5 30 3 0 2 7 0 2 7 1 2 7 17 9 2 0 2 7 1 2 7 17 18 2 0 2 7 1 2 4 1 2 7 17 9 2 1 2 7 1 2 4 13 6 3 17 9 2 17 18 2 0 2 7 1 2 7 12 16 2 5 31 3 0 2 7 0 2 7 5 31 3 0 2 7 0 2 7 0 2 7 1 2 7 0 2 4 1 2 7 1 2 7 0 2 7 0 2 4 1 2 7 0 2 7 1 2 7 1 2 7 0 2 7 0 2 7 1 2 7 0 2 7 0 2 7 0 2 7 0 2 7 12 16 2 13 6 3 5 30 3 1 2 7 1 2 7 0 2 4 1 2 7 17 18 2 17 18 2 0 2 7 1 2 4 0 59.7875515222549438
0 2 4 1 2 7 12 16 2 1 2 4 13 6 3 0 2 7 1 2 7 5 30 3 1 2 7 0 2 7 1 2 7 17 9 2 0 2 7 0 2 7 17 18 2 0 2 7 0 2 7 1 2 7 1 2 4 17 9 2 0 2 7 1 2 7 13 6 3 17 9 2 17 18 2 0 2 4 0 2 7 12 16 2 5 31 3 1 2 7 0 2 4 1 2 7 5 31 3 0 2 4 1 2 7 0 2 7 1 2 7 1 2 4 1 2 11 17 9 2 0 2 7 17 18 2 1 2 4 0 2 4 0 2 4 0 2 3 0 2 4 0 2 7 1 2 11 0 2 4 0 2 4 5 30 3 1 2 4 0 2 7 0 2 7 0 2 7 1 2 3 6 2 7 12 16 2 0 2 7 0 60.385235607624054
0 2 4 12 16 2 13 6 3 0 2 7 1 2 7 5 30 3 0 2 7 0 2 7 1 2 7 17 9 2 0 2 7 1 2 7 17 18 2 0 2 7 1 2 4 1 2 7 17 9 2 1 2 7 13 6 3 17 9 2 17 18 2 0 2 7 1 2 7 12 16 2 5 31 3 0 2 4 0 2 7 5 31 3 0 2 7 0 2 7 0 2 7 1 2 7 0 2 4 1 2 7 1 2 7 0 2 7 0 2 4 1 2 7 0 2 7 1 2 7 1 2 7 0 2 7 0 2 7 1 2 7 0 2 7 0 2 7 0 2 7 12 16 2 13 6 3 5 30 3 1 2 7 1 2 7 0 2 4 1 2 7 17 18 2 1 2 4 0 2 7 0 2 7 1 2 7 17 18 2 0 59.7875515222549438
13 6 3 1 2 7 1 2 7 5 30 3 12 16 2 13 6 3 0 2 7 1 2 7 0 2 7 13 6 3 0 2 7 0 2 7 0 2 7 0 2 4 1 2 4 0 2 7 0 2 7 17 9 2 0 2 7 5 31 3 1 2 7 1 2 7 17 9 2 1 2 7 1 2 7 5 31 3 1 2 7 0 2 7 17 18 2 0 2 7 17 9 2 0 2 7 1 2 7 0 2 7 12 16 2 1 2 7 1 2 7 1 2 7 1 2 7 0 2 4 1 2 7 5 31 3 0 2 7 17 9 2 17 18 2 1 2 7 12 16 2 0 2 7 0 2 7 0 2 7 0 2 7 0 2 7 16 6 2 0 2 7 0 2 4 0 2 7 1 2 7 6 2 7 0 2 7 12 16 2 0 59.938682496547699
0 2 4 12 16 2 13 6 3 0 2 7 1 2 7 5 30 3 0 2 7 0 2 7 1 2 7 17 9 2 0 2 4 1 2 7 17 18 2 0 2 4 1 2 7 1 2 7 17 9 2 1 2 7 1 2 7 17 9 2 0 2 7 1 2 7 5 31 3 0 2 7 0 2 7 5 31 3 0 2 4 1 2 7 0 2 7 1 2 7 0 2 7 1 2 7 1 2 7 0 2 7 0 2 7 1 2 7 0 2 4 1 2 7 1 2 7 0 2 7 0 2 7 1 2 7 0 2 7 0 2 7 1 2 7 13 6 3 0 2 7 0 2 7 12 16 2 0 2 7 1 2 4 0 2 7 17 18 2 17 18 2 13 6 3 12 16 2 0 2 7 1 2 4 5 30 3 17 9 2 0 59.7875515222549438

MonoObjective Genetic Algorithm
Number of Evaluations = 0
Mutation Probability = 0
Crossover Probability = 1
Population Size = 10
Survival Selection Type = 16

Time =  18080.0229411125183

Current Evaluation = 2030
Front Size = 10
13 6 3 0 2 7 0 2 7 5 31 3 12 16 2 13 6 3 1 2 7 0 2 7 1 2 7 0 2 7 0 2 7 0 2 7 0 2 7 1 2 4 1 2 7 0 2 7 0 2 7 0 2 7 17 9 2 0 2 7 0 2 7 1 2 7 1 2 7 17 9 2 0 2 7 0 2 7 0 2 7 5 31 3 1 2 7 1 2 7 17 18 2 0 2 7 17 9 2 0 2 7 1 2 7 1 2 7 17 18 2 12 16 2 1 2 7 1 2 7 17 18 2 13 6 3 1 2 4 12 16 2 1 2 7 16 6 2 0 2 7 1 2 7 1 2 7 0 2 7 0 2 7 0 2 7 5 31 3 0 2 7 12 16 2 0 2 4 1 2 7 1 2 7 0 2 7 1 2 7 0 59.7211945056915283
0 2 4 12 16 2 13 6 3 0 2 7 1 2 7 5 30 3 0 2 7 0 2 7 1 2 7 17 9 2 0 2 7 1 2 7 17 18 2 0 2 7 1 2 4 1 2 7 17 9 2 1 2 7 13 6 3 17 9 2 17 18 2 0 2 7 1 2 7 12 16 2 5 31 3 0 2 7 0 2 7 5 31 3 0 2 7 0 2 7 0 2 7 1 2 7 0 2 4 1 2 7 1 2 7 0 2 7 0 2 4 1 2 7 0 2 7 1 2 7 1 2 7 0 2 7 0 2 7 1 2 7 0 2 7 0 2 7 0 2 7 12 16 2 13 6 3 5 30 3 1 2 7 1 2 7 0 2 4 1 2 7 17 18 2 17 9 2 1 2 7 0 2 4 0 2 4 1 2 7 0 59.7875515222549438
0 2 4 12 16 2 13 6 3 0 2 7 1 2 7 5 30 3 0 2 7 0 2 7 1 2 7 17 9 2 0 2 7 1 2 7 17 18 2 0 2 7 1 2 4 1 2 7 17 9 2 1 2 7 1 2 4 13 6 3 17 9 2 17 18 2 0 2 7 1 2 7 12 16 2 5 31 3 0 2 7 0 2 7 5 31 3 0 2 7 0 2 7 0 2 7 1 2 7 0 2 4 1 2 7 1 2 7 0 2 7 0 2 4 1 2 7 0 2 7 1 2 7 1 2 7 0 2 7 0 2 7 1 2 7 0 2 7 0 2 7 0 2 7 0 2 7 12 16 2 0 2 7 13 6 3 5 30 3 1 2 4 1 2 7 1 2 7 1 2 4 17 9 2 17 9 2 0 2 7 0 59.7875515222549438
0 2 4 1 2 7 12 16 2 1 2 7 13 6 3 0 2 7 1 2 7 5 30 3 1 2 7 0 2 7 1 2 7 17 9 2 0 2 7 0 2 7 17 18 2 0 2 7 0 2 7 1 2 7 0 2 7 17 9 2 1 2 7 1 2 7 13 6 3 17 9 2 17 18 2 0 2 7 1 2 7 12 16 2 5 31 3 1 2 7 0 2 7 1 2 7 5 31 3 0 2 7 1 2 7 0 2 7 0 2 3 1 2 7 1 2 7 17 9 2 0 2 7 17 18 2 1 2 3 1 2 7 1 2 7 0 2 7 0 2 7 0 2 7 0 2 4 0 2 7 0 2 7 1 2 7 1 2 7 0 2 7 1 2 11 0 2 7 0 2 7 1 2 11 13 6 3 0 2 7 0 59.8072065114974976
0 2 4 1 2 7 12 16 2 1 2 4 13 6 3 0 2 4 1 2 7 5 30 3 1 2 7 0 2 7 1 2 7 17 9 2 0 2 4 0 2 4 17 18 2 0 2 7 0 2 7 1 2 7 17 9 2 0 2 7 1 2 7 13 6 3 17 9 2 17 18 2 0 2 4 0 2 7 12 16 2 5 31 3 1 2 7 0 2 4 1 2 7 5 31 3 1 2 4 1 2 7 0 2 7 1 2 7 17 9 2 0 2 7 17 18 2 0 2 4 0 2 4 0 2 3 5 30 3 0 2 4 0 2 7 0 2 7 12 16 2 0 2 4 1 2 4 0 2 7 0 2 7 1 2 7 1 2 4 0 2 3 1 2 7 1 2 7 0 2 4 0 2 7 1 2 7 1 2 7 0 60.1897426843643188
0 2 4 12 16 2 13 6 3 0 2 7 1 2 7 5 30 3 0 2 7 0 2 7 1 2 7 17 9 2 0 2 7 1 2 7 17 18 2 0 2 7 1 2 4 1 2 7 17 9 2 1 2 7 1 2 4 13 6 3 17 9 2 17 18 2 0 2 7 1 2 7 12 16 2 5 31 3 0 2 7 0 2 7 5 31 3 0 2 7 0 2 7 0 2 7 1 2 7 0 2 4 1 2 7 1 2 7 0 2 7 0 2 4 1 2 7 0 2 7 1 2 7 1 2 7 0 2 7 0 2 7 1 2 7 0 2 7 0 2 7 0 2 7 0 2 7 12 16 2 13 6 3 5 30 3 1 2 7 1 2 7 0 2 4 1 2 7 17 18 2 17 18 2 0 2 7 1 2 4 0 59.7875515222549438
0 2 4 1 2 7 12 16 2 1 2 4 13 6 3 0 2 7 1 2 7 5 30 3 1 2 7 0 2 7 1 2 7 17 9 2 0 2 7 0 2 7 17 18 2 0 2 7 0 2 7 1 2 7 1 2 4 17 9 2 0 2 7 1 2 7 13 6 3 17 9 2 17 18 2 0 2 4 0 2 7 12 16 2 5 31 3 1 2 7 0 2 4 1 2 7 5 31 3 0 2 4 1 2 7 0 2 7 1 2 7 1 2 4 1 2 11 17 9 2 0 2 7 17 18 2 1 2 4 0 2 4 0 2 4 0 2 3 0 2 4 0 2 7 1 2 11 0 2 4 0 2 4 5 30 3 1 2 4 0 2 7 0 2 7 0 2 7 1 2 3 6 2 7 12 16 2 0 2 7 0 60.385235607624054
0 2 4 12 16 2 13 6 3 0 2 7 1 2 7 5 30 3 0 2 7 0 2 7 1 2 7 17 9 2 0 2 7 1 2 7 17 18 2 0 2 7 1 2 4 1 2 7 17 9 2 1 2 7 13 6 3 17 9 2 17 18 2 0 2 7 1 2 7 12 16 2 5 31 3 0 2 4 0 2 7 5 31 3 0 2 7 0 2 7 0 2 7 1 2 7 0 2 4 1 2 7 1 2 7 0 2 7 0 2 4 1 2 7 0 2 7 1 2 7 1 2 7 0 2 7 0 2 7 1 2 7 0 2 7 0 2 7 0 2 7 12 16 2 13 6 3 5 30 3 1 2 7 1 2 7 0 2 4 1 2 7 17 18 2 1 2 4 0 2 7 0 2 7 1 2 7 17 18 2 0 59.7875515222549438
13 6 3 1 2 7 1 2 7 5 30 3 12 16 2 13 6 3 0 2 7 1 2 7 0 2 7 13 6 3 0 2 7 0 2 7 0 2 7 0 2 4 1 2 4 0 2 7 0 2 7 17 9 2 0 2 7 5 31 3 1 2 7 1 2 7 17 9 2 1 2 7 1 2 7 5 31 3 1 2 7 0 2 7 17 18 2 0 2 7 17 9 2 0 2 7 1 2 7 0 2 7 12 16 2 1 2 7 1 2 7 1 2 7 1 2 7 0 2 4 1 2 7 5 31 3 0 2 7 17 9 2 17 18 2 1 2 7 12 16 2 0 2 7 0 2 7 0 2 7 0 2 7 0 2 7 16 6 2 0 2 7 0 2 4 0 2 7 1 2 7 6 2 7 0 2 7 12 16 2 0 59.938682496547699
0 2 4 12 16 2 13 6 3 0 2 7 1 2 7 5 30 3 0 2 7 0 2 7 1 2 7 17 9 2 0 2 4 1 2 7 17 18 2 0 2 4 1 2 7 1 2 7 17 9 2 1 2 7 1 2 7 17 9 2 0 2 7 1 2 7 5 31 3 0 2 7 0 2 7 5 31 3 0 2 4 1 2 7 0 2 7 1 2 7 0 2 7 1 2 7 1 2 7 0 2 7 0 2 7 1 2 7 0 2 4 1 2 7 1 2 7 0 2 7 0 2 7 1 2 7 0 2 7 0 2 7 1 2 7 13 6 3 0 2 7 0 2 7 12 16 2 0 2 7 1 2 4 0 2 7 17 18 2 17 18 2 13 6 3 12 16 2 0 2 7 1 2 4 5 30 3 17 9 2 0 59.7875515222549438

