Current Evaluation = 900(900)
Front Size = 10
5 31 3 1 2 7 0 2 7 13 6 3 5 30 3 16 19 11 0 2 7 8 9 2 5 30 3 12 16 2 5 31 3 0 2 7 5 30 3 12 16 2 0 2 4 17 18 2 5 30 3 8 9 2 0 2 7 0 2 7 0 2 7 0 2 7 12 16 2 0 2 7 1 2 7 1 2 7 0 2 7 1 2 7 0 2 7 16 30 2 1 2 7 0 2 7 1 2 7 1 2 7 5 30 3 0 2 7 0 2 7 1 2 4 16 15 2 0 2 7 0 2 7 1 2 7 17 18 2 0 2 7 0 2 7 17 18 2 6 2 7 6 2 3 17 18 2 0 2 4 1 2 4 0 2 7 1 2 7 0 2 7 0 2 7 0 2 7 0 2 7 0 2 7 0 2 7 0 2 7 0 61.5881063342094421
5 30 3 6 2 8 0 2 8 5 30 3 5 30 3 16 19 11 16 6 2 6 2 8 8 18 2 8 9 2 5 30 3 0 2 8 0 2 8 12 16 2 5 30 3 0 2 8 0 2 8 12 16 2 2 3 3 0 2 8 5 30 3 5 30 3 16 20 12 8 18 2 0 2 8 0 2 8 6 2 8 16 20 12 0 2 11 5 30 3 0 2 8 0 2 8 8 9 2 6 2 8 6 2 8 6 2 8 8 18 2 16 20 12 5 30 3 13 6 3 12 16 2 0 2 8 0 2 8 6 2 8 0 2 8 0 2 8 0 2 8 16 6 2 16 15 2 0 2 8 0 2 8 0 2 8 0 2 8 6 2 8 5 30 3 0 2 8 0 2 8 0 2 8 0 2 8 0 2 8 0.00361433001984890661 66.9932743310928345
5 30 3 5 30 3 5 30 3 5 30 3 5 30 3 12 16 2 5 30 3 12 16 2 5 30 3 13 6 3 0 2 7 0 2 7 0 2 7 8 18 2 12 16 2 0 2 7 1 2 11 1 2 7 6 2 11 8 18 2 1 2 11 0 2 7 0 2 11 0 2 11 17 9 2 17 9 2 0 2 11 0 2 7 0 2 11 0 2 11 0 2 11 1 2 11 0 2 7 0 2 11 0 2 7 16 19 11 1 2 7 0 2 11 0 2 11 17 18 2 16 19 11 0 2 7 0 2 11 0 2 7 17 9 2 6 2 7 5 30 3 0 2 7 1 2 11 0 2 11 6 2 7 0 2 7 0 2 7 0 2 7 16 6 2 0 2 7 0 2 7 5 30 3 0 2 11 8 18 2 0 64.0122756958007812
5 30 3 16 6 2 16 9 8 1 2 3 16 6 2 0 2 7 12 16 2 12 16 2 12 16 2 5 30 3 5 31 3 5 30 3 0 2 3 1 2 4 0 2 3 6 2 3 0 2 3 0 2 7 0 2 7 0 2 3 0 2 7 0 2 3 1 2 7 0 2 7 16 6 2 8 9 2 1 2 7 0 2 3 12 16 2 0 2 7 16 19 11 0 2 3 0 2 7 1 2 3 1 2 7 0 2 7 16 19 11 1 2 3 0 2 3 0 2 3 0 2 3 0 2 3 1 2 3 1 2 3 1 2 3 0 2 7 5 30 3 0 2 7 1 2 3 0 2 7 8 9 2 0 2 3 0 2 3 0 2 7 0 2 7 16 6 2 0 2 3 5 30 3 0 2 7 0 2 3 0 63.9305723905563354
5 30 3 5 30 3 12 16 2 5 30 3 5 30 3 5 30 3 8 9 2 8 9 2 5 30 3 13 6 3 12 16 2 1 2 8 0 2 8 8 9 2 0 2 7 8 9 2 5 31 3 16 19 12 0 2 7 8 9 2 0 2 7 1 2 12 8 9 2 0 2 7 16 19 12 1 2 8 16 19 12 17 9 2 12 16 2 0 2 7 0 2 12 0 2 8 0 2 8 8 18 2 8 9 2 0 2 7 1 2 4 0 2 7 8 18 2 8 18 2 1 2 8 0 2 7 0 2 8 0 2 12 0 2 7 8 18 2 0 2 7 1 2 7 16 19 12 0 2 7 0 2 12 0 2 7 1 2 7 1 2 7 0 2 7 0 2 8 0 2 7 1 2 7 0 2 7 0 2 7 0.00793298361721960811 64.987429141998291
5 30 3 8 18 2 16 19 11 8 18 2 0 2 7 5 30 3 0 2 8 8 18 2 12 16 2 0 2 8 5 30 3 0 2 11 0 2 8 0 2 8 5 31 3 0 2 7 0 2 8 12 16 2 5 30 3 0 2 3 0 2 3 0 2 7 16 19 11 16 6 2 0 2 7 0 2 7 0 2 7 16 6 2 6 2 8 5 31 3 0 2 8 0 2 7 16 6 2 0 2 8 1 2 7 0 2 7 0 2 8 0 2 8 5 30 3 0 2 7 0 2 3 1 2 3 5 30 3 0 2 8 12 16 2 0 2 8 0 2 3 0 2 8 6 2 3 0 2 8 12 16 2 16 19 11 0 2 7 0 2 8 1 2 8 16 6 2 0 2 3 0 2 8 5 30 3 0 2 8 0 66.4614242315292358
16 19 12 5 30 3 16 15 2 0 2 12 1 2 8 8 9 2 13 6 3 0 2 12 8 18 2 8 18 2 16 15 2 16 19 12 8 18 2 8 9 2 0 2 8 8 9 2 0 2 12 8 9 2 8 9 2 8 9 2 5 30 3 12 16 2 8 9 2 1 2 8 8 18 2 0 2 8 5 30 3 8 18 2 0 2 8 0 2 8 1 2 8 5 30 3 8 18 2 5 30 3 0 2 8 8 18 2 8 18 2 8 9 2 0 2 8 8 18 2 1 2 12 1 2 8 8 9 2 1 2 12 0 2 12 12 16 2 8 9 2 5 30 3 13 6 3 0 2 12 16 19 12 8 18 2 0 2 8 16 15 2 0 2 8 16 19 12 0 2 8 12 16 2 8 9 2 1 2 12 0.0318892337056130987 65.8626919984817505
5 30 3 5 30 3 8 9 2 8 9 2 5 30 3 13 6 3 8 18 2 0 2 8 16 19 12 6 2 8 6 2 8 8 9 2 6 2 8 6 2 8 5 30 3 0 2 8 8 18 2 8 18 2 5 30 3 16 15 2 8 9 2 8 18 2 8 9 2 0 2 8 8 9 2 16 19 12 8 9 2 5 30 3 8 9 2 6 2 8 8 9 2 6 2 8 0 2 8 0 2 8 6 2 8 0 2 8 0 2 8 13 6 3 16 19 12 16 15 2 0 2 8 16 19 12 5 30 3 0 2 8 0 2 8 6 2 8 6 2 8 13 6 3 6 2 8 16 19 12 0 2 8 6 2 8 0 2 8 6 3 2 5 30 3 8 9 2 16 19 12 0 2 8 5 30 3 0 2 8 0.0571757831086144933 65.853271484375
5 30 3 0 2 3 0 2 7 5 30 3 5 30 3 16 19 11 0 2 7 8 9 2 5 30 3 12 16 2 5 31 3 0 2 7 0 2 7 12 16 2 0 2 7 17 18 2 5 30 3 16 19 11 0 2 7 6 2 3 0 2 7 0 2 7 0 2 11 0 2 7 1 2 7 1 2 3 0 2 7 1 2 7 0 2 7 16 6 2 0 2 7 0 2 7 0 2 7 0 2 7 5 30 3 0 2 11 0 2 3 0 2 7 16 6 2 0 2 7 0 2 7 0 2 3 0 2 11 1 2 3 12 16 2 6 2 7 16 19 11 1 2 11 5 31 3 16 6 2 6 2 7 1 2 10 5 31 3 0 2 11 0 2 3 5 30 3 0 2 7 0 2 7 0 2 3 6 2 7 0.00493045804130981709 64.0784583687782288
8 9 2 5 30 3 12 16 2 8 9 2 5 30 3 5 30 3 5 30 3 12 16 2 5 30 3 5 30 3 5 30 3 0 2 8 1 2 7 2 3 3 0 2 7 0 2 8 0 2 7 0 2 8 12 16 2 0 2 7 0 2 8 0 2 8 16 9 11 8 18 2 0 2 11 0 2 3 8 18 2 0 2 3 8 18 2 16 6 2 0 2 3 5 30 3 8 9 2 8 18 2 8 9 2 0 2 8 0 2 3 8 9 2 8 18 2 1 2 8 0 2 8 8 18 2 1 2 3 9 2 7 0 2 8 16 19 12 8 9 2 16 15 2 0 2 8 0 2 7 0 2 7 0 2 7 0 2 7 0 2 7 1 2 11 12 16 2 1 2 8 1 2 3 8 18 2 0 2 7 0.0398393265697766646 66.439444363117218

Current Evaluation = 1800(1800)
Front Size = 10
5 30 3 5 31 3 5 30 3 13 6 3 5 30 3 12 16 2 12 16 2 13 6 3 17 18 2 12 16 2 0 2 11 1 2 7 0 2 7 0 2 7 0 2 7 17 9 2 0 2 7 0 2 7 1 2 7 6 2 7 0 2 7 0 2 7 1 2 7 0 2 7 17 18 2 0 2 7 17 18 2 0 2 7 0 2 4 0 2 7 0 2 7 1 2 11 5 30 3 0 2 7 1 2 7 0 2 7 0 2 7 8 18 2 1 2 7 0 2 7 17 18 2 0 2 7 1 2 11 0 2 4 1 2 4 0 2 7 16 6 2 1 2 7 0 2 7 5 30 3 0 2 7 1 2 7 1 2 7 0 2 7 0 2 7 0 2 7 1 2 7 1 2 7 5 30 3 8 18 2 0 61.334513247013092
16 19 12 5 30 3 16 15 2 0 2 12 1 2 8 8 9 2 13 6 3 0 2 12 8 18 2 8 18 2 16 15 2 16 19 12 8 18 2 8 9 2 0 2 8 8 9 2 0 2 12 8 9 2 8 9 2 8 9 2 5 30 3 12 16 2 8 9 2 1 2 8 8 18 2 0 2 8 5 30 3 8 18 2 0 2 8 0 2 8 1 2 8 5 30 3 8 18 2 5 30 3 0 2 8 8 18 2 8 18 2 8 9 2 0 2 8 8 18 2 1 2 12 1 2 8 8 9 2 1 2 12 0 2 12 12 16 2 8 9 2 5 30 3 13 6 3 0 2 12 16 19 12 8 18 2 0 2 8 16 15 2 0 2 8 16 19 12 0 2 8 12 16 2 8 9 2 1 2 12 0.0318892337056130987 65.8626919984817505
5 30 3 0 2 7 5 30 3 5 31 3 16 6 2 5 30 3 0 2 7 12 16 2 5 30 3 16 19 11 5 30 3 5 30 3 16 6 2 0 2 3 0 2 7 16 9 11 0 2 7 0 2 7 16 19 11 1 2 3 0 2 7 0 2 3 0 2 7 0 2 7 0 2 7 5 31 3 1 2 7 1 2 3 12 16 2 0 2 7 0 2 3 0 2 7 0 2 7 0 2 7 0 2 3 0 2 3 0 2 3 0 2 7 5 31 3 0 2 3 16 6 2 1 2 7 0 2 7 1 2 3 0 2 7 0 2 3 0 2 7 0 2 7 16 6 2 0 2 7 0 2 3 0 2 7 0 2 7 0 2 7 0 2 7 1 2 7 0 2 3 1 2 7 0 2 11 0 2 3 0 63.8424243330955505
5 30 3 5 30 3 5 30 3 5 30 3 5 30 3 12 16 2 5 30 3 12 16 2 5 30 3 13 6 3 0 2 11 0 2 11 0 2 1 17 18 2 12 16 2 6 2 11 0 2 7 1 2 7 0 2 7 8 18 2 1 2 10 0 2 11 0 2 7 0 2 7 8 9 2 17 9 2 0 2 7 0 2 7 0 2 7 0 2 11 0 2 7 1 2 11 0 2 7 0 2 11 0 2 7 16 19 11 1 2 7 0 2 11 0 2 11 17 18 2 16 6 2 0 2 7 1 2 11 0 2 7 17 9 2 6 2 7 5 30 3 0 2 11 1 2 11 0 2 11 6 2 7 0 2 11 0 2 7 0 2 7 16 6 2 0 2 8 0 2 7 5 30 3 0 2 11 8 18 2 0 63.8504258394241333
16 19 11 5 30 3 0 2 8 1 2 8 16 19 11 0 2 8 5 30 3 12 16 2 0 2 7 0 2 8 5 30 3 5 30 3 5 30 3 5 30 3 8 18 2 16 19 12 16 6 2 0 2 8 12 16 2 0 2 8 8 9 2 0 2 8 16 6 2 0 2 8 5 31 3 0 2 8 0 2 8 0 2 8 8 18 2 8 18 2 0 2 8 0 2 3 17 18 2 0 2 8 0 2 8 0 2 8 12 16 2 0 2 7 0 2 8 8 18 2 5 30 3 0 2 8 0 2 8 1 2 8 1 2 8 0 2 8 5 30 3 0 2 8 0 2 8 1 2 8 0 2 8 0 2 8 6 2 8 0 2 7 16 6 2 0 2 8 0 2 8 12 16 2 0 2 11 0 2 8 0 67.9589498043060303
5 30 3 5 30 3 5 30 3 16 19 11 8 9 2 5 30 3 12 16 2 5 30 3 12 16 2 8 9 2 13 6 3 12 16 2 16 15 2 6 2 8 0 2 8 6 2 3 5 31 3 8 18 2 0 2 7 0 2 7 0 2 8 0 2 8 2 3 3 0 2 7 5 30 3 1 2 7 16 20 12 1 2 7 0 2 8 1 2 7 0 2 7 1 2 7 0 2 11 5 30 3 0 2 8 0 2 8 6 2 8 0 2 7 17 18 2 0 2 4 1 2 7 5 30 3 16 30 2 0 2 7 0 2 7 0 2 8 0 2 8 0 2 8 1 2 7 0 2 8 0 2 8 1 2 7 0 2 7 6 2 8 5 30 3 17 18 2 0 2 7 5 31 3 0 2 7 0 2 8 0.0312243547635072533 65.1122373342514038
8 9 2 5 30 3 12 16 2 8 9 2 5 30 3 5 30 3 5 30 3 12 16 2 5 30 3 5 30 3 5 30 3 0 2 8 1 2 7 2 3 3 0 2 7 0 2 8 0 2 7 0 2 8 12 16 2 0 2 7 0 2 8 0 2 8 16 9 11 8 18 2 0 2 11 0 2 3 8 18 2 0 2 3 8 18 2 16 6 2 0 2 3 5 30 3 8 9 2 8 18 2 8 9 2 0 2 8 0 2 3 8 9 2 8 18 2 1 2 8 0 2 8 8 18 2 1 2 3 9 2 7 0 2 8 16 19 12 8 9 2 16 15 2 0 2 8 0 2 7 0 2 7 0 2 7 0 2 7 0 2 7 1 2 11 12 16 2 1 2 8 1 2 3 8 18 2 0 2 7 0.0398393265697766646 66.439444363117218
5 30 3 5 30 3 8 9 2 8 9 2 5 30 3 13 6 3 8 18 2 0 2 8 16 19 12 6 2 8 6 2 8 8 9 2 6 2 8 6 2 8 5 30 3 0 2 8 8 18 2 8 18 2 5 30 3 16 15 2 8 9 2 8 18 2 8 9 2 0 2 8 8 9 2 16 19 12 8 9 2 5 30 3 8 9 2 6 2 8 8 9 2 6 2 8 0 2 8 0 2 8 6 2 8 0 2 8 0 2 8 13 6 3 16 19 12 16 15 2 0 2 8 16 19 12 5 30 3 0 2 8 0 2 8 6 2 8 6 2 8 13 6 3 6 2 8 16 19 12 0 2 8 6 2 8 0 2 8 6 3 2 5 30 3 8 9 2 16 19 12 0 2 8 5 30 3 0 2 8 0.0571757831086144933 65.853271484375
5 30 3 16 15 2 8 9 2 13 6 3 8 9 2 5 30 3 12 16 2 5 30 3 5 30 3 5 30 3 12 16 2 12 16 2 16 19 12 0 2 7 1 2 7 0 2 12 0 2 7 0 2 7 16 15 2 16 19 12 8 18 2 0 2 8 8 9 2 0 2 12 0 2 4 8 9 2 0 2 7 8 9 2 1 2 8 8 18 2 0 2 8 0 2 7 0 2 7 0 2 8 1 2 8 1 2 7 0 2 4 8 18 2 8 18 2 17 18 2 0 2 7 0 2 7 1 2 12 0 2 7 8 9 2 1 2 12 0 2 12 1 2 7 17 18 2 1 2 7 0 2 12 16 19 12 16 30 2 0 2 7 0 2 7 1 2 7 5 31 3 0 2 8 6 2 3 5 31 3 0.017607888485274191 64.0934082269668579
5 30 3 5 30 3 1 2 8 0 2 3 5 30 3 1 2 3 0 2 7 0 2 7 0 2 7 0 2 7 0 2 3 5 30 3 0 2 7 5 31 3 16 31 2 0 2 3 5 30 3 0 2 3 0 2 7 0 2 7 0 2 7 0 2 7 5 30 3 0 2 3 0 2 3 0 2 3 0 2 3 1 2 3 5 30 3 16 19 12 0 2 8 0 2 3 0 2 7 0 2 12 1 2 3 0 2 3 0 2 3 0 2 3 0 2 8 0 2 3 0 2 7 0 2 7 16 19 12 0 2 7 0 2 3 0 2 7 16 19 12 16 6 2 16 19 12 1 2 8 0 2 7 16 19 12 1 2 3 9 2 7 0 2 3 12 16 2 0 2 3 5 30 3 0 2 7 0 2 3 7.97916065906764267e-06 66.0277687311172485

Current Evaluation = 2700(2700)
Front Size = 10
5 30 3 5 30 3 5 30 3 13 6 3 5 30 3 12 16 2 12 16 2 13 6 3 17 18 2 12 16 2 0 2 7 0 2 7 1 2 7 1 2 7 0 2 7 17 9 2 0 2 7 0 2 7 0 2 7 13 6 3 1 2 7 0 2 7 0 2 7 0 2 7 17 18 2 0 2 7 17 18 2 1 2 7 0 2 7 0 2 7 0 2 7 0 2 7 5 30 3 0 2 7 1 2 7 0 2 7 0 2 7 8 18 2 0 2 7 0 2 7 17 18 2 0 2 7 1 2 7 0 2 7 1 2 7 1 2 7 16 15 2 6 2 4 0 2 4 5 31 3 1 2 7 1 2 7 0 2 4 0 2 7 0 2 4 0 2 7 1 2 7 1 2 7 5 30 3 17 18 2 0 60.7110082507133484
5 30 3 5 30 3 5 30 3 5 30 3 5 30 3 12 16 2 5 30 3 12 16 2 5 30 3 13 6 3 0 2 7 0 2 11 1 2 11 17 18 2 12 16 2 1 2 11 0 2 11 0 2 11 0 2 7 8 18 2 1 2 11 6 2 11 0 2 7 1 2 11 8 9 2 17 9 2 0 2 7 0 2 11 0 2 7 0 2 7 0 2 7 6 2 7 0 2 7 0 2 11 0 2 7 16 19 11 1 2 7 0 2 11 0 2 7 17 18 2 16 6 2 0 2 7 0 2 11 0 2 7 17 9 2 6 2 11 5 30 3 0 2 1 1 2 7 0 2 11 0 2 7 0 2 7 0 2 7 0 2 7 16 6 2 0 2 7 0 2 11 5 30 3 0 2 11 8 18 2 0 63.7418256402015686
5 30 3 5 31 3 5 31 3 12 16 2 0 2 7 0 2 7 0 2 3 5 30 3 0 2 3 5 30 3 0 2 3 1 2 3 0 2 3 0 2 3 12 16 2 0 2 3 1 2 10 0 2 4 12 16 2 0 2 10 0 2 3 5 30 3 0 2 7 0 2 10 1 2 7 1 2 3 0 2 7 0 2 7 0 2 3 0 2 7 1 2 7 0 2 4 1 2 7 1 2 7 1 2 4 0 2 3 0 2 7 0 2 3 0 2 3 16 6 2 5 30 3 16 9 11 0 2 3 0 2 3 1 2 7 0 2 4 17 9 2 0 2 7 16 19 11 1 2 10 1 2 7 16 9 11 16 6 2 0 2 7 12 16 2 16 30 2 0 2 3 0 2 3 0 2 7 0 2 3 0 63.8844286203384399
5 30 3 5 30 3 8 9 2 8 9 2 5 30 3 13 6 3 8 18 2 0 2 8 16 19 12 6 2 8 6 2 8 8 9 2 6 2 8 6 2 8 5 30 3 0 2 8 8 18 2 8 18 2 5 30 3 16 15 2 8 9 2 8 18 2 8 9 2 0 2 8 8 9 2 16 19 12 8 9 2 5 30 3 8 9 2 6 2 8 8 9 2 6 2 8 0 2 8 0 2 8 6 2 8 0 2 8 0 2 8 13 6 3 16 19 12 16 15 2 0 2 8 16 19 12 5 30 3 0 2 8 0 2 8 6 2 8 6 2 8 13 6 3 6 2 8 16 19 12 0 2 8 6 2 8 0 2 8 6 3 2 5 30 3 8 9 2 16 19 12 0 2 8 5 30 3 0 2 8 0.0571757831086144933 65.853271484375
16 19 11 5 30 3 0 2 8 1 2 8 16 19 11 0 2 8 5 30 3 12 16 2 0 2 7 0 2 8 5 30 3 5 30 3 5 30 3 5 30 3 8 18 2 16 19 12 16 6 2 0 2 8 12 16 2 0 2 8 8 9 2 0 2 8 16 6 2 0 2 8 5 31 3 0 2 8 0 2 8 0 2 8 8 18 2 8 18 2 0 2 8 0 2 3 17 18 2 0 2 8 0 2 8 0 2 8 12 16 2 0 2 7 0 2 8 8 18 2 5 30 3 0 2 8 0 2 8 1 2 8 1 2 8 0 2 8 5 30 3 0 2 8 0 2 8 1 2 8 0 2 8 0 2 8 6 2 8 0 2 7 16 6 2 0 2 8 0 2 8 12 16 2 0 2 11 0 2 8 0 67.9589498043060303
5 30 3 5 30 3 5 30 3 16 19 11 8 9 2 5 30 3 12 16 2 5 30 3 12 16 2 8 9 2 13 6 3 12 16 2 16 15 2 6 2 8 0 2 8 6 2 3 5 31 3 8 18 2 0 2 7 0 2 7 0 2 8 0 2 8 2 3 3 0 2 7 5 30 3 1 2 7 16 20 12 1 2 7 0 2 8 1 2 7 0 2 7 1 2 7 0 2 11 5 30 3 0 2 8 0 2 8 6 2 8 0 2 7 17 18 2 0 2 4 1 2 7 5 30 3 16 30 2 0 2 7 0 2 7 0 2 8 0 2 8 0 2 8 1 2 7 0 2 8 0 2 8 1 2 7 0 2 7 6 2 8 5 30 3 17 18 2 0 2 7 5 31 3 0 2 7 0 2 8 0.0312243547635072533 65.1122373342514038
5 30 3 16 19 12 1 2 7 5 31 3 12 16 2 0 2 7 0 2 7 0 2 7 1 2 7 0 2 7 5 30 3 0 2 7 0 2 7 0 2 3 0 2 3 0 2 7 0 2 7 16 19 11 5 30 3 16 6 2 0 2 7 5 31 3 0 2 7 0 2 7 16 19 11 16 6 2 5 30 3 5 30 3 12 16 2 16 19 11 0 2 7 0 2 7 12 16 2 0 2 7 0 2 7 0 2 7 1 2 7 0 2 7 0 2 7 0 2 7 0 2 7 1 2 3 0 2 3 0 2 3 1 2 3 1 2 7 0 2 3 0 2 7 0 2 3 0 2 3 0 2 7 0 2 7 0 2 3 8 9 2 0 2 3 5 30 3 1 2 3 16 19 11 0 2 3 0 2 7 0 64.392686128616333
5 30 3 8 18 2 5 30 3 12 16 2 5 30 3 5 30 3 5 31 3 12 16 2 12 16 2 16 19 11 0 2 11 0 2 11 0 2 8 8 18 2 0 2 11 0 2 11 0 2 7 0 2 8 0 2 11 0 2 11 17 9 2 0 2 11 8 9 2 5 30 3 0 2 7 16 6 2 16 6 2 0 2 8 0 2 11 0 2 8 8 18 2 6 2 7 6 2 3 0 2 3 0 2 8 12 16 2 5 30 3 5 30 3 0 2 12 0 2 11 0 2 8 0 2 7 0 2 11 1 2 8 0 2 8 16 6 2 0 2 7 1 2 7 0 2 8 0 2 11 0 2 11 0 2 8 0 2 8 16 19 11 16 6 2 0 2 11 0 2 11 0 2 7 12 16 2 5 30 3 0 66.2990896105766296
5 31 3 5 30 3 5 30 3 5 30 3 12 16 2 0 2 8 0 2 11 0 2 8 0 2 11 0 2 3 0 2 12 0 2 8 0 2 8 0 2 8 0 2 8 0 2 8 0 2 7 0 2 7 0 2 11 5 30 3 0 2 7 0 2 8 0 2 7 5 31 3 0 2 7 5 31 3 0 2 3 12 16 2 5 31 3 0 2 7 0 2 8 16 19 11 0 2 3 16 19 11 0 2 8 0 2 8 12 16 2 0 2 3 0 2 8 0 2 8 0 2 7 16 19 12 5 30 3 6 2 11 0 2 8 16 19 11 0 2 3 0 2 7 16 6 2 16 19 11 0 2 7 0 2 8 16 6 2 0 2 8 0 2 3 5 30 3 0 2 8 0 2 8 0 2 11 0 2 3 0 68.1074837446212769
5 30 3 5 30 3 1 2 8 0 2 3 5 30 3 1 2 3 0 2 7 0 2 7 0 2 7 0 2 7 0 2 3 5 30 3 0 2 7 5 31 3 16 31 2 0 2 3 5 30 3 0 2 3 0 2 7 0 2 7 0 2 7 0 2 7 5 30 3 0 2 3 0 2 3 0 2 3 0 2 3 1 2 3 5 30 3 16 19 12 0 2 8 0 2 3 0 2 7 0 2 12 1 2 3 0 2 3 0 2 3 0 2 3 0 2 8 0 2 3 0 2 7 0 2 7 16 19 12 0 2 7 0 2 3 0 2 7 16 19 12 16 6 2 16 19 12 1 2 8 0 2 7 16 19 12 1 2 3 9 2 7 0 2 3 12 16 2 0 2 3 5 30 3 0 2 7 0 2 3 7.97916065906764267e-06 66.0277687311172485

Current Evaluation = 3600(3600)
Front Size = 10
5 30 3 5 30 3 5 30 3 13 6 3 5 30 3 12 16 2 12 16 2 13 6 3 17 18 2 12 16 2 0 2 7 0 2 7 1 2 7 1 2 7 0 2 7 17 9 2 0 2 7 0 2 4 0 2 7 13 6 3 1 2 7 0 2 7 0 2 7 0 2 7 17 18 2 0 2 7 17 18 2 1 2 7 0 2 7 0 2 7 0 2 7 0 2 7 8 9 2 1 2 11 1 2 7 0 2 7 0 2 7 8 18 2 0 2 7 0 2 7 17 18 2 0 2 7 1 2 7 0 2 7 1 2 7 1 2 7 16 15 2 1 2 7 0 2 7 5 30 3 1 2 7 1 2 7 0 2 7 0 2 7 0 2 7 0 2 7 1 2 7 1 2 7 5 30 3 17 18 2 0 60.5860941410064697
5 30 3 5 31 3 5 31 3 12 16 2 0 2 7 0 2 7 0 2 3 5 30 3 0 2 3 5 30 3 0 2 3 1 2 3 0 2 3 0 2 3 12 16 2 0 2 3 1 2 10 0 2 4 12 16 2 0 2 10 0 2 3 5 30 3 0 2 7 0 2 10 1 2 7 1 2 3 0 2 7 0 2 7 0 2 3 0 2 7 1 2 7 0 2 4 1 2 7 1 2 7 1 2 4 0 2 3 0 2 7 0 2 3 0 2 3 16 6 2 5 30 3 16 9 11 0 2 3 0 2 3 1 2 7 0 2 4 17 9 2 0 2 7 16 19 11 1 2 10 1 2 7 16 9 11 16 6 2 0 2 7 12 16 2 16 30 2 0 2 3 0 2 3 0 2 7 0 2 3 0 63.8844286203384399
5 31 3 5 30 3 5 30 3 5 31 3 0 2 7 12 16 2 12 16 2 16 19 11 1 2 7 0 2 4 0 2 7 1 2 7 1 2 7 0 2 7 0 2 7 16 6 2 16 31 2 6 2 7 12 16 2 17 18 2 0 2 7 12 16 2 0 2 7 0 2 7 5 30 3 0 2 7 0 2 7 0 2 11 0 2 3 0 2 7 6 2 7 1 2 7 17 18 2 0 2 3 16 6 2 1 2 4 0 2 7 0 2 3 0 2 7 1 2 4 0 2 7 0 2 7 1 2 7 0 2 7 5 31 3 1 2 11 0 2 3 0 2 3 16 24 2 8 18 2 1 2 4 6 2 7 0 2 3 0 2 7 1 2 7 1 2 7 0 2 7 0 2 7 0 2 3 0 2 7 0 62.2512115836143494
16 19 11 5 30 3 0 2 8 1 2 8 16 19 11 0 2 8 5 30 3 12 16 2 0 2 7 0 2 8 5 30 3 5 30 3 5 30 3 5 30 3 8 18 2 16 19 12 16 6 2 0 2 8 12 16 2 0 2 8 8 9 2 0 2 8 16 6 2 0 2 8 5 31 3 0 2 8 0 2 8 0 2 8 8 18 2 8 18 2 0 2 8 0 2 3 17 18 2 0 2 8 0 2 8 0 2 8 12 16 2 0 2 7 0 2 8 8 18 2 5 30 3 0 2 8 0 2 8 1 2 8 1 2 8 0 2 8 5 30 3 0 2 8 0 2 8 1 2 8 0 2 8 0 2 8 6 2 8 0 2 7 16 6 2 0 2 8 0 2 8 12 16 2 0 2 11 0 2 8 0 67.9589498043060303
5 30 3 5 30 3 8 9 2 8 9 2 5 30 3 13 6 3 8 18 2 0 2 8 16 19 12 6 2 8 6 2 8 8 9 2 6 2 8 6 2 8 5 30 3 0 2 8 8 18 2 8 18 2 5 30 3 16 15 2 8 9 2 8 18 2 8 9 2 0 2 8 8 9 2 16 19 12 8 9 2 5 30 3 8 9 2 6 2 8 8 9 2 6 2 8 0 2 8 0 2 8 6 2 8 0 2 8 0 2 8 13 6 3 16 19 12 16 15 2 0 2 8 16 19 12 5 30 3 0 2 8 0 2 8 6 2 8 6 2 8 13 6 3 6 2 8 16 19 12 0 2 8 6 2 8 0 2 8 6 3 2 5 30 3 8 9 2 16 19 12 0 2 8 5 30 3 0 2 8 0.0571757831086144933 65.853271484375
5 30 3 5 30 3 5 30 3 5 30 3 5 30 3 12 16 2 5 30 3 12 16 2 5 30 3 13 6 3 0 2 7 0 2 11 1 2 11 17 18 2 12 16 2 1 2 11 0 2 11 0 2 11 0 2 7 8 18 2 1 2 11 6 2 11 0 2 7 1 2 11 8 9 2 17 9 2 0 2 7 0 2 11 0 2 7 0 2 7 0 2 7 6 2 7 0 2 7 0 2 11 0 2 7 16 19 11 1 2 7 0 2 11 0 2 7 17 18 2 16 6 2 0 2 7 0 2 11 0 2 7 17 9 2 6 2 11 5 30 3 0 2 1 1 2 7 0 2 11 0 2 7 0 2 7 0 2 7 0 2 7 16 6 2 0 2 7 0 2 11 5 30 3 0 2 11 8 18 2 0 63.7418256402015686
5 30 3 8 18 2 5 30 3 12 16 2 5 30 3 5 30 3 5 31 3 12 16 2 12 16 2 16 19 11 0 2 11 0 2 11 0 2 8 8 18 2 0 2 11 0 2 11 0 2 7 0 2 8 0 2 11 0 2 11 17 9 2 0 2 11 8 9 2 5 30 3 0 2 7 16 6 2 16 6 2 0 2 8 0 2 11 0 2 8 8 18 2 6 2 7 6 2 3 0 2 3 0 2 8 12 16 2 5 30 3 5 30 3 0 2 12 0 2 11 0 2 8 0 2 7 0 2 11 1 2 8 0 2 8 16 6 2 0 2 7 1 2 7 0 2 8 0 2 11 0 2 11 0 2 8 0 2 8 16 19 11 16 6 2 0 2 11 0 2 11 0 2 7 12 16 2 5 30 3 0 66.2990896105766296
5 30 3 5 30 3 1 2 8 0 2 3 5 30 3 1 2 3 0 2 7 0 2 7 0 2 7 0 2 7 0 2 3 5 30 3 0 2 7 5 31 3 16 31 2 0 2 3 5 30 3 0 2 3 0 2 7 0 2 7 0 2 7 0 2 7 5 30 3 0 2 3 0 2 3 0 2 3 0 2 3 1 2 3 5 30 3 16 19 12 0 2 8 0 2 3 0 2 7 0 2 12 1 2 3 0 2 3 0 2 3 0 2 3 0 2 8 0 2 3 0 2 7 0 2 7 16 19 12 0 2 7 0 2 3 0 2 7 16 19 12 16 6 2 16 19 12 1 2 8 0 2 7 16 19 12 1 2 3 9 2 7 0 2 3 12 16 2 0 2 3 5 30 3 0 2 7 0 2 3 7.97916065906764267e-06 66.0277687311172485
5 31 3 5 30 3 5 30 3 5 30 3 12 16 2 0 2 8 0 2 11 0 2 8 0 2 11 0 2 3 0 2 12 0 2 8 0 2 8 0 2 8 0 2 8 0 2 8 0 2 7 0 2 7 0 2 11 5 30 3 0 2 7 0 2 8 0 2 7 5 31 3 0 2 7 5 31 3 0 2 3 12 16 2 5 31 3 0 2 7 0 2 8 16 19 11 0 2 3 16 19 11 0 2 8 0 2 8 12 16 2 0 2 3 0 2 8 0 2 8 0 2 7 16 19 12 5 30 3 6 2 11 0 2 8 16 19 11 0 2 3 0 2 7 16 6 2 16 19 11 0 2 7 0 2 8 16 6 2 0 2 8 0 2 3 5 30 3 0 2 8 0 2 8 0 2 11 0 2 3 0 68.1074837446212769
5 30 3 5 30 3 5 30 3 16 19 11 8 9 2 5 30 3 12 16 2 5 30 3 12 16 2 8 9 2 13 6 3 12 16 2 16 15 2 6 2 8 0 2 8 6 2 3 5 31 3 8 18 2 0 2 7 0 2 7 0 2 8 0 2 8 2 3 3 0 2 7 5 30 3 1 2 7 16 20 12 1 2 7 0 2 8 1 2 7 0 2 7 1 2 7 0 2 11 5 30 3 0 2 8 0 2 8 6 2 8 0 2 7 17 18 2 0 2 4 1 2 7 5 30 3 16 30 2 0 2 7 0 2 7 0 2 8 0 2 8 0 2 8 1 2 7 0 2 8 0 2 8 1 2 7 0 2 7 6 2 8 5 30 3 17 18 2 0 2 7 5 31 3 0 2 7 0 2 8 0.0312243547635072533 65.1122373342514038

Current Evaluation = 4500(4500)
Front Size = 10
5 30 3 5 30 3 5 30 3 13 6 3 5 30 3 12 16 2 12 16 2 13 6 3 17 18 2 12 16 2 0 2 7 0 2 7 1 2 7 1 2 7 0 2 7 17 9 2 0 2 7 0 2 4 0 2 7 13 6 3 1 2 7 0 2 7 0 2 7 0 2 7 17 18 2 0 2 7 17 18 2 1 2 7 0 2 7 0 2 7 0 2 7 0 2 7 8 9 2 1 2 11 1 2 7 0 2 7 0 2 7 8 18 2 0 2 7 0 2 7 17 18 2 0 2 7 1 2 7 0 2 7 1 2 7 1 2 7 16 15 2 1 2 7 0 2 7 5 30 3 1 2 7 1 2 7 0 2 7 0 2 7 0 2 7 0 2 7 1 2 7 1 2 7 5 30 3 17 18 2 0 60.5860941410064697
5 30 3 8 18 2 5 30 3 12 16 2 5 30 3 5 30 3 5 31 3 12 16 2 12 16 2 16 19 11 0 2 11 0 2 11 0 2 8 8 18 2 0 2 11 0 2 11 0 2 7 0 2 8 0 2 11 0 2 11 17 9 2 0 2 11 8 9 2 5 30 3 0 2 7 16 6 2 16 6 2 0 2 8 0 2 11 0 2 8 8 18 2 6 2 7 6 2 3 0 2 3 0 2 8 12 16 2 5 30 3 5 30 3 0 2 12 0 2 11 0 2 8 0 2 7 0 2 11 1 2 8 0 2 8 16 6 2 0 2 7 1 2 7 0 2 8 0 2 11 0 2 11 0 2 8 0 2 8 16 19 11 16 6 2 0 2 11 0 2 11 0 2 7 12 16 2 5 30 3 0 66.2990896105766296
5 30 3 5 30 3 5 30 3 5 30 3 12 16 2 12 16 2 12 16 2 0 2 3 0 2 3 0 2 7 0 2 3 17 9 2 0 2 3 0 2 7 13 6 3 8 18 2 5 30 3 5 30 3 13 6 3 0 2 7 0 2 3 16 19 11 17 18 2 0 2 7 16 6 2 1 2 11 0 2 3 0 2 12 1 2 7 0 2 3 0 2 7 0 2 3 0 2 3 12 16 2 1 2 12 0 2 7 0 2 7 0 2 12 0 2 7 0 2 7 0 2 7 0 2 7 16 6 2 1 2 11 1 2 3 0 2 3 0 2 7 5 30 3 16 6 2 0 2 3 0 2 7 0 2 7 0 2 3 0 2 11 1 2 3 0 2 7 1 2 3 5 31 3 1 2 3 16 30 2 0 63.4784764051437378
5 31 3 8 18 2 16 19 11 12 16 2 5 30 3 5 31 3 5 31 3 12 16 2 12 16 2 16 19 11 0 2 7 0 2 7 17 9 2 5 30 3 0 2 7 16 30 2 16 6 2 0 2 4 0 2 7 12 16 2 0 2 7 16 6 2 0 2 7 1 2 7 16 6 2 0 2 7 12 16 2 6 2 7 0 2 7 8 18 2 1 2 3 1 2 11 0 2 7 0 2 7 0 2 7 0 2 7 0 2 7 1 2 7 1 2 7 0 2 7 0 2 4 0 2 7 8 18 2 0 2 4 0 2 7 0 2 7 0 2 7 0 2 7 0 2 7 12 16 2 0 2 7 0 2 7 0 2 7 0 2 7 1 2 11 1 2 7 1 2 7 0 2 7 5 30 3 5 30 3 0 62.6840750575065613
5 31 3 5 30 3 5 30 3 5 30 3 12 16 2 0 2 8 0 2 11 0 2 8 0 2 11 0 2 3 0 2 12 0 2 8 0 2 8 0 2 8 0 2 8 0 2 8 0 2 7 0 2 7 0 2 11 5 30 3 0 2 7 0 2 8 0 2 7 5 31 3 0 2 7 5 31 3 0 2 3 12 16 2 5 31 3 0 2 7 0 2 8 16 19 11 0 2 3 16 19 11 0 2 8 0 2 8 12 16 2 0 2 3 0 2 8 0 2 8 0 2 7 16 19 12 5 30 3 6 2 11 0 2 8 16 19 11 0 2 3 0 2 7 16 6 2 16 19 11 0 2 7 0 2 8 16 6 2 0 2 8 0 2 3 5 30 3 0 2 8 0 2 8 0 2 11 0 2 3 0 68.1074837446212769
5 30 3 5 31 3 5 31 3 12 16 2 0 2 7 0 2 7 0 2 3 5 30 3 0 2 3 5 30 3 0 2 3 1 2 3 0 2 3 0 2 3 12 16 2 0 2 3 1 2 10 0 2 4 12 16 2 0 2 10 0 2 3 5 30 3 0 2 7 0 2 10 1 2 7 1 2 3 0 2 7 0 2 7 0 2 3 0 2 7 1 2 7 0 2 4 1 2 7 1 2 7 1 2 4 0 2 3 0 2 7 0 2 3 0 2 3 16 6 2 5 30 3 16 9 11 0 2 3 0 2 3 1 2 7 0 2 4 17 9 2 0 2 7 16 19 11 1 2 10 1 2 7 16 9 11 16 6 2 0 2 7 12 16 2 16 30 2 0 2 3 0 2 3 0 2 7 0 2 3 0 63.8844286203384399
16 19 11 5 30 3 0 2 8 1 2 8 16 19 11 0 2 8 5 30 3 12 16 2 0 2 7 0 2 8 5 30 3 5 30 3 5 30 3 5 30 3 8 18 2 16 19 12 16 6 2 0 2 8 12 16 2 0 2 8 8 9 2 0 2 8 16 6 2 0 2 8 5 31 3 0 2 8 0 2 8 0 2 8 8 18 2 8 18 2 0 2 8 0 2 3 17 18 2 0 2 8 0 2 8 0 2 8 12 16 2 0 2 7 0 2 8 8 18 2 5 30 3 0 2 8 0 2 8 1 2 8 1 2 8 0 2 8 5 30 3 0 2 8 0 2 8 1 2 8 0 2 8 0 2 8 6 2 8 0 2 7 16 6 2 0 2 8 0 2 8 12 16 2 0 2 11 0 2 8 0 67.9589498043060303
5 30 3 5 30 3 5 30 3 16 19 11 8 9 2 5 30 3 12 16 2 5 30 3 12 16 2 8 9 2 13 6 3 12 16 2 16 15 2 6 2 8 0 2 8 6 2 3 5 31 3 8 18 2 0 2 7 0 2 7 0 2 8 0 2 8 2 3 3 0 2 7 5 30 3 1 2 7 16 20 12 1 2 7 0 2 8 1 2 7 0 2 7 1 2 7 0 2 11 5 30 3 0 2 8 0 2 8 6 2 8 0 2 7 17 18 2 0 2 4 1 2 7 5 30 3 16 30 2 0 2 7 0 2 7 0 2 8 0 2 8 0 2 8 1 2 7 0 2 8 0 2 8 1 2 7 0 2 7 6 2 8 5 30 3 17 18 2 0 2 7 5 31 3 0 2 7 0 2 8 0.0312243547635072533 65.1122373342514038
5 30 3 5 30 3 8 9 2 8 9 2 5 30 3 13 6 3 8 18 2 0 2 8 16 19 12 6 2 8 6 2 8 8 9 2 6 2 8 6 2 8 5 30 3 0 2 8 8 18 2 8 18 2 5 30 3 16 15 2 8 9 2 8 18 2 8 9 2 0 2 8 8 9 2 16 19 12 8 9 2 5 30 3 8 9 2 6 2 8 8 9 2 6 2 8 0 2 8 0 2 8 6 2 8 0 2 8 0 2 8 13 6 3 16 19 12 16 15 2 0 2 8 16 19 12 5 30 3 0 2 8 0 2 8 6 2 8 6 2 8 13 6 3 6 2 8 16 19 12 0 2 8 6 2 8 0 2 8 6 3 2 5 30 3 8 9 2 16 19 12 0 2 8 5 30 3 0 2 8 0.0571757831086144933 65.853271484375
5 30 3 12 16 2 0 2 7 0 2 7 5 30 3 5 31 3 12 16 2 0 2 4 12 16 2 5 30 3 0 2 7 1 2 7 0 2 3 0 2 7 0 2 3 1 2 7 1 2 7 1 2 7 0 2 7 5 30 3 1 2 7 17 9 2 0 2 7 1 2 7 0 2 7 0 2 3 5 30 3 0 2 3 1 2 7 0 2 3 12 16 2 1 2 3 0 2 7 0 2 3 0 2 7 17 18 2 8 18 2 1 2 7 0 2 7 1 2 7 0 2 7 0 2 7 0 2 7 0 2 7 13 6 3 13 6 3 16 6 2 17 18 2 0 2 4 0 2 3 8 9 2 16 19 11 1 2 7 1 2 7 16 6 2 12 16 2 16 6 2 0 2 4 0 2 7 0 2 7 0 61.7574012279510498

Current Evaluation = 5400(5400)
Front Size = 10
5 30 3 5 30 3 5 30 3 13 6 3 5 30 3 12 16 2 12 16 2 13 6 3 17 18 2 12 16 2 0 2 7 0 2 7 1 2 7 1 2 7 0 2 7 17 9 2 0 2 7 0 2 4 0 2 7 13 6 3 1 2 7 0 2 7 0 2 7 0 2 7 17 18 2 0 2 7 17 18 2 1 2 7 0 2 7 0 2 7 0 2 7 0 2 7 8 9 2 1 2 11 1 2 7 0 2 7 0 2 7 8 18 2 0 2 7 0 2 7 17 18 2 0 2 7 1 2 7 0 2 7 1 2 7 1 2 7 16 15 2 1 2 7 0 2 7 5 30 3 1 2 7 1 2 7 0 2 7 0 2 7 0 2 7 0 2 7 1 2 7 1 2 7 5 30 3 17 18 2 0 60.5860941410064697
5 30 3 5 30 3 5 30 3 5 30 3 12 16 2 12 16 2 12 16 2 0 2 3 0 2 3 0 2 7 0 2 3 17 9 2 0 2 3 0 2 7 13 6 3 8 18 2 5 30 3 5 30 3 13 6 3 0 2 7 0 2 3 16 19 11 17 18 2 0 2 7 16 6 2 1 2 11 0 2 3 0 2 12 1 2 7 0 2 3 0 2 7 0 2 3 0 2 3 12 16 2 1 2 12 0 2 7 0 2 7 0 2 12 0 2 7 0 2 7 0 2 7 0 2 7 16 6 2 1 2 11 1 2 3 0 2 3 0 2 7 5 30 3 16 6 2 0 2 3 0 2 7 0 2 7 0 2 3 0 2 11 1 2 3 0 2 7 1 2 3 5 31 3 1 2 3 16 30 2 0 63.4784764051437378
16 19 11 5 30 3 0 2 8 1 2 8 16 19 11 0 2 8 5 30 3 12 16 2 0 2 7 0 2 8 5 30 3 5 30 3 5 30 3 5 30 3 8 18 2 16 19 12 16 6 2 0 2 8 12 16 2 0 2 8 8 9 2 0 2 8 16 6 2 0 2 8 5 31 3 0 2 8 0 2 8 0 2 8 8 18 2 8 18 2 0 2 8 0 2 3 17 18 2 0 2 8 0 2 8 0 2 8 12 16 2 0 2 7 0 2 8 8 18 2 5 30 3 0 2 8 0 2 8 1 2 8 1 2 8 0 2 8 5 30 3 0 2 8 0 2 8 1 2 8 0 2 8 0 2 8 6 2 8 0 2 7 16 6 2 0 2 8 0 2 8 12 16 2 0 2 11 0 2 8 0 67.9589498043060303
5 31 3 5 30 3 5 31 3 16 31 2 5 30 3 12 16 2 12 16 2 8 18 2 12 16 2 0 2 4 1 2 7 1 2 7 0 2 7 0 2 7 0 2 4 0 2 3 0 2 7 0 2 4 1 2 7 1 2 7 1 2 7 17 18 2 0 2 7 1 2 7 0 2 7 17 9 2 0 2 7 6 2 10 1 2 7 0 2 7 16 6 2 12 16 2 5 30 3 13 6 3 17 18 2 0 2 7 17 9 2 1 2 4 0 2 7 0 2 7 0 2 7 1 2 4 0 2 7 1 2 7 1 2 4 0 2 7 0 2 3 0 2 4 16 19 11 0 2 7 12 16 2 0 2 7 1 2 4 0 2 4 0 2 7 1 2 7 0 2 7 1 2 7 0 2 4 0 2 7 0 61.3233053684234619
5 30 3 5 30 3 5 30 3 12 16 2 12 16 2 6 2 7 0 2 4 0 2 7 1 2 3 0 2 7 17 9 2 5 31 3 12 16 2 5 30 3 0 2 7 16 19 11 12 16 2 5 30 3 16 31 2 16 6 2 5 31 3 0 2 11 1 2 7 0 2 7 1 2 7 0 2 6 0 2 7 0 2 7 0 2 3 0 2 7 0 2 7 0 2 3 1 2 3 16 6 2 1 2 7 0 2 7 1 2 3 0 2 7 0 2 7 0 2 7 0 2 7 0 2 7 0 2 7 8 18 2 0 2 3 16 18 11 0 2 7 0 2 7 0 2 3 16 19 11 0 2 7 1 2 4 1 2 7 0 2 7 0 2 7 0 2 7 1 2 3 1 2 7 0 2 7 0 2 7 0 63.1524863243103027
5 30 3 5 30 3 5 31 3 0 2 11 5 30 3 12 16 2 5 30 3 12 16 2 12 16 2 0 2 7 5 30 3 0 2 3 0 2 7 0 2 3 0 2 8 0 2 7 5 31 3 0 2 7 0 2 11 0 2 8 0 2 11 9 2 7 0 2 7 0 2 8 0 2 3 0 2 7 0 2 7 1 2 8 1 2 7 0 2 7 0 2 7 0 2 11 5 30 3 0 2 11 6 2 7 17 18 2 0 2 8 0 2 7 1 2 8 0 2 8 16 9 8 2 3 3 0 2 11 16 19 11 0 2 7 0 2 7 0 2 7 9 2 7 5 30 3 1 2 11 0 2 8 0 2 7 16 19 11 9 2 7 0 2 3 16 6 2 0 2 8 9 2 7 17 18 2 0 2 11 0 66.7099459767341614
5 31 3 5 30 3 5 30 3 5 30 3 12 16 2 0 2 8 0 2 11 0 2 8 0 2 11 0 2 3 0 2 12 0 2 8 0 2 8 0 2 8 0 2 8 0 2 8 0 2 7 0 2 7 0 2 11 5 30 3 0 2 7 0 2 8 0 2 7 5 31 3 0 2 7 5 31 3 0 2 3 12 16 2 5 31 3 0 2 7 0 2 8 16 19 11 0 2 3 16 19 11 0 2 8 0 2 8 12 16 2 0 2 3 0 2 8 0 2 8 0 2 7 16 19 12 5 30 3 6 2 11 0 2 8 16 19 11 0 2 3 0 2 7 16 6 2 16 19 11 0 2 7 0 2 8 16 6 2 0 2 8 0 2 3 5 30 3 0 2 8 0 2 8 0 2 11 0 2 3 0 68.1074837446212769
0 2 7 5 30 3 12 16 2 0 2 7 0 2 4 5 30 3 5 30 3 5 30 3 17 18 2 12 16 2 17 9 2 17 18 2 12 16 2 6 2 7 1 2 3 15 2 13 0 2 11 16 19 11 8 18 2 0 2 3 0 2 7 0 2 3 16 6 2 0 2 4 1 2 3 0 2 3 16 6 2 0 2 7 5 31 3 6 2 4 0 2 7 0 2 11 1 2 7 1 2 7 1 2 4 0 2 4 1 2 11 0 2 3 0 2 7 0 2 3 0 2 11 5 30 3 1 2 7 1 2 7 0 2 11 0 2 7 1 2 7 17 9 2 0 2 3 0 2 7 1 2 7 0 2 11 13 6 3 0 2 7 1 2 7 1 2 7 0 2 7 0 2 4 0 2 7 0 2 7 0 62.4172618389129639
5 30 3 5 30 3 8 9 2 8 9 2 5 30 3 13 6 3 8 18 2 0 2 8 16 19 12 6 2 8 6 2 8 8 9 2 6 2 8 6 2 8 5 30 3 0 2 8 8 18 2 8 18 2 5 30 3 16 15 2 8 9 2 8 18 2 8 9 2 0 2 8 8 9 2 16 19 12 8 9 2 5 30 3 8 9 2 6 2 8 8 9 2 6 2 8 0 2 8 0 2 8 6 2 8 0 2 8 0 2 8 13 6 3 16 19 12 16 15 2 0 2 8 16 19 12 5 30 3 0 2 8 0 2 8 6 2 8 6 2 8 13 6 3 6 2 8 16 19 12 0 2 8 6 2 8 0 2 8 6 3 2 5 30 3 8 9 2 16 19 12 0 2 8 5 30 3 0 2 8 0.0571757831086144933 65.853271484375
5 30 3 5 30 3 5 30 3 16 19 11 8 9 2 5 30 3 12 16 2 5 30 3 12 16 2 8 9 2 13 6 3 12 16 2 16 15 2 6 2 8 0 2 8 6 2 3 5 31 3 8 18 2 0 2 7 0 2 7 0 2 8 0 2 8 2 3 3 0 2 7 5 30 3 1 2 7 16 20 12 1 2 7 0 2 8 1 2 7 0 2 7 1 2 7 0 2 11 5 30 3 0 2 8 0 2 8 6 2 8 0 2 7 17 18 2 0 2 4 1 2 7 5 30 3 16 30 2 0 2 7 0 2 7 0 2 8 0 2 8 0 2 8 1 2 7 0 2 8 0 2 8 1 2 7 0 2 7 6 2 8 5 30 3 17 18 2 0 2 7 5 31 3 0 2 7 0 2 8 0.0312243547635072533 65.1122373342514038

Current Evaluation = 6300(6300)
Front Size = 10
5 30 3 12 16 2 12 16 2 12 16 2 0 2 7 0 2 7 17 1 2 5 30 3 1 2 7 0 2 7 0 2 7 1 2 7 0 2 7 0 2 7 0 2 7 0 2 7 0 2 7 0 2 7 1 2 7 0 2 7 0 2 7 0 2 7 1 2 7 17 9 2 0 2 7 0 2 7 0 2 7 13 6 3 5 31 3 1 2 7 1 2 7 0 2 7 0 2 7 6 2 7 0 2 7 1 2 4 5 30 3 0 2 7 0 2 7 5 31 3 5 30 3 0 2 7 0 2 7 13 6 3 16 31 2 0 2 7 17 18 2 1 2 7 1 2 7 1 2 7 1 2 7 17 18 2 6 2 7 1 2 7 1 2 7 17 18 2 0 2 7 0 2 7 1 2 7 17 18 2 0 60.5340853929519653
16 19 11 5 30 3 0 2 8 1 2 8 16 19 11 0 2 8 5 30 3 12 16 2 0 2 7 0 2 8 5 30 3 5 30 3 5 30 3 5 30 3 8 18 2 16 19 12 16 6 2 0 2 8 12 16 2 0 2 8 8 9 2 0 2 8 16 6 2 0 2 8 5 31 3 0 2 8 0 2 8 0 2 8 8 18 2 8 18 2 0 2 8 0 2 3 17 18 2 0 2 8 0 2 8 0 2 8 12 16 2 0 2 7 0 2 8 8 18 2 5 30 3 0 2 8 0 2 8 1 2 8 1 2 8 0 2 8 5 30 3 0 2 8 0 2 8 1 2 8 0 2 8 0 2 8 6 2 8 0 2 7 16 6 2 0 2 8 0 2 8 12 16 2 0 2 11 0 2 8 0 67.9589498043060303
5 30 3 5 30 3 5 30 3 5 30 3 12 16 2 12 16 2 12 16 2 0 2 3 0 2 3 0 2 7 0 2 3 17 9 2 0 2 3 0 2 7 13 6 3 8 18 2 5 30 3 5 30 3 13 6 3 0 2 7 0 2 3 16 19 11 17 18 2 0 2 7 16 6 2 1 2 11 0 2 3 0 2 12 1 2 7 0 2 3 0 2 7 0 2 3 0 2 3 12 16 2 1 2 12 0 2 7 0 2 7 0 2 12 0 2 7 0 2 7 0 2 7 0 2 7 16 6 2 1 2 11 1 2 3 0 2 3 0 2 7 5 30 3 16 6 2 0 2 3 0 2 7 0 2 7 0 2 3 0 2 11 1 2 3 0 2 7 1 2 3 5 31 3 1 2 3 16 30 2 0 63.4784764051437378
5 30 3 5 30 3 12 16 2 12 16 2 12 16 2 1 2 7 0 2 4 0 2 7 0 2 3 0 2 7 8 9 2 0 2 7 0 2 4 16 6 2 12 16 2 5 30 3 1 2 7 0 2 7 0 2 7 0 2 7 1 2 7 0 2 3 5 31 3 16 19 11 5 31 3 1 2 3 0 2 3 0 2 7 17 9 2 8 18 2 0 2 7 0 2 7 1 2 7 0 2 7 1 2 4 0 2 7 0 2 7 0 2 7 0 2 7 0 2 4 1 2 7 17 18 2 0 2 4 1 2 7 16 9 11 0 2 7 0 2 3 1 2 7 16 20 12 0 2 7 1 2 3 0 2 7 5 31 3 1 2 11 0 2 7 0 2 7 12 16 2 1 2 4 16 6 2 0 2 7 0 62.6823933720588684
5 30 3 5 31 3 5 31 3 5 30 3 12 16 2 0 2 7 0 2 11 0 2 7 0 2 7 0 2 11 0 2 7 13 6 3 6 2 7 6 2 11 6 2 7 5 30 3 0 2 7 0 2 7 0 2 7 5 31 3 6 2 7 12 16 2 0 2 7 0 2 7 16 19 11 6 2 7 0 2 11 12 16 2 0 2 7 6 2 7 5 30 3 6 2 7 0 2 7 16 19 11 0 2 7 6 2 7 0 2 7 0 2 7 5 30 3 15 2 11 5 30 3 0 2 7 12 16 2 0 2 7 16 6 2 0 2 7 6 2 7 12 16 2 0 2 7 2 3 3 17 9 2 0 2 11 0 2 8 0 2 7 0 2 7 17 9 2 0 2 11 1 2 8 0 2 11 17 18 2 0 63.8815807104110718
16 19 12 5 30 3 5 30 3 12 16 2 0 2 8 5 30 3 5 30 3 5 30 3 5 30 3 8 18 2 16 6 2 12 16 2 16 6 2 5 30 3 1 2 8 8 18 2 12 16 2 0 2 7 5 30 3 0 2 3 16 6 2 12 16 2 0 2 3 0 2 3 1 2 8 16 19 12 0 2 8 1 2 7 16 19 12 1 2 8 1 2 8 1 2 7 0 2 7 0 2 11 0 2 7 17 9 2 0 2 7 8 9 2 8 18 2 1 2 8 0 2 3 0 2 3 0 2 8 0 2 7 8 18 2 0 2 3 0 2 8 0 2 11 0 2 3 0 2 3 0 2 11 0 2 11 0 2 3 0 2 7 0 2 7 0 2 8 0 2 8 0 2 3 0 2 8 0 2 3 0 66.1006299257278442
5 30 3 5 30 3 5 31 3 0 2 11 5 30 3 12 16 2 5 30 3 12 16 2 12 16 2 0 2 7 5 30 3 0 2 3 0 2 7 0 2 3 0 2 8 0 2 7 5 31 3 0 2 7 0 2 11 0 2 8 0 2 11 9 2 7 0 2 7 0 2 8 0 2 3 0 2 7 0 2 7 1 2 8 1 2 7 0 2 7 0 2 7 0 2 11 5 30 3 0 2 11 6 2 7 17 18 2 0 2 8 0 2 7 1 2 8 0 2 8 16 9 8 2 3 3 0 2 11 16 19 11 0 2 7 0 2 7 0 2 7 9 2 7 5 30 3 1 2 11 0 2 8 0 2 7 16 19 11 9 2 7 0 2 3 16 6 2 0 2 8 9 2 7 17 18 2 0 2 11 0 66.7099459767341614
5 30 3 5 30 3 8 9 2 8 9 2 5 30 3 13 6 3 8 18 2 0 2 8 16 19 12 6 2 8 6 2 8 8 9 2 6 2 8 6 2 8 5 30 3 0 2 8 8 18 2 8 18 2 5 30 3 16 15 2 8 9 2 8 18 2 8 9 2 0 2 8 8 9 2 16 19 12 8 9 2 5 30 3 8 9 2 6 2 8 8 9 2 6 2 8 0 2 8 0 2 8 6 2 8 0 2 8 0 2 8 13 6 3 16 19 12 16 15 2 0 2 8 16 19 12 5 30 3 0 2 8 0 2 8 6 2 8 6 2 8 13 6 3 6 2 8 16 19 12 0 2 8 6 2 8 0 2 8 6 3 2 5 30 3 8 9 2 16 19 12 0 2 8 5 30 3 0 2 8 0.0571757831086144933 65.853271484375
16 19 11 5 30 3 5 30 3 12 16 2 0 2 7 5 30 3 8 18 2 16 6 2 12 16 2 8 9 2 16 6 2 5 31 3 0 2 3 17 18 2 12 16 2 0 2 7 0 2 7 12 16 2 12 16 2 1 2 8 16 19 11 0 2 4 0 2 7 5 30 3 5 30 3 1 2 7 0 2 7 0 2 3 0 2 8 0 2 8 0 2 8 0 2 8 0 2 7 1 2 11 8 18 2 8 18 2 0 2 7 0 2 7 0 2 7 0 2 8 0 2 8 0 2 7 5 30 3 0 2 8 0 2 7 16 9 11 1 2 8 0 2 8 5 30 3 0 2 8 0 2 8 0 2 4 0 2 7 5 31 3 0 2 7 16 6 2 0 2 8 0 2 4 1 2 3 0 2 8 0.0100304161515579072 65.7422468066215515
16 19 11 5 30 3 0 2 1 1 2 7 0 2 7 5 30 3 12 16 2 0 2 7 1 2 11 5 30 3 5 30 3 8 18 2 16 6 2 12 16 2 1 2 11 5 30 3 17 18 2 6 2 7 0 2 7 17 18 2 12 16 2 0 2 7 8 18 2 0 2 11 1 2 11 1 2 7 1 2 7 12 16 2 0 2 7 16 20 12 0 2 11 13 6 3 17 9 2 0 2 11 0 2 4 8 9 2 1 2 7 0 2 7 0 2 7 0 2 7 17 18 2 5 30 3 0 2 7 0 2 7 1 2 7 0 2 7 5 31 3 0 2 7 0 2 7 0 2 7 5 30 3 0 2 7 0 2 11 1 2 7 0 2 7 0 2 7 0 2 7 0 2 7 0 2 7 0 2 11 0 63.0523473620414734

Current Evaluation = 7200(7200)
Front Size = 10
5 30 3 12 16 2 12 16 2 12 16 2 0 2 7 0 2 7 17 1 2 5 30 3 1 2 7 0 2 7 0 2 7 1 2 7 0 2 7 0 2 7 0 2 7 0 2 7 0 2 7 0 2 7 1 2 7 0 2 7 0 2 7 0 2 7 1 2 7 17 9 2 0 2 7 0 2 7 0 2 7 13 6 3 5 31 3 1 2 7 1 2 7 0 2 7 0 2 7 6 2 7 0 2 7 1 2 4 5 30 3 0 2 7 0 2 7 5 31 3 5 30 3 0 2 7 0 2 7 13 6 3 16 31 2 0 2 7 17 18 2 1 2 7 1 2 7 1 2 7 1 2 7 17 18 2 6 2 7 1 2 7 1 2 7 17 18 2 0 2 7 0 2 7 1 2 7 17 18 2 0 60.5340853929519653
5 30 3 5 31 3 5 31 3 5 30 3 12 16 2 0 2 7 0 2 11 0 2 7 0 2 7 0 2 11 0 2 7 13 6 3 6 2 7 6 2 11 6 2 7 5 30 3 0 2 7 0 2 7 0 2 7 5 31 3 6 2 7 12 16 2 0 2 7 0 2 7 16 19 11 6 2 7 0 2 11 12 16 2 0 2 7 6 2 7 5 30 3 6 2 7 0 2 7 16 19 11 0 2 7 6 2 7 0 2 7 0 2 7 5 30 3 15 2 11 5 30 3 0 2 7 12 16 2 0 2 7 16 6 2 0 2 7 6 2 7 12 16 2 0 2 7 2 3 3 17 9 2 0 2 11 0 2 8 0 2 7 0 2 7 17 9 2 0 2 11 1 2 8 0 2 11 17 18 2 0 63.8815807104110718
16 19 11 5 30 3 0 2 8 1 2 8 16 19 11 0 2 8 5 30 3 12 16 2 0 2 7 0 2 8 5 30 3 5 30 3 5 30 3 5 30 3 8 18 2 16 19 12 16 6 2 0 2 8 12 16 2 0 2 8 8 9 2 0 2 8 16 6 2 0 2 8 5 31 3 0 2 8 0 2 8 0 2 8 8 18 2 8 18 2 0 2 8 0 2 3 17 18 2 0 2 8 0 2 8 0 2 8 12 16 2 0 2 7 0 2 8 8 18 2 5 30 3 0 2 8 0 2 8 1 2 8 1 2 8 0 2 8 5 30 3 0 2 8 0 2 8 1 2 8 0 2 8 0 2 8 6 2 8 0 2 7 16 6 2 0 2 8 0 2 8 12 16 2 0 2 11 0 2 8 0 67.9589498043060303
5 30 3 5 30 3 8 9 2 8 9 2 5 30 3 13 6 3 8 18 2 0 2 8 16 19 12 6 2 8 6 2 8 8 9 2 6 2 8 6 2 8 5 30 3 0 2 8 8 18 2 8 18 2 5 30 3 16 15 2 8 9 2 8 18 2 8 9 2 0 2 8 8 9 2 16 19 12 8 9 2 5 30 3 8 9 2 6 2 8 8 9 2 6 2 8 0 2 8 0 2 8 6 2 8 0 2 8 0 2 8 13 6 3 16 19 12 16 15 2 0 2 8 16 19 12 5 30 3 0 2 8 0 2 8 6 2 8 6 2 8 13 6 3 6 2 8 16 19 12 0 2 8 6 2 8 0 2 8 6 3 2 5 30 3 8 9 2 16 19 12 0 2 8 5 30 3 0 2 8 0.0571757831086144933 65.853271484375
5 30 3 12 16 2 5 30 3 5 30 3 16 6 2 12 16 2 0 2 7 12 16 2 0 2 7 0 2 7 8 9 2 12 16 2 0 2 7 1 2 7 0 2 7 0 2 7 0 2 7 8 18 2 17 9 2 1 2 7 16 6 2 0 2 8 0 2 8 17 18 2 1 2 4 0 2 11 1 2 8 5 30 3 0 2 11 1 2 8 0 2 8 0 2 7 0 2 8 1 2 8 0 2 3 0 2 7 5 31 3 0 2 7 5 30 3 0 2 7 0 2 3 12 16 2 16 9 11 8 18 2 1 2 4 0 2 7 1 2 7 1 2 8 0 2 7 16 19 12 0 2 7 0 2 4 8 18 2 0 2 7 1 2 7 16 19 12 0 2 8 0 2 7 1 2 7 0 2 7 9.26020379287026239e-05 64.1059176325798035
5 31 3 5 30 3 12 16 2 5 31 3 0 2 7 17 18 2 0 2 7 12 16 2 17 9 2 5 30 3 12 16 2 0 2 7 0 2 4 8 9 2 12 16 2 0 2 7 0 2 7 0 2 7 1 2 7 16 19 11 1 2 4 0 2 7 1 2 7 0 2 7 0 2 7 8 18 2 1 2 7 1 2 7 0 2 7 12 16 2 0 2 4 1 2 4 1 2 7 0 2 7 0 2 7 1 2 3 0 2 7 1 2 7 0 2 7 6 2 4 16 6 2 0 2 7 0 2 7 1 2 4 0 2 7 1 2 7 0 2 4 5 30 3 0 2 11 17 18 2 0 2 11 0 2 4 16 19 12 17 18 2 1 2 3 0 2 4 13 6 3 0 2 7 1 2 7 0 2 7 0 61.926658570766449
5 30 3 0 2 7 5 30 3 5 30 3 1 2 7 12 16 2 0 2 3 12 16 2 0 2 7 0 2 7 17 9 2 12 16 2 0 2 7 0 2 7 0 2 7 0 2 7 0 2 7 8 18 2 17 9 2 1 2 7 16 15 2 5 30 3 5 30 3 5 30 3 0 2 7 0 2 3 16 19 11 0 2 7 1 2 7 0 2 7 0 2 7 8 9 2 5 31 3 0 2 7 16 19 11 8 18 2 16 30 2 0 2 7 1 2 3 0 2 7 6 2 3 0 2 7 16 19 11 1 2 7 5 30 3 0 2 7 0 2 7 0 2 7 0 2 7 1 2 7 0 2 3 0 2 10 6 2 7 0 2 7 1 2 7 0 2 7 0 2 7 0 2 7 1 2 7 0 2 3 0 63.2636881470680237
16 19 12 5 30 3 5 30 3 12 16 2 0 2 8 5 30 3 5 30 3 5 30 3 5 30 3 8 18 2 16 6 2 12 16 2 16 6 2 5 30 3 1 2 8 8 18 2 12 16 2 0 2 7 5 30 3 0 2 3 16 6 2 12 16 2 0 2 3 0 2 3 1 2 8 16 19 12 0 2 8 1 2 7 16 19 12 1 2 8 1 2 8 1 2 7 0 2 7 0 2 11 0 2 7 17 9 2 0 2 7 8 9 2 8 18 2 1 2 8 0 2 3 0 2 3 0 2 8 0 2 7 8 18 2 0 2 3 0 2 8 0 2 11 0 2 3 0 2 3 0 2 11 0 2 11 0 2 3 0 2 7 0 2 7 0 2 8 0 2 8 0 2 3 0 2 8 0 2 3 0 66.1006299257278442
5 30 3 5 30 3 5 31 3 0 2 11 5 30 3 12 16 2 5 30 3 12 16 2 12 16 2 0 2 7 5 30 3 0 2 3 0 2 7 0 2 3 0 2 8 0 2 7 5 31 3 0 2 7 0 2 11 0 2 8 0 2 11 9 2 7 0 2 7 0 2 8 0 2 3 0 2 7 0 2 7 1 2 8 1 2 7 0 2 7 0 2 7 0 2 11 5 30 3 0 2 11 6 2 7 17 18 2 0 2 8 0 2 7 1 2 8 0 2 8 16 9 8 2 3 3 0 2 11 16 19 11 0 2 7 0 2 7 0 2 7 9 2 7 5 30 3 1 2 11 0 2 8 0 2 7 16 19 11 9 2 7 0 2 3 16 6 2 0 2 8 9 2 7 17 18 2 0 2 11 0 66.7099459767341614
5 30 3 5 30 3 5 31 3 5 30 3 12 16 2 12 16 2 12 16 2 0 2 7 0 2 7 0 2 7 5 31 3 0 2 7 0 2 7 0 2 7 0 2 7 1 2 7 0 2 7 0 2 7 17 18 2 0 2 7 16 19 11 0 2 7 0 2 7 0 2 7 0 2 7 16 6 2 0 2 11 5 31 3 1 2 4 0 2 3 1 2 7 0 2 8 0 2 11 0 2 7 0 2 11 1 2 7 0 2 8 0 2 3 0 2 7 16 9 11 1 2 7 0 2 11 6 2 7 0 2 8 1 2 8 0 2 8 0 2 7 0 2 7 0 2 7 0 2 7 5 30 3 0 2 7 0 2 7 1 2 7 8 9 2 0 2 7 0 2 8 1 2 7 1 2 7 16 20 12 0.000215769979003976452 63.9744819402694702

Current Evaluation = 8100(8100)
Front Size = 10
5 30 3 12 16 2 12 16 2 12 16 2 0 2 7 0 2 7 17 1 2 5 30 3 1 2 7 0 2 7 0 2 7 1 2 7 0 2 7 0 2 7 0 2 7 0 2 7 0 2 7 0 2 7 1 2 7 0 2 7 0 2 7 0 2 7 1 2 7 17 9 2 0 2 7 0 2 7 0 2 7 13 6 3 5 31 3 1 2 7 1 2 7 0 2 7 0 2 7 6 2 7 0 2 7 1 2 4 5 30 3 0 2 7 0 2 7 5 31 3 5 30 3 0 2 7 0 2 7 13 6 3 16 31 2 0 2 7 17 18 2 1 2 7 1 2 7 1 2 7 1 2 7 17 18 2 6 2 7 1 2 7 1 2 7 17 18 2 0 2 7 0 2 7 1 2 7 17 18 2 0 60.5340853929519653
5 30 3 0 2 7 5 30 3 1 2 7 0 2 7 1 2 3 12 16 2 0 2 7 0 2 7 0 2 7 0 2 3 0 2 7 1 2 7 0 2 7 0 2 7 1 2 7 0 2 4 1 2 7 0 2 7 0 2 7 1 2 7 0 2 3 8 9 2 0 2 3 16 6 2 12 16 2 16 6 2 8 9 2 16 19 11 5 30 3 0 2 7 1 2 7 1 2 3 0 2 3 5 30 3 0 2 7 0 2 3 16 19 11 0 2 4 16 19 11 5 30 3 1 2 3 0 2 3 0 2 3 0 2 3 0 2 7 0 2 3 0 2 11 0 2 3 16 19 11 0 2 3 5 30 3 0 2 3 5 30 3 0 2 7 5 30 3 0 2 7 0 2 3 17 18 2 0 2 3 0 64.2406202554702759
5 30 3 5 31 3 5 31 3 5 30 3 12 16 2 0 2 7 0 2 11 0 2 7 0 2 7 0 2 11 0 2 7 13 6 3 6 2 7 6 2 11 6 2 7 5 30 3 0 2 7 0 2 7 0 2 7 5 31 3 6 2 7 12 16 2 0 2 7 0 2 7 16 19 11 6 2 7 0 2 11 12 16 2 0 2 7 6 2 7 5 30 3 6 2 7 0 2 7 16 19 11 0 2 7 6 2 7 0 2 7 0 2 7 5 30 3 15 2 11 5 30 3 0 2 7 12 16 2 0 2 7 16 6 2 0 2 7 6 2 7 12 16 2 0 2 7 2 3 3 17 9 2 0 2 11 0 2 8 0 2 7 0 2 7 17 9 2 0 2 11 1 2 8 0 2 11 17 18 2 0 63.8815807104110718
5 30 3 12 16 2 12 16 2 0 2 7 0 2 7 5 30 3 1 2 4 0 2 7 1 2 7 1 2 7 0 2 7 0 2 7 0 2 4 0 2 7 0 2 7 1 2 3 1 2 7 1 2 7 0 2 7 0 2 7 17 9 2 5 30 3 1 2 3 0 2 7 1 2 7 5 30 3 5 30 3 8 18 2 0 2 7 1 2 7 1 2 4 1 2 7 0 2 7 0 2 7 17 1 2 0 2 7 0 2 4 17 9 2 0 2 4 16 19 11 0 2 4 0 2 7 0 2 3 0 2 7 0 2 4 16 31 2 5 30 3 1 2 7 0 2 7 0 2 7 1 2 3 17 9 2 0 2 11 0 2 7 1 2 3 17 18 2 0 2 7 0 2 7 1 2 3 8 18 2 0 61.8762425184249878
5 30 3 0 2 3 5 30 3 5 31 3 0 2 3 12 16 2 0 2 3 12 16 2 0 2 7 0 2 3 17 9 2 16 19 11 0 2 7 1 2 11 1 2 7 1 2 7 17 18 2 1 2 7 5 30 3 1 2 7 5 30 3 0 2 7 17 9 2 1 2 7 15 2 11 0 2 11 1 2 7 6 2 3 0 2 7 0 2 4 0 2 3 17 9 2 6 2 7 0 2 3 16 32 2 0 2 7 5 30 3 6 2 7 0 2 7 8 18 2 1 2 7 0 2 4 0 2 7 0 2 7 0 2 4 16 19 11 0 2 3 1 2 7 0 2 4 0 2 11 0 2 7 5 30 3 0 2 10 1 2 7 0 2 7 0 2 3 0 2 7 0 2 4 0 2 7 1 2 7 0 63.0813455581665039
5 30 3 5 30 3 8 9 2 8 9 2 5 30 3 13 6 3 8 18 2 0 2 8 16 19 12 6 2 8 6 2 8 8 9 2 6 2 8 6 2 8 5 30 3 0 2 8 8 18 2 8 18 2 5 30 3 16 15 2 8 9 2 8 18 2 8 9 2 0 2 8 8 9 2 16 19 12 8 9 2 5 30 3 8 9 2 6 2 8 8 9 2 6 2 8 0 2 8 0 2 8 6 2 8 0 2 8 0 2 8 13 6 3 16 19 12 16 15 2 0 2 8 16 19 12 5 30 3 0 2 8 0 2 8 6 2 8 6 2 8 13 6 3 6 2 8 16 19 12 0 2 8 6 2 8 0 2 8 6 3 2 5 30 3 8 9 2 16 19 12 0 2 8 5 30 3 0 2 8 0.0571757831086144933 65.853271484375
5 30 3 0 2 7 5 30 3 0 2 7 0 2 7 6 2 7 12 16 2 0 2 7 0 2 7 0 2 3 1 2 7 0 2 7 0 2 7 0 2 7 0 2 7 6 2 7 0 2 7 0 2 7 6 2 7 1 2 3 0 2 7 0 2 7 8 9 2 0 2 7 16 6 2 12 16 2 16 15 2 8 9 2 16 19 11 5 31 3 0 2 7 1 2 3 0 2 3 12 16 2 5 31 3 0 2 7 0 2 7 16 19 11 6 2 8 16 19 12 5 30 3 1 2 7 0 2 7 6 2 7 0 2 7 0 2 7 1 2 7 0 2 7 0 2 7 17 9 2 0 2 7 5 30 3 0 2 7 5 30 3 1 2 4 5 31 3 0 2 3 0 2 3 17 18 2 0 2 7 0 63.3982974290847778
5 30 3 0 2 3 5 30 3 5 31 3 0 2 7 0 2 3 0 2 3 12 16 2 1 2 7 1 2 7 16 9 11 0 2 7 0 2 7 1 2 7 17 18 2 1 2 3 5 31 3 0 2 3 1 2 7 0 2 7 0 2 3 1 2 7 1 2 3 0 2 7 1 2 7 0 2 3 16 9 11 1 2 7 0 2 3 16 9 11 1 2 4 0 2 3 0 2 7 0 2 3 0 2 7 1 2 7 0 2 7 0 2 7 0 2 3 1 2 3 5 31 3 1 2 7 0 2 7 0 2 7 17 9 2 0 2 3 16 6 2 1 2 7 0 2 7 1 2 7 0 2 3 0 2 7 0 2 7 12 16 2 0 2 7 0 2 7 1 2 3 16 6 2 1 2 7 0 2 7 0 62.6730487942695618
5 30 3 5 30 3 5 30 3 12 16 2 0 2 7 0 2 4 1 2 7 0 2 7 0 2 7 1 2 3 5 30 3 0 2 7 1 2 4 1 2 7 5 30 3 0 2 7 12 16 2 0 2 3 1 2 3 0 2 7 1 2 4 0 2 7 0 2 7 0 2 7 0 2 3 0 2 7 0 2 7 1 2 4 0 2 3 17 9 2 1 2 7 8 9 2 1 2 7 5 30 3 16 19 11 17 18 2 16 19 12 8 9 2 0 2 7 0 2 7 12 16 2 13 6 3 17 9 2 0 2 7 12 16 2 0 2 7 13 6 3 1 2 4 1 2 7 16 6 2 0 2 7 0 2 7 17 9 2 0 2 3 1 2 7 0 2 3 0 2 3 1 2 7 0 2 7 0 2 3 0 62.0818133354187012
5 31 3 5 30 3 5 30 3 12 16 2 12 16 2 0 2 4 17 18 2 5 30 3 5 31 3 1 2 7 1 2 3 0 2 7 1 2 7 0 2 7 0 2 7 6 2 3 0 2 7 0 2 7 0 2 7 0 2 7 0 2 7 0 2 7 0 2 7 1 2 3 0 2 7 0 2 7 0 2 7 0 2 7 6 2 7 1 2 7 1 2 3 0 2 7 5 31 3 1 2 7 1 2 3 0 2 7 17 9 2 12 16 2 1 2 7 0 2 7 0 2 7 12 16 2 1 2 4 1 2 7 13 6 3 16 30 2 17 9 2 6 2 4 16 18 11 16 9 11 0 2 7 0 2 4 0 2 7 12 16 2 0 2 7 2 3 3 0 2 7 12 16 2 0 2 3 0 2 4 0 62.5069955587387085

Current Evaluation = 9000(9000)
Front Size = 10
5 30 3 0 2 7 5 30 3 0 2 7 1 2 7 1 2 7 12 16 2 0 2 7 13 6 3 0 2 7 17 18 2 0 2 7 1 2 7 1 2 7 17 18 2 0 2 7 0 2 7 0 2 7 0 2 7 1 2 7 1 2 7 0 2 7 17 9 2 0 2 7 12 16 2 1 2 7 1 2 7 1 2 11 5 31 3 0 2 7 0 2 7 0 2 7 5 30 3 0 2 7 1 2 7 0 2 7 1 2 7 5 31 3 1 2 7 1 2 7 16 24 2 13 6 3 0 2 7 12 16 2 1 2 7 1 2 7 13 6 3 0 2 7 0 2 7 0 2 7 0 2 4 0 2 7 0 2 7 0 2 7 1 2 11 17 18 2 17 9 2 1 2 7 17 18 2 0 2 7 0 60.2765423059463501
1 2 1 12 16 2 1 2 7 0 2 7 1 2 4 5 30 3 1 2 7 0 2 7 1 2 11 0 2 7 1 2 7 0 2 7 1 2 7 0 2 7 0 2 7 1 2 7 12 16 2 0 2 7 17 9 2 1 2 4 0 2 7 5 31 3 0 2 7 0 2 7 17 9 2 0 2 7 0 2 4 0 2 7 0 2 11 1 2 7 0 2 7 1 2 7 0 2 7 0 2 7 0 2 7 1 2 7 17 18 2 5 30 3 5 30 3 1 2 7 16 6 2 17 9 2 5 30 3 1 2 4 0 2 7 0 2 7 0 2 7 13 6 3 13 6 3 13 6 3 0 2 11 12 16 2 12 16 2 0 2 7 1 2 7 0 2 7 0 2 7 17 9 2 17 9 2 8 18 2 0 60.7111834287643433
5 30 3 12 16 2 1 2 7 0 2 4 1 2 7 5 30 3 1 2 7 0 2 7 1 2 7 17 18 2 0 2 3 0 2 4 0 2 3 0 2 7 0 2 3 0 2 4 0 2 4 0 2 7 0 2 4 0 2 7 5 31 3 1 2 7 0 2 7 17 9 2 1 2 7 0 2 7 0 2 4 0 2 3 0 2 7 0 2 7 0 2 7 0 2 7 1 2 7 0 2 7 17 18 2 1 2 7 5 30 3 8 18 2 17 9 2 16 30 2 5 30 3 1 2 7 1 2 7 1 2 7 1 2 7 1 2 7 1 2 7 1 2 7 0 2 7 0 2 7 0 2 3 0 2 3 16 15 2 5 31 3 0 2 7 1 2 7 0 2 7 0 2 7 16 30 2 8 18 2 0 61.358589768409729
1 2 7 0 2 4 1 2 7 0 2 7 12 16 2 1 2 4 0 2 7 16 19 11 0 2 7 1 2 7 17 18 2 0 2 7 6 2 7 0 2 4 0 2 7 5 31 3 0 2 4 1 2 7 0 2 7 1 2 4 0 2 7 0 2 7 1 2 4 0 2 7 17 9 2 0 2 4 12 16 2 17 9 2 0 2 7 1 2 7 5 31 3 16 20 12 1 2 7 5 31 3 0 2 7 0 2 7 0 2 7 0 2 3 0 2 7 0 2 7 5 30 3 1 2 7 6 2 7 1 2 7 1 2 7 0 2 7 0 2 7 0 2 7 16 30 2 5 31 3 0 2 7 0 2 7 0 2 7 0 2 7 5 31 3 1 2 7 0 2 7 1 2 7 1 2 7 17 9 2 0 61.4142657518386841
5 31 3 1 2 7 5 31 3 0 2 7 0 2 3 0 2 7 6 2 11 12 16 2 0 2 7 1 2 3 0 2 7 0 2 7 1 2 3 17 18 2 6 2 7 0 2 7 0 2 3 0 2 7 0 2 7 16 6 2 1 2 3 0 2 4 1 2 7 0 2 7 6 2 3 0 2 7 0 2 4 0 2 4 0 2 7 6 2 7 0 2 7 1 2 7 0 2 3 17 9 2 16 6 2 0 2 7 12 16 2 17 9 2 0 2 7 5 31 3 5 31 3 1 2 7 5 30 3 1 2 11 16 19 11 1 2 7 1 2 11 0 2 4 0 2 4 5 30 3 0 2 7 0 2 3 0 2 7 0 2 7 1 2 3 0 2 7 0 2 4 16 6 2 1 2 3 0 2 4 0 62.2744846343994141
5 30 3 5 31 3 5 31 3 5 30 3 12 16 2 0 2 7 0 2 11 0 2 7 0 2 7 0 2 11 0 2 7 13 6 3 6 2 7 6 2 11 6 2 7 5 30 3 0 2 7 0 2 7 0 2 7 5 31 3 6 2 7 12 16 2 0 2 7 0 2 7 16 19 11 6 2 7 0 2 11 12 16 2 0 2 7 6 2 7 5 30 3 6 2 7 0 2 7 16 19 11 0 2 7 6 2 7 0 2 7 0 2 7 5 30 3 15 2 11 5 30 3 0 2 7 12 16 2 0 2 7 16 6 2 0 2 7 6 2 7 12 16 2 0 2 7 2 3 3 17 9 2 0 2 11 0 2 8 0 2 7 0 2 7 17 9 2 0 2 11 1 2 8 0 2 11 17 18 2 0 63.8815807104110718
5 31 3 0 2 7 5 30 3 1 2 7 1 2 7 1 2 11 12 16 2 0 2 7 0 2 7 8 18 2 0 2 7 1 2 7 1 2 7 0 2 7 0 2 3 0 2 7 0 2 7 1 2 7 0 2 7 0 2 11 17 9 2 0 2 7 1 2 7 1 2 7 1 2 7 5 30 3 6 2 7 5 31 3 1 2 3 5 30 3 0 2 7 0 2 3 0 2 7 1 2 7 5 30 3 0 2 7 0 2 7 0 2 7 0 2 7 0 2 7 0 2 7 0 2 3 0 2 4 1 2 7 8 9 2 1 2 7 16 15 2 0 2 7 16 6 2 0 2 3 0 2 7 17 18 2 13 6 3 12 16 2 16 6 2 6 2 7 0 2 7 17 18 2 0 2 7 17 9 2 0 61.4372885227203369
5 30 3 0 2 7 5 30 3 5 31 3 0 2 4 12 16 2 13 6 3 12 16 2 0 2 4 0 2 7 17 9 2 16 19 11 0 2 7 1 2 4 1 2 7 1 2 7 8 18 2 1 2 3 5 30 3 1 2 7 5 30 3 1 2 7 17 9 2 0 2 7 0 2 3 0 2 7 1 2 3 0 2 7 0 2 7 1 2 3 0 2 7 17 9 2 0 2 3 0 2 7 16 30 2 0 2 7 1 2 4 1 2 3 0 2 7 17 18 2 1 2 7 0 2 3 1 2 3 0 2 7 0 2 7 16 19 11 0 2 7 1 2 4 0 2 7 0 2 3 0 2 7 5 30 3 0 2 4 0 2 7 0 2 7 0 2 7 1 2 4 0 2 3 0 2 7 1 2 7 0 62.0655535459518433
5 30 3 0 2 3 5 30 3 5 31 3 0 2 3 12 16 2 0 2 3 12 16 2 0 2 7 0 2 3 17 9 2 16 19 11 0 2 7 1 2 11 1 2 7 1 2 7 17 18 2 1 2 7 5 30 3 1 2 7 5 30 3 0 2 7 17 9 2 1 2 7 15 2 11 0 2 11 1 2 7 6 2 3 0 2 7 0 2 4 0 2 3 17 9 2 6 2 7 0 2 3 16 32 2 0 2 7 5 30 3 6 2 7 0 2 7 8 18 2 1 2 7 0 2 4 0 2 7 0 2 7 0 2 4 16 19 11 0 2 3 1 2 7 0 2 4 0 2 11 0 2 7 5 30 3 0 2 10 1 2 7 0 2 7 0 2 3 0 2 7 0 2 4 0 2 7 1 2 7 0 63.0813455581665039
5 31 3 0 2 7 5 30 3 0 2 7 0 2 3 12 16 2 0 2 3 0 2 7 0 2 7 1 2 7 1 2 7 0 2 7 0 2 7 1 2 7 0 2 7 0 2 7 0 2 7 0 2 7 12 16 2 5 31 3 0 2 7 0 2 7 5 30 3 0 2 7 0 2 7 0 2 7 0 2 3 1 2 7 0 2 7 16 6 2 0 2 7 1 2 11 1 2 3 0 2 7 16 6 2 16 6 2 0 2 3 16 19 11 6 2 7 6 2 7 0 2 3 16 19 11 0 2 11 0 2 3 5 30 3 0 2 7 0 2 7 0 2 7 0 2 7 0 2 7 0 2 7 0 2 7 16 19 11 0 2 11 5 31 3 8 9 2 5 30 3 5 30 3 5 30 3 17 18 2 0 63.5753352642059326

Current Evaluation = 9900(9900)
Front Size = 10
5 30 3 0 2 7 5 30 3 0 2 7 1 2 7 1 2 7 12 16 2 0 2 7 13 6 3 0 2 7 17 18 2 0 2 7 1 2 7 1 2 7 17 18 2 0 2 7 0 2 7 0 2 7 0 2 7 1 2 7 1 2 7 0 2 7 17 9 2 0 2 7 12 16 2 1 2 7 1 2 7 1 2 11 5 31 3 0 2 7 0 2 7 0 2 7 5 30 3 0 2 7 1 2 7 0 2 7 1 2 7 5 31 3 1 2 7 1 2 7 16 24 2 13 6 3 0 2 7 12 16 2 1 2 7 1 2 7 13 6 3 0 2 7 0 2 7 0 2 7 0 2 4 0 2 7 0 2 7 0 2 7 1 2 11 17 18 2 17 9 2 1 2 7 17 18 2 0 2 7 0 60.2765423059463501
5 30 3 5 31 3 5 31 3 5 30 3 12 16 2 0 2 7 0 2 11 0 2 7 0 2 7 0 2 11 0 2 7 13 6 3 6 2 7 6 2 11 6 2 7 5 30 3 0 2 7 0 2 7 0 2 7 5 31 3 6 2 7 12 16 2 0 2 7 0 2 7 16 19 11 6 2 7 0 2 11 12 16 2 0 2 7 6 2 7 5 30 3 6 2 7 0 2 7 16 19 11 0 2 7 6 2 7 0 2 7 0 2 7 5 30 3 15 2 11 5 30 3 0 2 7 12 16 2 0 2 7 16 6 2 0 2 7 6 2 7 12 16 2 0 2 7 2 3 3 17 9 2 0 2 11 0 2 8 0 2 7 0 2 7 17 9 2 0 2 11 1 2 8 0 2 11 17 18 2 0 63.8815807104110718
5 31 3 12 16 2 0 2 7 0 2 7 1 2 7 5 30 3 1 2 7 0 2 7 1 2 4 17 18 2 0 2 3 1 2 11 1 2 7 1 2 7 0 2 7 0 2 7 0 2 7 5 31 3 0 2 4 0 2 7 17 9 2 6 2 7 0 2 7 0 2 7 0 2 7 0 2 7 0 2 4 6 2 4 0 2 7 1 2 7 5 31 3 17 18 2 17 9 2 5 30 3 1 2 7 0 2 7 0 2 7 0 2 4 5 31 3 0 2 7 0 2 7 1 2 7 0 2 4 0 2 7 1 2 7 0 2 7 0 2 7 17 18 2 0 2 7 1 2 4 1 2 7 1 2 7 12 16 2 13 6 3 16 6 2 0 2 4 0 2 7 1 2 4 16 6 2 1 2 7 0 60.7916876077651978
5 30 3 12 16 2 1 2 7 0 2 4 1 2 7 5 30 3 1 2 7 0 2 7 1 2 7 17 18 2 0 2 3 0 2 4 0 2 3 0 2 7 0 2 3 0 2 4 0 2 4 0 2 7 0 2 4 0 2 7 5 31 3 1 2 7 0 2 7 17 9 2 1 2 7 0 2 7 0 2 4 0 2 3 0 2 7 0 2 7 0 2 7 0 2 7 1 2 7 0 2 7 17 18 2 1 2 7 5 30 3 8 18 2 17 9 2 16 30 2 5 30 3 1 2 7 1 2 7 1 2 7 1 2 7 1 2 7 1 2 7 1 2 7 0 2 7 0 2 7 0 2 3 0 2 3 16 15 2 5 31 3 0 2 7 1 2 7 0 2 7 0 2 7 16 30 2 8 18 2 0 61.358589768409729
5 30 3 12 16 2 0 2 7 0 2 4 0 2 7 5 30 3 16 19 11 0 2 7 17 18 2 0 2 7 0 2 7 1 2 7 1 2 7 0 2 7 6 2 7 0 2 7 0 2 10 0 2 7 17 9 2 0 2 7 0 2 7 0 2 7 0 2 7 1 2 7 1 2 7 0 2 7 0 2 7 8 9 2 5 31 3 0 2 7 0 2 7 0 2 7 0 2 7 0 2 7 1 2 7 0 2 7 12 16 2 16 6 2 0 2 7 5 31 3 1 2 7 17 18 2 17 1 2 1 2 7 0 2 7 5 31 3 5 30 3 0 2 7 0 2 7 6 2 7 0 2 7 16 19 11 0 2 7 5 30 3 5 30 3 6 2 7 0 2 7 1 2 3 0 2 7 1 2 4 0 62.297204315662384
5 30 3 0 2 7 5 30 3 0 2 7 1 2 7 1 2 7 12 16 2 0 2 7 0 2 7 17 18 2 0 2 7 1 2 7 1 2 7 8 18 2 0 2 7 1 2 11 0 2 7 0 2 7 0 2 7 6 2 7 0 2 3 17 9 2 0 2 3 1 2 7 1 2 7 5 31 3 0 2 3 0 2 7 0 2 7 5 30 3 0 2 7 1 2 11 0 2 7 0 2 7 5 31 3 1 2 7 1 2 3 1 2 7 1 2 7 1 2 3 17 9 2 1 2 7 13 6 3 12 16 2 0 2 11 16 6 2 13 6 3 0 2 3 12 16 2 16 6 2 0 2 3 1 2 7 0 2 7 0 2 7 0 2 7 16 6 2 0 2 3 0 2 7 17 18 2 0 2 7 0 61.2090144753456116
1 2 7 12 16 2 1 2 7 0 2 7 0 2 7 5 30 3 1 2 7 0 2 4 1 2 4 0 2 7 8 9 2 0 2 7 1 2 7 0 2 7 1 2 7 1 2 7 12 16 2 0 2 7 17 9 2 1 2 7 1 2 7 5 30 3 0 2 7 0 2 7 17 9 2 0 2 7 0 2 7 0 2 7 0 2 7 0 2 7 0 2 7 1 2 3 0 2 7 0 2 7 0 2 7 1 2 7 17 18 2 5 30 3 5 30 3 1 2 7 16 15 2 17 9 2 5 30 3 0 2 7 0 2 7 0 2 7 1 2 7 13 6 3 13 6 3 13 6 3 1 2 7 12 16 2 12 16 2 1 2 7 0 2 7 0 2 4 0 2 4 17 9 2 17 9 2 8 18 2 0 60.4130972623825073
5 30 3 0 2 3 5 30 3 5 31 3 0 2 3 12 16 2 0 2 3 12 16 2 0 2 7 0 2 3 17 9 2 16 19 11 0 2 7 1 2 11 1 2 7 1 2 7 17 18 2 1 2 7 5 30 3 1 2 7 5 30 3 0 2 7 17 9 2 1 2 7 15 2 11 0 2 11 1 2 7 6 2 3 0 2 7 0 2 4 0 2 3 17 9 2 6 2 7 0 2 3 16 32 2 0 2 7 5 30 3 6 2 7 0 2 7 8 18 2 1 2 7 0 2 4 0 2 7 0 2 7 0 2 4 16 19 11 0 2 3 1 2 7 0 2 4 0 2 11 0 2 7 5 30 3 0 2 10 1 2 7 0 2 7 0 2 3 0 2 7 0 2 4 0 2 7 1 2 7 0 63.0813455581665039
1 2 7 0 2 7 0 2 11 0 2 7 12 16 2 0 2 7 1 2 11 0 2 7 1 2 7 17 9 2 0 2 4 0 2 7 0 2 7 0 2 7 0 2 7 1 2 7 1 2 7 0 2 4 1 2 7 0 2 4 0 2 7 6 2 7 1 2 7 0 2 7 0 2 7 12 16 2 5 31 3 5 30 3 6 2 4 5 30 3 0 2 7 17 9 2 5 31 3 0 2 4 0 2 7 0 2 7 0 2 7 0 2 7 0 2 7 1 2 7 17 18 2 0 2 7 8 18 2 5 30 3 12 16 2 1 2 7 12 16 2 16 19 11 17 18 2 0 2 7 17 9 2 0 2 7 16 6 2 0 2 7 5 30 3 13 6 3 12 16 2 13 6 3 5 30 3 1 2 7 0 61.7144381999969482
5 30 3 0 2 3 5 30 3 0 2 3 0 2 7 12 16 2 0 2 3 0 2 3 0 2 7 0 2 3 0 2 7 0 2 1 1 2 7 1 2 3 0 2 7 0 2 3 0 2 7 0 2 7 12 16 2 5 30 3 16 19 11 0 2 7 5 30 3 0 2 7 0 2 7 0 2 7 0 2 3 1 2 4 0 2 7 16 6 2 0 2 7 1 2 7 6 2 4 1 2 7 0 2 7 16 31 2 6 2 7 16 9 11 5 31 3 1 2 3 5 30 3 17 18 2 0 2 7 16 19 11 1 2 11 17 9 2 0 2 3 1 2 7 0 2 7 0 2 7 8 9 2 0 2 7 1 2 3 0 2 7 0 2 7 0 2 7 0 2 7 5 30 3 1 2 7 5 30 3 0 63.4317863583564758

Current Evaluation = 10800(10800)
Front Size = 10
1 2 7 0 2 3 0 2 7 12 16 2 0 2 7 0 2 7 1 2 11 17 9 2 1 2 7 1 2 7 0 2 3 1 2 7 0 2 7 0 2 7 1 2 7 0 2 7 0 2 7 0 2 7 12 16 2 5 31 3 1 2 7 17 9 2 0 2 7 0 2 7 0 2 4 0 2 7 0 2 7 1 2 7 17 18 2 17 18 2 5 30 3 12 16 2 1 2 7 0 2 7 5 31 3 13 6 3 13 6 3 1 2 7 1 2 7 0 2 7 1 2 7 1 2 4 13 6 3 1 2 7 1 2 7 0 2 7 0 2 7 0 2 7 0 2 7 0 2 7 0 2 7 1 2 7 0 2 7 17 9 2 1 2 4 5 30 3 0 2 7 17 18 2 1 2 3 16 6 2 0 60.1339124441146851
5 30 3 12 16 2 1 2 7 0 2 4 1 2 7 5 30 3 1 2 7 0 2 7 1 2 7 17 18 2 0 2 3 0 2 4 0 2 3 0 2 7 0 2 3 0 2 4 0 2 4 0 2 7 0 2 4 0 2 7 5 31 3 1 2 7 0 2 7 17 9 2 1 2 7 0 2 7 0 2 4 0 2 3 0 2 7 0 2 7 0 2 7 0 2 7 1 2 7 0 2 7 17 18 2 1 2 7 5 30 3 8 18 2 17 9 2 16 30 2 5 30 3 1 2 7 1 2 7 1 2 7 1 2 7 1 2 7 1 2 7 1 2 7 0 2 7 0 2 7 0 2 3 0 2 3 16 15 2 5 31 3 0 2 7 1 2 7 0 2 7 0 2 7 16 30 2 8 18 2 0 61.358589768409729
5 31 3 12 16 2 0 2 7 0 2 7 1 2 7 5 30 3 1 2 7 1 2 4 1 2 4 17 18 2 0 2 7 1 2 7 1 2 7 6 2 7 0 2 7 0 2 7 0 2 7 5 31 3 0 2 4 0 2 7 17 9 2 1 2 7 0 2 7 0 2 7 0 2 7 0 2 7 0 2 4 6 2 7 0 2 7 1 2 7 5 31 3 17 18 2 17 9 2 5 30 3 1 2 7 0 2 7 0 2 7 0 2 7 5 31 3 0 2 7 0 2 7 1 2 7 0 2 4 0 2 7 1 2 7 0 2 7 0 2 7 17 18 2 0 2 7 1 2 4 0 2 7 1 2 11 12 16 2 13 6 3 16 6 2 0 2 4 0 2 7 1 2 4 16 30 2 1 2 7 0 60.676310658454895
5 30 3 0 2 3 5 30 3 5 31 3 0 2 3 12 16 2 0 2 3 12 16 2 0 2 7 0 2 3 17 9 2 16 19 11 0 2 7 1 2 11 1 2 7 1 2 7 17 18 2 1 2 7 5 30 3 1 2 7 5 30 3 0 2 7 17 9 2 1 2 7 15 2 11 0 2 11 1 2 7 6 2 3 0 2 7 0 2 4 0 2 3 17 9 2 6 2 7 0 2 3 16 32 2 0 2 7 5 30 3 6 2 7 0 2 7 8 18 2 1 2 7 0 2 4 0 2 7 0 2 7 0 2 4 16 19 11 0 2 3 1 2 7 0 2 4 0 2 11 0 2 7 5 30 3 0 2 10 1 2 7 0 2 7 0 2 3 0 2 7 0 2 4 0 2 7 1 2 7 0 63.0813455581665039
5 30 3 5 31 3 5 31 3 5 30 3 12 16 2 0 2 7 0 2 11 0 2 7 0 2 7 0 2 11 0 2 7 13 6 3 6 2 7 6 2 11 6 2 7 5 30 3 0 2 7 0 2 7 0 2 7 5 31 3 6 2 7 12 16 2 0 2 7 0 2 7 16 19 11 6 2 7 0 2 11 12 16 2 0 2 7 6 2 7 5 30 3 6 2 7 0 2 7 16 19 11 0 2 7 6 2 7 0 2 7 0 2 7 5 30 3 15 2 11 5 30 3 0 2 7 12 16 2 0 2 7 16 6 2 0 2 7 6 2 7 12 16 2 0 2 7 2 3 3 17 9 2 0 2 11 0 2 8 0 2 7 0 2 7 17 9 2 0 2 11 1 2 8 0 2 11 17 18 2 0 63.8815807104110718
5 30 3 0 2 7 1 2 7 0 2 7 0 2 7 5 31 3 0 2 7 0 2 7 1 2 7 17 18 2 0 2 3 0 2 7 0 2 7 1 2 7 5 30 3 0 2 4 1 2 7 8 9 2 1 2 7 0 2 7 0 2 7 0 2 7 0 2 7 1 2 7 0 2 7 0 2 7 17 18 2 1 2 7 5 30 3 17 9 2 16 6 2 0 2 7 0 2 7 1 2 7 1 2 7 6 2 7 0 2 7 1 2 7 0 2 4 1 2 7 5 31 3 0 2 7 1 2 7 0 2 7 0 2 7 0 2 7 0 2 4 1 2 7 0 2 7 0 2 7 0 2 7 1 2 7 1 2 7 5 30 3 8 18 2 12 16 2 13 6 3 16 15 2 17 18 2 17 18 2 0 60.8072364926338196
5 30 3 0 2 3 5 30 3 0 2 3 0 2 7 12 16 2 0 2 3 0 2 3 0 2 7 0 2 3 0 2 7 0 2 1 1 2 7 1 2 3 0 2 7 0 2 3 0 2 7 0 2 7 12 16 2 5 30 3 16 19 11 0 2 7 5 30 3 0 2 7 0 2 7 0 2 7 0 2 3 1 2 4 0 2 7 16 6 2 0 2 7 1 2 7 6 2 4 1 2 7 0 2 7 16 31 2 6 2 7 16 9 11 5 31 3 1 2 3 5 30 3 17 18 2 0 2 7 16 19 11 1 2 11 17 9 2 0 2 3 1 2 7 0 2 7 0 2 7 8 9 2 0 2 7 1 2 3 0 2 7 0 2 7 0 2 7 0 2 7 5 30 3 1 2 7 5 30 3 0 63.4317863583564758
5 30 3 12 16 2 0 2 7 0 2 4 1 2 4 5 30 3 1 2 7 1 2 7 17 18 2 0 2 3 0 2 7 0 2 7 1 2 4 1 2 4 1 2 4 5 31 3 0 2 7 15 2 11 17 9 2 0 2 7 0 2 7 0 2 3 0 2 7 0 2 7 0 2 7 1 2 7 17 18 2 17 9 2 5 30 3 1 2 7 0 2 7 0 2 7 0 2 3 0 2 7 0 2 4 1 2 4 6 2 7 1 2 7 1 2 3 1 2 4 5 31 3 1 2 3 0 2 4 0 2 7 1 2 7 0 2 4 0 2 7 0 2 7 0 2 7 0 2 7 16 6 2 17 18 2 1 2 7 1 2 4 0 2 3 0 2 7 0 2 7 0 2 7 8 18 2 16 15 2 0 61.2752247452735901
1 2 7 0 2 4 0 2 7 12 16 2 0 2 7 0 2 7 1 2 7 17 9 2 1 2 7 0 2 7 0 2 7 1 2 7 0 2 4 0 2 7 6 2 11 0 2 7 0 2 7 0 2 4 12 16 2 5 31 3 0 2 7 0 2 7 0 2 11 0 2 7 17 18 2 5 30 3 6 2 7 0 2 7 1 2 7 1 2 7 0 2 7 0 2 7 0 2 7 17 1 2 0 2 7 0 2 7 5 30 3 0 2 7 16 30 2 1 2 7 17 9 2 0 2 11 6 2 7 5 30 3 12 16 2 0 2 7 5 31 3 13 6 3 13 6 3 1 2 11 1 2 7 5 30 3 5 30 3 0 2 7 5 30 3 0 2 7 17 9 2 1 2 7 0 2 7 17 9 2 0 61.3614414930343628
5 31 3 1 2 7 1 2 7 0 2 7 1 2 7 5 31 3 16 18 11 0 2 7 1 2 3 17 18 2 0 2 7 0 2 4 1 2 7 1 2 7 5 30 3 0 2 7 0 2 7 0 2 7 0 2 7 0 2 7 0 2 7 0 2 7 0 2 7 1 2 7 5 30 3 17 9 2 1 2 7 1 2 7 1 2 7 0 2 7 0 2 7 1 2 7 5 30 3 8 18 2 12 16 2 1 2 7 16 19 11 0 2 7 8 18 2 17 1 2 0 2 7 0 2 7 0 2 7 0 2 7 5 30 3 0 2 7 5 30 3 0 2 7 0 2 7 0 2 7 0 2 7 0 2 7 0 2 7 0 2 7 0 2 7 1 2 7 0 2 3 16 6 2 17 18 2 12 16 2 0 62.031471312046051

Current Evaluation = 11700(11700)
Front Size = 10
5 31 3 12 16 2 0 2 7 0 2 7 1 2 7 5 31 3 1 2 7 0 2 7 17 18 2 0 2 7 0 2 7 0 2 7 1 2 7 0 2 7 1 2 7 5 31 3 1 2 4 1 2 7 17 9 2 0 2 7 0 2 7 1 2 7 0 2 7 1 2 7 17 18 2 17 9 2 5 30 3 1 2 7 0 2 7 0 2 7 0 2 3 0 2 7 1 2 7 1 2 7 0 2 7 0 2 7 1 2 4 0 2 7 0 2 7 0 2 7 16 6 2 17 18 2 1 2 7 0 2 7 0 2 7 0 2 7 1 2 4 1 2 4 13 6 3 0 2 7 17 18 2 12 16 2 1 2 7 1 2 4 1 2 7 0 2 7 0 2 7 0 2 4 1 2 7 13 6 3 0 60.0184326171875
5 30 3 12 16 2 0 2 4 0 2 7 0 2 7 5 31 3 1 2 4 1 2 7 17 18 2 0 2 7 0 2 7 5 31 3 6 2 7 17 9 2 0 2 4 1 2 7 0 2 4 0 2 7 0 2 4 1 2 3 17 9 2 5 30 3 0 2 7 1 2 7 0 2 7 0 2 7 0 2 7 1 2 7 5 31 3 0 2 3 0 2 4 0 2 4 0 2 7 0 2 3 0 2 7 0 2 7 0 2 4 16 6 2 1 2 7 0 2 7 0 2 7 0 2 4 17 18 2 17 18 2 1 2 4 17 9 2 0 2 7 0 2 7 0 2 3 1 2 7 1 2 7 1 2 7 1 2 4 1 2 4 1 2 7 1 2 7 1 2 7 1 2 7 13 6 3 1 2 7 0 60.579761803150177
5 30 3 12 16 2 1 2 3 0 2 3 1 2 7 1 2 7 0 2 7 17 18 2 0 2 7 1 2 7 0 2 7 0 2 7 0 2 7 0 2 7 0 2 3 8 9 2 1 2 7 0 2 7 0 2 7 1 2 3 8 9 2 5 30 3 0 2 7 0 2 7 1 2 7 1 2 7 0 2 7 0 2 7 5 30 3 0 2 7 5 30 3 1 2 3 0 2 7 5 30 3 5 30 3 12 16 2 5 31 3 0 2 3 0 2 3 0 2 7 1 2 3 0 2 3 1 2 3 0 2 3 16 19 11 0 2 7 0 2 7 16 6 2 16 30 2 13 6 3 1 2 7 16 19 11 0 2 7 0 2 7 0 2 7 0 2 7 16 6 2 17 9 2 0 2 7 12 16 2 0 62.5013213157653809
5 30 3 1 2 7 5 31 3 5 30 3 0 2 7 12 16 2 1 2 7 17 9 2 0 2 7 1 2 7 1 2 7 1 2 7 8 18 2 0 2 7 0 2 4 0 2 11 17 9 2 0 2 7 0 2 7 17 18 2 13 6 3 0 2 7 0 2 7 0 2 7 17 9 2 0 2 7 1 2 7 1 2 7 0 2 7 1 2 7 1 2 7 0 2 7 1 2 7 1 2 7 0 2 7 0 2 7 1 2 4 0 2 4 1 2 7 0 2 7 0 2 7 0 2 7 5 31 3 16 30 2 0 2 7 0 2 7 0 2 4 5 30 3 17 9 2 0 2 7 0 2 4 16 6 2 5 31 3 1 2 7 0 2 7 1 2 7 0 2 7 0 2 7 1 2 7 1 2 7 0 60.5889006853103638
5 30 3 12 16 2 0 2 7 0 2 7 1 2 3 1 2 7 1 2 7 17 18 2 0 2 7 0 2 7 0 2 7 0 2 3 0 2 7 0 2 7 1 2 7 1 2 4 5 30 3 1 2 7 17 18 2 0 2 7 0 2 7 0 2 7 6 2 7 0 2 3 1 2 7 0 2 3 17 18 2 12 16 2 0 2 7 13 6 3 5 31 3 1 2 7 1 2 7 0 2 7 17 18 2 0 2 7 0 2 7 1 2 3 0 2 7 0 2 7 1 2 3 0 2 3 1 2 7 1 2 3 1 2 7 0 2 7 0 2 3 0 2 7 17 18 2 5 30 3 16 6 2 1 2 7 0 2 7 0 2 3 13 6 3 8 18 2 0 2 3 16 15 2 1 2 7 1 2 7 0 60.9569216370582581
5 30 3 0 2 7 5 30 3 0 2 7 12 16 2 0 2 7 0 2 7 1 2 11 0 2 7 0 2 7 0 2 7 5 30 3 0 2 7 0 2 7 0 2 7 0 2 7 1 2 4 0 2 7 16 31 2 0 2 7 1 2 7 1 2 7 0 2 7 6 2 7 5 31 3 17 18 2 0 2 7 17 9 2 1 2 7 0 2 7 0 2 7 0 2 7 0 2 7 0 2 7 0 2 7 0 2 7 0 2 7 1 2 7 0 2 7 17 9 2 1 2 4 0 2 3 6 2 7 0 2 7 12 16 2 16 19 11 5 30 3 13 6 3 6 2 3 5 31 3 1 2 7 17 9 2 5 30 3 16 19 11 1 2 4 0 2 3 1 2 4 1 2 3 0 2 4 1 2 7 0 61.8719803094863892
5 30 3 12 16 2 0 2 7 0 2 7 0 2 7 1 2 7 1 2 7 17 18 2 0 2 7 0 2 4 0 2 7 1 2 7 0 2 7 1 2 7 1 2 4 17 9 2 6 2 7 0 2 7 0 2 7 1 2 7 17 9 2 0 2 7 0 2 11 0 2 7 6 2 7 6 2 7 1 2 7 0 2 11 0 2 7 0 2 7 13 6 3 0 2 7 12 16 2 0 2 7 13 6 3 5 31 3 0 2 7 17 18 2 0 2 7 0 2 7 16 32 2 0 2 4 1 2 7 0 2 7 17 18 2 1 2 7 5 31 3 1 2 7 1 2 7 5 30 3 0 2 7 6 2 7 0 2 4 1 2 4 0 2 4 17 18 2 5 31 3 5 30 3 5 30 3 12 16 2 0 61.0092927217483521
5 31 3 12 16 2 0 2 7 0 2 7 1 2 7 5 30 3 1 2 7 1 2 3 17 18 2 0 2 4 0 2 7 0 2 7 8 18 2 0 2 7 1 2 3 5 31 3 0 2 4 1 2 7 17 9 2 0 2 7 0 2 4 0 2 7 1 2 7 0 2 7 0 2 7 1 2 7 17 18 2 17 9 2 5 30 3 1 2 3 0 2 7 0 2 7 0 2 4 0 2 7 1 2 4 1 2 3 0 2 7 1 2 7 1 2 7 1 2 7 1 2 7 1 2 7 0 2 7 0 2 7 1 2 3 0 2 7 0 2 7 0 2 7 1 2 3 0 2 7 16 6 2 17 18 2 1 2 4 1 2 7 0 2 4 0 2 4 0 2 3 0 2 4 8 18 2 16 15 2 0 61.0801928043365479
5 30 3 12 16 2 1 2 7 0 2 4 1 2 7 5 30 3 1 2 7 0 2 7 1 2 7 17 18 2 0 2 3 0 2 4 0 2 3 0 2 7 0 2 3 0 2 4 0 2 4 0 2 7 0 2 4 0 2 7 5 31 3 1 2 7 0 2 7 17 9 2 1 2 7 0 2 7 0 2 4 0 2 3 0 2 7 0 2 7 0 2 7 0 2 7 1 2 7 0 2 7 17 18 2 1 2 7 5 30 3 8 18 2 17 9 2 16 30 2 5 30 3 1 2 7 1 2 7 1 2 7 1 2 7 1 2 7 1 2 7 1 2 7 0 2 7 0 2 7 0 2 3 0 2 3 16 15 2 5 31 3 0 2 7 1 2 7 0 2 7 0 2 7 16 30 2 8 18 2 0 61.358589768409729
5 30 3 12 16 2 0 2 7 0 2 4 1 2 4 5 30 3 1 2 7 1 2 7 17 18 2 0 2 3 0 2 7 0 2 7 1 2 4 1 2 4 1 2 4 5 31 3 0 2 7 15 2 11 17 9 2 0 2 7 0 2 7 0 2 3 0 2 7 0 2 7 0 2 7 1 2 7 17 18 2 17 9 2 5 30 3 1 2 7 0 2 7 0 2 7 0 2 3 0 2 7 0 2 4 1 2 4 6 2 7 1 2 7 1 2 3 1 2 4 5 31 3 1 2 3 0 2 4 0 2 7 1 2 7 0 2 4 0 2 7 0 2 7 0 2 7 0 2 7 16 6 2 17 18 2 1 2 7 1 2 4 0 2 3 0 2 7 0 2 7 0 2 7 8 18 2 16 15 2 0 61.2752247452735901

Current Evaluation = 12600(12600)
Front Size = 10
5 31 3 12 16 2 0 2 7 0 2 7 5 30 3 0 2 7 17 18 2 0 2 7 0 2 7 1 2 7 1 2 4 0 2 7 1 2 7 0 2 7 0 2 7 1 2 7 0 2 7 0 2 7 17 18 2 17 9 2 5 31 3 0 2 7 1 2 4 1 2 7 0 2 7 17 18 2 0 2 7 0 2 7 17 18 2 1 2 7 1 2 7 1 2 7 5 31 3 1 2 7 1 2 7 0 2 7 0 2 7 0 2 7 0 2 7 1 2 3 0 2 7 12 16 2 13 6 3 0 2 4 1 2 7 0 2 7 1 2 4 17 9 2 1 2 7 16 6 2 0 2 7 1 2 4 0 2 7 0 2 7 0 2 4 1 2 7 1 2 7 13 6 3 0 2 7 1 2 7 0 60.0184326171875
5 31 3 12 16 2 0 2 7 0 2 7 5 30 3 1 2 4 0 2 7 17 18 2 0 2 7 0 2 4 0 2 7 1 2 7 0 2 4 1 2 4 1 2 3 0 2 7 1 2 3 0 2 7 1 2 4 17 18 2 17 9 2 5 31 3 0 2 7 1 2 7 1 2 7 0 2 7 16 31 2 0 2 7 0 2 7 0 2 7 17 18 2 1 2 7 1 2 7 1 2 3 5 30 3 1 2 7 1 2 7 0 2 4 0 2 7 1 2 4 0 2 7 1 2 11 0 2 7 12 16 2 13 6 3 0 2 7 0 2 4 1 2 7 0 2 4 0 2 7 1 2 4 1 2 4 17 9 2 0 2 7 1 2 7 1 2 7 0 2 7 17 18 2 0 2 4 0 2 4 0 60.4342947006225586
5 30 3 1 2 7 5 31 3 5 30 3 0 2 7 12 16 2 1 2 7 17 9 2 0 2 7 1 2 7 1 2 7 1 2 7 8 18 2 0 2 7 0 2 4 0 2 11 17 9 2 0 2 7 0 2 7 17 18 2 13 6 3 0 2 7 0 2 7 0 2 7 17 9 2 0 2 7 1 2 7 1 2 7 0 2 7 1 2 7 1 2 7 0 2 7 1 2 7 1 2 7 0 2 7 0 2 7 1 2 4 0 2 4 1 2 7 0 2 7 0 2 7 0 2 7 5 31 3 16 30 2 0 2 7 0 2 7 0 2 4 5 30 3 17 9 2 0 2 7 0 2 4 16 6 2 5 31 3 1 2 7 0 2 7 1 2 7 0 2 7 0 2 7 1 2 7 1 2 7 0 60.5889006853103638
5 30 3 12 16 2 1 2 3 0 2 3 1 2 7 1 2 7 0 2 7 17 18 2 0 2 7 1 2 7 0 2 7 0 2 7 0 2 7 0 2 7 0 2 3 8 9 2 1 2 7 0 2 7 0 2 7 1 2 3 8 9 2 5 30 3 0 2 7 0 2 7 1 2 7 1 2 7 0 2 7 0 2 7 5 30 3 0 2 7 5 30 3 1 2 3 0 2 7 5 30 3 5 30 3 12 16 2 5 31 3 0 2 3 0 2 3 0 2 7 1 2 3 0 2 3 1 2 3 0 2 3 16 19 11 0 2 7 0 2 7 16 6 2 16 30 2 13 6 3 1 2 7 16 19 11 0 2 7 0 2 7 0 2 7 0 2 7 16 6 2 17 9 2 0 2 7 12 16 2 0 62.5013213157653809
5 30 3 1 2 7 5 31 3 0 2 7 12 16 2 1 2 7 17 9 2 0 2 7 0 2 7 1 2 7 1 2 7 0 2 3 0 2 7 17 9 2 0 2 7 0 2 7 17 18 2 13 6 3 0 2 7 0 2 7 0 2 7 0 2 7 1 2 7 1 2 3 0 2 7 1 2 7 1 2 7 0 2 7 13 6 3 1 2 7 0 2 7 0 2 7 0 2 3 1 2 7 0 2 7 0 2 7 5 31 3 16 6 2 0 2 7 1 2 7 0 2 7 0 2 7 1 2 7 5 30 3 5 31 3 17 18 2 0 2 7 0 2 7 1 2 7 17 18 2 1 2 7 0 2 7 16 6 2 1 2 7 0 2 3 1 2 7 0 2 7 0 2 7 1 2 7 1 2 7 0 60.3480385541915894
5 30 3 12 16 2 0 2 7 0 2 7 1 2 3 1 2 7 1 2 7 17 18 2 0 2 7 0 2 7 0 2 7 0 2 3 0 2 7 0 2 7 1 2 7 1 2 4 5 30 3 1 2 7 17 18 2 0 2 7 0 2 7 0 2 7 6 2 7 0 2 3 1 2 7 0 2 3 17 18 2 12 16 2 0 2 7 13 6 3 5 31 3 1 2 7 1 2 7 0 2 7 17 18 2 0 2 7 0 2 7 1 2 3 0 2 7 0 2 7 1 2 3 0 2 3 1 2 7 1 2 3 1 2 7 0 2 7 0 2 3 0 2 7 17 18 2 5 30 3 16 6 2 1 2 7 0 2 7 0 2 3 13 6 3 8 18 2 0 2 3 16 15 2 1 2 7 1 2 7 0 60.9569216370582581
5 30 3 12 16 2 0 2 7 0 2 4 1 2 4 5 30 3 1 2 7 1 2 7 17 18 2 0 2 3 0 2 7 0 2 7 1 2 4 1 2 4 1 2 4 5 31 3 0 2 7 15 2 11 17 9 2 0 2 7 0 2 7 0 2 3 0 2 7 0 2 7 0 2 7 1 2 7 17 18 2 17 9 2 5 30 3 1 2 7 0 2 7 0 2 7 0 2 3 0 2 7 0 2 4 1 2 4 6 2 7 1 2 7 1 2 3 1 2 4 5 31 3 1 2 3 0 2 4 0 2 7 1 2 7 0 2 4 0 2 7 0 2 7 0 2 7 0 2 7 16 6 2 17 18 2 1 2 7 1 2 4 0 2 3 0 2 7 0 2 7 0 2 7 8 18 2 16 15 2 0 61.2752247452735901
5 30 3 12 16 2 0 2 7 0 2 7 0 2 4 6 2 7 1 2 11 17 18 2 0 2 7 0 2 4 0 2 7 1 2 7 0 2 7 1 2 7 1 2 7 17 9 2 6 2 7 6 2 7 0 2 7 1 2 7 17 9 2 0 2 7 0 2 7 0 2 4 0 2 7 6 2 7 1 2 11 0 2 4 0 2 7 0 2 7 13 6 3 0 2 7 12 16 2 0 2 7 13 6 3 5 31 3 0 2 7 17 18 2 0 2 7 0 2 7 16 32 2 0 2 4 1 2 7 0 2 7 17 18 2 1 2 7 5 31 3 1 2 7 1 2 7 5 30 3 0 2 7 1 2 7 0 2 4 1 2 7 0 2 7 17 18 2 5 31 3 5 30 3 5 30 3 12 16 2 0 61.0092924833297729
5 31 3 12 16 2 0 2 7 5 30 3 1 2 4 0 2 7 17 18 2 1 2 11 0 2 7 0 2 7 5 31 3 0 2 7 17 9 2 0 2 3 0 2 7 0 2 7 1 2 3 0 2 7 0 2 7 6 2 7 5 30 3 0 2 7 0 2 4 0 2 7 0 2 7 0 2 7 1 2 3 1 2 7 1 2 7 0 2 7 6 2 7 1 2 4 0 2 7 0 2 7 0 2 7 16 6 2 1 2 7 0 2 7 0 2 7 1 2 7 0 2 7 0 2 7 16 19 11 1 2 4 1 2 7 12 16 2 0 2 7 0 2 7 17 9 2 5 30 3 1 2 7 0 2 4 1 2 7 16 6 2 13 6 3 0 2 4 17 18 2 5 31 3 8 18 2 12 16 2 0 61.4556224346160889
5 31 3 12 16 2 0 2 7 0 2 7 5 30 3 0 2 7 17 18 2 0 2 7 0 2 7 1 2 7 1 2 4 0 2 7 1 2 7 0 2 7 0 2 7 1 2 7 0 2 7 0 2 7 17 18 2 17 9 2 5 31 3 0 2 7 1 2 4 1 2 7 0 2 7 17 18 2 0 2 7 0 2 7 17 18 2 1 2 7 1 2 7 1 2 4 5 31 3 1 2 7 1 2 7 0 2 7 0 2 7 0 2 7 0 2 7 1 2 7 0 2 7 12 16 2 13 6 3 0 2 4 1 2 7 0 2 4 1 2 4 17 9 2 1 2 4 1 2 11 1 2 4 0 2 7 0 2 3 16 30 2 1 2 7 1 2 4 0 2 3 0 2 3 1 2 4 0 2 4 3.76533208977845792e-07 60.4742947816848755

Current Evaluation = 13500(13500)
Front Size = 10
5 31 3 12 16 2 0 2 7 0 2 7 5 30 3 0 2 7 17 18 2 0 2 7 0 2 7 1 2 7 1 2 4 0 2 7 1 2 7 0 2 7 0 2 7 1 2 7 0 2 7 0 2 7 17 18 2 17 9 2 5 31 3 0 2 7 1 2 4 1 2 7 0 2 7 17 18 2 0 2 7 0 2 7 17 18 2 1 2 7 1 2 7 1 2 7 5 31 3 1 2 7 1 2 7 0 2 7 0 2 7 0 2 7 0 2 7 1 2 3 0 2 7 12 16 2 13 6 3 0 2 4 1 2 7 0 2 7 1 2 4 17 9 2 1 2 7 16 6 2 0 2 7 1 2 4 0 2 7 0 2 7 0 2 4 1 2 7 1 2 7 13 6 3 0 2 7 1 2 7 0 60.0184326171875
5 30 3 12 16 2 0 2 7 0 2 4 1 2 4 5 30 3 1 2 7 1 2 7 17 18 2 0 2 3 0 2 7 0 2 7 1 2 4 1 2 4 1 2 4 5 31 3 0 2 7 15 2 11 17 9 2 0 2 7 0 2 7 0 2 3 0 2 7 0 2 7 0 2 7 1 2 7 17 18 2 17 9 2 5 30 3 1 2 7 0 2 7 0 2 7 0 2 3 0 2 7 0 2 4 1 2 4 6 2 7 1 2 7 1 2 3 1 2 4 5 31 3 1 2 3 0 2 4 0 2 7 1 2 7 0 2 4 0 2 7 0 2 7 0 2 7 0 2 7 16 6 2 17 18 2 1 2 7 1 2 4 0 2 3 0 2 7 0 2 7 0 2 7 8 18 2 16 15 2 0 61.2752247452735901
5 30 3 12 16 2 0 2 4 0 2 7 5 30 3 0 2 7 17 18 2 0 2 7 0 2 3 0 2 7 1 2 7 0 2 3 1 2 3 0 2 4 17 9 2 0 2 3 1 2 7 1 2 7 0 2 7 0 2 4 0 2 7 0 2 7 1 2 7 1 2 7 1 2 3 5 31 3 1 2 7 1 2 7 0 2 7 0 2 4 0 2 4 12 16 2 13 6 3 0 2 3 0 2 3 0 2 7 1 2 7 0 2 7 0 2 7 0 2 3 8 9 2 1 2 4 17 18 2 5 30 3 16 31 2 0 2 3 16 6 2 1 2 7 1 2 7 16 6 2 1 2 7 0 2 11 1 2 3 1 2 7 17 9 2 5 30 3 1 2 7 0 2 3 0 2 7 0 2 7 0 61.3219857215881348
5 30 3 12 16 2 1 2 3 0 2 3 1 2 7 1 2 7 0 2 7 17 18 2 0 2 7 1 2 7 0 2 7 0 2 7 0 2 7 0 2 7 0 2 3 8 9 2 1 2 7 0 2 7 0 2 7 1 2 3 8 9 2 5 30 3 0 2 7 0 2 7 1 2 7 1 2 7 0 2 7 0 2 7 5 30 3 0 2 7 5 30 3 1 2 3 0 2 7 5 30 3 5 30 3 12 16 2 5 31 3 0 2 3 0 2 3 0 2 7 1 2 3 0 2 3 1 2 3 0 2 3 16 19 11 0 2 7 0 2 7 16 6 2 16 30 2 13 6 3 1 2 7 16 19 11 0 2 7 0 2 7 0 2 7 0 2 7 16 6 2 17 9 2 0 2 7 12 16 2 0 62.5013213157653809
5 30 3 1 2 7 0 2 7 0 2 7 12 16 2 1 2 7 17 9 2 0 2 7 1 2 7 1 2 7 1 2 7 0 2 7 17 9 2 0 2 7 0 2 7 17 18 2 13 6 3 0 2 7 0 2 7 0 2 7 0 2 7 5 31 3 1 2 11 0 2 7 0 2 7 1 2 7 0 2 7 0 2 7 0 2 7 0 2 3 1 2 7 0 2 4 0 2 7 5 31 3 0 2 3 1 2 7 0 2 7 1 2 7 5 30 3 17 18 2 17 18 2 1 2 7 13 6 3 0 2 7 1 2 7 1 2 7 0 2 7 1 2 7 1 2 7 0 2 7 1 2 7 0 2 7 16 31 2 1 2 7 1 2 7 1 2 7 0 2 3 0 2 3 16 6 2 12 16 2 0 60.2788645029067993
5 31 3 12 16 2 0 2 7 0 2 7 5 30 3 1 2 4 0 2 7 17 18 2 0 2 7 0 2 4 0 2 7 1 2 7 0 2 4 1 2 4 1 2 3 0 2 7 1 2 3 0 2 7 1 2 4 17 18 2 17 9 2 5 31 3 0 2 7 1 2 7 1 2 7 0 2 7 16 31 2 0 2 7 0 2 7 0 2 7 17 18 2 1 2 7 1 2 7 1 2 3 5 30 3 1 2 7 1 2 7 0 2 4 0 2 7 1 2 4 0 2 7 1 2 11 0 2 7 12 16 2 13 6 3 0 2 7 0 2 4 1 2 7 0 2 4 0 2 7 1 2 4 1 2 4 17 9 2 0 2 7 1 2 7 1 2 7 0 2 7 17 18 2 0 2 4 0 2 4 0 60.4342947006225586
5 31 3 12 16 2 0 2 3 0 2 7 6 2 7 17 9 2 1 2 7 17 18 2 0 2 7 1 2 7 0 2 7 0 2 4 5 30 3 17 9 2 1 2 7 1 2 7 5 31 3 0 2 7 1 2 7 0 2 7 0 2 4 17 18 2 5 30 3 0 2 7 0 2 7 0 2 7 1 2 7 0 2 7 1 2 7 0 2 7 1 2 7 1 2 7 1 2 3 0 2 7 0 2 7 1 2 7 17 18 2 0 2 4 0 2 7 0 2 7 0 2 7 12 16 2 16 31 2 0 2 7 0 2 7 1 2 11 1 2 7 1 2 7 0 2 7 1 2 7 13 6 3 1 2 7 0 2 7 5 30 3 0 2 7 0 2 7 13 6 3 12 16 2 16 24 2 0 2 7 0 60.5365374684333801
5 30 3 1 2 7 5 31 3 5 30 3 0 2 7 12 16 2 1 2 7 17 9 2 0 2 7 1 2 7 1 2 7 1 2 7 8 18 2 0 2 7 0 2 4 0 2 11 17 9 2 0 2 7 0 2 7 17 18 2 13 6 3 0 2 7 0 2 7 0 2 7 17 9 2 0 2 7 1 2 7 1 2 7 0 2 7 1 2 7 1 2 7 0 2 7 1 2 7 1 2 7 0 2 7 0 2 7 1 2 4 0 2 4 1 2 7 0 2 7 0 2 7 0 2 7 5 31 3 16 30 2 0 2 7 0 2 7 0 2 4 5 30 3 17 9 2 0 2 7 0 2 4 16 6 2 5 31 3 1 2 7 0 2 7 1 2 7 0 2 7 0 2 7 1 2 7 1 2 7 0 60.5889006853103638
5 30 3 1 2 7 8 18 2 0 2 7 12 16 2 0 2 7 8 9 2 0 2 4 1 2 7 6 2 3 1 2 7 0 2 7 17 18 2 0 2 7 0 2 7 17 18 2 1 2 7 0 2 7 0 2 4 0 2 3 0 2 4 5 31 3 1 2 7 1 2 7 0 2 7 1 2 7 0 2 7 0 2 7 0 2 7 1 2 3 1 2 4 0 2 7 1 2 4 5 30 3 0 2 7 0 2 7 1 2 4 5 30 3 17 18 2 17 9 2 15 2 1 13 6 3 0 2 7 0 2 7 0 2 4 0 2 7 16 15 2 12 16 2 5 30 3 0 2 7 0 2 7 1 2 7 16 6 2 17 18 2 0 2 7 1 2 7 1 2 7 12 16 2 0 2 7 0 2 7 0 61.1781075000762939
5 31 3 12 16 2 0 2 7 0 2 7 5 30 3 0 2 7 0 2 7 17 18 2 0 2 7 0 2 7 0 2 7 1 2 7 0 2 4 1 2 7 0 2 7 0 2 7 1 2 7 17 18 2 17 9 2 5 30 3 0 2 7 1 2 7 1 2 7 0 2 7 0 2 7 0 2 7 0 2 7 17 9 2 1 2 7 1 2 7 5 31 3 1 2 7 1 2 4 0 2 7 0 2 7 1 2 7 0 2 7 0 2 7 13 6 3 16 24 2 0 2 3 1 2 4 1 2 7 0 2 7 17 9 2 0 2 3 1 2 7 1 2 7 0 2 7 8 18 2 1 2 7 1 2 7 16 6 2 0 2 7 1 2 7 5 31 3 1 2 7 0 2 7 0 2 7 0 2 7 0 60.5453176498413086

Current Evaluation = 14400(14400)
Front Size = 10
5 30 3 12 16 2 0 2 7 0 2 7 0 2 7 17 18 2 0 2 7 0 2 4 1 2 4 1 2 4 1 2 7 0 2 7 0 2 7 1 2 7 0 2 7 0 2 7 17 18 2 17 9 2 5 31 3 0 2 7 1 2 7 13 6 3 0 2 7 17 18 2 0 2 7 0 2 7 17 18 2 1 2 7 1 2 7 0 2 7 17 18 2 0 2 7 0 2 7 0 2 7 1 2 7 1 2 7 0 2 7 12 16 2 13 6 3 0 2 7 1 2 7 1 2 4 17 9 2 1 2 7 5 31 3 1 2 7 0 2 7 1 2 7 13 6 3 0 2 4 1 2 7 0 2 7 5 30 3 1 2 7 0 2 7 1 2 7 0 2 7 1 2 7 0 2 7 5 30 3 0 59.940948486328125
5 30 3 12 16 2 0 2 7 0 2 4 1 2 4 5 30 3 1 2 7 1 2 7 17 18 2 0 2 3 0 2 7 0 2 7 1 2 4 1 2 4 1 2 4 5 31 3 0 2 7 15 2 11 17 9 2 0 2 7 0 2 7 0 2 3 0 2 7 0 2 7 0 2 7 1 2 7 17 18 2 17 9 2 5 30 3 1 2 7 0 2 7 0 2 7 0 2 3 0 2 7 0 2 4 1 2 4 6 2 7 1 2 7 1 2 3 1 2 4 5 31 3 1 2 3 0 2 4 0 2 7 1 2 7 0 2 4 0 2 7 0 2 7 0 2 7 0 2 7 16 6 2 17 18 2 1 2 7 1 2 4 0 2 3 0 2 7 0 2 7 0 2 7 8 18 2 16 15 2 0 61.2752247452735901
5 30 3 12 16 2 0 2 7 0 2 7 0 2 7 17 18 2 0 2 7 0 2 4 1 2 4 1 2 4 1 2 7 0 2 4 0 2 7 1 2 7 0 2 4 0 2 7 17 18 2 17 9 2 5 31 3 0 2 7 1 2 4 1 2 7 0 2 7 17 18 2 0 2 7 0 2 7 17 18 2 1 2 7 1 2 7 0 2 4 17 18 2 1 2 7 0 2 4 0 2 7 0 2 7 1 2 3 0 2 7 12 16 2 13 6 3 0 2 7 1 2 7 1 2 4 17 9 2 1 2 4 5 31 3 1 2 7 0 2 7 1 2 7 13 6 3 0 2 4 1 2 7 0 2 7 5 30 3 1 2 7 0 2 7 1 2 7 0 2 7 0 2 7 0 2 4 5 30 3 0 60.2631396055221558
5 30 3 12 16 2 0 2 7 1 2 7 1 2 7 1 2 3 1 2 7 8 18 2 0 2 3 0 2 7 1 2 7 1 2 3 1 2 3 5 30 3 0 2 7 17 9 2 0 2 7 0 2 7 0 2 7 0 2 7 0 2 7 1 2 7 17 18 2 17 9 2 13 6 3 0 2 7 0 2 7 0 2 7 0 2 7 1 2 3 1 2 3 5 31 3 0 2 7 1 2 7 0 2 7 0 2 4 0 2 3 0 2 7 16 6 2 17 18 2 1 2 7 0 2 3 0 2 7 0 2 7 1 2 7 17 18 2 0 2 3 0 2 3 5 30 3 1 2 7 0 2 7 6 2 7 1 2 7 1 2 7 0 2 7 1 2 7 12 16 2 0 2 3 13 6 3 16 15 2 0 60.9569216370582581
5 30 3 12 16 2 0 2 4 0 2 7 5 30 3 0 2 7 17 18 2 0 2 7 0 2 3 0 2 7 1 2 7 0 2 3 1 2 3 0 2 4 17 9 2 0 2 3 1 2 7 1 2 7 0 2 7 0 2 4 0 2 7 0 2 7 1 2 7 1 2 7 1 2 3 5 31 3 1 2 7 1 2 7 0 2 7 0 2 4 0 2 4 12 16 2 13 6 3 0 2 3 0 2 3 0 2 7 1 2 7 0 2 7 0 2 7 0 2 3 8 9 2 1 2 4 17 18 2 5 30 3 16 31 2 0 2 3 16 6 2 1 2 7 1 2 7 16 6 2 1 2 7 0 2 11 1 2 3 1 2 7 17 9 2 5 30 3 1 2 7 0 2 3 0 2 7 0 2 7 0 61.3219857215881348
5 30 3 1 2 7 0 2 7 0 2 7 12 16 2 1 2 7 17 9 2 0 2 7 1 2 7 1 2 7 1 2 7 0 2 7 17 9 2 0 2 7 0 2 7 17 18 2 13 6 3 0 2 7 0 2 7 0 2 7 0 2 7 5 31 3 1 2 11 0 2 7 0 2 7 1 2 7 0 2 7 0 2 7 0 2 7 0 2 3 1 2 7 0 2 4 0 2 7 5 31 3 0 2 3 1 2 7 0 2 7 1 2 7 5 30 3 17 18 2 17 18 2 1 2 7 13 6 3 0 2 7 1 2 7 1 2 7 0 2 7 1 2 7 1 2 7 0 2 7 1 2 7 0 2 7 16 31 2 1 2 7 1 2 7 1 2 7 0 2 3 0 2 3 16 6 2 12 16 2 0 60.2788645029067993
5 31 3 12 16 2 0 2 7 5 30 3 13 6 3 0 2 7 17 18 2 0 2 7 1 2 7 0 2 7 0 2 7 17 18 2 1 2 7 1 2 7 0 2 7 0 2 7 17 9 2 0 2 7 0 2 7 0 2 7 0 2 7 1 2 7 0 2 7 5 31 3 1 2 7 1 2 4 0 2 7 0 2 7 0 2 7 0 2 7 0 2 7 0 2 7 0 2 4 1 2 7 0 2 7 0 2 7 17 18 2 0 2 7 0 2 7 5 30 3 0 2 7 13 6 3 0 2 7 1 2 7 1 2 7 12 16 2 16 30 2 1 2 7 5 31 3 1 2 7 1 2 7 5 30 3 1 2 7 0 2 7 1 2 7 17 9 2 16 24 2 1 2 7 1 2 7 0 2 7 0 60.3940415382385254
5 31 3 12 16 2 1 2 4 0 2 7 5 30 3 13 6 3 0 2 7 17 18 2 0 2 7 1 2 7 0 2 7 0 2 3 17 18 2 1 2 7 1 2 7 1 2 7 0 2 7 8 18 2 17 9 2 0 2 7 0 2 7 0 2 7 0 2 7 1 2 7 0 2 7 5 31 3 0 2 3 1 2 7 6 2 7 1 2 7 0 2 7 0 2 7 0 2 7 0 2 7 0 2 7 0 2 7 1 2 7 1 2 3 0 2 7 0 2 7 17 18 2 0 2 7 0 2 7 5 30 3 5 30 3 17 18 2 1 2 7 13 6 3 6 2 7 0 2 7 0 2 7 1 2 7 5 30 3 16 15 2 1 2 7 12 16 2 1 2 3 16 6 2 0 2 7 0 2 7 0 60.8558834791183472
5 31 3 1 2 7 1 2 7 12 16 2 1 2 3 17 9 2 0 2 7 0 2 7 0 2 7 5 31 3 0 2 7 17 9 2 1 2 7 0 2 7 17 18 2 1 2 7 0 2 7 0 2 7 0 2 4 0 2 7 1 2 7 1 2 7 6 2 7 0 2 11 1 2 7 1 2 7 1 2 7 0 2 7 1 2 7 5 30 3 17 18 2 17 18 2 1 2 3 1 2 7 1 2 7 0 2 7 0 2 7 16 31 2 13 6 3 0 2 7 1 2 11 5 30 3 13 6 3 0 2 7 5 30 3 0 2 7 0 2 7 12 16 2 0 2 7 0 2 3 1 2 7 1 2 7 0 2 7 0 2 7 16 6 2 0 2 7 0 2 7 0 2 7 0 2 7 0 2 7 0 60.5159525275230408
5 31 3 1 2 4 0 2 7 1 2 7 12 16 2 1 2 7 17 9 2 0 2 7 0 2 7 0 2 7 1 2 7 0 2 7 17 9 2 0 2 7 0 2 7 17 18 2 1 2 7 1 2 4 0 2 4 0 2 3 5 31 3 0 2 7 0 2 7 6 2 3 1 2 7 0 2 3 0 2 7 0 2 7 0 2 4 1 2 7 0 2 7 1 2 3 0 2 7 1 2 7 5 30 3 17 18 2 17 18 2 1 2 7 1 2 3 0 2 7 0 2 7 0 2 7 16 15 2 13 6 3 1 2 4 0 2 7 1 2 3 0 2 7 13 6 3 0 2 7 0 2 7 17 18 2 0 2 7 1 2 4 0 2 7 5 30 3 1 2 7 1 2 7 6 2 3 12 16 2 0 60.6134796142578125

Current Evaluation = 15300(15300)
Front Size = 10
5 30 3 12 16 2 0 2 7 0 2 7 0 2 7 17 18 2 0 2 7 0 2 4 1 2 4 1 2 4 1 2 7 0 2 7 0 2 7 1 2 7 0 2 7 0 2 7 17 18 2 17 9 2 5 31 3 0 2 7 1 2 7 13 6 3 0 2 7 17 18 2 0 2 7 0 2 7 17 18 2 1 2 7 1 2 7 0 2 7 17 18 2 0 2 7 0 2 7 0 2 7 1 2 7 1 2 7 0 2 7 12 16 2 13 6 3 0 2 7 1 2 7 1 2 4 17 9 2 1 2 7 5 31 3 1 2 7 0 2 7 1 2 7 0 2 4 1 2 7 5 30 3 5 30 3 13 6 3 0 2 7 1 2 7 0 2 7 1 2 7 0 2 7 1 2 7 0 2 7 0 59.940948486328125
5 30 3 12 16 2 0 2 7 0 2 4 1 2 4 5 30 3 1 2 7 1 2 7 17 18 2 0 2 3 0 2 7 0 2 7 1 2 4 1 2 4 1 2 4 5 31 3 0 2 7 15 2 11 17 9 2 0 2 7 0 2 7 0 2 3 0 2 7 0 2 7 0 2 7 1 2 7 17 18 2 17 9 2 5 30 3 1 2 7 0 2 7 0 2 7 0 2 3 0 2 7 0 2 4 1 2 4 6 2 7 1 2 7 1 2 3 1 2 4 5 31 3 1 2 3 0 2 4 0 2 7 1 2 7 0 2 4 0 2 7 0 2 7 0 2 7 0 2 7 16 6 2 17 18 2 1 2 7 1 2 4 0 2 3 0 2 7 0 2 7 0 2 7 8 18 2 16 15 2 0 61.2752247452735901
5 31 3 12 16 2 0 2 7 5 30 3 13 6 3 0 2 7 17 18 2 0 2 7 1 2 7 0 2 7 0 2 7 17 18 2 1 2 7 1 2 7 0 2 7 17 9 2 0 2 7 0 2 7 0 2 7 0 2 7 1 2 4 1 2 7 5 31 3 0 2 4 0 2 7 0 2 7 0 2 7 0 2 7 0 2 7 0 2 7 0 2 7 1 2 7 0 2 7 17 18 2 5 30 3 13 6 3 1 2 7 1 2 7 1 2 7 1 2 4 1 2 7 1 2 7 5 30 3 1 2 7 17 9 2 1 2 7 0 2 3 0 2 4 0 2 4 0 2 7 1 2 4 17 18 2 1 2 4 1 2 7 0 2 4 17 18 2 0 2 4 1 2 7 1 2 4 0 2 7 0 60.0847896337509155
5 30 3 1 2 7 0 2 4 0 2 7 1 2 7 1 2 7 17 9 2 0 2 7 1 2 7 1 2 7 1 2 4 0 2 7 17 9 2 0 2 7 0 2 7 17 18 2 0 2 4 0 2 4 0 2 4 6 2 4 17 18 2 5 31 3 0 2 7 17 9 2 1 2 7 0 2 7 0 2 7 0 2 7 1 2 7 0 2 7 0 2 4 5 31 3 1 2 4 1 2 7 1 2 4 5 31 3 17 18 2 17 18 2 1 2 7 13 6 3 0 2 7 1 2 4 1 2 7 0 2 4 12 16 2 0 2 7 0 2 4 0 2 7 1 2 7 0 2 7 0 2 4 0 2 7 1 2 4 0 2 7 1 2 7 1 2 7 1 2 7 1 2 4 0 2 7 0 2 3 0 60.0918058753013611
5 31 3 12 16 2 1 2 4 0 2 7 5 30 3 13 6 3 0 2 7 17 18 2 0 2 7 1 2 7 0 2 7 0 2 3 17 18 2 1 2 7 1 2 7 1 2 7 0 2 7 8 18 2 17 9 2 0 2 7 0 2 7 0 2 7 0 2 7 1 2 7 0 2 7 5 31 3 0 2 3 1 2 7 6 2 7 1 2 7 0 2 7 0 2 7 0 2 7 0 2 7 0 2 7 0 2 7 1 2 7 1 2 3 0 2 7 0 2 7 17 18 2 0 2 7 0 2 7 5 30 3 5 30 3 17 18 2 1 2 7 13 6 3 6 2 7 0 2 7 0 2 7 1 2 7 5 30 3 16 15 2 1 2 7 12 16 2 1 2 3 16 6 2 0 2 7 0 2 7 0 60.8558834791183472
5 30 3 1 2 7 0 2 7 0 2 7 12 16 2 1 2 7 17 9 2 0 2 7 1 2 7 1 2 7 1 2 7 0 2 7 17 9 2 0 2 7 0 2 7 17 18 2 13 6 3 0 2 7 0 2 7 0 2 7 0 2 7 5 31 3 1 2 11 0 2 7 0 2 7 1 2 7 0 2 7 0 2 7 0 2 7 0 2 3 1 2 7 0 2 4 0 2 7 5 31 3 0 2 3 1 2 7 0 2 7 1 2 7 5 30 3 17 18 2 17 18 2 1 2 7 13 6 3 0 2 7 1 2 7 1 2 7 0 2 7 1 2 7 1 2 7 0 2 7 1 2 7 0 2 7 16 31 2 1 2 7 1 2 7 1 2 7 0 2 3 0 2 3 16 6 2 12 16 2 0 60.2788645029067993
5 30 3 12 16 2 0 2 7 0 2 7 0 2 7 17 18 2 0 2 7 0 2 4 1 2 4 1 2 4 1 2 7 0 2 4 0 2 7 1 2 7 0 2 4 0 2 7 17 18 2 17 9 2 5 31 3 0 2 7 1 2 4 1 2 7 0 2 7 17 18 2 0 2 7 0 2 7 17 18 2 1 2 7 1 2 7 0 2 4 17 18 2 1 2 7 0 2 4 0 2 7 0 2 7 1 2 3 0 2 7 12 16 2 13 6 3 0 2 7 1 2 7 1 2 4 17 9 2 1 2 4 5 31 3 1 2 7 0 2 7 1 2 7 13 6 3 0 2 4 1 2 7 0 2 7 5 30 3 1 2 7 0 2 7 1 2 7 0 2 7 0 2 7 0 2 4 5 30 3 0 60.2631396055221558
5 30 3 12 16 2 1 2 7 0 2 7 5 30 3 13 6 3 0 2 7 17 18 2 0 2 7 0 2 7 0 2 4 0 2 7 17 18 2 0 2 7 1 2 7 1 2 7 0 2 7 17 9 2 0 2 7 0 2 7 0 2 7 0 2 7 1 2 7 0 2 7 5 31 3 0 2 7 1 2 4 1 2 7 1 2 7 0 2 7 0 2 7 0 2 7 0 2 7 0 2 7 1 2 7 1 2 7 0 2 7 1 2 7 17 18 2 0 2 7 8 18 2 13 6 3 1 2 7 1 2 4 12 16 2 5 31 3 1 2 7 0 2 7 0 2 4 1 2 7 5 30 3 0 2 7 0 2 7 0 2 7 17 18 2 6 2 7 16 15 2 1 2 7 17 9 2 1 2 7 0 60.3621864914894104
5 30 3 12 16 2 0 2 4 0 2 7 5 30 3 0 2 7 17 18 2 0 2 7 0 2 3 0 2 7 1 2 7 0 2 3 1 2 3 0 2 4 17 9 2 0 2 3 1 2 7 1 2 7 0 2 7 0 2 4 0 2 7 0 2 7 1 2 7 1 2 7 1 2 3 5 31 3 1 2 7 1 2 7 0 2 7 0 2 4 0 2 4 12 16 2 13 6 3 0 2 3 0 2 3 0 2 7 1 2 7 0 2 7 0 2 7 0 2 3 8 9 2 1 2 4 17 18 2 5 30 3 16 31 2 0 2 3 16 6 2 1 2 7 1 2 7 16 6 2 1 2 7 0 2 11 1 2 3 1 2 7 17 9 2 5 30 3 1 2 7 0 2 3 0 2 7 0 2 7 0 61.3219857215881348
5 31 3 12 16 2 0 2 4 0 2 4 5 30 3 13 6 3 0 2 7 17 18 2 0 2 7 1 2 7 0 2 7 0 2 7 17 18 2 1 2 7 1 2 7 1 2 7 0 2 7 17 9 2 15 2 11 0 2 7 0 2 7 1 2 7 1 2 7 0 2 7 5 31 3 1 2 7 0 2 7 0 2 7 1 2 7 1 2 3 0 2 4 0 2 7 0 2 7 1 2 7 0 2 7 0 2 7 17 18 2 0 2 7 0 2 7 5 30 3 5 30 3 17 18 2 1 2 7 13 6 3 0 2 4 0 2 7 1 2 7 0 2 7 16 6 2 0 2 3 1 2 7 0 2 3 0 2 7 1 2 7 0 2 7 5 30 3 16 6 2 12 16 2 0 2 7 1 2 7 0 60.6981014013290405

Current Evaluation = 16200(16200)
Front Size = 10
5 30 3 12 16 2 0 2 7 0 2 7 0 2 7 17 18 2 0 2 7 0 2 7 1 2 4 13 6 3 1 2 7 0 2 7 0 2 7 1 2 7 1 2 7 0 2 7 17 18 2 17 9 2 5 31 3 0 2 4 0 2 7 1 2 7 0 2 7 17 18 2 0 2 7 0 2 4 17 18 2 1 2 7 1 2 7 0 2 7 17 18 2 1 2 7 0 2 7 0 2 7 0 2 7 1 2 7 0 2 7 12 16 2 13 6 3 0 2 7 1 2 7 1 2 7 17 9 2 1 2 7 5 31 3 1 2 7 0 2 7 1 2 7 13 6 3 0 2 7 1 2 7 0 2 7 5 30 3 1 2 7 0 2 7 1 2 4 0 2 4 1 2 7 0 2 7 5 30 3 0 59.940948486328125
5 30 3 12 16 2 0 2 7 0 2 7 1 2 7 17 18 2 0 2 7 0 2 4 1 2 7 13 6 3 1 2 7 0 2 7 0 2 7 1 2 7 1 2 7 0 2 7 17 18 2 17 9 2 5 31 3 0 2 7 0 2 7 0 2 4 0 2 7 17 18 2 0 2 4 0 2 7 17 18 2 0 2 7 1 2 7 1 2 7 17 18 2 1 2 7 0 2 7 0 2 7 0 2 7 5 30 3 0 2 7 12 16 2 13 6 3 0 2 7 1 2 7 1 2 7 17 9 2 0 2 7 5 31 3 1 2 7 0 2 7 1 2 7 5 30 3 1 2 7 0 2 4 13 6 3 0 2 4 0 2 7 0 2 7 1 2 7 1 2 7 1 2 7 1 2 7 1 2 7 0 59.940948486328125
5 30 3 12 16 2 0 2 7 0 2 7 17 18 2 0 2 7 0 2 4 0 2 7 0 2 7 1 2 7 0 2 4 17 18 2 17 9 2 5 31 3 1 2 4 1 2 7 0 2 7 17 18 2 0 2 7 0 2 7 1 2 4 1 2 4 1 2 7 0 2 7 0 2 7 0 2 7 1 2 4 0 2 7 0 2 7 17 9 2 5 31 3 1 2 4 1 2 7 1 2 4 0 2 7 1 2 7 0 2 7 1 2 7 0 2 3 0 2 7 1 2 7 0 2 7 0 2 7 1 2 7 0 2 7 0 2 4 17 18 2 1 2 4 5 31 3 0 2 7 1 2 4 13 6 3 1 2 4 17 9 2 6 2 4 1 2 7 0 2 7 1 2 4 0 2 7 1 2 4 0 60.0918058753013611
5 30 3 12 16 2 0 2 4 0 2 7 5 30 3 0 2 7 17 18 2 0 2 7 0 2 3 0 2 7 1 2 7 0 2 3 1 2 3 0 2 4 17 9 2 0 2 3 1 2 7 1 2 7 0 2 7 0 2 4 0 2 7 0 2 7 1 2 7 1 2 7 1 2 3 5 31 3 1 2 7 1 2 7 0 2 7 0 2 4 0 2 4 12 16 2 13 6 3 0 2 3 0 2 3 0 2 7 1 2 7 0 2 7 0 2 7 0 2 3 8 9 2 1 2 4 17 18 2 5 30 3 16 31 2 0 2 3 16 6 2 1 2 7 1 2 7 16 6 2 1 2 7 0 2 11 1 2 3 1 2 7 17 9 2 5 30 3 1 2 7 0 2 3 0 2 7 0 2 7 0 61.3219857215881348
5 31 3 12 16 2 0 2 7 5 30 3 13 6 3 0 2 7 17 18 2 0 2 7 0 2 7 0 2 7 0 2 7 17 18 2 1 2 4 1 2 7 0 2 7 17 9 2 0 2 7 0 2 7 0 2 7 0 2 7 1 2 7 1 2 7 5 31 3 0 2 4 0 2 7 0 2 7 0 2 7 0 2 7 0 2 7 0 2 7 0 2 7 1 2 7 0 2 7 17 18 2 5 30 3 13 6 3 1 2 7 1 2 7 1 2 7 1 2 7 1 2 7 1 2 7 5 30 3 1 2 7 17 9 2 1 2 4 0 2 7 0 2 7 0 2 7 1 2 7 17 18 2 1 2 7 0 2 7 16 31 2 0 2 7 1 2 7 1 2 7 1 2 7 1 2 7 0 2 7 0 59.9859005212783813
5 31 3 12 16 2 0 2 7 5 30 3 13 6 3 0 2 7 17 18 2 0 2 7 0 2 4 0 2 7 0 2 7 17 18 2 1 2 7 1 2 7 0 2 7 17 9 2 0 2 7 0 2 7 0 2 7 0 2 7 1 2 4 1 2 7 5 31 3 0 2 4 0 2 7 0 2 7 0 2 7 0 2 7 0 2 7 0 2 7 0 2 7 1 2 7 0 2 7 17 18 2 5 31 3 13 6 3 1 2 7 1 2 7 1 2 7 1 2 7 1 2 7 1 2 7 5 30 3 1 2 7 17 9 2 1 2 7 0 2 7 0 2 7 0 2 7 1 2 7 17 18 2 1 2 7 0 2 7 16 30 2 0 2 7 1 2 7 1 2 7 1 2 7 1 2 7 0 2 7 0 59.9859006404876709
5 30 3 12 16 2 0 2 7 0 2 7 17 18 2 0 2 7 0 2 7 1 2 7 1 2 4 0 2 4 17 18 2 17 9 2 5 31 3 1 2 7 1 2 7 0 2 7 17 18 2 0 2 7 0 2 4 1 2 7 0 2 7 1 2 7 0 2 7 0 2 7 1 2 4 13 6 3 0 2 4 1 2 7 17 9 2 5 31 3 1 2 7 1 2 7 1 2 7 0 2 4 1 2 7 0 2 7 6 2 7 0 2 4 0 2 7 1 2 7 1 2 7 0 2 7 0 2 7 0 2 7 0 2 7 0 2 7 17 18 2 1 2 4 5 31 3 0 2 4 1 2 4 1 2 4 1 2 4 1 2 4 17 9 2 0 2 7 0 2 4 1 2 7 0 2 4 0 2 3 0 60.0918058753013611
5 31 3 12 16 2 6 2 7 0 2 7 5 31 3 13 6 3 0 2 7 17 18 2 1 2 7 1 2 7 6 2 7 0 2 4 17 18 2 1 2 7 0 2 7 1 2 7 6 2 7 17 9 2 0 2 7 0 2 7 1 2 7 0 2 7 0 2 4 5 31 3 1 2 7 0 2 7 0 2 7 6 2 7 0 2 4 0 2 7 1 2 7 0 2 7 0 2 4 0 2 7 17 18 2 0 2 7 1 2 4 17 18 2 0 2 7 0 2 7 0 2 7 1 2 7 0 2 7 1 2 7 1 2 7 1 2 4 0 2 7 0 2 7 5 30 3 0 2 7 0 2 7 0 2 7 16 15 2 1 2 7 1 2 4 0 2 4 5 30 3 5 31 3 17 9 2 0 2 7 0 60.6928547620773315
5 31 3 12 16 2 0 2 4 0 2 7 0 2 4 17 18 2 0 2 7 1 2 4 1 2 7 13 6 3 1 2 7 0 2 7 0 2 7 1 2 4 0 2 7 0 2 7 17 18 2 17 9 2 5 30 3 0 2 4 0 2 7 1 2 7 0 2 7 17 18 2 0 2 7 0 2 7 17 18 2 1 2 7 1 2 4 0 2 4 17 18 2 1 2 11 0 2 7 0 2 7 0 2 7 0 2 7 0 2 7 12 16 2 13 6 3 0 2 7 1 2 7 1 2 7 17 9 2 1 2 3 5 31 3 1 2 7 0 2 3 0 2 10 1 2 7 1 2 7 0 2 7 5 30 3 1 2 7 1 2 4 1 2 7 0 2 7 1 2 4 0 2 4 1 2 7 1 2 7 0 60.2249926328659058
5 30 3 12 16 2 0 2 7 0 2 7 17 18 2 0 2 7 1 2 7 1 2 7 0 2 7 0 2 7 0 2 11 17 18 2 17 9 2 5 31 3 5 31 3 1 2 7 0 2 7 0 2 7 1 2 7 0 2 7 0 2 7 0 2 7 5 31 3 0 2 7 0 2 7 16 30 2 1 2 7 1 2 7 0 2 7 0 2 7 1 2 4 1 2 7 0 2 11 13 6 3 1 2 11 17 18 2 0 2 7 16 30 2 6 2 7 5 31 3 1 2 7 1 2 7 0 2 7 0 2 7 1 2 7 0 2 7 0 2 4 0 2 4 17 9 2 1 2 7 0 2 4 0 2 7 1 2 7 1 2 7 5 30 3 0 2 7 1 2 7 0 2 7 0 2 7 1 2 7 0 60.7254908680915833

Current Evaluation = 17100(17100)
Front Size = 10
5 30 3 12 16 2 0 2 7 0 2 7 1 2 7 17 18 2 0 2 7 0 2 4 1 2 7 13 6 3 1 2 7 0 2 7 0 2 7 1 2 7 1 2 7 0 2 7 17 18 2 17 9 2 5 31 3 0 2 7 0 2 7 0 2 4 0 2 7 17 18 2 0 2 4 0 2 7 17 18 2 0 2 7 0 2 7 1 2 7 17 18 2 1 2 7 0 2 7 0 2 7 0 2 4 5 30 3 0 2 7 12 16 2 13 6 3 0 2 7 1 2 7 1 2 7 17 9 2 0 2 7 5 31 3 1 2 7 0 2 7 1 2 7 5 30 3 1 2 7 13 6 3 0 2 7 0 2 7 1 2 7 1 2 7 1 2 7 0 2 7 1 2 4 1 2 7 1 2 7 0 59.940948486328125
5 30 3 12 16 2 0 2 7 0 2 7 17 18 2 0 2 4 0 2 4 0 2 7 0 2 7 1 2 7 0 2 4 17 18 2 17 9 2 5 31 3 1 2 4 1 2 7 0 2 7 17 18 2 0 2 7 0 2 7 1 2 4 1 2 4 1 2 7 0 2 7 0 2 7 0 2 7 1 2 7 0 2 7 0 2 7 17 9 2 5 31 3 1 2 4 1 2 7 1 2 4 0 2 7 1 2 7 0 2 7 1 2 4 0 2 7 0 2 7 1 2 7 0 2 7 0 2 7 1 2 4 0 2 7 0 2 7 17 18 2 1 2 4 5 31 3 0 2 7 1 2 4 13 6 3 1 2 4 17 9 2 6 2 3 1 2 7 0 2 7 1 2 4 0 2 7 1 2 4 0 60.0918058156967163
5 31 3 12 16 2 1 2 7 0 2 7 17 18 2 0 2 7 0 2 4 0 2 7 0 2 7 1 2 4 0 2 7 17 18 2 17 9 2 5 31 3 1 2 4 0 2 7 0 2 7 17 18 2 0 2 7 0 2 4 1 2 4 1 2 7 0 2 7 1 2 7 0 2 7 0 2 7 1 2 7 0 2 7 0 2 4 17 9 2 5 31 3 1 2 7 1 2 7 0 2 4 1 2 7 0 2 7 0 2 4 0 2 7 0 2 7 1 2 4 0 2 7 1 2 7 1 2 4 0 2 7 17 18 2 13 6 3 1 2 4 1 2 7 5 30 3 1 2 7 17 9 2 0 2 7 1 2 7 0 2 7 1 2 7 1 2 4 0 2 4 1 2 4 0 2 4 6 2 3 0 60.0918058156967163
5 31 3 12 16 2 0 2 4 0 2 7 0 2 4 17 18 2 0 2 7 1 2 4 1 2 7 13 6 3 1 2 7 0 2 7 0 2 7 1 2 4 0 2 7 0 2 7 17 18 2 17 9 2 5 30 3 0 2 4 0 2 7 1 2 7 0 2 7 17 18 2 0 2 7 0 2 7 17 18 2 1 2 7 1 2 4 0 2 4 17 18 2 1 2 11 0 2 7 0 2 7 0 2 7 0 2 7 0 2 7 12 16 2 13 6 3 0 2 7 1 2 7 1 2 7 17 9 2 1 2 3 5 31 3 1 2 7 0 2 3 0 2 10 1 2 7 1 2 7 0 2 7 5 30 3 1 2 7 1 2 4 1 2 7 0 2 7 1 2 4 0 2 4 1 2 7 1 2 7 0 60.2249926328659058
5 31 3 12 16 2 0 2 7 5 31 3 13 6 3 0 2 4 17 18 2 1 2 7 1 2 7 0 2 7 17 18 2 0 2 7 0 2 4 0 2 7 17 9 2 0 2 7 0 2 7 1 2 7 0 2 7 1 2 7 5 31 3 0 2 7 1 2 7 0 2 7 0 2 7 0 2 7 1 2 7 0 2 4 0 2 7 16 15 2 17 18 2 0 2 7 1 2 7 17 18 2 0 2 7 0 2 7 0 2 7 1 2 7 0 2 7 1 2 7 1 2 7 1 2 3 0 2 7 0 2 7 5 30 3 0 2 7 0 2 7 1 2 7 1 2 7 0 2 7 17 9 2 6 2 7 6 2 7 12 16 2 13 6 3 1 2 7 1 2 7 1 2 11 1 2 7 0 2 7 0 60.2733585834503174
5 30 3 12 16 2 0 2 7 0 2 7 17 18 2 0 2 4 0 2 7 0 2 7 0 2 4 1 2 7 17 18 2 17 9 2 5 31 3 1 2 7 17 9 2 0 2 7 17 18 2 0 2 4 0 2 7 1 2 7 1 2 7 0 2 7 0 2 7 0 2 7 1 2 4 1 2 7 0 2 7 17 9 2 5 31 3 1 2 7 1 2 7 1 2 7 0 2 7 1 2 4 0 2 7 6 2 4 0 2 7 1 2 7 17 18 2 5 31 3 13 6 3 1 2 7 0 2 7 1 2 4 1 2 7 1 2 7 0 2 7 0 2 4 0 2 4 0 2 4 1 2 7 1 2 7 1 2 4 0 2 7 0 2 4 0 2 4 0 2 4 0 2 3 1 2 4 1 2 7 0 60.0918058753013611
5 31 3 12 16 2 0 2 7 5 30 3 13 6 3 0 2 7 17 18 2 0 2 7 0 2 7 0 2 7 0 2 7 17 18 2 1 2 4 1 2 7 0 2 7 17 9 2 0 2 7 0 2 7 0 2 7 0 2 7 1 2 7 1 2 7 5 31 3 0 2 4 0 2 7 0 2 7 0 2 7 0 2 7 0 2 7 0 2 7 0 2 7 1 2 7 0 2 7 17 18 2 5 30 3 13 6 3 1 2 7 1 2 7 1 2 7 1 2 7 1 2 7 1 2 7 5 30 3 1 2 7 17 9 2 1 2 4 0 2 7 0 2 7 0 2 7 1 2 7 17 18 2 1 2 7 0 2 7 16 31 2 0 2 7 1 2 7 1 2 7 1 2 7 1 2 7 0 2 7 0 59.9859005212783813
5 31 3 12 16 2 1 2 4 0 2 4 17 18 2 0 2 7 0 2 7 0 2 7 0 2 4 1 2 7 0 2 7 17 18 2 17 9 2 5 31 3 0 2 4 0 2 7 17 18 2 0 2 7 0 2 7 1 2 7 0 2 7 1 2 7 0 2 7 12 16 2 1 2 7 0 2 7 17 9 2 5 31 3 1 2 7 1 2 7 1 2 7 0 2 4 0 2 7 0 2 7 0 2 7 1 2 7 0 2 7 17 18 2 13 6 3 1 2 4 5 30 3 1 2 7 0 2 7 1 2 7 0 2 7 1 2 7 12 16 2 1 2 7 0 2 7 1 2 7 0 2 7 1 2 7 1 2 4 1 2 7 13 6 3 16 30 2 0 2 7 1 2 7 0 2 7 0 2 4 0 59.9908536672592163
5 30 3 12 16 2 0 2 7 0 2 7 17 18 2 0 2 4 0 2 7 0 2 7 0 2 4 1 2 7 17 18 2 17 9 2 5 31 3 1 2 7 17 9 2 0 2 7 17 18 2 0 2 4 0 2 7 1 2 7 1 2 7 0 2 7 0 2 7 0 2 7 1 2 4 1 2 7 0 2 7 17 9 2 5 31 3 1 2 7 1 2 7 1 2 7 0 2 7 1 2 4 0 2 3 0 2 7 1 2 7 17 18 2 5 31 3 13 6 3 1 2 7 0 2 7 1 2 4 1 2 7 1 2 7 0 2 7 0 2 4 0 2 4 0 2 4 1 2 4 0 2 7 0 2 4 1 2 4 6 2 7 1 2 7 1 2 7 0 2 4 0 2 4 0 2 7 1 2 4 0 60.0918058753013611
5 31 3 12 16 2 6 2 7 0 2 7 5 31 3 13 6 3 0 2 7 17 18 2 1 2 7 1 2 7 6 2 7 0 2 4 17 18 2 1 2 7 0 2 7 1 2 7 6 2 7 17 9 2 0 2 7 0 2 7 1 2 7 0 2 7 0 2 4 5 31 3 1 2 7 0 2 7 0 2 7 6 2 7 0 2 4 0 2 7 1 2 7 0 2 7 0 2 4 0 2 7 17 18 2 0 2 7 1 2 4 17 18 2 0 2 7 0 2 7 0 2 7 1 2 7 0 2 7 1 2 7 1 2 7 1 2 4 0 2 7 0 2 7 5 30 3 0 2 7 0 2 7 0 2 7 16 15 2 1 2 7 1 2 4 0 2 4 5 30 3 5 31 3 17 9 2 0 2 7 0 60.6928547620773315

Current Evaluation = 18000(18000)
Front Size = 10
5 30 3 12 16 2 0 2 7 0 2 7 1 2 7 17 18 2 0 2 7 0 2 4 1 2 7 13 6 3 1 2 7 0 2 7 0 2 7 1 2 7 1 2 7 0 2 7 17 18 2 17 9 2 5 31 3 0 2 7 0 2 7 0 2 4 0 2 7 17 18 2 0 2 4 0 2 7 17 18 2 0 2 7 0 2 7 1 2 7 17 18 2 1 2 7 0 2 7 0 2 7 0 2 4 5 30 3 0 2 7 12 16 2 13 6 3 0 2 7 1 2 7 1 2 7 17 9 2 0 2 7 5 31 3 1 2 7 0 2 7 1 2 7 5 30 3 1 2 7 13 6 3 0 2 7 0 2 7 1 2 7 1 2 7 1 2 7 0 2 7 1 2 4 1 2 7 1 2 7 0 59.940948486328125
5 30 3 12 16 2 0 2 7 0 2 7 17 18 2 0 2 4 0 2 4 0 2 7 0 2 7 1 2 7 0 2 4 17 18 2 17 9 2 5 31 3 1 2 4 1 2 7 0 2 7 17 18 2 0 2 7 0 2 7 1 2 4 1 2 4 1 2 7 0 2 7 0 2 7 0 2 7 1 2 7 0 2 7 0 2 7 17 9 2 5 31 3 1 2 4 1 2 7 1 2 4 0 2 7 1 2 7 0 2 7 1 2 4 0 2 7 0 2 7 1 2 7 0 2 7 0 2 7 1 2 4 0 2 7 0 2 7 17 18 2 1 2 4 5 31 3 0 2 7 1 2 4 13 6 3 1 2 4 17 9 2 6 2 3 1 2 7 0 2 7 1 2 4 0 2 7 1 2 4 0 60.0918058156967163
5 30 3 12 16 2 0 2 7 0 2 7 17 18 2 0 2 4 0 2 7 0 2 7 0 2 4 1 2 7 17 18 2 17 9 2 5 31 3 1 2 7 17 9 2 0 2 7 17 18 2 0 2 4 0 2 7 1 2 7 1 2 7 0 2 7 0 2 7 0 2 7 1 2 4 1 2 7 0 2 7 17 9 2 5 31 3 1 2 7 1 2 7 1 2 7 0 2 7 1 2 4 0 2 3 0 2 7 1 2 7 17 18 2 5 31 3 13 6 3 1 2 7 0 2 7 1 2 4 1 2 7 1 2 7 0 2 7 0 2 4 0 2 4 0 2 4 1 2 4 0 2 7 0 2 4 1 2 4 6 2 7 1 2 7 1 2 7 0 2 4 0 2 4 0 2 7 1 2 4 0 60.0918058753013611
5 31 3 12 16 2 1 2 4 0 2 4 17 18 2 0 2 7 0 2 7 0 2 7 0 2 4 1 2 7 0 2 7 17 18 2 17 9 2 5 31 3 0 2 4 0 2 7 17 18 2 0 2 7 0 2 7 1 2 7 0 2 7 1 2 7 0 2 7 12 16 2 1 2 7 0 2 7 17 9 2 5 31 3 1 2 7 1 2 7 1 2 7 0 2 4 0 2 7 0 2 7 0 2 7 1 2 7 0 2 7 17 18 2 13 6 3 1 2 4 5 30 3 1 2 7 0 2 7 1 2 7 0 2 7 1 2 7 12 16 2 1 2 7 0 2 7 1 2 7 0 2 7 1 2 7 1 2 4 1 2 7 13 6 3 16 30 2 0 2 7 1 2 7 0 2 7 0 2 4 0 59.9908536672592163
5 30 3 12 16 2 0 2 7 0 2 7 17 18 2 5 31 3 0 2 7 1 2 7 17 18 2 17 9 2 5 31 3 17 9 2 1 2 7 17 18 2 0 2 7 0 2 7 1 2 7 1 2 7 0 2 7 0 2 7 0 2 7 0 2 7 1 2 7 0 2 7 5 30 3 1 2 7 1 2 7 0 2 7 1 2 7 17 18 2 5 31 3 13 6 3 0 2 7 1 2 7 0 2 7 0 2 7 0 2 7 0 2 7 1 2 7 1 2 7 1 2 7 0 2 7 1 2 7 0 2 7 0 2 7 0 2 7 0 2 7 6 2 7 1 2 7 0 2 7 1 2 4 0 2 7 16 24 2 0 2 7 13 6 3 1 2 7 0 2 4 1 2 7 0 2 7 1 2 7 0 60.0594056248664856
5 30 3 12 16 2 0 2 4 0 2 7 17 18 2 0 2 7 0 2 7 0 2 7 0 2 7 1 2 7 13 6 3 17 18 2 17 9 2 5 30 3 1 2 7 1 2 7 1 2 3 17 18 2 0 2 7 0 2 7 1 2 4 1 2 7 0 2 4 1 2 4 5 31 3 0 2 7 0 2 7 0 2 4 0 2 7 17 9 2 5 31 3 1 2 4 0 2 7 0 2 7 1 2 4 0 2 7 0 2 4 0 2 7 1 2 7 17 18 2 13 6 3 1 2 7 0 2 7 1 2 7 0 2 7 0 2 4 1 2 7 0 2 7 1 2 7 1 2 7 0 2 7 0 2 7 0 2 7 5 30 3 17 9 2 1 2 7 0 2 7 1 2 7 1 2 4 1 2 7 0 60.0847896337509155
5 31 3 12 16 2 0 2 7 0 2 11 1 2 4 17 18 2 0 2 7 6 2 11 1 2 7 13 6 3 1 2 7 0 2 4 0 2 7 0 2 7 0 2 7 17 18 2 17 9 2 5 30 3 0 2 7 1 2 7 1 2 7 0 2 7 17 18 2 0 2 7 0 2 7 17 18 2 1 2 7 0 2 7 17 18 2 0 2 7 1 2 7 0 2 7 0 2 7 0 2 7 12 16 2 13 6 3 0 2 7 0 2 7 12 16 2 17 9 2 5 31 3 1 2 7 1 2 7 1 2 7 0 2 7 5 30 3 0 2 7 1 2 4 0 2 7 1 2 7 1 2 7 1 2 11 1 2 11 1 2 4 0 2 7 1 2 7 0 2 7 1 2 4 13 6 3 0 2 7 0 60.2022445201873779
5 30 3 12 16 2 1 2 7 0 2 4 17 18 2 0 2 7 0 2 7 1 2 7 0 2 4 17 18 2 17 9 2 5 31 3 1 2 7 17 9 2 1 2 7 17 18 2 0 2 7 5 30 3 1 2 4 1 2 4 0 2 7 0 2 7 0 2 4 0 2 7 1 2 7 0 2 7 17 9 2 5 31 3 0 2 7 1 2 7 1 2 7 0 2 7 1 2 7 0 2 7 1 2 3 17 18 2 13 6 3 0 2 7 0 2 7 1 2 7 0 2 7 0 2 7 1 2 7 0 2 7 0 2 4 1 2 7 1 2 7 1 2 4 0 2 4 1 2 7 0 2 4 0 2 4 0 2 7 1 2 7 5 30 3 13 6 3 0 2 7 1 2 7 0 2 7 0 2 7 0 60.0847896337509155
5 31 3 12 16 2 0 2 7 5 31 3 13 6 3 0 2 4 17 18 2 1 2 7 1 2 7 0 2 7 17 18 2 0 2 7 0 2 4 0 2 7 17 9 2 0 2 7 0 2 7 1 2 7 0 2 7 1 2 7 5 31 3 0 2 7 1 2 7 0 2 7 0 2 7 0 2 7 1 2 7 0 2 4 0 2 7 16 15 2 17 18 2 0 2 7 1 2 7 17 18 2 0 2 7 0 2 7 0 2 7 1 2 7 0 2 7 1 2 7 1 2 7 1 2 3 0 2 7 0 2 7 5 30 3 0 2 7 0 2 7 1 2 7 1 2 7 0 2 7 17 9 2 6 2 7 6 2 7 12 16 2 13 6 3 1 2 7 1 2 7 1 2 11 1 2 7 0 2 7 0 60.2733585834503174
5 30 3 12 16 2 0 2 4 0 2 7 17 18 2 0 2 7 0 2 4 1 2 7 6 2 3 1 2 4 17 18 2 17 9 2 5 31 3 1 2 4 17 9 2 1 2 7 17 18 2 0 2 7 0 2 7 1 2 7 1 2 7 0 2 7 0 2 7 0 2 7 0 2 4 1 2 7 0 2 7 17 9 2 5 31 3 1 2 7 1 2 4 1 2 7 0 2 7 1 2 4 0 2 4 1 2 7 17 18 2 5 31 3 13 6 3 0 2 4 0 2 7 1 2 7 0 2 7 0 2 7 0 2 4 1 2 4 0 2 7 0 2 7 0 2 4 1 2 7 1 2 4 1 2 7 1 2 7 0 2 4 0 2 7 1 2 7 0 2 7 1 2 4 0 2 7 0 2 7 0 60.0918058156967163

MonoObjective Genetic Algorithm
Number of Evaluations = 0
Mutation Probability = 0
Crossover Probability = 1
Population Size = 10
Survival Selection Type = 16

Time =  18003.5157401561737

Current Evaluation = 2010
Front Size = 10
5 30 3 12 16 2 0 2 7 0 2 7 1 2 7 17 18 2 0 2 7 0 2 4 1 2 7 13 6 3 1 2 7 0 2 7 0 2 7 1 2 7 1 2 7 0 2 7 17 18 2 17 9 2 5 31 3 0 2 7 0 2 7 0 2 4 0 2 7 17 18 2 0 2 4 0 2 7 17 18 2 0 2 7 0 2 7 1 2 7 17 18 2 1 2 7 0 2 7 0 2 7 0 2 4 5 30 3 0 2 7 12 16 2 13 6 3 0 2 7 1 2 7 1 2 7 17 9 2 0 2 7 5 31 3 1 2 7 0 2 7 1 2 7 5 30 3 1 2 7 13 6 3 0 2 7 0 2 7 1 2 7 1 2 7 1 2 7 0 2 7 1 2 4 1 2 7 1 2 7 0 59.940948486328125
5 30 3 12 16 2 0 2 7 0 2 7 17 18 2 0 2 4 0 2 4 0 2 7 0 2 7 1 2 7 0 2 4 17 18 2 17 9 2 5 31 3 1 2 4 1 2 7 0 2 7 17 18 2 0 2 7 0 2 7 1 2 4 1 2 4 1 2 7 0 2 7 0 2 7 0 2 7 1 2 7 0 2 7 0 2 7 17 9 2 5 31 3 1 2 4 1 2 7 1 2 4 0 2 7 1 2 7 0 2 7 1 2 4 0 2 7 0 2 7 1 2 7 0 2 7 0 2 7 1 2 4 0 2 7 0 2 7 17 18 2 1 2 4 5 31 3 0 2 7 1 2 4 13 6 3 1 2 4 17 9 2 6 2 3 1 2 7 0 2 7 1 2 4 0 2 7 1 2 4 0 60.0918058156967163
5 30 3 12 16 2 0 2 7 0 2 7 17 18 2 0 2 4 0 2 7 0 2 7 0 2 4 1 2 7 17 18 2 17 9 2 5 31 3 1 2 7 17 9 2 0 2 7 17 18 2 0 2 4 0 2 7 1 2 7 1 2 7 0 2 7 0 2 7 0 2 7 1 2 4 1 2 7 0 2 7 17 9 2 5 31 3 1 2 7 1 2 7 1 2 7 0 2 7 1 2 4 0 2 3 0 2 7 1 2 7 17 18 2 5 31 3 13 6 3 1 2 7 0 2 7 1 2 4 1 2 7 1 2 7 0 2 7 0 2 4 0 2 4 0 2 4 1 2 4 0 2 7 0 2 4 1 2 4 6 2 7 1 2 7 1 2 7 0 2 4 0 2 4 0 2 7 1 2 4 0 60.0918058753013611
5 31 3 12 16 2 1 2 4 0 2 4 17 18 2 0 2 7 0 2 7 0 2 7 0 2 4 1 2 7 0 2 7 17 18 2 17 9 2 5 31 3 0 2 4 0 2 7 17 18 2 0 2 7 0 2 7 1 2 7 0 2 7 1 2 7 0 2 7 12 16 2 1 2 7 0 2 7 17 9 2 5 31 3 1 2 7 1 2 7 1 2 7 0 2 4 0 2 7 0 2 7 0 2 7 1 2 7 0 2 7 17 18 2 13 6 3 1 2 4 5 30 3 1 2 7 0 2 7 1 2 7 0 2 7 1 2 7 12 16 2 1 2 7 0 2 7 1 2 7 0 2 7 1 2 7 1 2 4 1 2 7 13 6 3 16 30 2 0 2 7 1 2 7 0 2 7 0 2 4 0 59.9908536672592163
5 30 3 12 16 2 0 2 7 0 2 7 17 18 2 5 31 3 0 2 7 1 2 7 17 18 2 17 9 2 5 31 3 17 9 2 1 2 7 17 18 2 0 2 7 0 2 7 1 2 7 1 2 7 0 2 7 0 2 7 0 2 7 0 2 7 1 2 7 0 2 7 5 30 3 1 2 7 1 2 7 0 2 7 1 2 7 17 18 2 5 31 3 13 6 3 0 2 7 1 2 7 0 2 7 0 2 7 0 2 7 0 2 7 1 2 7 1 2 7 1 2 7 0 2 7 1 2 7 0 2 7 0 2 7 0 2 7 0 2 7 6 2 7 1 2 7 0 2 7 1 2 4 0 2 7 16 24 2 0 2 7 13 6 3 1 2 7 0 2 4 1 2 7 0 2 7 1 2 7 0 60.0594056248664856
5 30 3 12 16 2 0 2 4 0 2 7 17 18 2 0 2 7 0 2 7 0 2 7 0 2 7 1 2 7 13 6 3 17 18 2 17 9 2 5 30 3 1 2 7 1 2 7 1 2 3 17 18 2 0 2 7 0 2 7 1 2 4 1 2 7 0 2 4 1 2 4 5 31 3 0 2 7 0 2 7 0 2 4 0 2 7 17 9 2 5 31 3 1 2 4 0 2 7 0 2 7 1 2 4 0 2 7 0 2 4 0 2 7 1 2 7 17 18 2 13 6 3 1 2 7 0 2 7 1 2 7 0 2 7 0 2 4 1 2 7 0 2 7 1 2 7 1 2 7 0 2 7 0 2 7 0 2 7 5 30 3 17 9 2 1 2 7 0 2 7 1 2 7 1 2 4 1 2 7 0 60.0847896337509155
5 31 3 12 16 2 0 2 7 0 2 11 1 2 4 17 18 2 0 2 7 6 2 11 1 2 7 13 6 3 1 2 7 0 2 4 0 2 7 0 2 7 0 2 7 17 18 2 17 9 2 5 30 3 0 2 7 1 2 7 1 2 7 0 2 7 17 18 2 0 2 7 0 2 7 17 18 2 1 2 7 0 2 7 17 18 2 0 2 7 1 2 7 0 2 7 0 2 7 0 2 7 12 16 2 13 6 3 0 2 7 0 2 7 12 16 2 17 9 2 5 31 3 1 2 7 1 2 7 1 2 7 0 2 7 5 30 3 0 2 7 1 2 4 0 2 7 1 2 7 1 2 7 1 2 11 1 2 11 1 2 4 0 2 7 1 2 7 0 2 7 1 2 4 13 6 3 0 2 7 0 60.2022445201873779
5 30 3 12 16 2 1 2 7 0 2 4 17 18 2 0 2 7 0 2 7 1 2 7 0 2 4 17 18 2 17 9 2 5 31 3 1 2 7 17 9 2 1 2 7 17 18 2 0 2 7 5 30 3 1 2 4 1 2 4 0 2 7 0 2 7 0 2 4 0 2 7 1 2 7 0 2 7 17 9 2 5 31 3 0 2 7 1 2 7 1 2 7 0 2 7 1 2 7 0 2 7 1 2 3 17 18 2 13 6 3 0 2 7 0 2 7 1 2 7 0 2 7 0 2 7 1 2 7 0 2 7 0 2 4 1 2 7 1 2 7 1 2 4 0 2 4 1 2 7 0 2 4 0 2 4 0 2 7 1 2 7 5 30 3 13 6 3 0 2 7 1 2 7 0 2 7 0 2 7 0 60.0847896337509155
5 31 3 12 16 2 0 2 7 5 31 3 13 6 3 0 2 4 17 18 2 1 2 7 1 2 7 0 2 7 17 18 2 0 2 7 0 2 4 0 2 7 17 9 2 0 2 7 0 2 7 1 2 7 0 2 7 1 2 7 5 31 3 0 2 7 1 2 7 0 2 7 0 2 7 0 2 7 1 2 7 0 2 4 0 2 7 16 15 2 17 18 2 0 2 7 1 2 7 17 18 2 0 2 7 0 2 7 0 2 7 1 2 7 0 2 7 1 2 7 1 2 7 1 2 3 0 2 7 0 2 7 5 30 3 0 2 7 0 2 7 1 2 7 1 2 7 0 2 7 17 9 2 6 2 7 6 2 7 12 16 2 13 6 3 1 2 7 1 2 7 1 2 11 1 2 7 0 2 7 0 60.2733585834503174
5 30 3 12 16 2 0 2 4 0 2 7 17 18 2 0 2 7 0 2 4 1 2 7 6 2 3 1 2 4 17 18 2 17 9 2 5 31 3 1 2 4 17 9 2 1 2 7 17 18 2 0 2 7 0 2 7 1 2 7 1 2 7 0 2 7 0 2 7 0 2 7 0 2 4 1 2 7 0 2 7 17 9 2 5 31 3 1 2 7 1 2 4 1 2 7 0 2 7 1 2 4 0 2 4 1 2 7 17 18 2 5 31 3 13 6 3 0 2 4 0 2 7 1 2 7 0 2 7 0 2 7 0 2 4 1 2 4 0 2 7 0 2 7 0 2 4 1 2 7 1 2 4 1 2 7 1 2 7 0 2 4 0 2 7 1 2 7 0 2 7 1 2 4 0 2 7 0 2 7 0 60.0918058156967163

