Current Evaluation = 450(450)
Front Size = 10
1 2 4 5 31 3 0 2 7 0 2 7 12 16 2 0 2 7 1 2 7 1 2 4 0 2 7 5 31 3 0 2 3 0 2 7 0 2 7 1 2 7 0 2 7 17 18 2 0 2 3 16 6 2 0 2 7 0 2 7 0 2 7 0 2 7 0 2 7 1 2 7 1 2 7 5 30 3 12 16 2 0 2 7 0 2 7 1 2 4 0 2 7 1 2 4 0 2 7 13 6 3 1 2 7 1 2 3 17 18 2 1 2 7 0 2 7 17 9 2 0 40.6464567184448242
0 2 8 17 9 2 0 2 8 0 2 8 1 2 8 0 2 8 0 2 8 0 2 8 12 16 2 8 18 2 8 18 2 5 30 3 5 30 3 12 16 2 8 9 2 0 2 8 0 2 8 1 2 8 0 2 8 16 19 12 8 9 2 1 2 8 0 2 8 5 30 3 0 2 8 0 2 8 0 2 8 16 19 12 8 9 2 5 30 3 0 2 8 16 19 12 16 6 2 0 2 8 0 2 8 5 30 3 0 2 8 5 30 3 0 2 8 0 2 8 0.00248510287217381482 45.8069248199462891
0 2 3 0 2 3 5 30 3 16 19 11 16 19 12 0 2 7 16 9 8 0 2 7 12 16 2 0 2 3 0 2 7 0 2 7 0 2 7 0 2 3 5 31 3 0 2 3 1 2 12 0 2 3 5 30 3 0 2 3 1 2 7 0 2 3 0 2 3 5 30 3 0 2 7 1 2 11 5 30 3 0 2 3 0 2 3 0 2 3 0 2 3 16 19 12 0 2 7 0 2 7 16 19 12 0 2 3 0 2 3 1 2 3 0 2 3 5 30 3 2.88950637707532132e-06 44.4306637048721313
0 2 11 6 2 7 12 16 2 0 2 4 1 2 7 5 30 3 0 2 11 0 2 4 1 2 7 0 2 4 17 18 2 0 2 7 1 2 7 6 2 7 0 2 4 0 2 11 1 2 7 0 2 7 5 30 3 12 16 2 0 2 7 1 2 7 1 2 7 0 2 7 0 2 7 1 2 7 1 2 7 0 2 7 5 30 3 1 2 7 8 9 2 0 2 11 5 31 3 16 31 2 0 2 11 0 2 4 0 2 7 17 18 2 0 2 11 17 9 2 0 41.4473531246185303
5 30 3 17 18 2 1 2 4 0 2 7 12 16 2 0 2 3 0 2 11 0 2 7 5 30 3 5 30 3 0 2 3 0 2 4 1 2 3 0 2 4 1 2 3 0 2 7 12 16 2 12 16 2 16 19 11 1 2 7 8 9 2 0 2 3 5 30 3 0 2 3 0 2 7 0 2 10 1 2 10 1 2 4 6 2 7 1 2 11 0 2 3 0 2 7 0 2 3 16 18 11 1 2 3 17 18 2 0 2 7 0 2 3 0 2 3 0 2 7 0 42.857656717300415
5 30 3 1 2 3 5 30 3 0 2 7 16 19 11 0 2 7 1 2 7 0 2 7 0 2 7 0 2 3 0 2 7 5 30 3 16 6 2 0 2 7 12 16 2 16 19 11 13 6 3 1 2 7 16 19 11 0 2 3 0 2 7 12 16 2 0 2 7 0 2 3 5 30 3 0 2 7 0 2 8 0 2 7 0 2 7 0 2 7 5 30 3 0 2 3 8 9 2 5 30 3 0 2 7 16 6 2 0 2 3 0 2 3 0 2 3 0 2 7 9.34041179492296362e-05 42.5495293140411377
0 2 7 1 2 7 5 31 3 1 2 7 0 2 7 12 16 2 0 2 7 0 2 7 6 2 7 5 30 3 0 2 7 0 2 7 0 2 7 6 2 7 0 2 7 16 19 11 0 2 7 5 31 3 0 2 7 0 2 7 0 2 7 0 2 7 0 2 7 16 19 11 0 2 7 1 2 7 0 2 7 5 31 3 0 2 7 5 31 3 0 2 7 0 2 7 0 2 7 12 16 2 16 19 11 16 19 11 0 2 7 0 2 7 17 9 2 5 30 3 0 42.6865063905715942
0 2 3 0 2 3 5 31 3 0 2 7 16 19 12 8 9 2 5 30 3 0 2 3 5 31 3 0 2 3 1 2 7 12 16 2 5 31 3 17 18 2 0 2 7 16 19 12 0 2 7 1 2 3 1 2 7 0 2 3 0 2 3 5 31 3 0 2 3 0 2 7 0 2 7 0 2 3 0 2 3 0 2 7 17 18 2 1 2 3 1 2 3 0 2 3 16 19 12 0 2 7 1 2 7 1 2 7 8 9 2 0 2 3 0 2 7 1 2 3 5.30390395365348515e-05 43.6684712171554565
1 2 7 5 31 3 0 2 7 0 2 7 12 16 2 0 2 7 6 2 7 1 2 7 5 30 3 5 31 3 0 2 7 5 30 3 0 2 7 5 30 3 0 2 7 1 2 7 0 2 7 17 18 2 16 20 12 0 2 11 0 2 7 0 2 11 16 6 2 0 2 7 0 2 7 0 2 7 6 2 3 0 2 11 0 2 10 0 2 7 0 2 7 0 2 3 0 2 7 1 2 10 17 18 2 16 19 11 1 2 7 0 2 7 1 2 7 5 31 3 0 42.0328407883644104
1 2 3 1 2 4 5 31 3 0 2 3 0 2 3 0 2 7 0 2 7 0 2 3 0 2 3 0 2 3 0 2 7 0 2 7 6 2 3 0 2 3 0 2 7 12 16 2 5 30 3 0 2 7 0 2 7 1 2 7 1 2 7 1 2 7 0 2 7 0 2 7 16 9 11 12 16 2 0 2 7 5 30 3 12 16 2 1 2 3 1 2 3 12 16 2 17 9 2 0 2 7 1 2 7 16 30 2 16 19 11 5 30 3 0 2 3 13 6 3 0 42.2039216160774231

Current Evaluation = 900(900)
Front Size = 10
12 16 2 5 31 3 8 18 2 1 2 7 17 18 2 0 2 7 1 2 7 1 2 7 13 6 3 1 2 7 0 2 7 1 2 7 1 2 7 0 2 7 0 2 7 1 2 7 5 30 3 1 2 4 17 18 2 17 9 2 0 2 7 1 2 7 0 2 7 0 2 7 0 2 7 0 2 7 1 2 7 0 2 7 0 2 7 0 2 7 0 2 7 1 2 7 1 2 7 1 2 7 17 9 2 0 2 7 0 2 7 0 2 7 5 31 3 0 2 7 0 40.3745987415313721
5 30 3 5 30 3 1 2 7 1 2 3 1 2 3 1 2 7 0 2 7 0 2 11 5 30 3 0 2 7 12 16 2 0 2 7 0 2 11 0 2 3 8 9 2 0 2 7 6 2 11 0 2 11 0 2 3 16 24 2 0 2 7 17 18 2 0 2 4 1 2 3 0 2 7 5 30 3 0 2 3 16 6 2 1 2 7 0 2 7 0 2 7 5 30 3 17 18 2 8 18 2 0 2 7 0 2 7 0 2 3 1 2 3 1 2 7 0 2 3 0 42.1619249582290649
0 2 8 17 9 2 0 2 8 0 2 8 1 2 8 0 2 8 0 2 8 0 2 8 12 16 2 8 18 2 8 18 2 5 30 3 5 30 3 12 16 2 8 9 2 0 2 8 0 2 8 1 2 8 0 2 8 16 19 12 8 9 2 1 2 8 0 2 8 5 30 3 0 2 8 0 2 8 0 2 8 16 19 12 8 9 2 5 30 3 0 2 8 16 19 12 16 6 2 0 2 8 0 2 8 5 30 3 0 2 8 5 30 3 0 2 8 0 2 8 0.00248510287217381482 45.8069248199462891
0 2 11 6 2 7 12 16 2 0 2 4 1 2 7 5 30 3 0 2 11 0 2 4 1 2 7 0 2 4 17 18 2 0 2 7 1 2 7 6 2 7 0 2 4 0 2 11 1 2 7 0 2 7 5 30 3 12 16 2 0 2 7 1 2 7 1 2 7 0 2 7 0 2 7 1 2 7 1 2 7 0 2 7 5 30 3 1 2 7 8 9 2 0 2 11 5 31 3 16 31 2 0 2 11 0 2 4 0 2 7 17 18 2 0 2 11 17 9 2 0 41.4473531246185303
0 2 3 0 2 7 5 30 3 16 19 12 0 2 3 0 2 7 0 2 7 0 2 7 0 2 3 0 2 3 0 2 3 5 30 3 0 2 7 0 2 3 5 30 3 1 2 7 0 2 7 5 31 3 0 2 3 0 2 7 0 2 3 0 2 3 1 2 7 16 6 2 16 19 12 12 16 2 0 2 7 0 2 7 0 2 3 0 2 7 1 2 3 0 2 3 0 2 3 0 2 7 16 19 12 16 19 12 0 2 3 1 2 7 5 31 3 5 30 3 8.04662488813562314e-07 43.7059258222579956
5 30 3 17 18 2 0 2 7 12 16 2 0 2 7 5 30 3 0 2 7 12 16 2 16 19 11 1 2 7 0 2 7 6 2 7 0 2 7 0 2 7 0 2 7 1 2 7 0 2 3 0 2 11 5 30 3 6 2 7 0 2 7 0 2 7 0 2 4 1 2 3 12 16 2 8 9 2 0 2 7 0 2 7 6 2 7 0 2 10 1 2 10 0 2 7 0 2 7 16 19 11 0 2 7 16 18 11 0 2 7 5 31 3 0 2 3 16 19 11 0.0112680047325494116 42.4335905313491821
12 16 2 5 30 3 5 30 3 12 16 2 16 6 2 5 30 3 0 2 8 0 2 8 0 2 7 5 31 3 0 2 7 0 2 7 8 9 2 1 2 7 0 2 8 8 9 2 1 2 8 8 18 2 0 2 8 0 2 8 5 30 3 16 19 12 0 2 8 8 9 2 0 2 7 5 31 3 16 19 11 1 2 7 16 19 11 0 2 8 5 30 3 1 2 7 0 2 8 0 2 8 0 2 8 0 2 7 17 9 2 0 2 8 0 2 7 5 31 3 0.0688913565360635693 44.7964422702789307
5 30 3 17 18 2 1 2 4 0 2 7 12 16 2 0 2 3 0 2 11 0 2 7 5 30 3 5 30 3 0 2 3 0 2 4 1 2 3 0 2 4 1 2 3 0 2 7 12 16 2 12 16 2 16 19 11 1 2 7 8 9 2 0 2 3 5 30 3 0 2 3 0 2 7 0 2 10 1 2 10 1 2 4 6 2 7 1 2 11 0 2 3 0 2 7 0 2 3 16 18 11 1 2 3 17 18 2 0 2 7 0 2 3 0 2 3 0 2 7 0 42.857656717300415
5 30 3 5 30 3 0 2 7 1 2 7 1 2 7 0 2 3 0 2 7 0 2 7 5 30 3 0 2 4 1 2 7 0 2 7 8 18 2 0 2 3 16 19 11 1 2 7 0 2 3 0 2 7 0 2 7 1 2 7 0 2 7 0 2 3 17 9 2 5 31 3 0 2 7 0 2 7 0 2 7 0 2 3 16 6 2 1 2 3 1 2 7 0 2 7 0 2 3 1 2 11 17 9 2 1 2 7 0 2 7 1 2 7 0 2 3 16 19 11 0 41.8083856105804443
12 16 2 5 30 3 0 2 7 13 6 3 0 2 3 1 2 7 0 2 11 5 30 3 0 2 12 1 2 4 0 2 7 0 2 7 1 2 11 1 2 7 5 30 3 17 18 2 17 9 2 0 2 7 1 2 7 1 2 7 1 2 7 0 2 7 0 2 7 13 6 3 0 2 7 1 2 3 0 2 7 8 18 2 0 2 8 0 2 7 0 2 7 1 2 7 12 16 2 0 2 7 17 9 2 1 2 7 0 2 7 5 30 3 0 2 7 17 9 2 0 41.0283466577529907

Current Evaluation = 1350(1350)
Front Size = 10
12 16 2 5 30 3 0 2 4 1 2 4 0 2 7 5 30 3 1 2 7 0 2 7 1 2 7 5 30 3 17 18 2 17 9 2 0 2 7 0 2 7 1 2 7 1 2 4 0 2 7 0 2 7 0 2 7 1 2 7 12 16 2 1 2 7 13 6 3 0 2 7 0 2 7 5 31 3 0 2 7 13 6 3 0 2 7 0 2 7 0 2 7 0 2 7 0 2 7 1 2 7 0 2 7 17 9 2 0 2 7 1 2 7 1 2 7 17 18 2 0 40.3689725399017334
5 30 3 17 18 2 1 2 4 0 2 7 12 16 2 0 2 3 0 2 11 0 2 7 5 30 3 5 30 3 0 2 3 0 2 4 1 2 3 0 2 4 1 2 3 0 2 7 12 16 2 12 16 2 16 19 11 1 2 7 8 9 2 0 2 3 5 30 3 0 2 3 0 2 7 0 2 10 1 2 10 1 2 4 6 2 7 1 2 11 0 2 3 0 2 7 0 2 3 16 18 11 1 2 3 17 18 2 0 2 7 0 2 3 0 2 3 0 2 7 0 42.857656717300415
0 2 3 0 2 7 5 30 3 16 19 12 0 2 3 0 2 7 0 2 7 0 2 7 0 2 3 0 2 3 0 2 3 5 30 3 0 2 7 0 2 3 5 30 3 1 2 7 0 2 7 5 31 3 0 2 3 0 2 7 0 2 3 0 2 3 1 2 7 16 6 2 16 19 12 12 16 2 0 2 7 0 2 7 0 2 3 0 2 7 1 2 3 0 2 3 0 2 3 0 2 7 16 19 12 16 19 12 0 2 3 1 2 7 5 31 3 5 30 3 8.04662488813562314e-07 43.7059258222579956
0 2 11 6 2 7 12 16 2 0 2 4 1 2 7 5 30 3 0 2 11 0 2 4 1 2 7 0 2 4 17 18 2 0 2 7 1 2 7 6 2 7 0 2 4 0 2 11 1 2 7 0 2 7 5 30 3 12 16 2 0 2 7 1 2 7 1 2 7 0 2 7 0 2 7 1 2 7 1 2 7 0 2 7 5 30 3 1 2 7 8 9 2 0 2 11 5 31 3 16 31 2 0 2 11 0 2 4 0 2 7 17 18 2 0 2 11 17 9 2 0 41.4473531246185303
0 2 8 17 9 2 0 2 8 0 2 8 1 2 8 0 2 8 0 2 8 0 2 8 12 16 2 8 18 2 8 18 2 5 30 3 5 30 3 12 16 2 8 9 2 0 2 8 0 2 8 1 2 8 0 2 8 16 19 12 8 9 2 1 2 8 0 2 8 5 30 3 0 2 8 0 2 8 0 2 8 16 19 12 8 9 2 5 30 3 0 2 8 16 19 12 16 6 2 0 2 8 0 2 8 5 30 3 0 2 8 5 30 3 0 2 8 0 2 8 0.00248510287217381482 45.8069248199462891
5 31 3 5 31 3 0 2 7 1 2 7 0 2 8 0 2 7 5 31 3 0 2 13 12 16 2 0 2 3 0 2 4 1 2 7 0 2 7 0 2 4 6 2 11 5 30 3 0 2 7 16 6 2 0 2 7 0 2 3 0 2 7 0 2 7 1 2 7 0 2 7 0 2 4 0 2 3 17 18 2 16 19 11 1 2 7 5 30 3 0 2 7 0 2 7 1 2 7 1 2 7 0 2 7 6 2 7 16 19 12 0 2 7 6 2 7 17 18 2 0 42.0341628789901733
5 30 3 0 2 7 12 16 2 0 2 7 5 30 3 0 2 7 0 2 7 0 2 7 0 2 7 0 2 7 0 2 7 1 2 3 6 2 3 5 30 3 0 2 11 0 2 7 0 2 7 0 2 3 0 2 3 5 30 3 0 2 7 17 18 2 12 16 2 16 19 11 13 6 3 0 2 7 0 2 7 16 19 11 12 16 2 0 2 3 1 2 11 16 19 11 0 2 7 0 2 11 0 2 7 5 30 3 5 31 3 0 2 7 0 2 7 0 2 7 0 43.0753812789916992
5 30 3 5 30 3 1 2 7 1 2 3 1 2 3 1 2 7 0 2 7 0 2 11 5 30 3 0 2 7 12 16 2 0 2 7 0 2 11 0 2 3 8 9 2 0 2 7 6 2 11 0 2 11 0 2 3 16 24 2 0 2 7 17 18 2 0 2 4 1 2 3 0 2 7 5 30 3 0 2 3 16 6 2 1 2 7 0 2 7 0 2 7 5 30 3 17 18 2 8 18 2 0 2 7 0 2 7 0 2 3 1 2 3 1 2 7 0 2 3 0 42.1619249582290649
16 19 11 12 16 2 5 30 3 5 30 3 12 16 2 5 30 3 0 2 7 0 2 11 17 9 2 1 2 11 0 2 7 1 2 7 0 2 7 8 9 2 0 2 11 0 2 7 0 2 7 0 2 7 1 2 7 1 2 11 0 2 7 8 9 2 0 2 7 1 2 7 0 2 7 5 30 3 1 2 7 0 2 7 8 9 2 17 18 2 0 2 7 16 6 2 0 2 11 0 2 7 0 2 7 0 2 11 1 2 7 5 30 3 0 2 11 0 2 7 0 42.2706016302108765
17 9 2 12 16 2 5 30 3 5 30 3 12 16 2 5 30 3 0 2 8 5 31 3 0 2 8 1 2 8 0 2 8 0 2 8 0 2 7 0 2 7 8 18 2 8 9 2 0 2 8 0 2 8 1 2 8 1 2 7 16 19 12 13 6 3 1 2 7 0 2 8 17 18 2 1 2 7 0 2 7 16 19 12 0 2 7 5 30 3 1 2 4 1 2 7 16 6 2 0 2 7 0 2 8 5 30 3 1 2 4 5 30 3 0 2 8 0 2 7 0.0311722655490242646 43.3114770650863647

Current Evaluation = 1800(1800)
Front Size = 10
12 16 2 5 30 3 0 2 4 1 2 4 0 2 7 5 30 3 1 2 7 0 2 7 1 2 7 5 30 3 17 18 2 17 9 2 0 2 7 0 2 7 1 2 7 1 2 4 0 2 7 0 2 7 0 2 7 1 2 7 12 16 2 1 2 7 13 6 3 0 2 7 0 2 7 5 31 3 0 2 7 13 6 3 0 2 7 0 2 7 0 2 7 0 2 7 0 2 7 1 2 7 0 2 7 17 9 2 0 2 7 1 2 7 1 2 7 17 18 2 0 40.3689725399017334
0 2 3 5 31 3 1 2 3 5 30 3 0 2 3 5 30 3 1 2 7 12 16 2 0 2 3 0 2 3 0 2 3 0 2 12 0 2 3 0 2 3 0 2 3 0 2 7 0 2 7 1 2 3 0 2 3 0 2 3 0 2 3 0 2 12 0 2 3 16 19 12 0 2 3 0 2 3 1 2 7 0 2 3 0 2 7 16 9 8 0 2 3 16 19 12 16 19 11 5 30 3 5 30 3 0 2 7 0 2 12 0 2 7 16 19 12 5 30 3 3.76578407475743851e-06 44.6570638418197632
5 30 3 1 2 7 12 16 2 12 16 2 1 2 3 1 2 7 0 2 7 0 2 3 0 2 7 0 2 7 17 18 2 12 16 2 0 2 7 0 2 7 0 2 7 0 2 3 12 16 2 0 2 3 0 2 7 5 31 3 1 2 3 0 2 7 0 2 3 1 2 3 0 2 7 0 2 7 0 2 3 1 2 3 1 2 3 16 9 11 0 2 7 13 6 3 16 6 2 5 30 3 0 2 3 16 18 11 1 2 7 1 2 3 1 2 7 0 2 3 0 42.1271777153015137
16 19 11 12 16 2 5 30 3 5 30 3 12 16 2 5 30 3 0 2 7 0 2 11 17 9 2 1 2 11 0 2 7 1 2 7 0 2 7 8 9 2 0 2 11 0 2 7 0 2 7 0 2 7 1 2 7 1 2 11 0 2 7 8 9 2 0 2 7 1 2 7 0 2 7 5 30 3 1 2 7 0 2 7 8 9 2 17 18 2 0 2 7 16 6 2 0 2 11 0 2 7 0 2 7 0 2 11 1 2 7 5 30 3 0 2 11 0 2 7 0 42.2706016302108765
0 2 8 17 9 2 0 2 8 0 2 8 1 2 8 0 2 8 0 2 8 0 2 8 12 16 2 8 18 2 8 18 2 5 30 3 5 30 3 12 16 2 8 9 2 0 2 8 0 2 8 1 2 8 0 2 8 16 19 12 8 9 2 1 2 8 0 2 8 5 30 3 0 2 8 0 2 8 0 2 8 16 19 12 8 9 2 5 30 3 0 2 8 16 19 12 16 6 2 0 2 8 0 2 8 5 30 3 0 2 8 5 30 3 0 2 8 0 2 8 0.00248510287217381482 45.8069248199462891
12 16 2 5 30 3 5 30 3 5 30 3 17 9 2 12 16 2 0 2 4 8 18 2 0 2 8 1 2 7 0 2 8 1 2 7 0 2 8 0 2 8 0 2 8 1 2 7 1 2 4 0 2 7 0 2 7 0 2 8 1 2 7 0 2 8 1 2 8 0 2 8 0 2 7 0 2 8 5 30 3 13 6 3 0 2 7 16 19 12 16 19 12 0 2 7 0 2 7 1 2 7 0 2 7 16 19 12 1 2 8 1 2 7 1 2 8 8 9 2 0.00102173962798724426 43.1341681480407715
5 30 3 0 2 7 12 16 2 0 2 7 5 30 3 0 2 7 0 2 7 0 2 7 0 2 7 0 2 7 0 2 7 1 2 3 6 2 3 5 30 3 0 2 11 0 2 7 0 2 7 0 2 3 0 2 3 5 30 3 0 2 7 17 18 2 12 16 2 16 19 11 13 6 3 0 2 7 0 2 7 16 19 11 12 16 2 0 2 3 1 2 11 16 19 11 0 2 7 0 2 11 0 2 7 5 30 3 5 31 3 0 2 7 0 2 7 0 2 7 0 43.0753812789916992
5 30 3 0 2 7 12 16 2 0 2 7 0 2 7 0 2 3 1 2 4 0 2 7 1 2 3 0 2 7 0 2 7 1 2 4 0 2 4 17 18 2 12 16 2 1 2 7 0 2 7 16 15 2 1 2 3 0 2 3 1 2 4 0 2 7 0 2 3 1 2 7 1 2 3 0 2 7 0 2 7 8 9 2 5 30 3 0 2 7 0 2 7 0 2 7 5 30 3 5 30 3 0 2 7 17 9 2 16 19 11 8 9 2 0 2 7 0 2 3 0 42.0216935873031616
0 2 11 12 16 2 0 2 4 1 2 7 5 30 3 0 2 11 1 2 7 17 18 2 0 2 7 1 2 7 0 2 11 1 2 7 0 2 7 5 30 3 0 2 7 0 2 7 0 2 7 0 2 7 5 30 3 8 9 2 0 2 7 17 18 2 1 2 3 8 18 2 0 2 4 5 30 3 0 2 4 12 16 2 1 2 7 0 2 3 0 2 3 16 6 2 1 2 7 0 2 11 5 31 3 16 31 2 1 2 3 0 2 4 0 2 11 17 9 2 0.00888457555338823327 41.9643750190734863
5 30 3 0 2 7 12 16 2 0 2 7 5 31 3 0 2 7 0 2 7 1 2 7 0 2 7 6 2 7 1 2 7 5 31 3 0 2 7 0 2 7 0 2 7 5 31 3 0 2 7 17 18 2 12 16 2 16 19 13 0 2 7 0 2 7 16 6 2 0 2 7 1 2 7 5 31 3 1 2 7 0 2 7 0 2 7 0 2 7 16 6 2 16 19 13 0 2 7 1 2 7 0 2 7 0 2 7 0 2 7 6 2 7 0 2 7 0 2 4 0 41.6298596858978271

Current Evaluation = 2250(2250)
Front Size = 10
0 2 7 0 2 7 12 16 2 1 2 7 5 30 3 1 2 7 0 2 7 1 2 7 1 2 7 0 2 7 0 2 7 5 31 3 1 2 7 0 2 4 0 2 7 12 16 2 5 31 3 1 2 7 0 2 7 1 2 7 17 9 2 1 2 7 12 16 2 13 6 3 0 2 7 17 18 2 0 2 7 0 2 7 17 9 2 0 2 7 1 2 7 0 2 7 6 2 7 0 2 7 1 2 7 0 2 4 0 2 7 13 6 3 17 9 2 1 2 7 0 40.2815956473350525
0 2 8 17 9 2 0 2 8 0 2 8 1 2 8 0 2 8 0 2 8 0 2 8 12 16 2 8 18 2 8 18 2 5 30 3 5 30 3 12 16 2 8 9 2 0 2 8 0 2 8 1 2 8 0 2 8 16 19 12 8 9 2 1 2 8 0 2 8 5 30 3 0 2 8 0 2 8 0 2 8 16 19 12 8 9 2 5 30 3 0 2 8 16 19 12 16 6 2 0 2 8 0 2 8 5 30 3 0 2 8 5 30 3 0 2 8 0 2 8 0.00248510287217381482 45.8069248199462891
12 16 2 5 30 3 5 30 3 12 16 2 16 6 2 17 9 2 0 2 3 0 2 7 1 2 3 0 2 3 8 9 2 5 30 3 0 2 3 13 6 3 5 30 3 1 2 7 1 2 7 0 2 7 0 2 3 1 2 7 0 2 7 0 2 7 0 2 7 0 2 3 0 2 7 0 2 7 0 2 7 1 2 3 0 2 7 0 2 3 1 2 7 16 19 11 1 2 3 0 2 7 0 2 7 0 2 7 0 2 7 1 2 7 1 2 3 17 9 2 0 41.7729575634002686
12 16 2 5 30 3 5 31 3 1 2 7 16 6 2 1 2 7 0 2 3 0 2 3 1 2 4 5 31 3 0 2 3 12 16 2 0 2 7 0 2 3 16 9 11 0 2 11 0 2 3 5 30 3 0 2 7 16 6 2 0 2 3 0 2 3 0 2 7 1 2 7 0 2 7 6 2 3 0 2 3 1 2 7 1 2 11 0 2 4 1 2 11 1 2 4 0 2 7 0 2 7 17 18 2 12 16 2 0 2 3 1 2 4 0 2 7 0 2 3 0 42.3563687205314636
5 31 3 1 2 11 12 16 2 0 2 7 5 31 3 0 2 7 0 2 7 0 2 4 1 2 7 1 2 4 0 2 3 0 2 4 0 2 4 0 2 11 17 18 2 12 16 2 12 16 2 0 2 7 0 2 7 12 16 2 17 18 2 0 2 7 1 2 7 1 2 7 0 2 3 5 30 3 0 2 7 16 9 1 0 2 4 1 2 7 0 2 7 1 2 3 16 18 11 1 2 4 0 2 4 0 2 3 1 2 3 0 2 3 1 2 7 1 2 7 0 42.1774867177009583
0 2 3 5 31 3 1 2 3 5 30 3 0 2 3 5 30 3 1 2 7 12 16 2 0 2 3 0 2 3 0 2 3 0 2 12 0 2 3 0 2 3 0 2 3 0 2 7 0 2 7 1 2 3 0 2 3 0 2 3 0 2 3 0 2 12 0 2 3 16 19 12 0 2 3 0 2 3 1 2 7 0 2 3 0 2 7 16 9 8 0 2 3 16 19 12 16 19 11 5 30 3 5 30 3 0 2 7 0 2 12 0 2 7 16 19 12 5 30 3 3.76578407475743851e-06 44.6570638418197632
12 16 2 5 30 3 5 30 3 12 16 2 16 6 2 0 2 8 17 9 2 0 2 8 1 2 7 1 2 8 0 2 8 0 2 7 0 2 3 0 2 3 16 18 11 1 2 3 0 2 3 0 2 8 1 2 8 0 2 8 5 31 3 0 2 3 13 6 3 0 2 8 5 30 3 1 2 7 0 2 8 0 2 7 16 19 12 8 9 2 1 2 3 0 2 8 1 2 3 0 2 7 1 2 7 5 30 3 0 2 8 1 2 3 0 2 8 0 2 8 0.000306137393838192364 43.9493064284324646
12 16 2 5 31 3 5 30 3 1 2 7 16 6 2 0 2 7 0 2 7 0 2 7 0 2 7 5 31 3 0 2 7 12 16 2 1 2 7 0 2 7 16 19 11 0 2 7 0 2 7 5 31 3 0 2 7 16 6 2 0 2 4 0 2 7 0 2 7 1 2 7 1 2 7 0 2 4 1 2 7 0 2 7 6 2 4 0 2 7 0 2 7 0 2 7 1 2 7 0 2 7 17 18 2 5 31 3 16 6 2 0 2 7 0 2 7 0 2 7 0 41.2209165692329407
5 30 3 0 2 7 12 16 2 12 16 2 0 2 7 0 2 3 0 2 7 1 2 7 0 2 7 0 2 8 0 2 8 0 2 7 5 30 3 0 2 7 0 2 3 0 2 7 0 2 8 13 6 3 16 6 2 5 30 3 16 19 12 0 2 7 0 2 3 16 19 12 0 2 7 5 31 3 5 31 3 12 16 2 0 2 8 12 16 2 0 2 7 0 2 3 0 2 7 5 30 3 16 19 12 0 2 7 0 2 3 0 2 8 0 2 3 0 2 7 0 43.8968788385391235
0 2 7 12 16 2 0 2 7 12 16 2 0 2 7 1 2 4 1 2 7 0 2 7 17 18 2 12 16 2 12 16 2 0 2 7 0 2 7 0 2 7 1 2 11 1 2 4 0 2 7 5 30 3 0 2 7 0 2 7 0 2 1 0 2 7 5 31 3 0 2 7 0 2 7 1 2 7 8 9 2 13 6 3 12 16 2 17 18 2 1 2 7 1 2 7 16 20 12 1 2 4 5 30 3 8 9 2 0 2 7 17 9 2 0 2 4 1 2 7 0 41.3248075246810913

Current Evaluation = 2700(2700)
Front Size = 10
0 2 7 0 2 7 12 16 2 1 2 7 5 30 3 1 2 7 0 2 7 1 2 7 1 2 7 0 2 7 0 2 7 5 31 3 1 2 7 0 2 4 0 2 7 12 16 2 5 31 3 1 2 7 0 2 7 1 2 7 17 9 2 1 2 7 12 16 2 13 6 3 0 2 7 17 18 2 0 2 7 0 2 7 17 9 2 0 2 7 1 2 7 0 2 7 6 2 7 0 2 7 1 2 7 0 2 4 0 2 7 13 6 3 17 9 2 1 2 7 0 40.2815956473350525
16 19 13 5 31 3 5 31 3 6 2 7 16 6 2 0 2 7 1 2 7 0 2 7 0 2 7 5 31 3 0 2 7 12 16 2 0 2 7 0 2 7 16 19 13 0 2 7 0 2 7 5 30 3 0 2 7 16 6 2 1 2 7 0 2 7 0 2 7 0 2 7 0 2 7 0 2 7 0 2 7 1 2 7 0 2 7 0 2 7 1 2 7 0 2 7 5 31 3 0 2 7 17 18 2 12 16 2 0 2 7 6 2 7 1 2 4 0 2 7 0 41.6298596858978271
12 16 2 5 30 3 8 9 2 1 2 4 1 2 11 0 2 3 0 2 7 0 2 11 5 30 3 0 2 4 12 16 2 0 2 11 0 2 7 0 2 7 1 2 11 0 2 4 0 2 7 1 2 7 0 2 7 0 2 7 1 2 7 1 2 7 0 2 7 0 2 7 8 9 2 12 16 2 17 9 2 16 6 2 16 9 1 1 2 7 1 2 7 5 31 3 0 2 7 0 2 3 1 2 7 0 2 11 0 2 4 0 2 7 17 18 2 12 16 2 0 42.0124006271362305
0 2 3 5 31 3 1 2 3 5 30 3 0 2 3 5 30 3 1 2 7 12 16 2 0 2 3 0 2 3 0 2 3 0 2 12 0 2 3 0 2 3 0 2 3 0 2 7 0 2 7 1 2 3 0 2 3 0 2 3 0 2 3 0 2 12 0 2 3 16 19 12 0 2 3 0 2 3 1 2 7 0 2 3 0 2 7 16 9 8 0 2 3 16 19 12 16 19 11 5 30 3 5 30 3 0 2 7 0 2 12 0 2 7 16 19 12 5 30 3 3.76578407475743851e-06 44.6570638418197632
0 2 7 1 2 3 12 16 2 1 2 7 1 2 7 0 2 7 0 2 3 1 2 7 0 2 7 0 2 7 6 2 7 5 31 3 0 2 7 12 16 2 5 30 3 0 2 3 0 2 7 17 18 2 0 2 7 0 2 7 1 2 7 0 2 7 0 2 7 0 2 7 0 2 7 0 2 7 5 30 3 0 2 3 17 18 2 0 2 7 0 2 7 12 16 2 1 2 3 13 6 3 1 2 7 16 19 11 1 2 4 16 6 2 8 18 2 5 30 3 0 41.4773275256156921
12 16 2 5 30 3 5 31 3 1 2 7 16 6 2 1 2 7 0 2 3 0 2 3 1 2 4 5 31 3 0 2 3 12 16 2 0 2 7 0 2 3 16 9 11 0 2 11 0 2 3 5 30 3 0 2 7 16 6 2 0 2 3 0 2 3 0 2 7 1 2 7 0 2 7 6 2 3 0 2 3 1 2 7 1 2 11 0 2 4 1 2 11 1 2 4 0 2 7 0 2 7 17 18 2 12 16 2 0 2 3 1 2 4 0 2 7 0 2 3 0 42.3563687205314636
1 2 8 0 2 3 12 16 2 0 2 7 1 2 3 0 2 3 0 2 7 0 2 3 0 2 3 1 2 11 0 2 3 5 30 3 0 2 7 5 30 3 0 2 8 0 2 3 16 19 11 5 30 3 0 2 11 0 2 11 0 2 7 16 30 2 5 31 3 0 2 12 16 19 11 5 30 3 0 2 8 0 2 3 0 2 3 0 2 7 0 2 8 0 2 3 0 2 7 16 19 11 0 2 3 5 30 3 0 2 8 0 2 7 16 6 2 0 2 11 5.94815990091933979e-07 44.2037719488143921
5 30 3 0 2 7 12 16 2 12 16 2 0 2 7 0 2 3 0 2 7 1 2 7 0 2 7 0 2 8 0 2 8 0 2 7 5 30 3 0 2 7 0 2 3 0 2 7 0 2 8 13 6 3 16 6 2 5 30 3 16 19 12 0 2 7 0 2 3 16 19 12 0 2 7 5 31 3 5 31 3 12 16 2 0 2 8 12 16 2 0 2 7 0 2 3 0 2 7 5 30 3 16 19 12 0 2 7 0 2 3 0 2 8 0 2 3 0 2 7 0 43.8968788385391235
12 16 2 5 30 3 5 30 3 12 16 2 16 6 2 0 2 8 17 9 2 0 2 8 1 2 7 1 2 8 0 2 8 0 2 7 0 2 3 0 2 3 16 18 11 1 2 3 0 2 3 0 2 8 1 2 8 0 2 8 5 31 3 0 2 3 13 6 3 0 2 8 5 30 3 1 2 7 0 2 8 0 2 7 16 19 12 8 9 2 1 2 3 0 2 8 1 2 3 0 2 7 1 2 7 5 30 3 0 2 8 1 2 3 0 2 8 0 2 8 0.000306137393838192364 43.9493064284324646
0 2 8 17 9 2 0 2 8 0 2 8 1 2 8 0 2 8 0 2 8 0 2 8 12 16 2 8 18 2 8 18 2 5 30 3 5 30 3 12 16 2 8 9 2 0 2 8 0 2 8 1 2 8 0 2 8 16 19 12 8 9 2 1 2 8 0 2 8 5 30 3 0 2 8 0 2 8 0 2 8 16 19 12 8 9 2 5 30 3 0 2 8 16 19 12 16 6 2 0 2 8 0 2 8 5 30 3 0 2 8 5 30 3 0 2 8 0 2 8 0.00248510287217381482 45.8069248199462891

Current Evaluation = 3150(3150)
Front Size = 10
0 2 7 0 2 7 12 16 2 1 2 7 5 30 3 1 2 7 0 2 7 1 2 7 1 2 7 0 2 7 0 2 7 5 31 3 1 2 7 0 2 4 0 2 7 12 16 2 5 31 3 1 2 7 0 2 7 1 2 7 17 9 2 1 2 7 12 16 2 13 6 3 0 2 7 17 18 2 0 2 7 0 2 7 17 9 2 0 2 7 1 2 7 0 2 7 6 2 7 0 2 7 1 2 7 0 2 4 0 2 7 13 6 3 17 9 2 1 2 7 0 40.2815956473350525
12 16 2 5 30 3 5 30 3 12 16 2 16 6 2 0 2 8 17 9 2 0 2 8 1 2 7 1 2 8 0 2 8 0 2 7 0 2 3 0 2 3 16 18 11 1 2 3 0 2 3 0 2 8 1 2 8 0 2 8 5 31 3 0 2 3 13 6 3 0 2 8 5 30 3 1 2 7 0 2 8 0 2 7 16 19 12 8 9 2 1 2 3 0 2 8 1 2 3 0 2 7 1 2 7 5 30 3 0 2 8 1 2 3 0 2 8 0 2 8 0.000306137393838192364 43.9493064284324646
12 16 2 5 31 3 5 31 3 0 2 7 16 6 2 5 31 3 1 2 4 0 2 7 0 2 7 16 19 11 1 2 7 0 2 7 5 31 3 1 2 7 0 2 4 0 2 7 0 2 7 0 2 7 16 6 2 0 2 7 0 2 7 0 2 7 17 18 2 0 2 7 12 16 2 6 2 4 1 2 7 0 2 7 0 2 7 16 6 2 1 2 7 0 2 7 0 2 7 0 2 7 0 2 7 1 2 7 0 2 7 0 2 7 0 2 7 5 30 3 0 41.2209165692329407
12 16 2 5 31 3 5 30 3 0 2 7 16 30 2 5 31 3 1 2 7 0 2 7 0 2 7 12 16 2 0 2 7 0 2 3 5 30 3 1 2 7 0 2 7 1 2 4 6 2 3 1 2 3 16 31 2 0 2 3 0 2 7 0 2 7 17 18 2 0 2 7 12 16 2 0 2 4 1 2 4 0 2 3 1 2 7 16 6 2 0 2 7 0 2 7 1 2 7 0 2 7 1 2 7 1 2 7 0 2 4 0 2 7 0 2 3 0 2 3 0 41.4158767461776733
12 16 2 5 30 3 5 31 3 8 9 2 5 30 3 0 2 7 0 2 7 0 2 7 0 2 7 0 2 7 0 2 7 1 2 11 0 2 7 0 2 7 12 16 2 0 2 4 12 16 2 0 2 7 1 2 7 17 9 2 6 2 7 0 2 7 0 2 4 1 2 7 1 2 7 8 18 2 0 2 7 16 31 2 0 2 7 17 18 2 12 16 2 0 2 7 0 2 4 0 2 7 1 2 7 5 30 3 6 2 11 16 15 2 1 2 7 0 2 7 0 41.588406503200531
0 2 8 17 9 2 0 2 8 0 2 8 1 2 8 0 2 8 0 2 8 0 2 8 12 16 2 8 18 2 8 18 2 5 30 3 5 30 3 12 16 2 8 9 2 0 2 8 0 2 8 1 2 8 0 2 8 16 19 12 8 9 2 1 2 8 0 2 8 5 30 3 0 2 8 0 2 8 0 2 8 16 19 12 8 9 2 5 30 3 0 2 8 16 19 12 16 6 2 0 2 8 0 2 8 5 30 3 0 2 8 5 30 3 0 2 8 0 2 8 0.00248510287217381482 45.8069248199462891
12 16 2 5 30 3 12 16 2 16 6 2 0 2 8 17 9 2 0 2 8 0 2 7 0 2 7 0 2 7 0 2 8 0 2 7 5 31 3 8 18 2 0 2 7 0 2 7 0 2 7 6 2 7 1 2 8 1 2 7 1 2 4 8 9 2 1 2 8 0 2 8 5 30 3 0 2 7 0 2 8 0 2 7 0 2 7 0 2 7 5 30 3 0 2 7 16 19 12 17 18 2 0 2 8 5 30 3 0 2 8 5 30 3 16 19 13 5 31 3 0.0221232846618216739 43.6734959483146667
12 16 2 5 31 3 12 16 2 5 30 3 1 2 7 0 2 4 0 2 7 0 2 7 0 2 4 0 2 4 0 2 10 0 2 7 0 2 1 5 30 3 0 2 7 0 2 11 0 2 7 1 2 7 1 2 7 0 2 7 16 6 2 1 2 7 17 9 2 0 2 11 17 18 2 1 2 7 5 30 3 1 2 7 17 9 2 8 9 2 0 2 3 0 2 11 1 2 7 1 2 4 6 2 7 1 2 7 0 2 7 0 2 7 8 18 2 0 2 7 0 41.6001629233360291
0 2 7 12 16 2 1 2 7 5 31 3 0 2 7 1 2 7 0 2 7 0 2 10 12 16 2 5 30 3 1 2 10 12 16 2 0 2 11 0 2 10 1 2 7 0 2 7 0 2 3 0 2 7 1 2 7 1 2 3 6 2 7 16 31 2 5 31 3 0 2 3 0 2 7 5 30 3 17 9 2 0 2 7 0 2 7 0 2 4 0 2 7 16 6 2 16 18 11 0 2 7 12 16 2 5 30 3 0 2 7 6 2 10 0 2 7 0 2 7 0 42.1539086103439331
12 16 2 5 30 3 5 30 3 8 18 2 0 2 3 16 19 11 5 30 3 16 19 11 5 30 3 1 2 7 0 2 7 0 2 7 0 2 7 0 2 7 0 2 7 1 2 7 0 2 7 0 2 7 8 18 2 12 16 2 0 2 7 12 16 2 1 2 7 0 2 7 8 18 2 17 9 2 0 2 7 1 2 7 0 2 7 1 2 7 0 2 7 0 2 7 0 2 7 16 19 11 1 2 7 0 2 7 0 2 7 5 30 3 0 2 7 0 2 7 0 42.419660210609436

Current Evaluation = 3600(3600)
Front Size = 10
0 2 7 0 2 7 12 16 2 1 2 7 5 30 3 1 2 7 0 2 7 1 2 7 1 2 7 0 2 7 0 2 7 5 31 3 1 2 7 0 2 4 0 2 7 12 16 2 5 31 3 1 2 7 0 2 7 1 2 7 17 9 2 1 2 7 12 16 2 13 6 3 0 2 7 17 18 2 0 2 7 0 2 7 17 9 2 0 2 7 1 2 7 0 2 7 6 2 7 0 2 7 1 2 7 0 2 4 0 2 7 13 6 3 17 9 2 1 2 7 0 40.2815956473350525
12 16 2 5 30 3 5 30 3 0 2 7 5 31 3 0 2 7 0 2 7 0 2 3 12 16 2 1 2 4 0 2 7 12 16 2 1 2 7 0 2 7 1 2 7 17 18 2 0 2 11 1 2 7 0 2 7 16 30 2 6 2 7 17 18 2 0 2 7 0 2 7 0 2 3 0 2 7 1 2 7 1 2 4 1 2 7 0 2 4 5 30 3 13 6 3 0 2 7 12 16 2 0 2 7 0 2 7 13 6 3 1 2 4 0 2 3 17 18 2 0 40.8518456816673279
12 16 2 5 30 3 1 2 10 1 2 7 5 30 3 0 2 7 0 2 7 12 16 2 0 2 7 0 2 7 1 2 7 1 2 7 0 2 7 17 18 2 0 2 7 0 2 7 0 2 3 1 2 7 5 30 3 5 31 3 0 2 10 8 9 2 0 2 7 1 2 7 0 2 7 0 2 7 16 6 2 0 2 7 1 2 7 1 2 7 0 2 10 17 18 2 0 2 7 13 6 3 0 2 7 5 30 3 1 2 7 0 2 4 0 2 7 17 18 2 0 41.1438205242156982
12 16 2 5 31 3 5 31 3 0 2 7 16 6 2 5 31 3 1 2 4 0 2 7 0 2 7 16 19 11 1 2 7 0 2 7 5 31 3 1 2 7 0 2 4 0 2 7 0 2 7 0 2 7 16 6 2 0 2 7 0 2 7 0 2 7 17 18 2 0 2 7 12 16 2 6 2 4 1 2 7 0 2 7 0 2 7 16 6 2 1 2 7 0 2 7 0 2 7 0 2 7 0 2 7 1 2 7 0 2 7 0 2 7 0 2 7 5 30 3 0 41.2209165692329407
17 9 2 12 16 2 17 18 2 5 30 3 5 30 3 12 16 2 8 9 2 5 30 3 1 2 4 0 2 7 17 9 2 0 2 7 0 2 7 0 2 7 0 2 11 1 2 7 8 18 2 0 2 7 0 2 3 0 2 7 1 2 4 1 2 4 1 2 7 1 2 7 0 2 3 15 2 11 0 2 7 0 2 7 1 2 11 1 2 4 0 2 10 6 2 7 0 2 7 0 2 7 16 15 2 0 2 7 0 2 7 5 30 3 0 2 7 0 2 7 0 41.5988206267356873
0 2 8 17 9 2 0 2 8 0 2 8 1 2 8 0 2 8 0 2 8 0 2 8 12 16 2 8 18 2 8 18 2 5 30 3 5 30 3 12 16 2 8 9 2 0 2 8 0 2 8 1 2 8 0 2 8 16 19 12 8 9 2 1 2 8 0 2 8 5 30 3 0 2 8 0 2 8 0 2 8 16 19 12 8 9 2 5 30 3 0 2 8 16 19 12 16 6 2 0 2 8 0 2 8 5 30 3 0 2 8 5 30 3 0 2 8 0 2 8 0.00248510287217381482 45.8069248199462891
12 16 2 1 2 3 0 2 7 5 31 3 0 2 7 1 2 3 0 2 3 0 2 7 0 2 7 0 2 7 0 2 7 0 2 7 1 2 7 0 2 7 16 6 2 1 2 7 17 18 2 1 2 7 1 2 7 0 2 3 0 2 7 0 2 7 0 2 3 0 2 7 0 2 3 0 2 7 0 2 7 5 31 3 8 9 2 16 6 2 1 2 3 1 2 7 0 2 7 5 30 3 1 2 3 0 2 7 16 6 2 16 19 11 0 2 7 5 30 3 0 41.4777736663818359
12 16 2 5 30 3 5 31 3 8 9 2 5 30 3 0 2 7 0 2 7 0 2 7 0 2 7 0 2 7 0 2 7 1 2 11 0 2 7 0 2 7 12 16 2 0 2 4 12 16 2 0 2 7 1 2 7 17 9 2 6 2 7 0 2 7 0 2 4 1 2 7 1 2 7 8 18 2 0 2 7 16 31 2 0 2 7 17 18 2 12 16 2 0 2 7 0 2 4 0 2 7 1 2 7 5 30 3 6 2 11 16 15 2 1 2 7 0 2 7 0 41.588406503200531
12 16 2 5 30 3 5 30 3 12 16 2 16 6 2 0 2 8 17 9 2 0 2 8 1 2 7 1 2 8 0 2 8 0 2 7 0 2 3 0 2 3 16 18 11 1 2 3 0 2 3 0 2 8 1 2 8 0 2 8 5 31 3 0 2 3 13 6 3 0 2 8 5 30 3 1 2 7 0 2 8 0 2 7 16 19 12 8 9 2 1 2 3 0 2 8 1 2 3 0 2 7 1 2 7 5 30 3 0 2 8 1 2 3 0 2 8 0 2 8 0.000306137393838192364 43.9493064284324646
12 16 2 5 31 3 12 16 2 5 30 3 1 2 7 0 2 4 0 2 7 0 2 7 0 2 4 0 2 4 0 2 10 0 2 7 0 2 1 5 30 3 0 2 7 0 2 11 0 2 7 1 2 7 1 2 7 0 2 7 16 6 2 1 2 7 17 9 2 0 2 11 17 18 2 1 2 7 5 30 3 1 2 7 17 9 2 8 9 2 0 2 3 0 2 11 1 2 7 1 2 4 6 2 7 1 2 7 0 2 7 0 2 7 8 18 2 0 2 7 0 41.6001629233360291

Current Evaluation = 4050(4050)
Front Size = 10
0 2 7 0 2 7 12 16 2 1 2 7 5 30 3 1 2 7 0 2 7 1 2 7 1 2 7 0 2 7 0 2 7 5 31 3 1 2 7 0 2 4 0 2 7 12 16 2 5 31 3 1 2 7 0 2 7 1 2 7 17 9 2 1 2 7 12 16 2 13 6 3 0 2 7 17 18 2 0 2 7 0 2 7 17 9 2 0 2 7 1 2 7 0 2 7 6 2 7 0 2 7 1 2 7 0 2 4 0 2 7 13 6 3 17 9 2 1 2 7 0 40.2815956473350525
0 2 8 17 9 2 0 2 8 0 2 8 1 2 8 0 2 8 0 2 8 0 2 8 12 16 2 8 18 2 8 18 2 5 30 3 5 30 3 12 16 2 8 9 2 0 2 8 0 2 8 1 2 8 0 2 8 16 19 12 8 9 2 1 2 8 0 2 8 5 30 3 0 2 8 0 2 8 0 2 8 16 19 12 8 9 2 5 30 3 0 2 8 16 19 12 16 6 2 0 2 8 0 2 8 5 30 3 0 2 8 5 30 3 0 2 8 0 2 8 0.00248510287217381482 45.8069248199462891
12 16 2 0 2 7 0 2 7 17 18 2 1 2 7 5 30 3 0 2 7 1 2 7 1 2 7 0 2 7 0 2 4 5 30 3 0 2 7 17 18 2 16 6 2 0 2 3 0 2 4 1 2 7 6 2 3 1 2 7 0 2 3 0 2 3 16 31 2 12 16 2 5 30 3 0 2 3 1 2 7 0 2 4 1 2 7 0 2 7 15 2 11 12 16 2 1 2 3 0 2 7 0 2 7 0 2 3 13 6 3 5 30 3 0 2 7 0 2 7 0 41.2630925178527832
12 16 2 5 30 3 5 30 3 12 16 2 16 6 2 0 2 8 17 9 2 0 2 8 1 2 7 1 2 8 0 2 8 0 2 7 0 2 3 0 2 3 16 18 11 1 2 3 0 2 3 0 2 8 1 2 8 0 2 8 5 31 3 0 2 3 13 6 3 0 2 8 5 30 3 1 2 7 0 2 8 0 2 7 16 19 12 8 9 2 1 2 3 0 2 8 1 2 3 0 2 7 1 2 7 5 30 3 0 2 8 1 2 3 0 2 8 0 2 8 0.000306137393838192364 43.9493064284324646
0 2 7 0 2 7 12 16 2 1 2 4 5 30 3 1 2 7 0 2 7 1 2 7 5 30 3 12 16 2 17 9 2 13 6 3 1 2 7 0 2 7 0 2 10 8 9 2 0 2 7 0 2 7 0 2 7 5 30 3 1 2 10 0 2 7 1 2 4 12 16 2 1 2 7 17 18 2 0 2 4 1 2 7 17 9 2 0 2 7 0 2 7 0 2 7 0 2 7 5 30 3 1 2 4 0 2 7 12 16 2 13 6 3 17 9 2 0 2 10 0 40.8300944566726685
12 16 2 0 2 7 5 30 3 0 2 7 0 2 7 0 2 7 0 2 7 0 2 7 0 2 7 17 18 2 1 2 7 0 2 7 0 2 7 0 2 4 1 2 7 0 2 7 0 2 7 0 2 7 0 2 7 0 2 7 1 2 4 5 30 3 5 31 3 17 9 2 1 2 7 1 2 7 0 2 7 16 6 2 16 19 13 0 2 7 5 30 3 5 31 3 0 2 7 0 2 7 13 6 3 0 2 7 1 2 7 1 2 7 1 2 4 17 18 2 0 40.8845065832138062
12 16 2 5 30 3 12 16 2 17 9 2 1 2 7 0 2 7 5 31 3 13 6 3 1 2 7 0 2 7 0 2 7 1 2 7 5 30 3 1 2 4 1 2 7 0 2 8 0 2 7 0 2 8 0 2 3 0 2 4 16 18 11 0 2 7 12 16 2 0 2 8 1 2 8 1 2 7 0 2 7 1 2 4 12 16 2 0 2 8 16 19 12 8 9 2 1 2 3 1 2 7 1 2 3 1 2 7 0 2 8 1 2 3 0 2 4 0 2 8 0.00115074781113119447 42.4825521111488342
12 16 2 5 30 3 6 2 7 0 2 4 1 2 7 0 2 7 0 2 7 12 16 2 0 2 4 1 2 7 17 18 2 1 2 4 5 31 3 17 18 2 1 2 7 0 2 4 1 2 11 5 31 3 13 6 3 0 2 4 0 2 7 0 2 7 0 2 4 17 9 2 1 2 7 0 2 7 17 18 2 0 2 10 1 2 7 1 2 4 1 2 7 0 2 7 0 2 7 12 16 2 0 2 7 0 2 4 0 2 7 12 16 2 0 2 7 1 2 7 0 40.8957366347312927
12 16 2 5 31 3 0 2 7 0 2 7 0 2 4 6 2 7 8 18 2 5 31 3 1 2 7 5 30 3 0 2 7 0 2 3 1 2 3 0 2 7 1 2 3 0 2 7 0 2 4 0 2 7 1 2 7 1 2 7 0 2 7 17 18 2 16 6 2 0 2 7 0 2 4 0 2 7 1 2 3 1 2 3 1 2 7 0 2 3 1 2 7 17 9 2 0 2 3 0 2 7 0 2 7 1 2 7 16 6 2 0 2 3 12 16 2 1 2 4 0 41.2638508677482605
12 16 2 5 30 3 1 2 7 0 2 7 0 2 7 0 2 7 12 16 2 17 18 2 0 2 7 0 2 7 0 2 11 0 2 7 5 30 3 0 2 7 1 2 7 1 2 7 5 30 3 0 2 7 8 18 2 0 2 1 1 2 7 1 2 7 1 2 7 17 18 2 0 2 7 0 2 7 12 16 2 0 2 7 8 18 2 0 2 11 8 18 2 0 2 7 5 30 3 0 2 7 0 2 7 12 16 2 16 6 2 5 30 3 13 6 3 16 6 2 0 41.6057084798812866

Current Evaluation = 4500(4500)
Front Size = 10
0 2 7 1 2 7 12 16 2 0 2 7 5 31 3 1 2 7 1 2 7 1 2 7 17 9 2 0 2 7 1 2 7 0 2 7 0 2 7 0 2 7 1 2 7 6 2 7 0 2 4 17 18 2 0 2 7 1 2 7 1 2 7 0 2 7 5 30 3 1 2 7 1 2 7 5 31 3 0 2 7 0 2 7 0 2 7 0 2 4 0 2 7 12 16 2 13 6 3 17 9 2 0 2 7 12 16 2 17 9 2 13 6 3 0 2 7 1 2 7 0 40.2815956473350525
12 16 2 5 30 3 5 30 3 12 16 2 16 6 2 0 2 8 17 9 2 0 2 8 1 2 7 1 2 8 0 2 8 0 2 7 0 2 3 0 2 3 16 18 11 1 2 3 0 2 3 0 2 8 1 2 8 0 2 8 5 31 3 0 2 3 13 6 3 0 2 8 5 30 3 1 2 7 0 2 8 0 2 7 16 19 12 8 9 2 1 2 3 0 2 8 1 2 3 0 2 7 1 2 7 5 30 3 0 2 8 1 2 3 0 2 8 0 2 8 0.000306137393838192364 43.9493064284324646
1 2 7 0 2 7 12 16 2 0 2 4 5 30 3 1 2 7 0 2 7 0 2 7 8 9 2 0 2 7 0 2 3 1 2 7 1 2 4 0 2 4 0 2 3 5 31 3 0 2 7 1 2 3 1 2 7 1 2 3 0 2 7 17 9 2 1 2 3 0 2 7 8 18 2 1 2 3 16 6 2 12 16 2 0 2 3 5 30 3 0 2 7 0 2 3 16 6 2 0 2 3 0 2 3 0 2 3 0 2 7 16 6 2 1 2 7 12 16 2 0 41.6456427574157715
0 2 8 17 9 2 0 2 8 0 2 8 1 2 8 0 2 8 0 2 8 0 2 8 12 16 2 8 18 2 8 18 2 5 30 3 5 30 3 12 16 2 8 9 2 0 2 8 0 2 8 1 2 8 0 2 8 16 19 12 8 9 2 1 2 8 0 2 8 5 30 3 0 2 8 0 2 8 0 2 8 16 19 12 8 9 2 5 30 3 0 2 8 16 19 12 16 6 2 0 2 8 0 2 8 5 30 3 0 2 8 5 30 3 0 2 8 0 2 8 0.00248510287217381482 45.8069248199462891
12 16 2 5 30 3 12 16 2 0 2 7 0 2 7 5 30 3 1 2 7 0 2 7 0 2 11 8 9 2 5 31 3 0 2 7 1 2 7 0 2 7 0 2 7 12 16 2 5 30 3 0 2 7 12 16 2 17 9 2 1 2 7 13 6 3 16 30 2 0 2 7 0 2 7 0 2 7 0 2 7 5 30 3 1 2 7 0 2 7 0 2 7 16 19 11 0 2 3 0 2 7 0 2 7 0 2 7 16 19 11 0 2 7 0 2 3 1 2 7 0 42.0679653882980347
1 2 3 0 2 7 12 16 2 0 2 7 5 31 3 1 2 4 1 2 7 1 2 7 17 9 2 0 2 7 6 2 7 0 2 7 1 2 7 0 2 7 0 2 7 1 2 7 0 2 7 17 18 2 0 2 7 0 2 7 1 2 7 0 2 7 5 31 3 6 2 7 1 2 7 5 31 3 0 2 7 0 2 4 0 2 7 0 2 7 0 2 7 0 2 7 5 31 3 0 2 7 0 2 3 0 2 7 16 6 2 16 6 2 1 2 4 16 6 2 0 40.6145018339157104
0 2 7 0 2 7 12 16 2 1 2 7 5 30 3 1 2 7 0 2 4 1 2 7 12 16 2 17 9 2 13 6 3 0 2 7 17 9 2 0 2 7 1 2 7 0 2 7 0 2 4 0 2 7 0 2 4 1 2 4 12 16 2 0 2 7 17 18 2 0 2 7 17 9 2 0 2 7 1 2 7 13 6 3 0 2 7 1 2 7 5 30 3 1 2 4 0 2 7 0 2 3 0 2 4 5 30 3 1 2 11 1 2 11 12 16 2 8 9 2 0 40.6660994291305542
1 2 7 0 2 7 0 2 7 17 18 2 1 2 7 5 30 3 0 2 7 1 2 7 1 2 7 0 2 7 0 2 7 5 30 3 0 2 7 17 18 2 16 6 2 0 2 7 0 2 3 0 2 7 0 2 7 1 2 7 0 2 7 0 2 7 16 31 2 12 16 2 5 31 3 0 2 7 1 2 7 0 2 7 1 2 3 0 2 7 1 2 7 12 16 2 1 2 3 0 2 7 1 2 7 0 2 3 13 6 3 5 30 3 0 2 3 0 2 7 0 40.9484835863113403
12 16 2 5 30 3 12 16 2 17 9 2 1 2 7 0 2 7 5 31 3 13 6 3 1 2 7 0 2 7 0 2 7 1 2 7 5 30 3 1 2 4 1 2 7 0 2 8 0 2 7 0 2 8 0 2 3 0 2 4 16 18 11 0 2 7 12 16 2 0 2 8 1 2 8 1 2 7 0 2 7 1 2 4 12 16 2 0 2 8 16 19 12 8 9 2 1 2 3 1 2 7 1 2 3 1 2 7 0 2 8 1 2 3 0 2 4 0 2 8 0.00115074781113119447 42.4825521111488342
12 16 2 5 30 3 5 30 3 12 16 2 0 2 7 17 9 2 0 2 7 0 2 7 0 2 7 0 2 7 0 2 7 0 2 7 16 18 8 1 2 7 1 2 7 0 2 3 5 31 3 13 6 3 0 2 3 1 2 7 0 2 3 16 19 11 17 9 2 1 2 7 1 2 7 0 2 7 1 2 7 1 2 7 0 2 3 0 2 3 1 2 7 0 2 7 0 2 7 0 2 7 0 2 3 5 30 3 0 2 11 1 2 7 0 2 7 0 2 3 0 41.945400595664978

Current Evaluation = 4950(4950)
Front Size = 10
0 2 7 12 16 2 12 16 2 1 2 7 5 30 3 0 2 7 0 2 7 1 2 7 12 16 2 17 9 2 13 6 3 1 2 7 17 9 2 0 2 4 1 2 7 0 2 7 1 2 7 5 31 3 0 2 7 17 18 2 1 2 7 13 6 3 1 2 7 0 2 7 0 2 7 0 2 7 0 2 7 0 2 7 1 2 7 0 2 7 0 2 7 12 16 2 0 2 7 0 2 7 13 6 3 17 9 2 1 2 7 1 2 7 1 2 7 12 16 2 0 40.0383374691009521
12 16 2 5 30 3 5 30 3 12 16 2 1 2 7 0 2 7 0 2 3 0 2 3 5 31 3 13 6 3 1 2 7 0 2 7 0 2 7 1 2 7 0 2 7 1 2 7 0 2 7 0 2 8 1 2 8 0 2 8 16 18 11 17 18 2 0 2 3 0 2 7 0 2 7 0 2 7 0 2 3 17 18 2 5 30 3 1 2 7 16 19 12 8 9 2 1 2 3 0 2 8 1 2 3 0 2 7 0 2 8 1 2 3 5 31 3 0 2 8 7.64854332095339434e-05 43.0739760994911194
0 2 7 0 2 7 12 16 2 0 2 7 5 31 3 1 2 7 1 2 4 1 2 7 17 9 2 0 2 7 1 2 4 0 2 7 0 2 7 6 2 7 1 2 4 1 2 7 0 2 7 17 18 2 0 2 7 0 2 7 1 2 7 0 2 7 5 31 3 0 2 7 1 2 7 5 31 3 0 2 7 0 2 3 0 2 7 0 2 7 0 2 7 0 2 7 5 31 3 0 2 7 0 2 4 0 2 7 16 6 2 16 6 2 1 2 7 16 6 2 0 40.5887607932090759
12 16 2 5 30 3 12 16 2 17 9 2 8 18 2 1 2 7 5 30 3 13 6 3 1 2 7 0 2 3 0 2 7 0 2 7 0 2 7 5 30 3 17 9 2 0 2 7 1 2 7 1 2 3 0 2 3 0 2 7 0 2 3 5 30 3 12 16 2 1 2 7 1 2 7 0 2 7 0 2 7 16 15 2 0 2 7 0 2 7 1 2 7 0 2 7 1 2 7 16 6 2 0 2 3 8 18 2 0 2 3 0 2 7 0 2 7 0 2 7 0 41.4214504957199097
0 2 8 17 9 2 0 2 8 0 2 8 1 2 8 0 2 8 0 2 8 0 2 8 12 16 2 8 18 2 8 18 2 5 30 3 5 30 3 12 16 2 8 9 2 0 2 8 0 2 8 1 2 8 0 2 8 16 19 12 8 9 2 1 2 8 0 2 8 5 30 3 0 2 8 0 2 8 0 2 8 16 19 12 8 9 2 5 30 3 0 2 8 16 19 12 16 6 2 0 2 8 0 2 8 5 30 3 0 2 8 5 30 3 0 2 8 0 2 8 0.00248510287217381482 45.8069248199462891
1 2 7 0 2 7 12 16 2 0 2 4 5 30 3 1 2 7 0 2 7 0 2 7 8 9 2 0 2 7 0 2 3 1 2 7 1 2 4 0 2 4 0 2 3 5 31 3 0 2 7 1 2 3 1 2 7 1 2 3 0 2 7 17 9 2 1 2 3 0 2 7 8 18 2 1 2 3 16 6 2 12 16 2 0 2 3 5 30 3 0 2 7 0 2 3 16 6 2 0 2 3 0 2 3 0 2 3 0 2 7 16 6 2 1 2 7 12 16 2 0 41.6456427574157715
0 2 7 1 2 7 17 18 2 5 30 3 1 2 7 1 2 4 0 2 4 0 2 7 5 30 3 0 2 7 1 2 7 0 2 7 1 2 7 0 2 7 12 16 2 5 31 3 0 2 7 0 2 7 1 2 7 0 2 7 0 2 7 12 16 2 0 2 7 0 2 7 5 30 3 0 2 3 0 2 4 6 2 7 0 2 7 1 2 7 17 18 2 16 31 2 1 2 7 17 18 2 0 2 7 0 2 3 1 2 4 0 2 7 1 2 7 13 6 3 0 40.6780156493186951
12 16 2 5 30 3 12 16 2 0 2 7 0 2 7 5 30 3 1 2 7 0 2 7 0 2 11 8 9 2 5 31 3 0 2 7 1 2 7 0 2 7 0 2 7 12 16 2 5 30 3 0 2 7 12 16 2 17 9 2 1 2 7 13 6 3 16 30 2 0 2 7 0 2 7 0 2 7 0 2 7 5 30 3 1 2 7 0 2 7 0 2 7 16 19 11 0 2 3 0 2 7 0 2 7 0 2 7 16 19 11 0 2 7 0 2 3 1 2 7 0 42.0679653882980347
1 2 3 0 2 7 12 16 2 0 2 7 5 30 3 1 2 7 0 2 7 0 2 7 8 9 2 1 2 7 0 2 3 1 2 7 0 2 3 5 30 3 1 2 7 1 2 3 0 2 7 17 9 2 0 2 7 16 6 2 12 16 2 5 31 3 0 2 4 0 2 4 0 2 7 17 18 2 0 2 7 0 2 7 0 2 7 1 2 7 1 2 7 1 2 7 1 2 7 0 2 3 1 2 7 0 2 7 0 2 7 1 2 7 17 9 2 13 6 3 0 40.768878698348999
0 2 7 0 2 7 12 16 2 0 2 7 5 31 3 1 2 4 1 2 7 17 9 2 0 2 7 0 2 4 0 2 7 1 2 7 0 2 7 0 2 7 0 2 7 1 2 7 0 2 7 1 2 7 1 2 7 0 2 7 0 2 7 0 2 7 0 2 7 0 2 3 15 2 11 0 2 4 1 2 7 1 2 3 12 16 2 1 2 7 17 18 2 0 2 3 5 31 3 12 16 2 6 2 3 5 30 3 16 6 2 16 6 2 12 16 2 13 6 3 0 40.9853515625

Current Evaluation = 5400(5400)
Front Size = 10
0 2 7 12 16 2 12 16 2 1 2 7 5 30 3 0 2 7 0 2 7 1 2 7 12 16 2 17 9 2 13 6 3 1 2 7 17 9 2 0 2 4 1 2 7 0 2 7 1 2 7 5 31 3 0 2 7 17 18 2 1 2 7 13 6 3 1 2 7 0 2 7 0 2 7 0 2 7 0 2 7 0 2 7 1 2 7 0 2 7 0 2 7 12 16 2 0 2 7 0 2 7 13 6 3 17 9 2 1 2 7 1 2 7 1 2 7 12 16 2 0 40.0383374691009521
12 16 2 5 30 3 5 30 3 12 16 2 1 2 7 0 2 7 0 2 3 0 2 3 5 31 3 13 6 3 1 2 7 0 2 7 0 2 7 1 2 7 0 2 7 1 2 7 0 2 7 0 2 8 1 2 8 0 2 8 16 18 11 17 18 2 0 2 3 0 2 7 0 2 7 0 2 7 0 2 3 17 18 2 5 30 3 1 2 7 16 19 12 8 9 2 1 2 3 0 2 8 1 2 3 0 2 7 0 2 8 1 2 3 5 31 3 0 2 8 7.64854332095339434e-05 43.0739760994911194
6 2 7 1 2 7 0 2 7 0 2 7 1 2 7 0 2 7 0 2 7 1 2 7 0 2 7 0 2 7 1 2 7 1 2 7 0 2 7 0 2 7 0 2 7 0 2 7 0 2 7 1 2 7 1 2 7 0 2 7 0 2 7 0 2 7 17 9 2 5 31 3 17 18 2 1 2 7 1 2 8 0 2 7 0 2 7 0 2 7 0 2 7 5 30 3 16 6 2 5 31 3 5 30 3 13 6 3 5 31 3 16 6 2 0 2 7 17 18 2 0 40.5071266293525696
12 16 2 5 30 3 12 16 2 17 9 2 1 2 7 5 30 3 13 6 3 1 2 7 0 2 7 0 2 7 0 2 3 0 2 7 5 30 3 0 2 7 1 2 7 1 2 7 1 2 7 0 2 7 0 2 3 1 2 7 5 30 3 0 2 7 0 2 7 0 2 7 1 2 7 0 2 11 0 2 3 6 2 7 16 6 2 5 31 3 1 2 3 0 2 7 0 2 7 17 18 2 0 2 7 0 2 3 16 30 2 0 2 3 8 18 2 0 2 7 0 41.3385457396507263
0 2 4 12 16 2 12 16 2 5 31 3 5 30 3 0 2 7 0 2 4 1 2 4 12 16 2 17 9 2 13 6 3 6 2 7 17 9 2 1 2 7 0 2 7 0 2 7 0 2 7 5 30 3 0 2 7 1 2 7 13 6 3 1 2 3 1 2 7 1 2 7 0 2 7 0 2 7 0 2 3 0 2 7 0 2 7 1 2 7 17 9 2 0 2 7 1 2 7 0 2 7 0 2 4 17 9 2 0 2 7 1 2 3 1 2 7 1 2 7 0 40.4413166642189026
12 16 2 5 30 3 12 16 2 6 2 3 5 30 3 13 6 3 1 2 7 0 2 7 0 2 7 0 2 7 0 2 7 5 30 3 0 2 7 1 2 4 0 2 3 0 2 7 1 2 7 1 2 7 0 2 7 0 2 7 0 2 7 0 2 7 1 2 7 1 2 7 1 2 7 0 2 7 0 2 7 0 2 7 17 9 2 5 31 3 17 18 2 16 31 2 0 2 7 1 2 4 0 2 7 1 2 7 0 2 4 1 2 4 17 18 2 0 2 7 0 40.6780155897140503
0 2 8 17 9 2 0 2 8 0 2 8 1 2 8 0 2 8 0 2 8 0 2 8 12 16 2 8 18 2 8 18 2 5 30 3 5 30 3 12 16 2 8 9 2 0 2 8 0 2 8 1 2 8 0 2 8 16 19 12 8 9 2 1 2 8 0 2 8 5 30 3 0 2 8 0 2 8 0 2 8 16 19 12 8 9 2 5 30 3 0 2 8 16 19 12 16 6 2 0 2 8 0 2 8 5 30 3 0 2 8 5 30 3 0 2 8 0 2 8 0.00248510287217381482 45.8069248199462891
0 2 7 0 2 7 12 16 2 0 2 7 5 31 3 1 2 7 1 2 4 1 2 7 17 9 2 0 2 7 1 2 4 0 2 7 0 2 7 6 2 7 1 2 4 1 2 7 0 2 7 17 18 2 0 2 7 0 2 7 1 2 7 0 2 7 5 31 3 0 2 7 1 2 7 5 31 3 0 2 7 0 2 3 0 2 7 0 2 7 0 2 7 0 2 7 5 31 3 0 2 7 0 2 4 0 2 7 16 6 2 16 6 2 1 2 7 16 6 2 0 40.5887607932090759
12 16 2 5 30 3 12 16 2 6 2 4 13 6 3 1 2 7 0 2 7 1 2 4 0 2 4 0 2 7 5 31 3 0 2 7 0 2 4 1 2 4 1 2 7 0 2 7 1 2 7 0 2 7 0 2 7 0 2 7 0 2 7 0 2 7 0 2 4 1 2 4 1 2 7 17 9 2 5 31 3 17 18 2 0 2 7 0 2 7 0 2 4 17 18 2 1 2 7 1 2 3 1 2 7 0 2 7 12 16 2 1 2 7 17 9 2 0 2 7 0 40.6237867474555969
0 2 4 12 16 2 12 16 2 1 2 7 5 30 3 16 6 2 0 2 7 1 2 7 13 6 3 0 2 7 6 2 7 0 2 7 1 2 7 5 31 3 0 2 7 17 18 2 0 2 7 0 2 7 0 2 7 0 2 7 12 16 2 6 2 7 17 9 2 0 2 4 1 2 7 0 2 7 1 2 7 0 2 7 1 2 7 0 2 7 0 2 7 12 16 2 0 2 7 5 30 3 13 6 3 17 18 2 5 31 3 5 30 3 0 2 7 0 2 7 0 40.8653894662857056

Current Evaluation = 5850(5850)
Front Size = 10
0 2 7 12 16 2 12 16 2 0 2 7 5 30 3 0 2 7 1 2 7 1 2 7 12 16 2 17 9 2 5 31 3 1 2 7 0 2 7 0 2 7 1 2 7 1 2 7 0 2 7 17 18 2 13 6 3 0 2 7 0 2 7 0 2 7 0 2 4 0 2 7 1 2 7 0 2 7 1 2 7 0 2 7 0 2 7 13 6 3 1 2 7 17 9 2 0 2 7 17 9 2 12 16 2 12 16 2 1 2 7 1 2 7 13 6 3 1 2 7 0 40.0383374691009521
12 16 2 5 30 3 5 30 3 12 16 2 1 2 7 0 2 7 0 2 3 0 2 3 5 31 3 13 6 3 1 2 7 0 2 7 0 2 7 1 2 7 0 2 7 1 2 7 0 2 7 0 2 8 1 2 8 0 2 8 16 18 11 17 18 2 0 2 3 0 2 7 0 2 7 0 2 7 0 2 3 17 18 2 5 30 3 1 2 7 16 19 12 8 9 2 1 2 3 0 2 8 1 2 3 0 2 7 0 2 8 1 2 3 5 31 3 0 2 8 7.64854332095339434e-05 43.0739760994911194
0 2 7 12 16 2 12 16 2 0 2 7 5 30 3 0 2 7 1 2 7 1 2 7 12 16 2 17 9 2 5 31 3 1 2 7 0 2 7 0 2 7 1 2 7 1 2 7 5 30 3 0 2 7 17 18 2 13 6 3 0 2 7 0 2 7 0 2 7 0 2 4 0 2 7 0 2 4 17 18 2 1 2 7 0 2 7 1 2 7 1 2 4 0 2 4 5 30 3 0 2 7 0 2 7 13 6 3 1 2 7 17 9 2 0 2 7 1 2 4 0 40.4767705202102661
0 2 7 0 2 7 12 16 2 0 2 7 5 31 3 1 2 7 1 2 4 1 2 7 17 9 2 0 2 7 1 2 4 0 2 7 0 2 7 1 2 7 1 2 4 6 2 7 0 2 7 17 18 2 0 2 7 0 2 7 1 2 7 0 2 7 5 31 3 1 2 7 1 2 7 5 31 3 0 2 7 0 2 3 0 2 7 0 2 7 0 2 7 0 2 7 5 31 3 0 2 7 0 2 7 0 2 7 16 30 2 16 6 2 1 2 7 16 6 2 0 40.5028318762779236
0 2 7 12 16 2 12 16 2 0 2 4 5 30 3 0 2 4 0 2 7 1 2 7 12 16 2 17 9 2 5 31 3 1 2 7 0 2 3 0 2 7 1 2 7 1 2 4 5 30 3 0 2 4 17 18 2 1 2 4 13 6 3 0 2 7 0 2 7 0 2 7 0 2 7 0 2 4 0 2 4 0 2 7 12 16 2 0 2 7 1 2 4 17 18 2 1 2 7 16 31 2 1 2 11 0 2 7 0 2 7 1 2 7 1 2 7 1 2 3 0 40.8262755870819092
12 16 2 5 30 3 12 16 2 8 9 2 0 2 7 5 30 3 13 6 3 1 2 7 5 31 3 6 2 4 1 2 7 5 30 3 0 2 7 0 2 7 1 2 7 0 2 7 0 2 7 0 2 7 0 2 7 1 2 7 0 2 7 0 2 7 5 30 3 0 2 11 0 2 7 17 18 2 0 2 7 12 16 2 0 2 7 0 2 7 12 16 2 0 2 7 1 2 7 0 2 7 16 6 2 17 9 2 0 2 7 16 31 2 0 2 7 1 2 7 0 41.2555244565010071
12 16 2 17 9 2 1 2 7 1 2 7 0 2 3 0 2 3 0 2 7 0 2 7 0 2 7 1 2 4 1 2 7 1 2 7 0 2 7 6 2 3 0 2 7 0 2 7 1 2 7 1 2 7 0 2 3 16 6 2 5 31 3 0 2 7 0 2 7 17 18 2 1 2 7 16 6 2 0 2 7 5 31 3 0 2 7 0 2 7 1 2 7 5 30 3 5 30 3 0 2 7 0 2 3 0 2 7 1 2 4 0 2 3 0 2 7 8 18 2 0 41.2172477245330811
1 2 7 0 2 7 0 2 7 1 2 7 0 2 7 0 2 7 1 2 7 0 2 7 0 2 7 1 2 7 1 2 7 0 2 7 0 2 7 0 2 7 0 2 7 0 2 7 1 2 7 1 2 7 0 2 7 0 2 7 0 2 7 17 9 2 5 31 3 17 18 2 1 2 7 5 30 3 13 6 3 6 2 7 1 2 8 12 16 2 0 2 7 0 2 7 0 2 7 0 2 4 5 31 3 17 9 2 5 31 3 16 6 2 1 2 7 12 16 2 0 40.8278716206550598
12 16 2 5 30 3 12 16 2 17 9 2 1 2 7 5 30 3 13 6 3 1 2 7 0 2 7 0 2 7 0 2 3 0 2 7 5 30 3 0 2 7 1 2 7 1 2 7 1 2 7 0 2 7 0 2 3 1 2 7 5 30 3 0 2 7 0 2 7 0 2 7 1 2 7 0 2 11 0 2 3 6 2 7 16 6 2 5 31 3 1 2 3 0 2 7 0 2 7 17 18 2 0 2 7 0 2 3 16 30 2 0 2 3 8 18 2 0 2 7 0 41.3385457396507263
12 16 2 5 30 3 5 30 3 12 16 2 0 2 7 0 2 7 1 2 4 0 2 7 13 6 3 12 16 2 0 2 7 0 2 7 0 2 4 1 2 7 1 2 7 17 18 2 0 2 3 1 2 11 1 2 7 1 2 11 0 2 4 17 9 2 0 2 7 1 2 7 0 2 3 5 30 3 1 2 7 1 2 7 8 9 2 16 31 2 0 2 7 0 2 7 1 2 7 0 2 7 0 2 7 0 2 3 0 2 7 1 2 4 0 2 7 17 18 2 0 40.9110515117645264

Current Evaluation = 6300(6300)
Front Size = 10
0 2 7 12 16 2 12 16 2 0 2 7 5 30 3 0 2 7 1 2 7 1 2 7 12 16 2 17 9 2 5 31 3 1 2 7 0 2 7 0 2 7 1 2 7 1 2 7 0 2 7 17 18 2 13 6 3 0 2 7 0 2 7 0 2 7 0 2 4 0 2 7 1 2 7 0 2 7 1 2 7 0 2 7 0 2 7 13 6 3 1 2 7 17 9 2 0 2 7 17 9 2 12 16 2 12 16 2 1 2 7 1 2 7 13 6 3 1 2 7 0 40.0383374691009521
0 2 7 0 2 7 12 16 2 0 2 7 5 31 3 1 2 7 1 2 4 1 2 7 17 9 2 0 2 7 1 2 4 0 2 7 0 2 7 1 2 7 1 2 4 6 2 7 0 2 7 17 18 2 0 2 7 0 2 7 1 2 7 0 2 7 5 31 3 1 2 7 1 2 7 5 31 3 0 2 7 0 2 3 0 2 7 0 2 7 0 2 7 0 2 7 5 31 3 0 2 7 0 2 7 0 2 7 16 30 2 16 6 2 1 2 7 16 6 2 0 40.5028318762779236
12 16 2 5 30 3 5 30 3 12 16 2 1 2 7 0 2 7 0 2 3 0 2 3 5 31 3 13 6 3 1 2 7 0 2 7 0 2 7 1 2 7 0 2 7 1 2 7 0 2 7 0 2 8 1 2 8 0 2 8 16 18 11 17 18 2 0 2 3 0 2 7 0 2 7 0 2 7 0 2 3 17 18 2 5 30 3 1 2 7 16 19 12 8 9 2 1 2 3 0 2 8 1 2 3 0 2 7 0 2 8 1 2 3 5 31 3 0 2 8 7.64854332095339434e-05 43.0739760994911194
0 2 3 6 2 3 12 16 2 1 2 3 1 2 3 0 2 7 17 9 2 0 2 7 0 2 7 1 2 7 0 2 7 0 2 3 0 2 7 1 2 11 0 2 3 0 2 3 1 2 7 0 2 4 1 2 7 0 2 4 0 2 7 1 2 3 1 2 7 16 6 2 0 2 7 5 30 3 5 30 3 0 2 7 0 2 3 0 2 4 5 30 3 5 30 3 8 18 2 13 6 3 12 16 2 12 16 2 0 2 3 16 19 11 0 2 7 17 9 2 0 41.9366484880447388
0 2 4 1 2 4 12 16 2 0 2 7 5 30 3 0 2 3 0 2 3 0 2 4 17 9 2 5 31 3 0 2 4 1 2 7 0 2 7 1 2 7 1 2 4 0 2 7 17 18 2 13 6 3 0 2 4 0 2 7 6 2 7 0 2 7 0 2 7 1 2 7 1 2 7 0 2 7 1 2 7 17 9 2 0 2 4 12 16 2 1 2 7 13 6 3 0 2 7 17 9 2 12 16 2 12 16 2 5 30 3 1 2 7 1 2 3 0 2 4 0 40.5796666741371155
17 18 2 17 9 2 1 2 7 0 2 7 0 2 7 6 2 7 1 2 7 1 2 7 0 2 4 1 2 7 0 2 7 5 31 3 0 2 7 0 2 7 1 2 7 0 2 7 0 2 7 1 2 11 0 2 7 0 2 7 0 2 7 0 2 4 1 2 11 5 30 3 0 2 7 1 2 7 0 2 7 17 9 2 1 2 4 0 2 7 5 31 3 0 2 7 0 2 7 0 2 7 5 30 3 0 2 7 5 30 3 13 6 3 16 19 11 17 9 2 0 40.9614885449409485
17 18 2 17 9 2 1 2 7 0 2 4 0 2 7 0 2 7 1 2 7 1 2 7 1 2 7 0 2 4 0 2 7 1 2 7 1 2 7 1 2 7 16 6 2 5 31 3 0 2 7 0 2 4 1 2 7 1 2 7 0 2 4 5 31 3 1 2 7 5 31 3 0 2 7 0 2 7 0 2 7 0 2 7 0 2 7 0 2 7 0 2 7 16 30 2 17 18 2 1 2 7 0 2 7 0 2 7 5 31 3 0 2 7 0 2 7 1 2 7 0 40.3919799327850342
1 2 7 1 2 7 12 16 2 0 2 7 5 31 3 0 2 7 1 2 7 0 2 7 17 9 2 0 2 7 1 2 7 0 2 7 1 2 7 6 2 7 1 2 7 1 2 7 17 18 2 0 2 7 1 2 7 1 2 7 0 2 7 0 2 7 0 2 7 0 2 7 0 2 7 0 2 7 1 2 7 5 31 3 0 2 7 12 16 2 0 2 7 0 2 7 17 18 2 13 6 3 0 2 7 5 31 3 16 6 2 1 2 4 0 2 7 0 2 7 0 40.4124767184257507
12 16 2 0 2 7 0 2 7 0 2 7 1 2 4 0 2 7 0 2 7 0 2 4 12 16 2 0 2 7 8 18 2 0 2 7 0 2 7 0 2 7 0 2 7 12 16 2 1 2 7 1 2 3 1 2 7 0 2 3 0 2 7 6 2 7 1 2 7 12 16 2 17 9 2 5 31 3 0 2 7 1 2 7 13 6 3 17 9 2 0 2 7 1 2 7 1 2 7 16 6 2 16 6 2 0 2 7 5 31 3 0 2 3 5 30 3 1 2 7 0 40.8783596158027649
0 2 7 0 2 7 12 16 2 5 31 3 5 31 3 1 2 7 1 2 7 1 2 7 17 9 2 0 2 4 0 2 7 1 2 7 0 2 7 1 2 7 0 2 7 6 2 7 17 18 2 1 2 7 0 2 7 0 2 7 1 2 7 13 6 3 12 16 2 5 31 3 0 2 7 0 2 7 12 16 2 0 2 7 0 2 4 0 2 7 0 2 4 1 2 7 6 2 7 1 2 7 0 2 7 0 2 7 1 2 7 16 6 2 0 2 7 17 9 2 0 40.4965677261352539

Current Evaluation = 6750(6750)
Front Size = 10
0 2 7 12 16 2 12 16 2 0 2 7 5 30 3 0 2 7 1 2 7 1 2 7 12 16 2 17 9 2 5 31 3 1 2 7 0 2 7 0 2 7 1 2 7 1 2 7 0 2 7 17 18 2 13 6 3 0 2 7 0 2 7 0 2 7 0 2 4 0 2 7 1 2 7 0 2 7 1 2 7 0 2 7 0 2 7 13 6 3 1 2 7 17 9 2 0 2 7 17 9 2 12 16 2 12 16 2 1 2 7 1 2 7 13 6 3 1 2 7 0 40.0383374691009521
0 2 4 1 2 4 12 16 2 0 2 7 5 30 3 0 2 3 0 2 3 0 2 4 17 9 2 5 31 3 0 2 4 1 2 7 0 2 7 1 2 7 1 2 4 0 2 7 17 18 2 13 6 3 0 2 4 0 2 7 6 2 7 0 2 7 0 2 7 1 2 7 1 2 7 0 2 7 1 2 7 17 9 2 0 2 4 12 16 2 1 2 7 13 6 3 0 2 7 17 9 2 12 16 2 12 16 2 5 30 3 1 2 7 1 2 3 0 2 4 0 40.5796666741371155
0 2 3 6 2 3 12 16 2 1 2 3 1 2 3 0 2 7 17 9 2 0 2 7 0 2 7 1 2 7 0 2 7 0 2 3 0 2 7 1 2 11 0 2 3 0 2 3 1 2 7 0 2 4 1 2 7 0 2 4 0 2 7 1 2 3 1 2 7 16 6 2 0 2 7 5 30 3 5 30 3 0 2 7 0 2 3 0 2 4 5 30 3 5 30 3 8 18 2 13 6 3 12 16 2 12 16 2 0 2 3 16 19 11 0 2 7 17 9 2 0 41.9366484880447388
12 16 2 0 2 11 17 9 2 1 2 4 0 2 11 1 2 7 0 2 7 0 2 7 1 2 11 1 2 7 0 2 7 0 2 7 16 31 2 1 2 7 0 2 7 5 30 3 12 16 2 0 2 7 0 2 4 0 2 3 1 2 4 1 2 7 0 2 7 1 2 7 0 2 11 0 2 7 0 2 7 17 18 2 0 2 7 0 2 7 5 30 3 0 2 7 6 2 4 5 30 3 5 31 3 8 18 2 0 2 7 1 2 7 16 19 11 12 16 2 0 41.7722687125205994
0 2 7 12 16 2 12 16 2 0 2 7 5 30 3 0 2 7 1 2 7 0 2 7 17 9 2 5 30 3 1 2 7 0 2 7 0 2 7 1 2 4 1 2 7 0 2 7 17 18 2 13 6 3 0 2 7 0 2 7 1 2 7 0 2 7 0 2 7 0 2 7 1 2 7 0 2 7 0 2 7 1 2 7 17 9 2 0 2 7 0 2 4 1 2 7 5 31 3 0 2 7 1 2 7 13 6 3 5 30 3 17 9 2 0 2 7 1 2 4 0 40.3689725399017334
17 18 2 17 9 2 1 2 7 0 2 4 0 2 7 0 2 7 1 2 7 1 2 7 1 2 7 0 2 4 0 2 7 1 2 7 1 2 7 1 2 7 16 6 2 5 31 3 0 2 7 0 2 4 1 2 7 1 2 7 0 2 4 5 31 3 1 2 7 5 31 3 0 2 7 0 2 7 0 2 7 0 2 7 0 2 7 0 2 7 0 2 7 16 30 2 17 18 2 1 2 7 0 2 7 0 2 7 5 31 3 0 2 7 0 2 7 1 2 7 0 40.3919799327850342
1 2 7 0 2 7 12 16 2 0 2 7 5 31 3 0 2 7 1 2 7 0 2 7 17 9 2 1 2 7 1 2 7 0 2 7 1 2 7 0 2 7 1 2 7 1 2 7 17 18 2 1 2 7 1 2 7 1 2 7 0 2 7 0 2 7 0 2 7 0 2 7 1 2 7 0 2 7 8 18 2 5 30 3 0 2 7 12 16 2 1 2 7 13 6 3 5 31 3 16 6 2 0 2 7 0 2 7 0 2 7 17 9 2 0 2 7 0 2 7 0 40.4091576337814331
1 2 7 1 2 7 12 16 2 0 2 7 5 31 3 0 2 7 1 2 7 0 2 7 17 9 2 0 2 7 1 2 7 0 2 7 1 2 7 6 2 7 1 2 7 1 2 7 17 18 2 0 2 7 1 2 7 1 2 7 0 2 7 0 2 7 0 2 7 0 2 7 0 2 7 0 2 7 1 2 7 5 31 3 0 2 7 12 16 2 0 2 7 0 2 7 17 18 2 13 6 3 0 2 7 5 31 3 16 6 2 1 2 4 0 2 7 0 2 7 0 40.4124767184257507
17 18 2 17 9 2 1 2 11 0 2 7 0 2 7 12 16 2 1 2 7 1 2 7 0 2 4 1 2 7 0 2 7 0 2 7 0 2 7 5 31 3 0 2 7 5 30 3 0 2 7 0 2 7 0 2 4 1 2 7 0 2 7 0 2 7 0 2 7 0 2 7 0 2 7 6 2 4 0 2 7 1 2 7 13 6 3 0 2 7 1 2 7 16 6 2 5 30 3 0 2 7 5 31 3 16 6 2 0 2 7 1 2 7 5 31 3 17 9 2 0 40.6108766198158264
0 2 7 0 2 7 12 16 2 5 31 3 5 31 3 1 2 7 1 2 7 1 2 7 17 9 2 0 2 4 0 2 7 1 2 7 0 2 7 1 2 7 0 2 7 6 2 7 17 18 2 1 2 7 0 2 7 0 2 7 1 2 7 13 6 3 12 16 2 5 31 3 0 2 7 0 2 7 12 16 2 0 2 7 0 2 4 0 2 7 0 2 4 1 2 7 6 2 7 1 2 7 0 2 7 0 2 7 1 2 7 16 6 2 0 2 7 17 9 2 0 40.4965677261352539

Current Evaluation = 7200(7200)
Front Size = 10
0 2 7 12 16 2 12 16 2 0 2 7 5 30 3 0 2 7 1 2 7 1 2 7 12 16 2 17 9 2 5 31 3 1 2 7 0 2 4 0 2 7 1 2 7 1 2 7 0 2 7 17 18 2 13 6 3 0 2 7 0 2 7 0 2 7 0 2 7 0 2 7 1 2 7 0 2 7 1 2 7 13 6 3 1 2 7 17 9 2 12 16 2 1 2 7 1 2 7 17 9 2 0 2 7 0 2 7 1 2 7 12 16 2 13 6 3 0 2 7 0 40.0383374691009521
1 2 4 1 2 7 0 2 7 5 31 3 0 2 7 1 2 7 0 2 7 17 9 2 0 2 7 1 2 7 0 2 7 1 2 7 1 2 7 17 18 2 0 2 7 1 2 7 1 2 7 1 2 7 0 2 7 0 2 7 0 2 7 0 2 7 0 2 7 1 2 7 5 31 3 0 2 7 0 2 7 0 2 7 17 18 2 12 16 2 6 2 7 12 16 2 13 6 3 0 2 4 5 30 3 1 2 7 0 2 7 13 6 3 12 16 2 17 9 2 0 40.2815956473350525
0 2 7 12 16 2 12 16 2 0 2 7 5 30 3 0 2 7 1 2 7 1 2 3 12 16 2 17 9 2 5 30 3 1 2 7 1 2 7 16 31 2 0 2 7 1 2 3 0 2 3 17 18 2 0 2 3 0 2 3 0 2 3 0 2 7 1 2 7 1 2 7 0 2 3 0 2 7 0 2 7 0 2 3 1 2 7 1 2 7 16 6 2 0 2 7 8 18 2 0 2 7 5 30 3 0 2 4 1 2 7 1 2 7 13 6 3 0 2 7 0 41.0680606365203857
17 18 2 17 9 2 1 2 7 0 2 4 0 2 7 0 2 7 1 2 7 1 2 7 1 2 7 0 2 4 0 2 7 1 2 7 1 2 7 1 2 7 16 6 2 5 31 3 0 2 7 0 2 4 1 2 7 1 2 7 0 2 4 5 31 3 1 2 7 5 31 3 0 2 7 0 2 7 0 2 7 0 2 7 0 2 7 0 2 7 0 2 7 16 30 2 17 18 2 1 2 7 0 2 7 0 2 7 5 31 3 0 2 7 0 2 7 1 2 7 0 40.3919799327850342
12 16 2 0 2 11 17 9 2 1 2 4 0 2 11 1 2 7 0 2 7 0 2 7 1 2 11 1 2 7 0 2 7 0 2 7 16 31 2 1 2 7 0 2 7 5 30 3 12 16 2 0 2 7 0 2 4 0 2 3 1 2 4 1 2 7 0 2 7 1 2 7 0 2 11 0 2 7 0 2 7 17 18 2 0 2 7 0 2 7 5 30 3 0 2 7 6 2 4 5 30 3 5 31 3 8 18 2 0 2 7 1 2 7 16 19 11 12 16 2 0 41.7722687125205994
0 2 7 12 16 2 12 16 2 0 2 7 5 30 3 1 2 4 1 2 7 0 2 7 12 16 2 12 16 2 5 31 3 1 2 4 1 2 3 1 2 7 1 2 4 1 2 3 0 2 7 17 18 2 17 9 2 0 2 7 0 2 7 0 2 4 0 2 7 0 2 7 1 2 3 0 2 4 1 2 7 1 2 4 0 2 4 13 6 3 0 2 4 17 9 2 0 2 7 17 9 2 1 2 7 12 16 2 0 2 7 1 2 4 13 6 3 0 2 7 0 40.4699766635894775
1 2 7 1 2 7 0 2 7 5 31 3 0 2 3 1 2 3 0 2 7 17 9 2 0 2 7 1 2 3 0 2 7 1 2 7 1 2 7 17 18 2 0 2 7 0 2 7 0 2 3 0 2 7 0 2 7 0 2 7 0 2 7 1 2 7 0 2 7 12 16 2 12 16 2 0 2 3 5 30 3 12 16 2 16 18 11 1 2 3 1 2 7 0 2 7 15 2 11 0 2 3 0 2 7 13 6 3 5 30 3 16 6 2 1 2 7 0 2 7 0 41.3921986222267151
16 19 11 0 2 3 17 9 2 1 2 7 0 2 7 0 2 7 0 2 7 0 2 7 0 2 7 0 2 3 0 2 7 1 2 7 0 2 7 0 2 7 5 30 3 5 30 3 0 2 7 5 31 3 13 6 3 12 16 2 0 2 7 0 2 7 5 30 3 0 2 7 0 2 7 0 2 3 0 2 7 0 2 7 1 2 7 5 30 3 1 2 7 0 2 7 16 6 2 0 2 7 0 2 7 5 31 3 16 6 2 16 19 11 0 2 7 12 16 2 0 41.810023307800293
0 2 7 12 16 2 12 16 2 0 2 7 5 30 3 0 2 7 1 2 7 0 2 7 17 9 2 5 30 3 1 2 7 0 2 7 0 2 7 1 2 4 1 2 7 0 2 7 17 18 2 13 6 3 0 2 7 0 2 7 1 2 7 0 2 7 0 2 7 0 2 7 1 2 7 0 2 7 0 2 7 1 2 7 17 9 2 0 2 7 0 2 4 1 2 7 5 31 3 0 2 7 1 2 7 13 6 3 5 30 3 17 9 2 0 2 7 1 2 4 0 40.3689725399017334
0 2 3 6 2 3 12 16 2 1 2 3 1 2 3 0 2 7 17 9 2 0 2 7 0 2 7 1 2 7 0 2 7 0 2 3 0 2 7 1 2 11 0 2 3 0 2 3 1 2 7 0 2 4 1 2 7 0 2 4 0 2 7 1 2 3 1 2 7 16 6 2 0 2 7 5 30 3 5 30 3 0 2 7 0 2 3 0 2 4 5 30 3 5 30 3 8 18 2 13 6 3 12 16 2 12 16 2 0 2 3 16 19 11 0 2 7 17 9 2 0 41.9366484880447388

Current Evaluation = 7650(7650)
Front Size = 10
12 16 2 17 9 2 1 2 7 0 2 7 13 6 3 0 2 7 1 2 7 12 16 2 0 2 7 5 31 3 12 16 2 1 2 7 0 2 7 1 2 7 0 2 7 1 2 7 17 18 2 1 2 7 5 30 3 12 16 2 13 6 3 0 2 7 0 2 7 17 9 2 0 2 7 1 2 7 1 2 7 0 2 7 13 6 3 0 2 7 1 2 7 0 2 7 1 2 7 0 2 7 0 2 7 12 16 2 0 2 7 17 18 2 0 2 4 1 2 7 0 40.0383374691009521
12 16 2 17 9 2 1 2 7 0 2 7 13 6 3 0 2 7 1 2 7 12 16 2 0 2 7 5 31 3 12 16 2 1 2 7 0 2 7 1 2 7 0 2 7 1 2 7 17 18 2 1 2 7 5 30 3 12 16 2 13 6 3 0 2 7 0 2 7 17 9 2 0 2 7 1 2 7 1 2 7 0 2 7 13 6 3 0 2 7 1 2 7 0 2 7 1 2 7 0 2 7 0 2 7 12 16 2 0 2 7 1 2 4 17 9 2 0 2 7 0 40.0383374691009521
17 9 2 1 2 4 1 2 7 0 2 7 0 2 7 0 2 7 1 2 7 0 2 7 1 2 7 0 2 7 0 2 7 5 31 3 0 2 7 0 2 7 5 31 3 0 2 7 16 6 2 1 2 7 1 2 7 5 31 3 0 2 7 1 2 7 0 2 7 0 2 7 0 2 7 1 2 7 1 2 7 1 2 7 17 18 2 0 2 7 0 2 7 1 2 7 0 2 7 0 2 7 0 2 11 17 9 2 1 2 7 17 9 2 13 6 3 1 2 7 0 40.0670828819274902
12 16 2 0 2 11 17 9 2 1 2 4 0 2 11 1 2 7 0 2 7 0 2 7 1 2 11 1 2 7 0 2 7 0 2 7 16 31 2 1 2 7 0 2 7 5 30 3 12 16 2 0 2 7 0 2 4 0 2 3 1 2 4 1 2 7 0 2 7 1 2 7 0 2 11 0 2 7 0 2 7 17 18 2 0 2 7 0 2 7 5 30 3 0 2 7 6 2 4 5 30 3 5 31 3 8 18 2 0 2 7 1 2 7 16 19 11 12 16 2 0 41.7722687125205994
6 2 7 12 16 2 12 16 2 0 2 7 5 30 3 1 2 7 1 2 7 0 2 7 12 16 2 5 31 3 1 2 7 0 2 7 17 18 2 17 9 2 0 2 7 0 2 3 0 2 4 0 2 3 0 2 7 1 2 7 13 6 3 17 9 2 0 2 7 1 2 7 0 2 7 13 6 3 0 2 7 0 2 7 1 2 7 1 2 4 5 30 3 1 2 3 0 2 7 0 2 7 1 2 7 0 2 4 0 2 4 1 2 7 17 18 2 1 2 7 0 40.4413166642189026
12 16 2 17 9 2 1 2 7 0 2 7 13 6 3 0 2 7 1 2 7 12 16 2 0 2 7 5 31 3 12 16 2 1 2 7 0 2 7 1 2 7 0 2 4 0 2 7 1 2 7 17 18 2 17 18 2 1 2 7 12 16 2 13 6 3 0 2 7 0 2 7 17 9 2 0 2 7 1 2 7 0 2 7 0 2 7 0 2 7 0 2 4 0 2 7 12 16 2 1 2 4 1 2 4 1 2 4 1 2 4 0 2 4 1 2 7 5 31 3 0 40.3102556467056274
0 2 7 1 2 7 1 2 7 0 2 7 5 31 3 1 2 7 0 2 7 17 18 2 17 9 2 0 2 7 0 2 7 1 2 7 13 6 3 17 9 2 0 2 7 1 2 7 0 2 7 0 2 7 0 2 7 1 2 7 1 2 4 0 2 7 0 2 7 1 2 7 1 2 7 1 2 7 5 31 3 0 2 7 0 2 7 1 2 7 5 31 3 0 2 7 0 2 4 16 6 2 0 2 7 5 30 3 1 2 7 0 2 7 0 2 4 17 18 2 0 40.1886777877807617
1 2 4 12 16 2 12 16 2 0 2 4 17 18 2 0 2 7 1 2 4 0 2 7 12 16 2 5 30 3 1 2 7 1 2 7 8 9 2 1 2 11 1 2 11 0 2 7 0 2 7 13 6 3 17 9 2 0 2 7 6 2 7 0 2 7 0 2 7 0 2 7 0 2 7 5 30 3 0 2 7 1 2 7 5 30 3 0 2 7 0 2 7 17 9 2 1 2 7 0 2 7 0 2 7 5 31 3 0 2 4 16 19 11 0 2 7 0 2 7 0 41.3203184008598328
0 2 3 6 2 3 12 16 2 1 2 3 1 2 3 0 2 7 17 9 2 0 2 7 0 2 7 1 2 7 0 2 7 0 2 3 0 2 7 1 2 11 0 2 3 0 2 3 1 2 7 0 2 4 1 2 7 0 2 4 0 2 7 1 2 3 1 2 7 16 6 2 0 2 7 5 30 3 5 30 3 0 2 7 0 2 3 0 2 4 5 30 3 5 30 3 8 18 2 13 6 3 12 16 2 12 16 2 0 2 3 16 19 11 0 2 7 17 9 2 0 41.9366484880447388
12 16 2 1 2 7 0 2 7 0 2 7 0 2 7 0 2 7 12 16 2 0 2 7 5 31 3 12 16 2 0 2 10 6 2 7 0 2 4 0 2 7 0 2 7 6 2 7 5 30 3 0 2 11 1 2 7 0 2 7 1 2 7 0 2 7 0 2 7 1 2 7 1 2 7 0 2 7 0 2 7 0 2 7 17 9 2 0 2 7 13 6 3 17 9 2 1 2 7 16 30 2 16 20 12 5 31 3 5 31 3 12 16 2 0 2 7 5 30 3 0 41.3553177118301392

Current Evaluation = 8100(8100)
Front Size = 10
12 16 2 17 9 2 0 2 4 13 6 3 0 2 7 1 2 7 12 16 2 0 2 7 5 31 3 12 16 2 1 2 7 0 2 7 0 2 7 0 2 7 1 2 7 17 18 2 5 30 3 12 16 2 13 6 3 0 2 7 0 2 7 17 9 2 0 2 7 1 2 7 0 2 7 1 2 7 13 6 3 0 2 7 1 2 7 1 2 7 0 2 7 1 2 7 12 16 2 1 2 7 0 2 7 0 2 7 1 2 7 0 2 7 17 9 2 1 2 7 0 40.0383374691009521
12 16 2 17 9 2 1 2 7 13 6 3 1 2 4 0 2 7 12 16 2 0 2 7 5 31 3 12 16 2 1 2 7 0 2 7 0 2 7 0 2 7 1 2 7 17 18 2 12 16 2 13 6 3 0 2 7 0 2 7 17 9 2 0 2 7 1 2 7 0 2 7 1 2 7 0 2 7 13 6 3 0 2 7 0 2 7 12 16 2 1 2 7 1 2 7 17 18 2 5 30 3 1 2 7 1 2 7 0 2 7 0 2 7 1 2 7 0 2 7 0 40.0383374691009521
17 9 2 1 2 7 1 2 7 0 2 4 1 2 7 0 2 7 1 2 7 0 2 7 1 2 7 0 2 7 0 2 7 5 31 3 0 2 7 0 2 7 5 31 3 0 2 7 16 6 2 1 2 7 0 2 7 5 31 3 0 2 7 1 2 7 0 2 7 0 2 7 1 2 7 1 2 7 1 2 7 1 2 7 17 18 2 0 2 7 0 2 7 0 2 7 0 2 7 17 9 2 1 2 7 13 6 3 0 2 7 1 2 11 17 9 2 0 2 7 0 40.0670827627182007
0 2 7 1 2 7 1 2 7 0 2 7 5 30 3 0 2 7 0 2 7 17 18 2 17 9 2 0 2 4 1 2 3 1 2 7 13 6 3 17 9 2 0 2 4 1 2 7 0 2 7 0 2 7 0 2 7 1 2 7 1 2 4 0 2 7 0 2 7 0 2 7 1 2 7 1 2 7 5 31 3 0 2 7 0 2 7 1 2 7 5 31 3 0 2 7 0 2 7 16 6 2 1 2 4 5 30 3 1 2 7 0 2 7 0 2 4 17 18 2 0 40.148398756980896
12 16 2 17 9 2 1 2 11 0 2 7 13 6 3 0 2 7 1 2 7 12 16 2 0 2 7 5 31 3 12 16 2 1 2 7 0 2 7 0 2 4 0 2 7 1 2 4 17 18 2 5 30 3 12 16 2 13 6 3 0 2 4 1 2 7 17 9 2 1 2 4 1 2 7 0 2 7 1 2 7 13 6 3 0 2 7 0 2 7 6 2 7 0 2 7 12 16 2 1 2 7 0 2 7 0 2 7 1 2 7 0 2 7 17 9 2 12 16 2 0 40.2020284533500671
12 16 2 17 9 2 1 2 7 0 2 7 13 6 3 0 2 7 1 2 7 12 16 2 0 2 7 5 31 3 12 16 2 1 2 7 0 2 7 1 2 7 0 2 4 0 2 7 1 2 7 17 18 2 17 18 2 1 2 7 12 16 2 13 6 3 0 2 7 0 2 7 17 9 2 0 2 7 1 2 7 0 2 7 0 2 7 0 2 7 0 2 4 0 2 7 12 16 2 1 2 4 1 2 4 1 2 4 1 2 4 0 2 4 1 2 7 5 31 3 0 40.3102556467056274
6 2 7 12 16 2 12 16 2 0 2 7 5 30 3 1 2 7 1 2 7 0 2 7 12 16 2 5 31 3 1 2 7 0 2 7 17 18 2 17 9 2 0 2 7 0 2 3 0 2 4 0 2 3 0 2 7 1 2 7 13 6 3 17 9 2 0 2 7 1 2 7 0 2 7 13 6 3 0 2 7 0 2 7 1 2 7 1 2 4 5 30 3 1 2 3 0 2 7 0 2 7 1 2 7 0 2 4 0 2 4 1 2 7 17 18 2 1 2 7 0 40.4413166642189026
0 2 3 6 2 3 12 16 2 1 2 3 1 2 3 0 2 7 17 9 2 0 2 7 0 2 7 1 2 7 0 2 7 0 2 3 0 2 7 1 2 11 0 2 3 0 2 3 1 2 7 0 2 4 1 2 7 0 2 4 0 2 7 1 2 3 1 2 7 16 6 2 0 2 7 5 30 3 5 30 3 0 2 7 0 2 3 0 2 4 5 30 3 5 30 3 8 18 2 13 6 3 12 16 2 12 16 2 0 2 3 16 19 11 0 2 7 17 9 2 0 41.9366484880447388
17 9 2 1 2 7 1 2 7 0 2 4 1 2 7 0 2 7 1 2 7 0 2 7 1 2 7 0 2 7 0 2 7 5 31 3 0 2 7 0 2 7 0 2 7 1 2 7 0 2 7 0 2 7 1 2 7 0 2 7 0 2 7 1 2 7 17 18 2 0 2 7 0 2 7 0 2 7 17 9 2 13 6 3 17 9 2 5 31 3 5 30 3 5 31 3 6 2 7 1 2 7 1 2 7 13 6 3 1 2 7 5 30 3 12 16 2 0 2 7 0.000200492462796094555 40.487564742565155
17 9 2 1 2 7 1 2 7 0 2 4 1 2 7 0 2 7 1 2 7 0 2 7 1 2 7 0 2 7 0 2 7 5 31 3 0 2 7 0 2 7 5 31 3 0 2 7 1 2 7 0 2 7 0 2 7 1 2 7 0 2 7 0 2 7 1 2 7 17 18 2 0 2 7 17 9 2 13 6 3 16 6 2 5 31 3 0 2 4 12 16 2 12 16 2 0 2 7 1 2 4 12 16 2 1 2 7 0 2 7 1 2 11 17 9 2 1 2 4 0.00274287490397409411 40.5210286378860474

Current Evaluation = 8550(8550)
Front Size = 10
12 16 2 17 9 2 0 2 7 13 6 3 0 2 7 1 2 7 12 16 2 0 2 7 5 31 3 12 16 2 1 2 7 0 2 7 0 2 7 0 2 4 0 2 7 17 18 2 5 30 3 13 6 3 0 2 7 0 2 7 17 9 2 0 2 7 1 2 7 1 2 7 0 2 7 0 2 7 1 2 7 1 2 7 1 2 7 1 2 7 1 2 7 17 9 2 12 16 2 13 6 3 12 16 2 1 2 7 0 2 7 0 2 7 0 2 7 1 2 7 0 40.0383374691009521
0 2 7 12 16 2 1 2 7 1 2 7 17 18 2 17 18 2 0 2 7 1 2 7 0 2 7 12 16 2 1 2 7 1 2 7 5 31 3 0 2 4 0 2 7 0 2 7 5 30 3 13 6 3 12 16 2 12 16 2 0 2 7 17 9 2 0 2 7 17 9 2 0 2 7 1 2 7 13 6 3 12 16 2 13 6 3 0 2 7 0 2 7 1 2 7 1 2 7 0 2 7 1 2 7 1 2 7 0 2 7 0 2 7 1 2 7 0 2 7 0 40.0383374691009521
1 2 3 0 2 7 12 16 2 1 2 7 0 2 7 17 18 2 1 2 7 1 2 3 0 2 7 0 2 7 0 2 7 12 16 2 0 2 4 0 2 7 0 2 4 5 30 3 1 2 4 1 2 7 1 2 4 0 2 4 0 2 3 5 31 3 13 6 3 12 16 2 12 16 2 0 2 7 0 2 4 17 9 2 1 2 4 0 2 7 17 9 2 0 2 7 1 2 4 0 2 4 17 18 2 1 2 7 1 2 7 12 16 2 13 6 3 1 2 7 0 40.4699766635894775
17 9 2 1 2 7 1 2 7 1 2 7 1 2 7 0 2 7 1 2 7 0 2 7 1 2 4 0 2 7 0 2 7 5 31 3 0 2 7 0 2 7 0 2 7 0 2 7 16 6 2 0 2 7 0 2 7 0 2 7 0 2 7 1 2 7 0 2 7 1 2 7 1 2 7 5 31 3 0 2 7 1 2 7 0 2 7 0 2 7 17 9 2 13 6 3 1 2 7 0 2 7 1 2 7 17 18 2 5 31 3 1 2 11 17 9 2 0 2 7 0 40.0670827627182007
1 2 7 1 2 7 1 2 7 0 2 7 5 31 3 0 2 7 0 2 7 17 18 2 17 9 2 0 2 7 1 2 7 1 2 7 13 6 3 17 9 2 0 2 7 1 2 7 0 2 7 0 2 11 0 2 7 1 2 4 1 2 7 0 2 7 0 2 7 0 2 7 1 2 7 1 2 7 5 31 3 0 2 7 0 2 7 1 2 7 5 31 3 0 2 7 0 2 7 16 6 2 0 2 7 1 2 7 1 2 7 0 2 7 0 2 7 17 18 2 0 40.0670828819274902
17 9 2 1 2 7 1 2 11 1 2 7 1 2 7 0 2 4 1 2 7 0 2 7 0 2 7 0 2 7 1 2 7 0 2 7 0 2 7 0 2 7 0 2 7 0 2 7 0 2 7 0 2 7 0 2 7 1 2 7 0 2 7 1 2 7 1 2 7 0 2 7 1 2 7 17 9 2 13 6 3 1 2 7 1 2 7 17 18 2 17 9 2 1 2 7 16 6 2 5 31 3 0 2 7 0 2 7 0 2 7 5 31 3 5 31 3 0 2 7 0 40.0670827627182007
0 2 7 1 2 7 1 2 7 0 2 7 5 30 3 0 2 7 0 2 7 17 18 2 17 9 2 0 2 4 1 2 3 1 2 7 13 6 3 17 9 2 0 2 4 1 2 7 0 2 7 0 2 7 0 2 7 1 2 7 1 2 4 0 2 7 0 2 7 0 2 7 1 2 7 1 2 7 5 31 3 0 2 7 0 2 7 1 2 7 5 31 3 0 2 7 0 2 7 16 6 2 1 2 4 5 30 3 1 2 7 0 2 7 0 2 4 17 18 2 0 40.148398756980896
1 2 4 0 2 4 12 16 2 1 2 7 0 2 7 17 18 2 1 2 7 0 2 7 0 2 7 1 2 7 12 16 2 0 2 7 0 2 7 0 2 4 5 31 3 1 2 7 1 2 7 1 2 4 0 2 4 0 2 7 5 31 3 13 6 3 12 16 2 12 16 2 0 2 7 17 9 2 17 9 2 0 2 4 17 18 2 0 2 7 1 2 7 12 16 2 13 6 3 1 2 4 0 2 7 0 2 7 1 2 7 0 2 7 1 2 7 1 2 7 0 40.3102556467056274
17 9 2 1 2 7 1 2 3 1 2 7 0 2 7 0 2 4 6 2 7 0 2 7 0 2 7 0 2 7 5 31 3 1 2 7 0 2 4 0 2 7 0 2 4 0 2 4 0 2 7 0 2 7 5 30 3 1 2 7 1 2 7 1 2 7 17 9 2 13 6 3 17 18 2 12 16 2 0 2 7 0 2 7 12 16 2 12 16 2 5 30 3 1 2 7 0 2 4 5 30 3 13 6 3 17 9 2 0 2 7 0 2 7 0 2 7 1 2 7 0 40.5530635714530945
17 9 2 1 2 7 1 2 7 1 2 7 0 2 7 0 2 7 0 2 4 0 2 4 0 2 7 5 31 3 1 2 7 1 2 7 1 2 4 0 2 7 1 2 7 0 2 7 0 2 7 5 30 3 0 2 7 1 2 7 1 2 4 0 2 7 13 6 3 17 18 2 0 2 7 0 2 7 0 2 7 12 16 2 12 16 2 0 2 7 13 6 3 17 18 2 5 30 3 1 2 4 5 30 3 17 18 2 0 2 7 0 2 7 0 2 7 12 16 2 0 40.4767705202102661

Current Evaluation = 9000(9000)
Front Size = 10
0 2 7 12 16 2 1 2 7 1 2 7 17 18 2 17 18 2 0 2 7 1 2 7 1 2 7 12 16 2 1 2 7 1 2 7 5 31 3 0 2 7 0 2 7 0 2 7 5 30 3 13 6 3 12 16 2 12 16 2 0 2 7 17 9 2 0 2 7 17 9 2 0 2 7 1 2 7 13 6 3 12 16 2 13 6 3 0 2 7 0 2 7 1 2 7 1 2 7 0 2 7 1 2 7 0 2 7 1 2 7 0 2 4 0 2 7 0 2 7 0 40.0383374691009521
17 9 2 1 2 7 1 2 7 1 2 7 1 2 7 0 2 7 1 2 7 0 2 7 0 2 7 0 2 7 5 31 3 0 2 7 0 2 7 0 2 7 0 2 7 16 6 2 0 2 7 0 2 7 0 2 7 0 2 7 1 2 7 0 2 7 1 2 7 1 2 7 5 31 3 0 2 7 1 2 7 0 2 7 0 2 7 17 9 2 13 6 3 1 2 7 0 2 7 1 2 7 17 18 2 5 31 3 1 2 11 1 2 4 17 9 2 0 2 7 0 40.0670827627182007
17 9 2 1 2 7 1 2 3 1 2 7 0 2 7 0 2 4 6 2 7 0 2 7 0 2 7 0 2 7 5 31 3 1 2 7 0 2 4 0 2 7 0 2 4 0 2 4 0 2 7 0 2 7 5 30 3 1 2 7 1 2 7 1 2 7 17 9 2 13 6 3 17 18 2 12 16 2 0 2 7 0 2 7 12 16 2 12 16 2 5 30 3 1 2 7 0 2 4 5 30 3 13 6 3 17 9 2 0 2 7 0 2 7 0 2 7 1 2 7 0 40.5530635714530945
0 2 7 1 2 3 1 2 4 0 2 7 0 2 7 0 2 7 17 18 2 17 9 2 0 2 7 1 2 7 13 6 3 17 9 2 0 2 7 0 2 7 1 2 7 0 2 4 1 2 4 0 2 7 1 2 7 5 31 3 0 2 7 0 2 7 5 31 3 0 2 7 0 2 7 16 6 2 1 2 4 0 2 7 0 2 7 1 2 7 1 2 4 1 2 7 0 2 7 0 2 7 5 30 3 0 2 7 17 9 2 5 30 3 1 2 7 1 2 7 0 40.148398756980896
1 2 7 0 2 7 0 2 7 0 2 7 17 18 2 17 9 2 0 2 7 1 2 7 13 6 3 17 9 2 0 2 7 0 2 7 1 2 7 0 2 7 0 2 7 1 2 7 5 31 3 0 2 7 0 2 7 5 31 3 0 2 7 0 2 7 16 6 2 0 2 7 0 2 7 1 2 7 1 2 7 0 2 7 0 2 7 1 2 7 1 2 7 5 31 3 1 2 7 1 2 11 1 2 7 17 18 2 1 2 7 1 2 7 0 2 7 0 2 4 0 40.0670827627182007
1 2 4 0 2 4 12 16 2 1 2 7 0 2 7 17 18 2 1 2 7 0 2 7 0 2 7 1 2 7 12 16 2 0 2 7 0 2 7 0 2 4 5 31 3 1 2 7 1 2 7 1 2 4 0 2 4 0 2 7 5 31 3 13 6 3 12 16 2 12 16 2 0 2 7 17 9 2 17 9 2 0 2 4 17 18 2 0 2 7 1 2 7 12 16 2 13 6 3 1 2 4 0 2 7 0 2 7 1 2 7 0 2 7 1 2 7 1 2 7 0 40.3102556467056274
0 2 7 0 2 7 0 2 7 0 2 7 17 18 2 17 9 2 0 2 7 1 2 7 13 6 3 17 9 2 0 2 7 0 2 7 1 2 7 0 2 7 0 2 7 1 2 7 5 31 3 0 2 7 0 2 7 5 31 3 0 2 7 0 2 7 16 6 2 0 2 7 0 2 7 1 2 7 1 2 7 0 2 7 0 2 7 1 2 7 1 2 7 5 31 3 1 2 7 1 2 11 0 2 7 1 2 7 1 2 7 1 2 7 1 2 4 17 18 2 0 40.0670827627182007
0 2 7 1 2 4 0 2 7 0 2 7 0 2 7 17 18 2 17 9 2 0 2 4 1 2 7 13 6 3 17 9 2 0 2 7 0 2 7 1 2 4 0 2 7 1 2 7 5 31 3 0 2 4 0 2 7 5 31 3 0 2 7 0 2 7 16 6 2 0 2 7 0 2 7 1 2 7 1 2 7 0 2 7 0 2 7 0 2 7 17 9 2 1 2 7 1 2 7 1 2 7 0 2 3 1 2 7 1 2 7 1 2 4 5 30 3 5 30 3 0 40.148398756980896
0 2 7 0 2 7 12 16 2 1 2 7 0 2 7 17 18 2 1 2 7 0 2 7 0 2 7 1 2 7 12 16 2 0 2 7 0 2 7 0 2 3 5 31 3 1 2 7 1 2 7 13 6 3 0 2 7 1 2 7 5 30 3 13 6 3 12 16 2 12 16 2 0 2 7 17 9 2 17 9 2 0 2 7 17 18 2 1 2 4 0 2 4 12 16 2 13 6 3 1 2 7 1 2 7 0 2 7 0 2 7 0 2 7 1 2 7 1 2 7 0 40.1183375120162964
0 2 4 12 16 2 1 2 7 0 2 4 17 18 2 1 2 7 0 2 4 0 2 7 1 2 7 12 16 2 0 2 7 0 2 4 5 31 3 1 2 7 1 2 7 0 2 7 13 6 3 12 16 2 12 16 2 0 2 7 17 9 2 17 9 2 17 18 2 0 2 7 1 2 7 12 16 2 13 6 3 0 2 7 0 2 7 1 2 4 0 2 7 1 2 7 1 2 7 1 2 4 0 2 4 1 2 7 0 2 7 5 31 3 1 2 7 0 2 7 0 40.3102556467056274

MonoObjective Genetic Algorithm
Number of Evaluations = 0
Mutation Probability = 0
Crossover Probability = 1
Population Size = 10
Survival Selection Type = 16

Time =  9023.46330118179321

Current Evaluation = 2230
Front Size = 10
0 2 7 12 16 2 1 2 7 1 2 7 17 18 2 17 18 2 0 2 7 1 2 7 1 2 7 12 16 2 1 2 7 1 2 7 5 31 3 0 2 7 0 2 7 0 2 7 5 30 3 13 6 3 12 16 2 12 16 2 0 2 7 17 9 2 0 2 7 17 9 2 0 2 7 1 2 7 13 6 3 12 16 2 13 6 3 0 2 7 0 2 7 1 2 7 1 2 7 0 2 7 1 2 7 0 2 7 1 2 7 0 2 4 0 2 7 0 2 7 0 40.0383374691009521
17 9 2 1 2 7 1 2 7 1 2 7 1 2 7 0 2 7 1 2 7 0 2 7 0 2 7 0 2 7 5 31 3 0 2 7 0 2 7 0 2 7 0 2 7 16 6 2 0 2 7 0 2 7 0 2 7 0 2 7 1 2 7 0 2 7 1 2 7 1 2 7 5 31 3 0 2 7 1 2 7 0 2 7 0 2 7 17 9 2 13 6 3 1 2 7 0 2 7 1 2 7 17 18 2 5 31 3 1 2 11 1 2 4 17 9 2 0 2 7 0 40.0670827627182007
17 9 2 1 2 7 1 2 3 1 2 7 0 2 7 0 2 4 6 2 7 0 2 7 0 2 7 0 2 7 5 31 3 1 2 7 0 2 4 0 2 7 0 2 4 0 2 4 0 2 7 0 2 7 5 30 3 1 2 7 1 2 7 1 2 7 17 9 2 13 6 3 17 18 2 12 16 2 0 2 7 0 2 7 12 16 2 12 16 2 5 30 3 1 2 7 0 2 4 5 30 3 13 6 3 17 9 2 0 2 7 0 2 7 0 2 7 1 2 7 0 40.5530635714530945
0 2 7 1 2 3 1 2 4 0 2 7 0 2 7 0 2 7 17 18 2 17 9 2 0 2 7 1 2 7 13 6 3 17 9 2 0 2 7 0 2 7 1 2 7 0 2 4 1 2 4 0 2 7 1 2 7 5 31 3 0 2 7 0 2 7 5 31 3 0 2 7 0 2 7 16 6 2 1 2 4 0 2 7 0 2 7 1 2 7 1 2 4 1 2 7 0 2 7 0 2 7 5 30 3 0 2 7 17 9 2 5 30 3 1 2 7 1 2 7 0 40.148398756980896
1 2 7 0 2 7 0 2 7 0 2 7 17 18 2 17 9 2 0 2 7 1 2 7 13 6 3 17 9 2 0 2 7 0 2 7 1 2 7 0 2 7 0 2 7 1 2 7 5 31 3 0 2 7 0 2 7 5 31 3 0 2 7 0 2 7 16 6 2 0 2 7 0 2 7 1 2 7 1 2 7 0 2 7 0 2 7 1 2 7 1 2 7 5 31 3 1 2 7 1 2 11 1 2 7 17 18 2 1 2 7 1 2 7 0 2 7 0 2 4 0 40.0670827627182007
1 2 4 0 2 4 12 16 2 1 2 7 0 2 7 17 18 2 1 2 7 0 2 7 0 2 7 1 2 7 12 16 2 0 2 7 0 2 7 0 2 4 5 31 3 1 2 7 1 2 7 1 2 4 0 2 4 0 2 7 5 31 3 13 6 3 12 16 2 12 16 2 0 2 7 17 9 2 17 9 2 0 2 4 17 18 2 0 2 7 1 2 7 12 16 2 13 6 3 1 2 4 0 2 7 0 2 7 1 2 7 0 2 7 1 2 7 1 2 7 0 40.3102556467056274
0 2 7 0 2 7 0 2 7 0 2 7 17 18 2 17 9 2 0 2 7 1 2 7 13 6 3 17 9 2 0 2 7 0 2 7 1 2 7 0 2 7 0 2 7 1 2 7 5 31 3 0 2 7 0 2 7 5 31 3 0 2 7 0 2 7 16 6 2 0 2 7 0 2 7 1 2 7 1 2 7 0 2 7 0 2 7 1 2 7 1 2 7 5 31 3 1 2 7 1 2 11 0 2 7 1 2 7 1 2 7 1 2 7 1 2 4 17 18 2 0 40.0670827627182007
0 2 7 1 2 4 0 2 7 0 2 7 0 2 7 17 18 2 17 9 2 0 2 4 1 2 7 13 6 3 17 9 2 0 2 7 0 2 7 1 2 4 0 2 7 1 2 7 5 31 3 0 2 4 0 2 7 5 31 3 0 2 7 0 2 7 16 6 2 0 2 7 0 2 7 1 2 7 1 2 7 0 2 7 0 2 7 0 2 7 17 9 2 1 2 7 1 2 7 1 2 7 0 2 3 1 2 7 1 2 7 1 2 4 5 30 3 5 30 3 0 40.148398756980896
0 2 7 0 2 7 12 16 2 1 2 7 0 2 7 17 18 2 1 2 7 0 2 7 0 2 7 1 2 7 12 16 2 0 2 7 0 2 7 0 2 3 5 31 3 1 2 7 1 2 7 13 6 3 0 2 7 1 2 7 5 30 3 13 6 3 12 16 2 12 16 2 0 2 7 17 9 2 17 9 2 0 2 7 17 18 2 1 2 4 0 2 4 12 16 2 13 6 3 1 2 7 1 2 7 0 2 7 0 2 7 0 2 7 1 2 7 1 2 7 0 40.1183375120162964
0 2 4 12 16 2 1 2 7 0 2 4 17 18 2 1 2 7 0 2 4 0 2 7 1 2 7 12 16 2 0 2 7 0 2 4 5 31 3 1 2 7 1 2 7 0 2 7 13 6 3 12 16 2 12 16 2 0 2 7 17 9 2 17 9 2 17 18 2 0 2 7 1 2 7 12 16 2 13 6 3 0 2 7 0 2 7 1 2 4 0 2 7 1 2 7 1 2 7 1 2 4 0 2 4 1 2 7 0 2 7 5 31 3 1 2 7 0 2 7 0 40.3102556467056274

