Current Evaluation = 450(450)
Front Size = 10
1 2 7 5 31 3 5 30 3 0 2 7 5 30 3 0 2 7 1 2 7 0 2 4 1 2 7 0 2 7 5 31 3 0 2 7 1 2 4 0 2 7 0 2 7 5 31 3 0 2 7 0 2 4 1 2 7 17 18 2 12 16 2 0 2 7 0 2 7 1 2 7 0 2 7 1 2 7 1 2 7 0 2 7 0 2 7 0 2 7 16 6 2 16 6 2 17 18 2 1 2 7 0 2 7 0 2 7 0 2 7 0 2 7 13 6 3 17 18 2 0 40.5349836349487305
0 2 7 5 30 3 16 6 2 12 16 2 16 31 2 0 2 3 6 2 7 0 2 7 0 2 7 5 30 3 0 2 7 17 9 2 0 2 7 1 2 3 0 2 7 5 31 3 1 2 10 0 2 7 16 19 11 0 2 7 0 2 7 6 2 7 8 18 2 0 2 3 0 2 3 0 2 7 12 16 2 1 2 7 5 30 3 0 2 7 0 2 7 1 2 7 0 2 7 0 2 4 1 2 7 1 2 3 0 2 10 12 16 2 0 2 7 5 30 3 0 42.0461175441741943
16 19 12 8 18 2 12 16 2 12 2 8 8 18 2 0 2 8 0 2 8 0 2 8 0 2 8 5 30 3 8 9 2 5 30 3 0 2 8 5 30 3 5 30 3 8 9 2 6 2 8 0 2 8 5 30 3 0 2 8 6 2 8 6 2 8 6 2 8 5 30 3 8 18 2 0 2 8 0 2 8 6 2 8 0 2 8 16 19 12 6 2 8 0 2 8 6 2 8 9 3 2 16 15 2 0 2 8 0 2 8 0 2 8 0 2 8 16 18 8 0.00956858544540855997 45.7602269649505615
1 2 7 0 2 7 0 2 12 5 30 3 5 30 3 0 2 11 0 2 7 8 9 2 8 9 2 12 16 2 0 2 11 0 2 11 1 2 7 0 2 11 0 2 12 5 30 3 16 19 1 0 2 11 1 2 12 1 2 7 0 2 7 0 2 7 12 16 2 0 2 11 0 2 11 5 30 3 0 2 7 0 2 7 8 9 2 0 2 3 12 16 2 1 2 7 12 16 2 17 18 2 0 2 7 8 18 2 1 2 7 16 9 1 17 18 2 12 16 2 0 43.5481749773025513
12 16 2 5 31 3 16 6 2 5 30 3 0 2 3 0 2 3 1 2 7 16 9 8 1 2 3 0 2 8 1 2 3 1 2 3 0 2 3 0 2 7 16 9 8 5 31 3 0 2 3 0 2 3 1 2 7 1 2 3 0 2 3 1 2 3 0 2 3 1 2 3 0 2 3 0 2 3 0 2 3 0 2 3 5 31 3 1 2 3 0 2 3 0 2 3 0 2 3 1 2 8 16 6 2 0 2 3 0 2 7 0 2 3 0 2 3 16 18 8 0.000179287995810640307 43.7704581022262573
5 30 3 0 2 8 16 9 8 8 9 2 0 2 8 0 2 8 5 30 3 0 2 8 0 2 8 0 2 8 0 2 11 0 2 3 0 2 11 5 31 3 0 2 8 0 2 8 0 2 8 0 2 8 16 6 2 12 16 2 16 19 11 0 2 11 5 30 3 0 2 8 0 2 8 12 16 2 5 30 3 0 2 8 5 30 3 0 2 8 0 2 8 8 9 2 0 2 8 0 2 8 16 6 2 0 2 8 1 2 8 12 16 2 1 2 3 0 2 3 2.87096737728542612e-07 45.7584648132324219
5 30 3 1 2 7 0 2 8 0 2 7 0 2 7 16 15 2 8 9 2 8 9 2 0 2 3 0 2 3 8 9 2 0 2 8 1 2 7 0 2 7 1 2 8 12 16 2 16 19 12 8 9 2 0 2 7 1 2 7 1 2 7 0 2 3 0 2 8 0 2 4 8 18 2 0 2 7 0 2 8 1 2 8 5 31 3 8 9 2 5 31 3 0 2 8 16 6 2 1 2 7 0 2 8 0 2 8 0 2 8 0 2 8 0 2 7 0 2 8 0.010565095579369202 43.589937686920166
12 16 2 6 2 3 8 18 2 17 18 2 1 2 7 0 2 7 0 2 7 0 2 7 0 2 7 5 30 3 8 9 2 5 30 3 0 2 8 0 2 7 5 30 3 8 9 2 6 2 8 0 2 8 5 30 3 0 2 8 17 18 2 5 31 3 6 2 8 5 30 3 8 18 2 0 2 8 0 2 7 16 6 2 0 2 8 16 19 12 1 2 7 0 2 7 6 2 8 16 6 2 16 15 2 0 2 7 0 2 7 0 2 7 1 2 7 0 2 7 0.0432028563603089749 42.552003026008606
5 30 3 5 30 3 12 16 2 12 16 2 6 2 7 5 30 3 5 30 3 0 2 3 17 9 2 0 2 11 0 2 7 0 2 7 0 2 7 0 2 11 0 2 7 1 2 8 0 2 3 0 2 7 0 2 7 5 30 3 0 2 3 1 2 11 0 2 7 0 2 7 5 30 3 17 18 2 0 2 8 0 2 7 0 2 7 16 19 11 0 2 3 0 2 7 0 2 7 0 2 8 13 6 3 0 2 7 1 2 11 1 2 11 16 19 12 8 9 2 0 43.1525945067405701
5 31 3 5 30 3 12 16 2 8 18 2 12 16 2 12 16 2 12 16 2 5 30 3 5 30 3 0 2 8 0 2 4 0 2 7 8 9 2 17 18 2 0 2 7 0 2 8 17 9 2 0 2 7 1 2 7 16 19 12 16 19 12 0 2 8 0 2 8 0 2 7 0 2 8 0 2 8 0 2 8 0 2 8 0 2 8 0 2 4 13 6 3 0 2 7 1 2 7 0 2 8 0 2 8 1 2 7 5 30 3 0 2 11 0 2 7 6 2 4 0.000394138647319248266 43.8702324032783508

Current Evaluation = 900(900)
Front Size = 10
1 2 7 5 31 3 5 30 3 0 2 7 5 30 3 0 2 7 1 2 7 0 2 4 1 2 7 0 2 7 5 31 3 0 2 7 1 2 4 0 2 7 0 2 7 5 31 3 0 2 7 0 2 4 1 2 7 17 18 2 12 16 2 0 2 7 0 2 7 1 2 7 0 2 7 1 2 7 1 2 7 0 2 7 0 2 7 0 2 7 16 6 2 16 6 2 17 18 2 1 2 7 0 2 7 0 2 7 0 2 7 0 2 7 13 6 3 17 18 2 0 40.5349836349487305
16 19 12 8 18 2 12 16 2 12 2 8 8 18 2 0 2 8 0 2 8 0 2 8 0 2 8 5 30 3 8 9 2 5 30 3 0 2 8 5 30 3 5 30 3 8 9 2 6 2 8 0 2 8 5 30 3 0 2 8 6 2 8 6 2 8 6 2 8 5 30 3 8 18 2 0 2 8 0 2 8 6 2 8 0 2 8 16 19 12 6 2 8 0 2 8 6 2 8 9 3 2 16 15 2 0 2 8 0 2 8 0 2 8 0 2 8 16 18 8 0.00956858544540855997 45.7602269649505615
12 16 2 0 2 7 5 31 3 1 2 7 1 2 3 0 2 7 0 2 3 0 2 7 1 2 3 0 2 7 0 2 7 0 2 3 1 2 3 16 18 11 5 30 3 0 2 7 16 31 2 1 2 3 0 2 3 5 30 3 1 2 3 1 2 7 16 30 2 6 2 4 0 2 7 1 2 7 5 30 3 0 2 3 0 2 7 1 2 3 17 9 2 0 2 7 0 2 7 1 2 7 0 2 7 0 2 3 0 2 7 12 16 2 0 2 7 0 2 7 0 41.8284648656845093
0 2 7 0 2 11 1 2 7 0 2 7 0 2 11 0 2 7 12 16 2 1 2 4 5 30 3 12 16 2 0 2 7 12 16 2 16 19 11 8 18 2 0 2 7 0 2 7 17 9 2 1 2 7 0 2 4 0 2 7 5 30 3 1 2 7 1 2 7 1 2 11 1 2 4 12 16 2 0 2 7 1 2 11 13 6 3 17 9 2 8 18 2 0 2 7 0 2 7 5 30 3 17 9 2 0 2 11 0 2 7 0 2 7 0 2 7 1 2 4 0 41.5529545545578003
12 16 2 5 31 3 16 6 2 5 30 3 0 2 3 0 2 3 1 2 7 16 9 8 1 2 3 0 2 8 1 2 3 1 2 3 0 2 3 0 2 7 16 9 8 5 31 3 0 2 3 0 2 3 1 2 7 1 2 3 0 2 3 1 2 3 0 2 3 1 2 3 0 2 3 0 2 3 0 2 3 0 2 3 5 31 3 1 2 3 0 2 3 0 2 3 0 2 3 1 2 8 16 6 2 0 2 3 0 2 7 0 2 3 0 2 3 16 18 8 0.000179287995810640307 43.7704581022262573
5 30 3 0 2 7 1 2 7 1 2 4 17 9 2 1 2 7 0 2 3 0 2 7 17 18 2 0 2 3 12 16 2 16 6 2 1 2 7 0 2 3 0 2 11 0 2 3 1 2 4 16 6 2 5 30 3 0 2 3 1 2 7 0 2 3 1 2 7 0 2 11 0 2 7 0 2 3 8 18 2 0 2 3 0 2 7 5 30 3 0 2 3 0 2 11 5 30 3 15 2 11 1 2 7 0 2 7 0 2 11 0 2 4 0 2 3 1 2 7 0 42.0401459932327271
1 2 7 0 2 7 0 2 12 5 30 3 5 30 3 0 2 11 0 2 7 8 9 2 8 9 2 12 16 2 0 2 11 0 2 11 1 2 7 0 2 11 0 2 12 5 30 3 16 19 1 0 2 11 1 2 12 1 2 7 0 2 7 0 2 7 12 16 2 0 2 11 0 2 11 5 30 3 0 2 7 0 2 7 8 9 2 0 2 3 12 16 2 1 2 7 12 16 2 17 18 2 0 2 7 8 18 2 1 2 7 16 9 1 17 18 2 12 16 2 0 43.5481749773025513
5 30 3 0 2 8 16 9 8 8 9 2 0 2 8 0 2 8 5 30 3 0 2 8 0 2 8 0 2 8 0 2 11 0 2 3 0 2 11 5 31 3 0 2 8 0 2 8 0 2 8 0 2 8 16 6 2 12 16 2 16 19 11 0 2 11 5 30 3 0 2 8 0 2 8 12 16 2 5 30 3 0 2 8 5 30 3 0 2 8 0 2 8 8 9 2 0 2 8 0 2 8 16 6 2 0 2 8 1 2 8 12 16 2 1 2 3 0 2 3 2.87096737728542612e-07 45.7584648132324219
5 30 3 1 2 7 0 2 8 0 2 7 0 2 7 16 15 2 8 9 2 8 9 2 0 2 3 0 2 3 8 9 2 0 2 8 1 2 7 0 2 7 1 2 8 12 16 2 16 19 12 8 9 2 0 2 7 1 2 7 1 2 7 0 2 3 0 2 8 0 2 4 8 18 2 0 2 7 0 2 8 1 2 8 5 31 3 8 9 2 5 31 3 0 2 8 16 6 2 1 2 7 0 2 8 0 2 8 0 2 8 0 2 8 0 2 7 0 2 8 0.010565095579369202 43.589937686920166
12 16 2 8 9 2 5 30 3 5 30 3 5 30 3 0 2 8 1 2 4 0 2 7 16 19 12 16 19 12 8 9 2 13 6 3 0 2 11 6 2 8 1 2 7 5 30 3 0 2 8 1 2 4 6 2 8 0 2 7 1 2 7 0 2 7 1 2 4 0 2 7 5 30 3 6 2 8 0 2 8 0 2 7 0 2 8 17 9 2 0 2 8 1 2 11 12 2 8 6 2 8 0 2 8 0 2 8 0 2 7 12 16 2 0 2 8 0 2 8 0.00253016108234183209 43.6947274208068848

Current Evaluation = 1350(1350)
Front Size = 10
1 2 7 5 31 3 5 30 3 0 2 7 5 30 3 0 2 7 1 2 7 0 2 4 1 2 7 0 2 7 5 31 3 0 2 7 1 2 4 0 2 7 0 2 7 5 31 3 0 2 7 0 2 4 1 2 7 17 18 2 12 16 2 0 2 7 0 2 7 1 2 7 0 2 7 1 2 7 1 2 7 0 2 7 0 2 7 0 2 7 16 6 2 16 6 2 17 18 2 1 2 7 0 2 7 0 2 7 0 2 7 0 2 7 13 6 3 17 18 2 0 40.5349836349487305
16 19 12 8 18 2 12 16 2 12 2 8 8 18 2 0 2 8 0 2 8 0 2 8 0 2 8 5 30 3 8 9 2 5 30 3 0 2 8 5 30 3 5 30 3 8 9 2 6 2 8 0 2 8 5 30 3 0 2 8 6 2 8 6 2 8 6 2 8 5 30 3 8 18 2 0 2 8 0 2 8 6 2 8 0 2 8 16 19 12 6 2 8 0 2 8 6 2 8 9 3 2 16 15 2 0 2 8 0 2 8 0 2 8 0 2 8 16 18 8 0.00956858544540855997 45.7602269649505615
12 16 2 5 31 3 16 6 2 5 30 3 0 2 3 0 2 3 1 2 7 16 9 8 1 2 3 0 2 8 1 2 3 1 2 3 0 2 3 0 2 7 16 9 8 5 31 3 0 2 3 0 2 3 1 2 7 1 2 3 0 2 3 1 2 3 0 2 3 1 2 3 0 2 3 0 2 3 0 2 3 0 2 3 5 31 3 1 2 3 0 2 3 0 2 3 0 2 3 1 2 8 16 6 2 0 2 3 0 2 7 0 2 3 0 2 3 16 18 8 0.000179287995810640307 43.7704581022262573
0 2 7 0 2 11 1 2 7 0 2 4 1 2 7 0 2 3 12 16 2 0 2 7 5 31 3 1 2 7 0 2 4 12 16 2 12 16 2 16 30 2 0 2 7 0 2 4 17 9 2 0 2 4 0 2 3 0 2 4 5 30 3 0 2 7 1 2 4 1 2 7 1 2 7 12 16 2 0 2 7 0 2 7 13 6 3 17 9 2 8 18 2 1 2 7 0 2 7 5 30 3 17 9 2 0 2 7 1 2 7 0 2 7 1 2 4 1 2 11 0 40.9694017171859741
5 30 3 0 2 3 5 30 3 1 2 3 0 2 7 0 2 7 12 16 2 1 2 7 5 30 3 12 16 2 5 30 3 8 9 2 12 16 2 8 18 2 16 19 11 0 2 3 0 2 7 0 2 7 0 2 7 0 2 3 0 2 7 0 2 3 0 2 7 8 18 2 0 2 7 16 6 2 16 19 11 0 2 7 0 2 7 0 2 7 5 30 3 0 2 3 0 2 7 1 2 7 12 16 2 16 6 2 0 2 3 1 2 7 1 2 7 0 2 7 0 42.6683692932128906
1 2 7 0 2 7 0 2 12 5 30 3 5 30 3 0 2 11 0 2 7 8 9 2 8 9 2 12 16 2 0 2 11 0 2 11 1 2 7 0 2 11 0 2 12 5 30 3 16 19 1 0 2 11 1 2 12 1 2 7 0 2 7 0 2 7 12 16 2 0 2 11 0 2 11 5 30 3 0 2 7 0 2 7 8 9 2 0 2 3 12 16 2 1 2 7 12 16 2 17 18 2 0 2 7 8 18 2 1 2 7 16 9 1 17 18 2 12 16 2 0 43.5481749773025513
5 30 3 0 2 8 16 9 8 8 9 2 0 2 8 0 2 8 5 30 3 0 2 8 0 2 8 0 2 8 0 2 11 0 2 3 0 2 11 5 31 3 0 2 8 0 2 8 0 2 8 0 2 8 16 6 2 12 16 2 16 19 11 0 2 11 5 30 3 0 2 8 0 2 8 12 16 2 5 30 3 0 2 8 5 30 3 0 2 8 0 2 8 8 9 2 0 2 8 0 2 8 16 6 2 0 2 8 1 2 8 12 16 2 1 2 3 0 2 3 2.87096737728542612e-07 45.7584648132324219
5 30 3 1 2 7 0 2 8 0 2 7 0 2 7 16 15 2 8 9 2 8 9 2 0 2 3 0 2 3 8 9 2 0 2 8 1 2 7 0 2 7 1 2 8 12 16 2 16 19 12 8 9 2 0 2 7 1 2 7 1 2 7 0 2 3 0 2 8 0 2 4 8 18 2 0 2 7 0 2 8 1 2 8 5 31 3 8 9 2 5 31 3 0 2 8 16 6 2 1 2 7 0 2 8 0 2 8 0 2 8 0 2 8 0 2 7 0 2 8 0.010565095579369202 43.589937686920166
12 16 2 5 30 3 5 30 3 0 2 3 0 2 7 1 2 3 16 19 12 0 2 3 0 2 3 0 2 3 5 30 3 0 2 3 0 2 7 5 30 3 1 2 3 0 2 3 16 9 8 16 19 12 0 2 3 5 31 3 0 2 3 16 19 12 0 2 3 0 2 3 0 2 7 0 2 3 1 2 7 0 2 12 0 2 7 0 2 3 1 2 3 5 30 3 16 19 12 0 2 7 0 2 7 0 2 3 0 2 7 0 2 7 0 2 11 0 2 7 2.15778116205353711e-06 44.3440638780593872
0 2 7 1 2 7 0 2 7 12 16 2 5 30 3 1 2 7 0 2 11 0 2 11 0 2 7 1 2 4 12 16 2 1 2 3 0 2 3 16 19 11 1 2 3 16 18 8 0 2 7 0 2 3 0 2 4 0 2 7 0 2 3 1 2 7 0 2 8 1 2 11 1 2 3 5 31 3 0 2 3 1 2 11 1 2 3 5 31 3 1 2 3 0 2 7 0 2 7 16 9 8 17 9 2 0 2 3 0 2 7 5 31 3 0 2 7 1 2 4 0.000375994181223673809 43.1115199327468872

Current Evaluation = 1800(1800)
Front Size = 10
1 2 4 5 31 3 0 2 7 5 30 3 0 2 7 1 2 4 1 2 7 0 2 7 0 2 7 0 2 7 0 2 7 0 2 7 1 2 7 17 18 2 12 16 2 1 2 7 17 18 2 0 2 7 0 2 7 5 31 3 0 2 7 5 31 3 1 2 7 0 2 4 0 2 7 5 30 3 1 2 7 1 2 7 0 2 7 0 2 7 0 2 7 16 6 2 16 6 2 0 2 7 0 2 7 0 2 7 0 2 7 1 2 7 13 6 3 17 18 2 0 40.5349836349487305
0 2 4 1 2 7 1 2 3 12 16 2 0 2 7 0 2 4 5 31 3 0 2 7 16 9 11 1 2 7 0 2 7 0 2 4 1 2 7 12 16 2 0 2 7 5 31 3 1 2 7 0 2 7 0 2 7 5 30 3 0 2 4 1 2 7 1 2 7 0 2 4 1 2 7 0 2 4 0 2 7 1 2 7 0 2 7 1 2 7 17 9 2 0 2 7 17 9 2 0 2 7 0 2 7 1 2 7 17 18 2 0 2 7 1 2 7 8 9 2 0 41.0225657820701599
12 16 2 5 30 3 16 6 2 12 16 2 0 2 7 0 2 7 0 2 11 1 2 4 8 18 2 0 2 7 0 2 3 0 2 7 0 2 7 1 2 7 0 2 3 6 2 7 16 19 11 5 30 3 8 18 2 0 2 3 1 2 3 5 31 3 0 2 7 0 2 7 17 9 2 0 2 7 0 2 7 12 16 2 5 30 3 5 30 3 0 2 7 0 2 7 16 19 11 0 2 7 0 2 3 0 2 7 1 2 11 1 2 7 6 2 7 0 2 7 0 42.5620704889297485
1 2 7 0 2 4 5 30 3 1 2 7 17 9 2 8 9 2 12 16 2 0 2 7 0 2 7 12 16 2 5 30 3 5 31 3 0 2 11 1 2 11 5 30 3 1 2 7 0 2 7 0 2 7 0 2 7 0 2 11 0 2 7 0 2 7 0 2 11 6 2 7 0 2 7 16 6 2 0 2 4 0 2 11 0 2 4 17 9 2 1 2 4 1 2 7 12 16 2 0 2 10 1 2 7 0 2 7 0 2 11 17 9 2 8 18 2 1 2 7 0 41.8223128914833069
1 2 7 0 2 7 0 2 12 5 30 3 5 30 3 0 2 11 0 2 7 8 9 2 8 9 2 12 16 2 0 2 11 0 2 11 1 2 7 0 2 11 0 2 12 5 30 3 16 19 1 0 2 11 1 2 12 1 2 7 0 2 7 0 2 7 12 16 2 0 2 11 0 2 11 5 30 3 0 2 7 0 2 7 8 9 2 0 2 3 12 16 2 1 2 7 12 16 2 17 18 2 0 2 7 8 18 2 1 2 7 16 9 1 17 18 2 12 16 2 0 43.5481749773025513
5 30 3 0 2 8 17 9 2 0 2 3 0 2 3 5 30 3 0 2 3 1 2 8 0 2 3 0 2 3 0 2 7 0 2 8 0 2 11 12 16 2 5 30 3 0 2 7 6 2 7 5 31 3 0 2 3 5 31 3 0 2 7 1 2 7 0 2 8 0 2 11 1 2 8 0 2 8 5 30 3 1 2 8 16 6 2 16 9 8 6 2 8 0 2 8 0 2 12 0 2 13 16 19 12 8 9 2 0 2 8 12 16 2 0 2 7 0 2 8 0 44.738061249256134
5 30 3 0 2 8 16 9 8 8 9 2 0 2 8 0 2 8 5 30 3 0 2 8 0 2 8 0 2 8 0 2 11 0 2 3 0 2 11 5 31 3 0 2 8 0 2 8 0 2 8 0 2 8 16 6 2 12 16 2 16 19 11 0 2 11 5 30 3 0 2 8 0 2 8 12 16 2 5 30 3 0 2 8 5 30 3 0 2 8 0 2 8 8 9 2 0 2 8 0 2 8 16 6 2 0 2 8 1 2 8 12 16 2 1 2 3 0 2 3 2.87096737728542612e-07 45.7584648132324219
12 16 2 5 30 3 5 30 3 0 2 3 0 2 3 0 2 7 1 2 7 5 30 3 0 2 3 0 2 7 0 2 3 0 2 7 1 2 7 0 2 3 0 2 3 0 2 3 0 2 7 0 2 3 16 19 12 0 2 3 0 2 3 5 31 3 0 2 3 5 30 3 0 2 3 1 2 3 16 9 8 16 19 12 0 2 7 16 19 11 0 2 3 0 2 12 0 2 7 0 2 7 0 2 7 1 2 3 0 2 12 5 30 3 16 19 12 0 2 3 2.15778116205353711e-06 44.3440637588500977
12 16 2 5 31 3 16 6 2 5 30 3 0 2 3 0 2 3 1 2 7 16 9 8 1 2 3 0 2 8 1 2 3 1 2 3 0 2 3 0 2 7 16 9 8 5 31 3 0 2 3 0 2 3 1 2 7 1 2 3 0 2 3 1 2 3 0 2 3 1 2 3 0 2 3 0 2 3 0 2 3 0 2 3 5 31 3 1 2 3 0 2 3 0 2 3 0 2 3 1 2 8 16 6 2 0 2 3 0 2 7 0 2 3 0 2 3 16 18 8 0.000179287995810640307 43.7704581022262573
12 16 2 5 30 3 5 30 3 16 19 12 16 6 2 0 2 7 0 2 7 0 2 7 0 2 7 0 2 8 17 18 2 0 2 7 1 2 7 5 30 3 0 2 4 8 9 2 6 2 8 0 2 8 0 2 7 0 2 7 6 2 8 6 2 8 6 2 8 5 30 3 8 18 2 0 2 8 0 2 7 6 2 8 0 2 8 0 2 7 16 6 2 0 2 8 1 2 7 0 2 7 5 31 3 0 2 7 0 2 8 0 2 8 0 2 7 16 18 8 0.00355532988824123391 43.0135772228240967

Current Evaluation = 2250(2250)
Front Size = 10
5 31 3 5 30 3 0 2 7 12 16 2 0 2 7 16 6 2 1 2 7 1 2 7 0 2 7 0 2 7 0 2 7 0 2 7 1 2 7 16 6 2 0 2 4 0 2 7 1 2 7 0 2 7 1 2 7 1 2 7 1 2 7 0 2 7 1 2 7 0 2 7 5 31 3 17 9 2 0 2 4 1 2 7 5 31 3 0 2 7 16 31 2 0 2 7 0 2 7 1 2 7 0 2 7 0 2 7 1 2 4 0 2 7 0 2 7 17 18 2 0 40.4265387058258057
5 30 3 0 2 8 17 9 2 0 2 3 0 2 3 5 30 3 0 2 3 1 2 8 0 2 3 0 2 3 0 2 7 0 2 8 0 2 11 12 16 2 5 30 3 0 2 7 6 2 7 5 31 3 0 2 3 5 31 3 0 2 7 1 2 7 0 2 8 0 2 11 1 2 8 0 2 8 5 30 3 1 2 8 16 6 2 16 9 8 6 2 8 0 2 8 0 2 12 0 2 13 16 19 12 8 9 2 0 2 8 12 16 2 0 2 7 0 2 8 0 44.738061249256134
1 2 7 0 2 7 0 2 12 5 30 3 5 30 3 0 2 11 0 2 7 8 9 2 8 9 2 12 16 2 0 2 11 0 2 11 1 2 7 0 2 11 0 2 12 5 30 3 16 19 1 0 2 11 1 2 12 1 2 7 0 2 7 0 2 7 12 16 2 0 2 11 0 2 11 5 30 3 0 2 7 0 2 7 8 9 2 0 2 3 12 16 2 1 2 7 12 16 2 17 18 2 0 2 7 8 18 2 1 2 7 16 9 1 17 18 2 12 16 2 0 43.5481749773025513
1 2 7 5 30 3 0 2 7 5 30 3 1 2 7 1 2 11 0 2 7 0 2 7 0 2 4 0 2 7 0 2 11 0 2 7 12 16 2 0 2 7 0 2 7 1 2 7 8 18 2 0 2 7 5 30 3 0 2 7 1 2 7 16 6 2 1 2 7 17 9 2 0 2 7 0 2 7 0 2 7 8 9 2 0 2 11 1 2 11 17 9 2 5 30 3 12 16 2 0 2 7 17 9 2 0 2 7 5 30 3 1 2 10 13 6 3 0 2 7 0 41.3577464818954468
12 16 2 5 31 3 16 6 2 5 30 3 0 2 3 0 2 3 1 2 7 16 9 8 1 2 3 0 2 8 1 2 3 1 2 3 0 2 3 0 2 7 16 9 8 5 31 3 0 2 3 0 2 3 1 2 7 1 2 3 0 2 3 1 2 3 0 2 3 1 2 3 0 2 3 0 2 3 0 2 3 0 2 3 5 31 3 1 2 3 0 2 3 0 2 3 0 2 3 1 2 8 16 6 2 0 2 3 0 2 7 0 2 3 0 2 3 16 18 8 0.000179287995810640307 43.7704581022262573
5 30 3 0 2 8 16 9 8 8 9 2 0 2 8 0 2 8 5 30 3 0 2 8 0 2 8 0 2 8 0 2 11 0 2 3 0 2 11 5 31 3 0 2 8 0 2 8 0 2 8 0 2 8 16 6 2 12 16 2 16 19 11 0 2 11 5 30 3 0 2 8 0 2 8 12 16 2 5 30 3 0 2 8 5 30 3 0 2 8 0 2 8 8 9 2 0 2 8 0 2 8 16 6 2 0 2 8 1 2 8 12 16 2 1 2 3 0 2 3 2.87096737728542612e-07 45.7584648132324219
5 30 3 5 30 3 0 2 7 12 16 2 0 2 4 16 6 2 5 30 3 0 2 7 0 2 7 17 9 2 0 2 4 0 2 7 1 2 7 0 2 7 0 2 7 0 2 7 12 16 2 16 6 2 12 16 2 0 2 3 1 2 7 0 2 7 0 2 4 0 2 3 1 2 7 1 2 3 0 2 3 1 2 7 1 2 3 5 31 3 1 2 7 8 9 2 16 19 11 1 2 7 0 2 3 0 2 7 0 2 3 0 2 7 8 18 2 0 2 7 0 41.9432395696640015
5 30 3 5 30 3 0 2 7 12 16 2 0 2 7 0 2 7 1 2 7 0 2 7 0 2 7 0 2 7 1 2 7 0 2 3 1 2 7 0 2 7 5 30 3 6 2 7 0 2 7 17 18 2 1 2 4 5 30 3 17 18 2 0 2 7 1 2 7 8 9 2 0 2 7 0 2 7 12 16 2 0 2 4 16 6 2 0 2 8 0 2 7 16 19 11 0 2 11 0 2 4 12 16 2 0 2 10 0 2 8 8 9 2 16 19 12 8 9 2 0.00500884392731587753 42.1523076891899109
5 31 3 5 30 3 12 16 2 5 30 3 16 6 2 16 6 2 0 2 8 0 2 8 12 16 2 0 2 8 1 2 8 0 2 11 0 2 7 0 2 8 0 2 8 0 2 7 1 2 7 0 2 8 1 2 7 0 2 8 16 19 11 0 2 7 5 31 3 0 2 11 0 2 8 0 2 8 0 2 4 0 2 8 1 2 7 12 16 2 0 2 8 0 2 7 0 2 8 0 2 7 5 30 3 0 2 7 0 2 11 8 9 2 13 6 3 17 18 2 8.60050494023737263e-05 43.7443264722824097
5 30 3 5 30 3 1 2 7 8 9 2 17 9 2 12 16 2 6 2 7 1 2 7 5 31 3 12 16 2 5 30 3 6 2 7 12 16 2 0 2 7 1 2 7 0 2 7 1 2 11 16 31 2 0 2 7 0 2 7 0 2 7 0 2 7 1 2 7 0 2 7 6 2 7 17 22 2 1 2 7 0 2 4 0 2 7 0 2 7 0 2 7 0 2 7 12 16 2 1 2 7 0 2 7 0 2 7 0 2 4 0 2 7 17 18 2 12 16 2 0 41.7141924500465393

Current Evaluation = 2700(2700)
Front Size = 10
5 31 3 5 30 3 0 2 7 12 16 2 0 2 7 16 6 2 1 2 7 1 2 7 0 2 7 0 2 7 0 2 7 0 2 7 1 2 7 16 6 2 0 2 4 0 2 7 1 2 7 0 2 7 1 2 7 1 2 7 1 2 7 0 2 7 1 2 7 0 2 7 5 31 3 17 9 2 0 2 4 1 2 7 5 31 3 0 2 7 16 31 2 0 2 7 0 2 7 1 2 7 0 2 7 0 2 7 1 2 4 0 2 7 0 2 7 17 18 2 0 40.4265387058258057
5 30 3 0 2 8 16 9 8 8 9 2 0 2 8 0 2 8 5 30 3 0 2 8 0 2 8 0 2 8 0 2 11 0 2 3 0 2 11 5 31 3 0 2 8 0 2 8 0 2 8 0 2 8 16 6 2 12 16 2 16 19 11 0 2 11 5 30 3 0 2 8 0 2 8 12 16 2 5 30 3 0 2 8 5 30 3 0 2 8 0 2 8 8 9 2 0 2 8 0 2 8 16 6 2 0 2 8 1 2 8 12 16 2 1 2 3 0 2 3 2.87096737728542612e-07 45.7584648132324219
1 2 7 0 2 7 0 2 12 5 30 3 5 30 3 0 2 11 0 2 7 8 9 2 8 9 2 12 16 2 0 2 11 0 2 11 1 2 7 0 2 11 0 2 12 5 30 3 16 19 1 0 2 11 1 2 12 1 2 7 0 2 7 0 2 7 12 16 2 0 2 11 0 2 11 5 30 3 0 2 7 0 2 7 8 9 2 0 2 3 12 16 2 1 2 7 12 16 2 17 18 2 0 2 7 8 18 2 1 2 7 16 9 1 17 18 2 12 16 2 0 43.5481749773025513
0 2 3 5 30 3 1 2 7 0 2 7 1 2 3 1 2 4 0 2 7 0 2 7 1 2 7 0 2 7 6 2 3 0 2 3 12 16 2 17 18 2 1 2 4 0 2 3 13 6 3 0 2 7 1 2 7 5 30 3 12 16 2 0 2 7 0 2 7 0 2 7 1 2 7 0 2 7 12 16 2 0 2 7 0 2 7 17 18 2 1 2 7 1 2 7 17 9 2 0 2 7 17 1 2 0 2 3 1 2 7 8 9 2 0 2 3 5 30 3 0 41.1247376203536987
12 16 2 5 31 3 16 6 2 5 30 3 0 2 3 0 2 3 1 2 7 16 9 8 1 2 3 0 2 8 1 2 3 1 2 3 0 2 3 0 2 7 16 9 8 5 31 3 0 2 3 0 2 3 1 2 7 1 2 3 0 2 3 1 2 3 0 2 3 1 2 3 0 2 3 0 2 3 0 2 3 0 2 3 5 31 3 1 2 3 0 2 3 0 2 3 0 2 3 1 2 8 16 6 2 0 2 3 0 2 7 0 2 3 0 2 3 16 18 8 0.000179287995810640307 43.7704581022262573
5 30 3 0 2 8 17 9 2 0 2 3 0 2 3 5 30 3 0 2 3 1 2 8 0 2 3 0 2 3 0 2 7 0 2 8 0 2 11 12 16 2 5 30 3 0 2 7 6 2 7 5 31 3 0 2 3 5 31 3 0 2 7 1 2 7 0 2 8 0 2 11 1 2 8 0 2 8 5 30 3 1 2 8 16 6 2 16 9 8 6 2 8 0 2 8 0 2 12 0 2 13 16 19 12 8 9 2 0 2 8 12 16 2 0 2 7 0 2 8 0 44.738061249256134
5 30 3 0 2 7 0 2 7 1 2 3 16 19 11 0 2 3 0 2 7 0 2 7 1 2 3 5 30 3 5 30 3 1 2 7 0 2 7 0 2 7 5 30 3 0 2 7 17 18 2 1 2 3 0 2 3 0 2 7 12 16 2 1 2 7 6 2 7 0 2 7 0 2 7 0 2 7 0 2 7 16 19 11 0 2 7 12 16 2 5 31 3 0 2 7 0 2 3 8 9 2 1 2 3 0 2 7 1 2 7 0 2 7 16 18 11 0 2 7 0 42.6061915159225464
5 30 3 1 2 7 12 16 2 0 2 7 0 2 7 1 2 7 16 6 2 5 31 3 0 2 7 1 2 3 1 2 3 0 2 3 5 30 3 0 2 3 16 18 8 16 9 8 0 2 4 0 2 8 0 2 3 0 2 7 0 2 3 1 2 7 0 2 3 1 2 3 12 16 2 0 2 4 0 2 7 0 2 3 0 2 3 0 2 7 1 2 3 0 2 7 0 2 3 1 2 7 0 2 3 17 9 2 12 16 2 0 2 7 1 2 4 12 16 2 0.00122618490978245115 42.7633206844329834
5 30 3 12 16 2 12 16 2 5 30 3 5 30 3 16 6 2 8 9 2 12 16 2 5 31 3 0 2 8 0 2 7 0 2 7 0 2 8 1 2 7 17 9 2 13 6 3 5 30 3 0 2 7 0 2 3 0 2 4 5 30 3 0 2 7 0 2 8 0 2 8 1 2 7 8 9 2 0 2 7 0 2 8 6 2 7 0 2 7 0 2 11 0 2 7 0 2 8 0 2 8 0 2 8 17 9 2 12 16 2 1 2 8 1 2 4 12 16 2 0.0155879022532210247 43.497564971446991
5 30 3 1 2 7 12 16 2 0 2 7 0 2 7 0 2 7 1 2 7 17 9 2 13 6 3 12 16 2 5 30 3 0 2 7 0 2 7 0 2 7 0 2 4 5 30 3 0 2 4 16 6 2 0 2 7 13 6 3 1 2 7 8 9 2 1 2 7 12 16 2 0 2 4 0 2 7 1 2 7 6 2 7 0 2 7 17 9 2 5 31 3 0 2 7 0 2 7 1 2 7 0 2 7 17 9 2 12 16 2 0 2 7 1 2 4 12 16 2 0 40.7592254281044006

Current Evaluation = 3150(3150)
Front Size = 10
5 31 3 5 30 3 0 2 7 12 16 2 0 2 7 16 6 2 1 2 7 1 2 7 0 2 7 0 2 7 0 2 7 0 2 7 1 2 7 16 6 2 0 2 4 0 2 7 1 2 7 0 2 7 1 2 7 1 2 7 1 2 7 0 2 7 1 2 7 0 2 7 5 31 3 17 9 2 0 2 4 1 2 7 5 31 3 0 2 7 16 31 2 0 2 7 0 2 7 1 2 7 0 2 7 0 2 7 1 2 4 0 2 7 0 2 7 17 18 2 0 40.4265387058258057
5 30 3 0 2 8 16 9 8 8 9 2 0 2 8 0 2 8 5 30 3 0 2 8 0 2 8 0 2 8 0 2 11 0 2 3 0 2 11 5 31 3 0 2 8 0 2 8 0 2 8 0 2 8 16 6 2 12 16 2 16 19 11 0 2 11 5 30 3 0 2 8 0 2 8 12 16 2 5 30 3 0 2 8 5 30 3 0 2 8 0 2 8 8 9 2 0 2 8 0 2 8 16 6 2 0 2 8 1 2 8 12 16 2 1 2 3 0 2 3 2.87096737728542612e-07 45.7584648132324219
5 30 3 5 30 3 0 2 3 12 16 2 0 2 7 1 2 7 0 2 3 0 2 7 0 2 3 0 2 3 0 2 7 1 2 7 16 30 2 1 2 3 0 2 3 0 2 7 0 2 7 17 9 2 0 2 3 1 2 7 0 2 3 0 2 3 5 30 3 16 31 2 0 2 7 1 2 7 12 16 2 1 2 7 1 2 3 0 2 7 0 2 7 5 30 3 0 2 7 0 2 7 1 2 3 16 19 11 1 2 7 0 2 7 8 9 2 1 2 4 0 41.9703307151794434
5 31 3 17 9 2 0 2 3 0 2 4 5 30 3 1 2 7 0 2 7 0 2 7 0 2 3 12 16 2 5 30 3 0 2 7 0 2 7 0 2 4 1 2 7 5 31 3 17 9 2 12 16 2 6 2 7 0 2 3 1 2 7 16 6 2 0 2 7 1 2 7 0 2 7 15 2 11 1 2 7 1 2 7 1 2 3 0 2 3 0 2 10 0 2 7 16 6 2 0 2 3 0 2 4 1 2 7 0 2 7 0 2 4 0 2 4 1 2 7 0 41.4565897583961487
12 16 2 5 31 3 16 6 2 5 30 3 0 2 3 0 2 3 1 2 7 16 9 8 1 2 3 0 2 8 1 2 3 1 2 3 0 2 3 0 2 7 16 9 8 5 31 3 0 2 3 0 2 3 1 2 7 1 2 3 0 2 3 1 2 3 0 2 3 1 2 3 0 2 3 0 2 3 0 2 3 0 2 3 5 31 3 1 2 3 0 2 3 0 2 3 0 2 3 1 2 8 16 6 2 0 2 3 0 2 7 0 2 3 0 2 3 16 18 8 0.000179287995810640307 43.7704581022262573
5 30 3 17 9 2 0 2 4 5 30 3 1 2 7 0 2 7 0 2 7 12 16 2 5 30 3 0 2 7 0 2 7 0 2 7 1 2 7 5 31 3 17 9 2 12 16 2 0 2 7 1 2 7 16 6 2 0 2 7 6 2 7 0 2 7 1 2 7 0 2 7 0 2 4 0 2 7 9 2 7 2 3 3 0 2 4 0 2 7 8 18 2 12 16 2 12 16 2 12 16 2 8 9 2 0 2 7 17 1 2 6 2 7 0 2 7 1 2 7 0 41.7863495349884033
1 2 7 0 2 7 0 2 12 5 30 3 5 30 3 0 2 11 0 2 7 8 9 2 8 9 2 12 16 2 0 2 11 0 2 11 1 2 7 0 2 11 0 2 12 5 30 3 16 19 1 0 2 11 1 2 12 1 2 7 0 2 7 0 2 7 12 16 2 0 2 11 0 2 11 5 30 3 0 2 7 0 2 7 8 9 2 0 2 3 12 16 2 1 2 7 12 16 2 17 18 2 0 2 7 8 18 2 1 2 7 16 9 1 17 18 2 12 16 2 0 43.5481749773025513
5 30 3 0 2 8 17 9 2 0 2 3 0 2 3 5 30 3 0 2 3 1 2 8 0 2 3 0 2 3 0 2 7 0 2 8 0 2 11 12 16 2 5 30 3 0 2 7 6 2 7 5 31 3 0 2 3 5 31 3 0 2 7 1 2 7 0 2 8 0 2 11 1 2 8 0 2 8 5 30 3 1 2 8 16 6 2 16 9 8 6 2 8 0 2 8 0 2 12 0 2 13 16 19 12 8 9 2 0 2 8 12 16 2 0 2 7 0 2 8 0 44.738061249256134
5 31 3 0 2 7 0 2 7 0 2 7 0 2 7 0 2 7 0 2 7 0 2 7 0 2 7 0 2 7 0 2 7 0 2 7 0 2 7 1 2 7 0 2 7 1 2 7 0 2 7 16 30 2 0 2 7 1 2 7 17 9 2 5 30 3 6 2 7 16 31 2 0 2 7 5 31 3 5 30 3 1 2 7 1 2 11 0 2 11 0 2 7 1 2 11 0 2 7 16 19 11 0 2 7 1 2 7 5 30 3 5 30 3 6 2 11 17 9 2 0 41.442310631275177
1 2 7 0 2 7 5 30 3 0 2 7 0 2 7 16 30 2 0 2 3 0 2 4 1 2 7 12 16 2 5 30 3 0 2 4 0 2 7 12 16 2 0 2 10 5 31 3 1 2 7 1 2 7 0 2 7 6 2 3 16 31 2 0 2 7 0 2 7 0 2 7 0 2 7 17 9 2 0 2 7 0 2 7 12 16 2 12 16 2 17 18 2 13 6 3 1 2 7 1 2 4 5 30 3 1 2 3 0 2 7 0 2 3 0 2 7 1 2 4 0 41.1295475959777832

Current Evaluation = 3600(3600)
Front Size = 10
5 30 3 17 9 2 16 6 2 0 2 7 0 2 7 12 16 2 1 2 4 5 31 3 1 2 7 0 2 7 0 2 7 0 2 7 0 2 7 1 2 7 1 2 7 0 2 7 0 2 7 0 2 7 1 2 7 0 2 7 17 18 2 0 2 7 0 2 7 1 2 4 1 2 7 0 2 7 0 2 7 0 2 4 1 2 7 1 2 7 1 2 7 0 2 7 1 2 7 16 6 2 0 2 7 16 31 2 5 31 3 0 2 7 5 31 3 0 2 7 0 40.4265387058258057
1 2 7 0 2 7 0 2 12 5 30 3 5 30 3 0 2 11 0 2 7 8 9 2 8 9 2 12 16 2 0 2 11 0 2 11 1 2 7 0 2 11 0 2 12 5 30 3 16 19 1 0 2 11 1 2 12 1 2 7 0 2 7 0 2 7 12 16 2 0 2 11 0 2 11 5 30 3 0 2 7 0 2 7 8 9 2 0 2 3 12 16 2 1 2 7 12 16 2 17 18 2 0 2 7 8 18 2 1 2 7 16 9 1 17 18 2 12 16 2 0 43.5481749773025513
5 30 3 17 9 2 0 2 7 0 2 7 5 30 3 0 2 7 12 16 2 5 30 3 0 2 7 5 31 3 1 2 7 1 2 7 0 2 7 0 2 7 0 2 7 1 2 3 1 2 7 0 2 7 0 2 7 0 2 7 0 2 7 0 2 7 0 2 7 17 18 2 1 2 8 0 2 7 1 2 7 13 6 3 5 30 3 1 2 7 16 30 2 1 2 7 1 2 3 16 30 2 12 16 2 0 2 3 0 2 7 8 9 2 0 2 3 0 2 7 0 41.1814756393432617
5 30 3 0 2 8 16 9 8 8 9 2 0 2 8 0 2 8 5 30 3 0 2 8 0 2 8 0 2 8 0 2 11 0 2 3 0 2 11 5 31 3 0 2 8 0 2 8 0 2 8 0 2 8 16 6 2 12 16 2 16 19 11 0 2 11 5 30 3 0 2 8 0 2 8 12 16 2 5 30 3 0 2 8 5 30 3 0 2 8 0 2 8 8 9 2 0 2 8 0 2 8 16 6 2 0 2 8 1 2 8 12 16 2 1 2 3 0 2 3 2.87096737728542612e-07 45.7584648132324219
5 31 3 0 2 7 0 2 7 0 2 7 0 2 7 0 2 7 0 2 7 0 2 7 0 2 7 0 2 7 0 2 7 0 2 7 0 2 7 1 2 11 0 2 7 1 2 7 0 2 7 16 30 2 0 2 7 1 2 11 17 9 2 5 30 3 6 2 7 16 31 2 0 2 7 5 31 3 5 30 3 1 2 7 1 2 11 0 2 7 0 2 7 1 2 11 0 2 7 16 19 11 0 2 7 1 2 7 5 30 3 5 30 3 6 2 7 17 9 2 0 41.4423104524612427
5 30 3 17 9 2 1 2 7 1 2 7 12 16 2 5 31 3 12 16 2 1 2 3 1 2 7 0 2 7 1 2 7 1 2 7 1 2 7 0 2 7 0 2 7 1 2 7 0 2 3 0 2 7 17 18 2 17 9 2 0 2 3 1 2 7 0 2 7 0 2 7 0 2 4 0 2 7 0 2 7 12 16 2 0 2 4 13 6 3 1 2 4 1 2 10 0 2 7 0 2 4 0 2 7 16 30 2 5 31 3 0 2 7 1 2 7 0 2 7 0 40.7423257827758789
12 16 2 5 30 3 16 6 2 5 30 3 0 2 7 1 2 7 0 2 7 5 31 3 0 2 7 5 31 3 16 6 2 0 2 7 5 31 3 16 19 11 0 2 7 1 2 7 6 2 7 16 6 2 0 2 7 0 2 7 0 2 7 5 31 3 6 2 7 0 2 7 12 16 2 0 2 10 0 2 7 0 2 3 0 2 7 0 2 7 0 2 7 0 2 7 0 2 7 6 2 11 1 2 11 0 2 7 0 2 7 6 2 7 0 2 7 17 18 2 0 41.7536385655403137
12 16 2 5 31 3 16 6 2 5 30 3 0 2 3 0 2 3 1 2 7 16 9 8 1 2 3 0 2 8 1 2 3 1 2 3 0 2 3 0 2 7 16 9 8 5 31 3 0 2 3 0 2 3 1 2 7 1 2 3 0 2 3 1 2 3 0 2 3 1 2 3 0 2 3 0 2 3 0 2 3 0 2 3 5 31 3 1 2 3 0 2 3 0 2 3 0 2 3 1 2 8 16 6 2 0 2 3 0 2 7 0 2 3 0 2 3 16 18 8 0.000179287995810640307 43.7704581022262573
5 31 3 17 9 2 0 2 3 0 2 4 5 30 3 1 2 7 0 2 7 0 2 7 0 2 3 12 16 2 5 30 3 0 2 7 0 2 7 0 2 4 1 2 7 5 31 3 17 9 2 12 16 2 6 2 7 0 2 3 1 2 7 16 6 2 0 2 7 1 2 7 0 2 7 15 2 11 1 2 7 1 2 7 1 2 3 0 2 3 0 2 10 0 2 7 16 6 2 0 2 3 0 2 4 1 2 7 0 2 7 0 2 4 0 2 4 1 2 7 0 41.4565897583961487
12 16 2 5 30 3 16 6 2 5 30 3 0 2 7 0 2 3 0 2 3 5 30 3 0 2 3 5 31 3 1 2 3 8 18 2 0 2 3 0 2 3 0 2 7 0 2 3 1 2 7 12 16 2 0 2 7 16 19 11 0 2 7 0 2 7 6 2 7 0 2 3 0 2 7 0 2 7 0 2 3 0 2 7 0 2 7 12 16 2 1 2 7 1 2 7 1 2 7 16 18 8 1 2 3 5 30 3 0 2 3 0 2 3 0 2 7 16 19 11 0 43.1753504872322083

Current Evaluation = 4050(4050)
Front Size = 10
5 30 3 16 6 2 0 2 7 0 2 7 12 16 2 5 31 3 1 2 7 0 2 7 0 2 7 0 2 7 1 2 7 1 2 7 0 2 7 0 2 7 0 2 7 0 2 4 17 18 2 1 2 7 0 2 7 0 2 7 0 2 7 0 2 4 16 6 2 16 31 2 5 31 3 0 2 7 5 31 3 0 2 7 17 9 2 1 2 7 1 2 7 0 2 4 1 2 7 0 2 7 0 2 7 1 2 7 1 2 7 1 2 7 1 2 7 0 2 7 0 40.4265387058258057
1 2 7 0 2 7 0 2 12 5 30 3 5 30 3 0 2 11 0 2 7 8 9 2 8 9 2 12 16 2 0 2 11 0 2 11 1 2 7 0 2 11 0 2 12 5 30 3 16 19 1 0 2 11 1 2 12 1 2 7 0 2 7 0 2 7 12 16 2 0 2 11 0 2 11 5 30 3 0 2 7 0 2 7 8 9 2 0 2 3 12 16 2 1 2 7 12 16 2 17 18 2 0 2 7 8 18 2 1 2 7 16 9 1 17 18 2 12 16 2 0 43.5481749773025513
5 31 3 0 2 7 0 2 7 0 2 4 0 2 7 0 2 7 0 2 7 0 2 7 0 2 7 0 2 7 17 9 2 5 30 3 6 2 7 5 31 3 5 31 3 1 2 4 1 2 7 17 9 2 0 2 7 12 16 2 0 2 7 6 2 7 1 2 7 0 2 7 0 2 7 16 30 2 0 2 7 0 2 7 16 6 2 16 15 2 6 2 7 0 2 7 0 2 7 1 2 7 0 2 7 1 2 7 0 2 7 5 31 3 0 2 7 1 2 7 0 40.8499048352241516
0 2 3 6 2 3 5 30 3 5 30 3 1 2 7 12 16 2 1 2 3 1 2 7 12 16 2 0 2 7 1 2 7 0 2 7 1 2 3 0 2 12 13 6 3 1 2 4 0 2 7 12 16 2 0 2 3 0 2 7 5 30 3 17 18 2 1 2 7 17 9 2 0 2 3 0 2 7 0 2 4 8 9 2 12 16 2 0 2 4 0 2 3 16 6 2 0 2 7 0 2 7 5 30 3 13 6 3 0 2 4 17 18 2 0 2 7 1 2 7 0 41.2535965442657471
12 16 2 16 6 2 0 2 7 0 2 7 12 16 2 5 30 3 0 2 3 0 2 7 0 2 4 0 2 3 0 2 7 1 2 7 0 2 7 0 2 7 0 2 7 8 18 2 1 2 7 0 2 7 0 2 4 0 2 3 5 31 3 1 2 7 1 2 4 17 9 2 0 2 7 16 6 2 16 6 2 1 2 7 0 2 7 0 2 3 0 2 3 5 31 3 0 2 7 12 16 2 8 9 2 1 2 4 1 2 7 12 16 2 1 2 7 1 2 7 0 41.3442716598510742
12 16 2 5 30 3 16 6 2 5 30 3 0 2 7 0 2 3 0 2 3 5 30 3 0 2 3 5 31 3 1 2 3 8 18 2 0 2 3 0 2 3 0 2 7 0 2 3 1 2 7 12 16 2 0 2 7 16 19 11 0 2 7 0 2 7 6 2 7 0 2 3 0 2 7 0 2 7 0 2 3 0 2 7 0 2 7 12 16 2 1 2 7 1 2 7 1 2 7 16 18 8 1 2 3 5 30 3 0 2 3 0 2 3 0 2 7 16 19 11 0 43.1753504872322083
5 31 3 5 30 3 17 18 2 12 16 2 0 2 7 0 2 7 0 2 7 17 9 2 0 2 7 0 2 7 0 2 7 1 2 7 6 2 11 1 2 4 0 2 3 0 2 7 1 2 7 1 2 3 0 2 7 1 2 11 5 30 3 0 2 7 0 2 7 0 2 7 0 2 3 8 9 2 0 2 7 12 16 2 0 2 7 16 6 2 1 2 7 0 2 7 1 2 7 13 6 3 5 30 3 0 2 7 16 18 11 0 2 7 5 30 3 12 16 2 0 41.6430894732475281
5 31 3 5 30 3 17 18 2 12 16 2 16 30 2 0 2 7 16 19 11 0 2 7 0 2 7 17 9 2 0 2 7 0 2 7 5 30 3 1 2 7 0 2 7 0 2 7 0 2 7 1 2 7 1 2 7 1 2 7 0 2 7 0 2 10 0 2 7 5 30 3 0 2 7 0 2 7 1 2 7 0 2 7 1 2 7 5 30 3 0 2 4 0 2 7 8 9 2 1 2 7 0 2 11 1 2 7 0 2 11 12 16 2 8 9 2 0 2 7 0 41.7476986646652222
5 30 3 0 2 8 16 9 8 8 9 2 0 2 8 0 2 8 5 30 3 0 2 8 0 2 8 0 2 8 0 2 11 0 2 3 0 2 11 5 31 3 0 2 8 0 2 8 0 2 8 0 2 8 16 6 2 12 16 2 16 19 11 0 2 11 5 30 3 0 2 8 0 2 8 12 16 2 5 30 3 0 2 8 5 30 3 0 2 8 0 2 8 8 9 2 0 2 8 0 2 8 16 6 2 0 2 8 1 2 8 12 16 2 1 2 3 0 2 3 2.87096737728542612e-07 45.7584648132324219
12 16 2 5 31 3 5 30 3 0 2 7 0 2 3 1 2 3 0 2 7 1 2 3 16 19 11 0 2 3 0 2 7 0 2 7 0 2 7 1 2 3 0 2 7 0 2 7 0 2 7 0 2 7 5 30 3 0 2 7 16 6 2 0 2 11 5 30 3 0 2 7 0 2 3 0 2 8 5 30 3 0 2 3 0 2 7 5 30 3 0 2 7 0 2 3 0 2 7 16 19 11 16 19 11 16 19 11 0 2 3 0 2 7 0 2 7 0 2 3 0 43.4763984680175781

Current Evaluation = 4500(4500)
Front Size = 10
5 30 3 16 6 2 0 2 7 0 2 7 12 16 2 5 31 3 1 2 7 0 2 7 0 2 7 0 2 7 1 2 7 1 2 7 0 2 7 0 2 7 0 2 7 0 2 4 17 18 2 1 2 7 0 2 7 0 2 7 0 2 7 0 2 4 16 6 2 16 31 2 5 31 3 0 2 7 5 31 3 0 2 7 17 9 2 1 2 7 1 2 7 0 2 4 1 2 7 0 2 7 0 2 7 1 2 7 1 2 7 1 2 7 1 2 7 0 2 7 0 40.4265387058258057
5 30 3 5 30 3 1 2 7 12 16 2 1 2 7 1 2 7 12 16 2 0 2 3 1 2 3 0 2 7 1 2 4 13 6 3 0 2 4 12 16 2 0 2 7 17 18 2 1 2 7 17 9 2 0 2 4 8 9 2 16 30 2 0 2 7 0 2 7 0 2 3 1 2 3 0 2 3 0 2 7 0 2 3 1 2 7 0 2 3 0 2 7 16 6 2 5 31 3 12 16 2 0 2 7 0 2 7 1 2 7 0 2 4 1 2 7 0 2 7 0 41.1264107227325439
12 16 2 16 31 2 0 2 7 8 9 2 5 30 3 0 2 7 1 2 7 0 2 7 1 2 11 1 2 7 0 2 7 0 2 7 1 2 7 0 2 7 5 30 3 1 2 3 17 9 2 0 2 7 16 15 2 1 2 7 1 2 7 5 30 3 1 2 7 0 2 7 8 9 2 0 2 3 0 2 3 0 2 7 12 16 2 17 9 2 0 2 7 0 2 3 1 2 7 0 2 7 0 2 7 0 2 7 0 2 7 1 2 3 1 2 7 0 2 7 0 41.2980465888977051
1 2 7 0 2 7 0 2 12 5 30 3 5 30 3 0 2 11 0 2 7 8 9 2 8 9 2 12 16 2 0 2 11 0 2 11 1 2 7 0 2 11 0 2 12 5 30 3 16 19 1 0 2 11 1 2 12 1 2 7 0 2 7 0 2 7 12 16 2 0 2 11 0 2 11 5 30 3 0 2 7 0 2 7 8 9 2 0 2 3 12 16 2 1 2 7 12 16 2 17 18 2 0 2 7 8 18 2 1 2 7 16 9 1 17 18 2 12 16 2 0 43.5481749773025513
12 16 2 5 31 3 5 30 3 0 2 7 0 2 3 1 2 3 0 2 7 1 2 3 16 19 11 0 2 3 0 2 7 0 2 7 0 2 7 1 2 3 0 2 7 0 2 7 0 2 7 0 2 7 5 30 3 0 2 7 16 6 2 0 2 11 5 30 3 0 2 7 0 2 3 0 2 8 5 30 3 0 2 3 0 2 7 5 30 3 0 2 7 0 2 3 0 2 7 16 19 11 16 19 11 16 19 11 0 2 3 0 2 7 0 2 7 0 2 3 0 43.4763984680175781
12 16 2 5 31 3 0 2 7 0 2 7 5 31 3 5 30 3 0 2 7 0 2 7 12 16 2 0 2 7 6 2 7 0 2 7 0 2 7 0 2 7 0 2 7 0 2 7 0 2 7 17 18 2 6 2 7 13 6 3 1 2 7 0 2 7 1 2 7 0 2 7 1 2 7 0 2 7 17 18 2 6 2 7 0 2 7 1 2 7 5 31 3 0 2 7 1 2 7 0 2 7 12 16 2 16 19 11 1 2 7 5 30 3 16 30 2 0 2 7 0 41.2524846196174622
12 16 2 5 30 3 5 31 3 0 2 7 6 2 7 0 2 11 1 2 7 0 2 7 1 2 10 6 2 7 0 2 11 1 2 7 17 18 2 0 2 7 0 2 7 1 2 4 1 2 7 0 2 7 1 2 7 0 2 4 0 2 7 1 2 7 5 30 3 0 2 7 17 18 2 0 2 1 16 31 2 8 9 2 5 30 3 1 2 7 0 2 4 0 2 7 0 2 7 0 2 7 0 2 11 0 2 7 12 16 2 1 2 4 17 9 2 0 2 7 0 41.4175529479980469
12 16 2 5 30 3 5 31 3 0 2 3 0 2 3 1 2 7 0 2 7 0 2 7 0 2 7 0 2 7 0 2 7 0 2 7 0 2 7 16 6 2 0 2 3 0 2 3 0 2 7 1 2 7 1 2 7 0 2 7 0 2 7 1 2 7 0 2 7 0 2 7 1 2 7 0 2 3 5 30 3 0 2 7 17 18 2 1 2 7 16 6 2 16 6 2 8 9 2 5 31 3 0 2 3 16 19 11 1 2 7 1 2 7 0 2 3 1 2 3 0 41.4777736663818359
12 16 2 1 2 4 5 30 3 0 2 7 0 2 4 0 2 7 5 30 3 5 30 3 0 2 3 1 2 3 12 16 2 0 2 7 16 19 11 0 2 3 0 2 3 0 2 4 0 2 7 0 2 3 0 2 3 0 2 3 12 16 2 0 2 7 1 2 3 1 2 3 12 16 2 16 6 2 0 2 7 0 2 7 8 9 2 1 2 7 0 2 3 0 2 3 0 2 3 8 18 2 16 18 8 0 2 3 5 30 3 1 2 7 16 6 2 1 2 3 0 42.8833365440368652
12 16 2 5 30 3 0 2 7 0 2 7 5 30 3 5 30 3 0 2 3 1 2 3 12 16 2 0 2 7 0 2 3 0 2 3 0 2 7 0 2 7 1 2 3 0 2 7 0 2 7 8 9 2 1 2 7 1 2 7 1 2 7 0 2 7 0 2 7 16 15 2 0 2 3 0 2 3 0 2 3 12 16 2 0 2 7 12 16 2 16 6 2 0 2 3 0 2 3 1 2 7 8 18 2 1 2 11 0 2 3 0 2 7 1 2 7 8 9 2 0.000903192847335747393 42.5987555980682373

Current Evaluation = 4950(4950)
Front Size = 10
12 16 2 5 31 3 1 2 7 0 2 7 0 2 7 17 18 2 1 2 7 1 2 7 0 2 7 0 2 7 1 2 7 0 2 7 0 2 7 1 2 7 1 2 7 1 2 7 0 2 7 1 2 7 0 2 7 0 2 7 0 2 7 0 2 7 1 2 7 5 30 3 1 2 7 13 6 3 1 2 7 17 9 2 17 9 2 17 18 2 1 2 7 0 2 4 5 31 3 0 2 7 0 2 7 0 2 7 0 2 7 1 2 7 8 9 2 0 2 7 0 40.3745987415313721
1 2 7 0 2 7 0 2 12 5 30 3 5 30 3 0 2 11 0 2 7 8 9 2 8 9 2 12 16 2 0 2 11 0 2 11 1 2 7 0 2 11 0 2 12 5 30 3 16 19 1 0 2 11 1 2 12 1 2 7 0 2 7 0 2 7 12 16 2 0 2 11 0 2 11 5 30 3 0 2 7 0 2 7 8 9 2 0 2 3 12 16 2 1 2 7 12 16 2 17 18 2 0 2 7 8 18 2 1 2 7 16 9 1 17 18 2 12 16 2 0 43.5481749773025513
12 16 2 5 31 3 1 2 4 0 2 7 0 2 7 17 18 2 1 2 7 1 2 7 0 2 7 0 2 7 1 2 7 0 2 7 0 2 7 1 2 7 1 2 4 1 2 7 0 2 7 0 2 7 0 2 7 0 2 7 0 2 7 0 2 7 1 2 11 0 2 7 5 30 3 1 2 4 13 6 3 1 2 7 17 9 2 17 9 2 1 2 7 8 18 2 17 9 2 0 2 7 1 2 4 0 2 4 0 2 4 5 30 3 12 16 2 0 2 7 0 40.4922696352005005
5 30 3 5 30 3 1 2 7 12 16 2 1 2 4 1 2 3 12 16 2 0 2 7 1 2 7 0 2 7 1 2 7 13 6 3 0 2 4 1 2 4 0 2 3 17 18 2 1 2 7 17 9 2 0 2 4 8 9 2 17 9 2 0 2 4 0 2 7 0 2 7 1 2 7 0 2 3 0 2 7 0 2 7 1 2 3 0 2 7 1 2 7 16 6 2 5 31 3 12 16 2 0 2 7 0 2 7 0 2 7 0 2 3 1 2 7 0 2 4 0 40.9072287082672119
5 30 3 5 30 3 13 6 3 12 16 2 0 2 7 0 2 7 12 16 2 0 2 7 13 6 3 12 16 2 0 2 7 8 18 2 1 2 7 16 6 2 0 2 7 0 2 3 0 2 7 0 2 7 0 2 7 5 30 3 1 2 7 1 2 7 1 2 7 0 2 7 1 2 7 0 2 7 1 2 7 0 2 3 17 9 2 0 2 7 0 2 7 0 2 7 0 2 7 5 30 3 0 2 7 0 2 7 16 6 2 12 16 2 5 31 3 17 18 2 0 41.0430903434753418
12 16 2 5 31 3 0 2 7 0 2 7 5 31 3 5 30 3 0 2 7 0 2 7 12 16 2 0 2 7 6 2 7 0 2 7 0 2 7 0 2 7 0 2 7 0 2 7 0 2 7 17 18 2 6 2 7 13 6 3 1 2 7 0 2 7 1 2 7 0 2 7 1 2 7 0 2 7 17 18 2 6 2 7 0 2 7 1 2 7 5 31 3 0 2 7 1 2 7 0 2 7 12 16 2 16 19 11 1 2 7 5 30 3 16 30 2 0 2 7 0 41.2524846196174622
12 16 2 5 30 3 5 31 3 0 2 7 6 2 7 0 2 11 1 2 7 0 2 7 1 2 10 6 2 7 0 2 11 1 2 7 17 18 2 0 2 7 0 2 7 1 2 4 1 2 7 0 2 7 1 2 7 0 2 4 0 2 7 1 2 7 5 30 3 0 2 7 17 18 2 0 2 1 16 31 2 8 9 2 5 30 3 1 2 7 0 2 4 0 2 7 0 2 7 0 2 7 0 2 11 0 2 7 12 16 2 1 2 4 17 9 2 0 2 7 0 41.4175529479980469
12 16 2 5 30 3 5 31 3 0 2 3 0 2 3 1 2 7 0 2 7 0 2 7 0 2 7 0 2 7 0 2 7 0 2 7 0 2 7 16 6 2 0 2 3 0 2 3 0 2 7 1 2 7 1 2 7 0 2 7 0 2 7 1 2 7 0 2 7 0 2 7 1 2 7 0 2 3 5 30 3 0 2 7 17 18 2 1 2 7 16 6 2 16 6 2 8 9 2 5 31 3 0 2 3 16 19 11 1 2 7 1 2 7 0 2 3 1 2 3 0 41.4777736663818359
12 16 2 5 31 3 5 30 3 1 2 7 0 2 7 1 2 7 1 2 7 1 2 7 17 9 2 1 2 7 1 2 7 1 2 4 1 2 7 13 6 3 0 2 7 0 2 7 0 2 7 0 2 4 5 30 3 0 2 4 1 2 7 1 2 7 0 2 7 0 2 7 0 2 4 0 2 4 12 16 2 0 2 11 17 18 2 0 2 4 0 2 7 1 2 7 0 2 7 0 2 7 8 18 2 1 2 7 17 18 2 0 2 7 17 9 2 0 2 7 0 40.49226975440979
5 30 3 5 30 3 1 2 7 1 2 7 1 2 7 0 2 3 12 16 2 0 2 3 13 6 3 0 2 7 0 2 7 17 18 2 1 2 7 16 30 2 0 2 7 1 2 11 0 2 7 0 2 4 1 2 7 5 31 3 0 2 7 0 2 7 1 2 7 0 2 7 0 2 3 0 2 7 1 2 7 0 2 7 8 9 2 0 2 7 1 2 7 0 2 7 1 2 3 0 2 7 17 18 2 0 2 7 17 9 2 12 16 2 1 2 7 1 2 7 0 40.7531017065048218

Current Evaluation = 5400(5400)
Front Size = 10
12 16 2 5 31 3 5 30 3 1 2 7 0 2 7 1 2 7 1 2 4 0 2 7 17 9 2 1 2 7 6 2 7 1 2 7 13 6 3 0 2 7 0 2 7 0 2 7 0 2 7 5 31 3 1 2 7 13 6 3 0 2 7 0 2 7 12 16 2 17 18 2 0 2 7 0 2 7 0 2 7 0 2 7 0 2 7 0 2 7 0 2 7 1 2 7 1 2 7 12 16 2 1 2 4 17 9 2 0 2 7 17 18 2 1 2 7 1 2 7 0 40.2815956473350525
1 2 7 0 2 7 0 2 12 5 30 3 5 30 3 0 2 11 0 2 7 8 9 2 8 9 2 12 16 2 0 2 11 0 2 11 1 2 7 0 2 11 0 2 12 5 30 3 16 19 1 0 2 11 1 2 12 1 2 7 0 2 7 0 2 7 12 16 2 0 2 11 0 2 11 5 30 3 0 2 7 0 2 7 8 9 2 0 2 3 12 16 2 1 2 7 12 16 2 17 18 2 0 2 7 8 18 2 1 2 7 16 9 1 17 18 2 12 16 2 0 43.5481749773025513
12 16 2 5 30 3 5 31 3 0 2 7 1 2 7 1 2 7 0 2 7 1 2 7 1 2 4 0 2 7 6 2 7 17 18 2 0 2 7 0 2 7 0 2 3 0 2 4 0 2 7 15 2 11 0 2 7 1 2 7 1 2 3 17 9 2 0 2 4 5 30 3 1 2 7 17 9 2 0 2 7 0 2 4 0 2 4 0 2 7 17 9 2 1 2 7 12 16 2 0 2 7 1 2 4 0 2 7 0 2 4 1 2 7 1 2 7 13 6 3 0 40.5759547352790833
12 16 2 5 31 3 5 31 3 0 2 7 1 2 7 0 2 7 0 2 7 1 2 7 0 2 7 1 2 7 0 2 7 1 2 7 17 18 2 0 2 7 0 2 7 0 2 7 1 2 7 0 2 7 1 2 7 0 2 7 0 2 4 1 2 7 1 2 11 0 2 4 17 9 2 0 2 7 16 30 2 8 9 2 5 30 3 1 2 7 0 2 3 0 2 7 0 2 4 0 2 7 0 2 7 1 2 3 1 2 7 1 2 7 17 9 2 1 2 4 0 40.7372218370437622
0 2 7 5 31 3 5 31 3 0 2 7 0 2 7 0 2 7 0 2 7 0 2 7 1 2 7 0 2 3 0 2 7 17 18 2 5 30 3 0 2 7 1 2 7 6 2 4 0 2 7 6 2 7 0 2 7 1 2 7 0 2 7 0 2 7 12 16 2 0 2 7 0 2 7 0 2 7 1 2 7 16 6 2 1 2 7 16 6 2 17 9 2 5 30 3 0 2 7 5 31 3 0 2 7 0 2 7 17 1 2 0 2 7 1 2 7 1 2 3 0 40.9474647045135498
0 2 4 0 2 4 5 30 3 1 2 7 1 2 7 12 16 2 1 2 7 5 30 3 0 2 7 0 2 7 0 2 7 12 16 2 5 30 3 0 2 7 0 2 7 1 2 4 12 16 2 1 2 7 12 16 2 17 18 2 1 2 4 8 18 2 0 2 4 0 2 7 1 2 7 0 2 4 17 9 2 17 18 2 0 2 7 1 2 3 13 6 3 0 2 11 0 2 7 1 2 11 0 2 7 0 2 4 13 6 3 0 2 7 17 18 2 12 16 2 0 40.8644495010375977
0 2 11 1 2 7 5 30 3 0 2 7 8 9 2 12 16 2 1 2 7 0 2 7 0 2 7 6 2 11 0 2 7 0 2 7 0 2 7 0 2 11 17 18 2 0 2 11 0 2 11 6 2 7 5 30 3 5 31 3 5 30 3 0 2 7 0 2 7 0 2 11 17 9 2 5 31 3 0 2 7 6 2 11 0 2 7 0 2 11 1 2 7 0 2 7 5 30 3 0 2 7 0 2 11 6 2 7 16 6 2 1 2 11 17 18 2 1 2 7 0 42.3083081245422363
5 30 3 5 30 3 13 6 3 12 16 2 0 2 7 0 2 7 12 16 2 0 2 7 13 6 3 12 16 2 0 2 7 8 18 2 1 2 7 16 6 2 0 2 7 0 2 3 0 2 7 0 2 7 0 2 7 5 30 3 1 2 7 1 2 7 1 2 7 0 2 7 1 2 7 0 2 7 1 2 7 0 2 3 17 9 2 0 2 7 0 2 7 0 2 7 0 2 7 5 30 3 0 2 7 0 2 7 16 6 2 12 16 2 5 31 3 17 18 2 0 41.0430903434753418
0 2 7 5 30 3 1 2 7 0 2 3 0 2 11 1 2 7 0 2 7 0 2 7 0 2 7 0 2 3 0 2 7 0 2 7 0 2 7 0 2 7 1 2 7 1 2 7 0 2 3 1 2 7 0 2 7 17 18 2 0 2 7 1 2 3 5 30 3 12 16 2 12 16 2 5 30 3 5 31 3 0 2 3 0 2 7 13 6 3 16 6 2 1 2 7 8 9 2 0 2 3 17 9 2 0 2 7 16 6 2 0 2 7 1 2 7 1 2 7 0 41.206986665725708
12 16 2 5 30 3 5 31 3 0 2 7 6 2 7 0 2 11 1 2 7 0 2 7 1 2 10 6 2 7 0 2 11 1 2 7 17 18 2 0 2 7 0 2 7 1 2 4 1 2 7 0 2 7 1 2 7 0 2 4 0 2 7 1 2 7 5 30 3 0 2 7 17 18 2 0 2 1 16 31 2 8 9 2 5 30 3 1 2 7 0 2 4 0 2 7 0 2 7 0 2 7 0 2 11 0 2 7 12 16 2 1 2 4 17 9 2 0 2 7 0 41.4175529479980469

Current Evaluation = 5850(5850)
Front Size = 10
12 16 2 0 2 7 1 2 7 1 2 7 1 2 7 17 9 2 1 2 7 0 2 7 13 6 3 0 2 7 1 2 7 13 6 3 1 2 7 12 16 2 17 18 2 0 2 7 12 16 2 1 2 7 17 18 2 5 31 3 1 2 7 0 2 7 12 16 2 1 2 7 0 2 7 12 16 2 13 6 3 0 2 7 0 2 7 0 2 4 0 2 7 1 2 7 17 9 2 0 2 7 0 2 7 1 2 7 5 30 3 0 2 7 0 2 7 0 2 7 0 40.0383374691009521
0 2 7 0 2 4 6 2 7 0 2 7 1 2 7 0 2 7 0 2 7 1 2 7 0 2 4 17 18 2 5 30 3 1 2 4 1 2 7 12 16 2 0 2 4 0 2 4 17 9 2 1 2 7 1 2 11 5 31 3 0 2 7 1 2 7 13 6 3 17 18 2 12 16 2 12 16 2 0 2 3 0 2 4 1 2 7 0 2 7 0 2 7 0 2 7 0 2 7 5 30 3 17 9 2 1 2 4 1 2 10 0 2 7 15 2 11 0 2 4 0 40.8279046416282654
0 2 7 1 2 7 0 2 7 1 2 4 1 2 7 12 16 2 1 2 3 5 30 3 0 2 3 0 2 7 1 2 4 12 16 2 5 31 3 0 2 4 0 2 7 1 2 7 12 16 2 0 2 7 12 16 2 17 18 2 0 2 4 0 2 7 0 2 7 0 2 4 1 2 7 0 2 7 17 9 2 17 18 2 0 2 7 1 2 4 13 6 3 1 2 4 0 2 7 1 2 4 1 2 4 0 2 3 13 6 3 1 2 7 17 18 2 12 16 2 0 40.4699766635894775
12 16 2 0 2 7 1 2 7 1 2 7 1 2 7 17 9 2 1 2 4 1 2 7 13 6 3 0 2 4 1 2 7 13 6 3 1 2 7 12 16 2 17 18 2 0 2 7 12 16 2 1 2 7 17 18 2 5 31 3 1 2 7 0 2 7 12 16 2 0 2 7 0 2 7 12 16 2 0 2 4 1 2 4 0 2 7 0 2 4 0 2 7 0 2 4 0 2 7 1 2 4 5 31 3 0 2 7 0 2 7 1 2 7 17 9 2 0 2 7 0 40.3102556467056274
1 2 7 0 2 7 0 2 12 5 30 3 5 30 3 0 2 11 0 2 7 8 9 2 8 9 2 12 16 2 0 2 11 0 2 11 1 2 7 0 2 11 0 2 12 5 30 3 16 19 1 0 2 11 1 2 12 1 2 7 0 2 7 0 2 7 12 16 2 0 2 11 0 2 11 5 30 3 0 2 7 0 2 7 8 9 2 0 2 3 12 16 2 1 2 7 12 16 2 17 18 2 0 2 7 8 18 2 1 2 7 16 9 1 17 18 2 12 16 2 0 43.5481749773025513
0 2 7 5 31 3 5 31 3 0 2 7 0 2 7 0 2 7 0 2 7 0 2 7 1 2 7 0 2 3 0 2 7 17 18 2 5 30 3 0 2 7 1 2 7 6 2 4 0 2 7 6 2 7 0 2 7 1 2 7 0 2 7 0 2 7 12 16 2 0 2 7 0 2 7 0 2 7 1 2 7 16 6 2 1 2 7 16 6 2 17 9 2 5 30 3 0 2 7 5 31 3 0 2 7 0 2 7 17 1 2 0 2 7 1 2 7 1 2 3 0 40.9474647045135498
0 2 7 1 2 7 1 2 7 0 2 7 1 2 7 12 16 2 5 30 3 0 2 7 5 31 3 0 2 7 0 2 7 1 2 7 1 2 7 17 18 2 0 2 7 6 2 7 0 2 7 1 2 7 5 30 3 0 2 7 17 18 2 0 2 7 0 2 7 1 2 7 17 18 2 17 18 2 0 2 7 0 2 7 0 2 7 12 16 2 1 2 7 5 31 3 1 2 7 13 6 3 0 2 7 1 2 7 0 2 7 0 2 7 13 6 3 0 2 7 0 40.4349926114082336
12 16 2 0 2 4 0 2 7 1 2 7 1 2 7 1 2 3 1 2 7 17 9 2 1 2 7 1 2 7 13 6 3 0 2 3 0 2 4 0 2 3 0 2 7 1 2 7 13 6 3 0 2 4 1 2 7 12 16 2 17 18 2 0 2 4 0 2 7 12 16 2 1 2 7 17 18 2 5 31 3 1 2 7 1 2 4 0 2 4 0 2 7 12 16 2 0 2 4 5 30 3 0 2 7 1 2 4 17 9 2 0 2 7 0 2 4 12 16 2 0 40.4699766635894775
0 2 7 5 30 3 0 2 7 1 2 7 0 2 3 0 2 7 0 2 4 5 30 3 0 2 7 0 2 3 0 2 4 1 2 11 0 2 7 1 2 7 1 2 7 1 2 11 17 18 2 1 2 7 0 2 7 0 2 7 12 16 2 0 2 7 1 2 7 0 2 7 8 18 2 17 18 2 0 2 7 0 2 7 1 2 4 12 16 2 13 6 3 1 2 7 12 16 2 5 30 3 17 18 2 1 2 7 17 18 2 0 2 7 13 6 3 1 2 7 0 40.6077494621276855
0 2 4 5 30 3 5 31 3 0 2 7 0 2 4 0 2 7 0 2 7 0 2 7 0 2 7 0 2 7 0 2 4 17 18 2 5 31 3 0 2 7 1 2 7 1 2 7 1 2 7 0 2 4 1 2 7 1 2 7 8 18 2 12 16 2 1 2 7 17 18 2 1 2 7 1 2 7 1 2 7 1 2 7 0 2 4 0 2 7 0 2 7 0 2 7 17 18 2 1 2 7 0 2 7 1 2 4 0 2 7 0 2 4 17 18 2 1 2 7 0 40.6167898178100586

Current Evaluation = 6300(6300)
Front Size = 10
1 2 7 5 30 3 5 31 3 1 2 7 0 2 7 0 2 7 0 2 7 1 2 7 0 2 7 0 2 7 0 2 7 17 18 2 12 16 2 1 2 7 1 2 7 0 2 4 12 16 2 13 6 3 1 2 7 1 2 7 13 6 3 1 2 7 0 2 7 0 2 7 12 16 2 0 2 7 17 9 2 0 2 7 12 16 2 1 2 7 17 18 2 0 2 7 13 6 3 1 2 7 1 2 7 0 2 7 0 2 7 0 2 7 12 16 2 17 18 2 0 40.0383374691009521
0 2 7 5 31 3 0 2 7 1 2 7 0 2 4 0 2 7 1 2 7 0 2 7 0 2 4 0 2 7 0 2 7 0 2 7 1 2 4 17 18 2 1 2 4 0 2 4 12 16 2 1 2 7 1 2 7 1 2 7 12 16 2 13 6 3 1 2 4 12 16 2 1 2 7 13 6 3 1 2 7 0 2 7 1 2 7 12 16 2 0 2 7 17 9 2 0 2 7 12 16 2 0 2 7 1 2 4 5 31 3 17 18 2 17 18 2 0 2 7 0 40.3102556467056274
1 2 7 0 2 7 0 2 12 5 30 3 5 30 3 0 2 11 0 2 7 8 9 2 8 9 2 12 16 2 0 2 11 0 2 11 1 2 7 0 2 11 0 2 12 5 30 3 16 19 1 0 2 11 1 2 12 1 2 7 0 2 7 0 2 7 12 16 2 0 2 11 0 2 11 5 30 3 0 2 7 0 2 7 8 9 2 0 2 3 12 16 2 1 2 7 12 16 2 17 18 2 0 2 7 8 18 2 1 2 7 16 9 1 17 18 2 12 16 2 0 43.5481749773025513
0 2 7 5 30 3 0 2 7 8 18 2 0 2 7 1 2 7 0 2 7 1 2 4 1 2 7 0 2 7 0 2 7 0 2 7 12 16 2 0 2 7 1 2 3 0 2 7 17 18 2 17 18 2 0 2 7 1 2 3 1 2 4 1 2 7 17 18 2 1 2 7 0 2 7 0 2 4 1 2 7 1 2 7 0 2 7 0 2 7 0 2 7 1 2 7 13 6 3 1 2 7 0 2 7 5 30 3 17 18 2 1 2 7 5 31 3 0 2 7 0 40.4343197345733643
0 2 3 0 2 7 5 30 3 5 30 3 1 2 3 12 16 2 0 2 3 1 2 7 0 2 3 0 2 7 0 2 7 1 2 7 0 2 7 0 2 7 17 18 2 0 2 3 1 2 7 0 2 4 1 2 7 8 18 2 1 2 7 5 31 3 0 2 7 0 2 3 1 2 7 5 30 3 16 19 11 0 2 7 1 2 3 12 16 2 16 30 2 0 2 4 0 2 3 0 2 7 0 2 7 0 2 7 1 2 3 16 18 11 0 2 4 12 16 2 0 42.2552747130393982
12 16 2 0 2 4 0 2 7 1 2 7 1 2 7 1 2 3 1 2 7 17 9 2 1 2 7 1 2 7 13 6 3 0 2 3 0 2 4 0 2 3 0 2 7 1 2 7 13 6 3 0 2 4 1 2 7 12 16 2 17 18 2 0 2 4 0 2 7 12 16 2 1 2 7 17 18 2 5 31 3 1 2 7 1 2 4 0 2 4 0 2 7 12 16 2 0 2 4 5 30 3 0 2 7 1 2 4 17 9 2 0 2 7 0 2 4 12 16 2 0 40.4699766635894775
0 2 7 5 31 3 5 31 3 0 2 7 0 2 7 0 2 7 0 2 7 0 2 7 1 2 7 0 2 3 0 2 7 17 18 2 5 30 3 0 2 7 1 2 7 6 2 4 0 2 7 6 2 7 0 2 7 1 2 7 0 2 7 0 2 7 12 16 2 0 2 7 0 2 7 0 2 7 1 2 7 16 6 2 1 2 7 16 6 2 17 9 2 5 30 3 0 2 7 5 31 3 0 2 7 0 2 7 17 1 2 0 2 7 1 2 7 1 2 3 0 40.9474647045135498
0 2 7 0 2 10 1 2 4 0 2 4 1 2 7 0 2 4 5 31 3 0 2 7 0 2 7 17 18 2 12 16 2 1 2 7 1 2 7 0 2 4 12 16 2 12 16 2 12 16 2 12 16 2 1 2 7 17 9 2 0 2 4 0 2 7 5 30 3 0 2 7 0 2 4 13 6 3 0 2 7 1 2 7 8 9 2 0 2 7 16 9 11 1 2 7 5 30 3 17 9 2 0 2 7 0 2 11 1 2 7 0 2 7 0 2 11 1 2 4 0 41.3483456969261169
12 16 2 0 2 7 0 2 7 0 2 7 1 2 7 0 2 7 1 2 7 1 2 11 0 2 7 0 2 7 0 2 7 0 2 7 1 2 7 1 2 7 0 2 7 12 16 2 8 18 2 0 2 7 12 16 2 5 30 3 0 2 7 5 30 3 1 2 3 5 30 3 17 9 2 13 6 3 0 2 7 0 2 7 0 2 7 0 2 3 5 30 3 1 2 3 0 2 7 5 30 3 0 2 7 16 19 11 0 2 4 17 9 2 8 18 2 16 6 2 0 41.6853553056716919
0 2 3 1 2 7 5 30 3 5 30 3 0 2 7 12 16 2 0 2 10 1 2 3 1 2 7 1 2 7 0 2 7 1 2 7 0 2 7 0 2 7 17 18 2 6 2 7 0 2 7 0 2 7 0 2 7 8 18 2 0 2 7 5 31 3 5 31 3 0 2 7 0 2 4 5 30 3 16 19 11 0 2 7 1 2 11 12 16 2 16 30 2 0 2 7 0 2 3 0 2 7 0 2 7 1 2 7 0 2 7 16 30 2 0 2 7 12 16 2 0 41.880047619342804

Current Evaluation = 6750(6750)
Front Size = 10
12 16 2 0 2 7 0 2 7 1 2 7 1 2 7 1 2 7 1 2 7 17 9 2 1 2 7 0 2 7 13 6 3 0 2 7 0 2 7 0 2 7 0 2 7 1 2 7 13 6 3 0 2 7 1 2 7 12 16 2 17 18 2 0 2 7 1 2 7 12 16 2 1 2 7 17 18 2 5 30 3 1 2 4 0 2 7 0 2 7 0 2 7 12 16 2 0 2 7 5 31 3 13 6 3 1 2 7 17 9 2 0 2 7 0 2 7 12 16 2 0 40.0383374691009521
0 2 7 5 31 3 5 31 3 0 2 7 0 2 7 0 2 7 0 2 7 0 2 7 1 2 7 0 2 3 0 2 7 17 18 2 5 30 3 0 2 7 1 2 7 6 2 4 0 2 7 6 2 7 0 2 7 1 2 7 0 2 7 0 2 7 12 16 2 0 2 7 0 2 7 0 2 7 1 2 7 16 6 2 1 2 7 16 6 2 17 9 2 5 30 3 0 2 7 5 31 3 0 2 7 0 2 7 17 1 2 0 2 7 1 2 7 1 2 3 0 40.9474647045135498
12 16 2 0 2 4 0 2 7 0 2 7 1 2 7 1 2 4 1 2 7 17 9 2 1 2 7 0 2 7 13 6 3 0 2 7 1 2 7 0 2 7 1 2 7 13 6 3 1 2 7 12 16 2 17 18 2 0 2 4 12 16 2 17 18 2 5 31 3 1 2 7 1 2 7 0 2 4 12 16 2 1 2 7 17 9 2 1 2 7 12 16 2 0 2 7 0 2 7 0 2 7 0 2 4 0 2 7 1 2 7 5 31 3 0 2 4 0 2 4 0 40.3102556467056274
0 2 7 5 30 3 0 2 7 0 2 7 0 2 7 0 2 7 1 2 7 0 2 3 0 2 7 0 2 3 0 2 7 12 16 2 0 2 7 0 2 7 1 2 7 17 18 2 0 2 3 16 19 11 17 18 2 0 2 7 1 2 7 1 2 7 1 2 7 13 6 3 5 30 3 5 30 3 8 18 2 12 16 2 12 16 2 1 2 7 1 2 3 0 2 7 0 2 4 13 6 3 12 16 2 1 2 7 1 2 7 17 18 2 1 2 7 0 2 7 0 41.0289584398269653
12 16 2 0 2 4 0 2 7 0 2 7 1 2 4 1 2 4 1 2 7 17 9 2 1 2 7 0 2 7 13 6 3 0 2 7 0 2 7 0 2 7 0 2 7 1 2 7 13 6 3 0 2 7 1 2 7 12 16 2 17 18 2 0 2 4 0 2 7 12 16 2 1 2 4 17 18 2 5 31 3 1 2 7 0 2 7 1 2 7 0 2 4 12 16 2 0 2 7 5 31 3 1 2 4 1 2 7 17 9 2 0 2 7 1 2 7 12 16 2 0 40.3102556467056274
0 2 4 12 16 2 0 2 7 1 2 7 6 2 7 0 2 7 1 2 7 1 2 7 17 18 2 0 2 7 2 3 3 0 2 7 0 2 7 5 30 3 6 2 7 1 2 7 0 2 7 12 16 2 9 2 7 0 2 7 0 2 7 0 2 7 1 2 4 12 16 2 0 2 11 5 30 3 5 31 3 12 16 2 0 2 6 8 9 2 0 2 7 17 18 2 12 16 2 5 30 3 0 2 7 1 2 7 13 6 3 0 2 6 17 18 2 16 20 12 0 41.8952755928039551
0 2 7 5 30 3 0 2 7 8 18 2 0 2 7 1 2 7 0 2 7 1 2 4 1 2 7 0 2 7 0 2 7 0 2 7 12 16 2 0 2 7 1 2 3 0 2 7 17 18 2 17 18 2 0 2 7 1 2 3 1 2 4 1 2 7 17 18 2 1 2 7 0 2 7 0 2 4 1 2 7 1 2 7 0 2 7 0 2 7 0 2 7 1 2 7 13 6 3 1 2 7 0 2 7 5 30 3 17 18 2 1 2 7 5 31 3 0 2 7 0 40.4343197345733643
12 16 2 0 2 7 0 2 7 1 2 7 1 2 7 1 2 4 1 2 7 17 9 2 0 2 7 1 2 4 13 6 3 0 2 7 0 2 7 1 2 7 13 6 3 1 2 7 1 2 7 12 16 2 17 18 2 0 2 7 1 2 7 17 18 2 5 31 3 1 2 3 1 2 7 5 30 3 0 2 7 17 9 2 0 2 7 0 2 7 6 2 7 0 2 7 12 16 2 0 2 4 0 2 4 0 2 7 0 2 3 5 30 3 0 2 3 0 2 7 0 40.4413166642189026
17 9 2 5 30 3 0 2 7 0 2 7 0 2 7 1 2 7 1 2 7 1 2 7 1 2 7 0 2 7 12 16 2 1 2 7 17 18 2 17 18 2 0 2 7 1 2 7 0 2 4 0 2 7 0 2 7 1 2 7 13 6 3 0 2 7 0 2 7 5 30 3 15 2 11 0 2 7 12 16 2 13 6 3 17 9 2 1 2 7 1 2 7 0 2 7 0 2 7 5 31 3 0 2 7 1 2 7 12 16 2 0 2 4 0 2 7 1 2 7 0 40.3558205366134644
0 2 3 0 2 7 5 30 3 5 30 3 1 2 3 12 16 2 0 2 3 1 2 7 0 2 3 0 2 7 0 2 7 1 2 7 0 2 7 0 2 7 17 18 2 0 2 3 1 2 7 0 2 4 1 2 7 8 18 2 1 2 7 5 31 3 0 2 7 0 2 3 1 2 7 5 30 3 16 19 11 0 2 7 1 2 3 12 16 2 16 30 2 0 2 4 0 2 3 0 2 7 0 2 7 0 2 7 1 2 3 16 18 11 0 2 4 12 16 2 0 42.2552747130393982

Current Evaluation = 7200(7200)
Front Size = 10
12 16 2 0 2 7 0 2 7 0 2 7 1 2 7 0 2 7 1 2 7 17 9 2 1 2 7 0 2 7 13 6 3 0 2 7 1 2 7 0 2 7 1 2 7 13 6 3 1 2 7 12 16 2 17 18 2 0 2 7 12 16 2 17 18 2 5 31 3 1 2 7 1 2 7 0 2 7 12 16 2 13 6 3 17 9 2 1 2 4 12 16 2 0 2 7 1 2 7 0 2 7 0 2 7 0 2 7 1 2 7 5 30 3 0 2 7 0 2 7 0 40.0383374691009521
12 16 2 1 2 7 0 2 4 1 2 7 0 2 7 0 2 7 17 9 2 0 2 4 1 2 4 13 6 3 0 2 7 1 2 3 0 2 7 0 2 3 13 6 3 0 2 4 12 16 2 17 18 2 0 2 7 12 16 2 17 18 2 1 2 7 1 2 4 0 2 7 12 16 2 0 2 4 1 2 4 0 2 4 0 2 7 0 2 7 0 2 3 5 31 3 17 9 2 1 2 7 12 16 2 1 2 7 1 2 7 1 2 7 5 30 3 1 2 4 0 40.4699766635894775
0 2 7 5 31 3 5 31 3 0 2 7 0 2 7 0 2 7 0 2 7 0 2 7 1 2 7 0 2 3 0 2 7 17 18 2 5 30 3 0 2 7 1 2 7 6 2 4 0 2 7 6 2 7 0 2 7 1 2 7 0 2 7 0 2 7 12 16 2 0 2 7 0 2 7 0 2 7 1 2 7 16 6 2 1 2 7 16 6 2 17 9 2 5 30 3 0 2 7 5 31 3 0 2 7 0 2 7 17 1 2 0 2 7 1 2 7 1 2 3 0 40.9474647045135498
12 16 2 0 2 4 0 2 7 0 2 7 1 2 7 1 2 4 1 2 7 17 9 2 1 2 7 0 2 7 13 6 3 0 2 7 1 2 7 0 2 7 1 2 7 13 6 3 1 2 7 12 16 2 17 18 2 0 2 4 12 16 2 17 18 2 5 31 3 1 2 7 1 2 7 0 2 4 12 16 2 1 2 7 17 9 2 1 2 7 12 16 2 0 2 7 0 2 7 0 2 7 0 2 4 0 2 7 1 2 7 5 31 3 0 2 4 0 2 4 0 40.3102556467056274
0 2 4 12 16 2 0 2 7 1 2 7 6 2 7 0 2 7 1 2 7 1 2 7 17 18 2 0 2 7 2 3 3 0 2 7 0 2 7 5 30 3 6 2 7 1 2 7 0 2 7 12 16 2 9 2 7 0 2 7 0 2 7 0 2 7 1 2 4 12 16 2 0 2 11 5 30 3 5 31 3 12 16 2 0 2 6 8 9 2 0 2 7 17 18 2 12 16 2 5 30 3 0 2 7 1 2 7 13 6 3 0 2 6 17 18 2 16 20 12 0 41.8952755928039551
0 2 7 5 30 3 0 2 7 1 2 7 1 2 7 0 2 7 1 2 3 1 2 7 0 2 7 0 2 7 0 2 7 12 16 2 0 2 4 6 2 7 0 2 7 17 18 2 5 31 3 0 2 7 1 2 7 0 2 7 1 2 3 1 2 4 0 2 7 6 2 7 0 2 7 1 2 4 13 6 3 5 30 3 5 31 3 17 9 2 17 9 2 0 2 3 1 2 4 0 2 7 0 2 7 0 2 7 16 6 2 12 16 2 0 2 7 0 2 3 0 40.8896857500076294
0 2 7 5 30 3 0 2 7 8 18 2 0 2 7 1 2 7 0 2 7 1 2 4 1 2 7 0 2 7 0 2 7 0 2 7 12 16 2 0 2 7 1 2 3 0 2 7 17 18 2 17 18 2 0 2 7 1 2 3 1 2 4 1 2 7 17 18 2 1 2 7 0 2 7 0 2 4 1 2 7 1 2 7 0 2 7 0 2 7 0 2 7 1 2 7 13 6 3 1 2 7 0 2 7 5 30 3 17 18 2 1 2 7 5 31 3 0 2 7 0 40.4343197345733643
0 2 7 5 31 3 1 2 7 1 2 7 0 2 7 0 2 7 1 2 7 0 2 7 17 18 2 5 31 3 1 2 7 0 2 7 1 2 7 0 2 3 0 2 7 0 2 7 1 2 7 12 16 2 6 2 3 16 6 2 0 2 7 0 2 7 1 2 7 0 2 7 0 2 7 5 31 3 0 2 7 0 2 7 0 2 7 16 6 2 17 18 2 0 2 7 1 2 7 0 2 7 1 2 7 5 31 3 13 6 3 17 18 2 0 2 7 1 2 7 0 40.5398087501525879
12 16 2 0 2 3 0 2 4 0 2 7 1 2 7 0 2 7 1 2 7 17 18 2 0 2 7 0 2 3 13 6 3 0 2 7 1 2 7 0 2 7 0 2 7 0 2 7 1 2 7 1 2 7 1 2 4 17 18 2 0 2 4 0 2 7 12 16 2 1 2 7 17 18 2 5 31 3 1 2 3 6 2 7 0 2 7 0 2 4 1 2 7 13 6 3 5 30 3 0 2 7 1 2 7 1 2 7 17 9 2 0 2 7 5 30 3 12 16 2 0 40.4413166642189026
12 16 2 0 2 7 0 2 7 0 2 7 1 2 7 8 9 2 1 2 4 17 9 2 0 2 7 0 2 7 13 6 3 0 2 7 1 2 7 0 2 7 12 16 2 17 18 2 0 2 4 5 31 3 0 2 7 17 9 2 0 2 4 0 2 7 0 2 7 1 2 7 0 2 7 5 30 3 0 2 7 0 2 7 0 2 7 5 31 3 1 2 7 1 2 7 1 2 7 1 2 7 1 2 7 12 16 2 1 2 7 0 2 7 1 2 7 16 6 2 0 40.5675076246261597

Current Evaluation = 7650(7650)
Front Size = 10
12 16 2 1 2 7 1 2 7 0 2 7 0 2 7 17 9 2 1 2 4 13 6 3 0 2 7 0 2 7 13 6 3 12 16 2 17 18 2 0 2 7 12 16 2 17 18 2 1 2 7 0 2 7 12 16 2 0 2 7 0 2 7 5 31 3 17 9 2 0 2 7 12 16 2 1 2 7 1 2 7 0 2 7 1 2 7 1 2 7 1 2 7 1 2 7 1 2 7 13 6 3 5 30 3 0 2 7 0 2 7 0 2 7 0 2 7 0 2 7 0 40.0383374691009521
12 16 2 1 2 7 0 2 4 1 2 7 0 2 7 0 2 7 17 9 2 0 2 4 1 2 4 13 6 3 0 2 7 1 2 3 0 2 7 0 2 3 13 6 3 0 2 4 12 16 2 17 18 2 0 2 7 12 16 2 17 18 2 1 2 7 1 2 4 0 2 7 12 16 2 0 2 4 1 2 4 0 2 4 0 2 7 0 2 7 0 2 3 5 31 3 17 9 2 1 2 7 12 16 2 1 2 7 1 2 7 1 2 7 5 30 3 1 2 4 0 40.4699766635894775
0 2 7 5 30 3 0 2 7 1 2 7 1 2 7 0 2 7 1 2 3 1 2 7 0 2 7 0 2 7 0 2 7 12 16 2 0 2 4 6 2 7 0 2 7 17 18 2 5 31 3 0 2 7 1 2 7 0 2 7 1 2 3 1 2 4 0 2 7 6 2 7 0 2 7 1 2 4 13 6 3 5 30 3 5 31 3 17 9 2 17 9 2 0 2 3 1 2 4 0 2 7 0 2 7 0 2 7 16 6 2 12 16 2 0 2 7 0 2 3 0 40.8896857500076294
0 2 7 5 31 3 1 2 7 0 2 7 1 2 7 0 2 7 1 2 7 0 2 7 0 2 7 0 2 7 12 16 2 0 2 7 13 6 3 1 2 3 5 31 3 1 2 7 1 2 7 6 2 7 0 2 7 0 2 7 17 9 2 1 2 7 0 2 7 0 2 7 1 2 7 5 31 3 5 31 3 1 2 7 0 2 7 0 2 7 16 6 2 0 2 7 0 2 7 0 2 7 16 6 2 0 2 7 17 9 2 1 2 7 17 18 2 0 2 3 0 40.5398088097572327
12 16 2 1 2 3 0 2 7 0 2 7 1 2 7 0 2 7 17 9 2 0 2 7 1 2 7 13 6 3 0 2 7 1 2 7 0 2 4 0 2 7 13 6 3 1 2 7 12 16 2 17 18 2 13 6 3 12 16 2 17 18 2 1 2 7 0 2 7 0 2 7 0 2 7 0 2 7 5 30 3 0 2 7 0 2 4 1 2 7 0 2 7 5 31 3 1 2 7 12 16 2 1 2 7 1 2 7 17 18 2 0 2 7 12 16 2 1 2 7 0 40.1183375120162964
0 2 7 5 30 3 0 2 7 8 18 2 0 2 7 1 2 7 0 2 7 1 2 4 1 2 7 0 2 7 0 2 7 0 2 7 12 16 2 0 2 7 1 2 3 0 2 7 17 18 2 17 18 2 0 2 7 1 2 3 1 2 4 1 2 7 17 18 2 1 2 7 0 2 7 0 2 4 1 2 7 1 2 7 0 2 7 0 2 7 0 2 7 1 2 7 13 6 3 1 2 7 0 2 7 5 30 3 17 18 2 1 2 7 5 31 3 0 2 7 0 40.4343197345733643
0 2 4 5 30 3 0 2 3 0 2 4 1 2 7 0 2 7 0 2 7 1 2 7 1 2 7 0 2 7 0 2 3 12 16 2 0 2 7 17 18 2 1 2 7 1 2 7 0 2 7 1 2 7 13 6 3 17 9 2 17 9 2 1 2 7 1 2 7 12 16 2 1 2 7 13 6 3 0 2 7 12 16 2 0 2 7 5 31 3 0 2 4 0 2 7 5 30 3 0 2 4 6 2 7 1 2 7 17 18 2 0 2 7 1 2 3 0 2 7 0 40.4413166642189026
0 2 7 5 30 3 0 2 7 1 2 3 0 2 7 0 2 4 1 2 7 1 2 7 0 2 7 1 2 7 1 2 7 17 18 2 6 2 3 1 2 7 0 2 7 1 2 7 1 2 7 17 9 2 1 2 7 1 2 4 12 16 2 0 2 4 13 6 3 0 2 4 12 16 2 0 2 7 5 31 3 0 2 7 0 2 7 17 18 2 0 2 3 1 2 7 0 2 7 0 2 7 17 18 2 13 6 3 0 2 7 5 30 3 0 2 7 12 16 2 0 40.4413166046142578
12 16 2 1 2 7 0 2 4 0 2 7 0 2 7 17 9 2 1 2 7 13 6 3 0 2 7 0 2 7 13 6 3 12 16 2 17 18 2 1 2 7 12 16 2 17 18 2 1 2 4 6 2 7 1 2 7 0 2 7 5 31 3 0 2 7 1 2 7 1 2 7 0 2 7 0 2 7 1 2 7 0 2 7 1 2 7 5 30 3 0 2 7 0 2 7 12 16 2 17 9 2 12 16 2 5 30 3 13 6 3 0 2 7 0 2 7 0 2 7 0 40.2558254599571228
0 2 7 1 2 7 0 2 7 1 2 7 1 2 7 0 2 7 5 31 3 1 2 7 0 2 7 0 2 7 0 2 11 12 16 2 0 2 7 0 2 7 17 18 2 5 31 3 0 2 7 1 2 7 0 2 7 1 2 7 0 2 7 0 2 7 13 6 3 5 30 3 17 9 2 0 2 7 0 2 7 12 16 2 1 2 7 8 18 2 6 2 7 1 2 4 0 2 7 17 9 2 1 2 7 12 16 2 0 2 4 16 6 2 1 2 7 0 2 11 0 40.7630007863044739

Current Evaluation = 8100(8100)
Front Size = 10
0 2 7 1 2 7 0 2 7 0 2 7 0 2 7 0 2 7 12 16 2 0 2 7 17 18 2 1 2 7 1 2 7 0 2 7 1 2 7 13 6 3 0 2 7 1 2 7 1 2 7 12 16 2 1 2 7 13 6 3 1 2 4 12 16 2 0 2 7 5 31 3 0 2 7 1 2 7 17 18 2 0 2 7 0 2 7 0 2 7 0 2 7 1 2 7 17 18 2 0 2 7 17 18 2 1 2 7 5 30 3 12 16 2 12 16 2 13 6 3 0 40.0383374691009521
12 16 2 1 2 7 1 2 7 0 2 7 0 2 7 17 9 2 1 2 7 13 6 3 0 2 7 0 2 7 13 6 3 12 16 2 17 18 2 0 2 7 12 16 2 17 18 2 1 2 7 0 2 7 12 16 2 0 2 7 0 2 7 5 31 3 17 9 2 1 2 7 12 16 2 1 2 7 1 2 7 5 30 3 0 2 7 0 2 7 1 2 7 0 2 7 0 2 7 0 2 7 0 2 7 13 6 3 1 2 7 1 2 7 1 2 4 0 2 7 0 40.0383374691009521
0 2 7 5 31 3 1 2 7 0 2 7 1 2 7 0 2 7 1 2 7 0 2 7 0 2 7 0 2 7 12 16 2 0 2 7 13 6 3 1 2 3 5 31 3 1 2 7 1 2 7 6 2 7 0 2 7 0 2 7 17 9 2 1 2 7 0 2 7 0 2 7 1 2 7 5 31 3 5 31 3 1 2 7 0 2 7 0 2 7 16 6 2 0 2 7 0 2 7 0 2 7 16 6 2 0 2 7 17 9 2 1 2 7 17 18 2 0 2 3 0 40.5398088097572327
0 2 7 5 30 3 0 2 7 8 18 2 0 2 7 1 2 7 0 2 7 1 2 4 1 2 7 0 2 7 0 2 7 0 2 7 12 16 2 0 2 7 1 2 3 0 2 7 17 18 2 17 18 2 0 2 7 1 2 3 1 2 4 1 2 7 17 18 2 1 2 7 0 2 7 0 2 4 1 2 7 1 2 7 0 2 7 0 2 7 0 2 7 1 2 7 13 6 3 1 2 7 0 2 7 5 30 3 17 18 2 1 2 7 5 31 3 0 2 7 0 40.4343197345733643
0 2 7 5 30 3 0 2 7 0 2 7 1 2 7 0 2 7 0 2 7 12 16 2 0 2 7 17 18 2 1 2 7 1 2 7 0 2 7 0 2 7 13 6 3 0 2 7 1 2 7 1 2 7 12 16 2 0 2 7 13 6 3 1 2 7 12 16 2 0 2 7 5 31 3 1 2 7 17 18 2 0 2 4 0 2 7 1 2 7 1 2 7 1 2 7 17 18 2 12 16 2 0 2 7 12 16 2 17 18 2 13 6 3 0 2 7 1 2 7 0 40.0383374691009521
0 2 7 1 2 7 0 2 7 0 2 7 0 2 7 0 2 7 12 16 2 0 2 7 17 18 2 0 2 7 1 2 7 0 2 7 1 2 7 13 6 3 0 2 7 1 2 7 1 2 7 1 2 7 1 2 7 0 2 7 5 31 3 0 2 7 1 2 7 17 18 2 0 2 7 0 2 7 0 2 7 0 2 3 1 2 7 17 18 2 0 2 7 17 18 2 5 30 3 12 16 2 5 30 3 1 2 3 1 2 7 0 2 4 1 2 11 13 6 3 0 40.3768255710601807
0 2 7 5 30 3 0 2 7 1 2 7 1 2 7 0 2 7 1 2 3 1 2 7 0 2 7 0 2 7 0 2 7 12 16 2 0 2 4 6 2 7 0 2 7 17 18 2 5 31 3 0 2 7 1 2 7 0 2 7 1 2 3 1 2 4 0 2 7 6 2 7 0 2 7 1 2 4 13 6 3 5 30 3 5 31 3 17 9 2 17 9 2 0 2 3 1 2 4 0 2 7 0 2 7 0 2 7 16 6 2 12 16 2 0 2 7 0 2 3 0 40.8896857500076294
0 2 4 5 30 3 0 2 3 0 2 4 1 2 7 0 2 7 0 2 7 1 2 7 1 2 7 0 2 7 0 2 3 12 16 2 0 2 7 17 18 2 1 2 7 1 2 7 0 2 7 1 2 7 13 6 3 17 9 2 17 9 2 1 2 7 1 2 7 12 16 2 1 2 7 13 6 3 0 2 7 12 16 2 0 2 7 5 31 3 0 2 4 0 2 7 5 30 3 0 2 4 6 2 7 1 2 7 17 18 2 0 2 7 1 2 3 0 2 7 0 40.4413166642189026
12 16 2 1 2 7 1 2 7 0 2 7 17 9 2 1 2 7 13 6 3 0 2 7 0 2 7 13 6 3 12 16 2 17 18 2 0 2 7 12 16 2 17 18 2 1 2 7 0 2 7 12 16 2 0 2 7 0 2 7 5 31 3 1 2 7 12 16 2 1 2 7 1 2 7 5 30 3 0 2 7 0 2 7 1 2 7 0 2 7 0 2 7 0 2 4 0 2 7 13 6 3 1 2 7 1 2 7 0 2 7 0 2 7 17 9 2 1 2 7 0 40.0383374691009521
0 2 7 5 30 3 1 2 7 1 2 7 0 2 7 0 2 7 0 2 7 12 16 2 0 2 7 17 18 2 1 2 7 1 2 7 0 2 7 1 2 4 13 6 3 0 2 7 0 2 7 0 2 7 12 16 2 1 2 4 13 6 3 1 2 7 12 16 2 0 2 7 5 31 3 6 2 7 17 18 2 0 2 7 1 2 7 0 2 7 0 2 7 0 2 7 17 9 2 12 16 2 12 16 2 13 6 3 1 2 7 5 30 3 0 2 7 17 18 2 0 40.2558254599571228

Current Evaluation = 8550(8550)
Front Size = 10
0 2 7 0 2 7 0 2 7 0 2 7 1 2 7 0 2 7 12 16 2 1 2 7 17 18 2 0 2 7 0 2 7 0 2 4 1 2 7 13 6 3 0 2 7 1 2 7 1 2 7 12 16 2 1 2 7 13 6 3 12 16 2 0 2 7 5 31 3 0 2 7 1 2 7 0 2 7 0 2 7 0 2 7 0 2 7 1 2 7 1 2 7 5 30 3 12 16 2 12 16 2 13 6 3 1 2 7 17 9 2 17 9 2 17 18 2 1 2 7 0 40.0383374691009521
0 2 7 1 2 7 0 2 7 0 2 7 0 2 7 0 2 7 12 16 2 0 2 7 17 18 2 1 2 7 1 2 7 0 2 7 1 2 7 13 6 3 0 2 7 1 2 7 1 2 7 12 16 2 1 2 7 13 6 3 1 2 4 12 16 2 0 2 7 5 31 3 0 2 7 1 2 7 17 18 2 0 2 7 0 2 7 0 2 7 0 2 7 1 2 7 0 2 7 1 2 7 5 30 3 12 16 2 12 16 2 13 6 3 17 18 2 17 18 2 0 40.0383374691009521
0 2 7 5 30 3 1 2 7 1 2 7 0 2 7 0 2 7 0 2 7 12 16 2 0 2 7 17 9 2 1 2 7 1 2 7 0 2 7 13 6 3 0 2 7 0 2 7 0 2 7 12 16 2 13 6 3 1 2 7 12 16 2 0 2 7 5 31 3 17 18 2 1 2 7 1 2 7 0 2 7 0 2 4 0 2 7 17 9 2 12 16 2 12 16 2 13 6 3 1 2 7 1 2 7 17 9 2 1 2 7 1 2 7 0 2 7 0 2 7 0 40.0383374691009521
0 2 7 5 30 3 0 2 7 8 18 2 0 2 7 1 2 7 0 2 7 1 2 4 1 2 7 0 2 7 0 2 7 0 2 7 12 16 2 0 2 7 1 2 3 0 2 7 17 18 2 17 18 2 0 2 7 1 2 3 1 2 4 1 2 7 17 18 2 1 2 7 0 2 7 0 2 4 1 2 7 1 2 7 0 2 7 0 2 7 0 2 7 1 2 7 13 6 3 1 2 7 0 2 7 5 30 3 17 18 2 1 2 7 5 31 3 0 2 7 0 40.4343197345733643
0 2 7 5 30 3 1 2 7 1 2 7 0 2 7 0 2 7 0 2 7 12 16 2 0 2 7 17 9 2 1 2 7 1 2 7 0 2 7 13 6 3 0 2 7 0 2 7 0 2 7 12 16 2 13 6 3 1 2 7 12 16 2 0 2 7 5 31 3 17 18 2 1 2 7 1 2 7 0 2 7 0 2 7 17 9 2 12 16 2 12 16 2 13 6 3 0 2 7 1 2 7 1 2 7 0 2 7 0 2 7 1 2 4 17 18 2 1 2 7 0 40.0383374691009521
0 2 7 5 31 3 1 2 7 0 2 7 1 2 7 0 2 7 1 2 7 0 2 7 0 2 7 0 2 7 12 16 2 0 2 7 13 6 3 1 2 3 5 31 3 1 2 7 1 2 7 6 2 7 0 2 7 0 2 7 17 9 2 1 2 7 0 2 7 0 2 7 1 2 7 5 31 3 5 31 3 1 2 7 0 2 7 0 2 7 16 6 2 0 2 7 0 2 7 0 2 7 16 6 2 0 2 7 17 9 2 1 2 7 17 18 2 0 2 3 0 40.5398088097572327
0 2 7 1 2 7 0 2 7 0 2 7 0 2 7 0 2 7 12 16 2 0 2 7 17 18 2 0 2 7 1 2 7 0 2 7 1 2 7 13 6 3 0 2 7 1 2 7 1 2 7 1 2 7 1 2 7 0 2 7 5 31 3 0 2 7 1 2 7 17 18 2 0 2 7 0 2 7 0 2 7 0 2 3 1 2 7 17 18 2 0 2 7 17 18 2 5 30 3 12 16 2 5 30 3 1 2 3 1 2 7 0 2 4 1 2 11 13 6 3 0 40.3768255710601807
0 2 7 1 2 4 0 2 7 0 2 7 0 2 7 0 2 7 12 16 2 0 2 7 5 31 3 1 2 7 1 2 7 0 2 7 0 2 7 13 6 3 0 2 7 0 2 7 1 2 7 12 16 2 1 2 7 13 6 3 1 2 7 12 16 2 0 2 7 5 30 3 0 2 7 17 18 2 6 2 7 0 2 7 0 2 7 0 2 7 1 2 7 5 30 3 12 16 2 12 16 2 13 6 3 17 18 2 1 2 4 17 9 2 1 2 7 17 18 2 0 40.2558254599571228
0 2 7 5 30 3 1 2 7 1 2 7 0 2 4 0 2 7 0 2 7 12 16 2 0 2 7 17 18 2 1 2 7 1 2 7 0 2 7 1 2 7 13 6 3 0 2 7 0 2 7 0 2 7 12 16 2 13 6 3 1 2 7 12 16 2 0 2 7 5 31 3 17 9 2 0 2 7 1 2 7 0 2 7 0 2 4 0 2 7 17 9 2 12 16 2 12 16 2 13 6 3 1 2 7 0 2 7 6 2 7 1 2 7 5 30 3 17 9 2 0 40.2558254599571228
0 2 7 5 30 3 0 2 7 1 2 7 1 2 7 0 2 7 1 2 3 1 2 7 0 2 7 0 2 7 0 2 7 12 16 2 0 2 4 6 2 7 0 2 7 17 18 2 5 31 3 0 2 7 1 2 7 0 2 7 1 2 3 1 2 4 0 2 7 6 2 7 0 2 7 1 2 4 13 6 3 5 30 3 5 31 3 17 9 2 17 9 2 0 2 3 1 2 4 0 2 7 0 2 7 0 2 7 16 6 2 12 16 2 0 2 7 0 2 3 0 40.8896857500076294

Current Evaluation = 9000(9000)
Front Size = 10
1 2 7 5 30 3 0 2 7 1 2 7 0 2 7 0 2 7 12 16 2 1 2 7 1 2 7 0 2 7 1 2 7 0 2 7 13 6 3 0 2 7 0 2 7 0 2 7 12 16 2 13 6 3 1 2 7 12 16 2 1 2 7 5 31 3 17 9 2 0 2 7 1 2 4 0 2 7 17 9 2 12 16 2 12 16 2 13 6 3 1 2 7 0 2 7 1 2 7 0 2 7 0 2 7 0 2 7 17 9 2 17 9 2 0 2 7 1 2 7 0 40.0383374691009521
0 2 7 5 30 3 1 2 7 1 2 7 0 2 4 0 2 7 0 2 7 12 16 2 0 2 7 17 18 2 1 2 7 1 2 7 0 2 7 1 2 7 13 6 3 0 2 7 0 2 7 0 2 7 12 16 2 13 6 3 1 2 7 12 16 2 0 2 7 5 31 3 17 9 2 0 2 7 1 2 7 0 2 7 0 2 7 17 9 2 12 16 2 12 16 2 13 6 3 1 2 7 0 2 7 1 2 7 17 9 2 1 2 7 1 2 7 0 2 7 0 40.0383374691009521
1 2 7 5 30 3 0 2 7 1 2 7 0 2 7 0 2 7 12 16 2 1 2 7 1 2 7 1 2 7 1 2 7 0 2 7 13 6 3 0 2 7 0 2 7 0 2 7 12 16 2 13 6 3 1 2 7 12 16 2 0 2 7 5 31 3 17 9 2 0 2 7 1 2 7 0 2 7 17 9 2 12 16 2 12 16 2 13 6 3 1 2 7 0 2 7 1 2 7 0 2 7 0 2 7 0 2 7 0 2 7 1 2 4 17 18 2 17 18 2 0 40.0383374691009521
1 2 7 5 30 3 1 2 7 0 2 7 0 2 7 0 2 7 12 16 2 1 2 7 17 18 2 6 2 7 1 2 7 0 2 7 0 2 7 13 6 3 0 2 7 0 2 7 0 2 7 12 16 2 13 6 3 1 2 7 12 16 2 0 2 7 5 31 3 17 9 2 0 2 4 1 2 7 0 2 4 17 9 2 12 16 2 12 16 2 13 6 3 1 2 7 0 2 7 0 2 7 0 2 7 1 2 7 0 2 7 17 18 2 5 30 3 1 2 7 0 40.2558254599571228
0 2 7 5 30 3 0 2 7 1 2 7 1 2 7 0 2 7 12 16 2 1 2 7 17 18 2 0 2 7 1 2 7 0 2 7 13 6 3 0 2 7 0 2 7 1 2 7 12 16 2 13 6 3 0 2 7 12 16 2 0 2 3 5 31 3 17 9 2 1 2 7 0 2 7 17 9 2 12 16 2 12 16 2 13 6 3 1 2 7 0 2 7 0 2 7 0 2 4 1 2 7 1 2 7 1 2 7 0 2 4 0 2 7 17 18 2 1 2 7 0 40.1183375120162964
0 2 7 0 2 7 0 2 7 1 2 7 0 2 7 1 2 7 0 2 7 0 2 7 0 2 7 12 16 2 0 2 7 0 2 7 0 2 7 17 18 2 0 2 7 1 2 7 1 2 7 0 2 7 1 2 7 1 2 7 0 2 7 0 2 7 0 2 7 1 2 7 13 6 3 1 2 7 0 2 7 0 2 7 5 31 3 0 2 7 5 31 3 1 2 7 5 31 3 1 2 7 17 9 2 17 9 2 16 6 2 0 2 7 5 31 3 16 6 2 0 40.4340677261352539
6 2 3 0 2 7 0 2 7 0 2 4 0 2 7 1 2 7 0 2 7 0 2 7 0 2 7 12 16 2 0 2 7 0 2 4 0 2 7 17 18 2 0 2 4 1 2 7 0 2 4 0 2 7 1 2 3 1 2 4 1 2 7 1 2 7 0 2 7 13 6 3 1 2 4 5 31 3 1 2 7 1 2 4 17 9 2 17 9 2 12 16 2 12 16 2 0 2 4 1 2 3 0 2 7 12 16 2 5 30 3 13 6 3 5 30 3 17 9 2 0 40.5796666145324707
0 2 7 0 2 7 0 2 7 1 2 7 0 2 7 1 2 7 0 2 7 0 2 7 0 2 7 12 16 2 0 2 7 0 2 7 0 2 7 17 18 2 0 2 7 1 2 7 1 2 7 1 2 7 13 6 3 5 31 3 17 9 2 17 9 2 0 2 7 1 2 7 1 2 3 1 2 4 1 2 3 1 2 7 0 2 4 5 30 3 0 2 7 12 16 2 6 2 3 12 16 2 5 31 3 1 2 7 16 6 2 0 2 7 5 31 3 16 6 2 0.00256513549407568452 40.7245736122131348
0 2 7 0 2 7 1 2 7 1 2 7 0 2 7 1 2 7 0 2 4 1 2 7 0 2 7 1 2 7 5 30 3 1 2 4 12 16 2 17 18 2 0 2 7 0 2 7 0 2 7 0 2 7 17 18 2 1 2 7 0 2 7 1 2 7 0 2 7 1 2 7 15 2 11 5 30 3 1 2 7 1 2 7 17 9 2 17 9 2 0 2 7 0 2 7 0 2 7 12 16 2 5 31 3 13 6 3 13 6 3 0 2 7 0 2 7 12 16 2 0 40.3558205366134644
1 2 4 5 30 3 0 2 12 1 2 7 0 2 7 0 2 4 12 16 2 1 2 7 8 18 2 1 2 3 1 2 7 0 2 7 13 6 3 0 2 7 0 2 7 0 2 7 12 16 2 13 6 3 12 16 2 0 2 7 5 31 3 17 9 2 0 2 7 0 2 3 17 9 2 12 16 2 0 2 7 1 2 7 1 2 7 0 2 7 1 2 7 0 2 7 1 2 4 1 2 7 1 2 7 0 2 7 1 2 7 17 9 2 17 18 2 0 2 7 0 40.5084316730499268

MonoObjective Genetic Algorithm
Number of Evaluations = 0
Mutation Probability = 0
Crossover Probability = 1
Population Size = 10
Survival Selection Type = 16

Time =  9016.45571708679199

Current Evaluation = 2250
Front Size = 10
1 2 7 5 30 3 0 2 7 1 2 7 0 2 7 0 2 7 12 16 2 1 2 7 1 2 7 0 2 7 1 2 7 0 2 7 13 6 3 0 2 7 0 2 7 0 2 7 12 16 2 13 6 3 1 2 7 12 16 2 1 2 7 5 31 3 17 9 2 0 2 7 1 2 4 0 2 7 17 9 2 12 16 2 12 16 2 13 6 3 1 2 7 0 2 7 1 2 7 0 2 7 0 2 7 0 2 7 17 9 2 17 9 2 0 2 7 1 2 7 0 40.0383374691009521
0 2 7 5 30 3 1 2 7 1 2 7 0 2 4 0 2 7 0 2 7 12 16 2 0 2 7 17 18 2 1 2 7 1 2 7 0 2 7 1 2 7 13 6 3 0 2 7 0 2 7 0 2 7 12 16 2 13 6 3 1 2 7 12 16 2 0 2 7 5 31 3 17 9 2 0 2 7 1 2 7 0 2 7 0 2 7 17 9 2 12 16 2 12 16 2 13 6 3 1 2 7 0 2 7 1 2 7 17 9 2 1 2 7 1 2 7 0 2 7 0 40.0383374691009521
1 2 7 5 30 3 0 2 7 1 2 7 0 2 7 0 2 7 12 16 2 1 2 7 1 2 7 1 2 7 1 2 7 0 2 7 13 6 3 0 2 7 0 2 7 0 2 7 12 16 2 13 6 3 1 2 7 12 16 2 0 2 7 5 31 3 17 9 2 0 2 7 1 2 7 0 2 7 17 9 2 12 16 2 12 16 2 13 6 3 1 2 7 0 2 7 1 2 7 0 2 7 0 2 7 0 2 7 0 2 7 1 2 4 17 18 2 17 18 2 0 40.0383374691009521
1 2 7 5 30 3 1 2 7 0 2 7 0 2 7 0 2 7 12 16 2 1 2 7 17 18 2 6 2 7 1 2 7 0 2 7 0 2 7 13 6 3 0 2 7 0 2 7 0 2 7 12 16 2 13 6 3 1 2 7 12 16 2 0 2 7 5 31 3 17 9 2 0 2 4 1 2 7 0 2 4 17 9 2 12 16 2 12 16 2 13 6 3 1 2 7 0 2 7 0 2 7 0 2 7 1 2 7 0 2 7 17 18 2 5 30 3 1 2 7 0 40.2558254599571228
0 2 7 5 30 3 0 2 7 1 2 7 1 2 7 0 2 7 12 16 2 1 2 7 17 18 2 0 2 7 1 2 7 0 2 7 13 6 3 0 2 7 0 2 7 1 2 7 12 16 2 13 6 3 0 2 7 12 16 2 0 2 3 5 31 3 17 9 2 1 2 7 0 2 7 17 9 2 12 16 2 12 16 2 13 6 3 1 2 7 0 2 7 0 2 7 0 2 4 1 2 7 1 2 7 1 2 7 0 2 4 0 2 7 17 18 2 1 2 7 0 40.1183375120162964
0 2 7 0 2 7 0 2 7 1 2 7 0 2 7 1 2 7 0 2 7 0 2 7 0 2 7 12 16 2 0 2 7 0 2 7 0 2 7 17 18 2 0 2 7 1 2 7 1 2 7 0 2 7 1 2 7 1 2 7 0 2 7 0 2 7 0 2 7 1 2 7 13 6 3 1 2 7 0 2 7 0 2 7 5 31 3 0 2 7 5 31 3 1 2 7 5 31 3 1 2 7 17 9 2 17 9 2 16 6 2 0 2 7 5 31 3 16 6 2 0 40.4340677261352539
6 2 3 0 2 7 0 2 7 0 2 4 0 2 7 1 2 7 0 2 7 0 2 7 0 2 7 12 16 2 0 2 7 0 2 4 0 2 7 17 18 2 0 2 4 1 2 7 0 2 4 0 2 7 1 2 3 1 2 4 1 2 7 1 2 7 0 2 7 13 6 3 1 2 4 5 31 3 1 2 7 1 2 4 17 9 2 17 9 2 12 16 2 12 16 2 0 2 4 1 2 3 0 2 7 12 16 2 5 30 3 13 6 3 5 30 3 17 9 2 0 40.5796666145324707
0 2 7 0 2 7 0 2 7 1 2 7 0 2 7 1 2 7 0 2 7 0 2 7 0 2 7 12 16 2 0 2 7 0 2 7 0 2 7 17 18 2 0 2 7 1 2 7 1 2 7 1 2 7 13 6 3 5 31 3 17 9 2 17 9 2 0 2 7 1 2 7 1 2 3 1 2 4 1 2 3 1 2 7 0 2 4 5 30 3 0 2 7 12 16 2 6 2 3 12 16 2 5 31 3 1 2 7 16 6 2 0 2 7 5 31 3 16 6 2 0.00256513549407568452 40.7245736122131348
0 2 7 0 2 7 1 2 7 1 2 7 0 2 7 1 2 7 0 2 4 1 2 7 0 2 7 1 2 7 5 30 3 1 2 4 12 16 2 17 18 2 0 2 7 0 2 7 0 2 7 0 2 7 17 18 2 1 2 7 0 2 7 1 2 7 0 2 7 1 2 7 15 2 11 5 30 3 1 2 7 1 2 7 17 9 2 17 9 2 0 2 7 0 2 7 0 2 7 12 16 2 5 31 3 13 6 3 13 6 3 0 2 7 0 2 7 12 16 2 0 40.3558205366134644
1 2 4 5 30 3 0 2 12 1 2 7 0 2 7 0 2 4 12 16 2 1 2 7 8 18 2 1 2 3 1 2 7 0 2 7 13 6 3 0 2 7 0 2 7 0 2 7 12 16 2 13 6 3 12 16 2 0 2 7 5 31 3 17 9 2 0 2 7 0 2 3 17 9 2 12 16 2 0 2 7 1 2 7 1 2 7 0 2 7 1 2 7 0 2 7 1 2 4 1 2 7 1 2 7 0 2 7 1 2 7 17 9 2 17 18 2 0 2 7 0 40.5084316730499268

