Current Evaluation = 450(450)
Front Size = 10
5 31 3 5 30 3 12 16 2 12 16 2 0 2 7 0 2 7 1 2 4 0 2 7 1 2 7 0 2 7 1 2 4 0 2 4 17 9 2 0 2 7 1 2 4 8 9 2 0 2 7 1 2 7 0 2 7 0 2 4 17 18 2 5 30 3 1 2 7 1 2 7 1 2 7 0 2 7 0 2 7 0 2 7 0 2 7 0 2 10 0 2 4 13 6 3 17 9 2 1 2 7 0 2 7 1 2 7 17 18 2 1 2 7 12 16 2 0 2 4 0 40.6450196504592896
5 30 3 5 30 3 12 16 2 5 30 3 0 2 3 0 2 7 0 2 3 0 2 3 0 2 7 0 2 7 0 2 7 0 2 7 0 2 3 16 19 12 0 2 7 8 18 2 5 31 3 16 6 2 0 2 3 0 2 7 16 19 11 6 2 7 0 2 7 0 2 7 0 2 3 12 16 2 1 2 7 1 2 3 1 2 3 0 2 7 16 19 11 0 2 7 5 30 3 1 2 7 0 2 3 1 2 7 0 2 3 0 2 3 1 2 3 12 16 2 0 43.2287835478782654
5 31 3 5 31 3 12 16 2 5 31 3 1 2 7 0 2 7 0 2 7 0 2 7 1 2 4 1 2 7 0 2 7 1 2 7 0 2 7 16 19 13 0 2 7 16 6 2 5 30 3 16 6 2 0 2 7 0 2 7 16 19 13 0 2 7 0 2 7 6 2 7 0 2 7 0 2 7 0 2 7 0 2 7 0 2 7 1 2 7 0 2 7 6 2 7 0 2 7 0 2 7 5 31 3 17 9 2 0 2 7 12 16 2 0 2 7 0 2 7 0 41.6298596858978271
0 2 3 5 30 3 0 2 3 0 2 3 0 2 3 5 30 3 0 2 3 0 2 3 1 2 3 12 16 2 6 2 7 0 2 3 0 2 3 0 2 3 0 2 3 0 2 8 0 2 3 1 2 3 1 2 3 0 2 3 0 2 8 1 2 3 16 9 8 0 2 12 5 30 3 5 30 3 0 2 3 0 2 3 12 16 2 8 18 2 0 2 8 16 19 12 16 19 12 16 9 12 12 16 2 1 2 3 0 2 4 0 2 3 1 2 3 5 30 3 0 44.8420891165733337
16 6 2 8 18 2 0 2 8 12 16 2 0 2 8 5 30 3 5 30 3 0 2 8 0 2 8 0 2 8 0 2 8 5 30 3 1 2 8 5 30 3 16 19 12 6 2 8 5 30 3 0 2 8 0 2 8 1 2 8 0 2 8 0 2 8 12 16 2 17 18 2 0 2 8 16 19 12 0 2 8 0 2 8 13 6 3 1 2 8 8 9 2 8 18 2 8 18 2 5 30 3 0 2 8 0 2 8 1 2 8 0 2 8 0 2 8 0 2 8 0.000600884082830992162 45.3079637289047241
5 30 3 0 2 7 8 18 2 0 2 7 0 2 12 8 9 2 12 16 2 0 2 8 16 18 8 16 19 12 16 19 12 12 16 2 8 18 2 1 2 7 0 2 7 12 16 2 9 2 7 1 2 12 1 2 7 2 3 3 8 9 2 0 2 12 16 19 12 8 9 2 1 2 7 0 2 7 1 2 7 8 18 2 1 2 7 5 30 3 0 2 7 0 2 12 0 2 8 1 2 7 5 30 3 12 16 2 0 2 7 8 9 2 8 9 2 1 2 12 0.00730664492947931399 43.5719001293182373
5 31 3 16 19 11 5 30 3 5 30 3 0 2 7 0 2 7 5 30 3 12 16 2 0 2 7 16 6 2 12 16 2 0 2 8 0 2 7 0 2 7 0 2 8 0 2 7 0 2 8 1 2 7 0 2 8 0 2 8 8 9 2 1 2 7 16 19 11 0 2 8 0 2 3 0 2 8 0 2 8 0 2 11 1 2 7 0 2 11 0 2 7 0 2 8 0 2 8 16 19 11 5 30 3 17 18 2 0 2 11 0 2 7 1 2 7 0 2 8 0.000818312535510342417 44.0953962802886963
12 16 2 1 2 7 5 30 3 5 30 3 0 2 7 0 2 7 16 19 11 0 2 7 0 2 7 1 2 7 8 18 2 0 2 7 2 3 3 0 2 7 1 2 11 0 2 7 0 2 7 0 2 7 12 16 2 8 9 2 0 2 7 5 30 3 1 2 11 0 2 7 5 30 3 0 2 7 0 2 7 17 9 2 16 19 11 17 18 2 9 2 7 1 2 7 5 30 3 12 16 2 9 2 7 0 2 7 9 2 7 0 2 7 0 2 7 0 2 7 0 43.0484662055969238
5 30 3 5 31 3 0 2 7 0 2 7 0 2 7 0 2 7 0 2 7 1 2 7 0 2 3 5 30 3 5 30 3 0 2 3 12 16 2 0 2 3 8 9 2 0 2 3 8 18 2 0 2 8 0 2 8 0 2 8 1 2 7 6 2 7 16 19 13 0 2 10 0 2 7 5 30 3 1 2 7 1 2 7 1 2 7 1 2 7 16 31 2 0 2 4 1 2 3 16 15 2 1 2 7 0 2 8 12 16 2 5 30 3 12 16 2 17 9 2 0.0148283478188530084 42.9621089100837708
0 2 3 0 2 8 8 9 2 5 30 3 8 9 2 16 19 11 16 19 11 0 2 3 0 2 8 0 2 8 0 2 8 16 19 12 1 2 7 0 2 8 0 2 8 16 19 12 0 2 8 0 2 3 5 30 3 0 2 3 1 2 8 0 2 7 0 2 3 0 2 8 0 2 8 1 2 8 5 30 3 0 2 3 5 30 3 0 2 3 12 16 2 5 30 3 0 2 7 16 6 2 0 2 7 0 2 8 0 2 8 0 2 3 0 2 3 5 30 3 4.0965683927776512e-05 45.1602262258529663

Current Evaluation = 900(900)
Front Size = 10
5 31 3 5 31 3 12 16 2 12 16 2 0 2 7 1 2 7 1 2 7 0 2 7 0 2 7 0 2 7 6 2 7 13 6 3 1 2 7 0 2 7 1 2 7 17 9 2 0 2 7 0 2 7 1 2 7 0 2 7 17 18 2 5 30 3 1 2 7 1 2 7 1 2 7 0 2 7 0 2 7 0 2 7 0 2 7 0 2 7 0 2 7 13 6 3 17 9 2 1 2 7 1 2 4 1 2 4 17 18 2 0 2 7 12 16 2 0 2 7 0 40.2815956473350525
0 2 7 12 16 2 1 2 7 5 30 3 5 30 3 12 16 2 17 18 2 8 9 2 1 2 10 1 2 7 1 2 7 0 2 7 1 2 3 6 2 11 0 2 7 5 30 3 6 2 4 0 2 7 5 30 3 0 2 3 16 30 2 0 2 7 0 2 11 0 2 11 1 2 7 16 19 11 0 2 7 0 2 7 5 31 3 1 2 3 0 2 6 17 18 2 0 2 7 0 2 7 0 2 7 0 2 3 0 2 7 0 2 7 0 2 3 0 2 7 0 42.2960798144340515
0 2 3 5 30 3 0 2 3 0 2 3 0 2 3 5 30 3 0 2 3 0 2 3 1 2 3 12 16 2 6 2 7 0 2 3 0 2 3 0 2 3 0 2 3 0 2 8 0 2 3 1 2 3 1 2 3 0 2 3 0 2 8 1 2 3 16 9 8 0 2 12 5 30 3 5 30 3 0 2 3 0 2 3 12 16 2 8 18 2 0 2 8 16 19 12 16 19 12 16 9 12 12 16 2 1 2 3 0 2 4 0 2 3 1 2 3 5 30 3 0 44.8420891165733337
0 2 11 0 2 7 0 2 3 5 30 3 0 2 11 16 19 11 0 2 11 5 30 3 0 2 3 5 30 3 12 16 2 0 2 3 0 2 11 5 30 3 16 19 11 16 19 11 1 2 7 0 2 7 1 2 3 0 2 3 0 2 7 0 2 11 0 2 7 0 2 11 12 16 2 0 2 3 0 2 3 0 2 7 0 2 7 0 2 7 0 2 7 0 2 11 5 31 3 5 30 3 16 9 11 12 16 2 1 2 7 6 2 11 12 16 2 0 2 11 0 44.3798448443412781
16 6 2 8 18 2 0 2 8 12 16 2 0 2 8 5 30 3 5 30 3 0 2 8 0 2 8 0 2 8 0 2 8 5 30 3 1 2 8 5 30 3 16 19 12 6 2 8 5 30 3 0 2 8 0 2 8 1 2 8 0 2 8 0 2 8 12 16 2 17 18 2 0 2 8 16 19 12 0 2 8 0 2 8 13 6 3 1 2 8 8 9 2 8 18 2 8 18 2 5 30 3 0 2 8 0 2 8 1 2 8 0 2 8 0 2 8 0 2 8 0.000600884082830992162 45.3079637289047241
5 30 3 0 2 7 8 18 2 0 2 7 0 2 12 8 9 2 12 16 2 0 2 8 16 18 8 16 19 12 16 19 12 12 16 2 8 18 2 1 2 7 0 2 7 12 16 2 9 2 7 1 2 12 1 2 7 2 3 3 8 9 2 0 2 12 16 19 12 8 9 2 1 2 7 0 2 7 1 2 7 8 18 2 1 2 7 5 30 3 0 2 7 0 2 12 0 2 8 1 2 7 5 30 3 12 16 2 0 2 7 8 9 2 8 9 2 1 2 12 0.00730664492947931399 43.5719001293182373
8 18 2 12 16 2 5 30 3 12 16 2 17 18 2 5 30 3 5 30 3 13 6 3 0 2 8 0 2 8 0 2 4 0 2 7 17 9 2 16 19 12 1 2 7 1 2 4 1 2 7 16 31 2 1 2 7 0 2 7 0 2 8 0 2 8 1 2 7 0 2 7 5 30 3 0 2 8 0 2 4 0 2 7 1 2 11 1 2 8 0 2 7 0 2 4 1 2 11 0 2 8 0 2 8 0 2 8 0 2 7 16 19 12 6 2 8 0 2 8 0.00150566297532204975 42.7158591747283936
0 2 3 0 2 8 8 9 2 5 30 3 8 9 2 16 19 11 16 19 11 0 2 3 0 2 8 0 2 8 0 2 8 16 19 12 1 2 7 0 2 8 0 2 8 16 19 12 0 2 8 0 2 3 5 30 3 0 2 3 1 2 8 0 2 7 0 2 3 0 2 8 0 2 8 1 2 8 5 30 3 0 2 3 5 30 3 0 2 3 12 16 2 5 30 3 0 2 7 16 6 2 0 2 7 0 2 8 0 2 8 0 2 3 0 2 3 5 30 3 4.0965683927776512e-05 45.1602262258529663
16 6 2 12 16 2 5 30 3 5 30 3 5 30 3 12 16 2 17 18 2 0 2 7 5 31 3 0 2 7 6 2 7 0 2 8 0 2 7 0 2 7 5 31 3 0 2 7 16 19 12 0 2 7 0 2 7 0 2 8 0 2 8 1 2 8 0 2 7 0 2 7 0 2 8 0 2 7 0 2 7 1 2 7 5 31 3 1 2 8 8 9 2 0 2 7 8 18 2 5 30 3 0 2 7 0 2 7 1 2 8 0 2 8 0 2 7 0 2 8 0.0214820712118000863 43.8234218955039978
12 16 2 5 30 3 5 30 3 17 18 2 5 31 3 5 31 3 0 2 7 0 2 7 0 2 7 0 2 7 0 2 7 6 2 7 1 2 7 0 2 7 0 2 7 12 16 2 6 2 7 0 2 7 0 2 7 0 2 7 5 31 3 16 19 11 0 2 7 0 2 7 0 2 7 0 2 7 1 2 7 16 19 11 5 31 3 0 2 7 0 2 7 0 2 7 16 6 2 0 2 7 0 2 7 1 2 7 0 2 7 16 19 11 0 2 7 6 2 7 0 42.2263974547386169

Current Evaluation = 1350(1350)
Front Size = 10
5 31 3 5 31 3 12 16 2 12 16 2 0 2 7 1 2 7 1 2 7 0 2 7 0 2 7 0 2 7 6 2 7 13 6 3 1 2 7 0 2 7 1 2 7 17 9 2 0 2 7 0 2 7 1 2 7 0 2 7 17 18 2 5 30 3 1 2 7 1 2 7 1 2 7 0 2 7 0 2 7 0 2 7 0 2 7 0 2 7 0 2 7 13 6 3 17 9 2 1 2 7 1 2 4 1 2 4 17 18 2 0 2 7 12 16 2 0 2 7 0 40.2815956473350525
12 16 2 5 30 3 0 2 7 0 2 7 0 2 7 0 2 7 16 6 2 16 6 2 5 31 3 1 2 11 5 31 3 17 18 2 5 30 3 0 2 3 0 2 7 1 2 3 6 2 7 0 2 7 1 2 11 16 6 2 12 16 2 0 2 7 0 2 7 6 2 11 5 30 3 8 9 2 0 2 7 6 2 8 0 2 11 0 2 11 0 2 8 0 2 3 6 2 3 5 30 3 0 2 3 0 2 3 0 2 7 0 2 11 0 2 7 0 2 11 0 42.7992278933525085
5 30 3 5 31 3 5 30 3 0 2 7 0 2 7 0 2 7 0 2 7 0 2 7 0 2 7 17 9 2 0 2 7 12 16 2 0 2 7 0 2 7 16 6 2 5 31 3 0 2 7 1 2 7 0 2 7 5 30 3 16 19 11 0 2 7 0 2 7 6 2 7 1 2 11 0 2 7 0 2 7 5 31 3 17 1 2 6 2 7 0 2 7 0 2 7 0 2 7 16 6 2 0 2 7 0 2 7 0 2 7 1 2 7 12 16 2 0 2 7 0 41.6497724056243896
16 6 2 8 18 2 0 2 8 12 16 2 0 2 8 5 30 3 5 30 3 0 2 8 0 2 8 0 2 8 0 2 8 5 30 3 1 2 8 5 30 3 16 19 12 6 2 8 5 30 3 0 2 8 0 2 8 1 2 8 0 2 8 0 2 8 12 16 2 17 18 2 0 2 8 16 19 12 0 2 8 0 2 8 13 6 3 1 2 8 8 9 2 8 18 2 8 18 2 5 30 3 0 2 8 0 2 8 1 2 8 0 2 8 0 2 8 0 2 8 0.000600884082830992162 45.3079637289047241
1 2 7 1 2 7 0 2 3 12 16 2 0 2 7 1 2 7 0 2 3 0 2 7 5 31 3 0 2 3 12 16 2 13 6 3 0 2 3 17 18 2 0 2 3 0 2 7 0 2 7 1 2 3 0 2 7 5 30 3 0 2 7 1 2 7 0 2 3 0 2 7 0 2 3 12 16 2 0 2 7 1 2 3 16 18 11 0 2 7 16 18 11 12 16 2 1 2 3 5 30 3 16 6 2 1 2 3 0 2 7 1 2 3 0 2 7 1 2 3 0 42.1271777153015137
12 16 2 5 30 3 0 2 11 0 2 7 0 2 7 6 2 7 5 31 3 0 2 11 5 30 3 0 2 11 0 2 11 0 2 11 12 16 2 0 2 11 5 30 3 0 2 11 0 2 7 5 30 3 0 2 7 0 2 11 12 16 2 12 16 2 0 2 7 17 9 2 0 2 7 16 19 11 6 2 11 16 9 11 0 2 11 0 2 7 8 9 2 0 2 7 1 2 3 0 2 11 0 2 11 0 2 7 16 19 11 6 2 7 5 30 3 0 2 11 0 44.0220251679420471
12 16 2 5 30 3 1 2 11 0 2 3 1 2 7 0 2 7 5 31 3 1 2 7 5 30 3 0 2 3 0 2 6 0 2 7 12 16 2 1 2 4 0 2 7 1 2 3 0 2 7 5 30 3 0 2 7 0 2 7 16 31 2 1 2 7 16 9 11 17 18 2 0 2 7 0 2 4 1 2 7 0 2 4 0 2 7 0 2 7 17 9 2 1 2 7 0 2 4 1 2 7 1 2 7 0 2 7 0 2 3 0 2 11 0 2 7 0 2 7 0 41.7210916876792908
0 2 3 5 30 3 0 2 3 0 2 3 0 2 3 5 30 3 0 2 3 0 2 3 1 2 3 12 16 2 6 2 7 0 2 3 0 2 3 0 2 3 0 2 3 0 2 8 0 2 3 1 2 3 1 2 3 0 2 3 0 2 8 1 2 3 16 9 8 0 2 12 5 30 3 5 30 3 0 2 3 0 2 3 12 16 2 8 18 2 0 2 8 16 19 12 16 19 12 16 9 12 12 16 2 1 2 3 0 2 4 0 2 3 1 2 3 5 30 3 0 44.8420891165733337
5 30 3 8 18 2 12 16 2 0 2 8 12 16 2 5 30 3 5 30 3 1 2 11 0 2 7 5 30 3 5 31 3 16 19 11 0 2 7 0 2 3 0 2 7 0 2 8 0 2 8 16 18 8 6 2 12 0 2 3 0 2 8 0 2 7 16 19 11 0 2 8 5 30 3 0 2 8 16 19 11 0 2 8 0 2 3 1 2 7 0 2 7 12 16 2 0 2 7 0 2 8 0 2 3 0 2 8 0 2 3 0 2 8 0 2 7 0 2 3 0 45.1686519384384155
8 18 2 12 16 2 5 30 3 12 16 2 17 18 2 5 30 3 5 30 3 13 6 3 0 2 8 0 2 8 0 2 4 0 2 7 17 9 2 16 19 12 1 2 7 1 2 4 1 2 7 16 31 2 1 2 7 0 2 7 0 2 8 0 2 8 1 2 7 0 2 7 5 30 3 0 2 8 0 2 4 0 2 7 1 2 11 1 2 8 0 2 7 0 2 4 1 2 11 0 2 8 0 2 8 0 2 8 0 2 7 16 19 12 6 2 8 0 2 8 0.00150566297532204975 42.7158591747283936

Current Evaluation = 1800(1800)
Front Size = 10
5 31 3 5 31 3 12 16 2 12 16 2 0 2 7 1 2 7 1 2 7 0 2 7 0 2 7 0 2 7 6 2 7 13 6 3 1 2 7 0 2 7 1 2 7 17 9 2 0 2 7 0 2 7 1 2 7 0 2 7 17 18 2 5 30 3 1 2 7 1 2 7 1 2 7 0 2 7 0 2 7 0 2 7 0 2 7 0 2 7 0 2 7 13 6 3 17 9 2 1 2 7 1 2 4 1 2 4 17 18 2 0 2 7 12 16 2 0 2 7 0 40.2815956473350525
0 2 3 5 30 3 0 2 3 0 2 3 0 2 3 5 30 3 0 2 3 0 2 3 1 2 3 12 16 2 6 2 7 0 2 3 0 2 3 0 2 3 0 2 3 0 2 8 0 2 3 1 2 3 1 2 3 0 2 3 0 2 8 1 2 3 16 9 8 0 2 12 5 30 3 5 30 3 0 2 3 0 2 3 12 16 2 8 18 2 0 2 8 16 19 12 16 19 12 16 9 12 12 16 2 1 2 3 0 2 4 0 2 3 1 2 3 5 30 3 0 44.8420891165733337
12 16 2 5 30 3 0 2 7 0 2 7 0 2 7 0 2 7 16 6 2 16 6 2 5 31 3 1 2 11 5 31 3 17 18 2 5 30 3 0 2 3 0 2 7 1 2 3 6 2 7 0 2 7 1 2 11 16 6 2 12 16 2 0 2 7 0 2 7 6 2 11 5 30 3 8 9 2 0 2 7 6 2 8 0 2 11 0 2 11 0 2 8 0 2 3 6 2 3 5 30 3 0 2 3 0 2 3 0 2 7 0 2 11 0 2 7 0 2 11 0 42.7992278933525085
16 6 2 8 18 2 0 2 8 12 16 2 0 2 8 5 30 3 5 30 3 0 2 8 0 2 8 0 2 8 0 2 8 5 30 3 1 2 8 5 30 3 16 19 12 6 2 8 5 30 3 0 2 8 0 2 8 1 2 8 0 2 8 0 2 8 12 16 2 17 18 2 0 2 8 16 19 12 0 2 8 0 2 8 13 6 3 1 2 8 8 9 2 8 18 2 8 18 2 5 30 3 0 2 8 0 2 8 1 2 8 0 2 8 0 2 8 0 2 8 0.000600884082830992162 45.3079637289047241
5 30 3 5 30 3 12 16 2 12 16 2 0 2 1 1 2 7 0 2 7 0 2 7 0 2 7 0 2 7 1 2 3 0 2 7 1 2 7 17 9 2 5 30 3 0 2 7 0 2 4 1 2 7 0 2 7 1 2 7 0 2 4 1 2 7 0 2 3 8 18 2 1 2 7 0 2 3 0 2 7 0 2 7 1 2 7 0 2 7 1 2 7 17 9 2 5 30 3 0 2 7 16 31 2 1 2 7 0 2 4 0 2 7 16 31 2 0 2 7 0 41.2635506391525269
16 6 2 12 16 2 5 30 3 5 30 3 12 16 2 17 18 2 13 6 3 1 2 11 0 2 7 16 19 11 6 2 7 0 2 7 0 2 7 12 16 2 5 30 3 0 2 7 5 30 3 16 19 11 0 2 7 5 30 3 0 2 7 0 2 7 12 16 2 0 2 7 0 2 10 0 2 7 0 2 7 0 2 7 0 2 7 0 2 7 8 9 2 12 16 2 8 18 2 0 2 7 0 2 7 1 2 7 15 2 1 0 2 7 12 16 2 0 2 7 0 42.4989541172981262
16 6 2 8 18 2 0 2 7 12 16 2 0 2 7 12 16 2 5 30 3 12 16 2 1 2 7 0 2 3 0 2 7 5 30 3 1 2 3 1 2 11 17 9 2 0 2 3 5 31 3 0 2 7 0 2 7 1 2 3 1 2 11 0 2 3 12 16 2 16 6 2 0 2 7 16 18 11 0 2 7 0 2 3 1 2 7 0 2 7 1 2 11 8 18 2 0 2 7 0 2 3 1 2 4 0 2 7 0 2 7 0 2 4 0 2 7 1 2 7 0 42.0540094971656799
0 2 7 5 30 3 1 2 3 0 2 7 0 2 7 5 30 3 0 2 3 1 2 7 12 16 2 1 2 3 12 16 2 8 18 2 12 16 2 0 2 3 0 2 3 0 2 3 0 2 7 0 2 7 0 2 7 16 6 2 0 2 7 0 2 3 1 2 7 0 2 3 1 2 3 0 2 3 16 9 8 8 9 2 5 30 3 1 2 7 0 2 3 0 2 3 0 2 7 16 19 12 1 2 3 0 2 3 16 6 2 0 2 3 1 2 3 5 30 3 0 42.9383866786956787
5 30 3 8 18 2 12 16 2 0 2 8 12 16 2 5 30 3 5 30 3 1 2 11 0 2 7 5 30 3 5 31 3 16 19 11 0 2 7 0 2 3 0 2 7 0 2 8 0 2 8 16 18 8 6 2 12 0 2 3 0 2 8 0 2 7 16 19 11 0 2 8 5 30 3 0 2 8 16 19 11 0 2 8 0 2 3 1 2 7 0 2 7 12 16 2 0 2 7 0 2 8 0 2 3 0 2 8 0 2 3 0 2 8 0 2 7 0 2 3 0 45.1686519384384155
12 16 2 5 30 3 0 2 11 0 2 7 0 2 7 6 2 7 5 31 3 0 2 11 5 30 3 0 2 11 0 2 11 0 2 11 12 16 2 0 2 11 5 30 3 0 2 11 0 2 7 5 30 3 0 2 7 0 2 11 12 16 2 12 16 2 0 2 7 17 9 2 0 2 7 16 19 11 6 2 11 16 9 11 0 2 11 0 2 7 8 9 2 0 2 7 1 2 3 0 2 11 0 2 11 0 2 7 16 19 11 6 2 7 5 30 3 0 2 11 0 44.0220251679420471

Current Evaluation = 2250(2250)
Front Size = 10
5 31 3 5 31 3 12 16 2 12 16 2 0 2 7 1 2 7 1 2 7 0 2 7 0 2 7 0 2 7 6 2 7 13 6 3 1 2 7 0 2 7 1 2 7 17 9 2 0 2 7 0 2 7 1 2 7 0 2 7 17 18 2 5 30 3 1 2 7 1 2 7 1 2 7 0 2 7 0 2 7 0 2 7 0 2 7 0 2 7 0 2 7 13 6 3 17 9 2 1 2 7 1 2 4 1 2 4 17 18 2 0 2 7 12 16 2 0 2 7 0 40.2815956473350525
16 6 2 0 2 7 12 16 2 0 2 7 12 16 2 1 2 7 5 30 3 17 18 2 5 31 3 5 30 3 1 2 3 0 2 7 0 2 4 0 2 7 1 2 7 0 2 3 0 2 7 0 2 11 0 2 3 0 2 3 0 2 4 8 9 2 12 16 2 5 30 3 0 2 7 0 2 7 17 18 2 1 2 11 1 2 7 12 16 2 0 2 7 1 2 7 16 30 2 13 6 3 0 2 7 0 2 3 0 2 7 1 2 1 6 2 7 0 2 4 0 41.6486507058143616
5 30 3 5 30 3 12 16 2 12 16 2 0 2 1 1 2 7 0 2 7 0 2 7 0 2 7 0 2 7 1 2 3 0 2 7 1 2 7 17 9 2 5 30 3 0 2 7 0 2 4 1 2 7 0 2 7 1 2 7 0 2 4 1 2 7 0 2 3 8 18 2 1 2 7 0 2 3 0 2 7 0 2 7 1 2 7 0 2 7 1 2 7 17 9 2 5 30 3 0 2 7 16 31 2 1 2 7 0 2 4 0 2 7 16 31 2 0 2 7 0 41.2635506391525269
5 30 3 5 30 3 0 2 3 12 16 2 0 2 3 5 30 3 5 31 3 12 16 2 12 16 2 5 30 3 0 2 3 0 2 3 1 2 7 1 2 7 0 2 7 0 2 3 0 2 3 1 2 3 1 2 7 0 2 7 0 2 3 1 2 7 1 2 7 0 2 3 0 2 7 0 2 3 16 18 11 16 9 8 0 2 7 0 2 7 0 2 3 0 2 7 0 2 7 16 9 8 0 2 3 16 18 11 1 2 7 1 2 3 0 2 7 0 2 3 0 43.4118036031723022
12 16 2 5 30 3 0 2 11 0 2 7 0 2 7 6 2 7 5 31 3 0 2 11 5 30 3 0 2 11 0 2 11 0 2 11 12 16 2 0 2 11 5 30 3 0 2 11 0 2 7 5 30 3 0 2 7 0 2 11 12 16 2 12 16 2 0 2 7 17 9 2 0 2 7 16 19 11 6 2 11 16 9 11 0 2 11 0 2 7 8 9 2 0 2 7 1 2 3 0 2 11 0 2 11 0 2 7 16 19 11 6 2 7 5 30 3 0 2 11 0 44.0220251679420471
0 2 7 5 31 3 0 2 7 5 30 3 12 16 2 5 31 3 5 30 3 12 16 2 0 2 7 0 2 7 0 2 7 0 2 7 0 2 7 0 2 7 0 2 7 1 2 7 1 2 7 16 19 11 0 2 7 6 2 7 16 6 2 16 6 2 5 30 3 0 2 7 0 2 7 17 9 2 1 2 11 5 31 3 0 2 7 0 2 7 0 2 7 0 2 7 0 2 7 0 2 7 0 2 7 17 1 2 0 2 7 0 2 7 6 2 7 0 2 7 0 41.6497724056243896
12 16 2 5 30 3 0 2 7 0 2 7 1 2 3 0 2 7 0 2 7 0 2 7 5 31 3 0 2 7 0 2 7 12 16 2 5 30 3 0 2 11 5 30 3 1 2 7 1 2 7 1 2 3 1 2 3 0 2 7 0 2 3 0 2 7 6 2 7 0 2 7 8 18 2 0 2 7 0 2 7 0 2 7 12 16 2 0 2 7 17 9 2 0 2 3 16 6 2 8 18 2 5 30 3 0 2 7 0 2 7 16 30 2 1 2 10 1 2 7 0 42.0288926959037781
16 6 2 8 18 2 0 2 8 12 16 2 0 2 8 5 30 3 5 30 3 0 2 8 0 2 8 0 2 8 0 2 8 5 30 3 1 2 8 5 30 3 16 19 12 6 2 8 5 30 3 0 2 8 0 2 8 1 2 8 0 2 8 0 2 8 12 16 2 17 18 2 0 2 8 16 19 12 0 2 8 0 2 8 13 6 3 1 2 8 8 9 2 8 18 2 8 18 2 5 30 3 0 2 8 0 2 8 1 2 8 0 2 8 0 2 8 0 2 8 0.000600884082830992162 45.3079637289047241
12 16 2 5 30 3 0 2 7 0 2 7 0 2 7 0 2 7 16 6 2 16 6 2 5 31 3 1 2 11 5 31 3 17 18 2 5 30 3 0 2 3 0 2 7 1 2 3 6 2 7 0 2 7 1 2 11 16 6 2 12 16 2 0 2 7 0 2 7 6 2 11 5 30 3 8 9 2 0 2 7 6 2 8 0 2 11 0 2 11 0 2 8 0 2 3 6 2 3 5 30 3 0 2 3 0 2 3 0 2 7 0 2 11 0 2 7 0 2 11 0 42.7992278933525085
0 2 3 5 30 3 0 2 3 0 2 3 0 2 3 5 30 3 0 2 3 0 2 3 1 2 3 12 16 2 6 2 7 0 2 3 0 2 3 0 2 3 0 2 3 0 2 8 0 2 3 1 2 3 1 2 3 0 2 3 0 2 8 1 2 3 16 9 8 0 2 12 5 30 3 5 30 3 0 2 3 0 2 3 12 16 2 8 18 2 0 2 8 16 19 12 16 19 12 16 9 12 12 16 2 1 2 3 0 2 4 0 2 3 1 2 3 5 30 3 0 44.8420891165733337

Current Evaluation = 2700(2700)
Front Size = 10
5 31 3 5 31 3 12 16 2 12 16 2 0 2 7 1 2 7 1 2 7 0 2 7 0 2 7 0 2 7 6 2 7 13 6 3 1 2 7 0 2 7 1 2 7 17 9 2 0 2 7 0 2 7 1 2 7 0 2 7 17 18 2 5 30 3 1 2 7 1 2 7 1 2 7 0 2 7 0 2 7 0 2 7 0 2 7 0 2 7 0 2 7 13 6 3 17 9 2 1 2 7 1 2 4 1 2 4 17 18 2 0 2 7 12 16 2 0 2 7 0 40.2815956473350525
12 16 2 5 30 3 0 2 7 0 2 7 0 2 7 0 2 7 16 6 2 16 6 2 5 31 3 1 2 11 5 31 3 17 18 2 5 30 3 0 2 3 0 2 7 1 2 3 6 2 7 0 2 7 1 2 11 16 6 2 12 16 2 0 2 7 0 2 7 6 2 11 5 30 3 8 9 2 0 2 7 6 2 8 0 2 11 0 2 11 0 2 8 0 2 3 6 2 3 5 30 3 0 2 3 0 2 3 0 2 7 0 2 11 0 2 7 0 2 11 0 42.7992278933525085
5 30 3 5 30 3 0 2 3 12 16 2 0 2 3 5 30 3 5 31 3 12 16 2 12 16 2 5 30 3 0 2 3 0 2 3 1 2 7 1 2 7 0 2 7 0 2 3 0 2 3 1 2 3 1 2 7 0 2 7 0 2 3 1 2 7 1 2 7 0 2 3 0 2 7 0 2 3 16 18 11 16 9 8 0 2 7 0 2 7 0 2 3 0 2 7 0 2 7 16 9 8 0 2 3 16 18 11 1 2 7 1 2 3 0 2 7 0 2 3 0 43.4118036031723022
0 2 7 5 31 3 0 2 7 5 30 3 12 16 2 5 31 3 5 30 3 12 16 2 0 2 7 0 2 7 0 2 7 0 2 7 0 2 7 0 2 7 0 2 7 1 2 7 1 2 7 16 19 11 0 2 7 6 2 7 16 6 2 16 6 2 5 30 3 0 2 7 0 2 7 17 9 2 1 2 11 5 31 3 0 2 7 0 2 7 0 2 7 0 2 7 0 2 7 0 2 7 0 2 7 17 1 2 0 2 7 0 2 7 6 2 7 0 2 7 0 41.6497724056243896
12 16 2 5 30 3 0 2 11 0 2 7 0 2 7 6 2 7 5 31 3 0 2 11 5 30 3 0 2 11 0 2 11 0 2 11 12 16 2 0 2 11 5 30 3 0 2 11 0 2 7 5 30 3 0 2 7 0 2 11 12 16 2 12 16 2 0 2 7 17 9 2 0 2 7 16 19 11 6 2 11 16 9 11 0 2 11 0 2 7 8 9 2 0 2 7 1 2 3 0 2 11 0 2 11 0 2 7 16 19 11 6 2 7 5 30 3 0 2 11 0 44.0220251679420471
16 6 2 8 18 2 0 2 8 12 16 2 0 2 8 5 30 3 5 30 3 0 2 8 0 2 8 0 2 8 0 2 8 5 30 3 1 2 8 5 30 3 16 19 12 6 2 8 5 30 3 0 2 8 0 2 8 1 2 8 0 2 8 0 2 8 12 16 2 17 18 2 0 2 8 16 19 12 0 2 8 0 2 8 13 6 3 1 2 8 8 9 2 8 18 2 8 18 2 5 30 3 0 2 8 0 2 8 1 2 8 0 2 8 0 2 8 0 2 8 0.000600884082830992162 45.3079637289047241
5 30 3 5 30 3 12 16 2 12 16 2 0 2 4 0 2 11 0 2 4 0 2 7 1 2 7 0 2 3 1 2 7 1 2 7 1 2 3 17 9 2 5 31 3 0 2 7 0 2 7 1 2 7 0 2 7 1 2 3 0 2 4 0 2 3 1 2 7 8 18 2 1 2 7 0 2 7 0 2 7 1 2 7 1 2 3 0 2 7 1 2 7 17 9 2 0 2 3 0 2 7 16 6 2 1 2 7 0 2 7 0 2 7 16 31 2 0 2 7 0 41.1717808246612549
5 31 3 5 30 3 0 2 7 12 16 2 0 2 4 5 30 3 12 16 2 12 16 2 1 2 4 1 2 7 0 2 7 0 2 4 0 2 7 0 2 7 1 2 10 12 16 2 0 2 7 0 2 7 1 2 4 1 2 4 17 18 2 1 2 11 17 18 2 0 2 7 0 2 7 0 2 7 8 18 2 0 2 7 0 2 7 0 2 4 1 2 4 0 2 7 1 2 7 12 16 2 13 6 3 16 9 11 1 2 7 0 2 11 0 2 7 17 18 2 0 41.3483455777168274
5 30 3 5 30 3 12 16 2 12 16 2 0 2 7 1 2 3 0 2 7 1 2 7 1 2 4 0 2 7 5 31 3 0 2 7 0 2 3 0 2 7 0 2 7 0 2 7 0 2 7 0 2 3 1 2 7 0 2 7 0 2 7 0 2 7 0 2 3 0 2 7 0 2 7 6 2 7 16 9 11 1 2 7 0 2 3 5 30 3 16 19 11 0 2 7 16 19 11 17 18 2 0 2 3 1 2 3 0 2 7 5 30 3 15 2 11 0 2 7 0 42.6837354898452759
12 16 2 0 2 7 12 16 2 0 2 7 5 30 3 0 2 7 1 2 7 0 2 11 1 2 7 0 2 7 0 2 7 0 2 7 17 18 2 8 9 2 5 30 3 1 2 11 0 2 4 0 2 7 0 2 7 12 16 2 5 30 3 5 30 3 16 19 11 0 2 7 17 18 2 16 19 11 0 2 7 8 9 2 1 2 7 0 2 7 0 2 7 1 2 7 0 2 7 1 2 11 12 16 2 0 2 4 0 2 7 0 2 7 1 2 4 8 9 2 0 42.2830042839050293

Current Evaluation = 3150(3150)
Front Size = 10
5 31 3 5 31 3 12 16 2 12 16 2 0 2 7 1 2 7 1 2 7 0 2 7 0 2 7 0 2 7 6 2 7 13 6 3 1 2 7 0 2 7 1 2 7 17 9 2 0 2 7 0 2 7 1 2 7 0 2 7 17 18 2 5 30 3 1 2 7 1 2 7 1 2 7 0 2 7 0 2 7 0 2 7 0 2 7 0 2 7 0 2 7 13 6 3 17 9 2 1 2 7 1 2 4 1 2 4 17 18 2 0 2 7 12 16 2 0 2 7 0 40.2815956473350525
12 16 2 5 31 3 0 2 7 1 2 7 0 2 7 0 2 7 16 6 2 16 6 2 5 31 3 1 2 7 5 31 3 5 31 3 6 2 7 1 2 7 0 2 7 12 16 2 0 2 7 0 2 7 5 31 3 0 2 7 0 2 4 0 2 7 17 18 2 1 2 7 0 2 7 0 2 7 16 6 2 1 2 7 16 6 2 0 2 7 1 2 7 0 2 7 0 2 7 0 2 7 0 2 7 1 2 7 0 2 7 0 2 4 0 2 7 0 2 7 0 40.9047936797142029
5 30 3 5 30 3 0 2 7 12 16 2 5 30 3 12 16 2 8 9 2 1 2 7 0 2 7 0 2 7 16 20 12 8 18 2 1 2 7 0 2 7 1 2 4 0 2 4 0 2 7 0 2 7 0 2 7 5 30 3 12 16 2 0 2 7 1 2 11 0 2 7 0 2 7 12 16 2 1 2 7 0 2 11 8 9 2 8 18 2 0 2 7 0 2 7 1 2 11 0 2 7 12 16 2 0 2 11 17 18 2 0 2 11 16 15 2 17 18 2 0 42.2778735160827637
12 16 2 5 30 3 0 2 7 0 2 7 0 2 7 0 2 7 16 6 2 16 6 2 5 31 3 1 2 11 5 31 3 17 18 2 5 30 3 0 2 3 0 2 7 1 2 3 6 2 7 0 2 7 1 2 11 16 6 2 12 16 2 0 2 7 0 2 7 6 2 11 5 30 3 8 9 2 0 2 7 6 2 8 0 2 11 0 2 11 0 2 8 0 2 3 6 2 3 5 30 3 0 2 3 0 2 3 0 2 7 0 2 11 0 2 7 0 2 11 0 42.7992278933525085
16 6 2 8 18 2 0 2 8 12 16 2 0 2 8 5 30 3 5 30 3 0 2 8 0 2 8 0 2 8 0 2 8 5 30 3 1 2 8 5 30 3 16 19 12 6 2 8 5 30 3 0 2 8 0 2 8 1 2 8 0 2 8 0 2 8 12 16 2 17 18 2 0 2 8 16 19 12 0 2 8 0 2 8 13 6 3 1 2 8 8 9 2 8 18 2 8 18 2 5 30 3 0 2 8 0 2 8 1 2 8 0 2 8 0 2 8 0 2 8 0.000600884082830992162 45.3079637289047241
5 30 3 5 30 3 0 2 3 12 16 2 0 2 3 5 30 3 5 31 3 12 16 2 12 16 2 5 30 3 0 2 3 0 2 3 1 2 7 1 2 7 0 2 7 0 2 3 0 2 3 1 2 3 1 2 7 0 2 7 0 2 3 1 2 7 1 2 7 0 2 3 0 2 7 0 2 3 16 18 11 16 9 8 0 2 7 0 2 7 0 2 3 0 2 7 0 2 7 16 9 8 0 2 3 16 18 11 1 2 7 1 2 3 0 2 7 0 2 3 0 43.4118036031723022
12 16 2 5 31 3 0 2 7 0 2 7 0 2 3 1 2 7 0 2 7 12 16 2 0 2 7 0 2 7 1 2 7 0 2 4 17 18 2 0 2 3 0 2 7 0 2 4 0 2 3 5 30 3 13 6 3 1 2 7 5 30 3 1 2 7 1 2 7 1 2 3 1 2 3 1 2 7 0 2 7 15 2 11 12 16 2 6 2 7 0 2 4 1 2 3 0 2 4 16 6 2 0 2 7 0 2 7 0 2 4 17 18 2 1 2 4 17 9 2 0 41.0105137228965759
12 16 2 5 30 3 0 2 7 0 2 7 0 2 7 0 2 7 5 31 3 5 30 3 17 18 2 0 2 7 1 2 7 0 2 7 12 16 2 0 2 7 0 2 7 0 2 7 0 2 7 0 2 7 16 6 2 13 6 3 1 2 7 1 2 7 1 2 7 0 2 3 0 2 7 16 6 2 1 2 3 0 2 3 8 9 2 1 2 11 0 2 3 1 2 7 0 2 7 0 2 7 17 9 2 5 30 3 1 2 3 0 2 7 1 2 3 0 2 7 0 41.2069865465164185
0 2 7 5 31 3 0 2 7 5 30 3 12 16 2 5 31 3 5 30 3 12 16 2 0 2 7 0 2 7 0 2 7 0 2 7 0 2 7 0 2 7 0 2 7 1 2 7 1 2 7 16 19 11 0 2 7 6 2 7 16 6 2 16 6 2 5 30 3 0 2 7 0 2 7 17 9 2 1 2 11 5 31 3 0 2 7 0 2 7 0 2 7 0 2 7 0 2 7 0 2 7 0 2 7 17 1 2 0 2 7 0 2 7 6 2 7 0 2 7 0 41.6497724056243896
12 16 2 5 31 3 0 2 7 1 2 7 0 2 7 0 2 7 16 6 2 1 2 7 1 2 7 0 2 7 12 16 2 0 2 7 0 2 7 0 2 7 0 2 4 0 2 7 1 2 7 0 2 7 0 2 7 1 2 7 0 2 7 1 2 7 1 2 7 0 2 4 17 9 2 0 2 3 0 2 3 17 9 2 6 2 7 5 31 3 17 18 2 5 30 3 1 2 3 0 2 7 1 2 7 0 2 3 16 31 2 0 2 3 0 2 4 0 2 7 0.00431287251602702464 41.0340507626533508

Current Evaluation = 3600(3600)
Front Size = 10
5 31 3 5 31 3 12 16 2 12 16 2 0 2 7 1 2 7 1 2 7 0 2 7 0 2 7 0 2 7 6 2 7 13 6 3 1 2 7 0 2 7 1 2 7 17 9 2 0 2 7 0 2 7 1 2 7 0 2 7 17 18 2 5 30 3 1 2 7 1 2 7 1 2 7 0 2 7 0 2 7 0 2 7 0 2 7 0 2 7 0 2 7 13 6 3 17 9 2 1 2 7 1 2 4 1 2 4 17 18 2 0 2 7 12 16 2 0 2 7 0 40.2815956473350525
16 6 2 8 18 2 0 2 8 12 16 2 0 2 8 5 30 3 5 30 3 0 2 8 0 2 8 0 2 8 0 2 8 5 30 3 1 2 8 5 30 3 16 19 12 6 2 8 5 30 3 0 2 8 0 2 8 1 2 8 0 2 8 0 2 8 12 16 2 17 18 2 0 2 8 16 19 12 0 2 8 0 2 8 13 6 3 1 2 8 8 9 2 8 18 2 8 18 2 5 30 3 0 2 8 0 2 8 1 2 8 0 2 8 0 2 8 0 2 8 0.000600884082830992162 45.3079637289047241
12 16 2 5 30 3 0 2 7 0 2 7 0 2 7 0 2 7 16 6 2 16 6 2 5 31 3 1 2 11 5 31 3 17 18 2 5 30 3 0 2 3 0 2 7 1 2 3 6 2 7 0 2 7 1 2 11 16 6 2 12 16 2 0 2 7 0 2 7 6 2 11 5 30 3 8 9 2 0 2 7 6 2 8 0 2 11 0 2 11 0 2 8 0 2 3 6 2 3 5 30 3 0 2 3 0 2 3 0 2 7 0 2 11 0 2 7 0 2 11 0 42.7992278933525085
12 16 2 5 31 3 0 2 7 0 2 7 0 2 3 1 2 7 0 2 7 12 16 2 0 2 7 0 2 7 1 2 7 0 2 4 17 18 2 0 2 3 0 2 7 0 2 4 0 2 3 5 30 3 13 6 3 1 2 7 5 30 3 1 2 7 1 2 7 1 2 3 1 2 3 1 2 7 0 2 7 15 2 11 12 16 2 6 2 7 0 2 4 1 2 3 0 2 4 16 6 2 0 2 7 0 2 7 0 2 4 17 18 2 1 2 4 17 9 2 0 41.0105137228965759
12 16 2 5 30 3 12 16 2 17 18 2 13 6 3 0 2 7 1 2 7 13 6 3 0 2 8 5 30 3 0 2 8 17 9 2 0 2 8 1 2 7 1 2 7 1 2 7 1 2 7 0 2 7 6 2 8 5 30 3 0 2 8 0 2 8 0 2 7 0 2 7 0 2 8 0 2 8 16 19 12 0 2 8 0 2 8 1 2 4 8 9 2 17 18 2 8 18 2 5 31 3 0 2 8 0 2 7 1 2 8 0 2 7 0 2 8 0 2 8 0.00070405142261887601 42.9671355485916138
0 2 7 5 31 3 0 2 7 5 30 3 12 16 2 5 31 3 5 31 3 12 16 2 0 2 7 6 2 11 0 2 7 0 2 7 0 2 7 0 2 7 6 2 7 1 2 7 0 2 7 16 6 2 16 6 2 5 31 3 0 2 7 1 2 7 1 2 7 0 2 7 6 2 7 17 9 2 16 6 2 5 31 3 0 2 7 0 2 7 0 2 7 16 6 2 0 2 7 1 2 11 0 2 7 0 2 7 0 2 7 0 2 7 0 2 7 0 2 7 0 41.3577746152877808
12 16 2 5 30 3 0 2 7 0 2 7 0 2 7 0 2 7 1 2 7 12 16 2 12 16 2 0 2 7 6 2 3 0 2 7 0 2 7 0 2 7 5 30 3 0 2 3 5 30 3 1 2 7 0 2 3 5 31 3 8 9 2 0 2 7 8 9 2 12 16 2 0 2 3 0 2 3 0 2 7 0 2 7 5 30 3 0 2 7 16 19 11 1 2 7 16 6 2 1 2 7 0 2 3 16 19 11 6 2 3 0 2 3 0 2 7 16 6 2 0 42.6974292993545532
5 30 3 5 30 3 0 2 7 12 16 2 12 16 2 0 2 7 1 2 7 1 2 7 1 2 7 0 2 7 0 2 11 0 2 7 0 2 7 0 2 7 0 2 4 12 16 2 1 2 7 0 2 7 0 2 1 17 18 2 17 18 2 1 2 7 0 2 4 16 19 11 8 18 2 5 30 3 1 2 7 0 2 7 12 16 2 16 6 2 8 18 2 8 18 2 0 2 3 0 2 10 5 30 3 0 2 7 0 2 3 0 2 11 1 2 7 0 2 4 0 42.266554594039917
5 30 3 5 30 3 0 2 3 12 16 2 0 2 3 5 30 3 5 31 3 12 16 2 12 16 2 5 30 3 0 2 3 0 2 3 1 2 7 1 2 7 0 2 7 0 2 3 0 2 3 1 2 3 1 2 7 0 2 7 0 2 3 1 2 7 1 2 7 0 2 3 0 2 7 0 2 3 16 18 11 16 9 8 0 2 7 0 2 7 0 2 3 0 2 7 0 2 7 16 9 8 0 2 3 16 18 11 1 2 7 1 2 3 0 2 7 0 2 3 0 43.4118036031723022
5 31 3 0 2 7 12 16 2 12 16 2 1 2 11 0 2 4 0 2 7 1 2 7 0 2 7 1 2 4 0 2 7 0 2 7 0 2 7 12 16 2 1 2 7 0 2 7 0 2 4 1 2 7 0 2 4 0 2 7 0 2 7 17 18 2 17 18 2 5 30 3 5 30 3 1 2 4 8 9 2 8 18 2 0 2 7 1 2 7 0 2 7 12 16 2 1 2 7 1 2 7 17 18 2 0 2 7 12 16 2 0 2 4 13 6 3 16 6 2 0 40.9967814683914185

Current Evaluation = 4050(4050)
Front Size = 10
5 31 3 5 31 3 12 16 2 12 16 2 0 2 7 1 2 7 1 2 7 0 2 7 0 2 7 0 2 7 6 2 7 13 6 3 1 2 7 0 2 7 1 2 7 17 9 2 0 2 7 0 2 7 1 2 7 0 2 7 17 18 2 5 30 3 1 2 7 1 2 7 1 2 7 0 2 7 0 2 7 0 2 7 0 2 7 0 2 7 0 2 7 13 6 3 17 9 2 1 2 7 1 2 4 1 2 4 17 18 2 0 2 7 12 16 2 0 2 7 0 40.2815956473350525
16 6 2 8 18 2 0 2 8 12 16 2 0 2 8 5 30 3 5 30 3 0 2 8 0 2 8 0 2 8 0 2 8 5 30 3 1 2 8 5 30 3 16 19 12 6 2 8 5 30 3 0 2 8 0 2 8 1 2 8 0 2 8 0 2 8 12 16 2 17 18 2 0 2 8 16 19 12 0 2 8 0 2 8 13 6 3 1 2 8 8 9 2 8 18 2 8 18 2 5 30 3 0 2 8 0 2 8 1 2 8 0 2 8 0 2 8 0 2 8 0.000600884082830992162 45.3079637289047241
5 31 3 12 16 2 12 16 2 1 2 7 1 2 7 1 2 4 1 2 4 0 2 7 0 2 7 13 6 3 1 2 7 0 2 7 0 2 4 0 2 3 0 2 7 1 2 4 0 2 3 17 18 2 5 30 3 0 2 7 0 2 3 0 2 7 0 2 7 12 16 2 0 2 7 0 2 7 17 18 2 12 16 2 6 2 7 5 30 3 17 9 2 1 2 7 0 2 3 16 30 2 1 2 4 13 6 3 12 16 2 1 2 3 0 2 4 0 2 7 0 40.7988486886024475
12 16 2 12 16 2 0 2 10 17 18 2 5 30 3 5 30 3 5 31 3 1 2 11 0 2 11 6 2 11 0 2 7 1 2 7 0 2 3 0 2 7 16 19 11 17 18 2 0 2 11 0 2 11 1 2 11 0 2 11 6 2 7 0 2 7 6 2 7 0 2 7 0 2 7 0 2 7 16 19 11 0 2 7 0 2 7 6 2 11 5 31 3 0 2 7 0 2 7 5 30 3 5 30 3 0 2 11 0 2 3 6 2 7 0 2 11 0 2 7 0 43.2316069006919861
17 9 2 12 16 2 1 2 7 6 2 7 1 2 7 0 2 7 1 2 7 5 30 3 17 9 2 0 2 4 12 16 2 12 16 2 0 2 11 0 2 11 0 2 10 13 6 3 0 2 4 8 18 2 0 2 7 1 2 7 5 30 3 1 2 7 0 2 7 1 2 7 1 2 7 0 2 4 13 6 3 0 2 11 5 30 3 5 30 3 1 2 7 0 2 4 0 2 7 17 18 2 17 9 2 0 2 7 0 2 7 12 16 2 0 2 4 0 2 7 0 40.9771876931190491
12 16 2 5 30 3 5 30 3 5 30 3 12 16 2 16 6 2 8 18 2 17 18 2 0 2 8 0 2 11 0 2 11 0 2 11 0 2 8 0 2 7 6 2 7 1 2 3 16 19 11 0 2 8 0 2 8 0 2 7 6 2 8 0 2 7 0 2 8 0 2 7 0 2 11 16 19 11 0 2 11 0 2 3 0 2 8 1 2 8 8 18 2 0 2 7 12 16 2 5 31 3 0 2 7 5 30 3 5 30 3 0 2 8 0 2 8 6 2 11 0 44.5305113196372986
12 16 2 12 16 2 1 2 7 0 2 7 0 2 7 0 2 4 17 9 2 1 2 4 0 2 7 1 2 7 6 2 7 1 2 4 17 9 2 5 30 3 0 2 7 0 2 4 8 9 2 1 2 7 12 16 2 5 31 3 12 16 2 5 30 3 0 2 7 0 2 7 16 31 2 1 2 7 0 2 7 0 2 4 0 2 4 0 2 7 0 2 7 1 2 7 17 18 2 0 2 7 1 2 7 0 2 4 13 6 3 12 16 2 0 2 11 1 2 11 0 40.9937716126441956
5 31 3 12 16 2 12 16 2 0 2 7 0 2 7 0 2 7 0 2 7 6 2 7 0 2 7 0 2 7 17 18 2 5 30 3 12 16 2 5 31 3 5 30 3 1 2 7 6 2 11 0 2 8 0 2 8 17 9 2 0 2 7 16 19 11 0 2 7 0 2 11 0 2 11 1 2 7 0 2 7 16 6 2 16 19 11 0 2 7 0 2 7 8 18 2 13 6 3 0 2 3 1 2 7 1 2 4 6 2 8 1 2 8 8 18 2 0 2 7 0.00263534996897473416 42.2291038632392883
12 16 2 1 2 7 0 2 4 5 31 3 1 2 3 0 2 7 1 2 4 6 2 7 1 2 3 0 2 3 17 18 2 0 2 4 0 2 7 1 2 7 0 2 7 0 2 7 5 30 3 17 9 2 1 2 7 0 2 7 6 2 7 0 2 7 5 31 3 16 18 11 0 2 7 16 6 2 1 2 7 12 16 2 1 2 7 5 31 3 0 2 7 0 2 7 1 2 7 0 2 3 0 2 4 0 2 7 0 2 7 0 2 7 0 2 7 0 2 7 0 41.4195818305015564
8 9 2 12 16 2 1 2 7 1 2 11 0 2 7 0 2 4 0 2 7 5 30 3 17 9 2 0 2 7 12 16 2 12 16 2 0 2 7 0 2 7 1 2 7 13 6 3 1 2 7 17 18 2 0 2 7 1 2 7 5 30 3 0 2 7 0 2 7 0 2 7 1 2 7 0 2 7 0 2 7 0 2 7 5 30 3 16 19 11 0 2 3 0 2 11 1 2 7 1 2 3 13 6 3 16 6 2 16 9 11 1 2 7 5 30 3 0 2 10 0.00260073135116452346 40.956637442111969

Current Evaluation = 4500(4500)
Front Size = 10
5 31 3 5 31 3 12 16 2 12 16 2 0 2 7 1 2 7 1 2 7 0 2 7 0 2 7 0 2 7 6 2 7 13 6 3 1 2 7 0 2 7 1 2 7 17 9 2 0 2 7 0 2 7 1 2 7 0 2 7 17 18 2 5 30 3 1 2 7 1 2 7 1 2 7 0 2 7 0 2 7 0 2 7 0 2 7 0 2 7 0 2 7 13 6 3 17 9 2 1 2 7 1 2 4 1 2 4 17 18 2 0 2 7 12 16 2 0 2 7 0 40.2815956473350525
12 16 2 12 16 2 13 6 3 1 2 4 0 2 7 0 2 7 13 6 3 0 2 7 1 2 4 0 2 7 0 2 4 17 18 2 5 30 3 0 2 7 0 2 7 1 2 7 12 16 2 12 16 2 0 2 7 5 30 3 17 9 2 1 2 7 13 6 3 0 2 7 5 31 3 6 2 7 1 2 7 0 2 7 0 2 7 6 2 7 1 2 7 0 2 4 0 2 7 17 18 2 0 2 7 0 2 7 5 30 3 12 16 2 1 2 7 17 9 2 0 40.4533134698867798
12 16 2 12 16 2 1 2 7 0 2 7 0 2 4 0 2 11 13 6 3 1 2 8 0 2 11 0 2 7 0 2 7 17 18 2 5 30 3 0 2 7 0 2 7 0 2 4 1 2 11 12 16 2 0 2 7 5 30 3 17 9 2 0 2 7 13 6 3 5 30 3 1 2 7 0 2 7 1 2 7 0 2 7 0 2 4 0 2 7 8 18 2 1 2 7 1 2 7 17 9 2 5 30 3 0 2 4 1 2 7 0 2 7 17 9 2 1 2 7 0 40.9732965230941772
16 6 2 8 18 2 0 2 8 12 16 2 0 2 8 5 30 3 5 30 3 0 2 8 0 2 8 0 2 8 0 2 8 5 30 3 1 2 8 5 30 3 16 19 12 6 2 8 5 30 3 0 2 8 0 2 8 1 2 8 0 2 8 0 2 8 12 16 2 17 18 2 0 2 8 16 19 12 0 2 8 0 2 8 13 6 3 1 2 8 8 9 2 8 18 2 8 18 2 5 30 3 0 2 8 0 2 8 1 2 8 0 2 8 0 2 8 0 2 8 0.000600884082830992162 45.3079637289047241
12 16 2 1 2 7 5 31 3 0 2 7 0 2 7 0 2 7 1 2 7 1 2 7 0 2 7 0 2 7 16 6 2 17 18 2 0 2 7 0 2 7 0 2 7 0 2 7 0 2 7 0 2 7 16 15 2 0 2 7 1 2 7 16 6 2 0 2 7 1 2 7 0 2 7 5 31 3 5 31 3 1 2 4 0 2 7 0 2 7 0 2 7 0 2 7 5 31 3 6 2 7 0 2 4 1 2 7 17 18 2 0 2 7 0 2 7 1 2 7 0 40.7420527338981628
12 16 2 12 16 2 0 2 3 5 30 3 5 31 3 5 31 3 1 2 3 0 2 3 0 2 7 0 2 7 0 2 7 1 2 7 0 2 3 17 18 2 1 2 7 1 2 3 0 2 7 0 2 3 1 2 3 0 2 7 0 2 7 0 2 7 17 9 2 16 6 2 12 16 2 1 2 7 0 2 7 16 20 12 0 2 7 1 2 7 0 2 7 1 2 7 0 2 3 0 2 7 0 2 7 1 2 7 1 2 7 1 2 7 13 6 3 0 2 3 0 41.3634897470474243
0 2 7 1 2 7 5 31 3 0 2 3 0 2 7 0 2 4 0 2 7 1 2 7 0 2 7 17 18 2 1 2 7 1 2 7 1 2 7 5 30 3 17 9 2 0 2 4 1 2 7 0 2 7 5 31 3 8 9 2 0 2 3 1 2 7 12 16 2 6 2 3 1 2 7 0 2 7 0 2 7 0 2 7 0 2 7 1 2 4 0 2 4 0 2 7 1 2 7 17 9 2 1 2 4 16 6 2 1 2 7 0 2 7 0 2 7 0 2 3 0 40.829291820526123
12 16 2 12 16 2 0 2 7 17 1 2 5 31 3 5 30 3 5 30 3 0 2 7 0 2 7 0 2 7 0 2 7 0 2 7 1 2 7 0 2 7 16 6 2 17 18 2 0 2 7 0 2 7 1 2 7 0 2 7 6 2 7 0 2 7 0 2 7 1 2 7 0 2 7 0 2 3 16 19 11 6 2 7 16 6 2 0 2 7 5 30 3 0 2 7 0 2 7 5 31 3 5 31 3 0 2 3 6 2 7 0 2 7 0 2 7 0 2 7 0 41.6559135317802429
5 31 3 12 16 2 12 16 2 1 2 7 1 2 7 1 2 4 1 2 4 0 2 7 0 2 7 13 6 3 1 2 7 0 2 7 0 2 4 0 2 3 0 2 7 1 2 4 0 2 3 17 18 2 5 30 3 0 2 7 0 2 3 0 2 7 0 2 7 12 16 2 0 2 7 0 2 7 17 18 2 12 16 2 6 2 7 5 30 3 17 9 2 1 2 7 0 2 3 16 30 2 1 2 4 13 6 3 12 16 2 1 2 3 0 2 4 0 2 7 0 40.7988486886024475
12 16 2 0 2 7 0 2 11 0 2 7 12 16 2 12 16 2 0 2 7 1 2 4 17 9 2 1 2 4 5 30 3 0 2 7 0 2 11 5 30 3 5 30 3 17 18 2 17 18 2 0 2 7 0 2 7 8 9 2 5 31 3 0 2 4 6 2 4 0 2 7 1 2 7 0 2 7 1 2 7 0 2 7 0 2 7 0 2 11 13 6 3 1 2 7 6 2 4 0 2 7 1 2 7 0 2 7 1 2 10 12 16 2 0 2 7 16 19 11 0 41.5780097246170044

Current Evaluation = 4950(4950)
Front Size = 10
12 16 2 12 16 2 1 2 7 13 6 3 1 2 7 13 6 3 1 2 7 0 2 7 17 18 2 5 30 3 0 2 7 1 2 7 12 16 2 1 2 7 17 9 2 0 2 7 13 6 3 0 2 7 1 2 7 0 2 7 0 2 7 0 2 7 0 2 7 1 2 7 1 2 7 0 2 4 1 2 7 0 2 7 0 2 7 12 16 2 0 2 7 0 2 7 12 16 2 0 2 7 5 31 3 0 2 7 17 18 2 1 2 7 1 2 7 17 9 2 0 40.0383374691009521
16 6 2 8 18 2 0 2 8 12 16 2 0 2 8 5 30 3 5 30 3 0 2 8 0 2 8 0 2 8 0 2 8 5 30 3 1 2 8 5 30 3 16 19 12 6 2 8 5 30 3 0 2 8 0 2 8 1 2 8 0 2 8 0 2 8 12 16 2 17 18 2 0 2 8 16 19 12 0 2 8 0 2 8 13 6 3 1 2 8 8 9 2 8 18 2 8 18 2 5 30 3 0 2 8 0 2 8 1 2 8 0 2 8 0 2 8 0 2 8 0.000600884082830992162 45.3079637289047241
12 16 2 1 2 7 5 31 3 0 2 7 0 2 7 0 2 7 1 2 7 1 2 7 0 2 7 0 2 7 16 6 2 17 18 2 0 2 7 0 2 7 0 2 7 0 2 7 0 2 7 0 2 7 16 15 2 0 2 7 1 2 7 16 6 2 0 2 7 1 2 7 0 2 7 5 31 3 5 31 3 1 2 4 0 2 7 0 2 7 0 2 7 0 2 7 5 31 3 6 2 7 0 2 4 1 2 7 17 18 2 0 2 7 0 2 7 1 2 7 0 40.7420527338981628
5 31 3 12 16 2 12 16 2 1 2 7 1 2 7 1 2 4 1 2 4 0 2 7 0 2 7 13 6 3 1 2 7 0 2 7 0 2 4 0 2 3 0 2 7 1 2 4 0 2 3 17 18 2 5 30 3 0 2 7 0 2 3 0 2 7 0 2 7 12 16 2 0 2 7 0 2 7 17 18 2 12 16 2 6 2 7 5 30 3 17 9 2 1 2 7 0 2 3 16 30 2 1 2 4 13 6 3 12 16 2 1 2 3 0 2 4 0 2 7 0 40.7988486886024475
5 31 3 0 2 7 12 16 2 1 2 7 1 2 7 1 2 3 0 2 7 1 2 7 0 2 7 13 6 3 1 2 7 0 2 7 1 2 4 0 2 7 0 2 7 1 2 4 0 2 7 17 18 2 5 30 3 0 2 7 0 2 7 0 2 7 12 16 2 0 2 7 0 2 7 5 30 3 17 9 2 1 2 7 13 6 3 5 30 3 0 2 7 0 2 7 17 18 2 1 2 7 0 2 7 0 2 7 0 2 7 1 2 7 17 9 2 1 2 4 0 40.3984205722808838
12 16 2 0 2 4 0 2 7 12 16 2 12 16 2 0 2 7 0 2 7 17 9 2 1 2 7 6 2 7 17 18 2 1 2 7 12 16 2 5 31 3 0 2 7 0 2 7 0 2 7 0 2 3 6 2 7 0 2 7 0 2 7 13 6 3 1 2 4 0 2 7 1 2 4 0 2 7 12 16 2 5 31 3 5 30 3 1 2 7 13 6 3 1 2 7 16 6 2 17 9 2 1 2 7 0 2 7 0 2 7 1 2 7 0 2 7 0 2 4 0 40.5507975816726685
12 16 2 12 16 2 1 2 7 0 2 7 0 2 4 0 2 11 13 6 3 1 2 8 0 2 11 0 2 7 0 2 7 17 18 2 5 30 3 0 2 7 0 2 7 0 2 4 1 2 11 12 16 2 0 2 7 5 30 3 17 9 2 0 2 7 13 6 3 5 30 3 1 2 7 0 2 7 1 2 7 0 2 7 0 2 4 0 2 7 8 18 2 1 2 7 1 2 7 17 9 2 5 30 3 0 2 4 1 2 7 0 2 7 17 9 2 1 2 7 0 40.9732965230941772
0 2 7 0 2 4 5 31 3 1 2 7 1 2 7 0 2 7 0 2 7 0 2 7 0 2 7 1 2 7 5 31 3 0 2 4 17 9 2 1 2 7 1 2 7 0 2 7 12 16 2 0 2 7 0 2 7 0 2 7 0 2 4 1 2 7 0 2 4 1 2 4 12 16 2 1 2 7 5 31 3 17 18 2 12 16 2 1 2 7 0 2 4 0 2 7 1 2 4 12 16 2 0 2 7 17 9 2 13 6 3 16 30 2 1 2 7 0 2 7 0 40.6469547748565674
12 16 2 0 2 7 0 2 7 0 2 4 1 2 7 0 2 3 0 2 3 1 2 7 1 2 7 17 18 2 0 2 7 0 2 3 0 2 7 0 2 7 1 2 4 1 2 7 0 2 7 1 2 4 5 30 3 8 9 2 0 2 7 5 30 3 1 2 7 12 16 2 0 2 7 0 2 7 0 2 7 13 6 3 0 2 3 1 2 7 12 16 2 16 6 2 17 18 2 5 30 3 1 2 7 1 2 3 0 2 3 17 18 2 13 6 3 12 16 2 0 40.8231085538864136
12 16 2 0 2 7 0 2 11 0 2 7 12 16 2 12 16 2 0 2 7 1 2 4 17 9 2 1 2 4 5 30 3 0 2 7 0 2 11 5 30 3 5 30 3 17 18 2 17 18 2 0 2 7 0 2 7 8 9 2 5 31 3 0 2 4 6 2 4 0 2 7 1 2 7 0 2 7 1 2 7 0 2 7 0 2 7 0 2 11 13 6 3 1 2 7 6 2 4 0 2 7 1 2 7 0 2 7 1 2 10 12 16 2 0 2 7 16 19 11 0 41.5780097246170044

Current Evaluation = 5400(5400)
Front Size = 10
5 31 3 0 2 7 12 16 2 0 2 7 1 2 7 1 2 7 1 2 7 13 6 3 1 2 7 0 2 7 1 2 7 0 2 7 17 18 2 5 30 3 0 2 7 0 2 7 0 2 7 12 16 2 17 9 2 0 2 4 17 18 2 12 16 2 12 16 2 17 9 2 1 2 7 1 2 7 13 6 3 1 2 7 12 16 2 1 2 7 0 2 7 0 2 7 0 2 7 0 2 7 0 2 7 1 2 7 0 2 7 1 2 7 13 6 3 0 2 7 0 40.0383374691009521
12 16 2 1 2 7 5 31 3 0 2 7 0 2 7 0 2 7 1 2 7 1 2 7 0 2 7 0 2 7 16 6 2 17 18 2 0 2 7 0 2 7 0 2 7 0 2 7 0 2 7 0 2 7 16 15 2 0 2 7 1 2 7 16 6 2 0 2 7 1 2 7 0 2 7 5 31 3 5 31 3 1 2 4 0 2 7 0 2 7 0 2 7 0 2 7 5 31 3 6 2 7 0 2 4 1 2 7 17 18 2 0 2 7 0 2 7 1 2 7 0 40.7420527338981628
12 16 2 0 2 8 12 16 2 17 18 2 13 6 3 16 6 2 8 18 2 0 2 3 1 2 8 5 30 3 8 9 2 0 2 7 0 2 7 0 2 7 5 30 3 1 2 8 5 30 3 0 2 8 0 2 8 5 30 3 1 2 3 0 2 8 0 2 8 0 2 8 1 2 8 0 2 8 16 19 12 1 2 7 12 16 2 0 2 8 8 9 2 0 2 3 17 9 2 5 30 3 1 2 7 0 2 3 0 2 7 0 2 7 0 2 8 0 2 8 0 43.8475611209869385
12 16 2 1 2 7 0 2 7 0 2 7 1 2 7 0 2 7 17 18 2 0 2 4 1 2 7 1 2 4 1 2 4 0 2 7 5 31 3 0 2 4 1 2 4 12 16 2 0 2 7 1 2 7 13 6 3 12 16 2 17 18 2 0 2 7 5 31 3 12 16 2 0 2 4 0 2 7 17 9 2 1 2 7 0 2 7 1 2 7 1 2 7 1 2 7 0 2 7 1 2 4 13 6 3 0 2 7 0 2 7 12 16 2 0 2 7 17 18 2 0 40.3102556467056274
0 2 3 17 18 2 5 30 3 0 2 7 12 16 2 5 30 3 5 30 3 0 2 7 0 2 3 0 2 4 16 24 2 1 2 3 17 18 2 1 2 7 1 2 11 5 30 3 0 2 3 1 2 7 0 2 7 0 2 7 1 2 7 0 2 7 5 30 3 0 2 7 0 2 7 0 2 7 0 2 7 0 2 7 12 16 2 0 2 7 13 6 3 0 2 7 1 2 7 8 9 2 0 2 7 12 16 2 16 6 2 0 2 7 1 2 3 8 9 2 0 41.5613404512405396
17 18 2 5 30 3 1 2 11 12 16 2 5 30 3 0 2 7 0 2 7 17 18 2 1 2 7 1 2 11 0 2 7 6 2 7 1 2 4 0 2 7 0 2 7 0 2 7 0 2 7 0 2 7 1 2 4 12 16 2 0 2 7 13 6 3 0 2 7 0 2 7 17 9 2 0 2 7 0 2 7 0 2 7 1 2 4 5 31 3 1 2 4 1 2 7 17 9 2 0 2 4 5 30 3 0 2 7 0 2 7 1 2 7 1 2 7 8 9 2 0 40.849357545375824
12 16 2 5 30 3 12 16 2 17 18 2 13 6 3 12 16 2 0 2 7 1 2 7 1 2 7 17 18 2 0 2 8 1 2 7 0 2 7 1 2 7 1 2 7 1 2 8 0 2 7 16 19 12 17 9 2 1 2 7 0 2 7 5 31 3 1 2 7 0 2 7 0 2 8 0 2 8 12 16 2 0 2 4 0 2 8 1 2 8 0 2 7 8 18 2 8 18 2 13 6 3 1 2 7 0 2 7 1 2 8 0 2 7 1 2 7 0 2 8 0.000468715186284123409 41.6977438926696777
12 16 2 0 2 7 5 31 3 0 2 7 0 2 7 0 2 7 1 2 7 1 2 7 0 2 7 0 2 7 1 2 7 0 2 7 0 2 7 0 2 7 0 2 7 0 2 7 0 2 7 1 2 7 1 2 7 1 2 7 1 2 7 0 2 4 0 2 7 1 2 7 0 2 7 0 2 7 0 2 7 17 18 2 1 2 4 17 9 2 13 6 3 16 30 2 5 30 3 5 30 3 0 2 7 5 31 3 0 2 7 5 30 3 17 9 2 1 2 7 0 40.6551196575164795
12 16 2 1 2 3 5 31 3 0 2 7 1 2 7 0 2 7 1 2 7 0 2 7 0 2 7 0 2 7 6 2 7 1 2 7 5 31 3 0 2 7 0 2 4 0 2 4 1 2 7 0 2 7 1 2 7 0 2 4 5 30 3 1 2 7 0 2 7 1 2 4 17 18 2 0 2 7 0 2 7 17 9 2 17 9 2 1 2 7 0 2 7 12 16 2 17 9 2 1 2 4 13 6 3 0 2 4 0 2 7 1 2 7 0 2 4 1 2 7 0 40.425436794757843
5 31 3 0 2 7 12 16 2 1 2 7 1 2 3 0 2 4 0 2 7 1 2 7 13 6 3 1 2 7 0 2 7 1 2 7 0 2 4 0 2 7 17 18 2 5 30 3 0 2 7 0 2 7 0 2 7 12 16 2 0 2 3 0 2 4 17 9 2 0 2 7 17 18 2 12 16 2 12 16 2 0 2 4 0 2 4 1 2 4 1 2 4 1 2 4 1 2 3 17 9 2 1 2 7 1 2 7 0 2 4 13 6 3 1 2 7 12 16 2 0 40.4699766635894775

Current Evaluation = 5850(5850)
Front Size = 10
5 31 3 0 2 7 12 16 2 1 2 4 1 2 7 0 2 7 1 2 7 13 6 3 1 2 7 0 2 7 1 2 7 1 2 7 17 18 2 5 30 3 0 2 7 0 2 7 0 2 7 12 16 2 17 9 2 0 2 7 17 18 2 12 16 2 12 16 2 17 9 2 13 6 3 12 16 2 1 2 7 1 2 7 1 2 7 0 2 7 0 2 7 0 2 7 0 2 7 1 2 7 0 2 7 0 2 7 1 2 7 0 2 7 13 6 3 0 2 7 0 40.0383374691009521
12 16 2 1 2 3 5 31 3 0 2 7 1 2 7 0 2 7 1 2 7 0 2 7 0 2 7 0 2 7 6 2 7 1 2 7 5 31 3 0 2 7 0 2 4 0 2 4 1 2 7 0 2 7 1 2 7 0 2 4 5 30 3 1 2 7 0 2 7 1 2 4 17 18 2 0 2 7 0 2 7 17 9 2 17 9 2 1 2 7 0 2 7 12 16 2 17 9 2 1 2 4 13 6 3 0 2 4 0 2 7 1 2 7 0 2 4 1 2 7 0 40.425436794757843
0 2 3 17 18 2 5 30 3 0 2 7 12 16 2 5 30 3 5 30 3 0 2 7 0 2 3 0 2 4 16 24 2 1 2 3 17 18 2 1 2 7 1 2 11 5 30 3 0 2 3 1 2 7 0 2 7 0 2 7 1 2 7 0 2 7 5 30 3 0 2 7 0 2 7 0 2 7 0 2 7 0 2 7 12 16 2 0 2 7 13 6 3 0 2 7 1 2 7 8 9 2 0 2 7 12 16 2 16 6 2 0 2 7 1 2 3 8 9 2 0 41.5613404512405396
5 31 3 0 2 4 12 16 2 0 2 4 1 2 7 1 2 7 1 2 7 13 6 3 1 2 7 0 2 4 1 2 7 1 2 7 17 18 2 5 30 3 0 2 7 1 2 4 0 2 7 12 16 2 17 9 2 0 2 7 17 18 2 12 16 2 12 16 2 17 9 2 13 6 3 12 16 2 0 2 4 0 2 4 0 2 3 0 2 4 1 2 7 0 2 7 1 2 4 1 2 4 0 2 3 1 2 7 0 2 7 0 2 7 1 2 3 0 2 7 0 40.4699766635894775
12 16 2 1 2 7 5 31 3 0 2 4 1 2 7 0 2 7 1 2 7 1 2 4 1 2 7 1 2 7 16 6 2 17 18 2 0 2 3 0 2 7 0 2 7 0 2 7 0 2 4 0 2 7 16 6 2 0 2 7 1 2 7 16 6 2 0 2 7 1 2 3 0 2 7 5 31 3 5 31 3 6 2 7 0 2 7 0 2 7 0 2 7 0 2 7 5 31 3 6 2 7 0 2 7 1 2 7 17 18 2 0 2 7 0 2 7 0 2 7 0 40.6145018339157104
17 18 2 5 30 3 1 2 11 12 16 2 5 30 3 0 2 7 0 2 7 17 18 2 1 2 7 1 2 11 0 2 7 6 2 7 1 2 4 0 2 7 0 2 7 0 2 7 0 2 7 0 2 7 1 2 4 12 16 2 0 2 7 13 6 3 0 2 7 0 2 7 17 9 2 0 2 7 0 2 7 0 2 7 1 2 4 5 31 3 1 2 4 1 2 7 17 9 2 0 2 4 5 30 3 0 2 7 0 2 7 1 2 7 1 2 7 8 9 2 0 40.849357545375824
12 16 2 1 2 7 5 31 3 0 2 7 1 2 7 1 2 3 1 2 7 1 2 3 1 2 7 1 2 3 17 18 2 0 2 7 0 2 7 0 2 7 0 2 7 1 2 7 0 2 7 1 2 7 0 2 7 1 2 3 0 2 7 5 31 3 0 2 7 0 2 7 0 2 7 0 2 7 0 2 7 1 2 7 0 2 7 0 2 7 17 9 2 16 6 2 13 6 3 5 30 3 0 2 7 1 2 7 17 18 2 0 2 7 0 2 7 0 2 7 0 40.6081067323684692
12 16 2 1 2 7 0 2 7 0 2 7 1 2 7 0 2 7 17 18 2 0 2 4 1 2 7 1 2 4 1 2 4 0 2 7 5 31 3 0 2 4 1 2 4 12 16 2 0 2 7 1 2 7 13 6 3 12 16 2 17 18 2 0 2 7 5 31 3 12 16 2 0 2 4 0 2 7 17 9 2 1 2 7 0 2 7 1 2 7 1 2 7 1 2 7 0 2 7 1 2 4 13 6 3 0 2 7 0 2 7 12 16 2 0 2 7 17 18 2 0 40.3102556467056274
12 16 2 1 2 4 5 31 3 0 2 4 1 2 7 1 2 3 1 2 4 6 2 7 1 2 4 1 2 7 17 18 2 0 2 7 0 2 7 0 2 7 0 2 7 1 2 4 0 2 7 0 2 7 0 2 7 0 2 7 0 2 7 17 9 2 13 6 3 5 30 3 17 18 2 1 2 7 1 2 4 5 31 3 1 2 7 0 2 7 0 2 7 1 2 7 1 2 7 0 2 7 17 9 2 0 2 7 12 16 2 0 2 4 0 2 7 0 2 7 0 40.425436794757843
5 31 3 0 2 7 12 16 2 0 2 7 1 2 7 1 2 7 1 2 3 13 6 3 1 2 4 0 2 7 1 2 3 0 2 7 17 18 2 5 30 3 0 2 4 0 2 7 0 2 7 12 16 2 17 9 2 0 2 4 17 18 2 12 16 2 12 16 2 17 9 2 1 2 7 1 2 4 13 6 3 12 16 2 0 2 4 1 2 4 1 2 7 1 2 7 0 2 7 0 2 7 0 2 7 0 2 4 1 2 3 1 2 4 0 2 4 0 2 7 0 40.4699766635894775

Current Evaluation = 6300(6300)
Front Size = 10
12 16 2 1 2 7 0 2 7 0 2 7 1 2 7 0 2 7 17 18 2 0 2 7 0 2 7 1 2 7 1 2 7 0 2 7 5 30 3 0 2 7 1 2 7 12 16 2 1 2 7 1 2 7 13 6 3 12 16 2 17 18 2 0 2 7 5 31 3 12 16 2 0 2 7 0 2 7 17 9 2 1 2 7 0 2 7 1 2 4 0 2 7 1 2 7 13 6 3 1 2 7 13 6 3 0 2 7 0 2 7 12 16 2 0 2 7 17 18 2 0 40.0383374691009521
12 16 2 1 2 7 0 2 7 0 2 7 1 2 7 0 2 7 17 18 2 0 2 4 1 2 7 1 2 4 1 2 4 0 2 7 5 31 3 0 2 4 1 2 4 12 16 2 0 2 7 1 2 7 13 6 3 12 16 2 17 18 2 0 2 7 5 31 3 12 16 2 0 2 4 0 2 7 17 9 2 1 2 7 0 2 7 1 2 7 1 2 7 1 2 7 0 2 7 1 2 4 13 6 3 0 2 7 0 2 7 12 16 2 0 2 7 17 18 2 0 40.3102556467056274
12 16 2 1 2 3 5 31 3 0 2 7 1 2 7 0 2 7 1 2 7 0 2 7 0 2 7 0 2 7 6 2 7 1 2 7 5 31 3 0 2 7 0 2 4 0 2 4 1 2 7 0 2 7 1 2 7 0 2 4 5 30 3 1 2 7 0 2 7 1 2 4 17 18 2 0 2 7 0 2 7 17 9 2 17 9 2 1 2 7 0 2 7 12 16 2 17 9 2 1 2 4 13 6 3 0 2 4 0 2 7 1 2 7 0 2 4 1 2 7 0 40.425436794757843
12 16 2 1 2 7 5 31 3 0 2 4 1 2 7 0 2 7 1 2 7 1 2 4 1 2 7 1 2 7 16 6 2 17 18 2 0 2 3 0 2 7 0 2 7 0 2 7 0 2 4 0 2 7 16 6 2 0 2 7 1 2 7 16 6 2 0 2 7 1 2 3 0 2 7 5 31 3 5 31 3 6 2 7 0 2 7 0 2 7 0 2 7 0 2 7 5 31 3 6 2 7 0 2 7 1 2 7 17 18 2 0 2 7 0 2 7 0 2 7 0 40.6145018339157104
5 31 3 0 2 3 12 16 2 1 2 7 1 2 3 0 2 7 1 2 4 13 6 3 1 2 7 0 2 4 1 2 7 1 2 7 17 18 2 5 30 3 0 2 7 0 2 7 0 2 4 12 16 2 17 9 2 0 2 7 17 18 2 12 16 2 12 16 2 17 9 2 13 6 3 12 16 2 0 2 4 0 2 7 0 2 4 1 2 7 1 2 4 1 2 7 0 2 4 0 2 3 0 2 7 0 2 4 1 2 7 1 2 7 0 2 4 1 2 7 0 40.4699766635894775
17 18 2 5 30 3 12 16 2 0 2 7 0 2 7 17 18 2 1 2 7 0 2 7 1 2 7 1 2 7 0 2 7 0 2 7 0 2 7 0 2 7 0 2 7 1 2 7 0 2 7 0 2 7 13 6 3 0 2 4 0 2 7 17 9 2 0 2 7 0 2 7 0 2 7 1 2 4 5 31 3 1 2 7 1 2 7 17 9 2 0 2 7 0 2 3 1 2 7 1 2 7 1 2 4 1 2 7 1 2 7 1 2 4 0 2 7 5 31 3 0 40.3613457679748535
5 31 3 0 2 7 12 16 2 1 2 7 0 2 7 1 2 7 13 6 3 1 2 7 1 2 7 1 2 7 0 2 7 17 18 2 5 30 3 0 2 7 12 16 2 17 9 2 1 2 7 17 18 2 17 9 2 0 2 3 1 2 7 0 2 7 0 2 7 0 2 7 0 2 7 0 2 4 1 2 4 1 2 7 0 2 7 12 16 2 5 30 3 0 2 4 13 6 3 0 2 7 1 2 4 0 2 7 0 2 3 1 2 4 0 2 7 0 2 7 0 40.4155756235122681
17 18 2 5 30 3 0 2 7 12 16 2 1 2 7 17 18 2 1 2 7 1 2 11 0 2 7 0 2 11 6 2 7 0 2 7 0 2 7 0 2 7 0 2 7 0 2 7 0 2 7 12 16 2 0 2 7 13 6 3 0 2 7 1 2 7 0 2 7 12 16 2 0 2 7 0 2 7 5 30 3 5 30 3 0 2 7 1 2 4 16 6 2 12 16 2 0 2 7 5 30 3 5 31 3 1 2 7 8 9 2 0 2 7 13 6 3 17 18 2 0 41.131822407245636
0 2 3 17 18 2 5 30 3 0 2 7 12 16 2 5 30 3 5 30 3 0 2 7 0 2 3 0 2 4 16 24 2 1 2 3 17 18 2 1 2 7 1 2 11 5 30 3 0 2 3 1 2 7 0 2 7 0 2 7 1 2 7 0 2 7 5 30 3 0 2 7 0 2 7 0 2 7 0 2 7 0 2 7 12 16 2 0 2 7 13 6 3 0 2 7 1 2 7 8 9 2 0 2 7 12 16 2 16 6 2 0 2 7 1 2 3 8 9 2 0 41.5613404512405396
17 18 2 5 30 3 0 2 7 12 16 2 1 2 7 17 18 2 1 2 7 0 2 7 0 2 7 0 2 7 0 2 7 0 2 7 12 16 2 13 6 3 1 2 7 0 2 7 1 2 7 12 16 2 5 31 3 0 2 7 13 6 3 1 2 7 0 2 7 1 2 11 1 2 7 0 2 7 0 2 7 0 2 7 1 2 7 0 2 4 1 2 7 12 16 2 5 30 3 0 2 7 16 30 2 0 2 7 5 30 3 8 9 2 0 2 7 17 18 2 0 40.6888054609298706

Current Evaluation = 6750(6750)
Front Size = 10
5 30 3 12 16 2 0 2 7 13 6 3 1 2 7 0 2 7 0 2 7 17 18 2 0 2 7 1 2 7 12 16 2 1 2 7 17 18 2 12 16 2 12 16 2 1 2 7 1 2 7 0 2 7 1 2 7 1 2 7 1 2 7 5 31 3 1 2 7 13 6 3 12 16 2 0 2 7 0 2 4 13 6 3 0 2 7 1 2 7 0 2 7 0 2 7 0 2 7 0 2 7 17 18 2 1 2 7 0 2 7 0 2 7 17 9 2 0 2 7 0 40.0383374691009521
5 30 3 12 16 2 0 2 7 0 2 4 13 6 3 1 2 7 1 2 7 0 2 4 0 2 7 17 18 2 0 2 7 1 2 4 0 2 4 12 16 2 1 2 7 0 2 4 17 18 2 12 16 2 12 16 2 1 2 4 0 2 7 1 2 7 1 2 7 0 2 4 1 2 7 1 2 7 0 2 4 17 18 2 1 2 7 1 2 3 0 2 3 5 31 3 1 2 7 0 2 4 13 6 3 12 16 2 17 18 2 0 2 7 0 2 3 0 2 7 0 40.4699766635894775
5 31 3 0 2 7 12 16 2 1 2 7 0 2 7 1 2 4 13 6 3 0 2 7 1 2 4 0 2 7 1 2 7 17 18 2 0 2 7 12 16 2 17 9 2 1 2 7 0 2 7 1 2 7 0 2 7 0 2 7 1 2 7 0 2 7 0 2 4 0 2 7 1 2 7 0 2 7 0 2 4 13 6 3 1 2 7 5 31 3 12 16 2 17 9 2 12 16 2 12 16 2 17 9 2 1 2 4 0 2 4 1 2 7 0 2 7 1 2 4 0 40.3102556467056274
5 31 3 0 2 7 12 16 2 1 2 7 0 2 7 1 2 7 13 6 3 0 2 4 1 2 7 1 2 7 0 2 7 17 18 2 5 30 3 0 2 4 12 16 2 17 9 2 1 2 7 0 2 7 6 2 7 1 2 7 0 2 7 0 2 7 0 2 7 0 2 7 0 2 7 1 2 7 1 2 7 0 2 7 0 2 7 13 6 3 0 2 7 1 2 7 5 31 3 17 9 2 0 2 7 12 16 2 0 2 7 1 2 7 17 9 2 1 2 7 0 40.2815956473350525
12 16 2 0 2 7 0 2 7 1 2 7 1 2 7 1 2 7 17 18 2 0 2 7 0 2 7 1 2 7 1 2 7 0 2 7 0 2 7 1 2 7 1 2 7 1 2 7 8 18 2 0 2 7 5 30 3 0 2 7 0 2 7 0 2 7 1 2 7 0 2 7 1 2 7 0 2 7 0 2 7 0 2 7 0 2 7 16 6 2 1 2 7 5 31 3 17 9 2 1 2 7 5 31 3 13 6 3 0 2 7 0 2 7 12 16 2 17 18 2 0 40.4091576337814331
12 16 2 1 2 7 5 31 3 0 2 4 1 2 7 0 2 7 1 2 7 1 2 4 1 2 7 1 2 7 16 6 2 17 18 2 0 2 3 0 2 7 0 2 7 0 2 7 0 2 4 0 2 7 16 6 2 0 2 7 1 2 7 16 6 2 0 2 7 1 2 3 0 2 7 5 31 3 5 31 3 6 2 7 0 2 7 0 2 7 0 2 7 0 2 7 5 31 3 6 2 7 0 2 7 1 2 7 17 18 2 0 2 7 0 2 7 0 2 7 0 40.6145018339157104
5 31 3 0 2 7 12 16 2 1 2 7 0 2 7 1 2 7 13 6 3 1 2 7 1 2 7 1 2 7 0 2 7 17 18 2 5 30 3 0 2 7 12 16 2 17 9 2 1 2 7 17 18 2 17 9 2 0 2 3 1 2 7 0 2 7 0 2 7 0 2 7 0 2 7 0 2 4 1 2 4 1 2 7 0 2 7 12 16 2 5 30 3 0 2 4 13 6 3 0 2 7 1 2 4 0 2 7 0 2 3 1 2 4 0 2 7 0 2 7 0 40.4155756235122681
12 16 2 1 2 7 5 31 3 0 2 7 1 2 7 0 2 7 1 2 7 0 2 7 0 2 7 0 2 7 1 2 7 1 2 4 5 31 3 0 2 7 0 2 4 0 2 7 1 2 7 0 2 7 1 2 7 0 2 4 5 30 3 1 2 7 0 2 7 1 2 4 17 18 2 0 2 7 0 2 7 17 9 2 17 9 2 1 2 7 0 2 7 12 16 2 17 9 2 1 2 4 13 6 3 0 2 7 0 2 7 0 2 4 0 2 4 1 2 7 0 40.4196957349777222
12 16 2 1 2 7 0 2 7 13 6 3 1 2 7 1 2 4 0 2 7 0 2 3 17 18 2 0 2 4 1 2 7 0 2 7 12 16 2 1 2 7 17 18 2 12 16 2 12 16 2 1 2 4 0 2 3 1 2 7 17 18 2 1 2 7 0 2 4 5 31 3 0 2 4 5 30 3 13 6 3 12 16 2 0 2 7 0 2 7 1 2 4 17 9 2 0 2 7 1 2 4 0 2 7 1 2 3 0 2 7 0 2 7 1 2 4 0 2 4 0 40.4699766635894775
0 2 3 17 18 2 5 30 3 0 2 7 12 16 2 5 30 3 5 30 3 0 2 7 0 2 3 0 2 4 16 24 2 1 2 3 17 18 2 1 2 7 1 2 11 5 30 3 0 2 3 1 2 7 0 2 7 0 2 7 1 2 7 0 2 7 5 30 3 0 2 7 0 2 7 0 2 7 0 2 7 0 2 7 12 16 2 0 2 7 13 6 3 0 2 7 1 2 7 8 9 2 0 2 7 12 16 2 16 6 2 0 2 7 1 2 3 8 9 2 0 41.5613404512405396

Current Evaluation = 7200(7200)
Front Size = 10
5 30 3 12 16 2 0 2 7 1 2 7 13 6 3 1 2 7 1 2 7 1 2 7 0 2 7 17 18 2 1 2 7 12 16 2 0 2 7 17 18 2 12 16 2 12 16 2 0 2 7 1 2 7 0 2 7 1 2 7 1 2 4 17 18 2 0 2 7 5 31 3 1 2 7 13 6 3 12 16 2 17 18 2 0 2 7 0 2 7 0 2 7 0 2 7 0 2 7 1 2 7 1 2 7 0 2 7 13 6 3 0 2 7 0 2 7 0 2 7 0 40.0383374691009521
5 31 3 0 2 7 12 16 2 0 2 7 0 2 7 1 2 7 13 6 3 0 2 7 1 2 7 0 2 7 17 18 2 0 2 7 12 16 2 17 9 2 1 2 7 0 2 7 0 2 7 0 2 7 0 2 7 1 2 7 0 2 7 1 2 7 1 2 7 0 2 7 13 6 3 1 2 7 12 16 2 17 9 2 12 16 2 12 16 2 17 9 2 0 2 7 0 2 7 1 2 7 1 2 7 0 2 4 5 30 3 1 2 7 1 2 7 13 6 3 0 40.0383374691009521
5 30 3 12 16 2 0 2 7 0 2 3 13 6 3 1 2 7 0 2 4 0 2 7 0 2 7 17 18 2 0 2 7 0 2 7 6 2 7 1 2 7 0 2 7 17 18 2 1 2 7 12 16 2 1 2 3 1 2 4 1 2 7 1 2 7 1 2 4 1 2 7 17 18 2 1 2 4 0 2 7 0 2 7 5 31 3 0 2 7 13 6 3 12 16 2 17 18 2 0 2 3 0 2 7 5 30 3 1 2 7 0 2 7 0 2 7 0 2 7 0 40.4413166642189026
12 16 2 1 2 7 5 31 3 0 2 4 1 2 7 0 2 7 1 2 7 1 2 4 1 2 7 1 2 7 16 6 2 17 18 2 0 2 3 0 2 7 0 2 7 0 2 7 0 2 4 0 2 7 16 6 2 0 2 7 1 2 7 16 6 2 0 2 7 1 2 3 0 2 7 5 31 3 5 31 3 6 2 7 0 2 7 0 2 7 0 2 7 0 2 7 5 31 3 6 2 7 0 2 7 1 2 7 17 18 2 0 2 7 0 2 7 0 2 7 0 40.6145018339157104
5 31 3 0 2 7 12 16 2 0 2 7 0 2 7 1 2 7 13 6 3 0 2 4 1 2 7 0 2 7 1 2 7 17 18 2 0 2 7 12 16 2 1 2 7 0 2 7 1 2 4 0 2 4 1 2 7 1 2 7 0 2 7 13 6 3 1 2 4 12 16 2 12 16 2 12 16 2 0 2 7 1 2 7 0 2 4 1 2 7 0 2 4 1 2 4 0 2 7 0 2 7 5 31 3 17 9 2 17 9 2 17 18 2 0 2 7 1 2 7 0 40.3102556467056274
0 2 3 17 18 2 5 30 3 0 2 7 12 16 2 5 30 3 5 30 3 0 2 7 0 2 3 0 2 4 16 24 2 1 2 3 17 18 2 1 2 7 1 2 11 5 30 3 0 2 3 1 2 7 0 2 7 0 2 7 1 2 7 0 2 7 5 30 3 0 2 7 0 2 7 0 2 7 0 2 7 0 2 7 12 16 2 0 2 7 13 6 3 0 2 7 1 2 7 8 9 2 0 2 7 12 16 2 16 6 2 0 2 7 1 2 3 8 9 2 0 41.5613404512405396
12 16 2 0 2 7 0 2 7 1 2 7 1 2 7 1 2 7 17 18 2 0 2 7 0 2 7 1 2 7 1 2 7 0 2 7 0 2 7 1 2 7 1 2 7 1 2 7 8 18 2 0 2 7 5 30 3 0 2 7 0 2 7 0 2 7 1 2 7 0 2 7 1 2 7 0 2 7 0 2 7 0 2 7 0 2 7 16 6 2 1 2 7 5 31 3 17 9 2 1 2 7 5 31 3 13 6 3 0 2 7 0 2 7 12 16 2 17 18 2 0 40.4091576337814331
5 31 3 0 2 7 12 16 2 1 2 7 0 2 7 1 2 7 13 6 3 1 2 7 1 2 7 1 2 7 0 2 7 17 18 2 5 30 3 0 2 7 12 16 2 17 9 2 1 2 7 17 18 2 17 9 2 0 2 3 1 2 7 0 2 7 0 2 7 0 2 7 0 2 7 0 2 4 1 2 4 1 2 7 0 2 7 12 16 2 5 30 3 0 2 4 13 6 3 0 2 7 1 2 4 0 2 7 0 2 3 1 2 4 0 2 7 0 2 7 0 40.4155756235122681
5 30 3 12 16 2 0 2 7 0 2 4 13 6 3 1 2 7 1 2 7 0 2 4 0 2 7 17 18 2 0 2 7 1 2 4 0 2 4 12 16 2 1 2 7 0 2 4 17 18 2 12 16 2 12 16 2 1 2 4 0 2 7 1 2 7 1 2 7 0 2 4 1 2 7 1 2 7 0 2 4 17 18 2 1 2 7 1 2 3 0 2 3 5 31 3 1 2 7 0 2 4 13 6 3 12 16 2 17 18 2 0 2 7 0 2 3 0 2 7 0 40.4699766635894775
5 31 3 1 2 4 0 2 7 0 2 7 13 6 3 5 30 3 1 2 7 1 2 7 0 2 7 17 18 2 6 2 7 0 2 4 12 16 2 6 2 7 0 2 4 17 18 2 12 16 2 12 16 2 0 2 7 0 2 7 0 2 7 0 2 4 5 31 3 1 2 7 17 18 2 0 2 7 1 2 7 0 2 4 5 30 3 1 2 7 13 6 3 12 16 2 17 18 2 0 2 7 0 2 7 1 2 7 0 2 7 1 2 7 0 2 7 0 2 7 0 40.6774336099624634

Current Evaluation = 7650(7650)
Front Size = 10
5 31 3 0 2 7 12 16 2 0 2 7 0 2 7 1 2 7 13 6 3 0 2 7 1 2 7 0 2 7 17 18 2 0 2 7 12 16 2 1 2 7 0 2 7 0 2 7 0 2 7 0 2 7 1 2 7 0 2 7 1 2 7 1 2 7 0 2 7 13 6 3 1 2 7 12 16 2 12 16 2 12 16 2 0 2 7 0 2 7 1 2 7 1 2 7 5 30 3 1 2 7 13 6 3 17 18 2 17 9 2 0 2 7 1 2 4 17 9 2 0 40.0383374691009521
5 31 3 0 2 7 12 16 2 0 2 7 0 2 7 1 2 7 13 6 3 0 2 7 1 2 7 0 2 7 17 18 2 0 2 7 12 16 2 1 2 7 0 2 7 0 2 7 0 2 7 0 2 7 1 2 7 0 2 7 1 2 7 1 2 7 0 2 7 13 6 3 1 2 7 12 16 2 12 16 2 12 16 2 0 2 7 0 2 7 1 2 7 1 2 7 5 30 3 1 2 7 13 6 3 17 18 2 17 9 2 17 18 2 0 2 4 1 2 7 0 40.0383374691009521
12 16 2 1 2 7 5 31 3 0 2 4 1 2 7 0 2 7 1 2 7 1 2 4 1 2 7 1 2 7 16 6 2 17 18 2 0 2 3 0 2 7 0 2 7 0 2 7 0 2 4 0 2 7 16 6 2 0 2 7 1 2 7 16 6 2 0 2 7 1 2 3 0 2 7 5 31 3 5 31 3 6 2 7 0 2 7 0 2 7 0 2 7 0 2 7 5 31 3 6 2 7 0 2 7 1 2 7 17 18 2 0 2 7 0 2 7 0 2 7 0 40.6145018339157104
5 31 3 0 2 7 12 16 2 0 2 7 0 2 7 1 2 7 13 6 3 0 2 4 1 2 7 0 2 7 1 2 7 17 18 2 0 2 7 12 16 2 1 2 7 0 2 7 1 2 4 0 2 4 1 2 7 1 2 7 0 2 7 13 6 3 1 2 4 12 16 2 12 16 2 12 16 2 0 2 7 1 2 7 0 2 4 1 2 7 0 2 4 1 2 4 0 2 7 0 2 7 5 31 3 17 9 2 17 9 2 17 18 2 0 2 7 1 2 7 0 40.3102556467056274
5 30 3 12 16 2 0 2 7 0 2 4 13 6 3 1 2 7 1 2 7 0 2 4 0 2 7 17 18 2 0 2 7 1 2 4 0 2 4 12 16 2 1 2 7 0 2 4 17 18 2 12 16 2 12 16 2 1 2 4 0 2 7 1 2 7 1 2 7 0 2 4 1 2 7 1 2 7 0 2 4 17 18 2 1 2 7 1 2 3 0 2 3 5 31 3 1 2 7 0 2 4 13 6 3 12 16 2 17 18 2 0 2 7 0 2 3 0 2 7 0 40.4699766635894775
5 31 3 0 2 7 12 16 2 0 2 7 0 2 7 6 2 7 13 6 3 0 2 7 0 2 7 0 2 7 0 2 7 17 18 2 16 31 2 12 16 2 1 2 7 0 2 7 1 2 7 0 2 7 1 2 7 1 2 7 13 6 3 0 2 7 12 16 2 1 2 7 0 2 7 0 2 7 1 2 11 0 2 7 17 18 2 0 2 7 0 2 7 12 16 2 1 2 7 1 2 7 5 30 3 0 2 7 1 2 7 1 2 7 17 9 2 5 30 3 0 40.4003774523735046
12 16 2 0 2 7 0 2 7 8 9 2 0 2 7 1 2 7 17 18 2 0 2 7 0 2 7 1 2 7 1 2 7 0 2 7 0 2 7 1 2 7 1 2 7 1 2 7 5 31 3 1 2 7 5 31 3 13 6 3 5 30 3 17 18 2 17 18 2 1 2 7 0 2 7 0 2 7 0 2 7 1 2 7 0 2 7 0 2 7 1 2 7 1 2 7 1 2 7 16 6 2 0 2 7 12 16 2 0 2 7 0 2 7 0 2 7 0 2 7 0 40.4091576337814331
12 16 2 1 2 4 0 2 7 0 2 7 0 2 7 1 2 7 17 18 2 0 2 7 0 2 7 1 2 7 0 2 7 0 2 7 1 2 3 1 2 7 1 2 7 5 30 3 0 2 7 5 31 3 13 6 3 12 16 2 17 18 2 5 30 3 13 6 3 0 2 7 0 2 7 0 2 4 17 18 2 1 2 7 0 2 7 0 2 7 12 16 2 0 2 7 1 2 7 17 9 2 1 2 7 1 2 7 0 2 4 1 2 4 0 2 4 0 2 3 0 40.4155756235122681
5 30 3 0 2 7 12 16 2 0 2 7 0 2 7 1 2 7 13 6 3 13 6 3 1 2 7 0 2 7 1 2 7 17 18 2 0 2 7 12 16 2 0 2 7 0 2 7 1 2 7 0 2 7 1 2 3 1 2 7 0 2 4 13 6 3 1 2 7 12 16 2 12 16 2 12 16 2 0 2 7 1 2 7 0 2 7 1 2 7 0 2 7 1 2 7 0 2 4 0 2 7 5 31 3 17 9 2 17 9 2 17 18 2 0 2 7 1 2 7 0 40.1183375120162964
12 16 2 0 2 7 0 2 7 0 2 7 1 2 7 17 18 2 0 2 7 0 2 7 1 2 7 1 2 7 0 2 7 0 2 7 1 2 7 1 2 7 1 2 7 5 31 3 1 2 7 13 6 3 5 30 3 17 18 2 1 2 7 0 2 7 0 2 7 0 2 7 1 2 7 0 2 7 0 2 7 1 2 7 0 2 7 12 16 2 8 9 2 5 31 3 17 9 2 1 2 3 1 2 7 12 16 2 0 2 7 0 2 7 0 2 7 0 2 7 0 40.9632996320724487

Current Evaluation = 8100(8100)
Front Size = 10
1 2 7 12 16 2 0 2 7 0 2 7 1 2 7 13 6 3 13 6 3 1 2 7 0 2 4 1 2 7 17 18 2 0 2 7 12 16 2 0 2 7 1 2 7 1 2 7 1 2 7 12 16 2 0 2 7 1 2 7 1 2 7 1 2 7 5 31 3 17 18 2 12 16 2 12 16 2 0 2 7 0 2 7 0 2 7 0 2 7 0 2 7 17 9 2 17 9 2 1 2 7 0 2 7 5 30 3 0 2 7 0 2 7 13 6 3 0 2 7 0 40.0383374691009521
0 2 7 12 16 2 1 2 7 1 2 7 0 2 7 13 6 3 5 30 3 1 2 7 0 2 7 0 2 7 17 18 2 1 2 7 12 16 2 0 2 7 1 2 7 0 2 7 1 2 7 12 16 2 0 2 7 0 2 7 17 18 2 5 31 3 12 16 2 12 16 2 0 2 7 0 2 7 0 2 7 1 2 7 1 2 7 0 2 7 13 6 3 0 2 7 0 2 7 13 6 3 1 2 7 17 9 2 1 2 7 1 2 4 17 18 2 0 2 7 0 40.0383374691009521
5 30 3 12 16 2 0 2 7 0 2 4 13 6 3 1 2 7 1 2 7 0 2 4 0 2 7 17 18 2 0 2 7 1 2 4 0 2 4 12 16 2 1 2 7 0 2 4 17 18 2 12 16 2 12 16 2 1 2 4 0 2 7 1 2 7 1 2 7 0 2 4 1 2 7 1 2 7 0 2 4 17 18 2 1 2 7 1 2 3 0 2 3 5 31 3 1 2 7 0 2 4 13 6 3 12 16 2 17 18 2 0 2 7 0 2 3 0 2 7 0 40.4699766635894775
12 16 2 1 2 7 5 31 3 0 2 4 1 2 7 0 2 7 1 2 7 1 2 4 1 2 7 1 2 7 16 6 2 17 18 2 0 2 3 0 2 7 0 2 7 0 2 7 0 2 4 0 2 7 16 6 2 0 2 7 1 2 7 16 6 2 0 2 7 1 2 3 0 2 7 5 31 3 5 31 3 6 2 7 0 2 7 0 2 7 0 2 7 0 2 7 5 31 3 6 2 7 0 2 7 1 2 7 17 18 2 0 2 7 0 2 7 0 2 7 0 40.6145018339157104
1 2 7 12 16 2 0 2 7 0 2 7 0 2 7 1 2 7 1 2 3 0 2 7 17 18 2 0 2 7 12 16 2 1 2 7 12 16 2 0 2 7 5 30 3 12 16 2 16 19 11 0 2 7 1 2 7 0 2 7 0 2 7 13 6 3 0 2 7 0 2 7 5 30 3 0 2 3 0 2 7 0 2 3 1 2 7 5 30 3 16 18 11 12 16 2 17 9 2 0 2 7 1 2 7 0 2 7 8 18 2 5 30 3 13 6 3 0 2 3 0 41.6664813160896301
12 16 2 0 2 7 0 2 7 0 2 7 17 18 2 6 2 3 0 2 7 0 2 7 0 2 11 0 2 7 5 30 3 0 2 7 0 2 7 0 2 7 5 31 3 0 2 7 12 16 2 12 16 2 12 16 2 0 2 7 0 2 7 0 2 7 1 2 7 1 2 7 0 2 7 16 6 2 12 16 2 0 2 7 5 31 3 1 2 7 5 30 3 13 6 3 1 2 7 16 6 2 0 2 7 16 18 11 8 18 2 1 2 4 0 2 7 5 30 3 0 41.676677405834198
5 31 3 0 2 7 12 16 2 0 2 7 0 2 7 1 2 7 13 6 3 0 2 4 1 2 7 0 2 7 1 2 7 17 18 2 0 2 7 12 16 2 1 2 7 0 2 7 1 2 4 0 2 4 1 2 7 1 2 7 0 2 7 13 6 3 1 2 4 12 16 2 12 16 2 12 16 2 0 2 7 1 2 7 0 2 4 1 2 7 0 2 4 1 2 4 0 2 7 0 2 7 5 31 3 17 9 2 17 9 2 17 18 2 0 2 7 1 2 7 0 40.3102556467056274
12 16 2 0 2 7 0 2 7 8 9 2 0 2 7 1 2 7 17 18 2 0 2 7 0 2 7 1 2 7 1 2 7 0 2 7 0 2 7 1 2 7 1 2 7 1 2 7 5 31 3 1 2 7 5 31 3 13 6 3 5 30 3 17 18 2 17 18 2 1 2 7 0 2 7 0 2 7 0 2 7 1 2 7 0 2 7 0 2 7 1 2 7 1 2 7 1 2 7 16 6 2 0 2 7 12 16 2 0 2 7 0 2 7 0 2 7 0 2 7 0 40.4091576337814331
12 16 2 0 2 3 0 2 7 0 2 7 0 2 7 17 18 2 1 2 7 0 2 3 0 2 4 0 2 3 1 2 11 0 2 3 0 2 7 1 2 7 0 2 7 5 30 3 1 2 3 13 6 3 5 30 3 8 18 2 1 2 3 0 2 7 0 2 3 0 2 3 0 2 7 0 2 7 1 2 7 12 16 2 16 6 2 12 16 2 0 2 3 16 19 11 12 16 2 1 2 3 5 30 3 5 30 3 0 2 7 0 2 7 16 9 11 0 2 7 0 42.3566834330558777
16 30 2 12 16 2 1 2 3 0 2 7 0 2 3 13 6 3 1 2 7 1 2 7 0 2 3 17 18 2 0 2 7 12 16 2 1 2 7 0 2 7 1 2 7 1 2 7 0 2 4 13 6 3 12 16 2 12 16 2 5 31 3 1 2 4 0 2 4 1 2 7 17 9 2 0 2 7 5 30 3 0 2 7 1 2 7 0 2 7 0 2 7 0 2 7 0 2 3 1 2 7 0 2 3 0 2 7 5 30 3 17 9 2 0 2 7 1 2 7 0 40.6642056703567505

Current Evaluation = 8550(8550)
Front Size = 10
5 31 3 0 2 7 12 16 2 1 2 4 1 2 7 13 6 3 0 2 7 1 2 7 0 2 7 1 2 7 17 18 2 0 2 7 12 16 2 1 2 7 0 2 7 1 2 7 13 6 3 12 16 2 12 16 2 12 16 2 1 2 7 1 2 7 1 2 7 17 18 2 0 2 7 5 30 3 1 2 7 0 2 7 0 2 7 0 2 7 0 2 7 17 9 2 1 2 7 0 2 7 0 2 7 0 2 7 13 6 3 0 2 7 0 2 7 17 9 2 0 40.0383374691009521
5 30 3 12 16 2 0 2 7 13 6 3 1 2 7 0 2 7 0 2 7 17 18 2 0 2 7 1 2 7 12 16 2 1 2 4 17 18 2 12 16 2 12 16 2 0 2 7 1 2 7 1 2 7 1 2 7 1 2 7 1 2 7 5 31 3 0 2 7 13 6 3 12 16 2 0 2 7 0 2 7 1 2 7 1 2 7 0 2 7 0 2 7 1 2 7 17 9 2 0 2 7 0 2 7 0 2 7 0 2 7 13 6 3 17 18 2 0 2 7 0 40.0383374691009521
5 31 3 0 2 7 12 16 2 0 2 7 1 2 7 13 6 3 0 2 7 1 2 7 0 2 7 1 2 7 17 18 2 0 2 7 12 16 2 1 2 7 0 2 7 0 2 7 0 2 7 1 2 7 13 6 3 12 16 2 12 16 2 12 16 2 0 2 7 1 2 7 1 2 7 1 2 7 0 2 7 17 9 2 17 9 2 17 18 2 0 2 7 0 2 7 1 2 7 1 2 7 5 30 3 0 2 7 13 6 3 0 2 7 0 2 4 1 2 7 0 40.0383374691009521
5 30 3 12 16 2 0 2 7 0 2 4 13 6 3 1 2 7 1 2 7 0 2 4 0 2 7 17 18 2 0 2 7 1 2 4 0 2 4 12 16 2 1 2 7 0 2 4 17 18 2 12 16 2 12 16 2 1 2 4 0 2 7 1 2 7 1 2 7 0 2 4 1 2 7 1 2 7 0 2 4 17 18 2 1 2 7 1 2 3 0 2 3 5 31 3 1 2 7 0 2 4 13 6 3 12 16 2 17 18 2 0 2 7 0 2 3 0 2 7 0 40.4699766635894775
12 16 2 0 2 7 0 2 7 0 2 4 1 2 7 17 18 2 0 2 7 1 2 7 0 2 4 1 2 7 1 2 7 5 31 3 13 6 3 17 18 2 1 2 7 0 2 4 12 16 2 12 16 2 0 2 7 0 2 7 0 2 7 1 2 7 0 2 7 12 16 2 12 16 2 13 6 3 0 2 7 1 2 7 1 2 4 1 2 7 0 2 7 1 2 4 1 2 7 5 31 3 0 2 4 17 18 2 0 2 4 17 9 2 0 2 7 1 2 7 0 40.3102556467056274
12 16 2 1 2 7 5 31 3 0 2 4 1 2 7 0 2 7 1 2 7 1 2 4 1 2 7 1 2 7 16 6 2 17 18 2 0 2 3 0 2 7 0 2 7 0 2 7 0 2 4 0 2 7 16 6 2 0 2 7 1 2 7 16 6 2 0 2 7 1 2 3 0 2 7 5 31 3 5 31 3 6 2 7 0 2 7 0 2 7 0 2 7 0 2 7 5 31 3 6 2 7 0 2 7 1 2 7 17 18 2 0 2 7 0 2 7 0 2 7 0 40.6145018339157104
12 16 2 0 2 3 0 2 7 0 2 7 0 2 7 17 18 2 1 2 7 0 2 3 0 2 4 0 2 3 1 2 11 0 2 3 0 2 7 1 2 7 0 2 7 5 30 3 1 2 3 13 6 3 5 30 3 8 18 2 1 2 3 0 2 7 0 2 3 0 2 3 0 2 7 0 2 7 1 2 7 12 16 2 16 6 2 12 16 2 0 2 3 16 19 11 12 16 2 1 2 3 5 30 3 5 30 3 0 2 7 0 2 7 16 9 11 0 2 7 0 42.3566834330558777
5 31 3 0 2 7 12 16 2 0 2 4 1 2 3 13 6 3 13 6 3 0 2 7 0 2 7 1 2 7 17 18 2 1 2 7 12 16 2 1 2 7 0 2 7 0 2 7 0 2 7 0 2 7 13 6 3 12 16 2 12 16 2 12 16 2 0 2 7 1 2 7 1 2 7 0 2 7 0 2 7 17 9 2 17 9 2 17 9 2 0 2 7 1 2 7 1 2 7 1 2 7 1 2 7 5 30 3 0 2 4 0 2 7 0 2 7 1 2 7 0 40.1183375120162964
12 16 2 0 2 7 0 2 7 8 9 2 0 2 7 1 2 7 17 18 2 0 2 7 0 2 7 1 2 7 1 2 7 0 2 7 0 2 7 1 2 7 1 2 7 1 2 7 5 31 3 1 2 7 5 31 3 13 6 3 5 30 3 17 18 2 17 18 2 1 2 7 0 2 7 0 2 7 0 2 7 1 2 7 0 2 7 0 2 7 1 2 7 1 2 7 1 2 7 16 6 2 0 2 7 12 16 2 0 2 7 0 2 7 0 2 7 0 2 7 0 40.4091576337814331
5 30 3 0 2 7 12 16 2 0 2 7 1 2 7 13 6 3 0 2 7 0 2 7 0 2 7 1 2 7 17 18 2 0 2 7 12 16 2 1 2 7 5 31 3 0 2 7 0 2 7 1 2 7 13 6 3 12 16 2 12 16 2 12 16 2 0 2 7 1 2 7 1 2 7 1 2 4 0 2 4 17 9 2 17 18 2 1 2 7 1 2 7 0 2 7 0 2 7 1 2 7 0 2 3 1 2 7 0 2 7 13 6 3 0 2 7 17 9 2 0 40.1183375120162964

Current Evaluation = 9000(9000)
Front Size = 10
5 30 3 0 2 7 12 16 2 0 2 7 1 2 7 13 6 3 0 2 7 0 2 7 0 2 7 1 2 7 17 18 2 0 2 7 12 16 2 1 2 7 5 31 3 1 2 7 13 6 3 12 16 2 12 16 2 12 16 2 1 2 7 1 2 7 1 2 7 0 2 4 1 2 7 1 2 7 1 2 7 0 2 7 0 2 7 0 2 7 0 2 7 0 2 7 0 2 7 1 2 7 13 6 3 0 2 7 0 2 7 17 18 2 17 9 2 17 18 2 0 40.0383374691009521
12 16 2 0 2 3 0 2 7 0 2 7 0 2 7 17 18 2 1 2 7 0 2 3 0 2 4 0 2 3 1 2 11 0 2 3 0 2 7 1 2 7 0 2 7 5 30 3 1 2 3 13 6 3 5 30 3 8 18 2 1 2 3 0 2 7 0 2 3 0 2 3 0 2 7 0 2 7 1 2 7 12 16 2 16 6 2 12 16 2 0 2 3 16 19 11 12 16 2 1 2 3 5 30 3 5 30 3 0 2 7 0 2 7 16 9 11 0 2 7 0 42.3566834330558777
12 16 2 1 2 7 5 31 3 0 2 4 1 2 7 0 2 7 1 2 7 1 2 4 1 2 7 1 2 7 16 6 2 17 18 2 0 2 3 0 2 7 0 2 7 0 2 7 0 2 4 0 2 7 16 6 2 0 2 7 1 2 7 16 6 2 0 2 7 1 2 3 0 2 7 5 31 3 5 31 3 6 2 7 0 2 7 0 2 7 0 2 7 0 2 7 5 31 3 6 2 7 0 2 7 1 2 7 17 18 2 0 2 7 0 2 7 0 2 7 0 40.6145018339157104
5 31 3 12 16 2 0 2 4 0 2 4 13 6 3 1 2 7 1 2 4 0 2 7 17 18 2 0 2 7 12 16 2 1 2 7 17 18 2 12 16 2 12 16 2 0 2 7 1 2 7 1 2 7 1 2 4 1 2 4 17 18 2 1 2 7 5 31 3 0 2 7 13 6 3 12 16 2 0 2 7 0 2 7 0 2 4 0 2 7 0 2 7 1 2 7 0 2 7 0 2 7 1 2 7 1 2 4 0 2 7 1 2 7 17 18 2 0 2 7 0 40.3102556467056274
5 30 3 12 16 2 0 2 7 0 2 4 13 6 3 1 2 7 1 2 7 0 2 4 0 2 7 17 18 2 0 2 7 1 2 4 0 2 4 12 16 2 1 2 7 0 2 4 17 18 2 12 16 2 12 16 2 1 2 4 0 2 7 1 2 7 1 2 7 0 2 4 1 2 7 1 2 7 0 2 4 17 18 2 1 2 7 1 2 3 0 2 3 5 31 3 1 2 7 0 2 4 13 6 3 12 16 2 17 18 2 0 2 7 0 2 3 0 2 7 0 40.4699766635894775
12 16 2 0 2 7 0 2 7 0 2 4 1 2 7 17 18 2 0 2 7 1 2 7 0 2 4 1 2 7 1 2 7 5 31 3 13 6 3 17 18 2 1 2 7 0 2 4 12 16 2 12 16 2 0 2 7 0 2 7 0 2 7 1 2 7 0 2 7 12 16 2 12 16 2 13 6 3 0 2 7 1 2 7 1 2 4 1 2 7 0 2 7 1 2 4 1 2 7 5 31 3 0 2 4 17 18 2 0 2 4 17 9 2 0 2 7 1 2 7 0 40.3102556467056274
12 16 2 6 2 7 5 31 3 1 2 7 1 2 7 0 2 7 0 2 7 5 30 3 1 2 4 1 2 7 17 18 2 0 2 7 0 2 7 0 2 7 0 2 7 1 2 7 0 2 7 0 2 7 0 2 7 0 2 7 0 2 4 0 2 7 0 2 7 0 2 7 13 6 3 13 6 3 12 16 2 12 16 2 17 9 2 17 9 2 0 2 4 0 2 4 12 16 2 1 2 7 1 2 7 1 2 7 5 30 3 12 16 2 16 31 2 1 2 7 0 40.439127504825592
12 16 2 0 2 7 1 2 7 1 2 4 17 18 2 16 32 2 0 2 7 0 2 4 1 2 7 0 2 4 5 30 3 13 6 3 0 2 7 0 2 3 0 2 7 0 2 4 12 16 2 12 16 2 12 16 2 5 31 3 1 2 3 0 2 7 0 2 7 1 2 7 17 18 2 0 2 7 1 2 4 0 2 7 12 16 2 5 30 3 1 2 7 1 2 7 0 2 7 0 2 3 17 9 2 1 2 7 0 2 4 0 2 4 8 18 2 1 2 7 0 41.1084816455841064
5 31 3 12 16 2 0 2 4 0 2 7 13 6 3 1 2 7 5 30 3 1 2 7 17 18 2 0 2 7 12 16 2 1 2 4 8 18 2 12 16 2 12 16 2 0 2 7 1 2 7 1 2 7 0 2 7 1 2 7 0 2 7 12 16 2 1 2 7 0 2 7 0 2 4 0 2 4 0 2 7 1 2 7 0 2 7 0 2 7 0 2 7 17 18 2 5 30 3 13 6 3 0 2 7 0 2 7 0 2 7 1 2 7 17 9 2 16 6 2 0 40.5217374563217163
12 16 2 1 2 3 5 31 3 0 2 7 5 30 3 0 2 7 0 2 4 0 2 7 6 2 3 5 30 3 5 31 3 0 2 7 0 2 7 0 2 3 0 2 7 12 16 2 12 16 2 12 16 2 0 2 3 1 2 7 0 2 7 1 2 7 17 9 2 1 2 7 0 2 7 0 2 4 0 2 7 0 2 7 0 2 7 0 2 4 1 2 4 0 2 7 1 2 7 16 6 2 0 2 7 16 19 11 0 2 7 1 2 7 8 9 2 16 18 11 0 42.065573513507843

MonoObjective Genetic Algorithm
Number of Evaluations = 0
Mutation Probability = 0
Crossover Probability = 1
Population Size = 10
Survival Selection Type = 16

Time =  9038.20136499404907

Current Evaluation = 2270
Front Size = 10
5 30 3 0 2 7 12 16 2 0 2 7 1 2 7 13 6 3 0 2 7 0 2 7 0 2 7 1 2 7 17 18 2 0 2 7 12 16 2 1 2 7 5 31 3 1 2 7 13 6 3 12 16 2 12 16 2 12 16 2 1 2 7 1 2 7 1 2 7 0 2 4 1 2 7 1 2 7 1 2 7 0 2 7 0 2 7 0 2 7 0 2 7 0 2 7 0 2 7 1 2 7 13 6 3 0 2 7 0 2 7 17 18 2 17 9 2 17 18 2 0 40.0383374691009521
12 16 2 0 2 3 0 2 7 0 2 7 0 2 7 17 18 2 1 2 7 0 2 3 0 2 4 0 2 3 1 2 11 0 2 3 0 2 7 1 2 7 0 2 7 5 30 3 1 2 3 13 6 3 5 30 3 8 18 2 1 2 3 0 2 7 0 2 3 0 2 3 0 2 7 0 2 7 1 2 7 12 16 2 16 6 2 12 16 2 0 2 3 16 19 11 12 16 2 1 2 3 5 30 3 5 30 3 0 2 7 0 2 7 16 9 11 0 2 7 0 42.3566834330558777
12 16 2 1 2 7 5 31 3 0 2 4 1 2 7 0 2 7 1 2 7 1 2 4 1 2 7 1 2 7 16 6 2 17 18 2 0 2 3 0 2 7 0 2 7 0 2 7 0 2 4 0 2 7 16 6 2 0 2 7 1 2 7 16 6 2 0 2 7 1 2 3 0 2 7 5 31 3 5 31 3 6 2 7 0 2 7 0 2 7 0 2 7 0 2 7 5 31 3 6 2 7 0 2 7 1 2 7 17 18 2 0 2 7 0 2 7 0 2 7 0 40.6145018339157104
5 31 3 12 16 2 0 2 4 0 2 4 13 6 3 1 2 7 1 2 4 0 2 7 17 18 2 0 2 7 12 16 2 1 2 7 17 18 2 12 16 2 12 16 2 0 2 7 1 2 7 1 2 7 1 2 4 1 2 4 17 18 2 1 2 7 5 31 3 0 2 7 13 6 3 12 16 2 0 2 7 0 2 7 0 2 4 0 2 7 0 2 7 1 2 7 0 2 7 0 2 7 1 2 7 1 2 4 0 2 7 1 2 7 17 18 2 0 2 7 0 40.3102556467056274
5 30 3 12 16 2 0 2 7 0 2 4 13 6 3 1 2 7 1 2 7 0 2 4 0 2 7 17 18 2 0 2 7 1 2 4 0 2 4 12 16 2 1 2 7 0 2 4 17 18 2 12 16 2 12 16 2 1 2 4 0 2 7 1 2 7 1 2 7 0 2 4 1 2 7 1 2 7 0 2 4 17 18 2 1 2 7 1 2 3 0 2 3 5 31 3 1 2 7 0 2 4 13 6 3 12 16 2 17 18 2 0 2 7 0 2 3 0 2 7 0 40.4699766635894775
12 16 2 0 2 7 0 2 7 0 2 4 1 2 7 17 18 2 0 2 7 1 2 7 0 2 4 1 2 7 1 2 7 5 31 3 13 6 3 17 18 2 1 2 7 0 2 4 12 16 2 12 16 2 0 2 7 0 2 7 0 2 7 1 2 7 0 2 7 12 16 2 12 16 2 13 6 3 0 2 7 1 2 7 1 2 4 1 2 7 0 2 7 1 2 4 1 2 7 5 31 3 0 2 4 17 18 2 0 2 4 17 9 2 0 2 7 1 2 7 0 40.3102556467056274
12 16 2 6 2 7 5 31 3 1 2 7 1 2 7 0 2 7 0 2 7 5 30 3 1 2 4 1 2 7 17 18 2 0 2 7 0 2 7 0 2 7 0 2 7 1 2 7 0 2 7 0 2 7 0 2 7 0 2 7 0 2 4 0 2 7 0 2 7 0 2 7 13 6 3 13 6 3 12 16 2 12 16 2 17 9 2 17 9 2 0 2 4 0 2 4 12 16 2 1 2 7 1 2 7 1 2 7 5 30 3 12 16 2 16 31 2 1 2 7 0 40.439127504825592
12 16 2 0 2 7 1 2 7 1 2 4 17 18 2 16 32 2 0 2 7 0 2 4 1 2 7 0 2 4 5 30 3 13 6 3 0 2 7 0 2 3 0 2 7 0 2 4 12 16 2 12 16 2 12 16 2 5 31 3 1 2 3 0 2 7 0 2 7 1 2 7 17 18 2 0 2 7 1 2 4 0 2 7 12 16 2 5 30 3 1 2 7 1 2 7 0 2 7 0 2 3 17 9 2 1 2 7 0 2 4 0 2 4 8 18 2 1 2 7 0 41.1084816455841064
5 31 3 12 16 2 0 2 4 0 2 7 13 6 3 1 2 7 5 30 3 1 2 7 17 18 2 0 2 7 12 16 2 1 2 4 8 18 2 12 16 2 12 16 2 0 2 7 1 2 7 1 2 7 0 2 7 1 2 7 0 2 7 12 16 2 1 2 7 0 2 7 0 2 4 0 2 4 0 2 7 1 2 7 0 2 7 0 2 7 0 2 7 17 18 2 5 30 3 13 6 3 0 2 7 0 2 7 0 2 7 1 2 7 17 9 2 16 6 2 0 40.5217374563217163
12 16 2 1 2 3 5 31 3 0 2 7 5 30 3 0 2 7 0 2 4 0 2 7 6 2 3 5 30 3 5 31 3 0 2 7 0 2 7 0 2 3 0 2 7 12 16 2 12 16 2 12 16 2 0 2 3 1 2 7 0 2 7 1 2 7 17 9 2 1 2 7 0 2 7 0 2 4 0 2 7 0 2 7 0 2 7 0 2 4 1 2 4 0 2 7 1 2 7 16 6 2 0 2 7 16 19 11 0 2 7 1 2 7 8 9 2 16 18 11 0 42.065573513507843

