Current Evaluation = 450(450)
Front Size = 10
0 2 7 0 2 7 1 2 7 1 2 7 0 2 7 5 30 3 0 2 7 1 2 7 12 16 2 0 2 7 0 2 7 0 2 7 0 2 7 12 16 2 5 30 3 17 18 2 16 6 2 12 16 2 1 2 7 0 2 7 0 2 7 0 2 7 13 6 3 5 30 3 0 2 7 1 2 7 0 2 7 5 30 3 0 2 7 17 9 2 8 9 2 1 2 7 0 2 7 0 2 7 5 31 3 1 2 7 1 2 7 13 6 3 0 2 7 17 9 2 0 40.7579793930053711
5 30 3 5 30 3 17 18 2 0 2 8 12 16 2 1 2 11 0 2 8 0 2 8 0 2 8 0 2 3 0 2 8 0 2 7 1 2 3 0 2 3 0 2 8 0 2 11 5 30 3 8 9 2 0 2 8 12 16 2 0 2 3 0 2 7 0 2 7 8 18 2 16 19 11 16 18 8 1 2 8 6 2 11 0 2 8 5 30 3 0 2 3 0 2 7 0 2 8 0 2 8 0 2 8 16 19 11 0 2 8 5 30 3 5 30 3 1 2 8 0 45.273665189743042
0 2 7 5 30 3 0 2 3 12 16 2 0 2 3 1 2 3 0 2 7 0 2 3 0 2 3 0 2 7 1 2 3 0 2 7 1 2 7 1 2 7 1 2 7 0 2 3 1 2 3 0 2 7 8 9 2 1 2 3 0 2 7 5 30 3 0 2 3 0 2 11 0 2 3 1 2 3 0 2 3 5 30 3 12 16 2 8 18 2 0 2 7 16 6 2 16 6 2 12 16 2 16 19 11 16 30 2 0 2 3 0 2 3 0 2 7 5 30 3 0 42.5633927583694458
0 2 11 5 30 3 12 16 2 0 2 11 0 2 7 0 2 7 1 2 7 0 2 7 1 2 11 6 2 7 1 2 11 5 30 3 12 16 2 17 18 2 0 2 11 12 16 2 16 31 2 0 2 7 0 2 7 6 2 7 6 2 11 0 2 7 0 2 7 6 2 11 0 2 7 0 2 7 0 2 7 0 2 7 0 2 11 0 2 7 5 31 3 0 2 7 5 31 3 5 30 3 0 2 11 16 30 2 0 2 11 17 9 2 6 2 11 5 30 3 0 42.5228300094604492
8 18 2 5 30 3 5 30 3 16 19 12 1 2 1 0 2 8 5 30 3 8 18 2 0 2 8 5 30 3 0 2 8 0 2 8 6 2 8 0 2 8 0 2 8 17 18 2 12 16 2 1 2 8 0 2 8 6 2 8 17 18 2 0 2 8 13 6 3 0 2 8 0 2 8 0 2 8 0 2 8 16 6 2 0 2 8 5 30 3 0 2 8 0 2 8 1 2 8 0 2 8 8 18 2 8 18 2 5 30 3 0 2 8 12 16 2 0 2 8 0.000453426538703972752 45.1495978832244873
5 30 3 12 16 2 0 2 3 0 2 7 1 2 3 12 16 2 0 2 7 0 2 7 0 2 7 16 6 2 17 18 2 0 2 8 1 2 11 0 2 8 0 2 7 1 2 7 0 2 7 1 2 3 0 2 8 16 6 2 5 30 3 1 2 4 0 2 8 0 2 3 0 2 7 16 19 11 16 18 8 1 2 8 6 2 11 17 9 2 0 2 7 0 2 7 0 2 8 0 2 8 0 2 7 16 19 11 1 2 7 5 31 3 0 2 7 1 2 8 0.165405900777390535 42.5532597303390503
0 2 7 0 2 7 0 2 7 5 31 3 0 2 7 0 2 7 0 2 7 1 2 7 16 6 2 12 16 2 0 2 7 16 6 2 0 2 7 1 2 7 5 30 3 0 2 7 0 2 7 1 2 7 12 16 2 0 2 7 5 31 3 0 2 7 0 2 7 0 2 7 0 2 7 0 2 7 0 2 7 5 31 3 0 2 7 0 2 7 16 6 2 0 2 7 0 2 7 16 19 11 5 31 3 0 2 7 16 19 11 5 30 3 0 2 7 0 2 7 0 41.9395333528518677
16 19 11 0 2 7 0 2 7 0 2 7 1 2 4 12 16 2 12 16 2 5 30 3 17 18 2 8 18 2 0 2 7 1 2 7 0 2 7 8 9 2 1 2 7 0 2 4 0 2 7 0 2 11 0 2 7 1 2 11 0 2 7 0 2 7 0 2 7 0 2 7 5 30 3 0 2 3 1 2 7 1 2 3 8 18 2 0 2 11 1 2 11 0 2 7 1 2 11 5 30 3 0 2 7 16 6 2 12 16 2 5 30 3 0 2 4 17 9 2 0 42.0980044603347778
16 19 12 0 2 8 5 30 3 5 30 3 5 30 3 0 2 7 0 2 8 16 19 12 5 30 3 0 2 7 8 9 2 12 16 2 0 2 7 0 2 8 0 2 7 0 2 8 0 2 8 16 19 11 0 2 8 0 2 8 0 2 7 0 2 8 0 2 8 0 2 8 13 6 3 16 19 12 0 2 7 16 19 11 0 2 8 0 2 8 0 2 8 0 2 8 0 2 8 5 30 3 0 2 8 0 2 12 0 2 8 5 30 3 0 2 8 5 31 3 0.000591804359374609526 45.6106107234954834
1 2 7 0 2 7 0 2 7 0 2 4 0 2 7 0 2 7 0 2 7 1 2 3 16 6 2 12 16 2 0 2 3 16 6 2 0 2 3 1 2 7 5 31 3 1 2 7 0 2 7 0 2 7 12 16 2 0 2 3 5 31 3 0 2 7 0 2 3 0 2 7 0 2 7 0 2 7 1 2 3 1 2 3 0 2 7 0 2 3 16 6 2 1 2 3 0 2 7 16 19 11 5 31 3 0 2 3 16 6 2 5 30 3 0 2 7 0 2 7 0 41.7899106740951538

Current Evaluation = 900(900)
Front Size = 10
0 2 7 0 2 7 1 2 7 1 2 7 0 2 7 5 30 3 0 2 7 1 2 7 12 16 2 0 2 7 0 2 7 0 2 7 0 2 7 12 16 2 5 30 3 17 18 2 16 6 2 12 16 2 1 2 7 0 2 7 0 2 7 0 2 7 13 6 3 5 30 3 0 2 7 1 2 7 0 2 7 5 30 3 0 2 7 17 9 2 8 9 2 1 2 7 0 2 7 0 2 7 5 31 3 1 2 7 1 2 7 13 6 3 0 2 7 17 9 2 0 40.7579793930053711
8 18 2 5 30 3 5 30 3 16 19 12 1 2 1 0 2 8 5 30 3 8 18 2 0 2 8 5 30 3 0 2 8 0 2 8 6 2 8 0 2 8 0 2 8 17 18 2 12 16 2 1 2 8 0 2 8 6 2 8 17 18 2 0 2 8 13 6 3 0 2 8 0 2 8 0 2 8 0 2 8 16 6 2 0 2 8 5 30 3 0 2 8 0 2 8 1 2 8 0 2 8 8 18 2 8 18 2 5 30 3 0 2 8 12 16 2 0 2 8 0.000453426538703972752 45.1495978832244873
1 2 7 12 16 2 0 2 3 12 16 2 1 2 4 0 2 7 0 2 3 1 2 7 0 2 7 12 16 2 1 2 7 0 2 3 0 2 7 0 2 7 1 2 3 0 2 4 5 31 3 0 2 7 0 2 4 0 2 3 12 16 2 8 18 2 16 6 2 8 9 2 0 2 3 5 30 3 1 2 7 1 2 7 0 2 7 17 9 2 0 2 7 0 2 4 1 2 4 0 2 3 0 2 7 12 16 2 16 15 2 16 24 2 0 2 3 5 30 3 0 41.9269176721572876
0 2 11 5 30 3 12 16 2 0 2 11 0 2 7 0 2 7 1 2 7 0 2 7 1 2 11 6 2 7 1 2 11 5 30 3 12 16 2 17 18 2 0 2 11 12 16 2 16 31 2 0 2 7 0 2 7 6 2 7 6 2 11 0 2 7 0 2 7 6 2 11 0 2 7 0 2 7 0 2 7 0 2 7 0 2 11 0 2 7 5 31 3 0 2 7 5 31 3 5 30 3 0 2 11 16 30 2 0 2 11 17 9 2 6 2 11 5 30 3 0 42.5228300094604492
5 30 3 5 30 3 17 18 2 0 2 8 12 16 2 1 2 11 0 2 8 0 2 8 0 2 8 0 2 3 0 2 8 0 2 7 1 2 3 0 2 3 0 2 8 0 2 11 5 30 3 8 9 2 0 2 8 12 16 2 0 2 3 0 2 7 0 2 7 8 18 2 16 19 11 16 18 8 1 2 8 6 2 11 0 2 8 5 30 3 0 2 3 0 2 7 0 2 8 0 2 8 0 2 8 16 19 11 0 2 8 5 30 3 5 30 3 1 2 8 0 45.273665189743042
8 18 2 5 30 3 5 30 3 17 18 2 12 16 2 16 6 2 12 16 2 16 19 12 0 2 3 0 2 7 0 2 7 8 18 2 0 2 7 5 30 3 0 2 7 0 2 7 6 2 8 0 2 8 1 2 3 1 2 3 0 2 7 16 9 11 1 2 7 0 2 8 13 6 3 0 2 8 0 2 8 0 2 8 0 2 7 1 2 4 0 2 7 1 2 7 0 2 8 1 2 8 0 2 7 0 2 7 8 18 2 12 16 2 0 2 7 0 2 8 0.00554211009991587879 42.7026421427726746
5 30 3 5 30 3 12 16 2 1 2 7 0 2 7 0 2 7 12 16 2 0 2 7 0 2 7 0 2 7 0 2 7 0 2 7 0 2 7 16 19 11 1 2 7 1 2 7 16 6 2 0 2 3 16 6 2 1 2 3 6 2 7 16 19 11 0 2 7 0 2 7 0 2 7 0 2 7 0 2 7 1 2 3 16 30 2 0 2 3 0 2 3 0 2 7 0 2 7 0 2 7 0 2 7 8 9 2 0 2 7 6 2 7 1 2 3 0 2 7 0.0456777494528535569 40.9935475587844849
1 2 7 5 30 3 12 16 2 0 2 7 1 2 4 0 2 7 0 2 3 0 2 3 0 2 3 5 30 3 17 9 2 0 2 7 5 30 3 5 30 3 12 16 2 0 2 7 16 6 2 12 16 2 0 2 7 5 30 3 0 2 3 13 6 3 0 2 7 0 2 7 0 2 3 0 2 3 0 2 3 1 2 7 0 2 7 1 2 3 0 2 3 1 2 3 1 2 3 0 2 7 8 18 2 16 6 2 16 9 11 0 2 7 0 2 7 1 2 3 0 42.1340785622596741
5 30 3 5 30 3 5 30 3 5 30 3 17 18 2 12 16 2 12 16 2 8 18 2 16 19 12 0 2 11 0 2 7 17 9 2 0 2 8 0 2 8 12 16 2 6 2 8 16 31 2 0 2 8 1 2 8 0 2 8 6 2 8 0 2 11 0 2 7 13 6 3 6 2 11 0 2 11 0 2 8 0 2 8 6 2 11 0 2 8 5 30 3 0 2 7 0 2 8 0 2 7 1 2 7 1 2 11 0 2 7 5 30 3 0 2 8 0 2 7 4.29309474766556898e-05 43.8746203184127808
1 2 7 5 30 3 0 2 7 12 16 2 0 2 7 1 2 4 0 2 7 0 2 7 1 2 3 12 16 2 1 2 7 1 2 3 1 2 7 0 2 7 0 2 7 0 2 7 5 30 3 0 2 7 0 2 3 0 2 3 12 16 2 8 18 2 17 18 2 1 2 4 0 2 7 5 31 3 1 2 7 6 2 3 0 2 7 0 2 7 16 6 2 0 2 3 0 2 7 5 31 3 0 2 7 16 9 11 16 6 2 0 2 11 0 2 7 0 2 3 0 41.9209737181663513

Current Evaluation = 1350(1350)
Front Size = 10
5 30 3 5 31 3 1 2 7 12 16 2 0 2 7 0 2 4 5 31 3 17 9 2 1 2 4 0 2 7 5 31 3 1 2 7 0 2 7 5 30 3 1 2 7 1 2 7 1 2 7 0 2 7 0 2 7 0 2 7 0 2 7 0 2 7 1 2 7 17 18 2 0 2 7 6 2 7 0 2 7 16 6 2 0 2 7 0 2 7 1 2 4 13 6 3 0 2 7 17 18 2 0 2 7 16 6 2 0 2 11 0 2 7 0 2 7 0 2 7 0 40.610876739025116
5 30 3 5 30 3 17 18 2 0 2 8 12 16 2 1 2 11 0 2 8 0 2 8 0 2 8 0 2 3 0 2 8 0 2 7 1 2 3 0 2 3 0 2 8 0 2 11 5 30 3 8 9 2 0 2 8 12 16 2 0 2 3 0 2 7 0 2 7 8 18 2 16 19 11 16 18 8 1 2 8 6 2 11 0 2 8 5 30 3 0 2 3 0 2 7 0 2 8 0 2 8 0 2 8 16 19 11 0 2 8 5 30 3 5 30 3 1 2 8 0 45.273665189743042
0 2 7 12 16 2 12 16 2 0 2 3 0 2 4 12 16 2 1 2 7 5 30 3 5 30 3 6 2 3 0 2 3 0 2 3 0 2 3 0 2 7 12 16 2 0 2 3 1 2 7 0 2 4 0 2 4 17 18 2 0 2 3 0 2 7 1 2 7 0 2 4 1 2 7 1 2 3 0 2 7 0 2 7 0 2 4 1 2 4 12 16 2 16 6 2 16 6 2 17 9 2 5 31 3 13 6 3 1 2 7 8 18 2 0 2 4 1 2 7 0 41.3964306116104126
5 30 3 5 30 3 17 18 2 1 2 11 12 16 2 0 2 7 0 2 7 0 2 7 1 2 7 0 2 7 6 2 7 0 2 7 0 2 11 0 2 11 1 2 11 0 2 11 5 30 3 17 9 2 0 2 11 12 16 2 0 2 7 0 2 7 0 2 7 8 18 2 0 2 7 16 18 11 0 2 11 0 2 7 6 2 7 5 30 3 0 2 7 0 2 11 1 2 7 0 2 11 0 2 7 16 19 11 0 2 11 5 31 3 5 30 3 0 2 11 0 43.1477729678153992
8 18 2 5 30 3 5 30 3 17 18 2 12 16 2 16 6 2 12 16 2 16 19 12 0 2 3 0 2 7 0 2 7 8 18 2 0 2 7 5 30 3 0 2 7 0 2 7 6 2 8 0 2 8 1 2 3 1 2 3 0 2 7 16 9 11 1 2 7 0 2 8 13 6 3 0 2 8 0 2 8 0 2 8 0 2 7 1 2 4 0 2 7 1 2 7 0 2 8 1 2 8 0 2 7 0 2 7 8 18 2 12 16 2 0 2 7 0 2 8 0.00554211009991587879 42.7026421427726746
1 2 7 5 30 3 5 30 3 17 18 2 12 16 2 16 31 2 12 16 2 0 2 4 6 2 7 0 2 7 12 16 2 0 2 7 5 30 3 1 2 7 0 2 4 0 2 7 0 2 7 0 2 7 1 2 3 17 18 2 0 2 7 0 2 7 0 2 7 0 2 7 5 31 3 1 2 7 0 2 4 1 2 3 16 15 2 8 9 2 6 2 3 0 2 7 0 2 7 6 2 3 1 2 7 0 2 7 1 2 4 0 2 3 0 2 7 0 2 10 0 41.5573446154594421
8 18 2 5 30 3 5 30 3 16 19 12 1 2 1 0 2 8 5 30 3 8 18 2 0 2 8 5 30 3 0 2 8 0 2 8 6 2 8 0 2 8 0 2 8 17 18 2 12 16 2 1 2 8 0 2 8 6 2 8 17 18 2 0 2 8 13 6 3 0 2 8 0 2 8 0 2 8 0 2 8 16 6 2 0 2 8 5 30 3 0 2 8 0 2 8 1 2 8 0 2 8 8 18 2 8 18 2 5 30 3 0 2 8 12 16 2 0 2 8 0.000453426538703972752 45.1495978832244873
5 30 3 5 30 3 17 18 2 12 16 2 13 6 3 12 16 2 1 2 7 16 19 12 1 2 1 0 2 4 0 2 7 8 18 2 0 2 8 0 2 7 0 2 8 0 2 8 6 2 8 0 2 4 0 2 8 17 9 2 0 2 8 0 2 7 0 2 11 1 2 7 0 2 8 0 2 7 1 2 7 0 2 7 16 31 2 0 2 7 1 2 7 17 9 2 0 2 8 1 2 8 1 2 7 1 2 7 0 2 7 1 2 7 0 2 8 1 2 7 0.0118903286920598039 41.9992103576660156
5 30 3 5 30 3 12 16 2 1 2 7 0 2 7 0 2 7 12 16 2 0 2 7 0 2 7 0 2 7 0 2 7 0 2 7 0 2 7 16 19 11 1 2 7 1 2 7 16 6 2 0 2 3 16 6 2 1 2 3 6 2 7 16 19 11 0 2 7 0 2 7 0 2 7 0 2 7 0 2 7 1 2 3 16 30 2 0 2 3 0 2 3 0 2 7 0 2 7 0 2 7 0 2 7 8 9 2 0 2 7 6 2 7 1 2 3 0 2 7 0.0456777494528535569 40.9935475587844849
1 2 7 0 2 7 5 30 3 17 18 2 12 16 2 16 31 2 1 2 4 0 2 4 1 2 7 1 2 7 12 16 2 0 2 7 5 30 3 1 2 7 0 2 3 0 2 4 0 2 7 1 2 7 1 2 7 17 18 2 0 2 7 0 2 3 0 2 7 1 2 7 5 31 3 0 2 3 0 2 7 0 2 7 16 6 2 8 9 2 1 2 11 0 2 3 0 2 3 1 2 7 1 2 7 1 2 7 0 2 7 0 2 3 0 2 7 0 2 7 0 41.1717807054519653

Current Evaluation = 1800(1800)
Front Size = 10
0 2 7 5 31 3 17 18 2 0 2 7 1 2 7 0 2 7 1 2 7 0 2 7 0 2 7 5 31 3 1 2 7 1 2 7 0 2 7 0 2 7 1 2 7 1 2 7 0 2 7 1 2 7 0 2 7 17 18 2 17 18 2 6 2 7 1 2 7 0 2 7 0 2 7 13 6 3 0 2 7 0 2 7 17 18 2 0 2 7 5 30 3 0 2 7 16 15 2 1 2 7 0 2 7 0 2 7 0 2 7 1 2 7 6 2 7 5 31 3 0 40.3440037965774536
0 2 7 12 16 2 12 16 2 0 2 3 0 2 4 12 16 2 1 2 7 5 30 3 5 30 3 6 2 3 0 2 3 0 2 3 0 2 3 0 2 7 12 16 2 0 2 3 1 2 7 0 2 4 0 2 4 17 18 2 0 2 3 0 2 7 1 2 7 0 2 4 1 2 7 1 2 3 0 2 7 0 2 7 0 2 4 1 2 4 12 16 2 16 6 2 16 6 2 17 9 2 5 31 3 13 6 3 1 2 7 8 18 2 0 2 4 1 2 7 0 41.3964306116104126
5 30 3 5 30 3 17 18 2 0 2 8 12 16 2 1 2 11 0 2 8 0 2 8 0 2 8 0 2 3 0 2 8 0 2 7 1 2 3 0 2 3 0 2 8 0 2 11 5 30 3 8 9 2 0 2 8 12 16 2 0 2 3 0 2 7 0 2 7 8 18 2 16 19 11 16 18 8 1 2 8 6 2 11 0 2 8 5 30 3 0 2 3 0 2 7 0 2 8 0 2 8 0 2 8 16 19 11 0 2 8 5 30 3 5 30 3 1 2 8 0 45.273665189743042
15 2 11 5 30 3 5 30 3 5 30 3 5 30 3 17 18 2 12 16 2 13 6 3 16 6 2 5 30 3 12 16 2 0 2 7 1 2 7 0 2 7 17 18 2 0 2 7 1 2 3 0 2 7 1 2 7 0 2 7 17 9 2 0 2 10 0 2 10 1 2 7 0 2 7 0 2 3 0 2 7 0 2 4 0 2 7 0 2 7 0 2 7 1 2 7 0 2 7 1 2 7 1 2 7 8 18 2 0 2 7 0 2 7 1 2 7 0 2 10 0 41.2943384647369385
8 18 2 5 31 3 5 30 3 5 30 3 5 30 3 1 2 3 12 16 2 16 19 11 16 6 2 5 30 3 16 6 2 16 19 11 0 2 3 0 2 3 0 2 7 0 2 3 1 2 7 0 2 7 0 2 3 0 2 7 0 2 7 0 2 7 1 2 11 0 2 7 17 18 2 0 2 7 0 2 3 0 2 7 6 2 7 0 2 7 0 2 11 0 2 7 1 2 7 0 2 3 0 2 7 0 2 7 0 2 1 5 30 3 0 2 11 0 2 7 0 42.7769315838813782
8 18 2 5 30 3 5 30 3 16 19 12 1 2 1 0 2 8 5 30 3 8 18 2 0 2 8 5 30 3 0 2 8 0 2 8 6 2 8 0 2 8 0 2 8 17 18 2 12 16 2 1 2 8 0 2 8 6 2 8 17 18 2 0 2 8 13 6 3 0 2 8 0 2 8 0 2 8 0 2 8 16 6 2 0 2 8 5 30 3 0 2 8 0 2 8 1 2 8 0 2 8 8 18 2 8 18 2 5 30 3 0 2 8 12 16 2 0 2 8 0.000453426538703972752 45.1495978832244873
5 30 3 5 30 3 17 18 2 12 16 2 13 6 3 12 16 2 1 2 7 16 19 12 1 2 1 0 2 4 0 2 7 8 18 2 0 2 8 0 2 7 0 2 8 0 2 8 6 2 8 0 2 4 0 2 8 17 9 2 0 2 8 0 2 7 0 2 11 1 2 7 0 2 8 0 2 7 1 2 7 0 2 7 16 31 2 0 2 7 1 2 7 17 9 2 0 2 8 1 2 8 1 2 7 1 2 7 0 2 7 1 2 7 0 2 8 1 2 7 0.0118903286920598039 41.9992103576660156
5 30 3 5 30 3 17 18 2 12 16 2 1 2 11 0 2 7 0 2 11 5 30 3 12 16 2 0 2 7 0 2 7 8 18 2 16 19 11 5 30 3 0 2 7 5 30 3 0 2 7 0 2 8 1 2 11 0 2 8 0 2 11 5 31 3 1 2 3 0 2 3 0 2 11 8 9 2 16 18 11 0 2 7 0 2 7 0 2 11 0 2 7 0 2 11 0 2 3 0 2 8 0 2 8 6 2 7 0 2 7 0 2 8 5 30 3 1 2 8 0.0177181415477326472 44.4152810573577881
5 30 3 5 31 3 17 18 2 0 2 7 5 31 3 6 2 7 1 2 7 0 2 7 0 2 7 0 2 7 5 31 3 6 2 7 0 2 7 12 16 2 1 2 7 0 2 7 0 2 7 0 2 7 0 2 7 5 30 3 12 16 2 5 30 3 16 19 11 0 2 7 0 2 7 0 2 7 0 2 7 1 2 11 16 6 2 0 2 7 0 2 7 0 2 7 0 2 7 0 2 7 0 2 7 17 1 2 16 6 2 0 2 7 0 2 7 0 2 7 0 41.6497724056243896
17 18 2 0 2 7 5 30 3 17 18 2 12 16 2 0 2 7 0 2 7 1 2 4 0 2 4 0 2 7 5 30 3 1 2 7 1 2 7 0 2 3 15 2 11 1 2 7 13 6 3 1 2 7 0 2 7 6 2 7 0 2 7 0 2 7 12 16 2 0 2 7 17 9 2 5 31 3 1 2 4 0 2 7 0 2 4 0 2 3 1 2 7 0 2 7 1 2 7 1 2 7 1 2 7 1 2 4 0 2 7 0 2 4 17 18 2 0 2 4 0 40.5759547352790833

Current Evaluation = 2250(2250)
Front Size = 10
0 2 7 5 31 3 17 18 2 0 2 7 1 2 7 0 2 7 1 2 7 0 2 7 0 2 7 5 31 3 1 2 7 1 2 7 0 2 7 0 2 7 1 2 7 1 2 7 0 2 7 1 2 7 0 2 7 17 18 2 17 18 2 6 2 7 1 2 7 0 2 7 0 2 7 13 6 3 0 2 7 0 2 7 17 18 2 0 2 7 5 30 3 0 2 7 16 15 2 1 2 7 0 2 7 0 2 7 0 2 7 1 2 7 6 2 7 5 31 3 0 40.3440037965774536
0 2 7 5 30 3 17 18 2 6 2 11 0 2 3 0 2 7 0 2 4 0 2 7 0 2 4 0 2 7 1 2 4 0 2 7 1 2 7 13 6 3 5 31 3 5 30 3 1 2 7 1 2 3 17 9 2 0 2 4 12 16 2 0 2 4 17 18 2 1 2 7 1 2 3 12 16 2 12 16 2 0 2 7 16 6 2 8 18 2 0 2 7 0 2 7 1 2 7 0 2 4 12 16 2 1 2 4 1 2 11 0 2 3 0 2 7 0 2 7 0 41.1810716390609741
5 30 3 5 30 3 17 18 2 0 2 7 0 2 7 0 2 3 0 2 7 0 2 7 0 2 7 12 16 2 0 2 3 1 2 11 0 2 7 0 2 7 0 2 7 5 30 3 12 16 2 1 2 7 0 2 7 16 30 2 13 6 3 8 18 2 5 30 3 1 2 7 0 2 7 1 2 7 0 2 7 12 16 2 13 6 3 17 9 2 17 9 2 0 2 7 0 2 7 1 2 7 0 2 7 1 2 7 5 30 3 0 2 4 1 2 7 1 2 7 0 40.9019234180450439
5 30 3 5 30 3 17 18 2 0 2 8 12 16 2 1 2 11 0 2 8 0 2 8 0 2 8 0 2 3 0 2 8 0 2 7 1 2 3 0 2 3 0 2 8 0 2 11 5 30 3 8 9 2 0 2 8 12 16 2 0 2 3 0 2 7 0 2 7 8 18 2 16 19 11 16 18 8 1 2 8 6 2 11 0 2 8 5 30 3 0 2 3 0 2 7 0 2 8 0 2 8 0 2 8 16 19 11 0 2 8 5 30 3 5 30 3 1 2 8 0 45.273665189743042
16 19 12 5 30 3 0 2 3 5 31 3 0 2 7 12 16 2 0 2 7 5 30 3 0 2 7 0 2 7 0 2 3 0 2 7 16 19 11 0 2 7 0 2 7 17 18 2 1 2 7 6 2 7 5 31 3 5 30 3 16 6 2 1 2 3 16 6 2 0 2 3 0 2 3 1 2 3 8 9 2 1 2 7 1 2 7 0 2 7 1 2 7 0 2 7 0 2 7 0 2 7 0 2 7 0 2 7 0 2 7 1 2 3 0 2 3 0 2 3 0 42.1945117115974426
5 30 3 5 31 3 17 18 2 0 2 7 5 31 3 6 2 7 1 2 7 0 2 7 0 2 7 0 2 7 5 31 3 6 2 7 0 2 7 12 16 2 1 2 7 0 2 7 0 2 7 0 2 7 0 2 7 5 30 3 12 16 2 5 30 3 16 19 11 0 2 7 0 2 7 0 2 7 0 2 7 1 2 11 16 6 2 0 2 7 0 2 7 0 2 7 0 2 7 0 2 7 0 2 7 17 1 2 16 6 2 0 2 7 0 2 7 0 2 7 0 41.6497724056243896
17 18 2 17 18 2 13 6 3 5 30 3 8 18 2 1 2 8 8 18 2 1 2 7 0 2 7 1 2 7 0 2 7 0 2 7 5 31 3 6 2 8 1 2 7 0 2 8 0 2 7 5 30 3 6 2 8 0 2 8 1 2 7 0 2 7 17 18 2 16 6 2 1 2 7 8 18 2 0 2 8 0 2 7 0 2 8 5 30 3 5 30 3 0 2 7 16 19 12 0 2 8 0 2 7 1 2 1 0 2 7 8 18 2 0 2 8 0 2 8 0.00204244948023761226 42.528476357460022
8 18 2 5 30 3 5 30 3 16 19 12 1 2 1 0 2 8 5 30 3 8 18 2 0 2 8 5 30 3 0 2 8 0 2 8 6 2 8 0 2 8 0 2 8 17 18 2 12 16 2 1 2 8 0 2 8 6 2 8 17 18 2 0 2 8 13 6 3 0 2 8 0 2 8 0 2 8 0 2 8 16 6 2 0 2 8 5 30 3 0 2 8 0 2 8 1 2 8 0 2 8 8 18 2 8 18 2 5 30 3 0 2 8 12 16 2 0 2 8 0.000453426538703972752 45.1495978832244873
5 30 3 5 30 3 17 18 2 12 16 2 1 2 11 0 2 7 0 2 11 5 30 3 12 16 2 0 2 7 0 2 7 8 18 2 16 19 11 5 30 3 0 2 7 5 30 3 0 2 7 0 2 8 1 2 11 0 2 8 0 2 11 5 31 3 1 2 3 0 2 3 0 2 11 8 9 2 16 18 11 0 2 7 0 2 7 0 2 11 0 2 7 0 2 11 0 2 3 0 2 8 0 2 8 6 2 7 0 2 7 0 2 8 5 30 3 1 2 8 0.0177181415477326472 44.4152810573577881
5 30 3 8 9 2 1 2 7 1 2 7 1 2 4 0 2 3 0 2 4 1 2 3 0 2 3 0 2 3 5 30 3 0 2 7 0 2 4 0 2 7 0 2 3 0 2 7 0 2 11 16 19 11 0 2 3 5 30 3 0 2 7 16 19 11 1 2 7 5 30 3 16 6 2 0 2 11 0 2 7 1 2 3 6 2 3 0 2 7 0 2 3 17 18 2 1 2 3 0 2 3 0 2 3 1 2 7 17 9 2 0 2 7 5 30 3 0 2 7 0 42.4051947593688965

Current Evaluation = 2700(2700)
Front Size = 10
0 2 7 5 31 3 17 18 2 0 2 7 1 2 7 0 2 7 1 2 7 0 2 7 0 2 7 5 31 3 1 2 7 1 2 7 0 2 7 0 2 7 1 2 7 1 2 7 0 2 7 1 2 7 0 2 7 17 18 2 17 18 2 6 2 7 1 2 7 0 2 7 0 2 7 13 6 3 0 2 7 0 2 7 17 18 2 0 2 7 5 30 3 0 2 7 16 15 2 1 2 7 0 2 7 0 2 7 0 2 7 1 2 7 6 2 7 5 31 3 0 40.3440037965774536
0 2 7 5 30 3 17 18 2 6 2 11 0 2 3 0 2 7 0 2 4 0 2 7 0 2 4 0 2 7 1 2 4 0 2 7 1 2 7 13 6 3 5 31 3 5 30 3 1 2 7 1 2 3 17 9 2 0 2 4 12 16 2 0 2 4 17 18 2 1 2 7 1 2 3 12 16 2 12 16 2 0 2 7 16 6 2 8 18 2 0 2 7 0 2 7 1 2 7 0 2 4 12 16 2 1 2 4 1 2 11 0 2 3 0 2 7 0 2 7 0 41.1810716390609741
5 30 3 1 2 7 17 18 2 0 2 3 1 2 7 0 2 7 0 2 7 0 2 7 0 2 7 12 16 2 0 2 4 0 2 7 0 2 7 0 2 3 0 2 7 5 30 3 12 16 2 1 2 7 1 2 11 16 6 2 13 6 3 8 18 2 5 30 3 1 2 7 0 2 7 1 2 7 1 2 7 12 16 2 13 6 3 17 9 2 17 9 2 0 2 7 0 2 7 0 2 3 0 2 7 0 2 7 5 30 3 0 2 3 1 2 7 1 2 7 0 40.8761054277420044
5 31 3 0 2 7 5 31 3 5 30 3 1 2 4 0 2 7 0 2 7 0 2 7 0 2 7 0 2 7 0 2 7 1 2 11 0 2 7 5 30 3 16 6 2 17 9 2 0 2 7 16 19 11 1 2 4 5 31 3 16 19 11 17 9 2 0 2 7 12 16 2 0 2 3 0 2 7 0 2 7 1 2 7 6 2 7 1 2 7 0 2 7 0 2 7 6 2 7 0 2 7 1 2 4 1 2 7 0 2 7 0 2 7 0 2 7 0 2 7 0 41.5772695541381836
0 2 7 5 31 3 1 2 7 1 2 7 5 30 3 5 31 3 0 2 7 0 2 7 1 2 7 1 2 7 0 2 11 1 2 7 0 2 7 1 2 7 8 18 2 0 2 7 0 2 4 0 2 11 0 2 7 5 30 3 6 2 11 1 2 4 17 18 2 1 2 7 0 2 11 5 30 3 0 2 7 0 2 7 17 18 2 16 6 2 0 2 7 17 18 2 16 6 2 0 2 7 0 2 7 0 2 3 0 2 4 0 2 7 0 2 11 1 2 7 0 41.2060920000076294
5 30 3 5 30 3 17 18 2 0 2 11 12 16 2 0 2 8 0 2 11 0 2 7 0 2 8 0 2 8 5 30 3 0 2 8 12 16 2 8 18 2 1 2 8 0 2 8 5 30 3 0 2 11 0 2 8 0 2 8 0 2 11 5 30 3 5 30 3 1 2 8 8 18 2 1 2 11 8 18 2 1 2 7 17 18 2 0 2 11 0 2 11 6 2 11 16 6 2 0 2 8 6 2 7 0 2 8 0 2 8 0 2 11 0 2 7 16 19 11 0 44.5339835286140442
5 30 3 5 30 3 0 2 7 0 2 7 0 2 7 1 2 11 5 30 3 5 31 3 5 30 3 6 2 7 16 31 2 0 2 11 16 9 11 16 30 2 0 2 7 1 2 7 0 2 7 0 2 7 1 2 3 1 2 7 0 2 7 0 2 11 0 2 7 0 2 7 1 2 7 0 2 3 5 30 3 0 2 3 17 9 2 0 2 7 17 18 2 0 2 3 1 2 7 0 2 7 0 2 7 0 2 11 1 2 11 0 2 11 0 2 7 1 2 7 0 41.8703058958053589
5 30 3 8 9 2 1 2 7 1 2 7 1 2 4 0 2 3 0 2 4 1 2 3 0 2 3 0 2 3 5 30 3 0 2 7 0 2 4 0 2 7 0 2 3 0 2 7 0 2 11 16 19 11 0 2 3 5 30 3 0 2 7 16 19 11 1 2 7 5 30 3 16 6 2 0 2 11 0 2 7 1 2 3 6 2 3 0 2 7 0 2 3 17 18 2 1 2 3 0 2 3 0 2 3 1 2 7 17 9 2 0 2 7 5 30 3 0 2 7 0 42.4051947593688965
17 18 2 17 18 2 13 6 3 5 30 3 0 2 7 0 2 8 12 16 2 1 2 7 0 2 7 16 19 12 0 2 7 0 2 7 5 31 3 5 30 3 1 2 7 5 30 3 0 2 7 0 2 8 1 2 7 0 2 8 1 2 7 0 2 7 6 2 8 6 2 7 0 2 8 0 2 8 0 2 8 0 2 8 0 2 8 17 18 2 0 2 7 0 2 8 8 18 2 1 2 1 6 2 8 0 2 7 0 2 8 1 2 7 5 30 3 0 2 8 0.000320186892790431075 43.2617525458335876
1 2 11 5 30 3 16 20 12 12 16 2 0 2 7 5 31 3 12 16 2 8 18 2 5 30 3 5 30 3 0 2 7 1 2 7 1 2 7 0 2 7 0 2 7 0 2 7 1 2 11 0 2 7 0 2 7 12 16 2 0 2 7 0 2 7 12 16 2 0 2 7 0 2 7 5 30 3 6 2 7 0 2 7 8 18 2 17 18 2 0 2 7 16 15 2 0 2 7 8 18 2 0 2 7 0 2 7 17 9 2 1 2 11 0 2 7 0 2 7 0 42.184837281703949

Current Evaluation = 3150(3150)
Front Size = 10
0 2 7 1 2 7 17 18 2 1 2 7 1 2 7 0 2 7 1 2 7 0 2 7 0 2 7 5 31 3 1 2 7 1 2 7 0 2 7 0 2 7 1 2 7 1 2 11 0 2 7 0 2 7 0 2 7 17 18 2 17 18 2 1 2 7 1 2 7 0 2 7 0 2 7 13 6 3 0 2 7 0 2 7 17 18 2 1 2 7 5 31 3 0 2 7 16 6 2 0 2 7 0 2 4 0 2 7 0 2 7 1 2 7 1 2 7 5 31 3 0 40.0670827627182007
5 30 3 17 18 2 12 16 2 0 2 7 12 16 2 8 18 2 1 2 7 0 2 7 5 30 3 0 2 7 1 2 4 0 2 7 0 2 7 5 31 3 8 18 2 17 18 2 0 2 7 1 2 7 0 2 10 16 6 2 1 2 11 5 30 3 6 2 7 0 2 4 0 2 7 0 2 7 0 2 11 0 2 4 0 2 11 0 2 7 1 2 4 0 2 1 1 2 7 1 2 7 1 2 3 1 2 7 0 2 7 17 9 2 0 2 7 0 2 7 0 41.6001628041267395
5 30 3 8 9 2 1 2 7 1 2 7 1 2 4 0 2 3 0 2 4 1 2 3 0 2 3 0 2 3 5 30 3 0 2 7 0 2 4 0 2 7 0 2 3 0 2 7 0 2 11 16 19 11 0 2 3 5 30 3 0 2 7 16 19 11 1 2 7 5 30 3 16 6 2 0 2 11 0 2 7 1 2 3 6 2 3 0 2 7 0 2 3 17 18 2 1 2 3 0 2 3 0 2 3 1 2 7 17 9 2 0 2 7 5 30 3 0 2 7 0 42.4051947593688965
1 2 7 5 30 3 5 30 3 1 2 3 0 2 7 0 2 7 0 2 7 0 2 3 0 2 3 0 2 7 17 18 2 0 2 7 0 2 7 5 30 3 0 2 7 0 2 7 1 2 7 0 2 7 6 2 7 0 2 7 5 30 3 0 2 3 16 6 2 1 2 3 0 2 7 0 2 3 5 30 3 12 16 2 1 2 3 1 2 4 0 2 7 13 6 3 12 16 2 0 2 7 0 2 7 12 16 2 8 1 2 17 18 2 17 9 2 0 2 7 0 41.6044403910636902
5 30 3 5 30 3 17 18 2 0 2 11 12 16 2 0 2 8 0 2 11 0 2 7 0 2 8 0 2 8 5 30 3 0 2 8 12 16 2 8 18 2 1 2 8 0 2 8 5 30 3 0 2 11 0 2 8 0 2 8 0 2 11 5 30 3 5 30 3 1 2 8 8 18 2 1 2 11 8 18 2 1 2 7 17 18 2 0 2 11 0 2 11 6 2 11 16 6 2 0 2 8 6 2 7 0 2 8 0 2 8 0 2 11 0 2 7 16 19 11 0 44.5339835286140442
17 18 2 17 18 2 13 6 3 5 30 3 0 2 7 0 2 8 12 16 2 1 2 7 0 2 7 16 19 12 0 2 7 0 2 7 5 31 3 5 30 3 1 2 7 5 30 3 0 2 7 0 2 8 1 2 7 0 2 8 1 2 7 0 2 7 6 2 8 6 2 7 0 2 8 0 2 8 0 2 8 0 2 8 0 2 8 17 18 2 0 2 7 0 2 8 8 18 2 1 2 1 6 2 8 0 2 7 0 2 8 1 2 7 5 30 3 0 2 8 0.000320186892790431075 43.2617525458335876
5 30 3 17 1 2 12 16 2 0 2 7 6 2 7 8 18 2 1 2 7 0 2 7 5 30 3 12 16 2 5 30 3 0 2 7 0 2 7 5 30 3 17 18 2 17 18 2 0 2 7 0 2 7 6 2 7 1 2 11 0 2 7 5 31 3 0 2 7 0 2 7 1 2 7 8 18 2 0 2 7 16 15 2 0 2 7 0 2 7 12 16 2 0 2 7 0 2 7 0 2 7 6 2 7 0 2 7 0 2 7 0 2 7 0 2 7 1 2 7 0 41.6350894570350647
5 30 3 5 30 3 17 18 2 12 16 2 0 2 7 12 16 2 8 18 2 1 2 11 1 2 7 17 18 2 6 2 11 16 6 2 0 2 7 0 2 11 0 2 8 0 2 7 1 2 3 13 6 3 0 2 7 0 2 8 1 2 8 0 2 8 5 30 3 12 16 2 0 2 8 1 2 4 0 2 7 0 2 3 12 16 2 1 2 7 1 2 4 8 18 2 0 2 11 0 2 11 0 2 7 6 2 7 0 2 8 1 2 7 0 2 11 17 9 2 6.04191261395711177e-05 42.3339391350746155
5 30 3 17 18 2 12 16 2 0 2 7 12 16 2 8 18 2 1 2 11 16 30 2 1 2 7 0 2 4 5 31 3 5 30 3 0 2 7 0 2 7 0 2 7 0 2 7 5 30 3 0 2 7 0 2 7 6 2 7 16 30 2 1 2 11 0 2 7 0 2 11 12 16 2 5 30 3 1 2 11 0 2 7 1 2 11 0 2 7 8 18 2 17 18 2 1 2 11 0 2 11 0 2 11 0 2 7 0 2 7 0 2 11 0 2 7 1 2 7 0 42.1137626767158508
5 30 3 17 18 2 12 16 2 0 2 7 12 16 2 8 18 2 1 2 7 16 6 2 6 2 7 0 2 7 5 31 3 0 2 11 0 2 7 0 2 11 0 2 4 0 2 8 0 2 7 0 2 7 1 2 8 0 2 8 5 30 3 0 2 11 0 2 7 0 2 8 0 2 11 5 31 3 5 30 3 0 2 7 17 9 2 1 2 7 0 2 7 1 2 7 0 2 11 1 2 7 1 2 7 0 2 8 0 2 8 0 2 4 0 2 11 16 19 11 0 43.1265472769737244

Current Evaluation = 3600(3600)
Front Size = 10
0 2 7 1 2 7 17 18 2 1 2 7 1 2 7 0 2 7 1 2 7 0 2 7 0 2 7 5 31 3 1 2 7 1 2 7 0 2 7 0 2 7 1 2 7 1 2 11 0 2 7 0 2 7 0 2 7 17 18 2 17 18 2 1 2 7 1 2 7 0 2 7 0 2 7 13 6 3 0 2 7 0 2 7 17 18 2 1 2 7 5 31 3 0 2 7 16 6 2 0 2 7 0 2 4 0 2 7 0 2 7 1 2 7 1 2 7 5 31 3 0 40.0670827627182007
5 30 3 17 18 2 12 16 2 0 2 7 12 16 2 17 18 2 0 2 11 0 2 7 5 30 3 0 2 7 5 30 3 8 18 2 17 9 2 0 2 3 0 2 7 0 2 7 0 2 3 1 2 7 0 2 7 1 2 7 1 2 4 0 2 4 0 2 7 1 2 7 1 2 4 0 2 7 12 16 2 0 2 7 0 2 7 1 2 7 1 2 11 1 2 7 13 6 3 0 2 7 13 6 3 1 2 7 17 9 2 1 2 7 0 2 7 1 2 7 0 40.6077495813369751
5 30 3 17 18 2 12 16 2 0 2 7 12 16 2 8 18 2 1 2 11 16 30 2 1 2 7 0 2 4 5 31 3 5 30 3 0 2 7 0 2 7 0 2 7 0 2 7 5 30 3 0 2 7 0 2 7 6 2 7 16 30 2 1 2 11 0 2 7 0 2 11 12 16 2 5 30 3 1 2 11 0 2 7 1 2 11 0 2 7 8 18 2 17 18 2 1 2 11 0 2 11 0 2 11 0 2 7 0 2 7 0 2 11 0 2 7 1 2 7 0 42.1137626767158508
1 2 7 5 30 3 5 30 3 1 2 3 0 2 7 0 2 7 0 2 7 0 2 3 0 2 3 0 2 7 17 18 2 0 2 7 0 2 7 5 30 3 0 2 7 0 2 7 1 2 7 0 2 7 6 2 7 0 2 7 5 30 3 0 2 3 16 6 2 1 2 3 0 2 7 0 2 3 5 30 3 12 16 2 1 2 3 1 2 4 0 2 7 13 6 3 12 16 2 0 2 7 0 2 7 12 16 2 8 1 2 17 18 2 17 9 2 0 2 7 0 41.6044403910636902
5 30 3 5 30 3 17 18 2 0 2 11 12 16 2 0 2 8 0 2 11 0 2 7 0 2 8 0 2 8 5 30 3 0 2 8 12 16 2 8 18 2 1 2 8 0 2 8 5 30 3 0 2 11 0 2 8 0 2 8 0 2 11 5 30 3 5 30 3 1 2 8 8 18 2 1 2 11 8 18 2 1 2 7 17 18 2 0 2 11 0 2 11 6 2 11 16 6 2 0 2 8 6 2 7 0 2 8 0 2 8 0 2 11 0 2 7 16 19 11 0 44.5339835286140442
5 30 3 8 9 2 1 2 7 1 2 7 1 2 4 0 2 3 0 2 4 1 2 3 0 2 3 0 2 3 5 30 3 0 2 7 0 2 4 0 2 7 0 2 3 0 2 7 0 2 11 16 19 11 0 2 3 5 30 3 0 2 7 16 19 11 1 2 7 5 30 3 16 6 2 0 2 11 0 2 7 1 2 3 6 2 3 0 2 7 0 2 3 17 18 2 1 2 3 0 2 3 0 2 3 1 2 7 17 9 2 0 2 7 5 30 3 0 2 7 0 42.4051947593688965
5 30 3 5 30 3 17 18 2 0 2 7 12 16 2 0 2 3 0 2 11 0 2 7 0 2 7 0 2 3 1 2 7 0 2 8 12 16 2 8 18 2 0 2 7 1 2 7 5 30 3 0 2 7 0 2 12 0 2 0 0 2 8 5 30 3 5 30 3 0 2 3 8 18 2 1 2 7 8 18 2 1 2 7 17 18 2 1 2 7 0 2 7 1 2 7 16 6 2 0 2 11 0 2 7 1 2 3 0 2 7 0 2 4 0 2 12 16 19 11 0 43.1200019121170044
0 2 4 17 18 2 0 2 7 0 2 11 12 16 2 8 18 2 1 2 4 8 9 2 0 2 7 1 2 7 0 2 4 12 16 2 6 2 7 17 18 2 0 2 7 0 2 7 1 2 7 0 2 4 17 18 2 5 30 3 0 2 1 5 30 3 1 2 4 1 2 7 1 2 7 5 31 3 1 2 7 0 2 7 0 2 7 0 2 7 0 2 4 0 2 7 1 2 7 17 18 2 1 2 11 0 2 4 0 2 7 0 2 12 1 2 7 1 2 11 0 41.3712068200111389
17 18 2 17 18 2 13 6 3 5 30 3 0 2 7 0 2 8 12 16 2 1 2 7 0 2 7 16 19 12 0 2 7 0 2 7 5 31 3 5 30 3 1 2 7 5 30 3 0 2 7 0 2 8 1 2 7 0 2 8 1 2 7 0 2 7 6 2 8 6 2 7 0 2 8 0 2 8 0 2 8 0 2 8 0 2 8 17 18 2 0 2 7 0 2 8 8 18 2 1 2 1 6 2 8 0 2 7 0 2 8 1 2 7 5 30 3 0 2 8 0.000320186892790431075 43.2617525458335876
5 30 3 17 1 2 12 16 2 0 2 7 6 2 7 8 18 2 1 2 7 0 2 7 1 2 7 12 16 2 5 30 3 0 2 7 0 2 7 5 30 3 17 18 2 17 18 2 1 2 7 0 2 7 0 2 7 1 2 7 0 2 7 5 31 3 0 2 7 0 2 7 1 2 7 8 18 2 0 2 3 16 15 2 1 2 7 0 2 7 12 16 2 0 2 7 0 2 7 0 2 7 0 2 7 0 2 7 0 2 7 0 2 7 0 2 7 6 2 7 0 41.3980015516281128

Current Evaluation = 4050(4050)
Front Size = 10
0 2 7 1 2 7 17 18 2 1 2 7 1 2 7 0 2 7 1 2 7 0 2 7 0 2 7 5 31 3 1 2 7 1 2 7 0 2 7 0 2 7 1 2 7 1 2 11 0 2 7 0 2 7 0 2 7 17 18 2 17 18 2 1 2 7 1 2 7 0 2 7 0 2 7 13 6 3 0 2 7 0 2 7 17 18 2 1 2 7 5 31 3 0 2 7 16 6 2 0 2 7 0 2 4 0 2 7 0 2 7 1 2 7 1 2 7 5 31 3 0 40.0670827627182007
1 2 7 17 18 2 1 2 7 1 2 7 0 2 7 0 2 7 0 2 7 1 2 7 17 18 2 0 2 7 0 2 4 5 31 3 0 2 4 1 2 7 0 2 4 5 31 3 0 2 7 0 2 7 1 2 7 0 2 4 1 2 7 1 2 7 0 2 7 0 2 7 1 2 3 5 30 3 17 9 2 0 2 7 1 2 11 16 30 2 1 2 7 0 2 7 0 2 7 1 2 7 1 2 7 8 9 2 0 2 3 0 2 7 0 2 7 12 16 2 0 40.7372218370437622
5 30 3 8 9 2 1 2 7 1 2 7 1 2 4 0 2 3 0 2 4 1 2 3 0 2 3 0 2 3 5 30 3 0 2 7 0 2 4 0 2 7 0 2 3 0 2 7 0 2 11 16 19 11 0 2 3 5 30 3 0 2 7 16 19 11 1 2 7 5 30 3 16 6 2 0 2 11 0 2 7 1 2 3 6 2 3 0 2 7 0 2 3 17 18 2 1 2 3 0 2 3 0 2 3 1 2 7 17 9 2 0 2 7 5 30 3 0 2 7 0 42.4051947593688965
1 2 4 5 30 3 17 18 2 1 2 7 0 2 3 0 2 7 5 31 3 0 2 7 16 6 2 0 2 7 0 2 7 1 2 7 0 2 7 0 2 7 0 2 7 0 2 7 1 2 7 0 2 7 0 2 7 0 2 7 0 2 7 0 2 7 0 2 7 0 2 7 5 31 3 1 2 7 1 2 7 6 2 4 12 16 2 5 31 3 16 6 2 16 20 12 1 2 7 1 2 7 17 9 2 0 2 4 5 31 3 0 2 7 0 2 7 0 2 7 0 40.9629817605018616
5 30 3 5 30 3 17 18 2 0 2 11 12 16 2 0 2 8 0 2 11 0 2 7 0 2 8 0 2 8 5 30 3 0 2 8 12 16 2 8 18 2 1 2 8 0 2 8 5 30 3 0 2 11 0 2 8 0 2 8 0 2 11 5 30 3 5 30 3 1 2 8 8 18 2 1 2 11 8 18 2 1 2 7 17 18 2 0 2 11 0 2 11 6 2 11 16 6 2 0 2 8 6 2 7 0 2 8 0 2 8 0 2 11 0 2 7 16 19 11 0 44.5339835286140442
1 2 7 5 30 3 5 30 3 1 2 3 0 2 7 0 2 7 0 2 7 0 2 3 0 2 3 0 2 7 17 18 2 0 2 7 0 2 7 5 30 3 0 2 7 0 2 7 1 2 7 0 2 7 6 2 7 0 2 7 5 30 3 0 2 3 16 6 2 1 2 3 0 2 7 0 2 3 5 30 3 12 16 2 1 2 3 1 2 4 0 2 7 13 6 3 12 16 2 0 2 7 0 2 7 12 16 2 8 1 2 17 18 2 17 9 2 0 2 7 0 41.6044403910636902
5 30 3 17 18 2 0 2 7 0 2 7 5 31 3 0 2 7 0 2 7 0 2 13 1 2 1 1 2 7 0 2 7 0 2 7 0 2 7 0 2 7 0 2 7 0 2 7 0 2 7 0 2 7 12 16 2 0 2 7 16 6 2 16 6 2 16 6 2 0 2 7 6 2 7 6 2 7 5 31 3 1 2 7 13 6 3 12 16 2 5 31 3 5 30 3 0 2 7 0 2 7 0 2 7 17 18 2 5 30 3 0 2 7 1 2 13 0 2 7 0 41.314875602722168
5 30 3 1 2 7 5 30 3 6 2 7 0 2 7 0 2 7 1 2 7 0 2 7 0 2 3 1 2 7 1 2 7 1 2 7 0 2 7 17 9 2 5 30 3 0 2 7 8 18 2 16 6 2 0 2 7 0 2 3 0 2 7 0 2 4 1 2 3 0 2 7 1 2 7 1 2 4 0 2 7 0 2 7 0 2 7 1 2 7 0 2 1 0 2 7 13 6 3 5 31 3 0 2 3 0 2 7 12 16 2 17 9 2 12 16 2 17 18 2 0 41.1719186902046204
5 30 3 17 18 2 12 16 2 0 2 7 12 16 2 8 18 2 1 2 11 16 30 2 1 2 7 0 2 4 5 31 3 5 30 3 0 2 7 0 2 7 0 2 7 0 2 7 5 30 3 0 2 7 0 2 7 6 2 7 16 30 2 1 2 11 0 2 7 0 2 11 12 16 2 5 30 3 1 2 11 0 2 7 1 2 11 0 2 7 8 18 2 17 18 2 1 2 11 0 2 11 0 2 11 0 2 7 0 2 7 0 2 11 0 2 7 1 2 7 0 42.1137626767158508
5 30 3 17 18 2 0 2 7 0 2 7 0 2 7 0 2 7 0 2 7 0 2 7 1 2 7 1 2 11 0 2 7 5 30 3 0 2 7 0 2 7 0 2 7 5 30 3 0 2 7 0 2 7 0 2 7 0 2 7 1 2 7 1 2 7 0 2 7 0 2 7 1 2 7 5 30 3 17 9 2 15 2 11 1 2 11 16 15 2 17 18 2 5 31 3 6 2 11 1 2 3 16 19 11 13 6 3 8 9 2 8 18 2 16 30 2 1 2 7 0.0427729890517144773 40.9753406047821045

Current Evaluation = 4500(4500)
Front Size = 10
1 2 7 0 2 7 0 2 7 1 2 7 1 2 7 1 2 7 0 2 7 0 2 7 0 2 7 0 2 4 0 2 7 0 2 7 0 2 7 0 2 7 0 2 7 1 2 7 0 2 7 13 6 3 5 31 3 0 2 7 17 18 2 5 31 3 1 2 11 17 18 2 1 2 7 0 2 7 1 2 7 0 2 7 0 2 7 0 2 7 1 2 7 16 6 2 1 2 7 1 2 7 1 2 7 17 18 2 0 2 7 5 31 3 1 2 7 17 9 2 0 40.0670827627182007
1 2 7 5 30 3 0 2 3 0 2 7 1 2 11 0 2 7 5 31 3 0 2 3 0 2 7 1 2 7 1 2 11 12 16 2 0 2 3 5 30 3 1 2 7 13 6 3 0 2 7 0 2 7 0 2 7 17 18 2 0 2 4 17 18 2 1 2 7 0 2 3 0 2 7 1 2 7 0 2 7 0 2 7 0 2 7 8 9 2 17 18 2 0 2 7 1 2 7 0 2 7 16 6 2 1 2 7 1 2 7 6 2 7 12 16 2 1 2 3 0 40.9643716216087341
5 30 3 8 9 2 0 2 7 1 2 4 1 2 7 0 2 7 0 2 7 1 2 3 0 2 7 0 2 7 5 30 3 0 2 7 1 2 7 0 2 7 1 2 7 16 6 2 0 2 7 16 19 11 0 2 3 5 30 3 0 2 7 1 2 4 0 2 3 5 31 3 16 6 2 0 2 7 0 2 7 1 2 7 5 31 3 0 2 7 0 2 7 17 18 2 1 2 7 0 2 7 0 2 7 1 2 7 17 9 2 0 2 7 0 2 7 0 2 7 0 41.1844096183776855
5 30 3 17 18 2 12 16 2 0 2 7 12 16 2 8 18 2 1 2 11 16 30 2 1 2 7 0 2 4 5 31 3 5 30 3 0 2 7 0 2 7 0 2 7 0 2 7 5 30 3 0 2 7 0 2 7 6 2 7 16 30 2 1 2 11 0 2 7 0 2 11 12 16 2 5 30 3 1 2 11 0 2 7 1 2 11 0 2 7 8 18 2 17 18 2 1 2 11 0 2 11 0 2 11 0 2 7 0 2 7 0 2 11 0 2 7 1 2 7 0 42.1137626767158508
5 30 3 5 30 3 17 18 2 0 2 11 12 16 2 0 2 8 0 2 11 0 2 7 0 2 8 0 2 8 5 30 3 0 2 8 12 16 2 8 18 2 1 2 8 0 2 8 5 30 3 0 2 11 0 2 8 0 2 8 0 2 11 5 30 3 5 30 3 1 2 8 8 18 2 1 2 11 8 18 2 1 2 7 17 18 2 0 2 11 0 2 11 6 2 11 16 6 2 0 2 8 6 2 7 0 2 8 0 2 8 0 2 11 0 2 7 16 19 11 0 44.5339835286140442
5 30 3 8 9 2 1 2 7 1 2 7 1 2 4 0 2 3 0 2 4 1 2 3 0 2 3 0 2 3 5 30 3 0 2 7 0 2 4 0 2 7 0 2 3 0 2 7 0 2 11 16 19 11 0 2 3 5 30 3 0 2 7 16 19 11 1 2 7 5 30 3 16 6 2 0 2 11 0 2 7 1 2 3 6 2 3 0 2 7 0 2 3 17 18 2 1 2 3 0 2 3 0 2 3 1 2 7 17 9 2 0 2 7 5 30 3 0 2 7 0 42.4051947593688965
5 30 3 17 18 2 0 2 7 0 2 7 5 31 3 0 2 7 0 2 7 0 2 13 1 2 1 1 2 7 0 2 7 0 2 7 0 2 7 0 2 7 0 2 7 0 2 7 0 2 7 0 2 7 12 16 2 0 2 7 16 6 2 16 6 2 16 6 2 0 2 7 6 2 7 6 2 7 5 31 3 1 2 7 13 6 3 12 16 2 5 31 3 5 30 3 0 2 7 0 2 7 0 2 7 17 18 2 5 30 3 0 2 7 1 2 13 0 2 7 0 41.314875602722168
5 31 3 17 18 2 0 2 7 0 2 4 0 2 7 5 31 3 1 2 3 16 6 2 0 2 7 0 2 7 1 2 7 1 2 7 0 2 7 1 2 7 6 2 3 0 2 7 0 2 7 0 2 7 0 2 7 0 2 7 0 2 7 5 31 3 1 2 7 0 2 7 12 16 2 16 6 2 0 2 4 16 6 2 1 2 7 1 2 7 5 31 3 6 2 7 17 18 2 1 2 7 1 2 7 0 2 7 0 2 7 0 2 7 0 2 4 0 2 7 0 40.6145017743110657
5 30 3 17 18 2 12 16 2 0 2 7 12 16 2 1 2 7 5 30 3 0 2 7 0 2 11 5 30 3 17 18 2 1 2 11 8 18 2 0 2 8 0 2 7 0 2 11 1 2 7 0 2 7 12 16 2 8 18 2 8 18 2 0 2 7 0 2 7 0 2 4 0 2 7 17 18 2 1 2 8 8 9 2 0 2 7 0 2 7 0 2 7 0 2 8 0 2 8 6 2 7 16 6 2 0 2 8 16 30 2 0 2 8 16 19 11 1 2 3 0.076738280078056928 42.2997379899024963
5 31 3 17 18 2 12 16 2 0 2 7 16 19 13 0 2 7 5 31 3 0 2 7 1 2 7 16 19 13 17 18 2 0 2 7 0 2 7 1 2 7 5 31 3 0 2 7 0 2 7 1 2 7 0 2 7 0 2 7 0 2 7 0 2 7 0 2 7 0 2 7 5 31 3 0 2 7 0 2 7 0 2 7 1 2 7 1 2 7 5 30 3 0 2 7 0 2 7 0 2 7 1 2 4 0 2 7 1 2 7 16 9 8 1 2 7 0 2 7 0 41.9885317087173462

Current Evaluation = 4950(4950)
Front Size = 10
5 31 3 17 9 2 0 2 7 0 2 7 0 2 7 1 2 7 1 2 7 1 2 7 0 2 7 1 2 4 0 2 7 1 2 11 0 2 7 1 2 7 0 2 7 1 2 7 0 2 7 17 18 2 0 2 7 0 2 7 0 2 7 13 6 3 0 2 7 0 2 7 1 2 7 1 2 7 5 31 3 0 2 7 17 18 2 0 2 7 0 2 7 5 31 3 1 2 7 0 2 7 1 2 7 0 2 7 16 6 2 1 2 7 1 2 7 17 9 2 0 40.0670827627182007
1 2 7 0 2 3 0 2 3 1 2 7 0 2 7 5 30 3 0 2 3 0 2 3 0 2 7 0 2 7 5 30 3 1 2 7 1 2 3 1 2 4 0 2 7 12 16 2 1 2 3 1 2 7 17 9 2 0 2 7 0 2 3 0 2 7 16 15 2 5 30 3 0 2 3 0 2 7 1 2 7 12 16 2 0 2 7 0 2 7 0 2 7 16 9 11 8 18 2 17 18 2 0 2 3 1 2 3 0 2 7 1 2 7 8 9 2 1 2 7 0 41.8847617506980896
5 31 3 0 2 4 1 2 7 0 2 7 1 2 7 6 2 3 1 2 7 1 2 7 0 2 7 0 2 7 0 2 7 17 18 2 0 2 7 0 2 7 0 2 7 0 2 7 5 31 3 0 2 7 0 2 7 0 2 4 12 16 2 5 30 3 0 2 7 1 2 7 1 2 7 0 2 7 1 2 7 17 9 2 1 2 7 0 2 7 0 2 7 5 31 3 0 2 4 16 6 2 1 2 7 16 6 2 0 2 7 0 2 7 1 2 7 16 31 2 0 40.5028316974639893
5 30 3 17 18 2 12 16 2 0 2 7 12 16 2 8 18 2 1 2 11 16 30 2 1 2 7 0 2 4 5 31 3 5 30 3 0 2 7 0 2 7 0 2 7 0 2 7 5 30 3 0 2 7 0 2 7 6 2 7 16 30 2 1 2 11 0 2 7 0 2 11 12 16 2 5 30 3 1 2 11 0 2 7 1 2 11 0 2 7 8 18 2 17 18 2 1 2 11 0 2 11 0 2 11 0 2 7 0 2 7 0 2 11 0 2 7 1 2 7 0 42.1137626767158508
5 31 3 0 2 7 0 2 7 0 2 7 1 2 7 1 2 7 1 2 7 0 2 3 0 2 3 0 2 4 0 2 7 17 18 2 0 2 7 0 2 7 0 2 7 0 2 3 1 2 7 0 2 7 0 2 7 0 2 7 12 16 2 5 30 3 1 2 4 1 2 4 0 2 7 0 2 7 1 2 7 5 30 3 0 2 7 12 16 2 17 18 2 1 2 7 1 2 7 5 30 3 16 6 2 8 18 2 1 2 4 13 6 3 0 2 7 17 9 2 0 40.8606256246566772
1 2 7 0 2 7 1 2 7 0 2 7 6 2 7 5 31 3 0 2 7 5 30 3 0 2 11 0 2 4 0 2 7 5 30 3 0 2 7 13 6 3 1 2 4 1 2 7 17 18 2 0 2 7 0 2 7 0 2 7 16 6 2 1 2 7 0 2 7 0 2 7 0 2 7 16 6 2 0 2 7 12 16 2 0 2 7 0 2 7 0 2 7 17 9 2 5 31 3 1 2 7 1 2 4 1 2 7 0 2 7 17 9 2 0 2 7 5 31 3 0 40.610876739025116
5 31 3 0 2 7 0 2 7 0 2 7 0 2 7 0 2 7 1 2 7 0 2 7 1 2 3 1 2 7 1 2 3 0 2 7 0 2 7 0 2 7 0 2 7 17 18 2 1 2 7 0 2 7 0 2 7 13 6 3 1 2 7 1 2 7 1 2 7 17 18 2 0 2 7 16 30 2 6 2 7 1 2 7 0 2 7 5 30 3 0 2 7 0 2 7 5 30 3 0 2 7 1 2 3 12 16 2 1 2 7 5 31 3 0 2 7 17 9 2 0 40.6396657824516296
1 2 7 5 30 3 0 2 3 0 2 7 1 2 11 0 2 7 5 31 3 0 2 3 0 2 7 1 2 7 1 2 11 12 16 2 0 2 3 5 30 3 1 2 7 13 6 3 0 2 7 0 2 7 0 2 7 17 18 2 0 2 4 17 18 2 1 2 7 0 2 3 0 2 7 1 2 7 0 2 7 0 2 7 0 2 7 8 9 2 17 18 2 0 2 7 1 2 7 0 2 7 16 6 2 1 2 7 1 2 7 6 2 7 12 16 2 1 2 3 0 40.9643716216087341
17 18 2 0 2 7 1 2 7 0 2 11 5 30 3 0 2 7 0 2 7 0 2 7 0 2 7 0 2 4 5 30 3 0 2 7 5 31 3 0 2 4 17 18 2 0 2 7 0 2 7 0 2 7 1 2 7 0 2 7 16 18 11 12 16 2 5 31 3 1 2 11 0 2 7 1 2 7 17 9 2 0 2 7 1 2 7 1 2 7 0 2 4 12 16 2 1 2 7 0 2 7 1 2 7 0 2 7 1 2 4 1 2 7 8 9 2 0 2 7 0 41.4935126900672913
5 30 3 8 9 2 1 2 7 1 2 7 1 2 4 0 2 3 0 2 4 1 2 3 0 2 3 0 2 3 5 30 3 0 2 7 0 2 4 0 2 7 0 2 3 0 2 7 0 2 11 16 19 11 0 2 3 5 30 3 0 2 7 16 19 11 1 2 7 5 30 3 16 6 2 0 2 11 0 2 7 1 2 3 6 2 3 0 2 7 0 2 3 17 18 2 1 2 3 0 2 3 0 2 3 1 2 7 17 9 2 0 2 7 5 30 3 0 2 7 0 42.4051947593688965

Current Evaluation = 5400(5400)
Front Size = 10
5 31 3 17 9 2 0 2 7 0 2 7 0 2 7 1 2 7 1 2 7 1 2 7 0 2 7 1 2 4 0 2 7 1 2 11 0 2 7 1 2 7 0 2 7 1 2 7 0 2 7 17 18 2 0 2 7 0 2 7 0 2 7 13 6 3 0 2 7 0 2 7 1 2 7 1 2 7 5 31 3 0 2 7 17 18 2 0 2 7 0 2 7 5 31 3 1 2 7 0 2 7 1 2 7 0 2 7 16 6 2 1 2 7 1 2 7 17 9 2 0 40.0670827627182007
0 2 7 17 18 2 1 2 7 1 2 7 1 2 7 0 2 7 1 2 7 0 2 7 1 2 4 0 2 7 1 2 4 0 2 4 0 2 4 17 18 2 5 31 3 0 2 7 0 2 7 1 2 7 0 2 7 1 2 7 5 30 3 5 31 3 0 2 4 1 2 7 12 16 2 0 2 7 1 2 7 1 2 7 0 2 7 0 2 4 0 2 7 0 2 4 15 2 11 0 2 7 1 2 7 17 9 2 0 2 4 17 9 2 0 2 7 1 2 7 0 40.6237818002700806
1 2 7 5 30 3 0 2 3 0 2 7 1 2 11 0 2 7 5 31 3 0 2 3 0 2 7 1 2 7 1 2 11 12 16 2 0 2 3 5 30 3 1 2 7 13 6 3 0 2 7 0 2 7 0 2 7 17 18 2 0 2 4 17 18 2 1 2 7 0 2 3 0 2 7 1 2 7 0 2 7 0 2 7 0 2 7 8 9 2 17 18 2 0 2 7 1 2 7 0 2 7 16 6 2 1 2 7 1 2 7 6 2 7 12 16 2 1 2 3 0 40.9643716216087341
5 31 3 0 2 4 1 2 7 0 2 7 1 2 7 6 2 3 1 2 7 1 2 7 0 2 7 0 2 7 0 2 7 17 18 2 0 2 7 0 2 7 0 2 7 0 2 7 5 31 3 0 2 7 0 2 7 0 2 4 12 16 2 5 30 3 0 2 7 1 2 7 1 2 7 0 2 7 1 2 7 17 9 2 1 2 7 0 2 7 0 2 7 5 31 3 0 2 4 16 6 2 1 2 7 16 6 2 0 2 7 0 2 7 1 2 7 16 31 2 0 40.5028316974639893
5 31 3 17 18 2 12 16 2 1 2 7 12 16 2 1 2 7 0 2 7 0 2 7 5 30 3 5 30 3 1 2 7 0 2 7 1 2 7 0 2 10 1 2 7 0 2 7 0 2 7 6 2 4 0 2 7 1 2 7 0 2 7 17 18 2 0 2 7 0 2 7 0 2 3 0 2 7 5 31 3 5 30 3 0 2 7 0 2 7 1 2 7 16 30 2 6 2 4 13 6 3 0 2 7 17 9 2 0 2 7 0 2 7 1 2 10 0 2 7 0 40.9635037183761597
1 2 7 0 2 3 0 2 3 1 2 7 0 2 7 5 30 3 0 2 3 0 2 3 0 2 7 0 2 7 5 30 3 1 2 7 1 2 3 1 2 4 0 2 7 12 16 2 1 2 3 1 2 7 17 9 2 0 2 7 0 2 3 0 2 7 16 15 2 5 30 3 0 2 3 0 2 7 1 2 7 12 16 2 0 2 7 0 2 7 0 2 7 16 9 11 8 18 2 17 18 2 0 2 3 1 2 3 0 2 7 1 2 7 8 9 2 1 2 7 0 41.8847617506980896
5 31 3 17 18 2 12 16 2 1 2 4 1 2 7 0 2 7 0 2 7 5 30 3 5 31 3 1 2 7 0 2 7 1 2 7 16 6 2 0 2 7 0 2 7 0 2 7 1 2 7 0 2 7 17 18 2 0 2 7 0 2 7 0 2 4 0 2 7 5 30 3 0 2 7 0 2 7 6 2 7 13 6 3 0 2 7 17 9 2 0 2 7 0 2 7 0 2 4 0 2 7 1 2 7 1 2 7 5 31 3 16 6 2 0 2 7 1 2 11 0 40.6108766198158264
0 2 7 5 30 3 0 2 7 0 2 7 1 2 7 0 2 7 5 30 3 0 2 4 1 2 11 12 16 2 5 30 3 1 2 7 0 2 4 1 2 7 0 2 7 17 18 2 0 2 3 17 18 2 1 2 7 0 2 11 0 2 7 0 2 11 0 2 11 8 9 2 0 2 7 0 2 7 16 6 2 12 16 2 1 2 4 17 18 2 1 2 7 0 2 3 13 6 3 0 2 7 1 2 4 8 18 2 12 16 2 1 2 7 5 30 3 0 2 7 0 41.3303496837615967
0 2 7 1 2 4 0 2 7 0 2 4 0 2 10 1 2 7 0 2 7 0 2 7 0 2 7 17 18 2 0 2 7 0 2 7 0 2 7 0 2 7 0 2 7 0 2 4 1 2 7 12 16 2 5 31 3 1 2 7 1 2 7 5 30 3 12 16 2 1 2 4 17 9 2 0 2 7 0 2 7 1 2 4 17 9 2 5 30 3 0 2 7 8 18 2 12 16 2 1 2 7 1 2 4 1 2 7 17 18 2 0 2 4 1 2 7 13 6 3 0 40.6450196504592896
17 18 2 12 16 2 1 2 7 12 16 2 1 2 7 0 2 7 0 2 7 5 30 3 5 30 3 1 2 7 0 2 7 1 2 7 1 2 7 0 2 4 0 2 7 0 2 7 1 2 4 0 2 7 17 18 2 0 2 7 0 2 7 0 2 7 1 2 3 5 30 3 13 6 3 0 2 7 0 2 4 17 18 2 5 31 3 0 2 7 0 2 7 1 2 7 0 2 3 1 2 4 0 2 7 16 6 2 8 18 2 0 2 7 1 2 3 0 2 7 0 40.8606256246566772

Current Evaluation = 5850(5850)
Front Size = 10
5 31 3 17 9 2 0 2 7 0 2 7 0 2 7 1 2 7 1 2 7 1 2 7 0 2 7 1 2 4 0 2 7 1 2 11 0 2 7 1 2 7 0 2 7 1 2 7 0 2 7 17 18 2 0 2 7 0 2 7 0 2 7 13 6 3 0 2 7 0 2 7 1 2 7 1 2 7 5 31 3 0 2 7 17 18 2 0 2 7 0 2 7 5 31 3 1 2 7 0 2 7 1 2 7 0 2 7 16 6 2 1 2 7 1 2 7 17 9 2 0 40.0670827627182007
0 2 7 5 30 3 0 2 7 0 2 7 1 2 7 0 2 7 5 30 3 0 2 4 1 2 11 12 16 2 5 30 3 1 2 7 0 2 4 1 2 7 0 2 7 17 18 2 0 2 3 17 18 2 1 2 7 0 2 11 0 2 7 0 2 11 0 2 11 8 9 2 0 2 7 0 2 7 16 6 2 12 16 2 1 2 4 17 18 2 1 2 7 0 2 3 13 6 3 0 2 7 1 2 4 8 18 2 12 16 2 1 2 7 5 30 3 0 2 7 0 41.3303496837615967
5 31 3 17 9 2 0 2 4 0 2 7 0 2 7 0 2 7 1 2 7 1 2 7 0 2 7 1 2 7 1 2 7 0 2 7 1 2 4 0 2 7 1 2 7 0 2 7 17 18 2 0 2 4 0 2 7 0 2 4 13 6 3 0 2 4 0 2 7 1 2 7 1 2 11 17 18 2 17 9 2 12 16 2 5 30 3 0 2 7 12 16 2 0 2 7 0 2 7 1 2 7 0 2 7 1 2 7 5 30 3 8 18 2 1 2 7 1 2 4 0 40.4922696352005005
5 30 3 17 9 2 0 2 3 1 2 7 0 2 7 1 2 7 1 2 7 1 2 7 0 2 7 1 2 4 0 2 7 0 2 7 1 2 7 1 2 7 1 2 7 0 2 3 17 18 2 0 2 7 0 2 7 0 2 7 13 6 3 8 9 2 0 2 7 0 2 7 0 2 7 5 30 3 17 9 2 1 2 7 5 31 3 0 2 7 1 2 7 0 2 7 0 2 7 1 2 7 0 2 7 12 16 2 17 9 2 0 2 4 1 2 7 1 2 4 0 40.4343197345733643
5 31 3 0 2 4 1 2 7 0 2 7 1 2 7 6 2 3 1 2 7 1 2 7 0 2 7 0 2 7 0 2 7 17 18 2 0 2 7 0 2 7 0 2 7 0 2 7 5 31 3 0 2 7 0 2 7 0 2 4 12 16 2 5 30 3 0 2 7 1 2 7 1 2 7 0 2 7 1 2 7 17 9 2 1 2 7 0 2 7 0 2 7 5 31 3 0 2 4 16 6 2 1 2 7 16 6 2 0 2 7 0 2 7 1 2 7 16 31 2 0 40.5028316974639893
5 31 3 17 18 2 12 16 2 1 2 7 12 16 2 1 2 7 0 2 7 0 2 7 5 30 3 5 30 3 1 2 7 0 2 7 1 2 7 0 2 10 1 2 7 0 2 7 0 2 7 6 2 4 0 2 7 1 2 7 0 2 7 17 18 2 0 2 7 0 2 7 0 2 3 0 2 7 5 31 3 5 30 3 0 2 7 0 2 7 1 2 7 16 30 2 6 2 4 13 6 3 0 2 7 17 9 2 0 2 7 0 2 7 1 2 10 0 2 7 0 40.9635037183761597
1 2 7 5 30 3 0 2 7 0 2 7 1 2 3 0 2 7 5 31 3 0 2 7 0 2 7 1 2 7 1 2 4 12 16 2 0 2 7 5 30 3 1 2 7 13 6 3 0 2 7 0 2 7 0 2 7 17 18 2 0 2 4 17 18 2 1 2 7 0 2 3 0 2 7 1 2 7 0 2 7 0 2 7 0 2 7 8 9 2 17 18 2 0 2 7 1 2 7 0 2 7 16 6 2 1 2 3 1 2 7 1 2 3 12 16 2 1 2 3 0 40.768878698348999
5 31 3 17 18 2 1 2 7 1 2 7 1 2 7 1 2 7 1 2 7 0 2 7 1 2 11 1 2 7 0 2 7 0 2 7 0 2 7 0 2 7 0 2 7 17 18 2 0 2 11 0 2 7 1 2 7 5 30 3 0 2 4 0 2 7 1 2 7 13 6 3 0 2 7 17 18 2 0 2 7 0 2 7 6 2 7 12 16 2 0 2 7 1 2 7 5 31 3 0 2 7 1 2 7 0 2 4 0 2 4 1 2 7 0 2 7 17 9 2 0 40.4568387866020203
1 2 7 0 2 3 0 2 3 1 2 7 0 2 7 5 30 3 0 2 3 0 2 3 0 2 7 0 2 7 5 30 3 1 2 7 1 2 3 1 2 4 0 2 7 12 16 2 1 2 3 1 2 7 17 9 2 0 2 7 0 2 3 0 2 7 16 15 2 5 30 3 0 2 3 0 2 7 1 2 7 12 16 2 0 2 7 0 2 7 0 2 7 16 9 11 8 18 2 17 18 2 0 2 3 1 2 3 0 2 7 1 2 7 8 9 2 1 2 7 0 41.8847617506980896
5 30 3 17 9 2 0 2 7 0 2 7 0 2 7 0 2 3 1 2 7 1 2 7 0 2 7 0 2 3 0 2 7 1 2 7 0 2 3 1 2 7 0 2 3 17 18 2 0 2 7 0 2 7 0 2 7 13 6 3 0 2 7 0 2 7 1 2 7 1 2 7 5 31 3 0 2 7 17 18 2 0 2 7 0 2 7 1 2 7 1 2 7 5 31 3 1 2 7 1 2 7 12 16 2 0 2 7 16 6 2 1 2 7 1 2 7 0 2 7 0 40.6081067323684692

Current Evaluation = 6300(6300)
Front Size = 10
5 31 3 17 9 2 0 2 7 1 2 7 0 2 7 1 2 7 0 2 7 1 2 7 0 2 7 1 2 7 0 2 7 0 2 7 1 2 7 1 2 7 1 2 7 17 18 2 0 2 7 0 2 7 0 2 7 13 6 3 1 2 7 0 2 7 0 2 7 5 31 3 17 9 2 1 2 4 5 31 3 0 2 7 0 2 7 0 2 7 0 2 7 0 2 7 1 2 7 16 6 2 1 2 11 1 2 7 0 2 7 0 2 7 17 9 2 1 2 7 0 40.0670827627182007
5 31 3 1 2 7 0 2 7 1 2 7 13 6 3 1 2 7 0 2 7 1 2 7 0 2 7 0 2 7 12 16 2 0 2 7 0 2 7 13 6 3 17 9 2 1 2 4 0 2 7 0 2 7 5 30 3 0 2 7 1 2 7 12 16 2 0 2 7 0 2 7 0 2 7 17 18 2 0 2 7 1 2 7 1 2 7 1 2 7 0 2 4 0 2 7 5 30 3 5 30 3 0 2 7 1 2 4 17 9 2 0 2 7 0 2 7 17 9 2 0 40.3689725399017334
5 30 3 0 2 7 0 2 4 1 2 7 5 31 3 17 9 2 1 2 7 0 2 4 1 2 4 0 2 7 0 2 7 13 6 3 0 2 7 0 2 4 17 18 2 0 2 7 1 2 4 1 2 4 0 2 7 1 2 7 0 2 7 1 2 7 1 2 7 0 2 7 12 16 2 1 2 7 1 2 7 17 9 2 0 2 7 5 31 3 1 2 4 0 2 3 1 2 7 6 2 7 0 2 7 0 2 7 0 2 7 0 2 7 12 16 2 17 9 2 0 40.425436794757843
5 30 3 0 2 7 0 2 4 5 31 3 0 2 7 6 2 7 12 16 2 13 6 3 0 2 7 0 2 4 17 18 2 17 18 2 1 2 7 0 2 4 0 2 4 0 2 7 0 2 7 0 2 7 0 2 7 17 18 2 1 2 3 1 2 7 0 2 7 1 2 7 12 16 2 5 30 3 17 9 2 0 2 7 1 2 7 1 2 7 1 2 7 0 2 4 1 2 7 0 2 7 1 2 7 1 2 3 0 2 4 15 2 11 1 2 7 0 2 4 0 40.5759547352790833
17 18 2 1 2 3 1 2 7 0 2 3 0 2 7 1 2 3 0 2 3 0 2 7 1 2 7 0 2 7 0 2 7 0 2 7 1 2 7 1 2 12 17 18 2 0 2 3 1 2 3 1 2 7 0 2 7 1 2 7 0 2 7 5 31 3 0 2 7 1 2 3 1 2 7 0 2 7 5 31 3 1 2 7 0 2 7 16 9 8 0 2 3 1 2 3 16 6 2 16 6 2 0 2 7 5 31 3 0 2 7 0 2 3 0 2 7 0 2 7 0 41.3809089660644531
1 2 11 5 30 3 1 2 7 0 2 7 0 2 11 1 2 11 5 30 3 0 2 7 12 16 2 1 2 7 0 2 7 1 2 11 0 2 7 17 18 2 17 18 2 0 2 7 0 2 4 0 2 11 0 2 7 12 16 2 0 2 4 17 18 2 0 2 4 5 30 3 5 30 3 1 2 7 1 2 7 1 2 7 0 2 4 1 2 7 0 2 7 1 2 7 13 6 3 0 2 7 8 9 2 17 9 2 0 2 11 8 18 2 0 2 7 0 2 7 0 41.3149906396865845
5 30 3 0 2 7 0 2 7 1 2 7 5 31 3 13 6 3 0 2 7 0 2 7 12 16 2 0 2 7 0 2 7 13 6 3 0 2 7 0 2 7 17 18 2 17 18 2 1 2 7 0 2 7 1 2 7 1 2 7 1 2 7 0 2 7 0 2 7 0 2 7 6 2 7 0 2 7 12 16 2 1 2 7 1 2 7 5 31 3 17 9 2 1 2 7 0 2 7 0 2 7 5 30 3 17 18 2 1 2 7 0 2 7 1 2 7 0 2 7 0 40.4349926114082336
1 2 7 0 2 3 0 2 3 1 2 7 0 2 7 5 30 3 0 2 3 0 2 3 0 2 7 0 2 7 5 30 3 1 2 7 1 2 3 1 2 4 0 2 7 12 16 2 1 2 3 1 2 7 17 9 2 0 2 7 0 2 3 0 2 7 16 15 2 5 30 3 0 2 3 0 2 7 1 2 7 12 16 2 0 2 7 0 2 7 0 2 7 16 9 11 8 18 2 17 18 2 0 2 3 1 2 3 0 2 7 1 2 7 8 9 2 1 2 7 0 41.8847617506980896
17 9 2 12 16 2 1 2 4 0 2 7 0 2 7 6 2 3 0 2 3 0 2 7 1 2 7 1 2 7 1 2 7 0 2 7 17 18 2 1 2 7 0 2 7 0 2 7 0 2 7 0 2 7 13 6 3 0 2 4 1 2 7 17 9 2 1 2 7 0 2 3 0 2 7 0 2 7 17 9 2 12 16 2 0 2 7 5 30 3 0 2 7 1 2 7 1 2 7 5 30 3 1 2 4 0 2 7 5 31 3 12 16 2 13 6 3 1 2 4 0 40.4413166046142578
0 2 7 1 2 4 1 2 7 1 2 4 1 2 7 0 2 7 0 2 7 1 2 7 17 9 2 17 18 2 1 2 4 0 2 7 0 2 7 0 2 7 0 2 7 13 6 3 0 2 7 0 2 7 0 2 7 0 2 4 1 2 7 0 2 7 1 2 11 0 2 7 1 2 7 5 31 3 1 2 7 1 2 4 12 16 2 17 18 2 0 2 7 5 30 3 0 2 4 12 16 2 17 9 2 1 2 7 0 2 7 5 30 3 0 2 7 8 9 2 0 40.4922696352005005

Current Evaluation = 6750(6750)
Front Size = 10
5 31 3 17 9 2 0 2 7 1 2 7 0 2 7 1 2 7 0 2 7 1 2 7 0 2 7 1 2 7 0 2 7 0 2 7 1 2 7 1 2 7 1 2 7 17 18 2 0 2 7 0 2 7 0 2 7 13 6 3 1 2 7 0 2 7 0 2 7 5 31 3 17 9 2 1 2 4 5 31 3 0 2 7 0 2 7 0 2 7 0 2 7 0 2 7 1 2 7 16 6 2 1 2 11 1 2 7 0 2 7 0 2 7 17 9 2 1 2 7 0 40.0670827627182007
5 30 3 0 2 7 0 2 4 5 31 3 0 2 7 6 2 7 12 16 2 13 6 3 0 2 7 0 2 4 17 18 2 17 18 2 1 2 7 0 2 4 0 2 4 0 2 7 0 2 7 0 2 7 0 2 7 17 18 2 1 2 3 1 2 7 0 2 7 1 2 7 12 16 2 5 30 3 17 9 2 0 2 7 1 2 7 1 2 7 1 2 7 0 2 4 1 2 7 0 2 7 1 2 7 1 2 3 0 2 4 15 2 11 1 2 7 0 2 4 0 40.5759547352790833
5 30 3 0 2 7 0 2 7 1 2 7 5 31 3 13 6 3 0 2 7 0 2 7 12 16 2 0 2 7 0 2 7 13 6 3 0 2 7 0 2 7 17 18 2 17 18 2 1 2 7 0 2 7 1 2 7 1 2 7 1 2 7 0 2 7 0 2 7 0 2 7 6 2 7 0 2 7 12 16 2 1 2 7 1 2 7 5 31 3 17 9 2 1 2 7 0 2 7 0 2 7 5 30 3 17 18 2 1 2 7 0 2 7 1 2 7 0 2 7 0 40.4349926114082336
1 2 7 0 2 3 0 2 3 1 2 7 0 2 7 5 30 3 0 2 3 0 2 3 0 2 7 0 2 7 5 30 3 1 2 7 1 2 3 1 2 4 0 2 7 12 16 2 1 2 3 1 2 7 17 9 2 0 2 7 0 2 3 0 2 7 16 15 2 5 30 3 0 2 3 0 2 7 1 2 7 12 16 2 0 2 7 0 2 7 0 2 7 16 9 11 8 18 2 17 18 2 0 2 3 1 2 3 0 2 7 1 2 7 8 9 2 1 2 7 0 41.8847617506980896
5 30 3 0 2 7 0 2 4 1 2 3 5 31 3 17 9 2 1 2 7 0 2 7 1 2 4 0 2 7 0 2 7 13 6 3 0 2 7 17 18 2 0 2 7 0 2 7 1 2 7 0 2 7 0 2 7 1 2 7 0 2 7 12 16 2 1 2 7 1 2 7 17 9 2 0 2 7 5 31 3 1 2 7 0 2 7 0 2 7 0 2 7 0 2 7 17 9 2 1 2 7 1 2 7 1 2 4 1 2 4 0 2 7 1 2 7 0 2 7 0 40.3613457679748535
1 2 7 6 2 7 0 2 7 5 31 3 1 2 7 0 2 7 1 2 7 0 2 7 1 2 7 0 2 7 5 31 3 0 2 7 17 9 2 0 2 7 0 2 4 1 2 7 1 2 7 0 2 7 1 2 4 0 2 7 17 18 2 0 2 4 0 2 7 0 2 7 17 18 2 0 2 7 0 2 7 17 1 2 5 31 3 1 2 7 0 2 7 0 2 7 1 2 7 1 2 7 0 2 7 0 2 7 17 9 2 1 2 7 5 31 3 0 2 7 0 40.6889359354972839
5 30 3 0 2 7 5 31 3 0 2 7 0 2 7 12 16 2 13 6 3 0 2 7 17 18 2 17 18 2 1 2 7 0 2 7 15 2 11 1 2 11 1 2 7 0 2 7 0 2 7 0 2 4 5 30 3 17 9 2 0 2 7 1 2 11 1 2 7 1 2 7 0 2 7 0 2 7 0 2 4 1 2 7 5 30 3 6 2 7 17 18 2 1 2 7 0 2 4 0 2 7 0 2 7 1 2 7 0 2 7 1 2 7 0 2 7 0 2 4 0 40.7485515475273132
5 30 3 0 2 7 0 2 11 0 2 7 17 9 2 1 2 7 0 2 4 0 2 7 0 2 7 13 6 3 0 2 7 0 2 4 17 18 2 0 2 7 1 2 7 1 2 7 0 2 7 1 2 7 1 2 7 0 2 7 12 16 2 1 2 7 1 2 7 0 2 7 0 2 7 12 16 2 5 31 3 17 18 2 0 2 7 6 2 11 5 30 3 5 30 3 1 2 4 8 18 2 1 2 7 1 2 7 0 2 7 0 2 4 0 2 4 17 9 2 0 40.8493577241897583
17 18 2 1 2 7 0 2 7 0 2 7 0 2 7 0 2 7 0 2 7 1 2 7 1 2 7 0 2 7 0 2 7 0 2 7 1 2 7 1 2 3 17 18 2 0 2 7 1 2 7 1 2 3 0 2 4 1 2 7 0 2 3 5 31 3 0 2 7 1 2 7 1 2 7 0 2 7 5 31 3 1 2 7 0 2 7 16 9 11 0 2 7 5 31 3 16 6 2 16 6 2 0 2 7 5 30 3 0 2 7 0 2 3 0 2 7 0 2 7 0 40.9250558018684387
0 2 7 5 31 3 0 2 7 13 6 3 0 2 7 17 18 2 1 2 7 0 2 7 0 2 7 0 2 7 0 2 7 1 2 7 0 2 7 1 2 7 17 9 2 0 2 7 1 2 7 1 2 7 1 2 7 1 2 7 0 2 7 1 2 7 1 2 7 0 2 7 0 2 7 5 31 3 1 2 7 0 2 4 17 18 2 0 2 7 0 2 4 1 2 11 0 2 7 12 16 2 1 2 4 0 2 4 1 2 3 0 2 4 16 6 2 0 2 7 0.00225924465667274969 40.0465117692947388

Current Evaluation = 7200(7200)
Front Size = 10
0 2 7 0 2 7 1 2 7 5 31 3 13 6 3 0 2 7 0 2 7 0 2 7 0 2 7 0 2 7 0 2 7 17 18 2 1 2 7 0 2 7 0 2 7 1 2 7 1 2 7 0 2 7 0 2 7 0 2 7 0 2 7 1 2 7 0 2 7 5 31 3 17 9 2 1 2 4 0 2 7 0 2 7 1 2 7 0 2 7 1 2 7 1 2 11 5 31 3 1 2 7 1 2 7 17 9 2 1 2 7 16 6 2 1 2 7 17 18 2 0 40.0670827627182007
0 2 4 0 2 7 1 2 7 5 31 3 13 6 3 0 2 7 0 2 7 0 2 7 0 2 7 0 2 7 0 2 7 17 18 2 1 2 7 0 2 7 1 2 7 1 2 7 1 2 7 0 2 11 0 2 7 0 2 7 0 2 7 1 2 7 0 2 7 5 31 3 17 9 2 1 2 7 0 2 7 0 2 7 1 2 7 0 2 7 1 2 7 0 2 7 5 31 3 1 2 7 1 2 7 17 18 2 1 2 7 16 6 2 1 2 7 17 18 2 0 40.0670828819274902
5 30 3 0 2 7 0 2 7 0 2 7 5 31 3 13 6 3 0 2 7 0 2 7 12 16 2 0 2 7 0 2 7 13 6 3 0 2 7 0 2 7 17 18 2 17 18 2 1 2 4 0 2 7 1 2 7 1 2 7 0 2 7 0 2 7 1 2 7 0 2 7 1 2 7 0 2 7 12 16 2 1 2 7 1 2 7 5 30 3 17 9 2 1 2 7 0 2 4 0 2 7 5 30 3 17 18 2 1 2 4 0 2 7 1 2 7 0 2 7 0 40.3689725399017334
0 2 7 5 31 3 0 2 7 13 6 3 0 2 7 17 18 2 17 18 2 0 2 4 0 2 7 0 2 7 0 2 7 0 2 7 0 2 7 0 2 3 1 2 7 17 9 2 0 2 4 1 2 7 1 2 7 1 2 7 1 2 7 0 2 7 1 2 7 1 2 7 0 2 4 0 2 7 0 2 7 1 2 7 1 2 7 0 2 7 5 31 3 17 9 2 1 2 7 12 16 2 5 30 3 1 2 7 1 2 7 0 2 7 1 2 7 0 2 4 0 40.3613457679748535
5 30 3 0 2 7 0 2 4 1 2 3 5 31 3 17 9 2 1 2 7 0 2 7 1 2 4 0 2 7 0 2 7 13 6 3 0 2 7 17 18 2 0 2 7 0 2 7 1 2 7 0 2 7 0 2 7 1 2 7 0 2 7 12 16 2 1 2 7 1 2 7 17 9 2 0 2 7 5 31 3 1 2 7 0 2 7 0 2 7 0 2 7 0 2 7 17 9 2 1 2 7 1 2 7 1 2 4 1 2 4 0 2 7 1 2 7 0 2 7 0 40.3613457679748535
5 30 3 0 2 7 0 2 4 5 31 3 0 2 7 6 2 7 12 16 2 13 6 3 0 2 7 0 2 4 17 18 2 17 18 2 1 2 7 0 2 4 0 2 4 0 2 7 0 2 7 0 2 7 0 2 7 17 18 2 1 2 3 1 2 7 0 2 7 1 2 7 12 16 2 5 30 3 17 9 2 0 2 7 1 2 7 1 2 7 1 2 7 0 2 4 1 2 7 0 2 7 1 2 7 1 2 3 0 2 4 15 2 11 1 2 7 0 2 4 0 40.5759547352790833
5 30 3 0 2 7 0 2 7 5 31 3 1 2 7 12 16 2 13 6 3 0 2 7 0 2 7 17 18 2 17 18 2 1 2 7 0 2 4 0 2 4 0 2 7 0 2 7 0 2 7 0 2 7 1 2 7 0 2 7 0 2 7 1 2 7 5 31 3 17 9 2 0 2 4 1 2 7 1 2 3 1 2 7 0 2 7 1 2 7 0 2 7 1 2 7 0 2 7 1 2 7 0 2 7 1 2 7 17 9 2 1 2 4 1 2 7 0 2 7 0 40.3613457679748535
5 30 3 0 2 7 0 2 7 5 31 3 1 2 7 6 2 3 12 16 2 13 6 3 0 2 7 0 2 4 17 18 2 17 18 2 1 2 7 0 2 4 0 2 4 0 2 7 0 2 7 0 2 7 0 2 7 17 18 2 1 2 7 0 2 7 0 2 7 1 2 7 12 16 2 5 31 3 17 9 2 0 2 4 1 2 7 1 2 7 1 2 7 0 2 7 1 2 7 0 2 7 1 2 7 1 2 4 0 2 7 1 2 4 0 2 4 1 2 7 0 40.4254367351531982
0 2 7 1 2 11 0 2 3 5 30 3 1 2 7 1 2 7 1 2 7 0 2 7 0 2 3 0 2 3 5 30 3 13 6 3 17 9 2 0 2 7 1 2 7 1 2 7 1 2 7 0 2 7 17 18 2 0 2 7 0 2 7 17 18 2 1 2 7 0 2 7 0 2 7 0 2 7 1 2 7 0 2 7 1 2 7 0 2 12 0 2 7 1 2 7 1 2 7 0 2 3 12 16 2 13 6 3 8 9 2 12 16 2 17 9 2 5 30 3 0 40.662799596786499
1 2 3 0 2 7 0 2 7 0 2 7 1 2 4 0 2 7 0 2 7 0 2 7 8 18 2 0 2 3 0 2 7 0 2 7 5 30 3 1 2 7 0 2 7 0 2 7 0 2 7 5 31 3 17 9 2 1 2 7 1 2 3 1 2 7 0 2 7 5 31 3 0 2 3 0 2 7 5 30 3 12 16 2 1 2 7 16 6 2 0 2 7 6 2 11 1 2 7 16 9 11 17 18 2 5 30 3 0 2 7 0 2 7 1 2 7 0 2 7 0 41.6692597270011902

Current Evaluation = 7650(7650)
Front Size = 10
0 2 7 0 2 7 5 31 3 13 6 3 0 2 7 0 2 7 17 18 2 17 18 2 1 2 7 0 2 7 1 2 7 0 2 7 16 6 2 0 2 7 1 2 7 0 2 7 0 2 7 0 2 7 5 31 3 17 9 2 1 2 7 1 2 7 0 2 7 0 2 7 0 2 7 1 2 7 1 2 7 0 2 7 0 2 7 0 2 7 1 2 7 0 2 7 1 2 7 1 2 7 1 2 4 1 2 11 1 2 7 17 18 2 0 2 7 5 31 3 0 40.0670827627182007
1 2 7 0 2 7 13 6 3 1 2 7 17 18 2 1 2 7 0 2 7 0 2 7 0 2 7 0 2 7 0 2 4 0 2 7 1 2 7 1 2 7 1 2 7 1 2 7 0 2 7 0 2 7 0 2 7 1 2 7 0 2 7 0 2 7 17 9 2 0 2 7 5 31 3 0 2 7 17 18 2 0 2 7 1 2 7 1 2 7 0 2 7 1 2 7 5 31 3 5 31 3 1 2 11 16 6 2 0 2 7 17 9 2 0 2 7 1 2 7 0 40.0670827627182007
0 2 7 0 2 4 5 31 3 13 6 3 0 2 7 0 2 4 17 18 2 17 18 2 1 2 7 0 2 7 1 2 7 0 2 7 16 6 2 0 2 4 1 2 7 0 2 7 0 2 7 0 2 7 5 31 3 17 9 2 1 2 7 1 2 7 0 2 7 0 2 7 0 2 7 1 2 7 1 2 7 0 2 7 0 2 7 0 2 7 1 2 7 0 2 7 5 30 3 1 2 4 1 2 7 1 2 7 1 2 3 5 30 3 17 9 2 0 2 4 0 40.148398756980896
5 30 3 1 2 7 13 6 3 1 2 4 17 18 2 1 2 7 0 2 7 0 2 7 0 2 7 0 2 7 0 2 7 0 2 7 1 2 7 1 2 7 1 2 4 1 2 7 1 2 7 0 2 7 16 24 2 0 2 7 0 2 7 1 2 7 0 2 7 0 2 7 17 9 2 0 2 7 5 31 3 0 2 7 17 18 2 0 2 7 0 2 7 1 2 7 1 2 7 0 2 4 0 2 7 1 2 7 17 18 2 5 31 3 0 2 7 5 30 3 0 40.1302337646484375
0 2 7 1 2 11 0 2 3 5 30 3 1 2 7 1 2 7 1 2 7 0 2 7 0 2 3 0 2 3 5 30 3 13 6 3 17 9 2 0 2 7 1 2 7 1 2 7 1 2 7 0 2 7 17 18 2 0 2 7 0 2 7 17 18 2 1 2 7 0 2 7 0 2 7 0 2 7 1 2 7 0 2 7 1 2 7 0 2 12 0 2 7 1 2 7 1 2 7 0 2 3 12 16 2 13 6 3 8 9 2 12 16 2 17 9 2 5 30 3 0 40.662799596786499
0 2 7 5 31 3 0 2 7 13 6 3 0 2 7 17 18 2 17 18 2 0 2 4 0 2 7 0 2 7 0 2 7 0 2 7 0 2 7 0 2 3 1 2 7 17 9 2 0 2 4 1 2 7 1 2 7 1 2 7 1 2 7 0 2 7 1 2 7 1 2 7 0 2 4 0 2 7 0 2 7 1 2 7 1 2 7 0 2 7 5 31 3 17 9 2 1 2 7 12 16 2 5 30 3 1 2 7 1 2 7 0 2 7 1 2 7 0 2 4 0 40.3613457679748535
5 30 3 0 2 7 0 2 4 5 31 3 1 2 4 13 6 3 0 2 7 0 2 7 17 18 2 17 18 2 1 2 7 0 2 7 1 2 7 0 2 7 16 6 2 0 2 7 1 2 7 0 2 7 0 2 7 0 2 7 5 31 3 17 9 2 1 2 7 1 2 7 1 2 4 0 2 7 1 2 4 0 2 7 1 2 3 0 2 7 1 2 7 1 2 7 5 30 3 0 2 7 0 2 7 17 9 2 0 2 7 0 2 4 1 2 7 0 2 7 0 40.148398756980896
1 2 7 13 6 3 1 2 8 17 18 2 1 2 7 0 2 7 1 2 7 0 2 7 1 2 7 0 2 7 0 2 7 1 2 7 1 2 7 1 2 7 1 2 7 0 2 7 16 24 2 0 2 7 1 2 7 1 2 7 0 2 7 0 2 7 17 9 2 0 2 7 5 31 3 0 2 7 17 18 2 5 31 3 0 2 7 0 2 7 1 2 7 0 2 7 1 2 7 0 2 7 0 2 7 17 18 2 0 2 7 0 2 7 0 2 7 5 31 3 0 40.1835178136825562
5 31 3 1 2 7 13 6 3 1 2 7 17 18 2 1 2 7 1 2 7 1 2 7 1 2 7 1 2 7 1 2 7 0 2 7 1 2 7 0 2 7 0 2 7 1 2 7 0 2 7 0 2 7 0 2 7 1 2 7 1 2 7 0 2 7 0 2 7 17 9 2 0 2 7 5 31 3 0 2 7 17 18 2 5 30 3 0 2 7 0 2 7 0 2 7 17 9 2 0 2 4 0 2 7 0 2 7 1 2 7 1 2 7 0 2 7 0 2 3 0 40.202995777130127
5 30 3 1 2 7 13 6 3 1 2 7 17 18 2 1 2 7 0 2 7 1 2 7 0 2 7 1 2 7 0 2 7 0 2 7 1 2 7 1 2 7 0 2 4 1 2 7 0 2 7 0 2 7 0 2 7 1 2 7 1 2 7 0 2 7 0 2 7 17 9 2 0 2 7 5 31 3 0 2 7 17 18 2 5 31 3 6 2 7 0 2 7 0 2 4 0 2 7 17 9 2 1 2 7 5 30 3 0 2 7 1 2 7 0 2 7 0 2 7 0 40.3204837441444397

Current Evaluation = 8100(8100)
Front Size = 10
1 2 7 13 6 3 17 18 2 1 2 7 0 2 7 1 2 7 0 2 7 1 2 7 0 2 7 0 2 7 0 2 7 1 2 7 1 2 7 0 2 7 0 2 7 0 2 7 0 2 7 0 2 7 0 2 7 1 2 7 17 9 2 0 2 7 5 31 3 0 2 7 5 31 3 0 2 7 1 2 11 0 2 7 16 6 2 0 2 7 1 2 4 17 18 2 0 2 7 0 2 7 17 18 2 1 2 7 1 2 7 5 31 3 1 2 7 1 2 7 0 40.0670827627182007
1 2 7 1 2 7 17 18 2 1 2 7 0 2 7 0 2 7 0 2 7 1 2 11 0 2 7 0 2 7 0 2 7 1 2 7 0 2 7 0 2 7 0 2 7 0 2 7 1 2 7 1 2 7 1 2 7 1 2 7 17 9 2 0 2 7 5 31 3 0 2 7 17 18 2 1 2 7 0 2 7 0 2 7 0 2 7 0 2 4 13 6 3 1 2 7 17 9 2 5 31 3 5 31 3 16 6 2 0 2 7 1 2 7 0 2 7 1 2 7 0 40.0670827627182007
0 2 7 5 30 3 1 2 7 6 2 7 1 2 7 0 2 7 5 30 3 13 6 3 17 9 2 0 2 7 1 2 7 1 2 7 1 2 7 0 2 4 17 18 2 0 2 4 0 2 7 17 18 2 1 2 7 0 2 7 0 2 7 0 2 7 1 2 7 0 2 7 0 2 7 1 2 7 17 9 2 5 31 3 0 2 7 0 2 7 0 2 4 0 2 7 1 2 7 0 2 7 0 2 4 1 2 4 5 31 3 0 2 7 12 16 2 1 2 7 0 40.4788337349891663
5 30 3 1 2 7 13 6 3 1 2 4 17 18 2 1 2 7 0 2 7 0 2 7 0 2 7 0 2 7 0 2 7 0 2 7 1 2 7 1 2 7 1 2 4 1 2 7 1 2 7 0 2 7 16 24 2 0 2 7 0 2 7 1 2 7 0 2 7 0 2 7 17 9 2 0 2 7 5 31 3 0 2 7 17 18 2 0 2 7 0 2 7 1 2 7 1 2 7 0 2 4 0 2 7 1 2 7 17 18 2 5 31 3 0 2 7 5 30 3 0 40.1302337646484375
5 31 3 16 6 2 13 6 3 1 2 4 17 18 2 1 2 7 1 2 4 1 2 4 1 2 7 1 2 3 1 2 7 5 30 3 1 2 7 0 2 7 0 2 4 1 2 7 0 2 7 0 2 7 0 2 7 1 2 7 1 2 7 0 2 7 0 2 7 17 9 2 0 2 4 5 31 3 0 2 7 17 18 2 5 30 3 1 2 7 0 2 7 0 2 7 17 9 2 0 2 7 0 2 7 0 2 7 0 2 7 0 2 7 0 2 7 0 2 7 0 40.148398756980896
0 2 7 5 30 3 1 2 4 1 2 7 1 2 7 0 2 7 5 30 3 13 6 3 17 9 2 0 2 7 1 2 7 1 2 7 1 2 7 0 2 4 17 18 2 0 2 4 0 2 7 17 18 2 1 2 7 0 2 7 0 2 7 0 2 7 1 2 7 0 2 7 1 2 4 0 2 7 1 2 7 17 9 2 5 31 3 0 2 7 0 2 7 0 2 4 0 2 7 1 2 7 0 2 7 12 16 2 0 2 4 8 9 2 12 16 2 1 2 11 0 40.4922696352005005
1 2 7 13 6 3 17 18 2 1 2 7 0 2 11 1 2 7 0 2 7 0 2 7 0 2 7 0 2 7 0 2 7 1 2 7 1 2 7 1 2 7 0 2 7 0 2 7 1 2 7 1 2 7 1 2 7 1 2 7 17 9 2 0 2 7 5 31 3 0 2 7 17 18 2 5 31 3 0 2 7 0 2 7 1 2 7 0 2 4 17 18 2 0 2 7 0 2 7 1 2 7 16 6 2 0 2 7 1 2 7 0 2 7 0 2 7 5 31 3 0 40.0670828819274902
0 2 7 13 6 3 17 18 2 1 2 7 0 2 7 1 2 7 0 2 7 0 2 7 0 2 7 0 2 7 1 2 7 0 2 7 1 2 7 0 2 11 0 2 7 0 2 7 0 2 7 1 2 7 0 2 7 1 2 7 1 2 7 17 9 2 0 2 7 5 31 3 1 2 4 5 31 3 1 2 7 1 2 7 0 2 7 0 2 7 0 2 7 1 2 7 1 2 7 5 31 3 17 18 2 1 2 7 16 6 2 17 18 2 0 2 7 0 2 7 0 40.0670828819274902
0 2 7 0 2 7 5 31 3 13 6 3 0 2 7 17 18 2 17 18 2 1 2 7 0 2 7 1 2 7 0 2 7 1 2 7 0 2 7 0 2 7 0 2 7 5 31 3 17 9 2 1 2 7 1 2 7 0 2 7 0 2 7 0 2 7 1 2 7 1 2 7 0 2 7 0 2 4 0 2 7 1 2 7 0 2 7 5 30 3 1 2 4 1 2 7 1 2 7 5 30 3 1 2 7 16 24 2 0 2 4 0 2 7 17 9 2 0 2 7 0 40.1302337646484375
1 2 7 13 6 3 17 18 2 0 2 7 0 2 7 1 2 7 0 2 7 1 2 7 0 2 7 0 2 7 1 2 7 1 2 7 0 2 7 0 2 7 0 2 7 0 2 4 1 2 7 1 2 7 0 2 4 1 2 7 17 9 2 0 2 7 5 31 3 0 2 7 5 31 3 0 2 7 0 2 7 0 2 4 1 2 7 17 9 2 17 18 2 5 30 3 16 6 2 0 2 4 0 2 7 1 2 3 5 30 3 1 2 4 0 2 7 1 2 7 0 40.148398756980896

Current Evaluation = 8550(8550)
Front Size = 10
0 2 7 13 6 3 17 18 2 1 2 7 1 2 7 0 2 7 0 2 7 0 2 7 0 2 7 1 2 7 0 2 7 1 2 7 0 2 7 0 2 7 0 2 7 1 2 7 0 2 7 1 2 7 1 2 7 17 18 2 0 2 7 5 31 3 5 31 3 1 2 7 1 2 11 0 2 7 0 2 7 0 2 7 1 2 7 1 2 7 5 31 3 17 18 2 1 2 7 16 6 2 0 2 7 0 2 7 0 2 7 17 9 2 1 2 4 0 2 7 0 40.0670827627182007
5 31 3 13 6 3 1 2 7 17 18 2 0 2 7 1 2 7 1 2 7 0 2 7 1 2 7 0 2 7 0 2 7 0 2 7 1 2 7 1 2 7 17 9 2 0 2 7 1 2 4 0 2 7 0 2 7 0 2 7 0 2 7 0 2 7 1 2 7 0 2 7 16 6 2 17 9 2 5 31 3 0 2 7 0 2 7 1 2 7 1 2 7 0 2 7 0 2 7 1 2 11 1 2 7 17 9 2 0 2 7 5 31 3 0 2 7 1 2 7 0 40.0670827627182007
5 31 3 13 6 3 1 2 7 17 18 2 1 2 7 1 2 7 1 2 7 1 2 4 0 2 7 1 2 7 0 2 4 0 2 4 0 2 7 1 2 7 0 2 3 0 2 7 1 2 7 17 9 2 0 2 7 17 18 2 1 2 7 0 2 4 0 2 7 0 2 7 0 2 7 0 2 7 5 30 3 0 2 7 1 2 7 1 2 7 16 6 2 5 30 3 17 9 2 5 31 3 0 2 7 0 2 4 0 2 7 0 2 7 1 2 7 0 2 7 0 40.148398756980896
5 30 3 13 6 3 1 2 4 17 18 2 1 2 7 1 2 7 1 2 7 1 2 7 0 2 7 1 2 7 0 2 7 0 2 7 0 2 7 1 2 7 1 2 7 0 2 7 0 2 7 17 9 2 5 31 3 0 2 4 17 18 2 0 2 7 0 2 7 0 2 7 0 2 7 0 2 7 0 2 7 0 2 7 0 2 7 0 2 7 1 2 7 0 2 7 5 30 3 0 2 7 1 2 7 17 9 2 16 24 2 1 2 7 1 2 4 5 31 3 0 40.1302337646484375
5 31 3 13 6 3 17 18 2 1 2 7 1 2 7 1 2 7 1 2 7 0 2 7 1 2 7 0 2 7 0 2 7 0 2 7 1 2 7 1 2 7 0 2 7 0 2 7 17 9 2 0 2 7 17 18 2 1 2 7 0 2 4 0 2 7 0 2 7 0 2 7 0 2 7 0 2 7 0 2 7 1 2 7 16 6 2 5 31 3 0 2 7 0 2 7 1 2 4 0 2 7 5 30 3 0 2 4 17 18 2 5 30 3 5 31 3 1 2 3 2.62590224908727985e-05 40.5498727560043335
0 2 7 13 6 3 17 18 2 1 2 7 1 2 7 0 2 7 0 2 7 0 2 7 0 2 7 1 2 7 0 2 7 1 2 7 0 2 7 0 2 7 0 2 7 1 2 7 0 2 7 1 2 7 1 2 7 17 18 2 0 2 7 5 31 3 5 31 3 1 2 7 1 2 11 0 2 7 0 2 7 0 2 7 1 2 7 1 2 7 5 31 3 17 18 2 1 2 7 16 6 2 0 2 7 0 2 7 0 2 7 17 9 2 1 2 7 0 2 4 0 40.0670827627182007
5 31 3 13 6 3 1 2 7 17 18 2 1 2 7 1 2 7 1 2 7 0 2 7 1 2 7 0 2 4 0 2 7 1 2 7 0 2 7 1 2 7 17 9 2 0 2 7 1 2 7 0 2 7 0 2 7 0 2 7 0 2 7 0 2 7 1 2 7 1 2 7 16 6 2 17 9 2 5 31 3 0 2 7 0 2 7 0 2 7 1 2 7 0 2 7 0 2 7 1 2 11 0 2 3 17 18 2 0 2 7 5 31 3 5 30 3 0 2 4 0 40.4082777500152588
1 2 7 13 6 3 17 9 2 0 2 7 1 2 7 0 2 7 1 2 7 0 2 7 1 2 7 1 2 7 0 2 7 0 2 7 1 2 7 0 2 7 0 2 7 1 2 7 1 2 7 1 2 11 1 2 7 0 2 7 0 2 7 0 2 7 0 2 7 0 2 7 0 2 7 1 2 7 1 2 7 0 2 7 1 2 7 0 2 4 0 2 7 17 18 2 0 2 7 0 2 7 5 31 3 5 31 3 5 31 3 16 6 2 17 9 2 17 9 2 0 40.0670827627182007
5 31 3 13 6 3 1 2 4 17 18 2 1 2 7 1 2 7 1 2 7 1 2 7 0 2 7 1 2 7 0 2 7 0 2 7 0 2 7 1 2 7 1 2 7 0 2 7 0 2 7 17 9 2 0 2 7 17 18 2 1 2 7 0 2 4 0 2 7 0 2 7 0 2 7 0 2 7 0 2 7 0 2 7 1 2 7 1 2 4 5 30 3 0 2 4 0 2 4 5 30 3 17 9 2 16 6 2 5 31 3 0 2 7 0 2 7 1 2 3 0 40.148398756980896
13 6 3 17 18 2 1 2 7 1 2 7 1 2 7 1 2 7 0 2 7 1 2 7 0 2 7 0 2 7 0 2 7 1 2 7 1 2 7 0 2 7 0 2 7 17 9 2 5 31 3 0 2 4 0 2 7 0 2 7 0 2 7 0 2 7 0 2 7 0 2 7 0 2 7 0 2 7 0 2 7 1 2 7 0 2 7 0 2 7 1 2 7 17 9 2 1 2 7 5 31 3 5 30 3 1 2 4 17 18 2 5 30 3 1 2 7 1 2 7 0 40.3441907167434692

Current Evaluation = 9000(9000)
Front Size = 10
5 31 3 13 6 3 0 2 7 17 18 2 1 2 7 1 2 7 0 2 7 1 2 7 0 2 7 1 2 7 1 2 7 1 2 7 0 2 4 1 2 7 1 2 7 0 2 7 1 2 7 17 9 2 0 2 7 17 18 2 0 2 7 0 2 7 0 2 7 0 2 7 0 2 7 0 2 7 1 2 11 0 2 7 0 2 7 1 2 7 0 2 7 1 2 7 5 31 3 16 6 2 5 31 3 0 2 7 0 2 7 1 2 7 0 2 7 17 9 2 0 40.0670827627182007
0 2 7 13 6 3 17 18 2 1 2 7 1 2 7 0 2 7 0 2 7 0 2 7 0 2 7 1 2 7 0 2 7 1 2 7 0 2 7 0 2 7 0 2 7 1 2 7 0 2 7 1 2 7 1 2 7 0 2 7 5 31 3 5 31 3 1 2 7 1 2 11 0 2 7 0 2 7 0 2 7 1 2 7 1 2 7 5 31 3 1 2 7 16 6 2 0 2 7 0 2 7 0 2 7 17 9 2 1 2 4 0 2 7 17 18 2 17 18 2 0 40.0670827627182007
16 19 11 0 2 7 0 2 7 0 2 7 0 2 4 0 2 3 0 2 7 1 2 7 1 2 3 1 2 7 0 2 7 0 2 7 0 2 3 0 2 7 6 2 7 5 31 3 0 2 7 0 2 7 0 2 3 1 2 7 16 9 11 0 2 3 0 2 7 0 2 3 1 2 7 1 2 7 1 2 7 5 31 3 17 18 2 0 2 4 0 2 3 5 30 3 1 2 7 5 30 3 17 18 2 1 2 7 0 2 7 16 6 2 0 2 7 5 30 3 0 41.7081147432327271
13 6 3 17 18 2 1 2 7 1 2 7 1 2 7 1 2 7 0 2 7 1 2 7 0 2 7 0 2 7 0 2 7 1 2 7 1 2 7 0 2 7 0 2 7 17 9 2 5 31 3 0 2 4 0 2 7 0 2 7 0 2 7 0 2 7 0 2 7 0 2 4 0 2 7 0 2 7 0 2 7 1 2 7 1 2 7 17 9 2 5 31 3 5 30 3 1 2 4 17 18 2 5 30 3 0 2 4 0 2 4 1 2 3 1 2 7 16 6 2 0 40.148398756980896
13 6 3 1 2 7 1 2 7 0 2 7 0 2 7 0 2 7 0 2 7 1 2 7 0 2 7 0 2 7 1 2 7 0 2 7 1 2 7 0 2 4 1 2 7 17 9 2 16 6 2 0 2 7 0 2 7 0 2 7 1 2 7 0 2 7 5 31 3 0 2 7 1 2 7 0 2 7 1 2 7 0 2 11 5 31 3 17 18 2 0 2 7 1 2 7 1 2 7 17 9 2 1 2 7 1 2 7 17 18 2 0 2 7 0 2 7 5 31 3 0 40.0670828819274902
13 6 3 17 18 2 1 2 7 0 2 7 0 2 7 1 2 4 1 2 7 1 2 7 0 2 7 0 2 7 0 2 4 0 2 7 1 2 4 0 2 7 0 2 7 17 9 2 5 31 3 0 2 7 0 2 7 1 2 7 0 2 7 1 2 7 0 2 7 1 2 7 0 2 7 0 2 7 0 2 7 1 2 7 5 30 3 17 18 2 0 2 7 16 24 2 0 2 7 5 31 3 0 2 7 1 2 7 5 30 3 1 2 7 17 18 2 1 2 7 0 40.1302337646484375
5 31 3 13 6 3 1 2 7 17 18 2 1 2 7 1 2 7 0 2 7 1 2 7 0 2 7 0 2 7 0 2 7 1 2 7 1 2 7 1 2 7 17 9 2 0 2 3 17 18 2 0 2 7 0 2 4 0 2 7 0 2 4 1 2 7 0 2 4 1 2 7 1 2 4 16 6 2 5 31 3 0 2 4 0 2 7 0 2 7 0 2 7 0 2 7 0 2 7 5 30 3 5 30 3 0 2 7 0 2 7 1 2 7 17 18 2 1 2 7 0 40.148398756980896
0 2 7 13 6 3 17 18 2 1 2 7 1 2 7 0 2 7 0 2 7 0 2 7 0 2 7 1 2 7 0 2 7 1 2 7 0 2 7 0 2 7 0 2 7 1 2 7 0 2 7 1 2 7 1 2 7 17 18 2 0 2 7 5 31 3 5 31 3 1 2 7 0 2 7 0 2 7 0 2 7 1 2 7 16 6 2 0 2 7 17 9 2 0 2 4 1 2 11 5 30 3 5 31 3 5 30 3 1 2 3 0 2 4 0 2 7 17 9 2 3.25450770164971981e-06 40.6694726943969727
5 31 3 13 6 3 1 2 7 17 18 2 0 2 7 1 2 7 1 2 7 1 2 4 0 2 7 1 2 7 1 2 7 0 2 7 17 9 2 1 2 7 0 2 7 0 2 7 1 2 7 0 2 7 0 2 7 0 2 7 1 2 7 16 6 2 0 2 7 0 2 7 1 2 7 0 2 7 0 2 7 5 31 3 0 2 7 0 2 7 17 9 2 0 2 7 0 2 4 1 2 4 0 2 4 0 2 7 5 30 3 0 2 7 1 2 11 0 2 7 0.000481571887267528411 40.0799087285995483
13 6 3 17 18 2 1 2 7 0 2 7 0 2 7 1 2 4 1 2 7 1 2 7 0 2 7 0 2 7 0 2 4 0 2 7 0 2 7 0 2 7 17 9 2 5 31 3 0 2 7 0 2 7 1 2 7 0 2 7 1 2 7 0 2 7 1 2 7 0 2 7 0 2 7 0 2 7 1 2 7 5 30 3 17 18 2 0 2 7 0 2 7 5 31 3 1 2 7 1 2 7 17 18 2 1 2 7 5 31 3 1 2 7 1 2 3 5 30 3 0.000127906791282707738 40.7351127862930298

MonoObjective Genetic Algorithm
Number of Evaluations = 0
Mutation Probability = 0
Crossover Probability = 1
Population Size = 10
Survival Selection Type = 16

Time =  9036.99732804298401

Current Evaluation = 2220
Front Size = 10
5 31 3 13 6 3 0 2 7 17 18 2 1 2 7 1 2 7 0 2 7 1 2 7 0 2 7 1 2 7 1 2 7 1 2 7 0 2 4 1 2 7 1 2 7 0 2 7 1 2 7 17 9 2 0 2 7 17 18 2 0 2 7 0 2 7 0 2 7 0 2 7 0 2 7 0 2 7 1 2 11 0 2 7 0 2 7 1 2 7 0 2 7 1 2 7 5 31 3 16 6 2 5 31 3 0 2 7 0 2 7 1 2 7 0 2 7 17 9 2 0 40.0670827627182007
0 2 7 13 6 3 17 18 2 1 2 7 1 2 7 0 2 7 0 2 7 0 2 7 0 2 7 1 2 7 0 2 7 1 2 7 0 2 7 0 2 7 0 2 7 1 2 7 0 2 7 1 2 7 1 2 7 0 2 7 5 31 3 5 31 3 1 2 7 1 2 11 0 2 7 0 2 7 0 2 7 1 2 7 1 2 7 5 31 3 1 2 7 16 6 2 0 2 7 0 2 7 0 2 7 17 9 2 1 2 4 0 2 7 17 18 2 17 18 2 0 40.0670827627182007
16 19 11 0 2 7 0 2 7 0 2 7 0 2 4 0 2 3 0 2 7 1 2 7 1 2 3 1 2 7 0 2 7 0 2 7 0 2 3 0 2 7 6 2 7 5 31 3 0 2 7 0 2 7 0 2 3 1 2 7 16 9 11 0 2 3 0 2 7 0 2 3 1 2 7 1 2 7 1 2 7 5 31 3 17 18 2 0 2 4 0 2 3 5 30 3 1 2 7 5 30 3 17 18 2 1 2 7 0 2 7 16 6 2 0 2 7 5 30 3 0 41.7081147432327271
13 6 3 17 18 2 1 2 7 1 2 7 1 2 7 1 2 7 0 2 7 1 2 7 0 2 7 0 2 7 0 2 7 1 2 7 1 2 7 0 2 7 0 2 7 17 9 2 5 31 3 0 2 4 0 2 7 0 2 7 0 2 7 0 2 7 0 2 7 0 2 4 0 2 7 0 2 7 0 2 7 1 2 7 1 2 7 17 9 2 5 31 3 5 30 3 1 2 4 17 18 2 5 30 3 0 2 4 0 2 4 1 2 3 1 2 7 16 6 2 0 40.148398756980896
13 6 3 1 2 7 1 2 7 0 2 7 0 2 7 0 2 7 0 2 7 1 2 7 0 2 7 0 2 7 1 2 7 0 2 7 1 2 7 0 2 4 1 2 7 17 9 2 16 6 2 0 2 7 0 2 7 0 2 7 1 2 7 0 2 7 5 31 3 0 2 7 1 2 7 0 2 7 1 2 7 0 2 11 5 31 3 17 18 2 0 2 7 1 2 7 1 2 7 17 9 2 1 2 7 1 2 7 17 18 2 0 2 7 0 2 7 5 31 3 0 40.0670828819274902
13 6 3 17 18 2 1 2 7 0 2 7 0 2 7 1 2 4 1 2 7 1 2 7 0 2 7 0 2 7 0 2 4 0 2 7 1 2 4 0 2 7 0 2 7 17 9 2 5 31 3 0 2 7 0 2 7 1 2 7 0 2 7 1 2 7 0 2 7 1 2 7 0 2 7 0 2 7 0 2 7 1 2 7 5 30 3 17 18 2 0 2 7 16 24 2 0 2 7 5 31 3 0 2 7 1 2 7 5 30 3 1 2 7 17 18 2 1 2 7 0 40.1302337646484375
5 31 3 13 6 3 1 2 7 17 18 2 1 2 7 1 2 7 0 2 7 1 2 7 0 2 7 0 2 7 0 2 7 1 2 7 1 2 7 1 2 7 17 9 2 0 2 3 17 18 2 0 2 7 0 2 4 0 2 7 0 2 4 1 2 7 0 2 4 1 2 7 1 2 4 16 6 2 5 31 3 0 2 4 0 2 7 0 2 7 0 2 7 0 2 7 0 2 7 5 30 3 5 30 3 0 2 7 0 2 7 1 2 7 17 18 2 1 2 7 0 40.148398756980896
0 2 7 13 6 3 17 18 2 1 2 7 1 2 7 0 2 7 0 2 7 0 2 7 0 2 7 1 2 7 0 2 7 1 2 7 0 2 7 0 2 7 0 2 7 1 2 7 0 2 7 1 2 7 1 2 7 17 18 2 0 2 7 5 31 3 5 31 3 1 2 7 0 2 7 0 2 7 0 2 7 1 2 7 16 6 2 0 2 7 17 9 2 0 2 4 1 2 11 5 30 3 5 31 3 5 30 3 1 2 3 0 2 4 0 2 7 17 9 2 3.25450770164971981e-06 40.6694726943969727
5 31 3 13 6 3 1 2 7 17 18 2 0 2 7 1 2 7 1 2 7 1 2 4 0 2 7 1 2 7 1 2 7 0 2 7 17 9 2 1 2 7 0 2 7 0 2 7 1 2 7 0 2 7 0 2 7 0 2 7 1 2 7 16 6 2 0 2 7 0 2 7 1 2 7 0 2 7 0 2 7 5 31 3 0 2 7 0 2 7 17 9 2 0 2 7 0 2 4 1 2 4 0 2 4 0 2 7 5 30 3 0 2 7 1 2 11 0 2 7 0.000481571887267528411 40.0799087285995483
13 6 3 17 18 2 1 2 7 0 2 7 0 2 7 1 2 4 1 2 7 1 2 7 0 2 7 0 2 7 0 2 4 0 2 7 0 2 7 0 2 7 17 9 2 5 31 3 0 2 7 0 2 7 1 2 7 0 2 7 1 2 7 0 2 7 1 2 7 0 2 7 0 2 7 0 2 7 1 2 7 5 30 3 17 18 2 0 2 7 0 2 7 5 31 3 1 2 7 1 2 7 17 18 2 1 2 7 5 31 3 1 2 7 1 2 3 5 30 3 0.000127906791282707738 40.7351127862930298

