Current Evaluation = 450(450)
Front Size = 10
0 2 7 12 16 2 1 2 7 0 2 4 12 16 2 0 2 7 5 31 3 5 30 3 0 2 7 0 2 7 0 2 7 1 2 7 1 2 3 0 2 7 1 2 7 0 2 7 6 2 4 0 2 7 0 2 7 17 18 2 0 2 7 12 16 2 0 2 7 0 2 3 1 2 7 1 2 7 1 2 4 1 2 7 13 6 3 17 9 2 0 2 4 0 2 7 1 2 7 13 6 3 1 2 3 5 30 3 1 2 7 0 2 7 17 9 2 17 9 2 0 40.4413166642189026
16 19 11 16 19 11 8 9 2 16 19 11 5 30 3 5 30 3 0 2 8 0 2 8 1 2 3 0 2 8 12 16 2 0 2 8 0 2 8 0 2 3 0 2 8 12 16 2 0 2 8 5 30 3 1 2 3 0 2 3 0 2 8 5 30 3 0 2 11 5 30 3 16 18 8 5 30 3 0 2 8 0 2 8 0 2 3 12 16 2 0 2 3 0 2 8 0 2 8 0 2 8 0 2 7 0 2 8 8 9 2 0 2 8 0 2 8 0 2 8 0 46.1822855472564697
0 2 11 16 19 11 12 16 2 0 2 3 5 30 3 0 2 11 0 2 8 0 2 11 8 9 2 5 30 3 1 2 3 0 2 11 6 2 7 0 2 11 5 30 3 1 2 11 5 30 3 5 30 3 0 2 7 0 2 7 0 2 8 5 30 3 12 16 2 0 2 7 0 2 7 0 2 11 0 2 7 16 19 11 0 2 11 0 2 11 12 16 2 16 6 2 17 9 2 0 2 7 0 2 7 0 2 11 8 9 2 0 2 7 0 2 11 0 2 11 0 43.9827501177787781
16 19 13 12 16 2 5 31 3 0 2 7 0 2 7 12 16 2 0 2 7 0 2 7 0 2 3 16 6 2 8 9 2 0 2 7 0 2 7 0 2 7 5 31 3 0 2 7 0 2 7 16 6 2 0 2 7 1 2 8 5 30 3 0 2 3 0 2 8 1 2 3 16 6 2 0 2 7 0 2 11 5 30 3 5 30 3 0 2 3 0 2 3 1 2 3 0 2 7 6 2 7 0 2 7 0 2 7 5 30 3 16 19 11 0 2 7 0 2 8 0 42.873569667339325
8 18 2 5 30 3 0 2 3 0 2 3 12 16 2 5 30 3 5 30 3 0 2 11 17 18 2 16 19 11 0 2 3 0 2 7 0 2 3 8 18 2 1 2 7 0 2 7 0 2 7 12 16 2 16 6 2 16 19 11 0 2 7 0 2 3 0 2 3 1 2 7 0 2 3 0 2 7 0 2 7 0 2 4 1 2 7 0 2 3 0 2 7 1 2 7 5 30 3 1 2 7 0 2 7 1 2 7 5 30 3 1 2 7 0 2 7 0 2 7 0 42.5618075132369995
16 6 2 0 2 3 8 18 2 12 16 2 5 30 3 0 2 3 8 9 2 0 2 3 8 9 2 12 16 2 5 30 3 8 18 2 16 19 12 12 16 2 0 2 3 5 30 3 0 2 8 0 2 3 0 2 3 0 2 3 1 2 8 0 2 8 5 30 3 0 2 8 0 2 8 0 2 3 1 2 8 1 2 3 0 2 8 12 16 2 0 2 3 0 2 3 0 2 3 1 2 3 0 2 3 16 19 12 1 2 8 1 2 3 0 2 3 16 6 2 2.2804800449302849e-05 44.6208280324935913
12 16 2 0 2 7 0 2 7 0 2 7 0 2 7 0 2 7 12 16 2 5 31 3 0 2 7 5 31 3 0 2 7 6 2 7 1 2 7 1 2 7 1 2 7 5 30 3 0 2 7 0 2 7 6 2 7 0 2 7 0 2 7 5 31 3 0 2 7 16 19 11 0 2 7 0 2 7 0 2 4 0 2 7 16 6 2 0 2 7 0 2 7 12 16 2 1 2 11 0 2 7 17 18 2 0 2 7 16 6 2 5 30 3 1 2 7 8 18 2 0 41.7439254522323608
1 2 8 8 18 2 5 30 3 16 19 12 16 19 12 0 2 8 0 2 3 0 2 3 0 2 3 0 2 8 8 18 2 1 2 8 0 2 8 0 2 8 1 2 8 0 2 8 1 2 8 0 2 8 12 16 2 0 2 8 0 2 8 0 2 8 5 30 3 8 18 2 16 19 12 0 2 8 8 9 2 0 2 3 0 2 8 0 2 8 8 9 2 5 30 3 16 19 12 0 2 3 1 2 8 16 19 12 5 30 3 8 9 2 0 2 8 5 30 3 0.00274226688329167823 45.8185416460037231
12 16 2 0 2 7 5 30 3 5 31 3 0 2 8 1 2 7 12 16 2 0 2 8 0 2 7 5 30 3 8 9 2 0 2 7 0 2 8 0 2 7 0 2 8 0 2 3 0 2 8 0 2 7 0 2 8 0 2 7 5 31 3 5 31 3 5 30 3 0 2 8 0 2 7 0 2 3 0 2 7 1 2 3 1 2 8 16 6 2 16 19 11 1 2 7 0 2 7 16 6 2 17 9 2 5 30 3 16 19 12 16 19 12 0 2 8 1 2 7 0.041048946486199174 43.9199440479278564
0 2 7 16 19 11 1 2 3 5 30 3 12 16 2 0 2 7 12 16 2 5 30 3 1 2 7 5 30 3 0 2 7 5 30 3 0 2 3 0 2 7 1 2 7 8 9 2 6 2 7 0 2 7 1 2 7 0 2 7 1 2 3 0 2 3 0 2 3 16 31 2 0 2 7 0 2 7 0 2 7 16 19 11 0 2 3 0 2 7 0 2 7 1 2 7 0 2 7 0 2 3 1 2 3 0 2 7 5 30 3 0 2 7 0 2 4 17 18 2 0 42.3795974850654602

Current Evaluation = 900(900)
Front Size = 10
0 2 7 12 16 2 1 2 7 0 2 4 12 16 2 0 2 7 5 31 3 5 30 3 0 2 4 0 2 3 1 2 7 1 2 7 1 2 7 0 2 7 1 2 7 0 2 7 0 2 4 0 2 7 0 2 7 17 18 2 0 2 7 12 16 2 0 2 7 0 2 7 1 2 7 1 2 7 1 2 4 0 2 3 13 6 3 17 9 2 0 2 4 0 2 7 1 2 7 13 6 3 1 2 7 5 30 3 1 2 7 0 2 7 17 9 2 17 9 2 0 40.4155756235122681
16 30 2 0 2 7 8 18 2 12 16 2 5 30 3 1 2 7 5 31 3 5 31 3 0 2 7 1 2 7 16 6 2 1 2 3 0 2 3 0 2 3 5 30 3 0 2 7 1 2 7 0 2 7 16 6 2 0 2 7 0 2 7 0 2 7 0 2 7 0 2 7 0 2 7 0 2 3 5 30 3 0 2 7 1 2 7 1 2 7 0 2 7 17 18 2 0 2 7 0 2 3 0 2 3 0 2 7 16 19 12 1 2 7 1 2 4 0 2 3 0 41.5969917774200439
16 19 11 16 19 11 8 9 2 16 19 11 5 30 3 5 30 3 0 2 8 0 2 8 1 2 3 0 2 8 12 16 2 0 2 8 0 2 8 0 2 3 0 2 8 12 16 2 0 2 8 5 30 3 1 2 3 0 2 3 0 2 8 5 30 3 0 2 11 5 30 3 16 18 8 5 30 3 0 2 8 0 2 8 0 2 3 12 16 2 0 2 3 0 2 8 0 2 8 0 2 8 0 2 7 0 2 8 8 9 2 0 2 8 0 2 8 0 2 8 0 46.1822855472564697
0 2 11 16 19 11 12 16 2 0 2 3 5 30 3 0 2 11 0 2 8 0 2 11 8 9 2 5 30 3 1 2 3 0 2 11 6 2 7 0 2 11 5 30 3 1 2 11 5 30 3 5 30 3 0 2 7 0 2 7 0 2 8 5 30 3 12 16 2 0 2 7 0 2 7 0 2 11 0 2 7 16 19 11 0 2 11 0 2 11 12 16 2 16 6 2 17 9 2 0 2 7 0 2 7 0 2 11 8 9 2 0 2 7 0 2 11 0 2 11 0 43.9827501177787781
12 16 2 1 2 7 5 30 3 17 9 2 5 31 3 6 2 7 5 31 3 0 2 7 0 2 7 12 16 2 1 2 7 0 2 7 0 2 7 0 2 7 1 2 7 5 31 3 16 6 2 1 2 7 0 2 7 0 2 7 0 2 7 0 2 7 0 2 7 0 2 7 0 2 7 0 2 7 16 19 11 0 2 7 0 2 7 5 31 3 16 6 2 0 2 7 0 2 7 6 2 7 16 19 11 6 2 7 0 2 7 0 2 7 0 2 7 5 30 3 0 41.7899954915046692
12 16 2 8 9 2 5 30 3 5 30 3 0 2 3 0 2 7 0 2 7 5 30 3 5 30 3 1 2 3 0 2 7 0 2 3 0 2 3 0 2 3 1 2 3 16 6 2 0 2 7 0 2 7 0 2 7 1 2 3 0 2 4 0 2 3 0 2 7 1 2 3 0 2 4 0 2 3 16 19 11 1 2 7 17 18 2 12 16 2 0 2 4 0 2 7 16 9 11 1 2 3 0 2 3 1 2 3 1 2 7 1 2 7 0 2 3 0 2 3 0 42.6425747275352478
16 6 2 0 2 3 8 18 2 12 16 2 5 30 3 0 2 3 8 9 2 0 2 3 8 9 2 12 16 2 5 30 3 8 18 2 16 19 12 12 16 2 0 2 3 5 30 3 0 2 8 0 2 3 0 2 3 0 2 3 1 2 8 0 2 8 5 30 3 0 2 8 0 2 8 0 2 3 1 2 8 1 2 3 0 2 8 12 16 2 0 2 3 0 2 3 0 2 3 1 2 3 0 2 3 16 19 12 1 2 8 1 2 3 0 2 3 16 6 2 2.2804800449302849e-05 44.6208280324935913
1 2 8 8 18 2 5 30 3 16 19 12 16 19 12 0 2 8 0 2 3 0 2 3 0 2 3 0 2 8 8 18 2 1 2 8 0 2 8 0 2 8 1 2 8 0 2 8 1 2 8 0 2 8 12 16 2 0 2 8 0 2 8 0 2 8 5 30 3 8 18 2 16 19 12 0 2 8 8 9 2 0 2 3 0 2 8 0 2 8 8 9 2 5 30 3 16 19 12 0 2 3 1 2 8 16 19 12 5 30 3 8 9 2 0 2 8 5 30 3 0.00274226688329167823 45.8185416460037231
8 9 2 5 30 3 5 30 3 12 16 2 0 2 3 12 16 2 5 30 3 5 30 3 0 2 11 5 30 3 0 2 7 16 19 11 17 18 2 16 6 2 0 2 7 1 2 7 1 2 3 0 2 8 0 2 7 0 2 8 0 2 8 0 2 7 15 2 11 0 2 3 0 2 8 16 18 8 8 18 2 1 2 7 0 2 7 0 2 7 12 16 2 0 2 3 0 2 7 0 2 7 0 2 8 0 2 7 17 18 2 0 2 8 0 2 7 17 1 2 0.0663771126982629495 43.2298238277435303
0 2 11 6 2 7 12 16 2 0 2 11 0 2 10 0 2 7 1 2 10 0 2 7 8 9 2 5 30 3 1 2 7 0 2 7 1 2 7 0 2 7 5 31 3 1 2 7 5 30 3 5 30 3 0 2 7 0 2 11 1 2 7 5 30 3 12 16 2 0 2 7 0 2 7 0 2 7 8 18 2 16 19 11 0 2 7 0 2 7 12 16 2 16 6 2 17 9 2 0 2 7 0 2 10 0 2 4 17 9 2 0 2 7 1 2 7 0 2 7 0 42.185318648815155

Current Evaluation = 1350(1350)
Front Size = 10
0 2 7 12 16 2 1 2 7 0 2 7 12 16 2 0 2 7 5 31 3 5 30 3 0 2 7 0 2 7 1 2 7 1 2 7 1 2 7 0 2 7 1 2 7 0 2 7 0 2 4 15 2 11 0 2 7 17 18 2 0 2 7 12 16 2 0 2 7 0 2 7 1 2 7 1 2 4 1 2 7 0 2 7 13 6 3 17 9 2 0 2 7 0 2 7 1 2 7 13 6 3 1 2 7 5 30 3 1 2 7 0 2 7 17 9 2 17 9 2 0 40.3558205366134644
12 16 2 5 30 3 5 31 3 5 30 3 0 2 7 0 2 3 0 2 7 0 2 3 0 2 7 0 2 7 5 30 3 0 2 3 5 31 3 6 2 7 0 2 7 0 2 3 0 2 3 1 2 7 16 19 11 0 2 7 1 2 7 0 2 7 0 2 3 5 30 3 16 19 11 0 2 7 16 6 2 1 2 7 16 6 2 16 19 11 0 2 3 0 2 7 0 2 3 0 2 10 6 2 7 1 2 3 0 2 3 0 2 7 0 2 7 12 16 2 0 42.8997554779052734
12 16 2 0 2 7 0 2 11 5 30 3 0 2 7 6 2 3 0 2 11 5 30 3 1 2 11 5 30 3 0 2 7 12 16 2 0 2 11 0 2 3 0 2 7 0 2 11 12 16 2 8 9 2 16 19 11 8 9 2 5 30 3 16 19 11 0 2 8 0 2 7 0 2 8 0 2 7 0 2 11 1 2 11 0 2 11 0 2 7 0 2 11 0 2 7 0 2 11 5 30 3 5 30 3 17 9 2 16 6 2 0 2 7 0 2 11 0 2 11 0 43.9827499389648438
16 19 11 16 19 11 8 9 2 16 19 11 5 30 3 5 30 3 0 2 8 0 2 8 1 2 3 0 2 8 12 16 2 0 2 8 0 2 8 0 2 3 0 2 8 12 16 2 0 2 8 5 30 3 1 2 3 0 2 3 0 2 8 5 30 3 0 2 11 5 30 3 16 18 8 5 30 3 0 2 8 0 2 8 0 2 3 12 16 2 0 2 3 0 2 8 0 2 8 0 2 8 0 2 7 0 2 8 8 9 2 0 2 8 0 2 8 0 2 8 0 46.1822855472564697
16 6 2 0 2 3 8 18 2 12 16 2 5 30 3 0 2 3 8 9 2 0 2 3 8 9 2 12 16 2 5 30 3 8 18 2 16 19 12 12 16 2 0 2 3 5 30 3 0 2 8 0 2 3 0 2 3 0 2 3 1 2 8 0 2 8 5 30 3 0 2 8 0 2 8 0 2 3 1 2 8 1 2 3 0 2 8 12 16 2 0 2 3 0 2 3 0 2 3 1 2 3 0 2 3 16 19 12 1 2 8 1 2 3 0 2 3 16 6 2 2.2804800449302849e-05 44.6208280324935913
12 16 2 5 30 3 0 2 7 0 2 7 0 2 7 12 16 2 5 30 3 0 2 7 6 2 7 5 31 3 0 2 7 5 31 3 0 2 7 0 2 7 17 18 2 1 2 7 0 2 7 16 19 11 0 2 7 0 2 7 1 2 7 0 2 7 0 2 7 0 2 7 0 2 7 16 6 2 0 2 7 16 6 2 17 1 2 0 2 7 0 2 7 0 2 7 5 30 3 0 2 11 1 2 7 0 2 7 5 31 3 0 2 7 6 2 7 0 2 7 0 41.6497725248336792
8 18 2 5 30 3 0 2 3 0 2 3 0 2 3 12 16 2 5 30 3 0 2 3 0 2 3 1 2 7 1 2 7 0 2 7 0 2 8 0 2 8 8 18 2 16 6 2 16 19 11 0 2 8 0 2 7 1 2 7 1 2 8 0 2 8 0 2 8 0 2 8 0 2 7 8 18 2 16 19 12 0 2 8 8 9 2 0 2 8 0 2 3 5 31 3 5 30 3 16 19 12 1 2 8 16 6 2 0 2 7 1 2 7 0 2 7 5 30 3 0.000810145373607833001 43.8362622261047363
1 2 8 8 18 2 5 30 3 16 19 12 16 19 12 0 2 8 0 2 3 0 2 3 0 2 3 0 2 8 8 18 2 1 2 8 0 2 8 0 2 8 1 2 8 0 2 8 1 2 8 0 2 8 12 16 2 0 2 8 0 2 8 0 2 8 5 30 3 8 18 2 16 19 12 0 2 8 8 9 2 0 2 3 0 2 8 0 2 8 8 9 2 5 30 3 16 19 12 0 2 3 1 2 8 16 19 12 5 30 3 8 9 2 0 2 8 5 30 3 0.00274226688329167823 45.8185416460037231
5 30 3 5 30 3 12 16 2 0 2 3 12 16 2 0 2 3 12 16 2 0 2 7 16 19 11 16 19 11 8 9 2 1 2 7 17 18 2 0 2 8 0 2 7 0 2 8 0 2 8 0 2 8 0 2 8 0 2 8 5 30 3 0 2 7 0 2 7 0 2 4 0 2 11 1 2 7 16 18 8 1 2 7 17 9 2 1 2 7 0 2 3 0 2 7 0 2 8 0 2 8 0 2 8 0 2 8 0 2 7 0 2 8 0 2 4 13 6 3 0.0213994942465066708 43.5239962339401245
0 2 3 12 16 2 0 2 7 1 2 3 12 16 2 0 2 3 5 30 3 0 2 4 0 2 7 0 2 7 1 2 7 0 2 3 0 2 3 0 2 3 0 2 7 0 2 3 17 9 2 5 31 3 0 2 7 1 2 7 5 30 3 0 2 7 0 2 3 1 2 3 16 20 12 0 2 11 1 2 7 1 2 3 5 30 3 1 2 7 0 2 3 0 2 7 16 30 2 1 2 7 0 2 3 16 30 2 1 2 7 8 9 2 0 2 7 5 30 3 0 42.1583019495010376

Current Evaluation = 1800(1800)
Front Size = 10
0 2 7 12 16 2 1 2 7 0 2 7 12 16 2 0 2 7 5 31 3 5 30 3 0 2 7 0 2 7 1 2 7 1 2 7 1 2 7 0 2 7 1 2 7 0 2 7 0 2 4 15 2 11 0 2 7 17 18 2 0 2 7 12 16 2 0 2 7 0 2 7 1 2 7 1 2 4 1 2 7 0 2 7 13 6 3 17 9 2 0 2 7 0 2 7 1 2 7 13 6 3 1 2 7 5 30 3 1 2 7 0 2 7 17 9 2 17 9 2 0 40.3558205366134644
16 19 11 16 19 11 8 9 2 16 19 11 5 30 3 5 30 3 0 2 8 0 2 8 1 2 3 0 2 8 12 16 2 0 2 8 0 2 8 0 2 3 0 2 8 12 16 2 0 2 8 5 30 3 1 2 3 0 2 3 0 2 8 5 30 3 0 2 11 5 30 3 16 18 8 5 30 3 0 2 8 0 2 8 0 2 3 12 16 2 0 2 3 0 2 8 0 2 8 0 2 8 0 2 7 0 2 8 8 9 2 0 2 8 0 2 8 0 2 8 0 46.1822855472564697
5 31 3 0 2 7 0 2 7 6 2 7 0 2 7 1 2 7 0 2 7 0 2 7 5 31 3 5 31 3 5 31 3 12 16 2 17 9 2 0 2 7 5 30 3 16 6 2 16 19 13 0 2 7 0 2 7 1 2 7 1 2 7 12 16 2 0 2 7 0 2 7 0 2 7 16 19 13 1 2 7 6 2 7 0 2 7 0 2 7 0 2 7 1 2 4 0 2 7 0 2 7 0 2 7 0 2 7 0 2 7 0 2 7 0 2 7 16 6 2 0 41.6298596858978271
16 19 1 16 9 11 1 2 7 16 18 11 5 30 3 5 30 3 0 2 3 1 2 11 0 2 12 0 2 7 12 16 2 0 2 3 0 2 3 0 2 8 0 2 7 12 16 2 0 2 3 5 30 3 1 2 4 0 2 3 0 2 11 5 30 3 0 2 7 5 30 3 16 19 12 12 16 2 0 2 3 0 2 7 0 2 3 12 16 2 0 2 3 0 2 3 0 2 3 0 2 7 0 2 7 1 2 3 8 9 2 0 2 3 0 2 3 0 2 11 0 44.429649829864502
12 16 2 0 2 7 0 2 11 5 30 3 0 2 7 6 2 3 0 2 11 5 30 3 1 2 11 5 30 3 0 2 7 12 16 2 0 2 11 0 2 3 0 2 7 0 2 11 12 16 2 8 9 2 16 19 11 8 9 2 5 30 3 16 19 11 0 2 8 0 2 7 0 2 8 0 2 7 0 2 11 1 2 11 0 2 11 0 2 7 0 2 11 0 2 7 0 2 11 5 30 3 5 30 3 17 9 2 16 6 2 0 2 7 0 2 11 0 2 11 0 43.9827499389648438
12 16 2 0 2 7 1 2 7 5 30 3 0 2 7 5 30 3 0 2 7 5 30 3 0 2 7 12 16 2 0 2 7 16 6 2 12 16 2 17 9 2 8 18 2 5 30 3 0 2 3 0 2 7 1 2 11 0 2 7 0 2 3 1 2 7 0 2 7 6 2 3 0 2 3 0 2 3 16 19 11 12 16 2 0 2 7 1 2 3 0 2 7 13 6 3 0 2 7 0 2 7 5 30 3 16 6 2 8 9 2 1 2 3 0 2 7 0 2 11 0 42.1958073377609253
8 18 2 5 30 3 0 2 3 0 2 3 0 2 3 12 16 2 5 30 3 0 2 3 0 2 3 1 2 7 1 2 7 0 2 7 0 2 8 0 2 8 8 18 2 16 6 2 16 19 11 0 2 8 0 2 7 1 2 7 1 2 8 0 2 8 0 2 8 0 2 8 0 2 7 8 18 2 16 19 12 0 2 8 8 9 2 0 2 8 0 2 3 5 31 3 5 30 3 16 19 12 1 2 8 16 6 2 0 2 7 1 2 7 0 2 7 5 30 3 0.000810145373607833001 43.8362622261047363
16 6 2 0 2 3 8 18 2 12 16 2 5 30 3 0 2 3 8 9 2 0 2 3 8 9 2 12 16 2 5 30 3 8 18 2 16 19 12 12 16 2 0 2 3 5 30 3 0 2 8 0 2 3 0 2 3 0 2 3 1 2 8 0 2 8 5 30 3 0 2 8 0 2 8 0 2 3 1 2 8 1 2 3 0 2 8 12 16 2 0 2 3 0 2 3 0 2 3 1 2 3 0 2 3 16 19 12 1 2 8 1 2 3 0 2 3 16 6 2 2.2804800449302849e-05 44.6208280324935913
5 30 3 1 2 11 5 30 3 0 2 7 0 2 7 1 2 7 17 9 2 16 19 11 0 2 7 1 2 7 5 30 3 5 31 3 0 2 7 0 2 7 0 2 7 0 2 7 0 2 7 17 9 2 6 2 7 0 2 7 5 30 3 0 2 7 1 2 3 16 19 11 0 2 7 0 2 7 0 2 7 0 2 7 0 2 7 0 2 10 0 2 7 1 2 11 0 2 7 8 9 2 5 30 3 0 2 7 16 19 11 1 2 3 0 2 7 0 2 7 0 42.3170703053474426
0 2 7 12 16 2 5 30 3 12 16 2 5 31 3 0 2 8 6 2 7 0 2 8 12 16 2 0 2 7 0 2 8 1 2 3 5 30 3 16 19 11 1 2 3 0 2 7 16 6 2 16 19 13 0 2 8 0 2 8 1 2 7 0 2 8 0 2 8 0 2 8 0 2 8 16 19 13 1 2 7 16 18 8 0 2 8 0 2 3 0 2 7 5 30 3 0 2 8 0 2 7 0 2 7 0 2 7 0 2 7 5 30 3 16 19 11 0 2 11 0.047428597547758973 44.3048141598701477

Current Evaluation = 2250(2250)
Front Size = 10
0 2 7 12 16 2 1 2 7 0 2 7 12 16 2 0 2 7 5 31 3 5 30 3 0 2 7 0 2 7 1 2 7 1 2 7 1 2 7 0 2 7 1 2 7 0 2 7 0 2 4 15 2 11 0 2 7 17 18 2 0 2 7 12 16 2 0 2 7 0 2 7 1 2 7 1 2 4 1 2 7 0 2 7 13 6 3 17 9 2 0 2 7 0 2 7 1 2 7 13 6 3 1 2 7 5 30 3 1 2 7 0 2 7 17 9 2 17 9 2 0 40.3558205366134644
1 2 7 8 9 2 16 30 2 5 30 3 5 30 3 0 2 7 12 16 2 0 2 3 0 2 7 0 2 7 1 2 7 0 2 7 5 30 3 0 2 7 17 18 2 0 2 7 0 2 7 0 2 7 0 2 7 6 2 7 8 9 2 0 2 7 1 2 7 0 2 10 0 2 3 1 2 3 1 2 7 0 2 3 5 31 3 12 16 2 5 30 3 16 15 2 0 2 7 0 2 7 16 30 2 1 2 3 12 16 2 0 2 7 0 2 7 0 2 7 0 41.8008636832237244
16 19 11 16 19 11 8 9 2 16 19 11 5 30 3 5 30 3 0 2 8 0 2 8 1 2 3 0 2 8 12 16 2 0 2 8 0 2 8 0 2 3 0 2 8 12 16 2 0 2 8 5 30 3 1 2 3 0 2 3 0 2 8 5 30 3 0 2 11 5 30 3 16 18 8 5 30 3 0 2 8 0 2 8 0 2 3 12 16 2 0 2 3 0 2 8 0 2 8 0 2 8 0 2 7 0 2 8 8 9 2 0 2 8 0 2 8 0 2 8 0 46.1822855472564697
5 31 3 5 31 3 1 2 7 0 2 7 0 2 7 12 16 2 0 2 7 0 2 7 5 30 3 5 31 3 1 2 7 0 2 7 1 2 7 0 2 7 0 2 7 1 2 4 0 2 7 0 2 7 0 2 7 0 2 7 0 2 7 0 2 7 5 31 3 0 2 3 16 19 11 17 9 2 0 2 7 16 6 2 0 2 7 12 16 2 16 6 2 6 2 3 0 2 7 1 2 7 0 2 7 0 2 4 1 2 7 16 6 2 6 2 7 0 2 7 0 41.3466575741767883
12 16 2 0 2 7 0 2 11 5 30 3 0 2 7 6 2 3 0 2 11 5 30 3 1 2 11 5 30 3 0 2 7 12 16 2 0 2 11 0 2 3 0 2 7 0 2 11 12 16 2 8 9 2 16 19 11 8 9 2 5 30 3 16 19 11 0 2 8 0 2 7 0 2 8 0 2 7 0 2 11 1 2 11 0 2 11 0 2 7 0 2 11 0 2 7 0 2 11 5 30 3 5 30 3 17 9 2 16 6 2 0 2 7 0 2 11 0 2 11 0 43.9827499389648438
0 2 11 8 9 2 17 9 2 16 30 2 5 30 3 5 30 3 0 2 3 0 2 7 0 2 11 0 2 11 12 16 2 0 2 4 0 2 4 0 2 7 1 2 3 12 16 2 1 2 7 1 2 7 0 2 3 1 2 7 0 2 7 5 30 3 1 2 11 5 30 3 16 19 11 8 18 2 0 2 7 0 2 4 1 2 3 12 16 2 0 2 4 1 2 7 6 2 7 0 2 3 1 2 10 0 2 7 17 9 2 0 2 11 0 2 3 0 2 7 0 42.3491159081459045
16 6 2 0 2 3 8 18 2 12 16 2 5 30 3 0 2 3 8 9 2 0 2 3 8 9 2 12 16 2 5 30 3 8 18 2 16 19 12 12 16 2 0 2 3 5 30 3 0 2 8 0 2 3 0 2 3 0 2 3 1 2 8 0 2 8 5 30 3 0 2 8 0 2 8 0 2 3 1 2 8 1 2 3 0 2 8 12 16 2 0 2 3 0 2 3 0 2 3 1 2 3 0 2 3 16 19 12 1 2 8 1 2 3 0 2 3 16 6 2 2.2804800449302849e-05 44.6208280324935913
8 18 2 5 30 3 0 2 3 0 2 3 0 2 3 12 16 2 5 30 3 0 2 3 0 2 3 1 2 7 1 2 7 0 2 7 0 2 8 0 2 8 8 18 2 16 6 2 16 19 11 0 2 8 0 2 7 1 2 7 1 2 8 0 2 8 0 2 8 0 2 8 0 2 7 8 18 2 16 19 12 0 2 8 8 9 2 0 2 8 0 2 3 5 31 3 5 30 3 16 19 12 1 2 8 16 6 2 0 2 7 1 2 7 0 2 7 5 30 3 0.000810145373607833001 43.8362622261047363
0 2 3 5 30 3 1 2 3 1 2 7 0 2 3 1 2 7 0 2 1 6 2 4 0 2 7 0 2 7 5 30 3 0 2 3 1 2 3 0 2 7 1 2 7 17 9 2 0 2 7 1 2 7 1 2 7 8 9 2 12 16 2 17 18 2 5 30 3 5 31 3 0 2 7 1 2 3 0 2 3 0 2 7 0 2 3 16 18 11 0 2 7 1 2 7 0 2 3 0 2 7 1 2 7 0 2 7 16 6 2 0 2 7 0 2 7 0 2 7 0 41.9031858444213867
0 2 3 8 9 2 8 9 2 16 6 2 5 30 3 5 30 3 0 2 7 0 2 4 0 2 11 0 2 11 12 16 2 0 2 7 8 9 2 0 2 3 1 2 3 12 16 2 1 2 11 1 2 11 0 2 11 1 2 7 0 2 7 5 30 3 0 2 7 5 30 3 16 6 2 17 18 2 0 2 7 0 2 7 1 2 4 12 16 2 0 2 7 1 2 4 1 2 11 0 2 7 1 2 11 0 2 7 17 9 2 0 2 7 0 2 7 0 2 7 0 42.031354546546936

Current Evaluation = 2700(2700)
Front Size = 10
0 2 7 12 16 2 1 2 7 0 2 7 12 16 2 0 2 7 5 31 3 5 30 3 0 2 7 0 2 7 1 2 7 1 2 7 1 2 7 0 2 7 1 2 7 0 2 7 0 2 4 15 2 11 0 2 7 17 18 2 0 2 7 12 16 2 0 2 7 0 2 7 1 2 7 1 2 4 1 2 7 0 2 7 13 6 3 17 9 2 0 2 7 0 2 7 1 2 7 13 6 3 1 2 7 5 30 3 1 2 7 0 2 7 17 9 2 17 9 2 0 40.3558205366134644
16 19 11 5 30 3 0 2 7 12 16 2 0 2 7 12 16 2 0 2 7 0 2 7 1 2 7 0 2 11 0 2 11 0 2 11 8 9 2 16 6 2 16 6 2 0 2 11 0 2 3 5 31 3 0 2 11 0 2 11 0 2 7 0 2 11 12 16 2 0 2 3 5 30 3 0 2 11 5 30 3 16 19 11 5 30 3 6 2 3 0 2 11 0 2 11 0 2 11 5 30 3 0 2 3 0 2 11 12 16 2 0 2 7 0 2 7 0 2 7 0 43.9359350204467773
0 2 7 5 31 3 0 2 7 12 16 2 0 2 7 0 2 7 1 2 7 1 2 7 0 2 4 0 2 3 0 2 3 1 2 7 0 2 3 1 2 7 0 2 7 0 2 7 0 2 4 5 30 3 1 2 7 1 2 7 0 2 7 1 2 7 16 6 2 5 30 3 0 2 3 0 2 3 1 2 7 0 2 7 0 2 3 0 2 7 5 31 3 16 6 2 1 2 7 17 18 2 0 2 7 5 31 3 0 2 3 16 30 2 16 30 2 0 2 7 0 41.1388388872146606
16 19 11 16 19 11 8 9 2 16 19 11 5 30 3 5 30 3 0 2 8 0 2 8 1 2 3 0 2 8 12 16 2 0 2 8 0 2 8 0 2 3 0 2 8 12 16 2 0 2 8 5 30 3 1 2 3 0 2 3 0 2 8 5 30 3 0 2 11 5 30 3 16 18 8 5 30 3 0 2 8 0 2 8 0 2 3 12 16 2 0 2 3 0 2 8 0 2 8 0 2 8 0 2 7 0 2 8 8 9 2 0 2 8 0 2 8 0 2 8 0 46.1822855472564697
0 2 7 0 2 7 12 16 2 12 16 2 0 2 7 0 2 4 1 2 4 0 2 7 5 31 3 0 2 7 5 30 3 1 2 3 0 2 7 0 2 3 8 9 2 12 16 2 0 2 7 1 2 7 0 2 7 0 2 7 0 2 7 0 2 7 1 2 7 0 2 7 1 2 3 16 6 2 16 31 2 0 2 7 1 2 4 5 30 3 5 31 3 6 2 7 1 2 11 0 2 7 16 6 2 17 9 2 6 2 7 0 2 4 12 16 2 0 2 7 0 41.3987495899200439
8 9 2 5 30 3 5 30 3 1 2 3 12 16 2 0 2 3 12 16 2 1 2 3 12 16 2 0 2 7 0 2 7 16 19 11 5 31 3 0 2 7 0 2 4 1 2 11 16 6 2 12 16 2 0 2 8 0 2 8 0 2 7 16 6 2 0 2 8 5 30 3 0 2 7 1 2 4 16 18 8 5 31 3 0 2 8 0 2 8 0 2 3 0 2 7 0 2 8 0 2 8 1 2 7 0 2 8 6 2 7 0 2 8 0 2 8 0 2 7 2.02102460714259322e-05 43.9297301173210144
12 16 2 12 16 2 5 31 3 12 16 2 5 30 3 1 2 7 1 2 4 0 2 7 0 2 7 16 9 11 0 2 7 0 2 7 1 2 7 0 2 4 0 2 7 0 2 4 0 2 7 1 2 7 1 2 7 0 2 7 0 2 3 1 2 7 0 2 4 0 2 7 0 2 7 1 2 7 0 2 4 0 2 3 12 16 2 8 18 2 16 6 2 17 9 2 0 2 7 0 2 3 17 9 2 1 2 10 0 2 7 5 31 3 1 2 4 1 2 4 0 41.4894747138023376
16 19 13 5 31 3 0 2 7 12 16 2 1 2 7 12 16 2 6 2 7 0 2 4 16 19 13 0 2 7 0 2 7 16 6 2 0 2 7 1 2 7 5 31 3 0 2 7 0 2 7 0 2 7 0 2 7 0 2 7 0 2 7 0 2 7 5 30 3 0 2 7 0 2 7 0 2 7 5 31 3 0 2 7 17 9 2 5 31 3 1 2 7 16 6 2 0 2 7 6 2 7 1 2 7 1 2 7 0 2 7 0 2 7 0 2 7 0 2 7 0 41.6298596858978271
0 2 3 5 31 3 0 2 3 12 16 2 0 2 7 0 2 7 1 2 3 1 2 4 0 2 3 1 2 3 1 2 7 0 2 7 1 2 3 0 2 7 5 30 3 0 2 3 16 6 2 0 2 7 0 2 3 0 2 7 16 19 11 1 2 7 16 6 2 0 2 7 0 2 7 0 2 7 0 2 3 0 2 3 0 2 7 1 2 7 12 16 2 0 2 7 0 2 7 0 2 7 16 6 2 0 2 7 5 31 3 5 31 3 0 2 7 16 6 2 0 41.7899106740951538
16 6 2 0 2 3 8 18 2 12 16 2 5 30 3 0 2 3 8 9 2 0 2 3 8 9 2 12 16 2 5 30 3 8 18 2 16 19 12 12 16 2 0 2 3 5 30 3 0 2 8 0 2 3 0 2 3 0 2 3 1 2 8 0 2 8 5 30 3 0 2 8 0 2 8 0 2 3 1 2 8 1 2 3 0 2 8 12 16 2 0 2 3 0 2 3 0 2 3 1 2 3 0 2 3 16 19 12 1 2 8 1 2 3 0 2 3 16 6 2 2.2804800449302849e-05 44.6208280324935913

Current Evaluation = 3150(3150)
Front Size = 10
0 2 7 12 16 2 1 2 7 0 2 7 12 16 2 1 2 7 5 31 3 5 31 3 0 2 7 0 2 7 1 2 7 1 2 7 1 2 7 0 2 7 1 2 7 0 2 7 0 2 7 0 2 7 0 2 7 17 18 2 0 2 7 12 16 2 0 2 7 0 2 4 1 2 7 1 2 4 1 2 7 0 2 7 13 6 3 17 9 2 0 2 7 0 2 7 1 2 7 13 6 3 6 2 7 5 30 3 1 2 7 0 2 7 17 9 2 17 9 2 0 40.2815956473350525
16 19 11 5 30 3 0 2 7 12 16 2 0 2 7 12 16 2 0 2 7 0 2 7 1 2 7 0 2 11 0 2 11 0 2 11 8 9 2 16 6 2 16 6 2 0 2 11 0 2 3 5 31 3 0 2 11 0 2 11 0 2 7 0 2 11 12 16 2 0 2 3 5 30 3 0 2 11 5 30 3 16 19 11 5 30 3 6 2 3 0 2 11 0 2 11 0 2 11 5 30 3 0 2 3 0 2 11 12 16 2 0 2 7 0 2 7 0 2 7 0 43.9359350204467773
0 2 7 0 2 3 12 16 2 12 16 2 1 2 3 1 2 4 1 2 7 0 2 7 5 31 3 0 2 7 16 30 2 1 2 7 12 16 2 0 2 7 1 2 7 0 2 7 0 2 4 0 2 3 0 2 7 0 2 7 1 2 3 1 2 7 5 30 3 1 2 4 1 2 7 17 9 2 0 2 7 1 2 7 8 18 2 0 2 4 0 2 3 16 6 2 0 2 3 0 2 7 5 30 3 0 2 7 0 2 3 17 9 2 13 6 3 12 16 2 0 41.1264107227325439
1 2 7 12 16 2 0 2 7 0 2 7 12 16 2 0 2 7 5 30 3 5 30 3 0 2 7 0 2 7 0 2 7 6 2 7 0 2 7 12 16 2 8 9 2 1 2 7 0 2 7 1 2 7 5 30 3 0 2 7 0 2 7 0 2 7 5 30 3 0 2 7 0 2 7 5 31 3 16 19 11 0 2 7 1 2 11 0 2 7 12 16 2 0 2 7 8 9 2 0 2 7 0 2 7 0 2 7 1 2 7 16 30 2 17 1 2 17 9 2 0 41.8847953677177429
5 30 3 12 16 2 1 2 4 6 2 4 12 16 2 0 2 7 5 30 3 12 16 2 13 6 3 0 2 4 0 2 10 0 2 7 5 30 3 0 2 7 1 2 7 0 2 11 0 2 7 12 16 2 1 2 7 0 2 7 17 9 2 0 2 7 1 2 7 0 2 7 5 30 3 0 2 7 1 2 7 1 2 7 1 2 11 17 18 2 8 18 2 0 2 4 0 2 7 0 2 7 13 6 3 1 2 7 0 2 4 17 9 2 17 9 2 0 2 11 0 40.9771875739097595
0 2 7 5 31 3 0 2 7 12 16 2 0 2 7 0 2 7 1 2 7 1 2 7 0 2 4 0 2 3 0 2 3 1 2 7 0 2 3 1 2 7 0 2 7 0 2 7 0 2 4 5 30 3 1 2 7 1 2 7 0 2 7 1 2 7 16 6 2 5 30 3 0 2 3 0 2 3 1 2 7 0 2 7 0 2 3 0 2 7 5 31 3 16 6 2 1 2 7 17 18 2 0 2 7 5 31 3 0 2 3 16 30 2 16 30 2 0 2 7 0 41.1388388872146606
16 6 2 0 2 3 8 18 2 12 16 2 5 30 3 0 2 3 8 9 2 0 2 3 8 9 2 12 16 2 5 30 3 8 18 2 16 19 12 12 16 2 0 2 3 5 30 3 0 2 8 0 2 3 0 2 3 0 2 3 1 2 8 0 2 8 5 30 3 0 2 8 0 2 8 0 2 3 1 2 8 1 2 3 0 2 8 12 16 2 0 2 3 0 2 3 0 2 3 1 2 3 0 2 3 16 19 12 1 2 8 1 2 3 0 2 3 16 6 2 2.2804800449302849e-05 44.6208280324935913
5 31 3 0 2 7 12 16 2 0 2 7 0 2 7 0 2 7 0 2 3 16 6 2 16 6 2 0 2 13 5 30 3 0 2 7 0 2 7 5 30 3 1 2 7 0 2 7 0 2 7 0 2 3 16 19 11 12 16 2 0 2 7 0 2 7 0 2 7 0 2 7 0 2 8 16 6 2 0 2 7 0 2 3 0 2 3 1 2 3 5 30 3 16 19 11 5 31 3 6 2 7 0 2 7 0 2 8 1 2 8 5 30 3 0 2 3 8 18 2 0 42.8735695481300354
0 2 7 0 2 7 12 16 2 12 16 2 0 2 7 0 2 4 1 2 4 0 2 7 5 31 3 0 2 7 5 30 3 1 2 3 0 2 7 0 2 3 8 9 2 12 16 2 0 2 7 1 2 7 0 2 7 0 2 7 0 2 7 0 2 7 1 2 7 0 2 7 1 2 3 16 6 2 16 31 2 0 2 7 1 2 4 5 30 3 5 31 3 6 2 7 1 2 11 0 2 7 16 6 2 17 9 2 6 2 7 0 2 4 12 16 2 0 2 7 0 41.3987495899200439
5 31 3 12 16 2 0 2 11 0 2 7 0 2 7 0 2 7 1 2 7 5 30 3 0 2 7 0 2 12 1 2 3 1 2 4 0 2 7 0 2 7 0 2 11 0 2 7 1 2 4 12 16 2 1 2 4 0 2 7 0 2 3 0 2 7 0 2 7 17 9 2 0 2 7 0 2 3 1 2 7 1 2 3 0 2 7 5 30 3 17 9 2 8 9 2 1 2 7 8 9 2 1 2 7 0 2 7 16 30 2 5 30 3 1 2 3 16 6 2 0 41.5691019296646118

Current Evaluation = 3600(3600)
Front Size = 10
0 2 7 12 16 2 1 2 7 0 2 7 12 16 2 1 2 7 5 31 3 5 31 3 0 2 7 0 2 7 1 2 7 1 2 7 1 2 7 0 2 7 1 2 7 0 2 7 0 2 7 0 2 7 0 2 7 17 18 2 0 2 7 12 16 2 0 2 7 0 2 4 1 2 7 1 2 4 1 2 7 0 2 7 13 6 3 17 9 2 0 2 7 0 2 7 1 2 7 13 6 3 6 2 7 5 30 3 1 2 7 0 2 7 17 9 2 17 9 2 0 40.2815956473350525
5 30 3 12 16 2 1 2 7 5 30 3 16 6 2 1 2 4 0 2 7 1 2 7 1 2 7 0 2 4 0 2 7 0 2 7 1 2 7 0 2 3 0 2 7 0 2 7 0 2 7 17 18 2 0 2 7 0 2 3 0 2 7 1 2 7 0 2 3 0 2 3 12 16 2 12 16 2 13 6 3 1 2 7 5 30 3 0 2 7 12 16 2 17 9 2 1 2 3 0 2 4 17 18 2 13 6 3 1 2 7 0 2 3 8 18 2 1 2 7 0 40.8231085538864136
0 2 7 0 2 7 12 16 2 12 16 2 0 2 7 0 2 4 1 2 4 0 2 7 5 31 3 0 2 7 5 30 3 1 2 3 0 2 7 0 2 3 8 9 2 12 16 2 0 2 7 1 2 7 0 2 7 0 2 7 0 2 7 0 2 7 1 2 7 0 2 7 1 2 3 16 6 2 16 31 2 0 2 7 1 2 4 5 30 3 5 31 3 6 2 7 1 2 11 0 2 7 16 6 2 17 9 2 6 2 7 0 2 4 12 16 2 0 2 7 0 41.3987495899200439
0 2 7 12 16 2 0 2 3 0 2 7 12 16 2 0 2 3 0 2 7 0 2 7 0 2 7 0 2 7 1 2 3 0 2 3 1 2 7 5 31 3 1 2 7 0 2 7 0 2 7 0 2 7 5 30 3 0 2 7 5 31 3 1 2 7 0 2 7 0 2 7 0 2 7 1 2 3 0 2 3 0 2 3 0 2 3 16 9 11 16 6 2 0 2 3 0 2 7 16 19 11 5 30 3 1 2 7 5 30 3 16 6 2 0 2 3 0 2 3 0 42.648387610912323
16 6 2 0 2 3 8 18 2 12 16 2 5 30 3 0 2 3 8 9 2 0 2 3 8 9 2 12 16 2 5 30 3 8 18 2 16 19 12 12 16 2 0 2 3 5 30 3 0 2 8 0 2 3 0 2 3 0 2 3 1 2 8 0 2 8 5 30 3 0 2 8 0 2 8 0 2 3 1 2 8 1 2 3 0 2 8 12 16 2 0 2 3 0 2 3 0 2 3 1 2 3 0 2 3 16 19 12 1 2 8 1 2 3 0 2 3 16 6 2 2.2804800449302849e-05 44.6208280324935913
5 30 3 12 16 2 1 2 7 0 2 7 0 2 7 5 30 3 0 2 4 1 2 3 1 2 7 1 2 7 0 2 7 12 16 2 0 2 7 0 2 4 0 2 7 0 2 4 1 2 7 1 2 4 1 2 3 0 2 3 5 31 3 16 6 2 1 2 7 17 9 2 17 18 2 17 9 2 0 2 4 1 2 7 0 2 7 15 2 11 1 2 7 0 2 7 0 2 7 0 2 7 0 2 7 8 18 2 0 2 4 1 2 3 0 2 7 0 2 4 0 41.0818667411804199
16 19 11 5 30 3 0 2 7 12 16 2 0 2 7 12 16 2 0 2 7 0 2 7 1 2 7 0 2 11 0 2 11 0 2 11 8 9 2 16 6 2 16 6 2 0 2 11 0 2 3 5 31 3 0 2 11 0 2 11 0 2 7 0 2 11 12 16 2 0 2 3 5 30 3 0 2 11 5 30 3 16 19 11 5 30 3 6 2 3 0 2 11 0 2 11 0 2 11 5 30 3 0 2 3 0 2 11 12 16 2 0 2 7 0 2 7 0 2 7 0 43.9359350204467773
0 2 7 5 31 3 0 2 7 12 16 2 0 2 7 0 2 7 1 2 7 1 2 7 0 2 4 0 2 3 0 2 3 1 2 7 0 2 3 1 2 7 0 2 7 0 2 7 0 2 4 5 30 3 1 2 7 1 2 7 0 2 7 1 2 7 16 6 2 5 30 3 0 2 3 0 2 3 1 2 7 0 2 7 0 2 3 0 2 7 5 31 3 16 6 2 1 2 7 17 18 2 0 2 7 5 31 3 0 2 3 16 30 2 16 30 2 0 2 7 0 41.1388388872146606
0 2 7 5 31 3 0 2 7 0 2 7 0 2 7 1 2 7 0 2 7 1 2 7 0 2 7 0 2 7 0 2 7 5 31 3 0 2 7 0 2 7 16 6 2 5 31 3 0 2 7 8 18 2 5 31 3 17 18 2 0 2 7 0 2 7 1 2 4 12 16 2 1 2 7 1 2 7 16 6 2 1 2 7 1 2 7 17 9 2 1 2 7 0 2 7 0 2 7 0 2 7 1 2 7 16 6 2 0 2 7 0 2 7 0 2 7 1 2 7 0 40.625720739364624
5 30 3 12 16 2 6 2 7 6 2 7 0 2 7 5 30 3 0 2 7 0 2 7 12 16 2 0 2 7 8 9 2 0 2 7 5 31 3 5 31 3 0 2 7 0 2 7 0 2 7 1 2 7 1 2 7 17 18 2 1 2 7 0 2 7 1 2 7 0 2 7 16 15 2 0 2 7 0 2 7 16 30 2 0 2 7 0 2 7 17 9 2 0 2 7 0 2 4 0 2 7 0 2 7 0 2 7 6 2 7 1 2 7 1 2 7 5 31 3 0 41.2770207524299622

Current Evaluation = 4050(4050)
Front Size = 10
0 2 7 12 16 2 1 2 7 0 2 7 12 16 2 1 2 7 5 31 3 5 31 3 0 2 7 0 2 7 1 2 7 1 2 7 1 2 7 0 2 7 1 2 7 0 2 7 0 2 7 0 2 7 0 2 7 17 18 2 0 2 7 12 16 2 0 2 7 0 2 4 1 2 7 1 2 4 1 2 7 0 2 7 13 6 3 17 9 2 0 2 7 0 2 7 1 2 7 13 6 3 6 2 7 5 30 3 1 2 7 0 2 7 17 9 2 17 9 2 0 40.2815956473350525
5 30 3 12 16 2 1 2 7 5 30 3 16 6 2 1 2 4 0 2 7 1 2 7 1 2 7 0 2 4 0 2 7 0 2 7 1 2 7 0 2 3 0 2 7 0 2 7 0 2 7 17 18 2 0 2 7 0 2 3 0 2 7 1 2 7 0 2 3 0 2 3 12 16 2 12 16 2 13 6 3 1 2 7 5 30 3 0 2 7 12 16 2 17 9 2 1 2 3 0 2 4 17 18 2 13 6 3 1 2 7 0 2 3 8 18 2 1 2 7 0 40.8231085538864136
16 6 2 0 2 3 8 18 2 12 16 2 5 30 3 0 2 3 8 9 2 0 2 3 8 9 2 12 16 2 5 30 3 8 18 2 16 19 12 12 16 2 0 2 3 5 30 3 0 2 8 0 2 3 0 2 3 0 2 3 1 2 8 0 2 8 5 30 3 0 2 8 0 2 8 0 2 3 1 2 8 1 2 3 0 2 8 12 16 2 0 2 3 0 2 3 0 2 3 1 2 3 0 2 3 16 19 12 1 2 8 1 2 3 0 2 3 16 6 2 2.2804800449302849e-05 44.6208280324935913
16 19 11 5 30 3 0 2 7 12 16 2 0 2 7 12 16 2 0 2 7 0 2 7 1 2 7 0 2 11 0 2 11 0 2 11 8 9 2 16 6 2 16 6 2 0 2 11 0 2 3 5 31 3 0 2 11 0 2 11 0 2 7 0 2 11 12 16 2 0 2 3 5 30 3 0 2 11 5 30 3 16 19 11 5 30 3 6 2 3 0 2 11 0 2 11 0 2 11 5 30 3 0 2 3 0 2 11 12 16 2 0 2 7 0 2 7 0 2 7 0 43.9359350204467773
0 2 7 5 31 3 0 2 7 12 16 2 0 2 7 0 2 7 1 2 4 1 2 7 0 2 7 6 2 7 1 2 7 0 2 7 0 2 7 0 2 7 1 2 7 1 2 7 16 6 2 0 2 7 1 2 7 0 2 7 0 2 7 16 30 2 0 2 7 17 18 2 0 2 7 5 31 3 1 2 7 1 2 4 0 2 7 1 2 7 0 2 7 0 2 7 5 31 3 5 31 3 0 2 7 17 9 2 1 2 4 0 2 3 0 2 7 16 6 2 0 40.5028318762779236
12 16 2 1 2 7 1 2 7 0 2 7 1 2 7 0 2 7 0 2 3 0 2 7 0 2 7 0 2 7 1 2 7 0 2 7 16 6 2 1 2 7 17 18 2 1 2 7 0 2 3 0 2 7 1 2 7 0 2 7 1 2 3 0 2 7 0 2 3 0 2 3 0 2 7 1 2 7 5 30 3 1 2 7 5 31 3 17 9 2 0 2 7 1 2 7 6 2 3 0 2 7 5 31 3 0 2 7 17 18 2 0 2 7 1 2 7 13 6 3 0 40.7138477563858032
12 16 2 0 2 7 0 2 11 0 2 7 0 2 7 0 2 8 0 2 7 0 2 7 1 2 7 0 2 7 0 2 7 0 2 7 0 2 7 0 2 7 5 31 3 5 30 3 0 2 7 5 30 3 0 2 7 0 2 7 0 2 7 0 2 7 0 2 7 0 2 7 12 16 2 5 31 3 16 19 11 0 2 7 5 30 3 0 2 7 17 9 2 5 30 3 1 2 7 0 2 7 16 19 11 16 6 2 12 16 2 1 2 7 0 2 7 13 6 3 0 42.2885173559188843
5 30 3 12 16 2 1 2 7 0 2 7 0 2 7 5 30 3 0 2 4 1 2 3 1 2 7 1 2 7 0 2 7 12 16 2 0 2 7 0 2 4 0 2 7 0 2 4 1 2 7 1 2 4 1 2 3 0 2 3 5 31 3 16 6 2 1 2 7 17 9 2 17 18 2 17 9 2 0 2 4 1 2 7 0 2 7 15 2 11 1 2 7 0 2 7 0 2 7 0 2 7 0 2 7 8 18 2 0 2 4 1 2 3 0 2 7 0 2 4 0 41.0818667411804199
1 2 7 0 2 11 12 16 2 12 16 2 0 2 7 16 30 2 5 30 3 0 2 7 5 30 3 0 2 7 0 2 7 8 9 2 12 16 2 0 2 7 0 2 7 0 2 7 16 30 2 5 31 3 16 30 2 12 16 2 0 2 7 1 2 7 16 9 11 0 2 3 1 2 7 0 2 7 1 2 3 0 2 11 5 30 3 0 2 7 0 2 7 0 2 3 5 31 3 1 2 7 0 2 7 1 2 3 1 2 7 0 2 7 0 2 3 0 2 7 0 42.0539038777351379
0 2 7 5 31 3 0 2 7 12 16 2 0 2 7 0 2 7 1 2 4 1 2 7 0 2 7 6 2 7 1 2 7 0 2 7 0 2 7 0 2 7 1 2 7 1 2 7 16 6 2 0 2 7 1 2 7 0 2 7 0 2 7 0 2 7 17 18 2 0 2 7 1 2 4 0 2 3 16 30 2 5 31 3 5 30 3 5 30 3 12 16 2 13 6 3 0 2 4 5 30 3 17 18 2 17 18 2 1 2 11 0 2 3 15 2 11 0 2 3 0.00223756568901486205 41.0032636523246765

Current Evaluation = 4500(4500)
Front Size = 10
0 2 7 12 16 2 1 2 7 0 2 7 12 16 2 1 2 7 5 31 3 5 31 3 0 2 7 0 2 7 1 2 7 1 2 7 1 2 7 0 2 7 1 2 7 0 2 7 0 2 7 0 2 7 0 2 7 17 18 2 0 2 7 12 16 2 0 2 7 0 2 4 1 2 7 1 2 4 1 2 7 0 2 7 13 6 3 17 9 2 0 2 7 0 2 7 1 2 7 13 6 3 6 2 7 5 30 3 1 2 7 0 2 7 17 9 2 17 9 2 0 40.2815956473350525
16 6 2 0 2 3 8 18 2 12 16 2 5 30 3 0 2 3 8 9 2 0 2 3 8 9 2 12 16 2 5 30 3 8 18 2 16 19 12 12 16 2 0 2 3 5 30 3 0 2 8 0 2 3 0 2 3 0 2 3 1 2 8 0 2 8 5 30 3 0 2 8 0 2 8 0 2 3 1 2 8 1 2 3 0 2 8 12 16 2 0 2 3 0 2 3 0 2 3 1 2 3 0 2 3 16 19 12 1 2 8 1 2 3 0 2 3 16 6 2 2.2804800449302849e-05 44.6208280324935913
12 16 2 16 15 2 5 31 3 1 2 7 0 2 7 5 30 3 0 2 7 0 2 7 0 2 7 0 2 7 0 2 7 1 2 10 0 2 10 0 2 4 8 18 2 1 2 3 0 2 3 17 18 2 0 2 3 1 2 3 0 2 10 0 2 4 5 30 3 0 2 7 0 2 4 12 16 2 1 2 7 1 2 7 5 30 3 6 2 7 0 2 3 0 2 4 6 2 11 1 2 7 0 2 10 0 2 7 17 9 2 0 2 7 17 9 2 1 2 7 0 41.8337427973747253
0 2 7 5 31 3 0 2 7 12 16 2 0 2 7 0 2 4 1 2 4 1 2 7 1 2 7 0 2 7 0 2 7 1 2 7 1 2 7 0 2 7 0 2 7 1 2 7 16 31 2 0 2 7 1 2 7 0 2 7 1 2 4 16 6 2 1 2 7 17 18 2 0 2 7 5 31 3 1 2 7 0 2 7 0 2 7 0 2 7 0 2 7 1 2 7 5 31 3 5 30 3 0 2 7 17 18 2 0 2 7 0 2 7 0 2 7 16 6 2 0 40.4265387058258057
5 31 3 12 16 2 6 2 7 16 6 2 0 2 7 0 2 7 0 2 7 17 18 2 6 2 7 0 2 7 1 2 4 0 2 7 0 2 7 0 2 7 17 18 2 1 2 7 12 16 2 0 2 7 0 2 7 0 2 7 1 2 7 13 6 3 1 2 7 0 2 7 0 2 7 0 2 7 17 18 2 0 2 7 0 2 11 5 30 3 1 2 7 0 2 7 1 2 4 12 16 2 5 30 3 12 16 2 5 31 3 13 6 3 1 2 7 0 2 7 0 40.7037945985794067
16 19 11 5 30 3 0 2 7 12 16 2 0 2 7 12 16 2 0 2 7 0 2 7 1 2 7 0 2 11 0 2 11 0 2 11 8 9 2 16 6 2 16 6 2 0 2 11 0 2 3 5 31 3 0 2 11 0 2 11 0 2 7 0 2 11 12 16 2 0 2 3 5 30 3 0 2 11 5 30 3 16 19 11 5 30 3 6 2 3 0 2 11 0 2 11 0 2 11 5 30 3 0 2 3 0 2 11 12 16 2 0 2 7 0 2 7 0 2 7 0 43.9359350204467773
12 16 2 5 31 3 0 2 7 1 2 7 5 31 3 1 2 7 0 2 7 0 2 7 0 2 4 1 2 4 0 2 4 0 2 3 17 18 2 1 2 7 5 30 3 0 2 3 1 2 7 0 2 7 1 2 7 6 2 7 1 2 7 1 2 7 17 9 2 1 2 7 1 2 7 0 2 3 0 2 7 0 2 7 8 18 2 0 2 7 17 18 2 1 2 7 0 2 4 16 6 2 0 2 7 0 2 3 0 2 7 1 2 7 0 2 4 0 2 7 0 40.8292918801307678
12 16 2 1 2 7 1 2 7 1 2 7 0 2 3 0 2 7 0 2 7 0 2 7 1 2 7 17 9 2 0 2 7 1 2 7 1 2 3 1 2 3 0 2 3 5 30 3 17 9 2 0 2 7 0 2 7 0 2 7 0 2 7 0 2 7 0 2 11 0 2 7 0 2 7 13 6 3 15 2 11 0 2 7 0 2 3 1 2 7 5 30 3 5 31 3 16 6 2 0 2 7 5 30 3 0 2 3 1 2 7 12 16 2 0 2 7 16 30 2 0 41.1986017227172852
5 30 3 12 16 2 1 2 7 0 2 7 0 2 7 5 30 3 0 2 4 1 2 3 1 2 7 1 2 7 0 2 7 12 16 2 0 2 7 0 2 4 0 2 7 0 2 4 1 2 7 1 2 4 1 2 3 0 2 3 5 31 3 16 6 2 1 2 7 17 9 2 17 18 2 17 9 2 0 2 4 1 2 7 0 2 7 15 2 11 1 2 7 0 2 7 0 2 7 0 2 7 0 2 7 8 18 2 0 2 4 1 2 3 0 2 7 0 2 4 0 41.0818667411804199
12 16 2 0 2 4 0 2 7 0 2 7 0 2 7 0 2 7 1 2 7 0 2 3 0 2 7 0 2 7 0 2 7 0 2 4 16 6 2 1 2 7 1 2 4 5 31 3 0 2 7 1 2 7 0 2 7 1 2 4 0 2 7 1 2 7 1 2 7 1 2 7 5 30 3 5 31 3 17 9 2 0 2 7 1 2 7 0 2 11 0 2 7 17 18 2 0 2 4 6 2 7 8 9 2 1 2 11 5 30 3 17 18 2 0 2 7 0 2 7 0 41.060238778591156

Current Evaluation = 4950(4950)
Front Size = 10
5 31 3 0 2 4 1 2 7 5 31 3 0 2 7 0 2 7 0 2 7 0 2 7 17 18 2 1 2 7 1 2 7 1 2 7 0 2 7 0 2 7 1 2 7 17 9 2 0 2 7 0 2 7 0 2 7 1 2 7 0 2 7 17 9 2 1 2 7 16 6 2 0 2 7 1 2 7 0 2 7 1 2 7 0 2 7 1 2 11 13 6 3 0 2 7 5 31 3 0 2 7 1 2 7 0 2 7 17 18 2 0 2 7 1 2 7 1 2 7 0 40.0670827627182007
16 6 2 0 2 3 8 18 2 12 16 2 5 30 3 0 2 3 8 9 2 0 2 3 8 9 2 12 16 2 5 30 3 8 18 2 16 19 12 12 16 2 0 2 3 5 30 3 0 2 8 0 2 3 0 2 3 0 2 3 1 2 8 0 2 8 5 30 3 0 2 8 0 2 8 0 2 3 1 2 8 1 2 3 0 2 8 12 16 2 0 2 3 0 2 3 0 2 3 1 2 3 0 2 3 16 19 12 1 2 8 1 2 3 0 2 3 16 6 2 2.2804800449302849e-05 44.6208280324935913
5 30 3 0 2 4 12 16 2 0 2 7 12 16 2 6 2 7 6 2 7 0 2 10 5 31 3 1 2 7 12 16 2 0 2 7 0 2 7 0 2 11 17 9 2 0 2 7 17 9 2 0 2 7 17 9 2 0 2 7 1 2 7 6 2 10 1 2 7 6 2 7 12 16 2 0 2 7 0 2 7 0 2 7 1 3 2 5 30 3 16 18 11 5 31 3 6 2 10 0 2 7 0 2 7 6 2 7 5 31 3 0 2 10 0 2 7 12 16 2 0 42.1871675848960876
12 16 2 5 31 3 0 2 7 1 2 7 5 31 3 1 2 7 0 2 7 0 2 7 0 2 4 1 2 4 0 2 4 0 2 3 17 18 2 1 2 7 5 30 3 0 2 3 1 2 7 0 2 7 1 2 7 6 2 7 1 2 7 1 2 7 17 9 2 1 2 7 1 2 7 0 2 3 0 2 7 0 2 7 8 18 2 0 2 7 17 18 2 1 2 7 0 2 4 16 6 2 0 2 7 0 2 3 0 2 7 1 2 7 0 2 4 0 2 7 0 40.8292918801307678
5 30 3 17 9 2 12 16 2 0 2 7 0 2 7 1 2 4 1 2 11 0 2 4 0 2 11 12 16 2 0 2 7 0 2 7 0 2 7 6 2 7 0 2 4 1 2 7 0 2 7 0 2 7 1 2 4 0 2 7 0 2 7 0 2 7 13 6 3 17 18 2 17 18 2 6 2 7 0 2 7 0 2 7 1 2 7 5 30 3 17 9 2 1 2 7 0 2 7 1 2 1 1 2 7 8 18 2 0 2 7 5 30 3 5 31 3 1 2 11 0 41.1402506828308105
5 30 3 8 9 2 12 16 2 0 2 7 0 2 7 1 2 7 1 2 7 0 2 7 5 30 3 12 16 2 0 2 7 0 2 7 0 2 7 5 30 3 0 2 7 0 2 7 8 9 2 0 2 7 0 2 7 5 30 3 0 2 7 1 2 7 17 9 2 0 2 7 0 2 7 16 15 2 0 2 11 13 6 3 12 16 2 17 18 2 17 18 2 8 18 2 0 2 7 1 2 7 1 2 7 0 2 7 0 2 7 1 2 7 1 2 7 5 30 3 0 41.4392894506454468
5 30 3 12 16 2 1 2 7 0 2 7 0 2 7 1 2 7 1 2 7 6 2 7 0 2 7 12 16 2 1 2 7 0 2 7 0 2 7 1 2 7 5 31 3 16 6 2 1 2 3 17 18 2 0 2 7 0 2 7 0 2 4 0 2 7 0 2 7 17 9 2 1 2 7 13 6 3 0 2 7 12 16 2 1 2 3 12 16 2 5 31 3 17 9 2 13 6 3 0 2 7 6 2 7 0 2 7 0 2 7 0 2 7 1 2 7 0 2 7 0 40.4924476146697998
5 30 3 12 16 2 1 2 7 0 2 7 1 2 7 1 2 7 1 2 7 0 2 4 12 16 2 0 2 7 0 2 4 0 2 7 1 2 7 0 2 7 17 18 2 0 2 7 0 2 7 0 2 7 1 2 7 0 2 7 17 9 2 0 2 7 1 2 4 0 2 4 17 9 2 0 2 7 0 2 7 1 2 7 5 30 3 1 2 7 0 2 7 1 2 4 17 18 2 1 2 11 5 31 3 13 6 3 1 2 7 0 2 4 8 9 2 0 2 7 0 40.4922696352005005
16 19 11 5 30 3 0 2 7 12 16 2 0 2 7 12 16 2 0 2 7 0 2 7 1 2 7 0 2 11 0 2 11 0 2 11 8 9 2 16 6 2 16 6 2 0 2 11 0 2 3 5 31 3 0 2 11 0 2 11 0 2 7 0 2 11 12 16 2 0 2 3 5 30 3 0 2 11 5 30 3 16 19 11 5 30 3 6 2 3 0 2 11 0 2 11 0 2 11 5 30 3 0 2 3 0 2 11 12 16 2 0 2 7 0 2 7 0 2 7 0 43.9359350204467773
12 16 2 5 31 3 0 2 7 1 2 7 5 30 3 1 2 7 0 2 4 0 2 7 0 2 7 17 18 2 1 2 7 5 30 3 1 2 7 0 2 3 1 2 7 0 2 7 1 2 7 1 2 7 17 9 2 1 2 7 0 2 7 0 2 7 16 6 2 0 2 7 0 2 7 0 2 7 13 6 3 12 16 2 0 2 7 12 16 2 1 2 7 0 2 7 12 16 2 8 18 2 17 18 2 1 2 7 0 2 7 13 6 3 0 2 7 0 2 3 0 40.5633875131607056

Current Evaluation = 5400(5400)
Front Size = 10
5 31 3 1 2 7 1 2 7 1 2 7 0 2 7 0 2 7 1 2 7 0 2 7 17 18 2 0 2 7 1 2 7 1 2 7 0 2 7 0 2 7 1 2 7 17 9 2 0 2 7 0 2 7 0 2 7 1 2 7 0 2 7 17 9 2 1 2 7 16 6 2 0 2 7 1 2 7 0 2 4 0 2 7 0 2 7 0 2 7 0 2 7 1 2 11 13 6 3 5 31 3 5 31 3 0 2 7 17 18 2 0 2 7 1 2 7 1 2 7 0 40.0670827627182007
16 19 11 5 30 3 0 2 7 12 16 2 0 2 7 12 16 2 0 2 7 0 2 7 1 2 7 0 2 11 0 2 11 0 2 11 8 9 2 16 6 2 16 6 2 0 2 11 0 2 3 5 31 3 0 2 11 0 2 11 0 2 7 0 2 11 12 16 2 0 2 3 5 30 3 0 2 11 5 30 3 16 19 11 5 30 3 6 2 3 0 2 11 0 2 11 0 2 11 5 30 3 0 2 3 0 2 11 12 16 2 0 2 7 0 2 7 0 2 7 0 43.9359350204467773
5 30 3 12 16 2 1 2 7 0 2 7 1 2 7 0 2 7 1 2 7 0 2 7 0 2 7 0 2 7 5 30 3 5 30 3 17 18 2 0 2 7 0 2 7 17 18 2 0 2 7 13 6 3 0 2 7 0 2 7 0 2 7 0 2 7 0 2 7 1 2 4 1 2 7 0 2 7 0 2 7 12 16 2 0 2 7 1 2 7 17 9 2 1 2 7 1 2 4 8 18 2 0 2 7 5 30 3 17 18 2 1 2 11 5 30 3 13 6 3 0 40.7027413845062256
12 16 2 5 31 3 0 2 7 1 2 7 5 31 3 1 2 7 0 2 7 0 2 7 0 2 4 1 2 4 0 2 4 0 2 3 17 18 2 1 2 7 5 30 3 0 2 3 1 2 7 0 2 7 1 2 7 6 2 7 1 2 7 1 2 7 17 9 2 1 2 7 1 2 7 0 2 3 0 2 7 0 2 7 8 18 2 0 2 7 17 18 2 1 2 7 0 2 4 16 6 2 0 2 7 0 2 3 0 2 7 1 2 7 0 2 4 0 2 7 0 40.8292918801307678
0 2 7 0 2 7 5 30 3 0 2 4 0 2 7 0 2 7 17 9 2 0 2 7 17 9 2 0 2 7 0 2 7 0 2 7 1 2 7 0 2 7 0 2 7 0 2 7 5 31 3 1 2 7 0 2 7 5 31 3 0 2 7 5 30 3 1 2 7 1 2 7 0 2 7 6 2 7 0 2 7 1 2 7 0 2 7 8 9 2 1 2 7 0 2 7 12 16 2 16 15 2 5 30 3 6 2 7 16 6 2 0 2 7 8 9 2 12 16 2 0 41.3596305847167969
5 30 3 12 16 2 1 2 7 0 2 4 0 2 7 1 2 7 1 2 7 0 2 7 0 2 7 1 2 7 0 2 7 0 2 7 1 2 7 5 31 3 1 2 7 17 18 2 0 2 7 0 2 7 0 2 7 0 2 7 0 2 7 17 9 2 1 2 7 1 2 7 5 31 3 17 9 2 0 2 7 1 2 3 0 2 7 0 2 7 0 2 7 0 2 7 12 16 2 1 2 4 8 18 2 12 16 2 16 30 2 0 2 7 0 2 3 1 2 4 0.0001238562640477511 41.0943217277526855
5 30 3 12 16 2 1 2 7 0 2 7 0 2 7 0 2 7 1 2 7 1 2 4 6 2 7 0 2 7 5 30 3 17 18 2 0 2 7 1 2 7 17 18 2 0 2 7 1 2 7 0 2 7 1 2 7 0 2 4 0 2 7 0 2 7 0 2 7 1 2 7 0 2 11 0 2 7 0 2 7 0 2 7 0 2 4 17 18 2 5 31 3 16 6 2 16 6 2 5 31 3 5 31 3 0 2 7 0 2 7 0 2 7 1 2 7 13 6 3 0 40.610876739025116
5 30 3 12 16 2 0 2 1 1 2 7 1 2 7 0 2 7 0 2 7 0 2 7 0 2 7 0 2 4 5 31 3 17 18 2 0 2 7 0 2 7 8 18 2 1 2 7 13 6 3 1 2 7 1 2 7 0 2 7 1 2 7 0 2 7 0 2 7 0 2 7 0 2 7 0 2 7 1 2 7 0 2 7 0 2 4 17 18 2 5 30 3 6 2 7 0 2 7 1 2 7 17 9 2 17 18 2 5 30 3 1 2 7 5 30 3 0 2 7 0 41.0185546278953552
5 30 3 12 16 2 1 2 7 0 2 4 0 2 7 1 2 7 1 2 7 0 2 7 0 2 7 1 2 7 0 2 7 0 2 7 1 2 7 5 31 3 16 6 2 1 2 7 17 18 2 0 2 7 0 2 7 0 2 7 0 2 7 0 2 7 1 2 7 13 6 3 5 31 3 0 2 7 0 2 7 0 2 7 0 2 7 0 2 7 12 16 2 1 2 11 1 2 7 12 16 2 16 31 2 12 16 2 0 2 7 5 30 3 5 30 3 6 2 7 9.19243222152501372e-05 41.1934474110603333
5 30 3 12 16 2 1 2 7 0 2 4 0 2 7 1 2 7 1 2 7 0 2 7 0 2 7 1 2 7 0 2 7 0 2 7 1 2 7 5 31 3 16 6 2 1 2 7 17 18 2 0 2 7 0 2 7 0 2 7 0 2 7 0 2 7 1 2 7 13 6 3 5 31 3 0 2 7 0 2 7 0 2 7 0 2 7 0 2 7 0 2 7 17 9 2 17 18 2 1 2 4 6 2 3 17 18 2 17 9 2 13 6 3 1 2 3 0 2 7 0.0405295578086447492 39.9182066917419434

Current Evaluation = 5850(5850)
Front Size = 10
5 31 3 1 2 7 1 2 7 1 2 7 0 2 7 0 2 7 1 2 7 0 2 7 17 18 2 0 2 7 1 2 7 1 2 7 0 2 7 0 2 7 1 2 7 0 2 7 0 2 7 0 2 7 1 2 7 0 2 7 1 2 7 16 6 2 0 2 7 0 2 4 0 2 7 0 2 7 0 2 7 0 2 7 13 6 3 5 31 3 0 2 7 17 18 2 0 2 7 17 9 2 17 9 2 1 2 7 1 2 11 5 31 3 1 2 7 1 2 7 0 40.0670827627182007
5 30 3 5 31 3 6 2 7 0 2 7 0 2 7 0 2 7 1 2 3 16 6 2 0 2 10 5 30 3 0 2 7 0 2 3 17 9 2 1 2 7 0 2 4 1 2 7 5 31 3 1 2 4 0 2 4 0 2 7 0 2 7 0 2 7 1 2 7 1 2 7 0 2 7 0 2 7 0 2 7 12 16 2 0 2 7 6 2 7 16 6 2 16 19 11 5 31 3 0 2 7 0 2 10 0 2 7 0 2 7 17 9 2 1 2 7 0 2 3 0 41.419819712638855
1 2 4 0 2 4 0 2 7 0 2 7 0 2 7 0 2 7 5 30 3 0 2 7 17 18 2 0 2 7 0 2 7 17 18 2 0 2 7 1 2 7 0 2 7 0 2 7 0 2 7 0 2 7 0 2 7 5 31 3 16 19 13 1 2 7 5 30 3 0 2 7 5 30 3 0 2 7 0 2 7 1 2 7 5 31 3 1 2 7 1 2 7 0 2 7 1 2 4 13 6 3 17 18 2 1 2 7 16 6 2 0 2 7 0 2 7 12 16 2 0 40.8845065832138062
5 30 3 12 16 2 1 2 7 0 2 7 1 2 10 0 2 11 1 2 7 0 2 3 5 30 3 0 2 7 0 2 7 0 2 7 0 2 7 12 16 2 5 30 3 5 31 3 0 2 7 1 2 3 17 18 2 0 2 7 13 6 3 5 30 3 0 2 7 16 9 11 0 2 7 0 2 10 17 18 2 0 2 7 1 2 4 0 2 7 15 2 11 0 2 7 12 16 2 12 16 2 0 2 7 1 2 11 0 2 7 16 30 2 0 2 7 6 2 7 0 41.861054539680481
16 19 11 5 30 3 0 2 7 12 16 2 0 2 7 12 16 2 0 2 7 0 2 7 1 2 7 0 2 11 0 2 11 0 2 11 8 9 2 16 6 2 16 6 2 0 2 11 0 2 3 5 31 3 0 2 11 0 2 11 0 2 7 0 2 11 12 16 2 0 2 3 5 30 3 0 2 11 5 30 3 16 19 11 5 30 3 6 2 3 0 2 11 0 2 11 0 2 11 5 30 3 0 2 3 0 2 11 12 16 2 0 2 7 0 2 7 0 2 7 0 43.9359350204467773
5 30 3 0 2 7 0 2 7 0 2 7 0 2 7 1 2 7 16 6 2 5 31 3 0 2 7 5 30 3 0 2 7 0 2 7 0 2 7 0 2 7 0 2 4 12 16 2 0 2 11 0 2 11 13 6 3 1 2 3 16 6 2 0 2 11 1 2 7 1 2 7 0 2 11 0 2 11 0 2 4 0 2 3 1 2 7 1 2 7 16 19 11 0 2 4 6 2 3 0 2 4 0 2 11 0 2 11 5 30 3 1 2 7 1 2 7 12 16 2 0.00157868228264674941 41.6122390031814575
5 31 3 1 2 3 1 2 7 1 2 7 0 2 7 0 2 7 1 2 7 0 2 7 17 18 2 0 2 4 1 2 7 1 2 7 0 2 7 0 2 7 1 2 7 0 2 7 0 2 4 0 2 7 1 2 7 16 6 2 0 2 7 0 2 4 0 2 7 0 2 4 0 2 4 0 2 7 1 2 7 13 6 3 5 31 3 0 2 7 0 2 7 17 18 2 0 2 7 17 9 2 1 2 7 5 30 3 17 18 2 1 2 7 5 30 3 1 2 7 0 40.148398756980896
5 30 3 0 2 7 0 2 7 0 2 7 0 2 7 1 2 7 5 31 3 0 2 7 1 2 7 0 2 7 0 2 7 16 19 11 17 18 2 12 16 2 6 2 7 0 2 7 1 2 7 8 9 2 0 2 7 0 2 7 0 2 4 17 9 2 1 2 7 0 2 4 1 2 7 17 18 2 0 2 7 0 2 7 0 2 7 1 2 7 1 2 7 1 2 7 0 2 7 1 2 7 0 2 7 0 2 4 5 30 3 5 31 3 0 2 4 12 16 2 0 41.3652386069297791
5 30 3 1 2 7 0 2 7 1 2 7 16 6 2 5 30 3 1 2 4 0 2 7 0 2 7 17 9 2 0 2 7 0 2 7 17 9 2 0 2 7 0 2 7 0 2 7 0 2 7 0 2 7 1 2 4 0 2 4 6 2 7 0 2 7 0 2 7 5 31 3 0 2 7 0 2 7 0 2 7 1 2 7 5 31 3 0 2 7 1 2 7 17 18 2 0 2 7 0 2 7 0 2 7 1 2 7 5 31 3 1 2 7 16 19 11 1 2 7 0 41.0209676623344421
5 30 3 15 2 11 1 2 7 1 2 7 0 2 11 1 2 7 16 6 2 5 31 3 0 2 7 0 2 7 0 2 7 0 2 11 0 2 7 0 2 7 0 2 7 17 18 2 17 9 2 0 2 12 0 2 7 1 2 7 0 2 7 0 2 11 0 2 7 0 2 7 1 2 7 1 2 4 12 16 2 0 2 7 0 2 4 5 30 3 15 2 11 5 30 3 5 30 3 0 2 7 15 2 11 17 18 2 0 2 7 0 2 7 1 2 7 6 2 7 0 41.7223407626152039

Current Evaluation = 6300(6300)
Front Size = 10
5 31 3 1 2 7 1 2 7 0 2 7 0 2 7 0 2 7 17 18 2 0 2 7 1 2 7 0 2 7 0 2 7 1 2 7 0 2 7 0 2 7 1 2 7 16 6 2 0 2 7 0 2 7 0 2 7 13 6 3 5 31 3 0 2 7 0 2 7 0 2 7 17 9 2 1 2 7 1 2 7 0 2 7 0 2 7 0 2 7 17 18 2 5 31 3 1 2 7 1 2 7 1 2 7 17 18 2 1 2 11 0 2 4 1 2 7 1 2 7 0 40.0670827627182007
16 18 11 1 2 7 0 2 3 1 2 3 0 2 7 5 31 3 0 2 4 1 2 7 0 2 7 1 2 7 0 2 7 1 2 7 17 18 2 0 2 7 0 2 4 0 2 4 0 2 7 1 2 7 12 16 2 12 16 2 0 2 7 5 30 3 5 31 3 0 2 4 17 18 2 0 2 7 1 2 7 0 2 4 8 18 2 16 6 2 0 2 4 1 2 7 0 2 3 0 2 7 0 2 4 12 16 2 1 2 7 12 16 2 0 2 7 1 2 10 0 41.4894747138023376
5 31 3 1 2 3 1 2 7 1 2 7 0 2 7 0 2 7 1 2 7 0 2 7 17 18 2 0 2 4 1 2 7 1 2 7 0 2 7 0 2 7 1 2 7 0 2 7 0 2 4 0 2 7 1 2 7 16 6 2 0 2 7 0 2 4 0 2 7 0 2 4 0 2 4 0 2 7 1 2 7 13 6 3 5 31 3 0 2 7 0 2 7 17 18 2 0 2 7 17 9 2 1 2 7 5 30 3 17 18 2 1 2 7 5 30 3 1 2 7 0 40.148398756980896
5 30 3 12 16 2 1 2 4 0 2 7 0 2 7 0 2 7 1 2 3 0 2 4 0 2 7 12 16 2 5 31 3 1 2 7 0 2 7 17 18 2 0 2 11 13 6 3 0 2 7 0 2 7 17 18 2 0 2 7 1 2 7 0 2 7 0 2 3 0 2 7 0 2 7 1 2 7 1 2 4 1 2 4 5 30 3 5 30 3 1 2 7 1 2 7 0 2 7 6 2 11 12 16 2 0 2 7 17 18 2 0 2 11 16 30 2 8 18 2 0 41.1481398344039917
5 30 3 12 16 2 1 2 7 0 2 7 1 2 10 0 2 11 1 2 7 0 2 3 5 30 3 0 2 7 0 2 7 0 2 7 0 2 7 12 16 2 5 30 3 5 31 3 0 2 7 1 2 3 17 18 2 0 2 7 13 6 3 5 30 3 0 2 7 16 9 11 0 2 7 0 2 10 17 18 2 0 2 7 1 2 4 0 2 7 15 2 11 0 2 7 12 16 2 12 16 2 0 2 7 1 2 11 0 2 7 16 30 2 0 2 7 6 2 7 0 41.861054539680481
5 31 3 1 2 7 1 2 7 0 2 7 0 2 7 0 2 7 17 18 2 0 2 7 1 2 7 1 2 7 0 2 4 1 2 7 1 2 3 0 2 7 1 2 7 0 2 7 0 2 7 0 2 7 13 6 3 17 9 2 1 2 4 5 30 3 5 31 3 1 2 4 17 18 2 1 2 7 6 2 7 0 2 7 0 2 7 17 18 2 0 2 7 0 2 4 1 2 7 12 16 2 0 2 4 0 2 7 0 2 4 12 16 2 1 2 7 0 2 4 0 40.425436794757843
5 30 3 1 2 7 1 2 4 0 2 7 0 2 7 0 2 4 17 18 2 0 2 7 1 2 7 0 2 7 0 2 7 1 2 7 0 2 7 0 2 7 1 2 4 0 2 7 0 2 4 0 2 11 13 6 3 17 9 2 1 2 4 0 2 7 17 18 2 1 2 7 0 2 4 12 16 2 5 31 3 0 2 7 1 2 7 0 2 7 0 2 7 0 2 7 1 2 7 5 30 3 1 2 7 12 16 2 17 18 2 1 2 7 8 18 2 1 2 7 0 40.49226975440979
5 31 3 1 2 7 0 2 7 0 2 7 0 2 7 0 2 7 16 6 2 1 2 7 1 2 7 17 9 2 1 2 7 0 2 7 0 2 7 1 2 7 1 2 3 1 2 3 0 2 7 0 2 7 0 2 4 1 2 7 0 2 7 0 2 7 12 16 2 0 2 7 0 2 7 1 2 4 1 2 7 16 6 2 0 2 7 5 31 3 0 2 7 5 31 3 17 18 2 0 2 7 0 2 7 0 2 7 5 31 3 16 20 12 0 2 7 0 2 7 0 40.8454937934875488
5 31 3 1 2 7 1 2 7 0 2 7 0 2 7 6 2 7 0 2 7 17 18 2 0 2 7 1 2 7 0 2 7 0 2 7 1 2 7 0 2 7 0 2 7 1 2 7 16 6 2 0 2 7 0 2 7 0 2 7 1 2 8 13 6 3 5 31 3 0 2 7 0 2 7 0 2 7 17 9 2 1 2 7 5 30 3 5 30 3 1 2 7 16 6 2 0 2 7 0 2 7 0 2 7 0 2 7 17 18 2 5 31 3 0 2 7 1 2 7 0 40.5071266293525696
5 31 3 6 2 3 0 2 7 1 2 3 0 2 7 0 2 7 0 2 7 17 18 2 0 2 7 0 2 4 0 2 4 0 2 4 0 2 7 0 2 7 0 2 7 0 2 7 0 2 7 0 2 7 0 2 3 13 6 3 0 2 7 17 18 2 1 2 3 5 30 3 1 2 7 1 2 7 1 2 7 12 16 2 16 6 2 1 2 7 1 2 7 0 2 7 12 16 2 17 9 2 6 2 7 5 31 3 1 2 4 1 2 7 5 30 3 0 2 7 0 40.8896856904029846

Current Evaluation = 6750(6750)
Front Size = 10
5 31 3 1 2 7 0 2 7 0 2 7 1 2 11 0 2 7 17 18 2 0 2 7 1 2 7 0 2 7 0 2 7 1 2 7 0 2 7 0 2 7 0 2 7 16 6 2 1 2 7 0 2 7 0 2 7 5 31 3 1 2 7 0 2 7 17 9 2 1 2 7 1 2 7 17 18 2 1 2 7 0 2 7 0 2 7 1 2 4 0 2 7 0 2 7 1 2 7 5 31 3 1 2 7 13 6 3 0 2 7 17 18 2 0 2 7 1 2 7 0 40.0670827627182007
16 18 11 1 2 7 0 2 3 1 2 3 0 2 7 5 31 3 0 2 4 1 2 7 0 2 7 1 2 7 0 2 7 1 2 7 17 18 2 0 2 7 0 2 4 0 2 4 0 2 7 1 2 7 12 16 2 12 16 2 0 2 7 5 30 3 5 31 3 0 2 4 17 18 2 0 2 7 1 2 7 0 2 4 8 18 2 16 6 2 0 2 4 1 2 7 0 2 3 0 2 7 0 2 4 12 16 2 1 2 7 12 16 2 0 2 7 1 2 10 0 41.4894747138023376
5 31 3 1 2 7 0 2 7 0 2 3 1 2 7 0 2 7 17 18 2 0 2 7 1 2 3 0 2 7 0 2 7 0 2 7 0 2 7 0 2 7 1 2 7 0 2 7 16 18 11 17 18 2 0 2 3 0 2 3 1 2 3 0 2 3 13 6 3 1 2 3 0 2 7 1 2 3 5 30 3 16 9 11 0 2 7 1 2 7 12 16 2 1 2 7 0 2 7 5 30 3 12 16 2 1 2 7 0 2 7 1 2 3 0 2 7 12 16 2 0 41.7126187086105347
5 31 3 0 2 4 1 2 7 0 2 7 0 2 7 0 2 7 17 18 2 0 2 7 0 2 7 0 2 7 0 2 7 0 2 7 0 2 7 0 2 7 13 6 3 0 2 7 5 30 3 1 2 7 12 16 2 1 2 7 1 2 4 12 16 2 17 9 2 0 2 7 5 31 3 1 2 7 1 2 7 1 2 7 0 2 7 0 2 4 0 2 7 17 9 2 1 2 7 1 2 4 6 2 7 1 2 4 1 2 4 1 2 3 17 18 2 0 2 4 0 40.425436794757843
5 31 3 1 2 7 0 2 7 0 2 7 0 2 7 0 2 7 16 6 2 1 2 7 1 2 7 17 9 2 1 2 7 0 2 7 0 2 7 1 2 7 1 2 3 1 2 3 0 2 7 0 2 7 0 2 4 1 2 7 0 2 7 0 2 7 12 16 2 0 2 7 0 2 7 1 2 4 1 2 7 16 6 2 0 2 7 5 31 3 0 2 7 5 31 3 17 18 2 0 2 7 0 2 7 0 2 7 5 31 3 16 20 12 0 2 7 0 2 7 0 40.8454937934875488
5 30 3 12 16 2 1 2 7 0 2 7 1 2 10 0 2 11 1 2 7 0 2 3 5 30 3 0 2 7 0 2 7 0 2 7 0 2 7 12 16 2 5 30 3 5 31 3 0 2 7 1 2 3 17 18 2 0 2 7 13 6 3 5 30 3 0 2 7 16 9 11 0 2 7 0 2 10 17 18 2 0 2 7 1 2 4 0 2 7 15 2 11 0 2 7 12 16 2 12 16 2 0 2 7 1 2 11 0 2 7 16 30 2 0 2 7 6 2 7 0 41.861054539680481
1 2 7 0 2 7 0 2 7 1 2 7 17 18 2 0 2 4 0 2 7 0 2 7 1 2 7 0 2 7 0 2 7 0 2 7 13 6 3 0 2 7 17 18 2 1 2 7 1 2 4 5 31 3 16 6 2 0 2 4 1 2 7 1 2 7 17 9 2 5 30 3 1 2 7 0 2 7 0 2 7 0 2 7 0 2 7 1 2 7 5 31 3 17 18 2 5 30 3 1 2 7 0 2 7 0 2 3 1 2 7 0 2 4 0 2 4 1 2 7 0 40.148398756980896
5 30 3 0 2 7 1 2 7 0 2 7 1 2 7 0 2 7 8 18 2 0 2 7 1 2 7 1 2 7 0 2 7 0 2 7 0 2 7 0 2 7 1 2 7 0 2 7 1 2 7 13 6 3 17 9 2 1 2 7 0 2 7 17 9 2 0 2 7 0 2 7 12 16 2 5 31 3 1 2 7 0 2 7 0 2 7 0 2 7 0 2 7 1 2 7 1 2 7 12 16 2 17 18 2 16 6 2 5 31 3 1 2 7 1 2 7 0 2 7 0 40.4091576337814331
5 31 3 1 2 7 1 2 7 0 2 7 0 2 7 6 2 7 0 2 7 17 18 2 0 2 7 1 2 7 0 2 7 0 2 7 1 2 7 0 2 7 0 2 7 1 2 7 16 6 2 0 2 7 0 2 7 0 2 7 1 2 8 13 6 3 5 31 3 0 2 7 0 2 7 0 2 7 17 9 2 1 2 7 5 30 3 5 30 3 1 2 7 16 6 2 0 2 7 0 2 7 0 2 7 0 2 7 17 18 2 5 31 3 0 2 7 1 2 7 0 40.5071266293525696
1 2 4 0 2 7 0 2 7 0 2 7 17 18 2 0 2 7 1 2 7 0 2 7 0 2 4 0 2 7 1 2 7 5 30 3 0 2 7 17 18 2 0 2 7 1 2 7 1 2 7 0 2 7 17 9 2 0 2 7 1 2 7 0 2 7 0 2 7 0 2 4 1 2 7 1 2 7 5 31 3 1 2 7 5 31 3 1 2 7 0 2 7 16 6 2 0 2 4 1 2 7 1 2 7 16 31 2 5 31 3 0 2 7 0 2 7 0 2 7 0 40.3919798135757446

Current Evaluation = 7200(7200)
Front Size = 10
5 31 3 0 2 7 0 2 7 0 2 7 17 18 2 1 2 7 0 2 7 0 2 7 0 2 7 0 2 7 0 2 7 1 2 7 13 6 3 1 2 7 0 2 7 1 2 7 1 2 7 17 9 2 0 2 7 0 2 7 0 2 7 1 2 7 5 31 3 0 2 7 0 2 7 17 18 2 0 2 7 0 2 7 0 2 7 16 6 2 1 2 7 1 2 7 1 2 7 5 31 3 1 2 7 0 2 7 17 9 2 1 2 11 1 2 7 1 2 4 0 40.0670827627182007
5 30 3 0 2 7 5 30 3 1 2 4 0 2 7 0 2 7 17 18 2 1 2 7 0 2 7 0 2 3 0 2 10 0 2 7 6 2 7 0 2 7 0 2 7 6 2 7 0 2 7 1 2 3 12 16 2 5 30 3 0 2 7 12 16 2 17 9 2 16 6 2 5 31 3 13 6 3 1 2 7 0 2 7 17 9 2 5 31 3 0 2 7 0 2 7 0 2 7 1 2 11 6 2 7 1 2 7 0 2 7 0 2 3 1 2 4 0 2 7 0 41.2207736372947693
16 18 11 1 2 7 0 2 3 1 2 3 0 2 7 5 31 3 0 2 4 1 2 7 0 2 7 1 2 7 0 2 7 1 2 7 17 18 2 0 2 7 0 2 4 0 2 4 0 2 7 1 2 7 12 16 2 12 16 2 0 2 7 5 30 3 5 31 3 0 2 4 17 18 2 0 2 7 1 2 7 0 2 4 8 18 2 16 6 2 0 2 4 1 2 7 0 2 3 0 2 7 0 2 4 12 16 2 1 2 7 12 16 2 0 2 7 1 2 10 0 41.4894747138023376
5 31 3 0 2 4 1 2 7 0 2 7 0 2 7 0 2 7 17 18 2 0 2 7 0 2 7 0 2 7 0 2 7 0 2 7 0 2 7 0 2 7 13 6 3 0 2 7 5 30 3 1 2 7 12 16 2 1 2 7 1 2 4 12 16 2 17 9 2 0 2 7 5 31 3 1 2 7 1 2 7 1 2 7 0 2 7 0 2 4 0 2 7 17 9 2 1 2 7 1 2 4 6 2 7 1 2 4 1 2 4 1 2 3 17 18 2 0 2 4 0 40.425436794757843
5 31 3 0 2 4 0 2 7 0 2 7 1 2 7 1 2 10 17 18 2 0 2 7 0 2 7 1 2 7 1 2 7 0 2 7 0 2 7 1 2 7 6 2 7 1 2 7 5 31 3 0 2 4 17 9 2 0 2 4 5 30 3 0 2 7 0 2 7 5 31 3 6 2 7 16 19 1 0 2 7 5 30 3 17 9 2 16 6 2 0 2 7 0 2 7 1 2 7 1 2 7 0 2 7 0 2 7 0 2 7 0 2 7 0 2 7 0 2 7 0 41.1466608047485352
1 2 7 0 2 7 0 2 7 1 2 7 17 18 2 0 2 4 0 2 7 0 2 7 1 2 7 0 2 7 0 2 7 0 2 7 13 6 3 0 2 7 17 18 2 1 2 7 1 2 4 5 31 3 16 6 2 0 2 4 1 2 7 1 2 7 17 9 2 5 30 3 1 2 7 0 2 7 0 2 7 0 2 7 0 2 7 1 2 7 5 31 3 17 18 2 5 30 3 1 2 7 0 2 7 0 2 3 1 2 7 0 2 4 0 2 4 1 2 7 0 40.148398756980896
5 31 3 0 2 7 1 2 4 1 2 4 0 2 7 0 2 7 17 18 2 1 2 7 0 2 7 0 2 7 0 2 7 0 2 7 0 2 7 1 2 7 13 6 3 1 2 7 5 30 3 0 2 7 1 2 7 1 2 7 17 9 2 0 2 7 5 30 3 0 2 7 0 2 7 1 2 7 5 31 3 0 2 7 0 2 7 17 18 2 0 2 7 5 30 3 0 2 7 0 2 7 17 9 2 0 2 7 0 2 7 1 2 4 16 6 2 1 2 7 0 40.4201456308364868
5 31 3 1 2 7 1 2 7 0 2 3 0 2 3 17 18 2 0 2 7 0 2 7 0 2 7 0 2 7 1 2 7 0 2 7 0 2 7 1 2 4 16 30 2 1 2 7 5 31 3 0 2 7 0 2 7 1 2 7 17 18 2 1 2 7 12 16 2 5 30 3 0 2 7 0 2 7 17 9 2 0 2 3 0 2 4 1 2 4 0 2 7 1 2 7 0 2 7 0 2 7 1 2 7 13 6 3 0 2 7 1 2 7 12 16 2 1 2 7 0 40.5605278015136719
5 31 3 0 2 7 0 2 7 0 2 7 17 18 2 1 2 7 0 2 7 0 2 7 0 2 7 0 2 7 0 2 7 1 2 7 13 6 3 1 2 7 0 2 7 1 2 7 1 2 7 17 9 2 0 2 7 0 2 7 0 2 7 1 2 4 5 31 3 0 2 7 0 2 7 17 18 2 0 2 7 0 2 7 0 2 7 16 6 2 1 2 7 1 2 7 1 2 7 5 31 3 1 2 7 0 2 4 17 18 2 5 30 3 1 2 4 1 2 7 0 40.1886777877807617
5 30 3 0 2 7 5 30 3 1 2 7 0 2 3 0 2 7 17 18 2 1 2 7 0 2 10 0 2 7 0 2 4 0 2 7 0 2 7 5 30 3 0 2 7 17 9 2 16 30 2 5 31 3 13 6 3 1 2 7 0 2 4 17 9 2 5 31 3 0 2 7 0 2 7 0 2 7 1 2 7 0 2 7 1 2 7 0 2 7 0 2 7 1 2 7 6 2 10 1 2 7 0 2 7 12 16 2 12 16 2 1 2 7 6 2 7 0 2 7 0 40.9635036587715149

Current Evaluation = 7650(7650)
Front Size = 10
1 2 7 0 2 7 0 2 7 1 2 7 17 18 2 0 2 7 0 2 7 0 2 7 1 2 11 0 2 7 0 2 7 0 2 7 13 6 3 0 2 7 17 18 2 1 2 7 5 31 3 16 6 2 0 2 7 1 2 7 17 9 2 1 2 7 0 2 7 0 2 7 0 2 7 0 2 7 1 2 7 1 2 7 17 18 2 1 2 7 0 2 7 1 2 7 0 2 7 1 2 7 0 2 7 5 31 3 5 31 3 1 2 7 1 2 4 0 2 7 0 40.0670827627182007
0 2 7 0 2 7 1 2 7 1 2 7 0 2 7 0 2 7 17 18 2 1 2 7 0 2 7 0 2 7 0 2 7 0 2 7 0 2 7 1 2 11 13 6 3 1 2 7 5 31 3 1 2 7 1 2 7 1 2 7 17 9 2 0 2 7 5 31 3 0 2 4 0 2 7 1 2 7 5 31 3 0 2 7 1 2 7 17 18 2 0 2 7 17 9 2 1 2 7 16 6 2 1 2 7 0 2 7 0 2 7 0 2 7 1 2 7 0 2 7 0 40.0670827627182007
1 2 7 0 2 4 0 2 7 1 2 7 17 18 2 0 2 7 0 2 7 0 2 7 0 2 7 0 2 7 0 2 7 13 6 3 0 2 7 17 18 2 1 2 7 5 31 3 16 6 2 0 2 7 1 2 4 17 9 2 1 2 7 0 2 3 1 2 7 0 2 7 0 2 4 1 2 7 1 2 7 0 2 7 0 2 7 0 2 7 5 31 3 1 2 4 0 2 7 1 2 7 17 9 2 0 2 7 5 30 3 5 30 3 1 2 4 1 2 7 0 40.148398756980896
5 31 3 0 2 4 1 2 7 0 2 7 0 2 7 0 2 7 17 18 2 0 2 7 0 2 7 0 2 7 0 2 7 0 2 7 0 2 7 0 2 7 13 6 3 0 2 7 5 30 3 1 2 7 12 16 2 1 2 7 1 2 4 12 16 2 17 9 2 0 2 7 5 31 3 1 2 7 1 2 7 1 2 7 0 2 7 0 2 4 0 2 7 17 9 2 1 2 7 1 2 4 6 2 7 1 2 4 1 2 4 1 2 3 17 18 2 0 2 4 0 40.425436794757843
5 30 3 1 2 3 1 2 7 0 2 7 17 18 2 1 2 7 0 2 7 0 2 7 0 2 7 6 2 3 5 31 3 17 9 2 5 31 3 13 6 3 0 2 7 0 2 7 17 9 2 5 30 3 0 2 7 0 2 7 0 2 7 1 2 7 0 2 7 0 2 7 0 2 7 0 2 7 1 2 7 0 2 7 1 2 4 12 16 2 1 2 7 0 2 3 0 2 7 1 2 7 0 2 7 1 2 7 0 2 7 16 6 2 1 2 7 0 2 7 0 40.7255946397781372
16 18 11 1 2 7 0 2 3 1 2 3 0 2 7 5 31 3 0 2 4 1 2 7 0 2 7 1 2 7 0 2 7 1 2 7 17 18 2 0 2 7 0 2 4 0 2 4 0 2 7 1 2 7 12 16 2 12 16 2 0 2 7 5 30 3 5 31 3 0 2 4 17 18 2 0 2 7 1 2 7 0 2 4 8 18 2 16 6 2 0 2 4 1 2 7 0 2 3 0 2 7 0 2 4 12 16 2 1 2 7 12 16 2 0 2 7 1 2 10 0 41.4894747138023376
1 2 7 1 2 11 0 2 7 17 18 2 0 2 7 0 2 7 0 2 7 0 2 7 0 2 7 0 2 7 1 2 7 5 30 3 0 2 7 1 2 7 0 2 11 0 2 7 1 2 7 0 2 7 1 2 7 0 2 11 1 2 7 12 16 2 13 6 3 17 9 2 17 18 2 13 6 3 0 2 7 0 2 7 5 30 3 12 16 2 1 2 11 1 2 7 0 2 7 8 18 2 1 2 7 17 9 2 0 2 7 0 2 7 5 30 3 5 30 3 0 40.7803465127944946
1 2 7 1 2 7 0 2 7 1 2 7 17 18 2 0 2 7 0 2 7 0 2 7 0 2 7 0 2 7 0 2 7 1 2 3 13 6 3 0 2 4 17 18 2 1 2 7 5 30 3 16 6 2 0 2 3 0 2 3 17 9 2 1 2 4 0 2 7 0 2 7 0 2 7 5 31 3 0 2 7 1 2 7 0 2 4 0 2 4 12 16 2 12 16 2 0 2 7 0 2 7 1 2 7 5 30 3 5 30 3 8 18 2 1 2 7 1 2 7 0 40.8606256246566772
5 30 3 0 2 7 5 30 3 1 2 7 0 2 3 0 2 7 17 18 2 1 2 7 0 2 10 0 2 7 0 2 4 0 2 7 0 2 7 5 30 3 0 2 7 17 9 2 16 30 2 5 31 3 13 6 3 1 2 7 0 2 4 17 9 2 5 31 3 0 2 7 0 2 7 0 2 7 1 2 7 0 2 7 1 2 7 0 2 7 0 2 7 1 2 7 6 2 10 1 2 7 0 2 7 12 16 2 12 16 2 1 2 7 6 2 7 0 2 7 0 40.9635036587715149
5 30 3 0 2 7 5 30 3 1 2 4 0 2 7 0 2 7 17 18 2 1 2 7 0 2 7 0 2 3 0 2 10 0 2 7 6 2 7 0 2 7 0 2 7 6 2 7 0 2 7 1 2 3 12 16 2 5 30 3 0 2 7 12 16 2 17 9 2 16 6 2 5 31 3 13 6 3 1 2 7 0 2 7 17 9 2 5 31 3 0 2 7 0 2 7 0 2 7 1 2 11 6 2 7 1 2 7 0 2 7 0 2 3 1 2 4 0 2 7 0 41.2207736372947693

Current Evaluation = 8100(8100)
Front Size = 10
0 2 7 1 2 7 0 2 7 17 18 2 1 2 7 0 2 7 0 2 7 1 2 7 13 6 3 1 2 7 1 2 11 17 9 2 0 2 7 1 2 7 0 2 7 1 2 7 0 2 7 0 2 7 1 2 7 0 2 4 0 2 7 5 31 3 1 2 7 0 2 7 5 31 3 1 2 7 0 2 7 16 6 2 0 2 7 1 2 7 5 31 3 1 2 7 0 2 7 1 2 7 0 2 7 0 2 7 17 18 2 0 2 7 0 2 7 17 9 2 0 40.0670827627182007
0 2 7 0 2 7 0 2 7 0 2 7 0 2 7 17 9 2 1 2 4 0 2 7 1 2 7 0 2 7 0 2 7 0 2 7 0 2 7 0 2 7 1 2 7 1 2 7 1 2 7 0 2 7 17 18 2 17 9 2 1 2 11 1 2 7 5 31 3 0 2 7 5 31 3 0 2 7 1 2 7 13 6 3 0 2 7 1 2 7 16 6 2 1 2 7 5 31 3 1 2 7 0 2 7 1 2 7 17 9 2 1 2 7 0 2 7 0 2 7 0 40.0670827627182007
8 18 2 0 2 7 0 2 7 1 2 7 0 2 7 0 2 7 17 18 2 1 2 7 0 2 7 0 2 7 0 2 7 1 2 7 0 2 7 13 6 3 0 2 7 5 30 3 0 2 7 1 2 7 1 2 3 17 9 2 0 2 7 0 2 7 0 2 7 0 2 7 17 18 2 0 2 7 1 2 4 0 2 3 12 16 2 1 2 7 12 16 2 5 30 3 1 2 7 5 30 3 1 2 3 5 30 3 8 18 2 0 2 7 16 15 2 0 2 7 0 41.0868915319442749
5 31 3 0 2 4 1 2 7 0 2 7 0 2 7 0 2 7 17 18 2 0 2 7 0 2 7 0 2 7 0 2 7 0 2 7 0 2 7 0 2 7 13 6 3 0 2 7 5 30 3 1 2 7 12 16 2 1 2 7 1 2 4 12 16 2 17 9 2 0 2 7 1 2 7 1 2 7 1 2 7 0 2 7 0 2 4 0 2 7 17 9 2 1 2 7 1 2 4 1 2 4 0 2 4 5 31 3 6 2 7 1 2 4 1 2 3 17 9 2 0 40.425436794757843
0 2 7 1 2 7 5 31 3 0 2 7 17 18 2 1 2 7 0 2 7 0 2 7 1 2 7 13 6 3 17 18 2 16 6 2 1 2 4 1 2 7 17 9 2 0 2 7 0 2 7 0 2 7 1 2 7 0 2 4 0 2 7 0 2 7 0 2 7 0 2 3 5 30 3 5 30 3 1 2 4 5 31 3 0 2 7 0 2 7 0 2 4 1 2 7 0 2 7 1 2 7 1 2 7 17 18 2 1 2 7 0 2 4 1 2 7 0 2 7 0 40.148398756980896
0 2 7 1 2 7 5 30 3 1 2 7 17 18 2 0 2 7 0 2 7 1 2 7 1 2 7 13 6 3 0 2 7 1 2 7 1 2 7 17 9 2 0 2 7 1 2 7 0 2 7 1 2 7 0 2 7 0 2 7 0 2 7 0 2 7 0 2 7 0 2 7 5 31 3 8 9 2 5 31 3 0 2 7 0 2 4 0 2 7 0 2 7 17 9 2 1 2 7 1 2 7 1 2 7 0 2 7 12 16 2 17 9 2 1 2 7 1 2 7 0 40.3745987415313721
5 31 3 0 2 4 1 2 7 0 2 7 0 2 7 0 2 7 17 18 2 0 2 7 0 2 7 0 2 7 0 2 7 0 2 7 0 2 7 0 2 7 13 6 3 0 2 7 5 30 3 1 2 7 12 16 2 1 2 7 1 2 4 12 16 2 17 9 2 0 2 7 1 2 7 1 2 7 1 2 7 0 2 7 0 2 4 0 2 7 17 9 2 1 2 7 1 2 4 1 2 4 0 2 4 1 2 11 1 2 7 8 18 2 5 30 3 17 18 2 0 40.4922696352005005
1 2 7 1 2 11 0 2 7 17 18 2 0 2 7 0 2 7 0 2 7 0 2 7 0 2 7 0 2 7 1 2 7 5 30 3 0 2 7 1 2 7 0 2 11 0 2 7 1 2 7 0 2 7 1 2 7 0 2 11 1 2 7 12 16 2 13 6 3 17 9 2 17 18 2 13 6 3 0 2 7 0 2 7 5 30 3 12 16 2 1 2 11 1 2 7 0 2 7 8 18 2 1 2 7 17 9 2 0 2 7 0 2 7 5 30 3 5 30 3 0 40.7803465127944946
1 2 7 0 2 4 0 2 7 1 2 7 17 18 2 0 2 7 0 2 7 0 2 7 0 2 7 0 2 7 0 2 7 13 6 3 0 2 7 17 18 2 1 2 7 5 31 3 16 6 2 0 2 7 1 2 4 17 9 2 1 2 7 0 2 3 1 2 7 0 2 7 0 2 4 1 2 7 1 2 7 0 2 7 0 2 7 0 2 7 5 31 3 1 2 4 0 2 7 1 2 7 17 9 2 0 2 7 5 30 3 5 30 3 1 2 4 1 2 7 0 40.148398756980896
5 31 3 0 2 7 1 2 7 0 2 7 0 2 7 0 2 7 17 18 2 0 2 7 0 2 7 0 2 7 0 2 7 0 2 7 0 2 7 1 2 7 13 6 3 0 2 7 5 30 3 1 2 7 12 16 2 1 2 7 17 9 2 0 2 7 1 2 7 1 2 7 1 2 4 0 2 7 0 2 7 17 9 2 1 2 7 5 31 3 17 9 2 1 2 7 1 2 7 0 2 7 0 2 7 1 2 7 0 2 7 1 2 7 1 2 7 8 9 2 0 40.3745987415313721

Current Evaluation = 8550(8550)
Front Size = 10
0 2 7 0 2 7 0 2 7 0 2 7 0 2 7 17 18 2 0 2 7 0 2 7 1 2 7 0 2 7 0 2 7 0 2 7 0 2 7 0 2 7 0 2 7 1 2 7 1 2 7 13 6 3 1 2 7 5 31 3 0 2 4 5 31 3 1 2 7 5 31 3 1 2 11 16 6 2 0 2 7 0 2 7 1 2 7 1 2 7 1 2 7 1 2 7 1 2 7 1 2 7 0 2 7 1 2 7 0 2 7 17 18 2 17 9 2 17 9 2 0 40.0670827627182007
0 2 7 0 2 7 5 31 3 0 2 7 17 18 2 0 2 7 1 2 7 1 2 7 1 2 7 13 6 3 1 2 7 0 2 7 17 9 2 1 2 7 0 2 7 0 2 7 1 2 7 0 2 7 0 2 7 0 2 7 0 2 7 5 31 3 0 2 7 5 31 3 0 2 7 0 2 7 1 2 7 1 2 7 0 2 7 1 2 7 0 2 7 1 2 4 0 2 7 0 2 7 17 18 2 16 6 2 17 9 2 1 2 7 1 2 7 1 2 11 0 40.0670827627182007
0 2 7 1 2 7 5 31 3 0 2 7 17 18 2 1 2 7 0 2 7 0 2 7 1 2 7 13 6 3 17 18 2 16 6 2 1 2 4 1 2 7 17 9 2 0 2 7 0 2 7 0 2 7 1 2 7 0 2 4 0 2 7 0 2 7 0 2 7 0 2 3 5 30 3 5 30 3 1 2 4 5 31 3 0 2 7 0 2 7 0 2 4 1 2 7 0 2 7 1 2 7 1 2 7 17 18 2 1 2 7 0 2 4 1 2 7 0 2 7 0 40.148398756980896
5 31 3 0 2 4 1 2 7 0 2 7 0 2 7 0 2 7 17 18 2 0 2 7 0 2 7 0 2 7 0 2 7 0 2 7 0 2 7 0 2 7 13 6 3 0 2 7 5 30 3 1 2 7 12 16 2 1 2 7 1 2 4 12 16 2 17 9 2 0 2 7 1 2 7 1 2 7 1 2 7 0 2 7 0 2 4 0 2 7 17 9 2 1 2 7 1 2 4 1 2 4 0 2 4 5 31 3 6 2 7 1 2 4 1 2 3 17 9 2 0 40.425436794757843
1 2 7 1 2 7 0 2 7 0 2 7 0 2 7 17 18 2 0 2 4 0 2 7 1 2 7 0 2 7 0 2 7 0 2 7 0 2 7 0 2 7 0 2 7 1 2 7 0 2 7 13 6 3 1 2 7 5 31 3 0 2 7 1 2 7 5 31 3 1 2 11 16 6 2 0 2 7 0 2 7 1 2 7 1 2 7 1 2 7 1 2 7 1 2 7 1 2 7 0 2 7 0 2 7 5 31 3 0 2 7 17 18 2 17 18 2 17 9 2 0 40.0670827627182007
8 18 2 0 2 7 0 2 7 1 2 7 0 2 7 0 2 7 17 18 2 1 2 7 0 2 7 0 2 7 0 2 7 1 2 7 0 2 7 13 6 3 0 2 7 5 30 3 0 2 7 1 2 7 1 2 3 17 9 2 0 2 7 0 2 7 0 2 7 0 2 7 17 18 2 0 2 7 1 2 4 0 2 3 12 16 2 1 2 7 12 16 2 5 30 3 1 2 7 5 30 3 1 2 3 5 30 3 8 18 2 0 2 7 16 15 2 0 2 7 0 41.0868915319442749
1 2 4 0 2 11 0 2 7 17 9 2 13 6 3 1 2 7 0 2 7 13 6 3 17 18 2 0 2 7 0 2 3 0 2 4 0 2 7 8 18 2 1 2 4 5 30 3 5 30 3 1 2 7 0 2 7 0 2 7 0 2 7 0 2 11 12 16 2 12 16 2 1 2 7 1 2 7 17 18 2 0 2 3 1 2 7 0 2 7 0 2 7 1 2 7 0 2 7 12 16 2 17 9 2 1 2 7 0 2 7 1 2 7 1 2 7 5 30 3 0 40.6077497005462646
1 2 7 1 2 7 0 2 7 1 2 7 0 2 7 17 18 2 0 2 7 1 2 7 0 2 7 0 2 7 0 2 7 0 2 7 0 2 7 0 2 7 1 2 7 0 2 7 13 6 3 1 2 7 5 31 3 0 2 7 1 2 7 5 31 3 1 2 7 16 6 2 0 2 7 0 2 7 1 2 4 0 2 7 0 2 7 0 2 7 1 2 7 1 2 11 0 2 7 5 31 3 0 2 7 17 18 2 17 18 2 17 18 2 1 2 7 1 2 7 0 40.0670827627182007
1 2 7 1 2 7 0 2 7 17 9 2 13 6 3 1 2 7 1 2 7 17 18 2 0 2 7 0 2 7 5 30 3 1 2 7 0 2 7 1 2 7 1 2 7 0 2 7 17 9 2 0 2 7 0 2 7 0 2 7 5 31 3 0 2 7 0 2 7 0 2 7 0 2 7 0 2 4 5 31 3 0 2 7 1 2 7 17 18 2 0 2 7 1 2 7 6 2 7 0 2 7 1 2 7 0 2 7 1 2 7 0 2 4 5 30 3 1 2 7 0 40.3204837441444397
1 2 7 1 2 7 0 2 7 17 9 2 13 6 3 1 2 7 1 2 7 17 18 2 0 2 7 0 2 7 1 2 7 0 2 7 0 2 7 1 2 7 1 2 7 1 2 7 17 18 2 1 2 7 0 2 7 0 2 11 1 2 7 1 2 7 17 9 2 1 2 7 0 2 7 0 2 7 0 2 7 5 31 3 0 2 7 0 2 7 0 2 7 0 2 7 0 2 7 5 31 3 0 2 7 1 2 7 0 2 4 0 2 7 16 6 2 5 31 3 0 40.0670828819274902

Current Evaluation = 9000(9000)
Front Size = 10
0 2 7 0 2 7 0 2 7 0 2 7 0 2 7 17 18 2 0 2 7 0 2 7 1 2 7 0 2 7 0 2 7 0 2 7 0 2 7 0 2 7 0 2 7 1 2 7 1 2 7 13 6 3 1 2 7 5 31 3 5 31 3 1 2 7 5 31 3 1 2 11 16 6 2 0 2 7 0 2 7 1 2 7 1 2 7 1 2 7 1 2 7 1 2 7 1 2 7 0 2 7 0 2 7 17 18 2 17 9 2 17 9 2 1 2 4 0 2 7 0 40.0670827627182007
1 2 4 1 2 7 17 18 2 0 2 7 0 2 7 1 2 7 0 2 7 13 6 3 1 2 7 0 2 7 17 18 2 1 2 11 1 2 7 0 2 7 0 2 7 0 2 7 0 2 7 1 2 7 0 2 7 1 2 7 1 2 7 5 31 3 0 2 7 0 2 7 0 2 7 1 2 7 5 31 3 1 2 7 1 2 7 0 2 7 5 31 3 0 2 7 0 2 7 0 2 7 1 2 7 16 6 2 0 2 7 17 9 2 17 18 2 0 2 7 0 40.0670827627182007
0 2 4 1 2 7 0 2 7 1 2 7 17 18 2 0 2 7 0 2 7 1 2 7 0 2 7 1 2 7 1 2 11 1 2 7 0 2 7 1 2 7 1 2 7 0 2 7 13 6 3 0 2 7 5 31 3 0 2 7 0 2 7 5 31 3 16 6 2 0 2 7 0 2 7 1 2 7 1 2 7 1 2 7 0 2 7 5 31 3 0 2 7 1 2 7 0 2 7 0 2 7 17 18 2 17 9 2 17 9 2 0 2 7 0 2 7 1 2 7 0 40.0670827627182007
0 2 7 1 2 7 0 2 7 0 2 7 0 2 7 17 9 2 0 2 7 0 2 7 1 2 11 0 2 7 1 2 4 0 2 7 1 2 7 1 2 7 0 2 7 1 2 7 0 2 7 13 6 3 1 2 7 5 31 3 0 2 7 1 2 7 5 31 3 16 6 2 0 2 7 1 2 7 1 2 7 1 2 7 0 2 7 0 2 7 5 31 3 0 2 7 1 2 7 0 2 7 0 2 7 17 18 2 17 9 2 17 9 2 0 2 7 1 2 7 0 40.0670827627182007
0 2 7 0 2 7 17 18 2 0 2 7 0 2 4 1 2 7 1 2 7 13 6 3 0 2 7 0 2 7 17 9 2 1 2 4 1 2 7 0 2 3 1 2 7 0 2 4 0 2 7 0 2 7 1 2 7 0 2 7 1 2 7 1 2 7 1 2 7 17 9 2 5 31 3 0 2 7 0 2 7 0 2 7 1 2 4 0 2 7 5 31 3 1 2 7 1 2 4 0 2 7 5 30 3 17 18 2 0 2 7 16 6 2 5 30 3 0 2 7 0 40.148398756980896
1 2 7 0 2 7 17 18 2 0 2 7 0 2 7 1 2 7 0 2 7 13 6 3 0 2 7 0 2 7 17 18 2 1 2 7 1 2 7 0 2 7 0 2 7 0 2 7 0 2 7 1 2 11 0 2 7 1 2 7 1 2 7 17 18 2 5 31 3 0 2 7 1 2 7 0 2 7 1 2 7 5 31 3 1 2 7 1 2 4 1 2 7 17 18 2 0 2 7 5 31 3 0 2 7 0 2 7 0 2 7 1 2 7 0 2 7 16 6 2 0 40.0670827627182007
1 2 4 0 2 11 0 2 7 17 9 2 13 6 3 1 2 7 0 2 7 13 6 3 17 18 2 0 2 7 0 2 3 0 2 4 0 2 7 8 18 2 1 2 4 5 30 3 5 30 3 1 2 7 0 2 7 0 2 7 0 2 7 0 2 11 12 16 2 12 16 2 1 2 7 1 2 7 17 18 2 0 2 3 1 2 7 0 2 7 0 2 7 1 2 7 0 2 7 12 16 2 17 9 2 1 2 7 0 2 7 1 2 7 1 2 7 5 30 3 0 40.6077497005462646
0 2 7 0 2 4 6 2 8 0 2 7 0 2 7 17 18 2 0 2 4 1 2 7 0 2 4 0 2 7 1 2 7 0 2 7 13 6 3 0 2 11 5 30 3 1 2 7 1 2 7 0 2 7 17 9 2 0 2 7 1 2 7 1 2 7 1 2 7 1 2 7 12 16 2 0 2 4 6 2 7 1 2 7 17 18 2 17 18 2 0 2 7 0 2 7 0 2 7 5 30 3 1 2 7 5 31 3 0 2 7 0 2 7 5 31 3 0 2 11 0 40.8285269141197205
0 2 7 1 2 7 0 2 7 0 2 7 17 18 2 0 2 7 0 2 7 1 2 7 0 2 7 1 2 7 0 2 7 1 2 7 0 2 4 1 2 7 1 2 7 0 2 7 13 6 3 1 2 7 5 31 3 0 2 7 1 2 7 5 31 3 16 6 2 0 2 7 0 2 7 1 2 7 1 2 7 1 2 7 0 2 7 5 31 3 0 2 7 1 2 7 0 2 7 0 2 7 17 18 2 17 9 2 17 9 2 0 2 7 0 2 11 1 2 7 0 40.0670828819274902
0 2 7 1 2 7 0 2 7 0 2 7 0 2 7 17 18 2 0 2 7 0 2 4 1 2 7 0 2 7 1 2 4 0 2 7 1 2 7 1 2 7 0 2 7 1 2 7 1 2 7 13 6 3 1 2 7 5 31 3 0 2 7 5 30 3 0 2 7 16 24 2 0 2 7 1 2 7 0 2 7 1 2 7 0 2 7 5 31 3 17 18 2 17 9 2 17 18 2 1 2 7 1 2 7 0 2 7 0 2 7 0 2 7 0 2 4 5 30 3 0 40.1302337646484375

MonoObjective Genetic Algorithm
Number of Evaluations = 0
Mutation Probability = 0
Crossover Probability = 1
Population Size = 10
Survival Selection Type = 16

Time =  9010.84859895706177

Current Evaluation = 2230
Front Size = 10
0 2 7 0 2 7 0 2 7 0 2 7 0 2 7 17 18 2 0 2 7 0 2 7 1 2 7 0 2 7 0 2 7 0 2 7 0 2 7 0 2 7 0 2 7 1 2 7 1 2 7 13 6 3 1 2 7 5 31 3 5 31 3 1 2 7 5 31 3 1 2 11 16 6 2 0 2 7 0 2 7 1 2 7 1 2 7 1 2 7 1 2 7 1 2 7 1 2 7 0 2 7 0 2 7 17 18 2 17 9 2 17 9 2 1 2 4 0 2 7 0 40.0670827627182007
1 2 4 1 2 7 17 18 2 0 2 7 0 2 7 1 2 7 0 2 7 13 6 3 1 2 7 0 2 7 17 18 2 1 2 11 1 2 7 0 2 7 0 2 7 0 2 7 0 2 7 1 2 7 0 2 7 1 2 7 1 2 7 5 31 3 0 2 7 0 2 7 0 2 7 1 2 7 5 31 3 1 2 7 1 2 7 0 2 7 5 31 3 0 2 7 0 2 7 0 2 7 1 2 7 16 6 2 0 2 7 17 9 2 17 18 2 0 2 7 0 40.0670827627182007
0 2 4 1 2 7 0 2 7 1 2 7 17 18 2 0 2 7 0 2 7 1 2 7 0 2 7 1 2 7 1 2 11 1 2 7 0 2 7 1 2 7 1 2 7 0 2 7 13 6 3 0 2 7 5 31 3 0 2 7 0 2 7 5 31 3 16 6 2 0 2 7 0 2 7 1 2 7 1 2 7 1 2 7 0 2 7 5 31 3 0 2 7 1 2 7 0 2 7 0 2 7 17 18 2 17 9 2 17 9 2 0 2 7 0 2 7 1 2 7 0 40.0670827627182007
0 2 7 1 2 7 0 2 7 0 2 7 0 2 7 17 9 2 0 2 7 0 2 7 1 2 11 0 2 7 1 2 4 0 2 7 1 2 7 1 2 7 0 2 7 1 2 7 0 2 7 13 6 3 1 2 7 5 31 3 0 2 7 1 2 7 5 31 3 16 6 2 0 2 7 1 2 7 1 2 7 1 2 7 0 2 7 0 2 7 5 31 3 0 2 7 1 2 7 0 2 7 0 2 7 17 18 2 17 9 2 17 9 2 0 2 7 1 2 7 0 40.0670827627182007
0 2 7 0 2 7 17 18 2 0 2 7 0 2 4 1 2 7 1 2 7 13 6 3 0 2 7 0 2 7 17 9 2 1 2 4 1 2 7 0 2 3 1 2 7 0 2 4 0 2 7 0 2 7 1 2 7 0 2 7 1 2 7 1 2 7 1 2 7 17 9 2 5 31 3 0 2 7 0 2 7 0 2 7 1 2 4 0 2 7 5 31 3 1 2 7 1 2 4 0 2 7 5 30 3 17 18 2 0 2 7 16 6 2 5 30 3 0 2 7 0 40.148398756980896
1 2 7 0 2 7 17 18 2 0 2 7 0 2 7 1 2 7 0 2 7 13 6 3 0 2 7 0 2 7 17 18 2 1 2 7 1 2 7 0 2 7 0 2 7 0 2 7 0 2 7 1 2 11 0 2 7 1 2 7 1 2 7 17 18 2 5 31 3 0 2 7 1 2 7 0 2 7 1 2 7 5 31 3 1 2 7 1 2 4 1 2 7 17 18 2 0 2 7 5 31 3 0 2 7 0 2 7 0 2 7 1 2 7 0 2 7 16 6 2 0 40.0670827627182007
1 2 4 0 2 11 0 2 7 17 9 2 13 6 3 1 2 7 0 2 7 13 6 3 17 18 2 0 2 7 0 2 3 0 2 4 0 2 7 8 18 2 1 2 4 5 30 3 5 30 3 1 2 7 0 2 7 0 2 7 0 2 7 0 2 11 12 16 2 12 16 2 1 2 7 1 2 7 17 18 2 0 2 3 1 2 7 0 2 7 0 2 7 1 2 7 0 2 7 12 16 2 17 9 2 1 2 7 0 2 7 1 2 7 1 2 7 5 30 3 0 40.6077497005462646
0 2 7 0 2 4 6 2 8 0 2 7 0 2 7 17 18 2 0 2 4 1 2 7 0 2 4 0 2 7 1 2 7 0 2 7 13 6 3 0 2 11 5 30 3 1 2 7 1 2 7 0 2 7 17 9 2 0 2 7 1 2 7 1 2 7 1 2 7 1 2 7 12 16 2 0 2 4 6 2 7 1 2 7 17 18 2 17 18 2 0 2 7 0 2 7 0 2 7 5 30 3 1 2 7 5 31 3 0 2 7 0 2 7 5 31 3 0 2 11 0 40.8285269141197205
0 2 7 1 2 7 0 2 7 0 2 7 17 18 2 0 2 7 0 2 7 1 2 7 0 2 7 1 2 7 0 2 7 1 2 7 0 2 4 1 2 7 1 2 7 0 2 7 13 6 3 1 2 7 5 31 3 0 2 7 1 2 7 5 31 3 16 6 2 0 2 7 0 2 7 1 2 7 1 2 7 1 2 7 0 2 7 5 31 3 0 2 7 1 2 7 0 2 7 0 2 7 17 18 2 17 9 2 17 9 2 0 2 7 0 2 11 1 2 7 0 40.0670828819274902
0 2 7 1 2 7 0 2 7 0 2 7 0 2 7 17 18 2 0 2 7 0 2 4 1 2 7 0 2 7 1 2 4 0 2 7 1 2 7 1 2 7 0 2 7 1 2 7 1 2 7 13 6 3 1 2 7 5 31 3 0 2 7 5 30 3 0 2 7 16 24 2 0 2 7 1 2 7 0 2 7 1 2 7 0 2 7 5 31 3 17 18 2 17 9 2 17 18 2 1 2 7 1 2 7 0 2 7 0 2 7 0 2 7 0 2 4 5 30 3 0 40.1302337646484375

