Current Evaluation = 450(450)
Front Size = 10
0 2 7 0 2 7 0 2 7 1 2 7 5 31 3 0 2 7 16 24 2 16 6 2 1 2 7 0 2 4 0 2 7 0 2 7 5 30 3 5 31 3 0 2 7 16 6 2 0 2 7 0 2 7 12 16 2 5 30 3 1 2 7 0 2 7 1 2 7 0 2 4 1 2 7 0 2 7 8 18 2 1 2 7 0 2 7 1 2 7 0 2 7 0 2 7 17 9 2 0 2 7 5 31 3 0 2 7 0 2 7 17 9 2 1 2 7 1 2 7 0 40.8084716796875
0 2 8 0 2 8 5 30 3 0 2 11 0 2 7 5 31 3 8 18 2 0 2 8 0 2 3 5 30 3 0 2 8 5 30 3 0 2 11 5 30 3 0 2 7 0 2 8 0 2 8 0 2 8 0 2 8 16 19 11 0 2 8 0 2 8 16 19 11 16 19 11 0 2 8 0 2 8 0 2 8 0 2 8 0 2 8 16 19 11 0 2 8 16 6 2 0 2 7 5 30 3 0 2 8 5 30 3 0 2 11 12 16 2 0 2 8 0 2 8 2.62635991646247981e-05 46.0067517757415771
0 2 7 0 2 3 0 2 7 1 2 7 0 2 7 6 2 7 12 16 2 0 2 7 0 2 3 5 30 3 0 2 3 0 2 7 5 30 3 0 2 3 1 2 7 5 30 3 5 30 3 0 2 3 1 2 3 0 2 3 1 2 7 17 18 2 16 6 2 1 2 3 0 2 7 12 16 2 8 9 2 0 2 7 13 6 3 0 2 11 0 2 7 12 16 2 16 19 12 0 2 3 0 2 3 5 30 3 0 2 3 0 2 7 0 2 7 16 19 11 0 42.6744065880775452
0 2 11 0 2 11 12 16 2 0 2 7 5 30 3 0 2 7 12 16 2 13 6 3 5 30 3 0 2 11 17 18 2 0 2 8 0 2 11 5 30 3 0 2 11 5 30 3 1 2 3 12 16 2 0 2 3 0 2 11 0 2 11 0 2 7 12 16 2 12 16 2 16 6 2 0 2 8 8 18 2 6 2 7 6 2 3 6 2 11 16 19 11 0 2 7 0 2 7 0 2 11 16 6 2 5 31 3 5 30 3 0 2 3 0 2 11 0 2 11 0 43.5797651410102844
8 9 2 16 19 12 16 15 2 0 2 8 5 30 3 8 9 2 0 2 7 8 9 2 0 2 8 0 2 8 13 6 3 0 2 7 0 2 8 0 2 7 16 19 12 5 30 3 8 9 2 1 2 8 12 16 2 0 2 7 5 30 3 8 9 2 8 18 2 1 2 8 1 2 8 0 2 8 0 2 8 1 2 8 0 2 7 8 18 2 5 30 3 1 2 8 0 2 7 5 30 3 0 2 8 0 2 7 0 2 7 16 19 12 16 19 12 0 2 7 0.00604895810379823314 43.8478931188583374
0 2 7 0 2 7 0 2 3 5 30 3 1 2 3 0 2 7 1 2 3 6 2 3 6 2 3 12 16 2 0 2 7 0 2 7 0 2 11 16 6 2 16 6 2 0 2 7 0 2 7 5 30 3 0 2 7 5 30 3 0 2 7 1 2 11 16 6 2 0 2 7 5 31 3 0 2 7 5 30 3 0 2 7 1 2 11 16 19 11 5 31 3 0 2 8 0 2 7 0 2 7 1 2 3 8 9 2 17 18 2 0 2 7 0 2 7 0 2 7 0 42.20574951171875
5 30 3 0 2 7 5 31 3 8 18 2 0 2 7 16 6 2 0 2 7 12 16 2 6 2 7 0 2 8 0 2 11 0 2 8 0 2 7 5 30 3 0 2 8 1 2 7 0 2 7 0 2 7 0 2 8 0 2 8 0 2 7 1 2 7 16 19 11 0 2 7 5 31 3 0 2 7 16 19 11 5 31 3 0 2 8 1 2 7 0 2 8 0 2 8 16 19 11 1 2 7 1 2 7 0 2 8 5 30 3 0 2 11 16 6 2 0 2 7 0.000320044552266948983 43.4621972441673279
5 30 3 5 30 3 6 2 7 1 2 7 1 2 7 0 2 7 0 2 7 15 2 11 0 2 7 1 2 7 16 19 11 0 2 7 0 2 7 0 2 7 8 18 2 1 2 7 0 2 7 0 2 7 0 2 7 1 2 7 5 30 3 5 30 3 0 2 7 0 2 7 0 2 11 8 18 2 1 2 7 0 2 11 12 16 2 0 2 11 0 2 7 16 19 11 17 9 2 17 18 2 0 2 11 12 16 2 5 30 3 0 2 11 0 2 7 0 2 7 0 42.4405366778373718
0 2 8 8 18 2 8 18 2 1 2 8 0 2 8 5 30 3 6 2 8 0 2 8 16 19 12 5 30 3 16 19 12 5 30 3 0 2 8 0 2 8 1 2 8 5 30 3 8 18 2 8 18 2 0 2 8 8 9 2 8 18 2 8 18 2 16 19 12 0 2 8 5 30 3 0 2 8 8 9 2 0 2 8 0 2 8 1 2 8 8 18 2 8 18 2 16 15 2 13 6 3 16 15 2 0 2 8 0 2 8 0 2 8 0 2 8 1 2 8 0.0168845453446243542 44.6790379285812378
1 2 3 0 2 12 0 2 3 5 30 3 5 30 3 5 30 3 0 2 3 16 19 12 0 2 3 16 19 12 16 19 12 0 2 3 0 2 7 16 9 8 0 2 7 5 30 3 0 2 3 0 2 3 1 2 3 0 2 7 0 2 3 1 2 3 0 2 7 1 2 3 0 2 3 0 2 3 0 2 3 0 2 3 0 2 7 16 19 12 5 31 3 0 2 3 0 2 7 0 2 3 0 2 12 0 2 3 0 2 7 5 30 3 0 2 11 12 16 2 3.76578407475743851e-06 44.6570639610290527

Current Evaluation = 900(900)
Front Size = 10
1 2 7 0 2 7 5 31 3 0 2 7 5 30 3 0 2 7 16 6 2 17 18 2 1 2 7 0 2 7 16 6 2 5 31 3 1 2 7 0 2 7 1 2 7 1 2 7 0 2 7 0 2 7 1 2 8 17 9 2 17 9 2 0 2 7 5 30 3 5 31 3 0 2 7 0 2 7 1 2 7 0 2 7 0 2 7 1 2 7 0 2 7 0 2 7 0 2 7 1 2 7 13 6 3 0 2 7 6 2 7 0 2 7 0 2 7 0 2 7 0 40.5071266293525696
0 2 8 0 2 8 5 30 3 0 2 11 0 2 7 5 31 3 8 18 2 0 2 8 0 2 3 5 30 3 0 2 8 5 30 3 0 2 11 5 30 3 0 2 7 0 2 8 0 2 8 0 2 8 0 2 8 16 19 11 0 2 8 0 2 8 16 19 11 16 19 11 0 2 8 0 2 8 0 2 8 0 2 8 0 2 8 16 19 11 0 2 8 16 6 2 0 2 7 5 30 3 0 2 8 5 30 3 0 2 11 12 16 2 0 2 8 0 2 8 2.62635991646247981e-05 46.0067517757415771
1 2 3 0 2 12 0 2 3 5 30 3 5 30 3 5 30 3 0 2 3 16 19 12 0 2 3 16 19 12 16 19 12 0 2 3 0 2 7 16 9 8 0 2 7 5 30 3 0 2 3 0 2 3 1 2 3 0 2 7 0 2 3 1 2 3 0 2 7 1 2 3 0 2 3 0 2 3 0 2 3 0 2 3 0 2 7 16 19 12 5 31 3 0 2 3 0 2 7 0 2 3 0 2 12 0 2 3 0 2 7 5 30 3 0 2 11 12 16 2 3.76578407475743851e-06 44.6570639610290527
12 16 2 5 30 3 12 16 2 0 2 3 0 2 7 12 16 2 12 16 2 0 2 4 0 2 3 5 30 3 0 2 4 0 2 7 0 2 7 0 2 4 16 6 2 12 16 2 1 2 3 13 6 3 8 18 2 16 6 2 1 2 3 5 30 3 15 2 11 1 2 7 0 2 7 0 2 7 0 2 3 0 2 7 1 2 11 0 2 3 0 2 7 0 2 7 0 2 4 0 2 11 1 2 3 5 30 3 0 2 3 17 18 2 1 2 3 16 30 2 0 41.9224345684051514
0 2 3 0 2 7 0 2 7 5 30 3 5 30 3 5 31 3 12 16 2 8 18 2 17 18 2 0 2 11 0 2 7 0 2 11 0 2 7 5 30 3 0 2 7 1 2 7 5 30 3 1 2 7 16 6 2 0 2 3 0 2 7 0 2 3 0 2 7 0 2 3 1 2 7 0 2 7 0 2 7 0 2 7 16 19 11 1 2 7 0 2 7 0 2 7 16 19 11 16 19 11 0 2 7 1 2 11 5 30 3 0 2 7 1 2 3 0 2 7 0 42.7009364366531372
0 2 11 0 2 11 12 16 2 0 2 7 5 30 3 0 2 7 12 16 2 13 6 3 5 30 3 0 2 11 17 18 2 0 2 8 0 2 11 5 30 3 0 2 11 5 30 3 1 2 3 12 16 2 0 2 3 0 2 11 0 2 11 0 2 7 12 16 2 12 16 2 16 6 2 0 2 8 8 18 2 6 2 7 6 2 3 6 2 11 16 19 11 0 2 7 0 2 7 0 2 11 16 6 2 5 31 3 5 30 3 0 2 3 0 2 11 0 2 11 0 43.5797651410102844
0 2 8 8 18 2 8 18 2 1 2 8 0 2 8 5 30 3 6 2 8 0 2 8 16 19 12 5 30 3 16 19 12 5 30 3 0 2 8 0 2 8 1 2 8 5 30 3 8 18 2 8 18 2 0 2 8 8 9 2 8 18 2 8 18 2 16 19 12 0 2 8 5 30 3 0 2 8 8 9 2 0 2 8 0 2 8 1 2 8 8 18 2 8 18 2 16 15 2 13 6 3 16 15 2 0 2 8 0 2 8 0 2 8 0 2 8 1 2 8 0.0168845453446243542 44.6790379285812378
12 16 2 5 30 3 0 2 7 5 30 3 0 2 7 5 30 3 0 2 7 0 2 7 0 2 7 13 6 3 0 2 7 8 18 2 0 2 7 8 18 2 5 30 3 0 2 7 12 16 2 16 19 12 8 9 2 8 9 2 1 2 8 1 2 8 0 2 8 0 2 8 0 2 7 5 30 3 12 16 2 0 2 3 0 2 3 0 2 8 16 19 12 1 2 8 0 2 3 0 2 8 0 2 8 16 19 12 1 2 8 16 15 2 0 2 8 16 30 2 0.0031448539346347771 43.6312549114227295
5 30 3 0 2 3 5 30 3 0 2 7 16 6 2 0 2 7 12 16 2 0 2 3 0 2 3 0 2 3 0 2 7 0 2 7 1 2 7 0 2 3 5 31 3 0 2 3 1 2 7 1 2 3 1 2 3 16 6 2 0 2 4 0 2 7 1 2 7 0 2 7 0 2 3 0 2 7 0 2 7 0 2 3 0 2 3 0 2 7 16 18 11 1 2 3 5 31 3 0 2 7 12 16 2 12 16 2 1 2 7 1 2 7 16 19 11 0 2 7 0 42.5444386601448059
5 30 3 0 2 7 5 31 3 8 18 2 0 2 7 16 6 2 0 2 7 12 16 2 6 2 7 0 2 8 0 2 11 0 2 8 0 2 7 5 30 3 0 2 8 1 2 7 0 2 7 0 2 7 0 2 8 0 2 8 0 2 7 1 2 7 16 19 11 0 2 7 5 31 3 0 2 7 16 19 11 5 31 3 0 2 8 1 2 7 0 2 8 0 2 8 16 19 11 1 2 7 1 2 7 0 2 8 5 30 3 0 2 11 16 6 2 0 2 7 0.000320044552266948983 43.4621972441673279

Current Evaluation = 1350(1350)
Front Size = 10
1 2 7 0 2 7 5 31 3 0 2 7 5 30 3 0 2 7 16 6 2 17 18 2 1 2 7 0 2 7 16 6 2 5 31 3 1 2 7 0 2 7 1 2 7 1 2 7 0 2 7 0 2 7 1 2 8 17 9 2 17 9 2 0 2 7 5 30 3 5 31 3 0 2 7 0 2 7 1 2 7 0 2 7 0 2 7 1 2 7 0 2 7 0 2 7 0 2 7 1 2 7 13 6 3 0 2 7 6 2 7 0 2 7 0 2 7 0 2 7 0 40.5071266293525696
12 16 2 0 2 7 5 30 3 0 2 7 12 16 2 13 6 3 5 31 3 0 2 7 5 31 3 5 30 3 12 16 2 0 2 12 0 2 8 6 2 8 0 2 11 1 2 7 0 2 3 5 30 3 1 2 7 0 2 7 0 2 7 0 2 7 13 6 3 0 2 7 0 2 7 0 2 8 0 2 7 0 2 7 17 18 2 12 16 2 0 2 12 16 6 2 16 19 12 17 18 2 1 2 3 0 2 7 0 2 7 5 30 3 0 2 8 0 2 8 0 42.8740068674087524
0 2 11 0 2 11 12 16 2 0 2 7 5 30 3 0 2 7 12 16 2 13 6 3 5 30 3 0 2 11 17 18 2 0 2 8 0 2 11 5 30 3 0 2 11 5 30 3 1 2 3 12 16 2 0 2 3 0 2 11 0 2 11 0 2 7 12 16 2 12 16 2 16 6 2 0 2 8 8 18 2 6 2 7 6 2 3 6 2 11 16 19 11 0 2 7 0 2 7 0 2 11 16 6 2 5 31 3 5 30 3 0 2 3 0 2 11 0 2 11 0 43.5797651410102844
0 2 8 0 2 8 5 30 3 0 2 11 0 2 7 5 31 3 8 18 2 0 2 8 0 2 3 5 30 3 0 2 8 5 30 3 0 2 11 5 30 3 0 2 7 0 2 8 0 2 8 0 2 8 0 2 8 16 19 11 0 2 8 0 2 8 16 19 11 16 19 11 0 2 8 0 2 8 0 2 8 0 2 8 0 2 8 16 19 11 0 2 8 16 6 2 0 2 7 5 30 3 0 2 8 5 30 3 0 2 11 12 16 2 0 2 8 0 2 8 2.62635991646247981e-05 46.0067517757415771
5 31 3 1 2 7 17 18 2 0 2 4 0 2 7 5 30 3 8 9 2 8 9 2 0 2 7 0 2 7 6 2 7 0 2 11 0 2 7 1 2 4 0 2 4 0 2 4 0 2 11 0 2 7 1 2 7 0 2 7 0 2 7 12 16 2 1 2 4 12 16 2 0 2 7 12 16 2 17 9 2 0 2 7 8 9 2 1 2 7 17 9 2 16 15 2 12 16 2 0 2 4 1 2 7 0 2 7 1 2 7 0 2 7 1 2 11 5 30 3 0 41.5826607346534729
0 2 7 5 30 3 0 2 7 13 6 3 5 30 3 17 18 2 0 2 7 16 31 2 1 2 7 0 2 7 0 2 7 16 30 2 5 30 3 0 2 3 1 2 7 12 16 2 1 2 10 0 2 7 0 2 4 0 2 7 0 2 7 0 2 7 5 30 3 1 2 7 1 2 7 0 2 7 0 2 11 0 2 7 12 16 2 12 16 2 0 2 3 8 18 2 1 2 7 1 2 7 17 9 2 0 2 7 5 30 3 0 2 3 0 2 7 1 2 7 0 41.2792255878448486
0 2 3 0 2 3 5 30 3 5 30 3 5 31 3 0 2 7 1 2 3 5 30 3 16 19 12 5 30 3 16 19 11 16 19 12 5 30 3 16 19 11 0 2 7 12 16 2 0 2 3 1 2 3 1 2 3 0 2 3 0 2 3 0 2 7 16 6 2 0 2 3 0 2 3 0 2 7 0 2 3 0 2 7 0 2 3 0 2 3 0 2 3 9 2 7 0 2 7 0 2 7 0 2 3 0 2 3 0 2 3 0 2 12 0 2 7 0 2 12 0 44.350111722946167
0 2 7 5 31 3 1 2 7 5 31 3 0 2 7 1 2 3 0 2 7 0 2 7 5 30 3 0 2 7 0 2 7 12 16 2 0 2 4 1 2 3 0 2 3 1 2 3 1 2 3 1 2 3 0 2 7 0 2 7 0 2 7 17 9 2 0 2 7 5 30 3 0 2 7 0 2 7 16 9 11 0 2 7 0 2 7 0 2 4 1 2 7 0 2 7 12 16 2 12 16 2 1 2 3 1 2 7 1 2 7 16 19 11 0 2 7 16 18 11 0 42.3583426475524902
12 16 2 5 30 3 0 2 7 5 30 3 0 2 7 5 30 3 0 2 7 0 2 7 0 2 7 13 6 3 0 2 7 8 18 2 0 2 7 8 18 2 5 30 3 0 2 7 12 16 2 16 19 12 8 9 2 8 9 2 1 2 8 1 2 8 0 2 8 0 2 8 0 2 7 5 30 3 12 16 2 0 2 3 0 2 3 0 2 8 16 19 12 1 2 8 0 2 3 0 2 8 0 2 8 16 19 12 1 2 8 16 15 2 0 2 8 16 30 2 0.0031448539346347771 43.6312549114227295
0 2 8 8 18 2 8 18 2 1 2 8 0 2 8 5 30 3 6 2 8 0 2 8 16 19 12 5 30 3 16 19 12 5 30 3 0 2 8 0 2 8 1 2 8 5 30 3 8 18 2 8 18 2 0 2 8 8 9 2 8 18 2 8 18 2 16 19 12 0 2 8 5 30 3 0 2 8 8 9 2 0 2 8 0 2 8 1 2 8 8 18 2 8 18 2 16 15 2 13 6 3 16 15 2 0 2 8 0 2 8 0 2 8 0 2 8 1 2 8 0.0168845453446243542 44.6790379285812378

Current Evaluation = 1800(1800)
Front Size = 10
1 2 7 0 2 7 5 31 3 0 2 7 5 30 3 0 2 7 16 6 2 17 18 2 1 2 7 0 2 7 16 6 2 5 31 3 1 2 7 0 2 7 1 2 7 1 2 7 0 2 7 0 2 7 1 2 8 17 9 2 17 9 2 0 2 7 5 30 3 5 31 3 0 2 7 0 2 7 1 2 7 0 2 7 0 2 7 1 2 7 0 2 7 0 2 7 0 2 7 1 2 7 13 6 3 0 2 7 6 2 7 0 2 7 0 2 7 0 2 7 0 40.5071266293525696
0 2 8 0 2 8 5 30 3 0 2 11 0 2 7 5 31 3 8 18 2 0 2 8 0 2 3 5 30 3 0 2 8 5 30 3 0 2 11 5 30 3 0 2 7 0 2 8 0 2 8 0 2 8 0 2 8 16 19 11 0 2 8 0 2 8 16 19 11 16 19 11 0 2 8 0 2 8 0 2 8 0 2 8 0 2 8 16 19 11 0 2 8 16 6 2 0 2 7 5 30 3 0 2 8 5 30 3 0 2 11 12 16 2 0 2 8 0 2 8 2.62635991646247981e-05 46.0067517757415771
0 2 4 0 2 3 12 16 2 0 2 3 1 2 11 0 2 11 5 30 3 12 16 2 1 2 3 0 2 7 5 30 3 0 2 7 0 2 4 16 31 2 0 2 7 0 2 3 16 9 11 12 16 2 5 30 3 12 16 2 0 2 7 17 9 2 1 2 3 6 2 10 0 2 3 0 2 3 0 2 4 1 2 3 0 2 3 0 2 3 0 2 4 1 2 7 1 2 3 0 2 7 16 18 11 5 30 3 1 2 7 0 2 3 1 2 3 0 2 10 0 42.9186797142028809
0 2 11 0 2 11 12 16 2 0 2 7 5 30 3 0 2 7 12 16 2 13 6 3 5 30 3 0 2 11 17 18 2 0 2 8 0 2 11 5 30 3 0 2 11 5 30 3 1 2 3 12 16 2 0 2 3 0 2 11 0 2 11 0 2 7 12 16 2 12 16 2 16 6 2 0 2 8 8 18 2 6 2 7 6 2 3 6 2 11 16 19 11 0 2 7 0 2 7 0 2 11 16 6 2 5 31 3 5 30 3 0 2 3 0 2 11 0 2 11 0 43.5797651410102844
0 2 8 8 18 2 8 18 2 1 2 8 0 2 8 5 30 3 6 2 8 0 2 8 16 19 12 5 30 3 16 19 12 5 30 3 0 2 8 0 2 8 1 2 8 5 30 3 8 18 2 8 18 2 0 2 8 8 9 2 8 18 2 8 18 2 16 19 12 0 2 8 5 30 3 0 2 8 8 9 2 0 2 8 0 2 8 1 2 8 8 18 2 8 18 2 16 15 2 13 6 3 16 15 2 0 2 8 0 2 8 0 2 8 0 2 8 1 2 8 0.0168845453446243542 44.6790379285812378
12 16 2 0 2 3 1 2 7 5 31 3 1 2 3 5 31 3 0 2 7 0 2 7 0 2 3 0 2 7 1 2 7 0 2 3 12 16 2 0 2 7 12 16 2 12 16 2 1 2 7 1 2 7 17 9 2 0 2 7 0 2 7 5 30 3 1 2 7 0 2 4 17 18 2 0 2 4 1 2 7 1 2 7 0 2 4 13 6 3 1 2 7 0 2 3 0 2 7 16 9 11 0 2 7 16 30 2 0 2 7 1 2 7 0 2 3 1 2 7 0 41.2941017746925354
5 30 3 13 6 3 5 30 3 8 9 2 5 30 3 1 2 7 0 2 7 1 2 7 16 19 11 0 2 7 0 2 7 0 2 3 0 2 7 0 2 7 0 2 7 0 2 7 0 2 3 0 2 8 0 2 7 5 30 3 12 16 2 12 16 2 6 2 3 0 2 3 17 18 2 12 16 2 1 2 7 0 2 7 17 9 2 5 30 3 1 2 7 1 2 7 0 2 7 16 19 11 8 18 2 0 2 11 0 2 7 0 2 7 0 2 7 1 2 7 0 42.3016984462738037
1 2 7 0 2 7 0 2 7 5 30 3 0 2 3 1 2 3 0 2 3 0 2 7 17 9 2 5 30 3 1 2 7 16 6 2 8 18 2 16 6 2 0 2 7 0 2 3 1 2 3 1 2 7 0 2 3 0 2 3 1 2 7 5 30 3 1 2 7 5 30 3 0 2 3 0 2 3 0 2 10 0 2 3 0 2 7 12 16 2 16 19 11 0 2 3 1 2 3 1 2 7 9 2 7 0 2 3 0 2 3 0 2 3 0 2 3 0 2 7 0 42.6122727394104004
5 31 3 8 9 2 5 30 3 5 31 3 5 30 3 1 2 3 0 2 7 0 2 7 5 30 3 16 9 11 0 2 3 12 16 2 16 19 11 6 2 7 12 16 2 0 2 7 0 2 7 1 2 7 0 2 7 0 2 7 0 2 7 0 2 7 0 2 7 16 6 2 0 2 3 12 16 2 12 16 2 16 6 2 1 2 3 0 2 7 1 2 7 0 2 3 0 2 7 0 2 7 0 2 3 1 2 7 6 2 7 0 2 3 0 2 4 0 2 3 0 42.5592705607414246
0 2 7 0 2 4 1 2 4 5 30 3 0 2 3 0 2 7 17 9 2 5 30 3 0 2 7 1 2 7 1 2 7 1 2 7 1 2 7 0 2 7 12 16 2 0 2 7 0 2 4 0 2 4 0 2 7 0 2 7 17 18 2 16 30 2 0 2 4 0 2 7 0 2 11 1 2 3 0 2 11 5 30 3 0 2 7 1 2 7 0 2 7 1 2 7 1 2 7 17 18 2 15 2 11 15 2 11 5 31 3 0 2 7 1 2 7 0 2 7 0 41.2260788679122925

Current Evaluation = 2250(2250)
Front Size = 10
1 2 7 0 2 7 5 31 3 0 2 7 5 30 3 0 2 7 16 6 2 17 18 2 1 2 7 0 2 7 16 6 2 5 31 3 1 2 7 0 2 7 1 2 7 1 2 7 0 2 7 0 2 7 1 2 8 17 9 2 17 9 2 0 2 7 5 30 3 5 31 3 0 2 7 0 2 7 1 2 7 0 2 7 0 2 7 1 2 7 0 2 7 0 2 7 0 2 7 1 2 7 13 6 3 0 2 7 6 2 7 0 2 7 0 2 7 0 2 7 0 40.5071266293525696
12 16 2 0 2 3 1 2 7 5 31 3 1 2 3 5 31 3 0 2 7 0 2 7 0 2 3 0 2 7 1 2 7 0 2 3 12 16 2 0 2 7 12 16 2 12 16 2 1 2 7 1 2 7 17 9 2 0 2 7 0 2 7 5 30 3 1 2 7 0 2 4 17 18 2 0 2 4 1 2 7 1 2 7 0 2 4 13 6 3 1 2 7 0 2 3 0 2 7 16 9 11 0 2 7 16 30 2 0 2 7 1 2 7 0 2 3 1 2 7 0 41.2941017746925354
0 2 4 0 2 3 12 16 2 0 2 3 1 2 11 0 2 11 5 30 3 12 16 2 1 2 3 0 2 7 5 30 3 0 2 7 0 2 4 16 31 2 0 2 7 0 2 3 16 9 11 12 16 2 5 30 3 12 16 2 0 2 7 17 9 2 1 2 3 6 2 10 0 2 3 0 2 3 0 2 4 1 2 3 0 2 3 0 2 3 0 2 4 1 2 7 1 2 3 0 2 7 16 18 11 5 30 3 1 2 7 0 2 3 1 2 3 0 2 10 0 42.9186797142028809
5 30 3 8 9 2 17 18 2 0 2 7 5 31 3 5 30 3 5 30 3 0 2 1 16 19 11 0 2 7 5 30 3 12 16 2 0 2 3 0 2 7 0 2 7 5 30 3 0 2 7 0 2 7 0 2 7 0 2 3 1 2 11 0 2 3 0 2 7 0 2 7 1 2 3 16 19 11 0 2 11 1 2 7 0 2 7 0 2 7 0 2 7 0 2 7 16 19 11 1 2 7 16 6 2 0 2 7 0 2 7 0 2 7 0 2 7 0 2 7 0 42.8374403715133667
0 2 8 8 18 2 8 18 2 1 2 8 0 2 8 5 30 3 6 2 8 0 2 8 16 19 12 5 30 3 16 19 12 5 30 3 0 2 8 0 2 8 1 2 8 5 30 3 8 18 2 8 18 2 0 2 8 8 9 2 8 18 2 8 18 2 16 19 12 0 2 8 5 30 3 0 2 8 8 9 2 0 2 8 0 2 8 1 2 8 8 18 2 8 18 2 16 15 2 13 6 3 16 15 2 0 2 8 0 2 8 0 2 8 0 2 8 1 2 8 0.0168845453446243542 44.6790379285812378
0 2 7 0 2 3 1 2 3 17 18 2 5 31 3 16 24 2 1 2 3 16 6 2 0 2 4 1 2 3 5 30 3 0 2 7 1 2 7 1 2 3 0 2 7 0 2 7 1 2 3 0 2 7 0 2 3 5 30 3 0 2 7 12 16 2 12 16 2 1 2 7 12 16 2 0 2 7 0 2 3 0 2 3 0 2 7 0 2 7 1 2 7 0 2 7 0 2 3 0 2 7 0 2 7 8 18 2 8 18 2 1 2 7 16 6 2 1 2 7 0 41.627477765083313
0 2 11 0 2 11 12 16 2 0 2 7 5 30 3 0 2 7 12 16 2 13 6 3 5 30 3 0 2 11 17 18 2 0 2 8 0 2 11 5 30 3 0 2 11 5 30 3 1 2 3 12 16 2 0 2 3 0 2 11 0 2 11 0 2 7 12 16 2 12 16 2 16 6 2 0 2 8 8 18 2 6 2 7 6 2 3 6 2 11 16 19 11 0 2 7 0 2 7 0 2 11 16 6 2 5 31 3 5 30 3 0 2 3 0 2 11 0 2 11 0 43.5797651410102844
0 2 8 0 2 8 5 30 3 0 2 11 0 2 7 5 31 3 8 18 2 0 2 8 0 2 3 5 30 3 0 2 8 5 30 3 0 2 11 5 30 3 0 2 7 0 2 8 0 2 8 0 2 8 0 2 8 16 19 11 0 2 8 0 2 8 16 19 11 16 19 11 0 2 8 0 2 8 0 2 8 0 2 8 0 2 8 16 19 11 0 2 8 16 6 2 0 2 7 5 30 3 0 2 8 5 30 3 0 2 11 12 16 2 0 2 8 0 2 8 2.62635991646247981e-05 46.0067517757415771
5 30 3 0 2 7 5 31 3 0 2 3 0 2 7 0 2 7 12 16 2 12 16 2 0 2 3 0 2 4 16 30 2 1 2 7 5 30 3 0 2 8 1 2 7 0 2 11 5 30 3 0 2 8 0 2 7 1 2 7 1 2 3 16 19 11 12 16 2 0 2 8 0 2 7 16 19 11 1 2 7 0 2 8 0 2 8 0 2 8 0 2 8 0 2 7 0 2 7 16 6 2 0 2 4 0 2 8 5 30 3 0 2 11 0 2 8 1 2 7 0.000386614837997785931 43.5021631717681885
16 6 2 12 16 2 1 2 7 5 30 3 12 16 2 0 2 7 6 2 4 5 30 3 0 2 7 1 2 3 0 2 7 0 2 7 5 31 3 0 2 4 17 9 2 1 2 7 6 2 7 0 2 4 0 2 7 1 2 7 0 2 4 1 2 7 5 31 3 0 2 7 1 2 4 0 2 7 0 2 7 12 16 2 0 2 7 0 2 7 1 2 3 1 2 10 0 2 7 0 2 7 0 2 3 17 18 2 17 9 2 0 2 7 0 2 7 13 6 3 0 41.042035698890686

Current Evaluation = 2700(2700)
Front Size = 10
1 2 7 0 2 7 5 31 3 0 2 7 5 30 3 0 2 7 16 6 2 17 18 2 1 2 7 0 2 7 16 6 2 5 31 3 1 2 7 0 2 7 1 2 7 1 2 7 0 2 7 0 2 7 1 2 8 17 9 2 17 9 2 0 2 7 5 30 3 5 31 3 0 2 7 0 2 7 1 2 7 0 2 7 0 2 7 1 2 7 0 2 7 0 2 7 0 2 7 1 2 7 13 6 3 0 2 7 6 2 7 0 2 7 0 2 7 0 2 7 0 40.5071266293525696
0 2 8 8 18 2 8 18 2 1 2 8 0 2 8 5 30 3 6 2 8 0 2 8 16 19 12 5 30 3 16 19 12 5 30 3 0 2 8 0 2 8 1 2 8 5 30 3 8 18 2 8 18 2 0 2 8 8 9 2 8 18 2 8 18 2 16 19 12 0 2 8 5 30 3 0 2 8 8 9 2 0 2 8 0 2 8 1 2 8 8 18 2 8 18 2 16 15 2 13 6 3 16 15 2 0 2 8 0 2 8 0 2 8 0 2 8 1 2 8 0.0168845453446243542 44.6790379285812378
12 16 2 16 6 2 5 30 3 0 2 3 12 16 2 1 2 7 1 2 7 12 16 2 0 2 3 1 2 7 12 16 2 16 31 2 16 6 2 1 2 7 1 2 3 5 30 3 0 2 7 5 31 3 0 2 7 13 6 3 0 2 7 0 2 4 0 2 7 0 2 3 0 2 7 0 2 7 1 2 3 0 2 7 0 2 7 0 2 7 0 2 4 0 2 10 1 2 3 17 9 2 0 2 3 0 2 7 0 2 7 0 2 7 0 2 7 5 30 3 0 41.4659445285797119
0 2 3 0 2 4 12 16 2 1 2 7 5 30 3 12 16 2 5 30 3 0 2 4 17 9 2 0 2 4 0 2 7 0 2 7 13 6 3 12 16 2 12 16 2 1 2 7 17 9 2 1 2 7 1 2 3 0 2 7 0 2 7 17 18 2 0 2 3 0 2 7 0 2 7 0 2 7 1 2 7 5 31 3 12 16 2 0 2 7 1 2 7 0 2 7 1 2 7 0 2 7 1 2 7 16 9 11 6 2 3 1 2 7 13 6 3 0 2 4 0 41.045442521572113
12 16 2 1 2 7 5 30 3 12 16 2 5 30 3 17 9 2 0 2 7 0 2 3 1 2 7 17 9 2 1 2 4 0 2 7 0 2 7 0 2 7 1 2 7 0 2 7 16 24 2 0 2 7 1 2 4 0 2 11 0 2 7 1 2 7 0 2 7 0 2 7 0 2 7 8 18 2 12 16 2 8 9 2 1 2 7 17 18 2 0 2 7 0 2 11 5 30 3 1 2 7 5 30 3 0 2 3 1 2 4 0 2 7 13 6 3 0 2 7 0 41.1929847002029419
0 2 4 0 2 3 12 16 2 0 2 3 1 2 11 0 2 11 5 30 3 12 16 2 1 2 3 0 2 7 5 30 3 0 2 7 0 2 4 16 31 2 0 2 7 0 2 3 16 9 11 12 16 2 5 30 3 12 16 2 0 2 7 17 9 2 1 2 3 6 2 10 0 2 3 0 2 3 0 2 4 1 2 3 0 2 3 0 2 3 0 2 4 1 2 7 1 2 3 0 2 7 16 18 11 5 30 3 1 2 7 0 2 3 1 2 3 0 2 10 0 42.9186797142028809
0 2 11 0 2 11 12 16 2 0 2 7 5 30 3 0 2 7 12 16 2 13 6 3 5 30 3 0 2 11 17 18 2 0 2 8 0 2 11 5 30 3 0 2 11 5 30 3 1 2 3 12 16 2 0 2 3 0 2 11 0 2 11 0 2 7 12 16 2 12 16 2 16 6 2 0 2 8 8 18 2 6 2 7 6 2 3 6 2 11 16 19 11 0 2 7 0 2 7 0 2 11 16 6 2 5 31 3 5 30 3 0 2 3 0 2 11 0 2 11 0 43.5797651410102844
0 2 7 12 16 2 0 2 7 1 2 7 0 2 7 5 31 3 12 16 2 0 2 7 0 2 7 5 30 3 1 2 7 1 2 7 16 30 2 6 2 3 13 6 3 16 19 11 12 16 2 5 30 3 17 18 2 0 2 7 5 30 3 0 2 7 0 2 7 0 2 7 0 2 7 6 2 4 5 31 3 0 2 7 0 2 7 15 2 11 12 16 2 0 2 7 12 16 2 1 2 7 16 30 2 0 2 11 0 2 7 0 2 7 0 2 7 0 2 7 0 41.703841507434845
0 2 8 0 2 8 5 30 3 0 2 11 0 2 7 5 31 3 8 18 2 0 2 8 0 2 3 5 30 3 0 2 8 5 30 3 0 2 11 5 30 3 0 2 7 0 2 8 0 2 8 0 2 8 0 2 8 16 19 11 0 2 8 0 2 8 16 19 11 16 19 11 0 2 8 0 2 8 0 2 8 0 2 8 0 2 8 16 19 11 0 2 8 16 6 2 0 2 7 5 30 3 0 2 8 5 30 3 0 2 11 12 16 2 0 2 8 0 2 8 2.62635991646247981e-05 46.0067517757415771
5 30 3 0 2 7 5 31 3 0 2 3 0 2 7 0 2 7 12 16 2 12 16 2 0 2 3 0 2 4 16 30 2 1 2 7 5 30 3 0 2 8 1 2 7 0 2 11 5 30 3 0 2 8 0 2 7 1 2 7 1 2 3 16 19 11 12 16 2 0 2 8 0 2 7 16 19 11 1 2 7 0 2 8 0 2 8 0 2 8 0 2 8 0 2 7 0 2 7 16 6 2 0 2 4 0 2 8 5 30 3 0 2 11 0 2 8 1 2 7 0.000386614837997785931 43.5021631717681885

Current Evaluation = 3150(3150)
Front Size = 10
1 2 7 0 2 7 5 31 3 0 2 7 5 30 3 0 2 7 16 6 2 17 18 2 1 2 7 0 2 7 16 6 2 5 31 3 1 2 7 0 2 7 1 2 7 1 2 7 0 2 7 0 2 7 1 2 8 17 9 2 17 9 2 0 2 7 5 30 3 5 31 3 0 2 7 0 2 7 1 2 7 0 2 7 0 2 7 1 2 7 0 2 7 0 2 7 0 2 7 1 2 7 13 6 3 0 2 7 6 2 7 0 2 7 0 2 7 0 2 7 0 40.5071266293525696
6 2 11 12 16 2 0 2 3 1 2 7 5 31 3 12 16 2 0 2 7 5 30 3 16 6 2 5 31 3 1 2 7 5 30 3 0 2 7 0 2 7 1 2 7 0 2 7 1 2 4 0 2 7 16 30 2 0 2 7 0 2 7 0 2 7 0 2 7 0 2 11 0 2 7 16 30 2 1 2 11 13 6 3 12 16 2 0 2 7 0 2 7 12 16 2 8 9 2 17 18 2 0 2 7 0 2 7 5 30 3 0 2 7 12 16 2 0 2 7 0 41.5339065790176392
0 2 4 0 2 3 12 16 2 0 2 3 1 2 11 0 2 11 5 30 3 12 16 2 1 2 3 0 2 7 5 30 3 0 2 7 0 2 4 16 31 2 0 2 7 0 2 3 16 9 11 12 16 2 5 30 3 12 16 2 0 2 7 17 9 2 1 2 3 6 2 10 0 2 3 0 2 3 0 2 4 1 2 3 0 2 3 0 2 3 0 2 4 1 2 7 1 2 3 0 2 7 16 18 11 5 30 3 1 2 7 0 2 3 1 2 3 0 2 10 0 42.9186797142028809
0 2 11 0 2 11 12 16 2 0 2 7 5 30 3 0 2 7 12 16 2 13 6 3 5 30 3 0 2 11 17 18 2 0 2 8 0 2 11 5 30 3 0 2 11 5 30 3 1 2 3 12 16 2 0 2 3 0 2 11 0 2 11 0 2 7 12 16 2 12 16 2 16 6 2 0 2 8 8 18 2 6 2 7 6 2 3 6 2 11 16 19 11 0 2 7 0 2 7 0 2 11 16 6 2 5 31 3 5 30 3 0 2 3 0 2 11 0 2 11 0 43.5797651410102844
0 2 3 0 2 7 0 2 7 5 30 3 1 2 7 17 18 2 0 2 7 1 2 7 1 2 7 0 2 3 1 2 7 1 2 7 0 2 7 0 2 7 0 2 7 17 9 2 0 2 3 5 30 3 0 2 7 0 2 7 1 2 7 0 2 7 0 2 7 0 2 7 13 6 3 5 31 3 16 30 2 1 2 7 8 18 2 1 2 7 17 9 2 1 2 11 12 16 2 1 2 7 12 16 2 1 2 4 1 2 7 0 2 7 0 2 3 0 2 7 0 40.7531017065048218
0 2 8 0 2 8 5 30 3 0 2 11 0 2 7 5 31 3 8 18 2 0 2 8 0 2 3 5 30 3 0 2 8 5 30 3 0 2 11 5 30 3 0 2 7 0 2 8 0 2 8 0 2 8 0 2 8 16 19 11 0 2 8 0 2 8 16 19 11 16 19 11 0 2 8 0 2 8 0 2 8 0 2 8 0 2 8 16 19 11 0 2 8 16 6 2 0 2 7 5 30 3 0 2 8 5 30 3 0 2 11 12 16 2 0 2 8 0 2 8 2.62635991646247981e-05 46.0067517757415771
1 2 7 0 2 7 0 2 3 5 30 3 0 2 3 0 2 7 0 2 7 5 30 3 0 2 3 0 2 3 0 2 3 0 2 7 0 2 7 0 2 7 0 2 7 5 30 3 1 2 7 17 9 2 0 2 7 0 2 3 1 2 3 5 30 3 13 6 3 12 16 2 12 16 2 0 2 7 8 18 2 1 2 3 0 2 7 16 19 11 0 2 7 12 16 2 5 30 3 16 6 2 0 2 7 1 2 7 0 2 7 16 19 11 1 2 3 0 2 7 0 42.3851133584976196
0 2 3 12 16 2 0 2 3 1 2 7 5 31 3 12 16 2 0 2 4 5 30 3 16 6 2 5 31 3 0 2 7 5 31 3 0 2 3 0 2 7 6 2 7 0 2 7 0 2 7 0 2 7 16 6 2 0 2 3 0 2 7 0 2 3 0 2 7 6 2 4 6 2 7 16 24 2 1 2 7 13 6 3 12 16 2 0 2 7 1 2 7 12 16 2 0 2 7 17 18 2 0 2 7 6 2 7 5 30 3 0 2 7 12 16 2 0 2 7 0 41.6330486536026001
5 30 3 0 2 7 5 31 3 0 2 3 0 2 7 0 2 7 12 16 2 12 16 2 0 2 3 0 2 4 16 30 2 1 2 7 5 30 3 0 2 8 1 2 7 0 2 11 5 30 3 0 2 8 0 2 7 1 2 7 1 2 3 16 19 11 12 16 2 0 2 8 0 2 7 16 19 11 1 2 7 0 2 8 0 2 8 0 2 8 0 2 8 0 2 7 0 2 7 16 6 2 0 2 4 0 2 8 5 30 3 0 2 11 0 2 8 1 2 7 0.000386614837997785931 43.5021631717681885
0 2 7 5 31 3 0 2 7 5 30 3 0 2 7 16 6 2 17 18 2 0 2 7 16 6 2 0 2 7 5 30 3 13 6 3 6 2 7 0 2 11 1 2 7 12 16 2 6 2 11 0 2 11 1 2 7 0 2 7 0 2 7 6 2 3 0 2 11 16 19 11 5 30 3 5 31 3 0 2 7 0 2 11 0 2 11 12 16 2 0 2 7 1 2 7 0 2 7 0 2 3 12 16 2 1 2 7 1 2 3 0 2 11 0 2 8 0 2 7 0.00012333081964028918 42.2057439684867859

Current Evaluation = 3600(3600)
Front Size = 10
0 2 4 0 2 7 5 31 3 0 2 7 0 2 7 0 2 7 17 18 2 1 2 7 0 2 7 0 2 7 1 2 7 1 2 7 17 9 2 17 9 2 1 2 11 1 2 11 0 2 7 1 2 7 1 2 7 0 2 7 1 2 7 0 2 7 1 2 4 0 2 7 5 30 3 0 2 7 0 2 7 0 2 7 12 16 2 0 2 7 1 2 7 0 2 7 17 18 2 1 2 4 5 31 3 6 2 7 0 2 7 13 6 3 0 2 7 1 2 7 0 40.4568386673927307
0 2 11 0 2 11 12 16 2 0 2 7 5 30 3 0 2 7 12 16 2 13 6 3 5 30 3 0 2 11 17 18 2 0 2 8 0 2 11 5 30 3 0 2 11 5 30 3 1 2 3 12 16 2 0 2 3 0 2 11 0 2 11 0 2 7 12 16 2 12 16 2 16 6 2 0 2 8 8 18 2 6 2 7 6 2 3 6 2 11 16 19 11 0 2 7 0 2 7 0 2 11 16 6 2 5 31 3 5 30 3 0 2 3 0 2 11 0 2 11 0 43.5797651410102844
1 2 3 0 2 7 5 31 3 0 2 7 5 30 3 17 18 2 1 2 4 0 2 4 5 30 3 12 16 2 13 6 3 0 2 7 5 30 3 0 2 11 0 2 7 1 2 7 17 9 2 0 2 7 8 18 2 1 2 4 1 2 7 1 2 7 0 2 7 6 2 7 0 2 4 16 6 2 0 2 3 0 2 7 0 2 7 17 18 2 0 2 7 6 2 7 12 16 2 0 2 11 1 2 4 12 16 2 1 2 7 0 2 3 0 2 11 0 2 7 0 41.2398098707199097
0 2 7 12 16 2 0 2 7 0 2 7 5 31 3 12 16 2 1 2 7 5 30 3 16 30 2 5 31 3 1 2 7 5 30 3 0 2 7 0 2 7 0 2 7 0 2 7 0 2 7 0 2 7 0 2 7 0 2 7 6 2 7 0 2 7 13 6 3 12 16 2 17 18 2 1 2 7 16 6 2 1 2 3 0 2 7 0 2 7 5 31 3 16 30 2 1 2 7 1 2 3 0 2 7 12 16 2 0 2 7 0 2 3 0 2 7 6 2 7 0 41.1895236968994141
0 2 4 0 2 3 12 16 2 0 2 3 1 2 11 0 2 11 5 30 3 12 16 2 1 2 3 0 2 7 5 30 3 0 2 7 0 2 4 16 31 2 0 2 7 0 2 3 16 9 11 12 16 2 5 30 3 12 16 2 0 2 7 17 9 2 1 2 3 6 2 10 0 2 3 0 2 3 0 2 4 1 2 3 0 2 3 0 2 3 0 2 4 1 2 7 1 2 3 0 2 7 16 18 11 5 30 3 1 2 7 0 2 3 1 2 3 0 2 10 0 42.9186797142028809
0 2 8 0 2 8 5 30 3 0 2 11 0 2 7 5 31 3 8 18 2 0 2 8 0 2 3 5 30 3 0 2 8 5 30 3 0 2 11 5 30 3 0 2 7 0 2 8 0 2 8 0 2 8 0 2 8 16 19 11 0 2 8 0 2 8 16 19 11 16 19 11 0 2 8 0 2 8 0 2 8 0 2 8 0 2 8 16 19 11 0 2 8 16 6 2 0 2 7 5 30 3 0 2 8 5 30 3 0 2 11 12 16 2 0 2 8 0 2 8 2.62635991646247981e-05 46.0067517757415771
5 30 3 1 2 3 5 31 3 0 2 3 0 2 7 16 6 2 1 2 7 12 16 2 0 2 3 5 31 3 0 2 7 0 2 7 12 16 2 5 30 3 0 2 7 5 30 3 0 2 7 5 31 3 0 2 8 0 2 7 0 2 7 0 2 3 16 19 13 0 2 8 0 2 7 16 19 13 16 19 13 0 2 7 0 2 8 0 2 3 0 2 3 1 2 8 16 9 8 0 2 3 0 2 7 0 2 3 0 2 7 0 2 7 0 2 8 0 2 3 1.4755734178069142e-08 44.2421219348907471
0 2 7 0 2 3 1 2 7 0 2 7 0 2 7 1 2 7 5 30 3 0 2 7 0 2 7 0 2 7 1 2 7 5 31 3 0 2 7 0 2 7 5 30 3 12 16 2 12 16 2 16 19 11 16 6 2 0 2 7 1 2 7 0 2 7 0 2 7 1 2 7 1 2 7 0 2 3 5 30 3 0 2 7 0 2 3 17 18 2 8 18 2 1 2 3 0 2 7 0 2 3 16 31 2 0 2 7 0 2 7 0 2 7 1 2 7 1 2 7 0 41.5965385437011719
1 2 7 12 16 2 5 30 3 0 2 3 5 30 3 1 2 3 0 2 7 1 2 3 1 2 7 0 2 7 0 2 11 0 2 7 0 2 7 16 6 2 0 2 11 0 2 7 0 2 11 0 2 7 5 31 3 0 2 7 0 2 7 16 19 11 0 2 7 17 9 2 5 30 3 5 30 3 1 2 3 0 2 3 1 2 7 5 30 3 17 9 2 0 2 11 16 19 11 0 2 7 13 6 3 0 2 7 0 2 7 0 2 7 0 2 7 0 2 11 0 42.3226337432861328
0 2 7 12 16 2 0 2 3 0 2 3 5 30 3 12 16 2 1 2 7 5 31 3 5 30 3 5 30 3 0 2 3 0 2 7 1 2 3 0 2 7 0 2 7 0 2 3 1 2 7 1 2 7 0 2 7 16 31 2 0 2 7 5 30 3 0 2 7 16 19 11 1 2 7 0 2 7 1 2 7 12 16 2 16 9 11 0 2 3 0 2 7 0 2 3 16 6 2 6 2 3 0 2 7 0 2 3 0 2 3 0 2 7 0 2 4 1 2 3 0 42.575997531414032

Current Evaluation = 4050(4050)
Front Size = 10
0 2 7 0 2 7 5 31 3 0 2 7 0 2 7 0 2 7 17 18 2 1 2 7 0 2 7 0 2 7 1 2 7 1 2 11 17 9 2 17 9 2 1 2 7 1 2 7 0 2 7 1 2 7 0 2 7 0 2 7 1 2 7 0 2 7 1 2 7 1 2 7 5 31 3 0 2 7 0 2 7 1 2 7 16 6 2 0 2 7 1 2 7 0 2 4 17 18 2 1 2 7 5 31 3 1 2 7 0 2 7 13 6 3 0 2 7 0 2 7 0 40.0670827627182007
1 2 7 0 2 4 0 2 7 0 2 7 0 2 4 6 2 4 5 30 3 0 2 7 0 2 7 0 2 7 17 18 2 1 2 7 0 2 7 1 2 7 1 2 7 1 2 7 0 2 7 0 2 7 0 2 7 12 16 2 5 30 3 13 6 3 5 30 3 0 2 7 12 16 2 0 2 7 0 2 4 17 18 2 8 9 2 17 9 2 0 2 4 17 9 2 1 2 11 1 2 7 1 2 11 1 2 7 1 2 7 0 2 7 5 31 3 0 2 7 0 40.849357545375824
12 16 2 5 30 3 12 16 2 0 2 7 1 2 7 1 2 3 0 2 3 12 16 2 12 16 2 0 2 3 0 2 3 0 2 3 5 30 3 0 2 7 0 2 7 1 2 7 0 2 7 0 2 7 0 2 3 5 30 3 5 31 3 0 2 7 16 6 2 0 2 7 16 6 2 0 2 7 17 1 2 0 2 7 0 2 3 1 2 3 0 2 7 0 2 7 5 30 3 0 2 7 0 2 3 16 18 11 0 2 7 8 18 2 1 2 3 6 2 7 0 42.4688955545425415
0 2 4 0 2 3 12 16 2 0 2 3 1 2 11 0 2 11 5 30 3 12 16 2 1 2 3 0 2 7 5 30 3 0 2 7 0 2 4 16 31 2 0 2 7 0 2 3 16 9 11 12 16 2 5 30 3 12 16 2 0 2 7 17 9 2 1 2 3 6 2 10 0 2 3 0 2 3 0 2 4 1 2 3 0 2 3 0 2 3 0 2 4 1 2 7 1 2 3 0 2 7 16 18 11 5 30 3 1 2 7 0 2 3 1 2 3 0 2 10 0 42.9186797142028809
0 2 11 0 2 11 12 16 2 0 2 7 5 30 3 0 2 7 12 16 2 13 6 3 5 30 3 0 2 11 17 18 2 0 2 8 0 2 11 5 30 3 0 2 11 5 30 3 1 2 3 12 16 2 0 2 3 0 2 11 0 2 11 0 2 7 12 16 2 12 16 2 16 6 2 0 2 8 8 18 2 6 2 7 6 2 3 6 2 11 16 19 11 0 2 7 0 2 7 0 2 11 16 6 2 5 31 3 5 30 3 0 2 3 0 2 11 0 2 11 0 43.5797651410102844
0 2 7 12 16 2 0 2 7 0 2 7 5 31 3 12 16 2 0 2 7 5 30 3 16 30 2 5 31 3 1 2 3 0 2 7 0 2 7 0 2 7 0 2 7 0 2 7 1 2 7 0 2 7 0 2 7 0 2 7 1 2 7 0 2 7 13 6 3 12 16 2 17 18 2 1 2 7 16 6 2 1 2 3 0 2 7 0 2 7 5 31 3 16 6 2 1 2 7 1 2 3 0 2 7 12 16 2 0 2 7 0 2 7 0 2 7 6 2 3 0 41.1579645872116089
0 2 3 12 16 2 0 2 3 0 2 4 5 30 3 12 16 2 12 16 2 5 31 3 0 2 4 0 2 3 0 2 7 0 2 7 0 2 4 0 2 4 1 2 7 0 2 3 1 2 7 13 6 3 12 16 2 17 18 2 0 2 3 16 6 2 1 2 7 16 30 2 0 2 7 0 2 7 1 2 7 1 2 7 1 2 7 0 2 7 0 2 7 5 30 3 1 2 3 1 2 7 1 2 7 0 2 7 1 2 3 0 2 7 17 18 2 8 18 2 0 41.1264107227325439
0 2 11 12 16 2 0 2 7 1 2 7 5 30 3 0 2 7 1 2 4 5 30 3 0 2 11 5 30 3 0 2 7 17 9 2 0 2 7 1 2 7 1 2 4 0 2 7 1 2 11 12 16 2 0 2 10 0 2 7 12 16 2 0 2 7 5 31 3 5 30 3 1 2 11 0 2 7 0 2 7 17 18 2 0 2 7 17 18 2 0 2 7 6 2 11 0 2 7 0 2 10 16 6 2 0 2 7 13 6 3 0 2 7 8 18 2 6 2 7 0 41.6387565732002258
1 2 7 12 16 2 1 2 7 1 2 7 5 30 3 0 2 7 0 2 7 5 30 3 6 2 7 0 2 7 5 31 3 0 2 7 17 9 2 0 2 7 0 2 7 0 2 3 0 2 7 5 30 3 1 2 7 0 2 4 6 2 10 12 16 2 0 2 7 16 31 2 16 30 2 16 19 11 0 2 7 12 16 2 0 2 7 1 2 3 0 2 3 0 2 7 5 31 3 0 2 7 0 2 7 0 2 7 6 2 11 0 2 7 1 2 7 0 2 3 0 41.9091076254844666
12 16 2 5 30 3 12 16 2 0 2 4 1 2 7 5 30 3 0 2 1 1 2 11 0 2 7 12 16 2 0 2 7 5 30 3 5 30 3 0 2 7 0 2 3 0 2 11 1 2 4 16 6 2 0 2 7 0 2 7 0 2 3 0 2 7 0 2 7 17 18 2 17 9 2 1 2 7 0 2 3 1 2 4 0 2 7 1 2 7 0 2 7 8 9 2 8 9 2 1 2 7 0 2 7 1 2 7 16 19 11 8 9 2 0 2 7 0 2 7 0 42.0942045450210571

Current Evaluation = 4500(4500)
Front Size = 10
1 2 7 0 2 7 5 31 3 0 2 7 0 2 7 0 2 7 17 18 2 1 2 7 0 2 7 1 2 7 1 2 7 1 2 7 17 9 2 0 2 7 0 2 7 1 2 7 1 2 7 1 2 7 0 2 7 16 6 2 0 2 7 17 18 2 13 6 3 17 9 2 1 2 7 1 2 7 1 2 7 0 2 7 0 2 7 1 2 11 1 2 7 0 2 4 0 2 7 0 2 7 0 2 7 5 31 3 5 31 3 0 2 7 0 2 7 0 2 7 0 40.0670827627182007
0 2 3 0 2 7 5 30 3 0 2 7 0 2 7 6 2 7 0 2 7 0 2 7 1 2 7 0 2 7 0 2 3 0 2 7 0 2 7 0 2 7 1 2 3 5 31 3 16 6 2 5 30 3 0 2 7 12 16 2 17 9 2 1 2 7 16 6 2 1 2 7 0 2 7 1 2 7 16 31 2 16 19 11 0 2 3 0 2 3 0 2 7 1 2 7 1 2 4 0 2 3 5 30 3 0 2 7 1 2 7 5 31 3 0 2 7 0 2 7 0 41.436358630657196
0 2 4 0 2 3 12 16 2 0 2 3 1 2 11 0 2 11 5 30 3 12 16 2 1 2 3 0 2 7 5 30 3 0 2 7 0 2 4 16 31 2 0 2 7 0 2 3 16 9 11 12 16 2 5 30 3 12 16 2 0 2 7 17 9 2 1 2 3 6 2 10 0 2 3 0 2 3 0 2 4 1 2 3 0 2 3 0 2 3 0 2 4 1 2 7 1 2 3 0 2 7 16 18 11 5 30 3 1 2 7 0 2 3 1 2 3 0 2 10 0 42.9186797142028809
0 2 7 12 16 2 0 2 3 1 2 7 5 30 3 12 16 2 0 2 3 5 30 3 1 2 7 1 2 3 8 9 2 12 16 2 16 6 2 5 30 3 0 2 3 0 2 3 1 2 7 16 19 12 0 2 7 0 2 3 0 2 3 16 18 8 0 2 3 0 2 3 5 30 3 1 2 7 1 2 7 0 2 7 1 2 3 0 2 7 1 2 7 0 2 3 16 6 2 8 9 2 0 2 3 0 2 3 0 2 3 0 2 3 0 2 7 0 2 3 0 42.9383866786956787
0 2 11 0 2 11 12 16 2 0 2 7 5 30 3 0 2 7 12 16 2 13 6 3 5 30 3 0 2 11 17 18 2 0 2 8 0 2 11 5 30 3 0 2 11 5 30 3 1 2 3 12 16 2 0 2 3 0 2 11 0 2 11 0 2 7 12 16 2 12 16 2 16 6 2 0 2 8 8 18 2 6 2 7 6 2 3 6 2 11 16 19 11 0 2 7 0 2 7 0 2 11 16 6 2 5 31 3 5 30 3 0 2 3 0 2 11 0 2 11 0 43.5797651410102844
0 2 7 12 16 2 0 2 7 0 2 7 5 31 3 12 16 2 0 2 7 5 30 3 0 2 7 0 2 7 1 2 7 0 2 7 0 2 7 1 2 7 0 2 7 0 2 7 0 2 7 1 2 7 0 2 7 13 6 3 17 18 2 1 2 7 1 2 7 1 2 4 5 31 3 1 2 4 12 16 2 16 6 2 17 18 2 0 2 7 1 2 4 17 9 2 1 2 7 8 9 2 0 2 4 0 2 7 0 2 7 0 2 7 5 30 3 6 2 7 0 40.7849956154823303
0 2 7 12 16 2 5 31 3 12 16 2 1 2 7 1 2 7 0 2 7 0 2 3 12 16 2 0 2 7 13 6 3 8 18 2 5 30 3 1 2 7 1 2 4 1 2 7 0 2 3 0 2 7 0 2 7 0 2 4 0 2 7 5 30 3 1 2 7 17 18 2 17 18 2 1 2 7 0 2 4 1 2 11 1 2 7 0 2 4 1 2 7 0 2 11 0 2 7 0 2 7 0 2 7 17 9 2 16 30 2 0 2 3 1 2 7 0 2 7 0 40.9110517501831055
0 2 7 12 16 2 0 2 7 0 2 7 5 31 3 12 16 2 0 2 7 5 30 3 16 6 2 5 31 3 1 2 3 0 2 7 0 2 7 0 2 7 0 2 7 0 2 7 1 2 3 0 2 7 1 2 7 0 2 7 1 2 7 0 2 7 13 6 3 12 16 2 17 18 2 1 2 7 16 6 2 0 2 4 0 2 7 0 2 7 5 31 3 16 30 2 1 2 7 0 2 7 0 2 7 12 16 2 0 2 7 0 2 7 0 2 7 1 2 7 0 41.0322235822677612
0 2 7 12 16 2 0 2 10 5 31 3 12 16 2 5 31 3 1 2 7 0 2 7 0 2 10 0 2 7 0 2 7 0 2 7 0 2 3 13 6 3 12 16 2 17 18 2 5 30 3 12 16 2 0 2 7 1 2 7 1 2 4 0 2 7 0 2 7 0 2 7 1 2 7 0 2 7 16 6 2 16 6 2 1 2 7 17 18 2 12 16 2 8 18 2 1 2 7 0 2 7 1 2 7 0 2 3 6 2 4 0 2 7 0 2 4 1 2 7 0 41.0847095847129822
0 2 7 12 16 2 0 2 7 5 30 3 12 16 2 16 6 2 0 2 3 1 2 7 0 2 3 0 2 3 1 2 7 0 2 7 13 6 3 12 16 2 16 19 11 5 30 3 12 16 2 0 2 3 0 2 3 5 30 3 16 6 2 5 30 3 0 2 3 0 2 7 5 30 3 12 16 2 1 2 3 0 2 7 0 2 3 0 2 3 1 2 7 8 18 2 0 2 3 0 2 7 0 2 7 0 2 7 8 18 2 16 30 2 0 2 7 1 2 7 0 42.2994964122772217

Current Evaluation = 4950(4950)
Front Size = 10
1 2 7 0 2 7 5 31 3 0 2 7 0 2 7 0 2 7 17 18 2 1 2 7 0 2 7 1 2 7 1 2 7 1 2 7 17 9 2 0 2 7 0 2 7 1 2 7 1 2 7 1 2 7 0 2 7 16 6 2 0 2 7 17 18 2 13 6 3 17 9 2 1 2 7 1 2 7 1 2 7 0 2 7 0 2 7 1 2 11 1 2 7 0 2 4 0 2 7 0 2 7 0 2 7 5 31 3 5 31 3 0 2 7 0 2 7 0 2 7 0 40.0670827627182007
0 2 7 0 2 7 5 30 3 1 2 7 0 2 7 1 2 7 0 2 7 0 2 4 1 2 7 0 2 4 0 2 7 0 2 7 0 2 7 0 2 7 0 2 7 0 2 7 0 2 7 1 2 7 12 16 2 16 6 2 1 2 7 1 2 7 6 2 7 1 2 7 13 6 3 12 16 2 5 31 3 17 9 2 1 2 7 0 2 7 17 9 2 5 31 3 0 2 3 0 2 7 15 2 11 12 16 2 1 2 4 0 2 4 17 18 2 1 2 7 0 40.65079265832901
0 2 11 0 2 11 12 16 2 0 2 7 5 30 3 0 2 7 12 16 2 13 6 3 5 30 3 0 2 11 17 18 2 0 2 8 0 2 11 5 30 3 0 2 11 5 30 3 1 2 3 12 16 2 0 2 3 0 2 11 0 2 11 0 2 7 12 16 2 12 16 2 16 6 2 0 2 8 8 18 2 6 2 7 6 2 3 6 2 11 16 19 11 0 2 7 0 2 7 0 2 11 16 6 2 5 31 3 5 30 3 0 2 3 0 2 11 0 2 11 0 43.5797651410102844
0 2 3 0 2 7 5 30 3 1 2 7 0 2 3 0 2 7 5 30 3 0 2 7 0 2 7 1 2 7 0 2 7 0 2 3 1 2 7 12 16 2 1 2 7 13 6 3 12 16 2 8 18 2 0 2 7 0 2 7 0 2 7 12 16 2 1 2 3 12 16 2 0 2 7 1 2 7 16 6 2 5 30 3 17 9 2 5 31 3 0 2 7 1 2 7 0 2 3 0 2 7 0 2 7 0 2 11 0 2 3 16 19 11 16 30 2 0 2 7 0 41.7703685760498047
1 2 7 1 2 7 5 31 3 0 2 3 12 16 2 13 6 3 0 2 7 16 6 2 0 2 4 0 2 7 0 2 7 0 2 7 0 2 7 6 2 7 17 18 2 0 2 7 0 2 7 1 2 7 0 2 7 12 16 2 12 16 2 0 2 7 17 18 2 6 2 7 0 2 7 0 2 7 0 2 7 5 30 3 16 6 2 5 30 3 1 2 7 5 31 3 5 31 3 6 2 7 0 2 7 0 2 7 0 2 7 0 2 7 1 2 4 1 2 7 0 40.982011616230011
0 2 4 0 2 3 12 16 2 0 2 3 1 2 11 0 2 11 5 30 3 12 16 2 1 2 3 0 2 7 5 30 3 0 2 7 0 2 4 16 31 2 0 2 7 0 2 3 16 9 11 12 16 2 5 30 3 12 16 2 0 2 7 17 9 2 1 2 3 6 2 10 0 2 3 0 2 3 0 2 4 1 2 3 0 2 3 0 2 3 0 2 4 1 2 7 1 2 3 0 2 7 16 18 11 5 30 3 1 2 7 0 2 3 1 2 3 0 2 10 0 42.9186797142028809
0 2 7 0 2 7 5 30 3 1 2 7 0 2 3 1 2 7 5 30 3 0 2 7 0 2 3 1 2 7 0 2 7 0 2 7 0 2 7 12 16 2 16 6 2 0 2 7 13 6 3 12 16 2 5 31 3 17 9 2 0 2 7 1 2 7 17 9 2 5 31 3 1 2 7 12 16 2 0 2 7 12 16 2 0 2 7 16 6 2 0 2 7 0 2 7 1 2 7 0 2 7 0 2 3 0 2 7 0 2 7 1 2 7 0 2 7 13 6 3 0 40.9289214611053467
0 2 4 0 2 7 12 16 2 0 2 7 1 2 7 0 2 7 5 30 3 1 2 7 0 2 7 0 2 7 5 31 3 0 2 7 0 2 7 16 31 2 0 2 7 0 2 7 16 19 11 12 16 2 5 30 3 12 16 2 0 2 7 17 9 2 1 2 7 6 2 7 0 2 7 0 2 7 0 2 7 1 2 7 0 2 7 5 31 3 0 2 10 1 2 7 1 2 7 0 2 7 16 18 11 5 30 3 1 2 3 0 2 7 0 2 7 0 2 7 0 41.9340674877166748
12 16 2 0 2 7 5 30 3 0 2 7 12 16 2 13 6 3 5 30 3 5 30 3 5 30 3 1 2 11 0 2 4 17 9 2 16 6 2 8 18 2 0 2 7 0 2 12 0 2 7 5 30 3 0 2 7 0 2 7 0 2 7 0 2 7 17 18 2 0 2 7 0 2 11 0 2 11 0 2 7 1 2 7 0 2 7 12 16 2 12 16 2 0 2 7 1 2 7 1 2 7 8 9 2 1 2 7 0 2 7 15 2 11 0 2 7 16 19 11 0 42.0667023658752441
0 2 7 1 2 7 12 16 2 17 9 2 12 16 2 1 2 7 5 30 3 0 2 7 6 2 3 12 16 2 8 9 2 0 2 7 0 2 7 1 2 7 0 2 7 5 31 3 0 2 3 1 2 7 16 15 2 6 2 7 0 2 7 0 2 7 5 30 3 1 2 7 17 18 2 0 2 7 6 2 7 13 6 3 0 2 4 0 2 4 0 2 7 0 2 4 17 18 2 0 2 7 0 2 3 5 30 3 1 2 7 1 2 4 0 2 7 0 2 3 0 41.1800426244735718

Current Evaluation = 5400(5400)
Front Size = 10
1 2 7 0 2 7 5 31 3 0 2 7 0 2 7 0 2 7 17 18 2 1 2 7 0 2 7 1 2 7 1 2 7 1 2 7 17 9 2 0 2 7 0 2 7 1 2 7 1 2 7 1 2 7 0 2 7 16 6 2 0 2 7 17 18 2 13 6 3 17 9 2 1 2 7 1 2 7 1 2 7 0 2 7 0 2 7 1 2 11 1 2 7 0 2 4 0 2 7 0 2 7 0 2 7 5 31 3 5 31 3 0 2 7 0 2 7 0 2 7 0 40.0670827627182007
0 2 11 0 2 11 12 16 2 0 2 7 5 30 3 0 2 7 12 16 2 13 6 3 5 30 3 0 2 11 17 18 2 0 2 8 0 2 11 5 30 3 0 2 11 5 30 3 1 2 3 12 16 2 0 2 3 0 2 11 0 2 11 0 2 7 12 16 2 12 16 2 16 6 2 0 2 8 8 18 2 6 2 7 6 2 3 6 2 11 16 19 11 0 2 7 0 2 7 0 2 11 16 6 2 5 31 3 5 30 3 0 2 3 0 2 11 0 2 11 0 43.5797651410102844
0 2 7 12 16 2 0 2 7 0 2 7 5 30 3 12 16 2 6 2 7 0 2 7 5 31 3 0 2 3 0 2 7 0 2 7 12 16 2 5 30 3 12 16 2 0 2 7 8 18 2 0 2 7 0 2 7 1 2 3 1 2 4 0 2 3 1 2 3 0 2 7 0 2 7 1 2 3 0 2 7 0 2 7 16 6 2 1 2 7 5 30 3 16 31 2 0 2 3 0 2 7 0 2 7 16 19 11 5 30 3 16 19 11 0 2 7 1 2 7 0 42.4422333836555481
0 2 4 0 2 3 12 16 2 0 2 3 1 2 11 0 2 11 5 30 3 12 16 2 1 2 3 0 2 7 5 30 3 0 2 7 0 2 4 16 31 2 0 2 7 0 2 3 16 9 11 12 16 2 5 30 3 12 16 2 0 2 7 17 9 2 1 2 3 6 2 10 0 2 3 0 2 3 0 2 4 1 2 3 0 2 3 0 2 3 0 2 4 1 2 7 1 2 3 0 2 7 16 18 11 5 30 3 1 2 7 0 2 3 1 2 3 0 2 10 0 42.9186797142028809
12 16 2 0 2 4 12 16 2 17 9 2 12 16 2 0 2 7 12 16 2 0 2 4 0 2 7 0 2 7 1 2 4 0 2 7 5 30 3 1 2 7 13 6 3 5 31 3 1 2 7 1 2 7 16 6 2 0 2 7 0 2 7 0 2 7 0 2 7 1 2 7 1 2 7 17 18 2 0 2 7 0 2 7 0 2 7 0 2 7 8 18 2 5 30 3 0 2 7 17 9 2 1 2 7 12 16 2 1 2 7 13 6 3 0 2 4 1 2 7 0 40.5217374563217163
6 2 7 1 2 7 5 31 3 0 2 7 17 18 2 13 6 3 0 2 7 16 6 2 0 2 7 0 2 7 1 2 4 0 2 7 0 2 7 1 2 11 0 2 7 0 2 7 0 2 7 0 2 7 16 6 2 5 30 3 0 2 7 0 2 7 0 2 7 0 2 7 1 2 7 5 31 3 1 2 4 1 2 7 1 2 7 0 2 7 17 9 2 12 16 2 5 31 3 0 2 7 0 2 7 17 18 2 1 2 4 0 2 7 5 30 3 0 2 7 0 40.6108766198158264
0 2 7 12 16 2 12 16 2 17 18 2 0 2 7 0 2 7 1 2 7 0 2 7 0 2 7 5 30 3 0 2 4 13 6 3 0 2 4 1 2 4 1 2 7 0 2 7 0 2 7 1 2 7 6 2 7 1 2 7 0 2 7 0 2 3 0 2 7 17 9 2 12 16 2 0 2 7 1 2 4 0 2 7 0 2 7 17 18 2 5 30 3 0 2 7 1 2 7 1 2 7 17 18 2 0 2 7 1 2 4 13 6 3 5 30 3 5 31 3 0 40.5530635714530945
0 2 7 12 16 2 6 2 7 5 31 3 12 16 2 1 2 4 1 2 7 5 31 3 1 2 7 0 2 7 0 2 7 16 18 11 12 16 2 5 30 3 12 16 2 0 2 4 12 16 2 1 2 7 0 2 7 0 2 7 0 2 7 0 2 7 0 2 7 1 2 7 0 2 7 6 2 4 16 6 2 0 2 7 16 31 2 0 2 3 1 2 7 17 18 2 0 2 7 0 2 7 1 2 7 0 2 4 5 31 3 0 2 7 0 2 7 0 2 7 0 41.5651906132698059
0 2 3 1 2 7 1 2 7 1 2 7 12 16 2 12 16 2 1 2 7 0 2 7 0 2 7 12 16 2 5 30 3 12 16 2 1 2 7 8 18 2 0 2 7 0 2 3 1 2 7 0 2 7 0 2 7 0 2 3 0 2 7 5 30 3 0 2 7 1 2 3 0 2 7 1 2 7 17 9 2 1 2 7 17 18 2 0 2 7 0 2 7 13 6 3 16 15 2 0 2 7 8 18 2 0 2 7 0 2 3 5 30 3 16 9 11 0 2 3 0 41.5792705416679382
0 2 7 12 16 2 0 2 7 5 30 3 12 16 2 0 2 3 0 2 7 5 30 3 0 2 7 1 2 7 0 2 10 16 9 11 12 16 2 5 30 3 12 16 2 0 2 7 17 18 2 0 2 7 0 2 7 1 2 10 0 2 3 0 2 7 0 2 7 1 2 7 5 31 3 1 2 10 0 2 7 0 2 7 0 2 7 0 2 7 1 2 7 0 2 7 8 18 2 0 2 7 8 18 2 16 19 11 16 6 2 1 2 7 0 2 7 5 30 3 0 42.4160013794898987

Current Evaluation = 5850(5850)
Front Size = 10
1 2 7 0 2 7 5 31 3 0 2 7 0 2 7 0 2 7 17 18 2 1 2 7 0 2 7 1 2 7 1 2 7 1 2 7 17 9 2 0 2 7 0 2 7 1 2 7 1 2 7 1 2 7 0 2 7 16 6 2 0 2 7 17 18 2 13 6 3 17 9 2 1 2 7 1 2 7 1 2 7 0 2 7 0 2 7 1 2 11 1 2 7 0 2 4 0 2 7 0 2 7 0 2 7 5 31 3 5 31 3 0 2 7 0 2 7 0 2 7 0 40.0670827627182007
0 2 7 12 16 2 12 16 2 17 18 2 0 2 7 0 2 7 1 2 7 0 2 7 0 2 7 5 30 3 0 2 4 13 6 3 0 2 4 1 2 4 1 2 7 0 2 7 0 2 7 1 2 7 6 2 7 1 2 7 0 2 7 0 2 3 0 2 7 17 9 2 12 16 2 0 2 7 1 2 4 0 2 7 0 2 7 17 18 2 5 30 3 0 2 7 1 2 7 1 2 7 17 18 2 0 2 7 1 2 4 13 6 3 5 30 3 5 31 3 0 40.5530635714530945
0 2 11 0 2 11 12 16 2 0 2 7 5 30 3 0 2 7 12 16 2 13 6 3 5 30 3 0 2 11 17 18 2 0 2 8 0 2 11 5 30 3 0 2 11 5 30 3 1 2 3 12 16 2 0 2 3 0 2 11 0 2 11 0 2 7 12 16 2 12 16 2 16 6 2 0 2 8 8 18 2 6 2 7 6 2 3 6 2 11 16 19 11 0 2 7 0 2 7 0 2 11 16 6 2 5 31 3 5 30 3 0 2 3 0 2 11 0 2 11 0 43.5797651410102844
1 2 7 5 30 3 0 2 7 17 18 2 0 2 7 16 24 2 0 2 7 1 2 7 1 2 7 0 2 7 0 2 7 0 2 7 0 2 7 0 2 7 0 2 7 5 30 3 0 2 7 1 2 7 0 2 7 0 2 7 1 2 7 5 31 3 0 2 7 1 2 4 1 2 7 0 2 7 17 9 2 5 31 3 17 18 2 0 2 7 1 2 4 13 6 3 1 2 7 0 2 7 0 2 7 1 2 7 1 2 4 1 2 7 17 18 2 0 2 7 0 40.1302337646484375
0 2 7 1 2 3 17 9 2 12 16 2 0 2 7 12 16 2 0 2 4 0 2 7 0 2 7 5 30 3 1 2 11 13 6 3 1 2 3 1 2 11 0 2 7 0 2 7 0 2 7 0 2 4 1 2 7 1 2 7 17 18 2 0 2 7 0 2 7 0 2 7 0 2 7 17 18 2 5 30 3 1 2 7 1 2 7 1 2 7 0 2 4 1 2 7 1 2 7 5 30 3 8 18 2 0 2 7 17 9 2 12 16 2 13 6 3 0 2 7 0 40.6077494621276855
0 2 4 0 2 3 12 16 2 0 2 3 1 2 11 0 2 11 5 30 3 12 16 2 1 2 3 0 2 7 5 30 3 0 2 7 0 2 4 16 31 2 0 2 7 0 2 3 16 9 11 12 16 2 5 30 3 12 16 2 0 2 7 17 9 2 1 2 3 6 2 10 0 2 3 0 2 3 0 2 4 1 2 3 0 2 3 0 2 3 0 2 4 1 2 7 1 2 3 0 2 7 16 18 11 5 30 3 1 2 7 0 2 3 1 2 3 0 2 10 0 42.9186797142028809
0 2 7 5 31 3 0 2 7 6 2 4 0 2 7 17 18 2 5 30 3 0 2 7 1 2 7 0 2 7 0 2 7 17 9 2 0 2 7 0 2 7 0 2 7 1 2 7 0 2 7 0 2 7 0 2 7 0 2 7 1 2 7 1 2 7 0 2 4 0 2 7 0 2 7 1 2 7 0 2 7 0 2 7 5 31 3 5 30 3 0 2 7 13 6 3 1 2 7 16 6 2 17 18 2 16 6 2 1 2 11 1 2 4 12 16 2 5 31 3 0 40.6108766198158264
0 2 7 16 18 11 0 2 7 5 30 3 12 16 2 1 2 3 0 2 7 5 30 3 0 2 4 1 2 7 0 2 7 12 16 2 5 31 3 1 2 7 17 9 2 1 2 7 0 2 7 1 2 7 0 2 7 0 2 3 0 2 7 0 2 7 0 2 3 1 2 4 0 2 3 13 6 3 12 16 2 0 2 3 0 2 7 1 2 3 1 2 4 0 2 3 0 2 3 16 6 2 1 2 3 1 2 3 17 18 2 0 2 3 1 2 7 0 2 7 0 41.5814017653465271
0 2 7 12 16 2 12 16 2 17 18 2 0 2 7 12 16 2 0 2 7 0 2 7 1 2 3 12 16 2 0 2 7 16 6 2 1 2 7 1 2 7 1 2 7 0 2 7 0 2 7 0 2 7 0 2 7 0 2 7 13 6 3 8 9 2 12 16 2 0 2 7 8 9 2 5 30 3 0 2 7 5 30 3 0 2 7 16 6 2 0 2 7 0 2 7 5 31 3 0 2 3 1 2 7 0 2 4 5 30 3 0 2 7 1 2 7 16 19 11 0 41.5577483177185059
0 2 7 12 16 2 0 2 7 6 2 7 17 18 2 5 30 3 0 2 4 1 2 4 0 2 7 0 2 7 17 9 2 0 2 7 0 2 4 0 2 7 1 2 7 0 2 7 0 2 3 0 2 4 0 2 7 1 2 7 1 2 7 15 2 11 0 2 7 0 2 3 5 30 3 13 6 3 1 2 7 17 18 2 1 2 4 12 16 2 1 2 4 1 2 7 17 18 2 0 2 7 5 31 3 0 2 7 1 2 7 0 2 4 1 2 7 1 2 7 0 40.5759547352790833

Current Evaluation = 6300(6300)
Front Size = 10
1 2 7 0 2 7 5 31 3 0 2 7 0 2 7 0 2 7 17 18 2 1 2 7 0 2 7 1 2 7 1 2 7 1 2 7 17 9 2 0 2 7 0 2 7 0 2 7 1 2 7 1 2 7 0 2 7 0 2 7 17 18 2 13 6 3 1 2 4 0 2 7 0 2 7 0 2 7 1 2 11 0 2 7 5 31 3 0 2 7 0 2 7 0 2 7 1 2 7 17 9 2 1 2 7 1 2 7 16 6 2 1 2 7 0 2 7 5 31 3 0 40.0670827627182007
5 31 3 0 2 7 5 31 3 0 2 4 0 2 3 0 2 7 17 18 2 1 2 7 6 2 7 1 2 7 1 2 7 0 2 7 17 9 2 1 2 4 0 2 4 1 2 4 0 2 4 1 2 7 1 2 4 0 2 7 17 18 2 13 6 3 0 2 7 1 2 7 0 2 4 0 2 7 0 2 7 1 2 7 12 16 2 12 16 2 1 2 7 0 2 7 0 2 7 0 2 7 1 2 7 0 2 7 1 2 7 0 2 7 17 9 2 5 30 3 0 40.425436794757843
6 2 7 0 2 7 0 2 7 0 2 7 0 2 4 0 2 7 12 16 2 0 2 7 17 9 2 1 2 7 5 31 3 0 2 7 1 2 7 0 2 7 0 2 7 1 2 7 0 2 7 0 2 7 0 2 7 0 2 7 1 2 7 0 2 7 0 2 7 5 31 3 1 2 7 1 2 4 16 19 11 5 31 3 0 2 4 0 2 7 12 16 2 0 2 7 16 6 2 16 6 2 0 2 7 0 2 7 5 31 3 16 6 2 5 30 3 0 2 7 0 41.2209165692329407
1 2 7 5 30 3 0 2 7 17 18 2 0 2 7 16 24 2 0 2 7 1 2 7 1 2 7 0 2 7 0 2 7 0 2 7 0 2 7 0 2 7 0 2 7 5 30 3 0 2 7 1 2 7 0 2 7 0 2 7 1 2 7 5 31 3 0 2 7 1 2 4 1 2 7 0 2 7 17 9 2 5 31 3 17 18 2 0 2 7 1 2 4 13 6 3 1 2 7 0 2 7 0 2 7 1 2 7 1 2 4 1 2 7 17 18 2 0 2 7 0 40.1302337646484375
0 2 4 0 2 7 0 2 7 0 2 7 5 30 3 0 2 7 0 2 7 5 30 3 0 2 7 0 2 7 12 16 2 12 16 2 0 2 7 17 9 2 1 2 7 1 2 4 1 2 7 0 2 11 1 2 7 0 2 7 1 2 11 16 30 2 0 2 7 0 2 7 0 2 3 1 2 4 1 2 11 0 2 7 1 2 7 0 2 7 17 9 2 0 2 7 8 9 2 16 31 2 1 2 7 5 31 3 5 30 3 0 2 7 0 2 3 1 2 7 0 41.2673506736755371
5 30 3 0 2 7 5 30 3 0 2 7 1 2 7 1 2 7 1 2 7 0 2 4 0 2 7 0 2 11 17 9 2 0 2 7 0 2 4 0 2 7 0 2 7 1 2 7 1 2 7 0 2 7 0 2 7 12 16 2 12 16 2 0 2 7 0 2 7 0 2 7 13 6 3 8 18 2 5 30 3 0 2 7 17 18 2 1 2 7 0 2 7 0 2 7 17 18 2 13 6 3 5 30 3 1 2 7 1 2 7 1 2 7 5 30 3 17 9 2 0 40.7027415037155151
0 2 7 12 16 2 12 16 2 17 18 2 0 2 7 0 2 7 1 2 7 1 2 7 0 2 7 5 31 3 0 2 4 13 6 3 0 2 7 1 2 7 0 2 7 0 2 7 1 2 7 0 2 7 1 2 7 1 2 7 0 2 7 0 2 7 17 9 2 1 2 7 13 6 3 17 18 2 5 30 3 1 2 7 17 18 2 1 2 7 12 16 2 1 2 7 1 2 4 6 2 7 0 2 7 5 31 3 0 2 7 0 2 7 0 2 7 0 2 7 0 40.2815956473350525
0 2 7 17 9 2 12 16 2 0 2 7 12 16 2 0 2 4 0 2 7 0 2 7 5 30 3 13 6 3 0 2 7 0 2 7 0 2 7 1 2 7 1 2 4 0 2 7 17 18 2 0 2 7 1 2 7 0 2 7 0 2 7 8 18 2 0 2 7 1 2 7 1 2 4 0 2 7 0 2 7 1 2 7 0 2 7 17 9 2 0 2 7 1 2 4 1 2 7 1 2 4 5 30 3 1 2 4 1 2 11 17 9 2 1 2 7 5 31 3 0 40.4922696352005005
0 2 7 0 2 7 1 2 7 12 16 2 0 2 3 5 30 3 0 2 7 0 2 7 6 2 7 12 16 2 0 2 7 1 2 7 1 2 7 0 2 7 0 2 3 0 2 7 1 2 7 12 16 2 1 2 7 0 2 7 0 2 3 1 2 7 0 2 7 0 2 7 0 2 7 0 2 7 8 9 2 12 16 2 1 2 7 5 31 3 17 9 2 5 31 3 0 2 7 1 2 4 16 6 2 13 6 3 1 2 7 0 2 4 17 18 2 16 6 2 0 40.8783596158027649
5 31 3 0 2 7 5 30 3 0 2 7 17 18 2 0 2 7 1 2 7 1 2 7 0 2 7 17 9 2 5 31 3 1 2 7 1 2 7 1 2 7 1 2 7 17 18 2 13 6 3 0 2 4 1 2 7 0 2 4 0 2 7 0 2 7 1 2 7 0 2 7 0 2 7 0 2 7 1 2 7 0 2 7 1 2 7 0 2 7 5 30 3 0 2 7 0 2 7 0 2 7 17 18 2 16 6 2 0 2 4 0 2 7 5 30 3 0 2 7 0 40.4201456308364868

Current Evaluation = 6750(6750)
Front Size = 10
1 2 7 0 2 7 5 31 3 0 2 7 0 2 7 0 2 7 17 18 2 1 2 7 0 2 7 1 2 7 1 2 7 1 2 7 17 9 2 0 2 7 0 2 7 0 2 7 1 2 7 1 2 7 0 2 7 0 2 7 17 18 2 13 6 3 0 2 7 0 2 7 0 2 7 0 2 7 5 31 3 0 2 7 0 2 7 1 2 4 1 2 7 1 2 7 16 6 2 1 2 7 1 2 11 5 31 3 17 18 2 1 2 7 0 2 7 0 2 7 0 40.0670827627182007
5 30 3 0 2 4 0 2 7 1 2 7 0 2 7 1 2 7 0 2 7 0 2 7 17 9 2 0 2 7 1 2 7 0 2 7 1 2 3 0 2 7 0 2 7 0 2 7 12 16 2 12 16 2 0 2 7 0 2 7 0 2 4 13 6 3 0 2 3 8 18 2 1 2 7 0 2 4 1 2 11 17 18 2 13 6 3 1 2 7 1 2 7 1 2 7 0 2 7 1 2 11 12 16 2 1 2 7 5 30 3 17 18 2 5 30 3 17 9 2 0 40.6077494621276855
0 2 7 17 9 2 12 16 2 0 2 7 12 16 2 0 2 4 0 2 7 0 2 7 5 30 3 13 6 3 0 2 7 0 2 7 0 2 7 1 2 7 1 2 4 0 2 7 17 18 2 0 2 7 1 2 7 0 2 7 0 2 7 8 18 2 0 2 7 1 2 7 1 2 4 0 2 7 0 2 7 1 2 7 0 2 7 17 9 2 0 2 7 1 2 4 1 2 7 1 2 4 5 30 3 1 2 4 1 2 11 17 9 2 1 2 7 5 31 3 0 40.4922696352005005
5 30 3 0 2 4 0 2 7 1 2 7 0 2 7 1 2 4 0 2 7 1 2 4 17 9 2 0 2 7 0 2 7 0 2 4 1 2 7 0 2 7 0 2 7 0 2 7 0 2 7 0 2 7 0 2 4 1 2 7 0 2 3 17 18 2 1 2 7 1 2 7 1 2 7 0 2 7 1 2 7 5 30 3 17 18 2 5 31 3 1 2 7 0 2 7 1 2 7 17 18 2 0 2 7 1 2 7 13 6 3 0 2 7 5 31 3 16 6 2 0 40.148398756980896
0 2 4 0 2 7 0 2 7 0 2 7 5 30 3 0 2 7 0 2 7 5 30 3 0 2 7 0 2 7 12 16 2 12 16 2 0 2 7 17 9 2 1 2 7 1 2 4 1 2 7 0 2 11 1 2 7 0 2 7 1 2 11 16 30 2 0 2 7 0 2 7 0 2 3 1 2 4 1 2 11 0 2 7 1 2 7 0 2 7 17 9 2 0 2 7 8 9 2 16 31 2 1 2 7 5 31 3 5 30 3 0 2 7 0 2 3 1 2 7 0 41.2673506736755371
1 2 7 0 2 7 5 31 3 0 2 7 0 2 7 0 2 7 17 18 2 1 2 7 0 2 7 1 2 7 1 2 7 1 2 7 17 9 2 0 2 7 0 2 7 0 2 7 1 2 7 0 2 7 0 2 7 13 6 3 1 2 4 0 2 4 0 2 7 17 9 2 12 16 2 0 2 7 12 16 2 5 30 3 1 2 4 1 2 7 1 2 4 5 31 3 1 2 7 1 2 7 6 2 3 0 2 4 0 2 4 1 2 4 1 2 4 0 2 4 0.000915732085007023603 40.3468858003616333
5 30 3 0 2 7 1 2 7 1 2 7 1 2 7 0 2 7 0 2 7 17 9 2 0 2 7 1 2 4 0 2 7 0 2 7 0 2 7 0 2 7 12 16 2 12 16 2 0 2 7 0 2 7 13 6 3 0 2 7 1 2 7 17 18 2 13 6 3 1 2 7 1 2 7 1 2 7 0 2 7 1 2 7 5 30 3 17 18 2 5 30 3 1 2 4 5 31 3 0 2 4 0 2 7 0 2 7 0 2 7 0 2 7 0 2 7 17 9 2 0 40.3689725399017334
5 30 3 1 2 7 5 31 3 0 2 7 0 2 3 1 2 7 17 18 2 13 6 3 1 2 3 1 2 7 0 2 7 0 2 7 17 9 2 1 2 7 1 2 7 13 6 3 0 2 7 0 2 7 1 2 7 12 16 2 12 16 2 1 2 7 0 2 7 0 2 4 0 2 7 0 2 7 0 2 4 0 2 7 1 2 7 17 18 2 0 2 7 12 16 2 1 2 12 0 2 4 1 2 7 0 2 7 17 18 2 1 2 7 12 16 2 8 9 2 0 40.5084316730499268
1 2 7 5 31 3 0 2 7 1 2 7 17 18 2 13 6 3 1 2 7 0 2 7 0 2 7 17 9 2 1 2 7 1 2 7 0 2 7 0 2 7 1 2 7 1 2 7 0 2 7 0 2 7 0 2 7 0 2 7 1 2 7 17 18 2 0 2 7 1 2 7 0 2 7 17 18 2 1 2 7 0 2 7 0 2 3 1 2 3 13 6 3 0 2 7 12 16 2 5 31 3 0 2 4 12 16 2 0 2 7 5 31 3 12 16 2 0 2 7 0 40.6961337327957153
5 30 3 0 2 7 5 30 3 0 2 7 1 2 7 1 2 7 1 2 7 0 2 4 0 2 7 0 2 11 17 9 2 0 2 7 0 2 4 0 2 7 0 2 7 1 2 7 1 2 7 0 2 7 0 2 7 12 16 2 12 16 2 0 2 7 0 2 7 0 2 7 13 6 3 8 18 2 5 30 3 0 2 7 17 18 2 1 2 7 0 2 7 0 2 7 17 18 2 13 6 3 5 30 3 1 2 7 1 2 7 1 2 7 5 30 3 17 9 2 0 40.7027415037155151

Current Evaluation = 7200(7200)
Front Size = 10
1 2 7 0 2 7 5 31 3 0 2 7 0 2 7 0 2 7 1 2 7 0 2 7 17 9 2 0 2 7 0 2 7 1 2 7 0 2 7 0 2 7 1 2 7 0 2 7 1 2 7 0 2 7 16 6 2 5 31 3 1 2 7 0 2 4 17 18 2 0 2 7 13 6 3 0 2 7 0 2 7 1 2 11 0 2 7 5 31 3 0 2 7 0 2 7 1 2 7 1 2 7 1 2 7 1 2 7 17 18 2 1 2 7 17 18 2 1 2 7 0 40.0670827627182007
0 2 4 0 2 7 0 2 7 0 2 7 5 30 3 0 2 7 0 2 7 5 30 3 0 2 7 0 2 7 12 16 2 12 16 2 0 2 7 17 9 2 1 2 7 1 2 4 1 2 7 0 2 11 1 2 7 0 2 7 1 2 11 16 30 2 0 2 7 0 2 7 0 2 3 1 2 4 1 2 11 0 2 7 1 2 7 0 2 7 17 9 2 0 2 7 8 9 2 16 31 2 1 2 7 5 31 3 5 30 3 0 2 7 0 2 3 1 2 7 0 41.2673506736755371
5 30 3 0 2 7 1 2 7 1 2 7 1 2 7 0 2 7 0 2 7 17 9 2 0 2 7 1 2 4 0 2 7 0 2 7 0 2 7 0 2 7 12 16 2 12 16 2 0 2 7 0 2 7 13 6 3 0 2 7 1 2 7 17 18 2 13 6 3 1 2 7 1 2 7 1 2 7 0 2 7 1 2 7 5 30 3 17 18 2 5 30 3 1 2 4 5 31 3 0 2 4 0 2 7 0 2 7 0 2 7 0 2 7 0 2 7 17 9 2 0 40.3689725399017334
5 30 3 1 2 7 5 31 3 0 2 7 0 2 3 1 2 7 17 18 2 13 6 3 1 2 3 1 2 7 0 2 7 0 2 7 17 9 2 1 2 7 1 2 7 13 6 3 0 2 7 0 2 7 1 2 7 12 16 2 12 16 2 1 2 7 0 2 7 0 2 4 0 2 7 0 2 7 0 2 4 0 2 7 1 2 7 17 18 2 0 2 7 12 16 2 1 2 12 0 2 4 1 2 7 0 2 7 17 18 2 1 2 7 12 16 2 8 9 2 0 40.5084316730499268
0 2 7 1 2 7 0 2 7 0 2 7 17 9 2 0 2 7 1 2 7 1 2 7 0 2 7 0 2 7 0 2 3 0 2 7 0 2 7 1 2 7 17 18 2 1 2 7 1 2 7 1 2 7 0 2 7 1 2 7 17 18 2 5 31 3 1 2 7 0 2 7 1 2 7 17 18 2 0 2 7 1 2 4 13 6 3 0 2 7 5 31 3 16 6 2 0 2 4 1 2 4 5 30 3 0 2 7 0 2 7 0 2 4 0 2 4 5 30 3 0 40.148398756980896
0 2 3 5 31 3 0 2 7 1 2 7 0 2 7 0 2 7 17 9 2 1 2 7 0 2 7 1 2 7 1 2 3 0 2 3 0 2 7 0 2 3 1 2 7 0 2 7 0 2 3 0 2 7 0 2 7 0 2 7 1 2 7 12 16 2 0 2 7 0 2 7 17 18 2 0 2 7 0 2 7 5 30 3 1 2 7 1 2 3 1 2 7 1 2 7 1 2 7 0 2 7 16 30 2 17 9 2 5 31 3 1 2 7 1 2 7 13 6 3 0 40.702177882194519
0 2 7 0 2 7 1 2 7 0 2 7 0 2 7 0 2 7 0 2 7 1 2 4 1 2 7 1 2 7 1 2 4 1 2 4 0 2 7 0 2 7 0 2 3 12 16 2 12 16 2 0 2 7 0 2 7 13 6 3 0 2 4 6 2 7 17 18 2 13 6 3 0 2 7 1 2 7 1 2 3 0 2 7 12 16 2 1 2 7 17 18 2 5 30 3 1 2 7 17 18 2 0 2 7 0 2 7 5 31 3 1 2 3 5 30 3 17 9 2 0 40.4413166642189026
1 2 7 0 2 7 0 2 7 0 2 7 8 9 2 0 2 7 1 2 7 1 2 7 1 2 7 0 2 7 1 2 7 0 2 3 0 2 7 1 2 11 17 18 2 1 2 4 1 2 7 0 2 7 0 2 4 1 2 4 5 30 3 0 2 4 1 2 3 0 2 7 5 30 3 16 31 2 0 2 7 0 2 7 0 2 7 5 31 3 1 2 7 17 18 2 0 2 7 0 2 7 17 18 2 12 16 2 1 2 7 1 2 7 0 2 7 0 2 7 0 40.7372217178344727
0 2 4 5 31 3 0 2 7 6 2 7 1 2 7 0 2 7 0 2 7 17 9 2 1 2 7 6 2 7 0 2 7 0 2 7 1 2 7 0 2 7 0 2 7 0 2 7 1 2 4 0 2 7 1 2 7 0 2 7 0 2 7 0 2 7 12 16 2 0 2 4 12 16 2 0 2 7 0 2 7 17 18 2 0 2 7 0 2 7 5 30 3 16 6 2 1 2 7 8 9 2 1 2 7 5 31 3 6 2 7 1 2 7 5 31 3 12 16 2 0 41.2520527243614197
1 2 7 0 2 7 5 30 3 5 31 3 0 2 7 0 2 7 0 2 7 1 2 7 0 2 7 17 9 2 0 2 7 0 2 7 1 2 7 0 2 7 0 2 7 1 2 7 0 2 7 1 2 7 0 2 7 16 6 2 6 2 7 5 31 3 1 2 7 0 2 7 17 18 2 16 19 11 1 2 4 0 2 7 13 6 3 0 2 7 0 2 7 1 2 7 0 2 4 12 16 2 5 31 3 17 9 2 5 30 3 0 2 7 0 2 7 0 2 7 0 40.8971266150474548

Current Evaluation = 7650(7650)
Front Size = 10
0 2 7 0 2 7 1 2 7 1 2 4 0 2 7 0 2 7 1 2 7 0 2 7 0 2 7 0 2 7 0 2 7 0 2 7 12 16 2 12 16 2 0 2 7 13 6 3 1 2 7 17 18 2 13 6 3 1 2 7 0 2 7 0 2 7 5 31 3 17 18 2 5 30 3 0 2 7 17 9 2 1 2 7 1 2 7 1 2 7 0 2 7 0 2 7 1 2 7 1 2 7 12 16 2 1 2 7 13 6 3 17 9 2 12 16 2 12 16 2 0 40.0383374691009521
1 2 7 17 18 2 0 2 7 0 2 7 0 2 7 1 2 7 1 2 7 0 2 7 1 2 7 1 2 7 0 2 7 12 16 2 12 16 2 13 6 3 1 2 7 17 18 2 0 2 7 0 2 7 5 31 3 17 18 2 17 9 2 0 2 7 1 2 7 12 16 2 0 2 7 13 6 3 0 2 7 13 6 3 0 2 7 0 2 4 1 2 7 1 2 7 5 30 3 1 2 7 0 2 7 1 2 7 0 2 7 0 2 7 12 16 2 12 16 2 0 40.0383374691009521
1 2 7 0 2 7 5 31 3 0 2 7 0 2 7 0 2 7 1 2 7 0 2 7 17 9 2 0 2 7 0 2 7 1 2 7 0 2 7 0 2 7 1 2 7 0 2 7 1 2 7 0 2 7 16 6 2 5 31 3 1 2 7 0 2 4 17 18 2 0 2 7 13 6 3 0 2 7 0 2 7 1 2 11 0 2 7 5 31 3 0 2 7 0 2 7 1 2 7 1 2 7 1 2 7 1 2 7 17 18 2 1 2 7 17 18 2 1 2 7 0 40.0670827627182007
0 2 7 1 2 7 0 2 7 0 2 7 17 9 2 0 2 7 1 2 7 1 2 7 0 2 7 0 2 7 0 2 3 0 2 7 0 2 7 1 2 7 17 18 2 1 2 7 1 2 7 1 2 7 0 2 7 1 2 7 17 18 2 5 31 3 1 2 7 0 2 7 1 2 7 17 18 2 0 2 7 1 2 4 13 6 3 0 2 7 5 31 3 16 6 2 0 2 4 1 2 4 5 30 3 0 2 7 0 2 7 0 2 4 0 2 4 5 30 3 0 40.148398756980896
0 2 7 0 2 4 0 2 7 1 2 7 0 2 7 1 2 4 1 2 4 0 2 7 0 2 4 0 2 7 0 2 7 1 2 7 12 16 2 12 16 2 0 2 4 13 6 3 1 2 7 17 18 2 1 2 7 0 2 7 5 31 3 17 18 2 5 31 3 17 9 2 1 2 7 1 2 7 1 2 7 12 16 2 17 9 2 1 2 7 0 2 4 1 2 7 0 2 7 0 2 7 0 2 7 1 2 7 0 2 4 13 6 3 12 16 2 12 16 2 0 40.3102556467056274
0 2 7 0 2 7 1 2 7 1 2 4 0 2 7 0 2 7 1 2 7 0 2 7 0 2 7 0 2 7 0 2 7 0 2 7 12 16 2 12 16 2 0 2 7 13 6 3 1 2 7 17 18 2 13 6 3 1 2 7 0 2 7 0 2 7 5 31 3 17 18 2 5 30 3 0 2 7 17 9 2 1 2 7 1 2 7 1 2 7 1 2 7 12 16 2 13 6 3 17 9 2 12 16 2 12 16 2 1 2 4 1 2 4 12 16 2 0 2 4 0 40.1261354684829712
0 2 7 0 2 7 1 2 7 1 2 4 0 2 7 0 2 7 1 2 7 0 2 7 0 2 7 0 2 7 0 2 7 0 2 7 12 16 2 12 16 2 0 2 7 13 6 3 1 2 7 17 18 2 13 6 3 1 2 7 0 2 7 0 2 7 5 31 3 17 18 2 5 30 3 0 2 7 17 9 2 1 2 7 1 2 7 1 2 7 0 2 7 0 2 7 1 2 7 1 2 7 0 2 4 0 2 4 17 18 2 5 30 3 0 2 7 5 30 3 0 40.3689725399017334
0 2 7 1 2 7 0 2 7 0 2 7 17 9 2 0 2 7 1 2 7 1 2 7 0 2 7 0 2 7 0 2 7 0 2 7 1 2 7 17 18 2 1 2 7 1 2 7 1 2 7 0 2 7 1 2 7 17 18 2 5 31 3 1 2 7 0 2 7 1 2 7 17 18 2 0 2 7 13 6 3 0 2 7 5 31 3 16 6 2 0 2 4 0 2 7 0 2 7 0 2 3 0 2 7 1 2 4 5 31 3 0 2 4 1 2 7 5 30 3 0 40.2886778116226196
0 2 7 0 2 7 1 2 7 0 2 7 0 2 7 0 2 7 0 2 7 1 2 4 1 2 7 1 2 7 1 2 4 1 2 4 0 2 7 0 2 7 0 2 3 12 16 2 12 16 2 0 2 7 0 2 7 13 6 3 0 2 4 6 2 7 17 18 2 13 6 3 0 2 7 1 2 7 1 2 3 0 2 7 12 16 2 1 2 7 17 18 2 5 30 3 1 2 7 17 18 2 0 2 7 0 2 7 5 31 3 1 2 3 5 30 3 17 9 2 0 40.4413166642189026
0 2 7 0 2 7 1 2 7 1 2 7 0 2 7 0 2 4 1 2 7 0 2 7 0 2 7 0 2 7 0 2 7 0 2 3 12 16 2 12 16 2 0 2 7 13 6 3 6 2 7 17 18 2 13 6 3 0 2 7 0 2 4 0 2 3 5 30 3 17 18 2 5 30 3 0 2 7 17 9 2 1 2 3 1 2 7 0 2 4 0 2 7 17 18 2 1 2 7 1 2 7 1 2 7 1 2 7 5 31 3 12 16 2 1 2 7 1 2 4 0 40.4413166642189026

Current Evaluation = 8100(8100)
Front Size = 10
0 2 7 0 2 4 0 2 7 1 2 7 0 2 7 1 2 7 1 2 7 0 2 7 0 2 7 0 2 7 1 2 7 12 16 2 12 16 2 13 6 3 1 2 7 17 18 2 1 2 7 0 2 7 5 31 3 17 18 2 17 9 2 1 2 7 1 2 7 1 2 7 12 16 2 17 9 2 1 2 7 0 2 7 0 2 7 0 2 7 13 6 3 12 16 2 12 16 2 1 2 7 0 2 7 13 6 3 0 2 7 0 2 7 0 2 7 5 30 3 0 40.0383374691009521
1 2 7 0 2 7 5 30 3 0 2 7 0 2 7 0 2 7 1 2 7 0 2 7 17 9 2 0 2 7 0 2 7 1 2 7 0 2 7 0 2 7 1 2 7 0 2 7 1 2 7 0 2 7 16 6 2 5 31 3 1 2 7 0 2 4 17 18 2 0 2 7 13 6 3 0 2 3 0 2 7 1 2 7 1 2 7 1 2 4 1 2 7 17 18 2 17 18 2 1 2 4 0 2 4 5 31 3 0 2 7 0 2 7 5 30 3 1 2 4 0 40.148398756980896
0 2 7 0 2 7 5 31 3 1 2 7 1 2 7 0 2 7 1 2 7 0 2 7 17 9 2 1 2 7 0 2 7 0 2 7 1 2 7 0 2 7 1 2 7 0 2 7 1 2 7 0 2 7 0 2 7 0 2 4 17 18 2 0 2 7 0 2 7 1 2 7 1 2 11 1 2 7 17 18 2 16 6 2 5 31 3 0 2 7 0 2 7 17 9 2 1 2 7 0 2 7 0 2 7 13 6 3 1 2 7 5 31 3 1 2 7 0 2 7 0 40.0670827627182007
0 2 7 0 2 7 1 2 7 1 2 7 0 2 7 0 2 4 1 2 7 0 2 7 0 2 7 0 2 7 0 2 7 0 2 3 12 16 2 12 16 2 0 2 7 13 6 3 6 2 7 17 18 2 13 6 3 0 2 7 0 2 4 0 2 3 5 30 3 17 18 2 5 30 3 0 2 7 17 9 2 1 2 3 1 2 7 0 2 4 0 2 7 17 18 2 1 2 7 1 2 7 1 2 7 1 2 7 5 31 3 12 16 2 1 2 7 1 2 4 0 40.4413166642189026
0 2 7 0 2 4 0 2 7 1 2 7 0 2 7 1 2 4 1 2 4 0 2 7 0 2 4 0 2 7 0 2 7 1 2 7 12 16 2 12 16 2 0 2 4 13 6 3 1 2 7 17 18 2 1 2 7 0 2 7 5 31 3 17 18 2 5 31 3 17 9 2 1 2 7 1 2 7 1 2 7 12 16 2 17 9 2 1 2 7 0 2 4 1 2 7 0 2 7 0 2 7 0 2 7 1 2 7 0 2 4 13 6 3 12 16 2 12 16 2 0 40.3102556467056274
0 2 7 0 2 7 1 2 7 1 2 4 0 2 7 0 2 7 1 2 7 0 2 7 0 2 7 0 2 7 0 2 7 0 2 7 12 16 2 12 16 2 0 2 7 13 6 3 1 2 7 17 18 2 13 6 3 1 2 7 0 2 7 0 2 7 5 31 3 17 18 2 5 30 3 0 2 7 17 9 2 1 2 7 1 2 7 1 2 7 1 2 7 12 16 2 13 6 3 17 9 2 12 16 2 12 16 2 1 2 4 1 2 4 12 16 2 0 2 4 0 40.1261354684829712
0 2 7 0 2 7 0 2 7 1 2 7 0 2 7 1 2 4 1 2 7 0 2 7 0 2 7 0 2 7 1 2 7 12 16 2 12 16 2 13 6 3 1 2 7 17 18 2 1 2 7 0 2 7 5 31 3 17 18 2 17 9 2 1 2 7 1 2 7 1 2 7 12 16 2 17 9 2 1 2 7 0 2 7 0 2 7 0 2 7 13 6 3 12 16 2 12 16 2 1 2 4 0 2 7 13 6 3 0 2 7 0 2 7 0 2 3 5 30 3 0 40.1183375120162964
1 2 7 0 2 7 5 31 3 0 2 7 0 2 7 0 2 7 1 2 7 0 2 7 17 9 2 0 2 7 0 2 7 1 2 7 0 2 7 0 2 7 1 2 7 0 2 7 1 2 7 0 2 7 1 2 7 0 2 4 17 18 2 0 2 7 13 6 3 0 2 7 1 2 7 1 2 7 17 18 2 12 16 2 12 16 2 12 16 2 1 2 4 0 2 7 5 31 3 13 6 3 12 16 2 1 2 7 1 2 7 1 2 7 12 16 2 12 16 2 2.71430585643680361e-08 40.6606065034866333
1 2 7 17 18 2 0 2 7 0 2 7 0 2 7 0 2 7 1 2 7 0 2 7 1 2 7 1 2 7 0 2 7 13 6 3 1 2 7 17 18 2 0 2 7 0 2 7 5 31 3 17 9 2 1 2 7 1 2 7 0 2 7 0 2 7 0 2 7 0 2 7 1 2 7 1 2 7 1 2 7 0 2 4 0 2 7 0 2 7 1 2 7 12 16 2 0 2 7 12 16 2 13 6 3 13 6 3 17 18 2 0 2 7 1 2 11 5 31 3 0.00111539273759042059 39.7242707014083862
1 2 7 0 2 7 5 31 3 0 2 7 0 2 7 0 2 7 1 2 7 0 2 7 17 9 2 0 2 7 0 2 7 1 2 7 0 2 7 0 2 7 1 2 7 0 2 7 1 2 7 0 2 7 16 6 2 5 31 3 1 2 7 0 2 4 17 18 2 0 2 7 13 6 3 0 2 7 0 2 7 1 2 7 1 2 7 1 2 7 1 2 7 17 18 2 17 18 2 5 30 3 0 2 7 1 2 4 0 2 3 0 2 4 1 2 7 1 2 7 1.39157111069479737e-05 39.9272037744522095

Current Evaluation = 8550(8550)
Front Size = 10
0 2 7 0 2 7 1 2 7 0 2 7 1 2 7 1 2 7 0 2 7 0 2 7 0 2 7 1 2 7 12 16 2 12 16 2 13 6 3 1 2 7 17 18 2 1 2 7 0 2 7 5 31 3 17 18 2 17 9 2 1 2 7 1 2 7 1 2 7 12 16 2 17 9 2 1 2 7 0 2 7 0 2 7 0 2 7 13 6 3 12 16 2 12 16 2 0 2 7 13 6 3 0 2 7 0 2 7 0 2 7 5 30 3 0 2 4 1 2 7 0 40.0383374691009521
1 2 7 0 2 7 1 2 7 1 2 7 0 2 7 1 2 7 1 2 7 0 2 7 0 2 7 0 2 7 0 2 7 0 2 7 12 16 2 12 16 2 0 2 7 13 6 3 1 2 7 17 18 2 13 6 3 1 2 7 0 2 7 0 2 7 5 31 3 17 18 2 5 30 3 0 2 7 17 9 2 1 2 7 1 2 4 1 2 7 0 2 7 0 2 7 12 16 2 0 2 7 0 2 7 13 6 3 17 9 2 12 16 2 1 2 7 12 16 2 0 40.0383374691009521
0 2 7 0 2 7 5 31 3 1 2 7 1 2 7 0 2 7 1 2 7 0 2 7 17 9 2 1 2 7 0 2 7 0 2 7 1 2 7 0 2 7 1 2 7 0 2 7 1 2 7 0 2 7 0 2 7 0 2 4 17 18 2 0 2 7 0 2 7 1 2 7 1 2 11 1 2 7 17 18 2 16 6 2 5 31 3 0 2 7 0 2 7 17 9 2 1 2 7 0 2 7 0 2 7 13 6 3 1 2 7 5 31 3 1 2 7 0 2 7 0 40.0670827627182007
1 2 4 0 2 7 1 2 3 1 2 7 1 2 4 1 2 7 1 2 7 0 2 7 0 2 4 0 2 7 0 2 7 0 2 7 1 2 7 17 18 2 13 6 3 6 2 7 0 2 7 0 2 4 5 31 3 17 18 2 5 30 3 0 2 4 17 9 2 1 2 7 1 2 7 1 2 7 17 9 2 0 2 7 0 2 4 0 2 7 0 2 4 1 2 7 0 2 7 0 2 7 5 31 3 0 2 7 0 2 7 12 16 2 1 2 7 12 16 2 0 40.425436794757843
0 2 4 0 2 7 1 2 7 0 2 7 1 2 7 1 2 7 0 2 7 0 2 7 0 2 7 1 2 7 12 16 2 12 16 2 13 6 3 1 2 7 17 18 2 1 2 7 0 2 7 5 31 3 17 18 2 17 9 2 1 2 7 1 2 7 1 2 7 12 16 2 17 9 2 1 2 7 0 2 7 0 2 7 0 2 7 13 6 3 12 16 2 12 16 2 1 2 7 0 2 7 13 6 3 0 2 7 0 2 7 5 30 3 0 2 3 0 2 4 0 40.1183375120162964
1 2 7 0 2 7 5 30 3 0 2 7 0 2 7 0 2 7 1 2 7 0 2 7 17 9 2 0 2 7 0 2 7 1 2 7 0 2 7 0 2 7 1 2 7 0 2 7 1 2 7 0 2 7 16 6 2 5 31 3 1 2 7 0 2 4 17 18 2 0 2 7 13 6 3 0 2 3 0 2 7 1 2 7 1 2 7 1 2 4 1 2 7 17 18 2 17 18 2 1 2 4 0 2 4 5 31 3 0 2 7 0 2 7 5 30 3 1 2 4 0 40.148398756980896
0 2 7 0 2 7 0 2 7 0 2 7 0 2 7 0 2 7 1 2 4 1 2 7 0 2 7 1 2 7 1 2 7 12 16 2 0 2 7 13 6 3 17 18 2 5 30 3 0 2 7 1 2 7 5 30 3 17 18 2 5 30 3 0 2 7 17 9 2 0 2 7 1 2 7 0 2 7 0 2 7 1 2 7 0 2 7 0 2 7 0 2 4 0 2 7 1 2 7 1 2 7 1 2 4 0 2 7 13 6 3 17 9 2 5 31 3 12 16 2 0 40.3689725399017334
0 2 7 0 2 7 1 2 7 0 2 7 1 2 7 1 2 7 0 2 4 1 2 7 0 2 7 0 2 7 12 16 2 12 16 2 13 6 3 1 2 7 17 18 2 6 2 7 0 2 7 5 31 3 17 18 2 17 9 2 12 16 2 0 2 7 0 2 7 0 2 7 13 6 3 0 2 4 0 2 7 1 2 7 0 2 7 5 31 3 0 2 7 1 2 7 1 2 7 0 2 7 17 18 2 1 2 7 1 2 7 5 30 3 0 2 7 1 2 7 0 40.2815956473350525
0 2 7 0 2 7 0 2 7 1 2 7 1 2 7 0 2 3 1 2 4 0 2 4 0 2 7 1 2 7 12 16 2 0 2 7 5 31 3 1 2 7 17 18 2 0 2 7 17 18 2 17 9 2 0 2 4 1 2 7 5 30 3 1 2 7 0 2 7 1 2 7 13 6 3 5 30 3 0 2 7 12 16 2 0 2 7 1 2 7 13 6 3 0 2 7 0 2 7 0 2 7 17 18 2 1 2 7 1 2 7 0 2 7 5 30 3 0 2 7 0 40.3984205722808838
1 2 7 0 2 7 1 2 3 1 2 3 0 2 7 1 2 7 0 2 7 0 2 7 0 2 7 0 2 4 0 2 7 0 2 7 12 16 2 12 16 2 1 2 7 13 6 3 1 2 4 17 18 2 13 6 3 1 2 4 0 2 7 0 2 7 5 31 3 17 18 2 5 30 3 0 2 7 17 9 2 1 2 7 1 2 4 1 2 7 0 2 7 0 2 7 12 16 2 0 2 4 0 2 7 5 30 3 17 18 2 1 2 7 0 2 7 0 2 7 0 40.4155756235122681

Current Evaluation = 9000(9000)
Front Size = 10
1 2 7 0 2 7 1 2 7 1 2 7 0 2 7 1 2 7 1 2 7 0 2 7 0 2 7 0 2 7 0 2 7 0 2 7 12 16 2 12 16 2 0 2 7 13 6 3 1 2 7 17 18 2 13 6 3 1 2 7 0 2 7 0 2 7 5 31 3 17 18 2 5 30 3 0 2 7 17 9 2 1 2 7 1 2 7 0 2 7 0 2 7 12 16 2 0 2 7 13 6 3 17 9 2 12 16 2 1 2 7 12 16 2 1 2 7 0 2 4 0 40.0383374691009521
1 2 7 0 2 7 1 2 7 1 2 7 0 2 7 1 2 7 1 2 7 0 2 7 0 2 7 0 2 7 0 2 7 0 2 7 12 16 2 12 16 2 0 2 7 13 6 3 1 2 7 17 18 2 13 6 3 1 2 7 0 2 7 0 2 7 5 31 3 17 18 2 5 30 3 0 2 7 17 9 2 1 2 7 1 2 4 1 2 7 0 2 7 0 2 7 0 2 7 0 2 7 17 9 2 1 2 7 12 16 2 13 6 3 12 16 2 12 16 2 0 40.0383374691009521
1 2 7 0 2 7 0 2 7 0 2 7 0 2 7 0 2 7 1 2 7 1 2 7 17 9 2 0 2 7 0 2 7 1 2 7 0 2 7 0 2 7 1 2 11 0 2 7 1 2 7 0 2 7 16 6 2 5 31 3 1 2 7 0 2 7 17 18 2 0 2 7 13 6 3 0 2 4 0 2 7 1 2 7 1 2 7 1 2 7 1 2 7 17 18 2 17 18 2 1 2 7 0 2 7 5 31 3 0 2 7 0 2 7 5 31 3 1 2 7 0 40.0670827627182007
1 2 7 0 2 7 5 30 3 0 2 7 0 2 7 0 2 7 1 2 7 0 2 7 17 9 2 0 2 7 0 2 7 1 2 7 0 2 7 0 2 7 1 2 7 0 2 7 1 2 7 0 2 7 16 6 2 5 31 3 1 2 7 0 2 4 17 18 2 0 2 7 13 6 3 0 2 3 0 2 7 1 2 7 1 2 7 1 2 4 1 2 7 17 18 2 17 18 2 1 2 4 0 2 4 5 31 3 0 2 7 0 2 7 5 30 3 1 2 4 0 40.148398756980896
0 2 7 0 2 7 1 2 7 0 2 7 1 2 7 1 2 7 0 2 4 1 2 7 0 2 7 0 2 7 12 16 2 12 16 2 13 6 3 1 2 7 17 18 2 6 2 7 0 2 7 5 31 3 17 18 2 17 9 2 12 16 2 0 2 7 0 2 7 0 2 7 13 6 3 0 2 4 0 2 7 1 2 7 0 2 7 5 31 3 0 2 7 1 2 7 1 2 7 0 2 7 17 18 2 1 2 7 1 2 7 5 30 3 0 2 7 1 2 7 0 40.2815956473350525
1 2 4 0 2 7 1 2 3 1 2 7 1 2 4 1 2 7 1 2 7 0 2 7 0 2 4 0 2 7 0 2 7 0 2 7 1 2 7 17 18 2 13 6 3 6 2 7 0 2 7 0 2 4 5 31 3 17 18 2 5 30 3 0 2 4 17 9 2 1 2 7 1 2 7 1 2 7 17 9 2 0 2 7 0 2 4 0 2 7 0 2 4 1 2 7 0 2 7 0 2 7 5 31 3 0 2 7 0 2 7 12 16 2 1 2 7 12 16 2 0 40.425436794757843
0 2 7 0 2 7 0 2 7 0 2 7 0 2 7 0 2 7 1 2 4 1 2 7 0 2 7 1 2 7 1 2 7 12 16 2 0 2 7 13 6 3 17 18 2 5 30 3 0 2 7 1 2 7 5 30 3 17 18 2 5 30 3 0 2 7 17 9 2 0 2 7 1 2 7 0 2 7 0 2 7 1 2 7 0 2 7 0 2 7 0 2 4 0 2 7 1 2 7 1 2 7 1 2 4 0 2 7 13 6 3 17 9 2 5 31 3 12 16 2 0 40.3689725399017334
0 2 7 1 2 4 1 2 7 1 2 7 1 2 4 0 2 7 1 2 7 1 2 4 0 2 7 0 2 7 12 16 2 13 6 3 0 2 7 17 18 2 15 2 11 6 2 3 5 30 3 17 18 2 17 9 2 0 2 4 1 2 7 0 2 7 0 2 7 1 2 7 1 2 4 5 31 3 0 2 7 0 2 4 1 2 7 0 2 7 17 9 2 5 30 3 0 2 4 0 2 7 12 16 2 0 2 3 0 2 7 0 2 7 0 2 7 1 2 7 0 40.5759546756744385
1 2 4 0 2 7 0 2 7 0 2 7 0 2 7 0 2 7 1 2 7 1 2 7 17 9 2 0 2 7 0 2 7 1 2 7 0 2 7 0 2 7 0 2 7 1 2 7 0 2 7 6 2 7 5 31 3 1 2 7 0 2 7 17 18 2 6 2 7 13 6 3 0 2 4 0 2 7 0 2 7 1 2 7 1 2 7 17 18 2 17 18 2 0 2 7 1 2 7 0 2 7 5 30 3 5 30 3 0 2 7 5 31 3 5 30 3 12 16 2 0 40.7763216495513916
0 2 7 0 2 7 1 2 7 0 2 7 1 2 7 1 2 7 0 2 4 1 2 7 0 2 7 0 2 7 12 16 2 12 16 2 13 6 3 1 2 7 17 18 2 0 2 7 5 31 3 17 18 2 17 9 2 12 16 2 0 2 7 0 2 7 0 2 7 13 6 3 0 2 7 1 2 7 0 2 7 0 2 7 1 2 7 1 2 7 0 2 7 1 2 7 1 2 7 5 30 3 0 2 7 1 2 7 12 16 2 0 2 4 5 31 3 17 9 2 0 40.5236525535583496

MonoObjective Genetic Algorithm
Number of Evaluations = 0
Mutation Probability = 0
Crossover Probability = 1
Population Size = 10
Survival Selection Type = 16

Time =  9005.81711792945862

Current Evaluation = 2240
Front Size = 10
1 2 7 0 2 7 1 2 7 1 2 7 0 2 7 1 2 7 1 2 7 0 2 7 0 2 7 0 2 7 0 2 7 0 2 7 12 16 2 12 16 2 0 2 7 13 6 3 1 2 7 17 18 2 13 6 3 1 2 7 0 2 7 0 2 7 5 31 3 17 18 2 5 30 3 0 2 7 17 9 2 1 2 7 1 2 7 0 2 7 0 2 7 12 16 2 0 2 7 13 6 3 17 9 2 12 16 2 1 2 7 12 16 2 1 2 7 0 2 4 0 40.0383374691009521
1 2 7 0 2 7 1 2 7 1 2 7 0 2 7 1 2 7 1 2 7 0 2 7 0 2 7 0 2 7 0 2 7 0 2 7 12 16 2 12 16 2 0 2 7 13 6 3 1 2 7 17 18 2 13 6 3 1 2 7 0 2 7 0 2 7 5 31 3 17 18 2 5 30 3 0 2 7 17 9 2 1 2 7 1 2 4 1 2 7 0 2 7 0 2 7 0 2 7 0 2 7 17 9 2 1 2 7 12 16 2 13 6 3 12 16 2 12 16 2 0 40.0383374691009521
1 2 7 0 2 7 0 2 7 0 2 7 0 2 7 0 2 7 1 2 7 1 2 7 17 9 2 0 2 7 0 2 7 1 2 7 0 2 7 0 2 7 1 2 11 0 2 7 1 2 7 0 2 7 16 6 2 5 31 3 1 2 7 0 2 7 17 18 2 0 2 7 13 6 3 0 2 4 0 2 7 1 2 7 1 2 7 1 2 7 1 2 7 17 18 2 17 18 2 1 2 7 0 2 7 5 31 3 0 2 7 0 2 7 5 31 3 1 2 7 0 40.0670827627182007
1 2 7 0 2 7 5 30 3 0 2 7 0 2 7 0 2 7 1 2 7 0 2 7 17 9 2 0 2 7 0 2 7 1 2 7 0 2 7 0 2 7 1 2 7 0 2 7 1 2 7 0 2 7 16 6 2 5 31 3 1 2 7 0 2 4 17 18 2 0 2 7 13 6 3 0 2 3 0 2 7 1 2 7 1 2 7 1 2 4 1 2 7 17 18 2 17 18 2 1 2 4 0 2 4 5 31 3 0 2 7 0 2 7 5 30 3 1 2 4 0 40.148398756980896
0 2 7 0 2 7 1 2 7 0 2 7 1 2 7 1 2 7 0 2 4 1 2 7 0 2 7 0 2 7 12 16 2 12 16 2 13 6 3 1 2 7 17 18 2 6 2 7 0 2 7 5 31 3 17 18 2 17 9 2 12 16 2 0 2 7 0 2 7 0 2 7 13 6 3 0 2 4 0 2 7 1 2 7 0 2 7 5 31 3 0 2 7 1 2 7 1 2 7 0 2 7 17 18 2 1 2 7 1 2 7 5 30 3 0 2 7 1 2 7 0 40.2815956473350525
1 2 4 0 2 7 1 2 3 1 2 7 1 2 4 1 2 7 1 2 7 0 2 7 0 2 4 0 2 7 0 2 7 0 2 7 1 2 7 17 18 2 13 6 3 6 2 7 0 2 7 0 2 4 5 31 3 17 18 2 5 30 3 0 2 4 17 9 2 1 2 7 1 2 7 1 2 7 17 9 2 0 2 7 0 2 4 0 2 7 0 2 4 1 2 7 0 2 7 0 2 7 5 31 3 0 2 7 0 2 7 12 16 2 1 2 7 12 16 2 0 40.425436794757843
0 2 7 0 2 7 0 2 7 0 2 7 0 2 7 0 2 7 1 2 4 1 2 7 0 2 7 1 2 7 1 2 7 12 16 2 0 2 7 13 6 3 17 18 2 5 30 3 0 2 7 1 2 7 5 30 3 17 18 2 5 30 3 0 2 7 17 9 2 0 2 7 1 2 7 0 2 7 0 2 7 1 2 7 0 2 7 0 2 7 0 2 4 0 2 7 1 2 7 1 2 7 1 2 4 0 2 7 13 6 3 17 9 2 5 31 3 12 16 2 0 40.3689725399017334
0 2 7 1 2 4 1 2 7 1 2 7 1 2 4 0 2 7 1 2 7 1 2 4 0 2 7 0 2 7 12 16 2 13 6 3 0 2 7 17 18 2 15 2 11 6 2 3 5 30 3 17 18 2 17 9 2 0 2 4 1 2 7 0 2 7 0 2 7 1 2 7 1 2 4 5 31 3 0 2 7 0 2 4 1 2 7 0 2 7 17 9 2 5 30 3 0 2 4 0 2 7 12 16 2 0 2 3 0 2 7 0 2 7 0 2 7 1 2 7 0 40.5759546756744385
1 2 4 0 2 7 0 2 7 0 2 7 0 2 7 0 2 7 1 2 7 1 2 7 17 9 2 0 2 7 0 2 7 1 2 7 0 2 7 0 2 7 0 2 7 1 2 7 0 2 7 6 2 7 5 31 3 1 2 7 0 2 7 17 18 2 6 2 7 13 6 3 0 2 4 0 2 7 0 2 7 1 2 7 1 2 7 17 18 2 17 18 2 0 2 7 1 2 7 0 2 7 5 30 3 5 30 3 0 2 7 5 31 3 5 30 3 12 16 2 0 40.7763216495513916
0 2 7 0 2 7 1 2 7 0 2 7 1 2 7 1 2 7 0 2 4 1 2 7 0 2 7 0 2 7 12 16 2 12 16 2 13 6 3 1 2 7 17 18 2 0 2 7 5 31 3 17 18 2 17 9 2 12 16 2 0 2 7 0 2 7 0 2 7 13 6 3 0 2 7 1 2 7 0 2 7 0 2 7 1 2 7 1 2 7 0 2 7 1 2 7 1 2 7 5 30 3 0 2 7 1 2 7 12 16 2 0 2 4 5 31 3 17 9 2 0 40.5236525535583496

