Current Evaluation = 450(450)
Front Size = 10
12 16 2 0 2 7 5 30 3 5 31 3 0 2 7 0 2 7 0 2 7 1 2 7 0 2 3 0 2 7 12 16 2 17 18 2 0 2 7 1 2 7 0 2 7 13 6 3 1 2 7 0 2 7 0 2 7 0 2 7 1 2 7 0 2 7 17 9 2 0 2 7 0 2 7 1 2 7 1 2 3 0 2 7 1 2 3 0 2 7 1 2 4 1 2 4 5 31 3 0 2 7 1 2 4 0 2 7 1 2 7 16 6 2 0 2 4 17 18 2 0 40.6464567184448242
0 2 3 12 16 2 0 2 7 0 2 4 0 2 3 5 30 3 5 30 3 16 6 2 8 9 2 5 30 3 1 2 7 16 9 11 1 2 7 0 2 3 0 2 7 0 2 7 0 2 7 0 2 3 1 2 3 0 2 7 1 2 7 1 2 3 0 2 3 0 2 7 0 2 3 1 2 7 17 9 2 0 2 7 1 2 11 16 18 11 0 2 3 0 2 3 12 16 2 5 30 3 0 2 11 0 2 3 0 2 3 1 2 3 1 2 3 1 2 3 0 42.7165898084640503
0 2 8 0 2 8 12 16 2 0 2 11 0 2 11 0 2 11 0 2 8 0 2 8 0 2 8 5 31 3 5 30 3 0 2 11 16 19 11 6 2 11 0 2 8 5 30 3 0 2 8 6 2 8 5 30 3 0 2 8 0 2 8 0 2 8 0 2 8 17 9 2 8 18 2 16 6 2 0 2 11 5 31 3 0 2 8 16 19 11 0 2 8 5 30 3 16 6 2 5 30 3 0 2 8 0 2 8 0 2 8 0 2 8 0 2 8 0 2 8 0 45.7436041831970215
1 2 7 12 16 2 0 2 7 0 2 7 5 30 3 5 30 3 1 2 7 1 2 11 1 2 7 0 2 7 0 2 7 0 2 7 0 2 7 1 2 7 1 2 7 0 2 7 12 16 2 5 30 3 17 18 2 5 30 3 0 2 11 1 2 11 0 2 4 0 2 7 8 18 2 1 2 7 1 2 7 0 2 7 0 2 7 17 18 2 12 16 2 16 19 11 8 9 2 0 2 4 0 2 7 0 2 7 13 6 3 17 9 2 0 2 7 0 2 4 0 41.4165993928909302
1 2 7 12 16 2 0 2 7 0 2 8 0 2 8 1 2 8 0 2 7 5 30 3 5 30 3 5 31 3 0 2 7 0 2 7 0 2 7 16 18 8 8 18 2 16 6 2 0 2 7 1 2 7 0 2 8 0 2 8 17 18 2 0 2 8 16 6 2 0 2 7 0 2 7 1 2 3 0 2 3 5 30 3 1 2 1 0 2 8 5 31 3 5 30 3 0 2 7 0 2 7 16 19 13 0 2 7 0 2 3 0 2 7 0 2 7 0 2 7 0 43.2548849582672119
12 16 2 5 31 3 1 2 7 5 31 3 5 30 3 16 19 11 5 30 3 0 2 3 0 2 3 1 2 7 0 2 7 0 2 7 16 18 11 0 2 4 0 2 3 5 30 3 0 2 3 0 2 3 1 2 7 0 2 7 0 2 7 0 2 7 0 2 7 0 2 3 0 2 7 1 2 7 1 2 3 0 2 7 1 2 7 1 2 7 0 2 7 0 2 3 16 6 2 1 2 7 16 6 2 0 2 7 17 18 2 0 2 3 0 2 7 0 2 4 0 42.0169326663017273
0 2 3 12 16 2 0 2 3 1 2 7 5 30 3 5 30 3 16 30 2 5 30 3 0 2 3 0 2 4 0 2 3 12 16 2 1 2 7 0 2 3 0 2 7 1 2 7 0 2 3 12 16 2 5 30 3 1 2 3 0 2 3 0 2 3 1 2 7 17 18 2 0 2 7 0 2 3 0 2 4 1 2 7 1 2 3 0 2 10 1 2 7 0 2 3 16 18 13 0 2 6 16 19 11 0 2 3 8 18 2 1 2 7 0 2 4 0 2 7 0 42.7423957586288452
5 30 3 0 2 7 5 31 3 5 30 3 0 2 7 0 2 7 5 30 3 0 2 7 16 19 11 12 16 2 0 2 8 16 9 8 12 16 2 0 2 7 0 2 7 0 2 7 0 2 7 0 2 7 0 2 7 0 2 3 0 2 11 0 2 7 0 2 11 5 30 3 0 2 11 1 2 11 0 2 7 16 19 11 0 2 7 0 2 7 0 2 7 0 2 7 0 2 7 12 16 2 16 19 11 1 2 7 0 2 7 0 2 7 0 2 7 5 31 3 0 43.6079363822937012
1 2 8 0 2 7 12 16 2 8 18 2 8 18 2 0 2 3 0 2 7 0 2 7 0 2 3 0 2 8 0 2 7 12 16 2 0 2 11 5 30 3 5 30 3 0 2 11 1 2 11 0 2 11 5 30 3 0 2 11 0 2 11 5 30 3 1 2 3 0 2 7 5 30 3 5 30 3 0 2 7 0 2 11 16 19 11 16 19 11 0 2 8 17 18 2 0 2 8 0 2 8 16 6 2 0 2 7 0 2 7 0 2 11 0 2 3 0 2 8 0 44.2770590782165527
8 18 2 8 18 2 16 9 8 0 2 8 6 2 8 0 2 8 5 30 3 1 2 8 5 30 3 5 30 3 16 6 2 0 2 8 0 2 8 0 2 11 0 2 8 5 30 3 1 2 8 12 16 2 12 16 2 0 2 11 5 30 3 16 6 2 1 2 11 0 2 3 0 2 8 0 2 3 0 2 8 0 2 3 17 18 2 0 2 3 0 2 8 0 2 8 1 2 8 0 2 8 0 2 3 0 2 8 0 2 8 0 2 11 15 2 11 5 30 3 8.89320647105479573e-07 45.0302103757858276

Current Evaluation = 900(900)
Front Size = 10
12 16 2 0 2 7 5 31 3 5 30 3 0 2 7 0 2 7 0 2 7 1 2 7 0 2 7 0 2 7 12 16 2 17 18 2 0 2 7 1 2 7 0 2 7 13 6 3 1 2 7 1 2 7 0 2 7 0 2 7 1 2 7 0 2 7 17 9 2 1 2 7 0 2 7 1 2 7 1 2 7 8 18 2 0 2 7 0 2 7 0 2 7 1 2 7 5 31 3 1 2 7 1 2 7 0 2 7 1 2 7 16 6 2 0 2 7 17 18 2 0 40.4091576337814331
12 16 2 0 2 7 5 30 3 5 31 3 0 2 7 1 2 7 1 2 7 1 2 7 0 2 7 0 2 7 12 16 2 0 2 3 1 2 7 0 2 4 13 6 3 1 2 7 0 2 7 12 16 2 0 2 7 0 2 7 0 2 4 17 9 2 0 2 4 5 30 3 1 2 7 1 2 7 0 2 3 16 6 2 1 2 10 1 2 7 17 9 2 0 2 7 1 2 3 0 2 3 1 2 7 0 2 7 17 9 2 0 2 4 0 2 7 8 18 2 0 40.901228666305542
0 2 3 12 16 2 0 2 7 0 2 4 0 2 3 5 30 3 5 30 3 16 6 2 8 9 2 5 30 3 1 2 7 16 9 11 1 2 7 0 2 3 0 2 7 0 2 7 0 2 7 0 2 3 1 2 3 0 2 7 1 2 7 1 2 3 0 2 3 0 2 7 0 2 3 1 2 7 17 9 2 0 2 7 1 2 11 16 18 11 0 2 3 0 2 3 12 16 2 5 30 3 0 2 11 0 2 3 0 2 3 1 2 3 1 2 3 1 2 3 0 42.7165898084640503
12 16 2 0 2 7 5 31 3 1 2 3 1 2 7 1 2 3 0 2 7 0 2 7 1 2 3 0 2 3 12 16 2 17 18 2 0 2 7 1 2 7 0 2 7 5 30 3 1 2 7 0 2 7 0 2 7 16 6 2 0 2 3 8 9 2 1 2 3 17 18 2 6 2 3 13 6 3 0 2 3 0 2 7 5 30 3 0 2 7 0 2 7 1 2 7 0 2 7 1 2 7 0 2 7 0 2 7 0 2 7 0 2 7 16 6 2 5 30 3 0 41.213127613067627
6 2 3 12 16 2 0 2 7 0 2 3 5 30 3 0 2 1 0 2 3 12 16 2 5 30 3 5 30 3 5 30 3 5 30 3 0 2 7 0 2 11 17 9 2 0 2 3 16 19 11 17 18 2 0 2 12 0 2 11 0 2 11 1 2 7 0 2 7 1 2 11 0 2 7 0 2 7 0 2 3 0 2 7 6 2 3 1 2 11 8 9 2 0 2 11 1 2 7 0 2 7 16 19 12 0 2 11 1 2 7 8 9 2 0 2 7 0 2 7 0 43.4571847915649414
0 2 3 12 16 2 0 2 3 1 2 7 5 30 3 5 30 3 16 30 2 5 30 3 0 2 3 0 2 4 0 2 3 12 16 2 1 2 7 0 2 3 0 2 7 1 2 7 0 2 3 12 16 2 5 30 3 1 2 3 0 2 3 0 2 3 1 2 7 17 18 2 0 2 7 0 2 3 0 2 4 1 2 7 1 2 3 0 2 10 1 2 7 0 2 3 16 18 13 0 2 6 16 19 11 0 2 3 8 18 2 1 2 7 0 2 4 0 2 7 0 42.7423957586288452
1 2 7 12 16 2 0 2 7 0 2 8 0 2 8 1 2 8 0 2 7 5 30 3 5 30 3 5 31 3 0 2 7 0 2 7 0 2 7 16 18 8 8 18 2 16 6 2 0 2 7 1 2 7 0 2 8 0 2 8 17 18 2 0 2 8 16 6 2 0 2 7 0 2 7 1 2 3 0 2 3 5 30 3 1 2 1 0 2 8 5 31 3 5 30 3 0 2 7 0 2 7 16 19 13 0 2 7 0 2 3 0 2 7 0 2 7 0 2 7 0 43.2548849582672119
8 18 2 8 18 2 16 9 8 0 2 8 6 2 8 0 2 8 5 30 3 1 2 8 5 30 3 5 30 3 16 6 2 0 2 8 0 2 8 0 2 11 0 2 8 5 30 3 1 2 8 12 16 2 12 16 2 0 2 11 5 30 3 16 6 2 1 2 11 0 2 3 0 2 8 0 2 3 0 2 8 0 2 3 17 18 2 0 2 3 0 2 8 0 2 8 1 2 8 0 2 8 0 2 3 0 2 8 0 2 8 0 2 11 15 2 11 5 30 3 8.89320647105479573e-07 45.0302103757858276
6 2 7 12 16 2 5 30 3 0 2 11 0 2 7 0 2 11 1 2 7 1 2 7 17 18 2 1 2 7 0 2 7 1 2 11 13 6 3 0 2 11 1 2 11 0 2 7 0 2 7 0 2 11 0 2 7 12 16 2 0 2 7 0 2 7 0 2 7 0 2 7 13 6 3 17 9 2 1 2 7 6 2 7 0 2 7 5 30 3 5 30 3 5 30 3 5 31 3 0 2 7 0 2 11 1 2 11 17 18 2 17 18 2 5 30 3 0 2 7 0 41.6301966905593872
1 2 7 12 16 2 0 2 7 0 2 7 5 31 3 5 30 3 16 19 11 0 2 7 6 2 7 0 2 7 1 2 7 6 2 7 17 18 2 0 2 7 0 2 7 5 30 3 5 31 3 0 2 7 0 2 7 1 2 7 0 2 7 0 2 7 0 2 7 0 2 7 12 16 2 0 2 7 16 6 2 5 31 3 0 2 7 0 2 7 16 6 2 0 2 7 6 2 7 1 2 7 0 2 7 5 31 3 16 19 11 0 2 7 0 2 7 0 2 7 0 41.7899954915046692

Current Evaluation = 1350(1350)
Front Size = 10
12 16 2 5 30 3 0 2 7 1 2 7 1 2 7 0 2 7 1 2 7 13 6 3 0 2 7 1 2 7 0 2 4 12 16 2 0 2 7 0 2 7 1 2 7 1 2 7 17 9 2 1 2 7 0 2 7 5 31 3 5 31 3 0 2 7 0 2 7 6 2 7 0 2 7 0 2 7 1 2 7 0 2 7 0 2 7 13 6 3 17 9 2 1 2 4 1 2 7 0 2 7 0 2 7 1 2 7 17 18 2 17 18 2 12 16 2 0 2 7 0 40.2815956473350525
8 18 2 8 18 2 16 9 8 0 2 8 6 2 8 0 2 8 5 30 3 1 2 8 5 30 3 5 30 3 16 6 2 0 2 8 0 2 8 0 2 11 0 2 8 5 30 3 1 2 8 12 16 2 12 16 2 0 2 11 5 30 3 16 6 2 1 2 11 0 2 3 0 2 8 0 2 3 0 2 8 0 2 3 17 18 2 0 2 3 0 2 8 0 2 8 1 2 8 0 2 8 0 2 3 0 2 8 0 2 8 0 2 11 15 2 11 5 30 3 8.89320647105479573e-07 45.0302103757858276
6 2 7 12 16 2 5 30 3 0 2 11 0 2 7 0 2 11 1 2 7 1 2 7 17 18 2 1 2 7 0 2 7 1 2 11 13 6 3 0 2 11 1 2 11 0 2 7 0 2 7 0 2 11 0 2 7 12 16 2 0 2 7 0 2 7 0 2 7 0 2 7 13 6 3 17 9 2 1 2 7 6 2 7 0 2 7 5 30 3 5 30 3 5 30 3 5 31 3 0 2 7 0 2 11 1 2 11 17 18 2 17 18 2 5 30 3 0 2 7 0 41.6301966905593872
0 2 3 12 16 2 0 2 3 1 2 7 5 30 3 5 30 3 16 30 2 5 30 3 0 2 3 0 2 4 0 2 3 12 16 2 1 2 7 0 2 3 0 2 7 1 2 7 0 2 3 12 16 2 5 30 3 1 2 3 0 2 3 0 2 3 1 2 7 17 18 2 0 2 7 0 2 3 0 2 4 1 2 7 1 2 3 0 2 10 1 2 7 0 2 3 16 18 13 0 2 6 16 19 11 0 2 3 8 18 2 1 2 7 0 2 4 0 2 7 0 42.7423957586288452
12 16 2 5 30 3 5 30 3 0 2 3 12 16 2 8 18 2 17 18 2 5 30 3 1 2 11 16 6 2 0 2 4 0 2 3 0 2 8 0 2 7 0 2 7 1 2 4 6 2 8 0 2 7 1 2 7 1 2 8 1 2 7 0 2 8 0 2 7 0 2 8 16 9 8 5 30 3 16 31 2 12 16 2 0 2 7 8 18 2 0 2 8 17 9 2 0 2 3 0 2 8 17 18 2 0 2 7 0 2 7 0 2 7 0 2 8 0 2 7 0.0648167379620985806 42.7333208322525024
12 16 2 0 2 7 5 30 3 5 31 3 0 2 7 1 2 7 1 2 7 1 2 7 0 2 7 0 2 7 12 16 2 0 2 3 1 2 7 0 2 4 13 6 3 1 2 7 0 2 7 12 16 2 0 2 7 0 2 7 0 2 4 17 9 2 0 2 4 5 30 3 1 2 7 1 2 7 0 2 3 16 6 2 1 2 10 1 2 7 17 9 2 0 2 7 1 2 3 0 2 3 1 2 7 0 2 7 17 9 2 0 2 4 0 2 7 8 18 2 0 40.901228666305542
0 2 3 12 16 2 0 2 7 0 2 4 0 2 3 5 30 3 5 30 3 16 6 2 8 9 2 5 30 3 1 2 7 16 9 11 1 2 7 0 2 3 0 2 7 0 2 7 0 2 7 0 2 3 1 2 3 0 2 7 1 2 7 1 2 3 0 2 3 0 2 7 0 2 3 1 2 7 17 9 2 0 2 7 1 2 11 16 18 11 0 2 3 0 2 3 12 16 2 5 30 3 0 2 11 0 2 3 0 2 3 1 2 3 1 2 3 1 2 3 0 42.7165898084640503
0 2 7 12 16 2 0 2 4 1 2 3 5 30 3 5 30 3 0 2 7 0 2 7 0 2 7 1 2 4 0 2 7 0 2 7 1 2 7 1 2 7 1 2 7 0 2 7 0 2 7 1 2 7 13 6 3 0 2 3 1 2 4 12 16 2 16 31 2 12 16 2 0 2 7 8 18 2 0 2 7 0 2 7 17 18 2 17 9 2 1 2 4 1 2 3 17 18 2 5 30 3 0 2 7 0 2 7 1 2 11 0 2 7 1 2 11 0 2 7 0 40.9110515117645264
12 16 2 1 2 7 5 31 3 0 2 7 1 2 7 0 2 7 1 2 7 1 2 7 0 2 7 12 16 2 5 30 3 0 2 7 1 2 7 0 2 7 0 2 7 0 2 7 1 2 7 5 30 3 0 2 7 16 6 2 0 2 7 0 2 7 16 19 11 5 30 3 0 2 7 0 2 7 0 2 7 0 2 7 0 2 7 0 2 7 0 2 7 0 2 4 0 2 7 0 2 7 0 2 7 8 9 2 17 18 2 0 2 3 16 19 11 5 31 3 0 41.9800643920898438
5 31 3 5 30 3 12 16 2 16 19 11 6 2 7 0 2 3 1 2 7 0 2 7 16 19 11 1 2 7 0 2 7 0 2 7 1 2 7 5 31 3 16 6 2 0 2 11 0 2 3 0 2 3 0 2 7 5 30 3 0 2 7 0 2 7 5 30 3 16 6 2 0 2 7 12 16 2 0 2 11 0 2 3 0 2 11 0 2 3 0 2 3 0 2 7 0 2 3 0 2 7 0 2 7 0 2 7 0 2 7 0 2 7 0 2 7 5 30 3 0 42.9498606324195862

Current Evaluation = 1800(1800)
Front Size = 10
12 16 2 5 30 3 0 2 7 1 2 7 1 2 7 0 2 7 1 2 7 13 6 3 0 2 7 1 2 7 0 2 4 12 16 2 0 2 7 0 2 7 1 2 7 1 2 7 17 9 2 1 2 7 0 2 7 5 31 3 5 31 3 0 2 7 0 2 7 6 2 7 0 2 7 0 2 7 1 2 7 0 2 7 0 2 7 13 6 3 17 9 2 1 2 4 1 2 7 0 2 7 0 2 7 1 2 7 17 18 2 17 18 2 12 16 2 0 2 7 0 40.2815956473350525
6 2 7 12 16 2 5 30 3 0 2 11 0 2 7 0 2 11 1 2 7 1 2 7 17 18 2 1 2 7 0 2 7 1 2 11 13 6 3 0 2 11 1 2 11 0 2 7 0 2 7 0 2 11 0 2 7 12 16 2 0 2 7 0 2 7 0 2 7 0 2 7 13 6 3 17 9 2 1 2 7 6 2 7 0 2 7 5 30 3 5 30 3 5 30 3 5 31 3 0 2 7 0 2 11 1 2 11 17 18 2 17 18 2 5 30 3 0 2 7 0 41.6301966905593872
0 2 7 8 9 2 5 31 3 17 9 2 0 2 7 12 16 2 5 31 3 5 30 3 1 2 7 5 31 3 5 30 3 1 2 7 0 2 7 0 2 7 0 2 7 0 2 7 1 2 7 0 2 7 0 2 7 0 2 7 1 2 7 1 2 7 0 2 7 17 9 2 0 2 7 1 2 7 16 6 2 16 6 2 0 2 7 0 2 7 0 2 7 0 2 7 16 19 11 0 2 7 1 2 4 0 2 7 1 2 4 0 2 7 0 2 7 0 2 7 0 41.2030385732650757
0 2 3 12 16 2 0 2 3 1 2 7 5 30 3 5 30 3 16 30 2 5 30 3 0 2 3 0 2 4 0 2 3 12 16 2 1 2 7 0 2 3 0 2 7 1 2 7 0 2 3 12 16 2 5 30 3 1 2 3 0 2 3 0 2 3 1 2 7 17 18 2 0 2 7 0 2 3 0 2 4 1 2 7 1 2 3 0 2 10 1 2 7 0 2 3 16 18 13 0 2 6 16 19 11 0 2 3 8 18 2 1 2 7 0 2 4 0 2 7 0 42.7423957586288452
1 2 7 12 16 2 0 2 7 1 2 7 1 2 7 5 30 3 5 31 3 16 6 2 0 2 7 0 2 4 0 2 4 0 2 7 0 2 7 1 2 7 1 2 4 1 2 4 0 2 4 0 2 7 17 9 2 0 2 7 8 9 2 1 2 7 0 2 7 0 2 7 1 2 7 0 2 4 0 2 7 1 2 3 1 2 10 17 9 2 17 9 2 0 2 7 12 16 2 1 2 7 0 2 7 0 2 7 1 2 7 0 2 3 5 31 3 0 2 4 0 40.8853487968444824
8 18 2 8 18 2 16 9 8 0 2 8 6 2 8 0 2 8 5 30 3 1 2 8 5 30 3 5 30 3 16 6 2 0 2 8 0 2 8 0 2 11 0 2 8 5 30 3 1 2 8 12 16 2 12 16 2 0 2 11 5 30 3 16 6 2 1 2 11 0 2 3 0 2 8 0 2 3 0 2 8 0 2 3 17 18 2 0 2 3 0 2 8 0 2 8 1 2 8 0 2 8 0 2 3 0 2 8 0 2 8 0 2 11 15 2 11 5 30 3 8.89320647105479573e-07 45.0302103757858276
5 30 3 12 16 2 12 16 2 17 18 2 8 18 2 0 2 7 1 2 7 0 2 4 6 2 8 0 2 8 12 16 2 1 2 7 5 30 3 16 6 2 0 2 7 1 2 7 0 2 11 0 2 8 5 30 3 1 2 7 0 2 11 0 2 7 0 2 7 0 2 7 0 2 3 0 2 8 0 2 7 5 31 3 0 2 3 1 2 7 1 2 7 0 2 8 17 9 2 0 2 8 0 2 3 0 2 8 0 2 7 0 2 7 0 2 7 5 30 3 7.02767401370437106e-05 43.1903600692749023
12 16 2 1 2 7 5 30 3 5 30 3 8 9 2 12 16 2 0 2 7 1 2 7 0 2 4 5 30 3 0 2 3 17 18 2 1 2 7 0 2 7 17 18 2 0 2 7 5 30 3 0 2 7 0 2 3 1 2 3 0 2 7 1 2 7 12 16 2 1 2 7 0 2 7 0 2 3 1 2 3 0 2 7 0 2 7 1 2 3 0 2 7 13 6 3 0 2 7 16 19 11 0 2 7 16 9 11 1 2 7 0 2 3 0 2 3 0 2 4 0 41.9519725441932678
1 2 11 12 16 2 5 30 3 0 2 7 0 2 7 0 2 7 17 18 2 0 2 7 0 2 7 8 9 2 0 2 7 1 2 7 15 2 11 12 16 2 0 2 7 0 2 7 0 2 7 0 2 7 17 9 2 1 2 7 0 2 7 5 30 3 5 30 3 0 2 7 1 2 7 0 2 7 0 2 11 0 2 7 1 2 7 0 2 7 1 2 7 13 6 3 0 2 7 16 19 11 0 2 7 1 2 10 5 30 3 17 18 2 1 2 4 5 30 3 0 41.5513883829116821
12 16 2 5 31 3 6 2 7 0 2 7 0 2 7 17 18 2 0 2 7 0 2 7 0 2 3 12 16 2 0 2 7 5 31 3 5 31 3 5 30 3 0 2 7 0 2 7 0 2 7 6 2 3 16 18 11 0 2 7 1 2 7 0 2 7 0 2 7 0 2 3 0 2 7 1 2 7 0 2 4 12 16 2 1 2 7 16 6 2 0 2 11 0 2 7 5 30 3 6 2 4 1 2 7 0 2 3 16 19 11 0 2 7 0 2 7 1 2 7 0 42.2476306557655334

Current Evaluation = 2250(2250)
Front Size = 10
12 16 2 5 30 3 0 2 7 1 2 7 1 2 7 0 2 7 1 2 7 13 6 3 0 2 7 1 2 7 0 2 4 12 16 2 0 2 7 0 2 7 1 2 7 1 2 7 17 9 2 1 2 7 0 2 7 5 31 3 5 31 3 0 2 7 0 2 7 6 2 7 0 2 7 0 2 7 1 2 7 0 2 7 0 2 7 13 6 3 17 9 2 1 2 4 1 2 7 0 2 7 0 2 7 1 2 7 17 18 2 17 18 2 12 16 2 0 2 7 0 40.2815956473350525
0 2 7 12 16 2 1 2 4 0 2 7 0 2 7 0 2 10 0 2 7 17 18 2 1 2 7 0 2 7 6 2 11 6 2 7 1 2 7 1 2 7 0 2 7 5 31 3 5 30 3 5 30 3 1 2 4 0 2 4 0 2 4 0 2 7 1 2 7 5 31 3 0 2 3 12 16 2 0 2 7 0 2 7 0 2 7 1 2 4 8 18 2 0 2 11 0 2 7 1 2 7 0 2 11 17 18 2 0 2 7 17 18 2 1 2 10 16 6 2 0 41.3919299244880676
1 2 3 12 16 2 5 30 3 0 2 7 0 2 7 1 2 7 1 2 4 1 2 7 17 18 2 1 2 7 1 2 7 6 2 7 1 2 11 0 2 7 12 16 2 1 2 7 0 2 7 1 2 7 0 2 3 0 2 7 0 2 7 1 2 7 8 9 2 0 2 7 17 18 2 17 18 2 0 2 7 0 2 7 13 6 3 1 2 11 0 2 3 0 2 7 0 2 3 0 2 3 0 2 7 5 30 3 16 6 2 0 2 7 0 2 7 5 31 3 0 40.9643716216087341
8 18 2 8 18 2 16 9 8 0 2 8 6 2 8 0 2 8 5 30 3 1 2 8 5 30 3 5 30 3 16 6 2 0 2 8 0 2 8 0 2 11 0 2 8 5 30 3 1 2 8 12 16 2 12 16 2 0 2 11 5 30 3 16 6 2 1 2 11 0 2 3 0 2 8 0 2 3 0 2 8 0 2 3 17 18 2 0 2 3 0 2 8 0 2 8 1 2 8 0 2 8 0 2 3 0 2 8 0 2 8 0 2 11 15 2 11 5 30 3 8.89320647105479573e-07 45.0302103757858276
8 18 2 6 2 8 5 30 3 5 30 3 5 30 3 16 6 2 5 30 3 12 16 2 12 16 2 1 2 11 0 2 3 17 18 2 0 2 7 0 2 7 0 2 8 0 2 8 8 9 2 1 2 7 0 2 8 0 2 11 5 31 3 1 2 8 0 2 11 5 30 3 16 6 2 0 2 8 0 2 3 0 2 7 0 2 3 0 2 7 0 2 7 0 2 8 1 2 8 1 2 7 1 2 7 0 2 8 1 2 7 0 2 7 0 2 7 1 2 7 0.00144389470408760748 43.3695629835128784
1 2 7 12 16 2 5 30 3 0 2 7 0 2 7 0 2 7 1 2 11 1 2 7 17 9 2 5 30 3 0 2 7 0 2 7 1 2 7 0 2 11 12 16 2 5 30 3 0 2 4 1 2 7 0 2 10 0 2 11 0 2 7 5 30 3 5 30 3 0 2 7 8 18 2 17 18 2 0 2 11 1 2 7 0 2 7 1 2 7 0 2 7 16 6 2 13 6 3 17 9 2 0 2 7 0 2 7 8 18 2 0 2 7 1 2 7 0 2 7 0 41.3577466011047363
12 16 2 5 31 3 6 2 7 0 2 7 0 2 7 17 18 2 0 2 7 6 2 7 0 2 7 12 16 2 0 2 7 0 2 7 0 2 7 6 2 4 6 2 7 6 3 2 1 2 7 6 2 7 0 2 7 0 2 7 0 2 7 0 2 7 16 31 2 0 2 7 0 2 7 5 31 3 1 2 7 12 16 2 5 31 3 5 30 3 17 9 2 1 2 11 17 9 2 12 16 2 6 2 7 0 2 7 0 2 7 0 2 7 1 2 7 5 30 3 0 41.522795557975769
12 16 2 5 31 3 0 2 7 0 2 7 0 2 7 17 18 2 0 2 7 0 2 7 0 2 7 12 16 2 0 2 7 5 31 3 5 31 3 5 31 3 0 2 7 0 2 7 0 2 7 1 2 7 16 30 2 0 2 7 6 2 7 0 2 7 0 2 7 0 2 7 0 2 7 1 2 7 1 2 7 12 16 2 6 2 7 16 6 2 1 2 7 0 2 7 5 30 3 0 2 7 1 2 4 0 2 7 16 19 11 6 2 7 0 2 7 6 2 3 0 41.5674566626548767
12 16 2 5 30 3 0 2 7 1 2 7 1 2 11 1 2 7 0 2 7 1 2 7 0 2 7 0 2 7 12 16 2 0 2 7 0 2 7 0 2 7 1 2 7 17 9 2 6 2 8 0 2 7 5 31 3 0 2 3 0 2 7 1 2 7 0 2 7 0 2 7 17 18 2 0 2 7 0 2 7 8 9 2 0 2 7 16 6 2 5 30 3 0 2 7 5 30 3 0 2 7 1 2 7 0 2 7 0 2 7 8 18 2 17 1 2 5 30 3 0 41.5756134986877441
6 2 7 12 16 2 5 30 3 0 2 11 0 2 7 0 2 11 1 2 7 1 2 7 17 18 2 1 2 7 0 2 7 1 2 11 13 6 3 0 2 11 1 2 11 0 2 7 0 2 7 0 2 11 0 2 7 12 16 2 0 2 7 0 2 7 0 2 7 0 2 7 13 6 3 17 9 2 1 2 7 6 2 7 0 2 7 5 30 3 5 30 3 5 30 3 5 31 3 0 2 7 0 2 11 1 2 11 17 18 2 17 18 2 5 30 3 0 2 7 0 41.6301966905593872

Current Evaluation = 2700(2700)
Front Size = 10
12 16 2 5 30 3 0 2 7 1 2 7 1 2 7 0 2 7 1 2 7 13 6 3 0 2 7 1 2 7 0 2 4 12 16 2 0 2 7 0 2 7 1 2 7 1 2 7 17 9 2 1 2 7 0 2 7 5 31 3 5 31 3 0 2 7 0 2 7 6 2 7 0 2 7 0 2 7 1 2 7 0 2 7 0 2 7 13 6 3 17 9 2 1 2 4 1 2 7 0 2 7 0 2 7 1 2 7 17 18 2 17 18 2 12 16 2 0 2 7 0 40.2815956473350525
1 2 7 12 16 2 5 30 3 0 2 7 0 2 7 1 2 7 1 2 7 1 2 3 17 18 2 0 2 4 0 2 4 1 2 7 1 2 7 12 16 2 0 2 7 0 2 4 0 2 4 0 2 7 0 2 7 17 18 2 17 18 2 0 2 7 13 6 3 0 2 7 1 2 4 1 2 7 0 2 7 5 30 3 5 31 3 0 2 3 0 2 7 1 2 7 1 2 7 0 2 7 1 2 4 6 2 4 17 9 2 15 2 11 0 2 7 0 2 7 0 40.5759547352790833
8 18 2 8 18 2 16 9 8 0 2 8 6 2 8 0 2 8 5 30 3 1 2 8 5 30 3 5 30 3 16 6 2 0 2 8 0 2 8 0 2 11 0 2 8 5 30 3 1 2 8 12 16 2 12 16 2 0 2 11 5 30 3 16 6 2 1 2 11 0 2 3 0 2 8 0 2 3 0 2 8 0 2 3 17 18 2 0 2 3 0 2 8 0 2 8 1 2 8 0 2 8 0 2 3 0 2 8 0 2 8 0 2 11 15 2 11 5 30 3 8.89320647105479573e-07 45.0302103757858276
0 2 7 12 16 2 5 30 3 0 2 7 0 2 3 0 2 7 13 6 3 0 2 7 1 2 7 1 2 3 1 2 7 0 2 3 0 2 7 1 2 7 1 2 7 0 2 7 12 16 2 0 2 7 0 2 7 1 2 7 0 2 7 0 2 7 5 30 3 8 9 2 1 2 3 5 30 3 1 2 7 16 6 2 16 6 2 0 2 7 17 9 2 0 2 3 17 9 2 0 2 7 1 2 3 0 2 3 0 2 7 5 31 3 0 2 7 1 2 7 0 41.1368346214294434
12 16 2 5 30 3 0 2 7 1 2 7 0 2 3 0 2 7 0 2 3 12 16 2 1 2 3 0 2 11 1 2 3 0 2 7 0 2 3 8 18 2 0 2 3 1 2 3 12 16 2 16 18 8 1 2 3 5 30 3 0 2 7 1 2 3 16 6 2 0 2 7 5 30 3 0 2 3 5 30 3 16 18 11 0 2 3 0 2 3 1 2 3 0 2 7 0 2 7 0 2 3 16 19 11 0 2 3 0 2 7 0 2 7 0 2 3 1 2 3 0 43.3425506949424744
0 2 7 12 16 2 5 31 3 0 2 7 0 2 7 0 2 7 6 2 7 5 30 3 0 2 7 0 2 7 0 2 7 12 16 2 5 30 3 0 2 7 0 2 7 5 31 3 5 31 3 1 2 7 17 18 2 0 2 7 1 2 7 0 2 7 16 6 2 16 19 11 0 2 7 1 2 7 16 19 11 16 19 11 0 2 7 0 2 7 6 2 7 0 2 7 0 2 7 5 31 3 0 2 7 0 2 7 0 2 7 6 2 7 0 2 7 0 2 7 0 42.2263974547386169
6 2 7 12 16 2 5 30 3 0 2 11 0 2 7 0 2 11 1 2 7 1 2 7 17 18 2 1 2 7 0 2 7 1 2 11 13 6 3 0 2 11 1 2 11 0 2 7 0 2 7 0 2 11 0 2 7 12 16 2 0 2 7 0 2 7 0 2 7 0 2 7 13 6 3 17 9 2 1 2 7 6 2 7 0 2 7 5 30 3 5 30 3 5 30 3 5 31 3 0 2 7 0 2 11 1 2 11 17 18 2 17 18 2 5 30 3 0 2 7 0 41.6301966905593872
5 30 3 5 30 3 5 30 3 0 2 7 5 30 3 12 16 2 12 16 2 0 2 3 5 30 3 1 2 11 16 19 11 0 2 7 6 2 7 17 18 2 16 19 11 0 2 11 0 2 8 0 2 7 0 2 7 0 2 3 0 2 7 0 2 11 0 2 8 15 2 11 16 6 2 8 9 2 1 2 11 0 2 3 0 2 11 0 2 7 1 2 7 0 2 7 0 2 7 0 2 11 0 2 11 0 2 3 0 2 7 0 2 8 0 2 3 5 30 3 0 43.7475917935371399
0 2 7 12 16 2 1 2 4 0 2 7 0 2 7 8 18 2 0 2 7 0 2 7 0 2 7 12 16 2 5 30 3 0 2 7 1 2 3 1 2 7 16 30 2 16 19 11 0 2 10 1 2 7 5 30 3 5 30 3 0 2 7 0 2 7 1 2 7 0 2 3 5 31 3 0 2 7 17 9 2 16 19 11 0 2 7 0 2 7 0 2 7 0 2 7 15 2 11 0 2 7 1 2 7 0 2 7 0 2 7 5 30 3 0 2 7 12 16 2 0 42.2264513969421387
12 16 2 5 30 3 0 2 7 1 2 7 0 2 7 0 2 7 12 16 2 0 2 7 0 2 7 0 2 7 0 2 7 0 2 7 6 2 7 0 2 7 17 18 2 0 2 3 1 2 7 13 6 3 1 2 7 1 2 11 0 2 8 1 2 7 0 2 11 1 2 7 5 31 3 5 31 3 0 2 7 5 30 3 0 2 7 0 2 7 0 2 3 17 9 2 15 2 11 0 2 3 0 2 7 0 2 7 1 2 7 0 2 11 12 16 2 5 30 3 5.74914048616585846e-05 42.3856317400932312

Current Evaluation = 3150(3150)
Front Size = 10
0 2 7 0 2 7 5 31 3 0 2 7 5 30 3 1 2 7 13 6 3 0 2 4 0 2 7 0 2 7 0 2 7 1 2 7 1 2 7 0 2 7 1 2 7 12 16 2 1 2 7 1 2 7 0 2 7 0 2 4 5 31 3 17 9 2 1 2 7 0 2 7 6 2 7 17 9 2 0 2 7 1 2 7 1 2 7 0 2 7 1 2 7 13 6 3 0 2 7 1 2 7 12 16 2 0 2 7 17 9 2 0 2 7 12 16 2 17 18 2 0 40.2815956473350525
6 2 7 12 16 2 5 30 3 0 2 11 0 2 7 0 2 11 1 2 7 1 2 7 17 18 2 1 2 7 0 2 7 1 2 11 13 6 3 0 2 11 1 2 11 0 2 7 0 2 7 0 2 11 0 2 7 12 16 2 0 2 7 0 2 7 0 2 7 0 2 7 13 6 3 17 9 2 1 2 7 6 2 7 0 2 7 5 30 3 5 30 3 5 30 3 5 31 3 0 2 7 0 2 11 1 2 11 17 18 2 17 18 2 5 30 3 0 2 7 0 41.6301966905593872
12 16 2 5 31 3 0 2 7 0 2 7 1 2 7 1 2 7 0 2 7 1 2 7 0 2 7 16 6 2 5 31 3 0 2 7 8 18 2 0 2 7 0 2 7 1 2 7 1 2 4 1 2 7 1 2 7 1 2 7 16 6 2 0 2 7 0 2 7 0 2 7 0 2 7 0 2 7 0 2 7 0 2 7 1 2 7 0 2 7 17 9 2 0 2 7 16 6 2 1 2 7 0 2 7 0 2 7 17 9 2 5 31 3 5 31 3 0 2 7 0 40.625720739364624
12 16 2 0 2 11 8 9 2 0 2 7 12 16 2 1 2 4 1 2 4 1 2 7 5 30 3 0 2 7 5 30 3 1 2 7 0 2 4 1 2 7 1 2 7 0 2 7 0 2 11 0 2 7 0 2 4 1 2 7 0 2 7 13 6 3 0 2 7 0 2 11 0 2 7 5 30 3 16 6 2 5 30 3 0 2 3 12 16 2 0 2 7 1 2 3 0 2 11 17 18 2 17 9 2 17 9 2 8 18 2 0 2 7 1 2 7 0 2 7 0 41.3303498029708862
12 16 2 5 30 3 0 2 7 1 2 7 0 2 3 0 2 7 0 2 3 12 16 2 1 2 3 0 2 11 1 2 3 0 2 7 0 2 3 8 18 2 0 2 3 1 2 3 12 16 2 16 18 8 1 2 3 5 30 3 0 2 7 1 2 3 16 6 2 0 2 7 5 30 3 0 2 3 5 30 3 16 18 11 0 2 3 0 2 3 1 2 3 0 2 7 0 2 7 0 2 3 16 19 11 0 2 3 0 2 7 0 2 7 0 2 3 1 2 3 0 43.3425506949424744
5 30 3 5 30 3 5 30 3 0 2 7 5 30 3 12 16 2 12 16 2 0 2 3 5 30 3 1 2 11 16 19 11 0 2 7 6 2 7 17 18 2 16 19 11 0 2 11 0 2 8 0 2 7 0 2 7 0 2 3 0 2 7 0 2 11 0 2 8 15 2 11 16 6 2 8 9 2 1 2 11 0 2 3 0 2 11 0 2 7 1 2 7 0 2 7 0 2 7 0 2 11 0 2 11 0 2 3 0 2 7 0 2 8 0 2 3 5 30 3 0 43.7475917935371399
12 16 2 5 30 3 17 9 2 1 2 4 1 2 7 12 16 2 1 2 7 1 2 7 1 2 7 5 30 3 0 2 7 16 6 2 17 9 2 5 31 3 0 2 7 0 2 11 0 2 7 0 2 7 0 2 7 0 2 7 0 2 7 1 2 7 0 2 7 0 2 7 0 2 7 12 16 2 13 6 3 15 2 11 1 2 7 1 2 7 1 2 7 17 9 2 0 2 7 1 2 4 0 2 7 8 18 2 0 2 7 0 2 7 0 2 11 0 2 7 0 40.8372256755828857
0 2 7 12 16 2 5 31 3 0 2 7 0 2 7 0 2 7 6 2 7 5 30 3 0 2 7 0 2 7 0 2 7 12 16 2 5 30 3 0 2 7 0 2 7 5 31 3 5 31 3 1 2 7 17 18 2 0 2 7 1 2 7 0 2 7 16 6 2 16 19 11 0 2 7 1 2 7 16 19 11 16 19 11 0 2 7 0 2 7 6 2 7 0 2 7 0 2 7 5 31 3 0 2 7 0 2 7 0 2 7 6 2 7 0 2 7 0 2 7 0 42.2263974547386169
0 2 7 12 16 2 5 30 3 0 2 7 0 2 3 0 2 7 13 6 3 0 2 7 1 2 7 1 2 3 1 2 7 0 2 3 0 2 7 1 2 7 1 2 7 0 2 7 12 16 2 0 2 7 0 2 7 1 2 7 0 2 7 0 2 7 5 30 3 8 9 2 1 2 3 5 30 3 1 2 7 16 6 2 16 6 2 0 2 7 17 9 2 0 2 3 17 9 2 0 2 7 1 2 3 0 2 3 0 2 7 5 31 3 0 2 7 1 2 7 0 41.1368346214294434
12 16 2 1 2 7 1 2 7 1 2 7 1 2 7 12 16 2 0 2 7 1 2 7 12 16 2 12 16 2 5 31 3 0 2 7 1 2 7 0 2 7 0 2 4 0 2 7 17 9 2 1 2 7 0 2 7 0 2 7 0 2 7 0 2 7 0 2 7 0 2 4 1 2 7 1 2 4 0 2 7 0 2 4 5 31 3 16 9 11 0 2 7 16 19 11 0 2 7 17 9 2 12 16 2 0 2 7 2 3 3 1 2 4 1 2 4 5 31 3 0 41.7958236336708069

Current Evaluation = 3600(3600)
Front Size = 10
0 2 7 0 2 7 5 31 3 0 2 7 5 30 3 1 2 7 13 6 3 0 2 4 0 2 7 0 2 7 0 2 7 1 2 7 1 2 7 0 2 7 1 2 7 12 16 2 1 2 7 1 2 7 0 2 7 0 2 4 5 31 3 17 9 2 1 2 7 0 2 7 6 2 7 17 9 2 0 2 7 1 2 7 1 2 7 0 2 7 1 2 7 13 6 3 0 2 7 1 2 7 12 16 2 0 2 7 17 9 2 0 2 7 12 16 2 17 18 2 0 40.2815956473350525
0 2 7 12 16 2 5 30 3 0 2 3 0 2 7 1 2 7 0 2 7 0 2 7 0 2 7 1 2 7 0 2 7 16 6 2 0 2 7 0 2 7 1 2 3 0 2 7 1 2 7 0 2 3 1 2 3 17 9 2 5 30 3 0 2 7 0 2 7 16 6 2 0 2 7 0 2 7 0 2 7 16 19 11 0 2 7 0 2 7 1 2 7 0 2 7 0 2 7 16 19 11 5 30 3 1 2 7 5 31 3 8 18 2 0 2 7 5 31 3 0 41.7753704786300659
6 2 7 12 16 2 5 30 3 0 2 11 0 2 7 0 2 11 1 2 7 1 2 7 17 18 2 1 2 7 0 2 7 1 2 11 13 6 3 0 2 11 1 2 11 0 2 7 0 2 7 0 2 11 0 2 7 12 16 2 0 2 7 0 2 7 0 2 7 0 2 7 13 6 3 17 9 2 1 2 7 6 2 7 0 2 7 5 30 3 5 30 3 5 30 3 5 31 3 0 2 7 0 2 11 1 2 11 17 18 2 17 18 2 5 30 3 0 2 7 0 41.6301966905593872
0 2 7 12 16 2 0 2 4 0 2 7 0 2 3 0 2 3 1 2 7 0 2 3 1 2 7 1 2 7 0 2 7 0 2 3 1 2 7 1 2 7 0 2 7 1 2 7 1 2 7 16 6 2 16 6 2 0 2 3 16 6 2 17 9 2 0 2 4 0 2 7 5 30 3 6 2 7 0 2 7 5 31 3 1 2 4 0 2 4 5 31 3 0 2 4 1 2 7 5 31 3 17 9 2 0 2 4 0 2 3 0 2 7 0 2 7 0 2 7 0 40.9484818577766418
12 16 2 5 30 3 1 2 7 1 2 7 12 16 2 0 2 7 1 2 7 0 2 7 0 2 7 1 2 7 8 18 2 0 2 7 1 2 7 0 2 7 0 2 7 0 2 7 0 2 7 0 2 4 0 2 7 0 2 7 0 2 7 17 18 2 5 30 3 0 2 7 0 2 7 1 2 11 0 2 11 0 2 7 13 6 3 1 2 7 1 2 7 5 30 3 5 30 3 5 30 3 0 2 7 0 2 7 17 9 2 8 9 2 16 19 11 17 9 2 0 41.4703963994979858
0 2 7 12 16 2 0 2 7 1 2 4 0 2 7 1 2 7 0 2 7 0 2 7 0 2 7 1 2 7 0 2 7 6 2 4 6 2 7 0 2 7 0 2 7 1 2 4 1 2 7 5 31 3 5 31 3 1 2 7 17 9 2 0 2 3 16 6 2 16 6 2 16 6 2 17 9 2 5 31 3 0 2 7 0 2 7 1 2 7 0 2 3 0 2 7 0 2 7 0 2 7 0 2 7 0 2 7 0 2 7 5 31 3 1 2 7 1 2 7 0 40.6145018339157104
12 16 2 5 30 3 0 2 7 0 2 7 12 16 2 0 2 7 1 2 7 0 2 7 0 2 7 0 2 7 8 18 2 0 2 7 1 2 1 1 2 7 0 2 7 0 2 7 0 2 7 0 2 7 0 2 7 0 2 7 17 18 2 5 30 3 1 2 7 1 2 4 0 2 7 13 6 3 1 2 7 17 9 2 17 9 2 1 2 4 16 6 2 12 16 2 1 2 7 6 2 7 6 2 7 5 31 3 0 2 7 0 2 7 0 2 7 5 31 3 0 40.9962886571884155
5 30 3 5 30 3 5 30 3 0 2 7 5 30 3 12 16 2 12 16 2 0 2 3 5 30 3 1 2 11 16 19 11 0 2 7 6 2 7 17 18 2 16 19 11 0 2 11 0 2 8 0 2 7 0 2 7 0 2 3 0 2 7 0 2 11 0 2 8 15 2 11 16 6 2 8 9 2 1 2 11 0 2 3 0 2 11 0 2 7 1 2 7 0 2 7 0 2 7 0 2 11 0 2 11 0 2 3 0 2 7 0 2 8 0 2 3 5 30 3 0 43.7475917935371399
12 16 2 5 31 3 1 2 7 0 2 7 1 2 10 0 2 7 6 2 7 0 2 7 0 2 7 0 2 7 0 2 11 0 2 7 0 2 7 0 2 7 0 2 10 0 2 7 1 2 7 5 30 3 5 31 3 0 2 7 0 2 7 1 2 7 16 6 2 0 2 7 1 2 10 0 2 3 16 6 2 5 31 3 0 2 7 0 2 7 16 19 11 17 9 2 0 2 7 5 30 3 5 30 3 6 2 7 1 2 7 17 18 2 0 2 11 0 2 7 0 41.7942147254943848
1 2 7 0 2 7 5 31 3 0 2 7 1 2 7 1 2 7 17 18 2 16 19 11 0 2 7 13 6 3 0 2 7 0 2 7 0 2 4 12 16 2 0 2 7 0 2 7 1 2 7 1 2 7 16 19 11 17 9 2 0 2 7 0 2 7 5 31 3 0 2 7 0 2 7 0 2 7 0 2 7 1 2 7 0 2 7 1 2 7 0 2 7 0 2 7 5 31 3 5 30 3 5 30 3 1 2 7 0 2 7 17 18 2 0 2 7 0 2 7 0 41.3772355318069458

Current Evaluation = 4050(4050)
Front Size = 10
0 2 7 0 2 7 5 31 3 0 2 7 5 30 3 1 2 7 13 6 3 0 2 7 0 2 7 0 2 7 1 2 7 1 2 7 0 2 7 1 2 7 12 16 2 1 2 7 0 2 7 5 31 3 17 9 2 0 2 7 6 2 7 17 9 2 0 2 7 0 2 7 0 2 7 12 16 2 0 2 7 0 2 7 12 16 2 17 18 2 1 2 4 1 2 7 0 2 4 1 2 7 1 2 7 0 2 7 1 2 7 13 6 3 1 2 7 17 9 2 0 40.2815956473350525
0 2 7 12 16 2 0 2 4 0 2 7 0 2 3 0 2 3 1 2 7 0 2 3 1 2 7 1 2 7 0 2 7 0 2 3 1 2 7 1 2 7 0 2 7 1 2 7 1 2 7 16 6 2 16 6 2 0 2 3 16 6 2 17 9 2 0 2 4 0 2 7 5 30 3 6 2 7 0 2 7 5 31 3 1 2 4 0 2 4 5 31 3 0 2 4 1 2 7 5 31 3 17 9 2 0 2 4 0 2 3 0 2 7 0 2 7 0 2 7 0 40.9484818577766418
5 30 3 5 30 3 5 30 3 0 2 7 5 30 3 12 16 2 12 16 2 0 2 3 5 30 3 1 2 11 16 19 11 0 2 7 6 2 7 17 18 2 16 19 11 0 2 11 0 2 8 0 2 7 0 2 7 0 2 3 0 2 7 0 2 11 0 2 8 15 2 11 16 6 2 8 9 2 1 2 11 0 2 3 0 2 11 0 2 7 1 2 7 0 2 7 0 2 7 0 2 11 0 2 11 0 2 3 0 2 7 0 2 8 0 2 3 5 30 3 0 43.7475917935371399
12 16 2 5 31 3 0 2 7 0 2 7 1 2 7 1 2 7 0 2 7 1 2 7 1 2 7 1 2 4 0 2 7 1 2 4 0 2 7 1 2 7 1 2 7 0 2 7 0 2 7 5 31 3 1 2 7 0 2 7 17 9 2 16 6 2 5 31 3 0 2 7 17 18 2 16 6 2 16 31 2 0 2 7 0 2 7 1 2 7 0 2 7 5 30 3 0 2 7 0 2 7 0 2 7 0 2 4 1 2 7 0 2 7 0 2 7 0 2 7 0 40.4265387058258057
0 2 7 12 16 2 0 2 7 1 2 7 1 2 7 1 2 7 0 2 7 13 6 3 0 2 7 0 2 4 0 2 7 1 2 7 17 18 2 0 2 4 1 2 7 0 2 7 5 30 3 1 2 7 17 9 2 6 2 7 8 18 2 0 2 7 0 2 7 0 2 4 17 18 2 1 2 7 0 2 7 1 2 7 0 2 7 5 30 3 5 30 3 0 2 11 1 2 4 0 2 7 1 2 11 0 2 4 5 31 3 17 9 2 0 2 7 12 16 2 0 40.8493576645851135
0 2 7 12 16 2 0 2 7 0 2 3 0 2 7 1 2 3 0 2 7 0 2 3 0 2 7 0 2 3 16 6 2 0 2 4 0 2 7 5 31 3 0 2 7 0 2 7 0 2 3 0 2 7 0 2 7 1 2 7 0 2 7 16 19 11 0 2 3 1 2 3 16 19 11 0 2 7 16 6 2 16 6 2 12 16 2 5 30 3 1 2 3 5 31 3 0 2 7 0 2 3 0 2 4 0 2 4 5 30 3 5 30 3 1 2 3 0 2 3 0 42.4472285509109497
0 2 3 12 16 2 0 2 7 1 2 7 0 2 7 17 18 2 0 2 3 0 2 7 0 2 7 1 2 7 0 2 7 1 2 7 1 2 3 0 2 7 0 2 7 1 2 7 16 6 2 8 9 2 0 2 7 5 30 3 0 2 3 5 30 3 1 2 3 17 9 2 0 2 7 5 31 3 0 2 7 5 30 3 0 2 7 1 2 7 16 30 2 0 2 7 1 2 7 0 2 7 0 2 7 5 30 3 13 6 3 0 2 7 1 2 7 12 16 2 0 41.1626526117324829
1 2 7 12 16 2 0 2 7 0 2 7 0 2 7 0 2 7 0 2 7 16 30 2 1 2 7 6 2 7 6 2 7 1 2 10 17 9 2 0 2 7 5 31 3 1 2 4 0 2 7 5 30 3 0 2 7 0 2 7 0 2 7 0 2 7 0 2 7 0 2 7 0 2 7 0 2 7 0 2 7 1 2 4 1 2 3 0 2 10 5 31 3 13 6 3 1 2 7 17 18 2 17 9 2 5 30 3 12 16 2 1 2 7 5 30 3 0 2 7 0 40.9635037183761597
1 2 7 12 16 2 0 2 7 0 2 4 0 2 4 0 2 7 0 2 7 6 2 7 1 2 7 0 2 7 5 31 3 1 2 7 0 2 7 1 2 7 1 2 7 0 2 7 0 2 4 0 2 7 5 31 3 0 2 7 6 2 7 16 6 2 1 2 7 0 2 7 0 2 7 0 2 7 5 31 3 16 19 11 0 2 7 5 30 3 0 2 7 0 2 7 1 2 7 17 9 2 17 9 2 0 2 7 0 2 7 5 31 3 16 6 2 0 2 7 0 41.1120986938476562
12 16 2 5 31 3 0 2 7 0 2 3 0 2 7 1 2 7 1 2 3 0 2 7 1 2 6 0 2 7 0 2 7 1 2 7 0 2 3 1 2 7 0 2 7 0 2 3 1 2 3 0 2 7 5 31 3 1 2 7 0 2 3 1 2 7 17 9 2 16 6 2 0 2 7 16 6 2 0 2 7 5 31 3 0 2 7 1 2 7 0 2 3 1 2 7 0 2 7 0 2 3 16 6 2 16 6 2 0 2 7 1 2 7 0 2 3 0 2 3 0 41.1472028493881226

Current Evaluation = 4500(4500)
Front Size = 10
0 2 7 0 2 7 5 31 3 0 2 7 5 30 3 1 2 7 13 6 3 0 2 7 0 2 7 0 2 7 1 2 7 1 2 7 0 2 7 1 2 7 12 16 2 1 2 7 0 2 7 5 31 3 17 9 2 0 2 7 6 2 7 17 9 2 0 2 7 0 2 7 0 2 7 12 16 2 0 2 7 0 2 7 12 16 2 17 18 2 1 2 4 1 2 7 0 2 4 1 2 7 1 2 7 0 2 7 1 2 7 13 6 3 1 2 7 17 9 2 0 40.2815956473350525
12 16 2 5 30 3 0 2 7 0 2 7 1 2 7 0 2 7 0 2 7 1 2 7 1 2 7 0 2 7 0 2 7 1 2 7 5 31 3 1 2 7 1 2 4 17 9 2 16 31 2 0 2 7 16 6 2 0 2 7 5 31 3 0 2 7 0 2 7 1 2 7 0 2 7 0 2 7 0 2 7 1 2 7 1 2 4 0 2 7 0 2 7 1 2 7 0 2 7 0 2 7 0 2 4 5 31 3 17 9 2 16 6 2 0 2 7 1 2 7 0 40.4265387058258057
5 30 3 5 30 3 5 30 3 0 2 7 5 30 3 12 16 2 12 16 2 0 2 3 5 30 3 1 2 11 16 19 11 0 2 7 6 2 7 17 18 2 16 19 11 0 2 11 0 2 8 0 2 7 0 2 7 0 2 3 0 2 7 0 2 11 0 2 8 15 2 11 16 6 2 8 9 2 1 2 11 0 2 3 0 2 11 0 2 7 1 2 7 0 2 7 0 2 7 0 2 11 0 2 11 0 2 3 0 2 7 0 2 8 0 2 3 5 30 3 0 43.7475917935371399
0 2 4 0 2 7 5 30 3 0 2 7 5 30 3 1 2 7 0 2 7 0 2 7 0 2 7 1 2 7 1 2 7 0 2 3 1 2 7 12 16 2 1 2 7 0 2 7 5 31 3 16 31 2 0 2 4 0 2 3 17 9 2 1 2 7 1 2 7 0 2 7 1 2 7 1 2 7 0 2 7 0 2 3 0 2 7 0 2 7 1 2 7 0 2 7 0 2 7 12 16 2 17 18 2 0 2 7 1 2 7 13 6 3 1 2 4 17 9 2 0 40.5605276823043823
0 2 7 12 16 2 0 2 7 0 2 3 0 2 7 1 2 3 0 2 7 0 2 3 0 2 7 0 2 3 16 6 2 0 2 4 0 2 7 5 31 3 0 2 7 0 2 7 0 2 3 0 2 7 0 2 7 1 2 7 0 2 7 16 19 11 0 2 3 1 2 3 16 19 11 0 2 7 16 6 2 16 6 2 12 16 2 5 30 3 1 2 3 5 31 3 0 2 7 0 2 3 0 2 4 0 2 4 5 30 3 5 30 3 1 2 3 0 2 3 0 42.4472285509109497
0 2 7 12 16 2 0 2 4 0 2 7 0 2 3 0 2 3 1 2 7 0 2 3 1 2 7 1 2 7 0 2 7 0 2 3 1 2 7 1 2 7 0 2 7 1 2 7 1 2 7 16 6 2 16 6 2 0 2 3 16 6 2 17 9 2 0 2 4 0 2 7 5 30 3 6 2 7 0 2 7 5 31 3 1 2 4 0 2 4 5 31 3 0 2 4 1 2 7 5 31 3 17 9 2 0 2 4 0 2 3 0 2 7 0 2 7 0 2 7 0 40.9484818577766418
0 2 4 0 2 11 0 2 7 1 2 7 1 2 7 1 2 7 0 2 7 13 6 3 0 2 7 0 2 11 0 2 7 1 2 4 17 18 2 0 2 4 1 2 7 0 2 7 5 30 3 1 2 7 8 9 2 0 2 7 17 18 2 0 2 7 1 2 7 0 2 7 17 18 2 1 2 4 0 2 7 1 2 7 0 2 7 5 30 3 5 30 3 0 2 7 1 2 7 0 2 7 1 2 7 0 2 7 5 31 3 17 9 2 0 2 7 12 16 2 0 40.7452667951583862
5 30 3 1 2 7 12 16 2 12 16 2 1 2 7 0 2 7 17 18 2 0 2 4 0 2 7 0 2 7 0 2 7 0 2 11 1 2 11 1 2 7 1 2 7 0 2 11 5 30 3 5 30 3 17 9 2 17 9 2 13 6 3 8 18 2 5 30 3 0 2 11 0 2 7 12 16 2 0 2 7 1 2 7 1 2 7 0 2 7 0 2 7 6 2 7 13 6 3 0 2 7 0 2 11 1 2 7 0 2 7 0 2 7 17 9 2 1 2 4 0 40.9640377163887024
0 2 7 12 16 2 0 2 7 5 31 3 1 2 7 1 2 3 0 2 7 8 9 2 12 16 2 1 2 7 0 2 7 0 2 7 0 2 4 0 2 7 1 2 7 0 2 7 12 16 2 5 30 3 16 9 11 0 2 7 0 2 7 0 2 3 0 2 4 0 2 7 1 2 3 0 2 3 1 2 7 0 2 3 1 2 7 17 18 2 16 6 2 1 2 7 1 2 7 1 2 7 13 6 3 0 2 3 5 30 3 12 16 2 0 2 7 17 9 2 0 41.3730046153068542
12 16 2 5 31 3 1 2 7 0 2 7 0 2 7 0 2 7 0 2 7 1 2 7 1 2 7 1 2 7 1 2 7 0 2 7 6 2 7 17 9 2 0 2 7 0 2 7 0 2 4 0 2 7 1 2 7 17 9 2 0 2 4 0 2 7 0 2 7 0 2 7 0 2 7 0 2 7 0 2 4 0 2 7 5 31 3 5 30 3 5 31 3 17 18 2 17 18 2 1 2 7 5 31 3 13 6 3 1 2 11 1 2 11 0 2 7 0 2 7 0.000624086277921732544 41.2503387331962585

Current Evaluation = 4950(4950)
Front Size = 10
0 2 7 0 2 7 5 31 3 0 2 7 5 30 3 1 2 7 13 6 3 0 2 7 0 2 7 0 2 7 1 2 7 1 2 7 0 2 7 1 2 7 12 16 2 1 2 7 0 2 7 5 31 3 17 9 2 0 2 7 6 2 7 17 9 2 0 2 7 0 2 7 0 2 7 12 16 2 0 2 7 0 2 7 12 16 2 17 18 2 1 2 4 1 2 7 0 2 4 1 2 7 1 2 7 0 2 7 1 2 7 13 6 3 1 2 7 17 9 2 0 40.2815956473350525
12 16 2 5 30 3 0 2 7 0 2 7 1 2 7 0 2 7 0 2 7 1 2 7 1 2 7 0 2 7 0 2 7 1 2 7 5 31 3 1 2 7 1 2 4 17 9 2 16 31 2 0 2 7 16 6 2 0 2 7 5 31 3 0 2 7 0 2 7 1 2 7 0 2 7 0 2 7 0 2 7 1 2 7 1 2 4 0 2 7 0 2 7 1 2 7 0 2 7 0 2 7 0 2 4 5 31 3 17 9 2 16 6 2 0 2 7 1 2 7 0 40.4265387058258057
0 2 7 12 16 2 0 2 7 0 2 3 0 2 7 1 2 3 0 2 7 0 2 3 0 2 7 0 2 3 16 6 2 0 2 4 0 2 7 5 31 3 0 2 7 0 2 7 0 2 3 0 2 7 0 2 7 1 2 7 0 2 7 16 19 11 0 2 3 1 2 3 16 19 11 0 2 7 16 6 2 16 6 2 12 16 2 5 30 3 1 2 3 5 31 3 0 2 7 0 2 3 0 2 4 0 2 4 5 30 3 5 30 3 1 2 3 0 2 3 0 42.4472285509109497
0 2 7 0 2 7 5 31 3 0 2 7 5 30 3 1 2 4 13 6 3 0 2 7 0 2 7 0 2 7 1 2 7 1 2 4 0 2 7 1 2 7 12 16 2 1 2 7 0 2 7 17 9 2 0 2 7 17 9 2 0 2 7 0 2 7 0 2 7 12 16 2 0 2 7 17 18 2 1 2 4 1 2 7 0 2 4 1 2 7 1 2 7 1 2 7 1 2 7 0 2 3 0 2 4 5 30 3 12 16 2 0 2 3 13 6 3 17 9 2 0 40.4155756235122681
5 30 3 5 30 3 5 30 3 0 2 7 5 30 3 12 16 2 12 16 2 0 2 3 5 30 3 1 2 11 16 19 11 0 2 7 6 2 7 17 18 2 16 19 11 0 2 11 0 2 8 0 2 7 0 2 7 0 2 3 0 2 7 0 2 11 0 2 8 15 2 11 16 6 2 8 9 2 1 2 11 0 2 3 0 2 11 0 2 7 1 2 7 0 2 7 0 2 7 0 2 11 0 2 11 0 2 3 0 2 7 0 2 8 0 2 3 5 30 3 0 43.7475917935371399
0 2 7 12 16 2 0 2 4 0 2 7 0 2 3 0 2 3 1 2 7 0 2 3 1 2 7 1 2 7 0 2 7 0 2 3 1 2 7 1 2 7 0 2 7 1 2 7 1 2 7 16 6 2 16 6 2 0 2 3 16 6 2 17 9 2 0 2 4 0 2 7 5 30 3 6 2 7 0 2 7 5 31 3 1 2 4 0 2 4 5 31 3 0 2 4 1 2 7 5 31 3 17 9 2 0 2 4 0 2 3 0 2 7 0 2 7 0 2 7 0 40.9484818577766418
5 30 3 1 2 7 12 16 2 12 16 2 0 2 7 0 2 7 17 18 2 1 2 7 0 2 10 0 2 7 1 2 7 1 2 7 0 2 7 0 2 7 0 2 7 0 2 7 5 30 3 13 6 3 1 2 7 5 30 3 0 2 7 0 2 7 0 2 7 1 2 7 5 30 3 17 18 2 0 2 7 17 9 2 8 18 2 16 15 2 8 9 2 0 2 7 0 2 7 0 2 7 0 2 7 0 2 7 0 2 7 1 2 4 0 2 7 5 30 3 0 41.1726384162902832
0 2 7 0 2 7 0 2 7 0 2 4 5 30 3 8 18 2 0 2 7 0 2 7 0 2 7 1 2 7 1 2 7 1 2 7 12 16 2 1 2 4 0 2 7 17 9 2 1 2 7 0 2 4 0 2 7 0 2 7 12 16 2 1 2 7 17 18 2 1 2 7 1 2 7 1 2 7 1 2 7 0 2 4 17 18 2 17 18 2 0 2 7 0 2 7 5 31 3 0 2 4 1 2 4 5 30 3 12 16 2 0 2 4 13 6 3 0 2 10 0 40.6450196504592896
0 2 7 0 2 7 1 2 7 1 2 4 1 2 4 0 2 7 13 6 3 0 2 7 0 2 7 0 2 7 17 18 2 1 2 7 1 2 7 5 30 3 0 2 7 0 2 7 0 2 7 1 2 7 0 2 7 0 2 7 0 2 7 0 2 7 1 2 7 0 2 7 0 2 7 1 2 7 0 2 7 5 30 3 17 9 2 0 2 7 12 16 2 1 2 7 5 30 3 13 6 3 9 2 7 5 31 3 17 18 2 1 2 7 17 9 2 12 16 2 0 40.5636855363845825
12 16 2 0 2 7 1 2 7 1 2 7 0 2 7 0 2 7 0 2 7 0 2 7 0 2 7 1 2 7 1 2 7 5 30 3 0 2 7 1 2 7 17 9 2 0 2 7 0 2 7 0 2 7 5 31 3 13 6 3 0 2 7 1 2 7 0 2 7 0 2 7 0 2 7 0 2 7 0 2 7 16 6 2 0 2 7 0 2 7 6 2 7 5 31 3 16 6 2 5 31 3 16 6 2 5 31 3 1 2 7 0 2 7 12 16 2 17 18 2 0 40.6861146092414856

Current Evaluation = 5400(5400)
Front Size = 10
0 2 7 0 2 7 5 31 3 0 2 7 5 30 3 1 2 7 13 6 3 0 2 7 0 2 7 0 2 7 1 2 7 1 2 7 0 2 7 1 2 7 12 16 2 1 2 7 0 2 7 17 9 2 0 2 7 17 9 2 0 2 7 0 2 7 0 2 7 12 16 2 0 2 7 12 16 2 17 18 2 1 2 4 1 2 7 0 2 4 1 2 7 1 2 7 13 6 3 17 9 2 5 31 3 0 2 7 0 2 7 6 2 7 1 2 7 1 2 7 0 40.2815956473350525
5 30 3 5 30 3 5 30 3 0 2 7 5 30 3 12 16 2 12 16 2 0 2 3 5 30 3 1 2 11 16 19 11 0 2 7 6 2 7 17 18 2 16 19 11 0 2 11 0 2 8 0 2 7 0 2 7 0 2 3 0 2 7 0 2 11 0 2 8 15 2 11 16 6 2 8 9 2 1 2 11 0 2 3 0 2 11 0 2 7 1 2 7 0 2 7 0 2 7 0 2 11 0 2 11 0 2 3 0 2 7 0 2 8 0 2 3 5 30 3 0 43.7475917935371399
0 2 7 0 2 7 0 2 7 0 2 4 5 30 3 8 18 2 0 2 7 0 2 7 0 2 7 1 2 7 1 2 7 1 2 7 12 16 2 1 2 4 0 2 7 17 9 2 1 2 7 0 2 4 0 2 7 0 2 7 12 16 2 1 2 7 17 18 2 1 2 7 1 2 7 1 2 7 1 2 7 0 2 4 17 18 2 17 18 2 0 2 7 0 2 7 5 31 3 0 2 4 1 2 4 5 30 3 12 16 2 0 2 4 13 6 3 0 2 10 0 40.6450196504592896
0 2 7 0 2 7 5 31 3 0 2 7 5 30 3 1 2 4 13 6 3 0 2 7 0 2 7 0 2 7 1 2 7 1 2 4 0 2 7 1 2 7 12 16 2 1 2 7 0 2 7 17 9 2 0 2 7 17 9 2 0 2 7 0 2 7 0 2 7 12 16 2 0 2 7 17 18 2 1 2 4 1 2 7 0 2 4 1 2 7 1 2 7 1 2 7 1 2 7 0 2 3 0 2 4 5 30 3 12 16 2 0 2 3 13 6 3 17 9 2 0 40.4155756235122681
12 16 2 5 30 3 0 2 7 0 2 7 1 2 7 0 2 7 0 2 7 1 2 7 1 2 7 0 2 7 0 2 7 1 2 7 5 31 3 1 2 7 1 2 4 17 9 2 16 31 2 0 2 7 16 6 2 0 2 7 5 31 3 0 2 7 0 2 7 1 2 7 0 2 7 0 2 7 0 2 7 1 2 7 1 2 4 0 2 7 0 2 7 1 2 7 0 2 7 0 2 7 0 2 4 5 31 3 17 9 2 16 6 2 0 2 7 1 2 7 0 40.4265387058258057
0 2 7 12 16 2 0 2 7 0 2 3 0 2 7 1 2 3 0 2 7 0 2 3 0 2 7 0 2 3 16 6 2 0 2 4 0 2 7 5 31 3 0 2 7 0 2 7 0 2 3 0 2 7 0 2 7 1 2 7 0 2 7 16 19 11 0 2 3 1 2 3 16 19 11 0 2 7 16 6 2 16 6 2 12 16 2 5 30 3 1 2 3 5 31 3 0 2 7 0 2 3 0 2 4 0 2 4 5 30 3 5 30 3 1 2 3 0 2 3 0 42.4472285509109497
0 2 7 12 16 2 0 2 7 0 2 7 8 9 2 0 2 7 1 2 4 0 2 7 0 2 7 0 2 7 1 2 7 16 6 2 16 6 2 1 2 7 16 6 2 6 2 4 0 2 7 5 31 3 1 2 7 5 31 3 0 2 7 5 31 3 0 2 7 0 2 7 1 2 7 0 2 7 0 2 7 1 2 7 0 2 7 0 2 7 0 2 7 0 2 7 17 9 2 1 2 7 1 2 7 0 2 7 5 30 3 0 2 7 17 9 2 5 31 3 0 40.8432087302207947
0 2 7 12 16 2 0 2 4 0 2 7 0 2 3 0 2 3 1 2 7 0 2 3 1 2 7 1 2 7 0 2 7 0 2 3 1 2 7 1 2 7 0 2 7 1 2 7 1 2 7 16 6 2 16 6 2 0 2 3 16 6 2 17 9 2 0 2 4 0 2 7 5 30 3 6 2 7 0 2 7 5 31 3 1 2 4 0 2 4 5 31 3 0 2 4 1 2 7 5 31 3 17 9 2 0 2 4 0 2 3 0 2 7 0 2 7 0 2 7 0 40.9484818577766418
1 2 7 1 2 7 0 2 7 1 2 7 0 2 4 0 2 7 0 2 7 5 31 3 0 2 7 1 2 7 0 2 7 1 2 7 1 2 7 5 30 3 0 2 7 1 2 7 1 2 7 1 2 7 1 2 7 17 9 2 16 6 2 5 31 3 1 2 7 0 2 7 0 2 7 0 2 7 0 2 7 0 2 7 0 2 7 0 2 7 17 9 2 0 2 7 5 31 3 0 2 4 0 2 7 0 2 7 16 19 11 0 2 7 8 9 2 17 18 2 0 40.8567327260971069
6 2 3 12 16 2 0 2 7 0 2 7 1 2 7 0 2 7 16 24 2 0 2 3 1 2 7 5 31 3 0 2 7 0 2 7 0 2 7 0 2 7 0 2 7 12 16 2 0 2 7 12 16 2 5 30 3 5 31 3 0 2 7 0 2 3 1 2 7 0 2 7 0 2 7 0 2 7 16 9 11 8 9 2 6 2 7 16 19 11 1 2 7 17 18 2 0 2 7 0 2 7 0 2 7 1 2 7 5 30 3 5 30 3 1 2 7 0 2 3 0 42.2065465450286865

Current Evaluation = 5850(5850)
Front Size = 10
0 2 7 0 2 7 0 2 7 0 2 7 5 30 3 0 2 7 0 2 7 1 2 7 1 2 7 12 16 2 1 2 7 1 2 7 1 2 7 0 2 7 12 16 2 1 2 7 17 18 2 1 2 7 1 2 7 0 2 7 5 31 3 0 2 7 12 16 2 13 6 3 1 2 7 13 6 3 1 2 7 0 2 7 0 2 7 0 2 7 1 2 4 0 2 7 5 31 3 0 2 4 6 2 7 0 2 7 17 9 2 17 18 2 17 18 2 0 2 7 0 40.2815956473350525
5 30 3 5 30 3 5 30 3 0 2 7 5 30 3 12 16 2 12 16 2 0 2 3 5 30 3 1 2 11 16 19 11 0 2 7 6 2 7 17 18 2 16 19 11 0 2 11 0 2 8 0 2 7 0 2 7 0 2 3 0 2 7 0 2 11 0 2 8 15 2 11 16 6 2 8 9 2 1 2 11 0 2 3 0 2 11 0 2 7 1 2 7 0 2 7 0 2 7 0 2 11 0 2 11 0 2 3 0 2 7 0 2 8 0 2 3 5 30 3 0 43.7475917935371399
0 2 7 12 16 2 0 2 4 0 2 7 0 2 3 0 2 3 1 2 7 0 2 3 1 2 7 1 2 7 0 2 7 0 2 3 1 2 7 1 2 7 0 2 7 1 2 7 1 2 7 16 6 2 16 6 2 0 2 3 16 6 2 17 9 2 0 2 4 0 2 7 5 30 3 6 2 7 0 2 7 5 31 3 1 2 4 0 2 4 5 31 3 0 2 4 1 2 7 5 31 3 17 9 2 0 2 4 0 2 3 0 2 7 0 2 7 0 2 7 0 40.9484818577766418
0 2 7 0 2 7 0 2 7 5 30 3 0 2 7 0 2 7 0 2 7 1 2 7 12 16 2 0 2 7 0 2 7 0 2 7 12 16 2 17 18 2 5 30 3 0 2 4 5 30 3 0 2 11 0 2 8 0 2 3 17 9 2 1 2 7 0 2 4 0 2 8 1 2 7 5 30 3 16 19 11 0 2 11 0 2 4 17 18 2 17 18 2 0 2 7 0 2 7 5 31 3 0 2 4 0 2 11 0 2 11 16 6 2 16 19 11 0 2 10 0.15924698623180808 42.4313297271728516
1 2 7 5 30 3 0 2 7 0 2 7 1 2 7 0 2 7 0 2 7 1 2 7 1 2 7 0 2 7 0 2 7 0 2 7 5 31 3 1 2 7 1 2 7 17 9 2 16 31 2 0 2 7 16 6 2 0 2 7 5 31 3 0 2 7 0 2 7 1 2 7 0 2 7 0 2 7 0 2 7 1 2 7 1 2 7 0 2 7 0 2 7 1 2 7 0 2 7 0 2 7 0 2 7 5 31 3 17 9 2 16 6 2 0 2 7 1 2 7 0 40.3387407064437866
0 2 7 0 2 7 0 2 7 0 2 4 5 30 3 8 18 2 0 2 7 0 2 7 0 2 7 1 2 7 1 2 7 1 2 7 12 16 2 1 2 4 0 2 7 17 9 2 1 2 7 0 2 4 0 2 7 0 2 7 12 16 2 1 2 7 17 18 2 1 2 7 1 2 7 1 2 7 1 2 7 0 2 4 17 18 2 17 18 2 0 2 7 0 2 7 5 31 3 0 2 4 1 2 4 5 30 3 12 16 2 0 2 4 13 6 3 0 2 10 0 40.6450196504592896
0 2 4 0 2 7 0 2 7 0 2 7 5 30 3 0 2 7 0 2 7 1 2 4 1 2 7 12 16 2 1 2 7 1 2 7 1 2 7 0 2 7 12 16 2 1 2 7 17 18 2 1 2 7 1 2 4 0 2 7 5 31 3 0 2 3 12 16 2 13 6 3 1 2 7 13 6 3 0 2 7 0 2 7 0 2 7 0 2 4 1 2 7 0 2 7 0 2 7 1 2 4 17 9 2 0 2 3 5 30 3 17 9 2 0 2 7 17 18 2 0 40.4155756235122681
0 2 4 0 2 7 0 2 7 0 2 7 5 30 3 0 2 7 0 2 7 0 2 4 1 2 7 1 2 4 1 2 7 12 16 2 1 2 7 0 2 3 1 2 7 1 2 7 0 2 7 0 2 3 0 2 4 12 16 2 1 2 7 17 18 2 6 2 7 1 2 7 1 2 7 0 2 3 0 2 7 5 31 3 0 2 7 5 30 3 12 16 2 13 6 3 17 18 2 1 2 7 13 6 3 17 18 2 17 18 2 1 2 7 0 2 7 0 2 7 0 40.4413166642189026
0 2 7 1 2 7 5 31 3 0 2 7 5 30 3 0 2 7 1 2 7 0 2 7 1 2 7 0 2 7 0 2 7 12 16 2 1 2 7 0 2 7 12 16 2 1 2 4 0 2 7 1 2 7 1 2 7 0 2 7 0 2 7 1 2 7 0 2 7 13 6 3 0 2 7 0 2 7 12 16 2 17 9 2 0 2 7 0 2 7 1 2 7 0 2 3 16 31 2 8 9 2 0 2 4 0 2 3 16 6 2 5 30 3 12 16 2 1 2 7 0.000234384262078507954 40.8692425489425659
0 2 4 1 2 4 0 2 7 1 2 7 0 2 7 0 2 1 1 2 7 1 2 7 12 16 2 1 2 7 0 2 7 1 2 4 12 16 2 17 18 2 5 30 3 5 31 3 17 18 2 1 2 11 0 2 7 1 2 4 0 2 7 1 2 7 5 30 3 0 2 7 17 9 2 0 2 7 1 2 11 6 2 4 0 2 4 0 2 7 0 2 7 8 18 2 17 9 2 0 2 7 0 2 7 0 2 7 12 16 2 0 2 7 13 6 3 0 2 4 0 40.9615126252174377

Current Evaluation = 6300(6300)
Front Size = 10
0 2 7 0 2 7 0 2 7 0 2 7 5 30 3 0 2 7 0 2 7 1 2 4 1 2 7 12 16 2 1 2 7 1 2 7 1 2 7 0 2 7 12 16 2 1 2 7 17 18 2 1 2 7 0 2 7 5 31 3 12 16 2 13 6 3 1 2 7 13 6 3 0 2 7 0 2 7 0 2 7 1 2 7 0 2 7 0 2 7 17 9 2 0 2 7 17 18 2 1 2 7 0 2 7 0 2 4 1 2 7 17 18 2 6 2 7 5 31 3 0 40.2815956473350525
0 2 7 12 16 2 0 2 4 0 2 7 0 2 3 0 2 3 1 2 7 0 2 3 1 2 7 1 2 7 0 2 7 0 2 3 1 2 7 1 2 7 0 2 7 1 2 7 1 2 7 16 6 2 16 6 2 0 2 3 16 6 2 17 9 2 0 2 4 0 2 7 5 30 3 6 2 7 0 2 7 5 31 3 1 2 4 0 2 4 5 31 3 0 2 4 1 2 7 5 31 3 17 9 2 0 2 4 0 2 3 0 2 7 0 2 7 0 2 7 0 40.9484818577766418
1 2 7 5 30 3 0 2 7 0 2 7 1 2 7 0 2 7 0 2 7 1 2 7 1 2 7 0 2 7 0 2 7 0 2 7 5 31 3 1 2 7 1 2 7 17 9 2 16 31 2 0 2 7 16 6 2 0 2 7 5 31 3 0 2 7 0 2 7 1 2 7 0 2 7 0 2 7 0 2 7 1 2 7 1 2 7 0 2 7 0 2 7 1 2 7 0 2 7 0 2 7 0 2 7 5 31 3 17 9 2 16 6 2 0 2 7 1 2 7 0 40.3387407064437866
0 2 7 0 2 7 0 2 7 0 2 7 5 30 3 0 2 3 0 2 7 1 2 7 1 2 7 12 16 2 0 2 7 1 2 7 1 2 7 0 2 7 12 16 2 1 2 4 17 18 2 1 2 7 0 2 7 5 31 3 12 16 2 13 6 3 0 2 7 13 6 3 0 2 4 0 2 3 1 2 4 1 2 4 5 30 3 1 2 7 17 9 2 17 18 2 0 2 4 0 2 7 1 2 7 17 9 2 0 2 7 0 2 7 0 2 7 1 2 7 0 40.4155756235122681
0 2 7 0 2 3 0 2 7 0 2 7 5 30 3 0 2 7 0 2 7 1 2 4 1 2 7 12 16 2 1 2 7 1 2 7 1 2 7 0 2 7 12 16 2 1 2 7 17 18 2 1 2 7 0 2 7 5 31 3 12 16 2 13 6 3 1 2 7 0 2 7 0 2 7 0 2 4 1 2 7 17 9 2 17 18 2 1 2 7 0 2 4 17 18 2 13 6 3 0 2 7 0 2 4 0 2 3 0 2 3 1 2 7 6 2 7 5 30 3 0 40.4413166642189026
0 2 7 12 16 2 0 2 10 0 2 7 5 31 3 0 2 7 1 2 7 12 16 2 12 16 2 0 2 7 0 2 7 1 2 7 1 2 7 0 2 7 17 18 2 0 2 7 6 2 7 5 30 3 0 2 7 1 2 7 0 2 7 17 9 2 0 2 7 0 2 7 5 30 3 0 2 7 0 2 10 0 2 10 13 6 3 6 2 4 1 2 7 17 9 2 6 2 4 0 2 7 5 31 3 16 19 11 0 2 7 5 30 3 1 2 7 0 2 7 0 41.5133735537528992
0 2 7 0 2 7 0 2 7 0 2 7 0 2 7 0 2 7 1 2 7 1 2 7 12 16 2 1 2 4 0 2 7 0 2 7 12 16 2 0 2 7 17 18 2 0 2 7 5 30 3 13 6 3 0 2 7 1 2 7 5 31 3 0 2 7 0 2 7 17 9 2 1 2 7 5 30 3 1 2 7 1 2 7 17 18 2 1 2 7 0 2 4 8 18 2 1 2 4 12 16 2 17 9 2 13 6 3 0 2 7 5 30 3 1 2 7 0 2 7 0 40.5700235366821289
0 2 7 5 30 3 1 2 10 1 2 3 1 2 7 1 2 7 0 2 7 1 2 7 0 2 3 0 2 7 1 2 3 0 2 7 17 18 2 5 30 3 5 31 3 0 2 7 0 2 7 1 2 7 0 2 7 16 19 11 5 30 3 0 2 7 0 2 7 0 2 7 12 16 2 1 2 7 1 2 7 0 2 3 0 2 7 8 9 2 0 2 7 0 2 7 0 2 4 5 30 3 0 2 7 0 2 7 17 9 2 0 2 7 16 18 11 0 2 7 0 41.9834895730018616
0 2 4 5 30 3 0 2 7 1 2 7 1 2 3 6 2 3 0 2 7 0 2 3 17 18 2 5 30 3 1 2 3 1 2 4 1 2 3 0 2 7 0 2 4 0 2 3 0 2 7 12 16 2 0 2 7 1 2 7 16 19 11 17 9 2 0 2 3 1 2 7 0 2 7 1 2 7 1 2 7 0 2 7 0 2 7 0 2 7 5 31 3 0 2 7 0 2 7 1 2 7 1 2 7 16 31 2 0 2 3 5 30 3 0 2 7 0 2 7 0 41.6039156913757324
1 2 7 5 31 3 0 2 7 0 2 7 6 2 7 0 2 7 1 2 7 12 16 2 0 2 7 0 2 7 16 6 2 0 2 7 0 2 7 16 19 13 0 2 7 16 19 13 0 2 7 5 31 3 5 30 3 0 2 7 1 2 7 5 31 3 0 2 7 0 2 7 0 2 7 0 2 7 0 2 7 1 2 7 0 2 7 12 16 2 1 2 7 0 2 7 0 2 4 6 2 7 0 2 7 5 31 3 17 9 2 16 6 2 0 2 7 0 2 7 0 41.6298596858978271

Current Evaluation = 6750(6750)
Front Size = 10
0 2 7 0 2 7 1 2 7 5 31 3 1 2 7 0 2 7 1 2 7 1 2 7 0 2 7 1 2 7 1 2 7 0 2 7 1 2 7 1 2 7 0 2 7 17 18 2 0 2 7 17 9 2 5 31 3 1 2 7 17 18 2 17 18 2 0 2 7 0 2 7 0 2 7 1 2 7 1 2 7 0 2 7 0 2 7 13 6 3 0 2 7 0 2 7 0 2 7 0 2 7 1 2 11 0 2 7 16 6 2 5 31 3 1 2 4 0 2 7 0 40.0670827627182007
1 2 7 1 2 7 0 2 7 1 2 3 0 2 7 1 2 7 0 2 7 1 2 7 0 2 7 0 2 7 0 2 7 0 2 7 16 6 2 17 9 2 0 2 3 5 30 3 0 2 7 5 30 3 0 2 7 5 31 3 0 2 7 1 2 7 1 2 7 5 31 3 0 2 4 0 2 7 1 2 7 1 2 10 16 31 2 0 2 7 16 30 2 0 2 4 0 2 7 0 2 7 0 2 7 1 2 7 5 30 3 17 18 2 0 2 3 0 2 7 0 40.7782797813415527
1 2 7 13 6 3 0 2 7 0 2 7 5 30 3 1 2 7 0 2 4 0 2 7 0 2 7 1 2 7 0 2 7 0 2 7 1 2 4 0 2 7 0 2 7 5 30 3 0 2 7 0 2 7 1 2 7 1 2 7 17 18 2 1 2 7 17 9 2 5 30 3 13 6 3 17 18 2 17 18 2 1 2 7 1 2 7 0 2 7 0 2 4 1 2 7 0 2 7 5 31 3 0 2 7 0 2 7 12 16 2 0 2 7 0 2 7 12 16 2 0 40.3689725399017334
1 2 7 0 2 7 0 2 7 0 2 7 5 31 3 1 2 7 0 2 7 0 2 4 0 2 7 1 2 7 0 2 7 0 2 7 1 2 7 0 2 7 1 2 4 5 30 3 0 2 7 1 2 4 0 2 7 1 2 3 1 2 7 1 2 7 0 2 7 17 18 2 1 2 4 1 2 4 0 2 7 1 2 7 5 31 3 0 2 7 17 9 2 16 6 2 0 2 7 5 30 3 13 6 3 0 2 7 17 18 2 0 2 7 17 18 2 0 2 7 0 40.148398756980896
0 2 7 12 16 2 0 2 4 0 2 7 0 2 3 0 2 3 1 2 7 0 2 3 1 2 7 1 2 7 0 2 7 0 2 3 1 2 7 1 2 7 0 2 7 1 2 7 1 2 7 16 6 2 16 6 2 0 2 3 16 6 2 17 9 2 0 2 4 0 2 7 5 30 3 6 2 7 0 2 7 5 31 3 1 2 4 0 2 4 5 31 3 0 2 4 1 2 7 5 31 3 17 9 2 0 2 4 0 2 3 0 2 7 0 2 7 0 2 7 0 40.9484818577766418
16 24 2 0 2 7 0 2 7 1 2 7 5 31 3 1 2 7 0 2 7 1 2 7 1 2 7 0 2 7 1 2 7 0 2 4 1 2 7 0 2 7 1 2 7 1 2 7 0 2 7 17 18 2 0 2 7 17 9 2 5 31 3 1 2 7 17 18 2 17 18 2 0 2 7 0 2 4 0 2 7 0 2 7 5 30 3 1 2 7 0 2 4 1 2 7 0 2 7 5 30 3 1 2 7 0 2 7 13 6 3 0 2 7 0 2 7 0 2 7 0 40.1302337646484375
1 2 7 0 2 7 0 2 7 0 2 7 5 31 3 1 2 7 0 2 7 0 2 7 0 2 7 1 2 7 0 2 7 0 2 7 1 2 7 0 2 7 1 2 7 1 2 7 1 2 7 5 31 3 17 9 2 16 6 2 1 2 7 1 2 4 5 31 3 12 16 2 0 2 4 0 2 3 17 18 2 0 2 7 0 2 4 0 2 7 0 2 3 0 2 3 17 18 2 0 2 4 0 2 3 0 2 7 5 30 3 1 2 7 1 2 11 1 2 7 0 41.2808197736740112
0 2 7 0 2 7 1 2 7 1 2 7 1 2 7 0 2 7 1 2 7 1 2 7 0 2 7 1 2 7 1 2 7 16 6 2 16 6 2 17 9 2 0 2 7 5 30 3 0 2 7 5 31 3 5 31 3 1 2 7 5 31 3 17 9 2 0 2 7 0 2 7 0 2 7 12 16 2 0 2 7 0 2 7 0 2 7 0 2 7 0 2 7 0 2 3 0 2 7 16 31 2 1 2 7 6 2 4 0 2 4 0 2 4 1 2 7 0 2 7 0 40.502831757068634
0 2 7 0 2 7 0 2 7 0 2 4 5 30 3 1 2 7 0 2 7 1 2 7 0 2 7 1 2 7 0 2 7 0 2 7 0 2 7 1 2 7 1 2 4 1 2 3 1 2 4 5 31 3 17 9 2 16 6 2 1 2 7 1 2 7 5 30 3 0 2 7 0 2 7 0 2 4 0 2 7 13 6 3 1 2 7 0 2 7 17 18 2 1 2 7 0 2 7 17 9 2 0 2 7 1 2 7 17 9 2 0 2 4 5 31 3 0 2 7 0 40.148398756980896
0 2 7 0 2 7 0 2 7 0 2 7 5 30 3 0 2 7 1 2 7 0 2 7 1 2 7 12 16 2 0 2 7 0 2 7 0 2 7 1 2 7 12 16 2 1 2 7 17 18 2 1 2 7 0 2 7 5 31 3 12 16 2 13 6 3 0 2 7 0 2 7 1 2 7 1 2 7 1 2 7 17 9 2 17 18 2 1 2 7 1 2 7 0 2 7 17 18 2 6 2 4 0 2 7 5 31 3 0 2 4 13 6 3 1 2 7 0 2 7 0 40.2815956473350525

Current Evaluation = 7200(7200)
Front Size = 10
0 2 7 0 2 7 1 2 7 5 31 3 1 2 7 0 2 7 1 2 11 1 2 7 0 2 7 1 2 7 0 2 7 1 2 4 1 2 7 0 2 7 17 18 2 0 2 7 17 9 2 5 31 3 1 2 7 17 18 2 17 18 2 0 2 7 0 2 7 1 2 7 1 2 7 0 2 7 0 2 7 13 6 3 0 2 7 1 2 7 0 2 7 0 2 7 1 2 7 0 2 7 0 2 7 5 31 3 0 2 7 0 2 7 16 6 2 1 2 7 0 40.0670827627182007
1 2 7 1 2 7 0 2 7 1 2 3 0 2 7 1 2 7 0 2 7 1 2 7 0 2 7 0 2 7 0 2 7 0 2 7 16 6 2 17 9 2 0 2 3 5 30 3 0 2 7 5 30 3 0 2 7 5 31 3 0 2 7 1 2 7 1 2 7 5 31 3 0 2 4 0 2 7 1 2 7 1 2 10 16 31 2 0 2 7 16 30 2 0 2 4 0 2 7 0 2 7 0 2 7 1 2 7 5 30 3 17 18 2 0 2 3 0 2 7 0 40.7782797813415527
1 2 7 0 2 7 0 2 7 0 2 7 5 31 3 1 2 7 0 2 7 0 2 4 0 2 7 1 2 7 0 2 7 0 2 7 1 2 7 0 2 7 1 2 4 5 30 3 0 2 7 1 2 4 0 2 7 1 2 3 1 2 7 1 2 7 0 2 7 17 18 2 1 2 4 1 2 4 0 2 7 1 2 7 5 31 3 0 2 7 17 9 2 16 6 2 0 2 7 5 30 3 13 6 3 0 2 7 17 18 2 0 2 7 17 18 2 0 2 7 0 40.148398756980896
0 2 7 0 2 7 1 2 7 0 2 7 0 2 7 1 2 7 0 2 7 0 2 7 0 2 7 0 2 7 0 2 7 0 2 7 0 2 7 5 30 3 0 2 7 1 2 11 1 2 7 5 31 3 17 9 2 16 6 2 6 2 7 0 2 7 0 2 7 17 18 2 1 2 11 1 2 7 0 2 4 0 2 7 0 2 7 5 30 3 0 2 7 5 31 3 5 31 3 6 2 7 17 1 2 0 2 7 17 18 2 1 2 7 0 2 7 1 2 7 0 40.9321056604385376
0 2 7 0 2 4 1 2 7 5 31 3 1 2 7 0 2 7 1 2 7 1 2 7 0 2 7 1 2 7 1 2 7 1 2 7 1 2 7 0 2 7 17 18 2 0 2 7 17 9 2 5 31 3 1 2 7 17 18 2 17 18 2 0 2 7 0 2 7 1 2 7 1 2 7 0 2 7 0 2 7 13 6 3 0 2 7 0 2 7 0 2 7 0 2 7 1 2 7 0 2 7 0 2 7 0 2 11 5 30 3 0 2 4 16 24 2 5 30 3 0 40.2498338222503662
0 2 7 12 16 2 0 2 4 0 2 7 0 2 3 0 2 3 1 2 7 0 2 3 1 2 7 1 2 7 0 2 7 0 2 3 1 2 7 1 2 7 0 2 7 1 2 7 1 2 7 16 6 2 16 6 2 0 2 3 16 6 2 17 9 2 0 2 4 0 2 7 5 30 3 6 2 7 0 2 7 5 31 3 1 2 4 0 2 4 5 31 3 0 2 4 1 2 7 5 31 3 17 9 2 0 2 4 0 2 3 0 2 7 0 2 7 0 2 7 0 40.9484818577766418
0 2 7 0 2 7 0 2 7 0 2 4 5 30 3 1 2 7 0 2 7 1 2 7 0 2 7 1 2 7 0 2 7 0 2 7 0 2 7 1 2 7 5 31 3 17 9 2 16 6 2 1 2 7 1 2 7 0 2 7 0 2 7 0 2 4 0 2 7 1 2 7 0 2 7 1 2 7 0 2 7 17 9 2 0 2 7 1 2 7 5 31 3 0 2 7 1 2 4 1 2 3 1 2 4 5 30 3 13 6 3 17 18 2 17 9 2 0 2 4 0 40.148398756980896
0 2 7 0 2 7 1 2 7 1 2 7 1 2 7 0 2 7 1 2 7 1 2 7 0 2 7 1 2 7 1 2 7 16 6 2 16 6 2 17 9 2 0 2 7 5 30 3 0 2 7 5 31 3 5 31 3 1 2 7 5 31 3 17 9 2 0 2 7 0 2 7 0 2 7 12 16 2 0 2 7 0 2 7 0 2 7 0 2 7 0 2 7 0 2 3 0 2 7 16 31 2 1 2 7 6 2 4 0 2 4 0 2 4 1 2 7 0 2 7 0 40.502831757068634
1 2 7 0 2 7 0 2 7 0 2 7 5 31 3 1 2 7 0 2 7 0 2 4 0 2 4 1 2 7 0 2 7 0 2 7 1 2 7 0 2 4 1 2 7 5 30 3 0 2 7 1 2 4 0 2 7 1 2 7 0 2 7 0 2 7 17 18 2 0 2 4 0 2 7 5 31 3 0 2 7 17 9 2 16 6 2 0 2 7 5 30 3 13 6 3 17 18 2 17 18 2 1 2 3 1 2 7 1 2 7 0 2 7 1 2 7 1 2 7 0 40.148398756980896
0 2 7 0 2 7 1 2 7 5 31 3 1 2 7 1 2 7 1 2 7 1 2 7 1 2 7 1 2 7 0 2 7 0 2 7 17 18 2 0 2 7 17 9 2 5 31 3 17 18 2 16 6 2 0 2 7 0 2 7 0 2 7 0 2 7 13 6 3 0 2 7 0 2 7 0 2 7 0 2 7 0 2 7 0 2 7 0 2 7 0 2 7 1 2 4 1 2 4 1 2 7 5 30 3 1 2 7 0 2 4 1 2 11 0 2 7 17 9 2 0.000145817761868694099 39.9973556995391846

Current Evaluation = 7650(7650)
Front Size = 10
0 2 7 1 2 7 1 2 7 1 2 7 0 2 7 0 2 7 0 2 7 1 2 7 0 2 7 1 2 7 17 18 2 0 2 7 17 9 2 5 31 3 0 2 7 0 2 7 1 2 7 13 6 3 0 2 7 0 2 7 5 31 3 0 2 7 0 2 7 16 6 2 1 2 4 0 2 7 0 2 7 0 2 7 0 2 7 17 9 2 17 18 2 1 2 7 1 2 7 5 31 3 1 2 11 0 2 7 0 2 7 1 2 7 1 2 7 1 2 7 0 40.0670827627182007
0 2 7 1 2 7 0 2 7 1 2 7 1 2 7 0 2 7 0 2 7 0 2 7 0 2 7 1 2 11 17 18 2 0 2 7 17 9 2 5 31 3 0 2 7 0 2 7 1 2 7 13 6 3 0 2 7 1 2 7 5 31 3 0 2 7 0 2 7 0 2 7 1 2 7 0 2 7 17 18 2 1 2 7 1 2 7 1 2 7 1 2 7 1 2 7 0 2 7 17 18 2 0 2 4 5 31 3 16 6 2 1 2 7 0 2 7 0 2 7 0 40.0670827627182007
1 2 7 0 2 7 0 2 4 0 2 7 5 30 3 1 2 7 0 2 7 0 2 7 1 2 7 0 2 7 0 2 4 1 2 7 1 2 7 5 30 3 1 2 7 0 2 4 1 2 3 1 2 7 0 2 7 0 2 4 17 18 2 1 2 4 5 31 3 0 2 7 17 9 2 16 6 2 5 31 3 13 6 3 1 2 7 0 2 7 0 2 7 0 2 7 0 2 7 0 2 7 17 9 2 0 2 7 17 9 2 1 2 7 1 2 7 0 2 7 0 40.148398756980896
1 2 7 0 2 7 0 2 7 0 2 7 5 31 3 1 2 7 0 2 7 0 2 7 1 2 7 0 2 7 0 2 7 0 2 7 0 2 7 1 2 4 0 2 7 0 2 7 1 2 7 1 2 4 0 2 7 17 18 2 0 2 7 1 2 7 5 31 3 0 2 7 17 9 2 16 6 2 0 2 4 13 6 3 0 2 7 17 18 2 0 2 7 0 2 7 1 2 7 5 30 3 1 2 4 17 9 2 1 2 4 1 2 3 5 30 3 1 2 7 0 40.148398756980896
0 2 7 12 16 2 0 2 4 0 2 7 0 2 3 0 2 3 1 2 7 0 2 3 1 2 7 1 2 7 0 2 7 0 2 3 1 2 7 1 2 7 0 2 7 1 2 7 1 2 7 16 6 2 16 6 2 0 2 3 16 6 2 17 9 2 0 2 4 0 2 7 5 30 3 6 2 7 0 2 7 5 31 3 1 2 4 0 2 4 5 31 3 0 2 4 1 2 7 5 31 3 17 9 2 0 2 4 0 2 3 0 2 7 0 2 7 0 2 7 0 40.9484818577766418
0 2 7 0 2 7 1 2 7 1 2 7 1 2 7 0 2 7 1 2 7 1 2 7 0 2 7 1 2 7 1 2 7 16 6 2 16 6 2 17 9 2 0 2 7 5 30 3 0 2 7 5 31 3 5 31 3 1 2 7 5 31 3 17 9 2 0 2 7 0 2 7 0 2 7 12 16 2 0 2 7 0 2 7 0 2 7 0 2 7 0 2 7 0 2 3 0 2 7 16 31 2 1 2 7 6 2 4 0 2 4 0 2 4 1 2 7 0 2 7 0 40.502831757068634
0 2 7 0 2 7 1 2 7 5 31 3 1 2 7 0 2 7 1 2 7 1 2 7 6 2 7 1 2 7 0 2 7 0 2 7 17 18 2 0 2 7 17 9 2 5 31 3 0 2 7 0 2 7 0 2 7 0 2 7 13 6 3 0 2 7 0 2 7 0 2 7 0 2 7 0 2 7 0 2 7 5 30 3 0 2 7 5 30 3 1 2 7 5 31 3 1 2 7 17 9 2 0 2 7 16 6 2 1 2 8 1 2 7 0 2 7 16 6 2 0 40.5071266293525696
1 2 7 1 2 7 1 2 7 5 31 3 0 2 7 0 2 7 1 2 7 1 2 7 1 2 4 1 2 7 1 2 7 1 2 7 0 2 7 0 2 7 17 18 2 0 2 7 17 9 2 5 31 3 1 2 7 17 18 2 0 2 7 0 2 7 1 2 7 1 2 7 0 2 7 0 2 7 13 6 3 0 2 7 0 2 7 0 2 7 0 2 7 5 30 3 0 2 4 5 30 3 0 2 7 17 9 2 0 2 7 0 2 7 0 2 4 16 24 2 0 40.1302337646484375
0 2 7 1 2 7 1 2 7 5 30 3 1 2 7 0 2 7 0 2 7 0 2 7 1 2 7 0 2 7 1 2 7 17 18 2 0 2 7 17 9 2 5 31 3 0 2 4 0 2 7 0 2 7 1 2 7 13 6 3 0 2 7 0 2 7 0 2 3 0 2 4 5 31 3 5 30 3 0 2 7 1 2 4 16 6 2 1 2 7 1 2 4 0 2 7 0 2 7 0 2 7 0 2 7 17 9 2 17 18 2 1 2 7 1 2 4 1 2 7 0 40.148398756980896
0 2 7 1 2 7 0 2 7 1 2 7 1 2 7 0 2 7 0 2 7 0 2 7 0 2 7 17 18 2 0 2 7 17 9 2 5 31 3 0 2 7 0 2 7 1 2 7 13 6 3 0 2 7 1 2 7 5 31 3 0 2 7 0 2 7 0 2 7 1 2 7 0 2 7 17 18 2 1 2 7 1 2 7 1 2 7 0 2 7 0 2 4 16 6 2 1 2 11 0 2 3 0 2 4 17 18 2 5 31 3 1 2 7 5 30 3 5 30 3 3.25450770164971981e-06 40.6694726943969727

Current Evaluation = 8100(8100)
Front Size = 10
0 2 7 0 2 7 0 2 7 0 2 7 1 2 7 0 2 7 0 2 7 0 2 7 17 18 2 0 2 7 17 18 2 1 2 7 1 2 7 0 2 7 1 2 7 13 6 3 1 2 7 5 31 3 1 2 7 1 2 7 1 2 7 17 18 2 1 2 7 0 2 7 0 2 7 0 2 7 1 2 4 16 6 2 0 2 7 0 2 7 17 9 2 1 2 7 5 31 3 0 2 7 0 2 7 1 2 7 0 2 7 0 2 7 5 31 3 1 2 11 0 40.0670827627182007
0 2 7 0 2 7 1 2 7 1 2 7 0 2 7 0 2 7 0 2 7 1 2 7 0 2 4 1 2 7 17 18 2 0 2 7 17 9 2 5 31 3 0 2 7 1 2 7 0 2 7 1 2 11 13 6 3 1 2 7 0 2 7 0 2 7 0 2 7 1 2 7 0 2 7 1 2 7 1 2 7 5 31 3 0 2 7 1 2 7 5 31 3 17 9 2 1 2 7 1 2 7 17 18 2 0 2 7 16 6 2 0 2 7 0 2 7 0 2 7 0 40.0670827627182007
0 2 7 0 2 7 1 2 7 1 2 7 0 2 7 0 2 7 0 2 7 1 2 7 0 2 7 1 2 7 17 18 2 0 2 7 17 9 2 5 31 3 0 2 7 0 2 7 0 2 4 1 2 7 13 6 3 0 2 7 0 2 7 0 2 7 0 2 7 1 2 7 0 2 11 0 2 7 1 2 7 1 2 7 5 31 3 0 2 7 1 2 7 5 31 3 17 9 2 1 2 7 1 2 7 17 18 2 1 2 7 16 6 2 0 2 7 1 2 7 0 40.0670828819274902
6 2 7 12 16 2 0 2 4 0 2 7 0 2 7 0 2 7 1 2 7 0 2 7 1 2 7 0 2 7 0 2 7 0 2 7 1 2 3 1 2 7 0 2 3 1 2 7 1 2 7 16 6 2 16 6 2 0 2 7 16 6 2 17 9 2 0 2 7 1 2 7 5 31 3 6 2 7 0 2 7 5 31 3 1 2 7 0 2 7 5 31 3 0 2 7 1 2 7 5 31 3 17 9 2 0 2 4 0 2 7 0 2 7 0 2 7 0 2 4 0 40.6145018339157104
0 2 7 0 2 7 1 2 7 1 2 7 0 2 7 0 2 7 0 2 7 1 2 7 0 2 7 1 2 7 17 18 2 0 2 7 17 9 2 5 31 3 0 2 7 0 2 7 0 2 7 1 2 7 13 6 3 0 2 7 0 2 7 5 30 3 0 2 7 1 2 7 0 2 7 0 2 4 1 2 7 1 2 7 5 31 3 0 2 7 1 2 7 5 30 3 1 2 7 17 9 2 1 2 4 16 24 2 0 2 4 0 2 7 17 18 2 1 2 7 0 40.1302337646484375
1 2 7 0 2 7 0 2 7 0 2 7 5 31 3 1 2 7 0 2 7 0 2 7 1 2 7 0 2 7 0 2 7 0 2 7 0 2 7 1 2 4 0 2 7 0 2 7 1 2 7 1 2 4 0 2 7 17 18 2 0 2 7 1 2 7 5 31 3 0 2 7 17 9 2 16 6 2 0 2 4 13 6 3 0 2 7 17 18 2 0 2 7 0 2 7 1 2 7 5 30 3 1 2 4 17 9 2 1 2 4 1 2 3 5 30 3 1 2 7 0 40.148398756980896
0 2 4 1 2 7 0 2 7 1 2 7 1 2 7 1 2 7 0 2 7 0 2 7 0 2 7 17 18 2 0 2 7 17 9 2 5 31 3 0 2 7 0 2 7 1 2 7 13 6 3 0 2 4 1 2 7 5 31 3 0 2 7 0 2 7 0 2 4 1 2 7 0 2 4 17 18 2 1 2 7 1 2 7 1 2 3 0 2 7 0 2 7 0 2 4 1 2 7 5 30 3 5 30 3 16 6 2 0 2 7 0 2 7 17 9 2 1 2 7 0 40.148398756980896
0 2 7 12 16 2 0 2 4 0 2 7 0 2 3 0 2 3 1 2 7 0 2 3 1 2 7 1 2 7 0 2 7 0 2 3 1 2 7 1 2 7 0 2 7 1 2 7 1 2 7 16 6 2 16 6 2 0 2 3 16 6 2 17 9 2 0 2 4 0 2 7 5 30 3 6 2 7 0 2 7 5 31 3 1 2 4 0 2 4 5 31 3 0 2 4 1 2 7 5 31 3 17 9 2 0 2 4 0 2 3 0 2 7 0 2 7 0 2 7 0 40.9484818577766418
0 2 7 0 2 7 1 2 7 1 2 7 1 2 7 0 2 7 1 2 7 1 2 7 0 2 7 1 2 7 1 2 7 16 6 2 16 6 2 17 9 2 0 2 7 5 30 3 0 2 7 5 31 3 5 31 3 1 2 7 5 31 3 17 9 2 0 2 7 0 2 7 0 2 7 12 16 2 0 2 7 0 2 7 0 2 7 0 2 7 0 2 7 0 2 3 0 2 7 16 31 2 1 2 7 6 2 4 0 2 4 0 2 4 1 2 7 0 2 7 0 40.502831757068634
0 2 7 1 2 7 1 2 7 5 30 3 1 2 7 0 2 7 0 2 7 0 2 7 1 2 7 0 2 7 1 2 7 17 18 2 0 2 7 17 9 2 5 31 3 0 2 4 0 2 7 0 2 7 1 2 7 13 6 3 0 2 7 0 2 7 0 2 3 0 2 4 5 31 3 5 30 3 0 2 7 1 2 4 16 6 2 1 2 7 1 2 4 0 2 7 0 2 7 0 2 7 0 2 7 17 9 2 17 18 2 1 2 7 1 2 4 1 2 7 0 40.148398756980896

Current Evaluation = 8550(8550)
Front Size = 10
1 2 7 0 2 7 0 2 7 0 2 7 5 31 3 1 2 7 0 2 7 0 2 7 0 2 7 0 2 7 0 2 7 0 2 7 0 2 7 0 2 7 1 2 7 0 2 7 17 18 2 0 2 4 1 2 7 5 31 3 0 2 7 17 9 2 16 6 2 13 6 3 0 2 7 17 18 2 0 2 7 1 2 7 1 2 7 1 2 7 5 31 3 1 2 11 1 2 7 1 2 7 1 2 7 1 2 7 0 2 7 0 2 7 1 2 7 17 9 2 0 40.0670827627182007
0 2 7 0 2 7 1 2 7 1 2 4 1 2 7 0 2 7 0 2 7 1 2 7 0 2 7 1 2 7 17 18 2 0 2 7 17 9 2 5 31 3 0 2 7 0 2 7 0 2 7 1 2 7 13 6 3 0 2 7 0 2 7 0 2 7 0 2 7 1 2 7 0 2 7 0 2 7 1 2 7 1 2 7 5 31 3 0 2 7 1 2 7 5 31 3 17 9 2 1 2 7 1 2 7 17 18 2 0 2 7 16 6 2 0 2 7 1 2 11 0 40.0670827627182007
0 2 7 0 2 7 1 2 7 1 2 7 0 2 7 0 2 7 0 2 7 1 2 7 0 2 7 1 2 7 17 18 2 0 2 7 17 9 2 5 31 3 0 2 7 0 2 7 0 2 4 1 2 7 13 6 3 0 2 7 0 2 7 0 2 7 0 2 7 1 2 7 0 2 11 0 2 7 1 2 7 1 2 7 5 31 3 0 2 7 1 2 7 5 31 3 17 9 2 1 2 7 1 2 7 17 18 2 1 2 7 16 6 2 0 2 7 1 2 7 0 40.0670828819274902
0 2 7 12 16 2 0 2 4 0 2 7 0 2 3 0 2 3 1 2 7 0 2 3 1 2 7 1 2 7 0 2 7 0 2 3 1 2 7 1 2 7 0 2 7 1 2 7 1 2 7 16 6 2 16 6 2 0 2 3 16 6 2 17 9 2 0 2 4 0 2 7 5 30 3 6 2 7 0 2 7 5 31 3 1 2 4 0 2 4 5 31 3 0 2 4 1 2 7 5 31 3 17 9 2 0 2 4 0 2 3 0 2 7 0 2 7 0 2 7 0 40.9484818577766418
1 2 7 0 2 7 0 2 7 0 2 7 5 31 3 1 2 7 0 2 7 0 2 7 0 2 7 0 2 7 0 2 7 0 2 7 0 2 7 0 2 7 1 2 7 0 2 7 17 18 2 0 2 7 1 2 7 5 31 3 0 2 7 17 9 2 16 6 2 13 6 3 0 2 7 17 18 2 0 2 7 1 2 7 1 2 7 1 2 7 5 31 3 1 2 7 1 2 7 1 2 7 1 2 7 1 2 7 0 2 7 0 2 4 1 2 11 17 18 2 0 40.0670827627182007
0 2 7 1 2 7 0 2 7 1 2 4 1 2 7 1 2 7 0 2 7 0 2 7 0 2 7 17 18 2 0 2 4 17 9 2 5 31 3 0 2 7 0 2 7 1 2 7 13 6 3 1 2 4 5 30 3 0 2 4 0 2 3 1 2 7 17 18 2 1 2 7 1 2 7 0 2 7 0 2 7 1 2 7 16 6 2 0 2 7 0 2 7 17 9 2 0 2 7 5 31 3 0 2 7 0 2 7 1 2 4 1 2 7 5 30 3 0 2 7 0 40.148398756980896
0 2 7 0 2 7 1 2 7 1 2 7 0 2 7 1 2 7 0 2 7 1 2 4 0 2 7 1 2 7 17 18 2 0 2 7 17 9 2 0 2 7 0 2 7 0 2 7 1 2 7 13 6 3 0 2 7 0 2 7 0 2 7 0 2 7 1 2 7 1 2 7 1 2 7 5 31 3 1 2 7 1 2 7 1 2 7 17 18 2 16 6 2 0 2 7 0 2 7 0 2 7 5 31 3 5 31 3 0 2 7 17 18 2 1 2 11 0 2 7 0 40.0670827627182007
0 2 7 0 2 7 1 2 7 1 2 7 0 2 7 1 2 7 0 2 7 1 2 4 0 2 7 1 2 7 17 18 2 0 2 7 17 9 2 0 2 7 0 2 7 0 2 7 0 2 11 1 2 7 13 6 3 0 2 7 0 2 7 0 2 7 0 2 7 1 2 7 1 2 7 1 2 7 5 31 3 1 2 7 17 9 2 1 2 7 1 2 7 17 18 2 16 6 2 0 2 7 0 2 7 0 2 7 5 31 3 1 2 7 5 31 3 0 2 7 0 40.0670828819274902
0 2 7 0 2 7 1 2 7 1 2 7 1 2 7 0 2 7 1 2 7 1 2 7 0 2 7 1 2 7 1 2 7 16 6 2 16 6 2 17 9 2 0 2 7 5 30 3 0 2 7 5 31 3 5 31 3 1 2 7 5 31 3 17 9 2 0 2 7 0 2 7 0 2 7 12 16 2 0 2 7 0 2 7 0 2 7 0 2 7 0 2 7 0 2 3 0 2 7 16 31 2 1 2 7 6 2 4 0 2 4 0 2 4 1 2 7 0 2 7 0 40.502831757068634
0 2 4 1 2 7 0 2 7 1 2 7 1 2 7 1 2 7 0 2 7 0 2 7 0 2 7 17 18 2 0 2 7 17 9 2 5 31 3 0 2 7 0 2 7 1 2 7 13 6 3 0 2 4 1 2 7 5 31 3 0 2 7 0 2 7 0 2 4 1 2 7 0 2 4 17 18 2 1 2 7 1 2 7 1 2 3 0 2 7 0 2 7 0 2 4 1 2 7 5 30 3 5 30 3 16 6 2 0 2 7 0 2 7 17 9 2 1 2 7 0 40.148398756980896

Current Evaluation = 9000(9000)
Front Size = 10
0 2 7 0 2 7 1 2 7 0 2 7 0 2 7 1 2 7 0 2 7 1 2 7 1 2 7 17 18 2 0 2 7 17 9 2 0 2 7 0 2 7 0 2 7 1 2 7 13 6 3 0 2 7 0 2 7 0 2 7 0 2 7 1 2 7 1 2 7 1 2 7 5 31 3 1 2 7 17 9 2 1 2 7 1 2 7 17 18 2 16 6 2 5 31 3 0 2 7 1 2 4 0 2 7 0 2 7 0 2 7 5 31 3 1 2 11 0 2 7 0 40.0670827627182007
0 2 7 1 2 7 0 2 7 1 2 7 0 2 7 1 2 7 0 2 7 17 18 2 1 2 7 17 9 2 5 31 3 0 2 7 0 2 7 1 2 7 13 6 3 1 2 7 17 9 2 0 2 7 0 2 7 0 2 7 0 2 7 1 2 7 16 6 2 0 2 7 0 2 7 17 9 2 0 2 4 5 31 3 1 2 7 1 2 7 1 2 7 1 2 11 0 2 7 1 2 7 0 2 7 0 2 7 0 2 7 5 31 3 0 2 7 1 2 7 0 40.0670827627182007
0 2 4 1 2 7 0 2 7 1 2 7 1 2 7 1 2 7 0 2 7 0 2 7 0 2 7 17 18 2 0 2 7 17 9 2 5 31 3 0 2 7 0 2 7 1 2 7 13 6 3 0 2 4 1 2 7 5 31 3 0 2 7 0 2 7 0 2 4 1 2 7 0 2 4 17 18 2 1 2 7 1 2 7 1 2 3 0 2 7 0 2 7 0 2 4 1 2 7 5 30 3 5 30 3 16 6 2 0 2 7 0 2 7 17 9 2 1 2 7 0 40.148398756980896
0 2 7 0 2 7 1 2 7 1 2 7 0 2 7 1 2 7 0 2 7 1 2 4 0 2 7 1 2 7 17 18 2 0 2 7 17 9 2 0 2 7 0 2 7 0 2 7 1 2 7 13 6 3 0 2 7 0 2 7 0 2 7 0 2 7 1 2 7 1 2 7 1 2 7 5 31 3 1 2 7 1 2 7 1 2 7 17 18 2 16 6 2 0 2 7 0 2 7 0 2 7 5 31 3 5 31 3 0 2 7 1 2 11 0 2 7 17 18 2 0 40.0670827627182007
0 2 7 12 16 2 0 2 4 0 2 7 0 2 3 0 2 3 1 2 7 0 2 3 1 2 7 1 2 7 0 2 7 0 2 3 1 2 7 1 2 7 0 2 7 1 2 7 1 2 7 16 6 2 16 6 2 0 2 3 16 6 2 17 9 2 0 2 4 0 2 7 5 30 3 6 2 7 0 2 7 5 31 3 1 2 4 0 2 4 5 31 3 0 2 4 1 2 7 5 31 3 17 9 2 0 2 4 0 2 3 0 2 7 0 2 7 0 2 7 0 40.9484818577766418
0 2 7 0 2 7 1 2 7 1 2 7 1 2 7 0 2 7 1 2 7 1 2 7 0 2 7 1 2 7 1 2 7 16 6 2 16 6 2 17 9 2 0 2 7 5 30 3 0 2 7 5 31 3 5 31 3 1 2 7 5 31 3 17 9 2 0 2 7 0 2 7 0 2 7 12 16 2 0 2 7 0 2 7 0 2 7 0 2 7 0 2 7 0 2 3 0 2 7 16 31 2 1 2 7 6 2 4 0 2 4 0 2 4 1 2 7 0 2 7 0 40.502831757068634
0 2 7 0 2 7 1 2 7 0 2 7 0 2 7 1 2 7 0 2 7 1 2 7 0 2 7 17 18 2 0 2 7 17 9 2 0 2 7 0 2 7 0 2 4 1 2 7 13 6 3 0 2 7 1 2 11 1 2 7 0 2 7 1 2 7 1 2 7 1 2 7 5 31 3 1 2 7 17 18 2 1 2 7 1 2 7 17 18 2 16 6 2 5 31 3 5 31 3 1 2 7 0 2 7 0 2 7 0 2 7 0 2 7 0 2 7 0 2 7 0 40.0670827627182007
0 2 7 1 2 7 0 2 7 1 2 4 1 2 7 1 2 7 0 2 7 0 2 7 0 2 7 17 18 2 0 2 4 17 9 2 5 31 3 0 2 7 0 2 7 1 2 7 13 6 3 1 2 4 5 30 3 0 2 4 0 2 3 1 2 7 17 18 2 1 2 7 1 2 7 0 2 7 0 2 7 1 2 7 16 6 2 0 2 7 0 2 7 17 9 2 0 2 7 5 31 3 0 2 7 0 2 7 1 2 4 1 2 7 5 30 3 0 2 7 0 40.148398756980896
1 2 7 0 2 7 1 2 7 0 2 7 0 2 7 0 2 7 1 2 7 0 2 7 1 2 7 0 2 7 1 2 7 16 6 2 17 9 2 0 2 7 0 2 7 5 31 3 5 31 3 1 2 7 5 31 3 17 9 2 0 2 7 0 2 4 0 2 7 0 2 7 1 2 7 0 2 7 5 31 3 1 2 7 6 2 7 1 2 7 0 2 7 0 2 7 1 2 7 17 18 2 0 2 4 0 2 7 0 2 7 16 6 2 1 2 4 0 2 4 0 40.4036498665809631
1 2 7 0 2 7 1 2 7 0 2 7 0 2 7 0 2 7 1 2 7 0 2 7 1 2 7 0 2 7 1 2 7 16 6 2 17 9 2 0 2 7 0 2 7 5 31 3 5 31 3 1 2 7 5 31 3 17 9 2 0 2 7 0 2 11 0 2 7 1 2 7 0 2 7 1 2 7 0 2 7 0 2 7 1 2 7 1 2 7 17 18 2 0 2 7 0 2 7 1 2 7 0 2 7 1 2 7 1 2 4 17 18 2 0 2 7 13 6 3 0 40.0670828819274902

MonoObjective Genetic Algorithm
Number of Evaluations = 0
Mutation Probability = 0
Crossover Probability = 1
Population Size = 10
Survival Selection Type = 16

Time =  9025.96362805366516

Current Evaluation = 2230
Front Size = 10
0 2 7 0 2 7 1 2 7 0 2 7 0 2 7 1 2 7 0 2 7 1 2 7 1 2 7 17 18 2 0 2 7 17 9 2 0 2 7 0 2 7 0 2 7 1 2 7 13 6 3 0 2 7 0 2 7 0 2 7 0 2 7 1 2 7 1 2 7 1 2 7 5 31 3 1 2 7 17 9 2 1 2 7 1 2 7 17 18 2 16 6 2 5 31 3 0 2 7 1 2 4 0 2 7 0 2 7 0 2 7 5 31 3 1 2 11 0 2 7 0 40.0670827627182007
0 2 7 1 2 7 0 2 7 1 2 7 0 2 7 1 2 7 0 2 7 17 18 2 1 2 7 17 9 2 5 31 3 0 2 7 0 2 7 1 2 7 13 6 3 1 2 7 17 9 2 0 2 7 0 2 7 0 2 7 0 2 7 1 2 7 16 6 2 0 2 7 0 2 7 17 9 2 0 2 4 5 31 3 1 2 7 1 2 7 1 2 7 1 2 11 0 2 7 1 2 7 0 2 7 0 2 7 0 2 7 5 31 3 0 2 7 1 2 7 0 40.0670827627182007
0 2 4 1 2 7 0 2 7 1 2 7 1 2 7 1 2 7 0 2 7 0 2 7 0 2 7 17 18 2 0 2 7 17 9 2 5 31 3 0 2 7 0 2 7 1 2 7 13 6 3 0 2 4 1 2 7 5 31 3 0 2 7 0 2 7 0 2 4 1 2 7 0 2 4 17 18 2 1 2 7 1 2 7 1 2 3 0 2 7 0 2 7 0 2 4 1 2 7 5 30 3 5 30 3 16 6 2 0 2 7 0 2 7 17 9 2 1 2 7 0 40.148398756980896
0 2 7 0 2 7 1 2 7 1 2 7 0 2 7 1 2 7 0 2 7 1 2 4 0 2 7 1 2 7 17 18 2 0 2 7 17 9 2 0 2 7 0 2 7 0 2 7 1 2 7 13 6 3 0 2 7 0 2 7 0 2 7 0 2 7 1 2 7 1 2 7 1 2 7 5 31 3 1 2 7 1 2 7 1 2 7 17 18 2 16 6 2 0 2 7 0 2 7 0 2 7 5 31 3 5 31 3 0 2 7 1 2 11 0 2 7 17 18 2 0 40.0670827627182007
0 2 7 12 16 2 0 2 4 0 2 7 0 2 3 0 2 3 1 2 7 0 2 3 1 2 7 1 2 7 0 2 7 0 2 3 1 2 7 1 2 7 0 2 7 1 2 7 1 2 7 16 6 2 16 6 2 0 2 3 16 6 2 17 9 2 0 2 4 0 2 7 5 30 3 6 2 7 0 2 7 5 31 3 1 2 4 0 2 4 5 31 3 0 2 4 1 2 7 5 31 3 17 9 2 0 2 4 0 2 3 0 2 7 0 2 7 0 2 7 0 40.9484818577766418
0 2 7 0 2 7 1 2 7 1 2 7 1 2 7 0 2 7 1 2 7 1 2 7 0 2 7 1 2 7 1 2 7 16 6 2 16 6 2 17 9 2 0 2 7 5 30 3 0 2 7 5 31 3 5 31 3 1 2 7 5 31 3 17 9 2 0 2 7 0 2 7 0 2 7 12 16 2 0 2 7 0 2 7 0 2 7 0 2 7 0 2 7 0 2 3 0 2 7 16 31 2 1 2 7 6 2 4 0 2 4 0 2 4 1 2 7 0 2 7 0 40.502831757068634
0 2 7 0 2 7 1 2 7 0 2 7 0 2 7 1 2 7 0 2 7 1 2 7 0 2 7 17 18 2 0 2 7 17 9 2 0 2 7 0 2 7 0 2 4 1 2 7 13 6 3 0 2 7 1 2 11 1 2 7 0 2 7 1 2 7 1 2 7 1 2 7 5 31 3 1 2 7 17 18 2 1 2 7 1 2 7 17 18 2 16 6 2 5 31 3 5 31 3 1 2 7 0 2 7 0 2 7 0 2 7 0 2 7 0 2 7 0 2 7 0 40.0670827627182007
0 2 7 1 2 7 0 2 7 1 2 4 1 2 7 1 2 7 0 2 7 0 2 7 0 2 7 17 18 2 0 2 4 17 9 2 5 31 3 0 2 7 0 2 7 1 2 7 13 6 3 1 2 4 5 30 3 0 2 4 0 2 3 1 2 7 17 18 2 1 2 7 1 2 7 0 2 7 0 2 7 1 2 7 16 6 2 0 2 7 0 2 7 17 9 2 0 2 7 5 31 3 0 2 7 0 2 7 1 2 4 1 2 7 5 30 3 0 2 7 0 40.148398756980896
1 2 7 0 2 7 1 2 7 0 2 7 0 2 7 0 2 7 1 2 7 0 2 7 1 2 7 0 2 7 1 2 7 16 6 2 17 9 2 0 2 7 0 2 7 5 31 3 5 31 3 1 2 7 5 31 3 17 9 2 0 2 7 0 2 4 0 2 7 0 2 7 1 2 7 0 2 7 5 31 3 1 2 7 6 2 7 1 2 7 0 2 7 0 2 7 1 2 7 17 18 2 0 2 4 0 2 7 0 2 7 16 6 2 1 2 4 0 2 4 0 40.4036498665809631
1 2 7 0 2 7 1 2 7 0 2 7 0 2 7 0 2 7 1 2 7 0 2 7 1 2 7 0 2 7 1 2 7 16 6 2 17 9 2 0 2 7 0 2 7 5 31 3 5 31 3 1 2 7 5 31 3 17 9 2 0 2 7 0 2 11 0 2 7 1 2 7 0 2 7 1 2 7 0 2 7 0 2 7 1 2 7 1 2 7 17 18 2 0 2 7 0 2 7 1 2 7 0 2 7 1 2 7 1 2 4 17 18 2 0 2 7 13 6 3 0 40.0670828819274902

